"GAME_ID","AWAY_TEAM_ID","INN_CT","BAT_HOME_ID","OUTS_CT","BALLS_CT","STRIKES_CT","PITCH_SEQ_TX","AWAY_SCORE_CT","HOME_SCORE_CT","BAT_ID","BAT_HAND_CD","RESP_BAT_ID","RESP_BAT_HAND_CD","PIT_ID","PIT_HAND_CD","RESP_PIT_ID","RESP_PIT_HAND_CD","POS2_FLD_ID","POS3_FLD_ID","POS4_FLD_ID","POS5_FLD_ID","POS6_FLD_ID","POS7_FLD_ID","POS8_FLD_ID","POS9_FLD_ID","BASE1_RUN_ID","BASE2_RUN_ID","BASE3_RUN_ID","EVENT_TX","LEADOFF_FL","PH_FL","BAT_FLD_CD","BAT_LINEUP_ID","EVENT_CD","BAT_EVENT_FL","AB_FL","H_CD","SH_FL","SF_FL","EVENT_OUTS_CT","DP_FL","TP_FL","RBI_CT","WP_FL","PB_FL","FLD_CD","BATTEDBALL_CD","BUNT_FL","FOUL_FL","BATTEDBALL_LOC_TX","ERR_CT","ERR1_FLD_CD","ERR1_CD","ERR2_FLD_CD","ERR2_CD","ERR3_FLD_CD","ERR3_CD","BAT_DEST_ID","RUN1_DEST_ID","RUN2_DEST_ID","RUN3_DEST_ID","BAT_PLAY_TX","RUN1_PLAY_TX","RUN2_PLAY_TX","RUN3_PLAY_TX","RUN1_SB_FL","RUN2_SB_FL","RUN3_SB_FL","RUN1_CS_FL","RUN2_CS_FL","RUN3_CS_FL","RUN1_PK_FL","RUN2_PK_FL","RUN3_PK_FL","RUN1_RESP_PIT_ID","RUN2_RESP_PIT_ID","RUN3_RESP_PIT_ID","GAME_NEW_FL","GAME_END_FL","PR_RUN1_FL","PR_RUN2_FL","PR_RUN3_FL","REMOVED_FOR_PR_RUN1_ID","REMOVED_FOR_PR_RUN2_ID","REMOVED_FOR_PR_RUN3_ID","REMOVED_FOR_PH_BAT_ID","REMOVED_FOR_PH_BAT_FLD_CD","PO1_FLD_CD","PO2_FLD_CD","PO3_FLD_CD","ASS1_FLD_CD","ASS2_FLD_CD","ASS3_FLD_CD","ASS4_FLD_CD","ASS5_FLD_CD","EVENT_ID","HOME_TEAM_ID","BAT_TEAM_ID","FLD_TEAM_ID","BAT_LAST_ID","INN_NEW_FL","INN_END_FL","START_BAT_SCORE_CT","START_FLD_SCORE_CT","INN_RUNS_CT","GAME_PA_CT","INN_PA_CT","PA_NEW_FL","PA_TRUNC_FL","START_BASES_CD","END_BASES_CD","BAT_START_FL","RESP_BAT_START_FL","BAT_ON_DECK_ID","BAT_IN_HOLD_ID","PIT_START_FL","RESP_PIT_START_FL","RUN1_FLD_CD","RUN1_LINEUP_CD","RUN1_ORIGIN_EVENT_ID","RUN2_FLD_CD","RUN2_LINEUP_CD","RUN2_ORIGIN_EVENT_ID","RUN3_FLD_CD","RUN3_LINEUP_CD","RUN3_ORIGIN_EVENT_ID","RUN1_RESP_CAT_ID","RUN2_RESP_CAT_ID","RUN3_RESP_CAT_ID","PA_BALL_CT","PA_CALLED_BALL_CT","PA_INTENT_BALL_CT","PA_PITCHOUT_BALL_CT","PA_HITBATTER_BALL_CT","PA_OTHER_BALL_CT","PA_STRIKE_CT","PA_CALLED_STRIKE_CT","PA_SWINGMISS_STRIKE_CT","PA_FOUL_STRIKE_CT","PA_INPLAY_STRIKE_CT","PA_OTHER_STRIKE_CT","EVENT_RUNS_CT","FLD_ID","BASE2_FORCE_FL","BASE3_FORCE_FL","BASE4_FORCE_FL","BAT_SAFE_ERR_FL","BAT_FATE_ID","RUN1_FATE_ID","RUN2_FATE_ID","RUN3_FATE_ID","FATE_RUNS_CT","ASS6_FLD_CD","ASS7_FLD_CD","ASS8_FLD_CD","ASS9_FLD_CD","ASS10_FLD_CD","UNKNOWN_OUT_EXC_FL","UNCERTAIN_PLAY_EXC_FL","FILENAME_TX","LINE_NUMBER_CT"
"NY1192404150","BRO",1,0,0,0,2,"CFX",0,0,"neisb101","?","neisb101","?","ryanr101","?","ryanr101","?","snydf101","kellg101","frisf101","grohh101","jackt101","meusi101","soutb101","younr101","","","","D9/L9L","T","F",8,1,21,"T","T",2,"F","F",0,"F","F",0,"F","F",9,"L","F","F","9L",0,0,"N",0,"N",0,"N",2,0,0,0,"","","","","F","F","F","F","F","F","F","F","F","","","","T","F","F","F","F","","","","",0,0,0,0,0,0,0,0,0,1,"NY1","BRO","NY1",0,"T","F",0,0,0,0,0,"T","F",0,2,"T","T","johnj107","wheaz101","T","T",0,0,0,0,0,0,0,0,0,"","","",0,0,0,0,0,0,3,1,0,1,1,0,0,"younr101","F","F","F","F",4,0,0,0,1,0,0,0,0,0,F,F,"1924NY1.EVN.regular.event.csv",2
"NY1192404150","BRO",1,0,0,0,0,"X",0,0,"johnj107","?","johnj107","?","ryanr101","?","ryanr101","?","snydf101","kellg101","frisf101","grohh101","jackt101","meusi101","soutb101","younr101","","neisb101","","S9/9L.2-3","F","F",5,2,20,"T","T",1,"F","F",0,"F","F",0,"F","F",9,"","F","F","9L",0,0,"N",0,"N",0,"N",1,0,3,0,"","","","","F","F","F","F","F","F","F","F","F","","ryanr101","","F","F","F","F","F","","","","",0,0,0,0,0,0,0,0,0,2,"NY1","BRO","NY1",0,"F","F",0,0,0,1,1,"T","F",2,5,"T","T","wheaz101","fourj101","T","T",0,0,0,8,1,1,0,0,0,"","snydf101","",0,0,0,0,0,0,1,0,0,0,1,0,0,"younr101","F","F","F","F",0,0,4,0,1,0,0,0,0,0,F,F,"1924NY1.EVN.regular.event.csv",3
"NY1192404150","BRO",1,0,0,0,0,"",0,0,"wheaz101","?","wheaz101","?","ryanr101","?","ryanr101","?","snydf101","kellg101","frisf101","grohh101","jackt101","meusi101","soutb101","younr101","johnj107","","neisb101","9/SF.3-H","F","F",7,3,2,"T","F",0,"F","T",1,"F","F",1,"F","F",9,"F","F","F","",0,0,"N",0,"N",0,"N",0,1,0,4,"9","","","","F","F","F","F","F","F","F","F","F","ryanr101","","ryanr101","F","F","F","F","F","","","","",0,9,0,0,0,0,0,0,0,3,"NY1","BRO","NY1",0,"F","F",0,0,0,2,2,"T","F",5,1,"T","T","fourj101","grift102","T","T",5,2,2,0,0,0,8,1,1,"snydf101","","snydf101",0,0,0,0,0,0,0,0,0,0,0,0,1,"younr101","F","F","F","F",0,0,0,4,0,0,0,0,0,0,F,F,"1924NY1.EVN.regular.event.csv",4
"NY1192404150","BRO",1,0,1,0,0,"",1,0,"fourj101","?","fourj101","?","ryanr101","?","ryanr101","?","snydf101","kellg101","frisf101","grohh101","jackt101","meusi101","soutb101","younr101","johnj107","","","4(1)3/GDP","F","F",3,4,2,"T","T",0,"F","F",2,"T","F",0,"F","F",4,"G","F","F","",0,0,"N",0,"N",0,"N",0,0,0,0,"43","4","","","F","F","F","F","F","F","F","F","F","ryanr101","","","F","F","F","F","F","","","","",0,4,3,0,4,0,0,0,0,4,"NY1","BRO","NY1",0,"F","T",1,0,1,3,3,"T","F",1,0,"T","T","grift102","klugj101","T","T",5,2,2,0,0,0,0,0,0,"snydf101","","",0,0,0,0,0,0,0,0,0,0,0,0,0,"frisf101","T","F","F","F",0,0,0,0,0,0,0,0,0,0,F,F,"1924NY1.EVN.regular.event.csv",5
"NY1192404150","BRO",1,1,0,0,0,"",1,0,"soutb101","?","soutb101","?","ruetd101","?","ruetd101","?","debeh101","fourj101","klugj101","johnj107","joneb104","wheaz101","neisb101","grift102","","","","13","T","F",8,1,2,"T","T",0,"F","F",1,"F","F",0,"F","F",1,"G","F","F","",0,0,"N",0,"N",0,"N",0,0,0,0,"13","","","","F","F","F","F","F","F","F","F","F","","","","F","F","F","F","F","","","","",0,3,0,0,1,0,0,0,0,5,"NY1","NY1","BRO",1,"T","F",0,1,0,0,0,"T","F",0,0,"T","T","grohh101","frisf101","T","T",0,0,0,0,0,0,0,0,0,"","","",0,0,0,0,0,0,0,0,0,0,0,0,0,"ruetd101","F","F","F","F",0,0,0,0,0,0,0,0,0,0,F,F,"1924NY1.EVN.regular.event.csv",6
"NY1192404150","BRO",1,1,1,0,0,"",1,0,"grohh101","?","grohh101","?","ruetd101","?","ruetd101","?","debeh101","fourj101","klugj101","johnj107","joneb104","wheaz101","neisb101","grift102","","","","3/G","F","F",5,2,2,"T","T",0,"F","F",1,"F","F",0,"F","F",3,"G","F","F","",0,0,"N",0,"N",0,"N",0,0,0,0,"3","","","","F","F","F","F","F","F","F","F","F","","","","F","F","F","F","F","","","","",0,3,0,0,0,0,0,0,0,6,"NY1","NY1","BRO",1,"F","F",0,1,0,1,1,"T","F",0,0,"T","T","frisf101","younr101","T","T",0,0,0,0,0,0,0,0,0,"","","",0,0,0,0,0,0,0,0,0,0,0,0,0,"fourj101","F","F","F","F",0,0,0,0,0,0,0,0,0,0,F,F,"1924NY1.EVN.regular.event.csv",7
"NY1192404150","BRO",1,1,2,0,0,"",1,0,"frisf101","?","frisf101","?","ruetd101","?","ruetd101","?","debeh101","fourj101","klugj101","johnj107","joneb104","wheaz101","neisb101","grift102","","","","8/F8D","F","F",4,3,2,"T","T",0,"F","F",1,"F","F",0,"F","F",8,"F","F","F","8D",0,0,"N",0,"N",0,"N",0,0,0,0,"8","","","","F","F","F","F","F","F","F","F","F","","","","F","F","F","F","F","","","","",0,8,0,0,0,0,0,0,0,7,"NY1","NY1","BRO",1,"F","T",0,1,0,2,2,"T","F",0,0,"T","T","younr101","meusi101","T","T",0,0,0,0,0,0,0,0,0,"","","",0,0,0,0,0,0,0,0,0,0,0,0,0,"neisb101","F","F","F","F",0,0,0,0,0,0,0,0,0,0,F,F,"1924NY1.EVN.regular.event.csv",8
"NY1192404150","BRO",2,0,0,0,0,"",1,0,"grift102","?","grift102","?","ryanr101","?","ryanr101","?","snydf101","kellg101","frisf101","grohh101","jackt101","meusi101","soutb101","younr101","","","","S9/L9L","T","F",9,5,20,"T","T",1,"F","F",0,"F","F",0,"F","F",9,"L","F","F","9L",0,0,"N",0,"N",0,"N",1,0,0,0,"","","","","F","F","F","F","F","F","F","F","F","","","","F","F","F","F","F","","","","",0,0,0,0,0,0,0,0,0,8,"NY1","BRO","NY1",0,"T","F",1,0,0,4,0,"T","F",0,1,"T","T","klugj101","joneb104","T","T",0,0,0,0,0,0,0,0,0,"","","",0,0,0,0,0,0,0,0,0,0,0,0,0,"younr101","F","F","F","F",0,0,0,0,0,0,0,0,0,0,F,F,"1924NY1.EVN.regular.event.csv",9
"NY1192404150","BRO",2,0,0,0,0,"",1,0,"klugj101","?","klugj101","?","ryanr101","?","ryanr101","?","snydf101","kellg101","frisf101","grohh101","jackt101","meusi101","soutb101","younr101","grift102","","","1/BP","F","F",4,6,2,"T","T",0,"F","F",1,"F","F",0,"F","F",1,"P","T","F","",0,0,"N",0,"N",0,"N",0,1,0,0,"1","","","","F","F","F","F","F","F","F","F","F","ryanr101","","","F","F","F","F","F","","","","",0,1,0,0,0,0,0,0,0,9,"NY1","BRO","NY1",0,"F","F",1,0,0,5,1,"T","F",1,1,"T","T","joneb104","debeh101","T","T",9,5,8,0,0,0,0,0,0,"snydf101","","",0,0,0,0,0,0,0,0,0,0,0,0,0,"ryanr101","F","F","F","F",0,0,0,0,0,0,0,0,0,0,F,F,"1924NY1.EVN.regular.event.csv",10
"NY1192404150","BRO",2,0,1,0,0,"",1,0,"joneb104","?","joneb104","?","ryanr101","?","ryanr101","?","snydf101","kellg101","frisf101","grohh101","jackt101","meusi101","soutb101","younr101","grift102","","","8/F89S","F","F",6,7,2,"T","T",0,"F","F",1,"F","F",0,"F","F",8,"F","F","F","89S",0,0,"N",0,"N",0,"N",0,1,0,0,"8","","","","F","F","F","F","F","F","F","F","F","ryanr101","","","F","F","F","F","F","","","","",0,8,0,0,0,0,0,0,0,10,"NY1","BRO","NY1",0,"F","F",1,0,0,6,2,"T","F",1,1,"T","T","debeh101","ruetd101","T","T",9,5,8,0,0,0,0,0,0,"snydf101","","",0,0,0,0,0,0,0,0,0,0,0,0,0,"soutb101","F","F","F","F",0,0,0,0,0,0,0,0,0,0,F,F,"1924NY1.EVN.regular.event.csv",11
"NY1192404150","BRO",2,0,2,0,0,"",1,0,"debeh101","?","debeh101","?","ryanr101","?","ryanr101","?","snydf101","kellg101","frisf101","grohh101","jackt101","meusi101","soutb101","younr101","grift102","","","D7/7D.1-3","F","F",2,8,21,"T","T",2,"F","F",0,"F","F",0,"F","F",7,"","F","F","7D",0,0,"N",0,"N",0,"N",2,3,0,0,"","","","","F","F","F","F","F","F","F","F","F","ryanr101","","","F","F","F","F","F","","","","",0,0,0,0,0,0,0,0,0,11,"NY1","BRO","NY1",0,"F","F",1,0,0,7,3,"T","F",1,6,"T","T","ruetd101","neisb101","T","T",9,5,8,0,0,0,0,0,0,"snydf101","","",0,0,0,0,0,0,0,0,0,0,0,0,0,"meusi101","F","F","F","F",0,0,0,0,0,0,0,0,0,0,F,F,"1924NY1.EVN.regular.event.csv",12
"NY1192404150","BRO",2,0,2,0,0,"",1,0,"ruetd101","?","ruetd101","?","ryanr101","?","ryanr101","?","snydf101","kellg101","frisf101","grohh101","jackt101","meusi101","soutb101","younr101","","debeh101","grift102","43","F","F",1,9,2,"T","T",0,"F","F",1,"F","F",0,"F","F",4,"G","F","F","",0,0,"N",0,"N",0,"N",0,0,2,3,"43","","","","F","F","F","F","F","F","F","F","F","","ryanr101","ryanr101","F","F","F","F","F","","","","",0,3,0,0,4,0,0,0,0,12,"NY1","BRO","NY1",0,"F","T",1,0,0,8,4,"T","F",6,6,"T","T","neisb101","johnj107","T","T",0,0,0,2,8,11,9,5,8,"","snydf101","snydf101",0,0,0,0,0,0,0,0,0,0,0,0,0,"frisf101","F","F","F","F",0,0,0,0,0,0,0,0,0,0,F,F,"1924NY1.EVN.regular.event.csv",13
"NY1192404150","BRO",2,1,0,0,0,"",1,0,"younr101","?","younr101","?","ruetd101","?","ruetd101","?","debeh101","fourj101","klugj101","johnj107","joneb104","wheaz101","neisb101","grift102","","","","53","T","F",9,4,2,"T","T",0,"F","F",1,"F","F",0,"F","F",5,"G","F","F","",0,0,"N",0,"N",0,"N",0,0,0,0,"53","","","","F","F","F","F","F","F","F","F","F","","","","F","F","F","F","F","","","","",0,3,0,0,5,0,0,0,0,13,"NY1","NY1","BRO",1,"T","F",0,1,0,3,0,"T","F",0,0,"T","T","meusi101","kellg101","T","T",0,0,0,0,0,0,0,0,0,"","","",0,0,0,0,0,0,0,0,0,0,0,0,0,"johnj107","F","F","F","F",0,0,0,0,0,0,0,0,0,0,F,F,"1924NY1.EVN.regular.event.csv",14
"NY1192404150","BRO",2,1,1,0,0,"",1,0,"meusi101","?","meusi101","?","ruetd101","?","ruetd101","?","debeh101","fourj101","klugj101","johnj107","joneb104","wheaz101","neisb101","grift102","","","","4/P4D","F","F",7,5,2,"T","T",0,"F","F",1,"F","F",0,"F","F",4,"P","F","F","4D",0,0,"N",0,"N",0,"N",0,0,0,0,"4","","","","F","F","F","F","F","F","F","F","F","","","","F","F","F","F","F","","","","",0,4,0,0,0,0,0,0,0,14,"NY1","NY1","BRO",1,"F","F",0,1,0,4,1,"T","F",0,0,"T","T","kellg101","jackt101","T","T",0,0,0,0,0,0,0,0,0,"","","",0,0,0,0,0,0,0,0,0,0,0,0,0,"klugj101","F","F","F","F",0,0,0,0,0,0,0,0,0,0,F,F,"1924NY1.EVN.regular.event.csv",15
"NY1192404150","BRO",2,1,2,0,0,"",1,0,"kellg101","?","kellg101","?","ruetd101","?","ruetd101","?","debeh101","fourj101","klugj101","johnj107","joneb104","wheaz101","neisb101","grift102","","","","W","F","F",3,6,14,"T","F",0,"F","F",0,"F","F",0,"F","F",0,"","F","F","",0,0,"N",0,"N",0,"N",1,0,0,0,"","","","","F","F","F","F","F","F","F","F","F","","","","F","F","F","F","F","","","","",0,0,0,0,0,0,0,0,0,15,"NY1","NY1","BRO",1,"F","F",0,1,0,5,2,"T","F",0,1,"T","T","jackt101","snydf101","T","T",0,0,0,0,0,0,0,0,0,"","","",0,0,0,0,0,0,0,0,0,0,0,0,0,"","F","F","F","F",0,0,0,0,0,0,0,0,0,0,F,F,"1924NY1.EVN.regular.event.csv",16
"NY1192404150","BRO",2,1,2,0,0,"",1,0,"jackt101","?","jackt101","?","ruetd101","?","ruetd101","?","debeh101","fourj101","klugj101","johnj107","joneb104","wheaz101","neisb101","grift102","kellg101","","","S/F78S.1-3","F","F",6,7,20,"T","T",1,"F","F",0,"F","F",0,"F","F",0,"F","F","F","78S",0,0,"N",0,"N",0,"N",1,3,0,0,"","","","","F","F","F","F","F","F","F","F","F","ruetd101","","","F","F","F","F","F","","","","",0,0,0,0,0,0,0,0,0,16,"NY1","NY1","BRO",1,"F","F",0,1,0,6,3,"T","F",1,5,"T","T","snydf101","ryanr101","T","T",3,6,15,0,0,0,0,0,0,"debeh101","","",0,0,0,0,0,0,0,0,0,0,0,0,0,"","F","F","F","F",0,0,0,0,0,0,0,0,0,0,F,F,"1924NY1.EVN.regular.event.csv",17
"NY1192404150","BRO",2,1,2,0,0,"",1,0,"snydf101","?","snydf101","?","ruetd101","?","ruetd101","?","debeh101","fourj101","klugj101","johnj107","joneb104","wheaz101","neisb101","grift102","jackt101","","kellg101","63","F","F",2,8,2,"T","T",0,"F","F",1,"F","F",0,"F","F",6,"G","F","F","",0,0,"N",0,"N",0,"N",0,1,0,3,"63","","","","F","F","F","F","F","F","F","F","F","ruetd101","","ruetd101","F","F","F","F","F","","","","",0,3,0,0,6,0,0,0,0,17,"NY1","NY1","BRO",1,"F","T",0,1,0,7,4,"T","F",5,5,"T","T","ryanr101","soutb101","T","T",6,7,16,0,0,0,3,6,15,"debeh101","","debeh101",0,0,0,0,0,0,0,0,0,0,0,0,0,"joneb104","F","F","F","F",0,0,0,0,0,0,0,0,0,0,F,F,"1924NY1.EVN.regular.event.csv",18
"NY1192404150","BRO",3,0,0,0,0,"",1,0,"neisb101","?","neisb101","?","ryanr101","?","ryanr101","?","snydf101","kellg101","frisf101","grohh101","jackt101","meusi101","soutb101","younr101","","","","6/P6D","T","F",8,1,2,"T","T",0,"F","F",1,"F","F",0,"F","F",6,"P","F","F","6D",0,0,"N",0,"N",0,"N",0,0,0,0,"6","","","","F","F","F","F","F","F","F","F","F","","","","F","F","F","F","F","","","","",0,6,0,0,0,0,0,0,0,18,"NY1","BRO","NY1",0,"T","F",1,0,0,9,0,"T","F",0,0,"T","T","johnj107","wheaz101","T","T",0,0,0,0,0,0,0,0,0,"","","",0,0,0,0,0,0,0,0,0,0,0,0,0,"jackt101","F","F","F","F",0,0,0,0,1,0,0,0,0,0,F,F,"1924NY1.EVN.regular.event.csv",19
"NY1192404150","BRO",3,0,1,0,0,"",1,0,"johnj107","?","johnj107","?","ryanr101","?","ryanr101","?","snydf101","kellg101","frisf101","grohh101","jackt101","meusi101","soutb101","younr101","","","","D7/F","F","F",5,2,21,"T","T",2,"F","F",0,"F","F",0,"F","F",7,"F","F","F","",0,0,"N",0,"N",0,"N",2,0,0,0,"","","","","F","F","F","F","F","F","F","F","F","","","","F","F","F","F","F","","","","",0,0,0,0,0,0,0,0,0,19,"NY1","BRO","NY1",0,"F","F",1,0,0,10,1,"T","F",0,2,"T","T","wheaz101","fourj101","T","T",0,0,0,0,0,0,0,0,0,"","","",0,0,0,0,0,0,0,0,0,0,0,0,0,"meusi101","F","F","F","F",4,0,0,0,1,0,0,0,0,0,F,F,"1924NY1.EVN.regular.event.csv",20
"NY1192404150","BRO",3,0,1,0,0,"",1,0,"wheaz101","?","wheaz101","?","ryanr101","?","ryanr101","?","snydf101","kellg101","frisf101","grohh101","jackt101","meusi101","soutb101","younr101","","johnj107","","S8/G4M.2-H","F","F",7,3,20,"T","T",1,"F","F",0,"F","F",1,"F","F",8,"G","F","F","4M",0,0,"N",0,"N",0,"N",1,0,4,0,"","","","","F","F","F","F","F","F","F","F","F","","ryanr101","","F","F","F","F","F","","","","",0,0,0,0,0,0,0,0,0,20,"NY1","BRO","NY1",0,"F","F",1,0,0,11,2,"T","F",2,1,"T","T","fourj101","grift102","T","T",0,0,0,5,2,19,0,0,0,"","snydf101","",0,0,0,0,0,0,0,0,0,0,0,0,1,"soutb101","F","F","F","F",0,0,4,0,0,0,0,0,0,0,F,F,"1924NY1.EVN.regular.event.csv",21
"NY1192404150","BRO",3,0,1,0,0,"",2,0,"fourj101","?","fourj101","?","ryanr101","?","ryanr101","?","snydf101","kellg101","frisf101","grohh101","jackt101","meusi101","soutb101","younr101","wheaz101","","","S7/F7S.1-2","F","F",3,4,20,"T","T",1,"F","F",0,"F","F",0,"F","F",7,"F","F","F","7S",0,0,"N",0,"N",0,"N",1,2,0,0,"","","","","F","F","F","F","F","F","F","F","F","ryanr101","","","F","F","F","F","F","","","","",0,0,0,0,0,0,0,0,0,21,"NY1","BRO","NY1",0,"F","F",2,0,1,12,3,"T","F",1,3,"T","T","grift102","klugj101","T","T",7,3,20,0,0,0,0,0,0,"snydf101","","",0,0,0,0,0,0,0,0,0,0,0,0,0,"meusi101","F","F","F","F",0,0,0,0,0,0,0,0,0,0,F,F,"1924NY1.EVN.regular.event.csv",22
"NY1192404150","BRO",3,0,1,0,0,"",2,0,"grift102","?","grift102","?","ryanr101","?","ryanr101","?","snydf101","kellg101","frisf101","grohh101","jackt101","meusi101","soutb101","younr101","fourj101","wheaz101","","8/F78S","F","F",9,5,2,"T","T",0,"F","F",1,"F","F",0,"F","F",8,"F","F","F","78S",0,0,"N",0,"N",0,"N",0,1,2,0,"8","","","","F","F","F","F","F","F","F","F","F","ryanr101","ryanr101","","F","F","F","F","F","","","","",0,8,0,0,0,0,0,0,0,22,"NY1","BRO","NY1",0,"F","F",2,0,1,13,4,"T","F",3,3,"T","T","klugj101","joneb104","T","T",3,4,21,7,3,20,0,0,0,"snydf101","snydf101","",0,0,0,0,0,0,0,0,0,0,0,0,0,"soutb101","F","F","F","F",0,0,0,0,0,0,0,0,0,0,F,F,"1924NY1.EVN.regular.event.csv",23
"NY1192404150","BRO",3,0,2,0,0,"",2,0,"klugj101","?","klugj101","?","ryanr101","?","ryanr101","?","snydf101","kellg101","frisf101","grohh101","jackt101","meusi101","soutb101","younr101","fourj101","wheaz101","","9/F","F","F",4,6,2,"T","T",0,"F","F",1,"F","F",0,"F","F",9,"F","F","F","",0,0,"N",0,"N",0,"N",0,1,2,0,"9","","","","F","F","F","F","F","F","F","F","F","ryanr101","ryanr101","","F","F","F","F","F","","","","",0,9,0,0,0,0,0,0,0,23,"NY1","BRO","NY1",0,"F","T",2,0,1,14,5,"T","F",3,3,"T","T","joneb104","debeh101","T","T",3,4,21,7,3,20,0,0,0,"snydf101","snydf101","",0,0,0,0,0,0,0,0,0,0,0,0,0,"younr101","F","F","F","F",0,0,0,0,0,0,0,0,0,0,F,F,"1924NY1.EVN.regular.event.csv",24
"NY1192404150","BRO",3,1,0,0,0,"",2,0,"ryanr101","?","ryanr101","?","ruetd101","?","ruetd101","?","debeh101","fourj101","klugj101","johnj107","joneb104","wheaz101","neisb101","grift102","","","","K/C","T","F",1,9,3,"T","T",0,"F","F",1,"F","F",0,"F","F",0,"","F","F","",0,0,"N",0,"N",0,"N",0,0,0,0,"2","","","","F","F","F","F","F","F","F","F","F","","","","F","F","F","F","F","","","","",0,2,0,0,0,0,0,0,0,24,"NY1","NY1","BRO",1,"T","F",0,2,0,8,0,"T","F",0,0,"T","T","soutb101","grohh101","T","T",0,0,0,0,0,0,0,0,0,"","","",0,0,0,0,0,0,0,0,0,0,0,0,0,"","F","F","F","F",0,0,0,0,0,0,0,0,0,0,F,F,"1924NY1.EVN.regular.event.csv",25
"NY1192404150","BRO",3,1,1,0,0,"",2,0,"soutb101","?","soutb101","?","ruetd101","?","ruetd101","?","debeh101","fourj101","klugj101","johnj107","joneb104","wheaz101","neisb101","grift102","","","","2/FL","F","F",8,1,2,"T","T",0,"F","F",1,"F","F",0,"F","F",2,"F","F","T","",0,0,"N",0,"N",0,"N",0,0,0,0,"2","","","","F","F","F","F","F","F","F","F","F","","","","F","F","F","F","F","","","","",0,2,0,0,0,0,0,0,0,25,"NY1","NY1","BRO",1,"F","F",0,2,0,9,1,"T","F",0,0,"T","T","grohh101","frisf101","T","T",0,0,0,0,0,0,0,0,0,"","","",0,0,0,0,0,0,0,0,0,0,0,0,0,"debeh101","F","F","F","F",0,0,0,0,0,0,0,0,0,0,F,F,"1924NY1.EVN.regular.event.csv",26
"NY1192404150","BRO",3,1,2,0,0,"",2,0,"grohh101","?","grohh101","?","ruetd101","?","ruetd101","?","debeh101","fourj101","klugj101","johnj107","joneb104","wheaz101","neisb101","grift102","","","","63","F","F",5,2,2,"T","T",0,"F","F",1,"F","F",0,"F","F",6,"G","F","F","",0,0,"N",0,"N",0,"N",0,0,0,0,"63","","","","F","F","F","F","F","F","F","F","F","","","","F","F","F","F","F","","","","",0,3,0,0,6,0,0,0,0,26,"NY1","NY1","BRO",1,"F","T",0,2,0,10,2,"T","F",0,0,"T","T","frisf101","younr101","T","T",0,0,0,0,0,0,0,0,0,"","","",0,0,0,0,0,0,0,0,0,0,0,0,0,"joneb104","F","F","F","F",0,0,0,0,0,0,0,0,0,0,F,F,"1924NY1.EVN.regular.event.csv",27
"NY1192404150","BRO",4,0,0,0,0,"",2,0,"joneb104","?","joneb104","?","ryanr101","?","ryanr101","?","snydf101","kellg101","frisf101","grohh101","jackt101","meusi101","soutb101","younr101","","","","3/P","T","F",6,7,2,"T","T",0,"F","F",1,"F","F",0,"F","F",3,"P","F","F","",0,0,"N",0,"N",0,"N",0,0,0,0,"3","","","","F","F","F","F","F","F","F","F","F","","","","F","F","F","F","F","","","","",0,3,0,0,0,0,0,0,0,27,"NY1","BRO","NY1",0,"T","F",2,0,0,15,0,"T","F",0,0,"T","T","debeh101","ruetd101","T","T",0,0,0,0,0,0,0,0,0,"","","",0,0,0,0,0,0,0,0,0,0,0,0,0,"kellg101","F","F","F","F",0,0,0,0,0,0,0,0,0,0,F,F,"1924NY1.EVN.regular.event.csv",28
"NY1192404150","BRO",4,0,1,0,0,"",2,0,"debeh101","?","debeh101","?","ryanr101","?","ryanr101","?","snydf101","kellg101","frisf101","grohh101","jackt101","meusi101","soutb101","younr101","","","","S7","F","F",2,8,20,"T","T",1,"F","F",0,"F","F",0,"F","F",7,"","F","F","",0,0,"N",0,"N",0,"N",1,0,0,0,"","","","","F","F","F","F","F","F","F","F","F","","","","F","F","F","F","F","","","","",0,0,0,0,0,0,0,0,0,28,"NY1","BRO","NY1",0,"F","F",2,0,0,16,1,"T","F",0,1,"T","T","ruetd101","neisb101","T","T",0,0,0,0,0,0,0,0,0,"","","",0,0,0,0,0,0,0,0,0,0,0,0,0,"meusi101","F","F","F","F",0,0,0,0,0,0,0,0,0,0,F,F,"1924NY1.EVN.regular.event.csv",29
"NY1192404150","BRO",4,0,1,0,0,"",2,0,"ruetd101","?","ruetd101","?","ryanr101","?","ryanr101","?","snydf101","kellg101","frisf101","grohh101","jackt101","meusi101","soutb101","younr101","debeh101","","","43.1-2","F","F",1,9,2,"T","T",0,"F","F",1,"F","F",0,"F","F",4,"G","F","F","",0,0,"N",0,"N",0,"N",0,2,0,0,"43","","","","F","F","F","F","F","F","F","F","F","ryanr101","","","F","F","F","F","F","","","","",0,3,0,0,4,0,0,0,0,29,"NY1","BRO","NY1",0,"F","F",2,0,0,17,2,"T","F",1,2,"T","T","neisb101","johnj107","T","T",2,8,28,0,0,0,0,0,0,"snydf101","","",0,0,0,0,0,0,0,0,0,0,0,0,0,"frisf101","F","F","F","F",0,0,0,0,0,0,0,0,0,0,F,F,"1924NY1.EVN.regular.event.csv",30
"NY1192404150","BRO",4,0,2,0,0,"",2,0,"neisb101","?","neisb101","?","ryanr101","?","ryanr101","?","snydf101","kellg101","frisf101","grohh101","jackt101","meusi101","soutb101","younr101","","debeh101","","43","F","F",8,1,2,"T","T",0,"F","F",1,"F","F",0,"F","F",4,"G","F","F","",0,0,"N",0,"N",0,"N",0,0,2,0,"43","","","","F","F","F","F","F","F","F","F","F","","ryanr101","","F","F","F","F","F","","","","",0,3,0,0,4,0,0,0,0,30,"NY1","BRO","NY1",0,"F","T",2,0,0,18,3,"T","F",2,2,"T","T","johnj107","wheaz101","T","T",0,0,0,2,8,28,0,0,0,"","snydf101","",0,0,0,0,0,0,0,0,0,0,0,0,0,"frisf101","F","F","F","F",0,0,0,0,0,0,0,0,0,0,F,F,"1924NY1.EVN.regular.event.csv",31
"NY1192404150","BRO",4,1,0,0,0,"",2,0,"frisf101","?","frisf101","?","ruetd101","?","ruetd101","?","debeh101","fourj101","klugj101","johnj107","joneb104","wheaz101","neisb101","grift102","","","","43","T","F",4,3,2,"T","T",0,"F","F",1,"F","F",0,"F","F",4,"G","F","F","",0,0,"N",0,"N",0,"N",0,0,0,0,"43","","","","F","F","F","F","F","F","F","F","F","","","","F","F","F","F","F","","","","",0,3,0,0,4,0,0,0,0,31,"NY1","NY1","BRO",1,"T","F",0,2,0,11,0,"T","F",0,0,"T","T","younr101","meusi101","T","T",0,0,0,0,0,0,0,0,0,"","","",0,0,0,0,0,0,0,0,0,0,0,0,0,"klugj101","F","F","F","F",0,0,0,0,0,0,0,0,0,0,F,F,"1924NY1.EVN.regular.event.csv",32
"NY1192404150","BRO",4,1,1,0,0,"",2,0,"younr101","?","younr101","?","ruetd101","?","ruetd101","?","debeh101","fourj101","klugj101","johnj107","joneb104","wheaz101","neisb101","grift102","","","","53","F","F",9,4,2,"T","T",0,"F","F",1,"F","F",0,"F","F",5,"G","F","F","",0,0,"N",0,"N",0,"N",0,0,0,0,"53","","","","F","F","F","F","F","F","F","F","F","","","","F","F","F","F","F","","","","",0,3,0,0,5,0,0,0,0,32,"NY1","NY1","BRO",1,"F","F",0,2,0,12,1,"T","F",0,0,"T","T","meusi101","kellg101","T","T",0,0,0,0,0,0,0,0,0,"","","",0,0,0,0,0,0,0,0,0,0,0,0,0,"johnj107","F","F","F","F",0,0,0,0,0,0,0,0,0,0,F,F,"1924NY1.EVN.regular.event.csv",33
"NY1192404150","BRO",4,1,2,0,0,"",2,0,"meusi101","?","meusi101","?","ruetd101","?","ruetd101","?","debeh101","fourj101","klugj101","johnj107","joneb104","wheaz101","neisb101","grift102","","","","K","F","F",7,5,3,"T","T",0,"F","F",1,"F","F",0,"F","F",0,"","F","F","",0,0,"N",0,"N",0,"N",0,0,0,0,"2","","","","F","F","F","F","F","F","F","F","F","","","","F","F","F","F","F","","","","",0,2,0,0,0,0,0,0,0,33,"NY1","NY1","BRO",1,"F","T",0,2,0,13,2,"T","F",0,0,"T","T","kellg101","jackt101","T","T",0,0,0,0,0,0,0,0,0,"","","",0,0,0,0,0,0,0,0,0,0,0,0,0,"","F","F","F","F",0,0,0,0,0,0,0,0,0,0,F,F,"1924NY1.EVN.regular.event.csv",34
"NY1192404150","BRO",5,0,0,0,0,"",2,0,"johnj107","?","johnj107","?","ryanr101","?","ryanr101","?","snydf101","kellg101","frisf101","grohh101","jackt101","meusi101","soutb101","younr101","","","","E8/L8S","T","F",5,2,18,"T","T",0,"F","F",0,"F","F",0,"F","F",8,"L","F","F","8S",1,8,"F",0,"N",0,"N",1,0,0,0,"","","","","F","F","F","F","F","F","F","F","F","","","","F","F","F","F","F","","","","",0,0,0,0,0,0,0,0,0,34,"NY1","BRO","NY1",0,"T","F",2,0,0,19,0,"T","F",0,1,"T","T","wheaz101","fourj101","T","T",0,0,0,0,0,0,0,0,0,"","","",0,0,0,0,0,0,0,0,0,0,0,0,0,"soutb101","F","F","F","T",5,0,0,0,1,0,0,0,0,0,F,F,"1924NY1.EVN.regular.event.csv",35
"NY1192404150","BRO",5,0,0,0,0,"",2,0,"wheaz101","?","wheaz101","?","ryanr101","?","ryanr101","?","snydf101","kellg101","frisf101","grohh101","jackt101","meusi101","soutb101","younr101","johnj107","","","D7/78D.1-H(UR)","F","F",7,3,21,"T","T",2,"F","F",0,"F","F",1,"F","F",7,"","F","F","78D",0,0,"N",0,"N",0,"N",2,5,0,0,"","","","","F","F","F","F","F","F","F","F","F","ryanr101","","","F","F","F","F","F","","","","",0,0,0,0,0,0,0,0,0,35,"NY1","BRO","NY1",0,"F","F",2,0,0,20,1,"T","F",1,2,"T","T","fourj101","grift102","T","T",5,2,34,0,0,0,0,0,0,"snydf101","","",0,0,0,0,0,0,0,0,0,0,0,0,1,"meusi101","F","F","F","F",3,5,0,0,0,0,0,0,0,0,F,F,"1924NY1.EVN.regular.event.csv",36
"NY1192404150","BRO",5,0,0,0,0,"",3,0,"fourj101","?","fourj101","?","geard101","?","geard101","?","snydf101","kellg101","frisf101","grohh101","jackt101","meusi101","soutb101","younr101","","wheaz101","","53/SH.2-3","F","F",3,4,2,"T","F",0,"T","F",1,"F","F",0,"F","F",5,"G","T","F","",0,0,"N",0,"N",0,"N",0,0,3,0,"53","","","","F","F","F","F","F","F","F","F","F","","ryanr101","","F","F","F","F","F","","","","",0,3,0,0,5,0,0,0,0,36,"NY1","BRO","NY1",0,"F","F",3,0,1,21,2,"T","F",2,4,"T","T","grift102","klugj101","F","F",0,0,0,7,3,35,0,0,0,"","snydf101","",0,0,0,0,0,0,0,0,0,0,0,0,0,"grohh101","F","F","F","F",0,0,3,0,0,0,0,0,0,0,F,F,"1924NY1.EVN.regular.event.csv",37
"NY1192404150","BRO",5,0,1,0,0,"",3,0,"bailg101","?","bailg101","?","geard101","?","geard101","?","snydf101","kellg101","frisf101","grohh101","jackt101","meusi101","soutb101","younr101","","","wheaz101","W","F","T",11,5,14,"T","F",0,"F","F",0,"F","F",0,"F","F",0,"","F","F","",0,0,"N",0,"N",0,"N",1,0,0,3,"","","","","F","F","F","F","F","F","F","F","F","","","ryanr101","F","F","F","F","F","","","","grift102",9,0,0,0,0,0,0,0,0,37,"NY1","BRO","NY1",0,"F","F",3,0,1,22,3,"T","F",4,5,"F","F","klugj101","joneb104","F","F",0,0,0,0,0,0,7,3,35,"","","snydf101",0,0,0,0,0,0,0,0,0,0,0,0,0,"","F","F","F","F",2,0,0,3,0,0,0,0,0,0,F,F,"1924NY1.EVN.regular.event.csv",38
"NY1192404150","BRO",5,0,1,0,0,"",3,0,"klugj101","?","klugj101","?","geard101","?","geard101","?","snydf101","kellg101","frisf101","grohh101","jackt101","meusi101","soutb101","younr101","bailg101","","wheaz101","13.1-2","F","F",4,6,2,"T","T",0,"F","F",1,"F","F",0,"F","F",1,"G","F","F","",0,0,"N",0,"N",0,"N",0,2,0,3,"13","","","","F","F","F","F","F","F","F","F","F","geard101","","ryanr101","F","F","F","F","F","","","","",0,3,0,0,1,0,0,0,0,38,"NY1","BRO","NY1",0,"F","F",3,0,1,23,4,"T","F",5,6,"T","T","joneb104","debeh101","F","F",0,5,37,0,0,0,7,3,35,"snydf101","","snydf101",0,0,0,0,0,0,0,0,0,0,0,0,0,"geard101","F","F","F","F",0,2,0,3,0,0,0,0,0,0,F,F,"1924NY1.EVN.regular.event.csv",39
"NY1192404150","BRO",5,0,2,0,0,"",3,0,"joneb104","?","joneb104","?","geard101","?","geard101","?","snydf101","kellg101","frisf101","grohh101","jackt101","meusi101","soutb101","younr101","","bailg101","wheaz101","53","F","F",6,7,2,"T","T",0,"F","F",1,"F","F",0,"F","F",5,"G","F","F","",0,0,"N",0,"N",0,"N",0,0,2,3,"53","","","","F","F","F","F","F","F","F","F","F","","geard101","ryanr101","F","F","F","F","F","","","","",0,3,0,0,5,0,0,0,0,39,"NY1","BRO","NY1",0,"F","T",3,0,1,24,5,"T","F",6,6,"T","T","debeh101","ruetd101","F","F",0,0,0,0,5,37,7,3,35,"","snydf101","snydf101",0,0,0,0,0,0,0,0,0,0,0,0,0,"grohh101","F","F","F","F",0,0,2,3,0,0,0,0,0,0,F,F,"1924NY1.EVN.regular.event.csv",40
"NY1192404150","BRO",5,1,0,0,0,"",3,0,"kellg101","?","kellg101","?","ruetd101","?","ruetd101","?","debeh101","fourj101","klugj101","johnj107","joneb104","wheaz101","neisb101","bailg101","","","","7/L7D","T","F",3,6,2,"T","T",0,"F","F",1,"F","F",0,"F","F",7,"L","F","F","7D",0,0,"N",0,"N",0,"N",0,0,0,0,"7","","","","F","F","F","F","F","F","F","F","F","","","","F","F","F","F","F","","","","",0,7,0,0,0,0,0,0,0,40,"NY1","NY1","BRO",1,"T","F",0,3,0,14,0,"T","F",0,0,"T","T","jackt101","snydf101","T","T",0,0,0,0,0,0,0,0,0,"","","",0,0,0,0,0,0,0,0,0,0,0,0,0,"wheaz101","F","F","F","F",0,0,0,0,0,0,0,0,0,0,F,F,"1924NY1.EVN.regular.event.csv",41
"NY1192404150","BRO",5,1,1,0,0,"",3,0,"jackt101","?","jackt101","?","ruetd101","?","ruetd101","?","debeh101","fourj101","klugj101","johnj107","joneb104","wheaz101","neisb101","bailg101","","","","23/G","F","F",6,7,2,"T","T",0,"F","F",1,"F","F",0,"F","F",2,"G","F","F","",0,0,"N",0,"N",0,"N",0,0,0,0,"23","","","","F","F","F","F","F","F","F","F","F","","","","F","F","F","F","F","","","","",0,3,0,0,2,0,0,0,0,41,"NY1","NY1","BRO",1,"F","F",0,3,0,15,1,"T","F",0,0,"T","T","snydf101","geard101","T","T",0,0,0,0,0,0,0,0,0,"","","",0,0,0,0,0,0,0,0,0,0,0,0,0,"debeh101","F","F","F","F",0,0,0,0,0,0,0,0,0,0,F,F,"1924NY1.EVN.regular.event.csv",42
"NY1192404150","BRO",5,1,2,0,0,"",3,0,"snydf101","?","snydf101","?","ruetd101","?","ruetd101","?","debeh101","fourj101","klugj101","johnj107","joneb104","wheaz101","neisb101","bailg101","","","","63","F","F",2,8,2,"T","T",0,"F","F",1,"F","F",0,"F","F",6,"G","F","F","",0,0,"N",0,"N",0,"N",0,0,0,0,"63","","","","F","F","F","F","F","F","F","F","F","","","","F","F","F","F","F","","","","",0,3,0,0,6,0,0,0,0,42,"NY1","NY1","BRO",1,"F","T",0,3,0,16,2,"T","F",0,0,"T","T","geard101","soutb101","T","T",0,0,0,0,0,0,0,0,0,"","","",0,0,0,0,0,0,0,0,0,0,0,0,0,"joneb104","F","F","F","F",0,0,0,0,0,0,0,0,0,0,F,F,"1924NY1.EVN.regular.event.csv",43
"NY1192404150","BRO",6,0,0,0,0,"",3,0,"debeh101","?","debeh101","?","geard101","?","geard101","?","snydf101","kellg101","frisf101","grohh101","jackt101","meusi101","soutb101","younr101","","","","W","T","F",2,8,14,"T","F",0,"F","F",0,"F","F",0,"F","F",0,"","F","F","",0,0,"N",0,"N",0,"N",1,0,0,0,"","","","","F","F","F","F","F","F","F","F","F","","","","F","F","F","F","F","","","","",0,0,0,0,0,0,0,0,0,43,"NY1","BRO","NY1",0,"T","F",3,0,0,25,0,"T","F",0,1,"T","T","ruetd101","neisb101","F","F",0,0,0,0,0,0,0,0,0,"","","",0,0,0,0,0,0,0,0,0,0,0,0,0,"","F","F","F","F",0,0,0,0,0,0,0,0,0,0,F,F,"1924NY1.EVN.regular.event.csv",44
"NY1192404150","BRO",6,0,0,0,0,"",3,0,"ruetd101","?","ruetd101","?","geard101","?","geard101","?","snydf101","kellg101","frisf101","grohh101","jackt101","meusi101","soutb101","younr101","debeh101","","","46(1)/FO","F","F",1,9,2,"T","T",0,"F","F",1,"F","F",0,"F","F",4,"G","F","F","",0,0,"N",0,"N",0,"N",1,0,0,0,"","46","","","F","F","F","F","F","F","F","F","F","geard101","","","F","F","F","F","F","","","","",0,6,0,0,4,0,0,0,0,44,"NY1","BRO","NY1",0,"F","F",3,0,0,26,1,"T","F",1,1,"T","T","neisb101","johnj107","F","F",2,8,43,0,0,0,0,0,0,"snydf101","","",0,0,0,0,0,0,0,0,0,0,0,0,0,"frisf101","T","F","F","F",0,0,0,0,0,0,0,0,0,0,F,F,"1924NY1.EVN.regular.event.csv",45
"NY1192404150","BRO",6,0,1,0,0,"",3,0,"neisb101","?","neisb101","?","geard101","?","geard101","?","snydf101","kellg101","frisf101","grohh101","jackt101","meusi101","soutb101","younr101","ruetd101","","","9/F9D","F","F",8,1,2,"T","T",0,"F","F",1,"F","F",0,"F","F",9,"F","F","F","9D",0,0,"N",0,"N",0,"N",0,1,0,0,"9","","","","F","F","F","F","F","F","F","F","F","geard101","","","F","F","F","F","F","","","","",0,9,0,0,0,0,0,0,0,45,"NY1","BRO","NY1",0,"F","F",3,0,0,27,2,"T","F",1,1,"T","T","johnj107","wheaz101","F","F",1,9,44,0,0,0,0,0,0,"snydf101","","",0,0,0,0,0,0,0,0,0,0,0,0,0,"younr101","F","F","F","F",0,0,0,0,0,0,0,0,0,0,F,F,"1924NY1.EVN.regular.event.csv",46
"NY1192404150","BRO",6,0,2,0,0,"",3,0,"johnj107","?","johnj107","?","geard101","?","geard101","?","snydf101","kellg101","frisf101","grohh101","jackt101","meusi101","soutb101","younr101","ruetd101","","","W.1-2","F","F",5,2,14,"T","F",0,"F","F",0,"F","F",0,"F","F",0,"","F","F","",0,0,"N",0,"N",0,"N",1,2,0,0,"","","","","F","F","F","F","F","F","F","F","F","geard101","","","F","F","F","F","F","","","","",0,0,0,0,0,0,0,0,0,46,"NY1","BRO","NY1",0,"F","F",3,0,0,28,3,"T","F",1,3,"T","T","wheaz101","fourj101","F","F",1,9,44,0,0,0,0,0,0,"snydf101","","",0,0,0,0,0,0,0,0,0,0,0,0,0,"","F","F","F","F",0,0,0,0,0,0,0,0,0,0,F,F,"1924NY1.EVN.regular.event.csv",47
"NY1192404150","BRO",6,0,2,0,0,"",3,0,"wheaz101","?","wheaz101","?","geard101","?","geard101","?","snydf101","kellg101","frisf101","grohh101","jackt101","meusi101","soutb101","younr101","johnj107","ruetd101","","7/F","F","F",7,3,2,"T","T",0,"F","F",1,"F","F",0,"F","F",7,"F","F","F","",0,0,"N",0,"N",0,"N",0,1,2,0,"7","","","","F","F","F","F","F","F","F","F","F","geard101","geard101","","F","F","F","F","F","","","","",0,7,0,0,0,0,0,0,0,47,"NY1","BRO","NY1",0,"F","T",3,0,0,29,4,"T","F",3,3,"T","T","fourj101","bailg101","F","F",5,2,46,1,9,44,0,0,0,"snydf101","snydf101","",0,0,0,0,0,0,0,0,0,0,0,0,0,"meusi101","F","F","F","F",0,0,0,0,0,0,0,0,0,0,F,F,"1924NY1.EVN.regular.event.csv",48
"NY1192404150","BRO",6,1,0,0,0,"",3,0,"geard101","?","geard101","?","ruetd101","?","ruetd101","?","debeh101","fourj101","klugj101","johnj107","joneb104","wheaz101","neisb101","bailg101","","","","43","T","F",1,9,2,"T","T",0,"F","F",1,"F","F",0,"F","F",4,"G","F","F","",0,0,"N",0,"N",0,"N",0,0,0,0,"43","","","","F","F","F","F","F","F","F","F","F","","","","F","F","F","F","F","","","","",0,3,0,0,4,0,0,0,0,48,"NY1","NY1","BRO",1,"T","F",0,3,0,17,0,"T","F",0,0,"F","F","soutb101","grohh101","T","T",0,0,0,0,0,0,0,0,0,"","","",0,0,0,0,0,0,0,0,0,0,0,0,0,"klugj101","F","F","F","F",0,0,0,0,0,0,0,0,0,0,F,F,"1924NY1.EVN.regular.event.csv",49
"NY1192404150","BRO",6,1,1,0,0,"",3,0,"soutb101","?","soutb101","?","ruetd101","?","ruetd101","?","debeh101","fourj101","klugj101","johnj107","joneb104","wheaz101","neisb101","bailg101","","","","8/F","F","F",8,1,2,"T","T",0,"F","F",1,"F","F",0,"F","F",8,"F","F","F","",0,0,"N",0,"N",0,"N",0,0,0,0,"8","","","","F","F","F","F","F","F","F","F","F","","","","F","F","F","F","F","","","","",0,8,0,0,0,0,0,0,0,49,"NY1","NY1","BRO",1,"F","F",0,3,0,18,1,"T","F",0,0,"T","T","grohh101","frisf101","T","T",0,0,0,0,0,0,0,0,0,"","","",0,0,0,0,0,0,0,0,0,0,0,0,0,"neisb101","F","F","F","F",0,0,0,0,0,0,0,0,0,0,F,F,"1924NY1.EVN.regular.event.csv",50
"NY1192404150","BRO",6,1,2,0,0,"",3,0,"grohh101","?","grohh101","?","ruetd101","?","ruetd101","?","debeh101","fourj101","klugj101","johnj107","joneb104","wheaz101","neisb101","bailg101","","","","8/F","F","F",5,2,2,"T","T",0,"F","F",1,"F","F",0,"F","F",8,"F","F","F","",0,0,"N",0,"N",0,"N",0,0,0,0,"8","","","","F","F","F","F","F","F","F","F","F","","","","F","F","F","F","F","","","","",0,8,0,0,0,0,0,0,0,50,"NY1","NY1","BRO",1,"F","T",0,3,0,19,2,"T","F",0,0,"T","T","frisf101","younr101","T","T",0,0,0,0,0,0,0,0,0,"","","",0,0,0,0,0,0,0,0,0,0,0,0,0,"neisb101","F","F","F","F",0,0,0,0,0,0,0,0,0,0,F,F,"1924NY1.EVN.regular.event.csv",51
"NY1192404150","BRO",7,0,0,0,0,"",3,0,"fourj101","?","fourj101","?","geard101","?","geard101","?","snydf101","kellg101","frisf101","grohh101","jackt101","meusi101","soutb101","younr101","","","","3/P","T","F",3,4,2,"T","T",0,"F","F",1,"F","F",0,"F","F",3,"P","F","F","",0,0,"N",0,"N",0,"N",0,0,0,0,"3","","","","F","F","F","F","F","F","F","F","F","","","","F","F","F","F","F","","","","",0,3,0,0,0,0,0,0,0,51,"NY1","BRO","NY1",0,"T","F",3,0,0,30,0,"T","F",0,0,"T","T","bailg101","klugj101","F","F",0,0,0,0,0,0,0,0,0,"","","",0,0,0,0,0,0,0,0,0,0,0,0,0,"kellg101","F","F","F","F",0,0,0,0,0,0,0,0,0,0,F,F,"1924NY1.EVN.regular.event.csv",52
"NY1192404150","BRO",7,0,1,0,0,"",3,0,"bailg101","?","bailg101","?","geard101","?","geard101","?","snydf101","kellg101","frisf101","grohh101","jackt101","meusi101","soutb101","younr101","","","","5/FL","F","F",9,5,2,"T","T",0,"F","F",1,"F","F",0,"F","F",5,"F","F","T","",0,0,"N",0,"N",0,"N",0,0,0,0,"5","","","","F","F","F","F","F","F","F","F","F","","","","F","F","F","F","F","","","","",0,5,0,0,0,0,0,0,0,52,"NY1","BRO","NY1",0,"F","F",3,0,0,31,1,"T","F",0,0,"F","F","klugj101","joneb104","F","F",0,0,0,0,0,0,0,0,0,"","","",0,0,0,0,0,0,0,0,0,0,0,0,0,"grohh101","F","F","F","F",0,0,0,0,0,0,0,0,0,0,F,F,"1924NY1.EVN.regular.event.csv",53
"NY1192404150","BRO",7,0,2,0,0,"",3,0,"klugj101","?","klugj101","?","geard101","?","geard101","?","snydf101","kellg101","frisf101","grohh101","jackt101","meusi101","soutb101","younr101","","","","3/P3D","F","F",4,6,2,"T","T",0,"F","F",1,"F","F",0,"F","F",3,"P","F","F","3D",0,0,"N",0,"N",0,"N",0,0,0,0,"3","","","","F","F","F","F","F","F","F","F","F","","","","F","F","F","F","F","","","","",0,3,0,0,0,0,0,0,0,53,"NY1","BRO","NY1",0,"F","T",3,0,0,32,2,"T","F",0,0,"T","T","joneb104","debeh101","F","F",0,0,0,0,0,0,0,0,0,"","","",0,0,0,0,0,0,0,0,0,0,0,0,0,"kellg101","F","F","F","F",0,0,0,0,0,0,0,0,0,0,F,F,"1924NY1.EVN.regular.event.csv",54
"NY1192404150","BRO",7,1,0,0,0,"",3,0,"frisf101","?","frisf101","?","ruetd101","?","ruetd101","?","debeh101","fourj101","klugj101","johnj107","joneb104","wheaz101","neisb101","bailg101","","","","S8","T","F",4,3,20,"T","T",1,"F","F",0,"F","F",0,"F","F",8,"","F","F","",0,0,"N",0,"N",0,"N",1,0,0,0,"","","","","F","F","F","F","F","F","F","F","F","","","","F","F","F","F","F","","","","",0,0,0,0,0,0,0,0,0,54,"NY1","NY1","BRO",1,"T","F",0,3,0,20,0,"T","F",0,1,"T","T","younr101","meusi101","T","T",0,0,0,0,0,0,0,0,0,"","","",0,0,0,0,0,0,0,0,0,0,0,0,0,"neisb101","F","F","F","F",4,0,0,0,2,0,0,0,0,0,F,F,"1924NY1.EVN.regular.event.csv",55
"NY1192404150","BRO",7,1,0,0,0,"",3,0,"younr101","?","younr101","?","ruetd101","?","ruetd101","?","debeh101","fourj101","klugj101","johnj107","joneb104","wheaz101","neisb101","bailg101","frisf101","","","K/C","F","F",9,4,3,"T","T",0,"F","F",1,"F","F",0,"F","F",0,"","F","F","",0,0,"N",0,"N",0,"N",0,1,0,0,"2","","","","F","F","F","F","F","F","F","F","F","ruetd101","","","F","F","F","F","F","","","","",0,2,0,0,0,0,0,0,0,55,"NY1","NY1","BRO",1,"F","F",0,3,0,21,1,"T","F",1,1,"T","T","meusi101","kellg101","T","T",4,3,54,0,0,0,0,0,0,"debeh101","","",0,0,0,0,0,0,0,0,0,0,0,0,0,"","F","F","F","F",0,4,0,0,2,0,0,0,0,0,F,F,"1924NY1.EVN.regular.event.csv",56
"NY1192404150","BRO",7,1,1,0,0,"",3,0,"meusi101","?","meusi101","?","ruetd101","?","ruetd101","?","debeh101","fourj101","klugj101","johnj107","joneb104","wheaz101","neisb101","bailg101","frisf101","","","7/F7D.1-2","F","F",7,5,2,"T","T",0,"F","F",1,"F","F",0,"F","F",7,"F","F","F","7D",0,0,"N",0,"N",0,"N",0,2,0,0,"7","","","","F","F","F","F","F","F","F","F","F","ruetd101","","","F","F","F","F","F","","","","",0,7,0,0,0,0,0,0,0,56,"NY1","NY1","BRO",1,"F","F",0,3,0,22,2,"T","F",1,2,"T","T","kellg101","jackt101","T","T",4,3,54,0,0,0,0,0,0,"debeh101","","",0,0,0,0,0,0,0,0,0,0,0,0,0,"wheaz101","F","F","F","F",0,4,0,0,2,0,0,0,0,0,F,F,"1924NY1.EVN.regular.event.csv",57
"NY1192404150","BRO",7,1,2,0,0,"",3,0,"kellg101","?","kellg101","?","ruetd101","?","ruetd101","?","debeh101","fourj101","klugj101","johnj107","joneb104","wheaz101","neisb101","bailg101","","frisf101","","S7.2-H","F","F",3,6,20,"T","T",1,"F","F",0,"F","F",1,"F","F",7,"","F","F","",0,0,"N",0,"N",0,"N",1,0,4,0,"","","","","F","F","F","F","F","F","F","F","F","","ruetd101","","F","F","F","F","F","","","","",0,0,0,0,0,0,0,0,0,57,"NY1","NY1","BRO",1,"F","F",0,3,0,23,3,"T","F",2,1,"T","T","jackt101","snydf101","T","T",0,0,0,4,3,54,0,0,0,"","debeh101","",0,0,0,0,0,0,0,0,0,0,0,0,1,"wheaz101","F","F","F","F",4,0,4,0,1,0,0,0,0,0,F,F,"1924NY1.EVN.regular.event.csv",58
"NY1192404150","BRO",7,1,2,0,0,"",3,1,"jackt101","?","jackt101","?","ruetd101","?","ruetd101","?","debeh101","fourj101","klugj101","johnj107","joneb104","wheaz101","neisb101","bailg101","kellg101","","","S9.1-3","F","F",6,7,20,"T","T",1,"F","F",0,"F","F",0,"F","F",9,"","F","F","",0,0,"N",0,"N",0,"N",1,3,0,0,"","","","","F","F","F","F","F","F","F","F","F","ruetd101","","","F","F","F","F","F","","","","",0,0,0,0,0,0,0,0,0,58,"NY1","NY1","BRO",1,"F","F",1,3,1,24,4,"T","F",1,5,"T","T","snydf101","geard101","T","T",3,6,57,0,0,0,0,0,0,"debeh101","","",0,0,0,0,0,0,0,0,0,0,0,0,0,"bailg101","F","F","F","F",3,4,0,0,1,0,0,0,0,0,F,F,"1924NY1.EVN.regular.event.csv",59
"NY1192404150","BRO",7,1,2,0,0,"",3,1,"snydf101","?","snydf101","?","ruetd101","?","ruetd101","?","debeh101","fourj101","klugj101","johnj107","joneb104","wheaz101","neisb101","bailg101","jackt101","","kellg101","D7.3-H;1-3","F","F",2,8,21,"T","T",2,"F","F",0,"F","F",1,"F","F",7,"","F","F","",0,0,"N",0,"N",0,"N",2,3,0,4,"","","","","F","F","F","F","F","F","F","F","F","ruetd101","","ruetd101","F","F","F","F","F","","","","",0,0,0,0,0,0,0,0,0,59,"NY1","NY1","BRO",1,"F","F",1,3,1,25,5,"T","F",5,6,"T","T","geard101","soutb101","T","T",6,7,58,0,0,0,3,6,57,"debeh101","","debeh101",0,0,0,0,0,0,0,0,0,0,0,0,1,"wheaz101","F","F","F","F",2,3,0,4,0,0,0,0,0,0,F,F,"1924NY1.EVN.regular.event.csv",60
"NY1192404150","BRO",7,1,2,0,0,"",3,2,"gowdh101","?","gowdh101","?","ruetd101","?","ruetd101","?","debeh101","fourj101","klugj101","johnj107","joneb104","wheaz101","neisb101","bailg101","","oconj102","jackt101","IW","F","T",11,9,15,"T","F",0,"F","F",0,"F","F",0,"F","F",0,"","F","F","",0,0,"N",0,"N",0,"N",1,0,2,3,"","","","","F","F","F","F","F","F","F","F","F","","ruetd101","ruetd101","F","F","F","T","F","","snydf101","","geard101",1,0,0,0,0,0,0,0,0,60,"NY1","NY1","BRO",1,"F","F",2,3,2,26,6,"T","F",6,7,"F","F","soutb101","grohh101","T","T",0,0,0,12,8,59,6,7,58,"","debeh101","debeh101",0,0,0,0,0,0,0,0,0,0,0,0,0,"","F","F","F","F",1,0,2,3,0,0,0,0,0,0,F,F,"1924NY1.EVN.regular.event.csv",61
"NY1192404150","BRO",7,1,2,0,0,"",3,2,"soutb101","?","soutb101","?","ruetd101","?","ruetd101","?","debeh101","fourj101","klugj101","johnj107","joneb104","wheaz101","neisb101","bailg101","gowdh101","oconj102","jackt101","43","F","F",8,1,2,"T","T",0,"F","F",1,"F","F",0,"F","F",4,"G","F","F","",0,0,"N",0,"N",0,"N",0,1,2,3,"43","","","","F","F","F","F","F","F","F","F","F","ruetd101","ruetd101","ruetd101","F","F","F","F","F","","","","",0,3,0,0,4,0,0,0,0,61,"NY1","NY1","BRO",1,"F","T",2,3,2,27,7,"T","F",7,7,"T","T","grohh101","frisf101","T","T",0,9,60,0,8,59,6,7,58,"debeh101","debeh101","debeh101",0,0,0,0,0,0,0,0,0,0,0,0,0,"klugj101","F","F","F","F",0,1,2,3,0,0,0,0,0,0,F,F,"1924NY1.EVN.regular.event.csv",62
"NY1192404150","BRO",8,0,0,0,0,"",3,2,"joneb104","?","joneb104","?","nehfa101","?","nehfa101","?","gowdh101","kellg101","frisf101","grohh101","jackt101","meusi101","soutb101","younr101","","","","13","T","F",6,7,2,"T","T",0,"F","F",1,"F","F",0,"F","F",1,"G","F","F","",0,0,"N",0,"N",0,"N",0,0,0,0,"13","","","","F","F","F","F","F","F","F","F","F","","","","F","F","F","F","F","","","","",0,3,0,0,1,0,0,0,0,62,"NY1","BRO","NY1",0,"T","F",3,2,0,33,0,"T","F",0,0,"T","T","debeh101","ruetd101","F","F",0,0,0,0,0,0,0,0,0,"","","",0,0,0,0,0,0,0,0,0,0,0,0,0,"nehfa101","F","F","F","F",0,0,0,0,0,0,0,0,0,0,F,F,"1924NY1.EVN.regular.event.csv",63
"NY1192404150","BRO",8,0,1,0,0,"",3,2,"debeh101","?","debeh101","?","nehfa101","?","nehfa101","?","gowdh101","kellg101","frisf101","grohh101","jackt101","meusi101","soutb101","younr101","","","","8","F","F",2,8,2,"T","T",0,"F","F",1,"F","F",0,"F","F",8,"F","F","F","",0,0,"N",0,"N",0,"N",0,0,0,0,"8","","","","F","F","F","F","F","F","F","F","F","","","","F","F","F","F","F","","","","",0,8,0,0,0,0,0,0,0,63,"NY1","BRO","NY1",0,"F","F",3,2,0,34,1,"T","F",0,0,"T","T","ruetd101","neisb101","F","F",0,0,0,0,0,0,0,0,0,"","","",0,0,0,0,0,0,0,0,0,0,0,0,0,"soutb101","F","F","F","F",0,0,0,0,0,0,0,0,0,0,F,F,"1924NY1.EVN.regular.event.csv",64
"NY1192404150","BRO",8,0,2,0,0,"",3,2,"ruetd101","?","ruetd101","?","nehfa101","?","nehfa101","?","gowdh101","kellg101","frisf101","grohh101","jackt101","meusi101","soutb101","younr101","","","","13","F","F",1,9,2,"T","T",0,"F","F",1,"F","F",0,"F","F",1,"G","F","F","",0,0,"N",0,"N",0,"N",0,0,0,0,"13","","","","F","F","F","F","F","F","F","F","F","","","","F","F","F","F","F","","","","",0,3,0,0,1,0,0,0,0,64,"NY1","BRO","NY1",0,"F","T",3,2,0,35,2,"T","F",0,0,"T","T","neisb101","johnj107","F","F",0,0,0,0,0,0,0,0,0,"","","",0,0,0,0,0,0,0,0,0,0,0,0,0,"nehfa101","F","F","F","F",0,0,0,0,0,0,0,0,0,0,F,F,"1924NY1.EVN.regular.event.csv",65
"NY1192404150","BRO",8,1,0,0,0,"",3,2,"grohh101","?","grohh101","?","ruetd101","?","ruetd101","?","debeh101","fourj101","klugj101","johnj107","joneb104","wheaz101","neisb101","bailg101","","","","6/P5D","T","F",5,2,2,"T","T",0,"F","F",1,"F","F",0,"F","F",6,"P","F","F","5D",0,0,"N",0,"N",0,"N",0,0,0,0,"6","","","","F","F","F","F","F","F","F","F","F","","","","F","F","F","F","F","","","","",0,6,0,0,0,0,0,0,0,65,"NY1","NY1","BRO",1,"T","F",2,3,0,28,0,"T","F",0,0,"T","T","frisf101","younr101","T","T",0,0,0,0,0,0,0,0,0,"","","",0,0,0,0,0,0,0,0,0,0,0,0,0,"joneb104","F","F","F","F",0,0,0,0,0,0,0,0,0,0,F,F,"1924NY1.EVN.regular.event.csv",66
"NY1192404150","BRO",8,1,1,0,0,"",3,2,"frisf101","?","frisf101","?","ruetd101","?","ruetd101","?","debeh101","fourj101","klugj101","johnj107","joneb104","wheaz101","neisb101","bailg101","","","","E6/G","F","F",4,3,18,"T","T",0,"F","F",0,"F","F",0,"F","F",6,"G","F","F","",1,6,"F",0,"N",0,"N",1,0,0,0,"","","","","F","F","F","F","F","F","F","F","F","","","","F","F","F","F","F","","","","",0,0,0,0,0,0,0,0,0,66,"NY1","NY1","BRO",1,"F","F",2,3,0,29,1,"T","F",0,1,"T","T","younr101","meusi101","T","T",0,0,0,0,0,0,0,0,0,"","","",0,0,0,0,0,0,0,0,0,0,0,0,0,"joneb104","F","F","F","T",0,0,0,0,0,0,0,0,0,0,F,F,"1924NY1.EVN.regular.event.csv",67
"NY1192404150","BRO",8,1,1,0,0,"",3,2,"younr101","?","younr101","?","ruetd101","?","ruetd101","?","debeh101","fourj101","klugj101","johnj107","joneb104","wheaz101","neisb101","bailg101","frisf101","","","9","F","F",9,4,2,"T","T",0,"F","F",1,"F","F",0,"F","F",9,"F","F","F","",0,0,"N",0,"N",0,"N",0,1,0,0,"9","","","","F","F","F","F","F","F","F","F","F","ruetd101","","","F","F","F","F","F","","","","",0,9,0,0,0,0,0,0,0,67,"NY1","NY1","BRO",1,"F","F",2,3,0,30,2,"T","F",1,1,"T","T","meusi101","kellg101","T","T",4,3,66,0,0,0,0,0,0,"debeh101","","",0,0,0,0,0,0,0,0,0,0,0,0,0,"bailg101","F","F","F","F",0,0,0,0,0,0,0,0,0,0,F,F,"1924NY1.EVN.regular.event.csv",68
"NY1192404150","BRO",8,1,2,0,0,"",3,2,"meusi101","?","meusi101","?","ruetd101","?","ruetd101","?","debeh101","fourj101","klugj101","johnj107","joneb104","wheaz101","neisb101","bailg101","frisf101","","","9/L","F","F",7,5,2,"T","T",0,"F","F",1,"F","F",0,"F","F",9,"L","F","F","",0,0,"N",0,"N",0,"N",0,1,0,0,"9","","","","F","F","F","F","F","F","F","F","F","ruetd101","","","F","F","F","F","F","","","","",0,9,0,0,0,0,0,0,0,68,"NY1","NY1","BRO",1,"F","T",2,3,0,31,3,"T","F",1,1,"T","T","kellg101","jackt101","T","T",4,3,66,0,0,0,0,0,0,"debeh101","","",0,0,0,0,0,0,0,0,0,0,0,0,0,"bailg101","F","F","F","F",0,0,0,0,0,0,0,0,0,0,F,F,"1924NY1.EVN.regular.event.csv",69
"NY1192404150","BRO",9,0,0,0,0,"",3,2,"neisb101","?","neisb101","?","nehfa101","?","nehfa101","?","gowdh101","kellg101","frisf101","grohh101","jackt101","meusi101","soutb101","younr101","","","","K","T","F",8,1,3,"T","T",0,"F","F",1,"F","F",0,"F","F",0,"","F","F","",0,0,"N",0,"N",0,"N",0,0,0,0,"2","","","","F","F","F","F","F","F","F","F","F","","","","F","F","F","F","F","","","","",0,2,0,0,0,0,0,0,0,69,"NY1","BRO","NY1",0,"T","F",3,2,0,36,0,"T","F",0,0,"T","T","johnj107","wheaz101","F","F",0,0,0,0,0,0,0,0,0,"","","",0,0,0,0,0,0,0,0,0,0,0,0,0,"","F","F","F","F",0,0,0,0,0,0,0,0,0,0,F,F,"1924NY1.EVN.regular.event.csv",70
"NY1192404150","BRO",9,0,1,0,0,"",3,2,"johnj107","?","johnj107","?","nehfa101","?","nehfa101","?","gowdh101","kellg101","frisf101","grohh101","jackt101","meusi101","soutb101","younr101","","","","8/L8XD","F","F",5,2,2,"T","T",0,"F","F",1,"F","F",0,"F","F",8,"L","F","F","8XD",0,0,"N",0,"N",0,"N",0,0,0,0,"8","","","","F","F","F","F","F","F","F","F","F","","","","F","F","F","F","F","","","","",0,8,0,0,0,0,0,0,0,70,"NY1","BRO","NY1",0,"F","F",3,2,0,37,1,"T","F",0,0,"T","T","wheaz101","fourj101","F","F",0,0,0,0,0,0,0,0,0,"","","",0,0,0,0,0,0,0,0,0,0,0,0,0,"soutb101","F","F","F","F",0,0,0,0,0,0,0,0,0,0,F,F,"1924NY1.EVN.regular.event.csv",71
"NY1192404150","BRO",9,0,2,0,0,"",3,2,"wheaz101","?","wheaz101","?","nehfa101","?","nehfa101","?","gowdh101","kellg101","frisf101","grohh101","jackt101","meusi101","soutb101","younr101","","","","W","F","F",7,3,14,"T","F",0,"F","F",0,"F","F",0,"F","F",0,"","F","F","",0,0,"N",0,"N",0,"N",1,0,0,0,"","","","","F","F","F","F","F","F","F","F","F","","","","F","F","F","F","F","","","","",0,0,0,0,0,0,0,0,0,71,"NY1","BRO","NY1",0,"F","F",3,2,0,38,2,"T","F",0,1,"T","T","fourj101","bailg101","F","F",0,0,0,0,0,0,0,0,0,"","","",0,0,0,0,0,0,0,0,0,0,0,0,0,"","F","F","F","F",0,0,0,0,0,0,0,0,0,0,F,F,"1924NY1.EVN.regular.event.csv",72
"NY1192404150","BRO",9,0,2,0,0,"",3,2,"fourj101","?","fourj101","?","nehfa101","?","nehfa101","?","gowdh101","kellg101","frisf101","grohh101","jackt101","meusi101","soutb101","younr101","wheaz101","","","K/C","F","F",3,4,3,"T","T",0,"F","F",1,"F","F",0,"F","F",0,"","F","F","",0,0,"N",0,"N",0,"N",0,1,0,0,"2","","","","F","F","F","F","F","F","F","F","F","nehfa101","","","F","F","F","F","F","","","","",0,2,0,0,0,0,0,0,0,72,"NY1","BRO","NY1",0,"F","T",3,2,0,39,3,"T","F",1,1,"T","T","bailg101","klugj101","F","F",7,3,71,0,0,0,0,0,0,"gowdh101","","",0,0,0,0,0,0,0,0,0,0,0,0,0,"","F","F","F","F",0,0,0,0,0,0,0,0,0,0,F,F,"1924NY1.EVN.regular.event.csv",73
"NY1192404150","BRO",9,1,0,0,0,"",3,2,"kellg101","?","kellg101","?","ruetd101","?","ruetd101","?","debeh101","fourj101","klugj101","johnj107","joneb104","wheaz101","neisb101","bailg101","","","","D8/89","T","F",3,6,21,"T","T",2,"F","F",0,"F","F",0,"F","F",8,"","F","F","89",0,0,"N",0,"N",0,"N",2,0,0,0,"","","","","F","F","F","F","F","F","F","F","F","","","","F","F","F","F","F","","","","",0,0,0,0,0,0,0,0,0,73,"NY1","NY1","BRO",1,"T","F",2,3,0,32,0,"T","F",0,2,"T","T","jackt101","nehfa101","T","T",0,0,0,0,0,0,0,0,0,"","","",0,0,0,0,0,0,0,0,0,0,0,0,0,"neisb101","F","F","F","F",0,0,0,0,0,0,0,0,0,0,F,F,"1924NY1.EVN.regular.event.csv",74
"NY1192404150","BRO",9,1,0,0,0,"",3,2,"jackt101","?","jackt101","?","ruetd101","?","ruetd101","?","debeh101","fourj101","klugj101","johnj107","joneb104","wheaz101","neisb101","bailg101","","kellg101","","FC2/BG.2X3(25)","F","F",6,7,19,"T","T",0,"F","F",1,"F","F",0,"F","F",2,"G","T","F","",0,0,"N",0,"N",0,"N",1,0,0,0,"","","25","","F","F","F","F","F","F","F","F","F","","ruetd101","","F","F","F","F","F","","","","",0,5,0,0,2,0,0,0,0,74,"NY1","NY1","BRO",1,"F","F",2,3,0,33,1,"T","F",2,1,"T","T","nehfa101","gowdh101","T","T",0,0,0,3,6,73,0,0,0,"","debeh101","",0,0,0,0,0,0,0,0,0,0,0,0,0,"debeh101","F","F","F","F",3,0,0,0,0,0,0,0,0,0,F,F,"1924NY1.EVN.regular.event.csv",75
"NY1192404150","BRO",9,1,1,0,0,"",3,2,"wilsh102","?","wilsh102","?","ruetd101","?","ruetd101","?","debeh101","fourj101","klugj101","johnj107","joneb104","wheaz101","neisb101","bailg101","jackt101","","","8","F","T",11,8,2,"T","T",0,"F","F",1,"F","F",0,"F","F",8,"F","F","F","",0,0,"N",0,"N",0,"N",0,1,0,0,"8","","","","F","F","F","F","F","F","F","F","F","ruetd101","","","F","F","F","F","F","","","","nehfa101",1,8,0,0,0,0,0,0,0,75,"NY1","NY1","BRO",1,"F","F",2,3,0,34,2,"T","F",1,1,"F","F","gowdh101","soutb101","T","T",6,7,74,0,0,0,0,0,0,"debeh101","","",0,0,0,0,0,0,0,0,0,0,0,0,0,"neisb101","F","F","F","F",0,3,0,0,0,0,0,0,0,0,F,F,"1924NY1.EVN.regular.event.csv",76
"NY1192404150","BRO",9,1,2,0,0,"",3,2,"gowdh101","?","gowdh101","?","ruetd101","?","ruetd101","?","debeh101","fourj101","klugj101","johnj107","joneb104","wheaz101","neisb101","bailg101","jackt101","","","S9/9DW.1-3","F","F",2,9,20,"T","T",1,"F","F",0,"F","F",0,"F","F",9,"","F","F","9DW",0,0,"N",0,"N",0,"N",1,3,0,0,"","","","","F","F","F","F","F","F","F","F","F","ruetd101","","","F","F","F","F","F","","","","",0,0,0,0,0,0,0,0,0,76,"NY1","NY1","BRO",1,"F","F",2,3,0,35,3,"T","F",1,5,"F","F","soutb101","grohh101","T","T",6,7,74,0,0,0,0,0,0,"debeh101","","",0,0,0,0,0,0,0,0,0,0,0,0,0,"bailg101","F","F","F","F",1,3,0,0,0,0,0,0,0,0,F,F,"1924NY1.EVN.regular.event.csv",77
"NY1192404150","BRO",9,1,2,0,0,"",3,2,"soutb101","?","soutb101","?","ruetd101","?","ruetd101","?","debeh101","fourj101","klugj101","johnj107","joneb104","wheaz101","neisb101","bailg101","lindf101","","jackt101","9/F9S","F","F",8,1,2,"T","T",0,"F","F",1,"F","F",0,"F","F",9,"F","F","F","9S",0,0,"N",0,"N",0,"N",0,1,0,3,"9","","","","F","F","F","F","F","F","F","F","F","ruetd101","","ruetd101","F","T","T","F","F","gowdh101","","","",0,9,0,0,0,0,0,0,0,77,"NY1","NY1","BRO",1,"F","T",2,3,0,36,4,"T","F",5,5,"T","T","grohh101","frisf101","T","T",0,9,76,0,0,0,6,7,74,"debeh101","","debeh101",0,0,0,0,0,0,0,0,0,0,0,0,0,"bailg101","F","F","F","F",0,1,0,3,0,0,0,0,0,0,F,F,"1924NY1.EVN.regular.event.csv",78
"NY1192404160","BRO",1,0,0,3,0,"BBBB",0,0,"neisb101","?","neisb101","?","bentj101","?","bentj101","?","gowdh101","kellg101","frisf101","grohh101","jackt101","meusi101","soutb101","younr101","","","","W","T","F",8,1,14,"T","F",0,"F","F",0,"F","F",0,"F","F",0,"","F","F","",0,0,"N",0,"N",0,"N",1,0,0,0,"","","","","F","F","F","F","F","F","F","F","F","","","","T","F","F","F","F","","","","",0,0,0,0,0,0,0,0,0,1,"NY1","BRO","NY1",0,"T","F",0,0,0,0,0,"T","F",0,1,"T","T","johnj107","wheaz101","T","T",0,0,0,0,0,0,0,0,0,"","","",4,4,0,0,0,0,0,0,0,0,0,0,0,"","F","F","F","F",0,0,0,0,0,0,0,0,0,0,F,F,"1924NY1.EVN.regular.event.csv",79
"NY1192404160","BRO",1,0,0,2,2,"BBKKK",0,0,"johnj107","?","johnj107","?","bentj101","?","bentj101","?","gowdh101","kellg101","frisf101","grohh101","jackt101","meusi101","soutb101","younr101","neisb101","","","K","F","F",5,2,3,"T","T",0,"F","F",1,"F","F",0,"F","F",0,"","F","F","",0,0,"N",0,"N",0,"N",0,1,0,0,"2","","","","F","F","F","F","F","F","F","F","F","bentj101","","","F","F","F","F","F","","","","",0,2,0,0,0,0,0,0,0,2,"NY1","BRO","NY1",0,"F","F",0,0,0,1,1,"T","F",1,1,"T","T","wheaz101","fourj101","T","T",8,1,1,0,0,0,0,0,0,"gowdh101","","",2,2,0,0,0,0,3,0,0,0,0,3,0,"","F","F","F","F",0,0,0,0,0,0,0,0,0,0,F,F,"1924NY1.EVN.regular.event.csv",80
"NY1192404160","BRO",1,0,1,0,0,"",0,0,"wheaz101","?","wheaz101","?","bentj101","?","bentj101","?","gowdh101","kellg101","frisf101","grohh101","jackt101","meusi101","soutb101","younr101","neisb101","","","6/P","F","F",7,3,2,"T","T",0,"F","F",1,"F","F",0,"F","F",6,"P","F","F","",0,0,"N",0,"N",0,"N",0,1,0,0,"6","","","","F","F","F","F","F","F","F","F","F","bentj101","","","F","F","F","F","F","","","","",0,6,0,0,0,0,0,0,0,3,"NY1","BRO","NY1",0,"F","F",0,0,0,2,2,"T","F",1,1,"T","T","fourj101","bailg101","T","T",8,1,1,0,0,0,0,0,0,"gowdh101","","",0,0,0,0,0,0,0,0,0,0,0,0,0,"jackt101","F","F","F","F",0,0,0,0,0,0,0,0,0,0,F,F,"1924NY1.EVN.regular.event.csv",81
"NY1192404160","BRO",1,0,2,0,0,"",0,0,"fourj101","?","fourj101","?","bentj101","?","bentj101","?","gowdh101","kellg101","frisf101","grohh101","jackt101","meusi101","soutb101","younr101","neisb101","","","SB2","F","F",3,4,4,"F","F",0,"F","F",0,"F","F",0,"F","F",0,"","F","F","",0,0,"N",0,"N",0,"N",0,2,0,0,"","","","","T","F","F","F","F","F","F","F","F","bentj101","","","F","F","F","F","F","","","","",0,0,0,0,0,0,0,0,0,4,"NY1","BRO","NY1",0,"F","F",0,0,0,3,3,"T","F",1,2,"T","T","bailg101","klugj101","T","T",8,1,1,0,0,0,0,0,0,"gowdh101","","",0,0,0,0,0,0,0,0,0,0,0,0,0,"","F","F","F","F",0,0,0,0,0,0,0,0,0,0,F,F,"1924NY1.EVN.regular.event.csv",82
"NY1192404160","BRO",1,0,2,0,0,"",0,0,"fourj101","?","fourj101","?","bentj101","?","bentj101","?","gowdh101","kellg101","frisf101","grohh101","jackt101","meusi101","soutb101","younr101","","neisb101","","K","F","F",3,4,3,"T","T",0,"F","F",1,"F","F",0,"F","F",0,"","F","F","",0,0,"N",0,"N",0,"N",0,0,2,0,"2","","","","F","F","F","F","F","F","F","F","F","","bentj101","","F","F","F","F","F","","","","",0,2,0,0,0,0,0,0,0,5,"NY1","BRO","NY1",0,"F","T",0,0,0,3,3,"F","F",2,2,"T","T","bailg101","klugj101","T","T",0,0,0,8,1,1,0,0,0,"","gowdh101","",0,0,0,0,0,0,0,0,0,0,0,0,0,"","F","F","F","F",0,0,0,0,0,0,0,0,0,0,F,F,"1924NY1.EVN.regular.event.csv",83
"NY1192404160","BRO",1,1,0,0,0,"",0,0,"soutb101","?","soutb101","?","grimb101","?","grimb101","?","debeh101","fourj101","klugj101","johnj107","joneb104","wheaz101","neisb101","bailg101","","","","W","T","F",8,1,14,"T","F",0,"F","F",0,"F","F",0,"F","F",0,"","F","F","",0,0,"N",0,"N",0,"N",1,0,0,0,"","","","","F","F","F","F","F","F","F","F","F","","","","F","F","F","F","F","","","","",0,0,0,0,0,0,0,0,0,6,"NY1","NY1","BRO",1,"T","F",0,0,0,0,0,"T","F",0,1,"T","T","grohh101","frisf101","T","T",0,0,0,0,0,0,0,0,0,"","","",0,0,0,0,0,0,0,0,0,0,0,0,0,"","F","F","F","F",4,0,0,0,2,0,0,0,0,0,F,F,"1924NY1.EVN.regular.event.csv",84
"NY1192404160","BRO",1,1,0,0,0,"",0,0,"grohh101","?","grohh101","?","grimb101","?","grimb101","?","debeh101","fourj101","klugj101","johnj107","joneb104","wheaz101","neisb101","bailg101","soutb101","","","S9/4.1-2","F","F",5,2,20,"T","T",1,"F","F",0,"F","F",0,"F","F",9,"","F","F","4",0,0,"N",0,"N",0,"N",1,2,0,0,"","","","","F","F","F","F","F","F","F","F","F","grimb101","","","F","F","F","F","F","","","","",0,0,0,0,0,0,0,0,0,7,"NY1","NY1","BRO",1,"F","F",0,0,0,1,1,"T","F",1,3,"T","T","frisf101","younr101","T","T",8,1,6,0,0,0,0,0,0,"debeh101","","",0,0,0,0,0,0,0,0,0,0,0,0,0,"bailg101","F","F","F","F",0,4,0,0,2,0,0,0,0,0,F,F,"1924NY1.EVN.regular.event.csv",85
"NY1192404160","BRO",1,1,0,0,0,"",0,0,"frisf101","?","frisf101","?","grimb101","?","grimb101","?","debeh101","fourj101","klugj101","johnj107","joneb104","wheaz101","neisb101","bailg101","grohh101","soutb101","","64(1)/FO.2-3","F","F",4,3,2,"T","T",0,"F","F",1,"F","F",0,"F","F",6,"G","F","F","",0,0,"N",0,"N",0,"N",1,0,3,0,"","64","","","F","F","F","F","F","F","F","F","F","grimb101","grimb101","","F","F","F","F","F","","","","",0,4,0,0,6,0,0,0,0,8,"NY1","NY1","BRO",1,"F","F",0,0,0,2,2,"T","F",3,5,"T","T","younr101","meusi101","T","T",5,2,7,8,1,6,0,0,0,"debeh101","debeh101","",0,0,0,0,0,0,0,0,0,0,0,0,0,"joneb104","T","F","F","F",5,0,4,0,2,0,0,0,0,0,F,F,"1924NY1.EVN.regular.event.csv",86
"NY1192404160","BRO",1,1,1,0,0,"",0,0,"younr101","?","younr101","?","grimb101","?","grimb101","?","debeh101","fourj101","klugj101","johnj107","joneb104","wheaz101","neisb101","bailg101","frisf101","","soutb101","W.1-2","F","F",9,4,14,"T","F",0,"F","F",0,"F","F",0,"F","F",0,"","F","F","",0,0,"N",0,"N",0,"N",1,2,0,3,"","","","","F","F","F","F","F","F","F","F","F","grimb101","","grimb101","F","F","F","F","F","","","","",0,0,0,0,0,0,0,0,0,9,"NY1","NY1","BRO",1,"F","F",0,0,0,3,3,"T","F",5,7,"T","T","meusi101","kellg101","T","T",4,3,8,0,0,0,8,1,6,"debeh101","","debeh101",0,0,0,0,0,0,0,0,0,0,0,0,0,"","F","F","F","F",0,5,0,4,2,0,0,0,0,0,F,F,"1924NY1.EVN.regular.event.csv",87
"NY1192404160","BRO",1,1,1,0,0,"",0,0,"meusi101","?","meusi101","?","grimb101","?","grimb101","?","debeh101","fourj101","klugj101","johnj107","joneb104","wheaz101","neisb101","bailg101","younr101","frisf101","soutb101","8/SF.3-H;2-3","F","F",7,5,2,"T","F",0,"F","T",1,"F","F",1,"F","F",8,"F","F","F","",0,0,"N",0,"N",0,"N",0,1,3,4,"8","","","","F","F","F","F","F","F","F","F","F","grimb101","grimb101","grimb101","F","F","F","F","F","","","","",0,8,0,0,0,0,0,0,0,10,"NY1","NY1","BRO",1,"F","F",0,0,0,4,4,"T","F",7,5,"T","T","kellg101","jackt101","T","T",9,4,9,4,3,8,8,1,6,"debeh101","debeh101","debeh101",0,0,0,0,0,0,0,0,0,0,0,0,1,"neisb101","F","F","F","F",0,0,5,4,1,0,0,0,0,0,F,F,"1924NY1.EVN.regular.event.csv",88
"NY1192404160","BRO",1,1,2,0,0,"",0,1,"kellg101","?","kellg101","?","grimb101","?","grimb101","?","debeh101","fourj101","klugj101","johnj107","joneb104","wheaz101","neisb101","bailg101","younr101","","frisf101","E5/G.3-H(NR)(UR);1-2;B-1","F","F",3,6,18,"T","T",0,"F","F",0,"F","F",0,"F","F",5,"G","F","F","",1,5,"F",0,"N",0,"N",1,2,0,5,"","","","","F","F","F","F","F","F","F","F","F","grimb101","","grimb101","F","F","F","F","F","","","","",0,0,0,0,0,0,0,0,0,11,"NY1","NY1","BRO",1,"F","F",1,0,1,5,5,"T","F",5,3,"T","T","jackt101","gowdh101","T","T",9,4,9,0,0,0,4,3,8,"debeh101","","debeh101",0,0,0,0,0,0,0,0,0,0,0,0,1,"johnj107","F","F","F","T",0,0,0,5,0,0,0,0,0,0,F,F,"1924NY1.EVN.regular.event.csv",89
"NY1192404160","BRO",1,1,2,0,0,"",0,2,"jackt101","?","jackt101","?","grimb101","?","grimb101","?","debeh101","fourj101","klugj101","johnj107","joneb104","wheaz101","neisb101","bailg101","kellg101","younr101","","K","F","F",6,7,3,"T","T",0,"F","F",1,"F","F",0,"F","F",0,"","F","F","",0,0,"N",0,"N",0,"N",0,1,2,0,"2","","","","F","F","F","F","F","F","F","F","F","grimb101","grimb101","","F","F","F","F","F","","","","",0,2,0,0,0,0,0,0,0,12,"NY1","NY1","BRO",1,"F","T",2,0,2,6,6,"T","F",3,3,"T","T","gowdh101","bentj101","T","T",3,6,11,9,4,9,0,0,0,"debeh101","debeh101","",0,0,0,0,0,0,0,0,0,0,0,0,0,"","F","F","F","F",0,0,0,0,0,0,0,0,0,0,F,F,"1924NY1.EVN.regular.event.csv",90
"NY1192404160","BRO",2,0,0,0,0,"",0,2,"bailg101","?","bailg101","?","bentj101","?","bentj101","?","gowdh101","kellg101","frisf101","grohh101","jackt101","meusi101","soutb101","younr101","","","","K/C","T","F",9,5,3,"T","T",0,"F","F",1,"F","F",0,"F","F",0,"","F","F","",0,0,"N",0,"N",0,"N",0,0,0,0,"2","","","","F","F","F","F","F","F","F","F","F","","","","F","F","F","F","F","","","","",0,2,0,0,0,0,0,0,0,13,"NY1","BRO","NY1",0,"T","F",0,2,0,4,0,"T","F",0,0,"T","T","klugj101","joneb104","T","T",0,0,0,0,0,0,0,0,0,"","","",0,0,0,0,0,0,0,0,0,0,0,0,0,"","F","F","F","F",0,0,0,0,0,0,0,0,0,0,F,F,"1924NY1.EVN.regular.event.csv",91
"NY1192404160","BRO",2,0,1,0,0,"",0,2,"klugj101","?","klugj101","?","bentj101","?","bentj101","?","gowdh101","kellg101","frisf101","grohh101","jackt101","meusi101","soutb101","younr101","","","","53","F","F",4,6,2,"T","T",0,"F","F",1,"F","F",0,"F","F",5,"G","F","F","",0,0,"N",0,"N",0,"N",0,0,0,0,"53","","","","F","F","F","F","F","F","F","F","F","","","","F","F","F","F","F","","","","",0,3,0,0,5,0,0,0,0,14,"NY1","BRO","NY1",0,"F","F",0,2,0,5,1,"T","F",0,0,"T","T","joneb104","debeh101","T","T",0,0,0,0,0,0,0,0,0,"","","",0,0,0,0,0,0,0,0,0,0,0,0,0,"grohh101","F","F","F","F",0,0,0,0,0,0,0,0,0,0,F,F,"1924NY1.EVN.regular.event.csv",92
"NY1192404160","BRO",2,0,2,0,0,"",0,2,"joneb104","?","joneb104","?","bentj101","?","bentj101","?","gowdh101","kellg101","frisf101","grohh101","jackt101","meusi101","soutb101","younr101","","","","63","F","F",6,7,2,"T","T",0,"F","F",1,"F","F",0,"F","F",6,"G","F","F","",0,0,"N",0,"N",0,"N",0,0,0,0,"63","","","","F","F","F","F","F","F","F","F","F","","","","F","F","F","F","F","","","","",0,3,0,0,6,0,0,0,0,15,"NY1","BRO","NY1",0,"F","T",0,2,0,6,2,"T","F",0,0,"T","T","debeh101","grimb101","T","T",0,0,0,0,0,0,0,0,0,"","","",0,0,0,0,0,0,0,0,0,0,0,0,0,"jackt101","F","F","F","F",0,0,0,0,0,0,0,0,0,0,F,F,"1924NY1.EVN.regular.event.csv",93
"NY1192404160","BRO",2,1,0,0,0,"",0,2,"gowdh101","?","gowdh101","?","grimb101","?","grimb101","?","debeh101","fourj101","klugj101","johnj107","joneb104","wheaz101","neisb101","bailg101","","","","13","T","F",2,8,2,"T","T",0,"F","F",1,"F","F",0,"F","F",1,"G","F","F","",0,0,"N",0,"N",0,"N",0,0,0,0,"13","","","","F","F","F","F","F","F","F","F","F","","","","F","F","F","F","F","","","","",0,3,0,0,1,0,0,0,0,16,"NY1","NY1","BRO",1,"T","F",2,0,0,7,0,"T","F",0,0,"T","T","bentj101","soutb101","T","T",0,0,0,0,0,0,0,0,0,"","","",0,0,0,0,0,0,0,0,0,0,0,0,0,"grimb101","F","F","F","F",0,0,0,0,0,0,0,0,0,0,F,F,"1924NY1.EVN.regular.event.csv",94
"NY1192404160","BRO",2,1,1,0,0,"",0,2,"bentj101","?","bentj101","?","grimb101","?","grimb101","?","debeh101","fourj101","klugj101","johnj107","joneb104","wheaz101","neisb101","bailg101","","","","W","F","F",1,9,14,"T","F",0,"F","F",0,"F","F",0,"F","F",0,"","F","F","",0,0,"N",0,"N",0,"N",1,0,0,0,"","","","","F","F","F","F","F","F","F","F","F","","","","F","F","F","F","F","","","","",0,0,0,0,0,0,0,0,0,17,"NY1","NY1","BRO",1,"F","F",2,0,0,8,1,"T","F",0,1,"T","T","soutb101","grohh101","T","T",0,0,0,0,0,0,0,0,0,"","","",0,0,0,0,0,0,0,0,0,0,0,0,0,"","F","F","F","F",0,0,0,0,0,0,0,0,0,0,F,F,"1924NY1.EVN.regular.event.csv",95
"NY1192404160","BRO",2,1,1,0,0,"",0,2,"soutb101","?","soutb101","?","grimb101","?","grimb101","?","debeh101","fourj101","klugj101","johnj107","joneb104","wheaz101","neisb101","bailg101","bentj101","","","W.1-2","F","F",8,1,14,"T","F",0,"F","F",0,"F","F",0,"F","F",0,"","F","F","",0,0,"N",0,"N",0,"N",1,2,0,0,"","","","","F","F","F","F","F","F","F","F","F","grimb101","","","F","F","F","F","F","","","","",0,0,0,0,0,0,0,0,0,18,"NY1","NY1","BRO",1,"F","F",2,0,0,9,2,"T","F",1,3,"T","T","grohh101","frisf101","T","T",1,9,17,0,0,0,0,0,0,"debeh101","","",0,0,0,0,0,0,0,0,0,0,0,0,0,"","F","F","F","F",0,0,0,0,0,0,0,0,0,0,F,F,"1924NY1.EVN.regular.event.csv",96
"NY1192404160","BRO",2,1,1,0,0,"",0,2,"grohh101","?","grohh101","?","grimb101","?","grimb101","?","debeh101","fourj101","klugj101","johnj107","joneb104","wheaz101","neisb101","bailg101","soutb101","bentj101","","9/F.2-3","F","F",5,2,2,"T","T",0,"F","F",1,"F","F",0,"F","F",9,"F","F","F","",0,0,"N",0,"N",0,"N",0,1,3,0,"9","","","","F","F","F","F","F","F","F","F","F","grimb101","grimb101","","F","F","F","F","F","","","","",0,9,0,0,0,0,0,0,0,19,"NY1","NY1","BRO",1,"F","F",2,0,0,10,3,"T","F",3,5,"T","T","frisf101","younr101","T","T",8,1,18,1,9,17,0,0,0,"debeh101","debeh101","",0,0,0,0,0,0,0,0,0,0,0,0,0,"bailg101","F","F","F","F",0,0,0,0,0,0,0,0,0,0,F,F,"1924NY1.EVN.regular.event.csv",97
"NY1192404160","BRO",2,1,2,0,0,"",0,2,"frisf101","?","frisf101","?","grimb101","?","grimb101","?","debeh101","fourj101","klugj101","johnj107","joneb104","wheaz101","neisb101","bailg101","soutb101","","bentj101","6/P","F","F",4,3,2,"T","T",0,"F","F",1,"F","F",0,"F","F",6,"P","F","F","",0,0,"N",0,"N",0,"N",0,1,0,3,"6","","","","F","F","F","F","F","F","F","F","F","grimb101","","grimb101","F","F","F","F","F","","","","",0,6,0,0,0,0,0,0,0,20,"NY1","NY1","BRO",1,"F","T",2,0,0,11,4,"T","F",5,5,"T","T","younr101","meusi101","T","T",8,1,18,0,0,0,1,9,17,"debeh101","","debeh101",0,0,0,0,0,0,0,0,0,0,0,0,0,"joneb104","F","F","F","F",0,0,0,0,0,0,0,0,0,0,F,F,"1924NY1.EVN.regular.event.csv",98
"NY1192404160","BRO",3,0,0,0,0,"",0,2,"debeh101","?","debeh101","?","bentj101","?","bentj101","?","gowdh101","kellg101","frisf101","grohh101","jackt101","meusi101","soutb101","younr101","","","","W","T","F",2,8,14,"T","F",0,"F","F",0,"F","F",0,"F","F",0,"","F","F","",0,0,"N",0,"N",0,"N",1,0,0,0,"","","","","F","F","F","F","F","F","F","F","F","","","","F","F","F","F","F","","","","",0,0,0,0,0,0,0,0,0,21,"NY1","BRO","NY1",0,"T","F",0,2,0,7,0,"T","F",0,1,"T","T","grimb101","neisb101","T","T",0,0,0,0,0,0,0,0,0,"","","",0,0,0,0,0,0,0,0,0,0,0,0,0,"","F","F","F","F",0,0,0,0,0,0,0,0,0,0,F,F,"1924NY1.EVN.regular.event.csv",99
"NY1192404160","BRO",3,0,0,0,0,"",0,2,"grimb101","?","grimb101","?","bentj101","?","bentj101","?","gowdh101","kellg101","frisf101","grohh101","jackt101","meusi101","soutb101","younr101","debeh101","","","9/F89S","F","F",1,9,2,"T","T",0,"F","F",1,"F","F",0,"F","F",9,"F","F","F","89S",0,0,"N",0,"N",0,"N",0,1,0,0,"9","","","","F","F","F","F","F","F","F","F","F","bentj101","","","F","F","F","F","F","","","","",0,9,0,0,0,0,0,0,0,22,"NY1","BRO","NY1",0,"F","F",0,2,0,8,1,"T","F",1,1,"T","T","neisb101","johnj107","T","T",2,8,21,0,0,0,0,0,0,"gowdh101","","",0,0,0,0,0,0,0,0,0,0,0,0,0,"younr101","F","F","F","F",0,0,0,0,0,0,0,0,0,0,F,F,"1924NY1.EVN.regular.event.csv",100
"NY1192404160","BRO",3,0,1,0,0,"",0,2,"neisb101","?","neisb101","?","bentj101","?","bentj101","?","gowdh101","kellg101","frisf101","grohh101","jackt101","meusi101","soutb101","younr101","debeh101","","","54(1)/FO/G5L","F","F",8,1,2,"T","T",0,"F","F",1,"F","F",0,"F","F",5,"G","F","F","5L",0,0,"N",0,"N",0,"N",1,0,0,0,"","54","","","F","F","F","F","F","F","F","F","F","bentj101","","","F","F","F","F","F","","","","",0,4,0,0,5,0,0,0,0,23,"NY1","BRO","NY1",0,"F","F",0,2,0,9,2,"T","F",1,1,"T","T","johnj107","wheaz101","T","T",2,8,21,0,0,0,0,0,0,"gowdh101","","",0,0,0,0,0,0,0,0,0,0,0,0,0,"grohh101","T","F","F","F",0,0,0,0,0,0,0,0,0,0,F,F,"1924NY1.EVN.regular.event.csv",101
"NY1192404160","BRO",3,0,2,0,0,"",0,2,"johnj107","?","johnj107","?","bentj101","?","bentj101","?","gowdh101","kellg101","frisf101","grohh101","jackt101","meusi101","soutb101","younr101","neisb101","","","54(1)/FO/G56","F","F",5,2,2,"T","T",0,"F","F",1,"F","F",0,"F","F",5,"G","F","F","56",0,0,"N",0,"N",0,"N",1,0,0,0,"","54","","","F","F","F","F","F","F","F","F","F","bentj101","","","F","F","F","F","F","","","","",0,4,0,0,5,0,0,0,0,24,"NY1","BRO","NY1",0,"F","T",0,2,0,10,3,"T","F",1,1,"T","T","wheaz101","fourj101","T","T",8,1,23,0,0,0,0,0,0,"gowdh101","","",0,0,0,0,0,0,0,0,0,0,0,0,0,"grohh101","T","F","F","F",0,0,0,0,0,0,0,0,0,0,F,F,"1924NY1.EVN.regular.event.csv",102
"NY1192404160","BRO",3,1,0,0,0,"",0,2,"younr101","?","younr101","?","grimb101","?","grimb101","?","debeh101","fourj101","klugj101","johnj107","joneb104","wheaz101","neisb101","bailg101","","","","13","T","F",9,4,2,"T","T",0,"F","F",1,"F","F",0,"F","F",1,"G","F","F","",0,0,"N",0,"N",0,"N",0,0,0,0,"13","","","","F","F","F","F","F","F","F","F","F","","","","F","F","F","F","F","","","","",0,3,0,0,1,0,0,0,0,25,"NY1","NY1","BRO",1,"T","F",2,0,0,12,0,"T","F",0,0,"T","T","meusi101","kellg101","T","T",0,0,0,0,0,0,0,0,0,"","","",0,0,0,0,0,0,0,0,0,0,0,0,0,"grimb101","F","F","F","F",0,0,0,0,0,0,0,0,0,0,F,F,"1924NY1.EVN.regular.event.csv",103
"NY1192404160","BRO",3,1,1,0,0,"",0,2,"meusi101","?","meusi101","?","grimb101","?","grimb101","?","debeh101","fourj101","klugj101","johnj107","joneb104","wheaz101","neisb101","bailg101","","","","13","F","F",7,5,2,"T","T",0,"F","F",1,"F","F",0,"F","F",1,"G","F","F","",0,0,"N",0,"N",0,"N",0,0,0,0,"13","","","","F","F","F","F","F","F","F","F","F","","","","F","F","F","F","F","","","","",0,3,0,0,1,0,0,0,0,26,"NY1","NY1","BRO",1,"F","F",2,0,0,13,1,"T","F",0,0,"T","T","kellg101","jackt101","T","T",0,0,0,0,0,0,0,0,0,"","","",0,0,0,0,0,0,0,0,0,0,0,0,0,"grimb101","F","F","F","F",0,0,0,0,0,0,0,0,0,0,F,F,"1924NY1.EVN.regular.event.csv",104
"NY1192404160","BRO",3,1,2,0,0,"",0,2,"kellg101","?","kellg101","?","grimb101","?","grimb101","?","debeh101","fourj101","klugj101","johnj107","joneb104","wheaz101","neisb101","bailg101","","","","63","F","F",3,6,2,"T","T",0,"F","F",1,"F","F",0,"F","F",6,"G","F","F","",0,0,"N",0,"N",0,"N",0,0,0,0,"63","","","","F","F","F","F","F","F","F","F","F","","","","F","F","F","F","F","","","","",0,3,0,0,6,0,0,0,0,27,"NY1","NY1","BRO",1,"F","T",2,0,0,14,2,"T","F",0,0,"T","T","jackt101","gowdh101","T","T",0,0,0,0,0,0,0,0,0,"","","",0,0,0,0,0,0,0,0,0,0,0,0,0,"joneb104","F","F","F","F",0,0,0,0,0,0,0,0,0,0,F,F,"1924NY1.EVN.regular.event.csv",105
"NY1192404160","BRO",4,0,0,0,0,"",0,2,"wheaz101","?","wheaz101","?","bentj101","?","bentj101","?","gowdh101","kellg101","frisf101","grohh101","jackt101","meusi101","soutb101","younr101","","","","K/C","T","F",7,3,3,"T","T",0,"F","F",1,"F","F",0,"F","F",0,"","F","F","",0,0,"N",0,"N",0,"N",0,0,0,0,"2","","","","F","F","F","F","F","F","F","F","F","","","","F","F","F","F","F","","","","",0,2,0,0,0,0,0,0,0,28,"NY1","BRO","NY1",0,"T","F",0,2,0,11,0,"T","F",0,0,"T","T","fourj101","bailg101","T","T",0,0,0,0,0,0,0,0,0,"","","",0,0,0,0,0,0,0,0,0,0,0,0,0,"","F","F","F","F",0,0,0,0,0,0,0,0,0,0,F,F,"1924NY1.EVN.regular.event.csv",106
"NY1192404160","BRO",4,0,1,0,0,"",0,2,"fourj101","?","fourj101","?","bentj101","?","bentj101","?","gowdh101","kellg101","frisf101","grohh101","jackt101","meusi101","soutb101","younr101","","","","W","F","F",3,4,14,"T","F",0,"F","F",0,"F","F",0,"F","F",0,"","F","F","",0,0,"N",0,"N",0,"N",1,0,0,0,"","","","","F","F","F","F","F","F","F","F","F","","","","F","F","F","F","F","","","","",0,0,0,0,0,0,0,0,0,29,"NY1","BRO","NY1",0,"F","F",0,2,0,12,1,"T","F",0,1,"T","T","bailg101","klugj101","T","T",0,0,0,0,0,0,0,0,0,"","","",0,0,0,0,0,0,0,0,0,0,0,0,0,"","F","F","F","F",0,0,0,0,0,0,0,0,0,0,F,F,"1924NY1.EVN.regular.event.csv",107
"NY1192404160","BRO",4,0,1,0,0,"",0,2,"bailg101","?","bailg101","?","bentj101","?","bentj101","?","gowdh101","kellg101","frisf101","grohh101","jackt101","meusi101","soutb101","younr101","fourj101","","","W.1-2","F","F",9,5,14,"T","F",0,"F","F",0,"F","F",0,"F","F",0,"","F","F","",0,0,"N",0,"N",0,"N",1,2,0,0,"","","","","F","F","F","F","F","F","F","F","F","bentj101","","","F","F","F","F","F","","","","",0,0,0,0,0,0,0,0,0,30,"NY1","BRO","NY1",0,"F","F",0,2,0,13,2,"T","F",1,3,"T","T","klugj101","joneb104","T","T",3,4,29,0,0,0,0,0,0,"gowdh101","","",0,0,0,0,0,0,0,0,0,0,0,0,0,"","F","F","F","F",0,0,0,0,0,0,0,0,0,0,F,F,"1924NY1.EVN.regular.event.csv",108
"NY1192404160","BRO",4,0,1,0,0,"",0,2,"klugj101","?","klugj101","?","bentj101","?","bentj101","?","gowdh101","kellg101","frisf101","grohh101","jackt101","meusi101","soutb101","younr101","bailg101","fourj101","","4(B)6(2)/LDP","F","F",4,6,2,"T","T",0,"F","F",2,"T","F",0,"F","F",4,"L","F","F","",0,0,"N",0,"N",0,"N",0,1,0,0,"4","","46","","F","F","F","F","F","F","F","F","F","bentj101","bentj101","","F","F","F","F","F","","","","",0,4,6,0,4,0,0,0,0,31,"NY1","BRO","NY1",0,"F","T",0,2,0,14,3,"T","F",3,1,"T","T","joneb104","debeh101","T","T",9,5,30,3,4,29,0,0,0,"gowdh101","gowdh101","",0,0,0,0,0,0,0,0,0,0,0,0,0,"frisf101","F","F","F","F",0,0,0,0,0,0,0,0,0,0,F,F,"1924NY1.EVN.regular.event.csv",109
"NY1192404160","BRO",4,1,0,0,0,"",0,2,"jackt101","?","jackt101","?","grimb101","?","grimb101","?","debeh101","fourj101","klugj101","johnj107","joneb104","wheaz101","neisb101","bailg101","","","","13","T","F",6,7,2,"T","T",0,"F","F",1,"F","F",0,"F","F",1,"G","F","F","",0,0,"N",0,"N",0,"N",0,0,0,0,"13","","","","F","F","F","F","F","F","F","F","F","","","","F","F","F","F","F","","","","",0,3,0,0,1,0,0,0,0,32,"NY1","NY1","BRO",1,"T","F",2,0,0,15,0,"T","F",0,0,"T","T","gowdh101","bentj101","T","T",0,0,0,0,0,0,0,0,0,"","","",0,0,0,0,0,0,0,0,0,0,0,0,0,"grimb101","F","F","F","F",0,0,0,0,0,0,0,0,0,0,F,F,"1924NY1.EVN.regular.event.csv",110
"NY1192404160","BRO",4,1,1,0,0,"",0,2,"gowdh101","?","gowdh101","?","grimb101","?","grimb101","?","debeh101","fourj101","klugj101","johnj107","joneb104","wheaz101","neisb101","bailg101","","","","3/FL","F","F",2,8,2,"T","T",0,"F","F",1,"F","F",0,"F","F",3,"F","F","T","",0,0,"N",0,"N",0,"N",0,0,0,0,"3","","","","F","F","F","F","F","F","F","F","F","","","","F","F","F","F","F","","","","",0,3,0,0,0,0,0,0,0,33,"NY1","NY1","BRO",1,"F","F",2,0,0,16,1,"T","F",0,0,"T","T","bentj101","soutb101","T","T",0,0,0,0,0,0,0,0,0,"","","",0,0,0,0,0,0,0,0,0,0,0,0,0,"fourj101","F","F","F","F",0,0,0,0,0,0,0,0,0,0,F,F,"1924NY1.EVN.regular.event.csv",111
"NY1192404160","BRO",4,1,2,0,0,"",0,2,"bentj101","?","bentj101","?","grimb101","?","grimb101","?","debeh101","fourj101","klugj101","johnj107","joneb104","wheaz101","neisb101","bailg101","","","","7/F","F","F",1,9,2,"T","T",0,"F","F",1,"F","F",0,"F","F",7,"F","F","F","",0,0,"N",0,"N",0,"N",0,0,0,0,"7","","","","F","F","F","F","F","F","F","F","F","","","","F","F","F","F","F","","","","",0,7,0,0,0,0,0,0,0,34,"NY1","NY1","BRO",1,"F","T",2,0,0,17,2,"T","F",0,0,"T","T","soutb101","grohh101","T","T",0,0,0,0,0,0,0,0,0,"","","",0,0,0,0,0,0,0,0,0,0,0,0,0,"wheaz101","F","F","F","F",0,0,0,0,0,0,0,0,0,0,F,F,"1924NY1.EVN.regular.event.csv",112
"NY1192404160","BRO",5,0,0,0,0,"",0,2,"joneb104","?","joneb104","?","bentj101","?","bentj101","?","gowdh101","kellg101","frisf101","grohh101","jackt101","meusi101","soutb101","younr101","","","","9/F","T","F",6,7,2,"T","T",0,"F","F",1,"F","F",0,"F","F",9,"F","F","F","",0,0,"N",0,"N",0,"N",0,0,0,0,"9","","","","F","F","F","F","F","F","F","F","F","","","","F","F","F","F","F","","","","",0,9,0,0,0,0,0,0,0,35,"NY1","BRO","NY1",0,"T","F",0,2,0,15,0,"T","F",0,0,"T","T","debeh101","grimb101","T","T",0,0,0,0,0,0,0,0,0,"","","",0,0,0,0,0,0,0,0,0,0,0,0,0,"younr101","F","F","F","F",0,0,0,0,0,0,0,0,0,0,F,F,"1924NY1.EVN.regular.event.csv",113
"NY1192404160","BRO",5,0,1,0,0,"",0,2,"debeh101","?","debeh101","?","bentj101","?","bentj101","?","gowdh101","kellg101","frisf101","grohh101","jackt101","meusi101","soutb101","younr101","","","","K/C","F","F",2,8,3,"T","T",0,"F","F",1,"F","F",0,"F","F",0,"","F","F","",0,0,"N",0,"N",0,"N",0,0,0,0,"2","","","","F","F","F","F","F","F","F","F","F","","","","F","F","F","F","F","","","","",0,2,0,0,0,0,0,0,0,36,"NY1","BRO","NY1",0,"F","F",0,2,0,16,1,"T","F",0,0,"T","T","grimb101","neisb101","T","T",0,0,0,0,0,0,0,0,0,"","","",0,0,0,0,0,0,0,0,0,0,0,0,0,"","F","F","F","F",0,0,0,0,0,0,0,0,0,0,F,F,"1924NY1.EVN.regular.event.csv",114
"NY1192404160","BRO",5,0,2,0,0,"",0,2,"grimb101","?","grimb101","?","bentj101","?","bentj101","?","gowdh101","kellg101","frisf101","grohh101","jackt101","meusi101","soutb101","younr101","","","","13","F","F",1,9,2,"T","T",0,"F","F",1,"F","F",0,"F","F",1,"G","F","F","",0,0,"N",0,"N",0,"N",0,0,0,0,"13","","","","F","F","F","F","F","F","F","F","F","","","","F","F","F","F","F","","","","",0,3,0,0,1,0,0,0,0,37,"NY1","BRO","NY1",0,"F","T",0,2,0,17,2,"T","F",0,0,"T","T","neisb101","johnj107","T","T",0,0,0,0,0,0,0,0,0,"","","",0,0,0,0,0,0,0,0,0,0,0,0,0,"bentj101","F","F","F","F",0,0,0,0,0,0,0,0,0,0,F,F,"1924NY1.EVN.regular.event.csv",115
"NY1192404160","BRO",5,1,0,0,0,"",0,2,"soutb101","?","soutb101","?","grimb101","?","grimb101","?","debeh101","fourj101","klugj101","johnj107","joneb104","wheaz101","neisb101","bailg101","","","","53","T","F",8,1,2,"T","T",0,"F","F",1,"F","F",0,"F","F",5,"G","F","F","",0,0,"N",0,"N",0,"N",0,0,0,0,"53","","","","F","F","F","F","F","F","F","F","F","","","","F","F","F","F","F","","","","",0,3,0,0,5,0,0,0,0,38,"NY1","NY1","BRO",1,"T","F",2,0,0,18,0,"T","F",0,0,"T","T","grohh101","frisf101","T","T",0,0,0,0,0,0,0,0,0,"","","",0,0,0,0,0,0,0,0,0,0,0,0,0,"johnj107","F","F","F","F",0,0,0,0,2,0,0,0,0,0,F,F,"1924NY1.EVN.regular.event.csv",116
"NY1192404160","BRO",5,1,1,0,0,"",0,2,"grohh101","?","grohh101","?","grimb101","?","grimb101","?","debeh101","fourj101","klugj101","johnj107","joneb104","wheaz101","neisb101","bailg101","","","","S8/G4M","F","F",5,2,20,"T","T",1,"F","F",0,"F","F",0,"F","F",8,"G","F","F","4M",0,0,"N",0,"N",0,"N",1,0,0,0,"","","","","F","F","F","F","F","F","F","F","F","","","","F","F","F","F","F","","","","",0,0,0,0,0,0,0,0,0,39,"NY1","NY1","BRO",1,"F","F",2,0,0,19,1,"T","F",0,1,"T","T","frisf101","younr101","T","T",0,0,0,0,0,0,0,0,0,"","","",0,0,0,0,0,0,0,0,0,0,0,0,0,"neisb101","F","F","F","F",4,0,0,0,2,0,0,0,0,0,F,F,"1924NY1.EVN.regular.event.csv",117
"NY1192404160","BRO",5,1,1,0,0,"",0,2,"frisf101","?","frisf101","?","grimb101","?","grimb101","?","debeh101","fourj101","klugj101","johnj107","joneb104","wheaz101","neisb101","bailg101","grohh101","","","WP.1-2","F","F",4,3,9,"F","F",0,"F","F",0,"F","F",0,"T","F",0,"","F","F","",0,0,"N",0,"N",0,"N",0,2,0,0,"","","","","F","F","F","F","F","F","F","F","F","grimb101","","","F","F","F","F","F","","","","",0,0,0,0,0,0,0,0,0,40,"NY1","NY1","BRO",1,"F","F",2,0,0,20,2,"T","F",1,2,"T","T","younr101","meusi101","T","T",5,2,39,0,0,0,0,0,0,"debeh101","","",0,0,0,0,0,0,0,0,0,0,0,0,0,"","F","F","F","F",0,4,0,0,2,0,0,0,0,0,F,F,"1924NY1.EVN.regular.event.csv",118
"NY1192404160","BRO",5,1,1,0,0,"",0,2,"frisf101","?","frisf101","?","grimb101","?","grimb101","?","debeh101","fourj101","klugj101","johnj107","joneb104","wheaz101","neisb101","bailg101","","grohh101","","HR/F9D.2-H","F","F",4,3,23,"T","T",4,"F","F",0,"F","F",2,"F","F",0,"F","F","F","9D",0,0,"N",0,"N",0,"N",4,0,4,0,"","","","","F","F","F","F","F","F","F","F","F","","grimb101","","F","F","F","F","F","","","","",0,0,0,0,0,0,0,0,0,41,"NY1","NY1","BRO",1,"F","F",2,0,0,20,2,"F","F",2,0,"T","T","younr101","meusi101","T","T",0,0,0,5,2,39,0,0,0,"","debeh101","",0,0,0,0,0,0,0,0,0,0,0,0,2,"","F","F","F","F",4,0,4,0,0,0,0,0,0,0,F,F,"1924NY1.EVN.regular.event.csv",119
"NY1192404160","BRO",5,1,1,0,0,"",0,4,"younr101","?","younr101","?","grimb101","?","grimb101","?","debeh101","fourj101","klugj101","johnj107","joneb104","wheaz101","neisb101","bailg101","","","","13","F","F",9,4,2,"T","T",0,"F","F",1,"F","F",0,"F","F",1,"G","F","F","",0,0,"N",0,"N",0,"N",0,0,0,0,"13","","","","F","F","F","F","F","F","F","F","F","","","","F","F","F","F","F","","","","",0,3,0,0,1,0,0,0,0,42,"NY1","NY1","BRO",1,"F","F",4,0,2,21,3,"T","F",0,0,"T","T","meusi101","kellg101","T","T",0,0,0,0,0,0,0,0,0,"","","",0,0,0,0,0,0,0,0,0,0,0,0,0,"grimb101","F","F","F","F",0,0,0,0,0,0,0,0,0,0,F,F,"1924NY1.EVN.regular.event.csv",120
"NY1192404160","BRO",5,1,2,0,0,"",0,4,"meusi101","?","meusi101","?","grimb101","?","grimb101","?","debeh101","fourj101","klugj101","johnj107","joneb104","wheaz101","neisb101","bailg101","","","","E6/TH1.B-1","F","F",7,5,18,"T","T",0,"F","F",0,"F","F",0,"F","F",6,"G","F","F","",1,6,"T",0,"N",0,"N",1,0,0,0,"","","","","F","F","F","F","F","F","F","F","F","","","","F","F","F","F","F","","","","",0,0,0,0,0,0,0,0,0,43,"NY1","NY1","BRO",1,"F","F",4,0,2,22,4,"T","F",0,1,"T","T","kellg101","jackt101","T","T",0,0,0,0,0,0,0,0,0,"","","",0,0,0,0,0,0,0,0,0,0,0,0,0,"joneb104","F","F","F","T",0,0,0,0,0,0,0,0,0,0,F,F,"1924NY1.EVN.regular.event.csv",121
"NY1192404160","BRO",5,1,2,0,0,"",0,4,"kellg101","?","kellg101","?","grimb101","?","grimb101","?","debeh101","fourj101","klugj101","johnj107","joneb104","wheaz101","neisb101","bailg101","meusi101","","","SB2.1-2(PB)","F","F",3,6,4,"F","F",0,"F","F",0,"F","F",0,"F","T",0,"","F","F","",0,0,"N",0,"N",0,"N",0,2,0,0,"","","","","T","F","F","F","F","F","F","F","F","grimb101","","","F","F","F","F","F","","","","",0,0,0,0,0,0,0,0,0,44,"NY1","NY1","BRO",1,"F","F",4,0,2,23,5,"T","F",1,2,"T","T","jackt101","gowdh101","T","T",7,5,43,0,0,0,0,0,0,"debeh101","","",0,0,0,0,0,0,0,0,0,0,0,0,0,"","F","F","F","F",0,0,0,0,0,0,0,0,0,0,F,F,"1924NY1.EVN.regular.event.csv",122
"NY1192404160","BRO",5,1,2,0,0,"",0,4,"kellg101","?","kellg101","?","grimb101","?","grimb101","?","debeh101","fourj101","klugj101","johnj107","joneb104","wheaz101","neisb101","bailg101","","meusi101","","K/C","F","F",3,6,3,"T","T",0,"F","F",1,"F","F",0,"F","F",0,"","F","F","",0,0,"N",0,"N",0,"N",0,0,2,0,"2","","","","F","F","F","F","F","F","F","F","F","","grimb101","","F","F","F","F","F","","","","",0,2,0,0,0,0,0,0,0,45,"NY1","NY1","BRO",1,"F","T",4,0,2,23,5,"F","F",2,2,"T","T","jackt101","gowdh101","T","T",0,0,0,7,5,43,0,0,0,"","debeh101","",0,0,0,0,0,0,0,0,0,0,0,0,0,"","F","F","F","F",0,0,0,0,0,0,0,0,0,0,F,F,"1924NY1.EVN.regular.event.csv",123
"NY1192404160","BRO",6,0,0,0,0,"",0,4,"neisb101","?","neisb101","?","bentj101","?","bentj101","?","gowdh101","kellg101","frisf101","grohh101","jackt101","meusi101","soutb101","younr101","","","","W","T","F",8,1,14,"T","F",0,"F","F",0,"F","F",0,"F","F",0,"","F","F","",0,0,"N",0,"N",0,"N",1,0,0,0,"","","","","F","F","F","F","F","F","F","F","F","","","","F","F","F","F","F","","","","",0,0,0,0,0,0,0,0,0,46,"NY1","BRO","NY1",0,"T","F",0,4,0,18,0,"T","F",0,1,"T","T","johnj107","wheaz101","T","T",0,0,0,0,0,0,0,0,0,"","","",0,0,0,0,0,0,0,0,0,0,0,0,0,"","F","F","F","F",0,0,0,0,0,0,0,0,0,0,F,F,"1924NY1.EVN.regular.event.csv",124
"NY1192404160","BRO",6,0,0,0,0,"",0,4,"johnj107","?","johnj107","?","bentj101","?","bentj101","?","gowdh101","kellg101","frisf101","grohh101","jackt101","meusi101","soutb101","younr101","neisb101","","","2/FL","F","F",5,2,2,"T","T",0,"F","F",1,"F","F",0,"F","F",2,"F","F","T","",0,0,"N",0,"N",0,"N",0,1,0,0,"2","","","","F","F","F","F","F","F","F","F","F","bentj101","","","F","F","F","F","F","","","","",0,2,0,0,0,0,0,0,0,47,"NY1","BRO","NY1",0,"F","F",0,4,0,19,1,"T","F",1,1,"T","T","wheaz101","fourj101","T","T",8,1,46,0,0,0,0,0,0,"gowdh101","","",0,0,0,0,0,0,0,0,0,0,0,0,0,"gowdh101","F","F","F","F",0,0,0,0,0,0,0,0,0,0,F,F,"1924NY1.EVN.regular.event.csv",125
"NY1192404160","BRO",6,0,1,0,0,"",0,4,"wheaz101","?","wheaz101","?","bentj101","?","bentj101","?","gowdh101","kellg101","frisf101","grohh101","jackt101","meusi101","soutb101","younr101","neisb101","","","K","F","F",7,3,3,"T","T",0,"F","F",1,"F","F",0,"F","F",0,"","F","F","",0,0,"N",0,"N",0,"N",0,1,0,0,"2","","","","F","F","F","F","F","F","F","F","F","bentj101","","","F","F","F","F","F","","","","",0,2,0,0,0,0,0,0,0,48,"NY1","BRO","NY1",0,"F","F",0,4,0,20,2,"T","F",1,1,"T","T","fourj101","bailg101","T","T",8,1,46,0,0,0,0,0,0,"gowdh101","","",0,0,0,0,0,0,0,0,0,0,0,0,0,"","F","F","F","F",0,0,0,0,0,0,0,0,0,0,F,F,"1924NY1.EVN.regular.event.csv",126
"NY1192404160","BRO",6,0,2,0,0,"",0,4,"fourj101","?","fourj101","?","bentj101","?","bentj101","?","gowdh101","kellg101","frisf101","grohh101","jackt101","meusi101","soutb101","younr101","neisb101","","","43","F","F",3,4,2,"T","T",0,"F","F",1,"F","F",0,"F","F",4,"G","F","F","",0,0,"N",0,"N",0,"N",0,1,0,0,"43","","","","F","F","F","F","F","F","F","F","F","bentj101","","","F","F","F","F","F","","","","",0,3,0,0,4,0,0,0,0,49,"NY1","BRO","NY1",0,"F","T",0,4,0,21,3,"T","F",1,1,"T","T","bailg101","klugj101","T","T",8,1,46,0,0,0,0,0,0,"gowdh101","","",0,0,0,0,0,0,0,0,0,0,0,0,0,"frisf101","F","F","F","F",0,0,0,0,0,0,0,0,0,0,F,F,"1924NY1.EVN.regular.event.csv",127
"NY1192404160","BRO",6,1,0,0,0,"",0,4,"jackt101","?","jackt101","?","grimb101","?","grimb101","?","debeh101","fourj101","klugj101","johnj107","joneb104","wheaz101","neisb101","bailg101","","","","8/F8XD","T","F",6,7,2,"T","T",0,"F","F",1,"F","F",0,"F","F",8,"F","F","F","8XD",0,0,"N",0,"N",0,"N",0,0,0,0,"8","","","","F","F","F","F","F","F","F","F","F","","","","F","F","F","F","F","","","","",0,8,0,0,0,0,0,0,0,50,"NY1","NY1","BRO",1,"T","F",4,0,0,24,0,"T","F",0,0,"T","T","gowdh101","bentj101","T","T",0,0,0,0,0,0,0,0,0,"","","",0,0,0,0,0,0,0,0,0,0,0,0,0,"neisb101","F","F","F","F",0,0,0,0,2,0,0,0,0,0,F,F,"1924NY1.EVN.regular.event.csv",128
"NY1192404160","BRO",6,1,1,0,0,"",0,4,"gowdh101","?","gowdh101","?","grimb101","?","grimb101","?","debeh101","fourj101","klugj101","johnj107","joneb104","wheaz101","neisb101","bailg101","","","","E4/G","F","F",2,8,18,"T","T",0,"F","F",0,"F","F",0,"F","F",4,"G","F","F","",1,4,"F",0,"N",0,"N",1,0,0,0,"","","","","F","F","F","F","F","F","F","F","F","","","","F","F","F","F","F","","","","",0,0,0,0,0,0,0,0,0,51,"NY1","NY1","BRO",1,"F","F",4,0,0,25,1,"T","F",0,1,"T","T","bentj101","soutb101","T","T",0,0,0,0,0,0,0,0,0,"","","",0,0,0,0,0,0,0,0,0,0,0,0,0,"klugj101","F","F","F","T",5,0,0,0,2,0,0,0,0,0,F,F,"1924NY1.EVN.regular.event.csv",129
"NY1192404160","BRO",6,1,1,0,0,"",0,4,"bentj101","?","bentj101","?","grimb101","?","grimb101","?","debeh101","fourj101","klugj101","johnj107","joneb104","wheaz101","neisb101","bailg101","gowdh101","","","S7.1-2","F","F",1,9,20,"T","T",1,"F","F",0,"F","F",0,"F","F",7,"","F","F","",0,0,"N",0,"N",0,"N",1,2,0,0,"","","","","F","F","F","F","F","F","F","F","F","grimb101","","","F","F","F","F","F","","","","",0,0,0,0,0,0,0,0,0,52,"NY1","NY1","BRO",1,"F","F",4,0,0,26,2,"T","F",1,3,"T","T","soutb101","grohh101","T","T",2,8,51,0,0,0,0,0,0,"debeh101","","",0,0,0,0,0,0,0,0,0,0,0,0,0,"wheaz101","F","F","F","F",5,5,0,0,2,0,0,0,0,0,F,F,"1924NY1.EVN.regular.event.csv",130
"NY1192404160","BRO",6,1,1,0,0,"",0,4,"soutb101","?","soutb101","?","grimb101","?","grimb101","?","debeh101","fourj101","klugj101","johnj107","joneb104","wheaz101","neisb101","bailg101","bentj101","gowdh101","","4/L","F","F",8,1,2,"T","T",0,"F","F",1,"F","F",0,"F","F",4,"L","F","F","",0,0,"N",0,"N",0,"N",0,1,2,0,"4","","","","F","F","F","F","F","F","F","F","F","grimb101","grimb101","","F","F","F","F","F","","","","",0,4,0,0,0,0,0,0,0,53,"NY1","NY1","BRO",1,"F","F",4,0,0,27,3,"T","F",3,3,"T","T","grohh101","frisf101","T","T",1,9,52,2,8,51,0,0,0,"debeh101","debeh101","",0,0,0,0,0,0,0,0,0,0,0,0,0,"klugj101","F","F","F","F",0,5,5,0,2,0,0,0,0,0,F,F,"1924NY1.EVN.regular.event.csv",131
"NY1192404160","BRO",6,1,2,0,0,"",0,4,"grohh101","?","grohh101","?","grimb101","?","grimb101","?","debeh101","fourj101","klugj101","johnj107","joneb104","wheaz101","neisb101","bailg101","bentj101","gowdh101","","S7/G5.2-H(UR);1-2","F","F",5,2,20,"T","T",1,"F","F",0,"F","F",1,"F","F",7,"G","F","F","5",0,0,"N",0,"N",0,"N",1,2,5,0,"","","","","F","F","F","F","F","F","F","F","F","grimb101","grimb101","","F","F","F","F","F","","","","",0,0,0,0,0,0,0,0,0,54,"NY1","NY1","BRO",1,"F","F",4,0,0,28,4,"T","F",3,3,"T","T","frisf101","younr101","T","T",1,9,52,2,8,51,0,0,0,"debeh101","debeh101","",0,0,0,0,0,0,0,0,0,0,0,0,1,"wheaz101","F","F","F","F",0,5,5,0,1,0,0,0,0,0,F,F,"1924NY1.EVN.regular.event.csv",132
"NY1192404160","BRO",6,1,2,0,0,"",0,5,"frisf101","?","frisf101","?","grimb101","?","grimb101","?","debeh101","fourj101","klugj101","johnj107","joneb104","wheaz101","neisb101","bailg101","grohh101","bentj101","","S/6.2-H(UR);1-2","F","F",4,3,20,"T","T",1,"F","F",0,"F","F",1,"F","F",0,"","F","F","6",0,0,"N",0,"N",0,"N",1,2,5,0,"","","","","F","F","F","F","F","F","F","F","F","grimb101","grimb101","","F","F","F","F","F","","","","",0,0,0,0,0,0,0,0,0,55,"NY1","NY1","BRO",1,"F","F",5,0,1,29,5,"T","F",3,3,"T","T","younr101","meusi101","T","T",5,2,54,1,9,52,0,0,0,"debeh101","debeh101","",0,0,0,0,0,0,0,0,0,0,0,0,1,"","F","F","F","F",0,0,5,0,0,0,0,0,0,0,F,F,"1924NY1.EVN.regular.event.csv",133
"NY1192404160","BRO",6,1,2,0,0,"",0,6,"younr101","?","younr101","?","grimb101","?","grimb101","?","debeh101","fourj101","klugj101","johnj107","joneb104","wheaz101","neisb101","bailg101","frisf101","grohh101","","43","F","F",9,4,2,"T","T",0,"F","F",1,"F","F",0,"F","F",4,"G","F","F","",0,0,"N",0,"N",0,"N",0,1,2,0,"43","","","","F","F","F","F","F","F","F","F","F","grimb101","grimb101","","F","F","F","F","F","","","","",0,3,0,0,4,0,0,0,0,56,"NY1","NY1","BRO",1,"F","T",6,0,2,30,6,"T","F",3,3,"T","T","meusi101","kellg101","T","T",4,3,55,5,2,54,0,0,0,"debeh101","debeh101","",0,0,0,0,0,0,0,0,0,0,0,0,0,"klugj101","F","F","F","F",0,0,0,0,0,0,0,0,0,0,F,F,"1924NY1.EVN.regular.event.csv",134
"NY1192404160","BRO",7,0,0,0,0,"",0,6,"bailg101","?","bailg101","?","bentj101","?","bentj101","?","gowdh101","kellg101","frisf101","grohh101","jackt101","meusi101","soutb101","younr101","","","","2/FL","T","F",9,5,2,"T","T",0,"F","F",1,"F","F",0,"F","F",2,"F","F","T","",0,0,"N",0,"N",0,"N",0,0,0,0,"2","","","","F","F","F","F","F","F","F","F","F","","","","F","F","F","F","F","","","","",0,2,0,0,0,0,0,0,0,57,"NY1","BRO","NY1",0,"T","F",0,6,0,22,0,"T","F",0,0,"T","T","klugj101","joneb104","T","T",0,0,0,0,0,0,0,0,0,"","","",0,0,0,0,0,0,0,0,0,0,0,0,0,"gowdh101","F","F","F","F",0,0,0,0,0,0,0,0,0,0,F,F,"1924NY1.EVN.regular.event.csv",135
"NY1192404160","BRO",7,0,1,0,0,"",0,6,"klugj101","?","klugj101","?","bentj101","?","bentj101","?","gowdh101","kellg101","frisf101","grohh101","jackt101","meusi101","soutb101","younr101","","","","S9/3L.BX2(94)","F","F",4,6,20,"T","T",1,"F","F",1,"F","F",0,"F","F",9,"","F","F","3L",0,0,"N",0,"N",0,"N",0,0,0,0,"94","","","","F","F","F","F","F","F","F","F","F","","","","F","F","F","F","F","","","","",0,4,0,0,9,0,0,0,0,58,"NY1","BRO","NY1",0,"F","F",0,6,0,23,1,"T","F",0,0,"T","T","joneb104","debeh101","T","T",0,0,0,0,0,0,0,0,0,"","","",0,0,0,0,0,0,0,0,0,0,0,0,0,"younr101","F","F","F","F",0,0,0,0,0,0,0,0,0,0,F,F,"1924NY1.EVN.regular.event.csv",136
"NY1192404160","BRO",7,0,2,0,0,"",0,6,"joneb104","?","joneb104","?","bentj101","?","bentj101","?","gowdh101","kellg101","frisf101","grohh101","jackt101","meusi101","soutb101","younr101","","","","13","F","F",6,7,2,"T","T",0,"F","F",1,"F","F",0,"F","F",1,"G","F","F","",0,0,"N",0,"N",0,"N",0,0,0,0,"13","","","","F","F","F","F","F","F","F","F","F","","","","F","F","F","F","F","","","","",0,3,0,0,1,0,0,0,0,59,"NY1","BRO","NY1",0,"F","T",0,6,0,24,2,"T","F",0,0,"T","T","debeh101","grimb101","T","T",0,0,0,0,0,0,0,0,0,"","","",0,0,0,0,0,0,0,0,0,0,0,0,0,"bentj101","F","F","F","F",0,0,0,0,0,0,0,0,0,0,F,F,"1924NY1.EVN.regular.event.csv",137
"NY1192404160","BRO",7,1,0,0,0,"",0,6,"meusi101","?","meusi101","?","grimb101","?","grimb101","?","debeh101","fourj101","klugj101","johnj107","joneb104","wheaz101","neisb101","bailg101","","","","63/G6M","T","F",7,5,2,"T","T",0,"F","F",1,"F","F",0,"F","F",6,"G","F","F","6M",0,0,"N",0,"N",0,"N",0,0,0,0,"63","","","","F","F","F","F","F","F","F","F","F","","","","F","F","F","F","F","","","","",0,3,0,0,6,0,0,0,0,60,"NY1","NY1","BRO",1,"T","F",6,0,0,31,0,"T","F",0,0,"T","T","kellg101","jackt101","T","T",0,0,0,0,0,0,0,0,0,"","","",0,0,0,0,0,0,0,0,0,0,0,0,0,"joneb104","F","F","F","F",0,0,0,0,0,0,0,0,0,0,F,F,"1924NY1.EVN.regular.event.csv",138
"NY1192404160","BRO",7,1,1,0,0,"",0,6,"kellg101","?","kellg101","?","grimb101","?","grimb101","?","debeh101","fourj101","klugj101","johnj107","joneb104","wheaz101","neisb101","bailg101","","","","S6/G56","F","F",3,6,20,"T","T",1,"F","F",0,"F","F",0,"F","F",6,"G","F","F","56",0,0,"N",0,"N",0,"N",1,0,0,0,"","","","","F","F","F","F","F","F","F","F","F","","","","F","F","F","F","F","","","","",0,0,0,0,0,0,0,0,0,61,"NY1","NY1","BRO",1,"F","F",6,0,0,32,1,"T","F",0,1,"T","T","jackt101","gowdh101","T","T",0,0,0,0,0,0,0,0,0,"","","",0,0,0,0,0,0,0,0,0,0,0,0,0,"joneb104","F","F","F","F",0,0,0,0,0,0,0,0,0,0,F,F,"1924NY1.EVN.regular.event.csv",139
"NY1192404160","BRO",7,1,1,0,0,"",0,6,"jackt101","?","jackt101","?","grimb101","?","grimb101","?","debeh101","fourj101","klugj101","johnj107","joneb104","wheaz101","neisb101","bailg101","kellg101","","","8","F","F",6,7,2,"T","T",0,"F","F",1,"F","F",0,"F","F",8,"F","F","F","",0,0,"N",0,"N",0,"N",0,1,0,0,"8","","","","F","F","F","F","F","F","F","F","F","grimb101","","","F","F","F","F","F","","","","",0,8,0,0,0,0,0,0,0,62,"NY1","NY1","BRO",1,"F","F",6,0,0,33,2,"T","F",1,1,"T","T","gowdh101","bentj101","T","T",3,6,61,0,0,0,0,0,0,"debeh101","","",0,0,0,0,0,0,0,0,0,0,0,0,0,"neisb101","F","F","F","F",0,0,0,0,0,0,0,0,0,0,F,F,"1924NY1.EVN.regular.event.csv",140
"NY1192404160","BRO",7,1,2,0,0,"",0,6,"gowdh101","?","gowdh101","?","grimb101","?","grimb101","?","debeh101","fourj101","klugj101","johnj107","joneb104","wheaz101","neisb101","bailg101","kellg101","","","W.1-2","F","F",2,8,14,"T","F",0,"F","F",0,"F","F",0,"F","F",0,"","F","F","",0,0,"N",0,"N",0,"N",1,2,0,0,"","","","","F","F","F","F","F","F","F","F","F","grimb101","","","F","F","F","F","F","","","","",0,0,0,0,0,0,0,0,0,63,"NY1","NY1","BRO",1,"F","F",6,0,0,34,3,"T","F",1,3,"T","T","bentj101","soutb101","T","T",3,6,61,0,0,0,0,0,0,"debeh101","","",0,0,0,0,0,0,0,0,0,0,0,0,0,"","F","F","F","F",0,0,0,0,0,0,0,0,0,0,F,F,"1924NY1.EVN.regular.event.csv",141
"NY1192404160","BRO",7,1,2,0,0,"",0,6,"bentj101","?","bentj101","?","grimb101","?","grimb101","?","debeh101","fourj101","klugj101","johnj107","joneb104","wheaz101","neisb101","bailg101","gowdh101","kellg101","","K23#","F","F",1,9,3,"T","T",0,"F","F",1,"F","F",0,"F","F",0,"","F","F","",0,0,"N",0,"N",0,"N",0,1,2,0,"23","","","","F","F","F","F","F","F","F","F","F","grimb101","grimb101","","F","F","F","F","F","","","","",0,3,0,0,2,0,0,0,0,64,"NY1","NY1","BRO",1,"F","T",6,0,0,35,4,"T","F",3,3,"T","T","soutb101","grohh101","T","T",2,8,63,3,6,61,0,0,0,"debeh101","debeh101","",0,0,0,0,0,0,0,0,0,0,0,0,0,"","F","F","F","F",0,0,0,0,0,0,0,0,0,0,F,T,"1924NY1.EVN.regular.event.csv",142
"NY1192404160","BRO",8,0,0,0,0,"",0,6,"debeh101","?","debeh101","?","bentj101","?","bentj101","?","gowdh101","kellg101","frisf101","grohh101","jackt101","meusi101","soutb101","younr101","","","","S7","T","F",2,8,20,"T","T",1,"F","F",0,"F","F",0,"F","F",7,"","F","F","",0,0,"N",0,"N",0,"N",1,0,0,0,"","","","","F","F","F","F","F","F","F","F","F","","","","F","F","F","F","F","","","","",0,0,0,0,0,0,0,0,0,65,"NY1","BRO","NY1",0,"T","F",0,6,0,25,0,"T","F",0,1,"T","T","grimb101","neisb101","T","T",0,0,0,0,0,0,0,0,0,"","","",0,0,0,0,0,0,0,0,0,0,0,0,0,"meusi101","F","F","F","F",0,0,0,0,0,0,0,0,0,0,F,F,"1924NY1.EVN.regular.event.csv",143
"NY1192404160","BRO",8,0,0,0,0,"",0,6,"grimb101","?","grimb101","?","bentj101","?","bentj101","?","gowdh101","kellg101","frisf101","grohh101","jackt101","meusi101","soutb101","younr101","debeh101","","","53.1-2","F","F",1,9,2,"T","T",0,"F","F",1,"F","F",0,"F","F",5,"G","F","F","",0,0,"N",0,"N",0,"N",0,2,0,0,"53","","","","F","F","F","F","F","F","F","F","F","bentj101","","","F","F","F","F","F","","","","",0,3,0,0,5,0,0,0,0,66,"NY1","BRO","NY1",0,"F","F",0,6,0,26,1,"T","F",1,2,"T","T","neisb101","johnj107","T","T",2,8,65,0,0,0,0,0,0,"gowdh101","","",0,0,0,0,0,0,0,0,0,0,0,0,0,"grohh101","F","F","F","F",0,0,0,0,0,0,0,0,0,0,F,F,"1924NY1.EVN.regular.event.csv",144
"NY1192404160","BRO",8,0,1,0,0,"",0,6,"neisb101","?","neisb101","?","bentj101","?","bentj101","?","gowdh101","kellg101","frisf101","grohh101","jackt101","meusi101","soutb101","younr101","","debeh101","","53","F","F",8,1,2,"T","T",0,"F","F",1,"F","F",0,"F","F",5,"G","F","F","",0,0,"N",0,"N",0,"N",0,0,2,0,"53","","","","F","F","F","F","F","F","F","F","F","","bentj101","","F","F","F","F","F","","","","",0,3,0,0,5,0,0,0,0,67,"NY1","BRO","NY1",0,"F","F",0,6,0,27,2,"T","F",2,2,"T","T","johnj107","wheaz101","T","T",0,0,0,2,8,65,0,0,0,"","gowdh101","",0,0,0,0,0,0,0,0,0,0,0,0,0,"grohh101","F","F","F","F",0,0,0,0,0,0,0,0,0,0,F,F,"1924NY1.EVN.regular.event.csv",145
"NY1192404160","BRO",8,0,2,0,0,"",0,6,"johnj107","?","johnj107","?","bentj101","?","bentj101","?","gowdh101","kellg101","frisf101","grohh101","jackt101","meusi101","soutb101","younr101","","debeh101","","9","F","F",5,2,2,"T","T",0,"F","F",1,"F","F",0,"F","F",9,"F","F","F","",0,0,"N",0,"N",0,"N",0,0,2,0,"9","","","","F","F","F","F","F","F","F","F","F","","bentj101","","F","F","F","F","F","","","","",0,9,0,0,0,0,0,0,0,68,"NY1","BRO","NY1",0,"F","T",0,6,0,28,3,"T","F",2,2,"T","T","wheaz101","fourj101","T","T",0,0,0,2,8,65,0,0,0,"","gowdh101","",0,0,0,0,0,0,0,0,0,0,0,0,0,"younr101","F","F","F","F",0,0,0,0,0,0,0,0,0,0,F,F,"1924NY1.EVN.regular.event.csv",146
"NY1192404160","BRO",8,1,0,0,0,"",0,6,"soutb101","?","soutb101","?","grimb101","?","grimb101","?","debeh101","fourj101","klugj101","johnj107","joneb104","wheaz101","neisb101","bailg101","","","","HR/F7LD","T","F",8,1,23,"T","T",4,"F","F",0,"F","F",1,"F","F",0,"F","F","F","7LD",0,0,"N",0,"N",0,"N",4,0,0,0,"","","","","F","F","F","F","F","F","F","F","F","","","","F","F","F","F","F","","","","",0,0,0,0,0,0,0,0,0,69,"NY1","NY1","BRO",1,"T","F",6,0,0,36,0,"T","F",0,0,"T","T","grohh101","frisf101","T","T",0,0,0,0,0,0,0,0,0,"","","",0,0,0,0,0,0,0,0,0,0,0,0,1,"","F","F","F","F",4,0,0,0,0,0,0,0,0,0,F,F,"1924NY1.EVN.regular.event.csv",147
"NY1192404160","BRO",8,1,0,0,0,"",0,7,"grohh101","?","grohh101","?","grimb101","?","grimb101","?","debeh101","fourj101","klugj101","johnj107","joneb104","wheaz101","neisb101","bailg101","","","","8","F","F",5,2,2,"T","T",0,"F","F",1,"F","F",0,"F","F",8,"F","F","F","",0,0,"N",0,"N",0,"N",0,0,0,0,"8","","","","F","F","F","F","F","F","F","F","F","","","","F","F","F","F","F","","","","",0,8,0,0,0,0,0,0,0,70,"NY1","NY1","BRO",1,"F","F",7,0,1,37,1,"T","F",0,0,"T","T","frisf101","younr101","T","T",0,0,0,0,0,0,0,0,0,"","","",0,0,0,0,0,0,0,0,0,0,0,0,0,"neisb101","F","F","F","F",0,0,0,0,0,0,0,0,0,0,F,F,"1924NY1.EVN.regular.event.csv",148
"NY1192404160","BRO",8,1,1,0,0,"",0,7,"frisf101","?","frisf101","?","grimb101","?","grimb101","?","debeh101","fourj101","klugj101","johnj107","joneb104","wheaz101","neisb101","bailg101","","","","7/L7S","F","F",4,3,2,"T","T",0,"F","F",1,"F","F",0,"F","F",7,"L","F","F","7S",0,0,"N",0,"N",0,"N",0,0,0,0,"7","","","","F","F","F","F","F","F","F","F","F","","","","F","F","F","F","F","","","","",0,7,0,0,0,0,0,0,0,71,"NY1","NY1","BRO",1,"F","F",7,0,1,38,2,"T","F",0,0,"T","T","younr101","meusi101","T","T",0,0,0,0,0,0,0,0,0,"","","",0,0,0,0,0,0,0,0,0,0,0,0,0,"wheaz101","F","F","F","F",0,0,0,0,0,0,0,0,0,0,F,F,"1924NY1.EVN.regular.event.csv",149
"NY1192404160","BRO",8,1,2,0,0,"",0,7,"younr101","?","younr101","?","grimb101","?","grimb101","?","debeh101","fourj101","klugj101","johnj107","joneb104","wheaz101","neisb101","bailg101","","","","W","F","F",9,4,14,"T","F",0,"F","F",0,"F","F",0,"F","F",0,"","F","F","",0,0,"N",0,"N",0,"N",1,0,0,0,"","","","","F","F","F","F","F","F","F","F","F","","","","F","F","F","F","F","","","","",0,0,0,0,0,0,0,0,0,72,"NY1","NY1","BRO",1,"F","F",7,0,1,39,3,"T","F",0,1,"T","T","meusi101","kellg101","T","T",0,0,0,0,0,0,0,0,0,"","","",0,0,0,0,0,0,0,0,0,0,0,0,0,"","F","F","F","F",0,0,0,0,0,0,0,0,0,0,F,F,"1924NY1.EVN.regular.event.csv",150
"NY1192404160","BRO",8,1,2,0,0,"",0,7,"meusi101","?","meusi101","?","grimb101","?","grimb101","?","debeh101","fourj101","klugj101","johnj107","joneb104","wheaz101","neisb101","bailg101","younr101","","","9","F","F",7,5,2,"T","T",0,"F","F",1,"F","F",0,"F","F",9,"F","F","F","",0,0,"N",0,"N",0,"N",0,1,0,0,"9","","","","F","F","F","F","F","F","F","F","F","grimb101","","","F","F","F","F","F","","","","",0,9,0,0,0,0,0,0,0,73,"NY1","NY1","BRO",1,"F","T",7,0,1,40,4,"T","F",1,1,"T","T","kellg101","jackt101","T","T",9,4,72,0,0,0,0,0,0,"debeh101","","",0,0,0,0,0,0,0,0,0,0,0,0,0,"bailg101","F","F","F","F",0,0,0,0,0,0,0,0,0,0,F,F,"1924NY1.EVN.regular.event.csv",151
"NY1192404160","BRO",9,0,0,0,0,"",0,7,"wheaz101","?","wheaz101","?","bentj101","?","bentj101","?","gowdh101","kellg101","frisf101","grohh101","jackt101","meusi101","soutb101","younr101","","","","S7","T","F",7,3,20,"T","T",1,"F","F",0,"F","F",0,"F","F",7,"","F","F","",0,0,"N",0,"N",0,"N",1,0,0,0,"","","","","F","F","F","F","F","F","F","F","F","","","","F","F","F","F","F","","","","",0,0,0,0,0,0,0,0,0,74,"NY1","BRO","NY1",0,"T","F",0,7,0,29,0,"T","F",0,1,"T","T","fourj101","bailg101","T","T",0,0,0,0,0,0,0,0,0,"","","",0,0,0,0,0,0,0,0,0,0,0,0,0,"meusi101","F","F","F","F",4,0,0,0,1,0,0,0,0,0,F,F,"1924NY1.EVN.regular.event.csv",152
"NY1192404160","BRO",9,0,0,0,0,"",0,7,"fourj101","?","fourj101","?","bentj101","?","bentj101","?","gowdh101","kellg101","frisf101","grohh101","jackt101","meusi101","soutb101","younr101","wheaz101","","","DI.1-2","F","F",3,4,5,"F","F",0,"F","F",0,"F","F",0,"F","F",0,"","F","F","",0,0,"N",0,"N",0,"N",0,2,0,0,"","","","","F","F","F","F","F","F","F","F","F","bentj101","","","F","F","F","F","F","","","","",0,0,0,0,0,0,0,0,0,75,"NY1","BRO","NY1",0,"F","F",0,7,0,30,1,"T","F",1,2,"T","T","bailg101","klugj101","T","T",7,3,74,0,0,0,0,0,0,"gowdh101","","",0,0,0,0,0,0,0,0,0,0,0,0,0,"","F","F","F","F",0,4,0,0,1,0,0,0,0,0,F,F,"1924NY1.EVN.regular.event.csv",153
"NY1192404160","BRO",9,0,0,0,0,"",0,7,"fourj101","?","fourj101","?","bentj101","?","bentj101","?","gowdh101","kellg101","frisf101","grohh101","jackt101","meusi101","soutb101","younr101","","wheaz101","","DI.2-3","F","F",3,4,5,"F","F",0,"F","F",0,"F","F",0,"F","F",0,"","F","F","",0,0,"N",0,"N",0,"N",0,0,3,0,"","","","","F","F","F","F","F","F","F","F","F","","bentj101","","F","F","F","F","F","","","","",0,0,0,0,0,0,0,0,0,76,"NY1","BRO","NY1",0,"F","F",0,7,0,30,1,"F","F",2,4,"T","T","bailg101","klugj101","T","T",0,0,0,7,3,74,0,0,0,"","gowdh101","",0,0,0,0,0,0,0,0,0,0,0,0,0,"","F","F","F","F",0,0,4,0,1,0,0,0,0,0,F,F,"1924NY1.EVN.regular.event.csv",154
"NY1192404160","BRO",9,0,0,0,0,"",0,7,"fourj101","?","fourj101","?","bentj101","?","bentj101","?","gowdh101","kellg101","frisf101","grohh101","jackt101","meusi101","soutb101","younr101","","","wheaz101","43","F","F",3,4,2,"T","T",0,"F","F",1,"F","F",0,"F","F",4,"G","F","F","",0,0,"N",0,"N",0,"N",0,0,0,3,"43","","","","F","F","F","F","F","F","F","F","F","","","bentj101","F","F","F","F","F","","","","",0,3,0,0,4,0,0,0,0,77,"NY1","BRO","NY1",0,"F","F",0,7,0,30,1,"F","F",4,4,"T","T","bailg101","klugj101","T","T",0,0,0,0,0,0,7,3,74,"","","gowdh101",0,0,0,0,0,0,0,0,0,0,0,0,0,"frisf101","F","F","F","F",0,0,0,4,1,0,0,0,0,0,F,F,"1924NY1.EVN.regular.event.csv",155
"NY1192404160","BRO",9,0,1,0,0,"",0,7,"bailg101","?","bailg101","?","bentj101","?","bentj101","?","gowdh101","kellg101","frisf101","grohh101","jackt101","meusi101","soutb101","younr101","","","wheaz101","K","F","F",9,5,3,"T","T",0,"F","F",1,"F","F",0,"F","F",0,"","F","F","",0,0,"N",0,"N",0,"N",0,0,0,3,"2","","","","F","F","F","F","F","F","F","F","F","","","bentj101","F","F","F","F","F","","","","",0,2,0,0,0,0,0,0,0,78,"NY1","BRO","NY1",0,"F","F",0,7,0,31,2,"T","F",4,4,"T","T","klugj101","joneb104","T","T",0,0,0,0,0,0,7,3,74,"","","gowdh101",0,0,0,0,0,0,0,0,0,0,0,0,0,"","F","F","F","F",0,0,0,4,1,0,0,0,0,0,F,F,"1924NY1.EVN.regular.event.csv",156
"NY1192404160","BRO",9,0,2,0,0,"",0,7,"klugj101","?","klugj101","?","bentj101","?","bentj101","?","gowdh101","kellg101","frisf101","grohh101","jackt101","meusi101","soutb101","younr101","","","wheaz101","S/F78S.3-H","F","F",4,6,20,"T","T",1,"F","F",0,"F","F",1,"F","F",0,"F","F","F","78S",0,0,"N",0,"N",0,"N",1,0,0,4,"","","","","F","F","F","F","F","F","F","F","F","","","bentj101","F","F","F","F","F","","","","",0,0,0,0,0,0,0,0,0,79,"NY1","BRO","NY1",0,"F","F",0,7,0,32,3,"T","F",4,1,"T","T","joneb104","debeh101","T","T",0,0,0,0,0,0,7,3,74,"","","gowdh101",0,0,0,0,0,0,0,0,0,0,0,0,1,"","F","F","F","F",1,0,0,4,0,0,0,0,0,0,F,F,"1924NY1.EVN.regular.event.csv",157
"NY1192404160","BRO",9,0,2,0,0,"",1,7,"joneb104","?","joneb104","?","bentj101","?","bentj101","?","gowdh101","kellg101","frisf101","grohh101","jackt101","meusi101","soutb101","younr101","klugj101","","","K","F","F",6,7,3,"T","T",0,"F","F",1,"F","F",0,"F","F",0,"","F","F","",0,0,"N",0,"N",0,"N",0,1,0,0,"2","","","","F","F","F","F","F","F","F","F","F","bentj101","","","F","T","F","F","F","","","","",0,2,0,0,0,0,0,0,0,80,"NY1","BRO","NY1",0,"F","T",1,7,1,33,4,"T","F",1,1,"T","T","debeh101","grimb101","T","T",4,6,79,0,0,0,0,0,0,"gowdh101","","",0,0,0,0,0,0,0,0,0,0,0,0,0,"","F","F","F","F",0,1,0,0,0,0,0,0,0,0,F,F,"1924NY1.EVN.regular.event.csv",158
"NY1192404170","BRO",1,0,0,0,0,"",0,0,"neisb101","?","neisb101","?","deanw101","?","deanw101","?","snydf101","kellg101","frisf101","grohh101","jackt101","meusi101","soutb101","younr101","","","","43","T","F",8,1,2,"T","T",0,"F","F",1,"F","F",0,"F","F",4,"G","F","F","",0,0,"N",0,"N",0,"N",0,0,0,0,"43","","","","F","F","F","F","F","F","F","F","F","","","","T","F","F","F","F","","","","",0,3,0,0,4,0,0,0,0,1,"NY1","BRO","NY1",0,"T","F",0,0,0,0,0,"T","F",0,0,"T","T","johnj107","wheaz101","T","T",0,0,0,0,0,0,0,0,0,"","","",0,0,0,0,0,0,0,0,0,0,0,0,0,"frisf101","F","F","F","F",0,0,0,0,2,0,0,0,0,0,F,F,"1924NY1.EVN.regular.event.csv",159
"NY1192404170","BRO",1,0,1,0,2,"KKX",0,0,"johnj107","?","johnj107","?","deanw101","?","deanw101","?","snydf101","kellg101","frisf101","grohh101","jackt101","meusi101","soutb101","younr101","","","","HR/F7D","F","F",5,2,23,"T","T",4,"F","F",0,"F","F",1,"F","F",0,"F","F","F","7D",0,0,"N",0,"N",0,"N",4,0,0,0,"","","","","F","F","F","F","F","F","F","F","F","","","","F","F","F","F","F","","","","",0,0,0,0,0,0,0,0,0,2,"NY1","BRO","NY1",0,"F","F",0,0,0,1,1,"T","F",0,0,"T","T","wheaz101","fourj101","T","T",0,0,0,0,0,0,0,0,0,"","","",0,0,0,0,0,0,3,0,0,0,1,2,1,"","F","F","F","F",4,0,0,0,1,0,0,0,0,0,F,F,"1924NY1.EVN.regular.event.csv",160
"NY1192404170","BRO",1,0,1,0,0,"",1,0,"wheaz101","?","wheaz101","?","deanw101","?","deanw101","?","snydf101","kellg101","frisf101","grohh101","jackt101","meusi101","soutb101","younr101","","","","9/F89S","F","F",7,3,2,"T","T",0,"F","F",1,"F","F",0,"F","F",9,"F","F","F","89S",0,0,"N",0,"N",0,"N",0,0,0,0,"9","","","","F","F","F","F","F","F","F","F","F","","","","F","F","F","F","F","","","","",0,9,0,0,0,0,0,0,0,3,"NY1","BRO","NY1",0,"F","F",1,0,1,2,2,"T","F",0,0,"T","T","fourj101","grift102","T","T",0,0,0,0,0,0,0,0,0,"","","",0,0,0,0,0,0,0,0,0,0,0,0,0,"younr101","F","F","F","F",0,0,0,0,1,0,0,0,0,0,F,F,"1924NY1.EVN.regular.event.csv",161
"NY1192404170","BRO",1,0,2,0,2,"CCX",1,0,"fourj101","?","fourj101","?","deanw101","?","deanw101","?","snydf101","kellg101","frisf101","grohh101","jackt101","meusi101","soutb101","younr101","","","","HR/F9D","F","F",3,4,23,"T","T",4,"F","F",0,"F","F",1,"F","F",0,"F","F","F","9D",0,0,"N",0,"N",0,"N",4,0,0,0,"","","","","F","F","F","F","F","F","F","F","F","","","","F","F","F","F","F","","","","",0,0,0,0,0,0,0,0,0,4,"NY1","BRO","NY1",0,"F","F",1,0,1,3,3,"T","F",0,0,"T","T","grift102","debeh101","T","T",0,0,0,0,0,0,0,0,0,"","","",0,0,0,0,0,0,3,2,0,0,1,0,1,"","F","F","F","F",4,0,0,0,0,0,0,0,0,0,F,F,"1924NY1.EVN.regular.event.csv",162
"NY1192404170","BRO",1,0,2,0,0,"",2,0,"grift102","?","grift102","?","deanw101","?","deanw101","?","snydf101","kellg101","frisf101","grohh101","jackt101","meusi101","soutb101","younr101","","","","2/FL","F","F",9,5,2,"T","T",0,"F","F",1,"F","F",0,"F","F",2,"F","F","T","",0,0,"N",0,"N",0,"N",0,0,0,0,"2","","","","F","F","F","F","F","F","F","F","F","","","","F","F","F","F","F","","","","",0,2,0,0,0,0,0,0,0,5,"NY1","BRO","NY1",0,"F","T",2,0,2,4,4,"T","F",0,0,"T","T","debeh101","klugj101","T","T",0,0,0,0,0,0,0,0,0,"","","",0,0,0,0,0,0,0,0,0,0,0,0,0,"snydf101","F","F","F","F",0,0,0,0,0,0,0,0,0,0,F,F,"1924NY1.EVN.regular.event.csv",163
"NY1192404170","BRO",1,1,0,0,0,"",2,0,"soutb101","?","soutb101","?","vancd101","?","vancd101","?","debeh101","fourj101","klugj101","johnj107","joneb104","wheaz101","neisb101","grift102","","","","W","T","F",8,1,14,"T","F",0,"F","F",0,"F","F",0,"F","F",0,"","F","F","",0,0,"N",0,"N",0,"N",1,0,0,0,"","","","","F","F","F","F","F","F","F","F","F","","","","F","F","F","F","F","","","","",0,0,0,0,0,0,0,0,0,6,"NY1","NY1","BRO",1,"T","F",0,2,0,0,0,"T","F",0,1,"T","T","grohh101","frisf101","T","T",0,0,0,0,0,0,0,0,0,"","","",0,0,0,0,0,0,0,0,0,0,0,0,0,"","F","F","F","F",0,0,0,0,1,0,0,0,0,0,F,F,"1924NY1.EVN.regular.event.csv",164
"NY1192404170","BRO",1,1,0,0,0,"",2,0,"grohh101","?","grohh101","?","vancd101","?","vancd101","?","debeh101","fourj101","klugj101","johnj107","joneb104","wheaz101","neisb101","grift102","soutb101","","","5/FL","F","F",5,2,2,"T","T",0,"F","F",1,"F","F",0,"F","F",5,"F","F","T","",0,0,"N",0,"N",0,"N",0,1,0,0,"5","","","","F","F","F","F","F","F","F","F","F","vancd101","","","F","F","F","F","F","","","","",0,5,0,0,0,0,0,0,0,7,"NY1","NY1","BRO",1,"F","F",0,2,0,1,1,"T","F",1,1,"T","T","frisf101","younr101","T","T",8,1,6,0,0,0,0,0,0,"debeh101","","",0,0,0,0,0,0,0,0,0,0,0,0,0,"johnj107","F","F","F","F",0,0,0,0,1,0,0,0,0,0,F,F,"1924NY1.EVN.regular.event.csv",165
"NY1192404170","BRO",1,1,1,0,0,"",2,0,"frisf101","?","frisf101","?","vancd101","?","vancd101","?","debeh101","fourj101","klugj101","johnj107","joneb104","wheaz101","neisb101","grift102","soutb101","","","64(1)/FO","F","F",4,3,2,"T","T",0,"F","F",1,"F","F",0,"F","F",6,"G","F","F","",0,0,"N",0,"N",0,"N",1,0,0,0,"","64","","","F","F","F","F","F","F","F","F","F","vancd101","","","F","F","F","F","F","","","","",0,4,0,0,6,0,0,0,0,8,"NY1","NY1","BRO",1,"F","F",0,2,0,2,2,"T","F",1,1,"T","T","younr101","meusi101","T","T",8,1,6,0,0,0,0,0,0,"debeh101","","",0,0,0,0,0,0,0,0,0,0,0,0,0,"joneb104","T","F","F","F",4,0,0,0,1,0,0,0,0,0,F,F,"1924NY1.EVN.regular.event.csv",166
"NY1192404170","BRO",1,1,2,0,0,"",2,0,"younr101","?","younr101","?","vancd101","?","vancd101","?","debeh101","fourj101","klugj101","johnj107","joneb104","wheaz101","neisb101","grift102","frisf101","","","SB2","F","F",9,4,4,"F","F",0,"F","F",0,"F","F",0,"F","F",0,"","F","F","",0,0,"N",0,"N",0,"N",0,2,0,0,"","","","","T","F","F","F","F","F","F","F","F","vancd101","","","F","F","F","F","F","","","","",0,0,0,0,0,0,0,0,0,9,"NY1","NY1","BRO",1,"F","F",0,2,0,3,3,"T","F",1,2,"T","T","meusi101","kellg101","T","T",4,3,8,0,0,0,0,0,0,"debeh101","","",0,0,0,0,0,0,0,0,0,0,0,0,0,"","F","F","F","F",0,4,0,0,1,0,0,0,0,0,F,F,"1924NY1.EVN.regular.event.csv",167
"NY1192404170","BRO",1,1,2,0,0,"",2,0,"younr101","?","younr101","?","vancd101","?","vancd101","?","debeh101","fourj101","klugj101","johnj107","joneb104","wheaz101","neisb101","grift102","","frisf101","","S9.2-H","F","F",9,4,20,"T","T",1,"F","F",0,"F","F",1,"F","F",9,"","F","F","",0,0,"N",0,"N",0,"N",1,0,4,0,"","","","","F","F","F","F","F","F","F","F","F","","vancd101","","F","F","F","F","F","","","","",0,0,0,0,0,0,0,0,0,10,"NY1","NY1","BRO",1,"F","F",0,2,0,3,3,"F","F",2,1,"T","T","meusi101","kellg101","T","T",0,0,0,4,3,8,0,0,0,"","debeh101","",0,0,0,0,0,0,0,0,0,0,0,0,1,"grift102","F","F","F","F",0,0,4,0,0,0,0,0,0,0,F,F,"1924NY1.EVN.regular.event.csv",168
"NY1192404170","BRO",1,1,2,0,0,"",2,1,"meusi101","?","meusi101","?","vancd101","?","vancd101","?","debeh101","fourj101","klugj101","johnj107","joneb104","wheaz101","neisb101","grift102","younr101","","","64(1)/FO","F","F",7,5,2,"T","T",0,"F","F",1,"F","F",0,"F","F",6,"G","F","F","",0,0,"N",0,"N",0,"N",1,0,0,0,"","64","","","F","F","F","F","F","F","F","F","F","vancd101","","","F","F","F","F","F","","","","",0,4,0,0,6,0,0,0,0,11,"NY1","NY1","BRO",1,"F","T",1,2,1,4,4,"T","F",1,1,"T","T","kellg101","jackt101","T","T",9,4,10,0,0,0,0,0,0,"debeh101","","",0,0,0,0,0,0,0,0,0,0,0,0,0,"joneb104","T","F","F","F",0,0,0,0,0,0,0,0,0,0,F,F,"1924NY1.EVN.regular.event.csv",169
"NY1192404170","BRO",2,0,0,0,0,"",2,1,"debeh101","?","debeh101","?","deanw101","?","deanw101","?","snydf101","kellg101","frisf101","grohh101","jackt101","meusi101","soutb101","younr101","","","","W","T","F",2,6,14,"T","F",0,"F","F",0,"F","F",0,"F","F",0,"","F","F","",0,0,"N",0,"N",0,"N",1,0,0,0,"","","","","F","F","F","F","F","F","F","F","F","","","","F","F","F","F","F","","","","",0,0,0,0,0,0,0,0,0,12,"NY1","BRO","NY1",0,"T","F",2,1,0,5,0,"T","F",0,1,"T","T","klugj101","joneb104","T","T",0,0,0,0,0,0,0,0,0,"","","",0,0,0,0,0,0,0,0,0,0,0,0,0,"","F","F","F","F",0,0,0,0,0,0,0,0,0,0,F,F,"1924NY1.EVN.regular.event.csv",170
"NY1192404170","BRO",2,0,0,0,0,"",2,1,"klugj101","?","klugj101","?","deanw101","?","deanw101","?","snydf101","kellg101","frisf101","grohh101","jackt101","meusi101","soutb101","younr101","debeh101","","","4(1)3/LDP/34D","F","F",4,7,2,"T","T",0,"F","F",2,"T","F",0,"F","F",4,"L","F","F","34D",0,0,"N",0,"N",0,"N",0,0,0,0,"43","4","","","F","F","F","F","F","F","F","F","F","deanw101","","","F","F","F","F","F","","","","",0,4,3,0,4,0,0,0,0,13,"NY1","BRO","NY1",0,"F","F",2,1,0,6,1,"T","F",1,0,"T","T","joneb104","vancd101","T","T",2,6,12,0,0,0,0,0,0,"snydf101","","",0,0,0,0,0,0,0,0,0,0,0,0,0,"frisf101","F","F","F","F",0,0,0,0,0,0,0,0,0,0,F,F,"1924NY1.EVN.regular.event.csv",171
"NY1192404170","BRO",2,0,2,0,0,"",2,1,"joneb104","?","joneb104","?","deanw101","?","deanw101","?","snydf101","kellg101","frisf101","grohh101","jackt101","meusi101","soutb101","younr101","","","","S7/L78S","F","F",6,8,20,"T","T",1,"F","F",0,"F","F",0,"F","F",7,"L","F","F","78S",0,0,"N",0,"N",0,"N",1,0,0,0,"","","","","F","F","F","F","F","F","F","F","F","","","","F","F","F","F","F","","","","",0,0,0,0,0,0,0,0,0,14,"NY1","BRO","NY1",0,"F","F",2,1,0,7,2,"T","F",0,1,"T","T","vancd101","neisb101","T","T",0,0,0,0,0,0,0,0,0,"","","",0,0,0,0,0,0,0,0,0,0,0,0,0,"meusi101","F","F","F","F",0,0,0,0,0,0,0,0,0,0,F,F,"1924NY1.EVN.regular.event.csv",172
"NY1192404170","BRO",2,0,2,0,0,"",2,1,"vancd101","?","vancd101","?","deanw101","?","deanw101","?","snydf101","kellg101","frisf101","grohh101","jackt101","meusi101","soutb101","younr101","joneb104","","","53/G5L","F","F",1,9,2,"T","T",0,"F","F",1,"F","F",0,"F","F",5,"G","F","F","5L",0,0,"N",0,"N",0,"N",0,1,0,0,"53","","","","F","F","F","F","F","F","F","F","F","deanw101","","","F","F","F","F","F","","","","",0,3,0,0,5,0,0,0,0,15,"NY1","BRO","NY1",0,"F","T",2,1,0,8,3,"T","F",1,1,"T","T","neisb101","johnj107","T","T",6,8,14,0,0,0,0,0,0,"snydf101","","",0,0,0,0,0,0,0,0,0,0,0,0,0,"grohh101","F","F","F","F",0,0,0,0,0,0,0,0,0,0,F,F,"1924NY1.EVN.regular.event.csv",173
"NY1192404170","BRO",2,1,0,0,0,"",2,1,"kellg101","?","kellg101","?","vancd101","?","vancd101","?","debeh101","fourj101","klugj101","johnj107","joneb104","wheaz101","neisb101","grift102","","","","S8/8S","T","F",3,6,20,"T","T",1,"F","F",0,"F","F",0,"F","F",8,"","F","F","8S",0,0,"N",0,"N",0,"N",1,0,0,0,"","","","","F","F","F","F","F","F","F","F","F","","","","F","F","F","F","F","","","","",0,0,0,0,0,0,0,0,0,16,"NY1","NY1","BRO",1,"T","F",1,2,0,5,0,"T","F",0,1,"T","T","jackt101","snydf101","T","T",0,0,0,0,0,0,0,0,0,"","","",0,0,0,0,0,0,0,0,0,0,0,0,0,"neisb101","F","F","F","F",0,0,0,0,0,0,0,0,0,0,F,F,"1924NY1.EVN.regular.event.csv",174
"NY1192404170","BRO",2,1,0,0,2,"KKK",2,1,"jackt101","?","jackt101","?","vancd101","?","vancd101","?","debeh101","fourj101","klugj101","johnj107","joneb104","wheaz101","neisb101","grift102","kellg101","","","K","F","F",6,7,3,"T","T",0,"F","F",1,"F","F",0,"F","F",0,"","F","F","",0,0,"N",0,"N",0,"N",0,1,0,0,"2","","","","F","F","F","F","F","F","F","F","F","vancd101","","","F","F","F","F","F","","","","",0,2,0,0,0,0,0,0,0,17,"NY1","NY1","BRO",1,"F","F",1,2,0,6,1,"T","F",1,1,"T","T","snydf101","deanw101","T","T",3,6,16,0,0,0,0,0,0,"debeh101","","",0,0,0,0,0,0,3,0,0,0,0,3,0,"","F","F","F","F",0,0,0,0,0,0,0,0,0,0,F,F,"1924NY1.EVN.regular.event.csv",175
"NY1192404170","BRO",2,1,1,0,0,"",2,1,"snydf101","?","snydf101","?","vancd101","?","vancd101","?","debeh101","fourj101","klugj101","johnj107","joneb104","wheaz101","neisb101","grift102","kellg101","","","5/FL","F","F",2,8,2,"T","T",0,"F","F",1,"F","F",0,"F","F",5,"F","F","T","",0,0,"N",0,"N",0,"N",0,1,0,0,"5","","","","F","F","F","F","F","F","F","F","F","vancd101","","","F","F","F","F","F","","","","",0,5,0,0,0,0,0,0,0,18,"NY1","NY1","BRO",1,"F","F",1,2,0,7,2,"T","F",1,1,"T","T","deanw101","soutb101","T","T",3,6,16,0,0,0,0,0,0,"debeh101","","",0,0,0,0,0,0,0,0,0,0,0,0,0,"johnj107","F","F","F","F",0,0,0,0,0,0,0,0,0,0,F,F,"1924NY1.EVN.regular.event.csv",176
"NY1192404170","BRO",2,1,2,0,0,"",2,1,"deanw101","?","deanw101","?","vancd101","?","vancd101","?","debeh101","fourj101","klugj101","johnj107","joneb104","wheaz101","neisb101","grift102","kellg101","","","K/C","F","F",1,9,3,"T","T",0,"F","F",1,"F","F",0,"F","F",0,"","F","F","",0,0,"N",0,"N",0,"N",0,1,0,0,"2","","","","F","F","F","F","F","F","F","F","F","vancd101","","","F","F","F","F","F","","","","",0,2,0,0,0,0,0,0,0,19,"NY1","NY1","BRO",1,"F","T",1,2,0,8,3,"T","F",1,1,"T","T","soutb101","grohh101","T","T",3,6,16,0,0,0,0,0,0,"debeh101","","",0,0,0,0,0,0,0,0,0,0,0,0,0,"","F","F","F","F",0,0,0,0,0,0,0,0,0,0,F,F,"1924NY1.EVN.regular.event.csv",177
"NY1192404170","BRO",3,0,0,0,0,"",2,1,"neisb101","?","neisb101","?","deanw101","?","deanw101","?","snydf101","kellg101","frisf101","grohh101","jackt101","meusi101","soutb101","younr101","","","","13","T","F",8,1,2,"T","T",0,"F","F",1,"F","F",0,"F","F",1,"G","F","F","",0,0,"N",0,"N",0,"N",0,0,0,0,"13","","","","F","F","F","F","F","F","F","F","F","","","","F","F","F","F","F","","","","",0,3,0,0,1,0,0,0,0,20,"NY1","BRO","NY1",0,"T","F",2,1,0,9,0,"T","F",0,0,"T","T","johnj107","wheaz101","T","T",0,0,0,0,0,0,0,0,0,"","","",0,0,0,0,0,0,0,0,0,0,0,0,0,"deanw101","F","F","F","F",0,0,0,0,0,0,0,0,0,0,F,F,"1924NY1.EVN.regular.event.csv",178
"NY1192404170","BRO",3,0,1,0,0,"",2,1,"johnj107","?","johnj107","?","deanw101","?","deanw101","?","snydf101","kellg101","frisf101","grohh101","jackt101","meusi101","soutb101","younr101","","","","6/P","F","F",5,2,2,"T","T",0,"F","F",1,"F","F",0,"F","F",6,"P","F","F","",0,0,"N",0,"N",0,"N",0,0,0,0,"6","","","","F","F","F","F","F","F","F","F","F","","","","F","F","F","F","F","","","","",0,6,0,0,0,0,0,0,0,21,"NY1","BRO","NY1",0,"F","F",2,1,0,10,1,"T","F",0,0,"T","T","wheaz101","fourj101","T","T",0,0,0,0,0,0,0,0,0,"","","",0,0,0,0,0,0,0,0,0,0,0,0,0,"jackt101","F","F","F","F",0,0,0,0,0,0,0,0,0,0,F,F,"1924NY1.EVN.regular.event.csv",179
"NY1192404170","BRO",3,0,2,0,0,"",2,1,"wheaz101","?","wheaz101","?","deanw101","?","deanw101","?","snydf101","kellg101","frisf101","grohh101","jackt101","meusi101","soutb101","younr101","","","","S9","F","F",7,3,20,"T","T",1,"F","F",0,"F","F",0,"F","F",9,"","F","F","",0,0,"N",0,"N",0,"N",1,0,0,0,"","","","","F","F","F","F","F","F","F","F","F","","","","F","F","F","F","F","","","","",0,0,0,0,0,0,0,0,0,22,"NY1","BRO","NY1",0,"F","F",2,1,0,11,2,"T","F",0,1,"T","T","fourj101","grift102","T","T",0,0,0,0,0,0,0,0,0,"","","",0,0,0,0,0,0,0,0,0,0,0,0,0,"younr101","F","F","F","F",0,0,0,0,0,0,0,0,0,0,F,F,"1924NY1.EVN.regular.event.csv",180
"NY1192404170","BRO",3,0,2,0,0,"",2,1,"fourj101","?","fourj101","?","deanw101","?","deanw101","?","snydf101","kellg101","frisf101","grohh101","jackt101","meusi101","soutb101","younr101","wheaz101","","","9/F","F","F",3,4,2,"T","T",0,"F","F",1,"F","F",0,"F","F",9,"F","F","F","",0,0,"N",0,"N",0,"N",0,1,0,0,"9","","","","F","F","F","F","F","F","F","F","F","deanw101","","","F","F","F","F","F","","","","",0,9,0,0,0,0,0,0,0,23,"NY1","BRO","NY1",0,"F","T",2,1,0,12,3,"T","F",1,1,"T","T","grift102","debeh101","T","T",7,3,22,0,0,0,0,0,0,"snydf101","","",0,0,0,0,0,0,0,0,0,0,0,0,0,"younr101","F","F","F","F",0,0,0,0,0,0,0,0,0,0,F,F,"1924NY1.EVN.regular.event.csv",181
"NY1192404170","BRO",3,1,0,0,0,"",2,1,"soutb101","?","soutb101","?","vancd101","?","vancd101","?","debeh101","fourj101","klugj101","johnj107","joneb104","wheaz101","neisb101","grift102","","","","6/P","T","F",8,1,2,"T","T",0,"F","F",1,"F","F",0,"F","F",6,"P","F","F","",0,0,"N",0,"N",0,"N",0,0,0,0,"6","","","","F","F","F","F","F","F","F","F","F","","","","F","F","F","F","F","","","","",0,6,0,0,0,0,0,0,0,24,"NY1","NY1","BRO",1,"T","F",1,2,0,9,0,"T","F",0,0,"T","T","grohh101","frisf101","T","T",0,0,0,0,0,0,0,0,0,"","","",0,0,0,0,0,0,0,0,0,0,0,0,0,"joneb104","F","F","F","F",0,0,0,0,0,0,0,0,0,0,F,F,"1924NY1.EVN.regular.event.csv",182
"NY1192404170","BRO",3,1,1,0,0,"",2,1,"grohh101","?","grohh101","?","vancd101","?","vancd101","?","debeh101","fourj101","klugj101","johnj107","joneb104","wheaz101","neisb101","grift102","","","","9/F9DW","F","F",5,2,2,"T","T",0,"F","F",1,"F","F",0,"F","F",9,"F","F","F","9DW",0,0,"N",0,"N",0,"N",0,0,0,0,"9","","","","F","F","F","F","F","F","F","F","F","","","","F","F","F","F","F","","","","",0,9,0,0,0,0,0,0,0,25,"NY1","NY1","BRO",1,"F","F",1,2,0,10,1,"T","F",0,0,"T","T","frisf101","younr101","T","T",0,0,0,0,0,0,0,0,0,"","","",0,0,0,0,0,0,0,0,0,0,0,0,0,"grift102","F","F","F","F",0,0,0,0,0,0,0,0,0,0,F,F,"1924NY1.EVN.regular.event.csv",183
"NY1192404170","BRO",3,1,2,0,0,"",2,1,"frisf101","?","frisf101","?","vancd101","?","vancd101","?","debeh101","fourj101","klugj101","johnj107","joneb104","wheaz101","neisb101","grift102","","","","63","F","F",4,3,2,"T","T",0,"F","F",1,"F","F",0,"F","F",6,"G","F","F","",0,0,"N",0,"N",0,"N",0,0,0,0,"63","","","","F","F","F","F","F","F","F","F","F","","","","F","F","F","F","F","","","","",0,3,0,0,6,0,0,0,0,26,"NY1","NY1","BRO",1,"F","T",1,2,0,11,2,"T","F",0,0,"T","T","younr101","meusi101","T","T",0,0,0,0,0,0,0,0,0,"","","",0,0,0,0,0,0,0,0,0,0,0,0,0,"joneb104","F","F","F","F",0,0,0,0,0,0,0,0,0,0,F,F,"1924NY1.EVN.regular.event.csv",184
"NY1192404170","BRO",4,0,0,0,0,"",2,1,"grift102","?","grift102","?","deanw101","?","deanw101","?","snydf101","kellg101","frisf101","grohh101","jackt101","meusi101","soutb101","younr101","","","","9/L89XD","T","F",9,5,2,"T","T",0,"F","F",1,"F","F",0,"F","F",9,"L","F","F","89XD",0,0,"N",0,"N",0,"N",0,0,0,0,"9","","","","F","F","F","F","F","F","F","F","F","","","","F","F","F","F","F","","","","",0,9,0,0,0,0,0,0,0,27,"NY1","BRO","NY1",0,"T","F",2,1,0,13,0,"T","F",0,0,"T","T","debeh101","klugj101","T","T",0,0,0,0,0,0,0,0,0,"","","",0,0,0,0,0,0,0,0,0,0,0,0,0,"younr101","F","F","F","F",0,0,0,0,0,0,0,0,0,0,F,F,"1924NY1.EVN.regular.event.csv",185
"NY1192404170","BRO",4,0,1,0,0,"",2,1,"debeh101","?","debeh101","?","deanw101","?","deanw101","?","snydf101","kellg101","frisf101","grohh101","jackt101","meusi101","soutb101","younr101","","","","53","F","F",2,6,2,"T","T",0,"F","F",1,"F","F",0,"F","F",5,"G","F","F","",0,0,"N",0,"N",0,"N",0,0,0,0,"53","","","","F","F","F","F","F","F","F","F","F","","","","F","F","F","F","F","","","","",0,3,0,0,5,0,0,0,0,28,"NY1","BRO","NY1",0,"F","F",2,1,0,14,1,"T","F",0,0,"T","T","klugj101","joneb104","T","T",0,0,0,0,0,0,0,0,0,"","","",0,0,0,0,0,0,0,0,0,0,0,0,0,"grohh101","F","F","F","F",0,0,0,0,0,0,0,0,0,0,F,F,"1924NY1.EVN.regular.event.csv",186
"NY1192404170","BRO",4,0,2,0,0,"",2,1,"klugj101","?","klugj101","?","deanw101","?","deanw101","?","snydf101","kellg101","frisf101","grohh101","jackt101","meusi101","soutb101","younr101","","","","7/L","F","F",4,7,2,"T","T",0,"F","F",1,"F","F",0,"F","F",7,"L","F","F","",0,0,"N",0,"N",0,"N",0,0,0,0,"7","","","","F","F","F","F","F","F","F","F","F","","","","F","F","F","F","F","","","","",0,7,0,0,0,0,0,0,0,29,"NY1","BRO","NY1",0,"F","T",2,1,0,15,2,"T","F",0,0,"T","T","joneb104","vancd101","T","T",0,0,0,0,0,0,0,0,0,"","","",0,0,0,0,0,0,0,0,0,0,0,0,0,"meusi101","F","F","F","F",0,0,0,0,0,0,0,0,0,0,F,F,"1924NY1.EVN.regular.event.csv",187
"NY1192404170","BRO",4,1,0,0,0,"",2,1,"younr101","?","younr101","?","vancd101","?","vancd101","?","debeh101","fourj101","klugj101","johnj107","joneb104","wheaz101","neisb101","grift102","","","","W","T","F",9,4,14,"T","F",0,"F","F",0,"F","F",0,"F","F",0,"","F","F","",0,0,"N",0,"N",0,"N",1,0,0,0,"","","","","F","F","F","F","F","F","F","F","F","","","","F","F","F","F","F","","","","",0,0,0,0,0,0,0,0,0,30,"NY1","NY1","BRO",1,"T","F",1,2,0,12,0,"T","F",0,1,"T","T","meusi101","kellg101","T","T",0,0,0,0,0,0,0,0,0,"","","",0,0,0,0,0,0,0,0,0,0,0,0,0,"","F","F","F","F",0,0,0,0,0,0,0,0,0,0,F,F,"1924NY1.EVN.regular.event.csv",188
"NY1192404170","BRO",4,1,0,0,0,"",2,1,"meusi101","?","meusi101","?","vancd101","?","vancd101","?","debeh101","fourj101","klugj101","johnj107","joneb104","wheaz101","neisb101","grift102","younr101","","","S8/F8S.1-3","F","F",7,5,20,"T","T",1,"F","F",0,"F","F",0,"F","F",8,"F","F","F","8S",0,0,"N",0,"N",0,"N",1,3,0,0,"","","","","F","F","F","F","F","F","F","F","F","vancd101","","","F","F","F","F","F","","","","",0,0,0,0,0,0,0,0,0,31,"NY1","NY1","BRO",1,"F","F",1,2,0,13,1,"T","F",1,5,"T","T","kellg101","jackt101","T","T",9,4,30,0,0,0,0,0,0,"debeh101","","",0,0,0,0,0,0,0,0,0,0,0,0,0,"neisb101","F","F","F","F",0,0,0,0,0,0,0,0,0,0,F,F,"1924NY1.EVN.regular.event.csv",189
"NY1192404170","BRO",4,1,0,0,0,"",2,1,"kellg101","?","kellg101","?","vancd101","?","vancd101","?","debeh101","fourj101","klugj101","johnj107","joneb104","wheaz101","neisb101","grift102","meusi101","","younr101","K","F","F",3,6,3,"T","T",0,"F","F",1,"F","F",0,"F","F",0,"","F","F","",0,0,"N",0,"N",0,"N",0,1,0,3,"2","","","","F","F","F","F","F","F","F","F","F","vancd101","","vancd101","F","F","F","F","F","","","","",0,2,0,0,0,0,0,0,0,32,"NY1","NY1","BRO",1,"F","F",1,2,0,14,2,"T","F",5,5,"T","T","jackt101","snydf101","T","T",7,5,31,0,0,0,9,4,30,"debeh101","","debeh101",0,0,0,0,0,0,0,0,0,0,0,0,0,"","F","F","F","F",0,0,0,0,0,0,0,0,0,0,F,F,"1924NY1.EVN.regular.event.csv",190
"NY1192404170","BRO",4,1,1,0,0,"",2,1,"jackt101","?","jackt101","?","vancd101","?","vancd101","?","debeh101","fourj101","klugj101","johnj107","joneb104","wheaz101","neisb101","grift102","meusi101","","younr101","K","F","F",6,7,3,"T","T",0,"F","F",1,"F","F",0,"F","F",0,"","F","F","",0,0,"N",0,"N",0,"N",0,1,0,3,"2","","","","F","F","F","F","F","F","F","F","F","vancd101","","vancd101","F","F","F","F","F","","","","",0,2,0,0,0,0,0,0,0,33,"NY1","NY1","BRO",1,"F","F",1,2,0,15,3,"T","F",5,5,"T","T","snydf101","deanw101","T","T",7,5,31,0,0,0,9,4,30,"debeh101","","debeh101",0,0,0,0,0,0,0,0,0,0,0,0,0,"","F","F","F","F",0,0,0,0,0,0,0,0,0,0,F,F,"1924NY1.EVN.regular.event.csv",191
"NY1192404170","BRO",4,1,2,0,0,"",2,1,"snydf101","?","snydf101","?","vancd101","?","vancd101","?","debeh101","fourj101","klugj101","johnj107","joneb104","wheaz101","neisb101","grift102","meusi101","","younr101","8/F","F","F",2,8,2,"T","T",0,"F","F",1,"F","F",0,"F","F",8,"F","F","F","",0,0,"N",0,"N",0,"N",0,1,0,3,"8","","","","F","F","F","F","F","F","F","F","F","vancd101","","vancd101","F","F","F","F","F","","","","",0,8,0,0,0,0,0,0,0,34,"NY1","NY1","BRO",1,"F","T",1,2,0,16,4,"T","F",5,5,"T","T","deanw101","soutb101","T","T",7,5,31,0,0,0,9,4,30,"debeh101","","debeh101",0,0,0,0,0,0,0,0,0,0,0,0,0,"neisb101","F","F","F","F",0,0,0,0,0,0,0,0,0,0,F,F,"1924NY1.EVN.regular.event.csv",192
"NY1192404170","BRO",5,0,0,0,0,"",2,1,"joneb104","?","joneb104","?","deanw101","?","deanw101","?","snydf101","kellg101","frisf101","grohh101","jackt101","meusi101","soutb101","younr101","","","","6/L","T","F",6,8,2,"T","T",0,"F","F",1,"F","F",0,"F","F",6,"L","F","F","",0,0,"N",0,"N",0,"N",0,0,0,0,"6","","","","F","F","F","F","F","F","F","F","F","","","","F","F","F","F","F","","","","",0,6,0,0,0,0,0,0,0,35,"NY1","BRO","NY1",0,"T","F",2,1,0,16,0,"T","F",0,0,"T","T","vancd101","neisb101","T","T",0,0,0,0,0,0,0,0,0,"","","",0,0,0,0,0,0,0,0,0,0,0,0,0,"jackt101","F","F","F","F",0,0,0,0,0,0,0,0,0,0,F,F,"1924NY1.EVN.regular.event.csv",193
"NY1192404170","BRO",5,0,1,0,0,"",2,1,"vancd101","?","vancd101","?","deanw101","?","deanw101","?","snydf101","kellg101","frisf101","grohh101","jackt101","meusi101","soutb101","younr101","","","","13","F","F",1,9,2,"T","T",0,"F","F",1,"F","F",0,"F","F",1,"G","F","F","",0,0,"N",0,"N",0,"N",0,0,0,0,"13","","","","F","F","F","F","F","F","F","F","F","","","","F","F","F","F","F","","","","",0,3,0,0,1,0,0,0,0,36,"NY1","BRO","NY1",0,"F","F",2,1,0,17,1,"T","F",0,0,"T","T","neisb101","johnj107","T","T",0,0,0,0,0,0,0,0,0,"","","",0,0,0,0,0,0,0,0,0,0,0,0,0,"deanw101","F","F","F","F",0,0,0,0,0,0,0,0,0,0,F,F,"1924NY1.EVN.regular.event.csv",194
"NY1192404170","BRO",5,0,2,0,0,"",2,1,"neisb101","?","neisb101","?","deanw101","?","deanw101","?","snydf101","kellg101","frisf101","grohh101","jackt101","meusi101","soutb101","younr101","","","","31","F","F",8,1,2,"T","T",0,"F","F",1,"F","F",0,"F","F",3,"G","F","F","",0,0,"N",0,"N",0,"N",0,0,0,0,"31","","","","F","F","F","F","F","F","F","F","F","","","","F","F","F","F","F","","","","",0,1,0,0,3,0,0,0,0,37,"NY1","BRO","NY1",0,"F","T",2,1,0,18,2,"T","F",0,0,"T","T","johnj107","wheaz101","T","T",0,0,0,0,0,0,0,0,0,"","","",0,0,0,0,0,0,0,0,0,0,0,0,0,"kellg101","F","F","F","F",0,0,0,0,0,0,0,0,0,0,F,F,"1924NY1.EVN.regular.event.csv",195
"NY1192404170","BRO",5,1,0,0,0,"",2,1,"deanw101","?","deanw101","?","vancd101","?","vancd101","?","debeh101","fourj101","klugj101","johnj107","joneb104","wheaz101","neisb101","grift102","","","","8/L","T","F",1,9,2,"T","T",0,"F","F",1,"F","F",0,"F","F",8,"L","F","F","",0,0,"N",0,"N",0,"N",0,0,0,0,"8","","","","F","F","F","F","F","F","F","F","F","","","","F","F","F","F","F","","","","",0,8,0,0,0,0,0,0,0,38,"NY1","NY1","BRO",1,"T","F",1,2,0,17,0,"T","F",0,0,"T","T","soutb101","grohh101","T","T",0,0,0,0,0,0,0,0,0,"","","",0,0,0,0,0,0,0,0,0,0,0,0,0,"neisb101","F","F","F","F",0,0,0,0,1,0,0,0,0,0,F,F,"1924NY1.EVN.regular.event.csv",196
"NY1192404170","BRO",5,1,1,0,0,"",2,1,"soutb101","?","soutb101","?","vancd101","?","vancd101","?","debeh101","fourj101","klugj101","johnj107","joneb104","wheaz101","neisb101","grift102","","","","6/P","F","F",8,1,2,"T","T",0,"F","F",1,"F","F",0,"F","F",6,"P","F","F","",0,0,"N",0,"N",0,"N",0,0,0,0,"6","","","","F","F","F","F","F","F","F","F","F","","","","F","F","F","F","F","","","","",0,6,0,0,0,0,0,0,0,39,"NY1","NY1","BRO",1,"F","F",1,2,0,18,1,"T","F",0,0,"T","T","grohh101","frisf101","T","T",0,0,0,0,0,0,0,0,0,"","","",0,0,0,0,0,0,0,0,0,0,0,0,0,"joneb104","F","F","F","F",0,0,0,0,1,0,0,0,0,0,F,F,"1924NY1.EVN.regular.event.csv",197
"NY1192404170","BRO",5,1,2,0,0,"",2,1,"grohh101","?","grohh101","?","vancd101","?","vancd101","?","debeh101","fourj101","klugj101","johnj107","joneb104","wheaz101","neisb101","grift102","","","","HR/F7D","F","F",5,2,23,"T","T",4,"F","F",0,"F","F",1,"F","F",0,"F","F","F","7D",0,0,"N",0,"N",0,"N",4,0,0,0,"","","","","F","F","F","F","F","F","F","F","F","","","","F","F","F","F","F","","","","",0,0,0,0,0,0,0,0,0,40,"NY1","NY1","BRO",1,"F","F",1,2,0,19,2,"T","F",0,0,"T","T","frisf101","younr101","T","T",0,0,0,0,0,0,0,0,0,"","","",0,0,0,0,0,0,0,0,0,0,0,0,1,"","F","F","F","F",4,0,0,0,0,0,0,0,0,0,F,F,"1924NY1.EVN.regular.event.csv",198
"NY1192404170","BRO",5,1,2,0,0,"",2,2,"frisf101","?","frisf101","?","vancd101","?","vancd101","?","debeh101","fourj101","klugj101","johnj107","joneb104","wheaz101","neisb101","grift102","","","","43","F","F",4,3,2,"T","T",0,"F","F",1,"F","F",0,"F","F",4,"G","F","F","",0,0,"N",0,"N",0,"N",0,0,0,0,"43","","","","F","F","F","F","F","F","F","F","F","","","","F","F","F","F","F","","","","",0,3,0,0,4,0,0,0,0,41,"NY1","NY1","BRO",1,"F","T",2,2,1,20,3,"T","F",0,0,"T","T","younr101","meusi101","T","T",0,0,0,0,0,0,0,0,0,"","","",0,0,0,0,0,0,0,0,0,0,0,0,0,"klugj101","F","F","F","F",0,0,0,0,0,0,0,0,0,0,F,F,"1924NY1.EVN.regular.event.csv",199
"NY1192404170","BRO",6,0,0,0,0,"",2,2,"johnj107","?","johnj107","?","deanw101","?","deanw101","?","snydf101","kellg101","frisf101","grohh101","jackt101","meusi101","soutb101","younr101","","","","W","T","F",5,2,14,"T","F",0,"F","F",0,"F","F",0,"F","F",0,"","F","F","",0,0,"N",0,"N",0,"N",1,0,0,0,"","","","","F","F","F","F","F","F","F","F","F","","","","F","F","F","F","F","","","","",0,0,0,0,0,0,0,0,0,42,"NY1","BRO","NY1",0,"T","F",2,2,0,19,0,"T","F",0,1,"T","T","wheaz101","fourj101","T","T",0,0,0,0,0,0,0,0,0,"","","",0,0,0,0,0,0,0,0,0,0,0,0,0,"","F","F","F","F",0,0,0,0,0,0,0,0,0,0,F,F,"1924NY1.EVN.regular.event.csv",200
"NY1192404170","BRO",6,0,0,0,0,"",2,2,"wheaz101","?","wheaz101","?","deanw101","?","deanw101","?","snydf101","kellg101","frisf101","grohh101","jackt101","meusi101","soutb101","younr101","johnj107","","","9/L","F","F",7,3,2,"T","T",0,"F","F",1,"F","F",0,"F","F",9,"L","F","F","",0,0,"N",0,"N",0,"N",0,1,0,0,"9","","","","F","F","F","F","F","F","F","F","F","deanw101","","","F","F","F","F","F","","","","",0,9,0,0,0,0,0,0,0,43,"NY1","BRO","NY1",0,"F","F",2,2,0,20,1,"T","F",1,1,"T","T","fourj101","grift102","T","T",5,2,42,0,0,0,0,0,0,"snydf101","","",0,0,0,0,0,0,0,0,0,0,0,0,0,"younr101","F","F","F","F",0,0,0,0,0,0,0,0,0,0,F,F,"1924NY1.EVN.regular.event.csv",201
"NY1192404170","BRO",6,0,1,0,0,"",2,2,"fourj101","?","fourj101","?","deanw101","?","deanw101","?","snydf101","kellg101","frisf101","grohh101","jackt101","meusi101","soutb101","younr101","johnj107","","","HP.1-2","F","F",3,4,16,"T","F",0,"F","F",0,"F","F",0,"F","F",0,"","F","F","",0,0,"N",0,"N",0,"N",1,2,0,0,"","","","","F","F","F","F","F","F","F","F","F","deanw101","","","F","F","F","F","F","","","","",0,0,0,0,0,0,0,0,0,44,"NY1","BRO","NY1",0,"F","F",2,2,0,21,2,"T","F",1,3,"T","T","grift102","debeh101","T","T",5,2,42,0,0,0,0,0,0,"snydf101","","",0,0,0,0,0,0,0,0,0,0,0,0,0,"","F","F","F","F",0,0,0,0,0,0,0,0,0,0,F,F,"1924NY1.EVN.regular.event.csv",202
"NY1192404170","BRO",6,0,1,0,0,"",2,2,"grift102","?","grift102","?","deanw101","?","deanw101","?","snydf101","kellg101","frisf101","grohh101","jackt101","meusi101","soutb101","younr101","fourj101","johnj107","","36(1)1/GDP","F","F",9,5,2,"T","T",0,"F","F",2,"T","F",0,"F","F",3,"G","F","F","",0,0,"N",0,"N",0,"N",0,0,2,0,"61","36","","","F","F","F","F","F","F","F","F","F","deanw101","deanw101","","F","F","F","F","F","","","","",0,6,1,0,3,6,0,0,0,45,"NY1","BRO","NY1",0,"F","T",2,2,0,22,3,"T","F",3,2,"T","T","debeh101","klugj101","T","T",3,4,44,5,2,42,0,0,0,"snydf101","snydf101","",0,0,0,0,0,0,0,0,0,0,0,0,0,"kellg101","T","F","F","F",0,0,0,0,0,0,0,0,0,0,F,F,"1924NY1.EVN.regular.event.csv",203
"NY1192404170","BRO",6,1,0,0,0,"X",2,2,"younr101","?","younr101","?","vancd101","?","vancd101","?","debeh101","fourj101","klugj101","johnj107","joneb104","wheaz101","neisb101","grift102","","","","43","T","F",9,4,2,"T","T",0,"F","F",1,"F","F",0,"F","F",4,"G","F","F","",0,0,"N",0,"N",0,"N",0,0,0,0,"43","","","","F","F","F","F","F","F","F","F","F","","","","F","F","F","F","F","","","","",0,3,0,0,4,0,0,0,0,46,"NY1","NY1","BRO",1,"T","F",2,2,0,21,0,"T","F",0,0,"T","T","meusi101","kellg101","T","T",0,0,0,0,0,0,0,0,0,"","","",0,0,0,0,0,0,1,0,0,0,1,0,0,"klugj101","F","F","F","F",0,0,0,0,0,0,0,0,0,0,F,F,"1924NY1.EVN.regular.event.csv",204
"NY1192404170","BRO",6,1,1,0,0,"X",2,2,"meusi101","?","meusi101","?","vancd101","?","vancd101","?","debeh101","fourj101","klugj101","johnj107","joneb104","wheaz101","neisb101","grift102","","","","4/L","F","F",7,5,2,"T","T",0,"F","F",1,"F","F",0,"F","F",4,"L","F","F","",0,0,"N",0,"N",0,"N",0,0,0,0,"4","","","","F","F","F","F","F","F","F","F","F","","","","F","F","F","F","F","","","","",0,4,0,0,0,0,0,0,0,47,"NY1","NY1","BRO",1,"F","F",2,2,0,22,1,"T","F",0,0,"T","T","kellg101","jackt101","T","T",0,0,0,0,0,0,0,0,0,"","","",0,0,0,0,0,0,1,0,0,0,1,0,0,"klugj101","F","F","F","F",0,0,0,0,0,0,0,0,0,0,F,F,"1924NY1.EVN.regular.event.csv",205
"NY1192404170","BRO",6,1,2,0,0,"X",2,2,"kellg101","?","kellg101","?","vancd101","?","vancd101","?","debeh101","fourj101","klugj101","johnj107","joneb104","wheaz101","neisb101","grift102","","","","8/F","F","F",3,6,2,"T","T",0,"F","F",1,"F","F",0,"F","F",8,"F","F","F","",0,0,"N",0,"N",0,"N",0,0,0,0,"8","","","","F","F","F","F","F","F","F","F","F","","","","F","F","F","F","F","","","","",0,8,0,0,0,0,0,0,0,48,"NY1","NY1","BRO",1,"F","T",2,2,0,23,2,"T","F",0,0,"T","T","jackt101","snydf101","T","T",0,0,0,0,0,0,0,0,0,"","","",0,0,0,0,0,0,1,0,0,0,1,0,0,"neisb101","F","F","F","F",0,0,0,0,0,0,0,0,0,0,F,F,"1924NY1.EVN.regular.event.csv",206
"NY1192404170","BRO",7,0,0,0,0,"",2,2,"debeh101","?","debeh101","?","deanw101","?","deanw101","?","snydf101","kellg101","frisf101","grohh101","jackt101","meusi101","soutb101","younr101","","","","5/L","T","F",2,6,2,"T","T",0,"F","F",1,"F","F",0,"F","F",5,"L","F","F","",0,0,"N",0,"N",0,"N",0,0,0,0,"5","","","","F","F","F","F","F","F","F","F","F","","","","F","F","F","F","F","","","","",0,5,0,0,0,0,0,0,0,49,"NY1","BRO","NY1",0,"T","F",2,2,0,23,0,"T","F",0,0,"T","T","klugj101","joneb104","T","T",0,0,0,0,0,0,0,0,0,"","","",0,0,0,0,0,0,0,0,0,0,0,0,0,"grohh101","F","F","F","F",0,0,0,0,0,0,0,0,0,0,F,F,"1924NY1.EVN.regular.event.csv",207
"NY1192404170","BRO",7,0,1,0,0,"",2,2,"klugj101","?","klugj101","?","deanw101","?","deanw101","?","snydf101","kellg101","frisf101","grohh101","jackt101","meusi101","soutb101","younr101","","","","8/F","F","F",4,7,2,"T","T",0,"F","F",1,"F","F",0,"F","F",8,"F","F","F","",0,0,"N",0,"N",0,"N",0,0,0,0,"8","","","","F","F","F","F","F","F","F","F","F","","","","F","F","F","F","F","","","","",0,8,0,0,0,0,0,0,0,50,"NY1","BRO","NY1",0,"F","F",2,2,0,24,1,"T","F",0,0,"T","T","joneb104","vancd101","T","T",0,0,0,0,0,0,0,0,0,"","","",0,0,0,0,0,0,0,0,0,0,0,0,0,"soutb101","F","F","F","F",0,0,0,0,0,0,0,0,0,0,F,F,"1924NY1.EVN.regular.event.csv",208
"NY1192404170","BRO",7,0,2,0,0,"",2,2,"joneb104","?","joneb104","?","deanw101","?","deanw101","?","snydf101","kellg101","frisf101","grohh101","jackt101","meusi101","soutb101","younr101","","","","K","F","F",6,8,3,"T","T",0,"F","F",1,"F","F",0,"F","F",0,"","F","F","",0,0,"N",0,"N",0,"N",0,0,0,0,"2","","","","F","F","F","F","F","F","F","F","F","","","","F","F","F","F","F","","","","",0,2,0,0,0,0,0,0,0,51,"NY1","BRO","NY1",0,"F","T",2,2,0,25,2,"T","F",0,0,"T","T","vancd101","neisb101","T","T",0,0,0,0,0,0,0,0,0,"","","",0,0,0,0,0,0,0,0,0,0,0,0,0,"","F","F","F","F",0,0,0,0,0,0,0,0,0,0,F,F,"1924NY1.EVN.regular.event.csv",209
"NY1192404170","BRO",7,1,0,0,0,"",2,2,"jackt101","?","jackt101","?","vancd101","?","vancd101","?","debeh101","fourj101","klugj101","johnj107","joneb104","wheaz101","neisb101","grift102","","","","5/FL","T","F",6,7,2,"T","T",0,"F","F",1,"F","F",0,"F","F",5,"F","F","T","",0,0,"N",0,"N",0,"N",0,0,0,0,"5","","","","F","F","F","F","F","F","F","F","F","","","","F","F","F","F","F","","","","",0,5,0,0,0,0,0,0,0,52,"NY1","NY1","BRO",1,"T","F",2,2,0,24,0,"T","F",0,0,"T","T","snydf101","deanw101","T","T",0,0,0,0,0,0,0,0,0,"","","",0,0,0,0,0,0,0,0,0,0,0,0,0,"johnj107","F","F","F","F",0,0,0,0,0,0,0,0,0,0,F,F,"1924NY1.EVN.regular.event.csv",210
"NY1192404170","BRO",7,1,1,0,0,"",2,2,"snydf101","?","snydf101","?","vancd101","?","vancd101","?","debeh101","fourj101","klugj101","johnj107","joneb104","wheaz101","neisb101","grift102","","","","S9","F","F",2,8,20,"T","T",1,"F","F",0,"F","F",0,"F","F",9,"","F","F","",0,0,"N",0,"N",0,"N",1,0,0,0,"","","","","F","F","F","F","F","F","F","F","F","","","","F","F","F","F","F","","","","",0,0,0,0,0,0,0,0,0,53,"NY1","NY1","BRO",1,"F","F",2,2,0,25,1,"T","F",0,1,"T","T","deanw101","soutb101","T","T",0,0,0,0,0,0,0,0,0,"","","",0,0,0,0,0,0,0,0,0,0,0,0,0,"grift102","F","F","F","F",0,0,0,0,0,0,0,0,0,0,F,F,"1924NY1.EVN.regular.event.csv",211
"NY1192404170","BRO",7,1,1,0,2,"SSS",2,2,"deanw101","?","deanw101","?","vancd101","?","vancd101","?","debeh101","fourj101","klugj101","johnj107","joneb104","wheaz101","neisb101","grift102","snydf101","","","K","F","F",1,9,3,"T","T",0,"F","F",1,"F","F",0,"F","F",0,"","F","F","",0,0,"N",0,"N",0,"N",0,1,0,0,"2","","","","F","F","F","F","F","F","F","F","F","vancd101","","","F","F","F","F","F","","","","",0,2,0,0,0,0,0,0,0,54,"NY1","NY1","BRO",1,"F","F",2,2,0,26,2,"T","F",1,1,"T","T","soutb101","grohh101","T","T",2,8,53,0,0,0,0,0,0,"debeh101","","",0,0,0,0,0,0,3,0,3,0,0,0,0,"","F","F","F","F",0,0,0,0,0,0,0,0,0,0,F,F,"1924NY1.EVN.regular.event.csv",212
"NY1192404170","BRO",7,1,2,0,0,"",2,2,"soutb101","?","soutb101","?","vancd101","?","vancd101","?","debeh101","fourj101","klugj101","johnj107","joneb104","wheaz101","neisb101","grift102","snydf101","","","13","F","F",8,1,2,"T","T",0,"F","F",1,"F","F",0,"F","F",1,"G","F","F","",0,0,"N",0,"N",0,"N",0,1,0,0,"13","","","","F","F","F","F","F","F","F","F","F","vancd101","","","F","F","F","F","F","","","","",0,3,0,0,1,0,0,0,0,55,"NY1","NY1","BRO",1,"F","T",2,2,0,27,3,"T","F",1,1,"T","T","grohh101","frisf101","T","T",2,8,53,0,0,0,0,0,0,"debeh101","","",0,0,0,0,0,0,0,0,0,0,0,0,0,"vancd101","F","F","F","F",0,0,0,0,0,0,0,0,0,0,F,F,"1924NY1.EVN.regular.event.csv",213
"NY1192404170","BRO",8,0,0,0,0,"",2,2,"vancd101","?","vancd101","?","deanw101","?","deanw101","?","snydf101","kellg101","frisf101","grohh101","jackt101","meusi101","soutb101","younr101","","","","K","T","F",1,9,3,"T","T",0,"F","F",1,"F","F",0,"F","F",0,"","F","F","",0,0,"N",0,"N",0,"N",0,0,0,0,"2","","","","F","F","F","F","F","F","F","F","F","","","","F","F","F","F","F","","","","",0,2,0,0,0,0,0,0,0,56,"NY1","BRO","NY1",0,"T","F",2,2,0,26,0,"T","F",0,0,"T","T","neisb101","johnj107","T","T",0,0,0,0,0,0,0,0,0,"","","",0,0,0,0,0,0,0,0,0,0,0,0,0,"","F","F","F","F",0,0,0,0,0,0,0,0,0,0,F,F,"1924NY1.EVN.regular.event.csv",214
"NY1192404170","BRO",8,0,1,0,0,"",2,2,"neisb101","?","neisb101","?","deanw101","?","deanw101","?","snydf101","kellg101","frisf101","grohh101","jackt101","meusi101","soutb101","younr101","","","","7/F","F","F",8,1,2,"T","T",0,"F","F",1,"F","F",0,"F","F",7,"F","F","F","",0,0,"N",0,"N",0,"N",0,0,0,0,"7","","","","F","F","F","F","F","F","F","F","F","","","","F","F","F","F","F","","","","",0,7,0,0,0,0,0,0,0,57,"NY1","BRO","NY1",0,"F","F",2,2,0,27,1,"T","F",0,0,"T","T","johnj107","wheaz101","T","T",0,0,0,0,0,0,0,0,0,"","","",0,0,0,0,0,0,0,0,0,0,0,0,0,"meusi101","F","F","F","F",0,0,0,0,0,0,0,0,0,0,F,F,"1924NY1.EVN.regular.event.csv",215
"NY1192404170","BRO",8,0,2,0,0,"",2,2,"johnj107","?","johnj107","?","deanw101","?","deanw101","?","snydf101","kellg101","frisf101","grohh101","jackt101","meusi101","soutb101","younr101","","","","43","F","F",5,2,2,"T","T",0,"F","F",1,"F","F",0,"F","F",4,"G","F","F","",0,0,"N",0,"N",0,"N",0,0,0,0,"43","","","","F","F","F","F","F","F","F","F","F","","","","F","F","F","F","F","","","","",0,3,0,0,4,0,0,0,0,58,"NY1","BRO","NY1",0,"F","T",2,2,0,28,2,"T","F",0,0,"T","T","wheaz101","fourj101","T","T",0,0,0,0,0,0,0,0,0,"","","",0,0,0,0,0,0,0,0,0,0,0,0,0,"frisf101","F","F","F","F",0,0,0,0,0,0,0,0,0,0,F,F,"1924NY1.EVN.regular.event.csv",216
"NY1192404170","BRO",8,1,0,0,0,"",2,2,"grohh101","?","grohh101","?","vancd101","?","vancd101","?","debeh101","fourj101","klugj101","johnj107","joneb104","wheaz101","neisb101","grift102","","","","43","T","F",5,2,2,"T","T",0,"F","F",1,"F","F",0,"F","F",4,"G","F","F","",0,0,"N",0,"N",0,"N",0,0,0,0,"43","","","","F","F","F","F","F","F","F","F","F","","","","F","F","F","F","F","","","","",0,3,0,0,4,0,0,0,0,59,"NY1","NY1","BRO",1,"T","F",2,2,0,28,0,"T","F",0,0,"T","T","frisf101","younr101","T","T",0,0,0,0,0,0,0,0,0,"","","",0,0,0,0,0,0,0,0,0,0,0,0,0,"klugj101","F","F","F","F",0,0,0,0,0,0,0,0,0,0,F,F,"1924NY1.EVN.regular.event.csv",217
"NY1192404170","BRO",8,1,1,0,0,"",2,2,"frisf101","?","frisf101","?","vancd101","?","vancd101","?","debeh101","fourj101","klugj101","johnj107","joneb104","wheaz101","neisb101","grift102","","","","D7/78","F","F",4,3,21,"T","T",2,"F","F",0,"F","F",0,"F","F",7,"","F","F","78",0,0,"N",0,"N",0,"N",2,0,0,0,"","","","","F","F","F","F","F","F","F","F","F","","","","F","F","F","F","F","","","","",0,0,0,0,0,0,0,0,0,60,"NY1","NY1","BRO",1,"F","F",2,2,0,29,1,"T","F",0,2,"T","T","younr101","meusi101","T","T",0,0,0,0,0,0,0,0,0,"","","",0,0,0,0,0,0,0,0,0,0,0,0,0,"wheaz101","F","F","F","F",0,0,0,0,0,0,0,0,0,0,F,F,"1924NY1.EVN.regular.event.csv",218
"NY1192404170","BRO",8,1,1,0,0,"",2,2,"younr101","?","younr101","?","vancd101","?","vancd101","?","debeh101","fourj101","klugj101","johnj107","joneb104","wheaz101","neisb101","grift102","","frisf101","","W","F","F",9,4,14,"T","F",0,"F","F",0,"F","F",0,"F","F",0,"","F","F","",0,0,"N",0,"N",0,"N",1,0,2,0,"","","","","F","F","F","F","F","F","F","F","F","","vancd101","","F","F","F","F","F","","","","",0,0,0,0,0,0,0,0,0,61,"NY1","NY1","BRO",1,"F","F",2,2,0,30,2,"T","F",2,3,"T","T","meusi101","kellg101","T","T",0,0,0,4,3,60,0,0,0,"","debeh101","",0,0,0,0,0,0,0,0,0,0,0,0,0,"","F","F","F","F",0,0,0,0,0,0,0,0,0,0,F,F,"1924NY1.EVN.regular.event.csv",219
"NY1192404170","BRO",8,1,1,0,0,"",2,2,"meusi101","?","meusi101","?","vancd101","?","vancd101","?","debeh101","fourj101","klugj101","johnj107","joneb104","wheaz101","neisb101","grift102","younr101","frisf101","","8/F78XD","F","F",7,5,2,"T","T",0,"F","F",1,"F","F",0,"F","F",8,"F","F","F","78XD",0,0,"N",0,"N",0,"N",0,1,2,0,"8","","","","F","F","F","F","F","F","F","F","F","vancd101","vancd101","","F","F","F","F","F","","","","",0,8,0,0,0,0,0,0,0,62,"NY1","NY1","BRO",1,"F","F",2,2,0,31,3,"T","F",3,3,"T","T","kellg101","jackt101","T","T",9,4,61,4,3,60,0,0,0,"debeh101","debeh101","",0,0,0,0,0,0,0,0,0,0,0,0,0,"neisb101","F","F","F","F",0,0,0,0,0,0,0,0,0,0,F,F,"1924NY1.EVN.regular.event.csv",220
"NY1192404170","BRO",8,1,2,0,0,"",2,2,"kellg101","?","kellg101","?","vancd101","?","vancd101","?","debeh101","fourj101","klugj101","johnj107","joneb104","wheaz101","neisb101","grift102","younr101","frisf101","","WP.2-3;1-2","F","F",3,6,9,"F","F",0,"F","F",0,"F","F",0,"T","F",0,"","F","F","",0,0,"N",0,"N",0,"N",0,2,3,0,"","","","","F","F","F","F","F","F","F","F","F","vancd101","vancd101","","F","F","F","F","F","","","","",0,0,0,0,0,0,0,0,0,63,"NY1","NY1","BRO",1,"F","F",2,2,0,32,4,"T","F",3,6,"T","T","jackt101","snydf101","T","T",9,4,61,4,3,60,0,0,0,"debeh101","debeh101","",0,0,0,0,0,0,0,0,0,0,0,0,0,"","F","F","F","F",0,0,0,0,0,0,0,0,0,0,F,F,"1924NY1.EVN.regular.event.csv",221
"NY1192404170","BRO",8,1,2,0,0,"",2,2,"kellg101","?","kellg101","?","vancd101","?","vancd101","?","debeh101","fourj101","klugj101","johnj107","joneb104","wheaz101","neisb101","grift102","","younr101","frisf101","K","F","F",3,6,3,"T","T",0,"F","F",1,"F","F",0,"F","F",0,"","F","F","",0,0,"N",0,"N",0,"N",0,0,2,3,"2","","","","F","F","F","F","F","F","F","F","F","","vancd101","vancd101","F","F","F","F","F","","","","",0,2,0,0,0,0,0,0,0,64,"NY1","NY1","BRO",1,"F","T",2,2,0,32,4,"F","F",6,6,"T","T","jackt101","snydf101","T","T",0,0,0,9,4,61,4,3,60,"","debeh101","debeh101",0,0,0,0,0,0,0,0,0,0,0,0,0,"","F","F","F","F",0,0,0,0,0,0,0,0,0,0,F,F,"1924NY1.EVN.regular.event.csv",222
"NY1192404170","BRO",9,0,0,0,0,"",2,2,"wheaz101","?","wheaz101","?","deanw101","?","deanw101","?","snydf101","kellg101","frisf101","grohh101","jackt101","meusi101","soutb101","younr101","","","","43","T","F",7,3,2,"T","T",0,"F","F",1,"F","F",0,"F","F",4,"G","F","F","",0,0,"N",0,"N",0,"N",0,0,0,0,"43","","","","F","F","F","F","F","F","F","F","F","","","","F","F","F","F","F","","","","",0,3,0,0,4,0,0,0,0,65,"NY1","BRO","NY1",0,"T","F",2,2,0,29,0,"T","F",0,0,"T","T","fourj101","grift102","T","T",0,0,0,0,0,0,0,0,0,"","","",0,0,0,0,0,0,0,0,0,0,0,0,0,"frisf101","F","F","F","F",0,0,0,0,0,0,0,0,0,0,F,F,"1924NY1.EVN.regular.event.csv",223
"NY1192404170","BRO",9,0,1,0,0,"",2,2,"fourj101","?","fourj101","?","deanw101","?","deanw101","?","snydf101","kellg101","frisf101","grohh101","jackt101","meusi101","soutb101","younr101","","","","43","F","F",3,4,2,"T","T",0,"F","F",1,"F","F",0,"F","F",4,"G","F","F","",0,0,"N",0,"N",0,"N",0,0,0,0,"43","","","","F","F","F","F","F","F","F","F","F","","","","F","F","F","F","F","","","","",0,3,0,0,4,0,0,0,0,66,"NY1","BRO","NY1",0,"F","F",2,2,0,30,1,"T","F",0,0,"T","T","grift102","debeh101","T","T",0,0,0,0,0,0,0,0,0,"","","",0,0,0,0,0,0,0,0,0,0,0,0,0,"frisf101","F","F","F","F",0,0,0,0,0,0,0,0,0,0,F,F,"1924NY1.EVN.regular.event.csv",224
"NY1192404170","BRO",9,0,2,0,0,"",2,2,"grift102","?","grift102","?","deanw101","?","deanw101","?","snydf101","kellg101","frisf101","grohh101","jackt101","meusi101","soutb101","younr101","","","","2/FL","F","F",9,5,2,"T","T",0,"F","F",1,"F","F",0,"F","F",2,"F","F","T","",0,0,"N",0,"N",0,"N",0,0,0,0,"2","","","","F","F","F","F","F","F","F","F","F","","","","F","F","F","F","F","","","","",0,2,0,0,0,0,0,0,0,67,"NY1","BRO","NY1",0,"F","T",2,2,0,31,2,"T","F",0,0,"T","T","debeh101","klugj101","T","T",0,0,0,0,0,0,0,0,0,"","","",0,0,0,0,0,0,0,0,0,0,0,0,0,"snydf101","F","F","F","F",0,0,0,0,0,0,0,0,0,0,F,F,"1924NY1.EVN.regular.event.csv",225
"NY1192404170","BRO",9,1,0,0,0,"",2,2,"jackt101","?","jackt101","?","vancd101","?","vancd101","?","debeh101","fourj101","klugj101","johnj107","joneb104","wheaz101","neisb101","grift102","","","","13","T","F",6,7,2,"T","T",0,"F","F",1,"F","F",0,"F","F",1,"G","F","F","",0,0,"N",0,"N",0,"N",0,0,0,0,"13","","","","F","F","F","F","F","F","F","F","F","","","","F","F","F","F","F","","","","",0,3,0,0,1,0,0,0,0,68,"NY1","NY1","BRO",1,"T","F",2,2,0,33,0,"T","F",0,0,"T","T","snydf101","deanw101","T","T",0,0,0,0,0,0,0,0,0,"","","",0,0,0,0,0,0,0,0,0,0,0,0,0,"vancd101","F","F","F","F",0,0,0,0,0,0,0,0,0,0,F,F,"1924NY1.EVN.regular.event.csv",226
"NY1192404170","BRO",9,1,1,0,0,"",2,2,"snydf101","?","snydf101","?","vancd101","?","vancd101","?","debeh101","fourj101","klugj101","johnj107","joneb104","wheaz101","neisb101","grift102","","","","63","F","F",2,8,2,"T","T",0,"F","F",1,"F","F",0,"F","F",6,"G","F","F","",0,0,"N",0,"N",0,"N",0,0,0,0,"63","","","","F","F","F","F","F","F","F","F","F","","","","F","F","F","F","F","","","","",0,3,0,0,6,0,0,0,0,69,"NY1","NY1","BRO",1,"F","F",2,2,0,34,1,"T","F",0,0,"T","T","deanw101","soutb101","T","T",0,0,0,0,0,0,0,0,0,"","","",0,0,0,0,0,0,0,0,0,0,0,0,0,"joneb104","F","F","F","F",0,0,0,0,0,0,0,0,0,0,F,F,"1924NY1.EVN.regular.event.csv",227
"NY1192404170","BRO",9,1,2,0,0,"",2,2,"deanw101","?","deanw101","?","vancd101","?","vancd101","?","debeh101","fourj101","klugj101","johnj107","joneb104","wheaz101","neisb101","grift102","","","","9/L","F","F",1,9,2,"T","T",0,"F","F",1,"F","F",0,"F","F",9,"L","F","F","",0,0,"N",0,"N",0,"N",0,0,0,0,"9","","","","F","F","F","F","F","F","F","F","F","","","","F","F","F","F","F","","","","",0,9,0,0,0,0,0,0,0,70,"NY1","NY1","BRO",1,"F","T",2,2,0,35,2,"T","F",0,0,"T","T","soutb101","grohh101","T","T",0,0,0,0,0,0,0,0,0,"","","",0,0,0,0,0,0,0,0,0,0,0,0,0,"grift102","F","F","F","F",0,0,0,0,0,0,0,0,0,0,F,F,"1924NY1.EVN.regular.event.csv",228
"NY1192404170","BRO",10,0,0,0,0,"",2,2,"debeh101","?","debeh101","?","deanw101","?","deanw101","?","snydf101","kellg101","frisf101","grohh101","jackt101","meusi101","soutb101","younr101","","","","S/F78S","T","F",2,6,20,"T","T",1,"F","F",0,"F","F",0,"F","F",0,"F","F","F","78S",0,0,"N",0,"N",0,"N",1,0,0,0,"","","","","F","F","F","F","F","F","F","F","F","","","","F","F","F","F","F","","","","",0,0,0,0,0,0,0,0,0,71,"NY1","BRO","NY1",0,"T","F",2,2,0,32,0,"T","F",0,1,"T","T","klugj101","joneb104","T","T",0,0,0,0,0,0,0,0,0,"","","",0,0,0,0,0,0,0,0,0,0,0,0,0,"","F","F","F","F",0,0,0,0,0,0,0,0,0,0,F,F,"1924NY1.EVN.regular.event.csv",229
"NY1192404170","BRO",10,0,0,0,0,"",2,2,"klugj101","?","klugj101","?","deanw101","?","deanw101","?","snydf101","kellg101","frisf101","grohh101","jackt101","meusi101","soutb101","younr101","debeh101","","","S3/BG.1-2","F","F",4,7,20,"T","T",1,"F","F",0,"F","F",0,"F","F",3,"G","T","F","",0,0,"N",0,"N",0,"N",1,2,0,0,"","","","","F","F","F","F","F","F","F","F","F","deanw101","","","F","F","F","F","F","","","","",0,0,0,0,0,0,0,0,0,72,"NY1","BRO","NY1",0,"F","F",2,2,0,33,1,"T","F",1,3,"T","T","joneb104","vancd101","T","T",2,6,71,0,0,0,0,0,0,"snydf101","","",0,0,0,0,0,0,0,0,0,0,0,0,0,"kellg101","F","F","F","F",0,0,0,0,0,0,0,0,0,0,F,F,"1924NY1.EVN.regular.event.csv",230
"NY1192404170","BRO",10,0,0,0,0,"",2,2,"joneb104","?","joneb104","?","deanw101","?","deanw101","?","snydf101","kellg101","frisf101","grohh101","jackt101","meusi101","soutb101","younr101","klugj101","debeh101","","3/BP","F","F",6,8,2,"T","T",0,"F","F",1,"F","F",0,"F","F",3,"P","T","F","",0,0,"N",0,"N",0,"N",0,1,2,0,"3","","","","F","F","F","F","F","F","F","F","F","deanw101","deanw101","","F","F","F","F","F","","","","",0,3,0,0,0,0,0,0,0,73,"NY1","BRO","NY1",0,"F","F",2,2,0,34,2,"T","F",3,3,"T","T","vancd101","neisb101","T","T",4,7,72,2,6,71,0,0,0,"snydf101","snydf101","",0,0,0,0,0,0,0,0,0,0,0,0,0,"kellg101","F","F","F","F",0,0,0,0,0,0,0,0,0,0,F,F,"1924NY1.EVN.regular.event.csv",231
"NY1192404170","BRO",10,0,1,0,0,"",2,2,"vancd101","?","vancd101","?","deanw101","?","deanw101","?","snydf101","kellg101","frisf101","grohh101","jackt101","meusi101","soutb101","younr101","klugj101","debeh101","","W.2-3;1-2","F","F",1,9,14,"T","F",0,"F","F",0,"F","F",0,"F","F",0,"","F","F","",0,0,"N",0,"N",0,"N",1,2,3,0,"","","","","F","F","F","F","F","F","F","F","F","deanw101","deanw101","","F","F","F","F","F","","","","",0,0,0,0,0,0,0,0,0,74,"NY1","BRO","NY1",0,"F","F",2,2,0,35,3,"T","F",3,7,"T","T","neisb101","johnj107","T","T",4,7,72,2,6,71,0,0,0,"snydf101","snydf101","",0,0,0,0,0,0,0,0,0,0,0,0,0,"","F","F","F","F",0,0,0,0,0,0,0,0,0,0,F,F,"1924NY1.EVN.regular.event.csv",232
"NY1192404170","BRO",10,0,1,0,0,"",2,2,"neisb101","?","neisb101","?","deanw101","?","deanw101","?","snydf101","kellg101","frisf101","grohh101","jackt101","meusi101","soutb101","younr101","vancd101","klugj101","debeh101","32(3)3/GDP","F","F",8,1,2,"T","T",0,"F","F",2,"T","F",0,"F","F",3,"G","F","F","",0,0,"N",0,"N",0,"N",0,1,2,0,"23","","","32","F","F","F","F","F","F","F","F","F","deanw101","deanw101","deanw101","F","F","F","F","F","","","","",0,2,3,0,3,2,0,0,0,75,"NY1","BRO","NY1",0,"F","T",2,2,0,36,4,"T","F",7,3,"T","T","johnj107","wheaz101","T","T",1,9,74,4,7,72,2,6,71,"snydf101","snydf101","snydf101",0,0,0,0,0,0,0,0,0,0,0,0,0,"kellg101","F","F","T","F",0,0,0,0,0,0,0,0,0,0,F,F,"1924NY1.EVN.regular.event.csv",233
"NY1192404170","BRO",10,1,0,0,0,"",2,2,"soutb101","?","soutb101","?","vancd101","?","vancd101","?","debeh101","fourj101","klugj101","johnj107","joneb104","wheaz101","neisb101","grift102","","","","43","T","F",8,1,2,"T","T",0,"F","F",1,"F","F",0,"F","F",4,"G","F","F","",0,0,"N",0,"N",0,"N",0,0,0,0,"43","","","","F","F","F","F","F","F","F","F","F","","","","F","F","F","F","F","","","","",0,3,0,0,4,0,0,0,0,76,"NY1","NY1","BRO",1,"T","F",2,2,0,36,0,"T","F",0,0,"T","T","grohh101","frisf101","T","T",0,0,0,0,0,0,0,0,0,"","","",0,0,0,0,0,0,0,0,0,0,0,0,0,"klugj101","F","F","F","F",0,0,0,0,1,0,0,0,0,0,F,F,"1924NY1.EVN.regular.event.csv",234
"NY1192404170","BRO",10,1,1,0,0,"",2,2,"grohh101","?","grohh101","?","vancd101","?","vancd101","?","debeh101","fourj101","klugj101","johnj107","joneb104","wheaz101","neisb101","grift102","","","","S/6","F","F",5,2,20,"T","T",1,"F","F",0,"F","F",0,"F","F",0,"","F","F","6",0,0,"N",0,"N",0,"N",1,0,0,0,"","","","","F","F","F","F","F","F","F","F","F","","","","F","F","F","F","F","","","","",0,0,0,0,0,0,0,0,0,77,"NY1","NY1","BRO",1,"F","F",2,2,0,37,1,"T","F",0,1,"T","T","frisf101","younr101","T","T",0,0,0,0,0,0,0,0,0,"","","",0,0,0,0,0,0,0,0,0,0,0,0,0,"","F","F","F","F",4,0,0,0,1,0,0,0,0,0,F,F,"1924NY1.EVN.regular.event.csv",235
"NY1192404170","BRO",10,1,1,0,0,"",2,2,"frisf101","?","frisf101","?","vancd101","?","vancd101","?","debeh101","fourj101","klugj101","johnj107","joneb104","wheaz101","neisb101","grift102","grohh101","","","S/G1.1-3","F","F",4,3,20,"T","T",1,"F","F",0,"F","F",0,"F","F",0,"G","F","F","1",0,0,"N",0,"N",0,"N",1,3,0,0,"","","","","F","F","F","F","F","F","F","F","F","vancd101","","","F","F","F","F","F","","","","",0,0,0,0,0,0,0,0,0,78,"NY1","NY1","BRO",1,"F","F",2,2,0,38,2,"T","F",1,5,"T","T","younr101","meusi101","T","T",5,2,77,0,0,0,0,0,0,"debeh101","","",0,0,0,0,0,0,0,0,0,0,0,0,0,"","F","F","F","F",3,4,0,0,1,0,0,0,0,0,F,F,"1924NY1.EVN.regular.event.csv",236
"NY1192404170","BRO",10,1,1,0,0,"",2,2,"younr101","?","younr101","?","vancd101","?","vancd101","?","debeh101","fourj101","klugj101","johnj107","joneb104","wheaz101","neisb101","grift102","frisf101","","grohh101","IW.1-2","F","F",9,4,15,"T","F",0,"F","F",0,"F","F",0,"F","F",0,"","F","F","",0,0,"N",0,"N",0,"N",1,2,0,3,"","","","","F","F","F","F","F","F","F","F","F","vancd101","","vancd101","F","F","F","F","F","","","","",0,0,0,0,0,0,0,0,0,79,"NY1","NY1","BRO",1,"F","F",2,2,0,39,3,"T","F",5,7,"T","T","meusi101","kellg101","T","T",4,3,78,0,0,0,5,2,77,"debeh101","","debeh101",0,0,0,0,0,0,0,0,0,0,0,0,0,"","F","F","F","F",2,3,0,4,1,0,0,0,0,0,F,F,"1924NY1.EVN.regular.event.csv",237
"NY1192404170","BRO",10,1,1,0,0,"",2,2,"meusi101","?","meusi101","?","vancd101","?","vancd101","?","debeh101","fourj101","klugj101","johnj107","joneb104","wheaz101","neisb101","grift102","younr101","frisf101","grohh101","9/F9S","F","F",7,5,2,"T","T",0,"F","F",1,"F","F",0,"F","F",9,"F","F","F","9S",0,0,"N",0,"N",0,"N",0,1,2,3,"9","","","","F","F","F","F","F","F","F","F","F","vancd101","vancd101","vancd101","F","F","F","F","F","","","","",0,9,0,0,0,0,0,0,0,80,"NY1","NY1","BRO",1,"F","F",2,2,0,40,4,"T","F",7,7,"T","T","kellg101","jackt101","T","T",9,4,79,4,3,78,5,2,77,"debeh101","debeh101","debeh101",0,0,0,0,0,0,0,0,0,0,0,0,0,"grift102","F","F","F","F",0,2,3,4,1,0,0,0,0,0,F,F,"1924NY1.EVN.regular.event.csv",238
"NY1192404170","BRO",10,1,2,0,0,"",2,2,"kellg101","?","kellg101","?","vancd101","?","vancd101","?","debeh101","fourj101","klugj101","johnj107","joneb104","wheaz101","neisb101","grift102","younr101","frisf101","grohh101","S/78D.3-H;2-3;1-2","F","F",3,6,20,"T","T",1,"F","F",0,"F","F",1,"F","F",0,"","F","F","78D",0,0,"N",0,"N",0,"N",1,2,3,4,"","","","","F","F","F","F","F","F","F","F","F","vancd101","vancd101","vancd101","F","T","F","F","F","","","","",0,0,0,0,0,0,0,0,0,81,"NY1","NY1","BRO",1,"F","T",2,2,0,41,5,"T","F",7,7,"T","T","jackt101","snydf101","T","T",9,4,79,4,3,78,5,2,77,"debeh101","debeh101","debeh101",0,0,0,0,0,0,0,0,0,0,0,0,1,"","F","F","F","F",1,2,3,4,0,0,0,0,0,0,F,F,"1924NY1.EVN.regular.event.csv",239
"NY1192404190","BSN",1,0,0,0,0,"",0,0,"bancd101","?","bancd101","?","barnv101","?","barnv101","?","gowdh101","kellg101","frisf101","grohh101","jackt101","meusi101","soutb101","younr101","","","","5/P","T","F",6,1,2,"T","T",0,"F","F",1,"F","F",0,"F","F",5,"P","F","F","",0,0,"N",0,"N",0,"N",0,0,0,0,"5","","","","F","F","F","F","F","F","F","F","F","","","","T","F","F","F","F","","","","",0,5,0,0,0,0,0,0,0,1,"NY1","BSN","NY1",0,"T","F",0,0,0,0,0,"T","F",0,0,"T","T","coonj101","cunnb102","T","T",0,0,0,0,0,0,0,0,0,"","","",0,0,0,0,0,0,0,0,0,0,0,0,0,"grohh101","F","F","F","F",0,0,0,0,0,0,0,0,0,0,F,F,"1924NY1.EVN.regular.event.csv",240
"NY1192404190","BSN",1,0,1,0,0,"",0,0,"coonj101","?","coonj101","?","barnv101","?","barnv101","?","gowdh101","kellg101","frisf101","grohh101","jackt101","meusi101","soutb101","younr101","","","","63","F","F",8,2,2,"T","T",0,"F","F",1,"F","F",0,"F","F",6,"G","F","F","",0,0,"N",0,"N",0,"N",0,0,0,0,"63","","","","F","F","F","F","F","F","F","F","F","","","","F","F","F","F","F","","","","",0,3,0,0,6,0,0,0,0,2,"NY1","BSN","NY1",0,"F","F",0,0,0,1,1,"T","F",0,0,"T","T","cunnb102","tierc101","T","T",0,0,0,0,0,0,0,0,0,"","","",0,0,0,0,0,0,0,0,0,0,0,0,0,"jackt101","F","F","F","F",0,0,0,0,0,0,0,0,0,0,F,F,"1924NY1.EVN.regular.event.csv",241
"NY1192404190","BSN",1,0,2,0,0,"",0,0,"cunnb102","?","cunnb102","?","barnv101","?","barnv101","?","gowdh101","kellg101","frisf101","grohh101","jackt101","meusi101","soutb101","younr101","","","","E6/TH1","F","F",7,3,18,"T","T",0,"F","F",0,"F","F",0,"F","F",6,"G","F","F","",1,6,"T",0,"N",0,"N",1,0,0,0,"","","","","F","F","F","F","F","F","F","F","F","","","","F","F","F","F","F","","","","",0,0,0,0,0,0,0,0,0,3,"NY1","BSN","NY1",0,"F","F",0,0,0,2,2,"T","F",0,1,"T","T","tierc101","mcins101","T","T",0,0,0,0,0,0,0,0,0,"","","",0,0,0,0,0,0,0,0,0,0,0,0,0,"jackt101","F","F","F","T",0,0,0,0,0,0,0,0,0,0,F,F,"1924NY1.EVN.regular.event.csv",242
"NY1192404190","BSN",1,0,2,0,0,"",0,0,"tierc101","?","tierc101","?","barnv101","?","barnv101","?","gowdh101","kellg101","frisf101","grohh101","jackt101","meusi101","soutb101","younr101","cunnb102","","","64(1)/FO","F","F",4,4,2,"T","T",0,"F","F",1,"F","F",0,"F","F",6,"G","F","F","",0,0,"N",0,"N",0,"N",1,0,0,0,"","64","","","F","F","F","F","F","F","F","F","F","barnv101","","","F","F","F","F","F","","","","",0,4,0,0,6,0,0,0,0,4,"NY1","BSN","NY1",0,"F","T",0,0,0,3,3,"T","F",1,1,"T","T","mcins101","stenc101","T","T",7,3,3,0,0,0,0,0,0,"gowdh101","","",0,0,0,0,0,0,0,0,0,0,0,0,0,"jackt101","T","F","F","F",0,0,0,0,0,0,0,0,0,0,F,F,"1924NY1.EVN.regular.event.csv",243
"NY1192404190","BSN",1,1,0,3,2,"",0,0,"soutb101","?","soutb101","?","genej101","?","genej101","?","oneim102","mcins101","tierc101","padge101","bancd101","cunnb102","coonj101","stenc101","","","","5/P","T","F",8,1,2,"T","T",0,"F","F",1,"F","F",0,"F","F",5,"P","F","F","",0,0,"N",0,"N",0,"N",0,0,0,0,"5","","","","F","F","F","F","F","F","F","F","F","","","","F","F","F","F","F","","","","",0,5,0,0,0,0,0,0,0,5,"NY1","NY1","BSN",1,"T","F",0,0,0,0,0,"T","F",0,0,"T","T","grohh101","frisf101","T","T",0,0,0,0,0,0,0,0,0,"","","",0,0,0,0,0,0,0,0,0,0,0,0,0,"padge101","F","F","F","F",0,0,0,0,0,0,0,0,0,0,F,F,"1924NY1.EVN.regular.event.csv",244
"NY1192404190","BSN",1,1,1,0,0,"",0,0,"grohh101","?","grohh101","?","genej101","?","genej101","?","oneim102","mcins101","tierc101","padge101","bancd101","cunnb102","coonj101","stenc101","","","","W","F","F",5,2,14,"T","F",0,"F","F",0,"F","F",0,"F","F",0,"","F","F","",0,0,"N",0,"N",0,"N",1,0,0,0,"","","","","F","F","F","F","F","F","F","F","F","","","","F","F","F","F","F","","","","",0,0,0,0,0,0,0,0,0,6,"NY1","NY1","BSN",1,"F","F",0,0,0,1,1,"T","F",0,1,"T","T","frisf101","younr101","T","T",0,0,0,0,0,0,0,0,0,"","","",0,0,0,0,0,0,0,0,0,0,0,0,0,"","F","F","F","F",0,0,0,0,0,0,0,0,0,0,F,F,"1924NY1.EVN.regular.event.csv",245
"NY1192404190","BSN",1,1,1,0,0,"",0,0,"frisf101","?","frisf101","?","genej101","?","genej101","?","oneim102","mcins101","tierc101","padge101","bancd101","cunnb102","coonj101","stenc101","grohh101","","","46(1)/FO","F","F",4,3,2,"T","T",0,"F","F",1,"F","F",0,"F","F",4,"G","F","F","",0,0,"N",0,"N",0,"N",1,0,0,0,"","46","","","F","F","F","F","F","F","F","F","F","genej101","","","F","F","F","F","F","","","","",0,6,0,0,4,0,0,0,0,7,"NY1","NY1","BSN",1,"F","F",0,0,0,2,2,"T","F",1,1,"T","T","younr101","meusi101","T","T",5,2,6,0,0,0,0,0,0,"oneim102","","",0,0,0,0,0,0,0,0,0,0,0,0,0,"tierc101","T","F","F","F",0,0,0,0,0,0,0,0,0,0,F,F,"1924NY1.EVN.regular.event.csv",246
"NY1192404190","BSN",1,1,2,0,0,"",0,0,"younr101","?","younr101","?","genej101","?","genej101","?","oneim102","mcins101","tierc101","padge101","bancd101","cunnb102","coonj101","stenc101","frisf101","","","CS2(24)","F","F",9,4,6,"F","F",0,"F","F",1,"F","F",0,"F","F",0,"","F","F","",0,0,"N",0,"N",0,"N",0,0,0,0,"","24","","","F","F","F","T","F","F","F","F","F","genej101","","","F","F","F","F","F","","","","",0,4,0,0,2,0,0,0,0,8,"NY1","NY1","BSN",1,"F","T",0,0,0,3,3,"T","T",1,0,"T","T","meusi101","kellg101","T","T",4,3,7,0,0,0,0,0,0,"oneim102","","",0,0,0,0,0,0,0,0,0,0,0,0,0,"","F","F","F","F",0,0,0,0,0,0,0,0,0,0,F,F,"1924NY1.EVN.regular.event.csv",247
"NY1192404190","BSN",2,0,0,0,0,"",0,0,"mcins101","?","mcins101","?","barnv101","?","barnv101","?","gowdh101","kellg101","frisf101","grohh101","jackt101","meusi101","soutb101","younr101","","","","53","T","F",3,5,2,"T","T",0,"F","F",1,"F","F",0,"F","F",5,"G","F","F","",0,0,"N",0,"N",0,"N",0,0,0,0,"53","","","","F","F","F","F","F","F","F","F","F","","","","F","F","F","F","F","","","","",0,3,0,0,5,0,0,0,0,9,"NY1","BSN","NY1",0,"T","F",0,0,0,4,0,"T","F",0,0,"T","T","stenc101","padge101","T","T",0,0,0,0,0,0,0,0,0,"","","",0,0,0,0,0,0,0,0,0,0,0,0,0,"grohh101","F","F","F","F",0,0,0,0,0,0,0,0,0,0,F,F,"1924NY1.EVN.regular.event.csv",248
"NY1192404190","BSN",2,0,1,0,0,"X",0,0,"stenc101","?","stenc101","?","barnv101","?","barnv101","?","gowdh101","kellg101","frisf101","grohh101","jackt101","meusi101","soutb101","younr101","","","","43","F","F",9,6,2,"T","T",0,"F","F",1,"F","F",0,"F","F",4,"G","F","F","",0,0,"N",0,"N",0,"N",0,0,0,0,"43","","","","F","F","F","F","F","F","F","F","F","","","","F","F","F","F","F","","","","",0,3,0,0,4,0,0,0,0,10,"NY1","BSN","NY1",0,"F","F",0,0,0,5,1,"T","F",0,0,"T","T","padge101","oneim102","T","T",0,0,0,0,0,0,0,0,0,"","","",0,0,0,0,0,0,1,0,0,0,1,0,0,"frisf101","F","F","F","F",0,0,0,0,0,0,0,0,0,0,F,F,"1924NY1.EVN.regular.event.csv",249
"NY1192404190","BSN",2,0,2,0,0,"",0,0,"padge101","?","padge101","?","barnv101","?","barnv101","?","gowdh101","kellg101","frisf101","grohh101","jackt101","meusi101","soutb101","younr101","","","","53/G5S","F","F",5,7,2,"T","T",0,"F","F",1,"F","F",0,"F","F",5,"G","F","F","5S",0,0,"N",0,"N",0,"N",0,0,0,0,"53","","","","F","F","F","F","F","F","F","F","F","","","","F","F","F","F","F","","","","",0,3,0,0,5,0,0,0,0,11,"NY1","BSN","NY1",0,"F","T",0,0,0,6,2,"T","F",0,0,"T","T","oneim102","genej101","T","T",0,0,0,0,0,0,0,0,0,"","","",0,0,0,0,0,0,0,0,0,0,0,0,0,"grohh101","F","F","F","F",0,0,0,0,0,0,0,0,0,0,F,F,"1924NY1.EVN.regular.event.csv",250
"NY1192404190","BSN",2,1,0,0,0,"",0,0,"younr101","?","younr101","?","genej101","?","genej101","?","oneim102","mcins101","tierc101","padge101","bancd101","cunnb102","coonj101","stenc101","","","","3/G","T","F",9,4,2,"T","T",0,"F","F",1,"F","F",0,"F","F",3,"G","F","F","",0,0,"N",0,"N",0,"N",0,0,0,0,"3","","","","F","F","F","F","F","F","F","F","F","","","","F","F","F","F","F","","","","",0,3,0,0,0,0,0,0,0,12,"NY1","NY1","BSN",1,"T","F",0,0,0,3,0,"T","F",0,0,"T","T","meusi101","kellg101","T","T",0,0,0,0,0,0,0,0,0,"","","",0,0,0,0,0,0,0,0,0,0,0,0,0,"mcins101","F","F","F","F",0,0,0,0,1,0,0,0,0,0,F,F,"1924NY1.EVN.regular.event.csv",251
"NY1192404190","BSN",2,1,1,0,0,"",0,0,"meusi101","?","meusi101","?","genej101","?","genej101","?","oneim102","mcins101","tierc101","padge101","bancd101","cunnb102","coonj101","stenc101","","","","E6/G","F","F",7,5,18,"T","T",0,"F","F",0,"F","F",0,"F","F",6,"G","F","F","",1,6,"F",0,"N",0,"N",1,0,0,0,"","","","","F","F","F","F","F","F","F","F","F","","","","F","F","F","F","F","","","","",0,0,0,0,0,0,0,0,0,13,"NY1","NY1","BSN",1,"F","F",0,0,0,4,1,"T","F",0,1,"T","T","kellg101","jackt101","T","T",0,0,0,0,0,0,0,0,0,"","","",0,0,0,0,0,0,0,0,0,0,0,0,0,"bancd101","F","F","F","T",5,0,0,0,1,0,0,0,0,0,F,F,"1924NY1.EVN.regular.event.csv",252
"NY1192404190","BSN",2,1,1,0,0,"",0,0,"kellg101","?","kellg101","?","genej101","?","genej101","?","oneim102","mcins101","tierc101","padge101","bancd101","cunnb102","coonj101","stenc101","meusi101","","","W.1-2","F","F",3,6,14,"T","F",0,"F","F",0,"F","F",0,"F","F",0,"","F","F","",0,0,"N",0,"N",0,"N",1,2,0,0,"","","","","F","F","F","F","F","F","F","F","F","genej101","","","F","F","F","F","F","","","","",0,0,0,0,0,0,0,0,0,14,"NY1","NY1","BSN",1,"F","F",0,0,0,5,2,"T","F",1,3,"T","T","jackt101","gowdh101","T","T",7,5,13,0,0,0,0,0,0,"oneim102","","",0,0,0,0,0,0,0,0,0,0,0,0,0,"","F","F","F","F",0,5,0,0,1,0,0,0,0,0,F,F,"1924NY1.EVN.regular.event.csv",253
"NY1192404190","BSN",2,1,1,0,0,"",0,0,"jackt101","?","jackt101","?","genej101","?","genej101","?","oneim102","mcins101","tierc101","padge101","bancd101","cunnb102","coonj101","stenc101","kellg101","meusi101","","S7.2-H(UR);1-2","F","F",6,7,20,"T","T",1,"F","F",0,"F","F",1,"F","F",7,"","F","F","",0,0,"N",0,"N",0,"N",1,2,5,0,"","","","","F","F","F","F","F","F","F","F","F","genej101","genej101","","F","F","F","F","F","","","","",0,0,0,0,0,0,0,0,0,15,"NY1","NY1","BSN",1,"F","F",0,0,0,6,3,"T","F",3,3,"T","T","gowdh101","barnv101","T","T",3,6,14,7,5,13,0,0,0,"oneim102","oneim102","",0,0,0,0,0,0,0,0,0,0,0,0,1,"cunnb102","F","F","F","F",0,0,5,0,0,0,0,0,0,0,F,F,"1924NY1.EVN.regular.event.csv",254
"NY1192404190","BSN",2,1,1,0,0,"",0,1,"gowdh101","?","gowdh101","?","genej101","?","genej101","?","oneim102","mcins101","tierc101","padge101","bancd101","cunnb102","coonj101","stenc101","jackt101","kellg101","","W.2-3;1-2","F","F",2,8,14,"T","F",0,"F","F",0,"F","F",0,"F","F",0,"","F","F","",0,0,"N",0,"N",0,"N",1,2,3,0,"","","","","F","F","F","F","F","F","F","F","F","genej101","genej101","","F","F","F","F","F","","","","",0,0,0,0,0,0,0,0,0,16,"NY1","NY1","BSN",1,"F","F",1,0,1,7,4,"T","F",3,7,"T","T","barnv101","soutb101","T","T",6,7,15,3,6,14,0,0,0,"oneim102","oneim102","",0,0,0,0,0,0,0,0,0,0,0,0,0,"","F","F","F","F",0,0,0,0,0,0,0,0,0,0,F,F,"1924NY1.EVN.regular.event.csv",255
"NY1192404190","BSN",2,1,1,0,0,"",0,1,"barnv101","?","barnv101","?","genej101","?","genej101","?","oneim102","mcins101","tierc101","padge101","bancd101","cunnb102","coonj101","stenc101","gowdh101","jackt101","kellg101","64(1)3/GDP","F","F",1,9,2,"T","T",0,"F","F",2,"T","F",0,"F","F",6,"G","F","F","",0,0,"N",0,"N",0,"N",0,0,2,3,"43","64","","","F","F","F","F","F","F","F","F","F","genej101","genej101","genej101","F","F","F","F","F","","","","",0,4,3,0,6,4,0,0,0,17,"NY1","NY1","BSN",1,"F","T",1,0,1,8,5,"T","F",7,6,"T","T","soutb101","grohh101","T","T",2,8,16,6,7,15,3,6,14,"oneim102","oneim102","oneim102",0,0,0,0,0,0,0,0,0,0,0,0,0,"bancd101","T","F","F","F",0,0,0,0,0,0,0,0,0,0,F,F,"1924NY1.EVN.regular.event.csv",256
"NY1192404190","BSN",3,0,0,0,0,"",0,1,"oneim102","?","oneim102","?","barnv101","?","barnv101","?","gowdh101","kellg101","frisf101","grohh101","jackt101","meusi101","soutb101","younr101","","","","8/F","T","F",2,8,2,"T","T",0,"F","F",1,"F","F",0,"F","F",8,"F","F","F","",0,0,"N",0,"N",0,"N",0,0,0,0,"8","","","","F","F","F","F","F","F","F","F","F","","","","F","F","F","F","F","","","","",0,8,0,0,0,0,0,0,0,18,"NY1","BSN","NY1",0,"T","F",0,1,0,7,0,"T","F",0,0,"T","T","genej101","bancd101","T","T",0,0,0,0,0,0,0,0,0,"","","",0,0,0,0,0,0,0,0,0,0,0,0,0,"soutb101","F","F","F","F",0,0,0,0,0,0,0,0,0,0,F,F,"1924NY1.EVN.regular.event.csv",257
"NY1192404190","BSN",3,0,1,0,0,"",0,1,"genej101","?","genej101","?","barnv101","?","barnv101","?","gowdh101","kellg101","frisf101","grohh101","jackt101","meusi101","soutb101","younr101","","","","53","F","F",1,9,2,"T","T",0,"F","F",1,"F","F",0,"F","F",5,"G","F","F","",0,0,"N",0,"N",0,"N",0,0,0,0,"53","","","","F","F","F","F","F","F","F","F","F","","","","F","F","F","F","F","","","","",0,3,0,0,5,0,0,0,0,19,"NY1","BSN","NY1",0,"F","F",0,1,0,8,1,"T","F",0,0,"T","T","bancd101","coonj101","T","T",0,0,0,0,0,0,0,0,0,"","","",0,0,0,0,0,0,0,0,0,0,0,0,0,"grohh101","F","F","F","F",0,0,0,0,0,0,0,0,0,0,F,F,"1924NY1.EVN.regular.event.csv",258
"NY1192404190","BSN",3,0,2,0,0,"",0,1,"bancd101","?","bancd101","?","barnv101","?","barnv101","?","gowdh101","kellg101","frisf101","grohh101","jackt101","meusi101","soutb101","younr101","","","","S6/G.B-2(E6/TH1)","F","F",6,1,20,"T","T",1,"F","F",0,"F","F",0,"F","F",6,"G","F","F","",1,6,"T",0,"N",0,"N",2,0,0,0,"","","","","F","F","F","F","F","F","F","F","F","","","","F","F","F","F","F","","","","",0,0,0,0,0,0,0,0,0,20,"NY1","BSN","NY1",0,"F","F",0,1,0,9,2,"T","F",0,2,"T","T","coonj101","cunnb102","T","T",0,0,0,0,0,0,0,0,0,"","","",0,0,0,0,0,0,0,0,0,0,0,0,0,"jackt101","F","F","F","F",0,0,0,0,0,0,0,0,0,0,F,F,"1924NY1.EVN.regular.event.csv",259
"NY1192404190","BSN",3,0,2,0,0,"",0,1,"coonj101","?","coonj101","?","barnv101","?","barnv101","?","gowdh101","kellg101","frisf101","grohh101","jackt101","meusi101","soutb101","younr101","","bancd101","","63","F","F",8,2,2,"T","T",0,"F","F",1,"F","F",0,"F","F",6,"G","F","F","",0,0,"N",0,"N",0,"N",0,0,2,0,"63","","","","F","F","F","F","F","F","F","F","F","","barnv101","","F","F","F","F","F","","","","",0,3,0,0,6,0,0,0,0,21,"NY1","BSN","NY1",0,"F","T",0,1,0,10,3,"T","F",2,2,"T","T","cunnb102","tierc101","T","T",0,0,0,6,1,20,0,0,0,"","gowdh101","",0,0,0,0,0,0,0,0,0,0,0,0,0,"jackt101","F","F","F","F",0,0,0,0,0,0,0,0,0,0,F,F,"1924NY1.EVN.regular.event.csv",260
"NY1192404190","BSN",3,1,0,0,0,"",0,1,"soutb101","?","soutb101","?","genej101","?","genej101","?","oneim102","mcins101","tierc101","padge101","bancd101","cunnb102","coonj101","stenc101","","","","S9","T","F",8,1,20,"T","T",1,"F","F",0,"F","F",0,"F","F",9,"","F","F","",0,0,"N",0,"N",0,"N",1,0,0,0,"","","","","F","F","F","F","F","F","F","F","F","","","","F","F","F","F","F","","","","",0,0,0,0,0,0,0,0,0,22,"NY1","NY1","BSN",1,"T","F",1,0,0,9,0,"T","F",0,1,"T","T","grohh101","frisf101","T","T",0,0,0,0,0,0,0,0,0,"","","",0,0,0,0,0,0,0,0,0,0,0,0,0,"stenc101","F","F","F","F",0,0,0,0,0,0,0,0,0,0,F,F,"1924NY1.EVN.regular.event.csv",261
"NY1192404190","BSN",3,1,0,0,0,"",0,1,"grohh101","?","grohh101","?","genej101","?","genej101","?","oneim102","mcins101","tierc101","padge101","bancd101","cunnb102","coonj101","stenc101","soutb101","","","13/SH.1-2","F","F",5,2,2,"T","F",0,"T","F",1,"F","F",0,"F","F",1,"G","T","F","",0,0,"N",0,"N",0,"N",0,2,0,0,"13","","","","F","F","F","F","F","F","F","F","F","genej101","","","F","F","F","F","F","","","","",0,3,0,0,1,0,0,0,0,23,"NY1","NY1","BSN",1,"F","F",1,0,0,10,1,"T","F",1,2,"T","T","frisf101","younr101","T","T",8,1,22,0,0,0,0,0,0,"oneim102","","",0,0,0,0,0,0,0,0,0,0,0,0,0,"genej101","F","F","F","F",0,0,0,0,0,0,0,0,0,0,F,F,"1924NY1.EVN.regular.event.csv",262
"NY1192404190","BSN",3,1,1,0,0,"",0,1,"frisf101","?","frisf101","?","genej101","?","genej101","?","oneim102","mcins101","tierc101","padge101","bancd101","cunnb102","coonj101","stenc101","","soutb101","","HP","F","F",4,3,16,"T","F",0,"F","F",0,"F","F",0,"F","F",0,"","F","F","",0,0,"N",0,"N",0,"N",1,0,2,0,"","","","","F","F","F","F","F","F","F","F","F","","genej101","","F","F","F","F","F","","","","",0,0,0,0,0,0,0,0,0,24,"NY1","NY1","BSN",1,"F","F",1,0,0,11,2,"T","F",2,3,"T","T","younr101","meusi101","T","T",0,0,0,8,1,22,0,0,0,"","oneim102","",0,0,0,0,0,0,0,0,0,0,0,0,0,"","F","F","F","F",0,0,0,0,0,0,0,0,0,0,F,F,"1924NY1.EVN.regular.event.csv",263
"NY1192404190","BSN",3,1,1,0,0,"",0,1,"younr101","?","younr101","?","genej101","?","genej101","?","oneim102","mcins101","tierc101","padge101","bancd101","cunnb102","coonj101","stenc101","frisf101","soutb101","","2/FL","F","F",9,4,2,"T","T",0,"F","F",1,"F","F",0,"F","F",2,"F","F","T","",0,0,"N",0,"N",0,"N",0,1,2,0,"2","","","","F","F","F","F","F","F","F","F","F","genej101","genej101","","F","F","F","F","F","","","","",0,2,0,0,0,0,0,0,0,25,"NY1","NY1","BSN",1,"F","F",1,0,0,12,3,"T","F",3,3,"T","T","meusi101","kellg101","T","T",4,3,24,8,1,22,0,0,0,"oneim102","oneim102","",0,0,0,0,0,0,0,0,0,0,0,0,0,"oneim102","F","F","F","F",0,0,0,0,0,0,0,0,0,0,F,F,"1924NY1.EVN.regular.event.csv",264
"NY1192404190","BSN",3,1,2,0,0,"",0,1,"meusi101","?","meusi101","?","genej101","?","genej101","?","oneim102","mcins101","tierc101","padge101","bancd101","cunnb102","coonj101","stenc101","frisf101","soutb101","","6/P6MD","F","F",7,5,2,"T","T",0,"F","F",1,"F","F",0,"F","F",6,"P","F","F","6MD",0,0,"N",0,"N",0,"N",0,1,2,0,"6","","","","F","F","F","F","F","F","F","F","F","genej101","genej101","","F","F","F","F","F","","","","",0,6,0,0,0,0,0,0,0,26,"NY1","NY1","BSN",1,"F","T",1,0,0,13,4,"T","F",3,3,"T","T","kellg101","jackt101","T","T",4,3,24,8,1,22,0,0,0,"oneim102","oneim102","",0,0,0,0,0,0,0,0,0,0,0,0,0,"bancd101","F","F","F","F",0,0,0,0,0,0,0,0,0,0,F,F,"1924NY1.EVN.regular.event.csv",265
"NY1192404190","BSN",4,0,0,0,0,"",0,1,"cunnb102","?","cunnb102","?","barnv101","?","barnv101","?","gowdh101","kellg101","frisf101","grohh101","jackt101","meusi101","soutb101","younr101","","","","S7","T","F",7,3,20,"T","T",1,"F","F",0,"F","F",0,"F","F",7,"","F","F","",0,0,"N",0,"N",0,"N",1,0,0,0,"","","","","F","F","F","F","F","F","F","F","F","","","","F","F","F","F","F","","","","",0,0,0,0,0,0,0,0,0,27,"NY1","BSN","NY1",0,"T","F",0,1,0,11,0,"T","F",0,1,"T","T","tierc101","mcins101","T","T",0,0,0,0,0,0,0,0,0,"","","",0,0,0,0,0,0,0,0,0,0,0,0,0,"meusi101","F","F","F","F",0,0,0,0,2,0,0,0,0,0,F,F,"1924NY1.EVN.regular.event.csv",266
"NY1192404190","BSN",4,0,0,0,0,"",0,1,"tierc101","?","tierc101","?","barnv101","?","barnv101","?","gowdh101","kellg101","frisf101","grohh101","jackt101","meusi101","soutb101","younr101","cunnb102","","","S7.1-2","F","F",4,4,20,"T","T",1,"F","F",0,"F","F",0,"F","F",7,"","F","F","",0,0,"N",0,"N",0,"N",1,2,0,0,"","","","","F","F","F","F","F","F","F","F","F","barnv101","","","F","F","F","F","F","","","","",0,0,0,0,0,0,0,0,0,28,"NY1","BSN","NY1",0,"F","F",0,1,0,12,1,"T","F",1,3,"T","T","mcins101","stenc101","T","T",7,3,27,0,0,0,0,0,0,"gowdh101","","",0,0,0,0,0,0,0,0,0,0,0,0,0,"meusi101","F","F","F","F",4,0,0,0,2,0,0,0,0,0,F,F,"1924NY1.EVN.regular.event.csv",267
"NY1192404190","BSN",4,0,0,0,0,"",0,1,"mcins101","?","mcins101","?","barnv101","?","barnv101","?","gowdh101","kellg101","frisf101","grohh101","jackt101","meusi101","soutb101","younr101","tierc101","cunnb102","","15(2)/FO.1-2","F","F",3,5,2,"T","T",0,"F","F",1,"F","F",0,"F","F",1,"G","F","F","",0,0,"N",0,"N",0,"N",1,2,0,0,"","","15","","F","F","F","F","F","F","F","F","F","barnv101","barnv101","","F","F","F","F","F","","","","",0,5,0,0,1,0,0,0,0,29,"NY1","BSN","NY1",0,"F","F",0,1,0,13,2,"T","F",3,3,"T","T","stenc101","padge101","T","T",4,4,28,7,3,27,0,0,0,"gowdh101","gowdh101","",0,0,0,0,0,0,0,0,0,0,0,0,0,"barnv101","F","T","F","F",4,4,0,0,2,0,0,0,0,0,F,F,"1924NY1.EVN.regular.event.csv",268
"NY1192404190","BSN",4,0,1,0,0,"",0,1,"stenc101","?","stenc101","?","barnv101","?","barnv101","?","gowdh101","kellg101","frisf101","grohh101","jackt101","meusi101","soutb101","younr101","mcins101","tierc101","","43.2-3;1-2","F","F",9,6,2,"T","T",0,"F","F",1,"F","F",0,"F","F",4,"G","F","F","",0,0,"N",0,"N",0,"N",0,2,3,0,"43","","","","F","F","F","F","F","F","F","F","F","barnv101","barnv101","","F","F","F","F","F","","","","",0,3,0,0,4,0,0,0,0,30,"NY1","BSN","NY1",0,"F","F",0,1,0,14,3,"T","F",3,6,"T","T","padge101","oneim102","T","T",3,5,29,4,4,28,0,0,0,"gowdh101","gowdh101","",0,0,0,0,0,0,0,0,0,0,0,0,0,"frisf101","F","F","F","F",0,4,4,0,2,0,0,0,0,0,F,F,"1924NY1.EVN.regular.event.csv",269
"NY1192404190","BSN",4,0,2,0,0,"",0,1,"padge101","?","padge101","?","barnv101","?","barnv101","?","gowdh101","kellg101","frisf101","grohh101","jackt101","meusi101","soutb101","younr101","","mcins101","tierc101","S8.3-H;2-H","F","F",5,7,20,"T","T",1,"F","F",0,"F","F",2,"F","F",8,"","F","F","",0,0,"N",0,"N",0,"N",1,0,4,4,"","","","","F","F","F","F","F","F","F","F","F","","barnv101","barnv101","F","F","F","F","F","","","","",0,0,0,0,0,0,0,0,0,31,"NY1","BSN","NY1",0,"F","F",0,1,0,15,4,"T","F",6,1,"T","T","oneim102","genej101","T","T",0,0,0,3,5,29,4,4,28,"","gowdh101","gowdh101",0,0,0,0,0,0,0,0,0,0,0,0,2,"soutb101","F","F","F","F",0,0,4,4,0,0,0,0,0,0,F,F,"1924NY1.EVN.regular.event.csv",270
"NY1192404190","BSN",4,0,2,0,0,"",2,1,"oneim102","?","oneim102","?","barnv101","?","barnv101","?","gowdh101","kellg101","frisf101","grohh101","jackt101","meusi101","soutb101","younr101","padge101","","","63","F","F",2,8,2,"T","T",0,"F","F",1,"F","F",0,"F","F",6,"G","F","F","",0,0,"N",0,"N",0,"N",0,1,0,0,"63","","","","F","F","F","F","F","F","F","F","F","barnv101","","","F","F","F","F","F","","","","",0,3,0,0,6,0,0,0,0,32,"NY1","BSN","NY1",0,"F","T",2,1,2,16,5,"T","F",1,1,"T","T","genej101","bancd101","T","T",5,7,31,0,0,0,0,0,0,"gowdh101","","",0,0,0,0,0,0,0,0,0,0,0,0,0,"jackt101","F","F","F","F",0,0,0,0,0,0,0,0,0,0,F,F,"1924NY1.EVN.regular.event.csv",271
"NY1192404190","BSN",4,1,0,0,0,"",2,1,"kellg101","?","kellg101","?","genej101","?","genej101","?","oneim102","mcins101","tierc101","padge101","bancd101","cunnb102","coonj101","stenc101","","","","63","T","F",3,6,2,"T","T",0,"F","F",1,"F","F",0,"F","F",6,"G","F","F","",0,0,"N",0,"N",0,"N",0,0,0,0,"63","","","","F","F","F","F","F","F","F","F","F","","","","F","F","F","F","F","","","","",0,3,0,0,6,0,0,0,0,33,"NY1","NY1","BSN",1,"T","F",1,2,0,14,0,"T","F",0,0,"T","T","jackt101","gowdh101","T","T",0,0,0,0,0,0,0,0,0,"","","",0,0,0,0,0,0,0,0,0,0,0,0,0,"bancd101","F","F","F","F",0,0,0,0,0,0,0,0,0,0,F,F,"1924NY1.EVN.regular.event.csv",272
"NY1192404190","BSN",4,1,1,0,0,"",2,1,"jackt101","?","jackt101","?","genej101","?","genej101","?","oneim102","mcins101","tierc101","padge101","bancd101","cunnb102","coonj101","stenc101","","","","S7","F","F",6,7,20,"T","T",1,"F","F",0,"F","F",0,"F","F",7,"","F","F","",0,0,"N",0,"N",0,"N",1,0,0,0,"","","","","F","F","F","F","F","F","F","F","F","","","","F","F","F","F","F","","","","",0,0,0,0,0,0,0,0,0,34,"NY1","NY1","BSN",1,"F","F",1,2,0,15,1,"T","F",0,1,"T","T","gowdh101","barnv101","T","T",0,0,0,0,0,0,0,0,0,"","","",0,0,0,0,0,0,0,0,0,0,0,0,0,"cunnb102","F","F","F","F",0,0,0,0,0,0,0,0,0,0,F,F,"1924NY1.EVN.regular.event.csv",273
"NY1192404190","BSN",4,1,1,0,0,"",2,1,"gowdh101","?","gowdh101","?","genej101","?","genej101","?","oneim102","mcins101","tierc101","padge101","bancd101","cunnb102","coonj101","stenc101","jackt101","","","46(1)3/GDP","F","F",2,8,2,"T","T",0,"F","F",2,"T","F",0,"F","F",4,"G","F","F","",0,0,"N",0,"N",0,"N",0,0,0,0,"63","46","","","F","F","F","F","F","F","F","F","F","genej101","","","F","F","F","F","F","","","","",0,6,3,0,4,6,0,0,0,35,"NY1","NY1","BSN",1,"F","T",1,2,0,16,2,"T","F",1,0,"T","T","barnv101","soutb101","T","T",6,7,34,0,0,0,0,0,0,"oneim102","","",0,0,0,0,0,0,0,0,0,0,0,0,0,"tierc101","T","F","F","F",0,0,0,0,0,0,0,0,0,0,F,F,"1924NY1.EVN.regular.event.csv",274
"NY1192404190","BSN",5,0,0,0,0,"",2,1,"genej101","?","genej101","?","barnv101","?","barnv101","?","gowdh101","kellg101","frisf101","grohh101","jackt101","meusi101","soutb101","younr101","","","","13","T","F",1,9,2,"T","T",0,"F","F",1,"F","F",0,"F","F",1,"G","F","F","",0,0,"N",0,"N",0,"N",0,0,0,0,"13","","","","F","F","F","F","F","F","F","F","F","","","","F","F","F","F","F","","","","",0,3,0,0,1,0,0,0,0,36,"NY1","BSN","NY1",0,"T","F",2,1,0,17,0,"T","F",0,0,"T","T","bancd101","coonj101","T","T",0,0,0,0,0,0,0,0,0,"","","",0,0,0,0,0,0,0,0,0,0,0,0,0,"barnv101","F","F","F","F",0,0,0,0,0,0,0,0,0,0,F,F,"1924NY1.EVN.regular.event.csv",275
"NY1192404190","BSN",5,0,1,0,0,"",2,1,"bancd101","?","bancd101","?","barnv101","?","barnv101","?","gowdh101","kellg101","frisf101","grohh101","jackt101","meusi101","soutb101","younr101","","","","2/FL","F","F",6,1,2,"T","T",0,"F","F",1,"F","F",0,"F","F",2,"F","F","T","",0,0,"N",0,"N",0,"N",0,0,0,0,"2","","","","F","F","F","F","F","F","F","F","F","","","","F","F","F","F","F","","","","",0,2,0,0,0,0,0,0,0,37,"NY1","BSN","NY1",0,"F","F",2,1,0,18,1,"T","F",0,0,"T","T","coonj101","cunnb102","T","T",0,0,0,0,0,0,0,0,0,"","","",0,0,0,0,0,0,0,0,0,0,0,0,0,"gowdh101","F","F","F","F",0,0,0,0,0,0,0,0,0,0,F,F,"1924NY1.EVN.regular.event.csv",276
"NY1192404190","BSN",5,0,2,0,0,"",2,1,"coonj101","?","coonj101","?","barnv101","?","barnv101","?","gowdh101","kellg101","frisf101","grohh101","jackt101","meusi101","soutb101","younr101","","","","W","F","F",8,2,14,"T","F",0,"F","F",0,"F","F",0,"F","F",0,"","F","F","",0,0,"N",0,"N",0,"N",1,0,0,0,"","","","","F","F","F","F","F","F","F","F","F","","","","F","F","F","F","F","","","","",0,0,0,0,0,0,0,0,0,38,"NY1","BSN","NY1",0,"F","F",2,1,0,19,2,"T","F",0,1,"T","T","cunnb102","tierc101","T","T",0,0,0,0,0,0,0,0,0,"","","",0,0,0,0,0,0,0,0,0,0,0,0,0,"","F","F","F","F",0,0,0,0,0,0,0,0,0,0,F,F,"1924NY1.EVN.regular.event.csv",277
"NY1192404190","BSN",5,0,2,0,0,"",2,1,"cunnb102","?","cunnb102","?","barnv101","?","barnv101","?","gowdh101","kellg101","frisf101","grohh101","jackt101","meusi101","soutb101","younr101","coonj101","","","CS2(24)","F","F",7,3,6,"F","F",0,"F","F",1,"F","F",0,"F","F",0,"","F","F","",0,0,"N",0,"N",0,"N",0,0,0,0,"","24","","","F","F","F","T","F","F","F","F","F","barnv101","","","F","F","F","F","F","","","","",0,4,0,0,2,0,0,0,0,39,"NY1","BSN","NY1",0,"F","T",2,1,0,20,3,"T","T",1,0,"T","T","tierc101","mcins101","T","T",8,2,38,0,0,0,0,0,0,"gowdh101","","",0,0,0,0,0,0,0,0,0,0,0,0,0,"","F","F","F","F",0,0,0,0,0,0,0,0,0,0,F,F,"1924NY1.EVN.regular.event.csv",278
"NY1192404190","BSN",5,1,0,0,0,"",2,1,"barnv101","?","barnv101","?","genej101","?","genej101","?","oneim102","mcins101","tierc101","padge101","bancd101","cunnb102","coonj101","stenc101","","","","S9","T","F",1,9,20,"T","T",1,"F","F",0,"F","F",0,"F","F",9,"","F","F","",0,0,"N",0,"N",0,"N",1,0,0,0,"","","","","F","F","F","F","F","F","F","F","F","","","","F","F","F","F","F","","","","",0,0,0,0,0,0,0,0,0,40,"NY1","NY1","BSN",1,"T","F",1,2,0,17,0,"T","F",0,1,"T","T","soutb101","grohh101","T","T",0,0,0,0,0,0,0,0,0,"","","",0,0,0,0,0,0,0,0,0,0,0,0,0,"stenc101","F","F","F","F",0,0,0,0,0,0,0,0,0,0,F,F,"1924NY1.EVN.regular.event.csv",279
"NY1192404190","BSN",5,1,0,0,0,"",2,1,"soutb101","?","soutb101","?","genej101","?","genej101","?","oneim102","mcins101","tierc101","padge101","bancd101","cunnb102","coonj101","stenc101","barnv101","","","2/P2","F","F",8,1,2,"T","T",0,"F","F",1,"F","F",0,"F","F",2,"P","F","F","2",0,0,"N",0,"N",0,"N",0,1,0,0,"2","","","","F","F","F","F","F","F","F","F","F","genej101","","","F","F","F","F","F","","","","",0,2,0,0,0,0,0,0,0,41,"NY1","NY1","BSN",1,"F","F",1,2,0,18,1,"T","F",1,1,"T","T","grohh101","frisf101","T","T",1,9,40,0,0,0,0,0,0,"oneim102","","",0,0,0,0,0,0,0,0,0,0,0,0,0,"oneim102","F","F","F","F",0,0,0,0,0,0,0,0,0,0,F,F,"1924NY1.EVN.regular.event.csv",280
"NY1192404190","BSN",5,1,1,0,0,"",2,1,"grohh101","?","grohh101","?","genej101","?","genej101","?","oneim102","mcins101","tierc101","padge101","bancd101","cunnb102","coonj101","stenc101","barnv101","","","7/L7DW","F","F",5,2,2,"T","T",0,"F","F",1,"F","F",0,"F","F",7,"L","F","F","7DW",0,0,"N",0,"N",0,"N",0,1,0,0,"7","","","","F","F","F","F","F","F","F","F","F","genej101","","","F","F","F","F","F","","","","",0,7,0,0,0,0,0,0,0,42,"NY1","NY1","BSN",1,"F","F",1,2,0,19,2,"T","F",1,1,"T","T","frisf101","younr101","T","T",1,9,40,0,0,0,0,0,0,"oneim102","","",0,0,0,0,0,0,0,0,0,0,0,0,0,"cunnb102","F","F","F","F",0,0,0,0,0,0,0,0,0,0,F,F,"1924NY1.EVN.regular.event.csv",281
"NY1192404190","BSN",5,1,2,0,0,"",2,1,"frisf101","?","frisf101","?","genej101","?","genej101","?","oneim102","mcins101","tierc101","padge101","bancd101","cunnb102","coonj101","stenc101","barnv101","","","W.1-2","F","F",4,3,14,"T","F",0,"F","F",0,"F","F",0,"F","F",0,"","F","F","",0,0,"N",0,"N",0,"N",1,2,0,0,"","","","","F","F","F","F","F","F","F","F","F","genej101","","","F","F","F","F","F","","","","",0,0,0,0,0,0,0,0,0,43,"NY1","NY1","BSN",1,"F","F",1,2,0,20,3,"T","F",1,3,"T","T","younr101","meusi101","T","T",1,9,40,0,0,0,0,0,0,"oneim102","","",0,0,0,0,0,0,0,0,0,0,0,0,0,"","F","F","F","F",0,0,0,0,0,0,0,0,0,0,F,F,"1924NY1.EVN.regular.event.csv",282
"NY1192404190","BSN",5,1,2,0,0,"",2,1,"younr101","?","younr101","?","genej101","?","genej101","?","oneim102","mcins101","tierc101","padge101","bancd101","cunnb102","coonj101","stenc101","frisf101","barnv101","","46(1)/FO","F","F",9,4,2,"T","T",0,"F","F",1,"F","F",0,"F","F",4,"G","F","F","",0,0,"N",0,"N",0,"N",1,0,2,0,"","46","","","F","F","F","F","F","F","F","F","F","genej101","genej101","","F","F","F","F","F","","","","",0,6,0,0,4,0,0,0,0,44,"NY1","NY1","BSN",1,"F","T",1,2,0,21,4,"T","F",3,3,"T","T","meusi101","kellg101","T","T",4,3,43,1,9,40,0,0,0,"oneim102","oneim102","",0,0,0,0,0,0,0,0,0,0,0,0,0,"tierc101","T","F","F","F",0,0,0,0,0,0,0,0,0,0,F,F,"1924NY1.EVN.regular.event.csv",283
"NY1192404190","BSN",6,0,0,0,0,"",2,1,"cunnb102","?","cunnb102","?","barnv101","?","barnv101","?","gowdh101","kellg101","frisf101","grohh101","jackt101","meusi101","soutb101","younr101","","","","2/FL","T","F",7,3,2,"T","T",0,"F","F",1,"F","F",0,"F","F",2,"F","F","T","",0,0,"N",0,"N",0,"N",0,0,0,0,"2","","","","F","F","F","F","F","F","F","F","F","","","","F","F","F","F","F","","","","",0,2,0,0,0,0,0,0,0,45,"NY1","BSN","NY1",0,"T","F",2,1,0,20,0,"T","F",0,0,"T","T","tierc101","mcins101","T","T",0,0,0,0,0,0,0,0,0,"","","",0,0,0,0,0,0,0,0,0,0,0,0,0,"gowdh101","F","F","F","F",0,0,0,0,0,0,0,0,0,0,F,F,"1924NY1.EVN.regular.event.csv",284
"NY1192404190","BSN",6,0,1,0,0,"",2,1,"tierc101","?","tierc101","?","barnv101","?","barnv101","?","gowdh101","kellg101","frisf101","grohh101","jackt101","meusi101","soutb101","younr101","","","","W","F","F",4,4,14,"T","F",0,"F","F",0,"F","F",0,"F","F",0,"","F","F","",0,0,"N",0,"N",0,"N",1,0,0,0,"","","","","F","F","F","F","F","F","F","F","F","","","","F","F","F","F","F","","","","",0,0,0,0,0,0,0,0,0,46,"NY1","BSN","NY1",0,"F","F",2,1,0,21,1,"T","F",0,1,"T","T","mcins101","stenc101","T","T",0,0,0,0,0,0,0,0,0,"","","",0,0,0,0,0,0,0,0,0,0,0,0,0,"","F","F","F","F",0,0,0,0,0,0,0,0,0,0,F,F,"1924NY1.EVN.regular.event.csv",285
"NY1192404190","BSN",6,0,1,0,0,"",2,1,"mcins101","?","mcins101","?","barnv101","?","barnv101","?","gowdh101","kellg101","frisf101","grohh101","jackt101","meusi101","soutb101","younr101","tierc101","","","13.1-2","F","F",3,5,2,"T","T",0,"F","F",1,"F","F",0,"F","F",1,"G","F","F","",0,0,"N",0,"N",0,"N",0,2,0,0,"13","","","","F","F","F","F","F","F","F","F","F","barnv101","","","F","F","F","F","F","","","","",0,3,0,0,1,0,0,0,0,47,"NY1","BSN","NY1",0,"F","F",2,1,0,22,2,"T","F",1,2,"T","T","stenc101","padge101","T","T",4,4,46,0,0,0,0,0,0,"gowdh101","","",0,0,0,0,0,0,0,0,0,0,0,0,0,"barnv101","F","F","F","F",0,0,0,0,0,0,0,0,0,0,F,F,"1924NY1.EVN.regular.event.csv",286
"NY1192404190","BSN",6,0,2,0,0,"",2,1,"stenc101","?","stenc101","?","barnv101","?","barnv101","?","gowdh101","kellg101","frisf101","grohh101","jackt101","meusi101","soutb101","younr101","","tierc101","","43","F","F",9,6,2,"T","T",0,"F","F",1,"F","F",0,"F","F",4,"G","F","F","",0,0,"N",0,"N",0,"N",0,0,2,0,"43","","","","F","F","F","F","F","F","F","F","F","","barnv101","","F","F","F","F","F","","","","",0,3,0,0,4,0,0,0,0,48,"NY1","BSN","NY1",0,"F","T",2,1,0,23,3,"T","F",2,2,"T","T","padge101","oneim102","T","T",0,0,0,4,4,46,0,0,0,"","gowdh101","",0,0,0,0,0,0,0,0,0,0,0,0,0,"frisf101","F","F","F","F",0,0,0,0,0,0,0,0,0,0,F,F,"1924NY1.EVN.regular.event.csv",287
"NY1192404190","BSN",6,1,0,0,0,"",2,1,"meusi101","?","meusi101","?","genej101","?","genej101","?","oneim102","mcins101","tierc101","padge101","bancd101","cunnb102","coonj101","stenc101","","","","W","T","F",7,5,14,"T","F",0,"F","F",0,"F","F",0,"F","F",0,"","F","F","",0,0,"N",0,"N",0,"N",1,0,0,0,"","","","","F","F","F","F","F","F","F","F","F","","","","F","F","F","F","F","","","","",0,0,0,0,0,0,0,0,0,49,"NY1","NY1","BSN",1,"T","F",1,2,0,22,0,"T","F",0,1,"T","T","kellg101","jackt101","T","T",0,0,0,0,0,0,0,0,0,"","","",0,0,0,0,0,0,0,0,0,0,0,0,0,"","F","F","F","F",0,0,0,0,0,0,0,0,0,0,F,F,"1924NY1.EVN.regular.event.csv",288
"NY1192404190","BSN",6,1,0,0,0,"",2,1,"kellg101","?","kellg101","?","genej101","?","genej101","?","oneim102","mcins101","tierc101","padge101","bancd101","cunnb102","coonj101","stenc101","meusi101","","","64(1)3/GDP/G6M","F","F",3,6,2,"T","T",0,"F","F",2,"T","F",0,"F","F",6,"G","F","F","6M",0,0,"N",0,"N",0,"N",0,0,0,0,"43","64","","","F","F","F","F","F","F","F","F","F","genej101","","","F","F","F","F","F","","","","",0,4,3,0,6,4,0,0,0,50,"NY1","NY1","BSN",1,"F","F",1,2,0,23,1,"T","F",1,0,"T","T","jackt101","gowdh101","T","T",7,5,49,0,0,0,0,0,0,"oneim102","","",0,0,0,0,0,0,0,0,0,0,0,0,0,"bancd101","T","F","F","F",0,0,0,0,0,0,0,0,0,0,F,F,"1924NY1.EVN.regular.event.csv",289
"NY1192404190","BSN",6,1,2,0,0,"",2,1,"jackt101","?","jackt101","?","genej101","?","genej101","?","oneim102","mcins101","tierc101","padge101","bancd101","cunnb102","coonj101","stenc101","","","","D7","F","F",6,7,21,"T","T",2,"F","F",0,"F","F",0,"F","F",7,"","F","F","",0,0,"N",0,"N",0,"N",2,0,0,0,"","","","","F","F","F","F","F","F","F","F","F","","","","F","F","F","F","F","","","","",0,0,0,0,0,0,0,0,0,51,"NY1","NY1","BSN",1,"F","F",1,2,0,24,2,"T","F",0,2,"T","T","gowdh101","barnv101","T","T",0,0,0,0,0,0,0,0,0,"","","",0,0,0,0,0,0,0,0,0,0,0,0,0,"cunnb102","F","F","F","F",0,0,0,0,0,0,0,0,0,0,F,F,"1924NY1.EVN.regular.event.csv",290
"NY1192404190","BSN",6,1,2,0,0,"",2,1,"gowdh101","?","gowdh101","?","genej101","?","genej101","?","oneim102","mcins101","tierc101","padge101","bancd101","cunnb102","coonj101","stenc101","","jackt101","","FC5.2X3(5463)#","F","F",2,8,19,"T","T",0,"F","F",1,"F","F",0,"F","F",5,"G","F","F","",0,0,"N",0,"N",0,"N",1,0,0,0,"","","5463","","F","F","F","F","F","F","F","F","F","","genej101","","F","F","F","F","F","","","","",0,3,0,0,5,4,6,0,0,52,"NY1","NY1","BSN",1,"F","T",1,2,0,25,3,"T","F",2,1,"T","T","barnv101","soutb101","T","T",0,0,0,6,7,51,0,0,0,"","oneim102","",0,0,0,0,0,0,0,0,0,0,0,0,0,"padge101","F","F","F","F",0,0,0,0,0,0,0,0,0,0,F,T,"1924NY1.EVN.regular.event.csv",291
"NY1192404190","BSN",7,0,0,0,0,"",2,1,"padge101","?","padge101","?","barnv101","?","barnv101","?","gowdh101","kellg101","frisf101","grohh101","jackt101","meusi101","soutb101","younr101","","","","5/FL","T","F",5,7,2,"T","T",0,"F","F",1,"F","F",0,"F","F",5,"F","F","T","",0,0,"N",0,"N",0,"N",0,0,0,0,"5","","","","F","F","F","F","F","F","F","F","F","","","","F","F","F","F","F","","","","",0,5,0,0,0,0,0,0,0,53,"NY1","BSN","NY1",0,"T","F",2,1,0,24,0,"T","F",0,0,"T","T","oneim102","genej101","T","T",0,0,0,0,0,0,0,0,0,"","","",0,0,0,0,0,0,0,0,0,0,0,0,0,"grohh101","F","F","F","F",0,0,0,0,0,0,0,0,0,0,F,F,"1924NY1.EVN.regular.event.csv",292
"NY1192404190","BSN",7,0,1,0,0,"",2,1,"oneim102","?","oneim102","?","barnv101","?","barnv101","?","gowdh101","kellg101","frisf101","grohh101","jackt101","meusi101","soutb101","younr101","","","","8/F8S","F","F",2,8,2,"T","T",0,"F","F",1,"F","F",0,"F","F",8,"F","F","F","8S",0,0,"N",0,"N",0,"N",0,0,0,0,"8","","","","F","F","F","F","F","F","F","F","F","","","","F","F","F","F","F","","","","",0,8,0,0,0,0,0,0,0,54,"NY1","BSN","NY1",0,"F","F",2,1,0,25,1,"T","F",0,0,"T","T","genej101","bancd101","T","T",0,0,0,0,0,0,0,0,0,"","","",0,0,0,0,0,0,0,0,0,0,0,0,0,"soutb101","F","F","F","F",0,0,0,0,0,0,0,0,0,0,F,F,"1924NY1.EVN.regular.event.csv",293
"NY1192404190","BSN",7,0,2,0,0,"",2,1,"genej101","?","genej101","?","barnv101","?","barnv101","?","gowdh101","kellg101","frisf101","grohh101","jackt101","meusi101","soutb101","younr101","","","","43","F","F",1,9,2,"T","T",0,"F","F",1,"F","F",0,"F","F",4,"G","F","F","",0,0,"N",0,"N",0,"N",0,0,0,0,"43","","","","F","F","F","F","F","F","F","F","F","","","","F","F","F","F","F","","","","",0,3,0,0,4,0,0,0,0,55,"NY1","BSN","NY1",0,"F","T",2,1,0,26,2,"T","F",0,0,"T","T","bancd101","coonj101","T","T",0,0,0,0,0,0,0,0,0,"","","",0,0,0,0,0,0,0,0,0,0,0,0,0,"frisf101","F","F","F","F",0,0,0,0,0,0,0,0,0,0,F,F,"1924NY1.EVN.regular.event.csv",294
"NY1192404190","BSN",7,1,0,0,0,"",2,1,"oconj102","?","oconj102","?","genej101","?","genej101","?","oneim102","mcins101","tierc101","padge101","bancd101","cunnb102","coonj101","stenc101","","","","2/FL","T","T",11,9,2,"T","T",0,"F","F",1,"F","F",0,"F","F",2,"F","F","T","",0,0,"N",0,"N",0,"N",0,0,0,0,"2","","","","F","F","F","F","F","F","F","F","F","","","","F","F","F","F","F","","","","barnv101",1,2,0,0,0,0,0,0,0,56,"NY1","NY1","BSN",1,"T","F",1,2,0,26,0,"T","F",0,0,"F","F","soutb101","grohh101","T","T",0,0,0,0,0,0,0,0,0,"","","",0,0,0,0,0,0,0,0,0,0,0,0,0,"oneim102","F","F","F","F",0,0,0,0,0,0,0,0,0,0,F,F,"1924NY1.EVN.regular.event.csv",295
"NY1192404190","BSN",7,1,1,0,0,"",2,1,"soutb101","?","soutb101","?","genej101","?","genej101","?","oneim102","mcins101","tierc101","padge101","bancd101","cunnb102","coonj101","stenc101","","","","6/P56D","F","F",8,1,2,"T","T",0,"F","F",1,"F","F",0,"F","F",6,"P","F","F","56D",0,0,"N",0,"N",0,"N",0,0,0,0,"6","","","","F","F","F","F","F","F","F","F","F","","","","F","F","F","F","F","","","","",0,6,0,0,0,0,0,0,0,57,"NY1","NY1","BSN",1,"F","F",1,2,0,27,1,"T","F",0,0,"T","T","grohh101","frisf101","T","T",0,0,0,0,0,0,0,0,0,"","","",0,0,0,0,0,0,0,0,0,0,0,0,0,"bancd101","F","F","F","F",0,0,0,0,0,0,0,0,0,0,F,F,"1924NY1.EVN.regular.event.csv",296
"NY1192404190","BSN",7,1,2,0,0,"",2,1,"grohh101","?","grohh101","?","genej101","?","genej101","?","oneim102","mcins101","tierc101","padge101","bancd101","cunnb102","coonj101","stenc101","","","","6/P","F","F",5,2,2,"T","T",0,"F","F",1,"F","F",0,"F","F",6,"P","F","F","",0,0,"N",0,"N",0,"N",0,0,0,0,"6","","","","F","F","F","F","F","F","F","F","F","","","","F","F","F","F","F","","","","",0,6,0,0,0,0,0,0,0,58,"NY1","NY1","BSN",1,"F","T",1,2,0,28,2,"T","F",0,0,"T","T","frisf101","younr101","T","T",0,0,0,0,0,0,0,0,0,"","","",0,0,0,0,0,0,0,0,0,0,0,0,0,"bancd101","F","F","F","F",0,0,0,0,0,0,0,0,0,0,F,F,"1924NY1.EVN.regular.event.csv",297
"NY1192404190","BSN",8,0,0,0,0,"",2,1,"bancd101","?","bancd101","?","ryanr101","?","ryanr101","?","gowdh101","kellg101","frisf101","grohh101","jackt101","meusi101","soutb101","younr101","","","","K/C","T","F",6,1,3,"T","T",0,"F","F",1,"F","F",0,"F","F",0,"","F","F","",0,0,"N",0,"N",0,"N",0,0,0,0,"2","","","","F","F","F","F","F","F","F","F","F","","","","F","F","F","F","F","","","","",0,2,0,0,0,0,0,0,0,59,"NY1","BSN","NY1",0,"T","F",2,1,0,27,0,"T","F",0,0,"T","T","coonj101","cunnb102","F","F",0,0,0,0,0,0,0,0,0,"","","",0,0,0,0,0,0,0,0,0,0,0,0,0,"","F","F","F","F",0,0,0,0,0,0,0,0,0,0,F,F,"1924NY1.EVN.regular.event.csv",298
"NY1192404190","BSN",8,0,1,0,0,"",2,1,"coonj101","?","coonj101","?","ryanr101","?","ryanr101","?","gowdh101","kellg101","frisf101","grohh101","jackt101","meusi101","soutb101","younr101","","","","S9","F","F",8,2,20,"T","T",1,"F","F",0,"F","F",0,"F","F",9,"","F","F","",0,0,"N",0,"N",0,"N",1,0,0,0,"","","","","F","F","F","F","F","F","F","F","F","","","","F","F","F","F","F","","","","",0,0,0,0,0,0,0,0,0,60,"NY1","BSN","NY1",0,"F","F",2,1,0,28,1,"T","F",0,1,"T","T","cunnb102","tierc101","F","F",0,0,0,0,0,0,0,0,0,"","","",0,0,0,0,0,0,0,0,0,0,0,0,0,"younr101","F","F","F","F",0,0,0,0,0,0,0,0,0,0,F,F,"1924NY1.EVN.regular.event.csv",299
"NY1192404190","BSN",8,0,1,0,0,"",2,1,"cunnb102","?","cunnb102","?","ryanr101","?","ryanr101","?","gowdh101","kellg101","frisf101","grohh101","jackt101","meusi101","soutb101","younr101","coonj101","","","6/P","F","F",7,3,2,"T","T",0,"F","F",1,"F","F",0,"F","F",6,"P","F","F","",0,0,"N",0,"N",0,"N",0,1,0,0,"6","","","","F","F","F","F","F","F","F","F","F","ryanr101","","","F","F","F","F","F","","","","",0,6,0,0,0,0,0,0,0,61,"NY1","BSN","NY1",0,"F","F",2,1,0,29,2,"T","F",1,1,"T","T","tierc101","mcins101","F","F",8,2,60,0,0,0,0,0,0,"gowdh101","","",0,0,0,0,0,0,0,0,0,0,0,0,0,"jackt101","F","F","F","F",0,0,0,0,0,0,0,0,0,0,F,F,"1924NY1.EVN.regular.event.csv",300
"NY1192404190","BSN",8,0,2,0,0,"",2,1,"tierc101","?","tierc101","?","ryanr101","?","ryanr101","?","gowdh101","kellg101","frisf101","grohh101","jackt101","meusi101","soutb101","younr101","coonj101","","","CS2(24)","F","F",4,4,6,"F","F",0,"F","F",1,"F","F",0,"F","F",0,"","F","F","",0,0,"N",0,"N",0,"N",0,0,0,0,"","24","","","F","F","F","T","F","F","F","F","F","ryanr101","","","F","F","F","F","F","","","","",0,4,0,0,2,0,0,0,0,62,"NY1","BSN","NY1",0,"F","T",2,1,0,30,3,"T","T",1,0,"T","T","mcins101","stenc101","F","F",8,2,60,0,0,0,0,0,0,"gowdh101","","",0,0,0,0,0,0,0,0,0,0,0,0,0,"","F","F","F","F",0,0,0,0,0,0,0,0,0,0,F,F,"1924NY1.EVN.regular.event.csv",301
"NY1192404190","BSN",8,1,0,0,0,"",2,1,"frisf101","?","frisf101","?","genej101","?","genej101","?","oneim102","mcins101","tierc101","padge101","bancd101","cunnb102","coonj101","stenc101","","","","53","T","F",4,3,2,"T","T",0,"F","F",1,"F","F",0,"F","F",5,"G","F","F","",0,0,"N",0,"N",0,"N",0,0,0,0,"53","","","","F","F","F","F","F","F","F","F","F","","","","F","F","F","F","F","","","","",0,3,0,0,5,0,0,0,0,63,"NY1","NY1","BSN",1,"T","F",1,2,0,29,0,"T","F",0,0,"T","T","younr101","meusi101","T","T",0,0,0,0,0,0,0,0,0,"","","",0,0,0,0,0,0,0,0,0,0,0,0,0,"padge101","F","F","F","F",0,0,0,0,1,0,0,0,0,0,F,F,"1924NY1.EVN.regular.event.csv",302
"NY1192404190","BSN",8,1,1,0,0,"",2,1,"younr101","?","younr101","?","genej101","?","genej101","?","oneim102","mcins101","tierc101","padge101","bancd101","cunnb102","coonj101","stenc101","","","","D8/89.B-3(E4)#","F","F",9,4,21,"T","T",2,"F","F",0,"F","F",0,"F","F",8,"","F","F","89",1,4,"F",0,"N",0,"N",3,0,0,0,"","","","","F","F","F","F","F","F","F","F","F","","","","F","F","F","F","F","","","","",0,0,0,0,0,0,0,0,0,64,"NY1","NY1","BSN",1,"F","F",1,2,0,30,1,"T","F",0,4,"T","T","meusi101","kellg101","T","T",0,0,0,0,0,0,0,0,0,"","","",0,0,0,0,0,0,0,0,0,0,0,0,0,"coonj101","F","F","F","F",4,0,0,0,1,0,0,0,0,0,F,T,"1924NY1.EVN.regular.event.csv",303
"NY1192404190","BSN",8,1,1,0,0,"",2,1,"meusi101","?","meusi101","?","genej101","?","genej101","?","oneim102","mcins101","tierc101","padge101","bancd101","cunnb102","coonj101","stenc101","","","younr101","S7.3-H","F","F",7,5,20,"T","T",1,"F","F",0,"F","F",1,"F","F",7,"","F","F","",0,0,"N",0,"N",0,"N",1,0,0,4,"","","","","F","F","F","F","F","F","F","F","F","","","genej101","F","F","F","F","F","","","","",0,0,0,0,0,0,0,0,0,65,"NY1","NY1","BSN",1,"F","F",1,2,0,31,2,"T","F",4,1,"T","T","kellg101","jackt101","T","T",0,0,0,0,0,0,9,4,64,"","","oneim102",0,0,0,0,0,0,0,0,0,0,0,0,1,"cunnb102","F","F","F","F",0,0,0,4,0,0,0,0,0,0,F,F,"1924NY1.EVN.regular.event.csv",304
"NY1192404190","BSN",8,1,1,0,0,"",2,2,"kellg101","?","kellg101","?","genej101","?","genej101","?","oneim102","mcins101","tierc101","padge101","bancd101","cunnb102","coonj101","stenc101","meusi101","","","54(1)/FO","F","F",3,6,2,"T","T",0,"F","F",1,"F","F",0,"F","F",5,"G","F","F","",0,0,"N",0,"N",0,"N",1,0,0,0,"","54","","","F","F","F","F","F","F","F","F","F","genej101","","","F","F","F","F","F","","","","",0,4,0,0,5,0,0,0,0,66,"NY1","NY1","BSN",1,"F","F",2,2,1,32,3,"T","F",1,1,"T","T","jackt101","gowdh101","T","T",7,5,65,0,0,0,0,0,0,"oneim102","","",0,0,0,0,0,0,0,0,0,0,0,0,0,"padge101","T","F","F","F",0,0,0,0,0,0,0,0,0,0,F,F,"1924NY1.EVN.regular.event.csv",305
"NY1192404190","BSN",8,1,2,0,0,"",2,2,"jackt101","?","jackt101","?","genej101","?","genej101","?","oneim102","mcins101","tierc101","padge101","bancd101","cunnb102","coonj101","stenc101","kellg101","","","7/F","F","F",6,7,2,"T","T",0,"F","F",1,"F","F",0,"F","F",7,"F","F","F","",0,0,"N",0,"N",0,"N",0,1,0,0,"7","","","","F","F","F","F","F","F","F","F","F","genej101","","","F","F","F","F","F","","","","",0,7,0,0,0,0,0,0,0,67,"NY1","NY1","BSN",1,"F","T",2,2,1,33,4,"T","F",1,1,"T","T","gowdh101","ryanr101","T","T",3,6,66,0,0,0,0,0,0,"oneim102","","",0,0,0,0,0,0,0,0,0,0,0,0,0,"cunnb102","F","F","F","F",0,0,0,0,0,0,0,0,0,0,F,F,"1924NY1.EVN.regular.event.csv",306
"NY1192404190","BSN",9,0,0,0,0,"",2,2,"tierc101","?","tierc101","?","ryanr101","?","ryanr101","?","gowdh101","kellg101","frisf101","grohh101","jackt101","meusi101","soutb101","younr101","","","","2/P","T","F",4,4,2,"T","T",0,"F","F",1,"F","F",0,"F","F",2,"P","F","F","",0,0,"N",0,"N",0,"N",0,0,0,0,"2","","","","F","F","F","F","F","F","F","F","F","","","","F","F","F","F","F","","","","",0,2,0,0,0,0,0,0,0,68,"NY1","BSN","NY1",0,"T","F",2,2,0,30,0,"T","F",0,0,"T","T","mcins101","stenc101","F","F",0,0,0,0,0,0,0,0,0,"","","",0,0,0,0,0,0,0,0,0,0,0,0,0,"gowdh101","F","F","F","F",0,0,0,0,0,0,0,0,0,0,F,F,"1924NY1.EVN.regular.event.csv",307
"NY1192404190","BSN",9,0,1,0,0,"",2,2,"mcins101","?","mcins101","?","ryanr101","?","ryanr101","?","gowdh101","kellg101","frisf101","grohh101","jackt101","meusi101","soutb101","younr101","","","","7/F78","F","F",3,5,2,"T","T",0,"F","F",1,"F","F",0,"F","F",7,"F","F","F","78",0,0,"N",0,"N",0,"N",0,0,0,0,"7","","","","F","F","F","F","F","F","F","F","F","","","","F","F","F","F","F","","","","",0,7,0,0,0,0,0,0,0,69,"NY1","BSN","NY1",0,"F","F",2,2,0,31,1,"T","F",0,0,"T","T","stenc101","padge101","F","F",0,0,0,0,0,0,0,0,0,"","","",0,0,0,0,0,0,0,0,0,0,0,0,0,"meusi101","F","F","F","F",0,0,0,0,0,0,0,0,0,0,F,F,"1924NY1.EVN.regular.event.csv",308
"NY1192404190","BSN",9,0,2,0,0,"",2,2,"stenc101","?","stenc101","?","ryanr101","?","ryanr101","?","gowdh101","kellg101","frisf101","grohh101","jackt101","meusi101","soutb101","younr101","","","","S8","F","F",9,6,20,"T","T",1,"F","F",0,"F","F",0,"F","F",8,"","F","F","",0,0,"N",0,"N",0,"N",1,0,0,0,"","","","","F","F","F","F","F","F","F","F","F","","","","F","F","F","F","F","","","","",0,0,0,0,0,0,0,0,0,70,"NY1","BSN","NY1",0,"F","F",2,2,0,32,2,"T","F",0,1,"T","T","padge101","oneim102","F","F",0,0,0,0,0,0,0,0,0,"","","",0,0,0,0,0,0,0,0,0,0,0,0,0,"soutb101","F","F","F","F",1,0,0,0,0,0,0,0,0,0,F,F,"1924NY1.EVN.regular.event.csv",309
"NY1192404190","BSN",9,0,2,0,0,"",2,2,"padge101","?","padge101","?","ryanr101","?","ryanr101","?","gowdh101","kellg101","frisf101","grohh101","jackt101","meusi101","soutb101","younr101","stenc101","","","13","F","F",5,7,2,"T","T",0,"F","F",1,"F","F",0,"F","F",1,"G","F","F","",0,0,"N",0,"N",0,"N",0,1,0,0,"13","","","","F","F","F","F","F","F","F","F","F","ryanr101","","","F","F","F","F","F","","","","",0,3,0,0,1,0,0,0,0,71,"NY1","BSN","NY1",0,"F","T",2,2,0,33,3,"T","F",1,1,"T","T","oneim102","genej101","F","F",9,6,70,0,0,0,0,0,0,"gowdh101","","",0,0,0,0,0,0,0,0,0,0,0,0,0,"ryanr101","F","F","F","F",0,1,0,0,0,0,0,0,0,0,F,F,"1924NY1.EVN.regular.event.csv",310
"NY1192404190","BSN",9,1,0,0,0,"",2,2,"terrb101","?","terrb101","?","genej101","?","genej101","?","oneim102","mcins101","tierc101","padge101","bancd101","cunnb102","coonj101","stenc101","","","","43","T","T",11,8,2,"T","T",0,"F","F",1,"F","F",0,"F","F",4,"G","F","F","",0,0,"N",0,"N",0,"N",0,0,0,0,"43","","","","F","F","F","F","F","F","F","F","F","","","","F","F","F","F","F","","","","gowdh101",2,3,0,0,4,0,0,0,0,72,"NY1","NY1","BSN",1,"T","F",2,2,0,34,0,"T","F",0,0,"F","F","ryanr101","soutb101","T","T",0,0,0,0,0,0,0,0,0,"","","",0,0,0,0,0,0,0,0,0,0,0,0,0,"tierc101","F","F","F","F",0,0,0,0,1,0,0,0,0,0,F,F,"1924NY1.EVN.regular.event.csv",311
"NY1192404190","BSN",9,1,1,0,0,"",2,2,"ryanr101","?","ryanr101","?","genej101","?","genej101","?","oneim102","mcins101","tierc101","padge101","bancd101","cunnb102","coonj101","stenc101","","","","W","F","F",1,9,14,"T","F",0,"F","F",0,"F","F",0,"F","F",0,"","F","F","",0,0,"N",0,"N",0,"N",1,0,0,0,"","","","","F","F","F","F","F","F","F","F","F","","","","F","F","F","F","F","","","","",0,0,0,0,0,0,0,0,0,73,"NY1","NY1","BSN",1,"F","F",2,2,0,35,1,"T","F",0,1,"F","F","soutb101","grohh101","T","T",0,0,0,0,0,0,0,0,0,"","","",0,0,0,0,0,0,0,0,0,0,0,0,0,"","F","F","F","F",4,0,0,0,1,0,0,0,0,0,F,F,"1924NY1.EVN.regular.event.csv",312
"NY1192404190","BSN",9,1,1,0,0,"",2,2,"soutb101","?","soutb101","?","genej101","?","genej101","?","oneim102","mcins101","tierc101","padge101","bancd101","cunnb102","coonj101","stenc101","ryanr101","","","S/G1.1-2","F","F",8,1,20,"T","T",1,"F","F",0,"F","F",0,"F","F",0,"G","F","F","1",0,0,"N",0,"N",0,"N",1,2,0,0,"","","","","F","F","F","F","F","F","F","F","F","genej101","","","F","F","F","F","F","","","","",0,0,0,0,0,0,0,0,0,74,"NY1","NY1","BSN",1,"F","F",2,2,0,36,2,"T","F",1,3,"T","T","grohh101","frisf101","T","T",1,9,73,0,0,0,0,0,0,"oneim102","","",0,0,0,0,0,0,0,0,0,0,0,0,0,"","F","F","F","F",3,4,0,0,1,0,0,0,0,0,F,F,"1924NY1.EVN.regular.event.csv",313
"NY1192404190","BSN",9,1,1,0,0,"",2,2,"grohh101","?","grohh101","?","genej101","?","genej101","?","oneim102","mcins101","tierc101","padge101","bancd101","cunnb102","coonj101","stenc101","soutb101","ryanr101","","D7/7L.2-H;1-3","F","F",5,2,21,"T","T",2,"F","F",0,"F","F",1,"F","F",7,"","F","F","7L",0,0,"N",0,"N",0,"N",2,3,4,0,"","","","","F","F","F","F","F","F","F","F","F","genej101","genej101","","F","T","F","F","F","","","","",0,0,0,0,0,0,0,0,0,75,"NY1","NY1","BSN",1,"F","T",2,2,0,37,3,"T","F",3,6,"T","T","frisf101","younr101","T","T",8,1,74,1,9,73,0,0,0,"oneim102","oneim102","",0,0,0,0,0,0,0,0,0,0,0,0,1,"cunnb102","F","F","F","F",2,3,4,0,0,0,0,0,0,0,F,F,"1924NY1.EVN.regular.event.csv",314
"NY1192404210","BSN",1,0,0,0,0,"",0,0,"bancd101","?","bancd101","?","bentj101","?","bentj101","?","gowdh101","kellg101","frisf101","grohh101","jackt101","meusi101","soutb101","younr101","","","","S6/G","T","F",6,1,20,"T","T",1,"F","F",0,"F","F",0,"F","F",6,"G","F","F","",0,0,"N",0,"N",0,"N",1,0,0,0,"","","","","F","F","F","F","F","F","F","F","F","","","","T","F","F","F","F","","","","",0,0,0,0,0,0,0,0,0,1,"NY1","BSN","NY1",0,"T","F",0,0,0,0,0,"T","F",0,1,"T","T","coonj101","cunnb102","T","T",0,0,0,0,0,0,0,0,0,"","","",0,0,0,0,0,0,0,0,0,0,0,0,0,"jackt101","F","F","F","F",0,0,0,0,0,0,0,0,0,0,F,F,"1924NY1.EVN.regular.event.csv",315
"NY1192404210","BSN",1,0,0,0,0,"",0,0,"coonj101","?","coonj101","?","bentj101","?","bentj101","?","gowdh101","kellg101","frisf101","grohh101","jackt101","meusi101","soutb101","younr101","bancd101","","","8/F","F","F",8,2,2,"T","T",0,"F","F",1,"F","F",0,"F","F",8,"F","F","F","",0,0,"N",0,"N",0,"N",0,1,0,0,"8","","","","F","F","F","F","F","F","F","F","F","bentj101","","","F","F","F","F","F","","","","",0,8,0,0,0,0,0,0,0,2,"NY1","BSN","NY1",0,"F","F",0,0,0,1,1,"T","F",1,1,"T","T","cunnb102","tierc101","T","T",6,1,1,0,0,0,0,0,0,"gowdh101","","",0,0,0,0,0,0,0,0,0,0,0,0,0,"soutb101","F","F","F","F",0,0,0,0,0,0,0,0,0,0,F,F,"1924NY1.EVN.regular.event.csv",316
"NY1192404210","BSN",1,0,1,0,0,"",0,0,"cunnb102","?","cunnb102","?","bentj101","?","bentj101","?","gowdh101","kellg101","frisf101","grohh101","jackt101","meusi101","soutb101","younr101","bancd101","","","43.1-2","F","F",7,3,2,"T","T",0,"F","F",1,"F","F",0,"F","F",4,"G","F","F","",0,0,"N",0,"N",0,"N",0,2,0,0,"43","","","","F","F","F","F","F","F","F","F","F","bentj101","","","F","F","F","F","F","","","","",0,3,0,0,4,0,0,0,0,3,"NY1","BSN","NY1",0,"F","F",0,0,0,2,2,"T","F",1,2,"T","T","tierc101","mcins101","T","T",6,1,1,0,0,0,0,0,0,"gowdh101","","",0,0,0,0,0,0,0,0,0,0,0,0,0,"frisf101","F","F","F","F",0,0,0,0,0,0,0,0,0,0,F,F,"1924NY1.EVN.regular.event.csv",317
"NY1192404210","BSN",1,0,2,0,0,"",0,0,"tierc101","?","tierc101","?","bentj101","?","bentj101","?","gowdh101","kellg101","frisf101","grohh101","jackt101","meusi101","soutb101","younr101","","bancd101","","63","F","F",4,4,2,"T","T",0,"F","F",1,"F","F",0,"F","F",6,"G","F","F","",0,0,"N",0,"N",0,"N",0,0,2,0,"63","","","","F","F","F","F","F","F","F","F","F","","bentj101","","F","F","F","F","F","","","","",0,3,0,0,6,0,0,0,0,4,"NY1","BSN","NY1",0,"F","T",0,0,0,3,3,"T","F",2,2,"T","T","mcins101","stenc101","T","T",0,0,0,6,1,1,0,0,0,"","gowdh101","",0,0,0,0,0,0,0,0,0,0,0,0,0,"jackt101","F","F","F","F",0,0,0,0,0,0,0,0,0,0,F,F,"1924NY1.EVN.regular.event.csv",318
"NY1192404210","BSN",1,1,0,0,0,"",0,0,"soutb101","?","soutb101","?","barnj102","?","barnj102","?","oneim102","mcins101","tierc101","padge101","bancd101","cunnb102","coonj101","stenc101","","","","43","T","F",8,1,2,"T","T",0,"F","F",1,"F","F",0,"F","F",4,"G","F","F","",0,0,"N",0,"N",0,"N",0,0,0,0,"43","","","","F","F","F","F","F","F","F","F","F","","","","F","F","F","F","F","","","","",0,3,0,0,4,0,0,0,0,5,"NY1","NY1","BSN",1,"T","F",0,0,0,0,0,"T","F",0,0,"T","T","grohh101","frisf101","T","T",0,0,0,0,0,0,0,0,0,"","","",0,0,0,0,0,0,0,0,0,0,0,0,0,"tierc101","F","F","F","F",0,0,0,0,0,0,0,0,0,0,F,F,"1924NY1.EVN.regular.event.csv",319
"NY1192404210","BSN",1,1,1,0,0,"",0,0,"grohh101","?","grohh101","?","barnj102","?","barnj102","?","oneim102","mcins101","tierc101","padge101","bancd101","cunnb102","coonj101","stenc101","","","","K/C","F","F",5,2,3,"T","T",0,"F","F",1,"F","F",0,"F","F",0,"","F","F","",0,0,"N",0,"N",0,"N",0,0,0,0,"2","","","","F","F","F","F","F","F","F","F","F","","","","F","F","F","F","F","","","","",0,2,0,0,0,0,0,0,0,6,"NY1","NY1","BSN",1,"F","F",0,0,0,1,1,"T","F",0,0,"T","T","frisf101","younr101","T","T",0,0,0,0,0,0,0,0,0,"","","",0,0,0,0,0,0,0,0,0,0,0,0,0,"","F","F","F","F",0,0,0,0,0,0,0,0,0,0,F,F,"1924NY1.EVN.regular.event.csv",320
"NY1192404210","BSN",1,1,2,0,0,"",0,0,"frisf101","?","frisf101","?","barnj102","?","barnj102","?","oneim102","mcins101","tierc101","padge101","bancd101","cunnb102","coonj101","stenc101","","","","63","F","F",4,3,2,"T","T",0,"F","F",1,"F","F",0,"F","F",6,"G","F","F","",0,0,"N",0,"N",0,"N",0,0,0,0,"63","","","","F","F","F","F","F","F","F","F","F","","","","F","F","F","F","F","","","","",0,3,0,0,6,0,0,0,0,7,"NY1","NY1","BSN",1,"F","T",0,0,0,2,2,"T","F",0,0,"T","T","younr101","meusi101","T","T",0,0,0,0,0,0,0,0,0,"","","",0,0,0,0,0,0,0,0,0,0,0,0,0,"bancd101","F","F","F","F",0,0,0,0,0,0,0,0,0,0,F,F,"1924NY1.EVN.regular.event.csv",321
"NY1192404210","BSN",2,0,0,0,0,"",0,0,"mcins101","?","mcins101","?","bentj101","?","bentj101","?","gowdh101","kellg101","frisf101","grohh101","jackt101","meusi101","soutb101","younr101","","","","8/F","T","F",3,5,2,"T","T",0,"F","F",1,"F","F",0,"F","F",8,"F","F","F","",0,0,"N",0,"N",0,"N",0,0,0,0,"8","","","","F","F","F","F","F","F","F","F","F","","","","F","F","F","F","F","","","","",0,8,0,0,0,0,0,0,0,8,"NY1","BSN","NY1",0,"T","F",0,0,0,4,0,"T","F",0,0,"T","T","stenc101","padge101","T","T",0,0,0,0,0,0,0,0,0,"","","",0,0,0,0,0,0,0,0,0,0,0,0,0,"soutb101","F","F","F","F",0,0,0,0,0,0,0,0,0,0,F,F,"1924NY1.EVN.regular.event.csv",322
"NY1192404210","BSN",2,0,1,0,0,"",0,0,"stenc101","?","stenc101","?","bentj101","?","bentj101","?","gowdh101","kellg101","frisf101","grohh101","jackt101","meusi101","soutb101","younr101","","","","7/F","F","F",9,6,2,"T","T",0,"F","F",1,"F","F",0,"F","F",7,"F","F","F","",0,0,"N",0,"N",0,"N",0,0,0,0,"7","","","","F","F","F","F","F","F","F","F","F","","","","F","F","F","F","F","","","","",0,7,0,0,0,0,0,0,0,9,"NY1","BSN","NY1",0,"F","F",0,0,0,5,1,"T","F",0,0,"T","T","padge101","oneim102","T","T",0,0,0,0,0,0,0,0,0,"","","",0,0,0,0,0,0,0,0,0,0,0,0,0,"meusi101","F","F","F","F",0,0,0,0,0,0,0,0,0,0,F,F,"1924NY1.EVN.regular.event.csv",323
"NY1192404210","BSN",2,0,2,0,0,"",0,0,"padge101","?","padge101","?","bentj101","?","bentj101","?","gowdh101","kellg101","frisf101","grohh101","jackt101","meusi101","soutb101","younr101","","","","4/P34D","F","F",5,7,2,"T","T",0,"F","F",1,"F","F",0,"F","F",4,"P","F","F","34D",0,0,"N",0,"N",0,"N",0,0,0,0,"4","","","","F","F","F","F","F","F","F","F","F","","","","F","F","F","F","F","","","","",0,4,0,0,0,0,0,0,0,10,"NY1","BSN","NY1",0,"F","T",0,0,0,6,2,"T","F",0,0,"T","T","oneim102","barnj102","T","T",0,0,0,0,0,0,0,0,0,"","","",0,0,0,0,0,0,0,0,0,0,0,0,0,"frisf101","F","F","F","F",0,0,0,0,0,0,0,0,0,0,F,F,"1924NY1.EVN.regular.event.csv",324
"NY1192404210","BSN",2,1,0,0,0,"",0,0,"younr101","?","younr101","?","barnj102","?","barnj102","?","oneim102","mcins101","tierc101","padge101","bancd101","cunnb102","coonj101","stenc101","","","","3/G","T","F",9,4,2,"T","T",0,"F","F",1,"F","F",0,"F","F",3,"G","F","F","",0,0,"N",0,"N",0,"N",0,0,0,0,"3","","","","F","F","F","F","F","F","F","F","F","","","","F","F","F","F","F","","","","",0,3,0,0,0,0,0,0,0,11,"NY1","NY1","BSN",1,"T","F",0,0,0,3,0,"T","F",0,0,"T","T","meusi101","kellg101","T","T",0,0,0,0,0,0,0,0,0,"","","",0,0,0,0,0,0,0,0,0,0,0,0,0,"mcins101","F","F","F","F",0,0,0,0,0,0,0,0,0,0,F,F,"1924NY1.EVN.regular.event.csv",325
"NY1192404210","BSN",2,1,1,0,0,"",0,0,"meusi101","?","meusi101","?","barnj102","?","barnj102","?","oneim102","mcins101","tierc101","padge101","bancd101","cunnb102","coonj101","stenc101","","","","9/F","F","F",7,5,2,"T","T",0,"F","F",1,"F","F",0,"F","F",9,"F","F","F","",0,0,"N",0,"N",0,"N",0,0,0,0,"9","","","","F","F","F","F","F","F","F","F","F","","","","F","F","F","F","F","","","","",0,9,0,0,0,0,0,0,0,12,"NY1","NY1","BSN",1,"F","F",0,0,0,4,1,"T","F",0,0,"T","T","kellg101","jackt101","T","T",0,0,0,0,0,0,0,0,0,"","","",0,0,0,0,0,0,0,0,0,0,0,0,0,"stenc101","F","F","F","F",0,0,0,0,0,0,0,0,0,0,F,F,"1924NY1.EVN.regular.event.csv",326
"NY1192404210","BSN",2,1,2,0,0,"",0,0,"kellg101","?","kellg101","?","barnj102","?","barnj102","?","oneim102","mcins101","tierc101","padge101","bancd101","cunnb102","coonj101","stenc101","","","","6/L","F","F",3,6,2,"T","T",0,"F","F",1,"F","F",0,"F","F",6,"L","F","F","",0,0,"N",0,"N",0,"N",0,0,0,0,"6","","","","F","F","F","F","F","F","F","F","F","","","","F","F","F","F","F","","","","",0,6,0,0,0,0,0,0,0,13,"NY1","NY1","BSN",1,"F","T",0,0,0,5,2,"T","F",0,0,"T","T","jackt101","gowdh101","T","T",0,0,0,0,0,0,0,0,0,"","","",0,0,0,0,0,0,0,0,0,0,0,0,0,"bancd101","F","F","F","F",0,0,0,0,0,0,0,0,0,0,F,F,"1924NY1.EVN.regular.event.csv",327
"NY1192404210","BSN",3,0,0,0,0,"",0,0,"oneim102","?","oneim102","?","bentj101","?","bentj101","?","gowdh101","kellg101","frisf101","grohh101","jackt101","meusi101","soutb101","younr101","","","","S8","T","F",2,8,20,"T","T",1,"F","F",0,"F","F",0,"F","F",8,"","F","F","",0,0,"N",0,"N",0,"N",1,0,0,0,"","","","","F","F","F","F","F","F","F","F","F","","","","F","F","F","F","F","","","","",0,0,0,0,0,0,0,0,0,14,"NY1","BSN","NY1",0,"T","F",0,0,0,7,0,"T","F",0,1,"T","T","barnj102","bancd101","T","T",0,0,0,0,0,0,0,0,0,"","","",0,0,0,0,0,0,0,0,0,0,0,0,0,"soutb101","F","F","F","F",4,0,0,0,1,0,0,0,0,0,F,F,"1924NY1.EVN.regular.event.csv",328
"NY1192404210","BSN",3,0,0,0,0,"",0,0,"barnj102","?","barnj102","?","bentj101","?","bentj101","?","gowdh101","kellg101","frisf101","grohh101","jackt101","meusi101","soutb101","younr101","oneim102","","","13/SH.1-2","F","F",1,9,2,"T","F",0,"T","F",1,"F","F",0,"F","F",1,"G","T","F","",0,0,"N",0,"N",0,"N",0,2,0,0,"13","","","","F","F","F","F","F","F","F","F","F","bentj101","","","F","F","F","F","F","","","","",0,3,0,0,1,0,0,0,0,15,"NY1","BSN","NY1",0,"F","F",0,0,0,8,1,"T","F",1,2,"T","T","bancd101","coonj101","T","T",2,8,14,0,0,0,0,0,0,"gowdh101","","",0,0,0,0,0,0,0,0,0,0,0,0,0,"bentj101","F","F","F","F",0,4,0,0,1,0,0,0,0,0,F,F,"1924NY1.EVN.regular.event.csv",329
"NY1192404210","BSN",3,0,1,0,0,"",0,0,"bancd101","?","bancd101","?","bentj101","?","bentj101","?","gowdh101","kellg101","frisf101","grohh101","jackt101","meusi101","soutb101","younr101","","oneim102","","S7/7L.2-H","F","F",6,1,20,"T","T",1,"F","F",0,"F","F",1,"F","F",7,"","F","F","7L",0,0,"N",0,"N",0,"N",1,0,4,0,"","","","","F","F","F","F","F","F","F","F","F","","bentj101","","F","F","F","F","F","","","","",0,0,0,0,0,0,0,0,0,16,"NY1","BSN","NY1",0,"F","F",0,0,0,9,2,"T","F",2,1,"T","T","coonj101","cunnb102","T","T",0,0,0,2,8,14,0,0,0,"","gowdh101","",0,0,0,0,0,0,0,0,0,0,0,0,1,"meusi101","F","F","F","F",0,0,4,0,0,0,0,0,0,0,F,F,"1924NY1.EVN.regular.event.csv",330
"NY1192404210","BSN",3,0,1,0,0,"",1,0,"coonj101","?","coonj101","?","bentj101","?","bentj101","?","gowdh101","kellg101","frisf101","grohh101","jackt101","meusi101","soutb101","younr101","bancd101","","","K/C","F","F",8,2,3,"T","T",0,"F","F",1,"F","F",0,"F","F",0,"","F","F","",0,0,"N",0,"N",0,"N",0,1,0,0,"2","","","","F","F","F","F","F","F","F","F","F","bentj101","","","F","F","F","F","F","","","","",0,2,0,0,0,0,0,0,0,17,"NY1","BSN","NY1",0,"F","F",1,0,1,10,3,"T","F",1,1,"T","T","cunnb102","tierc101","T","T",6,1,16,0,0,0,0,0,0,"gowdh101","","",0,0,0,0,0,0,0,0,0,0,0,0,0,"","F","F","F","F",0,0,0,0,0,0,0,0,0,0,F,F,"1924NY1.EVN.regular.event.csv",331
"NY1192404210","BSN",3,0,2,0,0,"",1,0,"cunnb102","?","cunnb102","?","bentj101","?","bentj101","?","gowdh101","kellg101","frisf101","grohh101","jackt101","meusi101","soutb101","younr101","bancd101","","","K/C","F","F",7,3,3,"T","T",0,"F","F",1,"F","F",0,"F","F",0,"","F","F","",0,0,"N",0,"N",0,"N",0,1,0,0,"2","","","","F","F","F","F","F","F","F","F","F","bentj101","","","F","F","F","F","F","","","","",0,2,0,0,0,0,0,0,0,18,"NY1","BSN","NY1",0,"F","T",1,0,1,11,4,"T","F",1,1,"T","T","tierc101","mcins101","T","T",6,1,16,0,0,0,0,0,0,"gowdh101","","",0,0,0,0,0,0,0,0,0,0,0,0,0,"","F","F","F","F",0,0,0,0,0,0,0,0,0,0,F,F,"1924NY1.EVN.regular.event.csv",332
"NY1192404210","BSN",3,1,0,0,0,"",1,0,"jackt101","?","jackt101","?","barnj102","?","barnj102","?","oneim102","mcins101","tierc101","padge101","bancd101","cunnb102","coonj101","stenc101","","","","8/L89D","T","F",6,7,2,"T","T",0,"F","F",1,"F","F",0,"F","F",8,"L","F","F","89D",0,0,"N",0,"N",0,"N",0,0,0,0,"8","","","","F","F","F","F","F","F","F","F","F","","","","F","F","F","F","F","","","","",0,8,0,0,0,0,0,0,0,19,"NY1","NY1","BSN",1,"T","F",0,1,0,6,0,"T","F",0,0,"T","T","gowdh101","bentj101","T","T",0,0,0,0,0,0,0,0,0,"","","",0,0,0,0,0,0,0,0,0,0,0,0,0,"coonj101","F","F","F","F",0,0,0,0,0,0,0,0,0,0,F,F,"1924NY1.EVN.regular.event.csv",333
"NY1192404210","BSN",3,1,1,0,0,"",1,0,"gowdh101","?","gowdh101","?","barnj102","?","barnj102","?","oneim102","mcins101","tierc101","padge101","bancd101","cunnb102","coonj101","stenc101","","","","K","F","F",2,8,3,"T","T",0,"F","F",1,"F","F",0,"F","F",0,"","F","F","",0,0,"N",0,"N",0,"N",0,0,0,0,"2","","","","F","F","F","F","F","F","F","F","F","","","","F","F","F","F","F","","","","",0,2,0,0,0,0,0,0,0,20,"NY1","NY1","BSN",1,"F","F",0,1,0,7,1,"T","F",0,0,"T","T","bentj101","soutb101","T","T",0,0,0,0,0,0,0,0,0,"","","",0,0,0,0,0,0,0,0,0,0,0,0,0,"","F","F","F","F",0,0,0,0,0,0,0,0,0,0,F,F,"1924NY1.EVN.regular.event.csv",334
"NY1192404210","BSN",3,1,2,0,0,"",1,0,"bentj101","?","bentj101","?","barnj102","?","barnj102","?","oneim102","mcins101","tierc101","padge101","bancd101","cunnb102","coonj101","stenc101","","","","W","F","F",1,9,14,"T","F",0,"F","F",0,"F","F",0,"F","F",0,"","F","F","",0,0,"N",0,"N",0,"N",1,0,0,0,"","","","","F","F","F","F","F","F","F","F","F","","","","F","F","F","F","F","","","","",0,0,0,0,0,0,0,0,0,21,"NY1","NY1","BSN",1,"F","F",0,1,0,8,2,"T","F",0,1,"T","T","soutb101","grohh101","T","T",0,0,0,0,0,0,0,0,0,"","","",0,0,0,0,0,0,0,0,0,0,0,0,0,"","F","F","F","F",0,0,0,0,0,0,0,0,0,0,F,F,"1924NY1.EVN.regular.event.csv",335
"NY1192404210","BSN",3,1,2,0,0,"",1,0,"soutb101","?","soutb101","?","barnj102","?","barnj102","?","oneim102","mcins101","tierc101","padge101","bancd101","cunnb102","coonj101","stenc101","bentj101","","","23/G","F","F",8,1,2,"T","T",0,"F","F",1,"F","F",0,"F","F",2,"G","F","F","",0,0,"N",0,"N",0,"N",0,1,0,0,"23","","","","F","F","F","F","F","F","F","F","F","barnj102","","","F","F","F","F","F","","","","",0,3,0,0,2,0,0,0,0,22,"NY1","NY1","BSN",1,"F","T",0,1,0,9,3,"T","F",1,1,"T","T","grohh101","frisf101","T","T",1,9,21,0,0,0,0,0,0,"oneim102","","",0,0,0,0,0,0,0,0,0,0,0,0,0,"oneim102","F","F","F","F",0,0,0,0,0,0,0,0,0,0,F,F,"1924NY1.EVN.regular.event.csv",336
"NY1192404210","BSN",4,0,0,0,0,"",1,0,"tierc101","?","tierc101","?","bentj101","?","bentj101","?","gowdh101","kellg101","frisf101","grohh101","jackt101","meusi101","soutb101","younr101","","","","K","T","F",4,4,3,"T","T",0,"F","F",1,"F","F",0,"F","F",0,"","F","F","",0,0,"N",0,"N",0,"N",0,0,0,0,"2","","","","F","F","F","F","F","F","F","F","F","","","","F","F","F","F","F","","","","",0,2,0,0,0,0,0,0,0,23,"NY1","BSN","NY1",0,"T","F",1,0,0,12,0,"T","F",0,0,"T","T","mcins101","stenc101","T","T",0,0,0,0,0,0,0,0,0,"","","",0,0,0,0,0,0,0,0,0,0,0,0,0,"","F","F","F","F",0,0,0,0,0,0,0,0,0,0,F,F,"1924NY1.EVN.regular.event.csv",337
"NY1192404210","BSN",4,0,1,0,0,"",1,0,"mcins101","?","mcins101","?","bentj101","?","bentj101","?","gowdh101","kellg101","frisf101","grohh101","jackt101","meusi101","soutb101","younr101","","","","7/F","F","F",3,5,2,"T","T",0,"F","F",1,"F","F",0,"F","F",7,"F","F","F","",0,0,"N",0,"N",0,"N",0,0,0,0,"7","","","","F","F","F","F","F","F","F","F","F","","","","F","F","F","F","F","","","","",0,7,0,0,0,0,0,0,0,24,"NY1","BSN","NY1",0,"F","F",1,0,0,13,1,"T","F",0,0,"T","T","stenc101","padge101","T","T",0,0,0,0,0,0,0,0,0,"","","",0,0,0,0,0,0,0,0,0,0,0,0,0,"meusi101","F","F","F","F",0,0,0,0,0,0,0,0,0,0,F,F,"1924NY1.EVN.regular.event.csv",338
"NY1192404210","BSN",4,0,2,0,0,"",1,0,"stenc101","?","stenc101","?","bentj101","?","bentj101","?","gowdh101","kellg101","frisf101","grohh101","jackt101","meusi101","soutb101","younr101","","","","43","F","F",9,6,2,"T","T",0,"F","F",1,"F","F",0,"F","F",4,"G","F","F","",0,0,"N",0,"N",0,"N",0,0,0,0,"43","","","","F","F","F","F","F","F","F","F","F","","","","F","F","F","F","F","","","","",0,3,0,0,4,0,0,0,0,25,"NY1","BSN","NY1",0,"F","T",1,0,0,14,2,"T","F",0,0,"T","T","padge101","oneim102","T","T",0,0,0,0,0,0,0,0,0,"","","",0,0,0,0,0,0,0,0,0,0,0,0,0,"frisf101","F","F","F","F",0,0,0,0,0,0,0,0,0,0,F,F,"1924NY1.EVN.regular.event.csv",339
"NY1192404210","BSN",4,1,0,0,0,"",1,0,"grohh101","?","grohh101","?","barnj102","?","barnj102","?","oneim102","mcins101","tierc101","padge101","bancd101","cunnb102","coonj101","stenc101","","","","9/F","T","F",5,2,2,"T","T",0,"F","F",1,"F","F",0,"F","F",9,"F","F","F","",0,0,"N",0,"N",0,"N",0,0,0,0,"9","","","","F","F","F","F","F","F","F","F","F","","","","F","F","F","F","F","","","","",0,9,0,0,0,0,0,0,0,26,"NY1","NY1","BSN",1,"T","F",0,1,0,10,0,"T","F",0,0,"T","T","frisf101","younr101","T","T",0,0,0,0,0,0,0,0,0,"","","",0,0,0,0,0,0,0,0,0,0,0,0,0,"stenc101","F","F","F","F",0,0,0,0,0,0,0,0,0,0,F,F,"1924NY1.EVN.regular.event.csv",340
"NY1192404210","BSN",4,1,1,0,0,"",1,0,"frisf101","?","frisf101","?","barnj102","?","barnj102","?","oneim102","mcins101","tierc101","padge101","bancd101","cunnb102","coonj101","stenc101","","","","4/P","F","F",4,3,2,"T","T",0,"F","F",1,"F","F",0,"F","F",4,"P","F","F","",0,0,"N",0,"N",0,"N",0,0,0,0,"4","","","","F","F","F","F","F","F","F","F","F","","","","F","F","F","F","F","","","","",0,4,0,0,0,0,0,0,0,27,"NY1","NY1","BSN",1,"F","F",0,1,0,11,1,"T","F",0,0,"T","T","younr101","meusi101","T","T",0,0,0,0,0,0,0,0,0,"","","",0,0,0,0,0,0,0,0,0,0,0,0,0,"tierc101","F","F","F","F",0,0,0,0,0,0,0,0,0,0,F,F,"1924NY1.EVN.regular.event.csv",341
"NY1192404210","BSN",4,1,2,0,0,"",1,0,"younr101","?","younr101","?","barnj102","?","barnj102","?","oneim102","mcins101","tierc101","padge101","bancd101","cunnb102","coonj101","stenc101","","","","W","F","F",9,4,14,"T","F",0,"F","F",0,"F","F",0,"F","F",0,"","F","F","",0,0,"N",0,"N",0,"N",1,0,0,0,"","","","","F","F","F","F","F","F","F","F","F","","","","F","F","F","F","F","","","","",0,0,0,0,0,0,0,0,0,28,"NY1","NY1","BSN",1,"F","F",0,1,0,12,2,"T","F",0,1,"T","T","meusi101","kellg101","T","T",0,0,0,0,0,0,0,0,0,"","","",0,0,0,0,0,0,0,0,0,0,0,0,0,"","F","F","F","F",0,0,0,0,0,0,0,0,0,0,F,F,"1924NY1.EVN.regular.event.csv",342
"NY1192404210","BSN",4,1,2,0,0,"",1,0,"meusi101","?","meusi101","?","barnj102","?","barnj102","?","oneim102","mcins101","tierc101","padge101","bancd101","cunnb102","coonj101","stenc101","younr101","","","7/F7D","F","F",7,5,2,"T","T",0,"F","F",1,"F","F",0,"F","F",7,"F","F","F","7D",0,0,"N",0,"N",0,"N",0,1,0,0,"7","","","","F","F","F","F","F","F","F","F","F","barnj102","","","F","F","F","F","F","","","","",0,7,0,0,0,0,0,0,0,29,"NY1","NY1","BSN",1,"F","T",0,1,0,13,3,"T","F",1,1,"T","T","kellg101","jackt101","T","T",9,4,28,0,0,0,0,0,0,"oneim102","","",0,0,0,0,0,0,0,0,0,0,0,0,0,"cunnb102","F","F","F","F",0,0,0,0,0,0,0,0,0,0,F,F,"1924NY1.EVN.regular.event.csv",343
"NY1192404210","BSN",5,0,0,0,0,"",1,0,"padge101","?","padge101","?","bentj101","?","bentj101","?","gowdh101","kellg101","frisf101","grohh101","jackt101","meusi101","soutb101","younr101","","","","13","T","F",5,7,2,"T","T",0,"F","F",1,"F","F",0,"F","F",1,"G","F","F","",0,0,"N",0,"N",0,"N",0,0,0,0,"13","","","","F","F","F","F","F","F","F","F","F","","","","F","F","F","F","F","","","","",0,3,0,0,1,0,0,0,0,30,"NY1","BSN","NY1",0,"T","F",1,0,0,15,0,"T","F",0,0,"T","T","oneim102","barnj102","T","T",0,0,0,0,0,0,0,0,0,"","","",0,0,0,0,0,0,0,0,0,0,0,0,0,"bentj101","F","F","F","F",0,0,0,0,0,0,0,0,0,0,F,F,"1924NY1.EVN.regular.event.csv",344
"NY1192404210","BSN",5,0,1,0,0,"",1,0,"oneim102","?","oneim102","?","bentj101","?","bentj101","?","gowdh101","kellg101","frisf101","grohh101","jackt101","meusi101","soutb101","younr101","","","","D7/5L","F","F",2,8,21,"T","T",2,"F","F",0,"F","F",0,"F","F",7,"","F","F","5L",0,0,"N",0,"N",0,"N",2,0,0,0,"","","","","F","F","F","F","F","F","F","F","F","","","","F","F","F","F","F","","","","",0,0,0,0,0,0,0,0,0,31,"NY1","BSN","NY1",0,"F","F",1,0,0,16,1,"T","F",0,2,"T","T","barnj102","bancd101","T","T",0,0,0,0,0,0,0,0,0,"","","",0,0,0,0,0,0,0,0,0,0,0,0,0,"meusi101","F","F","F","F",0,0,0,0,0,0,0,0,0,0,F,F,"1924NY1.EVN.regular.event.csv",345
"NY1192404210","BSN",5,0,1,0,0,"",1,0,"barnj102","?","barnj102","?","bentj101","?","bentj101","?","gowdh101","kellg101","frisf101","grohh101","jackt101","meusi101","soutb101","younr101","","oneim102","","FC6.2X3(65)","F","F",1,9,19,"T","T",0,"F","F",1,"F","F",0,"F","F",6,"G","F","F","",0,0,"N",0,"N",0,"N",1,0,0,0,"","","65","","F","F","F","F","F","F","F","F","F","","bentj101","","F","F","F","F","F","","","","",0,5,0,0,6,0,0,0,0,32,"NY1","BSN","NY1",0,"F","F",1,0,0,17,2,"T","F",2,1,"T","T","bancd101","coonj101","T","T",0,0,0,2,8,31,0,0,0,"","gowdh101","",0,0,0,0,0,0,0,0,0,0,0,0,0,"jackt101","F","F","F","F",0,0,0,0,0,0,0,0,0,0,F,F,"1924NY1.EVN.regular.event.csv",346
"NY1192404210","BSN",5,0,2,0,0,"",1,0,"bancd101","?","bancd101","?","bentj101","?","bentj101","?","gowdh101","kellg101","frisf101","grohh101","jackt101","meusi101","soutb101","younr101","barnj102","","","8/F","F","F",6,1,2,"T","T",0,"F","F",1,"F","F",0,"F","F",8,"F","F","F","",0,0,"N",0,"N",0,"N",0,1,0,0,"8","","","","F","F","F","F","F","F","F","F","F","bentj101","","","F","F","F","F","F","","","","",0,8,0,0,0,0,0,0,0,33,"NY1","BSN","NY1",0,"F","T",1,0,0,18,3,"T","F",1,1,"T","T","coonj101","cunnb102","T","T",1,9,32,0,0,0,0,0,0,"gowdh101","","",0,0,0,0,0,0,0,0,0,0,0,0,0,"soutb101","F","F","F","F",0,0,0,0,0,0,0,0,0,0,F,F,"1924NY1.EVN.regular.event.csv",347
"NY1192404210","BSN",5,1,0,0,0,"",1,0,"kellg101","?","kellg101","?","barnj102","?","barnj102","?","oneim102","mcins101","tierc101","padge101","bancd101","cunnb102","coonj101","stenc101","","","","53","T","F",3,6,2,"T","T",0,"F","F",1,"F","F",0,"F","F",5,"G","F","F","",0,0,"N",0,"N",0,"N",0,0,0,0,"53","","","","F","F","F","F","F","F","F","F","F","","","","F","F","F","F","F","","","","",0,3,0,0,5,0,0,0,0,34,"NY1","NY1","BSN",1,"T","F",0,1,0,14,0,"T","F",0,0,"T","T","jackt101","gowdh101","T","T",0,0,0,0,0,0,0,0,0,"","","",0,0,0,0,0,0,0,0,0,0,0,0,0,"padge101","F","F","F","F",0,0,0,0,0,0,0,0,0,0,F,F,"1924NY1.EVN.regular.event.csv",348
"NY1192404210","BSN",5,1,1,0,0,"",1,0,"jackt101","?","jackt101","?","barnj102","?","barnj102","?","oneim102","mcins101","tierc101","padge101","bancd101","cunnb102","coonj101","stenc101","","","","S5/G5S","F","F",6,7,20,"T","T",1,"F","F",0,"F","F",0,"F","F",5,"G","F","F","5S",0,0,"N",0,"N",0,"N",1,0,0,0,"","","","","F","F","F","F","F","F","F","F","F","","","","F","F","F","F","F","","","","",0,0,0,0,0,0,0,0,0,35,"NY1","NY1","BSN",1,"F","F",0,1,0,15,1,"T","F",0,1,"T","T","gowdh101","bentj101","T","T",0,0,0,0,0,0,0,0,0,"","","",0,0,0,0,0,0,0,0,0,0,0,0,0,"padge101","F","F","F","F",0,0,0,0,0,0,0,0,0,0,F,F,"1924NY1.EVN.regular.event.csv",349
"NY1192404210","BSN",5,1,1,0,0,"",1,0,"gowdh101","?","gowdh101","?","barnj102","?","barnj102","?","oneim102","mcins101","tierc101","padge101","bancd101","cunnb102","coonj101","stenc101","jackt101","","","46(1)3/GDP","F","F",2,8,2,"T","T",0,"F","F",2,"T","F",0,"F","F",4,"G","F","F","",0,0,"N",0,"N",0,"N",0,0,0,0,"63","46","","","F","F","F","F","F","F","F","F","F","barnj102","","","F","F","F","F","F","","","","",0,6,3,0,4,6,0,0,0,36,"NY1","NY1","BSN",1,"F","T",0,1,0,16,2,"T","F",1,0,"T","T","bentj101","soutb101","T","T",6,7,35,0,0,0,0,0,0,"oneim102","","",0,0,0,0,0,0,0,0,0,0,0,0,0,"tierc101","T","F","F","F",0,0,0,0,0,0,0,0,0,0,F,F,"1924NY1.EVN.regular.event.csv",350
"NY1192404210","BSN",6,0,0,0,0,"",1,0,"coonj101","?","coonj101","?","bentj101","?","bentj101","?","gowdh101","kellg101","frisf101","grohh101","jackt101","meusi101","soutb101","younr101","","","","S6/G56","T","F",8,2,20,"T","T",1,"F","F",0,"F","F",0,"F","F",6,"G","F","F","56",0,0,"N",0,"N",0,"N",1,0,0,0,"","","","","F","F","F","F","F","F","F","F","F","","","","F","F","F","F","F","","","","",0,0,0,0,0,0,0,0,0,37,"NY1","BSN","NY1",0,"T","F",1,0,0,19,0,"T","F",0,1,"T","T","cunnb102","tierc101","T","T",0,0,0,0,0,0,0,0,0,"","","",0,0,0,0,0,0,0,0,0,0,0,0,0,"jackt101","F","F","F","F",0,0,0,0,0,0,0,0,0,0,F,F,"1924NY1.EVN.regular.event.csv",351
"NY1192404210","BSN",6,0,0,0,0,"",1,0,"cunnb102","?","cunnb102","?","bentj101","?","bentj101","?","gowdh101","kellg101","frisf101","grohh101","jackt101","meusi101","soutb101","younr101","coonj101","","","S.1-2","F","F",7,3,20,"T","T",1,"F","F",0,"F","F",0,"F","F",0,"","F","F","",0,0,"N",0,"N",0,"N",1,2,0,0,"","","","","F","F","F","F","F","F","F","F","F","bentj101","","","F","F","F","F","F","","","","",0,0,0,0,0,0,0,0,0,38,"NY1","BSN","NY1",0,"F","F",1,0,0,20,1,"T","F",1,3,"T","T","tierc101","mcins101","T","T",8,2,37,0,0,0,0,0,0,"gowdh101","","",0,0,0,0,0,0,0,0,0,0,0,0,0,"","F","F","F","F",0,0,0,0,0,0,0,0,0,0,F,F,"1924NY1.EVN.regular.event.csv",352
"NY1192404210","BSN",6,0,0,0,0,"",1,0,"tierc101","?","tierc101","?","bentj101","?","bentj101","?","gowdh101","kellg101","frisf101","grohh101","jackt101","meusi101","soutb101","younr101","cunnb102","coonj101","","K","F","F",4,4,3,"T","T",0,"F","F",1,"F","F",0,"F","F",0,"","F","F","",0,0,"N",0,"N",0,"N",0,1,2,0,"2","","","","F","F","F","F","F","F","F","F","F","bentj101","bentj101","","F","F","F","F","F","","","","",0,2,0,0,0,0,0,0,0,39,"NY1","BSN","NY1",0,"F","F",1,0,0,21,2,"T","F",3,3,"T","T","mcins101","stenc101","T","T",7,3,38,8,2,37,0,0,0,"gowdh101","gowdh101","",0,0,0,0,0,0,0,0,0,0,0,0,0,"","F","F","F","F",0,0,0,0,0,0,0,0,0,0,F,F,"1924NY1.EVN.regular.event.csv",353
"NY1192404210","BSN",6,0,1,0,0,"",1,0,"mcins101","?","mcins101","?","bentj101","?","bentj101","?","gowdh101","kellg101","frisf101","grohh101","jackt101","meusi101","soutb101","younr101","cunnb102","coonj101","","54(1)3/GDP","F","F",3,5,2,"T","T",0,"F","F",2,"T","F",0,"F","F",5,"G","F","F","",0,0,"N",0,"N",0,"N",0,0,2,0,"43","54","","","F","F","F","F","F","F","F","F","F","bentj101","bentj101","","F","F","F","F","F","","","","",0,4,3,0,5,4,0,0,0,40,"NY1","BSN","NY1",0,"F","T",1,0,0,22,3,"T","F",3,2,"T","T","stenc101","padge101","T","T",7,3,38,8,2,37,0,0,0,"gowdh101","gowdh101","",0,0,0,0,0,0,0,0,0,0,0,0,0,"grohh101","T","F","F","F",0,0,0,0,0,0,0,0,0,0,F,F,"1924NY1.EVN.regular.event.csv",354
"NY1192404210","BSN",6,1,0,0,0,"",1,0,"bentj101","?","bentj101","?","barnj102","?","barnj102","?","oneim102","mcins101","tierc101","padge101","bancd101","cunnb102","coonj101","stenc101","","","","13","T","F",1,9,2,"T","T",0,"F","F",1,"F","F",0,"F","F",1,"G","F","F","",0,0,"N",0,"N",0,"N",0,0,0,0,"13","","","","F","F","F","F","F","F","F","F","F","","","","F","F","F","F","F","","","","",0,3,0,0,1,0,0,0,0,41,"NY1","NY1","BSN",1,"T","F",0,1,0,17,0,"T","F",0,0,"T","T","soutb101","grohh101","T","T",0,0,0,0,0,0,0,0,0,"","","",0,0,0,0,0,0,0,0,0,0,0,0,0,"barnj102","F","F","F","F",0,0,0,0,0,0,0,0,0,0,F,F,"1924NY1.EVN.regular.event.csv",355
"NY1192404210","BSN",6,1,1,0,0,"",1,0,"soutb101","?","soutb101","?","barnj102","?","barnj102","?","oneim102","mcins101","tierc101","padge101","bancd101","cunnb102","coonj101","stenc101","","","","W","F","F",8,1,14,"T","F",0,"F","F",0,"F","F",0,"F","F",0,"","F","F","",0,0,"N",0,"N",0,"N",1,0,0,0,"","","","","F","F","F","F","F","F","F","F","F","","","","F","F","F","F","F","","","","",0,0,0,0,0,0,0,0,0,42,"NY1","NY1","BSN",1,"F","F",0,1,0,18,1,"T","F",0,1,"T","T","grohh101","frisf101","T","T",0,0,0,0,0,0,0,0,0,"","","",0,0,0,0,0,0,0,0,0,0,0,0,0,"","F","F","F","F",0,0,0,0,0,0,0,0,0,0,F,F,"1924NY1.EVN.regular.event.csv",356
"NY1192404210","BSN",6,1,1,0,0,"",1,0,"grohh101","?","grohh101","?","barnj102","?","barnj102","?","oneim102","mcins101","tierc101","padge101","bancd101","cunnb102","coonj101","stenc101","soutb101","","","463.1-2","F","F",5,2,2,"T","T",0,"F","F",1,"F","F",0,"F","F",4,"G","F","F","",0,0,"N",0,"N",0,"N",0,2,0,0,"463","","","","F","F","F","F","F","F","F","F","F","barnj102","","","F","F","F","F","F","","","","",0,3,0,0,4,6,0,0,0,43,"NY1","NY1","BSN",1,"F","F",0,1,0,19,2,"T","F",1,2,"T","T","frisf101","younr101","T","T",8,1,42,0,0,0,0,0,0,"oneim102","","",0,0,0,0,0,0,0,0,0,0,0,0,0,"tierc101","F","F","F","F",0,0,0,0,0,0,0,0,0,0,F,F,"1924NY1.EVN.regular.event.csv",357
"NY1192404210","BSN",6,1,2,0,0,"",1,0,"frisf101","?","frisf101","?","barnj102","?","barnj102","?","oneim102","mcins101","tierc101","padge101","bancd101","cunnb102","coonj101","stenc101","","soutb101","","13","F","F",4,3,2,"T","T",0,"F","F",1,"F","F",0,"F","F",1,"G","F","F","",0,0,"N",0,"N",0,"N",0,0,2,0,"13","","","","F","F","F","F","F","F","F","F","F","","barnj102","","F","F","F","F","F","","","","",0,3,0,0,1,0,0,0,0,44,"NY1","NY1","BSN",1,"F","T",0,1,0,20,3,"T","F",2,2,"T","T","younr101","meusi101","T","T",0,0,0,8,1,42,0,0,0,"","oneim102","",0,0,0,0,0,0,0,0,0,0,0,0,0,"barnj102","F","F","F","F",0,0,0,0,0,0,0,0,0,0,F,F,"1924NY1.EVN.regular.event.csv",358
"NY1192404210","BSN",7,0,0,0,0,"",1,0,"stenc101","?","stenc101","?","bentj101","?","bentj101","?","gowdh101","kellg101","frisf101","grohh101","jackt101","meusi101","soutb101","younr101","","","","E3/G.BX2(23)","T","F",9,6,18,"T","T",0,"F","F",1,"F","F",0,"F","F",3,"G","F","F","",1,3,"F",0,"N",0,"N",0,0,0,0,"23","","","","F","F","F","F","F","F","F","F","F","","","","F","F","F","F","F","","","","",0,3,0,0,2,0,0,0,0,45,"NY1","BSN","NY1",0,"T","F",1,0,0,23,0,"T","F",0,0,"T","T","padge101","oneim102","T","T",0,0,0,0,0,0,0,0,0,"","","",0,0,0,0,0,0,0,0,0,0,0,0,0,"kellg101","F","F","F","T",0,0,0,0,0,0,0,0,0,0,F,F,"1924NY1.EVN.regular.event.csv",359
"NY1192404210","BSN",7,0,1,0,0,"",1,0,"padge101","?","padge101","?","bentj101","?","bentj101","?","gowdh101","kellg101","frisf101","grohh101","jackt101","meusi101","soutb101","younr101","","","","K","F","F",5,7,3,"T","T",0,"F","F",1,"F","F",0,"F","F",0,"","F","F","",0,0,"N",0,"N",0,"N",0,0,0,0,"2","","","","F","F","F","F","F","F","F","F","F","","","","F","F","F","F","F","","","","",0,2,0,0,0,0,0,0,0,46,"NY1","BSN","NY1",0,"F","F",1,0,0,24,1,"T","F",0,0,"T","T","oneim102","barnj102","T","T",0,0,0,0,0,0,0,0,0,"","","",0,0,0,0,0,0,0,0,0,0,0,0,0,"","F","F","F","F",0,0,0,0,0,0,0,0,0,0,F,F,"1924NY1.EVN.regular.event.csv",360
"NY1192404210","BSN",7,0,2,0,0,"",1,0,"oneim102","?","oneim102","?","bentj101","?","bentj101","?","gowdh101","kellg101","frisf101","grohh101","jackt101","meusi101","soutb101","younr101","","","","63","F","F",2,8,2,"T","T",0,"F","F",1,"F","F",0,"F","F",6,"G","F","F","",0,0,"N",0,"N",0,"N",0,0,0,0,"63","","","","F","F","F","F","F","F","F","F","F","","","","F","F","F","F","F","","","","",0,3,0,0,6,0,0,0,0,47,"NY1","BSN","NY1",0,"F","T",1,0,0,25,2,"T","F",0,0,"T","T","barnj102","bancd101","T","T",0,0,0,0,0,0,0,0,0,"","","",0,0,0,0,0,0,0,0,0,0,0,0,0,"jackt101","F","F","F","F",0,0,0,0,0,0,0,0,0,0,F,F,"1924NY1.EVN.regular.event.csv",361
"NY1192404210","BSN",7,1,0,0,0,"",1,0,"younr101","?","younr101","?","barnj102","?","barnj102","?","oneim102","mcins101","tierc101","padge101","bancd101","cunnb102","coonj101","stenc101","","","","9/F","T","F",9,4,2,"T","T",0,"F","F",1,"F","F",0,"F","F",9,"F","F","F","",0,0,"N",0,"N",0,"N",0,0,0,0,"9","","","","F","F","F","F","F","F","F","F","F","","","","F","F","F","F","F","","","","",0,9,0,0,0,0,0,0,0,48,"NY1","NY1","BSN",1,"T","F",0,1,0,21,0,"T","F",0,0,"T","T","meusi101","kellg101","T","T",0,0,0,0,0,0,0,0,0,"","","",0,0,0,0,0,0,0,0,0,0,0,0,0,"stenc101","F","F","F","F",0,0,0,0,0,0,0,0,0,0,F,F,"1924NY1.EVN.regular.event.csv",362
"NY1192404210","BSN",7,1,1,0,0,"",1,0,"meusi101","?","meusi101","?","barnj102","?","barnj102","?","oneim102","mcins101","tierc101","padge101","bancd101","cunnb102","coonj101","stenc101","","","","63","F","F",7,5,2,"T","T",0,"F","F",1,"F","F",0,"F","F",6,"G","F","F","",0,0,"N",0,"N",0,"N",0,0,0,0,"63","","","","F","F","F","F","F","F","F","F","F","","","","F","F","F","F","F","","","","",0,3,0,0,6,0,0,0,0,49,"NY1","NY1","BSN",1,"F","F",0,1,0,22,1,"T","F",0,0,"T","T","kellg101","jackt101","T","T",0,0,0,0,0,0,0,0,0,"","","",0,0,0,0,0,0,0,0,0,0,0,0,0,"bancd101","F","F","F","F",0,0,0,0,0,0,0,0,0,0,F,F,"1924NY1.EVN.regular.event.csv",363
"NY1192404210","BSN",7,1,2,0,0,"",1,0,"kellg101","?","kellg101","?","barnj102","?","barnj102","?","oneim102","mcins101","tierc101","padge101","bancd101","cunnb102","coonj101","stenc101","","","","K","F","F",3,6,3,"T","T",0,"F","F",1,"F","F",0,"F","F",0,"","F","F","",0,0,"N",0,"N",0,"N",0,0,0,0,"2","","","","F","F","F","F","F","F","F","F","F","","","","F","F","F","F","F","","","","",0,2,0,0,0,0,0,0,0,50,"NY1","NY1","BSN",1,"F","T",0,1,0,23,2,"T","F",0,0,"T","T","jackt101","gowdh101","T","T",0,0,0,0,0,0,0,0,0,"","","",0,0,0,0,0,0,0,0,0,0,0,0,0,"","F","F","F","F",0,0,0,0,0,0,0,0,0,0,F,F,"1924NY1.EVN.regular.event.csv",364
"NY1192404210","BSN",8,0,0,0,0,"",1,0,"barnj102","?","barnj102","?","bentj101","?","bentj101","?","gowdh101","kellg101","frisf101","grohh101","jackt101","meusi101","soutb101","younr101","","","","K","T","F",1,9,3,"T","T",0,"F","F",1,"F","F",0,"F","F",0,"","F","F","",0,0,"N",0,"N",0,"N",0,0,0,0,"2","","","","F","F","F","F","F","F","F","F","F","","","","F","F","F","F","F","","","","",0,2,0,0,0,0,0,0,0,51,"NY1","BSN","NY1",0,"T","F",1,0,0,26,0,"T","F",0,0,"T","T","bancd101","coonj101","T","T",0,0,0,0,0,0,0,0,0,"","","",0,0,0,0,0,0,0,0,0,0,0,0,0,"","F","F","F","F",0,0,0,0,0,0,0,0,0,0,F,F,"1924NY1.EVN.regular.event.csv",365
"NY1192404210","BSN",8,0,1,0,0,"",1,0,"bancd101","?","bancd101","?","bentj101","?","bentj101","?","gowdh101","kellg101","frisf101","grohh101","jackt101","meusi101","soutb101","younr101","","","","W","F","F",6,1,14,"T","F",0,"F","F",0,"F","F",0,"F","F",0,"","F","F","",0,0,"N",0,"N",0,"N",1,0,0,0,"","","","","F","F","F","F","F","F","F","F","F","","","","F","F","F","F","F","","","","",0,0,0,0,0,0,0,0,0,52,"NY1","BSN","NY1",0,"F","F",1,0,0,27,1,"T","F",0,1,"T","T","coonj101","cunnb102","T","T",0,0,0,0,0,0,0,0,0,"","","",0,0,0,0,0,0,0,0,0,0,0,0,0,"","F","F","F","F",0,0,0,0,0,0,0,0,0,0,F,F,"1924NY1.EVN.regular.event.csv",366
"NY1192404210","BSN",8,0,1,0,0,"",1,0,"coonj101","?","coonj101","?","bentj101","?","bentj101","?","gowdh101","kellg101","frisf101","grohh101","jackt101","meusi101","soutb101","younr101","bancd101","","","9(B)3(1)/LDP/89","F","F",8,2,2,"T","T",0,"F","F",2,"T","F",0,"F","F",9,"L","F","F","89",0,0,"N",0,"N",0,"N",0,0,0,0,"9","93","","","F","F","F","F","F","F","F","F","F","bentj101","","","F","F","F","F","F","","","","",0,9,3,0,9,0,0,0,0,53,"NY1","BSN","NY1",0,"F","T",1,0,0,28,2,"T","F",1,0,"T","T","cunnb102","tierc101","T","T",6,1,52,0,0,0,0,0,0,"gowdh101","","",0,0,0,0,0,0,0,0,0,0,0,0,0,"younr101","F","F","F","F",0,0,0,0,0,0,0,0,0,0,F,F,"1924NY1.EVN.regular.event.csv",367
"NY1192404210","BSN",8,1,0,2,0,"BBX",1,0,"jackt101","?","jackt101","?","barnj102","?","barnj102","?","oneim102","mcins101","tierc101","padge101","bancd101","cunnb102","coonj101","stenc101","","","","HR/78D/IPHR","T","F",6,7,23,"T","T",4,"F","F",0,"F","F",1,"F","F",0,"","F","F","78D",0,0,"N",0,"N",0,"N",4,0,0,0,"","","","","F","F","F","F","F","F","F","F","F","","","","F","F","F","F","F","","","","",0,0,0,0,0,0,0,0,0,54,"NY1","NY1","BSN",1,"T","F",0,1,0,24,0,"T","F",0,0,"T","T","gowdh101","bentj101","T","T",0,0,0,0,0,0,0,0,0,"","","",2,2,0,0,0,0,1,0,0,0,1,0,1,"","F","F","F","F",4,0,0,0,0,0,0,0,0,0,F,F,"1924NY1.EVN.regular.event.csv",368
"NY1192404210","BSN",8,1,0,0,0,"",1,1,"terrb101","?","terrb101","?","barnj102","?","barnj102","?","oneim102","mcins101","tierc101","padge101","bancd101","cunnb102","coonj101","stenc101","","","","7/F","F","T",11,8,2,"T","T",0,"F","F",1,"F","F",0,"F","F",7,"F","F","F","",0,0,"N",0,"N",0,"N",0,0,0,0,"7","","","","F","F","F","F","F","F","F","F","F","","","","F","F","F","F","F","","","","gowdh101",2,7,0,0,0,0,0,0,0,55,"NY1","NY1","BSN",1,"F","F",1,1,1,25,1,"T","F",0,0,"F","F","bentj101","soutb101","T","T",0,0,0,0,0,0,0,0,0,"","","",0,0,0,0,0,0,0,0,0,0,0,0,0,"cunnb102","F","F","F","F",0,0,0,0,0,0,0,0,0,0,F,F,"1924NY1.EVN.regular.event.csv",369
"NY1192404210","BSN",8,1,1,0,0,"",1,1,"bentj101","?","bentj101","?","barnj102","?","barnj102","?","oneim102","mcins101","tierc101","padge101","bancd101","cunnb102","coonj101","stenc101","","","","3/FL","F","F",1,9,2,"T","T",0,"F","F",1,"F","F",0,"F","F",3,"F","F","T","",0,0,"N",0,"N",0,"N",0,0,0,0,"3","","","","F","F","F","F","F","F","F","F","F","","","","F","F","F","F","F","","","","",0,3,0,0,0,0,0,0,0,56,"NY1","NY1","BSN",1,"F","F",1,1,1,26,2,"T","F",0,0,"T","T","soutb101","grohh101","T","T",0,0,0,0,0,0,0,0,0,"","","",0,0,0,0,0,0,0,0,0,0,0,0,0,"mcins101","F","F","F","F",0,0,0,0,0,0,0,0,0,0,F,F,"1924NY1.EVN.regular.event.csv",370
"NY1192404210","BSN",8,1,2,0,0,"",1,1,"soutb101","?","soutb101","?","barnj102","?","barnj102","?","oneim102","mcins101","tierc101","padge101","bancd101","cunnb102","coonj101","stenc101","","","","63","F","F",8,1,2,"T","T",0,"F","F",1,"F","F",0,"F","F",6,"G","F","F","",0,0,"N",0,"N",0,"N",0,0,0,0,"63","","","","F","F","F","F","F","F","F","F","F","","","","F","F","F","F","F","","","","",0,3,0,0,6,0,0,0,0,57,"NY1","NY1","BSN",1,"F","T",1,1,1,27,3,"T","F",0,0,"T","T","grohh101","frisf101","T","T",0,0,0,0,0,0,0,0,0,"","","",0,0,0,0,0,0,0,0,0,0,0,0,0,"bancd101","F","F","F","F",0,0,0,0,0,0,0,0,0,0,F,F,"1924NY1.EVN.regular.event.csv",371
"NY1192404210","BSN",9,0,0,0,0,"",1,1,"cunnb102","?","cunnb102","?","bentj101","?","bentj101","?","ainse101","kellg101","frisf101","grohh101","jackt101","meusi101","soutb101","younr101","","","","S","T","F",7,3,20,"T","T",1,"F","F",0,"F","F",0,"F","F",0,"","F","F","",0,0,"N",0,"N",0,"N",1,0,0,0,"","","","","F","F","F","F","F","F","F","F","F","","","","F","F","F","F","F","","","","",0,0,0,0,0,0,0,0,0,58,"NY1","BSN","NY1",0,"T","F",1,1,0,29,0,"T","F",0,1,"T","T","tierc101","mcins101","T","T",0,0,0,0,0,0,0,0,0,"","","",0,0,0,0,0,0,0,0,0,0,0,0,0,"","F","F","F","F",0,0,0,0,0,0,0,0,0,0,F,F,"1924NY1.EVN.regular.event.csv",372
"NY1192404210","BSN",9,0,0,0,0,"",1,1,"tierc101","?","tierc101","?","bentj101","?","bentj101","?","ainse101","kellg101","frisf101","grohh101","jackt101","meusi101","soutb101","younr101","cunnb102","","","7/F","F","F",4,4,2,"T","T",0,"F","F",1,"F","F",0,"F","F",7,"F","F","F","",0,0,"N",0,"N",0,"N",0,1,0,0,"7","","","","F","F","F","F","F","F","F","F","F","bentj101","","","F","F","F","F","F","","","","",0,7,0,0,0,0,0,0,0,59,"NY1","BSN","NY1",0,"F","F",1,1,0,30,1,"T","F",1,1,"T","T","mcins101","stenc101","T","T",7,3,58,0,0,0,0,0,0,"ainse101","","",0,0,0,0,0,0,0,0,0,0,0,0,0,"meusi101","F","F","F","F",0,0,0,0,0,0,0,0,0,0,F,F,"1924NY1.EVN.regular.event.csv",373
"NY1192404210","BSN",9,0,1,0,0,"",1,1,"mcins101","?","mcins101","?","bentj101","?","bentj101","?","ainse101","kellg101","frisf101","grohh101","jackt101","meusi101","soutb101","younr101","cunnb102","","","46(1)3/GDP","F","F",3,5,2,"T","T",0,"F","F",2,"T","F",0,"F","F",4,"G","F","F","",0,0,"N",0,"N",0,"N",0,0,0,0,"63","46","","","F","F","F","F","F","F","F","F","F","bentj101","","","F","F","F","F","F","","","","",0,6,3,0,4,6,0,0,0,60,"NY1","BSN","NY1",0,"F","T",1,1,0,31,2,"T","F",1,0,"T","T","stenc101","padge101","T","T",7,3,58,0,0,0,0,0,0,"ainse101","","",0,0,0,0,0,0,0,0,0,0,0,0,0,"frisf101","T","F","F","F",0,0,0,0,0,0,0,0,0,0,F,F,"1924NY1.EVN.regular.event.csv",374
"NY1192404210","BSN",9,1,0,0,0,"",1,1,"grohh101","?","grohh101","?","barnj102","?","barnj102","?","oneim102","mcins101","tierc101","padge101","bancd101","cunnb102","coonj101","stenc101","","","","S5/G","T","F",5,2,20,"T","T",1,"F","F",0,"F","F",0,"F","F",5,"G","F","F","",0,0,"N",0,"N",0,"N",1,0,0,0,"","","","","F","F","F","F","F","F","F","F","F","","","","F","F","F","F","F","","","","",0,0,0,0,0,0,0,0,0,61,"NY1","NY1","BSN",1,"T","F",1,1,0,28,0,"T","F",0,1,"T","T","frisf101","younr101","T","T",0,0,0,0,0,0,0,0,0,"","","",0,0,0,0,0,0,0,0,0,0,0,0,0,"padge101","F","F","F","F",4,0,0,0,1,0,0,0,0,0,F,F,"1924NY1.EVN.regular.event.csv",375
"NY1192404210","BSN",9,1,0,0,0,"",1,1,"frisf101","?","frisf101","?","barnj102","?","barnj102","?","oneim102","mcins101","tierc101","padge101","bancd101","cunnb102","coonj101","stenc101","grohh101","","","T9/89D.1-H","F","F",4,3,22,"T","T",3,"F","F",0,"F","F",1,"F","F",9,"","F","F","89D",0,0,"N",0,"N",0,"N",3,4,0,0,"","","","","F","F","F","F","F","F","F","F","F","barnj102","","","F","T","F","F","F","","","","",0,0,0,0,0,0,0,0,0,62,"NY1","NY1","BSN",1,"F","T",1,1,0,29,1,"T","F",1,4,"T","T","younr101","meusi101","T","T",5,2,61,0,0,0,0,0,0,"oneim102","","",0,0,0,0,0,0,0,0,0,0,0,0,1,"stenc101","F","F","F","F",3,4,0,0,0,0,0,0,0,0,F,F,"1924NY1.EVN.regular.event.csv",376
"NY1192404280","PHI",1,0,0,0,0,"",0,0,"sandh101","?","sandh101","?","barnv101","?","barnv101","?","snydf101","kellg101","frisf101","grohh101","jackt101","meusi101","soutb101","younr101","","","","W","T","F",6,1,14,"T","F",0,"F","F",0,"F","F",0,"F","F",0,"","F","F","",0,0,"N",0,"N",0,"N",1,0,0,0,"","","","","F","F","F","F","F","F","F","F","F","","","","T","F","F","F","F","","","","",0,0,0,0,0,0,0,0,0,1,"NY1","PHI","NY1",0,"T","F",0,0,0,0,0,"T","F",0,1,"T","T","mokaj101","henrf101","T","T",0,0,0,0,0,0,0,0,0,"","","",0,0,0,0,0,0,0,0,0,0,0,0,0,"","F","F","F","F",4,0,0,0,1,0,0,0,0,0,F,F,"1924NY1.EVN.regular.event.csv",377
"NY1192404280","PHI",1,0,0,0,0,"",0,0,"mokaj101","?","mokaj101","?","barnv101","?","barnv101","?","snydf101","kellg101","frisf101","grohh101","jackt101","meusi101","soutb101","younr101","sandh101","","","K","F","F",7,2,3,"T","T",0,"F","F",1,"F","F",0,"F","F",0,"","F","F","",0,0,"N",0,"N",0,"N",0,1,0,0,"2","","","","F","F","F","F","F","F","F","F","F","barnv101","","","F","F","F","F","F","","","","",0,2,0,0,0,0,0,0,0,2,"NY1","PHI","NY1",0,"F","F",0,0,0,1,1,"T","F",1,1,"T","T","henrf101","walkc101","T","T",6,1,1,0,0,0,0,0,0,"snydf101","","",0,0,0,0,0,0,0,0,0,0,0,0,0,"","F","F","F","F",0,4,0,0,1,0,0,0,0,0,F,F,"1924NY1.EVN.regular.event.csv",378
"NY1192404280","PHI",1,0,1,0,0,"",0,0,"henrf101","?","henrf101","?","barnv101","?","barnv101","?","snydf101","kellg101","frisf101","grohh101","jackt101","meusi101","soutb101","younr101","sandh101","","","3/G.1-2","F","F",8,3,2,"T","T",0,"F","F",1,"F","F",0,"F","F",3,"G","F","F","",0,0,"N",0,"N",0,"N",0,2,0,0,"3","","","","F","F","F","F","F","F","F","F","F","barnv101","","","F","F","F","F","F","","","","",0,3,0,0,0,0,0,0,0,3,"NY1","PHI","NY1",0,"F","F",0,0,0,2,2,"T","F",1,2,"T","T","walkc101","wrigr102","T","T",6,1,1,0,0,0,0,0,0,"snydf101","","",0,0,0,0,0,0,0,0,0,0,0,0,0,"kellg101","F","F","F","F",0,4,0,0,1,0,0,0,0,0,F,F,"1924NY1.EVN.regular.event.csv",379
"NY1192404280","PHI",1,0,2,0,0,"",0,0,"walkc101","?","walkc101","?","barnv101","?","barnv101","?","snydf101","kellg101","frisf101","grohh101","jackt101","meusi101","soutb101","younr101","","sandh101","","D9.2-H","F","F",9,4,21,"T","T",2,"F","F",0,"F","F",1,"F","F",9,"","F","F","",0,0,"N",0,"N",0,"N",2,0,4,0,"","","","","F","F","F","F","F","F","F","F","F","","barnv101","","F","F","F","F","F","","","","",0,0,0,0,0,0,0,0,0,4,"NY1","PHI","NY1",0,"F","F",0,0,0,3,3,"T","F",2,2,"T","T","wrigr102","fordh101","T","T",0,0,0,6,1,1,0,0,0,"","snydf101","",0,0,0,0,0,0,0,0,0,0,0,0,1,"younr101","F","F","F","F",0,0,4,0,0,0,0,0,0,0,F,F,"1924NY1.EVN.regular.event.csv",380
"NY1192404280","PHI",1,0,2,0,0,"",1,0,"wrigr102","?","wrigr102","?","barnv101","?","barnv101","?","snydf101","kellg101","frisf101","grohh101","jackt101","meusi101","soutb101","younr101","","walkc101","","43","F","F",5,5,2,"T","T",0,"F","F",1,"F","F",0,"F","F",4,"G","F","F","",0,0,"N",0,"N",0,"N",0,0,2,0,"43","","","","F","F","F","F","F","F","F","F","F","","barnv101","","F","F","F","F","F","","","","",0,3,0,0,4,0,0,0,0,5,"NY1","PHI","NY1",0,"F","T",1,0,1,4,4,"T","F",2,2,"T","T","fordh101","holkw101","T","T",0,0,0,9,4,4,0,0,0,"","snydf101","",0,0,0,0,0,0,0,0,0,0,0,0,0,"frisf101","F","F","F","F",0,0,0,0,0,0,0,0,0,0,F,F,"1924NY1.EVN.regular.event.csv",381
"NY1192404280","PHI",1,1,0,0,0,"",1,0,"soutb101","?","soutb101","?","coucj101","?","coucj101","?","henlb101","holkw101","fordh101","wrigr102","sandh101","mokaj101","henrf101","walkc101","","","","7/F","T","F",8,1,2,"T","T",0,"F","F",1,"F","F",0,"F","F",7,"F","F","F","",0,0,"N",0,"N",0,"N",0,0,0,0,"7","","","","F","F","F","F","F","F","F","F","F","","","","F","F","F","F","F","","","","",0,7,0,0,0,0,0,0,0,6,"NY1","NY1","PHI",1,"T","F",0,1,0,0,0,"T","F",0,0,"T","T","grohh101","frisf101","T","T",0,0,0,0,0,0,0,0,0,"","","",0,0,0,0,0,0,0,0,0,0,0,0,0,"mokaj101","F","F","F","F",0,0,0,0,1,0,0,0,0,0,F,F,"1924NY1.EVN.regular.event.csv",382
"NY1192404280","PHI",1,1,1,0,0,"",1,0,"grohh101","?","grohh101","?","coucj101","?","coucj101","?","henlb101","holkw101","fordh101","wrigr102","sandh101","mokaj101","henrf101","walkc101","","","","7/F","F","F",5,2,2,"T","T",0,"F","F",1,"F","F",0,"F","F",7,"F","F","F","",0,0,"N",0,"N",0,"N",0,0,0,0,"7","","","","F","F","F","F","F","F","F","F","F","","","","F","F","F","F","F","","","","",0,7,0,0,0,0,0,0,0,7,"NY1","NY1","PHI",1,"F","F",0,1,0,1,1,"T","F",0,0,"T","T","frisf101","younr101","T","T",0,0,0,0,0,0,0,0,0,"","","",0,0,0,0,0,0,0,0,0,0,0,0,0,"mokaj101","F","F","F","F",0,0,0,0,1,0,0,0,0,0,F,F,"1924NY1.EVN.regular.event.csv",383
"NY1192404280","PHI",1,1,2,0,0,"",1,0,"frisf101","?","frisf101","?","coucj101","?","coucj101","?","henlb101","holkw101","fordh101","wrigr102","sandh101","mokaj101","henrf101","walkc101","","","","S8","F","F",4,3,20,"T","T",1,"F","F",0,"F","F",0,"F","F",8,"","F","F","",0,0,"N",0,"N",0,"N",1,0,0,0,"","","","","F","F","F","F","F","F","F","F","F","","","","F","F","F","F","F","","","","",0,0,0,0,0,0,0,0,0,8,"NY1","NY1","PHI",1,"F","F",0,1,0,2,2,"T","F",0,1,"T","T","younr101","meusi101","T","T",0,0,0,0,0,0,0,0,0,"","","",0,0,0,0,0,0,0,0,0,0,0,0,0,"henrf101","F","F","F","F",4,0,0,0,1,0,0,0,0,0,F,F,"1924NY1.EVN.regular.event.csv",384
"NY1192404280","PHI",1,1,2,0,0,"",1,0,"younr101","?","younr101","?","coucj101","?","coucj101","?","henlb101","holkw101","fordh101","wrigr102","sandh101","mokaj101","henrf101","walkc101","frisf101","","","WP.1-2","F","F",9,4,9,"F","F",0,"F","F",0,"F","F",0,"T","F",0,"","F","F","",0,0,"N",0,"N",0,"N",0,2,0,0,"","","","","F","F","F","F","F","F","F","F","F","coucj101","","","F","F","F","F","F","","","","",0,0,0,0,0,0,0,0,0,9,"NY1","NY1","PHI",1,"F","F",0,1,0,3,3,"T","F",1,2,"T","T","meusi101","kellg101","T","T",4,3,8,0,0,0,0,0,0,"henlb101","","",0,0,0,0,0,0,0,0,0,0,0,0,0,"","F","F","F","F",0,4,0,0,1,0,0,0,0,0,F,F,"1924NY1.EVN.regular.event.csv",385
"NY1192404280","PHI",1,1,2,0,0,"",1,0,"younr101","?","younr101","?","coucj101","?","coucj101","?","henlb101","holkw101","fordh101","wrigr102","sandh101","mokaj101","henrf101","walkc101","","frisf101","","S/G.2-3","F","F",9,4,20,"T","T",1,"F","F",0,"F","F",0,"F","F",0,"G","F","F","",0,0,"N",0,"N",0,"N",1,0,3,0,"","","","","F","F","F","F","F","F","F","F","F","","coucj101","","F","F","F","F","F","","","","",0,0,0,0,0,0,0,0,0,10,"NY1","NY1","PHI",1,"F","F",0,1,0,3,3,"F","F",2,5,"T","T","meusi101","kellg101","T","T",0,0,0,4,3,8,0,0,0,"","henlb101","",0,0,0,0,0,0,0,0,0,0,0,0,0,"","F","F","F","F",0,0,4,0,1,0,0,0,0,0,F,F,"1924NY1.EVN.regular.event.csv",386
"NY1192404280","PHI",1,1,2,0,0,"",1,0,"meusi101","?","meusi101","?","coucj101","?","coucj101","?","henlb101","holkw101","fordh101","wrigr102","sandh101","mokaj101","henrf101","walkc101","younr101","","frisf101","S9/9S.3-H;1-3#","F","F",7,5,20,"T","T",1,"F","F",0,"F","F",1,"F","F",9,"","F","F","9S",0,0,"N",0,"N",0,"N",1,3,0,4,"","","","","F","F","F","F","F","F","F","F","F","coucj101","","coucj101","F","F","F","F","F","","","","",0,0,0,0,0,0,0,0,0,11,"NY1","NY1","PHI",1,"F","F",0,1,0,4,4,"T","F",5,5,"T","T","kellg101","jackt101","T","T",9,4,10,0,0,0,4,3,8,"henlb101","","henlb101",0,0,0,0,0,0,0,0,0,0,0,0,1,"walkc101","F","F","F","F",0,0,0,4,0,0,0,0,0,0,F,T,"1924NY1.EVN.regular.event.csv",387
"NY1192404280","PHI",1,1,2,0,0,"",1,1,"kellg101","?","kellg101","?","coucj101","?","coucj101","?","henlb101","holkw101","fordh101","wrigr102","sandh101","mokaj101","henrf101","walkc101","meusi101","","younr101","SB2#","F","F",3,6,4,"F","F",0,"F","F",0,"F","F",0,"F","F",0,"","F","F","",0,0,"N",0,"N",0,"N",0,2,0,3,"","","","","T","F","F","F","F","F","F","F","F","coucj101","","coucj101","F","F","F","F","F","","","","",0,0,0,0,0,0,0,0,0,12,"NY1","NY1","PHI",1,"F","F",1,1,1,5,5,"T","F",5,6,"T","T","jackt101","snydf101","T","T",7,5,11,0,0,0,9,4,10,"henlb101","","henlb101",0,0,0,0,0,0,0,0,0,0,0,0,0,"","F","F","F","F",0,0,0,0,0,0,0,0,0,0,F,T,"1924NY1.EVN.regular.event.csv",388
"NY1192404280","PHI",1,1,2,0,0,"",1,1,"kellg101","?","kellg101","?","coucj101","?","coucj101","?","henlb101","holkw101","fordh101","wrigr102","sandh101","mokaj101","henrf101","walkc101","","meusi101","younr101","K","F","F",3,6,3,"T","T",0,"F","F",1,"F","F",0,"F","F",0,"","F","F","",0,0,"N",0,"N",0,"N",0,0,2,3,"2","","","","F","F","F","F","F","F","F","F","F","","coucj101","coucj101","F","F","F","F","F","","","","",0,2,0,0,0,0,0,0,0,13,"NY1","NY1","PHI",1,"F","T",1,1,1,5,5,"F","F",6,6,"T","T","jackt101","snydf101","T","T",0,0,0,7,5,11,9,4,10,"","henlb101","henlb101",0,0,0,0,0,0,0,0,0,0,0,0,0,"","F","F","F","F",0,0,0,0,0,0,0,0,0,0,F,F,"1924NY1.EVN.regular.event.csv",389
"NY1192404280","PHI",2,0,0,0,0,"",1,1,"fordh101","?","fordh101","?","barnv101","?","barnv101","?","snydf101","kellg101","frisf101","grohh101","jackt101","meusi101","soutb101","younr101","","","","S","T","F",4,6,20,"T","T",1,"F","F",0,"F","F",0,"F","F",0,"","F","F","",0,0,"N",0,"N",0,"N",1,0,0,0,"","","","","F","F","F","F","F","F","F","F","F","","","","F","F","F","F","F","","","","",0,0,0,0,0,0,0,0,0,14,"NY1","PHI","NY1",0,"T","F",1,1,0,5,0,"T","F",0,1,"T","T","holkw101","henlb101","T","T",0,0,0,0,0,0,0,0,0,"","","",0,0,0,0,0,0,0,0,0,0,0,0,0,"","F","F","F","F",0,0,0,0,0,0,0,0,0,0,F,F,"1924NY1.EVN.regular.event.csv",390
"NY1192404280","PHI",2,0,0,0,0,"",1,1,"holkw101","?","holkw101","?","barnv101","?","barnv101","?","snydf101","kellg101","frisf101","grohh101","jackt101","meusi101","soutb101","younr101","fordh101","","","13/SH.1-2","F","F",3,7,2,"T","F",0,"T","F",1,"F","F",0,"F","F",1,"G","T","F","",0,0,"N",0,"N",0,"N",0,2,0,0,"13","","","","F","F","F","F","F","F","F","F","F","barnv101","","","F","F","F","F","F","","","","",0,3,0,0,1,0,0,0,0,15,"NY1","PHI","NY1",0,"F","F",1,1,0,6,1,"T","F",1,2,"T","T","henlb101","coucj101","T","T",4,6,14,0,0,0,0,0,0,"snydf101","","",0,0,0,0,0,0,0,0,0,0,0,0,0,"barnv101","F","F","F","F",0,0,0,0,0,0,0,0,0,0,F,F,"1924NY1.EVN.regular.event.csv",391
"NY1192404280","PHI",2,0,1,0,0,"",1,1,"henlb101","?","henlb101","?","barnv101","?","barnv101","?","snydf101","kellg101","frisf101","grohh101","jackt101","meusi101","soutb101","younr101","","fordh101","","53","F","F",2,8,2,"T","T",0,"F","F",1,"F","F",0,"F","F",5,"G","F","F","",0,0,"N",0,"N",0,"N",0,0,2,0,"53","","","","F","F","F","F","F","F","F","F","F","","barnv101","","F","F","F","F","F","","","","",0,3,0,0,5,0,0,0,0,16,"NY1","PHI","NY1",0,"F","F",1,1,0,7,2,"T","F",2,2,"T","T","coucj101","sandh101","T","T",0,0,0,4,6,14,0,0,0,"","snydf101","",0,0,0,0,0,0,0,0,0,0,0,0,0,"grohh101","F","F","F","F",0,0,0,0,0,0,0,0,0,0,F,F,"1924NY1.EVN.regular.event.csv",392
"NY1192404280","PHI",2,0,2,0,0,"",1,1,"coucj101","?","coucj101","?","barnv101","?","barnv101","?","snydf101","kellg101","frisf101","grohh101","jackt101","meusi101","soutb101","younr101","","fordh101","","13","F","F",1,9,2,"T","T",0,"F","F",1,"F","F",0,"F","F",1,"G","F","F","",0,0,"N",0,"N",0,"N",0,0,2,0,"13","","","","F","F","F","F","F","F","F","F","F","","barnv101","","F","F","F","F","F","","","","",0,3,0,0,1,0,0,0,0,17,"NY1","PHI","NY1",0,"F","T",1,1,0,8,3,"T","F",2,2,"T","T","sandh101","mokaj101","T","T",0,0,0,4,6,14,0,0,0,"","snydf101","",0,0,0,0,0,0,0,0,0,0,0,0,0,"barnv101","F","F","F","F",0,0,0,0,0,0,0,0,0,0,F,F,"1924NY1.EVN.regular.event.csv",393
"NY1192404280","PHI",2,1,0,0,0,"",1,1,"jackt101","?","jackt101","?","coucj101","?","coucj101","?","henlb101","holkw101","fordh101","wrigr102","sandh101","mokaj101","henrf101","walkc101","","","","E6/G","T","F",6,7,18,"T","T",0,"F","F",0,"F","F",0,"F","F",6,"G","F","F","",1,6,"F",0,"N",0,"N",1,0,0,0,"","","","","F","F","F","F","F","F","F","F","F","","","","F","F","F","F","F","","","","",0,0,0,0,0,0,0,0,0,18,"NY1","NY1","PHI",1,"T","F",1,1,0,6,0,"T","F",0,1,"T","T","snydf101","barnv101","T","T",0,0,0,0,0,0,0,0,0,"","","",0,0,0,0,0,0,0,0,0,0,0,0,0,"sandh101","F","F","F","T",5,0,0,0,1,0,0,0,0,0,F,F,"1924NY1.EVN.regular.event.csv",394
"NY1192404280","PHI",2,1,0,0,0,"",1,1,"snydf101","?","snydf101","?","coucj101","?","coucj101","?","henlb101","holkw101","fordh101","wrigr102","sandh101","mokaj101","henrf101","walkc101","jackt101","","","BK.1-2","F","F",2,8,11,"F","F",0,"F","F",0,"F","F",0,"F","F",0,"","F","F","",0,0,"N",0,"N",0,"N",0,2,0,0,"","","","","F","F","F","F","F","F","F","F","F","coucj101","","","F","F","F","F","F","","","","",0,0,0,0,0,0,0,0,0,19,"NY1","NY1","PHI",1,"F","F",1,1,0,7,1,"T","F",1,2,"T","T","barnv101","soutb101","T","T",6,7,18,0,0,0,0,0,0,"henlb101","","",0,0,0,0,0,0,0,0,0,0,0,0,0,"","F","F","F","F",0,5,0,0,1,0,0,0,0,0,F,F,"1924NY1.EVN.regular.event.csv",395
"NY1192404280","PHI",2,1,0,0,0,"",1,1,"snydf101","?","snydf101","?","coucj101","?","coucj101","?","henlb101","holkw101","fordh101","wrigr102","sandh101","mokaj101","henrf101","walkc101","","jackt101","","S8.2-3","F","F",2,8,20,"T","T",1,"F","F",0,"F","F",0,"F","F",8,"","F","F","",0,0,"N",0,"N",0,"N",1,0,3,0,"","","","","F","F","F","F","F","F","F","F","F","","coucj101","","F","F","F","F","F","","","","",0,0,0,0,0,0,0,0,0,20,"NY1","NY1","PHI",1,"F","F",1,1,0,7,1,"F","F",2,5,"T","T","barnv101","soutb101","T","T",0,0,0,6,7,18,0,0,0,"","henlb101","",0,0,0,0,0,0,0,0,0,0,0,0,0,"henrf101","F","F","F","F",0,0,5,0,1,0,0,0,0,0,F,F,"1924NY1.EVN.regular.event.csv",396
"NY1192404280","PHI",2,1,0,0,0,"",1,1,"barnv101","?","barnv101","?","coucj101","?","coucj101","?","henlb101","holkw101","fordh101","wrigr102","sandh101","mokaj101","henrf101","walkc101","snydf101","","jackt101","W.1-2","F","F",1,9,14,"T","F",0,"F","F",0,"F","F",0,"F","F",0,"","F","F","",0,0,"N",0,"N",0,"N",1,2,0,3,"","","","","F","F","F","F","F","F","F","F","F","coucj101","","coucj101","F","F","F","F","F","","","","",0,0,0,0,0,0,0,0,0,21,"NY1","NY1","PHI",1,"F","F",1,1,0,8,2,"T","F",5,7,"T","T","soutb101","grohh101","T","T",2,8,20,0,0,0,6,7,18,"henlb101","","henlb101",0,0,0,0,0,0,0,0,0,0,0,0,0,"","F","F","F","F",0,0,0,5,1,0,0,0,0,0,F,F,"1924NY1.EVN.regular.event.csv",397
"NY1192404280","PHI",2,1,0,0,0,"",1,1,"soutb101","?","soutb101","?","coucj101","?","coucj101","?","henlb101","holkw101","fordh101","wrigr102","sandh101","mokaj101","henrf101","walkc101","barnv101","snydf101","jackt101","46(1)3/GDP.3-H(RBI)(UR);2-3","F","F",8,1,2,"T","T",0,"F","F",2,"T","F",1,"F","F",4,"G","F","F","",0,0,"N",0,"N",0,"N",0,0,3,5,"63","46","","","F","F","F","F","F","F","F","F","F","coucj101","coucj101","coucj101","F","F","F","F","F","","","","",0,6,3,0,4,6,0,0,0,22,"NY1","NY1","PHI",1,"F","F",1,1,0,9,3,"T","F",7,4,"T","T","grohh101","frisf101","T","T",1,9,21,2,8,20,6,7,18,"henlb101","henlb101","henlb101",0,0,0,0,0,0,0,0,0,0,0,0,1,"fordh101","T","F","F","F",0,0,0,5,0,0,0,0,0,0,F,F,"1924NY1.EVN.regular.event.csv",398
"NY1192404280","PHI",2,1,2,0,0,"",1,2,"grohh101","?","grohh101","?","coucj101","?","coucj101","?","henlb101","holkw101","fordh101","wrigr102","sandh101","mokaj101","henrf101","walkc101","","","snydf101","5/FL","F","F",5,2,2,"T","T",0,"F","F",1,"F","F",0,"F","F",5,"F","F","T","",0,0,"N",0,"N",0,"N",0,0,0,3,"5","","","","F","F","F","F","F","F","F","F","F","","","coucj101","F","F","F","F","F","","","","",0,5,0,0,0,0,0,0,0,23,"NY1","NY1","PHI",1,"F","T",2,1,1,10,4,"T","F",4,4,"T","T","frisf101","younr101","T","T",0,0,0,0,0,0,2,8,20,"","","henlb101",0,0,0,0,0,0,0,0,0,0,0,0,0,"wrigr102","F","F","F","F",0,0,0,0,0,0,0,0,0,0,F,F,"1924NY1.EVN.regular.event.csv",399
"NY1192404280","PHI",3,0,0,0,0,"",1,2,"sandh101","?","sandh101","?","barnv101","?","barnv101","?","snydf101","kellg101","frisf101","grohh101","jackt101","meusi101","soutb101","younr101","","","","9/F","T","F",6,1,2,"T","T",0,"F","F",1,"F","F",0,"F","F",9,"F","F","F","",0,0,"N",0,"N",0,"N",0,0,0,0,"9","","","","F","F","F","F","F","F","F","F","F","","","","F","F","F","F","F","","","","",0,9,0,0,0,0,0,0,0,24,"NY1","PHI","NY1",0,"T","F",1,2,0,9,0,"T","F",0,0,"T","T","mokaj101","henrf101","T","T",0,0,0,0,0,0,0,0,0,"","","",0,0,0,0,0,0,0,0,0,0,0,0,0,"younr101","F","F","F","F",0,0,0,0,0,0,0,0,0,0,F,F,"1924NY1.EVN.regular.event.csv",400
"NY1192404280","PHI",3,0,1,0,0,"",1,2,"mokaj101","?","mokaj101","?","barnv101","?","barnv101","?","snydf101","kellg101","frisf101","grohh101","jackt101","meusi101","soutb101","younr101","","","","S","F","F",7,2,20,"T","T",1,"F","F",0,"F","F",0,"F","F",0,"","F","F","",0,0,"N",0,"N",0,"N",1,0,0,0,"","","","","F","F","F","F","F","F","F","F","F","","","","F","F","F","F","F","","","","",0,0,0,0,0,0,0,0,0,25,"NY1","PHI","NY1",0,"F","F",1,2,0,10,1,"T","F",0,1,"T","T","henrf101","walkc101","T","T",0,0,0,0,0,0,0,0,0,"","","",0,0,0,0,0,0,0,0,0,0,0,0,0,"","F","F","F","F",0,0,0,0,0,0,0,0,0,0,F,F,"1924NY1.EVN.regular.event.csv",401
"NY1192404280","PHI",3,0,1,0,0,"",1,2,"henrf101","?","henrf101","?","barnv101","?","barnv101","?","snydf101","kellg101","frisf101","grohh101","jackt101","meusi101","soutb101","younr101","mokaj101","","","CS2(26)","F","F",8,3,6,"F","F",0,"F","F",1,"F","F",0,"F","F",0,"","F","F","",0,0,"N",0,"N",0,"N",0,0,0,0,"","26","","","F","F","F","T","F","F","F","F","F","barnv101","","","F","F","F","F","F","","","","",0,6,0,0,2,0,0,0,0,26,"NY1","PHI","NY1",0,"F","F",1,2,0,11,2,"T","F",1,0,"T","T","walkc101","wrigr102","T","T",7,2,25,0,0,0,0,0,0,"snydf101","","",0,0,0,0,0,0,0,0,0,0,0,0,0,"","F","F","F","F",0,0,0,0,0,0,0,0,0,0,F,F,"1924NY1.EVN.regular.event.csv",402
"NY1192404280","PHI",3,0,2,0,0,"",1,2,"henrf101","?","henrf101","?","barnv101","?","barnv101","?","snydf101","kellg101","frisf101","grohh101","jackt101","meusi101","soutb101","younr101","","","","W","F","F",8,3,14,"T","F",0,"F","F",0,"F","F",0,"F","F",0,"","F","F","",0,0,"N",0,"N",0,"N",1,0,0,0,"","","","","F","F","F","F","F","F","F","F","F","","","","F","F","F","F","F","","","","",0,0,0,0,0,0,0,0,0,27,"NY1","PHI","NY1",0,"F","F",1,2,0,11,2,"F","F",0,1,"T","T","walkc101","wrigr102","T","T",0,0,0,0,0,0,0,0,0,"","","",0,0,0,0,0,0,0,0,0,0,0,0,0,"","F","F","F","F",0,0,0,0,0,0,0,0,0,0,F,F,"1924NY1.EVN.regular.event.csv",403
"NY1192404280","PHI",3,0,2,0,0,"",1,2,"walkc101","?","walkc101","?","barnv101","?","barnv101","?","snydf101","kellg101","frisf101","grohh101","jackt101","meusi101","soutb101","younr101","henrf101","","","8/F","F","F",9,4,2,"T","T",0,"F","F",1,"F","F",0,"F","F",8,"F","F","F","",0,0,"N",0,"N",0,"N",0,1,0,0,"8","","","","F","F","F","F","F","F","F","F","F","barnv101","","","F","F","F","F","F","","","","",0,8,0,0,0,0,0,0,0,28,"NY1","PHI","NY1",0,"F","T",1,2,0,12,3,"T","F",1,1,"T","T","wrigr102","fordh101","T","T",8,3,27,0,0,0,0,0,0,"snydf101","","",0,0,0,0,0,0,0,0,0,0,0,0,0,"soutb101","F","F","F","F",0,0,0,0,0,0,0,0,0,0,F,F,"1924NY1.EVN.regular.event.csv",404
"NY1192404280","PHI",3,1,0,0,0,"",1,2,"frisf101","?","frisf101","?","coucj101","?","coucj101","?","henlb101","holkw101","fordh101","wrigr102","sandh101","mokaj101","henrf101","walkc101","","","","53","T","F",4,3,2,"T","T",0,"F","F",1,"F","F",0,"F","F",5,"G","F","F","",0,0,"N",0,"N",0,"N",0,0,0,0,"53","","","","F","F","F","F","F","F","F","F","F","","","","F","F","F","F","F","","","","",0,3,0,0,5,0,0,0,0,29,"NY1","NY1","PHI",1,"T","F",2,1,0,11,0,"T","F",0,0,"T","T","younr101","meusi101","T","T",0,0,0,0,0,0,0,0,0,"","","",0,0,0,0,0,0,0,0,0,0,0,0,0,"wrigr102","F","F","F","F",0,0,0,0,0,0,0,0,0,0,F,F,"1924NY1.EVN.regular.event.csv",405
"NY1192404280","PHI",3,1,1,0,0,"",1,2,"younr101","?","younr101","?","coucj101","?","coucj101","?","henlb101","holkw101","fordh101","wrigr102","sandh101","mokaj101","henrf101","walkc101","","","","W","F","F",9,4,14,"T","F",0,"F","F",0,"F","F",0,"F","F",0,"","F","F","",0,0,"N",0,"N",0,"N",1,0,0,0,"","","","","F","F","F","F","F","F","F","F","F","","","","F","F","F","F","F","","","","",0,0,0,0,0,0,0,0,0,30,"NY1","NY1","PHI",1,"F","F",2,1,0,12,1,"T","F",0,1,"T","T","meusi101","kellg101","T","T",0,0,0,0,0,0,0,0,0,"","","",0,0,0,0,0,0,0,0,0,0,0,0,0,"","F","F","F","F",0,0,0,0,0,0,0,0,0,0,F,F,"1924NY1.EVN.regular.event.csv",406
"NY1192404280","PHI",3,1,1,0,0,"",1,2,"meusi101","?","meusi101","?","coucj101","?","coucj101","?","henlb101","holkw101","fordh101","wrigr102","sandh101","mokaj101","henrf101","walkc101","younr101","","","14(1)3/GDP","F","F",7,5,2,"T","T",0,"F","F",2,"T","F",0,"F","F",1,"G","F","F","",0,0,"N",0,"N",0,"N",0,0,0,0,"43","14","","","F","F","F","F","F","F","F","F","F","coucj101","","","F","F","F","F","F","","","","",0,4,3,0,1,4,0,0,0,31,"NY1","NY1","PHI",1,"F","T",2,1,0,13,2,"T","F",1,0,"T","T","kellg101","jackt101","T","T",9,4,30,0,0,0,0,0,0,"henlb101","","",0,0,0,0,0,0,0,0,0,0,0,0,0,"coucj101","T","F","F","F",0,0,0,0,0,0,0,0,0,0,F,F,"1924NY1.EVN.regular.event.csv",407
"NY1192404280","PHI",4,0,0,0,0,"",1,2,"wrigr102","?","wrigr102","?","barnv101","?","barnv101","?","snydf101","kellg101","frisf101","grohh101","jackt101","meusi101","soutb101","younr101","","","","HR/L9D","T","F",5,5,23,"T","T",4,"F","F",0,"F","F",1,"F","F",0,"L","F","F","9D",0,0,"N",0,"N",0,"N",4,0,0,0,"","","","","F","F","F","F","F","F","F","F","F","","","","F","F","F","F","F","","","","",0,0,0,0,0,0,0,0,0,32,"NY1","PHI","NY1",0,"T","F",1,2,0,13,0,"T","F",0,0,"T","T","fordh101","holkw101","T","T",0,0,0,0,0,0,0,0,0,"","","",0,0,0,0,0,0,0,0,0,0,0,0,1,"","F","F","F","F",4,0,0,0,0,0,0,0,0,0,F,F,"1924NY1.EVN.regular.event.csv",408
"NY1192404280","PHI",4,0,0,0,0,"",2,2,"fordh101","?","fordh101","?","barnv101","?","barnv101","?","snydf101","kellg101","frisf101","grohh101","jackt101","meusi101","soutb101","younr101","","","","2/P","F","F",4,6,2,"T","T",0,"F","F",1,"F","F",0,"F","F",2,"P","F","F","",0,0,"N",0,"N",0,"N",0,0,0,0,"2","","","","F","F","F","F","F","F","F","F","F","","","","F","F","F","F","F","","","","",0,2,0,0,0,0,0,0,0,33,"NY1","PHI","NY1",0,"F","F",2,2,1,14,1,"T","F",0,0,"T","T","holkw101","henlb101","T","T",0,0,0,0,0,0,0,0,0,"","","",0,0,0,0,0,0,0,0,0,0,0,0,0,"snydf101","F","F","F","F",0,0,0,0,0,0,0,0,0,0,F,F,"1924NY1.EVN.regular.event.csv",409
"NY1192404280","PHI",4,0,1,0,0,"",2,2,"holkw101","?","holkw101","?","barnv101","?","barnv101","?","snydf101","kellg101","frisf101","grohh101","jackt101","meusi101","soutb101","younr101","","","","8/F","F","F",3,7,2,"T","T",0,"F","F",1,"F","F",0,"F","F",8,"F","F","F","",0,0,"N",0,"N",0,"N",0,0,0,0,"8","","","","F","F","F","F","F","F","F","F","F","","","","F","F","F","F","F","","","","",0,8,0,0,0,0,0,0,0,34,"NY1","PHI","NY1",0,"F","F",2,2,1,15,2,"T","F",0,0,"T","T","henlb101","coucj101","T","T",0,0,0,0,0,0,0,0,0,"","","",0,0,0,0,0,0,0,0,0,0,0,0,0,"soutb101","F","F","F","F",0,0,0,0,0,0,0,0,0,0,F,F,"1924NY1.EVN.regular.event.csv",410
"NY1192404280","PHI",4,0,2,0,0,"",2,2,"henlb101","?","henlb101","?","barnv101","?","barnv101","?","snydf101","kellg101","frisf101","grohh101","jackt101","meusi101","soutb101","younr101","","","","4/P","F","F",2,8,2,"T","T",0,"F","F",1,"F","F",0,"F","F",4,"P","F","F","",0,0,"N",0,"N",0,"N",0,0,0,0,"4","","","","F","F","F","F","F","F","F","F","F","","","","F","F","F","F","F","","","","",0,4,0,0,0,0,0,0,0,35,"NY1","PHI","NY1",0,"F","T",2,2,1,16,3,"T","F",0,0,"T","T","coucj101","sandh101","T","T",0,0,0,0,0,0,0,0,0,"","","",0,0,0,0,0,0,0,0,0,0,0,0,0,"frisf101","F","F","F","F",0,0,0,0,0,0,0,0,0,0,F,F,"1924NY1.EVN.regular.event.csv",411
"NY1192404280","PHI",4,1,0,0,0,"",2,2,"kellg101","?","kellg101","?","coucj101","?","coucj101","?","henlb101","holkw101","fordh101","wrigr102","sandh101","mokaj101","henrf101","walkc101","","","","8/F","T","F",3,6,2,"T","T",0,"F","F",1,"F","F",0,"F","F",8,"F","F","F","",0,0,"N",0,"N",0,"N",0,0,0,0,"8","","","","F","F","F","F","F","F","F","F","F","","","","F","F","F","F","F","","","","",0,8,0,0,0,0,0,0,0,36,"NY1","NY1","PHI",1,"T","F",2,2,0,14,0,"T","F",0,0,"T","T","jackt101","snydf101","T","T",0,0,0,0,0,0,0,0,0,"","","",0,0,0,0,0,0,0,0,0,0,0,0,0,"henrf101","F","F","F","F",0,0,0,0,1,0,0,0,0,0,F,F,"1924NY1.EVN.regular.event.csv",412
"NY1192404280","PHI",4,1,1,0,0,"",2,2,"jackt101","?","jackt101","?","coucj101","?","coucj101","?","henlb101","holkw101","fordh101","wrigr102","sandh101","mokaj101","henrf101","walkc101","","","","S8","F","F",6,7,20,"T","T",1,"F","F",0,"F","F",0,"F","F",8,"","F","F","",0,0,"N",0,"N",0,"N",1,0,0,0,"","","","","F","F","F","F","F","F","F","F","F","","","","F","F","F","F","F","","","","",0,0,0,0,0,0,0,0,0,37,"NY1","NY1","PHI",1,"F","F",2,2,0,15,1,"T","F",0,1,"T","T","snydf101","barnv101","T","T",0,0,0,0,0,0,0,0,0,"","","",0,0,0,0,0,0,0,0,0,0,0,0,0,"henrf101","F","F","F","F",4,0,0,0,1,0,0,0,0,0,F,F,"1924NY1.EVN.regular.event.csv",413
"NY1192404280","PHI",4,1,1,0,0,"",2,2,"snydf101","?","snydf101","?","coucj101","?","coucj101","?","henlb101","holkw101","fordh101","wrigr102","sandh101","mokaj101","henrf101","walkc101","jackt101","","","S7/G5L.1-3","F","F",2,8,20,"T","T",1,"F","F",0,"F","F",0,"F","F",7,"G","F","F","5L",0,0,"N",0,"N",0,"N",1,3,0,0,"","","","","F","F","F","F","F","F","F","F","F","coucj101","","","F","F","F","F","F","","","","",0,0,0,0,0,0,0,0,0,38,"NY1","NY1","PHI",1,"F","F",2,2,0,16,2,"T","F",1,5,"T","T","barnv101","soutb101","T","T",6,7,37,0,0,0,0,0,0,"henlb101","","",0,0,0,0,0,0,0,0,0,0,0,0,0,"mokaj101","F","F","F","F",0,4,0,0,1,0,0,0,0,0,F,F,"1924NY1.EVN.regular.event.csv",414
"NY1192404280","PHI",4,1,1,0,0,"",2,2,"barnv101","?","barnv101","?","coucj101","?","coucj101","?","henlb101","holkw101","fordh101","wrigr102","sandh101","mokaj101","henrf101","walkc101","snydf101","","jackt101","9/SF.3-H","F","F",1,9,2,"T","F",0,"F","T",1,"F","F",1,"F","F",9,"F","F","F","",0,0,"N",0,"N",0,"N",0,1,0,4,"9","","","","F","F","F","F","F","F","F","F","F","coucj101","","coucj101","F","F","F","F","F","","","","",0,9,0,0,0,0,0,0,0,39,"NY1","NY1","PHI",1,"F","F",2,2,0,17,3,"T","F",5,1,"T","T","soutb101","grohh101","T","T",2,8,38,0,0,0,6,7,37,"henlb101","","henlb101",0,0,0,0,0,0,0,0,0,0,0,0,1,"walkc101","F","F","F","F",0,0,0,4,0,0,0,0,0,0,F,F,"1924NY1.EVN.regular.event.csv",415
"NY1192404280","PHI",4,1,2,0,0,"",2,3,"soutb101","?","soutb101","?","coucj101","?","coucj101","?","henlb101","holkw101","fordh101","wrigr102","sandh101","mokaj101","henrf101","walkc101","snydf101","","","36(1)/FO","F","F",8,1,2,"T","T",0,"F","F",1,"F","F",0,"F","F",3,"G","F","F","",0,0,"N",0,"N",0,"N",1,0,0,0,"","36","","","F","F","F","F","F","F","F","F","F","coucj101","","","F","F","F","F","F","","","","",0,6,0,0,3,0,0,0,0,40,"NY1","NY1","PHI",1,"F","T",3,2,1,18,4,"T","F",1,1,"T","T","grohh101","frisf101","T","T",2,8,38,0,0,0,0,0,0,"henlb101","","",0,0,0,0,0,0,0,0,0,0,0,0,0,"holkw101","T","F","F","F",0,0,0,0,0,0,0,0,0,0,F,F,"1924NY1.EVN.regular.event.csv",416
"NY1192404280","PHI",5,0,0,0,0,"",2,3,"coucj101","?","coucj101","?","barnv101","?","barnv101","?","snydf101","kellg101","frisf101","grohh101","jackt101","meusi101","soutb101","younr101","","","","K","T","F",1,9,3,"T","T",0,"F","F",1,"F","F",0,"F","F",0,"","F","F","",0,0,"N",0,"N",0,"N",0,0,0,0,"2","","","","F","F","F","F","F","F","F","F","F","","","","F","F","F","F","F","","","","",0,2,0,0,0,0,0,0,0,41,"NY1","PHI","NY1",0,"T","F",2,3,0,17,0,"T","F",0,0,"T","T","sandh101","mokaj101","T","T",0,0,0,0,0,0,0,0,0,"","","",0,0,0,0,0,0,0,0,0,0,0,0,0,"","F","F","F","F",0,0,0,0,0,0,0,0,0,0,F,F,"1924NY1.EVN.regular.event.csv",417
"NY1192404280","PHI",5,0,1,0,0,"",2,3,"sandh101","?","sandh101","?","barnv101","?","barnv101","?","snydf101","kellg101","frisf101","grohh101","jackt101","meusi101","soutb101","younr101","","","","K","F","F",6,1,3,"T","T",0,"F","F",1,"F","F",0,"F","F",0,"","F","F","",0,0,"N",0,"N",0,"N",0,0,0,0,"2","","","","F","F","F","F","F","F","F","F","F","","","","F","F","F","F","F","","","","",0,2,0,0,0,0,0,0,0,42,"NY1","PHI","NY1",0,"F","F",2,3,0,18,1,"T","F",0,0,"T","T","mokaj101","henrf101","T","T",0,0,0,0,0,0,0,0,0,"","","",0,0,0,0,0,0,0,0,0,0,0,0,0,"","F","F","F","F",0,0,0,0,0,0,0,0,0,0,F,F,"1924NY1.EVN.regular.event.csv",418
"NY1192404280","PHI",5,0,2,0,0,"",2,3,"mokaj101","?","mokaj101","?","barnv101","?","barnv101","?","snydf101","kellg101","frisf101","grohh101","jackt101","meusi101","soutb101","younr101","","","","7/F","F","F",7,2,2,"T","T",0,"F","F",1,"F","F",0,"F","F",7,"F","F","F","",0,0,"N",0,"N",0,"N",0,0,0,0,"7","","","","F","F","F","F","F","F","F","F","F","","","","F","F","F","F","F","","","","",0,7,0,0,0,0,0,0,0,43,"NY1","PHI","NY1",0,"F","T",2,3,0,19,2,"T","F",0,0,"T","T","henrf101","walkc101","T","T",0,0,0,0,0,0,0,0,0,"","","",0,0,0,0,0,0,0,0,0,0,0,0,0,"meusi101","F","F","F","F",0,0,0,0,0,0,0,0,0,0,F,F,"1924NY1.EVN.regular.event.csv",419
"NY1192404280","PHI",5,1,0,0,0,"",2,3,"grohh101","?","grohh101","?","coucj101","?","coucj101","?","henlb101","holkw101","fordh101","wrigr102","sandh101","mokaj101","henrf101","walkc101","","","","S","T","F",5,2,20,"T","T",1,"F","F",0,"F","F",0,"F","F",0,"","F","F","",0,0,"N",0,"N",0,"N",1,0,0,0,"","","","","F","F","F","F","F","F","F","F","F","","","","F","F","F","F","F","","","","",0,0,0,0,0,0,0,0,0,44,"NY1","NY1","PHI",1,"T","F",3,2,0,19,0,"T","F",0,1,"T","T","frisf101","younr101","T","T",0,0,0,0,0,0,0,0,0,"","","",0,0,0,0,0,0,0,0,0,0,0,0,0,"","F","F","F","F",0,0,0,0,0,0,0,0,0,0,F,F,"1924NY1.EVN.regular.event.csv",420
"NY1192404280","PHI",5,1,0,0,0,"",2,3,"frisf101","?","frisf101","?","coucj101","?","coucj101","?","henlb101","holkw101","fordh101","wrigr102","sandh101","mokaj101","henrf101","walkc101","grohh101","","","E5/G.1-2","F","F",4,3,18,"T","T",0,"F","F",0,"F","F",0,"F","F",5,"G","F","F","",1,5,"F",0,"N",0,"N",1,2,0,0,"","","","","F","F","F","F","F","F","F","F","F","coucj101","","","F","F","F","F","F","","","","",0,0,0,0,0,0,0,0,0,45,"NY1","NY1","PHI",1,"F","F",3,2,0,20,1,"T","F",1,3,"T","T","younr101","meusi101","T","T",5,2,44,0,0,0,0,0,0,"henlb101","","",0,0,0,0,0,0,0,0,0,0,0,0,0,"wrigr102","F","F","F","T",0,0,0,0,0,0,0,0,0,0,F,F,"1924NY1.EVN.regular.event.csv",421
"NY1192404280","PHI",5,1,0,0,0,"",2,3,"younr101","?","younr101","?","coucj101","?","coucj101","?","henlb101","holkw101","fordh101","wrigr102","sandh101","mokaj101","henrf101","walkc101","frisf101","grohh101","","8/F","F","F",9,4,2,"T","T",0,"F","F",1,"F","F",0,"F","F",8,"F","F","F","",0,0,"N",0,"N",0,"N",0,1,2,0,"8","","","","F","F","F","F","F","F","F","F","F","coucj101","coucj101","","F","F","F","F","F","","","","",0,8,0,0,0,0,0,0,0,46,"NY1","NY1","PHI",1,"F","F",3,2,0,21,2,"T","F",3,3,"T","T","meusi101","kellg101","T","T",4,3,45,5,2,44,0,0,0,"henlb101","henlb101","",0,0,0,0,0,0,0,0,0,0,0,0,0,"henrf101","F","F","F","F",0,0,0,0,0,0,0,0,0,0,F,F,"1924NY1.EVN.regular.event.csv",422
"NY1192404280","PHI",5,1,1,0,0,"",2,3,"meusi101","?","meusi101","?","coucj101","?","coucj101","?","henlb101","holkw101","fordh101","wrigr102","sandh101","mokaj101","henrf101","walkc101","frisf101","grohh101","","E4/G.2-3;1-2","F","F",7,5,18,"T","T",0,"F","F",0,"F","F",0,"F","F",4,"G","F","F","",1,4,"F",0,"N",0,"N",1,2,3,0,"","","","","F","F","F","F","F","F","F","F","F","coucj101","coucj101","","F","F","F","F","F","","","","",0,0,0,0,0,0,0,0,0,47,"NY1","NY1","PHI",1,"F","F",3,2,0,22,3,"T","F",3,7,"T","T","kellg101","jackt101","T","T",4,3,45,5,2,44,0,0,0,"henlb101","henlb101","",0,0,0,0,0,0,0,0,0,0,0,0,0,"fordh101","F","F","F","T",0,0,0,0,0,0,0,0,0,0,F,F,"1924NY1.EVN.regular.event.csv",423
"NY1192404280","PHI",5,1,1,0,0,"",2,3,"kellg101","?","kellg101","?","coucj101","?","coucj101","?","henlb101","holkw101","fordh101","wrigr102","sandh101","mokaj101","henrf101","walkc101","meusi101","frisf101","grohh101","64(1)3/GDP","F","F",3,6,2,"T","T",0,"F","F",2,"T","F",0,"F","F",6,"G","F","F","",0,0,"N",0,"N",0,"N",0,0,2,3,"43","64","","","F","F","F","F","F","F","F","F","F","coucj101","coucj101","coucj101","F","F","F","F","F","","","","",0,4,3,0,6,4,0,0,0,48,"NY1","NY1","PHI",1,"F","T",3,2,0,23,4,"T","F",7,6,"T","T","jackt101","snydf101","T","T",7,5,47,4,3,45,5,2,44,"henlb101","henlb101","henlb101",0,0,0,0,0,0,0,0,0,0,0,0,0,"sandh101","T","F","F","F",0,0,0,0,0,0,0,0,0,0,F,F,"1924NY1.EVN.regular.event.csv",424
"NY1192404280","PHI",6,0,0,0,0,"",2,3,"henrf101","?","henrf101","?","barnv101","?","barnv101","?","snydf101","kellg101","frisf101","grohh101","jackt101","meusi101","soutb101","younr101","","","","43","T","F",8,3,2,"T","T",0,"F","F",1,"F","F",0,"F","F",4,"G","F","F","",0,0,"N",0,"N",0,"N",0,0,0,0,"43","","","","F","F","F","F","F","F","F","F","F","","","","F","F","F","F","F","","","","",0,3,0,0,4,0,0,0,0,49,"NY1","PHI","NY1",0,"T","F",2,3,0,20,0,"T","F",0,0,"T","T","walkc101","wrigr102","T","T",0,0,0,0,0,0,0,0,0,"","","",0,0,0,0,0,0,0,0,0,0,0,0,0,"frisf101","F","F","F","F",0,0,0,0,0,0,0,0,0,0,F,F,"1924NY1.EVN.regular.event.csv",425
"NY1192404280","PHI",6,0,1,0,0,"",2,3,"walkc101","?","walkc101","?","barnv101","?","barnv101","?","snydf101","kellg101","frisf101","grohh101","jackt101","meusi101","soutb101","younr101","","","","43","F","F",9,4,2,"T","T",0,"F","F",1,"F","F",0,"F","F",4,"G","F","F","",0,0,"N",0,"N",0,"N",0,0,0,0,"43","","","","F","F","F","F","F","F","F","F","F","","","","F","F","F","F","F","","","","",0,3,0,0,4,0,0,0,0,50,"NY1","PHI","NY1",0,"F","F",2,3,0,21,1,"T","F",0,0,"T","T","wrigr102","fordh101","T","T",0,0,0,0,0,0,0,0,0,"","","",0,0,0,0,0,0,0,0,0,0,0,0,0,"frisf101","F","F","F","F",0,0,0,0,0,0,0,0,0,0,F,F,"1924NY1.EVN.regular.event.csv",426
"NY1192404280","PHI",6,0,2,0,0,"",2,3,"wrigr102","?","wrigr102","?","barnv101","?","barnv101","?","snydf101","kellg101","frisf101","grohh101","jackt101","meusi101","soutb101","younr101","","","","W","F","F",5,5,14,"T","F",0,"F","F",0,"F","F",0,"F","F",0,"","F","F","",0,0,"N",0,"N",0,"N",1,0,0,0,"","","","","F","F","F","F","F","F","F","F","F","","","","F","F","F","F","F","","","","",0,0,0,0,0,0,0,0,0,51,"NY1","PHI","NY1",0,"F","F",2,3,0,22,2,"T","F",0,1,"T","T","fordh101","holkw101","T","T",0,0,0,0,0,0,0,0,0,"","","",0,0,0,0,0,0,0,0,0,0,0,0,0,"","F","F","F","F",0,0,0,0,0,0,0,0,0,0,F,F,"1924NY1.EVN.regular.event.csv",427
"NY1192404280","PHI",6,0,2,0,0,"",2,3,"fordh101","?","fordh101","?","barnv101","?","barnv101","?","snydf101","kellg101","frisf101","grohh101","jackt101","meusi101","soutb101","younr101","wrigr102","","","9/F","F","F",4,6,2,"T","T",0,"F","F",1,"F","F",0,"F","F",9,"F","F","F","",0,0,"N",0,"N",0,"N",0,1,0,0,"9","","","","F","F","F","F","F","F","F","F","F","barnv101","","","F","F","F","F","F","","","","",0,9,0,0,0,0,0,0,0,52,"NY1","PHI","NY1",0,"F","T",2,3,0,23,3,"T","F",1,1,"T","T","holkw101","henlb101","T","T",5,5,51,0,0,0,0,0,0,"snydf101","","",0,0,0,0,0,0,0,0,0,0,0,0,0,"younr101","F","F","F","F",0,0,0,0,0,0,0,0,0,0,F,F,"1924NY1.EVN.regular.event.csv",428
"NY1192404280","PHI",6,1,0,0,0,"",2,3,"jackt101","?","jackt101","?","coucj101","?","coucj101","?","henlb101","holkw101","fordh101","wrigr102","sandh101","mokaj101","henrf101","walkc101","","","","S/BG","T","F",6,7,20,"T","T",1,"F","F",0,"F","F",0,"F","F",0,"G","T","F","",0,0,"N",0,"N",0,"N",1,0,0,0,"","","","","F","F","F","F","F","F","F","F","F","","","","F","F","F","F","F","","","","",0,0,0,0,0,0,0,0,0,53,"NY1","NY1","PHI",1,"T","F",3,2,0,24,0,"T","F",0,1,"T","T","snydf101","barnv101","T","T",0,0,0,0,0,0,0,0,0,"","","",0,0,0,0,0,0,0,0,0,0,0,0,0,"","F","F","F","F",0,0,0,0,0,0,0,0,0,0,F,F,"1924NY1.EVN.regular.event.csv",429
"NY1192404280","PHI",6,1,0,0,0,"",2,3,"snydf101","?","snydf101","?","coucj101","?","coucj101","?","henlb101","holkw101","fordh101","wrigr102","sandh101","mokaj101","henrf101","walkc101","jackt101","","","4/L","F","F",2,8,2,"T","T",0,"F","F",1,"F","F",0,"F","F",4,"L","F","F","",0,0,"N",0,"N",0,"N",0,1,0,0,"4","","","","F","F","F","F","F","F","F","F","F","coucj101","","","F","F","F","F","F","","","","",0,4,0,0,0,0,0,0,0,54,"NY1","NY1","PHI",1,"F","F",3,2,0,25,1,"T","F",1,1,"T","T","barnv101","soutb101","T","T",6,7,53,0,0,0,0,0,0,"henlb101","","",0,0,0,0,0,0,0,0,0,0,0,0,0,"fordh101","F","F","F","F",0,0,0,0,0,0,0,0,0,0,F,F,"1924NY1.EVN.regular.event.csv",430
"NY1192404280","PHI",6,1,1,0,0,"",2,3,"barnv101","?","barnv101","?","coucj101","?","coucj101","?","henlb101","holkw101","fordh101","wrigr102","sandh101","mokaj101","henrf101","walkc101","jackt101","","","2/FL","F","F",1,9,2,"T","T",0,"F","F",1,"F","F",0,"F","F",2,"F","F","T","",0,0,"N",0,"N",0,"N",0,1,0,0,"2","","","","F","F","F","F","F","F","F","F","F","coucj101","","","F","F","F","F","F","","","","",0,2,0,0,0,0,0,0,0,55,"NY1","NY1","PHI",1,"F","F",3,2,0,26,2,"T","F",1,1,"T","T","soutb101","grohh101","T","T",6,7,53,0,0,0,0,0,0,"henlb101","","",0,0,0,0,0,0,0,0,0,0,0,0,0,"henlb101","F","F","F","F",0,0,0,0,0,0,0,0,0,0,F,F,"1924NY1.EVN.regular.event.csv",431
"NY1192404280","PHI",6,1,2,0,0,"",2,3,"soutb101","?","soutb101","?","coucj101","?","coucj101","?","henlb101","holkw101","fordh101","wrigr102","sandh101","mokaj101","henrf101","walkc101","jackt101","","","7/F","F","F",8,1,2,"T","T",0,"F","F",1,"F","F",0,"F","F",7,"F","F","F","",0,0,"N",0,"N",0,"N",0,1,0,0,"7","","","","F","F","F","F","F","F","F","F","F","coucj101","","","F","F","F","F","F","","","","",0,7,0,0,0,0,0,0,0,56,"NY1","NY1","PHI",1,"F","T",3,2,0,27,3,"T","F",1,1,"T","T","grohh101","frisf101","T","T",6,7,53,0,0,0,0,0,0,"henlb101","","",0,0,0,0,0,0,0,0,0,0,0,0,0,"mokaj101","F","F","F","F",0,0,0,0,0,0,0,0,0,0,F,F,"1924NY1.EVN.regular.event.csv",432
"NY1192404280","PHI",7,0,0,0,0,"",2,3,"holkw101","?","holkw101","?","barnv101","?","barnv101","?","snydf101","kellg101","frisf101","grohh101","jackt101","meusi101","soutb101","younr101","","","","63","T","F",3,7,2,"T","T",0,"F","F",1,"F","F",0,"F","F",6,"G","F","F","",0,0,"N",0,"N",0,"N",0,0,0,0,"63","","","","F","F","F","F","F","F","F","F","F","","","","F","F","F","F","F","","","","",0,3,0,0,6,0,0,0,0,57,"NY1","PHI","NY1",0,"T","F",2,3,0,24,0,"T","F",0,0,"T","T","henlb101","coucj101","T","T",0,0,0,0,0,0,0,0,0,"","","",0,0,0,0,0,0,0,0,0,0,0,0,0,"jackt101","F","F","F","F",0,0,0,0,0,0,0,0,0,0,F,F,"1924NY1.EVN.regular.event.csv",433
"NY1192404280","PHI",7,0,1,0,0,"",2,3,"henlb101","?","henlb101","?","barnv101","?","barnv101","?","snydf101","kellg101","frisf101","grohh101","jackt101","meusi101","soutb101","younr101","","","","8/F","F","F",2,8,2,"T","T",0,"F","F",1,"F","F",0,"F","F",8,"F","F","F","",0,0,"N",0,"N",0,"N",0,0,0,0,"8","","","","F","F","F","F","F","F","F","F","F","","","","F","F","F","F","F","","","","",0,8,0,0,0,0,0,0,0,58,"NY1","PHI","NY1",0,"F","F",2,3,0,25,1,"T","F",0,0,"T","T","coucj101","sandh101","T","T",0,0,0,0,0,0,0,0,0,"","","",0,0,0,0,0,0,0,0,0,0,0,0,0,"soutb101","F","F","F","F",0,0,0,0,0,0,0,0,0,0,F,F,"1924NY1.EVN.regular.event.csv",434
"NY1192404280","PHI",7,0,2,0,0,"",2,3,"coucj101","?","coucj101","?","barnv101","?","barnv101","?","snydf101","kellg101","frisf101","grohh101","jackt101","meusi101","soutb101","younr101","","","","7/F","F","F",1,9,2,"T","T",0,"F","F",1,"F","F",0,"F","F",7,"F","F","F","",0,0,"N",0,"N",0,"N",0,0,0,0,"7","","","","F","F","F","F","F","F","F","F","F","","","","F","F","F","F","F","","","","",0,7,0,0,0,0,0,0,0,59,"NY1","PHI","NY1",0,"F","T",2,3,0,26,2,"T","F",0,0,"T","T","sandh101","mokaj101","T","T",0,0,0,0,0,0,0,0,0,"","","",0,0,0,0,0,0,0,0,0,0,0,0,0,"meusi101","F","F","F","F",0,0,0,0,0,0,0,0,0,0,F,F,"1924NY1.EVN.regular.event.csv",435
"NY1192404280","PHI",7,1,0,0,0,"",2,3,"grohh101","?","grohh101","?","coucj101","?","coucj101","?","henlb101","holkw101","fordh101","wrigr102","sandh101","mokaj101","henrf101","walkc101","","","","13","T","F",5,2,2,"T","T",0,"F","F",1,"F","F",0,"F","F",1,"G","F","F","",0,0,"N",0,"N",0,"N",0,0,0,0,"13","","","","F","F","F","F","F","F","F","F","F","","","","F","F","F","F","F","","","","",0,3,0,0,1,0,0,0,0,60,"NY1","NY1","PHI",1,"T","F",3,2,0,28,0,"T","F",0,0,"T","T","frisf101","younr101","T","T",0,0,0,0,0,0,0,0,0,"","","",0,0,0,0,0,0,0,0,0,0,0,0,0,"coucj101","F","F","F","F",0,0,0,0,1,0,0,0,0,0,F,F,"1924NY1.EVN.regular.event.csv",436
"NY1192404280","PHI",7,1,1,0,0,"",2,3,"frisf101","?","frisf101","?","coucj101","?","coucj101","?","henlb101","holkw101","fordh101","wrigr102","sandh101","mokaj101","henrf101","walkc101","","","","E6/G","F","F",4,3,18,"T","T",0,"F","F",0,"F","F",0,"F","F",6,"G","F","F","",1,6,"F",0,"N",0,"N",1,0,0,0,"","","","","F","F","F","F","F","F","F","F","F","","","","F","F","F","F","F","","","","",0,0,0,0,0,0,0,0,0,61,"NY1","NY1","PHI",1,"F","F",3,2,0,29,1,"T","F",0,1,"T","T","younr101","meusi101","T","T",0,0,0,0,0,0,0,0,0,"","","",0,0,0,0,0,0,0,0,0,0,0,0,0,"sandh101","F","F","F","T",5,0,0,0,1,0,0,0,0,0,F,F,"1924NY1.EVN.regular.event.csv",437
"NY1192404280","PHI",7,1,1,0,0,"",2,3,"younr101","?","younr101","?","coucj101","?","coucj101","?","henlb101","holkw101","fordh101","wrigr102","sandh101","mokaj101","henrf101","walkc101","frisf101","","","43/G34.1-2","F","F",9,4,2,"T","T",0,"F","F",1,"F","F",0,"F","F",4,"G","F","F","34",0,0,"N",0,"N",0,"N",0,2,0,0,"43","","","","F","F","F","F","F","F","F","F","F","coucj101","","","F","F","F","F","F","","","","",0,3,0,0,4,0,0,0,0,62,"NY1","NY1","PHI",1,"F","F",3,2,0,30,2,"T","F",1,2,"T","T","meusi101","kellg101","T","T",4,3,61,0,0,0,0,0,0,"henlb101","","",0,0,0,0,0,0,0,0,0,0,0,0,0,"fordh101","F","F","F","F",0,5,0,0,1,0,0,0,0,0,F,F,"1924NY1.EVN.regular.event.csv",438
"NY1192404280","PHI",7,1,2,0,0,"",2,3,"meusi101","?","meusi101","?","coucj101","?","coucj101","?","henlb101","holkw101","fordh101","wrigr102","sandh101","mokaj101","henrf101","walkc101","","frisf101","","S1/G.2-3","F","F",7,5,20,"T","T",1,"F","F",0,"F","F",0,"F","F",1,"G","F","F","",0,0,"N",0,"N",0,"N",1,0,3,0,"","","","","F","F","F","F","F","F","F","F","F","","coucj101","","F","F","F","F","F","","","","",0,0,0,0,0,0,0,0,0,63,"NY1","NY1","PHI",1,"F","F",3,2,0,31,3,"T","F",2,5,"T","T","kellg101","jackt101","T","T",0,0,0,4,3,61,0,0,0,"","henlb101","",0,0,0,0,0,0,0,0,0,0,0,0,0,"coucj101","F","F","F","F",0,0,5,0,1,0,0,0,0,0,F,F,"1924NY1.EVN.regular.event.csv",439
"NY1192404280","PHI",7,1,2,0,0,"",2,3,"kellg101","?","kellg101","?","coucj101","?","coucj101","?","henlb101","holkw101","fordh101","wrigr102","sandh101","mokaj101","henrf101","walkc101","meusi101","","frisf101","S/G6M.3-H(UR);1-2","F","F",3,6,20,"T","T",1,"F","F",0,"F","F",1,"F","F",0,"G","F","F","6M",0,0,"N",0,"N",0,"N",1,2,0,5,"","","","","F","F","F","F","F","F","F","F","F","coucj101","","coucj101","F","F","F","F","F","","","","",0,0,0,0,0,0,0,0,0,64,"NY1","NY1","PHI",1,"F","F",3,2,0,32,4,"T","F",5,3,"T","T","jackt101","snydf101","T","T",7,5,63,0,0,0,4,3,61,"henlb101","","henlb101",0,0,0,0,0,0,0,0,0,0,0,0,1,"","F","F","F","F",0,0,0,5,0,0,0,0,0,0,F,F,"1924NY1.EVN.regular.event.csv",440
"NY1192404280","PHI",7,1,2,0,0,"",2,4,"jackt101","?","jackt101","?","coucj101","?","coucj101","?","henlb101","holkw101","fordh101","wrigr102","sandh101","mokaj101","henrf101","walkc101","kellg101","meusi101","","K","F","F",6,7,3,"T","T",0,"F","F",1,"F","F",0,"F","F",0,"","F","F","",0,0,"N",0,"N",0,"N",0,1,2,0,"2","","","","F","F","F","F","F","F","F","F","F","coucj101","coucj101","","F","F","F","F","F","","","","",0,2,0,0,0,0,0,0,0,65,"NY1","NY1","PHI",1,"F","T",4,2,1,33,5,"T","F",3,3,"T","T","snydf101","barnv101","T","T",3,6,64,7,5,63,0,0,0,"henlb101","henlb101","",0,0,0,0,0,0,0,0,0,0,0,0,0,"","F","F","F","F",0,0,0,0,0,0,0,0,0,0,F,F,"1924NY1.EVN.regular.event.csv",441
"NY1192404280","PHI",8,0,0,0,0,"",2,4,"sandh101","?","sandh101","?","barnv101","?","barnv101","?","snydf101","kellg101","frisf101","grohh101","jackt101","meusi101","soutb101","younr101","","","","7/F","T","F",6,1,2,"T","T",0,"F","F",1,"F","F",0,"F","F",7,"F","F","F","",0,0,"N",0,"N",0,"N",0,0,0,0,"7","","","","F","F","F","F","F","F","F","F","F","","","","F","F","F","F","F","","","","",0,7,0,0,0,0,0,0,0,66,"NY1","PHI","NY1",0,"T","F",2,4,0,27,0,"T","F",0,0,"T","T","mokaj101","henrf101","T","T",0,0,0,0,0,0,0,0,0,"","","",0,0,0,0,0,0,0,0,0,0,0,0,0,"meusi101","F","F","F","F",0,0,0,0,0,0,0,0,0,0,F,F,"1924NY1.EVN.regular.event.csv",442
"NY1192404280","PHI",8,0,1,0,0,"",2,4,"mokaj101","?","mokaj101","?","barnv101","?","barnv101","?","snydf101","kellg101","frisf101","grohh101","jackt101","meusi101","soutb101","younr101","","","","S","F","F",7,2,20,"T","T",1,"F","F",0,"F","F",0,"F","F",0,"","F","F","",0,0,"N",0,"N",0,"N",1,0,0,0,"","","","","F","F","F","F","F","F","F","F","F","","","","F","F","F","F","F","","","","",0,0,0,0,0,0,0,0,0,67,"NY1","PHI","NY1",0,"F","F",2,4,0,28,1,"T","F",0,1,"T","T","henrf101","walkc101","T","T",0,0,0,0,0,0,0,0,0,"","","",0,0,0,0,0,0,0,0,0,0,0,0,0,"","F","F","F","F",0,0,0,0,0,0,0,0,0,0,F,F,"1924NY1.EVN.regular.event.csv",443
"NY1192404280","PHI",8,0,1,0,0,"",2,4,"henrf101","?","henrf101","?","barnv101","?","barnv101","?","snydf101","kellg101","frisf101","grohh101","jackt101","meusi101","soutb101","younr101","mokaj101","","","53.1-2","F","F",8,3,2,"T","T",0,"F","F",1,"F","F",0,"F","F",5,"G","F","F","",0,0,"N",0,"N",0,"N",0,2,0,0,"53","","","","F","F","F","F","F","F","F","F","F","barnv101","","","F","F","F","F","F","","","","",0,3,0,0,5,0,0,0,0,68,"NY1","PHI","NY1",0,"F","F",2,4,0,29,2,"T","F",1,2,"T","T","walkc101","wrigr102","T","T",7,2,67,0,0,0,0,0,0,"snydf101","","",0,0,0,0,0,0,0,0,0,0,0,0,0,"grohh101","F","F","F","F",0,0,0,0,0,0,0,0,0,0,F,F,"1924NY1.EVN.regular.event.csv",444
"NY1192404280","PHI",8,0,2,0,0,"",2,4,"walkc101","?","walkc101","?","barnv101","?","barnv101","?","snydf101","kellg101","frisf101","grohh101","jackt101","meusi101","soutb101","younr101","","mokaj101","","W","F","F",9,4,14,"T","F",0,"F","F",0,"F","F",0,"F","F",0,"","F","F","",0,0,"N",0,"N",0,"N",1,0,2,0,"","","","","F","F","F","F","F","F","F","F","F","","barnv101","","F","F","F","F","F","","","","",0,0,0,0,0,0,0,0,0,69,"NY1","PHI","NY1",0,"F","F",2,4,0,30,3,"T","F",2,3,"T","T","wrigr102","fordh101","T","T",0,0,0,7,2,67,0,0,0,"","snydf101","",0,0,0,0,0,0,0,0,0,0,0,0,0,"","F","F","F","F",0,0,0,0,0,0,0,0,0,0,F,F,"1924NY1.EVN.regular.event.csv",445
"NY1192404280","PHI",8,0,2,0,0,"",2,4,"wrigr102","?","wrigr102","?","barnv101","?","barnv101","?","snydf101","kellg101","frisf101","grohh101","jackt101","meusi101","soutb101","younr101","walkc101","mokaj101","","43","F","F",5,5,2,"T","T",0,"F","F",1,"F","F",0,"F","F",4,"G","F","F","",0,0,"N",0,"N",0,"N",0,1,2,0,"43","","","","F","F","F","F","F","F","F","F","F","barnv101","barnv101","","F","F","F","F","F","","","","",0,3,0,0,4,0,0,0,0,70,"NY1","PHI","NY1",0,"F","T",2,4,0,31,4,"T","F",3,3,"T","T","fordh101","holkw101","T","T",9,4,69,7,2,67,0,0,0,"snydf101","snydf101","",0,0,0,0,0,0,0,0,0,0,0,0,0,"frisf101","F","F","F","F",0,0,0,0,0,0,0,0,0,0,F,F,"1924NY1.EVN.regular.event.csv",446
"NY1192404280","PHI",8,1,0,0,0,"",2,4,"snydf101","?","snydf101","?","coucj101","?","coucj101","?","henlb101","holkw101","fordh101","wrigr102","sandh101","mokaj101","henrf101","walkc101","","","","K","T","F",2,8,3,"T","T",0,"F","F",1,"F","F",0,"F","F",0,"","F","F","",0,0,"N",0,"N",0,"N",0,0,0,0,"2","","","","F","F","F","F","F","F","F","F","F","","","","F","F","F","F","F","","","","",0,2,0,0,0,0,0,0,0,71,"NY1","NY1","PHI",1,"T","F",4,2,0,34,0,"T","F",0,0,"T","T","barnv101","soutb101","T","T",0,0,0,0,0,0,0,0,0,"","","",0,0,0,0,0,0,0,0,0,0,0,0,0,"","F","F","F","F",0,0,0,0,0,0,0,0,0,0,F,F,"1924NY1.EVN.regular.event.csv",447
"NY1192404280","PHI",8,1,1,0,0,"",2,4,"barnv101","?","barnv101","?","coucj101","?","coucj101","?","henlb101","holkw101","fordh101","wrigr102","sandh101","mokaj101","henrf101","walkc101","","","","9/F","F","F",1,9,2,"T","T",0,"F","F",1,"F","F",0,"F","F",9,"F","F","F","",0,0,"N",0,"N",0,"N",0,0,0,0,"9","","","","F","F","F","F","F","F","F","F","F","","","","F","F","F","F","F","","","","",0,9,0,0,0,0,0,0,0,72,"NY1","NY1","PHI",1,"F","F",4,2,0,35,1,"T","F",0,0,"T","T","soutb101","grohh101","T","T",0,0,0,0,0,0,0,0,0,"","","",0,0,0,0,0,0,0,0,0,0,0,0,0,"walkc101","F","F","F","F",0,0,0,0,0,0,0,0,0,0,F,F,"1924NY1.EVN.regular.event.csv",448
"NY1192404280","PHI",8,1,2,0,0,"",2,4,"soutb101","?","soutb101","?","coucj101","?","coucj101","?","henlb101","holkw101","fordh101","wrigr102","sandh101","mokaj101","henrf101","walkc101","","","","S","F","F",8,1,20,"T","T",1,"F","F",0,"F","F",0,"F","F",0,"","F","F","",0,0,"N",0,"N",0,"N",1,0,0,0,"","","","","F","F","F","F","F","F","F","F","F","","","","F","F","F","F","F","","","","",0,0,0,0,0,0,0,0,0,73,"NY1","NY1","PHI",1,"F","F",4,2,0,36,2,"T","F",0,1,"T","T","grohh101","frisf101","T","T",0,0,0,0,0,0,0,0,0,"","","",0,0,0,0,0,0,0,0,0,0,0,0,0,"","F","F","F","F",1,0,0,0,0,0,0,0,0,0,F,F,"1924NY1.EVN.regular.event.csv",449
"NY1192404280","PHI",8,1,2,0,0,"",2,4,"grohh101","?","grohh101","?","coucj101","?","coucj101","?","henlb101","holkw101","fordh101","wrigr102","sandh101","mokaj101","henrf101","walkc101","soutb101","","","K","F","F",5,2,3,"T","T",0,"F","F",1,"F","F",0,"F","F",0,"","F","F","",0,0,"N",0,"N",0,"N",0,1,0,0,"2","","","","F","F","F","F","F","F","F","F","F","coucj101","","","F","F","F","F","F","","","","",0,2,0,0,0,0,0,0,0,74,"NY1","NY1","PHI",1,"F","T",4,2,0,37,3,"T","F",1,1,"T","T","frisf101","younr101","T","T",8,1,73,0,0,0,0,0,0,"henlb101","","",0,0,0,0,0,0,0,0,0,0,0,0,0,"","F","F","F","F",0,1,0,0,0,0,0,0,0,0,F,F,"1924NY1.EVN.regular.event.csv",450
"NY1192404280","PHI",9,0,0,0,0,"",2,4,"mitcc102","?","mitcc102","?","barnv101","?","barnv101","?","snydf101","kellg101","frisf101","grohh101","jackt101","meusi101","soutb101","younr101","","","","4/P","T","T",11,6,2,"T","T",0,"F","F",1,"F","F",0,"F","F",4,"P","F","F","",0,0,"N",0,"N",0,"N",0,0,0,0,"4","","","","F","F","F","F","F","F","F","F","F","","","","F","F","F","F","F","","","","fordh101",4,4,0,0,0,0,0,0,0,75,"NY1","PHI","NY1",0,"T","F",2,4,0,32,0,"T","F",0,0,"F","F","holkw101","henlb101","T","T",0,0,0,0,0,0,0,0,0,"","","",0,0,0,0,0,0,0,0,0,0,0,0,0,"frisf101","F","F","F","F",0,0,0,0,0,0,0,0,0,0,F,F,"1924NY1.EVN.regular.event.csv",451
"NY1192404280","PHI",9,0,1,0,0,"",2,4,"holkw101","?","holkw101","?","barnv101","?","barnv101","?","snydf101","kellg101","frisf101","grohh101","jackt101","meusi101","soutb101","younr101","","","","K","F","F",3,7,3,"T","T",0,"F","F",1,"F","F",0,"F","F",0,"","F","F","",0,0,"N",0,"N",0,"N",0,0,0,0,"2","","","","F","F","F","F","F","F","F","F","F","","","","F","F","F","F","F","","","","",0,2,0,0,0,0,0,0,0,76,"NY1","PHI","NY1",0,"F","F",2,4,0,33,1,"T","F",0,0,"T","T","henlb101","coucj101","T","T",0,0,0,0,0,0,0,0,0,"","","",0,0,0,0,0,0,0,0,0,0,0,0,0,"","F","F","F","F",0,0,0,0,0,0,0,0,0,0,F,F,"1924NY1.EVN.regular.event.csv",452
"NY1192404280","PHI",9,0,2,0,0,"",2,4,"willc103","?","willc103","?","barnv101","?","barnv101","?","snydf101","kellg101","frisf101","grohh101","jackt101","meusi101","soutb101","younr101","","","","8/L","F","T",11,8,2,"T","T",0,"F","F",1,"F","F",0,"F","F",8,"L","F","F","",0,0,"N",0,"N",0,"N",0,0,0,0,"8","","","","F","F","F","F","F","F","F","F","F","","","","F","T","F","F","F","","","","henlb101",2,8,0,0,0,0,0,0,0,77,"NY1","PHI","NY1",0,"F","T",2,4,0,34,2,"T","F",0,0,"F","F","coucj101","sandh101","T","T",0,0,0,0,0,0,0,0,0,"","","",0,0,0,0,0,0,0,0,0,0,0,0,0,"soutb101","F","F","F","F",0,0,0,0,0,0,0,0,0,0,F,F,"1924NY1.EVN.regular.event.csv",453
"NY1192405281","BRO",1,0,0,0,0,"",0,0,"bailg101","?","bailg101","?","nehfa101","?","nehfa101","?","snydf101","kellg101","frisf101","lindf101","jackt101","meusi101","soutb101","younr101","","","","63","T","F",8,1,2,"T","T",0,"F","F",1,"F","F",0,"F","F",6,"G","F","F","",0,0,"N",0,"N",0,"N",0,0,0,0,"63","","","","F","F","F","F","F","F","F","F","F","","","","T","F","F","F","F","","","","",0,3,0,0,6,0,0,0,0,1,"NY1","BRO","NY1",0,"T","F",0,0,0,0,0,"T","F",0,0,"T","T","johnj107","wheaz101","T","T",0,0,0,0,0,0,0,0,0,"","","",0,0,0,0,0,0,0,0,0,0,0,0,0,"jackt101","F","F","F","F",0,0,0,0,0,0,0,0,0,0,F,F,"1924NY1.EVN.regular.event.csv",454
"NY1192405281","BRO",1,0,1,0,0,"",0,0,"johnj107","?","johnj107","?","nehfa101","?","nehfa101","?","snydf101","kellg101","frisf101","lindf101","jackt101","meusi101","soutb101","younr101","","","","8/L","F","F",6,2,2,"T","T",0,"F","F",1,"F","F",0,"F","F",8,"L","F","F","",0,0,"N",0,"N",0,"N",0,0,0,0,"8","","","","F","F","F","F","F","F","F","F","F","","","","F","F","F","F","F","","","","",0,8,0,0,0,0,0,0,0,2,"NY1","BRO","NY1",0,"F","F",0,0,0,1,1,"T","F",0,0,"T","T","wheaz101","fourj101","T","T",0,0,0,0,0,0,0,0,0,"","","",0,0,0,0,0,0,0,0,0,0,0,0,0,"soutb101","F","F","F","F",0,0,0,0,0,0,0,0,0,0,F,F,"1924NY1.EVN.regular.event.csv",455
"NY1192405281","BRO",1,0,2,0,0,"",0,0,"wheaz101","?","wheaz101","?","nehfa101","?","nehfa101","?","snydf101","kellg101","frisf101","lindf101","jackt101","meusi101","soutb101","younr101","","","","K","F","F",7,3,3,"T","T",0,"F","F",1,"F","F",0,"F","F",0,"","F","F","",0,0,"N",0,"N",0,"N",0,0,0,0,"2","","","","F","F","F","F","F","F","F","F","F","","","","F","F","F","F","F","","","","",0,2,0,0,0,0,0,0,0,3,"NY1","BRO","NY1",0,"F","T",0,0,0,2,2,"T","F",0,0,"T","T","fourj101","stocm101","T","T",0,0,0,0,0,0,0,0,0,"","","",0,0,0,0,0,0,0,0,0,0,0,0,0,"","F","F","F","F",0,0,0,0,0,0,0,0,0,0,F,F,"1924NY1.EVN.regular.event.csv",456
"NY1192405281","BRO",1,1,0,0,0,"",0,0,"younr101","?","younr101","?","vancd101","?","vancd101","?","debeh101","fourj101","higha101","stocm101","johnj107","wheaz101","bailg101","neisb101","","","","S","T","F",9,1,20,"T","T",1,"F","F",0,"F","F",0,"F","F",0,"","F","F","",0,0,"N",0,"N",0,"N",1,0,0,0,"","","","","F","F","F","F","F","F","F","F","F","","","","F","F","F","F","F","","","","",0,0,0,0,0,0,0,0,0,4,"NY1","NY1","BRO",1,"T","F",0,0,0,0,0,"T","F",0,1,"T","T","frisf101","soutb101","T","T",0,0,0,0,0,0,0,0,0,"","","",0,0,0,0,0,0,0,0,0,0,0,0,0,"","F","F","F","F",0,0,0,0,0,0,0,0,0,0,F,F,"1924NY1.EVN.regular.event.csv",457
"NY1192405281","BRO",1,1,0,0,0,"",0,0,"frisf101","?","frisf101","?","vancd101","?","vancd101","?","debeh101","fourj101","higha101","stocm101","johnj107","wheaz101","bailg101","neisb101","younr101","","","4/P","F","F",4,2,2,"T","T",0,"F","F",1,"F","F",0,"F","F",4,"P","F","F","",0,0,"N",0,"N",0,"N",0,1,0,0,"4","","","","F","F","F","F","F","F","F","F","F","vancd101","","","F","F","F","F","F","","","","",0,4,0,0,0,0,0,0,0,5,"NY1","NY1","BRO",1,"F","F",0,0,0,1,1,"T","F",1,1,"T","T","soutb101","meusi101","T","T",9,1,4,0,0,0,0,0,0,"debeh101","","",0,0,0,0,0,0,0,0,0,0,0,0,0,"higha101","F","F","F","F",0,0,0,0,0,0,0,0,0,0,F,F,"1924NY1.EVN.regular.event.csv",458
"NY1192405281","BRO",1,1,1,0,0,"",0,0,"soutb101","?","soutb101","?","vancd101","?","vancd101","?","debeh101","fourj101","higha101","stocm101","johnj107","wheaz101","bailg101","neisb101","younr101","","","W.1-2","F","F",8,3,14,"T","F",0,"F","F",0,"F","F",0,"F","F",0,"","F","F","",0,0,"N",0,"N",0,"N",1,2,0,0,"","","","","F","F","F","F","F","F","F","F","F","vancd101","","","F","F","F","F","F","","","","",0,0,0,0,0,0,0,0,0,6,"NY1","NY1","BRO",1,"F","F",0,0,0,2,2,"T","F",1,3,"T","T","meusi101","kellg101","T","T",9,1,4,0,0,0,0,0,0,"debeh101","","",0,0,0,0,0,0,0,0,0,0,0,0,0,"","F","F","F","F",0,0,0,0,0,0,0,0,0,0,F,F,"1924NY1.EVN.regular.event.csv",459
"NY1192405281","BRO",1,1,1,0,0,"",0,0,"meusi101","?","meusi101","?","vancd101","?","vancd101","?","debeh101","fourj101","higha101","stocm101","johnj107","wheaz101","bailg101","neisb101","soutb101","younr101","","4/P","F","F",7,4,2,"T","T",0,"F","F",1,"F","F",0,"F","F",4,"P","F","F","",0,0,"N",0,"N",0,"N",0,1,2,0,"4","","","","F","F","F","F","F","F","F","F","F","vancd101","vancd101","","F","F","F","F","F","","","","",0,4,0,0,0,0,0,0,0,7,"NY1","NY1","BRO",1,"F","F",0,0,0,3,3,"T","F",3,3,"T","T","kellg101","jackt101","T","T",8,3,6,9,1,4,0,0,0,"debeh101","debeh101","",0,0,0,0,0,0,0,0,0,0,0,0,0,"higha101","F","F","F","F",0,0,0,0,0,0,0,0,0,0,F,F,"1924NY1.EVN.regular.event.csv",460
"NY1192405281","BRO",1,1,2,0,0,"",0,0,"kellg101","?","kellg101","?","vancd101","?","vancd101","?","debeh101","fourj101","higha101","stocm101","johnj107","wheaz101","bailg101","neisb101","soutb101","younr101","","5(2)/FO","F","F",3,5,2,"T","T",0,"F","F",1,"F","F",0,"F","F",5,"G","F","F","",0,0,"N",0,"N",0,"N",1,1,0,0,"","","5","","F","F","F","F","F","F","F","F","F","vancd101","vancd101","","F","F","F","F","F","","","","",0,5,0,0,0,0,0,0,0,8,"NY1","NY1","BRO",1,"F","T",0,0,0,4,4,"T","F",3,1,"T","T","jackt101","lindf101","T","T",8,3,6,9,1,4,0,0,0,"debeh101","debeh101","",0,0,0,0,0,0,0,0,0,0,0,0,0,"stocm101","F","T","F","F",0,0,0,0,0,0,0,0,0,0,F,F,"1924NY1.EVN.regular.event.csv",461
"NY1192405281","BRO",2,0,0,0,0,"",0,0,"fourj101","?","fourj101","?","nehfa101","?","nehfa101","?","snydf101","kellg101","frisf101","lindf101","jackt101","meusi101","soutb101","younr101","","","","43","T","F",3,4,2,"T","T",0,"F","F",1,"F","F",0,"F","F",4,"G","F","F","",0,0,"N",0,"N",0,"N",0,0,0,0,"43","","","","F","F","F","F","F","F","F","F","F","","","","F","F","F","F","F","","","","",0,3,0,0,4,0,0,0,0,9,"NY1","BRO","NY1",0,"T","F",0,0,0,3,0,"T","F",0,0,"T","T","stocm101","neisb101","T","T",0,0,0,0,0,0,0,0,0,"","","",0,0,0,0,0,0,0,0,0,0,0,0,0,"frisf101","F","F","F","F",0,0,0,0,1,0,0,0,0,0,F,F,"1924NY1.EVN.regular.event.csv",462
"NY1192405281","BRO",2,0,1,0,0,"",0,0,"stocm101","?","stocm101","?","nehfa101","?","nehfa101","?","snydf101","kellg101","frisf101","lindf101","jackt101","meusi101","soutb101","younr101","","","","HR/F9D","F","F",5,5,23,"T","T",4,"F","F",0,"F","F",1,"F","F",0,"F","F","F","9D",0,0,"N",0,"N",0,"N",4,0,0,0,"","","","","F","F","F","F","F","F","F","F","F","","","","F","F","F","F","F","","","","",0,0,0,0,0,0,0,0,0,10,"NY1","BRO","NY1",0,"F","F",0,0,0,4,1,"T","F",0,0,"T","T","neisb101","higha101","T","T",0,0,0,0,0,0,0,0,0,"","","",0,0,0,0,0,0,0,0,0,0,0,0,1,"","F","F","F","F",4,0,0,0,0,0,0,0,0,0,F,F,"1924NY1.EVN.regular.event.csv",463
"NY1192405281","BRO",2,0,1,0,0,"",1,0,"neisb101","?","neisb101","?","nehfa101","?","nehfa101","?","snydf101","kellg101","frisf101","lindf101","jackt101","meusi101","soutb101","younr101","","","","63","F","F",9,6,2,"T","T",0,"F","F",1,"F","F",0,"F","F",6,"G","F","F","",0,0,"N",0,"N",0,"N",0,0,0,0,"63","","","","F","F","F","F","F","F","F","F","F","","","","F","F","F","F","F","","","","",0,3,0,0,6,0,0,0,0,11,"NY1","BRO","NY1",0,"F","F",1,0,1,5,2,"T","F",0,0,"T","T","higha101","debeh101","T","T",0,0,0,0,0,0,0,0,0,"","","",0,0,0,0,0,0,0,0,0,0,0,0,0,"jackt101","F","F","F","F",0,0,0,0,0,0,0,0,0,0,F,F,"1924NY1.EVN.regular.event.csv",464
"NY1192405281","BRO",2,0,2,0,0,"",1,0,"higha101","?","higha101","?","nehfa101","?","nehfa101","?","snydf101","kellg101","frisf101","lindf101","jackt101","meusi101","soutb101","younr101","","","","43","F","F",4,7,2,"T","T",0,"F","F",1,"F","F",0,"F","F",4,"G","F","F","",0,0,"N",0,"N",0,"N",0,0,0,0,"43","","","","F","F","F","F","F","F","F","F","F","","","","F","F","F","F","F","","","","",0,3,0,0,4,0,0,0,0,12,"NY1","BRO","NY1",0,"F","T",1,0,1,6,3,"T","F",0,0,"T","T","debeh101","vancd101","T","T",0,0,0,0,0,0,0,0,0,"","","",0,0,0,0,0,0,0,0,0,0,0,0,0,"frisf101","F","F","F","F",0,0,0,0,0,0,0,0,0,0,F,F,"1924NY1.EVN.regular.event.csv",465
"NY1192405281","BRO",2,1,0,0,0,"",1,0,"jackt101","?","jackt101","?","vancd101","?","vancd101","?","debeh101","fourj101","higha101","stocm101","johnj107","wheaz101","bailg101","neisb101","","","","E3/P#","T","F",6,6,18,"T","T",0,"F","F",0,"F","F",0,"F","F",3,"P","F","F","",1,3,"F",0,"N",0,"N",1,0,0,0,"","","","","F","F","F","F","F","F","F","F","F","","","","F","F","F","F","F","","","","",0,0,0,0,0,0,0,0,0,13,"NY1","NY1","BRO",1,"T","F",0,1,0,5,0,"T","F",0,1,"T","T","lindf101","snydf101","T","T",0,0,0,0,0,0,0,0,0,"","","",0,0,0,0,0,0,0,0,0,0,0,0,0,"fourj101","F","F","F","T",0,0,0,0,0,0,0,0,0,0,F,T,"1924NY1.EVN.regular.event.csv",466
"NY1192405281","BRO",2,1,0,0,0,"",1,0,"lindf101","?","lindf101","?","vancd101","?","vancd101","?","debeh101","fourj101","higha101","stocm101","johnj107","wheaz101","bailg101","neisb101","jackt101","","","K","F","F",5,7,3,"T","T",0,"F","F",1,"F","F",0,"F","F",0,"","F","F","",0,0,"N",0,"N",0,"N",0,1,0,0,"2","","","","F","F","F","F","F","F","F","F","F","vancd101","","","F","F","F","F","F","","","","",0,2,0,0,0,0,0,0,0,14,"NY1","NY1","BRO",1,"F","F",0,1,0,6,1,"T","F",1,1,"T","T","snydf101","nehfa101","T","T",6,6,13,0,0,0,0,0,0,"debeh101","","",0,0,0,0,0,0,0,0,0,0,0,0,0,"","F","F","F","F",0,0,0,0,0,0,0,0,0,0,F,F,"1924NY1.EVN.regular.event.csv",467
"NY1192405281","BRO",2,1,1,0,0,"",1,0,"snydf101","?","snydf101","?","vancd101","?","vancd101","?","debeh101","fourj101","higha101","stocm101","johnj107","wheaz101","bailg101","neisb101","jackt101","","","2/FL","F","F",2,8,2,"T","T",0,"F","F",1,"F","F",0,"F","F",2,"F","F","T","",0,0,"N",0,"N",0,"N",0,1,0,0,"2","","","","F","F","F","F","F","F","F","F","F","vancd101","","","F","F","F","F","F","","","","",0,2,0,0,0,0,0,0,0,15,"NY1","NY1","BRO",1,"F","F",0,1,0,7,2,"T","F",1,1,"T","T","nehfa101","younr101","T","T",6,6,13,0,0,0,0,0,0,"debeh101","","",0,0,0,0,0,0,0,0,0,0,0,0,0,"debeh101","F","F","F","F",0,0,0,0,0,0,0,0,0,0,F,F,"1924NY1.EVN.regular.event.csv",468
"NY1192405281","BRO",2,1,2,0,0,"",1,0,"nehfa101","?","nehfa101","?","vancd101","?","vancd101","?","debeh101","fourj101","higha101","stocm101","johnj107","wheaz101","bailg101","neisb101","jackt101","","","K","F","F",1,9,3,"T","T",0,"F","F",1,"F","F",0,"F","F",0,"","F","F","",0,0,"N",0,"N",0,"N",0,1,0,0,"2","","","","F","F","F","F","F","F","F","F","F","vancd101","","","F","F","F","F","F","","","","",0,2,0,0,0,0,0,0,0,16,"NY1","NY1","BRO",1,"F","T",0,1,0,8,3,"T","F",1,1,"T","T","younr101","frisf101","T","T",6,6,13,0,0,0,0,0,0,"debeh101","","",0,0,0,0,0,0,0,0,0,0,0,0,0,"","F","F","F","F",0,0,0,0,0,0,0,0,0,0,F,F,"1924NY1.EVN.regular.event.csv",469
"NY1192405281","BRO",3,0,0,0,0,"",1,0,"debeh101","?","debeh101","?","nehfa101","?","nehfa101","?","snydf101","kellg101","frisf101","lindf101","jackt101","meusi101","soutb101","younr101","","","","D","T","F",2,8,21,"T","T",2,"F","F",0,"F","F",0,"F","F",0,"","F","F","",0,0,"N",0,"N",0,"N",2,0,0,0,"","","","","F","F","F","F","F","F","F","F","F","","","","F","F","F","F","F","","","","",0,0,0,0,0,0,0,0,0,17,"NY1","BRO","NY1",0,"T","F",1,0,0,7,0,"T","F",0,2,"T","T","vancd101","bailg101","T","T",0,0,0,0,0,0,0,0,0,"","","",0,0,0,0,0,0,0,0,0,0,0,0,0,"","F","F","F","F",0,0,0,0,0,0,0,0,0,0,F,F,"1924NY1.EVN.regular.event.csv",470
"NY1192405281","BRO",3,0,0,0,0,"",1,0,"vancd101","?","vancd101","?","nehfa101","?","nehfa101","?","snydf101","kellg101","frisf101","lindf101","jackt101","meusi101","soutb101","younr101","","debeh101","","8/F","F","F",1,9,2,"T","T",0,"F","F",1,"F","F",0,"F","F",8,"F","F","F","",0,0,"N",0,"N",0,"N",0,0,2,0,"8","","","","F","F","F","F","F","F","F","F","F","","nehfa101","","F","F","F","F","F","","","","",0,8,0,0,0,0,0,0,0,18,"NY1","BRO","NY1",0,"F","F",1,0,0,8,1,"T","F",2,2,"T","T","bailg101","johnj107","T","T",0,0,0,2,8,17,0,0,0,"","snydf101","",0,0,0,0,0,0,0,0,0,0,0,0,0,"soutb101","F","F","F","F",0,0,0,0,0,0,0,0,0,0,F,F,"1924NY1.EVN.regular.event.csv",471
"NY1192405281","BRO",3,0,1,0,0,"",1,0,"bailg101","?","bailg101","?","nehfa101","?","nehfa101","?","snydf101","kellg101","frisf101","lindf101","jackt101","meusi101","soutb101","younr101","","debeh101","","53","F","F",8,1,2,"T","T",0,"F","F",1,"F","F",0,"F","F",5,"G","F","F","",0,0,"N",0,"N",0,"N",0,0,2,0,"53","","","","F","F","F","F","F","F","F","F","F","","nehfa101","","F","F","F","F","F","","","","",0,3,0,0,5,0,0,0,0,19,"NY1","BRO","NY1",0,"F","F",1,0,0,9,2,"T","F",2,2,"T","T","johnj107","wheaz101","T","T",0,0,0,2,8,17,0,0,0,"","snydf101","",0,0,0,0,0,0,0,0,0,0,0,0,0,"lindf101","F","F","F","F",0,0,0,0,0,0,0,0,0,0,F,F,"1924NY1.EVN.regular.event.csv",472
"NY1192405281","BRO",3,0,2,0,0,"",1,0,"johnj107","?","johnj107","?","nehfa101","?","nehfa101","?","snydf101","kellg101","frisf101","lindf101","jackt101","meusi101","soutb101","younr101","","debeh101","","53","F","F",6,2,2,"T","T",0,"F","F",1,"F","F",0,"F","F",5,"G","F","F","",0,0,"N",0,"N",0,"N",0,0,2,0,"53","","","","F","F","F","F","F","F","F","F","F","","nehfa101","","F","F","F","F","F","","","","",0,3,0,0,5,0,0,0,0,20,"NY1","BRO","NY1",0,"F","T",1,0,0,10,3,"T","F",2,2,"T","T","wheaz101","fourj101","T","T",0,0,0,2,8,17,0,0,0,"","snydf101","",0,0,0,0,0,0,0,0,0,0,0,0,0,"lindf101","F","F","F","F",0,0,0,0,0,0,0,0,0,0,F,F,"1924NY1.EVN.regular.event.csv",473
"NY1192405281","BRO",3,1,0,0,0,"",1,0,"younr101","?","younr101","?","vancd101","?","vancd101","?","debeh101","fourj101","higha101","stocm101","johnj107","wheaz101","bailg101","neisb101","","","","13","T","F",9,1,2,"T","T",0,"F","F",1,"F","F",0,"F","F",1,"G","F","F","",0,0,"N",0,"N",0,"N",0,0,0,0,"13","","","","F","F","F","F","F","F","F","F","F","","","","F","F","F","F","F","","","","",0,3,0,0,1,0,0,0,0,21,"NY1","NY1","BRO",1,"T","F",0,1,0,9,0,"T","F",0,0,"T","T","frisf101","soutb101","T","T",0,0,0,0,0,0,0,0,0,"","","",0,0,0,0,0,0,0,0,0,0,0,0,0,"vancd101","F","F","F","F",0,0,0,0,0,0,0,0,0,0,F,F,"1924NY1.EVN.regular.event.csv",474
"NY1192405281","BRO",3,1,1,0,0,"",1,0,"frisf101","?","frisf101","?","vancd101","?","vancd101","?","debeh101","fourj101","higha101","stocm101","johnj107","wheaz101","bailg101","neisb101","","","","7/F","F","F",4,2,2,"T","T",0,"F","F",1,"F","F",0,"F","F",7,"F","F","F","",0,0,"N",0,"N",0,"N",0,0,0,0,"7","","","","F","F","F","F","F","F","F","F","F","","","","F","F","F","F","F","","","","",0,7,0,0,0,0,0,0,0,22,"NY1","NY1","BRO",1,"F","F",0,1,0,10,1,"T","F",0,0,"T","T","soutb101","meusi101","T","T",0,0,0,0,0,0,0,0,0,"","","",0,0,0,0,0,0,0,0,0,0,0,0,0,"wheaz101","F","F","F","F",0,0,0,0,0,0,0,0,0,0,F,F,"1924NY1.EVN.regular.event.csv",475
"NY1192405281","BRO",3,1,2,0,0,"",1,0,"soutb101","?","soutb101","?","vancd101","?","vancd101","?","debeh101","fourj101","higha101","stocm101","johnj107","wheaz101","bailg101","neisb101","","","","43","F","F",8,3,2,"T","T",0,"F","F",1,"F","F",0,"F","F",4,"G","F","F","",0,0,"N",0,"N",0,"N",0,0,0,0,"43","","","","F","F","F","F","F","F","F","F","F","","","","F","F","F","F","F","","","","",0,3,0,0,4,0,0,0,0,23,"NY1","NY1","BRO",1,"F","T",0,1,0,11,2,"T","F",0,0,"T","T","meusi101","kellg101","T","T",0,0,0,0,0,0,0,0,0,"","","",0,0,0,0,0,0,0,0,0,0,0,0,0,"higha101","F","F","F","F",0,0,0,0,0,0,0,0,0,0,F,F,"1924NY1.EVN.regular.event.csv",476
"NY1192405281","BRO",4,0,0,0,0,"",1,0,"wheaz101","?","wheaz101","?","nehfa101","?","nehfa101","?","snydf101","kellg101","frisf101","lindf101","jackt101","meusi101","soutb101","younr101","","","","2/P","T","F",7,3,2,"T","T",0,"F","F",1,"F","F",0,"F","F",2,"P","F","F","",0,0,"N",0,"N",0,"N",0,0,0,0,"2","","","","F","F","F","F","F","F","F","F","F","","","","F","F","F","F","F","","","","",0,2,0,0,0,0,0,0,0,24,"NY1","BRO","NY1",0,"T","F",1,0,0,11,0,"T","F",0,0,"T","T","fourj101","stocm101","T","T",0,0,0,0,0,0,0,0,0,"","","",0,0,0,0,0,0,0,0,0,0,0,0,0,"snydf101","F","F","F","F",0,0,0,0,2,0,0,0,0,0,F,F,"1924NY1.EVN.regular.event.csv",477
"NY1192405281","BRO",4,0,1,0,0,"",1,0,"fourj101","?","fourj101","?","nehfa101","?","nehfa101","?","snydf101","kellg101","frisf101","lindf101","jackt101","meusi101","soutb101","younr101","","","","S","F","F",3,4,20,"T","T",1,"F","F",0,"F","F",0,"F","F",0,"","F","F","",0,0,"N",0,"N",0,"N",1,0,0,0,"","","","","F","F","F","F","F","F","F","F","F","","","","F","F","F","F","F","","","","",0,0,0,0,0,0,0,0,0,25,"NY1","BRO","NY1",0,"F","F",1,0,0,12,1,"T","F",0,1,"T","T","stocm101","neisb101","T","T",0,0,0,0,0,0,0,0,0,"","","",0,0,0,0,0,0,0,0,0,0,0,0,0,"","F","F","F","F",4,0,0,0,2,0,0,0,0,0,F,F,"1924NY1.EVN.regular.event.csv",478
"NY1192405281","BRO",4,0,1,0,0,"",1,0,"stocm101","?","stocm101","?","nehfa101","?","nehfa101","?","snydf101","kellg101","frisf101","lindf101","jackt101","meusi101","soutb101","younr101","fourj101","","","PB.1-2","F","F",5,5,10,"F","F",0,"F","F",0,"F","F",0,"F","T",0,"","F","F","",0,0,"N",0,"N",0,"N",0,2,0,0,"","","","","F","F","F","F","F","F","F","F","F","nehfa101","","","F","F","F","F","F","","","","",0,0,0,0,0,0,0,0,0,26,"NY1","BRO","NY1",0,"F","F",1,0,0,13,2,"T","F",1,2,"T","T","neisb101","higha101","T","T",3,4,25,0,0,0,0,0,0,"snydf101","","",0,0,0,0,0,0,0,0,0,0,0,0,0,"","F","F","F","F",0,4,0,0,2,0,0,0,0,0,F,F,"1924NY1.EVN.regular.event.csv",479
"NY1192405281","BRO",4,0,1,0,0,"",1,0,"stocm101","?","stocm101","?","nehfa101","?","nehfa101","?","snydf101","kellg101","frisf101","lindf101","jackt101","meusi101","soutb101","younr101","","fourj101","","W","F","F",5,5,14,"T","F",0,"F","F",0,"F","F",0,"F","F",0,"","F","F","",0,0,"N",0,"N",0,"N",1,0,2,0,"","","","","F","F","F","F","F","F","F","F","F","","nehfa101","","F","F","F","F","F","","","","",0,0,0,0,0,0,0,0,0,27,"NY1","BRO","NY1",0,"F","F",1,0,0,13,2,"F","F",2,3,"T","T","neisb101","higha101","T","T",0,0,0,3,4,25,0,0,0,"","snydf101","",0,0,0,0,0,0,0,0,0,0,0,0,0,"","F","F","F","F",5,0,4,0,2,0,0,0,0,0,F,F,"1924NY1.EVN.regular.event.csv",480
"NY1192405281","BRO",4,0,1,0,0,"",1,0,"neisb101","?","neisb101","?","nehfa101","?","nehfa101","?","snydf101","kellg101","frisf101","lindf101","jackt101","meusi101","soutb101","younr101","stocm101","fourj101","","S9/9S.2-H;1-H(E9)(NR)(UR);B-2","F","F",9,6,20,"T","T",1,"F","F",0,"F","F",1,"F","F",9,"","F","F","9S",1,9,"F",0,"N",0,"N",2,5,4,0,"","","","","F","F","F","F","F","F","F","F","F","nehfa101","nehfa101","","F","F","F","F","F","","","","",0,0,0,0,0,0,0,0,0,28,"NY1","BRO","NY1",0,"F","F",1,0,0,14,3,"T","F",3,2,"T","T","higha101","debeh101","T","T",5,5,27,3,4,25,0,0,0,"snydf101","snydf101","",0,0,0,0,0,0,0,0,0,0,0,0,2,"younr101","F","F","F","F",0,5,4,0,0,0,0,0,0,0,F,F,"1924NY1.EVN.regular.event.csv",481
"NY1192405281","BRO",4,0,1,0,0,"",3,0,"higha101","?","higha101","?","nehfa101","?","nehfa101","?","snydf101","kellg101","frisf101","lindf101","jackt101","meusi101","soutb101","younr101","","neisb101","","FC1.2X3(145);B-2","F","F",4,7,19,"T","T",0,"F","F",1,"F","F",0,"F","F",1,"G","F","F","",0,0,"N",0,"N",0,"N",2,0,0,0,"","","145","","F","F","F","F","F","F","F","F","F","","nehfa101","","F","F","F","F","F","","","","",0,5,0,0,1,4,0,0,0,29,"NY1","BRO","NY1",0,"F","F",3,0,2,15,4,"T","F",2,2,"T","T","debeh101","vancd101","T","T",0,0,0,9,6,28,0,0,0,"","snydf101","",0,0,0,0,0,0,0,0,0,0,0,0,0,"nehfa101","F","F","F","F",0,0,0,0,0,0,0,0,0,0,F,F,"1924NY1.EVN.regular.event.csv",482
"NY1192405281","BRO",4,0,2,0,0,"",3,0,"debeh101","?","debeh101","?","nehfa101","?","nehfa101","?","snydf101","kellg101","frisf101","lindf101","jackt101","meusi101","soutb101","younr101","","higha101","","W","F","F",2,8,14,"T","F",0,"F","F",0,"F","F",0,"F","F",0,"","F","F","",0,0,"N",0,"N",0,"N",1,0,2,0,"","","","","F","F","F","F","F","F","F","F","F","","nehfa101","","F","F","F","F","F","","","","",0,0,0,0,0,0,0,0,0,30,"NY1","BRO","NY1",0,"F","F",3,0,2,16,5,"T","F",2,3,"T","T","vancd101","bailg101","T","T",0,0,0,4,7,29,0,0,0,"","snydf101","",0,0,0,0,0,0,0,0,0,0,0,0,0,"","F","F","F","F",0,0,0,0,0,0,0,0,0,0,F,F,"1924NY1.EVN.regular.event.csv",483
"NY1192405281","BRO",4,0,2,0,0,"",3,0,"vancd101","?","vancd101","?","nehfa101","?","nehfa101","?","snydf101","kellg101","frisf101","lindf101","jackt101","meusi101","soutb101","younr101","debeh101","higha101","","5(2)/FO","F","F",1,9,2,"T","T",0,"F","F",1,"F","F",0,"F","F",5,"G","F","F","",0,0,"N",0,"N",0,"N",1,1,0,0,"","","5","","F","F","F","F","F","F","F","F","F","nehfa101","nehfa101","","F","F","F","F","F","","","","",0,5,0,0,0,0,0,0,0,31,"NY1","BRO","NY1",0,"F","T",3,0,2,17,6,"T","F",3,1,"T","T","bailg101","johnj107","T","T",2,8,30,4,7,29,0,0,0,"snydf101","snydf101","",0,0,0,0,0,0,0,0,0,0,0,0,0,"lindf101","F","T","F","F",0,0,0,0,0,0,0,0,0,0,F,F,"1924NY1.EVN.regular.event.csv",484
"NY1192405281","BRO",4,1,0,0,0,"",3,0,"meusi101","?","meusi101","?","vancd101","?","vancd101","?","debeh101","fourj101","higha101","stocm101","johnj107","wheaz101","bailg101","neisb101","","","","31","T","F",7,4,2,"T","T",0,"F","F",1,"F","F",0,"F","F",3,"G","F","F","",0,0,"N",0,"N",0,"N",0,0,0,0,"31","","","","F","F","F","F","F","F","F","F","F","","","","F","F","F","F","F","","","","",0,1,0,0,3,0,0,0,0,32,"NY1","NY1","BRO",1,"T","F",0,3,0,12,0,"T","F",0,0,"T","T","kellg101","jackt101","T","T",0,0,0,0,0,0,0,0,0,"","","",0,0,0,0,0,0,0,0,0,0,0,0,0,"fourj101","F","F","F","F",0,0,0,0,0,0,0,0,0,0,F,F,"1924NY1.EVN.regular.event.csv",485
"NY1192405281","BRO",4,1,1,0,0,"",3,0,"kellg101","?","kellg101","?","vancd101","?","vancd101","?","debeh101","fourj101","higha101","stocm101","johnj107","wheaz101","bailg101","neisb101","","","","K","F","F",3,5,3,"T","T",0,"F","F",1,"F","F",0,"F","F",0,"","F","F","",0,0,"N",0,"N",0,"N",0,0,0,0,"2","","","","F","F","F","F","F","F","F","F","F","","","","F","F","F","F","F","","","","",0,2,0,0,0,0,0,0,0,33,"NY1","NY1","BRO",1,"F","F",0,3,0,13,1,"T","F",0,0,"T","T","jackt101","lindf101","T","T",0,0,0,0,0,0,0,0,0,"","","",0,0,0,0,0,0,0,0,0,0,0,0,0,"","F","F","F","F",0,0,0,0,0,0,0,0,0,0,F,F,"1924NY1.EVN.regular.event.csv",486
"NY1192405281","BRO",4,1,2,0,0,"",3,0,"jackt101","?","jackt101","?","vancd101","?","vancd101","?","debeh101","fourj101","higha101","stocm101","johnj107","wheaz101","bailg101","neisb101","","","","13","F","F",6,6,2,"T","T",0,"F","F",1,"F","F",0,"F","F",1,"G","F","F","",0,0,"N",0,"N",0,"N",0,0,0,0,"13","","","","F","F","F","F","F","F","F","F","F","","","","F","F","F","F","F","","","","",0,3,0,0,1,0,0,0,0,34,"NY1","NY1","BRO",1,"F","T",0,3,0,14,2,"T","F",0,0,"T","T","lindf101","snydf101","T","T",0,0,0,0,0,0,0,0,0,"","","",0,0,0,0,0,0,0,0,0,0,0,0,0,"vancd101","F","F","F","F",0,0,0,0,0,0,0,0,0,0,F,F,"1924NY1.EVN.regular.event.csv",487
"NY1192405281","BRO",5,0,0,0,0,"",3,0,"bailg101","?","bailg101","?","nehfa101","?","nehfa101","?","snydf101","kellg101","frisf101","lindf101","jackt101","meusi101","soutb101","younr101","","","","D","T","F",8,1,21,"T","T",2,"F","F",0,"F","F",0,"F","F",0,"","F","F","",0,0,"N",0,"N",0,"N",2,0,0,0,"","","","","F","F","F","F","F","F","F","F","F","","","","F","F","F","F","F","","","","",0,0,0,0,0,0,0,0,0,35,"NY1","BRO","NY1",0,"T","F",3,0,0,18,0,"T","F",0,2,"T","T","johnj107","wheaz101","T","T",0,0,0,0,0,0,0,0,0,"","","",0,0,0,0,0,0,0,0,0,0,0,0,0,"","F","F","F","F",4,0,0,0,1,0,0,0,0,0,F,F,"1924NY1.EVN.regular.event.csv",488
"NY1192405281","BRO",5,0,0,0,0,"",3,0,"johnj107","?","johnj107","?","nehfa101","?","nehfa101","?","snydf101","kellg101","frisf101","lindf101","jackt101","meusi101","soutb101","younr101","","bailg101","","63","F","F",6,2,2,"T","T",0,"F","F",1,"F","F",0,"F","F",6,"G","F","F","",0,0,"N",0,"N",0,"N",0,0,2,0,"63","","","","F","F","F","F","F","F","F","F","F","","nehfa101","","F","F","F","F","F","","","","",0,3,0,0,6,0,0,0,0,36,"NY1","BRO","NY1",0,"F","F",3,0,0,19,1,"T","F",2,2,"T","T","wheaz101","fourj101","T","T",0,0,0,8,1,35,0,0,0,"","snydf101","",0,0,0,0,0,0,0,0,0,0,0,0,0,"jackt101","F","F","F","F",0,0,4,0,1,0,0,0,0,0,F,F,"1924NY1.EVN.regular.event.csv",489
"NY1192405281","BRO",5,0,1,0,0,"",3,0,"wheaz101","?","wheaz101","?","nehfa101","?","nehfa101","?","snydf101","kellg101","frisf101","lindf101","jackt101","meusi101","soutb101","younr101","","bailg101","","S.2-H","F","F",7,3,20,"T","T",1,"F","F",0,"F","F",1,"F","F",0,"","F","F","",0,0,"N",0,"N",0,"N",1,0,4,0,"","","","","F","F","F","F","F","F","F","F","F","","nehfa101","","F","F","F","F","F","","","","",0,0,0,0,0,0,0,0,0,37,"NY1","BRO","NY1",0,"F","F",3,0,0,20,2,"T","F",2,1,"T","T","fourj101","stocm101","T","T",0,0,0,8,1,35,0,0,0,"","snydf101","",0,0,0,0,0,0,0,0,0,0,0,0,1,"","F","F","F","F",0,0,4,0,0,0,0,0,0,0,F,F,"1924NY1.EVN.regular.event.csv",490
"NY1192405281","BRO",5,0,1,0,0,"",4,0,"fourj101","?","fourj101","?","nehfa101","?","nehfa101","?","snydf101","kellg101","frisf101","lindf101","jackt101","meusi101","soutb101","younr101","wheaz101","","","S.1-3","F","F",3,4,20,"T","T",1,"F","F",0,"F","F",0,"F","F",0,"","F","F","",0,0,"N",0,"N",0,"N",1,3,0,0,"","","","","F","F","F","F","F","F","F","F","F","nehfa101","","","F","F","F","F","F","","","","",0,0,0,0,0,0,0,0,0,38,"NY1","BRO","NY1",0,"F","F",4,0,1,21,3,"T","F",1,5,"T","T","stocm101","neisb101","T","T",7,3,37,0,0,0,0,0,0,"snydf101","","",0,0,0,0,0,0,0,0,0,0,0,0,0,"","F","F","F","F",0,0,0,0,0,0,0,0,0,0,F,F,"1924NY1.EVN.regular.event.csv",491
"NY1192405281","BRO",5,0,1,0,0,"",4,0,"stocm101","?","stocm101","?","nehfa101","?","nehfa101","?","snydf101","kellg101","frisf101","lindf101","jackt101","meusi101","soutb101","younr101","fourj101","","wheaz101","64(1)3/GDP","F","F",5,5,2,"T","T",0,"F","F",2,"T","F",0,"F","F",6,"G","F","F","",0,0,"N",0,"N",0,"N",0,0,0,3,"43","64","","","F","F","F","F","F","F","F","F","F","nehfa101","","nehfa101","F","F","F","F","F","","","","",0,4,3,0,6,4,0,0,0,39,"NY1","BRO","NY1",0,"F","T",4,0,1,22,4,"T","F",5,4,"T","T","neisb101","higha101","T","T",3,4,38,0,0,0,7,3,37,"snydf101","","snydf101",0,0,0,0,0,0,0,0,0,0,0,0,0,"jackt101","T","F","F","F",0,0,0,0,0,0,0,0,0,0,F,F,"1924NY1.EVN.regular.event.csv",492
"NY1192405281","BRO",5,1,0,0,0,"",4,0,"lindf101","?","lindf101","?","vancd101","?","vancd101","?","debeh101","fourj101","higha101","stocm101","johnj107","wheaz101","bailg101","neisb101","","","","8/F","T","F",5,7,2,"T","T",0,"F","F",1,"F","F",0,"F","F",8,"F","F","F","",0,0,"N",0,"N",0,"N",0,0,0,0,"8","","","","F","F","F","F","F","F","F","F","F","","","","F","F","F","F","F","","","","",0,8,0,0,0,0,0,0,0,40,"NY1","NY1","BRO",1,"T","F",0,4,0,15,0,"T","F",0,0,"T","T","snydf101","nehfa101","T","T",0,0,0,0,0,0,0,0,0,"","","",0,0,0,0,0,0,0,0,0,0,0,0,0,"bailg101","F","F","F","F",0,0,0,0,0,0,0,0,0,0,F,F,"1924NY1.EVN.regular.event.csv",493
"NY1192405281","BRO",5,1,1,0,0,"",4,0,"snydf101","?","snydf101","?","vancd101","?","vancd101","?","debeh101","fourj101","higha101","stocm101","johnj107","wheaz101","bailg101","neisb101","","","","S","F","F",2,8,20,"T","T",1,"F","F",0,"F","F",0,"F","F",0,"","F","F","",0,0,"N",0,"N",0,"N",1,0,0,0,"","","","","F","F","F","F","F","F","F","F","F","","","","F","F","F","F","F","","","","",0,0,0,0,0,0,0,0,0,41,"NY1","NY1","BRO",1,"F","F",0,4,0,16,1,"T","F",0,1,"T","T","nehfa101","younr101","T","T",0,0,0,0,0,0,0,0,0,"","","",0,0,0,0,0,0,0,0,0,0,0,0,0,"","F","F","F","F",0,0,0,0,0,0,0,0,0,0,F,F,"1924NY1.EVN.regular.event.csv",494
"NY1192405281","BRO",5,1,1,0,0,"",4,0,"nehfa101","?","nehfa101","?","vancd101","?","vancd101","?","debeh101","fourj101","higha101","stocm101","johnj107","wheaz101","bailg101","neisb101","snydf101","","","64(1)3/GDP","F","F",1,9,2,"T","T",0,"F","F",2,"T","F",0,"F","F",6,"G","F","F","",0,0,"N",0,"N",0,"N",0,0,0,0,"43","64","","","F","F","F","F","F","F","F","F","F","vancd101","","","F","F","F","F","F","","","","",0,4,3,0,6,4,0,0,0,42,"NY1","NY1","BRO",1,"F","T",0,4,0,17,2,"T","F",1,0,"T","T","younr101","frisf101","T","T",2,8,41,0,0,0,0,0,0,"debeh101","","",0,0,0,0,0,0,0,0,0,0,0,0,0,"johnj107","T","F","F","F",0,0,0,0,0,0,0,0,0,0,F,F,"1924NY1.EVN.regular.event.csv",495
"NY1192405281","BRO",6,0,0,0,0,"",4,0,"neisb101","?","neisb101","?","nehfa101","?","nehfa101","?","snydf101","kellg101","frisf101","lindf101","jackt101","meusi101","soutb101","younr101","","","","S","T","F",9,6,20,"T","T",1,"F","F",0,"F","F",0,"F","F",0,"","F","F","",0,0,"N",0,"N",0,"N",1,0,0,0,"","","","","F","F","F","F","F","F","F","F","F","","","","F","F","F","F","F","","","","",0,0,0,0,0,0,0,0,0,43,"NY1","BRO","NY1",0,"T","F",4,0,0,23,0,"T","F",0,1,"T","T","higha101","debeh101","T","T",0,0,0,0,0,0,0,0,0,"","","",0,0,0,0,0,0,0,0,0,0,0,0,0,"","F","F","F","F",0,0,0,0,0,0,0,0,0,0,F,F,"1924NY1.EVN.regular.event.csv",496
"NY1192405281","BRO",6,0,0,0,0,"",4,0,"higha101","?","higha101","?","nehfa101","?","nehfa101","?","snydf101","kellg101","frisf101","lindf101","jackt101","meusi101","soutb101","younr101","neisb101","","","4/P","F","F",4,7,2,"T","T",0,"F","F",1,"F","F",0,"F","F",4,"P","F","F","",0,0,"N",0,"N",0,"N",0,1,0,0,"4","","","","F","F","F","F","F","F","F","F","F","nehfa101","","","F","F","F","F","F","","","","",0,4,0,0,0,0,0,0,0,44,"NY1","BRO","NY1",0,"F","F",4,0,0,24,1,"T","F",1,1,"T","T","debeh101","vancd101","T","T",9,6,43,0,0,0,0,0,0,"snydf101","","",0,0,0,0,0,0,0,0,0,0,0,0,0,"frisf101","F","F","F","F",0,0,0,0,0,0,0,0,0,0,F,F,"1924NY1.EVN.regular.event.csv",497
"NY1192405281","BRO",6,0,1,0,0,"",4,0,"debeh101","?","debeh101","?","nehfa101","?","nehfa101","?","snydf101","kellg101","frisf101","lindf101","jackt101","meusi101","soutb101","younr101","neisb101","","","K","F","F",2,8,3,"T","T",0,"F","F",1,"F","F",0,"F","F",0,"","F","F","",0,0,"N",0,"N",0,"N",0,1,0,0,"2","","","","F","F","F","F","F","F","F","F","F","nehfa101","","","F","F","F","F","F","","","","",0,2,0,0,0,0,0,0,0,45,"NY1","BRO","NY1",0,"F","F",4,0,0,25,2,"T","F",1,1,"T","T","vancd101","bailg101","T","T",9,6,43,0,0,0,0,0,0,"snydf101","","",0,0,0,0,0,0,0,0,0,0,0,0,0,"","F","F","F","F",0,0,0,0,0,0,0,0,0,0,F,F,"1924NY1.EVN.regular.event.csv",498
"NY1192405281","BRO",6,0,2,0,0,"",4,0,"vancd101","?","vancd101","?","nehfa101","?","nehfa101","?","snydf101","kellg101","frisf101","lindf101","jackt101","meusi101","soutb101","younr101","neisb101","","","53","F","F",1,9,2,"T","T",0,"F","F",1,"F","F",0,"F","F",5,"G","F","F","",0,0,"N",0,"N",0,"N",0,1,0,0,"53","","","","F","F","F","F","F","F","F","F","F","nehfa101","","","F","F","F","F","F","","","","",0,3,0,0,5,0,0,0,0,46,"NY1","BRO","NY1",0,"F","T",4,0,0,26,3,"T","F",1,1,"T","T","bailg101","johnj107","T","T",9,6,43,0,0,0,0,0,0,"snydf101","","",0,0,0,0,0,0,0,0,0,0,0,0,0,"lindf101","F","F","F","F",0,0,0,0,0,0,0,0,0,0,F,F,"1924NY1.EVN.regular.event.csv",499
"NY1192405281","BRO",6,1,0,0,0,"",4,0,"younr101","?","younr101","?","vancd101","?","vancd101","?","debeh101","fourj101","higha101","stocm101","johnj107","wheaz101","bailg101","neisb101","","","","W","T","F",9,1,14,"T","F",0,"F","F",0,"F","F",0,"F","F",0,"","F","F","",0,0,"N",0,"N",0,"N",1,0,0,0,"","","","","F","F","F","F","F","F","F","F","F","","","","F","F","F","F","F","","","","",0,0,0,0,0,0,0,0,0,47,"NY1","NY1","BRO",1,"T","F",0,4,0,18,0,"T","F",0,1,"T","T","frisf101","soutb101","T","T",0,0,0,0,0,0,0,0,0,"","","",0,0,0,0,0,0,0,0,0,0,0,0,0,"","F","F","F","F",4,0,0,0,2,0,0,0,0,0,F,F,"1924NY1.EVN.regular.event.csv",500
"NY1192405281","BRO",6,1,0,0,0,"",4,0,"frisf101","?","frisf101","?","vancd101","?","vancd101","?","debeh101","fourj101","higha101","stocm101","johnj107","wheaz101","bailg101","neisb101","younr101","","","S.1-2#","F","F",4,2,20,"T","T",1,"F","F",0,"F","F",0,"F","F",0,"","F","F","",0,0,"N",0,"N",0,"N",1,2,0,0,"","","","","F","F","F","F","F","F","F","F","F","vancd101","","","F","F","F","F","F","","","","",0,0,0,0,0,0,0,0,0,48,"NY1","NY1","BRO",1,"F","F",0,4,0,19,1,"T","F",1,3,"T","T","soutb101","meusi101","T","T",9,1,47,0,0,0,0,0,0,"debeh101","","",0,0,0,0,0,0,0,0,0,0,0,0,0,"","F","F","F","F",4,4,0,0,2,0,0,0,0,0,F,T,"1924NY1.EVN.regular.event.csv",501
"NY1192405281","BRO",6,1,0,0,0,"",4,0,"soutb101","?","soutb101","?","vancd101","?","vancd101","?","debeh101","fourj101","higha101","stocm101","johnj107","wheaz101","bailg101","neisb101","frisf101","younr101","","S.2-H;1-3","F","F",8,3,20,"T","T",1,"F","F",0,"F","F",1,"F","F",0,"","F","F","",0,0,"N",0,"N",0,"N",1,3,4,0,"","","","","F","F","F","F","F","F","F","F","F","vancd101","vancd101","","F","F","F","F","F","","","","",0,0,0,0,0,0,0,0,0,49,"NY1","NY1","BRO",1,"F","F",0,4,0,20,2,"T","F",3,5,"T","T","meusi101","kellg101","T","T",4,2,48,9,1,47,0,0,0,"debeh101","debeh101","",0,0,0,0,0,0,0,0,0,0,0,0,1,"","F","F","F","F",0,4,4,0,1,0,0,0,0,0,F,F,"1924NY1.EVN.regular.event.csv",502
"NY1192405281","BRO",6,1,0,0,0,"",4,1,"meusi101","?","meusi101","?","vancd101","?","vancd101","?","debeh101","fourj101","higha101","stocm101","johnj107","wheaz101","bailg101","neisb101","soutb101","","frisf101","8/SF.3-H","F","F",7,4,2,"T","F",0,"F","T",1,"F","F",1,"F","F",8,"F","F","F","",0,0,"N",0,"N",0,"N",0,1,0,4,"8","","","","F","F","F","F","F","F","F","F","F","vancd101","","vancd101","F","F","F","F","F","","","","",0,8,0,0,0,0,0,0,0,50,"NY1","NY1","BRO",1,"F","F",1,4,1,21,3,"T","F",5,1,"T","T","kellg101","jackt101","T","T",8,3,49,0,0,0,4,2,48,"debeh101","","debeh101",0,0,0,0,0,0,0,0,0,0,0,0,1,"bailg101","F","F","F","F",0,0,0,4,0,0,0,0,0,0,F,F,"1924NY1.EVN.regular.event.csv",503
"NY1192405281","BRO",6,1,1,0,0,"",4,2,"kellg101","?","kellg101","?","vancd101","?","vancd101","?","debeh101","fourj101","higha101","stocm101","johnj107","wheaz101","bailg101","neisb101","soutb101","","","8/F","F","F",3,5,2,"T","T",0,"F","F",1,"F","F",0,"F","F",8,"F","F","F","",0,0,"N",0,"N",0,"N",0,1,0,0,"8","","","","F","F","F","F","F","F","F","F","F","vancd101","","","F","F","F","F","F","","","","",0,8,0,0,0,0,0,0,0,51,"NY1","NY1","BRO",1,"F","F",2,4,2,22,4,"T","F",1,1,"T","T","jackt101","lindf101","T","T",8,3,49,0,0,0,0,0,0,"debeh101","","",0,0,0,0,0,0,0,0,0,0,0,0,0,"bailg101","F","F","F","F",0,0,0,0,0,0,0,0,0,0,F,F,"1924NY1.EVN.regular.event.csv",504
"NY1192405281","BRO",6,1,2,0,0,"",4,2,"jackt101","?","jackt101","?","vancd101","?","vancd101","?","debeh101","fourj101","higha101","stocm101","johnj107","wheaz101","bailg101","neisb101","soutb101","","","K","F","F",6,6,3,"T","T",0,"F","F",1,"F","F",0,"F","F",0,"","F","F","",0,0,"N",0,"N",0,"N",0,1,0,0,"2","","","","F","F","F","F","F","F","F","F","F","vancd101","","","F","F","F","F","F","","","","",0,2,0,0,0,0,0,0,0,52,"NY1","NY1","BRO",1,"F","T",2,4,2,23,5,"T","F",1,1,"T","T","lindf101","snydf101","T","T",8,3,49,0,0,0,0,0,0,"debeh101","","",0,0,0,0,0,0,0,0,0,0,0,0,0,"","F","F","F","F",0,0,0,0,0,0,0,0,0,0,F,F,"1924NY1.EVN.regular.event.csv",505
"NY1192405281","BRO",7,0,0,0,0,"",4,2,"bailg101","?","bailg101","?","nehfa101","?","nehfa101","?","snydf101","kellg101","frisf101","lindf101","jackt101","meusi101","soutb101","younr101","","","","43","T","F",8,1,2,"T","T",0,"F","F",1,"F","F",0,"F","F",4,"G","F","F","",0,0,"N",0,"N",0,"N",0,0,0,0,"43","","","","F","F","F","F","F","F","F","F","F","","","","F","F","F","F","F","","","","",0,3,0,0,4,0,0,0,0,53,"NY1","BRO","NY1",0,"T","F",4,2,0,27,0,"T","F",0,0,"T","T","johnj107","wheaz101","T","T",0,0,0,0,0,0,0,0,0,"","","",0,0,0,0,0,0,0,0,0,0,0,0,0,"frisf101","F","F","F","F",0,0,0,0,0,0,0,0,0,0,F,F,"1924NY1.EVN.regular.event.csv",506
"NY1192405281","BRO",7,0,1,0,0,"",4,2,"johnj107","?","johnj107","?","nehfa101","?","nehfa101","?","snydf101","kellg101","frisf101","lindf101","jackt101","meusi101","soutb101","younr101","","","","4/P","F","F",6,2,2,"T","T",0,"F","F",1,"F","F",0,"F","F",4,"P","F","F","",0,0,"N",0,"N",0,"N",0,0,0,0,"4","","","","F","F","F","F","F","F","F","F","F","","","","F","F","F","F","F","","","","",0,4,0,0,0,0,0,0,0,54,"NY1","BRO","NY1",0,"F","F",4,2,0,28,1,"T","F",0,0,"T","T","wheaz101","fourj101","T","T",0,0,0,0,0,0,0,0,0,"","","",0,0,0,0,0,0,0,0,0,0,0,0,0,"frisf101","F","F","F","F",0,0,0,0,0,0,0,0,0,0,F,F,"1924NY1.EVN.regular.event.csv",507
"NY1192405281","BRO",7,0,2,0,0,"",4,2,"wheaz101","?","wheaz101","?","nehfa101","?","nehfa101","?","snydf101","kellg101","frisf101","lindf101","jackt101","meusi101","soutb101","younr101","","","","63","F","F",7,3,2,"T","T",0,"F","F",1,"F","F",0,"F","F",6,"G","F","F","",0,0,"N",0,"N",0,"N",0,0,0,0,"63","","","","F","F","F","F","F","F","F","F","F","","","","F","F","F","F","F","","","","",0,3,0,0,6,0,0,0,0,55,"NY1","BRO","NY1",0,"F","T",4,2,0,29,2,"T","F",0,0,"T","T","fourj101","stocm101","T","T",0,0,0,0,0,0,0,0,0,"","","",0,0,0,0,0,0,0,0,0,0,0,0,0,"jackt101","F","F","F","F",0,0,0,0,0,0,0,0,0,0,F,F,"1924NY1.EVN.regular.event.csv",508
"NY1192405281","BRO",7,1,0,0,0,"",4,2,"terrb101","?","terrb101","?","vancd101","?","vancd101","?","debeh101","fourj101","higha101","stocm101","johnj107","wheaz101","bailg101","neisb101","","","","8/F","T","T",11,7,2,"T","T",0,"F","F",1,"F","F",0,"F","F",8,"F","F","F","",0,0,"N",0,"N",0,"N",0,0,0,0,"8","","","","F","F","F","F","F","F","F","F","F","","","","F","F","F","F","F","","","","lindf101",5,8,0,0,0,0,0,0,0,56,"NY1","NY1","BRO",1,"T","F",2,4,0,24,0,"T","F",0,0,"F","F","snydf101","nehfa101","T","T",0,0,0,0,0,0,0,0,0,"","","",0,0,0,0,0,0,0,0,0,0,0,0,0,"bailg101","F","F","F","F",0,0,0,0,0,0,0,0,0,0,F,F,"1924NY1.EVN.regular.event.csv",509
"NY1192405281","BRO",7,1,1,0,0,"",4,2,"snydf101","?","snydf101","?","vancd101","?","vancd101","?","debeh101","fourj101","higha101","stocm101","johnj107","wheaz101","bailg101","neisb101","","","","3/FL","F","F",2,8,2,"T","T",0,"F","F",1,"F","F",0,"F","F",3,"F","F","T","",0,0,"N",0,"N",0,"N",0,0,0,0,"3","","","","F","F","F","F","F","F","F","F","F","","","","F","F","F","F","F","","","","",0,3,0,0,0,0,0,0,0,57,"NY1","NY1","BRO",1,"F","F",2,4,0,25,1,"T","F",0,0,"T","T","nehfa101","younr101","T","T",0,0,0,0,0,0,0,0,0,"","","",0,0,0,0,0,0,0,0,0,0,0,0,0,"fourj101","F","F","F","F",0,0,0,0,0,0,0,0,0,0,F,F,"1924NY1.EVN.regular.event.csv",510
"NY1192405281","BRO",7,1,2,0,0,"",4,2,"bentj101","?","bentj101","?","vancd101","?","vancd101","?","debeh101","fourj101","higha101","stocm101","johnj107","wheaz101","bailg101","neisb101","","","","K","F","T",11,9,3,"T","T",0,"F","F",1,"F","F",0,"F","F",0,"","F","F","",0,0,"N",0,"N",0,"N",0,0,0,0,"2","","","","F","F","F","F","F","F","F","F","F","","","","F","F","F","F","F","","","","nehfa101",1,2,0,0,0,0,0,0,0,58,"NY1","NY1","BRO",1,"F","T",2,4,0,26,2,"T","F",0,0,"F","F","younr101","frisf101","T","T",0,0,0,0,0,0,0,0,0,"","","",0,0,0,0,0,0,0,0,0,0,0,0,0,"","F","F","F","F",0,0,0,0,0,0,0,0,0,0,F,F,"1924NY1.EVN.regular.event.csv",511
"NY1192405281","BRO",8,0,0,0,0,"X",4,2,"fourj101","?","fourj101","?","jonnc101","?","jonnc101","?","snydf101","kellg101","frisf101","grohh101","jackt101","meusi101","soutb101","younr101","","","","HR/F9D","T","F",3,4,23,"T","T",4,"F","F",0,"F","F",1,"F","F",0,"F","F","F","9D",0,0,"N",0,"N",0,"N",4,0,0,0,"","","","","F","F","F","F","F","F","F","F","F","","","","F","F","F","F","F","","","","",0,0,0,0,0,0,0,0,0,59,"NY1","BRO","NY1",0,"T","F",4,2,0,30,0,"T","F",0,0,"T","T","stocm101","neisb101","F","F",0,0,0,0,0,0,0,0,0,"","","",0,0,0,0,0,0,1,0,0,0,1,0,1,"","F","F","F","F",4,0,0,0,0,0,0,0,0,0,F,F,"1924NY1.EVN.regular.event.csv",512
"NY1192405281","BRO",8,0,0,0,0,"",5,2,"stocm101","?","stocm101","?","jonnc101","?","jonnc101","?","snydf101","kellg101","frisf101","grohh101","jackt101","meusi101","soutb101","younr101","","","","9/L","F","F",5,5,2,"T","T",0,"F","F",1,"F","F",0,"F","F",9,"L","F","F","",0,0,"N",0,"N",0,"N",0,0,0,0,"9","","","","F","F","F","F","F","F","F","F","F","","","","F","F","F","F","F","","","","",0,9,0,0,0,0,0,0,0,60,"NY1","BRO","NY1",0,"F","F",5,2,1,31,1,"T","F",0,0,"T","T","neisb101","higha101","F","F",0,0,0,0,0,0,0,0,0,"","","",0,0,0,0,0,0,0,0,0,0,0,0,0,"younr101","F","F","F","F",0,0,0,0,0,0,0,0,0,0,F,F,"1924NY1.EVN.regular.event.csv",513
"NY1192405281","BRO",8,0,1,0,0,"",5,2,"neisb101","?","neisb101","?","jonnc101","?","jonnc101","?","snydf101","kellg101","frisf101","grohh101","jackt101","meusi101","soutb101","younr101","","","","7/F","F","F",9,6,2,"T","T",0,"F","F",1,"F","F",0,"F","F",7,"F","F","F","",0,0,"N",0,"N",0,"N",0,0,0,0,"7","","","","F","F","F","F","F","F","F","F","F","","","","F","F","F","F","F","","","","",0,7,0,0,0,0,0,0,0,61,"NY1","BRO","NY1",0,"F","F",5,2,1,32,2,"T","F",0,0,"T","T","higha101","debeh101","F","F",0,0,0,0,0,0,0,0,0,"","","",0,0,0,0,0,0,0,0,0,0,0,0,0,"meusi101","F","F","F","F",0,0,0,0,0,0,0,0,0,0,F,F,"1924NY1.EVN.regular.event.csv",514
"NY1192405281","BRO",8,0,2,0,0,"",5,2,"higha101","?","higha101","?","jonnc101","?","jonnc101","?","snydf101","kellg101","frisf101","grohh101","jackt101","meusi101","soutb101","younr101","","","","W","F","F",4,7,14,"T","F",0,"F","F",0,"F","F",0,"F","F",0,"","F","F","",0,0,"N",0,"N",0,"N",1,0,0,0,"","","","","F","F","F","F","F","F","F","F","F","","","","F","F","F","F","F","","","","",0,0,0,0,0,0,0,0,0,62,"NY1","BRO","NY1",0,"F","F",5,2,1,33,3,"T","F",0,1,"T","T","debeh101","vancd101","F","F",0,0,0,0,0,0,0,0,0,"","","",0,0,0,0,0,0,0,0,0,0,0,0,0,"","F","F","F","F",0,0,0,0,0,0,0,0,0,0,F,F,"1924NY1.EVN.regular.event.csv",515
"NY1192405281","BRO",8,0,2,0,0,"",5,2,"debeh101","?","debeh101","?","jonnc101","?","jonnc101","?","snydf101","kellg101","frisf101","grohh101","jackt101","meusi101","soutb101","younr101","higha101","","","7/F","F","F",2,8,2,"T","T",0,"F","F",1,"F","F",0,"F","F",7,"F","F","F","",0,0,"N",0,"N",0,"N",0,1,0,0,"7","","","","F","F","F","F","F","F","F","F","F","jonnc101","","","F","F","F","F","F","","","","",0,7,0,0,0,0,0,0,0,63,"NY1","BRO","NY1",0,"F","T",5,2,1,34,4,"T","F",1,1,"T","T","vancd101","bailg101","F","F",4,7,62,0,0,0,0,0,0,"snydf101","","",0,0,0,0,0,0,0,0,0,0,0,0,0,"meusi101","F","F","F","F",0,0,0,0,0,0,0,0,0,0,F,F,"1924NY1.EVN.regular.event.csv",516
"NY1192405281","BRO",8,1,0,0,0,"",5,2,"younr101","?","younr101","?","vancd101","?","vancd101","?","debeh101","fourj101","higha101","stocm101","johnj107","wheaz101","bailg101","neisb101","","","","6/FL","T","F",9,1,2,"T","T",0,"F","F",1,"F","F",0,"F","F",6,"F","F","T","",0,0,"N",0,"N",0,"N",0,0,0,0,"6","","","","F","F","F","F","F","F","F","F","F","","","","F","F","F","F","F","","","","",0,6,0,0,0,0,0,0,0,64,"NY1","NY1","BRO",1,"T","F",2,5,0,27,0,"T","F",0,0,"T","T","frisf101","soutb101","T","T",0,0,0,0,0,0,0,0,0,"","","",0,0,0,0,0,0,0,0,0,0,0,0,0,"johnj107","F","F","F","F",0,0,0,0,3,0,0,0,0,0,F,F,"1924NY1.EVN.regular.event.csv",517
"NY1192405281","BRO",8,1,1,0,0,"",5,2,"frisf101","?","frisf101","?","vancd101","?","vancd101","?","debeh101","fourj101","higha101","stocm101","johnj107","wheaz101","bailg101","neisb101","","","","D7.B-3(E7)","F","F",4,2,21,"T","T",2,"F","F",0,"F","F",0,"F","F",7,"","F","F","",1,7,"F",0,"N",0,"N",3,0,0,0,"","","","","F","F","F","F","F","F","F","F","F","","","","F","F","F","F","F","","","","",0,0,0,0,0,0,0,0,0,65,"NY1","NY1","BRO",1,"F","F",2,5,0,28,1,"T","F",0,4,"T","T","soutb101","meusi101","T","T",0,0,0,0,0,0,0,0,0,"","","",0,0,0,0,0,0,0,0,0,0,0,0,0,"wheaz101","F","F","F","F",4,0,0,0,3,0,0,0,0,0,F,F,"1924NY1.EVN.regular.event.csv",518
"NY1192405281","BRO",8,1,1,0,0,"",5,2,"soutb101","?","soutb101","?","vancd101","?","vancd101","?","debeh101","fourj101","higha101","stocm101","johnj107","wheaz101","bailg101","neisb101","","","frisf101","W","F","F",8,3,14,"T","F",0,"F","F",0,"F","F",0,"F","F",0,"","F","F","",0,0,"N",0,"N",0,"N",1,0,0,3,"","","","","F","F","F","F","F","F","F","F","F","","","vancd101","F","F","F","F","F","","","","",0,0,0,0,0,0,0,0,0,66,"NY1","NY1","BRO",1,"F","F",2,5,0,29,2,"T","F",4,5,"T","T","meusi101","kellg101","T","T",0,0,0,0,0,0,4,2,65,"","","debeh101",0,0,0,0,0,0,0,0,0,0,0,0,0,"","F","F","F","F",4,0,0,4,3,0,0,0,0,0,F,F,"1924NY1.EVN.regular.event.csv",519
"NY1192405281","BRO",8,1,1,0,0,"",5,2,"meusi101","?","meusi101","?","vancd101","?","vancd101","?","debeh101","fourj101","higha101","stocm101","johnj107","wheaz101","bailg101","neisb101","soutb101","","frisf101","S.3-H;1-3","F","F",7,4,20,"T","T",1,"F","F",0,"F","F",1,"F","F",0,"","F","F","",0,0,"N",0,"N",0,"N",1,3,0,4,"","","","","F","F","F","F","F","F","F","F","F","vancd101","","vancd101","F","F","F","F","F","","","","",0,0,0,0,0,0,0,0,0,67,"NY1","NY1","BRO",1,"F","F",2,5,0,30,3,"T","F",5,5,"T","T","kellg101","jackt101","T","T",8,3,66,0,0,0,4,2,65,"debeh101","","debeh101",0,0,0,0,0,0,0,0,0,0,0,0,1,"","F","F","F","F",4,4,0,4,2,0,0,0,0,0,F,F,"1924NY1.EVN.regular.event.csv",520
"NY1192405281","BRO",8,1,1,0,0,"",5,3,"kellg101","?","kellg101","?","vancd101","?","vancd101","?","debeh101","fourj101","higha101","stocm101","johnj107","wheaz101","bailg101","neisb101","meusi101","","soutb101","D7.3-H;1-H","F","F",3,5,21,"T","T",2,"F","F",0,"F","F",2,"F","F",7,"","F","F","",0,0,"N",0,"N",0,"N",2,4,0,4,"","","","","F","F","F","F","F","F","F","F","F","vancd101","","vancd101","F","F","F","F","F","","","","",0,0,0,0,0,0,0,0,0,68,"NY1","NY1","BRO",1,"F","F",3,5,1,31,4,"T","F",5,2,"T","T","jackt101","grohh101","T","T",7,4,67,0,0,0,8,3,66,"debeh101","","debeh101",0,0,0,0,0,0,0,0,0,0,0,0,2,"wheaz101","F","F","F","F",0,4,0,4,0,0,0,0,0,0,F,F,"1924NY1.EVN.regular.event.csv",521
"NY1192405281","BRO",8,1,1,0,0,"",5,5,"jackt101","?","jackt101","?","vancd101","?","vancd101","?","debeh101","fourj101","higha101","stocm101","johnj107","wheaz101","bailg101","neisb101","","kellg101","","9/F9D.2-3","F","F",6,6,2,"T","T",0,"F","F",1,"F","F",0,"F","F",9,"F","F","F","9D",0,0,"N",0,"N",0,"N",0,0,3,0,"9","","","","F","F","F","F","F","F","F","F","F","","vancd101","","F","F","F","F","F","","","","",0,9,0,0,0,0,0,0,0,69,"NY1","NY1","BRO",1,"F","F",5,5,3,32,5,"T","F",2,4,"T","T","grohh101","snydf101","T","T",0,0,0,3,5,68,0,0,0,"","debeh101","",0,0,0,0,0,0,0,0,0,0,0,0,0,"neisb101","F","F","F","F",0,0,0,0,0,0,0,0,0,0,F,F,"1924NY1.EVN.regular.event.csv",522
"NY1192405281","BRO",8,1,2,0,0,"",5,5,"grohh101","?","grohh101","?","vancd101","?","vancd101","?","debeh101","fourj101","higha101","stocm101","johnj107","wheaz101","bailg101","neisb101","","","kellg101","4/P3D","F","F",5,7,2,"T","T",0,"F","F",1,"F","F",0,"F","F",4,"P","F","F","3D",0,0,"N",0,"N",0,"N",0,0,0,3,"4","","","","F","F","F","F","F","F","F","F","F","","","vancd101","F","F","F","F","F","","","","",0,4,0,0,0,0,0,0,0,70,"NY1","NY1","BRO",1,"F","T",5,5,3,33,6,"T","F",4,4,"F","F","snydf101","jonnc101","T","T",0,0,0,0,0,0,3,5,68,"","","debeh101",0,0,0,0,0,0,0,0,0,0,0,0,0,"higha101","F","F","F","F",0,0,0,0,0,0,0,0,0,0,F,F,"1924NY1.EVN.regular.event.csv",523
"NY1192405281","BRO",9,0,0,0,0,"",5,5,"vancd101","?","vancd101","?","jonnc101","?","jonnc101","?","snydf101","kellg101","frisf101","grohh101","jackt101","meusi101","soutb101","younr101","","","","K","T","F",1,9,3,"T","T",0,"F","F",1,"F","F",0,"F","F",0,"","F","F","",0,0,"N",0,"N",0,"N",0,0,0,0,"2","","","","F","F","F","F","F","F","F","F","F","","","","F","F","F","F","F","","","","",0,2,0,0,0,0,0,0,0,71,"NY1","BRO","NY1",0,"T","F",5,5,0,35,0,"T","F",0,0,"T","T","bailg101","johnj107","F","F",0,0,0,0,0,0,0,0,0,"","","",0,0,0,0,0,0,0,0,0,0,0,0,0,"","F","F","F","F",0,0,0,0,0,0,0,0,0,0,F,F,"1924NY1.EVN.regular.event.csv",524
"NY1192405281","BRO",9,0,1,0,0,"",5,5,"grift102","?","grift102","?","jonnc101","?","jonnc101","?","snydf101","kellg101","frisf101","grohh101","jackt101","meusi101","soutb101","younr101","","","","5/FL","F","T",11,1,2,"T","T",0,"F","F",1,"F","F",0,"F","F",5,"F","F","T","",0,0,"N",0,"N",0,"N",0,0,0,0,"5","","","","F","F","F","F","F","F","F","F","F","","","","F","F","F","F","F","","","","bailg101",8,5,0,0,0,0,0,0,0,72,"NY1","BRO","NY1",0,"F","F",5,5,0,36,1,"T","F",0,0,"F","F","johnj107","wheaz101","F","F",0,0,0,0,0,0,0,0,0,"","","",0,0,0,0,0,0,0,0,0,0,0,0,0,"grohh101","F","F","F","F",0,0,0,0,0,0,0,0,0,0,F,F,"1924NY1.EVN.regular.event.csv",525
"NY1192405281","BRO",9,0,2,0,0,"",5,5,"johnj107","?","johnj107","?","jonnc101","?","jonnc101","?","snydf101","kellg101","frisf101","grohh101","jackt101","meusi101","soutb101","younr101","","","","S","F","F",6,2,20,"T","T",1,"F","F",0,"F","F",0,"F","F",0,"","F","F","",0,0,"N",0,"N",0,"N",1,0,0,0,"","","","","F","F","F","F","F","F","F","F","F","","","","F","F","F","F","F","","","","",0,0,0,0,0,0,0,0,0,73,"NY1","BRO","NY1",0,"F","F",5,5,0,37,2,"T","F",0,1,"T","T","wheaz101","fourj101","F","F",0,0,0,0,0,0,0,0,0,"","","",0,0,0,0,0,0,0,0,0,0,0,0,0,"","F","F","F","F",0,0,0,0,0,0,0,0,0,0,F,F,"1924NY1.EVN.regular.event.csv",526
"NY1192405281","BRO",9,0,2,0,0,"",5,5,"wheaz101","?","wheaz101","?","jonnc101","?","jonnc101","?","snydf101","kellg101","frisf101","grohh101","jackt101","meusi101","soutb101","younr101","johnj107","","","CS2(24)","F","F",7,3,6,"F","F",0,"F","F",1,"F","F",0,"F","F",0,"","F","F","",0,0,"N",0,"N",0,"N",0,0,0,0,"","24","","","F","F","F","T","F","F","F","F","F","jonnc101","","","F","F","F","F","F","","","","",0,4,0,0,2,0,0,0,0,74,"NY1","BRO","NY1",0,"F","T",5,5,0,38,3,"T","T",1,0,"T","T","fourj101","stocm101","F","F",6,2,73,0,0,0,0,0,0,"snydf101","","",0,0,0,0,0,0,0,0,0,0,0,0,0,"","F","F","F","F",0,0,0,0,0,0,0,0,0,0,F,F,"1924NY1.EVN.regular.event.csv",527
"NY1192405281","BRO",9,1,0,0,0,"",5,5,"snydf101","?","snydf101","?","vancd101","?","vancd101","?","debeh101","fourj101","higha101","stocm101","johnj107","wheaz101","neisb101","grift102","","","","S8","T","F",2,8,20,"T","T",1,"F","F",0,"F","F",0,"F","F",8,"","F","F","",0,0,"N",0,"N",0,"N",1,0,0,0,"","","","","F","F","F","F","F","F","F","F","F","","","","F","F","F","F","F","","","","",0,0,0,0,0,0,0,0,0,75,"NY1","NY1","BRO",1,"T","F",5,5,0,34,0,"T","F",0,1,"T","T","jonnc101","younr101","T","T",0,0,0,0,0,0,0,0,0,"","","",0,0,0,0,0,0,0,0,0,0,0,0,0,"neisb101","F","F","F","F",4,0,0,0,1,0,0,0,0,0,F,F,"1924NY1.EVN.regular.event.csv",528
"NY1192405281","BRO",9,1,0,0,0,"",5,5,"jonnc101","?","jonnc101","?","vancd101","?","vancd101","?","debeh101","fourj101","higha101","stocm101","johnj107","wheaz101","neisb101","grift102","mcquh101","","","K/C","F","F",1,9,3,"T","T",0,"F","F",1,"F","F",0,"F","F",0,"","F","F","",0,0,"N",0,"N",0,"N",0,1,0,0,"2","","","","F","F","F","F","F","F","F","F","F","vancd101","","","F","F","T","F","F","snydf101","","","",0,2,0,0,0,0,0,0,0,76,"NY1","NY1","BRO",1,"F","F",5,5,0,35,1,"T","F",1,1,"F","F","younr101","frisf101","T","T",0,8,75,0,0,0,0,0,0,"debeh101","","",0,0,0,0,0,0,0,0,0,0,0,0,0,"","F","F","F","F",0,4,0,0,1,0,0,0,0,0,F,F,"1924NY1.EVN.regular.event.csv",529
"NY1192405281","BRO",9,1,1,0,0,"",5,5,"younr101","?","younr101","?","vancd101","?","vancd101","?","debeh101","fourj101","higha101","stocm101","johnj107","wheaz101","neisb101","grift102","mcquh101","","","S8.1-2","F","F",9,1,20,"T","T",1,"F","F",0,"F","F",0,"F","F",8,"","F","F","",0,0,"N",0,"N",0,"N",1,2,0,0,"","","","","F","F","F","F","F","F","F","F","F","vancd101","","","F","F","F","F","F","","","","",0,0,0,0,0,0,0,0,0,77,"NY1","NY1","BRO",1,"F","F",5,5,0,36,2,"T","F",1,3,"T","T","frisf101","soutb101","T","T",0,8,75,0,0,0,0,0,0,"debeh101","","",0,0,0,0,0,0,0,0,0,0,0,0,0,"neisb101","F","F","F","F",3,4,0,0,1,0,0,0,0,0,F,F,"1924NY1.EVN.regular.event.csv",530
"NY1192405281","BRO",9,1,1,0,0,"",5,5,"frisf101","?","frisf101","?","vancd101","?","vancd101","?","debeh101","fourj101","higha101","stocm101","johnj107","wheaz101","neisb101","grift102","younr101","mcquh101","","9/F","F","F",4,2,2,"T","T",0,"F","F",1,"F","F",0,"F","F",9,"F","F","F","",0,0,"N",0,"N",0,"N",0,1,2,0,"9","","","","F","F","F","F","F","F","F","F","F","vancd101","vancd101","","F","F","F","F","F","","","","",0,9,0,0,0,0,0,0,0,78,"NY1","NY1","BRO",1,"F","F",5,5,0,37,3,"T","F",3,3,"T","T","soutb101","meusi101","T","T",9,1,77,0,8,75,0,0,0,"debeh101","debeh101","",0,0,0,0,0,0,0,0,0,0,0,0,0,"grift102","F","F","F","F",0,3,4,0,1,0,0,0,0,0,F,F,"1924NY1.EVN.regular.event.csv",531
"NY1192405281","BRO",9,1,2,0,0,"",5,5,"soutb101","?","soutb101","?","vancd101","?","vancd101","?","debeh101","fourj101","higha101","stocm101","johnj107","wheaz101","neisb101","grift102","younr101","mcquh101","","D7/L78S.2-H;1-3","F","F",8,3,21,"T","T",2,"F","F",0,"F","F",1,"F","F",7,"L","F","F","78S",0,0,"N",0,"N",0,"N",2,3,4,0,"","","","","F","F","F","F","F","F","F","F","F","vancd101","vancd101","","F","T","F","F","F","","","","",0,0,0,0,0,0,0,0,0,79,"NY1","NY1","BRO",1,"F","T",5,5,0,38,4,"T","F",3,6,"T","T","meusi101","kellg101","T","T",9,1,77,0,8,75,0,0,0,"debeh101","debeh101","",0,0,0,0,0,0,0,0,0,0,0,0,1,"wheaz101","F","F","F","F",2,3,4,0,0,0,0,0,0,0,F,F,"1924NY1.EVN.regular.event.csv",532
"NY1192405282","BRO",1,0,0,0,0,"",0,0,"bailg101","?","bailg101","?","bentj101","?","bentj101","?","snydf101","kellg101","frisf101","lindf101","jackt101","meusi101","soutb101","younr101","","","","K/C","T","F",8,1,3,"T","T",0,"F","F",1,"F","F",0,"F","F",0,"","F","F","",0,0,"N",0,"N",0,"N",0,0,0,0,"2","","","","F","F","F","F","F","F","F","F","F","","","","T","F","F","F","F","","","","",0,2,0,0,0,0,0,0,0,1,"NY1","BRO","NY1",0,"T","F",0,0,0,0,0,"T","F",0,0,"T","T","johnj107","wheaz101","T","T",0,0,0,0,0,0,0,0,0,"","","",0,0,0,0,0,0,0,0,0,0,0,0,0,"","F","F","F","F",0,0,0,0,0,0,0,0,0,0,F,F,"1924NY1.EVN.regular.event.csv",533
"NY1192405282","BRO",1,0,1,0,0,"",0,0,"johnj107","?","johnj107","?","bentj101","?","bentj101","?","snydf101","kellg101","frisf101","lindf101","jackt101","meusi101","soutb101","younr101","","","","7/L","F","F",6,2,2,"T","T",0,"F","F",1,"F","F",0,"F","F",7,"L","F","F","",0,0,"N",0,"N",0,"N",0,0,0,0,"7","","","","F","F","F","F","F","F","F","F","F","","","","F","F","F","F","F","","","","",0,7,0,0,0,0,0,0,0,2,"NY1","BRO","NY1",0,"F","F",0,0,0,1,1,"T","F",0,0,"T","T","wheaz101","fourj101","T","T",0,0,0,0,0,0,0,0,0,"","","",0,0,0,0,0,0,0,0,0,0,0,0,0,"meusi101","F","F","F","F",0,0,0,0,0,0,0,0,0,0,F,F,"1924NY1.EVN.regular.event.csv",534
"NY1192405282","BRO",1,0,2,0,0,"",0,0,"wheaz101","?","wheaz101","?","bentj101","?","bentj101","?","snydf101","kellg101","frisf101","lindf101","jackt101","meusi101","soutb101","younr101","","","","7/F78S","F","F",7,3,2,"T","T",0,"F","F",1,"F","F",0,"F","F",7,"F","F","F","78S",0,0,"N",0,"N",0,"N",0,0,0,0,"7","","","","F","F","F","F","F","F","F","F","F","","","","F","F","F","F","F","","","","",0,7,0,0,0,0,0,0,0,3,"NY1","BRO","NY1",0,"F","T",0,0,0,2,2,"T","F",0,0,"T","T","fourj101","stocm101","T","T",0,0,0,0,0,0,0,0,0,"","","",0,0,0,0,0,0,0,0,0,0,0,0,0,"meusi101","F","F","F","F",0,0,0,0,0,0,0,0,0,0,F,F,"1924NY1.EVN.regular.event.csv",535
"NY1192405282","BRO",1,1,0,0,0,"",0,0,"younr101","?","younr101","?","grimb101","?","grimb101","?","taylz101","fourj101","higha101","stocm101","johnj107","wheaz101","bailg101","neisb101","","","","S8","T","F",9,1,20,"T","T",1,"F","F",0,"F","F",0,"F","F",8,"","F","F","",0,0,"N",0,"N",0,"N",1,0,0,0,"","","","","F","F","F","F","F","F","F","F","F","","","","F","F","F","F","F","","","","",0,0,0,0,0,0,0,0,0,4,"NY1","NY1","BRO",1,"T","F",0,0,0,0,0,"T","F",0,1,"T","T","frisf101","soutb101","T","T",0,0,0,0,0,0,0,0,0,"","","",0,0,0,0,0,0,0,0,0,0,0,0,0,"bailg101","F","F","F","F",4,0,0,0,2,0,0,0,0,0,F,F,"1924NY1.EVN.regular.event.csv",536
"NY1192405282","BRO",1,1,0,0,0,"",0,0,"frisf101","?","frisf101","?","grimb101","?","grimb101","?","taylz101","fourj101","higha101","stocm101","johnj107","wheaz101","bailg101","neisb101","younr101","","","9/F","F","F",4,2,2,"T","T",0,"F","F",1,"F","F",0,"F","F",9,"F","F","F","",0,0,"N",0,"N",0,"N",0,1,0,0,"9","","","","F","F","F","F","F","F","F","F","F","grimb101","","","F","F","F","F","F","","","","",0,9,0,0,0,0,0,0,0,5,"NY1","NY1","BRO",1,"F","F",0,0,0,1,1,"T","F",1,1,"T","T","soutb101","meusi101","T","T",9,1,4,0,0,0,0,0,0,"taylz101","","",0,0,0,0,0,0,0,0,0,0,0,0,0,"neisb101","F","F","F","F",0,4,0,0,2,0,0,0,0,0,F,F,"1924NY1.EVN.regular.event.csv",537
"NY1192405282","BRO",1,1,1,0,0,"",0,0,"soutb101","?","soutb101","?","grimb101","?","grimb101","?","taylz101","fourj101","higha101","stocm101","johnj107","wheaz101","bailg101","neisb101","younr101","","","S8.1-3;B-2(TH3)","F","F",8,3,20,"T","T",1,"F","F",0,"F","F",0,"F","F",8,"","F","F","",0,0,"N",0,"N",0,"N",2,3,0,0,"","","","","F","F","F","F","F","F","F","F","F","grimb101","","","F","F","F","F","F","","","","",0,0,0,0,0,0,0,0,0,6,"NY1","NY1","BRO",1,"F","F",0,0,0,2,2,"T","F",1,6,"T","T","meusi101","kellg101","T","T",9,1,4,0,0,0,0,0,0,"taylz101","","",0,0,0,0,0,0,0,0,0,0,0,0,0,"bailg101","F","F","F","F",4,4,0,0,2,0,0,0,0,0,F,F,"1924NY1.EVN.regular.event.csv",538
"NY1192405282","BRO",1,1,1,0,0,"",0,0,"meusi101","?","meusi101","?","grimb101","?","grimb101","?","taylz101","fourj101","higha101","stocm101","johnj107","wheaz101","bailg101","neisb101","","soutb101","younr101","D9/9DW.3-H;2-H","F","F",7,4,21,"T","T",2,"F","F",0,"F","F",2,"F","F",9,"","F","F","9DW",0,0,"N",0,"N",0,"N",2,0,4,4,"","","","","F","F","F","F","F","F","F","F","F","","grimb101","grimb101","F","F","F","F","F","","","","",0,0,0,0,0,0,0,0,0,7,"NY1","NY1","BRO",1,"F","F",0,0,0,3,3,"T","F",6,2,"T","T","kellg101","jackt101","T","T",0,0,0,8,3,6,9,1,4,"","taylz101","taylz101",0,0,0,0,0,0,0,0,0,0,0,0,2,"neisb101","F","F","F","F",0,0,4,4,0,0,0,0,0,0,F,F,"1924NY1.EVN.regular.event.csv",539
"NY1192405282","BRO",1,1,1,0,0,"",0,2,"kellg101","?","kellg101","?","grimb101","?","grimb101","?","taylz101","fourj101","higha101","stocm101","johnj107","wheaz101","bailg101","neisb101","","meusi101","","K","F","F",3,5,3,"T","T",0,"F","F",1,"F","F",0,"F","F",0,"","F","F","",0,0,"N",0,"N",0,"N",0,0,2,0,"2","","","","F","F","F","F","F","F","F","F","F","","grimb101","","F","F","F","F","F","","","","",0,2,0,0,0,0,0,0,0,8,"NY1","NY1","BRO",1,"F","F",2,0,2,4,4,"T","F",2,2,"T","T","jackt101","lindf101","T","T",0,0,0,7,4,7,0,0,0,"","taylz101","",0,0,0,0,0,0,0,0,0,0,0,0,0,"","F","F","F","F",0,0,0,0,0,0,0,0,0,0,F,F,"1924NY1.EVN.regular.event.csv",540
"NY1192405282","BRO",1,1,2,0,0,"",0,2,"jackt101","?","jackt101","?","grimb101","?","grimb101","?","taylz101","fourj101","higha101","stocm101","johnj107","wheaz101","bailg101","neisb101","","meusi101","","63","F","F",6,6,2,"T","T",0,"F","F",1,"F","F",0,"F","F",6,"G","F","F","",0,0,"N",0,"N",0,"N",0,0,2,0,"63","","","","F","F","F","F","F","F","F","F","F","","grimb101","","F","F","F","F","F","","","","",0,3,0,0,6,0,0,0,0,9,"NY1","NY1","BRO",1,"F","T",2,0,2,5,5,"T","F",2,2,"T","T","lindf101","snydf101","T","T",0,0,0,7,4,7,0,0,0,"","taylz101","",0,0,0,0,0,0,0,0,0,0,0,0,0,"johnj107","F","F","F","F",0,0,0,0,0,0,0,0,0,0,F,F,"1924NY1.EVN.regular.event.csv",541
"NY1192405282","BRO",2,0,0,0,0,"",0,2,"fourj101","?","fourj101","?","bentj101","?","bentj101","?","snydf101","kellg101","frisf101","lindf101","jackt101","meusi101","soutb101","younr101","","","","8/F","T","F",3,4,2,"T","T",0,"F","F",1,"F","F",0,"F","F",8,"F","F","F","",0,0,"N",0,"N",0,"N",0,0,0,0,"8","","","","F","F","F","F","F","F","F","F","F","","","","F","F","F","F","F","","","","",0,8,0,0,0,0,0,0,0,10,"NY1","BRO","NY1",0,"T","F",0,2,0,3,0,"T","F",0,0,"T","T","stocm101","neisb101","T","T",0,0,0,0,0,0,0,0,0,"","","",0,0,0,0,0,0,0,0,0,0,0,0,0,"soutb101","F","F","F","F",0,0,0,0,0,0,0,0,0,0,F,F,"1924NY1.EVN.regular.event.csv",542
"NY1192405282","BRO",2,0,1,0,0,"",0,2,"stocm101","?","stocm101","?","bentj101","?","bentj101","?","snydf101","kellg101","frisf101","lindf101","jackt101","meusi101","soutb101","younr101","","","","K","F","F",5,5,3,"T","T",0,"F","F",1,"F","F",0,"F","F",0,"","F","F","",0,0,"N",0,"N",0,"N",0,0,0,0,"2","","","","F","F","F","F","F","F","F","F","F","","","","F","F","F","F","F","","","","",0,2,0,0,0,0,0,0,0,11,"NY1","BRO","NY1",0,"F","F",0,2,0,4,1,"T","F",0,0,"T","T","neisb101","higha101","T","T",0,0,0,0,0,0,0,0,0,"","","",0,0,0,0,0,0,0,0,0,0,0,0,0,"","F","F","F","F",0,0,0,0,0,0,0,0,0,0,F,F,"1924NY1.EVN.regular.event.csv",543
"NY1192405282","BRO",2,0,2,0,0,"",0,2,"neisb101","?","neisb101","?","bentj101","?","bentj101","?","snydf101","kellg101","frisf101","lindf101","jackt101","meusi101","soutb101","younr101","","","","9/F","F","F",9,6,2,"T","T",0,"F","F",1,"F","F",0,"F","F",9,"F","F","F","",0,0,"N",0,"N",0,"N",0,0,0,0,"9","","","","F","F","F","F","F","F","F","F","F","","","","F","F","F","F","F","","","","",0,9,0,0,0,0,0,0,0,12,"NY1","BRO","NY1",0,"F","T",0,2,0,5,2,"T","F",0,0,"T","T","higha101","taylz101","T","T",0,0,0,0,0,0,0,0,0,"","","",0,0,0,0,0,0,0,0,0,0,0,0,0,"younr101","F","F","F","F",0,0,0,0,0,0,0,0,0,0,F,F,"1924NY1.EVN.regular.event.csv",544
"NY1192405282","BRO",2,1,0,0,0,"",0,2,"lindf101","?","lindf101","?","grimb101","?","grimb101","?","taylz101","fourj101","higha101","stocm101","johnj107","wheaz101","bailg101","neisb101","","","","3/FL","T","F",5,7,2,"T","T",0,"F","F",1,"F","F",0,"F","F",3,"F","F","T","",0,0,"N",0,"N",0,"N",0,0,0,0,"3","","","","F","F","F","F","F","F","F","F","F","","","","F","F","F","F","F","","","","",0,3,0,0,0,0,0,0,0,13,"NY1","NY1","BRO",1,"T","F",2,0,0,6,0,"T","F",0,0,"T","T","snydf101","bentj101","T","T",0,0,0,0,0,0,0,0,0,"","","",0,0,0,0,0,0,0,0,0,0,0,0,0,"fourj101","F","F","F","F",0,0,0,0,0,0,0,0,0,0,F,F,"1924NY1.EVN.regular.event.csv",545
"NY1192405282","BRO",2,1,1,0,0,"",0,2,"snydf101","?","snydf101","?","grimb101","?","grimb101","?","taylz101","fourj101","higha101","stocm101","johnj107","wheaz101","bailg101","neisb101","","","","T9","F","F",2,8,22,"T","T",3,"F","F",0,"F","F",0,"F","F",9,"","F","F","",0,0,"N",0,"N",0,"N",3,0,0,0,"","","","","F","F","F","F","F","F","F","F","F","","","","F","F","F","F","F","","","","",0,0,0,0,0,0,0,0,0,14,"NY1","NY1","BRO",1,"F","F",2,0,0,7,1,"T","F",0,4,"T","T","bentj101","younr101","T","T",0,0,0,0,0,0,0,0,0,"","","",0,0,0,0,0,0,0,0,0,0,0,0,0,"neisb101","F","F","F","F",0,0,0,0,0,0,0,0,0,0,F,F,"1924NY1.EVN.regular.event.csv",546
"NY1192405282","BRO",2,1,1,0,0,"",0,2,"bentj101","?","bentj101","?","grimb101","?","grimb101","?","taylz101","fourj101","higha101","stocm101","johnj107","wheaz101","bailg101","neisb101","","","snydf101","E6/G","F","F",1,9,18,"T","T",0,"F","F",0,"F","F",0,"F","F",6,"G","F","F","",1,6,"F",0,"N",0,"N",1,0,0,3,"","","","","F","F","F","F","F","F","F","F","F","","","grimb101","F","F","F","F","F","","","","",0,0,0,0,0,0,0,0,0,15,"NY1","NY1","BRO",1,"F","F",2,0,0,8,2,"T","F",4,5,"T","T","younr101","frisf101","T","T",0,0,0,0,0,0,2,8,14,"","","taylz101",0,0,0,0,0,0,0,0,0,0,0,0,0,"johnj107","F","F","F","T",0,0,0,0,0,0,0,0,0,0,F,F,"1924NY1.EVN.regular.event.csv",547
"NY1192405282","BRO",2,1,1,0,0,"",0,2,"younr101","?","younr101","?","grimb101","?","grimb101","?","taylz101","fourj101","higha101","stocm101","johnj107","wheaz101","bailg101","neisb101","bentj101","","snydf101","5/FL","F","F",9,1,2,"T","T",0,"F","F",1,"F","F",0,"F","F",5,"F","F","T","",0,0,"N",0,"N",0,"N",0,1,0,3,"5","","","","F","F","F","F","F","F","F","F","F","grimb101","","grimb101","F","F","F","F","F","","","","",0,5,0,0,0,0,0,0,0,16,"NY1","NY1","BRO",1,"F","F",2,0,0,9,3,"T","F",5,5,"T","T","frisf101","soutb101","T","T",1,9,15,0,0,0,2,8,14,"taylz101","","taylz101",0,0,0,0,0,0,0,0,0,0,0,0,0,"stocm101","F","F","F","F",0,0,0,0,0,0,0,0,0,0,F,F,"1924NY1.EVN.regular.event.csv",548
"NY1192405282","BRO",2,1,2,0,0,"",0,2,"frisf101","?","frisf101","?","grimb101","?","grimb101","?","taylz101","fourj101","higha101","stocm101","johnj107","wheaz101","bailg101","neisb101","bentj101","","snydf101","SB2","F","F",4,2,4,"F","F",0,"F","F",0,"F","F",0,"F","F",0,"","F","F","",0,0,"N",0,"N",0,"N",0,2,0,3,"","","","","T","F","F","F","F","F","F","F","F","grimb101","","grimb101","F","F","F","F","F","","","","",0,0,0,0,0,0,0,0,0,17,"NY1","NY1","BRO",1,"F","F",2,0,0,10,4,"T","F",5,6,"T","T","soutb101","meusi101","T","T",1,9,15,0,0,0,2,8,14,"taylz101","","taylz101",0,0,0,0,0,0,0,0,0,0,0,0,0,"","F","F","F","F",0,0,0,0,0,0,0,0,0,0,F,F,"1924NY1.EVN.regular.event.csv",549
"NY1192405282","BRO",2,1,2,0,0,"",0,2,"frisf101","?","frisf101","?","grimb101","?","grimb101","?","taylz101","fourj101","higha101","stocm101","johnj107","wheaz101","bailg101","neisb101","","bentj101","snydf101","W","F","F",4,2,14,"T","F",0,"F","F",0,"F","F",0,"F","F",0,"","F","F","",0,0,"N",0,"N",0,"N",1,0,2,3,"","","","","F","F","F","F","F","F","F","F","F","","grimb101","grimb101","F","F","F","F","F","","","","",0,0,0,0,0,0,0,0,0,18,"NY1","NY1","BRO",1,"F","F",2,0,0,10,4,"F","F",6,7,"T","T","soutb101","meusi101","T","T",0,0,0,1,9,15,2,8,14,"","taylz101","taylz101",0,0,0,0,0,0,0,0,0,0,0,0,0,"","F","F","F","F",0,0,0,0,0,0,0,0,0,0,F,F,"1924NY1.EVN.regular.event.csv",550
"NY1192405282","BRO",2,1,2,0,0,"",0,2,"soutb101","?","soutb101","?","grimb101","?","grimb101","?","taylz101","fourj101","higha101","stocm101","johnj107","wheaz101","bailg101","neisb101","frisf101","bentj101","snydf101","65(2)/FO","F","F",8,3,2,"T","T",0,"F","F",1,"F","F",0,"F","F",6,"G","F","F","",0,0,"N",0,"N",0,"N",1,1,0,3,"","","65","","F","F","F","F","F","F","F","F","F","grimb101","grimb101","grimb101","F","F","F","F","F","","","","",0,5,0,0,6,0,0,0,0,19,"NY1","NY1","BRO",1,"F","T",2,0,0,11,5,"T","F",7,5,"T","T","meusi101","kellg101","T","T",4,2,18,1,9,15,2,8,14,"taylz101","taylz101","taylz101",0,0,0,0,0,0,0,0,0,0,0,0,0,"johnj107","F","T","F","F",0,0,0,0,0,0,0,0,0,0,F,F,"1924NY1.EVN.regular.event.csv",551
"NY1192405282","BRO",3,0,0,0,0,"",0,2,"higha101","?","higha101","?","bentj101","?","bentj101","?","snydf101","kellg101","frisf101","lindf101","jackt101","meusi101","soutb101","younr101","","","","3/G","T","F",4,7,2,"T","T",0,"F","F",1,"F","F",0,"F","F",3,"G","F","F","",0,0,"N",0,"N",0,"N",0,0,0,0,"3","","","","F","F","F","F","F","F","F","F","F","","","","F","F","F","F","F","","","","",0,3,0,0,0,0,0,0,0,20,"NY1","BRO","NY1",0,"T","F",0,2,0,6,0,"T","F",0,0,"T","T","taylz101","grimb101","T","T",0,0,0,0,0,0,0,0,0,"","","",0,0,0,0,0,0,0,0,0,0,0,0,0,"kellg101","F","F","F","F",0,0,0,0,0,0,0,0,0,0,F,F,"1924NY1.EVN.regular.event.csv",552
"NY1192405282","BRO",3,0,1,0,0,"",0,2,"taylz101","?","taylz101","?","bentj101","?","bentj101","?","snydf101","kellg101","frisf101","lindf101","jackt101","meusi101","soutb101","younr101","","","","3/P","F","F",2,8,2,"T","T",0,"F","F",1,"F","F",0,"F","F",3,"P","F","F","",0,0,"N",0,"N",0,"N",0,0,0,0,"3","","","","F","F","F","F","F","F","F","F","F","","","","F","F","F","F","F","","","","",0,3,0,0,0,0,0,0,0,21,"NY1","BRO","NY1",0,"F","F",0,2,0,7,1,"T","F",0,0,"T","T","grimb101","bailg101","T","T",0,0,0,0,0,0,0,0,0,"","","",0,0,0,0,0,0,0,0,0,0,0,0,0,"kellg101","F","F","F","F",0,0,0,0,0,0,0,0,0,0,F,F,"1924NY1.EVN.regular.event.csv",553
"NY1192405282","BRO",3,0,2,0,0,"",0,2,"grimb101","?","grimb101","?","bentj101","?","bentj101","?","snydf101","kellg101","frisf101","lindf101","jackt101","meusi101","soutb101","younr101","","","","W","F","F",1,9,14,"T","F",0,"F","F",0,"F","F",0,"F","F",0,"","F","F","",0,0,"N",0,"N",0,"N",1,0,0,0,"","","","","F","F","F","F","F","F","F","F","F","","","","F","F","F","F","F","","","","",0,0,0,0,0,0,0,0,0,22,"NY1","BRO","NY1",0,"F","F",0,2,0,8,2,"T","F",0,1,"T","T","bailg101","johnj107","T","T",0,0,0,0,0,0,0,0,0,"","","",0,0,0,0,0,0,0,0,0,0,0,0,0,"","F","F","F","F",0,0,0,0,0,0,0,0,0,0,F,F,"1924NY1.EVN.regular.event.csv",554
"NY1192405282","BRO",3,0,2,0,0,"",0,2,"bailg101","?","bailg101","?","bentj101","?","bentj101","?","snydf101","kellg101","frisf101","lindf101","jackt101","meusi101","soutb101","younr101","grimb101","","","64(1)/FO","F","F",8,1,2,"T","T",0,"F","F",1,"F","F",0,"F","F",6,"G","F","F","",0,0,"N",0,"N",0,"N",1,0,0,0,"","64","","","F","F","F","F","F","F","F","F","F","bentj101","","","F","F","F","F","F","","","","",0,4,0,0,6,0,0,0,0,23,"NY1","BRO","NY1",0,"F","T",0,2,0,9,3,"T","F",1,1,"T","T","johnj107","wheaz101","T","T",1,9,22,0,0,0,0,0,0,"snydf101","","",0,0,0,0,0,0,0,0,0,0,0,0,0,"jackt101","T","F","F","F",0,0,0,0,0,0,0,0,0,0,F,F,"1924NY1.EVN.regular.event.csv",555
"NY1192405282","BRO",3,1,0,0,0,"",0,2,"meusi101","?","meusi101","?","grimb101","?","grimb101","?","taylz101","fourj101","higha101","stocm101","johnj107","wheaz101","bailg101","neisb101","","","","3/G","T","F",7,4,2,"T","T",0,"F","F",1,"F","F",0,"F","F",3,"G","F","F","",0,0,"N",0,"N",0,"N",0,0,0,0,"3","","","","F","F","F","F","F","F","F","F","F","","","","F","F","F","F","F","","","","",0,3,0,0,0,0,0,0,0,24,"NY1","NY1","BRO",1,"T","F",2,0,0,12,0,"T","F",0,0,"T","T","kellg101","jackt101","T","T",0,0,0,0,0,0,0,0,0,"","","",0,0,0,0,0,0,0,0,0,0,0,0,0,"fourj101","F","F","F","F",0,0,0,0,0,0,0,0,0,0,F,F,"1924NY1.EVN.regular.event.csv",556
"NY1192405282","BRO",3,1,1,0,0,"",0,2,"kellg101","?","kellg101","?","grimb101","?","grimb101","?","taylz101","fourj101","higha101","stocm101","johnj107","wheaz101","bailg101","neisb101","","","","S9/9S","F","F",3,5,20,"T","T",1,"F","F",0,"F","F",0,"F","F",9,"","F","F","9S",0,0,"N",0,"N",0,"N",1,0,0,0,"","","","","F","F","F","F","F","F","F","F","F","","","","F","F","F","F","F","","","","",0,0,0,0,0,0,0,0,0,25,"NY1","NY1","BRO",1,"F","F",2,0,0,13,1,"T","F",0,1,"T","T","jackt101","lindf101","T","T",0,0,0,0,0,0,0,0,0,"","","",0,0,0,0,0,0,0,0,0,0,0,0,0,"neisb101","F","F","F","F",0,0,0,0,0,0,0,0,0,0,F,F,"1924NY1.EVN.regular.event.csv",557
"NY1192405282","BRO",3,1,1,0,0,"",0,2,"jackt101","?","jackt101","?","grimb101","?","grimb101","?","taylz101","fourj101","higha101","stocm101","johnj107","wheaz101","bailg101","neisb101","kellg101","","","9/F","F","F",6,6,2,"T","T",0,"F","F",1,"F","F",0,"F","F",9,"F","F","F","",0,0,"N",0,"N",0,"N",0,1,0,0,"9","","","","F","F","F","F","F","F","F","F","F","grimb101","","","F","F","F","F","F","","","","",0,9,0,0,0,0,0,0,0,26,"NY1","NY1","BRO",1,"F","F",2,0,0,14,2,"T","F",1,1,"T","T","lindf101","snydf101","T","T",3,5,25,0,0,0,0,0,0,"taylz101","","",0,0,0,0,0,0,0,0,0,0,0,0,0,"neisb101","F","F","F","F",0,0,0,0,0,0,0,0,0,0,F,F,"1924NY1.EVN.regular.event.csv",558
"NY1192405282","BRO",3,1,2,0,0,"",0,2,"lindf101","?","lindf101","?","grimb101","?","grimb101","?","taylz101","fourj101","higha101","stocm101","johnj107","wheaz101","bailg101","neisb101","kellg101","","","S.1-3","F","F",5,7,20,"T","T",1,"F","F",0,"F","F",0,"F","F",0,"","F","F","",0,0,"N",0,"N",0,"N",1,3,0,0,"","","","","F","F","F","F","F","F","F","F","F","grimb101","","","F","F","F","F","F","","","","",0,0,0,0,0,0,0,0,0,27,"NY1","NY1","BRO",1,"F","F",2,0,0,15,3,"T","F",1,5,"T","T","snydf101","bentj101","T","T",3,5,25,0,0,0,0,0,0,"taylz101","","",0,0,0,0,0,0,0,0,0,0,0,0,0,"","F","F","F","F",0,0,0,0,0,0,0,0,0,0,F,F,"1924NY1.EVN.regular.event.csv",559
"NY1192405282","BRO",3,1,2,0,0,"",0,2,"snydf101","?","snydf101","?","grimb101","?","grimb101","?","taylz101","fourj101","higha101","stocm101","johnj107","wheaz101","bailg101","neisb101","lindf101","","kellg101","CS2(26)","F","F",2,8,6,"F","F",0,"F","F",1,"F","F",0,"F","F",0,"","F","F","",0,0,"N",0,"N",0,"N",0,0,0,3,"","26","","","F","F","F","T","F","F","F","F","F","grimb101","","grimb101","F","F","F","F","F","","","","",0,6,0,0,2,0,0,0,0,28,"NY1","NY1","BRO",1,"F","T",2,0,0,16,4,"T","T",5,4,"T","T","bentj101","younr101","T","T",5,7,27,0,0,0,3,5,25,"taylz101","","taylz101",0,0,0,0,0,0,0,0,0,0,0,0,0,"","F","F","F","F",0,0,0,0,0,0,0,0,0,0,F,F,"1924NY1.EVN.regular.event.csv",560
"NY1192405282","BRO",4,0,0,0,0,"",0,2,"johnj107","?","johnj107","?","bentj101","?","bentj101","?","snydf101","kellg101","frisf101","lindf101","jackt101","meusi101","soutb101","younr101","","","","5/P","T","F",6,2,2,"T","T",0,"F","F",1,"F","F",0,"F","F",5,"P","F","F","",0,0,"N",0,"N",0,"N",0,0,0,0,"5","","","","F","F","F","F","F","F","F","F","F","","","","F","F","F","F","F","","","","",0,5,0,0,0,0,0,0,0,29,"NY1","BRO","NY1",0,"T","F",0,2,0,10,0,"T","F",0,0,"T","T","wheaz101","fourj101","T","T",0,0,0,0,0,0,0,0,0,"","","",0,0,0,0,0,0,0,0,0,0,0,0,0,"lindf101","F","F","F","F",0,0,0,0,0,0,0,0,0,0,F,F,"1924NY1.EVN.regular.event.csv",561
"NY1192405282","BRO",4,0,1,0,0,"",0,2,"wheaz101","?","wheaz101","?","bentj101","?","bentj101","?","snydf101","kellg101","frisf101","lindf101","jackt101","meusi101","soutb101","younr101","","","","4/P","F","F",7,3,2,"T","T",0,"F","F",1,"F","F",0,"F","F",4,"P","F","F","",0,0,"N",0,"N",0,"N",0,0,0,0,"4","","","","F","F","F","F","F","F","F","F","F","","","","F","F","F","F","F","","","","",0,4,0,0,0,0,0,0,0,30,"NY1","BRO","NY1",0,"F","F",0,2,0,11,1,"T","F",0,0,"T","T","fourj101","stocm101","T","T",0,0,0,0,0,0,0,0,0,"","","",0,0,0,0,0,0,0,0,0,0,0,0,0,"frisf101","F","F","F","F",0,0,0,0,0,0,0,0,0,0,F,F,"1924NY1.EVN.regular.event.csv",562
"NY1192405282","BRO",4,0,2,0,0,"",0,2,"fourj101","?","fourj101","?","bentj101","?","bentj101","?","snydf101","kellg101","frisf101","lindf101","jackt101","meusi101","soutb101","younr101","","","","43","F","F",3,4,2,"T","T",0,"F","F",1,"F","F",0,"F","F",4,"G","F","F","",0,0,"N",0,"N",0,"N",0,0,0,0,"43","","","","F","F","F","F","F","F","F","F","F","","","","F","F","F","F","F","","","","",0,3,0,0,4,0,0,0,0,31,"NY1","BRO","NY1",0,"F","T",0,2,0,12,2,"T","F",0,0,"T","T","stocm101","neisb101","T","T",0,0,0,0,0,0,0,0,0,"","","",0,0,0,0,0,0,0,0,0,0,0,0,0,"frisf101","F","F","F","F",0,0,0,0,0,0,0,0,0,0,F,F,"1924NY1.EVN.regular.event.csv",563
"NY1192405282","BRO",4,1,0,0,0,"",0,2,"snydf101","?","snydf101","?","grimb101","?","grimb101","?","taylz101","fourj101","higha101","stocm101","johnj107","wheaz101","bailg101","neisb101","","","","4/P","T","F",2,8,2,"T","T",0,"F","F",1,"F","F",0,"F","F",4,"P","F","F","",0,0,"N",0,"N",0,"N",0,0,0,0,"4","","","","F","F","F","F","F","F","F","F","F","","","","F","F","F","F","F","","","","",0,4,0,0,0,0,0,0,0,32,"NY1","NY1","BRO",1,"T","F",2,0,0,16,0,"T","F",0,0,"T","T","bentj101","younr101","T","T",0,0,0,0,0,0,0,0,0,"","","",0,0,0,0,0,0,0,0,0,0,0,0,0,"higha101","F","F","F","F",0,0,0,0,0,0,0,0,0,0,F,F,"1924NY1.EVN.regular.event.csv",564
"NY1192405282","BRO",4,1,1,0,0,"",0,2,"bentj101","?","bentj101","?","grimb101","?","grimb101","?","taylz101","fourj101","higha101","stocm101","johnj107","wheaz101","bailg101","neisb101","","","","S","F","F",1,9,20,"T","T",1,"F","F",0,"F","F",0,"F","F",0,"","F","F","",0,0,"N",0,"N",0,"N",1,0,0,0,"","","","","F","F","F","F","F","F","F","F","F","","","","F","F","F","F","F","","","","",0,0,0,0,0,0,0,0,0,33,"NY1","NY1","BRO",1,"F","F",2,0,0,17,1,"T","F",0,1,"T","T","younr101","frisf101","T","T",0,0,0,0,0,0,0,0,0,"","","",0,0,0,0,0,0,0,0,0,0,0,0,0,"","F","F","F","F",0,0,0,0,0,0,0,0,0,0,F,F,"1924NY1.EVN.regular.event.csv",565
"NY1192405282","BRO",4,1,1,0,0,"",0,2,"younr101","?","younr101","?","grimb101","?","grimb101","?","taylz101","fourj101","higha101","stocm101","johnj107","wheaz101","bailg101","neisb101","bentj101","","","S.1-2","F","F",9,1,20,"T","T",1,"F","F",0,"F","F",0,"F","F",0,"","F","F","",0,0,"N",0,"N",0,"N",1,2,0,0,"","","","","F","F","F","F","F","F","F","F","F","grimb101","","","F","F","F","F","F","","","","",0,0,0,0,0,0,0,0,0,34,"NY1","NY1","BRO",1,"F","F",2,0,0,18,2,"T","F",1,3,"T","T","frisf101","soutb101","T","T",1,9,33,0,0,0,0,0,0,"taylz101","","",0,0,0,0,0,0,0,0,0,0,0,0,0,"","F","F","F","F",0,0,0,0,0,0,0,0,0,0,F,F,"1924NY1.EVN.regular.event.csv",566
"NY1192405282","BRO",4,1,1,0,0,"",0,2,"frisf101","?","frisf101","?","grimb101","?","grimb101","?","taylz101","fourj101","higha101","stocm101","johnj107","wheaz101","bailg101","neisb101","younr101","bentj101","","S.2-3;1-2","F","F",4,2,20,"T","T",1,"F","F",0,"F","F",0,"F","F",0,"","F","F","",0,0,"N",0,"N",0,"N",1,2,3,0,"","","","","F","F","F","F","F","F","F","F","F","grimb101","grimb101","","F","F","F","F","F","","","","",0,0,0,0,0,0,0,0,0,35,"NY1","NY1","BRO",1,"F","F",2,0,0,19,3,"T","F",3,7,"T","T","soutb101","meusi101","T","T",9,1,34,1,9,33,0,0,0,"taylz101","taylz101","",0,0,0,0,0,0,0,0,0,0,0,0,0,"","F","F","F","F",0,0,0,0,0,0,0,0,0,0,F,F,"1924NY1.EVN.regular.event.csv",567
"NY1192405282","BRO",4,1,1,0,0,"",0,2,"soutb101","?","soutb101","?","grimb101","?","grimb101","?","taylz101","fourj101","higha101","stocm101","johnj107","wheaz101","bailg101","neisb101","frisf101","younr101","bentj101","62(3)/FO.2-3;1-2","F","F",8,3,2,"T","T",0,"F","F",1,"F","F",0,"F","F",6,"G","F","F","",0,0,"N",0,"N",0,"N",1,2,3,0,"","","","62","F","F","F","F","F","F","F","F","F","grimb101","grimb101","grimb101","F","F","F","F","F","","","","",0,2,0,0,6,0,0,0,0,36,"NY1","NY1","BRO",1,"F","F",2,0,0,20,4,"T","F",7,7,"T","T","meusi101","kellg101","T","T",4,2,35,9,1,34,1,9,33,"taylz101","taylz101","taylz101",0,0,0,0,0,0,0,0,0,0,0,0,0,"johnj107","F","F","T","F",0,0,0,0,0,0,0,0,0,0,F,F,"1924NY1.EVN.regular.event.csv",568
"NY1192405282","BRO",4,1,2,0,0,"",0,2,"meusi101","?","meusi101","?","grimb101","?","grimb101","?","taylz101","fourj101","higha101","stocm101","johnj107","wheaz101","bailg101","neisb101","soutb101","frisf101","younr101","6(2)/FO","F","F",7,4,2,"T","T",0,"F","F",1,"F","F",0,"F","F",6,"G","F","F","",0,0,"N",0,"N",0,"N",1,1,0,3,"","","6","","F","F","F","F","F","F","F","F","F","grimb101","grimb101","grimb101","F","F","F","F","F","","","","",0,6,0,0,0,0,0,0,0,37,"NY1","NY1","BRO",1,"F","T",2,0,0,21,5,"T","F",7,5,"T","T","kellg101","jackt101","T","T",8,3,36,4,2,35,9,1,34,"taylz101","taylz101","taylz101",0,0,0,0,0,0,0,0,0,0,0,0,0,"johnj107","F","T","F","F",0,0,0,0,0,0,0,0,0,0,F,F,"1924NY1.EVN.regular.event.csv",569
"NY1192405282","BRO",5,0,0,0,0,"",0,2,"stocm101","?","stocm101","?","bentj101","?","bentj101","?","snydf101","kellg101","frisf101","lindf101","jackt101","meusi101","soutb101","younr101","","","","8/F","T","F",5,5,2,"T","T",0,"F","F",1,"F","F",0,"F","F",8,"F","F","F","",0,0,"N",0,"N",0,"N",0,0,0,0,"8","","","","F","F","F","F","F","F","F","F","F","","","","F","F","F","F","F","","","","",0,8,0,0,0,0,0,0,0,38,"NY1","BRO","NY1",0,"T","F",0,2,0,13,0,"T","F",0,0,"T","T","neisb101","higha101","T","T",0,0,0,0,0,0,0,0,0,"","","",0,0,0,0,0,0,0,0,0,0,0,0,0,"soutb101","F","F","F","F",0,0,0,0,0,0,0,0,0,0,F,F,"1924NY1.EVN.regular.event.csv",570
"NY1192405282","BRO",5,0,1,0,0,"",0,2,"neisb101","?","neisb101","?","bentj101","?","bentj101","?","snydf101","kellg101","frisf101","lindf101","jackt101","meusi101","soutb101","younr101","","","","4/P","F","F",9,6,2,"T","T",0,"F","F",1,"F","F",0,"F","F",4,"P","F","F","",0,0,"N",0,"N",0,"N",0,0,0,0,"4","","","","F","F","F","F","F","F","F","F","F","","","","F","F","F","F","F","","","","",0,4,0,0,0,0,0,0,0,39,"NY1","BRO","NY1",0,"F","F",0,2,0,14,1,"T","F",0,0,"T","T","higha101","taylz101","T","T",0,0,0,0,0,0,0,0,0,"","","",0,0,0,0,0,0,0,0,0,0,0,0,0,"frisf101","F","F","F","F",0,0,0,0,0,0,0,0,0,0,F,F,"1924NY1.EVN.regular.event.csv",571
"NY1192405282","BRO",5,0,2,0,0,"",0,2,"higha101","?","higha101","?","bentj101","?","bentj101","?","snydf101","kellg101","frisf101","lindf101","jackt101","meusi101","soutb101","younr101","","","","2/FL","F","F",4,7,2,"T","T",0,"F","F",1,"F","F",0,"F","F",2,"F","F","T","",0,0,"N",0,"N",0,"N",0,0,0,0,"2","","","","F","F","F","F","F","F","F","F","F","","","","F","F","F","F","F","","","","",0,2,0,0,0,0,0,0,0,40,"NY1","BRO","NY1",0,"F","T",0,2,0,15,2,"T","F",0,0,"T","T","taylz101","grimb101","T","T",0,0,0,0,0,0,0,0,0,"","","",0,0,0,0,0,0,0,0,0,0,0,0,0,"snydf101","F","F","F","F",0,0,0,0,0,0,0,0,0,0,F,F,"1924NY1.EVN.regular.event.csv",572
"NY1192405282","BRO",5,1,0,0,0,"",0,2,"kellg101","?","kellg101","?","grimb101","?","grimb101","?","taylz101","fourj101","higha101","stocm101","johnj107","wheaz101","bailg101","neisb101","","","","S","T","F",3,5,20,"T","T",1,"F","F",0,"F","F",0,"F","F",0,"","F","F","",0,0,"N",0,"N",0,"N",1,0,0,0,"","","","","F","F","F","F","F","F","F","F","F","","","","F","F","F","F","F","","","","",0,0,0,0,0,0,0,0,0,41,"NY1","NY1","BRO",1,"T","F",2,0,0,22,0,"T","F",0,1,"T","T","jackt101","lindf101","T","T",0,0,0,0,0,0,0,0,0,"","","",0,0,0,0,0,0,0,0,0,0,0,0,0,"","F","F","F","F",5,0,0,0,2,0,0,0,0,0,F,F,"1924NY1.EVN.regular.event.csv",573
"NY1192405282","BRO",5,1,0,0,0,"",0,2,"jackt101","?","jackt101","?","grimb101","?","grimb101","?","taylz101","fourj101","higha101","stocm101","johnj107","wheaz101","bailg101","neisb101","kellg101","","","K","F","F",6,6,3,"T","T",0,"F","F",1,"F","F",0,"F","F",0,"","F","F","",0,0,"N",0,"N",0,"N",0,1,0,0,"2","","","","F","F","F","F","F","F","F","F","F","grimb101","","","F","F","F","F","F","","","","",0,2,0,0,0,0,0,0,0,42,"NY1","NY1","BRO",1,"F","F",2,0,0,23,1,"T","F",1,1,"T","T","lindf101","snydf101","T","T",3,5,41,0,0,0,0,0,0,"taylz101","","",0,0,0,0,0,0,0,0,0,0,0,0,0,"","F","F","F","F",0,5,0,0,2,0,0,0,0,0,F,F,"1924NY1.EVN.regular.event.csv",574
"NY1192405282","BRO",5,1,1,0,0,"",0,2,"lindf101","?","lindf101","?","grimb101","?","grimb101","?","taylz101","fourj101","higha101","stocm101","johnj107","wheaz101","bailg101","neisb101","kellg101","","","FC3.1-2(E3/TH2)","F","F",5,7,19,"T","T",0,"F","F",0,"F","F",0,"F","F",3,"G","F","F","",1,3,"T",0,"N",0,"N",1,2,0,0,"","","","","F","F","F","F","F","F","F","F","F","grimb101","","","F","F","F","F","F","","","","",0,0,0,0,0,0,0,0,0,43,"NY1","NY1","BRO",1,"F","F",2,0,0,24,2,"T","F",1,3,"T","T","snydf101","bentj101","T","T",3,5,41,0,0,0,0,0,0,"taylz101","","",0,0,0,0,0,0,0,0,0,0,0,0,0,"fourj101","F","F","F","F",5,5,0,0,2,0,0,0,0,0,F,F,"1924NY1.EVN.regular.event.csv",575
"NY1192405282","BRO",5,1,1,0,0,"",0,2,"snydf101","?","snydf101","?","grimb101","?","grimb101","?","taylz101","fourj101","higha101","stocm101","johnj107","wheaz101","bailg101","neisb101","lindf101","kellg101","","W.2-3;1-2","F","F",2,8,14,"T","F",0,"F","F",0,"F","F",0,"F","F",0,"","F","F","",0,0,"N",0,"N",0,"N",1,2,3,0,"","","","","F","F","F","F","F","F","F","F","F","grimb101","grimb101","","F","F","F","F","F","","","","",0,0,0,0,0,0,0,0,0,44,"NY1","NY1","BRO",1,"F","F",2,0,0,25,3,"T","F",3,7,"T","T","bentj101","younr101","T","T",5,7,43,3,5,41,0,0,0,"taylz101","taylz101","",0,0,0,0,0,0,0,0,0,0,0,0,0,"","F","F","F","F",0,5,5,0,2,0,0,0,0,0,F,F,"1924NY1.EVN.regular.event.csv",576
"NY1192405282","BRO",5,1,1,0,0,"",0,2,"bentj101","?","bentj101","?","grimb101","?","grimb101","?","taylz101","fourj101","higha101","stocm101","johnj107","wheaz101","bailg101","neisb101","snydf101","lindf101","kellg101","2/FL","F","F",1,9,2,"T","T",0,"F","F",1,"F","F",0,"F","F",2,"F","F","T","",0,0,"N",0,"N",0,"N",0,1,2,3,"2","","","","F","F","F","F","F","F","F","F","F","grimb101","grimb101","grimb101","F","F","F","F","F","","","","",0,2,0,0,0,0,0,0,0,45,"NY1","NY1","BRO",1,"F","F",2,0,0,26,4,"T","F",7,7,"T","T","younr101","frisf101","T","T",2,8,44,5,7,43,3,5,41,"taylz101","taylz101","taylz101",0,0,0,0,0,0,0,0,0,0,0,0,0,"taylz101","F","F","F","F",0,0,5,5,2,0,0,0,0,0,F,F,"1924NY1.EVN.regular.event.csv",577
"NY1192405282","BRO",5,1,2,0,0,"",0,2,"younr101","?","younr101","?","grimb101","?","grimb101","?","taylz101","fourj101","higha101","stocm101","johnj107","wheaz101","bailg101","neisb101","snydf101","lindf101","kellg101","S.3-H(UR);2-H(UR);1-3","F","F",9,1,20,"T","T",1,"F","F",0,"F","F",2,"F","F",0,"","F","F","",0,0,"N",0,"N",0,"N",1,3,5,5,"","","","","F","F","F","F","F","F","F","F","F","grimb101","grimb101","grimb101","F","F","F","F","F","","","","",0,0,0,0,0,0,0,0,0,46,"NY1","NY1","BRO",1,"F","F",2,0,0,27,5,"T","F",7,5,"T","T","frisf101","soutb101","T","T",2,8,44,5,7,43,3,5,41,"taylz101","taylz101","taylz101",0,0,0,0,0,0,0,0,0,0,0,0,2,"","F","F","F","F",0,0,5,5,0,0,0,0,0,0,F,F,"1924NY1.EVN.regular.event.csv",578
"NY1192405282","BRO",5,1,2,0,0,"",0,4,"frisf101","?","frisf101","?","grimb101","?","grimb101","?","taylz101","fourj101","higha101","stocm101","johnj107","wheaz101","bailg101","neisb101","younr101","","snydf101","W.1-2","F","F",4,2,14,"T","F",0,"F","F",0,"F","F",0,"F","F",0,"","F","F","",0,0,"N",0,"N",0,"N",1,2,0,3,"","","","","F","F","F","F","F","F","F","F","F","grimb101","","grimb101","F","F","F","F","F","","","","",0,0,0,0,0,0,0,0,0,47,"NY1","NY1","BRO",1,"F","F",4,0,2,28,6,"T","F",5,7,"T","T","soutb101","meusi101","T","T",9,1,46,0,0,0,2,8,44,"taylz101","","taylz101",0,0,0,0,0,0,0,0,0,0,0,0,0,"","F","F","F","F",0,0,0,0,0,0,0,0,0,0,F,F,"1924NY1.EVN.regular.event.csv",579
"NY1192405282","BRO",5,1,2,0,0,"",0,4,"soutb101","?","soutb101","?","grimb101","?","grimb101","?","taylz101","fourj101","higha101","stocm101","johnj107","wheaz101","bailg101","neisb101","frisf101","younr101","snydf101","7/F","F","F",8,3,2,"T","T",0,"F","F",1,"F","F",0,"F","F",7,"F","F","F","",0,0,"N",0,"N",0,"N",0,1,2,3,"7","","","","F","F","F","F","F","F","F","F","F","grimb101","grimb101","grimb101","F","F","F","F","F","","","","",0,7,0,0,0,0,0,0,0,48,"NY1","NY1","BRO",1,"F","T",4,0,2,29,7,"T","F",7,7,"T","T","meusi101","kellg101","T","T",4,2,47,9,1,46,2,8,44,"taylz101","taylz101","taylz101",0,0,0,0,0,0,0,0,0,0,0,0,0,"wheaz101","F","F","F","F",0,0,0,0,0,0,0,0,0,0,F,F,"1924NY1.EVN.regular.event.csv",580
"NY1192405282","BRO",6,0,0,0,0,"",0,4,"taylz101","?","taylz101","?","bentj101","?","bentj101","?","snydf101","kellg101","frisf101","lindf101","jackt101","meusi101","soutb101","younr101","","","","S","T","F",2,8,20,"T","T",1,"F","F",0,"F","F",0,"F","F",0,"","F","F","",0,0,"N",0,"N",0,"N",1,0,0,0,"","","","","F","F","F","F","F","F","F","F","F","","","","F","F","F","F","F","","","","",0,0,0,0,0,0,0,0,0,49,"NY1","BRO","NY1",0,"T","F",0,4,0,16,0,"T","F",0,1,"T","T","grimb101","bailg101","T","T",0,0,0,0,0,0,0,0,0,"","","",0,0,0,0,0,0,0,0,0,0,0,0,0,"","F","F","F","F",0,0,0,0,0,0,0,0,0,0,F,F,"1924NY1.EVN.regular.event.csv",581
"NY1192405282","BRO",6,0,0,0,0,"",0,4,"grimb101","?","grimb101","?","bentj101","?","bentj101","?","snydf101","kellg101","frisf101","lindf101","jackt101","meusi101","soutb101","younr101","taylz101","","","4/P","F","F",1,9,2,"T","T",0,"F","F",1,"F","F",0,"F","F",4,"P","F","F","",0,0,"N",0,"N",0,"N",0,1,0,0,"4","","","","F","F","F","F","F","F","F","F","F","bentj101","","","F","F","F","F","F","","","","",0,4,0,0,0,0,0,0,0,50,"NY1","BRO","NY1",0,"F","F",0,4,0,17,1,"T","F",1,1,"T","T","bailg101","johnj107","T","T",2,8,49,0,0,0,0,0,0,"snydf101","","",0,0,0,0,0,0,0,0,0,0,0,0,0,"frisf101","F","F","F","F",0,0,0,0,0,0,0,0,0,0,F,F,"1924NY1.EVN.regular.event.csv",582
"NY1192405282","BRO",6,0,1,0,0,"",0,4,"bailg101","?","bailg101","?","bentj101","?","bentj101","?","snydf101","kellg101","frisf101","lindf101","jackt101","meusi101","soutb101","younr101","taylz101","","","8/F","F","F",8,1,2,"T","T",0,"F","F",1,"F","F",0,"F","F",8,"F","F","F","",0,0,"N",0,"N",0,"N",0,1,0,0,"8","","","","F","F","F","F","F","F","F","F","F","bentj101","","","F","F","F","F","F","","","","",0,8,0,0,0,0,0,0,0,51,"NY1","BRO","NY1",0,"F","F",0,4,0,18,2,"T","F",1,1,"T","T","johnj107","wheaz101","T","T",2,8,49,0,0,0,0,0,0,"snydf101","","",0,0,0,0,0,0,0,0,0,0,0,0,0,"soutb101","F","F","F","F",0,0,0,0,0,0,0,0,0,0,F,F,"1924NY1.EVN.regular.event.csv",583
"NY1192405282","BRO",6,0,2,0,0,"",0,4,"johnj107","?","johnj107","?","bentj101","?","bentj101","?","snydf101","kellg101","frisf101","lindf101","jackt101","meusi101","soutb101","younr101","taylz101","","","8/F","F","F",6,2,2,"T","T",0,"F","F",1,"F","F",0,"F","F",8,"F","F","F","",0,0,"N",0,"N",0,"N",0,1,0,0,"8","","","","F","F","F","F","F","F","F","F","F","bentj101","","","F","F","F","F","F","","","","",0,8,0,0,0,0,0,0,0,52,"NY1","BRO","NY1",0,"F","T",0,4,0,19,3,"T","F",1,1,"T","T","wheaz101","fourj101","T","T",2,8,49,0,0,0,0,0,0,"snydf101","","",0,0,0,0,0,0,0,0,0,0,0,0,0,"soutb101","F","F","F","F",0,0,0,0,0,0,0,0,0,0,F,F,"1924NY1.EVN.regular.event.csv",584
"NY1192405282","BRO",6,1,0,0,0,"",0,4,"meusi101","?","meusi101","?","grimb101","?","grimb101","?","taylz101","fourj101","higha101","stocm101","johnj107","wheaz101","bailg101","neisb101","","","","S","T","F",7,4,20,"T","T",1,"F","F",0,"F","F",0,"F","F",0,"","F","F","",0,0,"N",0,"N",0,"N",1,0,0,0,"","","","","F","F","F","F","F","F","F","F","F","","","","F","F","F","F","F","","","","",0,0,0,0,0,0,0,0,0,53,"NY1","NY1","BRO",1,"T","F",4,0,0,30,0,"T","F",0,1,"T","T","kellg101","jackt101","T","T",0,0,0,0,0,0,0,0,0,"","","",0,0,0,0,0,0,0,0,0,0,0,0,0,"","F","F","F","F",0,0,0,0,0,0,0,0,0,0,F,F,"1924NY1.EVN.regular.event.csv",585
"NY1192405282","BRO",6,1,0,0,0,"",0,4,"kellg101","?","kellg101","?","grimb101","?","grimb101","?","taylz101","fourj101","higha101","stocm101","johnj107","wheaz101","bailg101","neisb101","meusi101","","","S.1-2","F","F",3,5,20,"T","T",1,"F","F",0,"F","F",0,"F","F",0,"","F","F","",0,0,"N",0,"N",0,"N",1,2,0,0,"","","","","F","F","F","F","F","F","F","F","F","grimb101","","","F","F","F","F","F","","","","",0,0,0,0,0,0,0,0,0,54,"NY1","NY1","BRO",1,"F","F",4,0,0,31,1,"T","F",1,3,"T","T","jackt101","lindf101","T","T",7,4,53,0,0,0,0,0,0,"taylz101","","",0,0,0,0,0,0,0,0,0,0,0,0,0,"","F","F","F","F",0,0,0,0,0,0,0,0,0,0,F,F,"1924NY1.EVN.regular.event.csv",586
"NY1192405282","BRO",6,1,0,0,0,"",0,4,"jackt101","?","jackt101","?","grimb101","?","grimb101","?","taylz101","fourj101","higha101","stocm101","johnj107","wheaz101","bailg101","neisb101","kellg101","meusi101","","W.2-3;1-2","F","F",6,6,14,"T","F",0,"F","F",0,"F","F",0,"F","F",0,"","F","F","",0,0,"N",0,"N",0,"N",1,2,3,0,"","","","","F","F","F","F","F","F","F","F","F","grimb101","grimb101","","F","F","F","F","F","","","","",0,0,0,0,0,0,0,0,0,55,"NY1","NY1","BRO",1,"F","F",4,0,0,32,2,"T","F",3,7,"T","T","lindf101","snydf101","T","T",3,5,54,7,4,53,0,0,0,"taylz101","taylz101","",0,0,0,0,0,0,0,0,0,0,0,0,0,"","F","F","F","F",0,0,0,0,0,0,0,0,0,0,F,F,"1924NY1.EVN.regular.event.csv",587
"NY1192405282","BRO",6,1,0,0,0,"",0,4,"lindf101","?","lindf101","?","grimb101","?","grimb101","?","taylz101","fourj101","higha101","stocm101","johnj107","wheaz101","bailg101","neisb101","jackt101","kellg101","meusi101","4/P","F","F",5,7,2,"T","T",0,"F","F",1,"F","F",0,"F","F",4,"P","F","F","",0,0,"N",0,"N",0,"N",0,1,2,3,"4","","","","F","F","F","F","F","F","F","F","F","grimb101","grimb101","grimb101","F","F","F","F","F","","","","",0,4,0,0,0,0,0,0,0,56,"NY1","NY1","BRO",1,"F","F",4,0,0,33,3,"T","F",7,7,"T","T","snydf101","bentj101","T","T",6,6,55,3,5,54,7,4,53,"taylz101","taylz101","taylz101",0,0,0,0,0,0,0,0,0,0,0,0,0,"higha101","F","F","F","F",0,0,0,0,0,0,0,0,0,0,F,F,"1924NY1.EVN.regular.event.csv",588
"NY1192405282","BRO",6,1,1,0,0,"",0,4,"snydf101","?","snydf101","?","grimb101","?","grimb101","?","taylz101","fourj101","higha101","stocm101","johnj107","wheaz101","bailg101","neisb101","jackt101","kellg101","meusi101","K","F","F",2,8,3,"T","T",0,"F","F",1,"F","F",0,"F","F",0,"","F","F","",0,0,"N",0,"N",0,"N",0,1,2,3,"2","","","","F","F","F","F","F","F","F","F","F","grimb101","grimb101","grimb101","F","F","F","F","F","","","","",0,2,0,0,0,0,0,0,0,57,"NY1","NY1","BRO",1,"F","F",4,0,0,34,4,"T","F",7,7,"T","T","bentj101","younr101","T","T",6,6,55,3,5,54,7,4,53,"taylz101","taylz101","taylz101",0,0,0,0,0,0,0,0,0,0,0,0,0,"","F","F","F","F",0,0,0,0,0,0,0,0,0,0,F,F,"1924NY1.EVN.regular.event.csv",589
"NY1192405282","BRO",6,1,2,0,0,"",0,4,"bentj101","?","bentj101","?","grimb101","?","grimb101","?","taylz101","fourj101","higha101","stocm101","johnj107","wheaz101","bailg101","neisb101","jackt101","kellg101","meusi101","5/P","F","F",1,9,2,"T","T",0,"F","F",1,"F","F",0,"F","F",5,"P","F","F","",0,0,"N",0,"N",0,"N",0,1,2,3,"5","","","","F","F","F","F","F","F","F","F","F","grimb101","grimb101","grimb101","F","F","F","F","F","","","","",0,5,0,0,0,0,0,0,0,58,"NY1","NY1","BRO",1,"F","T",4,0,0,35,5,"T","F",7,7,"T","T","younr101","frisf101","T","T",6,6,55,3,5,54,7,4,53,"taylz101","taylz101","taylz101",0,0,0,0,0,0,0,0,0,0,0,0,0,"stocm101","F","F","F","F",0,0,0,0,0,0,0,0,0,0,F,F,"1924NY1.EVN.regular.event.csv",590
"NY1192405282","BRO",7,0,0,0,0,"",0,4,"wheaz101","?","wheaz101","?","bentj101","?","bentj101","?","snydf101","kellg101","frisf101","lindf101","jackt101","meusi101","soutb101","younr101","","","","5/L","T","F",7,3,2,"T","T",0,"F","F",1,"F","F",0,"F","F",5,"L","F","F","",0,0,"N",0,"N",0,"N",0,0,0,0,"5","","","","F","F","F","F","F","F","F","F","F","","","","F","F","F","F","F","","","","",0,5,0,0,0,0,0,0,0,59,"NY1","BRO","NY1",0,"T","F",0,4,0,20,0,"T","F",0,0,"T","T","fourj101","stocm101","T","T",0,0,0,0,0,0,0,0,0,"","","",0,0,0,0,0,0,0,0,0,0,0,0,0,"lindf101","F","F","F","F",0,0,0,0,0,0,0,0,0,0,F,F,"1924NY1.EVN.regular.event.csv",591
"NY1192405282","BRO",7,0,1,0,0,"",0,4,"fourj101","?","fourj101","?","bentj101","?","bentj101","?","snydf101","kellg101","frisf101","lindf101","jackt101","meusi101","soutb101","younr101","","","","K/C","F","F",3,4,3,"T","T",0,"F","F",1,"F","F",0,"F","F",0,"","F","F","",0,0,"N",0,"N",0,"N",0,0,0,0,"2","","","","F","F","F","F","F","F","F","F","F","","","","F","F","F","F","F","","","","",0,2,0,0,0,0,0,0,0,60,"NY1","BRO","NY1",0,"F","F",0,4,0,21,1,"T","F",0,0,"T","T","stocm101","neisb101","T","T",0,0,0,0,0,0,0,0,0,"","","",0,0,0,0,0,0,0,0,0,0,0,0,0,"","F","F","F","F",0,0,0,0,0,0,0,0,0,0,F,F,"1924NY1.EVN.regular.event.csv",592
"NY1192405282","BRO",7,0,2,0,0,"",0,4,"stocm101","?","stocm101","?","bentj101","?","bentj101","?","snydf101","kellg101","frisf101","lindf101","jackt101","meusi101","soutb101","younr101","","","","9/F","F","F",5,5,2,"T","T",0,"F","F",1,"F","F",0,"F","F",9,"F","F","F","",0,0,"N",0,"N",0,"N",0,0,0,0,"9","","","","F","F","F","F","F","F","F","F","F","","","","F","F","F","F","F","","","","",0,9,0,0,0,0,0,0,0,61,"NY1","BRO","NY1",0,"F","T",0,4,0,22,2,"T","F",0,0,"T","T","neisb101","higha101","T","T",0,0,0,0,0,0,0,0,0,"","","",0,0,0,0,0,0,0,0,0,0,0,0,0,"younr101","F","F","F","F",0,0,0,0,0,0,0,0,0,0,F,F,"1924NY1.EVN.regular.event.csv",593
"NY1192405282","BRO",7,1,0,0,0,"",0,4,"younr101","?","younr101","?","grimb101","?","grimb101","?","taylz101","fourj101","higha101","stocm101","johnj107","wheaz101","bailg101","neisb101","","","","7/F","T","F",9,1,2,"T","T",0,"F","F",1,"F","F",0,"F","F",7,"F","F","F","",0,0,"N",0,"N",0,"N",0,0,0,0,"7","","","","F","F","F","F","F","F","F","F","F","","","","F","F","F","F","F","","","","",0,7,0,0,0,0,0,0,0,62,"NY1","NY1","BRO",1,"T","F",4,0,0,36,0,"T","F",0,0,"T","T","frisf101","soutb101","T","T",0,0,0,0,0,0,0,0,0,"","","",0,0,0,0,0,0,0,0,0,0,0,0,0,"wheaz101","F","F","F","F",0,0,0,0,0,0,0,0,0,0,F,F,"1924NY1.EVN.regular.event.csv",594
"NY1192405282","BRO",7,1,1,0,0,"",0,4,"frisf101","?","frisf101","?","grimb101","?","grimb101","?","taylz101","fourj101","higha101","stocm101","johnj107","wheaz101","bailg101","neisb101","","","","S9.B-2(TH1)","F","F",4,2,20,"T","T",1,"F","F",0,"F","F",0,"F","F",9,"","F","F","",0,0,"N",0,"N",0,"N",2,0,0,0,"","","","","F","F","F","F","F","F","F","F","F","","","","F","F","F","F","F","","","","",0,0,0,0,0,0,0,0,0,63,"NY1","NY1","BRO",1,"F","F",4,0,0,37,1,"T","F",0,2,"T","T","soutb101","meusi101","T","T",0,0,0,0,0,0,0,0,0,"","","",0,0,0,0,0,0,0,0,0,0,0,0,0,"neisb101","F","F","F","F",0,0,0,0,0,0,0,0,0,0,F,F,"1924NY1.EVN.regular.event.csv",595
"NY1192405282","BRO",7,1,1,0,0,"",0,4,"soutb101","?","soutb101","?","grimb101","?","grimb101","?","taylz101","fourj101","higha101","stocm101","johnj107","wheaz101","bailg101","neisb101","","frisf101","","8/L.2-3","F","F",8,3,2,"T","T",0,"F","F",1,"F","F",0,"F","F",8,"L","F","F","",0,0,"N",0,"N",0,"N",0,0,3,0,"8","","","","F","F","F","F","F","F","F","F","F","","grimb101","","F","F","F","F","F","","","","",0,8,0,0,0,0,0,0,0,64,"NY1","NY1","BRO",1,"F","F",4,0,0,38,2,"T","F",2,4,"T","T","meusi101","kellg101","T","T",0,0,0,4,2,63,0,0,0,"","taylz101","",0,0,0,0,0,0,0,0,0,0,0,0,0,"bailg101","F","F","F","F",0,0,0,0,0,0,0,0,0,0,F,F,"1924NY1.EVN.regular.event.csv",596
"NY1192405282","BRO",7,1,2,0,0,"",0,4,"meusi101","?","meusi101","?","grimb101","?","grimb101","?","taylz101","fourj101","higha101","stocm101","johnj107","wheaz101","bailg101","neisb101","","","frisf101","6/P","F","F",7,4,2,"T","T",0,"F","F",1,"F","F",0,"F","F",6,"P","F","F","",0,0,"N",0,"N",0,"N",0,0,0,3,"6","","","","F","F","F","F","F","F","F","F","F","","","grimb101","F","F","F","F","F","","","","",0,6,0,0,0,0,0,0,0,65,"NY1","NY1","BRO",1,"F","T",4,0,0,39,3,"T","F",4,4,"T","T","kellg101","jackt101","T","T",0,0,0,0,0,0,4,2,63,"","","taylz101",0,0,0,0,0,0,0,0,0,0,0,0,0,"johnj107","F","F","F","F",0,0,0,0,0,0,0,0,0,0,F,F,"1924NY1.EVN.regular.event.csv",597
"NY1192405282","BRO",8,0,0,0,0,"",0,4,"neisb101","?","neisb101","?","bentj101","?","bentj101","?","snydf101","kellg101","frisf101","lindf101","jackt101","meusi101","soutb101","younr101","","","","63","T","F",9,6,2,"T","T",0,"F","F",1,"F","F",0,"F","F",6,"G","F","F","",0,0,"N",0,"N",0,"N",0,0,0,0,"63","","","","F","F","F","F","F","F","F","F","F","","","","F","F","F","F","F","","","","",0,3,0,0,6,0,0,0,0,66,"NY1","BRO","NY1",0,"T","F",0,4,0,23,0,"T","F",0,0,"T","T","higha101","taylz101","T","T",0,0,0,0,0,0,0,0,0,"","","",0,0,0,0,0,0,0,0,0,0,0,0,0,"jackt101","F","F","F","F",0,0,0,0,0,0,0,0,0,0,F,F,"1924NY1.EVN.regular.event.csv",598
"NY1192405282","BRO",8,0,1,0,0,"",0,4,"higha101","?","higha101","?","bentj101","?","bentj101","?","snydf101","kellg101","frisf101","lindf101","jackt101","meusi101","soutb101","younr101","","","","S","F","F",4,7,20,"T","T",1,"F","F",0,"F","F",0,"F","F",0,"","F","F","",0,0,"N",0,"N",0,"N",1,0,0,0,"","","","","F","F","F","F","F","F","F","F","F","","","","F","F","F","F","F","","","","",0,0,0,0,0,0,0,0,0,67,"NY1","BRO","NY1",0,"F","F",0,4,0,24,1,"T","F",0,1,"T","T","taylz101","grimb101","T","T",0,0,0,0,0,0,0,0,0,"","","",0,0,0,0,0,0,0,0,0,0,0,0,0,"","F","F","F","F",0,0,0,0,0,0,0,0,0,0,F,F,"1924NY1.EVN.regular.event.csv",599
"NY1192405282","BRO",8,0,1,0,0,"",0,4,"taylz101","?","taylz101","?","bentj101","?","bentj101","?","snydf101","kellg101","frisf101","lindf101","jackt101","meusi101","soutb101","younr101","higha101","","","54(1)3/GDP","F","F",2,8,2,"T","T",0,"F","F",2,"T","F",0,"F","F",5,"G","F","F","",0,0,"N",0,"N",0,"N",0,0,0,0,"43","54","","","F","F","F","F","F","F","F","F","F","bentj101","","","F","F","F","F","F","","","","",0,4,3,0,5,4,0,0,0,68,"NY1","BRO","NY1",0,"F","T",0,4,0,25,2,"T","F",1,0,"T","T","grimb101","bailg101","T","T",4,7,67,0,0,0,0,0,0,"snydf101","","",0,0,0,0,0,0,0,0,0,0,0,0,0,"lindf101","T","F","F","F",0,0,0,0,0,0,0,0,0,0,F,F,"1924NY1.EVN.regular.event.csv",600
"NY1192405282","BRO",8,1,0,0,0,"",0,4,"kellg101","?","kellg101","?","grimb101","?","grimb101","?","taylz101","fourj101","higha101","stocm101","johnj107","wheaz101","bailg101","neisb101","","","","7/F","T","F",3,5,2,"T","T",0,"F","F",1,"F","F",0,"F","F",7,"F","F","F","",0,0,"N",0,"N",0,"N",0,0,0,0,"7","","","","F","F","F","F","F","F","F","F","F","","","","F","F","F","F","F","","","","",0,7,0,0,0,0,0,0,0,69,"NY1","NY1","BRO",1,"T","F",4,0,0,40,0,"T","F",0,0,"T","T","jackt101","lindf101","T","T",0,0,0,0,0,0,0,0,0,"","","",0,0,0,0,0,0,0,0,0,0,0,0,0,"wheaz101","F","F","F","F",0,0,0,0,0,0,0,0,0,0,F,F,"1924NY1.EVN.regular.event.csv",601
"NY1192405282","BRO",8,1,1,0,0,"",0,4,"jackt101","?","jackt101","?","grimb101","?","grimb101","?","taylz101","fourj101","higha101","stocm101","johnj107","wheaz101","bailg101","neisb101","","","","S8","F","F",6,6,20,"T","T",1,"F","F",0,"F","F",0,"F","F",8,"","F","F","",0,0,"N",0,"N",0,"N",1,0,0,0,"","","","","F","F","F","F","F","F","F","F","F","","","","F","F","F","F","F","","","","",0,0,0,0,0,0,0,0,0,70,"NY1","NY1","BRO",1,"F","F",4,0,0,41,1,"T","F",0,1,"T","T","lindf101","snydf101","T","T",0,0,0,0,0,0,0,0,0,"","","",0,0,0,0,0,0,0,0,0,0,0,0,0,"bailg101","F","F","F","F",0,0,0,0,0,0,0,0,0,0,F,F,"1924NY1.EVN.regular.event.csv",602
"NY1192405282","BRO",8,1,1,0,0,"",0,4,"lindf101","?","lindf101","?","grimb101","?","grimb101","?","taylz101","fourj101","higha101","stocm101","johnj107","wheaz101","bailg101","neisb101","jackt101","","","36(1)/FO","F","F",5,7,2,"T","T",0,"F","F",1,"F","F",0,"F","F",3,"G","F","F","",0,0,"N",0,"N",0,"N",1,0,0,0,"","36","","","F","F","F","F","F","F","F","F","F","grimb101","","","F","F","F","F","F","","","","",0,6,0,0,3,0,0,0,0,71,"NY1","NY1","BRO",1,"F","F",4,0,0,42,2,"T","F",1,1,"T","T","snydf101","bentj101","T","T",6,6,70,0,0,0,0,0,0,"taylz101","","",0,0,0,0,0,0,0,0,0,0,0,0,0,"fourj101","T","F","F","F",0,0,0,0,0,0,0,0,0,0,F,F,"1924NY1.EVN.regular.event.csv",603
"NY1192405282","BRO",8,1,2,0,0,"",0,4,"snydf101","?","snydf101","?","grimb101","?","grimb101","?","taylz101","fourj101","higha101","stocm101","johnj107","wheaz101","bailg101","neisb101","lindf101","","","43","F","F",2,8,2,"T","T",0,"F","F",1,"F","F",0,"F","F",4,"G","F","F","",0,0,"N",0,"N",0,"N",0,1,0,0,"43","","","","F","F","F","F","F","F","F","F","F","grimb101","","","F","F","F","F","F","","","","",0,3,0,0,4,0,0,0,0,72,"NY1","NY1","BRO",1,"F","T",4,0,0,43,3,"T","F",1,1,"T","T","bentj101","younr101","T","T",5,7,71,0,0,0,0,0,0,"taylz101","","",0,0,0,0,0,0,0,0,0,0,0,0,0,"higha101","F","F","F","F",0,0,0,0,0,0,0,0,0,0,F,F,"1924NY1.EVN.regular.event.csv",604
"NY1192405282","BRO",9,0,0,0,0,"",0,4,"grimb101","?","grimb101","?","bentj101","?","bentj101","?","snydf101","kellg101","frisf101","lindf101","jackt101","meusi101","soutb101","younr101","","","","S","T","F",1,9,20,"T","T",1,"F","F",0,"F","F",0,"F","F",0,"","F","F","",0,0,"N",0,"N",0,"N",1,0,0,0,"","","","","F","F","F","F","F","F","F","F","F","","","","F","F","F","F","F","","","","",0,0,0,0,0,0,0,0,0,73,"NY1","BRO","NY1",0,"T","F",0,4,0,26,0,"T","F",0,1,"T","T","bailg101","johnj107","T","T",0,0,0,0,0,0,0,0,0,"","","",0,0,0,0,0,0,0,0,0,0,0,0,0,"","F","F","F","F",4,0,0,0,2,0,0,0,0,0,F,F,"1924NY1.EVN.regular.event.csv",605
"NY1192405282","BRO",9,0,0,0,0,"",0,4,"bailg101","?","bailg101","?","bentj101","?","bentj101","?","snydf101","kellg101","frisf101","lindf101","jackt101","meusi101","soutb101","younr101","grimb101","","","D.1-3","F","F",8,1,21,"T","T",2,"F","F",0,"F","F",0,"F","F",0,"","F","F","",0,0,"N",0,"N",0,"N",2,3,0,0,"","","","","F","F","F","F","F","F","F","F","F","bentj101","","","F","F","F","F","F","","","","",0,0,0,0,0,0,0,0,0,74,"NY1","BRO","NY1",0,"F","F",0,4,0,27,1,"T","F",1,6,"T","T","johnj107","wheaz101","T","T",1,9,73,0,0,0,0,0,0,"snydf101","","",0,0,0,0,0,0,0,0,0,0,0,0,0,"","F","F","F","F",4,4,0,0,2,0,0,0,0,0,F,F,"1924NY1.EVN.regular.event.csv",606
"NY1192405282","BRO",9,0,0,0,0,"",0,4,"johnj107","?","johnj107","?","bentj101","?","bentj101","?","snydf101","kellg101","frisf101","lindf101","jackt101","meusi101","soutb101","younr101","","bailg101","grimb101","8/SF.3-H;2-3","F","F",6,2,2,"T","F",0,"F","T",1,"F","F",1,"F","F",8,"F","F","F","",0,0,"N",0,"N",0,"N",0,0,3,4,"8","","","","F","F","F","F","F","F","F","F","F","","bentj101","bentj101","F","F","F","F","F","","","","",0,8,0,0,0,0,0,0,0,75,"NY1","BRO","NY1",0,"F","F",0,4,0,28,2,"T","F",6,4,"T","T","wheaz101","fourj101","T","T",0,0,0,8,1,74,1,9,73,"","snydf101","snydf101",0,0,0,0,0,0,0,0,0,0,0,0,1,"soutb101","F","F","F","F",0,0,4,4,1,0,0,0,0,0,F,F,"1924NY1.EVN.regular.event.csv",607
"NY1192405282","BRO",9,0,1,0,0,"",1,4,"wheaz101","?","wheaz101","?","bentj101","?","bentj101","?","snydf101","kellg101","frisf101","lindf101","jackt101","meusi101","soutb101","younr101","","","bailg101","W","F","F",7,3,14,"T","F",0,"F","F",0,"F","F",0,"F","F",0,"","F","F","",0,0,"N",0,"N",0,"N",1,0,0,3,"","","","","F","F","F","F","F","F","F","F","F","","","bentj101","F","F","F","F","F","","","","",0,0,0,0,0,0,0,0,0,76,"NY1","BRO","NY1",0,"F","F",1,4,1,29,3,"T","F",4,5,"T","T","fourj101","stocm101","T","T",0,0,0,0,0,0,8,1,74,"","","snydf101",0,0,0,0,0,0,0,0,0,0,0,0,0,"","F","F","F","F",2,0,0,4,1,0,0,0,0,0,F,F,"1924NY1.EVN.regular.event.csv",608
"NY1192405282","BRO",9,0,1,0,0,"",1,4,"fourj101","?","fourj101","?","bentj101","?","bentj101","?","snydf101","kellg101","frisf101","lindf101","jackt101","meusi101","soutb101","younr101","wheaz101","","bailg101","S.3-H;1-2","F","F",3,4,20,"T","T",1,"F","F",0,"F","F",1,"F","F",0,"","F","F","",0,0,"N",0,"N",0,"N",1,2,0,4,"","","","","F","F","F","F","F","F","F","F","F","bentj101","","bentj101","F","F","F","F","F","","","","",0,0,0,0,0,0,0,0,0,77,"NY1","BRO","NY1",0,"F","F",1,4,1,30,4,"T","F",5,3,"T","T","stocm101","neisb101","T","T",7,3,76,0,0,0,8,1,74,"snydf101","","snydf101",0,0,0,0,0,0,0,0,0,0,0,0,1,"","F","F","F","F",1,2,0,4,0,0,0,0,0,0,F,F,"1924NY1.EVN.regular.event.csv",609
"NY1192405282","BRO",9,0,1,0,0,"",2,4,"stocm101","?","stocm101","?","ryanr101","?","ryanr101","?","snydf101","kellg101","frisf101","lindf101","jackt101","meusi101","soutb101","younr101","fourj101","wheaz101","","6/P","F","F",5,5,2,"T","T",0,"F","F",1,"F","F",0,"F","F",6,"P","F","F","",0,0,"N",0,"N",0,"N",0,1,2,0,"6","","","","F","F","F","F","F","F","F","F","F","bentj101","bentj101","","F","F","F","F","F","","","","",0,6,0,0,0,0,0,0,0,78,"NY1","BRO","NY1",0,"F","F",2,4,2,31,5,"T","F",3,3,"T","T","neisb101","higha101","F","F",3,4,77,7,3,76,0,0,0,"snydf101","snydf101","",0,0,0,0,0,0,0,0,0,0,0,0,0,"jackt101","F","F","F","F",0,1,2,0,0,0,0,0,0,0,F,F,"1924NY1.EVN.regular.event.csv",610
"NY1192405282","BRO",9,0,2,0,0,"",2,4,"neisb101","?","neisb101","?","ryanr101","?","ryanr101","?","snydf101","kellg101","frisf101","lindf101","jackt101","meusi101","soutb101","younr101","fourj101","wheaz101","","K","F","F",9,6,3,"T","T",0,"F","F",1,"F","F",0,"F","F",0,"","F","F","",0,0,"N",0,"N",0,"N",0,1,2,0,"2","","","","F","F","F","F","F","F","F","F","F","bentj101","bentj101","","F","T","F","F","F","","","","",0,2,0,0,0,0,0,0,0,79,"NY1","BRO","NY1",0,"F","T",2,4,2,32,6,"T","F",3,3,"T","T","higha101","taylz101","F","F",3,4,77,7,3,76,0,0,0,"snydf101","snydf101","",0,0,0,0,0,0,0,0,0,0,0,0,0,"","F","F","F","F",0,1,2,0,0,0,0,0,0,0,F,F,"1924NY1.EVN.regular.event.csv",611
"NY1192406020","BSN",1,0,0,0,0,"",0,0,"felig101","?","felig101","?","ryanr101","?","ryanr101","?","snydf101","kellg101","frisf101","grohh101","jackt101","meusi101","soutb101","younr101","","","","W","T","F",8,1,14,"T","F",0,"F","F",0,"F","F",0,"F","F",0,"","F","F","",0,0,"N",0,"N",0,"N",1,0,0,0,"","","","","F","F","F","F","F","F","F","F","F","","","","T","F","F","F","F","","","","",0,0,0,0,0,0,0,0,0,1,"NY1","BSN","NY1",0,"T","F",0,0,0,0,0,"T","F",0,1,"T","T","bancd101","cunnb102","T","T",0,0,0,0,0,0,0,0,0,"","","",0,0,0,0,0,0,0,0,0,0,0,0,0,"","F","F","F","F",0,0,0,0,0,0,0,0,0,0,F,F,"1924NY1.EVN.regular.event.csv",612
"NY1192406020","BSN",1,0,0,0,0,"",0,0,"bancd101","?","bancd101","?","ryanr101","?","ryanr101","?","snydf101","kellg101","frisf101","grohh101","jackt101","meusi101","soutb101","younr101","felig101","","","7/F","F","F",6,2,2,"T","T",0,"F","F",1,"F","F",0,"F","F",7,"F","F","F","",0,0,"N",0,"N",0,"N",0,1,0,0,"7","","","","F","F","F","F","F","F","F","F","F","ryanr101","","","F","F","F","F","F","","","","",0,7,0,0,0,0,0,0,0,2,"NY1","BSN","NY1",0,"F","F",0,0,0,1,1,"T","F",1,1,"T","T","cunnb102","gibsf101","T","T",8,1,1,0,0,0,0,0,0,"snydf101","","",0,0,0,0,0,0,0,0,0,0,0,0,0,"meusi101","F","F","F","F",0,0,0,0,0,0,0,0,0,0,F,F,"1924NY1.EVN.regular.event.csv",613
"NY1192406020","BSN",1,0,1,0,0,"",0,0,"cunnb102","?","cunnb102","?","ryanr101","?","ryanr101","?","snydf101","kellg101","frisf101","grohh101","jackt101","meusi101","soutb101","younr101","felig101","","","4/P","F","F",7,3,2,"T","T",0,"F","F",1,"F","F",0,"F","F",4,"P","F","F","",0,0,"N",0,"N",0,"N",0,1,0,0,"4","","","","F","F","F","F","F","F","F","F","F","ryanr101","","","F","F","F","F","F","","","","",0,4,0,0,0,0,0,0,0,3,"NY1","BSN","NY1",0,"F","F",0,0,0,2,2,"T","F",1,1,"T","T","gibsf101","tierc101","T","T",8,1,1,0,0,0,0,0,0,"snydf101","","",0,0,0,0,0,0,0,0,0,0,0,0,0,"frisf101","F","F","F","F",0,0,0,0,0,0,0,0,0,0,F,F,"1924NY1.EVN.regular.event.csv",614
"NY1192406020","BSN",1,0,2,0,0,"",0,0,"gibsf101","?","gibsf101","?","ryanr101","?","ryanr101","?","snydf101","kellg101","frisf101","grohh101","jackt101","meusi101","soutb101","younr101","felig101","","","3/G","F","F",3,4,2,"T","T",0,"F","F",1,"F","F",0,"F","F",3,"G","F","F","",0,0,"N",0,"N",0,"N",0,1,0,0,"3","","","","F","F","F","F","F","F","F","F","F","ryanr101","","","F","F","F","F","F","","","","",0,3,0,0,0,0,0,0,0,4,"NY1","BSN","NY1",0,"F","T",0,0,0,3,3,"T","F",1,1,"T","T","tierc101","stenc101","T","T",8,1,1,0,0,0,0,0,0,"snydf101","","",0,0,0,0,0,0,0,0,0,0,0,0,0,"kellg101","F","F","F","F",0,0,0,0,0,0,0,0,0,0,F,F,"1924NY1.EVN.regular.event.csv",615
"NY1192406020","BSN",1,1,0,0,0,"",0,0,"younr101","?","younr101","?","mcnat101","?","mcnat101","?","oneim102","gibsf101","tierc101","padge101","bancd101","cunnb102","felig101","stenc101","","","","S8","T","F",9,1,20,"T","T",1,"F","F",0,"F","F",0,"F","F",8,"","F","F","",0,0,"N",0,"N",0,"N",1,0,0,0,"","","","","F","F","F","F","F","F","F","F","F","","","","F","F","F","F","F","","","","",0,0,0,0,0,0,0,0,0,5,"NY1","NY1","BSN",1,"T","F",0,0,0,0,0,"T","F",0,1,"T","T","frisf101","soutb101","T","T",0,0,0,0,0,0,0,0,0,"","","",0,0,0,0,0,0,0,0,0,0,0,0,0,"felig101","F","F","F","F",0,0,0,0,0,0,0,0,0,0,F,F,"1924NY1.EVN.regular.event.csv",616
"NY1192406020","BSN",1,1,0,0,0,"",0,0,"frisf101","?","frisf101","?","mcnat101","?","mcnat101","?","oneim102","gibsf101","tierc101","padge101","bancd101","cunnb102","felig101","stenc101","younr101","","","46(1)/FO","F","F",4,2,2,"T","T",0,"F","F",1,"F","F",0,"F","F",4,"G","F","F","",0,0,"N",0,"N",0,"N",1,0,0,0,"","46","","","F","F","F","F","F","F","F","F","F","mcnat101","","","F","F","F","F","F","","","","",0,6,0,0,4,0,0,0,0,6,"NY1","NY1","BSN",1,"F","F",0,0,0,1,1,"T","F",1,1,"T","T","soutb101","meusi101","T","T",9,1,5,0,0,0,0,0,0,"oneim102","","",0,0,0,0,0,0,0,0,0,0,0,0,0,"tierc101","T","F","F","F",0,0,0,0,0,0,0,0,0,0,F,F,"1924NY1.EVN.regular.event.csv",617
"NY1192406020","BSN",1,1,1,0,0,"",0,0,"soutb101","?","soutb101","?","mcnat101","?","mcnat101","?","oneim102","gibsf101","tierc101","padge101","bancd101","cunnb102","felig101","stenc101","frisf101","","","S9.1-3","F","F",8,3,20,"T","T",1,"F","F",0,"F","F",0,"F","F",9,"","F","F","",0,0,"N",0,"N",0,"N",1,3,0,0,"","","","","F","F","F","F","F","F","F","F","F","mcnat101","","","F","F","F","F","F","","","","",0,0,0,0,0,0,0,0,0,7,"NY1","NY1","BSN",1,"F","F",0,0,0,2,2,"T","F",1,5,"T","T","meusi101","kellg101","T","T",4,2,6,0,0,0,0,0,0,"oneim102","","",0,0,0,0,0,0,0,0,0,0,0,0,0,"stenc101","F","F","F","F",0,0,0,0,0,0,0,0,0,0,F,F,"1924NY1.EVN.regular.event.csv",618
"NY1192406020","BSN",1,1,1,0,0,"",0,0,"meusi101","?","meusi101","?","mcnat101","?","mcnat101","?","oneim102","gibsf101","tierc101","padge101","bancd101","cunnb102","felig101","stenc101","soutb101","","frisf101","46(1)3/GDP","F","F",7,4,2,"T","T",0,"F","F",2,"T","F",0,"F","F",4,"G","F","F","",0,0,"N",0,"N",0,"N",0,0,0,3,"63","46","","","F","F","F","F","F","F","F","F","F","mcnat101","","mcnat101","F","F","F","F","F","","","","",0,6,3,0,4,6,0,0,0,8,"NY1","NY1","BSN",1,"F","T",0,0,0,3,3,"T","F",5,4,"T","T","kellg101","jackt101","T","T",8,3,7,0,0,0,4,2,6,"oneim102","","oneim102",0,0,0,0,0,0,0,0,0,0,0,0,0,"tierc101","T","F","F","F",0,0,0,0,0,0,0,0,0,0,F,F,"1924NY1.EVN.regular.event.csv",619
"NY1192406020","BSN",2,0,0,0,0,"",0,0,"tierc101","?","tierc101","?","ryanr101","?","ryanr101","?","snydf101","kellg101","frisf101","grohh101","jackt101","meusi101","soutb101","younr101","","","","S8","T","F",4,5,20,"T","T",1,"F","F",0,"F","F",0,"F","F",8,"","F","F","",0,0,"N",0,"N",0,"N",1,0,0,0,"","","","","F","F","F","F","F","F","F","F","F","","","","F","F","F","F","F","","","","",0,0,0,0,0,0,0,0,0,9,"NY1","BSN","NY1",0,"T","F",0,0,0,4,0,"T","F",0,1,"T","T","stenc101","padge101","T","T",0,0,0,0,0,0,0,0,0,"","","",0,0,0,0,0,0,0,0,0,0,0,0,0,"soutb101","F","F","F","F",0,0,0,0,0,0,0,0,0,0,F,F,"1924NY1.EVN.regular.event.csv",620
"NY1192406020","BSN",2,0,0,0,0,"",0,0,"stenc101","?","stenc101","?","ryanr101","?","ryanr101","?","snydf101","kellg101","frisf101","grohh101","jackt101","meusi101","soutb101","younr101","tierc101","","","4(1)3/GDP","F","F",9,6,2,"T","T",0,"F","F",2,"T","F",0,"F","F",4,"G","F","F","",0,0,"N",0,"N",0,"N",0,0,0,0,"43","4","","","F","F","F","F","F","F","F","F","F","ryanr101","","","F","F","F","F","F","","","","",0,4,3,0,4,0,0,0,0,10,"NY1","BSN","NY1",0,"F","F",0,0,0,5,1,"T","F",1,0,"T","T","padge101","oneim102","T","T",4,5,9,0,0,0,0,0,0,"snydf101","","",0,0,0,0,0,0,0,0,0,0,0,0,0,"frisf101","T","F","F","F",0,0,0,0,0,0,0,0,0,0,F,F,"1924NY1.EVN.regular.event.csv",621
"NY1192406020","BSN",2,0,2,0,0,"",0,0,"padge101","?","padge101","?","ryanr101","?","ryanr101","?","snydf101","kellg101","frisf101","grohh101","jackt101","meusi101","soutb101","younr101","","","","43","F","F",5,7,2,"T","T",0,"F","F",1,"F","F",0,"F","F",4,"G","F","F","",0,0,"N",0,"N",0,"N",0,0,0,0,"43","","","","F","F","F","F","F","F","F","F","F","","","","F","F","F","F","F","","","","",0,3,0,0,4,0,0,0,0,11,"NY1","BSN","NY1",0,"F","T",0,0,0,6,2,"T","F",0,0,"T","T","oneim102","mcnat101","T","T",0,0,0,0,0,0,0,0,0,"","","",0,0,0,0,0,0,0,0,0,0,0,0,0,"frisf101","F","F","F","F",0,0,0,0,0,0,0,0,0,0,F,F,"1924NY1.EVN.regular.event.csv",622
"NY1192406020","BSN",2,1,0,0,0,"",0,0,"kellg101","?","kellg101","?","mcnat101","?","mcnat101","?","oneim102","gibsf101","tierc101","padge101","bancd101","cunnb102","felig101","stenc101","","","","D7","T","F",3,5,21,"T","T",2,"F","F",0,"F","F",0,"F","F",7,"","F","F","",0,0,"N",0,"N",0,"N",2,0,0,0,"","","","","F","F","F","F","F","F","F","F","F","","","","F","F","F","F","F","","","","",0,0,0,0,0,0,0,0,0,12,"NY1","NY1","BSN",1,"T","F",0,0,0,4,0,"T","F",0,2,"T","T","jackt101","grohh101","T","T",0,0,0,0,0,0,0,0,0,"","","",0,0,0,0,0,0,0,0,0,0,0,0,0,"cunnb102","F","F","F","F",4,0,0,0,1,0,0,0,0,0,F,F,"1924NY1.EVN.regular.event.csv",623
"NY1192406020","BSN",2,1,0,0,0,"",0,0,"jackt101","?","jackt101","?","mcnat101","?","mcnat101","?","oneim102","gibsf101","tierc101","padge101","bancd101","cunnb102","felig101","stenc101","","kellg101","","3/FL","F","F",6,6,2,"T","T",0,"F","F",1,"F","F",0,"F","F",3,"F","F","T","",0,0,"N",0,"N",0,"N",0,0,2,0,"3","","","","F","F","F","F","F","F","F","F","F","","mcnat101","","F","F","F","F","F","","","","",0,3,0,0,0,0,0,0,0,13,"NY1","NY1","BSN",1,"F","F",0,0,0,5,1,"T","F",2,2,"T","T","grohh101","snydf101","T","T",0,0,0,3,5,12,0,0,0,"","oneim102","",0,0,0,0,0,0,0,0,0,0,0,0,0,"gibsf101","F","F","F","F",0,0,4,0,1,0,0,0,0,0,F,F,"1924NY1.EVN.regular.event.csv",624
"NY1192406020","BSN",2,1,1,0,0,"",0,0,"grohh101","?","grohh101","?","mcnat101","?","mcnat101","?","oneim102","gibsf101","tierc101","padge101","bancd101","cunnb102","felig101","stenc101","","kellg101","","S7/5.2-3","F","F",5,7,20,"T","T",1,"F","F",0,"F","F",0,"F","F",7,"","F","F","5",0,0,"N",0,"N",0,"N",1,0,3,0,"","","","","F","F","F","F","F","F","F","F","F","","mcnat101","","F","F","F","F","F","","","","",0,0,0,0,0,0,0,0,0,14,"NY1","NY1","BSN",1,"F","F",0,0,0,6,2,"T","F",2,5,"T","T","snydf101","ryanr101","T","T",0,0,0,3,5,12,0,0,0,"","oneim102","",0,0,0,0,0,0,0,0,0,0,0,0,0,"cunnb102","F","F","F","F",0,0,4,0,1,0,0,0,0,0,F,F,"1924NY1.EVN.regular.event.csv",625
"NY1192406020","BSN",2,1,1,0,0,"",0,0,"snydf101","?","snydf101","?","mcnat101","?","mcnat101","?","oneim102","gibsf101","tierc101","padge101","bancd101","cunnb102","felig101","stenc101","grohh101","","kellg101","S8.3-H;1-3","F","F",2,8,20,"T","T",1,"F","F",0,"F","F",1,"F","F",8,"","F","F","",0,0,"N",0,"N",0,"N",1,3,0,4,"","","","","F","F","F","F","F","F","F","F","F","mcnat101","","mcnat101","F","F","F","F","F","","","","",0,0,0,0,0,0,0,0,0,15,"NY1","NY1","BSN",1,"F","F",0,0,0,7,3,"T","F",5,5,"T","T","ryanr101","younr101","T","T",5,7,14,0,0,0,3,5,12,"oneim102","","oneim102",0,0,0,0,0,0,0,0,0,0,0,0,1,"felig101","F","F","F","F",0,0,0,4,0,0,0,0,0,0,F,F,"1924NY1.EVN.regular.event.csv",626
"NY1192406020","BSN",2,1,1,0,0,"",0,1,"ryanr101","?","ryanr101","?","mcnat101","?","mcnat101","?","oneim102","gibsf101","tierc101","padge101","bancd101","cunnb102","felig101","stenc101","snydf101","","grohh101","FC2.3XH(2);1-2","F","F",1,9,19,"T","T",0,"F","F",1,"F","F",0,"F","F",2,"G","F","F","",0,0,"N",0,"N",0,"N",1,2,0,0,"","","","2","F","F","F","F","F","F","F","F","F","mcnat101","","mcnat101","F","F","F","F","F","","","","",0,2,0,0,0,0,0,0,0,16,"NY1","NY1","BSN",1,"F","F",1,0,1,8,4,"T","F",5,3,"T","T","younr101","frisf101","T","T",2,8,15,0,0,0,5,7,14,"oneim102","","oneim102",0,0,0,0,0,0,0,0,0,0,0,0,0,"oneim102","F","F","F","F",0,0,0,0,0,0,0,0,0,0,F,F,"1924NY1.EVN.regular.event.csv",627
"NY1192406020","BSN",2,1,2,0,0,"",0,1,"younr101","?","younr101","?","mcnat101","?","mcnat101","?","oneim102","gibsf101","tierc101","padge101","bancd101","cunnb102","felig101","stenc101","ryanr101","snydf101","","9/L","F","F",9,1,2,"T","T",0,"F","F",1,"F","F",0,"F","F",9,"L","F","F","",0,0,"N",0,"N",0,"N",0,1,2,0,"9","","","","F","F","F","F","F","F","F","F","F","mcnat101","mcnat101","","F","F","F","F","F","","","","",0,9,0,0,0,0,0,0,0,17,"NY1","NY1","BSN",1,"F","T",1,0,1,9,5,"T","F",3,3,"T","T","frisf101","soutb101","T","T",1,9,16,2,8,15,0,0,0,"oneim102","oneim102","",0,0,0,0,0,0,0,0,0,0,0,0,0,"stenc101","F","F","F","F",0,0,0,0,0,0,0,0,0,0,F,F,"1924NY1.EVN.regular.event.csv",628
"NY1192406020","BSN",3,0,0,0,0,"",0,1,"oneim102","?","oneim102","?","ryanr101","?","ryanr101","?","snydf101","kellg101","frisf101","grohh101","jackt101","meusi101","soutb101","younr101","","","","63","T","F",2,8,2,"T","T",0,"F","F",1,"F","F",0,"F","F",6,"G","F","F","",0,0,"N",0,"N",0,"N",0,0,0,0,"63","","","","F","F","F","F","F","F","F","F","F","","","","F","F","F","F","F","","","","",0,3,0,0,6,0,0,0,0,18,"NY1","BSN","NY1",0,"T","F",0,1,0,7,0,"T","F",0,0,"T","T","mcnat101","felig101","T","T",0,0,0,0,0,0,0,0,0,"","","",0,0,0,0,0,0,0,0,0,0,0,0,0,"jackt101","F","F","F","F",0,0,0,0,0,0,0,0,0,0,F,F,"1924NY1.EVN.regular.event.csv",629
"NY1192406020","BSN",3,0,1,0,0,"",0,1,"mcnat101","?","mcnat101","?","ryanr101","?","ryanr101","?","snydf101","kellg101","frisf101","grohh101","jackt101","meusi101","soutb101","younr101","","","","K","F","F",1,9,3,"T","T",0,"F","F",1,"F","F",0,"F","F",0,"","F","F","",0,0,"N",0,"N",0,"N",0,0,0,0,"2","","","","F","F","F","F","F","F","F","F","F","","","","F","F","F","F","F","","","","",0,2,0,0,0,0,0,0,0,19,"NY1","BSN","NY1",0,"F","F",0,1,0,8,1,"T","F",0,0,"T","T","felig101","bancd101","T","T",0,0,0,0,0,0,0,0,0,"","","",0,0,0,0,0,0,0,0,0,0,0,0,0,"","F","F","F","F",0,0,0,0,0,0,0,0,0,0,F,F,"1924NY1.EVN.regular.event.csv",630
"NY1192406020","BSN",3,0,2,0,0,"",0,1,"felig101","?","felig101","?","ryanr101","?","ryanr101","?","snydf101","kellg101","frisf101","grohh101","jackt101","meusi101","soutb101","younr101","","","","K/C","F","F",8,1,3,"T","T",0,"F","F",1,"F","F",0,"F","F",0,"","F","F","",0,0,"N",0,"N",0,"N",0,0,0,0,"2","","","","F","F","F","F","F","F","F","F","F","","","","F","F","F","F","F","","","","",0,2,0,0,0,0,0,0,0,20,"NY1","BSN","NY1",0,"F","T",0,1,0,9,2,"T","F",0,0,"T","T","bancd101","cunnb102","T","T",0,0,0,0,0,0,0,0,0,"","","",0,0,0,0,0,0,0,0,0,0,0,0,0,"","F","F","F","F",0,0,0,0,0,0,0,0,0,0,F,F,"1924NY1.EVN.regular.event.csv",631
"NY1192406020","BSN",3,1,0,0,0,"",0,1,"frisf101","?","frisf101","?","mcnat101","?","mcnat101","?","oneim102","gibsf101","tierc101","padge101","bancd101","cunnb102","felig101","stenc101","","","","43","T","F",4,2,2,"T","T",0,"F","F",1,"F","F",0,"F","F",4,"G","F","F","",0,0,"N",0,"N",0,"N",0,0,0,0,"43","","","","F","F","F","F","F","F","F","F","F","","","","F","F","F","F","F","","","","",0,3,0,0,4,0,0,0,0,21,"NY1","NY1","BSN",1,"T","F",1,0,0,10,0,"T","F",0,0,"T","T","soutb101","meusi101","T","T",0,0,0,0,0,0,0,0,0,"","","",0,0,0,0,0,0,0,0,0,0,0,0,0,"tierc101","F","F","F","F",0,0,0,0,0,0,0,0,0,0,F,F,"1924NY1.EVN.regular.event.csv",632
"NY1192406020","BSN",3,1,1,0,0,"",0,1,"soutb101","?","soutb101","?","mcnat101","?","mcnat101","?","oneim102","gibsf101","tierc101","padge101","bancd101","cunnb102","felig101","stenc101","","","","8/F","F","F",8,3,2,"T","T",0,"F","F",1,"F","F",0,"F","F",8,"F","F","F","",0,0,"N",0,"N",0,"N",0,0,0,0,"8","","","","F","F","F","F","F","F","F","F","F","","","","F","F","F","F","F","","","","",0,8,0,0,0,0,0,0,0,22,"NY1","NY1","BSN",1,"F","F",1,0,0,11,1,"T","F",0,0,"T","T","meusi101","kellg101","T","T",0,0,0,0,0,0,0,0,0,"","","",0,0,0,0,0,0,0,0,0,0,0,0,0,"felig101","F","F","F","F",0,0,0,0,0,0,0,0,0,0,F,F,"1924NY1.EVN.regular.event.csv",633
"NY1192406020","BSN",3,1,2,0,0,"",0,1,"meusi101","?","meusi101","?","mcnat101","?","mcnat101","?","oneim102","gibsf101","tierc101","padge101","bancd101","cunnb102","felig101","stenc101","","","","8/L","F","F",7,4,2,"T","T",0,"F","F",1,"F","F",0,"F","F",8,"L","F","F","",0,0,"N",0,"N",0,"N",0,0,0,0,"8","","","","F","F","F","F","F","F","F","F","F","","","","F","F","F","F","F","","","","",0,8,0,0,0,0,0,0,0,23,"NY1","NY1","BSN",1,"F","T",1,0,0,12,2,"T","F",0,0,"T","T","kellg101","jackt101","T","T",0,0,0,0,0,0,0,0,0,"","","",0,0,0,0,0,0,0,0,0,0,0,0,0,"felig101","F","F","F","F",0,0,0,0,0,0,0,0,0,0,F,F,"1924NY1.EVN.regular.event.csv",634
"NY1192406020","BSN",4,0,0,0,0,"",0,1,"bancd101","?","bancd101","?","ryanr101","?","ryanr101","?","snydf101","kellg101","frisf101","grohh101","jackt101","meusi101","soutb101","younr101","","","","4/P","T","F",6,2,2,"T","T",0,"F","F",1,"F","F",0,"F","F",4,"P","F","F","",0,0,"N",0,"N",0,"N",0,0,0,0,"4","","","","F","F","F","F","F","F","F","F","F","","","","F","F","F","F","F","","","","",0,4,0,0,0,0,0,0,0,24,"NY1","BSN","NY1",0,"T","F",0,1,0,10,0,"T","F",0,0,"T","T","cunnb102","gibsf101","T","T",0,0,0,0,0,0,0,0,0,"","","",0,0,0,0,0,0,0,0,0,0,0,0,0,"frisf101","F","F","F","F",0,0,0,0,0,0,0,0,0,0,F,F,"1924NY1.EVN.regular.event.csv",635
"NY1192406020","BSN",4,0,1,0,0,"",0,1,"cunnb102","?","cunnb102","?","ryanr101","?","ryanr101","?","snydf101","kellg101","frisf101","grohh101","jackt101","meusi101","soutb101","younr101","","","","4/P","F","F",7,3,2,"T","T",0,"F","F",1,"F","F",0,"F","F",4,"P","F","F","",0,0,"N",0,"N",0,"N",0,0,0,0,"4","","","","F","F","F","F","F","F","F","F","F","","","","F","F","F","F","F","","","","",0,4,0,0,0,0,0,0,0,25,"NY1","BSN","NY1",0,"F","F",0,1,0,11,1,"T","F",0,0,"T","T","gibsf101","tierc101","T","T",0,0,0,0,0,0,0,0,0,"","","",0,0,0,0,0,0,0,0,0,0,0,0,0,"frisf101","F","F","F","F",0,0,0,0,0,0,0,0,0,0,F,F,"1924NY1.EVN.regular.event.csv",636
"NY1192406020","BSN",4,0,2,0,0,"",0,1,"gibsf101","?","gibsf101","?","ryanr101","?","ryanr101","?","snydf101","kellg101","frisf101","grohh101","jackt101","meusi101","soutb101","younr101","","","","53","F","F",3,4,2,"T","T",0,"F","F",1,"F","F",0,"F","F",5,"G","F","F","",0,0,"N",0,"N",0,"N",0,0,0,0,"53","","","","F","F","F","F","F","F","F","F","F","","","","F","F","F","F","F","","","","",0,3,0,0,5,0,0,0,0,26,"NY1","BSN","NY1",0,"F","T",0,1,0,12,2,"T","F",0,0,"T","T","tierc101","stenc101","T","T",0,0,0,0,0,0,0,0,0,"","","",0,0,0,0,0,0,0,0,0,0,0,0,0,"grohh101","F","F","F","F",0,0,0,0,0,0,0,0,0,0,F,F,"1924NY1.EVN.regular.event.csv",637
"NY1192406020","BSN",4,1,0,0,0,"",0,1,"kellg101","?","kellg101","?","mcnat101","?","mcnat101","?","oneim102","gibsf101","tierc101","padge101","bancd101","cunnb102","felig101","stenc101","","","","E6/TH1","T","F",3,5,18,"T","T",0,"F","F",0,"F","F",0,"F","F",6,"G","F","F","",1,6,"T",0,"N",0,"N",1,0,0,0,"","","","","F","F","F","F","F","F","F","F","F","","","","F","F","F","F","F","","","","",0,0,0,0,0,0,0,0,0,27,"NY1","NY1","BSN",1,"T","F",1,0,0,13,0,"T","F",0,1,"T","T","jackt101","grohh101","T","T",0,0,0,0,0,0,0,0,0,"","","",0,0,0,0,0,0,0,0,0,0,0,0,0,"bancd101","F","F","F","T",5,0,0,0,5,0,0,0,0,0,F,F,"1924NY1.EVN.regular.event.csv",638
"NY1192406020","BSN",4,1,0,0,0,"",0,1,"jackt101","?","jackt101","?","mcnat101","?","mcnat101","?","oneim102","gibsf101","tierc101","padge101","bancd101","cunnb102","felig101","stenc101","kellg101","","","S/89.1-3","F","F",6,6,20,"T","T",1,"F","F",0,"F","F",0,"F","F",0,"","F","F","89",0,0,"N",0,"N",0,"N",1,3,0,0,"","","","","F","F","F","F","F","F","F","F","F","mcnat101","","","F","F","F","F","F","","","","",0,0,0,0,0,0,0,0,0,28,"NY1","NY1","BSN",1,"F","F",1,0,0,14,1,"T","F",1,5,"T","T","grohh101","snydf101","T","T",3,5,27,0,0,0,0,0,0,"oneim102","","",0,0,0,0,0,0,0,0,0,0,0,0,0,"","F","F","F","F",4,5,0,0,5,0,0,0,0,0,F,F,"1924NY1.EVN.regular.event.csv",639
"NY1192406020","BSN",4,1,0,0,0,"",0,1,"grohh101","?","grohh101","?","mcnat101","?","mcnat101","?","oneim102","gibsf101","tierc101","padge101","bancd101","cunnb102","felig101","stenc101","jackt101","","kellg101","W.1-2","F","F",5,7,14,"T","F",0,"F","F",0,"F","F",0,"F","F",0,"","F","F","",0,0,"N",0,"N",0,"N",1,2,0,3,"","","","","F","F","F","F","F","F","F","F","F","mcnat101","","mcnat101","F","F","F","F","F","","","","",0,0,0,0,0,0,0,0,0,29,"NY1","NY1","BSN",1,"F","F",1,0,0,15,2,"T","F",5,7,"T","T","snydf101","ryanr101","T","T",6,6,28,0,0,0,3,5,27,"oneim102","","oneim102",0,0,0,0,0,0,0,0,0,0,0,0,0,"","F","F","F","F",4,4,0,5,5,0,0,0,0,0,F,F,"1924NY1.EVN.regular.event.csv",640
"NY1192406020","BSN",4,1,0,0,0,"",0,1,"snydf101","?","snydf101","?","mcnat101","?","mcnat101","?","oneim102","gibsf101","tierc101","padge101","bancd101","cunnb102","felig101","stenc101","grohh101","jackt101","kellg101","S7.3-H(UR);2-H;1-3","F","F",2,8,20,"T","T",1,"F","F",0,"F","F",2,"F","F",7,"","F","F","",0,0,"N",0,"N",0,"N",1,3,4,5,"","","","","F","F","F","F","F","F","F","F","F","mcnat101","mcnat101","mcnat101","F","F","F","F","F","","","","",0,0,0,0,0,0,0,0,0,30,"NY1","NY1","BSN",1,"F","F",1,0,0,16,3,"T","F",7,5,"T","T","ryanr101","younr101","T","T",5,7,29,6,6,28,3,5,27,"oneim102","oneim102","oneim102",0,0,0,0,0,0,0,0,0,0,0,0,2,"cunnb102","F","F","F","F",4,4,4,5,3,0,0,0,0,0,F,F,"1924NY1.EVN.regular.event.csv",641
"NY1192406020","BSN",4,1,0,0,0,"",0,3,"ryanr101","?","ryanr101","?","mcnat101","?","mcnat101","?","oneim102","gibsf101","tierc101","padge101","bancd101","cunnb102","felig101","stenc101","snydf101","","grohh101","D9/9D.3-H;1-3","F","F",1,9,21,"T","T",2,"F","F",0,"F","F",1,"F","F",9,"","F","F","9D",0,0,"N",0,"N",0,"N",2,3,0,4,"","","","","F","F","F","F","F","F","F","F","F","mcnat101","","mcnat101","F","F","F","F","F","","","","",0,0,0,0,0,0,0,0,0,31,"NY1","NY1","BSN",1,"F","F",3,0,2,17,4,"T","F",5,6,"T","T","younr101","frisf101","T","T",2,8,30,0,0,0,5,7,29,"oneim102","","oneim102",0,0,0,0,0,0,0,0,0,0,0,0,1,"stenc101","F","F","F","F",4,4,0,4,2,0,0,0,0,0,F,F,"1924NY1.EVN.regular.event.csv",642
"NY1192406020","BSN",4,1,0,0,0,"",0,4,"younr101","?","younr101","?","mcnat101","?","mcnat101","?","oneim102","gibsf101","tierc101","padge101","bancd101","cunnb102","felig101","stenc101","","ryanr101","snydf101","S9/F9S.3-H;2-2","F","F",9,1,20,"T","T",1,"F","F",0,"F","F",1,"F","F",9,"F","F","F","9S",0,0,"N",0,"N",0,"N",1,0,2,4,"","","","","F","F","F","F","F","F","F","F","F","","mcnat101","mcnat101","F","F","F","F","F","","","","",0,0,0,0,0,0,0,0,0,32,"NY1","NY1","BSN",1,"F","F",4,0,3,18,5,"T","F",6,3,"T","T","frisf101","soutb101","T","T",0,0,0,1,9,31,2,8,30,"","oneim102","oneim102",0,0,0,0,0,0,0,0,0,0,0,0,1,"stenc101","F","F","F","F",0,0,4,4,1,0,0,0,0,0,F,F,"1924NY1.EVN.regular.event.csv",643
"NY1192406020","BSN",4,1,0,0,0,"",0,5,"frisf101","?","frisf101","?","mcnat101","?","mcnat101","?","oneim102","gibsf101","tierc101","padge101","bancd101","cunnb102","felig101","stenc101","younr101","ryanr101","","8/F8D.2-3;1-2","F","F",4,2,2,"T","T",0,"F","F",1,"F","F",0,"F","F",8,"F","F","F","8D",0,0,"N",0,"N",0,"N",0,2,3,0,"8","","","","F","F","F","F","F","F","F","F","F","mcnat101","mcnat101","","F","F","F","F","F","","","","",0,8,0,0,0,0,0,0,0,33,"NY1","NY1","BSN",1,"F","F",5,0,4,19,6,"T","F",3,6,"T","T","soutb101","meusi101","T","T",9,1,32,1,9,31,0,0,0,"oneim102","oneim102","",0,0,0,0,0,0,0,0,0,0,0,0,0,"felig101","F","F","F","F",0,0,4,0,1,0,0,0,0,0,F,F,"1924NY1.EVN.regular.event.csv",644
"NY1192406020","BSN",4,1,1,0,0,"",0,5,"soutb101","?","soutb101","?","mcnat101","?","mcnat101","?","oneim102","gibsf101","tierc101","padge101","bancd101","cunnb102","felig101","stenc101","","younr101","ryanr101","S6/G.3-H;2XH(E6/THH)(21);B-2#","F","F",8,3,20,"T","T",1,"F","F",1,"F","F",1,"F","F",6,"G","F","F","",1,6,"T",0,"N",0,"N",2,0,0,4,"","","21","","F","F","F","F","F","F","F","F","F","","mcnat101","mcnat101","F","F","F","F","F","","","","",0,1,0,0,2,0,0,0,0,34,"NY1","NY1","BSN",1,"F","F",5,0,4,20,7,"T","F",6,2,"T","T","meusi101","kellg101","T","T",0,0,0,9,1,32,1,9,31,"","oneim102","oneim102",0,0,0,0,0,0,0,0,0,0,0,0,1,"bancd101","F","F","F","F",0,0,0,4,0,0,0,0,0,0,F,T,"1924NY1.EVN.regular.event.csv",645
"NY1192406020","BSN",4,1,2,0,0,"",0,6,"meusi101","?","meusi101","?","mcnat101","?","mcnat101","?","oneim102","gibsf101","tierc101","padge101","bancd101","cunnb102","felig101","stenc101","","soutb101","","43","F","F",7,4,2,"T","T",0,"F","F",1,"F","F",0,"F","F",4,"G","F","F","",0,0,"N",0,"N",0,"N",0,0,2,0,"43","","","","F","F","F","F","F","F","F","F","F","","mcnat101","","F","F","F","F","F","","","","",0,3,0,0,4,0,0,0,0,35,"NY1","NY1","BSN",1,"F","T",6,0,5,21,8,"T","F",2,2,"T","T","kellg101","jackt101","T","T",0,0,0,8,3,34,0,0,0,"","oneim102","",0,0,0,0,0,0,0,0,0,0,0,0,0,"tierc101","F","F","F","F",0,0,0,0,0,0,0,0,0,0,F,F,"1924NY1.EVN.regular.event.csv",646
"NY1192406020","BSN",5,0,0,0,0,"",0,6,"tierc101","?","tierc101","?","ryanr101","?","ryanr101","?","snydf101","kellg101","frisf101","grohh101","jackt101","meusi101","soutb101","younr101","","","","W","T","F",4,5,14,"T","F",0,"F","F",0,"F","F",0,"F","F",0,"","F","F","",0,0,"N",0,"N",0,"N",1,0,0,0,"","","","","F","F","F","F","F","F","F","F","F","","","","F","F","F","F","F","","","","",0,0,0,0,0,0,0,0,0,36,"NY1","BSN","NY1",0,"T","F",0,6,0,13,0,"T","F",0,1,"T","T","stenc101","padge101","T","T",0,0,0,0,0,0,0,0,0,"","","",0,0,0,0,0,0,0,0,0,0,0,0,0,"","F","F","F","F",0,0,0,0,0,0,0,0,0,0,F,F,"1924NY1.EVN.regular.event.csv",647
"NY1192406020","BSN",5,0,0,0,0,"",0,6,"stenc101","?","stenc101","?","ryanr101","?","ryanr101","?","snydf101","kellg101","frisf101","grohh101","jackt101","meusi101","soutb101","younr101","tierc101","","","7/F","F","F",9,6,2,"T","T",0,"F","F",1,"F","F",0,"F","F",7,"F","F","F","",0,0,"N",0,"N",0,"N",0,1,0,0,"7","","","","F","F","F","F","F","F","F","F","F","ryanr101","","","F","F","F","F","F","","","","",0,7,0,0,0,0,0,0,0,37,"NY1","BSN","NY1",0,"F","F",0,6,0,14,1,"T","F",1,1,"T","T","padge101","oneim102","T","T",4,5,36,0,0,0,0,0,0,"snydf101","","",0,0,0,0,0,0,0,0,0,0,0,0,0,"meusi101","F","F","F","F",0,0,0,0,0,0,0,0,0,0,F,F,"1924NY1.EVN.regular.event.csv",648
"NY1192406020","BSN",5,0,1,0,0,"",0,6,"padge101","?","padge101","?","ryanr101","?","ryanr101","?","snydf101","kellg101","frisf101","grohh101","jackt101","meusi101","soutb101","younr101","tierc101","","","8/L","F","F",5,7,2,"T","T",0,"F","F",1,"F","F",0,"F","F",8,"L","F","F","",0,0,"N",0,"N",0,"N",0,1,0,0,"8","","","","F","F","F","F","F","F","F","F","F","ryanr101","","","F","F","F","F","F","","","","",0,8,0,0,0,0,0,0,0,38,"NY1","BSN","NY1",0,"F","F",0,6,0,15,2,"T","F",1,1,"T","T","oneim102","mcnat101","T","T",4,5,36,0,0,0,0,0,0,"snydf101","","",0,0,0,0,0,0,0,0,0,0,0,0,0,"soutb101","F","F","F","F",0,0,0,0,0,0,0,0,0,0,F,F,"1924NY1.EVN.regular.event.csv",649
"NY1192406020","BSN",5,0,2,0,0,"",0,6,"oneim102","?","oneim102","?","ryanr101","?","ryanr101","?","snydf101","kellg101","frisf101","grohh101","jackt101","meusi101","soutb101","younr101","tierc101","","","43","F","F",2,8,2,"T","T",0,"F","F",1,"F","F",0,"F","F",4,"G","F","F","",0,0,"N",0,"N",0,"N",0,1,0,0,"43","","","","F","F","F","F","F","F","F","F","F","ryanr101","","","F","F","F","F","F","","","","",0,3,0,0,4,0,0,0,0,39,"NY1","BSN","NY1",0,"F","T",0,6,0,16,3,"T","F",1,1,"T","T","mcnat101","felig101","T","T",4,5,36,0,0,0,0,0,0,"snydf101","","",0,0,0,0,0,0,0,0,0,0,0,0,0,"frisf101","F","F","F","F",0,0,0,0,0,0,0,0,0,0,F,F,"1924NY1.EVN.regular.event.csv",650
"NY1192406020","BSN",5,1,0,0,0,"",0,6,"kellg101","?","kellg101","?","mcnat101","?","mcnat101","?","oneim102","gibsf101","tierc101","padge101","bancd101","cunnb102","felig101","stenc101","","","","S7","T","F",3,5,20,"T","T",1,"F","F",0,"F","F",0,"F","F",7,"","F","F","",0,0,"N",0,"N",0,"N",1,0,0,0,"","","","","F","F","F","F","F","F","F","F","F","","","","F","F","F","F","F","","","","",0,0,0,0,0,0,0,0,0,40,"NY1","NY1","BSN",1,"T","F",6,0,0,22,0,"T","F",0,1,"T","T","jackt101","grohh101","T","T",0,0,0,0,0,0,0,0,0,"","","",0,0,0,0,0,0,0,0,0,0,0,0,0,"cunnb102","F","F","F","F",4,0,0,0,1,0,0,0,0,0,F,F,"1924NY1.EVN.regular.event.csv",651
"NY1192406020","BSN",5,1,0,0,0,"",0,6,"jackt101","?","jackt101","?","mcnat101","?","mcnat101","?","oneim102","gibsf101","tierc101","padge101","bancd101","cunnb102","felig101","stenc101","kellg101","","","S7.1-2","F","F",6,6,20,"T","T",1,"F","F",0,"F","F",0,"F","F",7,"","F","F","",0,0,"N",0,"N",0,"N",1,2,0,0,"","","","","F","F","F","F","F","F","F","F","F","mcnat101","","","F","F","F","F","F","","","","",0,0,0,0,0,0,0,0,0,41,"NY1","NY1","BSN",1,"F","F",6,0,0,23,1,"T","F",1,3,"T","T","grohh101","snydf101","T","T",3,5,40,0,0,0,0,0,0,"oneim102","","",0,0,0,0,0,0,0,0,0,0,0,0,0,"cunnb102","F","F","F","F",0,4,0,0,1,0,0,0,0,0,F,F,"1924NY1.EVN.regular.event.csv",652
"NY1192406020","BSN",5,1,0,0,0,"",0,6,"grohh101","?","grohh101","?","mcnat101","?","mcnat101","?","oneim102","gibsf101","tierc101","padge101","bancd101","cunnb102","felig101","stenc101","jackt101","kellg101","","K","F","F",5,7,3,"T","T",0,"F","F",1,"F","F",0,"F","F",0,"","F","F","",0,0,"N",0,"N",0,"N",0,1,2,0,"2","","","","F","F","F","F","F","F","F","F","F","mcnat101","mcnat101","","F","F","F","F","F","","","","",0,2,0,0,0,0,0,0,0,42,"NY1","NY1","BSN",1,"F","F",6,0,0,24,2,"T","F",3,3,"T","T","snydf101","ryanr101","T","T",6,6,41,3,5,40,0,0,0,"oneim102","oneim102","",0,0,0,0,0,0,0,0,0,0,0,0,0,"","F","F","F","F",0,0,4,0,1,0,0,0,0,0,F,F,"1924NY1.EVN.regular.event.csv",653
"NY1192406020","BSN",5,1,1,0,0,"",0,6,"snydf101","?","snydf101","?","mcnat101","?","mcnat101","?","oneim102","gibsf101","tierc101","padge101","bancd101","cunnb102","felig101","stenc101","jackt101","kellg101","","S9.2-H;1-2","F","F",2,8,20,"T","T",1,"F","F",0,"F","F",1,"F","F",9,"","F","F","",0,0,"N",0,"N",0,"N",1,2,4,0,"","","","","F","F","F","F","F","F","F","F","F","mcnat101","mcnat101","","F","F","F","F","F","","","","",0,0,0,0,0,0,0,0,0,43,"NY1","NY1","BSN",1,"F","F",6,0,0,25,3,"T","F",3,3,"T","T","ryanr101","younr101","T","T",6,6,41,3,5,40,0,0,0,"oneim102","oneim102","",0,0,0,0,0,0,0,0,0,0,0,0,1,"stenc101","F","F","F","F",3,0,4,0,0,0,0,0,0,0,F,F,"1924NY1.EVN.regular.event.csv",654
"NY1192406020","BSN",5,1,1,0,0,"",0,7,"ryanr101","?","ryanr101","?","mcnat101","?","mcnat101","?","oneim102","gibsf101","tierc101","padge101","bancd101","cunnb102","felig101","stenc101","snydf101","jackt101","","S7.2XH(72);1-2","F","F",1,9,20,"T","T",1,"F","F",1,"F","F",0,"F","F",7,"","F","F","",0,0,"N",0,"N",0,"N",1,2,0,0,"","","72","","F","F","F","F","F","F","F","F","F","mcnat101","mcnat101","","F","F","F","F","F","","","","",0,2,0,0,7,0,0,0,0,44,"NY1","NY1","BSN",1,"F","F",7,0,1,26,4,"T","F",3,3,"T","T","younr101","frisf101","T","T",2,8,43,6,6,41,0,0,0,"oneim102","oneim102","",0,0,0,0,0,0,0,0,0,0,0,0,0,"cunnb102","F","F","F","F",2,3,0,0,0,0,0,0,0,0,F,F,"1924NY1.EVN.regular.event.csv",655
"NY1192406020","BSN",5,1,2,0,0,"",0,7,"younr101","?","younr101","?","mcnat101","?","mcnat101","?","oneim102","gibsf101","tierc101","padge101","bancd101","cunnb102","felig101","stenc101","ryanr101","snydf101","","W.2-3;1-2","F","F",9,1,14,"T","F",0,"F","F",0,"F","F",0,"F","F",0,"","F","F","",0,0,"N",0,"N",0,"N",1,2,3,0,"","","","","F","F","F","F","F","F","F","F","F","mcnat101","mcnat101","","F","F","F","F","F","","","","",0,0,0,0,0,0,0,0,0,45,"NY1","NY1","BSN",1,"F","F",7,0,1,27,5,"T","F",3,7,"T","T","frisf101","soutb101","T","T",1,9,44,2,8,43,0,0,0,"oneim102","oneim102","",0,0,0,0,0,0,0,0,0,0,0,0,0,"","F","F","F","F",1,2,3,0,0,0,0,0,0,0,F,F,"1924NY1.EVN.regular.event.csv",656
"NY1192406020","BSN",5,1,2,0,0,"",0,7,"frisf101","?","frisf101","?","mcnat101","?","mcnat101","?","oneim102","gibsf101","tierc101","padge101","bancd101","cunnb102","felig101","stenc101","younr101","ryanr101","snydf101","4/P34D","F","F",4,2,2,"T","T",0,"F","F",1,"F","F",0,"F","F",4,"P","F","F","34D",0,0,"N",0,"N",0,"N",0,1,2,3,"4","","","","F","F","F","F","F","F","F","F","F","mcnat101","mcnat101","mcnat101","F","F","F","F","F","","","","",0,4,0,0,0,0,0,0,0,46,"NY1","NY1","BSN",1,"F","T",7,0,1,28,6,"T","F",7,7,"T","T","soutb101","meusi101","T","T",9,1,45,1,9,44,2,8,43,"oneim102","oneim102","oneim102",0,0,0,0,0,0,0,0,0,0,0,0,0,"tierc101","F","F","F","F",0,1,2,3,0,0,0,0,0,0,F,F,"1924NY1.EVN.regular.event.csv",657
"NY1192406020","BSN",6,0,0,0,0,"",0,7,"smite106","?","smite106","?","ryanr101","?","ryanr101","?","snydf101","kellg101","frisf101","grohh101","jackt101","meusi101","soutb101","younr101","","","","3/G","T","T",11,9,2,"T","T",0,"F","F",1,"F","F",0,"F","F",3,"G","F","F","",0,0,"N",0,"N",0,"N",0,0,0,0,"3","","","","F","F","F","F","F","F","F","F","F","","","","F","F","F","F","F","","","","mcnat101",1,3,0,0,0,0,0,0,0,47,"NY1","BSN","NY1",0,"T","F",0,7,0,17,0,"T","F",0,0,"F","F","felig101","bancd101","T","T",0,0,0,0,0,0,0,0,0,"","","",0,0,0,0,0,0,0,0,0,0,0,0,0,"kellg101","F","F","F","F",0,0,0,0,0,0,0,0,0,0,F,F,"1924NY1.EVN.regular.event.csv",658
"NY1192406020","BSN",6,0,1,0,0,"",0,7,"felig101","?","felig101","?","ryanr101","?","ryanr101","?","snydf101","kellg101","frisf101","grohh101","jackt101","meusi101","soutb101","younr101","","","","7/L","F","F",8,1,2,"T","T",0,"F","F",1,"F","F",0,"F","F",7,"L","F","F","",0,0,"N",0,"N",0,"N",0,0,0,0,"7","","","","F","F","F","F","F","F","F","F","F","","","","F","F","F","F","F","","","","",0,7,0,0,0,0,0,0,0,48,"NY1","BSN","NY1",0,"F","F",0,7,0,18,1,"T","F",0,0,"T","T","bancd101","cunnb102","T","T",0,0,0,0,0,0,0,0,0,"","","",0,0,0,0,0,0,0,0,0,0,0,0,0,"meusi101","F","F","F","F",0,0,0,0,0,0,0,0,0,0,F,F,"1924NY1.EVN.regular.event.csv",659
"NY1192406020","BSN",6,0,2,0,0,"",0,7,"bancd101","?","bancd101","?","ryanr101","?","ryanr101","?","snydf101","kellg101","frisf101","grohh101","jackt101","meusi101","soutb101","younr101","","","","63","F","F",6,2,2,"T","T",0,"F","F",1,"F","F",0,"F","F",6,"G","F","F","",0,0,"N",0,"N",0,"N",0,0,0,0,"63","","","","F","F","F","F","F","F","F","F","F","","","","F","F","F","F","F","","","","",0,3,0,0,6,0,0,0,0,49,"NY1","BSN","NY1",0,"F","T",0,7,0,19,2,"T","F",0,0,"T","T","cunnb102","gibsf101","T","T",0,0,0,0,0,0,0,0,0,"","","",0,0,0,0,0,0,0,0,0,0,0,0,0,"jackt101","F","F","F","F",0,0,0,0,0,0,0,0,0,0,F,F,"1924NY1.EVN.regular.event.csv",660
"NY1192406020","BSN",6,1,0,0,0,"",0,7,"soutb101","?","soutb101","?","batcj101","?","batcj101","?","oneim102","gibsf101","tierc101","padge101","bancd101","cunnb102","felig101","stenc101","","","","43","T","F",8,3,2,"T","T",0,"F","F",1,"F","F",0,"F","F",4,"G","F","F","",0,0,"N",0,"N",0,"N",0,0,0,0,"43","","","","F","F","F","F","F","F","F","F","F","","","","F","F","F","F","F","","","","",0,3,0,0,4,0,0,0,0,50,"NY1","NY1","BSN",1,"T","F",7,0,0,29,0,"T","F",0,0,"T","T","meusi101","kellg101","F","F",0,0,0,0,0,0,0,0,0,"","","",0,0,0,0,0,0,0,0,0,0,0,0,0,"tierc101","F","F","F","F",0,0,0,0,2,0,0,0,0,0,F,F,"1924NY1.EVN.regular.event.csv",661
"NY1192406020","BSN",6,1,1,0,0,"",0,7,"meusi101","?","meusi101","?","batcj101","?","batcj101","?","oneim102","gibsf101","tierc101","padge101","bancd101","cunnb102","felig101","stenc101","","","","D/89","F","F",7,4,21,"T","T",2,"F","F",0,"F","F",0,"F","F",0,"","F","F","89",0,0,"N",0,"N",0,"N",2,0,0,0,"","","","","F","F","F","F","F","F","F","F","F","","","","F","F","F","F","F","","","","",0,0,0,0,0,0,0,0,0,51,"NY1","NY1","BSN",1,"F","F",7,0,0,30,1,"T","F",0,2,"T","T","kellg101","jackt101","F","F",0,0,0,0,0,0,0,0,0,"","","",0,0,0,0,0,0,0,0,0,0,0,0,0,"","F","F","F","F",4,0,0,0,2,0,0,0,0,0,F,F,"1924NY1.EVN.regular.event.csv",662
"NY1192406020","BSN",6,1,1,0,0,"",0,7,"kellg101","?","kellg101","?","batcj101","?","batcj101","?","oneim102","gibsf101","tierc101","padge101","bancd101","cunnb102","felig101","stenc101","","meusi101","","HR9/L89D/IPHR.2-H","F","F",3,5,23,"T","T",4,"F","F",0,"F","F",2,"F","F",9,"L","F","F","89D",0,0,"N",0,"N",0,"N",4,0,4,0,"","","","","F","F","F","F","F","F","F","F","F","","batcj101","","F","F","F","F","F","","","","",0,0,0,0,0,0,0,0,0,52,"NY1","NY1","BSN",1,"F","F",7,0,0,31,2,"T","F",2,0,"T","T","jackt101","grohh101","F","F",0,0,0,7,4,51,0,0,0,"","oneim102","",0,0,0,0,0,0,0,0,0,0,0,0,2,"stenc101","F","F","F","F",4,0,4,0,0,0,0,0,0,0,F,F,"1924NY1.EVN.regular.event.csv",663
"NY1192406020","BSN",6,1,1,0,0,"",0,9,"jackt101","?","jackt101","?","batcj101","?","batcj101","?","oneim102","gibsf101","tierc101","padge101","bancd101","cunnb102","felig101","stenc101","","","","S6/G56","F","F",6,6,20,"T","T",1,"F","F",0,"F","F",0,"F","F",6,"G","F","F","56",0,0,"N",0,"N",0,"N",1,0,0,0,"","","","","F","F","F","F","F","F","F","F","F","","","","F","F","F","F","F","","","","",0,0,0,0,0,0,0,0,0,53,"NY1","NY1","BSN",1,"F","F",9,0,2,32,3,"T","F",0,1,"T","T","grohh101","snydf101","F","F",0,0,0,0,0,0,0,0,0,"","","",0,0,0,0,0,0,0,0,0,0,0,0,0,"bancd101","F","F","F","F",0,0,0,0,0,0,0,0,0,0,F,F,"1924NY1.EVN.regular.event.csv",664
"NY1192406020","BSN",6,1,1,0,0,"",0,9,"grohh101","?","grohh101","?","batcj101","?","batcj101","?","oneim102","gibsf101","tierc101","padge101","bancd101","cunnb102","felig101","stenc101","jackt101","","","5/P","F","F",5,7,2,"T","T",0,"F","F",1,"F","F",0,"F","F",5,"P","F","F","",0,0,"N",0,"N",0,"N",0,1,0,0,"5","","","","F","F","F","F","F","F","F","F","F","batcj101","","","F","F","F","F","F","","","","",0,5,0,0,0,0,0,0,0,54,"NY1","NY1","BSN",1,"F","F",9,0,2,33,4,"T","F",1,1,"T","T","snydf101","ryanr101","F","F",6,6,53,0,0,0,0,0,0,"oneim102","","",0,0,0,0,0,0,0,0,0,0,0,0,0,"padge101","F","F","F","F",0,0,0,0,0,0,0,0,0,0,F,F,"1924NY1.EVN.regular.event.csv",665
"NY1192406020","BSN",6,1,2,0,0,"",0,9,"snydf101","?","snydf101","?","batcj101","?","batcj101","?","oneim102","gibsf101","tierc101","padge101","bancd101","cunnb102","felig101","stenc101","jackt101","","","W.1-2","F","F",2,8,14,"T","F",0,"F","F",0,"F","F",0,"F","F",0,"","F","F","",0,0,"N",0,"N",0,"N",1,2,0,0,"","","","","F","F","F","F","F","F","F","F","F","batcj101","","","F","F","F","F","F","","","","",0,0,0,0,0,0,0,0,0,55,"NY1","NY1","BSN",1,"F","F",9,0,2,34,5,"T","F",1,3,"T","T","ryanr101","younr101","F","F",6,6,53,0,0,0,0,0,0,"oneim102","","",0,0,0,0,0,0,0,0,0,0,0,0,0,"","F","F","F","F",0,0,0,0,0,0,0,0,0,0,F,F,"1924NY1.EVN.regular.event.csv",666
"NY1192406020","BSN",6,1,2,0,0,"",0,9,"ryanr101","?","ryanr101","?","batcj101","?","batcj101","?","oneim102","gibsf101","tierc101","padge101","bancd101","cunnb102","felig101","stenc101","snydf101","jackt101","","7/F","F","F",1,9,2,"T","T",0,"F","F",1,"F","F",0,"F","F",7,"F","F","F","",0,0,"N",0,"N",0,"N",0,1,2,0,"7","","","","F","F","F","F","F","F","F","F","F","batcj101","batcj101","","F","F","F","F","F","","","","",0,7,0,0,0,0,0,0,0,56,"NY1","NY1","BSN",1,"F","T",9,0,2,35,6,"T","F",3,3,"T","T","younr101","frisf101","F","F",2,8,55,6,6,53,0,0,0,"oneim102","oneim102","",0,0,0,0,0,0,0,0,0,0,0,0,0,"cunnb102","F","F","F","F",0,0,0,0,0,0,0,0,0,0,F,F,"1924NY1.EVN.regular.event.csv",667
"NY1192406020","BSN",7,0,0,0,0,"",0,9,"cunnb102","?","cunnb102","?","ryanr101","?","ryanr101","?","snydf101","kellg101","frisf101","grohh101","jackt101","meusi101","soutb101","younr101","","","","D9","T","F",7,3,21,"T","T",2,"F","F",0,"F","F",0,"F","F",9,"","F","F","",0,0,"N",0,"N",0,"N",2,0,0,0,"","","","","F","F","F","F","F","F","F","F","F","","","","F","F","F","F","F","","","","",0,0,0,0,0,0,0,0,0,57,"NY1","BSN","NY1",0,"T","F",0,9,0,20,0,"T","F",0,2,"T","T","gibsf101","tierc101","T","T",0,0,0,0,0,0,0,0,0,"","","",0,0,0,0,0,0,0,0,0,0,0,0,0,"younr101","F","F","F","F",4,0,0,0,3,0,0,0,0,0,F,F,"1924NY1.EVN.regular.event.csv",668
"NY1192406020","BSN",7,0,0,0,0,"",0,9,"gibsf101","?","gibsf101","?","ryanr101","?","ryanr101","?","snydf101","kellg101","frisf101","grohh101","jackt101","meusi101","soutb101","younr101","","cunnb102","","S9.2-3","F","F",3,4,20,"T","T",1,"F","F",0,"F","F",0,"F","F",9,"","F","F","",0,0,"N",0,"N",0,"N",1,0,3,0,"","","","","F","F","F","F","F","F","F","F","F","","ryanr101","","F","F","F","F","F","","","","",0,0,0,0,0,0,0,0,0,58,"NY1","BSN","NY1",0,"F","F",0,9,0,21,1,"T","F",2,5,"T","T","tierc101","stenc101","T","T",0,0,0,7,3,57,0,0,0,"","snydf101","",0,0,0,0,0,0,0,0,0,0,0,0,0,"younr101","F","F","F","F",4,0,4,0,3,0,0,0,0,0,F,F,"1924NY1.EVN.regular.event.csv",669
"NY1192406020","BSN",7,0,0,0,0,"",0,9,"tierc101","?","tierc101","?","ryanr101","?","ryanr101","?","snydf101","kellg101","frisf101","grohh101","jackt101","meusi101","soutb101","younr101","gibsf101","","cunnb102","WP.3-H;1-3","F","F",4,5,9,"F","F",0,"F","F",0,"F","F",0,"T","F",0,"","F","F","",0,0,"N",0,"N",0,"N",0,3,0,4,"","","","","F","F","F","F","F","F","F","F","F","ryanr101","","ryanr101","F","F","F","F","F","","","","",0,0,0,0,0,0,0,0,0,59,"NY1","BSN","NY1",0,"F","F",0,9,0,22,2,"T","F",5,4,"T","T","stenc101","padge101","T","T",3,4,58,0,0,0,7,3,57,"snydf101","","snydf101",0,0,0,0,0,0,0,0,0,0,0,0,1,"","F","F","F","F",0,4,0,4,2,0,0,0,0,0,F,F,"1924NY1.EVN.regular.event.csv",670
"NY1192406020","BSN",7,0,0,0,0,"",1,9,"tierc101","?","tierc101","?","ryanr101","?","ryanr101","?","snydf101","kellg101","frisf101","grohh101","jackt101","meusi101","soutb101","younr101","","","gibsf101","W","F","F",4,5,14,"T","F",0,"F","F",0,"F","F",0,"F","F",0,"","F","F","",0,0,"N",0,"N",0,"N",1,0,0,3,"","","","","F","F","F","F","F","F","F","F","F","","","ryanr101","F","F","F","F","F","","","","",0,0,0,0,0,0,0,0,0,60,"NY1","BSN","NY1",0,"F","F",1,9,1,22,2,"F","F",4,5,"T","T","stenc101","padge101","T","T",0,0,0,0,0,0,3,4,58,"","","snydf101",0,0,0,0,0,0,0,0,0,0,0,0,0,"","F","F","F","F",4,0,0,4,2,0,0,0,0,0,F,F,"1924NY1.EVN.regular.event.csv",671
"NY1192406020","BSN",7,0,0,0,0,"",1,9,"stenc101","?","stenc101","?","ryanr101","?","ryanr101","?","snydf101","kellg101","frisf101","grohh101","jackt101","meusi101","soutb101","younr101","tierc101","","gibsf101","4/FL","F","F",9,6,2,"T","T",0,"F","F",1,"F","F",0,"F","F",4,"F","F","T","",0,0,"N",0,"N",0,"N",0,1,0,3,"4","","","","F","F","F","F","F","F","F","F","F","ryanr101","","ryanr101","F","F","F","F","F","","","","",0,4,0,0,0,0,0,0,0,61,"NY1","BSN","NY1",0,"F","F",1,9,1,23,3,"T","F",5,5,"T","T","padge101","oneim102","T","T",4,5,60,0,0,0,3,4,58,"snydf101","","snydf101",0,0,0,0,0,0,0,0,0,0,0,0,0,"frisf101","F","F","F","F",0,4,0,4,2,0,0,0,0,0,F,F,"1924NY1.EVN.regular.event.csv",672
"NY1192406020","BSN",7,0,1,0,0,"",1,9,"padge101","?","padge101","?","ryanr101","?","ryanr101","?","snydf101","kellg101","frisf101","grohh101","jackt101","meusi101","soutb101","younr101","tierc101","","gibsf101","W.1-2","F","F",5,7,14,"T","F",0,"F","F",0,"F","F",0,"F","F",0,"","F","F","",0,0,"N",0,"N",0,"N",1,2,0,3,"","","","","F","F","F","F","F","F","F","F","F","ryanr101","","ryanr101","F","F","F","F","F","","","","",0,0,0,0,0,0,0,0,0,62,"NY1","BSN","NY1",0,"F","F",1,9,1,24,4,"T","F",5,7,"T","T","oneim102","batcj101","T","T",4,5,60,0,0,0,3,4,58,"snydf101","","snydf101",0,0,0,0,0,0,0,0,0,0,0,0,0,"","F","F","F","F",2,4,0,4,2,0,0,0,0,0,F,F,"1924NY1.EVN.regular.event.csv",673
"NY1192406020","BSN",7,0,1,0,0,"",1,9,"oneim102","?","oneim102","?","ryanr101","?","ryanr101","?","snydf101","kellg101","frisf101","grohh101","jackt101","meusi101","soutb101","younr101","padge101","tierc101","gibsf101","S/78.3-H;2-H;1-2","F","F",2,8,20,"T","T",1,"F","F",0,"F","F",2,"F","F",0,"","F","F","78",0,0,"N",0,"N",0,"N",1,2,4,4,"","","","","F","F","F","F","F","F","F","F","F","ryanr101","ryanr101","ryanr101","F","F","F","F","F","","","","",0,0,0,0,0,0,0,0,0,63,"NY1","BSN","NY1",0,"F","F",1,9,1,25,5,"T","F",7,3,"T","T","batcj101","felig101","T","T",5,7,62,4,5,60,3,4,58,"snydf101","snydf101","snydf101",0,0,0,0,0,0,0,0,0,0,0,0,2,"","F","F","F","F",1,2,4,4,0,0,0,0,0,0,F,F,"1924NY1.EVN.regular.event.csv",674
"NY1192406020","BSN",7,0,1,0,0,"",3,9,"power101","?","power101","?","ryanr101","?","ryanr101","?","snydf101","kellg101","frisf101","grohh101","jackt101","meusi101","soutb101","younr101","oneim102","padge101","","9/F9S","F","T",11,9,2,"T","T",0,"F","F",1,"F","F",0,"F","F",9,"F","F","F","9S",0,0,"N",0,"N",0,"N",0,1,2,0,"9","","","","F","F","F","F","F","F","F","F","F","ryanr101","ryanr101","","F","F","F","F","F","","","","batcj101",1,9,0,0,0,0,0,0,0,64,"NY1","BSN","NY1",0,"F","F",3,9,3,26,6,"T","F",3,3,"F","F","felig101","bancd101","T","T",2,8,63,5,7,62,0,0,0,"snydf101","snydf101","",0,0,0,0,0,0,0,0,0,0,0,0,0,"younr101","F","F","F","F",0,1,2,0,0,0,0,0,0,0,F,F,"1924NY1.EVN.regular.event.csv",675
"NY1192406020","BSN",7,0,2,0,0,"",3,9,"felig101","?","felig101","?","ryanr101","?","ryanr101","?","snydf101","kellg101","frisf101","grohh101","jackt101","meusi101","soutb101","younr101","oneim102","padge101","","13","F","F",8,1,2,"T","T",0,"F","F",1,"F","F",0,"F","F",1,"G","F","F","",0,0,"N",0,"N",0,"N",0,1,2,0,"13","","","","F","F","F","F","F","F","F","F","F","ryanr101","ryanr101","","F","F","F","F","F","","","","",0,3,0,0,1,0,0,0,0,65,"NY1","BSN","NY1",0,"F","T",3,9,3,27,7,"T","F",3,3,"T","T","bancd101","cunnb102","T","T",2,8,63,5,7,62,0,0,0,"snydf101","snydf101","",0,0,0,0,0,0,0,0,0,0,0,0,0,"ryanr101","F","F","F","F",0,1,2,0,0,0,0,0,0,0,F,F,"1924NY1.EVN.regular.event.csv",676
"NY1192406020","BSN",7,1,0,0,0,"",3,9,"younr101","?","younr101","?","lucar102","?","lucar102","?","oneim102","gibsf101","tierc101","padge101","bancd101","cunnb102","felig101","stenc101","","","","43","T","F",9,1,2,"T","T",0,"F","F",1,"F","F",0,"F","F",4,"G","F","F","",0,0,"N",0,"N",0,"N",0,0,0,0,"43","","","","F","F","F","F","F","F","F","F","F","","","","F","F","F","F","F","","","","",0,3,0,0,4,0,0,0,0,66,"NY1","NY1","BSN",1,"T","F",9,3,0,36,0,"T","F",0,0,"T","T","frisf101","soutb101","F","F",0,0,0,0,0,0,0,0,0,"","","",0,0,0,0,0,0,0,0,0,0,0,0,0,"tierc101","F","F","F","F",0,0,0,0,0,0,0,0,0,0,F,F,"1924NY1.EVN.regular.event.csv",677
"NY1192406020","BSN",7,1,1,0,0,"",3,9,"frisf101","?","frisf101","?","lucar102","?","lucar102","?","oneim102","gibsf101","tierc101","padge101","bancd101","cunnb102","felig101","stenc101","","","","9/F","F","F",4,2,2,"T","T",0,"F","F",1,"F","F",0,"F","F",9,"F","F","F","",0,0,"N",0,"N",0,"N",0,0,0,0,"9","","","","F","F","F","F","F","F","F","F","F","","","","F","F","F","F","F","","","","",0,9,0,0,0,0,0,0,0,67,"NY1","NY1","BSN",1,"F","F",9,3,0,37,1,"T","F",0,0,"T","T","soutb101","meusi101","F","F",0,0,0,0,0,0,0,0,0,"","","",0,0,0,0,0,0,0,0,0,0,0,0,0,"stenc101","F","F","F","F",0,0,0,0,0,0,0,0,0,0,F,F,"1924NY1.EVN.regular.event.csv",678
"NY1192406020","BSN",7,1,2,0,0,"",3,9,"soutb101","?","soutb101","?","lucar102","?","lucar102","?","oneim102","gibsf101","tierc101","padge101","bancd101","cunnb102","felig101","stenc101","","","","8/F","F","F",8,3,2,"T","T",0,"F","F",1,"F","F",0,"F","F",8,"F","F","F","",0,0,"N",0,"N",0,"N",0,0,0,0,"8","","","","F","F","F","F","F","F","F","F","F","","","","F","F","F","F","F","","","","",0,8,0,0,0,0,0,0,0,68,"NY1","NY1","BSN",1,"F","T",9,3,0,38,2,"T","F",0,0,"T","T","meusi101","kellg101","F","F",0,0,0,0,0,0,0,0,0,"","","",0,0,0,0,0,0,0,0,0,0,0,0,0,"felig101","F","F","F","F",0,0,0,0,0,0,0,0,0,0,F,F,"1924NY1.EVN.regular.event.csv",679
"NY1192406020","BSN",8,0,0,0,0,"",3,9,"bancd101","?","bancd101","?","ryanr101","?","ryanr101","?","snydf101","kellg101","frisf101","grohh101","jackt101","meusi101","soutb101","younr101","","","","S4/BG4S","T","F",6,2,20,"T","T",1,"F","F",0,"F","F",0,"F","F",4,"G","T","F","4S",0,0,"N",0,"N",0,"N",1,0,0,0,"","","","","F","F","F","F","F","F","F","F","F","","","","F","F","F","F","F","","","","",0,0,0,0,0,0,0,0,0,69,"NY1","BSN","NY1",0,"T","F",3,9,0,28,0,"T","F",0,1,"T","T","cunnb102","gibsf101","T","T",0,0,0,0,0,0,0,0,0,"","","",0,0,0,0,0,0,0,0,0,0,0,0,0,"frisf101","F","F","F","F",4,0,0,0,1,0,0,0,0,0,F,F,"1924NY1.EVN.regular.event.csv",680
"NY1192406020","BSN",8,0,0,0,0,"",3,9,"cunnb102","?","cunnb102","?","ryanr101","?","ryanr101","?","snydf101","kellg101","frisf101","grohh101","jackt101","meusi101","soutb101","younr101","bancd101","","","13.1-2","F","F",7,3,2,"T","T",0,"F","F",1,"F","F",0,"F","F",1,"G","F","F","",0,0,"N",0,"N",0,"N",0,2,0,0,"13","","","","F","F","F","F","F","F","F","F","F","ryanr101","","","F","F","F","F","F","","","","",0,3,0,0,1,0,0,0,0,70,"NY1","BSN","NY1",0,"F","F",3,9,0,29,1,"T","F",1,2,"T","T","gibsf101","tierc101","T","T",6,2,69,0,0,0,0,0,0,"snydf101","","",0,0,0,0,0,0,0,0,0,0,0,0,0,"ryanr101","F","F","F","F",0,4,0,0,1,0,0,0,0,0,F,F,"1924NY1.EVN.regular.event.csv",681
"NY1192406020","BSN",8,0,1,0,0,"",3,9,"gibsf101","?","gibsf101","?","ryanr101","?","ryanr101","?","snydf101","kellg101","frisf101","grohh101","jackt101","meusi101","soutb101","younr101","","bancd101","","7/L","F","F",3,4,2,"T","T",0,"F","F",1,"F","F",0,"F","F",7,"L","F","F","",0,0,"N",0,"N",0,"N",0,0,2,0,"7","","","","F","F","F","F","F","F","F","F","F","","ryanr101","","F","F","F","F","F","","","","",0,7,0,0,0,0,0,0,0,71,"NY1","BSN","NY1",0,"F","F",3,9,0,30,2,"T","F",2,2,"T","T","tierc101","stenc101","T","T",0,0,0,6,2,69,0,0,0,"","snydf101","",0,0,0,0,0,0,0,0,0,0,0,0,0,"meusi101","F","F","F","F",0,0,4,0,1,0,0,0,0,0,F,F,"1924NY1.EVN.regular.event.csv",682
"NY1192406020","BSN",8,0,2,0,0,"",3,9,"tierc101","?","tierc101","?","ryanr101","?","ryanr101","?","snydf101","kellg101","frisf101","grohh101","jackt101","meusi101","soutb101","younr101","","bancd101","","S8.2-H","F","F",4,5,20,"T","T",1,"F","F",0,"F","F",1,"F","F",8,"","F","F","",0,0,"N",0,"N",0,"N",1,0,4,0,"","","","","F","F","F","F","F","F","F","F","F","","ryanr101","","F","F","F","F","F","","","","",0,0,0,0,0,0,0,0,0,72,"NY1","BSN","NY1",0,"F","F",3,9,0,31,3,"T","F",2,1,"T","T","stenc101","padge101","T","T",0,0,0,6,2,69,0,0,0,"","snydf101","",0,0,0,0,0,0,0,0,0,0,0,0,1,"soutb101","F","F","F","F",0,0,4,0,0,0,0,0,0,0,F,F,"1924NY1.EVN.regular.event.csv",683
"NY1192406020","BSN",8,0,2,0,0,"",4,9,"stenc101","?","stenc101","?","ryanr101","?","ryanr101","?","snydf101","kellg101","frisf101","grohh101","jackt101","meusi101","soutb101","younr101","tierc101","","","S9.1-3","F","F",9,6,20,"T","T",1,"F","F",0,"F","F",0,"F","F",9,"","F","F","",0,0,"N",0,"N",0,"N",1,3,0,0,"","","","","F","F","F","F","F","F","F","F","F","ryanr101","","","F","F","F","F","F","","","","",0,0,0,0,0,0,0,0,0,73,"NY1","BSN","NY1",0,"F","F",4,9,1,32,4,"T","F",1,5,"T","T","padge101","oneim102","T","T",4,5,72,0,0,0,0,0,0,"snydf101","","",0,0,0,0,0,0,0,0,0,0,0,0,0,"younr101","F","F","F","F",0,0,0,0,0,0,0,0,0,0,F,F,"1924NY1.EVN.regular.event.csv",684
"NY1192406020","BSN",8,0,2,0,0,"",4,9,"padge101","?","padge101","?","ryanr101","?","ryanr101","?","snydf101","kellg101","frisf101","grohh101","jackt101","meusi101","soutb101","younr101","stenc101","","tierc101","13","F","F",5,7,2,"T","T",0,"F","F",1,"F","F",0,"F","F",1,"G","F","F","",0,0,"N",0,"N",0,"N",0,1,0,3,"13","","","","F","F","F","F","F","F","F","F","F","ryanr101","","ryanr101","F","F","F","F","F","","","","",0,3,0,0,1,0,0,0,0,74,"NY1","BSN","NY1",0,"F","T",4,9,1,33,5,"T","F",5,5,"T","T","oneim102","lucar102","T","T",9,6,73,0,0,0,4,5,72,"snydf101","","snydf101",0,0,0,0,0,0,0,0,0,0,0,0,0,"ryanr101","F","F","F","F",0,0,0,0,0,0,0,0,0,0,F,F,"1924NY1.EVN.regular.event.csv",685
"NY1192406020","BSN",8,1,0,0,0,"",4,9,"meusi101","?","meusi101","?","lucar102","?","lucar102","?","oneim102","gibsf101","tierc101","padge101","bancd101","cunnb102","felig101","stenc101","","","","8/L","T","F",7,4,2,"T","T",0,"F","F",1,"F","F",0,"F","F",8,"L","F","F","",0,0,"N",0,"N",0,"N",0,0,0,0,"8","","","","F","F","F","F","F","F","F","F","F","","","","F","F","F","F","F","","","","",0,8,0,0,0,0,0,0,0,75,"NY1","NY1","BSN",1,"T","F",9,4,0,39,0,"T","F",0,0,"T","T","kellg101","jackt101","F","F",0,0,0,0,0,0,0,0,0,"","","",0,0,0,0,0,0,0,0,0,0,0,0,0,"felig101","F","F","F","F",0,0,0,0,0,0,0,0,0,0,F,F,"1924NY1.EVN.regular.event.csv",686
"NY1192406020","BSN",8,1,1,0,0,"",4,9,"kellg101","?","kellg101","?","lucar102","?","lucar102","?","oneim102","gibsf101","tierc101","padge101","bancd101","cunnb102","felig101","stenc101","","","","63","F","F",3,5,2,"T","T",0,"F","F",1,"F","F",0,"F","F",6,"G","F","F","",0,0,"N",0,"N",0,"N",0,0,0,0,"63","","","","F","F","F","F","F","F","F","F","F","","","","F","F","F","F","F","","","","",0,3,0,0,6,0,0,0,0,76,"NY1","NY1","BSN",1,"F","F",9,4,0,40,1,"T","F",0,0,"T","T","jackt101","grohh101","F","F",0,0,0,0,0,0,0,0,0,"","","",0,0,0,0,0,0,0,0,0,0,0,0,0,"bancd101","F","F","F","F",0,0,0,0,0,0,0,0,0,0,F,F,"1924NY1.EVN.regular.event.csv",687
"NY1192406020","BSN",8,1,2,0,0,"",4,9,"jackt101","?","jackt101","?","lucar102","?","lucar102","?","oneim102","gibsf101","tierc101","padge101","bancd101","cunnb102","felig101","stenc101","","","","K","F","F",6,6,3,"T","T",0,"F","F",1,"F","F",0,"F","F",0,"","F","F","",0,0,"N",0,"N",0,"N",0,0,0,0,"2","","","","F","F","F","F","F","F","F","F","F","","","","F","F","F","F","F","","","","",0,2,0,0,0,0,0,0,0,77,"NY1","NY1","BSN",1,"F","T",9,4,0,41,2,"T","F",0,0,"T","T","grohh101","snydf101","F","F",0,0,0,0,0,0,0,0,0,"","","",0,0,0,0,0,0,0,0,0,0,0,0,0,"","F","F","F","F",0,0,0,0,0,0,0,0,0,0,F,F,"1924NY1.EVN.regular.event.csv",688
"NY1192406020","BSN",9,0,0,0,0,"",4,9,"oneim102","?","oneim102","?","ryanr101","?","ryanr101","?","snydf101","kellg101","frisf101","grohh101","jackt101","meusi101","soutb101","younr101","","","","S9","T","F",2,8,20,"T","T",1,"F","F",0,"F","F",0,"F","F",9,"","F","F","",0,0,"N",0,"N",0,"N",1,0,0,0,"","","","","F","F","F","F","F","F","F","F","F","","","","F","F","F","F","F","","","","",0,0,0,0,0,0,0,0,0,78,"NY1","BSN","NY1",0,"T","F",4,9,0,34,0,"T","F",0,1,"T","T","lucar102","felig101","T","T",0,0,0,0,0,0,0,0,0,"","","",0,0,0,0,0,0,0,0,0,0,0,0,0,"younr101","F","F","F","F",4,0,0,0,2,0,0,0,0,0,F,F,"1924NY1.EVN.regular.event.csv",689
"NY1192406020","BSN",9,0,0,0,0,"",4,9,"lucar102","?","lucar102","?","jonnc101","?","jonnc101","?","snydf101","kellg101","frisf101","grohh101","jackt101","meusi101","soutb101","younr101","oneim102","","","K/C","F","F",1,9,3,"T","T",0,"F","F",1,"F","F",0,"F","F",0,"","F","F","",0,0,"N",0,"N",0,"N",0,1,0,0,"2","","","","F","F","F","F","F","F","F","F","F","ryanr101","","","F","F","F","F","F","","","","",0,2,0,0,0,0,0,0,0,79,"NY1","BSN","NY1",0,"F","F",4,9,0,35,1,"T","F",1,1,"F","F","felig101","bancd101","F","F",2,8,78,0,0,0,0,0,0,"snydf101","","",0,0,0,0,0,0,0,0,0,0,0,0,0,"","F","F","F","F",0,4,0,0,2,0,0,0,0,0,F,F,"1924NY1.EVN.regular.event.csv",690
"NY1192406020","BSN",9,0,1,0,0,"",4,9,"felig101","?","felig101","?","jonnc101","?","jonnc101","?","snydf101","kellg101","frisf101","grohh101","jackt101","meusi101","soutb101","younr101","oneim102","","","T9.1-H","F","F",8,1,22,"T","T",3,"F","F",0,"F","F",1,"F","F",9,"","F","F","",0,0,"N",0,"N",0,"N",3,4,0,0,"","","","","F","F","F","F","F","F","F","F","F","ryanr101","","","F","F","F","F","F","","","","",0,0,0,0,0,0,0,0,0,80,"NY1","BSN","NY1",0,"F","F",4,9,0,36,2,"T","F",1,4,"T","T","bancd101","cunnb102","F","F",2,8,78,0,0,0,0,0,0,"snydf101","","",0,0,0,0,0,0,0,0,0,0,0,0,1,"younr101","F","F","F","F",4,4,0,0,1,0,0,0,0,0,F,F,"1924NY1.EVN.regular.event.csv",691
"NY1192406020","BSN",9,0,1,0,0,"",5,9,"bancd101","?","bancd101","?","jonnc101","?","jonnc101","?","snydf101","kellg101","frisf101","grohh101","jackt101","meusi101","soutb101","younr101","","","felig101","43.3-H","F","F",6,2,2,"T","T",0,"F","F",1,"F","F",1,"F","F",4,"G","F","F","",0,0,"N",0,"N",0,"N",0,0,0,4,"43","","","","F","F","F","F","F","F","F","F","F","","","jonnc101","F","F","F","F","F","","","","",0,3,0,0,4,0,0,0,0,81,"NY1","BSN","NY1",0,"F","F",5,9,1,37,3,"T","F",4,0,"T","T","cunnb102","gibsf101","F","F",0,0,0,0,0,0,8,1,80,"","","snydf101",0,0,0,0,0,0,0,0,0,0,0,0,1,"frisf101","F","F","F","F",0,0,0,4,0,0,0,0,0,0,F,F,"1924NY1.EVN.regular.event.csv",692
"NY1192406020","BSN",9,0,2,0,0,"",6,9,"cunnb102","?","cunnb102","?","jonnc101","?","jonnc101","?","snydf101","kellg101","frisf101","grohh101","jackt101","meusi101","soutb101","younr101","","","","43","F","F",7,3,2,"T","T",0,"F","F",1,"F","F",0,"F","F",4,"G","F","F","",0,0,"N",0,"N",0,"N",0,0,0,0,"43","","","","F","F","F","F","F","F","F","F","F","","","","F","T","F","F","F","","","","",0,3,0,0,4,0,0,0,0,82,"NY1","BSN","NY1",0,"F","T",6,9,2,38,4,"T","F",0,0,"T","T","gibsf101","tierc101","F","F",0,0,0,0,0,0,0,0,0,"","","",0,0,0,0,0,0,0,0,0,0,0,0,0,"frisf101","F","F","F","F",0,0,0,0,0,0,0,0,0,0,F,F,"1924NY1.EVN.regular.event.csv",693
"NY1192406031","BRO",1,0,0,0,0,"",0,0,"neisb101","?","neisb101","?","nehfa101","?","nehfa101","?","snydf101","kellg101","frisf101","grohh101","jackt101","meusi101","wilsh102","younr101","","","","8/F","T","F",9,1,2,"T","T",0,"F","F",1,"F","F",0,"F","F",8,"F","F","F","",0,0,"N",0,"N",0,"N",0,0,0,0,"8","","","","F","F","F","F","F","F","F","F","F","","","","T","F","F","F","F","","","","",0,8,0,0,0,0,0,0,0,1,"NY1","BRO","NY1",0,"T","F",0,0,0,0,0,"T","F",0,0,"T","T","johnj107","wheaz101","T","T",0,0,0,0,0,0,0,0,0,"","","",0,0,0,0,0,0,0,0,0,0,0,0,0,"wilsh102","F","F","F","F",0,0,0,0,0,0,0,0,0,0,F,F,"1924NY1.EVN.regular.event.csv",694
"NY1192406031","BRO",1,0,1,0,0,"",0,0,"johnj107","?","johnj107","?","nehfa101","?","nehfa101","?","snydf101","kellg101","frisf101","grohh101","jackt101","meusi101","wilsh102","younr101","","","","3/FL","F","F",6,2,2,"T","T",0,"F","F",1,"F","F",0,"F","F",3,"F","F","T","",0,0,"N",0,"N",0,"N",0,0,0,0,"3","","","","F","F","F","F","F","F","F","F","F","","","","F","F","F","F","F","","","","",0,3,0,0,0,0,0,0,0,2,"NY1","BRO","NY1",0,"F","F",0,0,0,1,1,"T","F",0,0,"T","T","wheaz101","fourj101","T","T",0,0,0,0,0,0,0,0,0,"","","",0,0,0,0,0,0,0,0,0,0,0,0,0,"kellg101","F","F","F","F",0,0,0,0,0,0,0,0,0,0,F,F,"1924NY1.EVN.regular.event.csv",695
"NY1192406031","BRO",1,0,2,0,0,"",0,0,"wheaz101","?","wheaz101","?","nehfa101","?","nehfa101","?","snydf101","kellg101","frisf101","grohh101","jackt101","meusi101","wilsh102","younr101","","","","D/89","F","F",7,3,21,"T","T",2,"F","F",0,"F","F",0,"F","F",0,"","F","F","89",0,0,"N",0,"N",0,"N",2,0,0,0,"","","","","F","F","F","F","F","F","F","F","F","","","","F","F","F","F","F","","","","",0,0,0,0,0,0,0,0,0,3,"NY1","BRO","NY1",0,"F","F",0,0,0,2,2,"T","F",0,2,"T","T","fourj101","stocm101","T","T",0,0,0,0,0,0,0,0,0,"","","",0,0,0,0,0,0,0,0,0,0,0,0,0,"","F","F","F","F",0,0,0,0,0,0,0,0,0,0,F,F,"1924NY1.EVN.regular.event.csv",696
"NY1192406031","BRO",1,0,2,0,0,"",0,0,"fourj101","?","fourj101","?","nehfa101","?","nehfa101","?","snydf101","kellg101","frisf101","grohh101","jackt101","meusi101","wilsh102","younr101","","wheaz101","","W","F","F",3,4,14,"T","F",0,"F","F",0,"F","F",0,"F","F",0,"","F","F","",0,0,"N",0,"N",0,"N",1,0,2,0,"","","","","F","F","F","F","F","F","F","F","F","","nehfa101","","F","F","F","F","F","","","","",0,0,0,0,0,0,0,0,0,4,"NY1","BRO","NY1",0,"F","F",0,0,0,3,3,"T","F",2,3,"T","T","stocm101","bailg101","T","T",0,0,0,7,3,3,0,0,0,"","snydf101","",0,0,0,0,0,0,0,0,0,0,0,0,0,"","F","F","F","F",0,0,0,0,0,0,0,0,0,0,F,F,"1924NY1.EVN.regular.event.csv",697
"NY1192406031","BRO",1,0,2,0,0,"",0,0,"stocm101","?","stocm101","?","nehfa101","?","nehfa101","?","snydf101","kellg101","frisf101","grohh101","jackt101","meusi101","wilsh102","younr101","fourj101","wheaz101","","S9.2XH(92);1-2","F","F",5,5,20,"T","T",1,"F","F",1,"F","F",0,"F","F",9,"","F","F","",0,0,"N",0,"N",0,"N",1,2,0,0,"","","92","","F","F","F","F","F","F","F","F","F","nehfa101","nehfa101","","F","F","F","F","F","","","","",0,2,0,0,9,0,0,0,0,5,"NY1","BRO","NY1",0,"F","T",0,0,0,4,4,"T","F",3,3,"T","T","bailg101","higha101","T","T",3,4,4,7,3,3,0,0,0,"snydf101","snydf101","",0,0,0,0,0,0,0,0,0,0,0,0,0,"younr101","F","F","F","F",0,0,0,0,0,0,0,0,0,0,F,F,"1924NY1.EVN.regular.event.csv",698
"NY1192406031","BRO",1,1,0,0,0,"",0,0,"younr101","?","younr101","?","ruetd101","?","ruetd101","?","taylz101","fourj101","higha101","stocm101","johnj107","wheaz101","bailg101","neisb101","","","","S","T","F",9,1,20,"T","T",1,"F","F",0,"F","F",0,"F","F",0,"","F","F","",0,0,"N",0,"N",0,"N",1,0,0,0,"","","","","F","F","F","F","F","F","F","F","F","","","","F","F","F","F","F","","","","",0,0,0,0,0,0,0,0,0,6,"NY1","NY1","BRO",1,"T","F",0,0,0,0,0,"T","F",0,1,"T","T","frisf101","wilsh102","T","T",0,0,0,0,0,0,0,0,0,"","","",0,0,0,0,0,0,0,0,0,0,0,0,0,"","F","F","F","F",4,0,0,0,4,0,0,0,0,0,F,F,"1924NY1.EVN.regular.event.csv",699
"NY1192406031","BRO",1,1,0,0,0,"",0,0,"frisf101","?","frisf101","?","ruetd101","?","ruetd101","?","taylz101","fourj101","higha101","stocm101","johnj107","wheaz101","bailg101","neisb101","younr101","","","S9/9S.1-3","F","F",4,2,20,"T","T",1,"F","F",0,"F","F",0,"F","F",9,"","F","F","9S",0,0,"N",0,"N",0,"N",1,3,0,0,"","","","","F","F","F","F","F","F","F","F","F","ruetd101","","","F","F","F","F","F","","","","",0,0,0,0,0,0,0,0,0,7,"NY1","NY1","BRO",1,"F","F",0,0,0,1,1,"T","F",1,5,"T","T","wilsh102","meusi101","T","T",9,1,6,0,0,0,0,0,0,"taylz101","","",0,0,0,0,0,0,0,0,0,0,0,0,0,"neisb101","F","F","F","F",4,4,0,0,4,0,0,0,0,0,F,F,"1924NY1.EVN.regular.event.csv",700
"NY1192406031","BRO",1,1,0,0,0,"",0,0,"wilsh102","?","wilsh102","?","ruetd101","?","ruetd101","?","taylz101","fourj101","higha101","stocm101","johnj107","wheaz101","bailg101","neisb101","frisf101","","younr101","D9/9DW.3-H;1-H","F","F",8,3,21,"T","T",2,"F","F",0,"F","F",2,"F","F",9,"","F","F","9DW",0,0,"N",0,"N",0,"N",2,4,0,4,"","","","","F","F","F","F","F","F","F","F","F","ruetd101","","ruetd101","F","F","F","F","F","","","","",0,0,0,0,0,0,0,0,0,8,"NY1","NY1","BRO",1,"F","F",0,0,0,2,2,"T","F",5,2,"T","T","meusi101","kellg101","T","T",4,2,7,0,0,0,9,1,6,"taylz101","","taylz101",0,0,0,0,0,0,0,0,0,0,0,0,2,"neisb101","F","F","F","F",4,4,0,4,2,0,0,0,0,0,F,F,"1924NY1.EVN.regular.event.csv",701
"NY1192406031","BRO",1,1,0,0,0,"",0,2,"meusi101","?","meusi101","?","ruetd101","?","ruetd101","?","taylz101","fourj101","higha101","stocm101","johnj107","wheaz101","bailg101","neisb101","","wilsh102","","T/78D.2-H","F","F",7,4,22,"T","T",3,"F","F",0,"F","F",1,"F","F",0,"","F","F","78D",0,0,"N",0,"N",0,"N",3,0,4,0,"","","","","F","F","F","F","F","F","F","F","F","","ruetd101","","F","F","F","F","F","","","","",0,0,0,0,0,0,0,0,0,9,"NY1","NY1","BRO",1,"F","F",2,0,2,3,3,"T","F",2,4,"T","T","kellg101","jackt101","T","T",0,0,0,8,3,8,0,0,0,"","taylz101","",0,0,0,0,0,0,0,0,0,0,0,0,1,"","F","F","F","F",4,0,4,0,1,0,0,0,0,0,F,F,"1924NY1.EVN.regular.event.csv",702
"NY1192406031","BRO",1,1,0,0,0,"",0,3,"kellg101","?","kellg101","?","ruetd101","?","ruetd101","?","taylz101","fourj101","higha101","stocm101","johnj107","wheaz101","bailg101","neisb101","","","meusi101","43","F","F",3,5,2,"T","T",0,"F","F",1,"F","F",0,"F","F",4,"G","F","F","",0,0,"N",0,"N",0,"N",0,0,0,3,"43","","","","F","F","F","F","F","F","F","F","F","","","ruetd101","F","F","F","F","F","","","","",0,3,0,0,4,0,0,0,0,10,"NY1","NY1","BRO",1,"F","F",3,0,3,4,4,"T","F",4,4,"T","T","jackt101","grohh101","T","T",0,0,0,0,0,0,7,4,9,"","","taylz101",0,0,0,0,0,0,0,0,0,0,0,0,0,"higha101","F","F","F","F",0,0,0,4,1,0,0,0,0,0,F,F,"1924NY1.EVN.regular.event.csv",703
"NY1192406031","BRO",1,1,1,0,0,"",0,3,"jackt101","?","jackt101","?","ruetd101","?","ruetd101","?","taylz101","fourj101","higha101","stocm101","johnj107","wheaz101","bailg101","neisb101","","","meusi101","D/89.3-H","F","F",6,6,21,"T","T",2,"F","F",0,"F","F",1,"F","F",0,"","F","F","89",0,0,"N",0,"N",0,"N",2,0,0,4,"","","","","F","F","F","F","F","F","F","F","F","","","ruetd101","F","F","F","F","F","","","","",0,0,0,0,0,0,0,0,0,11,"NY1","NY1","BRO",1,"F","F",3,0,3,5,5,"T","F",4,2,"T","T","grohh101","snydf101","T","T",0,0,0,0,0,0,7,4,9,"","","taylz101",0,0,0,0,0,0,0,0,0,0,0,0,1,"","F","F","F","F",0,0,0,4,0,0,0,0,0,0,F,F,"1924NY1.EVN.regular.event.csv",704
"NY1192406031","BRO",1,1,1,0,0,"",0,4,"grohh101","?","grohh101","?","dickl101","?","dickl101","?","taylz101","fourj101","higha101","stocm101","johnj107","wheaz101","bailg101","neisb101","","jackt101","","WP.2-3","F","F",5,7,9,"F","F",0,"F","F",0,"F","F",0,"T","F",0,"","F","F","",0,0,"N",0,"N",0,"N",0,0,3,0,"","","","","F","F","F","F","F","F","F","F","F","","ruetd101","","F","F","F","F","F","","","","",0,0,0,0,0,0,0,0,0,12,"NY1","NY1","BRO",1,"F","F",4,0,4,6,6,"T","F",2,4,"T","T","snydf101","nehfa101","F","F",0,0,0,6,6,11,0,0,0,"","taylz101","",0,0,0,0,0,0,0,0,0,0,0,0,0,"","F","F","F","F",0,0,0,0,0,0,0,0,0,0,F,F,"1924NY1.EVN.regular.event.csv",705
"NY1192406031","BRO",1,1,1,0,0,"",0,4,"grohh101","?","grohh101","?","dickl101","?","dickl101","?","taylz101","fourj101","higha101","stocm101","johnj107","wheaz101","bailg101","neisb101","","","jackt101","FC1.3XH(152)","F","F",5,7,19,"T","T",0,"F","F",1,"F","F",0,"F","F",1,"G","F","F","",0,0,"N",0,"N",0,"N",1,0,0,0,"","","","152","F","F","F","F","F","F","F","F","F","","","ruetd101","F","F","F","F","F","","","","",0,2,0,0,1,5,0,0,0,13,"NY1","NY1","BRO",1,"F","F",4,0,4,6,6,"F","F",4,1,"T","T","snydf101","nehfa101","F","F",0,0,0,0,0,0,6,6,11,"","","taylz101",0,0,0,0,0,0,0,0,0,0,0,0,0,"dickl101","F","F","F","F",3,0,0,0,0,0,0,0,0,0,F,F,"1924NY1.EVN.regular.event.csv",706
"NY1192406031","BRO",1,1,2,0,0,"",0,4,"snydf101","?","snydf101","?","dickl101","?","dickl101","?","taylz101","fourj101","higha101","stocm101","johnj107","wheaz101","bailg101","neisb101","grohh101","","","S9.1-3","F","F",2,8,20,"T","T",1,"F","F",0,"F","F",0,"F","F",9,"","F","F","",0,0,"N",0,"N",0,"N",1,3,0,0,"","","","","F","F","F","F","F","F","F","F","F","ruetd101","","","F","F","F","F","F","","","","",0,0,0,0,0,0,0,0,0,14,"NY1","NY1","BRO",1,"F","F",4,0,4,7,7,"T","F",1,5,"T","T","nehfa101","younr101","F","F",5,7,13,0,0,0,0,0,0,"taylz101","","",0,0,0,0,0,0,0,0,0,0,0,0,0,"neisb101","F","F","F","F",1,3,0,0,0,0,0,0,0,0,F,F,"1924NY1.EVN.regular.event.csv",707
"NY1192406031","BRO",1,1,2,0,0,"",0,4,"nehfa101","?","nehfa101","?","dickl101","?","dickl101","?","taylz101","fourj101","higha101","stocm101","johnj107","wheaz101","bailg101","neisb101","snydf101","","grohh101","5/FL","F","F",1,9,2,"T","T",0,"F","F",1,"F","F",0,"F","F",5,"F","F","T","",0,0,"N",0,"N",0,"N",0,1,0,3,"5","","","","F","F","F","F","F","F","F","F","F","dickl101","","ruetd101","F","F","F","F","F","","","","",0,5,0,0,0,0,0,0,0,15,"NY1","NY1","BRO",1,"F","T",4,0,4,8,8,"T","F",5,5,"T","T","younr101","frisf101","F","F",2,8,14,0,0,0,5,7,13,"taylz101","","taylz101",0,0,0,0,0,0,0,0,0,0,0,0,0,"stocm101","F","F","F","F",0,1,0,3,0,0,0,0,0,0,F,F,"1924NY1.EVN.regular.event.csv",708
"NY1192406031","BRO",2,0,0,0,0,"",0,4,"bailg101","?","bailg101","?","nehfa101","?","nehfa101","?","snydf101","kellg101","frisf101","grohh101","jackt101","meusi101","soutb101","younr101","","","","5/FL","T","F",8,6,2,"T","T",0,"F","F",1,"F","F",0,"F","F",5,"F","F","T","",0,0,"N",0,"N",0,"N",0,0,0,0,"5","","","","F","F","F","F","F","F","F","F","F","","","","F","F","F","F","F","","","","",0,5,0,0,0,0,0,0,0,16,"NY1","BRO","NY1",0,"T","F",0,4,0,5,0,"T","F",0,0,"T","T","higha101","taylz101","T","T",0,0,0,0,0,0,0,0,0,"","","",0,0,0,0,0,0,0,0,0,0,0,0,0,"grohh101","F","F","F","F",0,0,0,0,0,0,0,0,0,0,F,F,"1924NY1.EVN.regular.event.csv",709
"NY1192406031","BRO",2,0,1,0,0,"",0,4,"higha101","?","higha101","?","nehfa101","?","nehfa101","?","snydf101","kellg101","frisf101","grohh101","jackt101","meusi101","soutb101","younr101","","","","43","F","F",4,7,2,"T","T",0,"F","F",1,"F","F",0,"F","F",4,"G","F","F","",0,0,"N",0,"N",0,"N",0,0,0,0,"43","","","","F","F","F","F","F","F","F","F","F","","","","F","F","F","F","F","","","","",0,3,0,0,4,0,0,0,0,17,"NY1","BRO","NY1",0,"F","F",0,4,0,6,1,"T","F",0,0,"T","T","taylz101","dickl101","T","T",0,0,0,0,0,0,0,0,0,"","","",0,0,0,0,0,0,0,0,0,0,0,0,0,"frisf101","F","F","F","F",0,0,0,0,0,0,0,0,0,0,F,F,"1924NY1.EVN.regular.event.csv",710
"NY1192406031","BRO",2,0,2,0,0,"",0,4,"taylz101","?","taylz101","?","nehfa101","?","nehfa101","?","snydf101","kellg101","frisf101","grohh101","jackt101","meusi101","soutb101","younr101","","","","K/C","F","F",2,8,3,"T","T",0,"F","F",1,"F","F",0,"F","F",0,"","F","F","",0,0,"N",0,"N",0,"N",0,0,0,0,"2","","","","F","F","F","F","F","F","F","F","F","","","","F","F","F","F","F","","","","",0,2,0,0,0,0,0,0,0,18,"NY1","BRO","NY1",0,"F","T",0,4,0,7,2,"T","F",0,0,"T","T","dickl101","neisb101","T","T",0,0,0,0,0,0,0,0,0,"","","",0,0,0,0,0,0,0,0,0,0,0,0,0,"","F","F","F","F",0,0,0,0,0,0,0,0,0,0,F,F,"1924NY1.EVN.regular.event.csv",711
"NY1192406031","BRO",2,1,0,0,0,"",0,4,"younr101","?","younr101","?","dickl101","?","dickl101","?","taylz101","fourj101","higha101","stocm101","johnj107","wheaz101","bailg101","neisb101","","","","63","T","F",9,1,2,"T","T",0,"F","F",1,"F","F",0,"F","F",6,"G","F","F","",0,0,"N",0,"N",0,"N",0,0,0,0,"63","","","","F","F","F","F","F","F","F","F","F","","","","F","F","F","F","F","","","","",0,3,0,0,6,0,0,0,0,19,"NY1","NY1","BRO",1,"T","F",4,0,0,9,0,"T","F",0,0,"T","T","frisf101","soutb101","F","F",0,0,0,0,0,0,0,0,0,"","","",0,0,0,0,0,0,0,0,0,0,0,0,0,"johnj107","F","F","F","F",0,0,0,0,1,0,0,0,0,0,F,F,"1924NY1.EVN.regular.event.csv",712
"NY1192406031","BRO",2,1,1,0,0,"",0,4,"frisf101","?","frisf101","?","dickl101","?","dickl101","?","taylz101","fourj101","higha101","stocm101","johnj107","wheaz101","bailg101","neisb101","","","","S","F","F",4,2,20,"T","T",1,"F","F",0,"F","F",0,"F","F",0,"","F","F","",0,0,"N",0,"N",0,"N",1,0,0,0,"","","","","F","F","F","F","F","F","F","F","F","","","","F","F","F","F","F","","","","",0,0,0,0,0,0,0,0,0,20,"NY1","NY1","BRO",1,"F","F",4,0,0,10,1,"T","F",0,1,"T","T","soutb101","meusi101","F","F",0,0,0,0,0,0,0,0,0,"","","",0,0,0,0,0,0,0,0,0,0,0,0,0,"","F","F","F","F",4,0,0,0,1,0,0,0,0,0,F,F,"1924NY1.EVN.regular.event.csv",713
"NY1192406031","BRO",2,1,1,0,0,"",0,4,"soutb101","?","soutb101","?","dickl101","?","dickl101","?","taylz101","fourj101","higha101","stocm101","johnj107","wheaz101","bailg101","neisb101","frisf101","","","D7/7DW.1-H","F","F",8,3,21,"T","T",2,"F","F",0,"F","F",1,"F","F",7,"","F","F","7DW",0,0,"N",0,"N",0,"N",2,4,0,0,"","","","","F","F","F","F","F","F","F","F","F","dickl101","","","F","F","F","F","F","","","","",0,0,0,0,0,0,0,0,0,21,"NY1","NY1","BRO",1,"F","F",4,0,0,11,2,"T","F",1,2,"F","F","meusi101","kellg101","F","F",4,2,20,0,0,0,0,0,0,"taylz101","","",0,0,0,0,0,0,0,0,0,0,0,0,1,"wheaz101","F","F","F","F",0,4,0,0,0,0,0,0,0,0,F,F,"1924NY1.EVN.regular.event.csv",714
"NY1192406031","BRO",2,1,1,0,0,"",0,5,"meusi101","?","meusi101","?","dickl101","?","dickl101","?","taylz101","fourj101","higha101","stocm101","johnj107","wheaz101","bailg101","neisb101","","soutb101","","9/F9D.2-3","F","F",7,4,2,"T","T",0,"F","F",1,"F","F",0,"F","F",9,"F","F","F","9D",0,0,"N",0,"N",0,"N",0,0,3,0,"9","","","","F","F","F","F","F","F","F","F","F","","dickl101","","F","F","F","F","F","","","","",0,9,0,0,0,0,0,0,0,22,"NY1","NY1","BRO",1,"F","F",5,0,1,12,3,"T","F",2,4,"T","T","kellg101","jackt101","F","F",0,0,0,8,3,21,0,0,0,"","taylz101","",0,0,0,0,0,0,0,0,0,0,0,0,0,"neisb101","F","F","F","F",0,0,0,0,0,0,0,0,0,0,F,F,"1924NY1.EVN.regular.event.csv",715
"NY1192406031","BRO",2,1,2,0,0,"",0,5,"kellg101","?","kellg101","?","dickl101","?","dickl101","?","taylz101","fourj101","higha101","stocm101","johnj107","wheaz101","bailg101","neisb101","","","soutb101","7/F7D","F","F",3,5,2,"T","T",0,"F","F",1,"F","F",0,"F","F",7,"F","F","F","7D",0,0,"N",0,"N",0,"N",0,0,0,3,"7","","","","F","F","F","F","F","F","F","F","F","","","dickl101","F","F","F","F","F","","","","",0,7,0,0,0,0,0,0,0,23,"NY1","NY1","BRO",1,"F","T",5,0,1,13,4,"T","F",4,4,"T","T","jackt101","grohh101","F","F",0,0,0,0,0,0,8,3,21,"","","taylz101",0,0,0,0,0,0,0,0,0,0,0,0,0,"wheaz101","F","F","F","F",0,0,0,0,0,0,0,0,0,0,F,F,"1924NY1.EVN.regular.event.csv",716
"NY1192406031","BRO",3,0,0,0,0,"",0,5,"dickl101","?","dickl101","?","nehfa101","?","nehfa101","?","snydf101","kellg101","frisf101","grohh101","jackt101","meusi101","soutb101","younr101","","","","K","T","F",1,9,3,"T","T",0,"F","F",1,"F","F",0,"F","F",0,"","F","F","",0,0,"N",0,"N",0,"N",0,0,0,0,"2","","","","F","F","F","F","F","F","F","F","F","","","","F","F","F","F","F","","","","",0,2,0,0,0,0,0,0,0,24,"NY1","BRO","NY1",0,"T","F",0,5,0,8,0,"T","F",0,0,"F","F","neisb101","johnj107","T","T",0,0,0,0,0,0,0,0,0,"","","",0,0,0,0,0,0,0,0,0,0,0,0,0,"","F","F","F","F",0,0,0,0,0,0,0,0,0,0,F,F,"1924NY1.EVN.regular.event.csv",717
"NY1192406031","BRO",3,0,1,0,0,"",0,5,"neisb101","?","neisb101","?","nehfa101","?","nehfa101","?","snydf101","kellg101","frisf101","grohh101","jackt101","meusi101","soutb101","younr101","","","","E6/G","F","F",9,1,18,"T","T",0,"F","F",0,"F","F",0,"F","F",6,"G","F","F","",1,6,"F",0,"N",0,"N",1,0,0,0,"","","","","F","F","F","F","F","F","F","F","F","","","","F","F","F","F","F","","","","",0,0,0,0,0,0,0,0,0,25,"NY1","BRO","NY1",0,"F","F",0,5,0,9,1,"T","F",0,1,"T","T","johnj107","wheaz101","T","T",0,0,0,0,0,0,0,0,0,"","","",0,0,0,0,0,0,0,0,0,0,0,0,0,"jackt101","F","F","F","T",0,0,0,0,0,0,0,0,0,0,F,F,"1924NY1.EVN.regular.event.csv",718
"NY1192406031","BRO",3,0,1,0,0,"",0,5,"johnj107","?","johnj107","?","nehfa101","?","nehfa101","?","snydf101","kellg101","frisf101","grohh101","jackt101","meusi101","soutb101","younr101","neisb101","","","64(1)3/GDP","F","F",6,2,2,"T","T",0,"F","F",2,"T","F",0,"F","F",6,"G","F","F","",0,0,"N",0,"N",0,"N",0,0,0,0,"43","64","","","F","F","F","F","F","F","F","F","F","nehfa101","","","F","F","F","F","F","","","","",0,4,3,0,6,4,0,0,0,26,"NY1","BRO","NY1",0,"F","T",0,5,0,10,2,"T","F",1,0,"T","T","wheaz101","fourj101","T","T",9,1,25,0,0,0,0,0,0,"snydf101","","",0,0,0,0,0,0,0,0,0,0,0,0,0,"jackt101","T","F","F","F",0,0,0,0,0,0,0,0,0,0,F,F,"1924NY1.EVN.regular.event.csv",719
"NY1192406031","BRO",3,1,0,0,0,"",0,5,"jackt101","?","jackt101","?","dickl101","?","dickl101","?","taylz101","fourj101","higha101","stocm101","johnj107","wheaz101","bailg101","grift102","","","","K/C","T","F",6,6,3,"T","T",0,"F","F",1,"F","F",0,"F","F",0,"","F","F","",0,0,"N",0,"N",0,"N",0,0,0,0,"2","","","","F","F","F","F","F","F","F","F","F","","","","F","F","F","F","F","","","","",0,2,0,0,0,0,0,0,0,27,"NY1","NY1","BRO",1,"T","F",5,0,0,14,0,"T","F",0,0,"T","T","grohh101","snydf101","F","F",0,0,0,0,0,0,0,0,0,"","","",0,0,0,0,0,0,0,0,0,0,0,0,0,"","F","F","F","F",0,0,0,0,0,0,0,0,0,0,F,F,"1924NY1.EVN.regular.event.csv",720
"NY1192406031","BRO",3,1,1,0,0,"",0,5,"grohh101","?","grohh101","?","dickl101","?","dickl101","?","taylz101","fourj101","higha101","stocm101","johnj107","wheaz101","bailg101","grift102","","","","53","F","F",5,7,2,"T","T",0,"F","F",1,"F","F",0,"F","F",5,"G","F","F","",0,0,"N",0,"N",0,"N",0,0,0,0,"53","","","","F","F","F","F","F","F","F","F","F","","","","F","F","F","F","F","","","","",0,3,0,0,5,0,0,0,0,28,"NY1","NY1","BRO",1,"F","F",5,0,0,15,1,"T","F",0,0,"T","T","snydf101","nehfa101","F","F",0,0,0,0,0,0,0,0,0,"","","",0,0,0,0,0,0,0,0,0,0,0,0,0,"stocm101","F","F","F","F",0,0,0,0,0,0,0,0,0,0,F,F,"1924NY1.EVN.regular.event.csv",721
"NY1192406031","BRO",3,1,2,0,0,"",0,5,"snydf101","?","snydf101","?","dickl101","?","dickl101","?","taylz101","fourj101","higha101","stocm101","johnj107","wheaz101","bailg101","grift102","","","","S","F","F",2,8,20,"T","T",1,"F","F",0,"F","F",0,"F","F",0,"","F","F","",0,0,"N",0,"N",0,"N",1,0,0,0,"","","","","F","F","F","F","F","F","F","F","F","","","","F","F","F","F","F","","","","",0,0,0,0,0,0,0,0,0,29,"NY1","NY1","BRO",1,"F","F",5,0,0,16,2,"T","F",0,1,"T","T","nehfa101","younr101","F","F",0,0,0,0,0,0,0,0,0,"","","",0,0,0,0,0,0,0,0,0,0,0,0,0,"","F","F","F","F",0,0,0,0,0,0,0,0,0,0,F,F,"1924NY1.EVN.regular.event.csv",722
"NY1192406031","BRO",3,1,2,0,0,"",0,5,"nehfa101","?","nehfa101","?","dickl101","?","dickl101","?","taylz101","fourj101","higha101","stocm101","johnj107","wheaz101","bailg101","grift102","snydf101","","","K/C","F","F",1,9,3,"T","T",0,"F","F",1,"F","F",0,"F","F",0,"","F","F","",0,0,"N",0,"N",0,"N",0,1,0,0,"2","","","","F","F","F","F","F","F","F","F","F","dickl101","","","F","F","F","F","F","","","","",0,2,0,0,0,0,0,0,0,30,"NY1","NY1","BRO",1,"F","T",5,0,0,17,3,"T","F",1,1,"T","T","younr101","frisf101","F","F",2,8,29,0,0,0,0,0,0,"taylz101","","",0,0,0,0,0,0,0,0,0,0,0,0,0,"","F","F","F","F",0,0,0,0,0,0,0,0,0,0,F,F,"1924NY1.EVN.regular.event.csv",723
"NY1192406031","BRO",4,0,0,0,0,"",0,5,"wheaz101","?","wheaz101","?","nehfa101","?","nehfa101","?","snydf101","kellg101","frisf101","grohh101","jackt101","meusi101","soutb101","younr101","","","","13","T","F",7,3,2,"T","T",0,"F","F",1,"F","F",0,"F","F",1,"G","F","F","",0,0,"N",0,"N",0,"N",0,0,0,0,"13","","","","F","F","F","F","F","F","F","F","F","","","","F","F","F","F","F","","","","",0,3,0,0,1,0,0,0,0,31,"NY1","BRO","NY1",0,"T","F",0,5,0,11,0,"T","F",0,0,"T","T","fourj101","stocm101","T","T",0,0,0,0,0,0,0,0,0,"","","",0,0,0,0,0,0,0,0,0,0,0,0,0,"nehfa101","F","F","F","F",0,0,0,0,0,0,0,0,0,0,F,F,"1924NY1.EVN.regular.event.csv",724
"NY1192406031","BRO",4,0,1,0,0,"",0,5,"fourj101","?","fourj101","?","nehfa101","?","nehfa101","?","snydf101","kellg101","frisf101","grohh101","jackt101","meusi101","soutb101","younr101","","","","W","F","F",3,4,14,"T","F",0,"F","F",0,"F","F",0,"F","F",0,"","F","F","",0,0,"N",0,"N",0,"N",1,0,0,0,"","","","","F","F","F","F","F","F","F","F","F","","","","F","F","F","F","F","","","","",0,0,0,0,0,0,0,0,0,32,"NY1","BRO","NY1",0,"F","F",0,5,0,12,1,"T","F",0,1,"T","T","stocm101","bailg101","T","T",0,0,0,0,0,0,0,0,0,"","","",0,0,0,0,0,0,0,0,0,0,0,0,0,"","F","F","F","F",0,0,0,0,0,0,0,0,0,0,F,F,"1924NY1.EVN.regular.event.csv",725
"NY1192406031","BRO",4,0,1,0,0,"",0,5,"stocm101","?","stocm101","?","nehfa101","?","nehfa101","?","snydf101","kellg101","frisf101","grohh101","jackt101","meusi101","soutb101","younr101","fourj101","","","43.1-2","F","F",5,5,2,"T","T",0,"F","F",1,"F","F",0,"F","F",4,"G","F","F","",0,0,"N",0,"N",0,"N",0,2,0,0,"43","","","","F","F","F","F","F","F","F","F","F","nehfa101","","","F","F","F","F","F","","","","",0,3,0,0,4,0,0,0,0,33,"NY1","BRO","NY1",0,"F","F",0,5,0,13,2,"T","F",1,2,"T","T","bailg101","higha101","T","T",3,4,32,0,0,0,0,0,0,"snydf101","","",0,0,0,0,0,0,0,0,0,0,0,0,0,"frisf101","F","F","F","F",0,0,0,0,0,0,0,0,0,0,F,F,"1924NY1.EVN.regular.event.csv",726
"NY1192406031","BRO",4,0,2,0,0,"",0,5,"bailg101","?","bailg101","?","nehfa101","?","nehfa101","?","snydf101","kellg101","frisf101","grohh101","jackt101","meusi101","soutb101","younr101","","fourj101","","43","F","F",8,6,2,"T","T",0,"F","F",1,"F","F",0,"F","F",4,"G","F","F","",0,0,"N",0,"N",0,"N",0,0,2,0,"43","","","","F","F","F","F","F","F","F","F","F","","nehfa101","","F","F","F","F","F","","","","",0,3,0,0,4,0,0,0,0,34,"NY1","BRO","NY1",0,"F","T",0,5,0,14,3,"T","F",2,2,"T","T","higha101","taylz101","T","T",0,0,0,3,4,32,0,0,0,"","snydf101","",0,0,0,0,0,0,0,0,0,0,0,0,0,"frisf101","F","F","F","F",0,0,0,0,0,0,0,0,0,0,F,F,"1924NY1.EVN.regular.event.csv",727
"NY1192406031","BRO",4,1,0,0,0,"",0,5,"younr101","?","younr101","?","dickl101","?","dickl101","?","taylz101","fourj101","higha101","stocm101","johnj107","wheaz101","bailg101","grift102","","","","S","T","F",9,1,20,"T","T",1,"F","F",0,"F","F",0,"F","F",0,"","F","F","",0,0,"N",0,"N",0,"N",1,0,0,0,"","","","","F","F","F","F","F","F","F","F","F","","","","F","F","F","F","F","","","","",0,0,0,0,0,0,0,0,0,35,"NY1","NY1","BRO",1,"T","F",5,0,0,18,0,"T","F",0,1,"T","T","frisf101","soutb101","F","F",0,0,0,0,0,0,0,0,0,"","","",0,0,0,0,0,0,0,0,0,0,0,0,0,"","F","F","F","F",4,0,0,0,3,0,0,0,0,0,F,F,"1924NY1.EVN.regular.event.csv",728
"NY1192406031","BRO",4,1,0,0,0,"",0,5,"frisf101","?","frisf101","?","dickl101","?","dickl101","?","taylz101","fourj101","higha101","stocm101","johnj107","wheaz101","bailg101","grift102","younr101","","","S9.1-3;B-2(TH3)","F","F",4,2,20,"T","T",1,"F","F",0,"F","F",0,"F","F",9,"","F","F","",0,0,"N",0,"N",0,"N",2,3,0,0,"","","","","F","F","F","F","F","F","F","F","F","dickl101","","","F","F","F","F","F","","","","",0,0,0,0,0,0,0,0,0,36,"NY1","NY1","BRO",1,"F","F",5,0,0,19,1,"T","F",1,6,"T","T","soutb101","meusi101","F","F",9,1,35,0,0,0,0,0,0,"taylz101","","",0,0,0,0,0,0,0,0,0,0,0,0,0,"grift102","F","F","F","F",5,4,0,0,3,0,0,0,0,0,F,F,"1924NY1.EVN.regular.event.csv",729
"NY1192406031","BRO",4,1,0,0,0,"",0,5,"soutb101","?","soutb101","?","dickl101","?","dickl101","?","taylz101","fourj101","higha101","stocm101","johnj107","wheaz101","bailg101","grift102","","frisf101","younr101","K.3-H(E2);2-3;B-1","F","F",8,3,3,"T","T",0,"F","F",0,"F","F",0,"F","F",0,"","F","F","",1,2,"F",0,"N",0,"N",1,0,3,4,"","","","","F","F","F","F","F","F","F","F","F","","dickl101","dickl101","F","F","F","F","F","","","","",0,0,0,0,0,0,0,0,0,37,"NY1","NY1","BRO",1,"F","F",5,0,0,20,2,"T","F",6,5,"F","F","meusi101","kellg101","F","F",0,0,0,4,2,36,9,1,35,"","taylz101","taylz101",0,0,0,0,0,0,0,0,0,0,0,0,1,"","F","F","F","F",5,0,5,4,2,0,0,0,0,0,F,F,"1924NY1.EVN.regular.event.csv",730
"NY1192406031","BRO",4,1,0,0,0,"",0,6,"meusi101","?","meusi101","?","dickl101","?","dickl101","?","taylz101","fourj101","higha101","stocm101","johnj107","wheaz101","bailg101","grift102","soutb101","","frisf101","8/SF.3-H(UR)","F","F",7,4,2,"T","F",0,"F","T",1,"F","F",1,"F","F",8,"F","F","F","",0,0,"N",0,"N",0,"N",0,1,0,5,"8","","","","F","F","F","F","F","F","F","F","F","dickl101","","dickl101","F","F","F","F","F","","","","",0,8,0,0,0,0,0,0,0,38,"NY1","NY1","BRO",1,"F","F",6,0,1,21,3,"T","F",5,1,"T","T","kellg101","jackt101","F","F",8,3,37,0,0,0,4,2,36,"taylz101","","taylz101",0,0,0,0,0,0,0,0,0,0,0,0,1,"bailg101","F","F","F","F",0,5,0,5,1,0,0,0,0,0,F,F,"1924NY1.EVN.regular.event.csv",731
"NY1192406031","BRO",4,1,1,0,0,"",0,7,"kellg101","?","kellg101","?","dickl101","?","dickl101","?","taylz101","fourj101","higha101","stocm101","johnj107","wheaz101","bailg101","grift102","soutb101","","","PB.1-2","F","F",3,5,10,"F","F",0,"F","F",0,"F","F",0,"F","T",0,"","F","F","",0,0,"N",0,"N",0,"N",0,2,0,0,"","","","","F","F","F","F","F","F","F","F","F","dickl101","","","F","F","F","F","F","","","","",0,0,0,0,0,0,0,0,0,39,"NY1","NY1","BRO",1,"F","F",7,0,2,22,4,"T","F",1,2,"T","T","jackt101","grohh101","F","F",8,3,37,0,0,0,0,0,0,"taylz101","","",0,0,0,0,0,0,0,0,0,0,0,0,0,"","F","F","F","F",0,5,0,0,1,0,0,0,0,0,F,F,"1924NY1.EVN.regular.event.csv",732
"NY1192406031","BRO",4,1,1,0,0,"",0,7,"kellg101","?","kellg101","?","dickl101","?","dickl101","?","taylz101","fourj101","higha101","stocm101","johnj107","wheaz101","bailg101","grift102","","soutb101","","W","F","F",3,5,14,"T","F",0,"F","F",0,"F","F",0,"F","F",0,"","F","F","",0,0,"N",0,"N",0,"N",1,0,2,0,"","","","","F","F","F","F","F","F","F","F","F","","dickl101","","F","F","F","F","F","","","","",0,0,0,0,0,0,0,0,0,40,"NY1","NY1","BRO",1,"F","F",7,0,2,22,4,"F","F",2,3,"T","T","jackt101","grohh101","F","F",0,0,0,8,3,37,0,0,0,"","taylz101","",0,0,0,0,0,0,0,0,0,0,0,0,0,"","F","F","F","F",0,0,5,0,1,0,0,0,0,0,F,F,"1924NY1.EVN.regular.event.csv",733
"NY1192406031","BRO",4,1,1,0,0,"",0,7,"jackt101","?","jackt101","?","dickl101","?","dickl101","?","taylz101","fourj101","higha101","stocm101","johnj107","wheaz101","bailg101","grift102","kellg101","soutb101","","8/F","F","F",6,6,2,"T","T",0,"F","F",1,"F","F",0,"F","F",8,"F","F","F","",0,0,"N",0,"N",0,"N",0,1,2,0,"8","","","","F","F","F","F","F","F","F","F","F","dickl101","dickl101","","F","F","F","F","F","","","","",0,8,0,0,0,0,0,0,0,41,"NY1","NY1","BRO",1,"F","F",7,0,2,23,5,"T","F",3,3,"T","T","grohh101","snydf101","F","F",3,5,40,8,3,37,0,0,0,"taylz101","taylz101","",0,0,0,0,0,0,0,0,0,0,0,0,0,"bailg101","F","F","F","F",0,0,5,0,1,0,0,0,0,0,F,F,"1924NY1.EVN.regular.event.csv",734
"NY1192406031","BRO",4,1,2,0,0,"",0,7,"grohh101","?","grohh101","?","dickl101","?","dickl101","?","taylz101","fourj101","higha101","stocm101","johnj107","wheaz101","bailg101","grift102","kellg101","soutb101","","S9.2-H(UR);1-3","F","F",5,7,20,"T","T",1,"F","F",0,"F","F",1,"F","F",9,"","F","F","",0,0,"N",0,"N",0,"N",1,3,5,0,"","","","","F","F","F","F","F","F","F","F","F","dickl101","dickl101","","F","F","F","F","F","","","","",0,0,0,0,0,0,0,0,0,42,"NY1","NY1","BRO",1,"F","F",7,0,2,24,6,"T","F",3,5,"T","T","snydf101","nehfa101","F","F",3,5,40,8,3,37,0,0,0,"taylz101","taylz101","",0,0,0,0,0,0,0,0,0,0,0,0,1,"grift102","F","F","F","F",0,0,5,0,0,0,0,0,0,0,F,F,"1924NY1.EVN.regular.event.csv",735
"NY1192406031","BRO",4,1,2,0,0,"",0,8,"snydf101","?","snydf101","?","dickl101","?","dickl101","?","taylz101","fourj101","higha101","stocm101","johnj107","wheaz101","bailg101","grift102","grohh101","","kellg101","OA.3XH(2525)","F","F",2,8,12,"F","F",0,"F","F",1,"F","F",0,"F","F",0,"","F","F","",0,0,"N",0,"N",0,"N",0,1,0,0,"","","","2525","F","F","F","F","F","F","F","F","F","dickl101","","dickl101","F","F","F","F","F","","","","",0,5,0,0,2,5,0,0,0,43,"NY1","NY1","BRO",1,"F","T",8,0,3,25,7,"T","T",5,1,"T","T","nehfa101","younr101","F","F",5,7,42,0,0,0,3,5,40,"taylz101","","taylz101",0,0,0,0,0,0,0,0,0,0,0,0,0,"","F","F","F","F",0,0,0,0,0,0,0,0,0,0,F,F,"1924NY1.EVN.regular.event.csv",736
"NY1192406031","BRO",5,0,0,0,0,"",0,8,"higha101","?","higha101","?","nehfa101","?","nehfa101","?","snydf101","kellg101","frisf101","grohh101","jackt101","meusi101","soutb101","younr101","","","","D7/G1","T","F",4,7,21,"T","T",2,"F","F",0,"F","F",0,"F","F",7,"G","F","F","1",0,0,"N",0,"N",0,"N",2,0,0,0,"","","","","F","F","F","F","F","F","F","F","F","","","","F","F","F","F","F","","","","",0,0,0,0,0,0,0,0,0,44,"NY1","BRO","NY1",0,"T","F",0,8,0,15,0,"T","F",0,2,"T","T","taylz101","dickl101","T","T",0,0,0,0,0,0,0,0,0,"","","",0,0,0,0,0,0,0,0,0,0,0,0,0,"meusi101","F","F","F","F",0,0,0,0,0,0,0,0,0,0,F,F,"1924NY1.EVN.regular.event.csv",737
"NY1192406031","BRO",5,0,0,0,0,"",0,8,"taylz101","?","taylz101","?","nehfa101","?","nehfa101","?","snydf101","kellg101","frisf101","grohh101","jackt101","meusi101","soutb101","younr101","","higha101","","8/F","F","F",2,8,2,"T","T",0,"F","F",1,"F","F",0,"F","F",8,"F","F","F","",0,0,"N",0,"N",0,"N",0,0,2,0,"8","","","","F","F","F","F","F","F","F","F","F","","nehfa101","","F","F","F","F","F","","","","",0,8,0,0,0,0,0,0,0,45,"NY1","BRO","NY1",0,"F","F",0,8,0,16,1,"T","F",2,2,"T","T","dickl101","grift102","T","T",0,0,0,4,7,44,0,0,0,"","snydf101","",0,0,0,0,0,0,0,0,0,0,0,0,0,"soutb101","F","F","F","F",0,0,0,0,0,0,0,0,0,0,F,F,"1924NY1.EVN.regular.event.csv",738
"NY1192406031","BRO",5,0,1,0,0,"",0,8,"dickl101","?","dickl101","?","nehfa101","?","nehfa101","?","snydf101","kellg101","frisf101","grohh101","jackt101","meusi101","soutb101","younr101","","higha101","","K/C","F","F",1,9,3,"T","T",0,"F","F",1,"F","F",0,"F","F",0,"","F","F","",0,0,"N",0,"N",0,"N",0,0,2,0,"2","","","","F","F","F","F","F","F","F","F","F","","nehfa101","","F","F","F","F","F","","","","",0,2,0,0,0,0,0,0,0,46,"NY1","BRO","NY1",0,"F","F",0,8,0,17,2,"T","F",2,2,"F","F","grift102","johnj107","T","T",0,0,0,4,7,44,0,0,0,"","snydf101","",0,0,0,0,0,0,0,0,0,0,0,0,0,"","F","F","F","F",0,0,0,0,0,0,0,0,0,0,F,F,"1924NY1.EVN.regular.event.csv",739
"NY1192406031","BRO",5,0,2,0,0,"",0,8,"grift102","?","grift102","?","nehfa101","?","nehfa101","?","snydf101","kellg101","frisf101","grohh101","jackt101","meusi101","soutb101","younr101","","higha101","","3/G","F","F",9,1,2,"T","T",0,"F","F",1,"F","F",0,"F","F",3,"G","F","F","",0,0,"N",0,"N",0,"N",0,0,2,0,"3","","","","F","F","F","F","F","F","F","F","F","","nehfa101","","F","F","F","F","F","","","","",0,3,0,0,0,0,0,0,0,47,"NY1","BRO","NY1",0,"F","T",0,8,0,18,3,"T","F",2,2,"F","F","johnj107","wheaz101","T","T",0,0,0,4,7,44,0,0,0,"","snydf101","",0,0,0,0,0,0,0,0,0,0,0,0,0,"kellg101","F","F","F","F",0,0,0,0,0,0,0,0,0,0,F,F,"1924NY1.EVN.regular.event.csv",740
"NY1192406031","BRO",5,1,0,0,0,"",0,8,"snydf101","?","snydf101","?","dickl101","?","dickl101","?","taylz101","fourj101","higha101","stocm101","johnj107","wheaz101","bailg101","grift102","","","","8/F","T","F",2,8,2,"T","T",0,"F","F",1,"F","F",0,"F","F",8,"F","F","F","",0,0,"N",0,"N",0,"N",0,0,0,0,"8","","","","F","F","F","F","F","F","F","F","F","","","","F","F","F","F","F","","","","",0,8,0,0,0,0,0,0,0,48,"NY1","NY1","BRO",1,"T","F",8,0,0,25,0,"T","F",0,0,"T","T","nehfa101","younr101","F","F",0,0,0,0,0,0,0,0,0,"","","",0,0,0,0,0,0,0,0,0,0,0,0,0,"bailg101","F","F","F","F",0,0,0,0,0,0,0,0,0,0,F,F,"1924NY1.EVN.regular.event.csv",741
"NY1192406031","BRO",5,1,1,0,0,"",0,8,"nehfa101","?","nehfa101","?","dickl101","?","dickl101","?","taylz101","fourj101","higha101","stocm101","johnj107","wheaz101","bailg101","grift102","","","","13","F","F",1,9,2,"T","T",0,"F","F",1,"F","F",0,"F","F",1,"G","F","F","",0,0,"N",0,"N",0,"N",0,0,0,0,"13","","","","F","F","F","F","F","F","F","F","F","","","","F","F","F","F","F","","","","",0,3,0,0,1,0,0,0,0,49,"NY1","NY1","BRO",1,"F","F",8,0,0,26,1,"T","F",0,0,"T","T","younr101","frisf101","F","F",0,0,0,0,0,0,0,0,0,"","","",0,0,0,0,0,0,0,0,0,0,0,0,0,"dickl101","F","F","F","F",0,0,0,0,0,0,0,0,0,0,F,F,"1924NY1.EVN.regular.event.csv",742
"NY1192406031","BRO",5,1,2,0,0,"",0,8,"younr101","?","younr101","?","dickl101","?","dickl101","?","taylz101","fourj101","higha101","stocm101","johnj107","wheaz101","bailg101","grift102","","","","7/F","F","F",9,1,2,"T","T",0,"F","F",1,"F","F",0,"F","F",7,"F","F","F","",0,0,"N",0,"N",0,"N",0,0,0,0,"7","","","","F","F","F","F","F","F","F","F","F","","","","F","F","F","F","F","","","","",0,7,0,0,0,0,0,0,0,50,"NY1","NY1","BRO",1,"F","T",8,0,0,27,2,"T","F",0,0,"T","T","frisf101","soutb101","F","F",0,0,0,0,0,0,0,0,0,"","","",0,0,0,0,0,0,0,0,0,0,0,0,0,"wheaz101","F","F","F","F",0,0,0,0,0,0,0,0,0,0,F,F,"1924NY1.EVN.regular.event.csv",743
"NY1192406031","BRO",6,0,0,0,0,"",0,8,"johnj107","?","johnj107","?","nehfa101","?","nehfa101","?","snydf101","kellg101","frisf101","grohh101","jackt101","meusi101","soutb101","younr101","","","","S/G1","T","F",6,2,20,"T","T",1,"F","F",0,"F","F",0,"F","F",0,"G","F","F","1",0,0,"N",0,"N",0,"N",1,0,0,0,"","","","","F","F","F","F","F","F","F","F","F","","","","F","F","F","F","F","","","","",0,0,0,0,0,0,0,0,0,51,"NY1","BRO","NY1",0,"T","F",0,8,0,19,0,"T","F",0,1,"T","T","wheaz101","fourj101","T","T",0,0,0,0,0,0,0,0,0,"","","",0,0,0,0,0,0,0,0,0,0,0,0,0,"","F","F","F","F",4,0,0,0,2,0,0,0,0,0,F,F,"1924NY1.EVN.regular.event.csv",744
"NY1192406031","BRO",6,0,0,0,0,"",0,8,"wheaz101","?","wheaz101","?","nehfa101","?","nehfa101","?","snydf101","kellg101","frisf101","grohh101","jackt101","meusi101","soutb101","younr101","johnj107","","","4/P","F","F",7,3,2,"T","T",0,"F","F",1,"F","F",0,"F","F",4,"P","F","F","",0,0,"N",0,"N",0,"N",0,1,0,0,"4","","","","F","F","F","F","F","F","F","F","F","nehfa101","","","F","F","F","F","F","","","","",0,4,0,0,0,0,0,0,0,52,"NY1","BRO","NY1",0,"F","F",0,8,0,20,1,"T","F",1,1,"T","T","fourj101","stocm101","T","T",6,2,51,0,0,0,0,0,0,"snydf101","","",0,0,0,0,0,0,0,0,0,0,0,0,0,"frisf101","F","F","F","F",0,4,0,0,2,0,0,0,0,0,F,F,"1924NY1.EVN.regular.event.csv",745
"NY1192406031","BRO",6,0,1,0,0,"",0,8,"fourj101","?","fourj101","?","nehfa101","?","nehfa101","?","snydf101","kellg101","frisf101","grohh101","jackt101","meusi101","soutb101","younr101","johnj107","","","HR/F9D.1-H","F","F",3,4,23,"T","T",4,"F","F",0,"F","F",2,"F","F",0,"F","F","F","9D",0,0,"N",0,"N",0,"N",4,4,0,0,"","","","","F","F","F","F","F","F","F","F","F","nehfa101","","","F","F","F","F","F","","","","",0,0,0,0,0,0,0,0,0,53,"NY1","BRO","NY1",0,"F","F",0,8,0,21,2,"T","F",1,0,"T","T","stocm101","bailg101","T","T",6,2,51,0,0,0,0,0,0,"snydf101","","",0,0,0,0,0,0,0,0,0,0,0,0,2,"","F","F","F","F",4,4,0,0,0,0,0,0,0,0,F,F,"1924NY1.EVN.regular.event.csv",746
"NY1192406031","BRO",6,0,1,0,0,"",2,8,"stocm101","?","stocm101","?","nehfa101","?","nehfa101","?","snydf101","kellg101","frisf101","grohh101","jackt101","meusi101","soutb101","younr101","","","","S","F","F",5,5,20,"T","T",1,"F","F",0,"F","F",0,"F","F",0,"","F","F","",0,0,"N",0,"N",0,"N",1,0,0,0,"","","","","F","F","F","F","F","F","F","F","F","","","","F","F","F","F","F","","","","",0,0,0,0,0,0,0,0,0,54,"NY1","BRO","NY1",0,"F","F",2,8,2,22,3,"T","F",0,1,"T","T","bailg101","higha101","T","T",0,0,0,0,0,0,0,0,0,"","","",0,0,0,0,0,0,0,0,0,0,0,0,0,"","F","F","F","F",0,0,0,0,0,0,0,0,0,0,F,F,"1924NY1.EVN.regular.event.csv",747
"NY1192406031","BRO",6,0,1,0,0,"",2,8,"bailg101","?","bailg101","?","nehfa101","?","nehfa101","?","snydf101","kellg101","frisf101","grohh101","jackt101","meusi101","soutb101","younr101","stocm101","","","S.1-2","F","F",8,6,20,"T","T",1,"F","F",0,"F","F",0,"F","F",0,"","F","F","",0,0,"N",0,"N",0,"N",1,2,0,0,"","","","","F","F","F","F","F","F","F","F","F","nehfa101","","","F","F","F","F","F","","","","",0,0,0,0,0,0,0,0,0,55,"NY1","BRO","NY1",0,"F","F",2,8,2,23,4,"T","F",1,3,"T","T","higha101","taylz101","T","T",5,5,54,0,0,0,0,0,0,"snydf101","","",0,0,0,0,0,0,0,0,0,0,0,0,0,"","F","F","F","F",0,0,0,0,0,0,0,0,0,0,F,F,"1924NY1.EVN.regular.event.csv",748
"NY1192406031","BRO",6,0,1,0,0,"",2,8,"higha101","?","higha101","?","nehfa101","?","nehfa101","?","snydf101","kellg101","frisf101","grohh101","jackt101","meusi101","soutb101","younr101","bailg101","stocm101","","46(1)/FO.2-3","F","F",4,7,2,"T","T",0,"F","F",1,"F","F",0,"F","F",4,"G","F","F","",0,0,"N",0,"N",0,"N",1,0,3,0,"","46","","","F","F","F","F","F","F","F","F","F","nehfa101","nehfa101","","F","F","F","F","F","","","","",0,6,0,0,4,0,0,0,0,56,"NY1","BRO","NY1",0,"F","F",2,8,2,24,5,"T","F",3,5,"T","T","taylz101","dickl101","T","T",8,6,55,5,5,54,0,0,0,"snydf101","snydf101","",0,0,0,0,0,0,0,0,0,0,0,0,0,"frisf101","T","F","F","F",0,0,0,0,0,0,0,0,0,0,F,F,"1924NY1.EVN.regular.event.csv",749
"NY1192406031","BRO",6,0,2,0,0,"",2,8,"taylz101","?","taylz101","?","nehfa101","?","nehfa101","?","snydf101","kellg101","frisf101","grohh101","jackt101","meusi101","soutb101","younr101","higha101","","stocm101","13","F","F",2,8,2,"T","T",0,"F","F",1,"F","F",0,"F","F",1,"G","F","F","",0,0,"N",0,"N",0,"N",0,1,0,3,"13","","","","F","F","F","F","F","F","F","F","F","nehfa101","","nehfa101","F","F","F","F","F","","","","",0,3,0,0,1,0,0,0,0,57,"NY1","BRO","NY1",0,"F","T",2,8,2,25,6,"T","F",5,5,"T","T","dickl101","grift102","T","T",4,7,56,0,0,0,5,5,54,"snydf101","","snydf101",0,0,0,0,0,0,0,0,0,0,0,0,0,"nehfa101","F","F","F","F",0,0,0,0,0,0,0,0,0,0,F,F,"1924NY1.EVN.regular.event.csv",750
"NY1192406031","BRO",6,1,0,0,0,"",2,8,"frisf101","?","frisf101","?","dickl101","?","dickl101","?","taylz101","fourj101","higha101","stocm101","johnj107","wheaz101","bailg101","grift102","","","","7/F","T","F",4,2,2,"T","T",0,"F","F",1,"F","F",0,"F","F",7,"F","F","F","",0,0,"N",0,"N",0,"N",0,0,0,0,"7","","","","F","F","F","F","F","F","F","F","F","","","","F","F","F","F","F","","","","",0,7,0,0,0,0,0,0,0,58,"NY1","NY1","BRO",1,"T","F",8,2,0,28,0,"T","F",0,0,"T","T","soutb101","meusi101","F","F",0,0,0,0,0,0,0,0,0,"","","",0,0,0,0,0,0,0,0,0,0,0,0,0,"wheaz101","F","F","F","F",0,0,0,0,0,0,0,0,0,0,F,F,"1924NY1.EVN.regular.event.csv",751
"NY1192406031","BRO",6,1,1,0,0,"",2,8,"soutb101","?","soutb101","?","dickl101","?","dickl101","?","taylz101","fourj101","higha101","stocm101","johnj107","wheaz101","bailg101","grift102","","","","3/G","F","F",8,3,2,"T","T",0,"F","F",1,"F","F",0,"F","F",3,"G","F","F","",0,0,"N",0,"N",0,"N",0,0,0,0,"3","","","","F","F","F","F","F","F","F","F","F","","","","F","F","F","F","F","","","","",0,3,0,0,0,0,0,0,0,59,"NY1","NY1","BRO",1,"F","F",8,2,0,29,1,"T","F",0,0,"F","F","meusi101","kellg101","F","F",0,0,0,0,0,0,0,0,0,"","","",0,0,0,0,0,0,0,0,0,0,0,0,0,"fourj101","F","F","F","F",0,0,0,0,0,0,0,0,0,0,F,F,"1924NY1.EVN.regular.event.csv",752
"NY1192406031","BRO",6,1,2,0,0,"",2,8,"meusi101","?","meusi101","?","dickl101","?","dickl101","?","taylz101","fourj101","higha101","stocm101","johnj107","wheaz101","bailg101","grift102","","","","W","F","F",7,4,14,"T","F",0,"F","F",0,"F","F",0,"F","F",0,"","F","F","",0,0,"N",0,"N",0,"N",1,0,0,0,"","","","","F","F","F","F","F","F","F","F","F","","","","F","F","F","F","F","","","","",0,0,0,0,0,0,0,0,0,60,"NY1","NY1","BRO",1,"F","F",8,2,0,30,2,"T","F",0,1,"T","T","kellg101","jackt101","F","F",0,0,0,0,0,0,0,0,0,"","","",0,0,0,0,0,0,0,0,0,0,0,0,0,"","F","F","F","F",0,0,0,0,0,0,0,0,0,0,F,F,"1924NY1.EVN.regular.event.csv",753
"NY1192406031","BRO",6,1,2,0,0,"",2,8,"kellg101","?","kellg101","?","dickl101","?","dickl101","?","taylz101","fourj101","higha101","stocm101","johnj107","wheaz101","bailg101","grift102","meusi101","","","43","F","F",3,5,2,"T","T",0,"F","F",1,"F","F",0,"F","F",4,"G","F","F","",0,0,"N",0,"N",0,"N",0,1,0,0,"43","","","","F","F","F","F","F","F","F","F","F","dickl101","","","F","F","F","F","F","","","","",0,3,0,0,4,0,0,0,0,61,"NY1","NY1","BRO",1,"F","T",8,2,0,31,3,"T","F",1,1,"T","T","jackt101","grohh101","F","F",7,4,60,0,0,0,0,0,0,"taylz101","","",0,0,0,0,0,0,0,0,0,0,0,0,0,"higha101","F","F","F","F",0,0,0,0,0,0,0,0,0,0,F,F,"1924NY1.EVN.regular.event.csv",754
"NY1192406031","BRO",7,0,0,0,0,"",2,8,"dickl101","?","dickl101","?","nehfa101","?","nehfa101","?","snydf101","kellg101","frisf101","grohh101","jackt101","meusi101","soutb101","younr101","","","","K/C","T","F",1,9,3,"T","T",0,"F","F",1,"F","F",0,"F","F",0,"","F","F","",0,0,"N",0,"N",0,"N",0,0,0,0,"2","","","","F","F","F","F","F","F","F","F","F","","","","F","F","F","F","F","","","","",0,2,0,0,0,0,0,0,0,62,"NY1","BRO","NY1",0,"T","F",2,8,0,26,0,"T","F",0,0,"F","F","grift102","johnj107","T","T",0,0,0,0,0,0,0,0,0,"","","",0,0,0,0,0,0,0,0,0,0,0,0,0,"","F","F","F","F",0,0,0,0,0,0,0,0,0,0,F,F,"1924NY1.EVN.regular.event.csv",755
"NY1192406031","BRO",7,0,1,0,0,"",2,8,"grift102","?","grift102","?","nehfa101","?","nehfa101","?","snydf101","kellg101","frisf101","grohh101","jackt101","meusi101","soutb101","younr101","","","","E4/G","F","F",9,1,18,"T","T",0,"F","F",0,"F","F",0,"F","F",4,"G","F","F","",1,4,"F",0,"N",0,"N",1,0,0,0,"","","","","F","F","F","F","F","F","F","F","F","","","","F","F","F","F","F","","","","",0,0,0,0,0,0,0,0,0,63,"NY1","BRO","NY1",0,"F","F",2,8,0,27,1,"T","F",0,1,"F","F","johnj107","wheaz101","T","T",0,0,0,0,0,0,0,0,0,"","","",0,0,0,0,0,0,0,0,0,0,0,0,0,"frisf101","F","F","F","T",0,0,0,0,0,0,0,0,0,0,F,F,"1924NY1.EVN.regular.event.csv",756
"NY1192406031","BRO",7,0,1,0,0,"",2,8,"johnj107","?","johnj107","?","nehfa101","?","nehfa101","?","snydf101","kellg101","frisf101","grohh101","jackt101","meusi101","soutb101","younr101","grift102","","","64(1)/FO","F","F",6,2,2,"T","T",0,"F","F",1,"F","F",0,"F","F",6,"G","F","F","",0,0,"N",0,"N",0,"N",1,0,0,0,"","64","","","F","F","F","F","F","F","F","F","F","nehfa101","","","F","F","F","F","F","","","","",0,4,0,0,6,0,0,0,0,64,"NY1","BRO","NY1",0,"F","F",2,8,0,28,2,"T","F",1,1,"T","T","wheaz101","fourj101","T","T",9,1,63,0,0,0,0,0,0,"snydf101","","",0,0,0,0,0,0,0,0,0,0,0,0,0,"jackt101","T","F","F","F",0,0,0,0,0,0,0,0,0,0,F,F,"1924NY1.EVN.regular.event.csv",757
"NY1192406031","BRO",7,0,2,0,0,"",2,8,"wheaz101","?","wheaz101","?","nehfa101","?","nehfa101","?","snydf101","kellg101","frisf101","grohh101","jackt101","meusi101","soutb101","younr101","johnj107","","","43","F","F",7,3,2,"T","T",0,"F","F",1,"F","F",0,"F","F",4,"G","F","F","",0,0,"N",0,"N",0,"N",0,1,0,0,"43","","","","F","F","F","F","F","F","F","F","F","nehfa101","","","F","F","F","F","F","","","","",0,3,0,0,4,0,0,0,0,65,"NY1","BRO","NY1",0,"F","T",2,8,0,29,3,"T","F",1,1,"T","T","fourj101","stocm101","T","T",6,2,64,0,0,0,0,0,0,"snydf101","","",0,0,0,0,0,0,0,0,0,0,0,0,0,"frisf101","F","F","F","F",0,0,0,0,0,0,0,0,0,0,F,F,"1924NY1.EVN.regular.event.csv",758
"NY1192406031","BRO",7,1,0,0,0,"",2,8,"jackt101","?","jackt101","?","dickl101","?","dickl101","?","taylz101","fourj101","higha101","stocm101","johnj107","wheaz101","bailg101","grift102","","","","D8","T","F",6,6,21,"T","T",2,"F","F",0,"F","F",0,"F","F",8,"","F","F","",0,0,"N",0,"N",0,"N",2,0,0,0,"","","","","F","F","F","F","F","F","F","F","F","","","","F","F","F","F","F","","","","",0,0,0,0,0,0,0,0,0,66,"NY1","NY1","BRO",1,"T","F",8,2,0,32,0,"T","F",0,2,"T","T","grohh101","snydf101","F","F",0,0,0,0,0,0,0,0,0,"","","",0,0,0,0,0,0,0,0,0,0,0,0,0,"bailg101","F","F","F","F",4,0,0,0,1,0,0,0,0,0,F,F,"1924NY1.EVN.regular.event.csv",759
"NY1192406031","BRO",7,1,0,0,0,"",2,8,"grohh101","?","grohh101","?","dickl101","?","dickl101","?","taylz101","fourj101","higha101","stocm101","johnj107","wheaz101","bailg101","grift102","","lindf101","","23/SH.2-3","F","F",5,7,2,"T","F",0,"T","F",1,"F","F",0,"F","F",2,"G","T","F","",0,0,"N",0,"N",0,"N",0,0,3,0,"23","","","","F","F","F","F","F","F","F","F","F","","dickl101","","F","F","F","T","F","","jackt101","","",0,3,0,0,2,0,0,0,0,67,"NY1","NY1","BRO",1,"F","F",8,2,0,33,1,"T","F",2,4,"T","T","snydf101","nehfa101","F","F",0,0,0,0,6,66,0,0,0,"","taylz101","",0,0,0,0,0,0,0,0,0,0,0,0,0,"taylz101","F","F","F","F",0,0,4,0,1,0,0,0,0,0,F,F,"1924NY1.EVN.regular.event.csv",760
"NY1192406031","BRO",7,1,1,0,0,"",2,8,"snydf101","?","snydf101","?","dickl101","?","dickl101","?","taylz101","fourj101","higha101","stocm101","johnj107","wheaz101","bailg101","grift102","","","lindf101","S.3-H","F","F",2,8,20,"T","T",1,"F","F",0,"F","F",1,"F","F",0,"","F","F","",0,0,"N",0,"N",0,"N",1,0,0,4,"","","","","F","F","F","F","F","F","F","F","F","","","dickl101","F","F","F","F","F","","","","",0,0,0,0,0,0,0,0,0,68,"NY1","NY1","BRO",1,"F","F",8,2,0,34,2,"T","F",4,1,"T","T","nehfa101","younr101","F","F",0,0,0,0,0,0,0,6,66,"","","taylz101",0,0,0,0,0,0,0,0,0,0,0,0,1,"","F","F","F","F",0,0,0,4,0,0,0,0,0,0,F,F,"1924NY1.EVN.regular.event.csv",761
"NY1192406031","BRO",7,1,1,0,0,"",2,9,"nehfa101","?","nehfa101","?","dickl101","?","dickl101","?","taylz101","fourj101","higha101","stocm101","johnj107","wheaz101","bailg101","grift102","snydf101","","","46(1)/FO","F","F",1,9,2,"T","T",0,"F","F",1,"F","F",0,"F","F",4,"G","F","F","",0,0,"N",0,"N",0,"N",1,0,0,0,"","46","","","F","F","F","F","F","F","F","F","F","dickl101","","","F","F","F","F","F","","","","",0,6,0,0,4,0,0,0,0,69,"NY1","NY1","BRO",1,"F","F",9,2,1,35,3,"T","F",1,1,"T","T","younr101","frisf101","F","F",2,8,68,0,0,0,0,0,0,"taylz101","","",0,0,0,0,0,0,0,0,0,0,0,0,0,"higha101","T","F","F","F",0,0,0,0,0,0,0,0,0,0,F,F,"1924NY1.EVN.regular.event.csv",762
"NY1192406031","BRO",7,1,2,0,0,"",2,9,"younr101","?","younr101","?","dickl101","?","dickl101","?","taylz101","fourj101","higha101","stocm101","johnj107","wheaz101","bailg101","grift102","nehfa101","","","46(1)/FO","F","F",9,1,2,"T","T",0,"F","F",1,"F","F",0,"F","F",4,"G","F","F","",0,0,"N",0,"N",0,"N",1,0,0,0,"","46","","","F","F","F","F","F","F","F","F","F","dickl101","","","F","F","F","F","F","","","","",0,6,0,0,4,0,0,0,0,70,"NY1","NY1","BRO",1,"F","T",9,2,1,36,4,"T","F",1,1,"T","T","frisf101","soutb101","F","F",1,9,69,0,0,0,0,0,0,"taylz101","","",0,0,0,0,0,0,0,0,0,0,0,0,0,"higha101","T","F","F","F",1,0,0,0,0,0,0,0,0,0,F,F,"1924NY1.EVN.regular.event.csv",763
"NY1192406031","BRO",8,0,0,0,0,"",2,9,"fourj101","?","fourj101","?","nehfa101","?","nehfa101","?","snydf101","kellg101","lindf101","grohh101","frisf101","meusi101","soutb101","younr101","","","","8/L","T","F",3,4,2,"T","T",0,"F","F",1,"F","F",0,"F","F",8,"L","F","F","",0,0,"N",0,"N",0,"N",0,0,0,0,"8","","","","F","F","F","F","F","F","F","F","F","","","","F","F","F","F","F","","","","",0,8,0,0,0,0,0,0,0,71,"NY1","BRO","NY1",0,"T","F",2,9,0,30,0,"T","F",0,0,"T","T","stocm101","bailg101","T","T",0,0,0,0,0,0,0,0,0,"","","",0,0,0,0,0,0,0,0,0,0,0,0,0,"soutb101","F","F","F","F",0,0,0,0,0,0,0,0,0,0,F,F,"1924NY1.EVN.regular.event.csv",764
"NY1192406031","BRO",8,0,1,0,0,"",2,9,"stocm101","?","stocm101","?","nehfa101","?","nehfa101","?","snydf101","kellg101","lindf101","grohh101","frisf101","meusi101","soutb101","younr101","","","","S","F","F",5,5,20,"T","T",1,"F","F",0,"F","F",0,"F","F",0,"","F","F","",0,0,"N",0,"N",0,"N",1,0,0,0,"","","","","F","F","F","F","F","F","F","F","F","","","","F","F","F","F","F","","","","",0,0,0,0,0,0,0,0,0,72,"NY1","BRO","NY1",0,"F","F",2,9,0,31,1,"T","F",0,1,"T","T","bailg101","higha101","T","T",0,0,0,0,0,0,0,0,0,"","","",0,0,0,0,0,0,0,0,0,0,0,0,0,"","F","F","F","F",0,0,0,0,0,0,0,0,0,0,F,F,"1924NY1.EVN.regular.event.csv",765
"NY1192406031","BRO",8,0,1,0,0,"",2,9,"bailg101","?","bailg101","?","nehfa101","?","nehfa101","?","snydf101","kellg101","lindf101","grohh101","frisf101","meusi101","soutb101","younr101","stocm101","","","13.1-2","F","F",8,6,2,"T","T",0,"F","F",1,"F","F",0,"F","F",1,"G","F","F","",0,0,"N",0,"N",0,"N",0,2,0,0,"13","","","","F","F","F","F","F","F","F","F","F","nehfa101","","","F","F","F","F","F","","","","",0,3,0,0,1,0,0,0,0,73,"NY1","BRO","NY1",0,"F","F",2,9,0,32,2,"T","F",1,2,"T","T","higha101","taylz101","T","T",5,5,72,0,0,0,0,0,0,"snydf101","","",0,0,0,0,0,0,0,0,0,0,0,0,0,"nehfa101","F","F","F","F",0,0,0,0,0,0,0,0,0,0,F,F,"1924NY1.EVN.regular.event.csv",766
"NY1192406031","BRO",8,0,2,0,0,"",2,9,"higha101","?","higha101","?","nehfa101","?","nehfa101","?","snydf101","kellg101","lindf101","grohh101","frisf101","meusi101","soutb101","younr101","","stocm101","","S.2-3","F","F",4,7,20,"T","T",1,"F","F",0,"F","F",0,"F","F",0,"","F","F","",0,0,"N",0,"N",0,"N",1,0,3,0,"","","","","F","F","F","F","F","F","F","F","F","","nehfa101","","F","F","F","F","F","","","","",0,0,0,0,0,0,0,0,0,74,"NY1","BRO","NY1",0,"F","F",2,9,0,33,3,"T","F",2,5,"T","T","taylz101","dickl101","T","T",0,0,0,5,5,72,0,0,0,"","snydf101","",0,0,0,0,0,0,0,0,0,0,0,0,0,"","F","F","F","F",0,0,0,0,0,0,0,0,0,0,F,F,"1924NY1.EVN.regular.event.csv",767
"NY1192406031","BRO",8,0,2,0,0,"",2,9,"taylz101","?","taylz101","?","nehfa101","?","nehfa101","?","snydf101","kellg101","lindf101","grohh101","frisf101","meusi101","soutb101","younr101","higha101","","stocm101","341","F","F",2,8,2,"T","T",0,"F","F",1,"F","F",0,"F","F",3,"G","F","F","",0,0,"N",0,"N",0,"N",0,1,0,3,"341","","","","F","F","F","F","F","F","F","F","F","nehfa101","","nehfa101","F","F","F","F","F","","","","",0,1,0,0,3,4,0,0,0,75,"NY1","BRO","NY1",0,"F","T",2,9,0,34,4,"T","F",5,5,"T","T","dickl101","grift102","T","T",4,7,74,0,0,0,5,5,72,"snydf101","","snydf101",0,0,0,0,0,0,0,0,0,0,0,0,0,"kellg101","F","F","F","F",0,0,0,0,0,0,0,0,0,0,F,F,"1924NY1.EVN.regular.event.csv",768
"NY1192406031","BRO",8,1,0,0,0,"",2,9,"frisf101","?","frisf101","?","dickl101","?","dickl101","?","taylz101","fourj101","higha101","stocm101","johnj107","wheaz101","bailg101","grift102","","","","6/P","T","F",6,2,2,"T","T",0,"F","F",1,"F","F",0,"F","F",6,"P","F","F","",0,0,"N",0,"N",0,"N",0,0,0,0,"6","","","","F","F","F","F","F","F","F","F","F","","","","F","F","F","F","F","","","","",0,6,0,0,0,0,0,0,0,76,"NY1","NY1","BRO",1,"T","F",9,2,0,37,0,"T","F",0,0,"T","T","soutb101","meusi101","F","F",0,0,0,0,0,0,0,0,0,"","","",0,0,0,0,0,0,0,0,0,0,0,0,0,"johnj107","F","F","F","F",0,0,0,0,0,0,0,0,0,0,F,F,"1924NY1.EVN.regular.event.csv",769
"NY1192406031","BRO",8,1,1,0,0,"",2,9,"soutb101","?","soutb101","?","dickl101","?","dickl101","?","taylz101","fourj101","higha101","stocm101","johnj107","wheaz101","bailg101","grift102","","","","9/F","F","F",8,3,2,"T","T",0,"F","F",1,"F","F",0,"F","F",9,"F","F","F","",0,0,"N",0,"N",0,"N",0,0,0,0,"9","","","","F","F","F","F","F","F","F","F","F","","","","F","F","F","F","F","","","","",0,9,0,0,0,0,0,0,0,77,"NY1","NY1","BRO",1,"F","F",9,2,0,38,1,"T","F",0,0,"F","F","meusi101","kellg101","F","F",0,0,0,0,0,0,0,0,0,"","","",0,0,0,0,0,0,0,0,0,0,0,0,0,"grift102","F","F","F","F",0,0,0,0,0,0,0,0,0,0,F,F,"1924NY1.EVN.regular.event.csv",770
"NY1192406031","BRO",8,1,2,0,0,"",2,9,"meusi101","?","meusi101","?","dickl101","?","dickl101","?","taylz101","fourj101","higha101","stocm101","johnj107","wheaz101","bailg101","grift102","","","","13","F","F",7,4,2,"T","T",0,"F","F",1,"F","F",0,"F","F",1,"G","F","F","",0,0,"N",0,"N",0,"N",0,0,0,0,"13","","","","F","F","F","F","F","F","F","F","F","","","","F","F","F","F","F","","","","",0,3,0,0,1,0,0,0,0,78,"NY1","NY1","BRO",1,"F","T",9,2,0,39,2,"T","F",0,0,"T","T","kellg101","lindf101","F","F",0,0,0,0,0,0,0,0,0,"","","",0,0,0,0,0,0,0,0,0,0,0,0,0,"dickl101","F","F","F","F",0,0,0,0,0,0,0,0,0,0,F,F,"1924NY1.EVN.regular.event.csv",771
"NY1192406031","BRO",9,0,0,0,0,"",2,9,"debeh101","?","debeh101","?","nehfa101","?","nehfa101","?","snydf101","kellg101","lindf101","grohh101","frisf101","meusi101","soutb101","younr101","","","","7/F","T","T",11,9,2,"T","T",0,"F","F",1,"F","F",0,"F","F",7,"F","F","F","",0,0,"N",0,"N",0,"N",0,0,0,0,"7","","","","F","F","F","F","F","F","F","F","F","","","","F","F","F","F","F","","","","dickl101",1,7,0,0,0,0,0,0,0,79,"NY1","BRO","NY1",0,"T","F",2,9,0,35,0,"T","F",0,0,"F","F","grift102","johnj107","T","T",0,0,0,0,0,0,0,0,0,"","","",0,0,0,0,0,0,0,0,0,0,0,0,0,"meusi101","F","F","F","F",0,0,0,0,0,0,0,0,0,0,F,F,"1924NY1.EVN.regular.event.csv",772
"NY1192406031","BRO",9,0,1,0,0,"",2,9,"grift102","?","grift102","?","nehfa101","?","nehfa101","?","snydf101","kellg101","lindf101","grohh101","frisf101","meusi101","soutb101","younr101","","","","3/P","F","F",9,1,2,"T","T",0,"F","F",1,"F","F",0,"F","F",3,"P","F","F","",0,0,"N",0,"N",0,"N",0,0,0,0,"3","","","","F","F","F","F","F","F","F","F","F","","","","F","F","F","F","F","","","","",0,3,0,0,0,0,0,0,0,80,"NY1","BRO","NY1",0,"F","F",2,9,0,36,1,"T","F",0,0,"F","F","johnj107","wheaz101","T","T",0,0,0,0,0,0,0,0,0,"","","",0,0,0,0,0,0,0,0,0,0,0,0,0,"kellg101","F","F","F","F",0,0,0,0,0,0,0,0,0,0,F,F,"1924NY1.EVN.regular.event.csv",773
"NY1192406031","BRO",9,0,2,0,0,"",2,9,"johnj107","?","johnj107","?","nehfa101","?","nehfa101","?","snydf101","kellg101","lindf101","grohh101","frisf101","meusi101","soutb101","younr101","","","","S","F","F",6,2,20,"T","T",1,"F","F",0,"F","F",0,"F","F",0,"","F","F","",0,0,"N",0,"N",0,"N",1,0,0,0,"","","","","F","F","F","F","F","F","F","F","F","","","","F","F","F","F","F","","","","",0,0,0,0,0,0,0,0,0,81,"NY1","BRO","NY1",0,"F","F",2,9,0,37,2,"T","F",0,1,"T","T","wheaz101","fourj101","T","T",0,0,0,0,0,0,0,0,0,"","","",0,0,0,0,0,0,0,0,0,0,0,0,0,"","F","F","F","F",2,0,0,0,0,0,0,0,0,0,F,F,"1924NY1.EVN.regular.event.csv",774
"NY1192406031","BRO",9,0,2,0,0,"",2,9,"wheaz101","?","wheaz101","?","nehfa101","?","nehfa101","?","snydf101","kellg101","lindf101","grohh101","frisf101","meusi101","soutb101","younr101","johnj107","","","DI.1-2","F","F",7,3,5,"F","F",0,"F","F",0,"F","F",0,"F","F",0,"","F","F","",0,0,"N",0,"N",0,"N",0,2,0,0,"","","","","F","F","F","F","F","F","F","F","F","nehfa101","","","F","F","F","F","F","","","","",0,0,0,0,0,0,0,0,0,82,"NY1","BRO","NY1",0,"F","F",2,9,0,38,3,"T","F",1,2,"T","T","fourj101","stocm101","T","T",6,2,81,0,0,0,0,0,0,"snydf101","","",0,0,0,0,0,0,0,0,0,0,0,0,0,"","F","F","F","F",0,2,0,0,0,0,0,0,0,0,F,F,"1924NY1.EVN.regular.event.csv",775
"NY1192406031","BRO",9,0,2,0,0,"",2,9,"wheaz101","?","wheaz101","?","nehfa101","?","nehfa101","?","snydf101","kellg101","lindf101","grohh101","frisf101","meusi101","soutb101","younr101","","johnj107","","43","F","F",7,3,2,"T","T",0,"F","F",1,"F","F",0,"F","F",4,"G","F","F","",0,0,"N",0,"N",0,"N",0,0,2,0,"43","","","","F","F","F","F","F","F","F","F","F","","nehfa101","","F","T","F","F","F","","","","",0,3,0,0,4,0,0,0,0,83,"NY1","BRO","NY1",0,"F","T",2,9,0,38,3,"F","F",2,2,"T","T","fourj101","stocm101","T","T",0,0,0,6,2,81,0,0,0,"","snydf101","",0,0,0,0,0,0,0,0,0,0,0,0,0,"lindf101","F","F","F","F",0,0,2,0,0,0,0,0,0,0,F,F,"1924NY1.EVN.regular.event.csv",776
"NY1192406032","BRO",1,0,0,0,0,"",0,0,"bailg101","?","bailg101","?","bentj101","?","bentj101","?","snydf101","kellg101","frisf101","grohh101","jackt101","meusi101","wilsh102","younr101","","","","4/P","T","F",8,1,2,"T","T",0,"F","F",1,"F","F",0,"F","F",4,"P","F","F","",0,0,"N",0,"N",0,"N",0,0,0,0,"4","","","","F","F","F","F","F","F","F","F","F","","","","T","F","F","F","F","","","","",0,4,0,0,0,0,0,0,0,1,"NY1","BRO","NY1",0,"T","F",0,0,0,0,0,"T","F",0,0,"T","T","johnj107","wheaz101","T","T",0,0,0,0,0,0,0,0,0,"","","",0,0,0,0,0,0,0,0,0,0,0,0,0,"frisf101","F","F","F","F",0,0,0,0,0,0,0,0,0,0,F,F,"1924NY1.EVN.regular.event.csv",777
"NY1192406032","BRO",1,0,1,0,0,"",0,0,"johnj107","?","johnj107","?","bentj101","?","bentj101","?","snydf101","kellg101","frisf101","grohh101","jackt101","meusi101","wilsh102","younr101","","","","S","F","F",6,2,20,"T","T",1,"F","F",0,"F","F",0,"F","F",0,"","F","F","",0,0,"N",0,"N",0,"N",1,0,0,0,"","","","","F","F","F","F","F","F","F","F","F","","","","F","F","F","F","F","","","","",0,0,0,0,0,0,0,0,0,2,"NY1","BRO","NY1",0,"F","F",0,0,0,1,1,"T","F",0,1,"T","T","wheaz101","fourj101","T","T",0,0,0,0,0,0,0,0,0,"","","",0,0,0,0,0,0,0,0,0,0,0,0,0,"","F","F","F","F",0,0,0,0,0,0,0,0,0,0,F,F,"1924NY1.EVN.regular.event.csv",778
"NY1192406032","BRO",1,0,1,0,0,"",0,0,"wheaz101","?","wheaz101","?","bentj101","?","bentj101","?","snydf101","kellg101","frisf101","grohh101","jackt101","meusi101","wilsh102","younr101","johnj107","","","S.1-3;B-2(TH3)","F","F",7,3,20,"T","T",1,"F","F",0,"F","F",0,"F","F",0,"","F","F","",0,0,"N",0,"N",0,"N",2,3,0,0,"","","","","F","F","F","F","F","F","F","F","F","bentj101","","","F","F","F","F","F","","","","",0,0,0,0,0,0,0,0,0,3,"NY1","BRO","NY1",0,"F","F",0,0,0,2,2,"T","F",1,6,"T","T","fourj101","stocm101","T","T",6,2,2,0,0,0,0,0,0,"snydf101","","",0,0,0,0,0,0,0,0,0,0,0,0,0,"","F","F","F","F",0,0,0,0,0,0,0,0,0,0,F,F,"1924NY1.EVN.regular.event.csv",779
"NY1192406032","BRO",1,0,1,0,0,"",0,0,"fourj101","?","fourj101","?","bentj101","?","bentj101","?","snydf101","kellg101","frisf101","grohh101","jackt101","meusi101","wilsh102","younr101","","wheaz101","johnj107","W","F","F",3,4,14,"T","F",0,"F","F",0,"F","F",0,"F","F",0,"","F","F","",0,0,"N",0,"N",0,"N",1,0,2,3,"","","","","F","F","F","F","F","F","F","F","F","","bentj101","bentj101","F","F","F","F","F","","","","",0,0,0,0,0,0,0,0,0,4,"NY1","BRO","NY1",0,"F","F",0,0,0,3,3,"T","F",6,7,"T","T","stocm101","grift102","T","T",0,0,0,7,3,3,6,2,2,"","snydf101","snydf101",0,0,0,0,0,0,0,0,0,0,0,0,0,"","F","F","F","F",0,0,0,0,0,0,0,0,0,0,F,F,"1924NY1.EVN.regular.event.csv",780
"NY1192406032","BRO",1,0,1,0,0,"",0,0,"stocm101","?","stocm101","?","bentj101","?","bentj101","?","snydf101","kellg101","frisf101","grohh101","jackt101","meusi101","wilsh102","younr101","fourj101","wheaz101","johnj107","46(1)3/GDP","F","F",5,5,2,"T","T",0,"F","F",2,"T","F",0,"F","F",4,"G","F","F","",0,0,"N",0,"N",0,"N",0,0,2,3,"63","46","","","F","F","F","F","F","F","F","F","F","bentj101","bentj101","bentj101","F","F","F","F","F","","","","",0,6,3,0,4,6,0,0,0,5,"NY1","BRO","NY1",0,"F","T",0,0,0,4,4,"T","F",7,6,"T","T","grift102","higha101","T","T",3,4,4,7,3,3,6,2,2,"snydf101","snydf101","snydf101",0,0,0,0,0,0,0,0,0,0,0,0,0,"frisf101","T","F","F","F",0,0,0,0,0,0,0,0,0,0,F,F,"1924NY1.EVN.regular.event.csv",781
"NY1192406032","BRO",1,1,0,0,0,"",0,0,"younr101","?","younr101","?","green101","?","green101","?","debeh101","fourj101","higha101","stocm101","johnj107","wheaz101","bailg101","grift102","","","","S","T","F",9,1,20,"T","T",1,"F","F",0,"F","F",0,"F","F",0,"","F","F","",0,0,"N",0,"N",0,"N",1,0,0,0,"","","","","F","F","F","F","F","F","F","F","F","","","","F","F","F","F","F","","","","",0,0,0,0,0,0,0,0,0,6,"NY1","NY1","BRO",1,"T","F",0,0,0,0,0,"T","F",0,1,"T","T","frisf101","wilsh102","T","T",0,0,0,0,0,0,0,0,0,"","","",0,0,0,0,0,0,0,0,0,0,0,0,0,"","F","F","F","F",4,0,0,0,1,0,0,0,0,0,F,F,"1924NY1.EVN.regular.event.csv",782
"NY1192406032","BRO",1,1,0,0,0,"",0,0,"frisf101","?","frisf101","?","green101","?","green101","?","debeh101","fourj101","higha101","stocm101","johnj107","wheaz101","bailg101","grift102","younr101","","","S.1-2","F","F",4,2,20,"T","T",1,"F","F",0,"F","F",0,"F","F",0,"","F","F","",0,0,"N",0,"N",0,"N",1,2,0,0,"","","","","F","F","F","F","F","F","F","F","F","green101","","","F","F","F","F","F","","","","",0,0,0,0,0,0,0,0,0,7,"NY1","NY1","BRO",1,"F","F",0,0,0,1,1,"T","F",1,3,"T","T","wilsh102","meusi101","T","T",9,1,6,0,0,0,0,0,0,"debeh101","","",0,0,0,0,0,0,0,0,0,0,0,0,0,"","F","F","F","F",0,4,0,0,1,0,0,0,0,0,F,F,"1924NY1.EVN.regular.event.csv",783
"NY1192406032","BRO",1,1,0,0,0,"",0,0,"wilsh102","?","wilsh102","?","green101","?","green101","?","debeh101","fourj101","higha101","stocm101","johnj107","wheaz101","bailg101","grift102","frisf101","younr101","","S/G5.2-3;1-2","F","F",8,3,20,"T","T",1,"F","F",0,"F","F",0,"F","F",0,"G","F","F","5",0,0,"N",0,"N",0,"N",1,2,3,0,"","","","","F","F","F","F","F","F","F","F","F","green101","green101","","F","F","F","F","F","","","","",0,0,0,0,0,0,0,0,0,8,"NY1","NY1","BRO",1,"F","F",0,0,0,2,2,"T","F",3,7,"T","T","meusi101","kellg101","T","T",4,2,7,9,1,6,0,0,0,"debeh101","debeh101","",0,0,0,0,0,0,0,0,0,0,0,0,0,"","F","F","F","F",0,0,4,0,1,0,0,0,0,0,F,F,"1924NY1.EVN.regular.event.csv",784
"NY1192406032","BRO",1,1,0,0,0,"",0,0,"meusi101","?","meusi101","?","green101","?","green101","?","debeh101","fourj101","higha101","stocm101","johnj107","wheaz101","bailg101","grift102","wilsh102","frisf101","younr101","6/FL","F","F",7,4,2,"T","T",0,"F","F",1,"F","F",0,"F","F",6,"F","F","T","",0,0,"N",0,"N",0,"N",0,1,2,3,"6","","","","F","F","F","F","F","F","F","F","F","green101","green101","green101","F","F","F","F","F","","","","",0,6,0,0,0,0,0,0,0,9,"NY1","NY1","BRO",1,"F","F",0,0,0,3,3,"T","F",7,7,"T","T","kellg101","jackt101","T","T",8,3,8,4,2,7,9,1,6,"debeh101","debeh101","debeh101",0,0,0,0,0,0,0,0,0,0,0,0,0,"johnj107","F","F","F","F",0,0,0,4,1,0,0,0,0,0,F,F,"1924NY1.EVN.regular.event.csv",785
"NY1192406032","BRO",1,1,1,0,0,"",0,0,"kellg101","?","kellg101","?","green101","?","green101","?","debeh101","fourj101","higha101","stocm101","johnj107","wheaz101","bailg101","grift102","wilsh102","frisf101","younr101","63.3-H;2-3;1-2","F","F",3,5,2,"T","T",0,"F","F",1,"F","F",1,"F","F",6,"G","F","F","",0,0,"N",0,"N",0,"N",0,2,3,4,"63","","","","F","F","F","F","F","F","F","F","F","green101","green101","green101","F","F","F","F","F","","","","",0,3,0,0,6,0,0,0,0,10,"NY1","NY1","BRO",1,"F","F",0,0,0,4,4,"T","F",7,6,"T","T","jackt101","grohh101","T","T",8,3,8,4,2,7,9,1,6,"debeh101","debeh101","debeh101",0,0,0,0,0,0,0,0,0,0,0,0,1,"johnj107","F","F","F","F",0,0,0,4,0,0,0,0,0,0,F,F,"1924NY1.EVN.regular.event.csv",786
"NY1192406032","BRO",1,1,2,0,0,"",0,1,"jackt101","?","jackt101","?","green101","?","green101","?","debeh101","fourj101","higha101","stocm101","johnj107","wheaz101","bailg101","grift102","","wilsh102","frisf101","63","F","F",6,6,2,"T","T",0,"F","F",1,"F","F",0,"F","F",6,"G","F","F","",0,0,"N",0,"N",0,"N",0,0,2,3,"63","","","","F","F","F","F","F","F","F","F","F","","green101","green101","F","F","F","F","F","","","","",0,3,0,0,6,0,0,0,0,11,"NY1","NY1","BRO",1,"F","T",1,0,1,5,5,"T","F",6,6,"T","T","grohh101","snydf101","T","T",0,0,0,8,3,8,4,2,7,"","debeh101","debeh101",0,0,0,0,0,0,0,0,0,0,0,0,0,"johnj107","F","F","F","F",0,0,0,0,0,0,0,0,0,0,F,F,"1924NY1.EVN.regular.event.csv",787
"NY1192406032","BRO",2,0,0,0,0,"",0,1,"grift102","?","grift102","?","bentj101","?","bentj101","?","snydf101","kellg101","frisf101","grohh101","jackt101","meusi101","wilsh102","younr101","","","","S/G6","T","F",9,6,20,"T","T",1,"F","F",0,"F","F",0,"F","F",0,"G","F","F","6",0,0,"N",0,"N",0,"N",1,0,0,0,"","","","","F","F","F","F","F","F","F","F","F","","","","F","F","F","F","F","","","","",0,0,0,0,0,0,0,0,0,12,"NY1","BRO","NY1",0,"T","F",0,1,0,5,0,"T","F",0,1,"T","T","higha101","debeh101","T","T",0,0,0,0,0,0,0,0,0,"","","",0,0,0,0,0,0,0,0,0,0,0,0,0,"","F","F","F","F",0,0,0,0,0,0,0,0,0,0,F,F,"1924NY1.EVN.regular.event.csv",788
"NY1192406032","BRO",2,0,0,0,0,"",0,1,"higha101","?","higha101","?","bentj101","?","bentj101","?","snydf101","kellg101","frisf101","grohh101","jackt101","meusi101","wilsh102","younr101","grift102","","","9/L","F","F",4,7,2,"T","T",0,"F","F",1,"F","F",0,"F","F",9,"L","F","F","",0,0,"N",0,"N",0,"N",0,1,0,0,"9","","","","F","F","F","F","F","F","F","F","F","bentj101","","","F","F","F","F","F","","","","",0,9,0,0,0,0,0,0,0,13,"NY1","BRO","NY1",0,"F","F",0,1,0,6,1,"T","F",1,1,"T","T","debeh101","green101","T","T",9,6,12,0,0,0,0,0,0,"snydf101","","",0,0,0,0,0,0,0,0,0,0,0,0,0,"younr101","F","F","F","F",0,0,0,0,0,0,0,0,0,0,F,F,"1924NY1.EVN.regular.event.csv",789
"NY1192406032","BRO",2,0,1,0,0,"",0,1,"debeh101","?","debeh101","?","bentj101","?","bentj101","?","snydf101","kellg101","frisf101","grohh101","jackt101","meusi101","wilsh102","younr101","grift102","","","S.1-2","F","F",2,8,20,"T","T",1,"F","F",0,"F","F",0,"F","F",0,"","F","F","",0,0,"N",0,"N",0,"N",1,2,0,0,"","","","","F","F","F","F","F","F","F","F","F","bentj101","","","F","F","F","F","F","","","","",0,0,0,0,0,0,0,0,0,14,"NY1","BRO","NY1",0,"F","F",0,1,0,7,2,"T","F",1,3,"T","T","green101","bailg101","T","T",9,6,12,0,0,0,0,0,0,"snydf101","","",0,0,0,0,0,0,0,0,0,0,0,0,0,"","F","F","F","F",0,0,0,0,0,0,0,0,0,0,F,F,"1924NY1.EVN.regular.event.csv",790
"NY1192406032","BRO",2,0,1,0,0,"",0,1,"green101","?","green101","?","bentj101","?","bentj101","?","snydf101","kellg101","frisf101","grohh101","jackt101","meusi101","wilsh102","younr101","debeh101","grift102","","6(B)4(2)/LDP","F","F",1,9,2,"T","T",0,"F","F",2,"T","F",0,"F","F",6,"L","F","F","",0,0,"N",0,"N",0,"N",0,1,0,0,"6","","64","","F","F","F","F","F","F","F","F","F","bentj101","bentj101","","F","F","F","F","F","","","","",0,6,4,0,6,0,0,0,0,15,"NY1","BRO","NY1",0,"F","T",0,1,0,8,3,"T","F",3,1,"T","T","bailg101","johnj107","T","T",2,8,14,9,6,12,0,0,0,"snydf101","snydf101","",0,0,0,0,0,0,0,0,0,0,0,0,0,"jackt101","F","F","F","F",0,0,0,0,0,0,0,0,0,0,F,F,"1924NY1.EVN.regular.event.csv",791
"NY1192406032","BRO",2,1,0,0,0,"",0,1,"grohh101","?","grohh101","?","green101","?","green101","?","debeh101","fourj101","higha101","stocm101","johnj107","wheaz101","bailg101","grift102","","","","W","T","F",5,7,14,"T","F",0,"F","F",0,"F","F",0,"F","F",0,"","F","F","",0,0,"N",0,"N",0,"N",1,0,0,0,"","","","","F","F","F","F","F","F","F","F","F","","","","F","F","F","F","F","","","","",0,0,0,0,0,0,0,0,0,16,"NY1","NY1","BRO",1,"T","F",1,0,0,6,0,"T","F",0,1,"T","T","snydf101","bentj101","T","T",0,0,0,0,0,0,0,0,0,"","","",0,0,0,0,0,0,0,0,0,0,0,0,0,"","F","F","F","F",0,0,0,0,0,0,0,0,0,0,F,F,"1924NY1.EVN.regular.event.csv",792
"NY1192406032","BRO",2,1,0,0,0,"",0,1,"snydf101","?","snydf101","?","green101","?","green101","?","debeh101","fourj101","higha101","stocm101","johnj107","wheaz101","bailg101","grift102","grohh101","","","16(1)/FO","F","F",2,8,2,"T","T",0,"F","F",1,"F","F",0,"F","F",1,"G","F","F","",0,0,"N",0,"N",0,"N",1,0,0,0,"","16","","","F","F","F","F","F","F","F","F","F","green101","","","F","F","F","F","F","","","","",0,6,0,0,1,0,0,0,0,17,"NY1","NY1","BRO",1,"F","F",1,0,0,7,1,"T","F",1,1,"T","T","bentj101","younr101","T","T",5,7,16,0,0,0,0,0,0,"debeh101","","",0,0,0,0,0,0,0,0,0,0,0,0,0,"green101","T","F","F","F",0,0,0,0,0,0,0,0,0,0,F,F,"1924NY1.EVN.regular.event.csv",793
"NY1192406032","BRO",2,1,1,0,0,"",0,1,"bentj101","?","bentj101","?","green101","?","green101","?","debeh101","fourj101","higha101","stocm101","johnj107","wheaz101","bailg101","grift102","snydf101","","","4(1)/FO","F","F",1,9,2,"T","T",0,"F","F",1,"F","F",0,"F","F",4,"G","F","F","",0,0,"N",0,"N",0,"N",1,0,0,0,"","4","","","F","F","F","F","F","F","F","F","F","green101","","","F","F","F","F","F","","","","",0,4,0,0,0,0,0,0,0,18,"NY1","NY1","BRO",1,"F","F",1,0,0,8,2,"T","F",1,1,"T","T","younr101","frisf101","T","T",2,8,17,0,0,0,0,0,0,"debeh101","","",0,0,0,0,0,0,0,0,0,0,0,0,0,"higha101","T","F","F","F",0,0,0,0,0,0,0,0,0,0,F,F,"1924NY1.EVN.regular.event.csv",794
"NY1192406032","BRO",2,1,2,0,0,"",0,1,"younr101","?","younr101","?","green101","?","green101","?","debeh101","fourj101","higha101","stocm101","johnj107","wheaz101","bailg101","grift102","bentj101","","","W.1-2","F","F",9,1,14,"T","F",0,"F","F",0,"F","F",0,"F","F",0,"","F","F","",0,0,"N",0,"N",0,"N",1,2,0,0,"","","","","F","F","F","F","F","F","F","F","F","green101","","","F","F","F","F","F","","","","",0,0,0,0,0,0,0,0,0,19,"NY1","NY1","BRO",1,"F","F",1,0,0,9,3,"T","F",1,3,"T","T","frisf101","wilsh102","T","T",1,9,18,0,0,0,0,0,0,"debeh101","","",0,0,0,0,0,0,0,0,0,0,0,0,0,"","F","F","F","F",0,0,0,0,0,0,0,0,0,0,F,F,"1924NY1.EVN.regular.event.csv",795
"NY1192406032","BRO",2,1,2,0,0,"",0,1,"frisf101","?","frisf101","?","green101","?","green101","?","debeh101","fourj101","higha101","stocm101","johnj107","wheaz101","bailg101","grift102","younr101","bentj101","","63","F","F",4,2,2,"T","T",0,"F","F",1,"F","F",0,"F","F",6,"G","F","F","",0,0,"N",0,"N",0,"N",0,1,2,0,"63","","","","F","F","F","F","F","F","F","F","F","green101","green101","","F","F","F","F","F","","","","",0,3,0,0,6,0,0,0,0,20,"NY1","NY1","BRO",1,"F","T",1,0,0,10,4,"T","F",3,3,"T","T","wilsh102","meusi101","T","T",9,1,19,1,9,18,0,0,0,"debeh101","debeh101","",0,0,0,0,0,0,0,0,0,0,0,0,0,"johnj107","F","F","F","F",0,0,0,0,0,0,0,0,0,0,F,F,"1924NY1.EVN.regular.event.csv",796
"NY1192406032","BRO",3,0,0,0,0,"",0,1,"bailg101","?","bailg101","?","bentj101","?","bentj101","?","snydf101","kellg101","frisf101","grohh101","jackt101","meusi101","wilsh102","younr101","","","","K.B-1(E2)","T","F",8,1,3,"T","T",0,"F","F",0,"F","F",0,"F","F",0,"","F","F","",1,2,"F",0,"N",0,"N",1,0,0,0,"","","","","F","F","F","F","F","F","F","F","F","","","","F","F","F","F","F","","","","",0,0,0,0,0,0,0,0,0,21,"NY1","BRO","NY1",0,"T","F",0,1,0,9,0,"T","F",0,1,"T","T","johnj107","wheaz101","T","T",0,0,0,0,0,0,0,0,0,"","","",0,0,0,0,0,0,0,0,0,0,0,0,0,"","F","F","F","F",0,0,0,0,0,0,0,0,0,0,F,F,"1924NY1.EVN.regular.event.csv",797
"NY1192406032","BRO",3,0,0,0,0,"",0,1,"johnj107","?","johnj107","?","bentj101","?","bentj101","?","snydf101","kellg101","frisf101","grohh101","jackt101","meusi101","wilsh102","younr101","bailg101","","","PB.1-2","F","F",6,2,10,"F","F",0,"F","F",0,"F","F",0,"F","T",0,"","F","F","",0,0,"N",0,"N",0,"N",0,2,0,0,"","","","","F","F","F","F","F","F","F","F","F","bentj101","","","F","F","F","F","F","","","","",0,0,0,0,0,0,0,0,0,22,"NY1","BRO","NY1",0,"F","F",0,1,0,10,1,"T","F",1,2,"T","T","wheaz101","fourj101","T","T",8,1,21,0,0,0,0,0,0,"snydf101","","",0,0,0,0,0,0,0,0,0,0,0,0,0,"","F","F","F","F",0,0,0,0,0,0,0,0,0,0,F,F,"1924NY1.EVN.regular.event.csv",798
"NY1192406032","BRO",3,0,0,0,0,"",0,1,"johnj107","?","johnj107","?","bentj101","?","bentj101","?","snydf101","kellg101","frisf101","grohh101","jackt101","meusi101","wilsh102","younr101","","bailg101","","2/FL","F","F",6,2,2,"T","T",0,"F","F",1,"F","F",0,"F","F",2,"F","F","T","",0,0,"N",0,"N",0,"N",0,0,2,0,"2","","","","F","F","F","F","F","F","F","F","F","","bentj101","","F","F","F","F","F","","","","",0,2,0,0,0,0,0,0,0,23,"NY1","BRO","NY1",0,"F","F",0,1,0,10,1,"F","F",2,2,"T","T","wheaz101","fourj101","T","T",0,0,0,8,1,21,0,0,0,"","snydf101","",0,0,0,0,0,0,0,0,0,0,0,0,0,"snydf101","F","F","F","F",0,0,0,0,0,0,0,0,0,0,F,F,"1924NY1.EVN.regular.event.csv",799
"NY1192406032","BRO",3,0,1,0,0,"",0,1,"wheaz101","?","wheaz101","?","bentj101","?","bentj101","?","snydf101","kellg101","frisf101","grohh101","jackt101","meusi101","wilsh102","younr101","","bailg101","","4/P34D","F","F",7,3,2,"T","T",0,"F","F",1,"F","F",0,"F","F",4,"P","F","F","34D",0,0,"N",0,"N",0,"N",0,0,2,0,"4","","","","F","F","F","F","F","F","F","F","F","","bentj101","","F","F","F","F","F","","","","",0,4,0,0,0,0,0,0,0,24,"NY1","BRO","NY1",0,"F","F",0,1,0,11,2,"T","F",2,2,"T","T","fourj101","stocm101","T","T",0,0,0,8,1,21,0,0,0,"","snydf101","",0,0,0,0,0,0,0,0,0,0,0,0,0,"frisf101","F","F","F","F",0,0,0,0,0,0,0,0,0,0,F,F,"1924NY1.EVN.regular.event.csv",800
"NY1192406032","BRO",3,0,2,0,0,"",0,1,"fourj101","?","fourj101","?","bentj101","?","bentj101","?","snydf101","kellg101","frisf101","grohh101","jackt101","meusi101","wilsh102","younr101","","bailg101","","43","F","F",3,4,2,"T","T",0,"F","F",1,"F","F",0,"F","F",4,"G","F","F","",0,0,"N",0,"N",0,"N",0,0,2,0,"43","","","","F","F","F","F","F","F","F","F","F","","bentj101","","F","F","F","F","F","","","","",0,3,0,0,4,0,0,0,0,25,"NY1","BRO","NY1",0,"F","T",0,1,0,12,3,"T","F",2,2,"T","T","stocm101","grift102","T","T",0,0,0,8,1,21,0,0,0,"","snydf101","",0,0,0,0,0,0,0,0,0,0,0,0,0,"frisf101","F","F","F","F",0,0,0,0,0,0,0,0,0,0,F,F,"1924NY1.EVN.regular.event.csv",801
"NY1192406032","BRO",3,1,0,0,0,"",0,1,"wilsh102","?","wilsh102","?","green101","?","green101","?","debeh101","fourj101","higha101","stocm101","johnj107","wheaz101","bailg101","grift102","","","","7/F","T","F",8,3,2,"T","T",0,"F","F",1,"F","F",0,"F","F",7,"F","F","F","",0,0,"N",0,"N",0,"N",0,0,0,0,"7","","","","F","F","F","F","F","F","F","F","F","","","","F","F","F","F","F","","","","",0,7,0,0,0,0,0,0,0,26,"NY1","NY1","BRO",1,"T","F",1,0,0,11,0,"T","F",0,0,"T","T","meusi101","kellg101","T","T",0,0,0,0,0,0,0,0,0,"","","",0,0,0,0,0,0,0,0,0,0,0,0,0,"wheaz101","F","F","F","F",0,0,0,0,2,0,0,0,0,0,F,F,"1924NY1.EVN.regular.event.csv",802
"NY1192406032","BRO",3,1,1,0,0,"",0,1,"meusi101","?","meusi101","?","green101","?","green101","?","debeh101","fourj101","higha101","stocm101","johnj107","wheaz101","bailg101","grift102","","","","4/P","F","F",7,4,2,"T","T",0,"F","F",1,"F","F",0,"F","F",4,"P","F","F","",0,0,"N",0,"N",0,"N",0,0,0,0,"4","","","","F","F","F","F","F","F","F","F","F","","","","F","F","F","F","F","","","","",0,4,0,0,0,0,0,0,0,27,"NY1","NY1","BRO",1,"F","F",1,0,0,12,1,"T","F",0,0,"T","T","kellg101","jackt101","T","T",0,0,0,0,0,0,0,0,0,"","","",0,0,0,0,0,0,0,0,0,0,0,0,0,"higha101","F","F","F","F",0,0,0,0,2,0,0,0,0,0,F,F,"1924NY1.EVN.regular.event.csv",803
"NY1192406032","BRO",3,1,2,0,0,"",0,1,"kellg101","?","kellg101","?","green101","?","green101","?","debeh101","fourj101","higha101","stocm101","johnj107","wheaz101","bailg101","grift102","","","","D9","F","F",3,5,21,"T","T",2,"F","F",0,"F","F",0,"F","F",9,"","F","F","",0,0,"N",0,"N",0,"N",2,0,0,0,"","","","","F","F","F","F","F","F","F","F","F","","","","F","F","F","F","F","","","","",0,0,0,0,0,0,0,0,0,28,"NY1","NY1","BRO",1,"F","F",1,0,0,13,2,"T","F",0,2,"T","T","jackt101","grohh101","T","T",0,0,0,0,0,0,0,0,0,"","","",0,0,0,0,0,0,0,0,0,0,0,0,0,"grift102","F","F","F","F",4,0,0,0,2,0,0,0,0,0,F,F,"1924NY1.EVN.regular.event.csv",804
"NY1192406032","BRO",3,1,2,0,0,"",0,1,"jackt101","?","jackt101","?","green101","?","green101","?","debeh101","fourj101","higha101","stocm101","johnj107","wheaz101","bailg101","grift102","","kellg101","","HR/L7D.2-H","F","F",6,6,23,"T","T",4,"F","F",0,"F","F",2,"F","F",0,"L","F","F","7D",0,0,"N",0,"N",0,"N",4,0,4,0,"","","","","F","F","F","F","F","F","F","F","F","","green101","","F","F","F","F","F","","","","",0,0,0,0,0,0,0,0,0,29,"NY1","NY1","BRO",1,"F","F",1,0,0,14,3,"T","F",2,0,"T","T","grohh101","snydf101","T","T",0,0,0,3,5,28,0,0,0,"","debeh101","",0,0,0,0,0,0,0,0,0,0,0,0,2,"","F","F","F","F",4,0,4,0,0,0,0,0,0,0,F,F,"1924NY1.EVN.regular.event.csv",805
"NY1192406032","BRO",3,1,2,0,0,"",0,3,"grohh101","?","grohh101","?","green101","?","green101","?","debeh101","fourj101","higha101","stocm101","johnj107","wheaz101","bailg101","grift102","","","","D7/L7LDW.BX3(75)","F","F",5,7,21,"T","T",2,"F","F",1,"F","F",0,"F","F",7,"L","F","F","7LDW",0,0,"N",0,"N",0,"N",0,0,0,0,"75","","","","F","F","F","F","F","F","F","F","F","","","","F","F","F","F","F","","","","",0,5,0,0,7,0,0,0,0,30,"NY1","NY1","BRO",1,"F","T",3,0,2,15,4,"T","F",0,0,"T","T","snydf101","bentj101","T","T",0,0,0,0,0,0,0,0,0,"","","",0,0,0,0,0,0,0,0,0,0,0,0,0,"wheaz101","F","F","F","F",0,0,0,0,0,0,0,0,0,0,F,F,"1924NY1.EVN.regular.event.csv",806
"NY1192406032","BRO",4,0,0,0,0,"",0,3,"stocm101","?","stocm101","?","bentj101","?","bentj101","?","snydf101","kellg101","frisf101","grohh101","jackt101","meusi101","wilsh102","younr101","","","","W","T","F",5,5,14,"T","F",0,"F","F",0,"F","F",0,"F","F",0,"","F","F","",0,0,"N",0,"N",0,"N",1,0,0,0,"","","","","F","F","F","F","F","F","F","F","F","","","","F","F","F","F","F","","","","",0,0,0,0,0,0,0,0,0,31,"NY1","BRO","NY1",0,"T","F",0,3,0,13,0,"T","F",0,1,"T","T","grift102","higha101","T","T",0,0,0,0,0,0,0,0,0,"","","",0,0,0,0,0,0,0,0,0,0,0,0,0,"","F","F","F","F",2,0,0,0,0,0,0,0,0,0,F,F,"1924NY1.EVN.regular.event.csv",807
"NY1192406032","BRO",4,0,0,0,0,"",0,3,"grift102","?","grift102","?","bentj101","?","bentj101","?","snydf101","kellg101","frisf101","grohh101","jackt101","meusi101","wilsh102","younr101","stocm101","","","4/P#","F","F",9,6,2,"T","T",0,"F","F",1,"F","F",0,"F","F",4,"P","F","F","",0,0,"N",0,"N",0,"N",0,1,0,0,"4","","","","F","F","F","F","F","F","F","F","F","bentj101","","","F","F","F","F","F","","","","",0,4,0,0,0,0,0,0,0,32,"NY1","BRO","NY1",0,"F","F",0,3,0,14,1,"T","F",1,1,"T","T","higha101","debeh101","T","T",5,5,31,0,0,0,0,0,0,"snydf101","","",0,0,0,0,0,0,0,0,0,0,0,0,0,"frisf101","F","F","F","F",0,2,0,0,0,0,0,0,0,0,F,T,"1924NY1.EVN.regular.event.csv",808
"NY1192406032","BRO",4,0,1,0,0,"",0,3,"higha101","?","higha101","?","bentj101","?","bentj101","?","snydf101","kellg101","frisf101","grohh101","jackt101","meusi101","wilsh102","younr101","stocm101","","","9/F#","F","F",4,7,2,"T","T",0,"F","F",1,"F","F",0,"F","F",9,"F","F","F","",0,0,"N",0,"N",0,"N",0,1,0,0,"9","","","","F","F","F","F","F","F","F","F","F","bentj101","","","F","F","F","F","F","","","","",0,9,0,0,0,0,0,0,0,33,"NY1","BRO","NY1",0,"F","F",0,3,0,15,2,"T","F",1,1,"T","T","debeh101","green101","T","T",5,5,31,0,0,0,0,0,0,"snydf101","","",0,0,0,0,0,0,0,0,0,0,0,0,0,"younr101","F","F","F","F",0,2,0,0,0,0,0,0,0,0,F,T,"1924NY1.EVN.regular.event.csv",809
"NY1192406032","BRO",4,0,2,0,0,"",0,3,"debeh101","?","debeh101","?","bentj101","?","bentj101","?","snydf101","kellg101","frisf101","grohh101","jackt101","meusi101","wilsh102","younr101","stocm101","","","S.1-2","F","F",2,8,20,"T","T",1,"F","F",0,"F","F",0,"F","F",0,"","F","F","",0,0,"N",0,"N",0,"N",1,2,0,0,"","","","","F","F","F","F","F","F","F","F","F","bentj101","","","F","F","F","F","F","","","","",0,0,0,0,0,0,0,0,0,34,"NY1","BRO","NY1",0,"F","F",0,3,0,16,3,"T","F",1,3,"T","T","green101","bailg101","T","T",5,5,31,0,0,0,0,0,0,"snydf101","","",0,0,0,0,0,0,0,0,0,0,0,0,0,"","F","F","F","F",0,2,0,0,0,0,0,0,0,0,F,F,"1924NY1.EVN.regular.event.csv",810
"NY1192406032","BRO",4,0,2,0,0,"",0,3,"taylz101","?","taylz101","?","bentj101","?","bentj101","?","snydf101","kellg101","frisf101","grohh101","jackt101","meusi101","wilsh102","younr101","debeh101","stocm101","","54(1)/FO","F","T",11,9,2,"T","T",0,"F","F",1,"F","F",0,"F","F",5,"G","F","F","",0,0,"N",0,"N",0,"N",1,0,2,0,"","54","","","F","F","F","F","F","F","F","F","F","bentj101","bentj101","","F","F","F","F","F","","","","green101",1,4,0,0,5,0,0,0,0,35,"NY1","BRO","NY1",0,"F","T",0,3,0,17,4,"T","F",3,3,"F","F","bailg101","johnj107","T","T",2,8,34,5,5,31,0,0,0,"snydf101","snydf101","",0,0,0,0,0,0,0,0,0,0,0,0,0,"grohh101","T","F","F","F",1,0,2,0,0,0,0,0,0,0,F,F,"1924NY1.EVN.regular.event.csv",811
"NY1192406032","BRO",4,1,0,0,0,"",0,3,"snydf101","?","snydf101","?","osbot101","?","osbot101","?","debeh101","fourj101","higha101","stocm101","johnj107","wheaz101","bailg101","grift102","","","","43","T","F",2,8,2,"T","T",0,"F","F",1,"F","F",0,"F","F",4,"G","F","F","",0,0,"N",0,"N",0,"N",0,0,0,0,"43","","","","F","F","F","F","F","F","F","F","F","","","","F","F","F","F","F","","","","",0,3,0,0,4,0,0,0,0,36,"NY1","NY1","BRO",1,"T","F",3,0,0,16,0,"T","F",0,0,"T","T","bentj101","younr101","F","F",0,0,0,0,0,0,0,0,0,"","","",0,0,0,0,0,0,0,0,0,0,0,0,0,"higha101","F","F","F","F",0,0,0,0,0,0,0,0,0,0,F,F,"1924NY1.EVN.regular.event.csv",812
"NY1192406032","BRO",4,1,1,0,0,"",0,3,"bentj101","?","bentj101","?","osbot101","?","osbot101","?","debeh101","fourj101","higha101","stocm101","johnj107","wheaz101","bailg101","grift102","","","","6/L","F","F",1,9,2,"T","T",0,"F","F",1,"F","F",0,"F","F",6,"L","F","F","",0,0,"N",0,"N",0,"N",0,0,0,0,"6","","","","F","F","F","F","F","F","F","F","F","","","","F","F","F","F","F","","","","",0,6,0,0,0,0,0,0,0,37,"NY1","NY1","BRO",1,"F","F",3,0,0,17,1,"T","F",0,0,"T","T","younr101","frisf101","F","F",0,0,0,0,0,0,0,0,0,"","","",0,0,0,0,0,0,0,0,0,0,0,0,0,"johnj107","F","F","F","F",0,0,0,0,0,0,0,0,0,0,F,F,"1924NY1.EVN.regular.event.csv",813
"NY1192406032","BRO",4,1,2,0,0,"",0,3,"younr101","?","younr101","?","osbot101","?","osbot101","?","debeh101","fourj101","higha101","stocm101","johnj107","wheaz101","bailg101","grift102","","","","S","F","F",9,1,20,"T","T",1,"F","F",0,"F","F",0,"F","F",0,"","F","F","",0,0,"N",0,"N",0,"N",1,0,0,0,"","","","","F","F","F","F","F","F","F","F","F","","","","F","F","F","F","F","","","","",0,0,0,0,0,0,0,0,0,38,"NY1","NY1","BRO",1,"F","F",3,0,0,18,2,"T","F",0,1,"T","T","frisf101","wilsh102","F","F",0,0,0,0,0,0,0,0,0,"","","",0,0,0,0,0,0,0,0,0,0,0,0,0,"","F","F","F","F",0,0,0,0,0,0,0,0,0,0,F,F,"1924NY1.EVN.regular.event.csv",814
"NY1192406032","BRO",4,1,2,0,0,"",0,3,"frisf101","?","frisf101","?","osbot101","?","osbot101","?","debeh101","fourj101","higha101","stocm101","johnj107","wheaz101","bailg101","grift102","younr101","","","S.1-3","F","F",4,2,20,"T","T",1,"F","F",0,"F","F",0,"F","F",0,"","F","F","",0,0,"N",0,"N",0,"N",1,3,0,0,"","","","","F","F","F","F","F","F","F","F","F","osbot101","","","F","F","F","F","F","","","","",0,0,0,0,0,0,0,0,0,39,"NY1","NY1","BRO",1,"F","F",3,0,0,19,3,"T","F",1,5,"T","T","wilsh102","meusi101","F","F",9,1,38,0,0,0,0,0,0,"debeh101","","",0,0,0,0,0,0,0,0,0,0,0,0,0,"","F","F","F","F",1,0,0,0,0,0,0,0,0,0,F,F,"1924NY1.EVN.regular.event.csv",815
"NY1192406032","BRO",4,1,2,0,0,"",0,3,"soutb101","?","soutb101","?","osbot101","?","osbot101","?","debeh101","fourj101","higha101","stocm101","johnj107","wheaz101","bailg101","grift102","frisf101","","younr101","OA.3XH(2432)","F","T",11,3,12,"F","F",0,"F","F",1,"F","F",0,"F","F",0,"","F","F","",0,0,"N",0,"N",0,"N",0,1,0,0,"","","","2432","F","F","F","F","F","F","F","F","F","osbot101","","osbot101","F","F","F","F","F","","","","wilsh102",8,2,0,0,2,4,3,0,0,40,"NY1","NY1","BRO",1,"F","T",3,0,0,20,4,"T","T",5,1,"F","F","meusi101","kellg101","F","F",4,2,39,0,0,0,9,1,38,"debeh101","","debeh101",0,0,0,0,0,0,0,0,0,0,0,0,0,"","F","F","F","F",0,1,0,0,0,0,0,0,0,0,F,F,"1924NY1.EVN.regular.event.csv",816
"NY1192406032","BRO",5,0,0,0,0,"X",0,3,"bailg101","?","bailg101","?","bentj101","?","bentj101","?","snydf101","kellg101","frisf101","grohh101","jackt101","meusi101","soutb101","younr101","","","","HR/F7D","T","F",8,1,23,"T","T",4,"F","F",0,"F","F",1,"F","F",0,"F","F","F","7D",0,0,"N",0,"N",0,"N",4,0,0,0,"","","","","F","F","F","F","F","F","F","F","F","","","","F","F","F","F","F","","","","",0,0,0,0,0,0,0,0,0,41,"NY1","BRO","NY1",0,"T","F",0,3,0,18,0,"T","F",0,0,"T","T","johnj107","wheaz101","T","T",0,0,0,0,0,0,0,0,0,"","","",0,0,0,0,0,0,1,0,0,0,1,0,1,"","F","F","F","F",4,0,0,0,0,0,0,0,0,0,F,F,"1924NY1.EVN.regular.event.csv",817
"NY1192406032","BRO",5,0,0,0,0,"",1,3,"johnj107","?","johnj107","?","bentj101","?","bentj101","?","snydf101","kellg101","frisf101","grohh101","jackt101","meusi101","soutb101","younr101","","","","S9/9S","F","F",6,2,20,"T","T",1,"F","F",0,"F","F",0,"F","F",9,"","F","F","9S",0,0,"N",0,"N",0,"N",1,0,0,0,"","","","","F","F","F","F","F","F","F","F","F","","","","F","F","F","F","F","","","","",0,0,0,0,0,0,0,0,0,42,"NY1","BRO","NY1",0,"F","F",1,3,1,19,1,"T","F",0,1,"T","T","wheaz101","fourj101","T","T",0,0,0,0,0,0,0,0,0,"","","",0,0,0,0,0,0,0,0,0,0,0,0,0,"younr101","F","F","F","F",0,0,0,0,0,0,0,0,0,0,F,F,"1924NY1.EVN.regular.event.csv",818
"NY1192406032","BRO",5,0,0,0,0,"",1,3,"wheaz101","?","wheaz101","?","bentj101","?","bentj101","?","snydf101","kellg101","frisf101","grohh101","jackt101","meusi101","soutb101","younr101","johnj107","","","4(B)3(1)/LDP","F","F",7,3,2,"T","T",0,"F","F",2,"T","F",0,"F","F",4,"L","F","F","",0,0,"N",0,"N",0,"N",0,0,0,0,"4","43","","","F","F","F","F","F","F","F","F","F","bentj101","","","F","F","F","F","F","","","","",0,4,3,0,4,0,0,0,0,43,"NY1","BRO","NY1",0,"F","F",1,3,1,20,2,"T","F",1,0,"T","T","fourj101","stocm101","T","T",6,2,42,0,0,0,0,0,0,"snydf101","","",0,0,0,0,0,0,0,0,0,0,0,0,0,"frisf101","F","F","F","F",0,0,0,0,0,0,0,0,0,0,F,F,"1924NY1.EVN.regular.event.csv",819
"NY1192406032","BRO",5,0,2,0,0,"",1,3,"fourj101","?","fourj101","?","bentj101","?","bentj101","?","snydf101","kellg101","frisf101","grohh101","jackt101","meusi101","soutb101","younr101","","","","5/P","F","F",3,4,2,"T","T",0,"F","F",1,"F","F",0,"F","F",5,"P","F","F","",0,0,"N",0,"N",0,"N",0,0,0,0,"5","","","","F","F","F","F","F","F","F","F","F","","","","F","F","F","F","F","","","","",0,5,0,0,0,0,0,0,0,44,"NY1","BRO","NY1",0,"F","T",1,3,1,21,3,"T","F",0,0,"T","T","stocm101","grift102","T","T",0,0,0,0,0,0,0,0,0,"","","",0,0,0,0,0,0,0,0,0,0,0,0,0,"grohh101","F","F","F","F",0,0,0,0,0,0,0,0,0,0,F,F,"1924NY1.EVN.regular.event.csv",820
"NY1192406032","BRO",5,1,0,0,0,"",1,3,"soutb101","?","soutb101","?","osbot101","?","osbot101","?","debeh101","fourj101","higha101","stocm101","johnj107","wheaz101","bailg101","grift102","","","","4/L","T","F",8,3,2,"T","T",0,"F","F",1,"F","F",0,"F","F",4,"L","F","F","",0,0,"N",0,"N",0,"N",0,0,0,0,"4","","","","F","F","F","F","F","F","F","F","F","","","","F","F","F","F","F","","","","",0,4,0,0,0,0,0,0,0,45,"NY1","NY1","BRO",1,"T","F",3,1,0,20,0,"T","F",0,0,"F","F","meusi101","kellg101","F","F",0,0,0,0,0,0,0,0,0,"","","",0,0,0,0,0,0,0,0,0,0,0,0,0,"higha101","F","F","F","F",0,0,0,0,0,0,0,0,0,0,F,F,"1924NY1.EVN.regular.event.csv",821
"NY1192406032","BRO",5,1,1,0,0,"",1,3,"meusi101","?","meusi101","?","osbot101","?","osbot101","?","debeh101","fourj101","higha101","stocm101","johnj107","wheaz101","bailg101","grift102","","","","63","F","F",7,4,2,"T","T",0,"F","F",1,"F","F",0,"F","F",6,"G","F","F","",0,0,"N",0,"N",0,"N",0,0,0,0,"63","","","","F","F","F","F","F","F","F","F","F","","","","F","F","F","F","F","","","","",0,3,0,0,6,0,0,0,0,46,"NY1","NY1","BRO",1,"F","F",3,1,0,21,1,"T","F",0,0,"T","T","kellg101","jackt101","F","F",0,0,0,0,0,0,0,0,0,"","","",0,0,0,0,0,0,0,0,0,0,0,0,0,"johnj107","F","F","F","F",0,0,0,0,0,0,0,0,0,0,F,F,"1924NY1.EVN.regular.event.csv",822
"NY1192406032","BRO",5,1,2,0,0,"",1,3,"kellg101","?","kellg101","?","osbot101","?","osbot101","?","debeh101","fourj101","higha101","stocm101","johnj107","wheaz101","bailg101","grift102","","","","W","F","F",3,5,14,"T","F",0,"F","F",0,"F","F",0,"F","F",0,"","F","F","",0,0,"N",0,"N",0,"N",1,0,0,0,"","","","","F","F","F","F","F","F","F","F","F","","","","F","F","F","F","F","","","","",0,0,0,0,0,0,0,0,0,47,"NY1","NY1","BRO",1,"F","F",3,1,0,22,2,"T","F",0,1,"T","T","jackt101","grohh101","F","F",0,0,0,0,0,0,0,0,0,"","","",0,0,0,0,0,0,0,0,0,0,0,0,0,"","F","F","F","F",0,0,0,0,0,0,0,0,0,0,F,F,"1924NY1.EVN.regular.event.csv",823
"NY1192406032","BRO",5,1,2,0,0,"",1,3,"jackt101","?","jackt101","?","osbot101","?","osbot101","?","debeh101","fourj101","higha101","stocm101","johnj107","wheaz101","bailg101","grift102","kellg101","","","8/F","F","F",6,6,2,"T","T",0,"F","F",1,"F","F",0,"F","F",8,"F","F","F","",0,0,"N",0,"N",0,"N",0,1,0,0,"8","","","","F","F","F","F","F","F","F","F","F","osbot101","","","F","F","F","F","F","","","","",0,8,0,0,0,0,0,0,0,48,"NY1","NY1","BRO",1,"F","T",3,1,0,23,3,"T","F",1,1,"T","T","grohh101","snydf101","F","F",3,5,47,0,0,0,0,0,0,"debeh101","","",0,0,0,0,0,0,0,0,0,0,0,0,0,"bailg101","F","F","F","F",0,0,0,0,0,0,0,0,0,0,F,F,"1924NY1.EVN.regular.event.csv",824
"NY1192406032","BRO",6,0,0,0,0,"",1,3,"stocm101","?","stocm101","?","bentj101","?","bentj101","?","snydf101","kellg101","frisf101","grohh101","jackt101","meusi101","soutb101","younr101","","","","7/F","T","F",5,5,2,"T","T",0,"F","F",1,"F","F",0,"F","F",7,"F","F","F","",0,0,"N",0,"N",0,"N",0,0,0,0,"7","","","","F","F","F","F","F","F","F","F","F","","","","F","F","F","F","F","","","","",0,7,0,0,0,0,0,0,0,49,"NY1","BRO","NY1",0,"T","F",1,3,0,22,0,"T","F",0,0,"T","T","grift102","higha101","T","T",0,0,0,0,0,0,0,0,0,"","","",0,0,0,0,0,0,0,0,0,0,0,0,0,"meusi101","F","F","F","F",0,0,0,0,0,0,0,0,0,0,F,F,"1924NY1.EVN.regular.event.csv",825
"NY1192406032","BRO",6,0,1,0,0,"",1,3,"grift102","?","grift102","?","bentj101","?","bentj101","?","snydf101","kellg101","frisf101","grohh101","jackt101","meusi101","soutb101","younr101","","","","7/F","F","F",9,6,2,"T","T",0,"F","F",1,"F","F",0,"F","F",7,"F","F","F","",0,0,"N",0,"N",0,"N",0,0,0,0,"7","","","","F","F","F","F","F","F","F","F","F","","","","F","F","F","F","F","","","","",0,7,0,0,0,0,0,0,0,50,"NY1","BRO","NY1",0,"F","F",1,3,0,23,1,"T","F",0,0,"T","T","higha101","debeh101","T","T",0,0,0,0,0,0,0,0,0,"","","",0,0,0,0,0,0,0,0,0,0,0,0,0,"meusi101","F","F","F","F",0,0,0,0,0,0,0,0,0,0,F,F,"1924NY1.EVN.regular.event.csv",826
"NY1192406032","BRO",6,0,2,0,0,"",1,3,"higha101","?","higha101","?","bentj101","?","bentj101","?","snydf101","kellg101","frisf101","grohh101","jackt101","meusi101","soutb101","younr101","","","","63","F","F",4,7,2,"T","T",0,"F","F",1,"F","F",0,"F","F",6,"G","F","F","",0,0,"N",0,"N",0,"N",0,0,0,0,"63","","","","F","F","F","F","F","F","F","F","F","","","","F","F","F","F","F","","","","",0,3,0,0,6,0,0,0,0,51,"NY1","BRO","NY1",0,"F","T",1,3,0,24,2,"T","F",0,0,"T","T","debeh101","osbot101","T","T",0,0,0,0,0,0,0,0,0,"","","",0,0,0,0,0,0,0,0,0,0,0,0,0,"jackt101","F","F","F","F",0,0,0,0,0,0,0,0,0,0,F,F,"1924NY1.EVN.regular.event.csv",827
"NY1192406032","BRO",6,1,0,0,0,"",1,3,"grohh101","?","grohh101","?","osbot101","?","osbot101","?","debeh101","fourj101","higha101","stocm101","johnj107","wheaz101","bailg101","grift102","","","","6/P","T","F",5,7,2,"T","T",0,"F","F",1,"F","F",0,"F","F",6,"P","F","F","",0,0,"N",0,"N",0,"N",0,0,0,0,"6","","","","F","F","F","F","F","F","F","F","F","","","","F","F","F","F","F","","","","",0,6,0,0,0,0,0,0,0,52,"NY1","NY1","BRO",1,"T","F",3,1,0,24,0,"T","F",0,0,"T","T","snydf101","bentj101","F","F",0,0,0,0,0,0,0,0,0,"","","",0,0,0,0,0,0,0,0,0,0,0,0,0,"johnj107","F","F","F","F",0,0,0,0,0,0,0,0,0,0,F,F,"1924NY1.EVN.regular.event.csv",828
"NY1192406032","BRO",6,1,1,0,0,"",1,3,"snydf101","?","snydf101","?","osbot101","?","osbot101","?","debeh101","fourj101","higha101","stocm101","johnj107","wheaz101","bailg101","grift102","","","","4/P","F","F",2,8,2,"T","T",0,"F","F",1,"F","F",0,"F","F",4,"P","F","F","",0,0,"N",0,"N",0,"N",0,0,0,0,"4","","","","F","F","F","F","F","F","F","F","F","","","","F","F","F","F","F","","","","",0,4,0,0,0,0,0,0,0,53,"NY1","NY1","BRO",1,"F","F",3,1,0,25,1,"T","F",0,0,"T","T","bentj101","younr101","F","F",0,0,0,0,0,0,0,0,0,"","","",0,0,0,0,0,0,0,0,0,0,0,0,0,"higha101","F","F","F","F",0,0,0,0,0,0,0,0,0,0,F,F,"1924NY1.EVN.regular.event.csv",829
"NY1192406032","BRO",6,1,2,0,0,"",1,3,"bentj101","?","bentj101","?","osbot101","?","osbot101","?","debeh101","fourj101","higha101","stocm101","johnj107","wheaz101","bailg101","grift102","","","","7/F7D","F","F",1,9,2,"T","T",0,"F","F",1,"F","F",0,"F","F",7,"F","F","F","7D",0,0,"N",0,"N",0,"N",0,0,0,0,"7","","","","F","F","F","F","F","F","F","F","F","","","","F","F","F","F","F","","","","",0,7,0,0,0,0,0,0,0,54,"NY1","NY1","BRO",1,"F","T",3,1,0,26,2,"T","F",0,0,"T","T","younr101","frisf101","F","F",0,0,0,0,0,0,0,0,0,"","","",0,0,0,0,0,0,0,0,0,0,0,0,0,"wheaz101","F","F","F","F",0,0,0,0,0,0,0,0,0,0,F,F,"1924NY1.EVN.regular.event.csv",830
"NY1192406032","BRO",7,0,0,0,0,"",1,3,"debeh101","?","debeh101","?","bentj101","?","bentj101","?","snydf101","kellg101","frisf101","grohh101","jackt101","meusi101","soutb101","younr101","","","","8/F","T","F",2,8,2,"T","T",0,"F","F",1,"F","F",0,"F","F",8,"F","F","F","",0,0,"N",0,"N",0,"N",0,0,0,0,"8","","","","F","F","F","F","F","F","F","F","F","","","","F","F","F","F","F","","","","",0,8,0,0,0,0,0,0,0,55,"NY1","BRO","NY1",0,"T","F",1,3,0,25,0,"T","F",0,0,"T","T","osbot101","bailg101","T","T",0,0,0,0,0,0,0,0,0,"","","",0,0,0,0,0,0,0,0,0,0,0,0,0,"soutb101","F","F","F","F",0,0,0,0,0,0,0,0,0,0,F,F,"1924NY1.EVN.regular.event.csv",831
"NY1192406032","BRO",7,0,1,0,0,"",1,3,"osbot101","?","osbot101","?","bentj101","?","bentj101","?","snydf101","kellg101","frisf101","grohh101","jackt101","meusi101","soutb101","younr101","","","","K","F","F",1,9,3,"T","T",0,"F","F",1,"F","F",0,"F","F",0,"","F","F","",0,0,"N",0,"N",0,"N",0,0,0,0,"2","","","","F","F","F","F","F","F","F","F","F","","","","F","F","F","F","F","","","","",0,2,0,0,0,0,0,0,0,56,"NY1","BRO","NY1",0,"F","F",1,3,0,26,1,"T","F",0,0,"F","F","bailg101","johnj107","T","T",0,0,0,0,0,0,0,0,0,"","","",0,0,0,0,0,0,0,0,0,0,0,0,0,"","F","F","F","F",0,0,0,0,0,0,0,0,0,0,F,F,"1924NY1.EVN.regular.event.csv",832
"NY1192406032","BRO",7,0,2,0,0,"",1,3,"bailg101","?","bailg101","?","bentj101","?","bentj101","?","snydf101","kellg101","frisf101","grohh101","jackt101","meusi101","soutb101","younr101","","","","E6/TH1","F","F",8,1,18,"T","T",0,"F","F",0,"F","F",0,"F","F",6,"G","F","F","",1,6,"T",0,"N",0,"N",1,0,0,0,"","","","","F","F","F","F","F","F","F","F","F","","","","F","F","F","F","F","","","","",0,0,0,0,0,0,0,0,0,57,"NY1","BRO","NY1",0,"F","F",1,3,0,27,2,"T","F",0,1,"T","T","johnj107","wheaz101","T","T",0,0,0,0,0,0,0,0,0,"","","",0,0,0,0,0,0,0,0,0,0,0,0,0,"jackt101","F","F","F","T",0,0,0,0,0,0,0,0,0,0,F,F,"1924NY1.EVN.regular.event.csv",833
"NY1192406032","BRO",7,0,2,0,0,"",1,3,"johnj107","?","johnj107","?","bentj101","?","bentj101","?","snydf101","kellg101","frisf101","grohh101","jackt101","meusi101","soutb101","younr101","bailg101","","","S.1-2#","F","F",6,2,20,"T","T",1,"F","F",0,"F","F",0,"F","F",0,"","F","F","",0,0,"N",0,"N",0,"N",1,2,0,0,"","","","","F","F","F","F","F","F","F","F","F","bentj101","","","F","F","F","F","F","","","","",0,0,0,0,0,0,0,0,0,58,"NY1","BRO","NY1",0,"F","F",1,3,0,28,3,"T","F",1,3,"T","T","wheaz101","fourj101","T","T",8,1,57,0,0,0,0,0,0,"snydf101","","",0,0,0,0,0,0,0,0,0,0,0,0,0,"","F","F","F","F",0,0,0,0,0,0,0,0,0,0,F,T,"1924NY1.EVN.regular.event.csv",834
"NY1192406032","BRO",7,0,2,0,0,"",1,3,"wheaz101","?","wheaz101","?","bentj101","?","bentj101","?","snydf101","kellg101","frisf101","grohh101","jackt101","meusi101","soutb101","younr101","johnj107","bailg101","","3/FL","F","F",7,3,2,"T","T",0,"F","F",1,"F","F",0,"F","F",3,"F","F","T","",0,0,"N",0,"N",0,"N",0,1,2,0,"3","","","","F","F","F","F","F","F","F","F","F","bentj101","bentj101","","F","F","F","F","F","","","","",0,3,0,0,0,0,0,0,0,59,"NY1","BRO","NY1",0,"F","T",1,3,0,29,4,"T","F",3,3,"T","T","fourj101","stocm101","T","T",6,2,58,8,1,57,0,0,0,"snydf101","snydf101","",0,0,0,0,0,0,0,0,0,0,0,0,0,"kellg101","F","F","F","F",0,0,0,0,0,0,0,0,0,0,F,F,"1924NY1.EVN.regular.event.csv",835
"NY1192406032","BRO",7,1,0,0,0,"",1,3,"younr101","?","younr101","?","osbot101","?","osbot101","?","debeh101","fourj101","higha101","stocm101","johnj107","wheaz101","bailg101","grift102","","","","S","T","F",9,1,20,"T","T",1,"F","F",0,"F","F",0,"F","F",0,"","F","F","",0,0,"N",0,"N",0,"N",1,0,0,0,"","","","","F","F","F","F","F","F","F","F","F","","","","F","F","F","F","F","","","","",0,0,0,0,0,0,0,0,0,60,"NY1","NY1","BRO",1,"T","F",3,1,0,27,0,"T","F",0,1,"T","T","frisf101","soutb101","F","F",0,0,0,0,0,0,0,0,0,"","","",0,0,0,0,0,0,0,0,0,0,0,0,0,"","F","F","F","F",0,0,0,0,0,0,0,0,0,0,F,F,"1924NY1.EVN.regular.event.csv",836
"NY1192406032","BRO",7,1,0,0,0,"",1,3,"frisf101","?","frisf101","?","osbot101","?","osbot101","?","debeh101","fourj101","higha101","stocm101","johnj107","wheaz101","bailg101","grift102","younr101","","","6/P","F","F",4,2,2,"T","T",0,"F","F",1,"F","F",0,"F","F",6,"P","F","F","",0,0,"N",0,"N",0,"N",0,1,0,0,"6","","","","F","F","F","F","F","F","F","F","F","osbot101","","","F","F","F","F","F","","","","",0,6,0,0,0,0,0,0,0,61,"NY1","NY1","BRO",1,"F","F",3,1,0,28,1,"T","F",1,1,"T","T","soutb101","meusi101","F","F",9,1,60,0,0,0,0,0,0,"debeh101","","",0,0,0,0,0,0,0,0,0,0,0,0,0,"johnj107","F","F","F","F",0,0,0,0,0,0,0,0,0,0,F,F,"1924NY1.EVN.regular.event.csv",837
"NY1192406032","BRO",7,1,1,0,0,"",1,3,"soutb101","?","soutb101","?","osbot101","?","osbot101","?","debeh101","fourj101","higha101","stocm101","johnj107","wheaz101","bailg101","grift102","younr101","","","8/F","F","F",8,3,2,"T","T",0,"F","F",1,"F","F",0,"F","F",8,"F","F","F","",0,0,"N",0,"N",0,"N",0,1,0,0,"8","","","","F","F","F","F","F","F","F","F","F","osbot101","","","F","F","F","F","F","","","","",0,8,0,0,0,0,0,0,0,62,"NY1","NY1","BRO",1,"F","F",3,1,0,29,2,"T","F",1,1,"F","F","meusi101","kellg101","F","F",9,1,60,0,0,0,0,0,0,"debeh101","","",0,0,0,0,0,0,0,0,0,0,0,0,0,"bailg101","F","F","F","F",0,0,0,0,0,0,0,0,0,0,F,F,"1924NY1.EVN.regular.event.csv",838
"NY1192406032","BRO",7,1,2,0,0,"",1,3,"meusi101","?","meusi101","?","osbot101","?","osbot101","?","debeh101","fourj101","higha101","stocm101","johnj107","wheaz101","bailg101","grift102","younr101","","","K","F","F",7,4,3,"T","T",0,"F","F",1,"F","F",0,"F","F",0,"","F","F","",0,0,"N",0,"N",0,"N",0,1,0,0,"2","","","","F","F","F","F","F","F","F","F","F","osbot101","","","F","F","F","F","F","","","","",0,2,0,0,0,0,0,0,0,63,"NY1","NY1","BRO",1,"F","T",3,1,0,30,3,"T","F",1,1,"T","T","kellg101","jackt101","F","F",9,1,60,0,0,0,0,0,0,"debeh101","","",0,0,0,0,0,0,0,0,0,0,0,0,0,"","F","F","F","F",0,0,0,0,0,0,0,0,0,0,F,F,"1924NY1.EVN.regular.event.csv",839
"NY1192406032","BRO",8,0,0,0,0,"",1,3,"fourj101","?","fourj101","?","bentj101","?","bentj101","?","snydf101","kellg101","frisf101","grohh101","jackt101","meusi101","soutb101","younr101","","","","43","T","F",3,4,2,"T","T",0,"F","F",1,"F","F",0,"F","F",4,"G","F","F","",0,0,"N",0,"N",0,"N",0,0,0,0,"43","","","","F","F","F","F","F","F","F","F","F","","","","F","F","F","F","F","","","","",0,3,0,0,4,0,0,0,0,64,"NY1","BRO","NY1",0,"T","F",1,3,0,30,0,"T","F",0,0,"T","T","stocm101","grift102","T","T",0,0,0,0,0,0,0,0,0,"","","",0,0,0,0,0,0,0,0,0,0,0,0,0,"frisf101","F","F","F","F",0,0,0,0,0,0,0,0,0,0,F,F,"1924NY1.EVN.regular.event.csv",840
"NY1192406032","BRO",8,0,1,0,0,"",1,3,"stocm101","?","stocm101","?","bentj101","?","bentj101","?","snydf101","kellg101","frisf101","grohh101","jackt101","meusi101","soutb101","younr101","","","","7/F","F","F",5,5,2,"T","T",0,"F","F",1,"F","F",0,"F","F",7,"F","F","F","",0,0,"N",0,"N",0,"N",0,0,0,0,"7","","","","F","F","F","F","F","F","F","F","F","","","","F","F","F","F","F","","","","",0,7,0,0,0,0,0,0,0,65,"NY1","BRO","NY1",0,"F","F",1,3,0,31,1,"T","F",0,0,"T","T","grift102","higha101","T","T",0,0,0,0,0,0,0,0,0,"","","",0,0,0,0,0,0,0,0,0,0,0,0,0,"meusi101","F","F","F","F",0,0,0,0,0,0,0,0,0,0,F,F,"1924NY1.EVN.regular.event.csv",841
"NY1192406032","BRO",8,0,2,0,0,"",1,3,"grift102","?","grift102","?","bentj101","?","bentj101","?","snydf101","kellg101","frisf101","grohh101","jackt101","meusi101","soutb101","younr101","","","","4/P","F","F",9,6,2,"T","T",0,"F","F",1,"F","F",0,"F","F",4,"P","F","F","",0,0,"N",0,"N",0,"N",0,0,0,0,"4","","","","F","F","F","F","F","F","F","F","F","","","","F","F","F","F","F","","","","",0,4,0,0,0,0,0,0,0,66,"NY1","BRO","NY1",0,"F","T",1,3,0,32,2,"T","F",0,0,"T","T","higha101","debeh101","T","T",0,0,0,0,0,0,0,0,0,"","","",0,0,0,0,0,0,0,0,0,0,0,0,0,"frisf101","F","F","F","F",0,0,0,0,0,0,0,0,0,0,F,F,"1924NY1.EVN.regular.event.csv",842
"NY1192406032","BRO",8,1,0,0,0,"",1,3,"kellg101","?","kellg101","?","osbot101","?","osbot101","?","debeh101","fourj101","higha101","stocm101","johnj107","wheaz101","bailg101","grift102","","","","2/FL","T","F",3,5,2,"T","T",0,"F","F",1,"F","F",0,"F","F",2,"F","F","T","",0,0,"N",0,"N",0,"N",0,0,0,0,"2","","","","F","F","F","F","F","F","F","F","F","","","","F","F","F","F","F","","","","",0,2,0,0,0,0,0,0,0,67,"NY1","NY1","BRO",1,"T","F",3,1,0,31,0,"T","F",0,0,"T","T","jackt101","grohh101","F","F",0,0,0,0,0,0,0,0,0,"","","",0,0,0,0,0,0,0,0,0,0,0,0,0,"debeh101","F","F","F","F",0,0,0,0,0,0,0,0,0,0,F,F,"1924NY1.EVN.regular.event.csv",843
"NY1192406032","BRO",8,1,1,0,0,"",1,3,"jackt101","?","jackt101","?","osbot101","?","osbot101","?","debeh101","fourj101","higha101","stocm101","johnj107","wheaz101","bailg101","grift102","","","","13","F","F",6,6,2,"T","T",0,"F","F",1,"F","F",0,"F","F",1,"G","F","F","",0,0,"N",0,"N",0,"N",0,0,0,0,"13","","","","F","F","F","F","F","F","F","F","F","","","","F","F","F","F","F","","","","",0,3,0,0,1,0,0,0,0,68,"NY1","NY1","BRO",1,"F","F",3,1,0,32,1,"T","F",0,0,"T","T","grohh101","snydf101","F","F",0,0,0,0,0,0,0,0,0,"","","",0,0,0,0,0,0,0,0,0,0,0,0,0,"osbot101","F","F","F","F",0,0,0,0,0,0,0,0,0,0,F,F,"1924NY1.EVN.regular.event.csv",844
"NY1192406032","BRO",8,1,2,0,0,"",1,3,"grohh101","?","grohh101","?","osbot101","?","osbot101","?","debeh101","fourj101","higha101","stocm101","johnj107","wheaz101","bailg101","grift102","","","","3/P","F","F",5,7,2,"T","T",0,"F","F",1,"F","F",0,"F","F",3,"P","F","F","",0,0,"N",0,"N",0,"N",0,0,0,0,"3","","","","F","F","F","F","F","F","F","F","F","","","","F","F","F","F","F","","","","",0,3,0,0,0,0,0,0,0,69,"NY1","NY1","BRO",1,"F","T",3,1,0,33,2,"T","F",0,0,"T","T","snydf101","bentj101","F","F",0,0,0,0,0,0,0,0,0,"","","",0,0,0,0,0,0,0,0,0,0,0,0,0,"fourj101","F","F","F","F",0,0,0,0,0,0,0,0,0,0,F,F,"1924NY1.EVN.regular.event.csv",845
"NY1192406032","BRO",9,0,0,0,0,"",1,3,"higha101","?","higha101","?","bentj101","?","bentj101","?","snydf101","kellg101","frisf101","grohh101","jackt101","meusi101","soutb101","younr101","","","","HR/F9D","T","F",4,7,23,"T","T",4,"F","F",0,"F","F",1,"F","F",0,"F","F","F","9D",0,0,"N",0,"N",0,"N",4,0,0,0,"","","","","F","F","F","F","F","F","F","F","F","","","","F","F","F","F","F","","","","",0,0,0,0,0,0,0,0,0,70,"NY1","BRO","NY1",0,"T","F",1,3,0,33,0,"T","F",0,0,"T","T","debeh101","osbot101","T","T",0,0,0,0,0,0,0,0,0,"","","",0,0,0,0,0,0,0,0,0,0,0,0,1,"","F","F","F","F",4,0,0,0,0,0,0,0,0,0,F,F,"1924NY1.EVN.regular.event.csv",846
"NY1192406032","BRO",9,0,0,0,0,"",2,3,"debeh101","?","debeh101","?","bentj101","?","bentj101","?","snydf101","kellg101","frisf101","grohh101","jackt101","meusi101","soutb101","younr101","","","","8/F","F","F",2,8,2,"T","T",0,"F","F",1,"F","F",0,"F","F",8,"F","F","F","",0,0,"N",0,"N",0,"N",0,0,0,0,"8","","","","F","F","F","F","F","F","F","F","F","","","","F","F","F","F","F","","","","",0,8,0,0,0,0,0,0,0,71,"NY1","BRO","NY1",0,"F","F",2,3,1,34,1,"T","F",0,0,"T","T","osbot101","bailg101","T","T",0,0,0,0,0,0,0,0,0,"","","",0,0,0,0,0,0,0,0,0,0,0,0,0,"soutb101","F","F","F","F",0,0,0,0,0,0,0,0,0,0,F,F,"1924NY1.EVN.regular.event.csv",847
"NY1192406032","BRO",9,0,1,0,0,"",2,3,"neisb101","?","neisb101","?","bentj101","?","bentj101","?","snydf101","kellg101","frisf101","grohh101","jackt101","meusi101","soutb101","younr101","","","","6/P","F","T",11,9,2,"T","T",0,"F","F",1,"F","F",0,"F","F",6,"P","F","F","",0,0,"N",0,"N",0,"N",0,0,0,0,"6","","","","F","F","F","F","F","F","F","F","F","","","","F","F","F","F","F","","","","osbot101",1,6,0,0,0,0,0,0,0,72,"NY1","BRO","NY1",0,"F","F",2,3,1,35,2,"T","F",0,0,"F","F","bailg101","johnj107","T","T",0,0,0,0,0,0,0,0,0,"","","",0,0,0,0,0,0,0,0,0,0,0,0,0,"jackt101","F","F","F","F",0,0,0,0,0,0,0,0,0,0,F,F,"1924NY1.EVN.regular.event.csv",848
"NY1192406032","BRO",9,0,2,0,0,"",2,3,"bailg101","?","bailg101","?","bentj101","?","bentj101","?","snydf101","kellg101","frisf101","grohh101","jackt101","meusi101","soutb101","younr101","","","","5/P","F","F",8,1,2,"T","T",0,"F","F",1,"F","F",0,"F","F",5,"P","F","F","",0,0,"N",0,"N",0,"N",0,0,0,0,"5","","","","F","F","F","F","F","F","F","F","F","","","","F","T","F","F","F","","","","",0,5,0,0,0,0,0,0,0,73,"NY1","BRO","NY1",0,"F","T",2,3,1,36,3,"T","F",0,0,"T","T","johnj107","wheaz101","T","T",0,0,0,0,0,0,0,0,0,"","","",0,0,0,0,0,0,0,0,0,0,0,0,0,"grohh101","F","F","F","F",0,0,0,0,0,0,0,0,0,0,F,F,"1924NY1.EVN.regular.event.csv",849
"NY1192406050","CHN",1,0,0,0,0,"",0,0,"statj101","?","statj101","?","barnv101","?","barnv101","?","snydf101","kellg101","frisf101","grohh101","jackt101","meusi101","soutb101","younr101","","","","S9/4D","T","F",8,1,20,"T","T",1,"F","F",0,"F","F",0,"F","F",9,"","F","F","4D",0,0,"N",0,"N",0,"N",1,0,0,0,"","","","","F","F","F","F","F","F","F","F","F","","","","T","F","F","F","F","","","","",0,0,0,0,0,0,0,0,0,1,"NY1","CHN","NY1",0,"T","F",0,0,0,0,0,"T","F",0,1,"T","T","hollc101","grang102","T","T",0,0,0,0,0,0,0,0,0,"","","",0,0,0,0,0,0,0,0,0,0,0,0,0,"younr101","F","F","F","F",0,0,0,0,0,0,0,0,0,0,F,F,"1924NY1.EVN.regular.event.csv",850
"NY1192406050","CHN",1,0,0,0,0,"",0,0,"hollc101","?","hollc101","?","barnv101","?","barnv101","?","snydf101","kellg101","frisf101","grohh101","jackt101","meusi101","soutb101","younr101","statj101","","","6(1)3/GDP#","F","F",6,2,2,"T","T",0,"F","F",2,"T","F",0,"F","F",6,"G","F","F","",0,0,"N",0,"N",0,"N",0,0,0,0,"63","6","","","F","F","F","F","F","F","F","F","F","barnv101","","","F","F","F","F","F","","","","",0,6,3,0,6,0,0,0,0,2,"NY1","CHN","NY1",0,"F","F",0,0,0,1,1,"T","F",1,0,"T","T","grang102","cotth101","T","T",8,1,1,0,0,0,0,0,0,"snydf101","","",0,0,0,0,0,0,0,0,0,0,0,0,0,"jackt101","T","F","F","F",0,0,0,0,0,0,0,0,0,0,F,T,"1924NY1.EVN.regular.event.csv",851
"NY1192406050","CHN",1,0,2,0,0,"",0,0,"grang102","?","grang102","?","barnv101","?","barnv101","?","snydf101","kellg101","frisf101","grohh101","jackt101","meusi101","soutb101","younr101","","","","43","F","F",4,3,2,"T","T",0,"F","F",1,"F","F",0,"F","F",4,"G","F","F","",0,0,"N",0,"N",0,"N",0,0,0,0,"43","","","","F","F","F","F","F","F","F","F","F","","","","F","F","F","F","F","","","","",0,3,0,0,4,0,0,0,0,3,"NY1","CHN","NY1",0,"F","T",0,0,0,2,2,"T","F",0,0,"T","T","cotth101","fribb101","T","T",0,0,0,0,0,0,0,0,0,"","","",0,0,0,0,0,0,0,0,0,0,0,0,0,"frisf101","F","F","F","F",0,0,0,0,0,0,0,0,0,0,F,F,"1924NY1.EVN.regular.event.csv",852
"NY1192406050","CHN",1,1,0,0,0,"",0,0,"younr101","?","younr101","?","keenv101","?","keenv101","?","hartg103","cotth101","grang102","fribb101","hollc101","grigd101","statj101","heatc101","","","","63","T","F",9,1,2,"T","T",0,"F","F",1,"F","F",0,"F","F",6,"G","F","F","",0,0,"N",0,"N",0,"N",0,0,0,0,"63","","","","F","F","F","F","F","F","F","F","F","","","","F","F","F","F","F","","","","",0,3,0,0,6,0,0,0,0,4,"NY1","NY1","CHN",1,"T","F",0,0,0,0,0,"T","F",0,0,"T","T","frisf101","soutb101","T","T",0,0,0,0,0,0,0,0,0,"","","",0,0,0,0,0,0,0,0,0,0,0,0,0,"hollc101","F","F","F","F",0,0,0,0,0,0,0,0,0,0,F,F,"1924NY1.EVN.regular.event.csv",853
"NY1192406050","CHN",1,1,1,0,0,"",0,0,"frisf101","?","frisf101","?","keenv101","?","keenv101","?","hartg103","cotth101","grang102","fribb101","hollc101","grigd101","statj101","heatc101","","","","8/F","F","F",4,2,2,"T","T",0,"F","F",1,"F","F",0,"F","F",8,"F","F","F","",0,0,"N",0,"N",0,"N",0,0,0,0,"8","","","","F","F","F","F","F","F","F","F","F","","","","F","F","F","F","F","","","","",0,8,0,0,0,0,0,0,0,5,"NY1","NY1","CHN",1,"F","F",0,0,0,1,1,"T","F",0,0,"T","T","soutb101","meusi101","T","T",0,0,0,0,0,0,0,0,0,"","","",0,0,0,0,0,0,0,0,0,0,0,0,0,"statj101","F","F","F","F",0,0,0,0,0,0,0,0,0,0,F,F,"1924NY1.EVN.regular.event.csv",854
"NY1192406050","CHN",1,1,2,3,0,"BBBB",0,0,"soutb101","?","soutb101","?","keenv101","?","keenv101","?","hartg103","cotth101","grang102","fribb101","hollc101","grigd101","statj101","heatc101","","","","W","F","F",8,3,14,"T","F",0,"F","F",0,"F","F",0,"F","F",0,"","F","F","",0,0,"N",0,"N",0,"N",1,0,0,0,"","","","","F","F","F","F","F","F","F","F","F","","","","F","F","F","F","F","","","","",0,0,0,0,0,0,0,0,0,6,"NY1","NY1","CHN",1,"F","F",0,0,0,2,2,"T","F",0,1,"T","T","meusi101","kellg101","T","T",0,0,0,0,0,0,0,0,0,"","","",4,4,0,0,0,0,0,0,0,0,0,0,0,"","F","F","F","F",0,0,0,0,0,0,0,0,0,0,F,F,"1924NY1.EVN.regular.event.csv",855
"NY1192406050","CHN",1,1,2,0,0,"",0,0,"meusi101","?","meusi101","?","keenv101","?","keenv101","?","hartg103","cotth101","grang102","fribb101","hollc101","grigd101","statj101","heatc101","soutb101","","","8/F","F","F",7,4,2,"T","T",0,"F","F",1,"F","F",0,"F","F",8,"F","F","F","",0,0,"N",0,"N",0,"N",0,1,0,0,"8","","","","F","F","F","F","F","F","F","F","F","keenv101","","","F","F","F","F","F","","","","",0,8,0,0,0,0,0,0,0,7,"NY1","NY1","CHN",1,"F","T",0,0,0,3,3,"T","F",1,1,"T","T","kellg101","jackt101","T","T",8,3,6,0,0,0,0,0,0,"hartg103","","",0,0,0,0,0,0,0,0,0,0,0,0,0,"statj101","F","F","F","F",0,0,0,0,0,0,0,0,0,0,F,F,"1924NY1.EVN.regular.event.csv",856
"NY1192406050","CHN",2,0,0,0,0,"",0,0,"cotth101","?","cotth101","?","barnv101","?","barnv101","?","snydf101","kellg101","frisf101","grohh101","jackt101","meusi101","soutb101","younr101","","","","W","T","F",3,4,14,"T","F",0,"F","F",0,"F","F",0,"F","F",0,"","F","F","",0,0,"N",0,"N",0,"N",1,0,0,0,"","","","","F","F","F","F","F","F","F","F","F","","","","F","F","F","F","F","","","","",0,0,0,0,0,0,0,0,0,8,"NY1","CHN","NY1",0,"T","F",0,0,0,3,0,"T","F",0,1,"T","T","fribb101","grigd101","T","T",0,0,0,0,0,0,0,0,0,"","","",0,0,0,0,0,0,0,0,0,0,0,0,0,"","F","F","F","F",0,0,0,0,0,0,0,0,0,0,F,F,"1924NY1.EVN.regular.event.csv",857
"NY1192406050","CHN",2,0,0,0,0,"",0,0,"fribb101","?","fribb101","?","barnv101","?","barnv101","?","snydf101","kellg101","frisf101","grohh101","jackt101","meusi101","soutb101","younr101","cotth101","","","FC1/SH.1-2","F","F",5,5,19,"T","F",0,"T","F",0,"F","F",0,"F","F",1,"G","T","F","",0,0,"N",0,"N",0,"N",1,2,0,0,"","","","","F","F","F","F","F","F","F","F","F","barnv101","","","F","F","F","F","F","","","","",0,0,0,0,0,0,0,0,0,9,"NY1","CHN","NY1",0,"F","F",0,0,0,4,1,"T","F",1,3,"T","T","grigd101","heatc101","T","T",3,4,8,0,0,0,0,0,0,"snydf101","","",0,0,0,0,0,0,0,0,0,0,0,0,0,"barnv101","F","F","F","F",0,0,0,0,0,0,0,0,0,0,F,F,"1924NY1.EVN.regular.event.csv",858
"NY1192406050","CHN",2,0,0,0,0,"",0,0,"grigd101","?","grigd101","?","barnv101","?","barnv101","?","snydf101","kellg101","frisf101","grohh101","jackt101","meusi101","soutb101","younr101","fribb101","cotth101","","S9/F9LS.2-3;1-2;BX2(964)","F","F",7,6,20,"T","T",1,"F","F",1,"F","F",0,"F","F",9,"F","F","F","9LS",0,0,"N",0,"N",0,"N",0,2,3,0,"964","","","","F","F","F","F","F","F","F","F","F","barnv101","barnv101","","F","F","F","F","F","","","","",0,4,0,0,9,6,0,0,0,10,"NY1","CHN","NY1",0,"F","F",0,0,0,5,2,"T","F",3,6,"T","T","heatc101","hartg103","T","T",5,5,9,3,4,8,0,0,0,"snydf101","snydf101","",0,0,0,0,0,0,0,0,0,0,0,0,0,"younr101","F","F","F","F",0,0,0,0,0,0,0,0,0,0,F,F,"1924NY1.EVN.regular.event.csv",859
"NY1192406050","CHN",2,0,1,0,0,"",0,0,"heatc101","?","heatc101","?","barnv101","?","barnv101","?","snydf101","kellg101","frisf101","grohh101","jackt101","meusi101","soutb101","younr101","","fribb101","cotth101","FC5.3XH(52);2-3","F","F",9,7,19,"T","T",0,"F","F",1,"F","F",0,"F","F",5,"G","F","F","",0,0,"N",0,"N",0,"N",1,0,3,0,"","","","52","F","F","F","F","F","F","F","F","F","","barnv101","barnv101","F","F","F","F","F","","","","",0,2,0,0,5,0,0,0,0,11,"NY1","CHN","NY1",0,"F","F",0,0,0,6,3,"T","F",6,5,"T","T","hartg103","keenv101","T","T",0,0,0,5,5,9,3,4,8,"","snydf101","snydf101",0,0,0,0,0,0,0,0,0,0,0,0,0,"grohh101","F","F","F","F",0,0,0,0,0,0,0,0,0,0,F,F,"1924NY1.EVN.regular.event.csv",860
"NY1192406050","CHN",2,0,2,0,0,"",0,0,"hartg103","?","hartg103","?","barnv101","?","barnv101","?","snydf101","kellg101","frisf101","grohh101","jackt101","meusi101","soutb101","younr101","heatc101","","fribb101","K/C","F","F",2,8,3,"T","T",0,"F","F",1,"F","F",0,"F","F",0,"","F","F","",0,0,"N",0,"N",0,"N",0,1,0,3,"2","","","","F","F","F","F","F","F","F","F","F","barnv101","","barnv101","F","F","F","F","F","","","","",0,2,0,0,0,0,0,0,0,12,"NY1","CHN","NY1",0,"F","T",0,0,0,7,4,"T","F",5,5,"T","T","keenv101","statj101","T","T",9,7,11,0,0,0,5,5,9,"snydf101","","snydf101",0,0,0,0,0,0,0,0,0,0,0,0,0,"","F","F","F","F",0,0,0,0,0,0,0,0,0,0,F,F,"1924NY1.EVN.regular.event.csv",861
"NY1192406050","CHN",2,1,0,0,0,"",0,0,"kellg101","?","kellg101","?","keenv101","?","keenv101","?","hartg103","cotth101","grang102","fribb101","hollc101","grigd101","statj101","heatc101","","","","6/L","T","F",3,5,2,"T","T",0,"F","F",1,"F","F",0,"F","F",6,"L","F","F","",0,0,"N",0,"N",0,"N",0,0,0,0,"6","","","","F","F","F","F","F","F","F","F","F","","","","F","F","F","F","F","","","","",0,6,0,0,0,0,0,0,0,13,"NY1","NY1","CHN",1,"T","F",0,0,0,4,0,"T","F",0,0,"T","T","jackt101","grohh101","T","T",0,0,0,0,0,0,0,0,0,"","","",0,0,0,0,0,0,0,0,0,0,0,0,0,"hollc101","F","F","F","F",0,0,0,0,0,0,0,0,0,0,F,F,"1924NY1.EVN.regular.event.csv",862
"NY1192406050","CHN",2,1,1,0,0,"",0,0,"jackt101","?","jackt101","?","keenv101","?","keenv101","?","hartg103","cotth101","grang102","fribb101","hollc101","grigd101","statj101","heatc101","","","","63","F","F",6,6,2,"T","T",0,"F","F",1,"F","F",0,"F","F",6,"G","F","F","",0,0,"N",0,"N",0,"N",0,0,0,0,"63","","","","F","F","F","F","F","F","F","F","F","","","","F","F","F","F","F","","","","",0,3,0,0,6,0,0,0,0,14,"NY1","NY1","CHN",1,"F","F",0,0,0,5,1,"T","F",0,0,"T","T","grohh101","snydf101","T","T",0,0,0,0,0,0,0,0,0,"","","",0,0,0,0,0,0,0,0,0,0,0,0,0,"hollc101","F","F","F","F",0,0,0,0,0,0,0,0,0,0,F,F,"1924NY1.EVN.regular.event.csv",863
"NY1192406050","CHN",2,1,2,0,0,"",0,0,"grohh101","?","grohh101","?","keenv101","?","keenv101","?","hartg103","cotth101","grang102","fribb101","hollc101","grigd101","statj101","heatc101","","","","W","F","F",5,7,14,"T","F",0,"F","F",0,"F","F",0,"F","F",0,"","F","F","",0,0,"N",0,"N",0,"N",1,0,0,0,"","","","","F","F","F","F","F","F","F","F","F","","","","F","F","F","F","F","","","","",0,0,0,0,0,0,0,0,0,15,"NY1","NY1","CHN",1,"F","F",0,0,0,6,2,"T","F",0,1,"T","T","snydf101","barnv101","T","T",0,0,0,0,0,0,0,0,0,"","","",0,0,0,0,0,0,0,0,0,0,0,0,0,"","F","F","F","F",0,0,0,0,0,0,0,0,0,0,F,F,"1924NY1.EVN.regular.event.csv",864
"NY1192406050","CHN",2,1,2,0,0,"",0,0,"snydf101","?","snydf101","?","keenv101","?","keenv101","?","hartg103","cotth101","grang102","fribb101","hollc101","grigd101","statj101","heatc101","grohh101","","","W.1-2","F","F",2,8,14,"T","F",0,"F","F",0,"F","F",0,"F","F",0,"","F","F","",0,0,"N",0,"N",0,"N",1,2,0,0,"","","","","F","F","F","F","F","F","F","F","F","keenv101","","","F","F","F","F","F","","","","",0,0,0,0,0,0,0,0,0,16,"NY1","NY1","CHN",1,"F","F",0,0,0,7,3,"T","F",1,3,"T","T","barnv101","younr101","T","T",5,7,15,0,0,0,0,0,0,"hartg103","","",0,0,0,0,0,0,0,0,0,0,0,0,0,"","F","F","F","F",0,0,0,0,0,0,0,0,0,0,F,F,"1924NY1.EVN.regular.event.csv",865
"NY1192406050","CHN",2,1,2,0,0,"",0,0,"barnv101","?","barnv101","?","keenv101","?","keenv101","?","hartg103","cotth101","grang102","fribb101","hollc101","grigd101","statj101","heatc101","snydf101","grohh101","","K/C","F","F",1,9,3,"T","T",0,"F","F",1,"F","F",0,"F","F",0,"","F","F","",0,0,"N",0,"N",0,"N",0,1,2,0,"2","","","","F","F","F","F","F","F","F","F","F","keenv101","keenv101","","F","F","F","F","F","","","","",0,2,0,0,0,0,0,0,0,17,"NY1","NY1","CHN",1,"F","T",0,0,0,8,4,"T","F",3,3,"T","T","younr101","frisf101","T","T",2,8,16,5,7,15,0,0,0,"hartg103","hartg103","",0,0,0,0,0,0,0,0,0,0,0,0,0,"","F","F","F","F",0,0,0,0,0,0,0,0,0,0,F,F,"1924NY1.EVN.regular.event.csv",866
"NY1192406050","CHN",3,0,0,0,0,"",0,0,"keenv101","?","keenv101","?","barnv101","?","barnv101","?","snydf101","kellg101","frisf101","grohh101","jackt101","meusi101","soutb101","younr101","","","","13","T","F",1,9,2,"T","T",0,"F","F",1,"F","F",0,"F","F",1,"G","F","F","",0,0,"N",0,"N",0,"N",0,0,0,0,"13","","","","F","F","F","F","F","F","F","F","F","","","","F","F","F","F","F","","","","",0,3,0,0,1,0,0,0,0,18,"NY1","CHN","NY1",0,"T","F",0,0,0,8,0,"T","F",0,0,"T","T","statj101","hollc101","T","T",0,0,0,0,0,0,0,0,0,"","","",0,0,0,0,0,0,0,0,0,0,0,0,0,"barnv101","F","F","F","F",0,0,0,0,0,0,0,0,0,0,F,F,"1924NY1.EVN.regular.event.csv",867
"NY1192406050","CHN",3,0,1,0,0,"",0,0,"statj101","?","statj101","?","barnv101","?","barnv101","?","snydf101","kellg101","frisf101","grohh101","jackt101","meusi101","soutb101","younr101","","","","43","F","F",8,1,2,"T","T",0,"F","F",1,"F","F",0,"F","F",4,"G","F","F","",0,0,"N",0,"N",0,"N",0,0,0,0,"43","","","","F","F","F","F","F","F","F","F","F","","","","F","F","F","F","F","","","","",0,3,0,0,4,0,0,0,0,19,"NY1","CHN","NY1",0,"F","F",0,0,0,9,1,"T","F",0,0,"T","T","hollc101","grang102","T","T",0,0,0,0,0,0,0,0,0,"","","",0,0,0,0,0,0,0,0,0,0,0,0,0,"frisf101","F","F","F","F",0,0,0,0,0,0,0,0,0,0,F,F,"1924NY1.EVN.regular.event.csv",868
"NY1192406050","CHN",3,0,2,0,0,"",0,0,"hollc101","?","hollc101","?","barnv101","?","barnv101","?","snydf101","kellg101","frisf101","grohh101","jackt101","meusi101","soutb101","younr101","","","","9/L","F","F",6,2,2,"T","T",0,"F","F",1,"F","F",0,"F","F",9,"L","F","F","",0,0,"N",0,"N",0,"N",0,0,0,0,"9","","","","F","F","F","F","F","F","F","F","F","","","","F","F","F","F","F","","","","",0,9,0,0,0,0,0,0,0,20,"NY1","CHN","NY1",0,"F","T",0,0,0,10,2,"T","F",0,0,"T","T","grang102","cotth101","T","T",0,0,0,0,0,0,0,0,0,"","","",0,0,0,0,0,0,0,0,0,0,0,0,0,"younr101","F","F","F","F",0,0,0,0,0,0,0,0,0,0,F,F,"1924NY1.EVN.regular.event.csv",869
"NY1192406050","CHN",3,1,0,0,0,"",0,0,"younr101","?","younr101","?","keenv101","?","keenv101","?","hartg103","cotth101","grang102","fribb101","hollc101","grigd101","statj101","heatc101","","","","7/F","T","F",9,1,2,"T","T",0,"F","F",1,"F","F",0,"F","F",7,"F","F","F","",0,0,"N",0,"N",0,"N",0,0,0,0,"7","","","","F","F","F","F","F","F","F","F","F","","","","F","F","F","F","F","","","","",0,7,0,0,0,0,0,0,0,21,"NY1","NY1","CHN",1,"T","F",0,0,0,9,0,"T","F",0,0,"T","T","frisf101","soutb101","T","T",0,0,0,0,0,0,0,0,0,"","","",0,0,0,0,0,0,0,0,0,0,0,0,0,"grigd101","F","F","F","F",0,0,0,0,0,0,0,0,0,0,F,F,"1924NY1.EVN.regular.event.csv",870
"NY1192406050","CHN",3,1,1,0,0,"",0,0,"frisf101","?","frisf101","?","keenv101","?","keenv101","?","hartg103","cotth101","grang102","fribb101","hollc101","grigd101","statj101","heatc101","","","","7/F","F","F",4,2,2,"T","T",0,"F","F",1,"F","F",0,"F","F",7,"F","F","F","",0,0,"N",0,"N",0,"N",0,0,0,0,"7","","","","F","F","F","F","F","F","F","F","F","","","","F","F","F","F","F","","","","",0,7,0,0,0,0,0,0,0,22,"NY1","NY1","CHN",1,"F","F",0,0,0,10,1,"T","F",0,0,"T","T","soutb101","meusi101","T","T",0,0,0,0,0,0,0,0,0,"","","",0,0,0,0,0,0,0,0,0,0,0,0,0,"grigd101","F","F","F","F",0,0,0,0,0,0,0,0,0,0,F,F,"1924NY1.EVN.regular.event.csv",871
"NY1192406050","CHN",3,1,2,0,0,"",0,0,"soutb101","?","soutb101","?","keenv101","?","keenv101","?","hartg103","cotth101","grang102","fribb101","hollc101","grigd101","statj101","heatc101","","","","S8","F","F",8,3,20,"T","T",1,"F","F",0,"F","F",0,"F","F",8,"","F","F","",0,0,"N",0,"N",0,"N",1,0,0,0,"","","","","F","F","F","F","F","F","F","F","F","","","","F","F","F","F","F","","","","",0,0,0,0,0,0,0,0,0,23,"NY1","NY1","CHN",1,"F","F",0,0,0,11,2,"T","F",0,1,"T","T","meusi101","kellg101","T","T",0,0,0,0,0,0,0,0,0,"","","",0,0,0,0,0,0,0,0,0,0,0,0,0,"statj101","F","F","F","F",0,0,0,0,0,0,0,0,0,0,F,F,"1924NY1.EVN.regular.event.csv",872
"NY1192406050","CHN",3,1,2,0,0,"",0,0,"meusi101","?","meusi101","?","keenv101","?","keenv101","?","hartg103","cotth101","grang102","fribb101","hollc101","grigd101","statj101","heatc101","soutb101","","","54(1)/FO","F","F",7,4,2,"T","T",0,"F","F",1,"F","F",0,"F","F",5,"G","F","F","",0,0,"N",0,"N",0,"N",1,0,0,0,"","54","","","F","F","F","F","F","F","F","F","F","keenv101","","","F","F","F","F","F","","","","",0,4,0,0,5,0,0,0,0,24,"NY1","NY1","CHN",1,"F","T",0,0,0,12,3,"T","F",1,1,"T","T","kellg101","jackt101","T","T",8,3,23,0,0,0,0,0,0,"hartg103","","",0,0,0,0,0,0,0,0,0,0,0,0,0,"fribb101","T","F","F","F",0,0,0,0,0,0,0,0,0,0,F,F,"1924NY1.EVN.regular.event.csv",873
"NY1192406050","CHN",4,0,0,0,0,"",0,0,"grang102","?","grang102","?","barnv101","?","barnv101","?","snydf101","kellg101","frisf101","grohh101","jackt101","meusi101","soutb101","younr101","","","","6/L","T","F",4,3,2,"T","T",0,"F","F",1,"F","F",0,"F","F",6,"L","F","F","",0,0,"N",0,"N",0,"N",0,0,0,0,"6","","","","F","F","F","F","F","F","F","F","F","","","","F","F","F","F","F","","","","",0,6,0,0,0,0,0,0,0,25,"NY1","CHN","NY1",0,"T","F",0,0,0,11,0,"T","F",0,0,"T","T","cotth101","fribb101","T","T",0,0,0,0,0,0,0,0,0,"","","",0,0,0,0,0,0,0,0,0,0,0,0,0,"jackt101","F","F","F","F",0,0,0,0,0,0,0,0,0,0,F,F,"1924NY1.EVN.regular.event.csv",874
"NY1192406050","CHN",4,0,1,0,0,"",0,0,"cotth101","?","cotth101","?","barnv101","?","barnv101","?","snydf101","kellg101","frisf101","grohh101","jackt101","meusi101","soutb101","younr101","","","","S7","F","F",3,4,20,"T","T",1,"F","F",0,"F","F",0,"F","F",7,"","F","F","",0,0,"N",0,"N",0,"N",1,0,0,0,"","","","","F","F","F","F","F","F","F","F","F","","","","F","F","F","F","F","","","","",0,0,0,0,0,0,0,0,0,26,"NY1","CHN","NY1",0,"F","F",0,0,0,12,1,"T","F",0,1,"T","T","fribb101","grigd101","T","T",0,0,0,0,0,0,0,0,0,"","","",0,0,0,0,0,0,0,0,0,0,0,0,0,"meusi101","F","F","F","F",0,0,0,0,0,0,0,0,0,0,F,F,"1924NY1.EVN.regular.event.csv",875
"NY1192406050","CHN",4,0,1,0,0,"",0,0,"fribb101","?","fribb101","?","barnv101","?","barnv101","?","snydf101","kellg101","frisf101","grohh101","jackt101","meusi101","soutb101","younr101","cotth101","","","S9.1-3","F","F",5,5,20,"T","T",1,"F","F",0,"F","F",0,"F","F",9,"","F","F","",0,0,"N",0,"N",0,"N",1,3,0,0,"","","","","F","F","F","F","F","F","F","F","F","barnv101","","","F","F","F","F","F","","","","",0,0,0,0,0,0,0,0,0,27,"NY1","CHN","NY1",0,"F","F",0,0,0,13,2,"T","F",1,5,"T","T","grigd101","heatc101","T","T",3,4,26,0,0,0,0,0,0,"snydf101","","",0,0,0,0,0,0,0,0,0,0,0,0,0,"younr101","F","F","F","F",0,0,0,0,0,0,0,0,0,0,F,F,"1924NY1.EVN.regular.event.csv",876
"NY1192406050","CHN",4,0,1,0,0,"",0,0,"grigd101","?","grigd101","?","barnv101","?","barnv101","?","snydf101","kellg101","frisf101","grohh101","jackt101","meusi101","soutb101","younr101","fribb101","","cotth101","1(B)5(3)/LDP","F","F",7,6,2,"T","T",0,"F","F",2,"T","F",0,"F","F",1,"L","F","F","",0,0,"N",0,"N",0,"N",0,1,0,0,"1","","","15","F","F","F","F","F","F","F","F","F","barnv101","","barnv101","F","F","F","F","F","","","","",0,1,5,0,1,0,0,0,0,28,"NY1","CHN","NY1",0,"F","T",0,0,0,14,3,"T","F",5,1,"T","T","heatc101","hartg103","T","T",5,5,27,0,0,0,3,4,26,"snydf101","","snydf101",0,0,0,0,0,0,0,0,0,0,0,0,0,"barnv101","F","F","F","F",0,0,0,0,0,0,0,0,0,0,F,F,"1924NY1.EVN.regular.event.csv",877
"NY1192406050","CHN",4,1,0,0,0,"",0,0,"kellg101","?","kellg101","?","keenv101","?","keenv101","?","hartg103","cotth101","grang102","fribb101","hollc101","grigd101","statj101","heatc101","","","","8/F8XD","T","F",3,5,2,"T","T",0,"F","F",1,"F","F",0,"F","F",8,"F","F","F","8XD",0,0,"N",0,"N",0,"N",0,0,0,0,"8","","","","F","F","F","F","F","F","F","F","F","","","","F","F","F","F","F","","","","",0,8,0,0,0,0,0,0,0,29,"NY1","NY1","CHN",1,"T","F",0,0,0,13,0,"T","F",0,0,"T","T","jackt101","grohh101","T","T",0,0,0,0,0,0,0,0,0,"","","",0,0,0,0,0,0,0,0,0,0,0,0,0,"statj101","F","F","F","F",0,0,0,0,0,0,0,0,0,0,F,F,"1924NY1.EVN.regular.event.csv",878
"NY1192406050","CHN",4,1,1,0,0,"",0,0,"jackt101","?","jackt101","?","keenv101","?","keenv101","?","hartg103","cotth101","grang102","fribb101","hollc101","grigd101","statj101","heatc101","","","","W","F","F",6,6,14,"T","F",0,"F","F",0,"F","F",0,"F","F",0,"","F","F","",0,0,"N",0,"N",0,"N",1,0,0,0,"","","","","F","F","F","F","F","F","F","F","F","","","","F","F","F","F","F","","","","",0,0,0,0,0,0,0,0,0,30,"NY1","NY1","CHN",1,"F","F",0,0,0,14,1,"T","F",0,1,"T","T","grohh101","snydf101","T","T",0,0,0,0,0,0,0,0,0,"","","",0,0,0,0,0,0,0,0,0,0,0,0,0,"","F","F","F","F",0,0,0,0,0,0,0,0,0,0,F,F,"1924NY1.EVN.regular.event.csv",879
"NY1192406050","CHN",4,1,1,0,0,"",0,0,"grohh101","?","grohh101","?","keenv101","?","keenv101","?","hartg103","cotth101","grang102","fribb101","hollc101","grigd101","statj101","heatc101","jackt101","","","54(1)/FO","F","F",5,7,2,"T","T",0,"F","F",1,"F","F",0,"F","F",5,"G","F","F","",0,0,"N",0,"N",0,"N",1,0,0,0,"","54","","","F","F","F","F","F","F","F","F","F","keenv101","","","F","F","F","F","F","","","","",0,4,0,0,5,0,0,0,0,31,"NY1","NY1","CHN",1,"F","F",0,0,0,15,2,"T","F",1,1,"T","T","snydf101","barnv101","T","T",6,6,30,0,0,0,0,0,0,"hartg103","","",0,0,0,0,0,0,0,0,0,0,0,0,0,"fribb101","T","F","F","F",0,0,0,0,0,0,0,0,0,0,F,F,"1924NY1.EVN.regular.event.csv",880
"NY1192406050","CHN",4,1,2,0,0,"",0,0,"snydf101","?","snydf101","?","keenv101","?","keenv101","?","hartg103","cotth101","grang102","fribb101","hollc101","grigd101","statj101","heatc101","grohh101","","","K/C","F","F",2,8,3,"T","T",0,"F","F",1,"F","F",0,"F","F",0,"","F","F","",0,0,"N",0,"N",0,"N",0,1,0,0,"2","","","","F","F","F","F","F","F","F","F","F","keenv101","","","F","F","F","F","F","","","","",0,2,0,0,0,0,0,0,0,32,"NY1","NY1","CHN",1,"F","T",0,0,0,16,3,"T","F",1,1,"T","T","barnv101","younr101","T","T",5,7,31,0,0,0,0,0,0,"hartg103","","",0,0,0,0,0,0,0,0,0,0,0,0,0,"","F","F","F","F",0,0,0,0,0,0,0,0,0,0,F,F,"1924NY1.EVN.regular.event.csv",881
"NY1192406050","CHN",5,0,0,0,0,"",0,0,"heatc101","?","heatc101","?","barnv101","?","barnv101","?","snydf101","kellg101","frisf101","grohh101","jackt101","meusi101","soutb101","younr101","","","","S5/G","T","F",9,7,20,"T","T",1,"F","F",0,"F","F",0,"F","F",5,"G","F","F","",0,0,"N",0,"N",0,"N",1,0,0,0,"","","","","F","F","F","F","F","F","F","F","F","","","","F","F","F","F","F","","","","",0,0,0,0,0,0,0,0,0,33,"NY1","CHN","NY1",0,"T","F",0,0,0,15,0,"T","F",0,1,"T","T","hartg103","keenv101","T","T",0,0,0,0,0,0,0,0,0,"","","",0,0,0,0,0,0,0,0,0,0,0,0,0,"grohh101","F","F","F","F",4,0,0,0,4,0,0,0,0,0,F,F,"1924NY1.EVN.regular.event.csv",882
"NY1192406050","CHN",5,0,0,0,0,"",0,0,"hartg103","?","hartg103","?","barnv101","?","barnv101","?","snydf101","kellg101","frisf101","grohh101","jackt101","meusi101","soutb101","younr101","heatc101","","","HR/L9D.1-H","F","F",2,8,23,"T","T",4,"F","F",0,"F","F",2,"F","F",0,"L","F","F","9D",0,0,"N",0,"N",0,"N",4,4,0,0,"","","","","F","F","F","F","F","F","F","F","F","barnv101","","","F","F","F","F","F","","","","",0,0,0,0,0,0,0,0,0,34,"NY1","CHN","NY1",0,"F","F",0,0,0,16,1,"T","F",1,0,"T","T","keenv101","statj101","T","T",9,7,33,0,0,0,0,0,0,"snydf101","","",0,0,0,0,0,0,0,0,0,0,0,0,2,"","F","F","F","F",4,4,0,0,2,0,0,0,0,0,F,F,"1924NY1.EVN.regular.event.csv",883
"NY1192406050","CHN",5,0,0,0,0,"",2,0,"keenv101","?","keenv101","?","barnv101","?","barnv101","?","snydf101","kellg101","frisf101","grohh101","jackt101","meusi101","soutb101","younr101","","","","K","F","F",1,9,3,"T","T",0,"F","F",1,"F","F",0,"F","F",0,"","F","F","",0,0,"N",0,"N",0,"N",0,0,0,0,"2","","","","F","F","F","F","F","F","F","F","F","","","","F","F","F","F","F","","","","",0,2,0,0,0,0,0,0,0,35,"NY1","CHN","NY1",0,"F","F",2,0,2,17,2,"T","F",0,0,"T","T","statj101","hollc101","T","T",0,0,0,0,0,0,0,0,0,"","","",0,0,0,0,0,0,0,0,0,0,0,0,0,"","F","F","F","F",0,0,0,0,2,0,0,0,0,0,F,F,"1924NY1.EVN.regular.event.csv",884
"NY1192406050","CHN",5,0,1,0,0,"",2,0,"statj101","?","statj101","?","barnv101","?","barnv101","?","snydf101","kellg101","frisf101","grohh101","jackt101","meusi101","soutb101","younr101","","","","HR/F7D","F","F",8,1,23,"T","T",4,"F","F",0,"F","F",1,"F","F",0,"F","F","F","7D",0,0,"N",0,"N",0,"N",4,0,0,0,"","","","","F","F","F","F","F","F","F","F","F","","","","F","F","F","F","F","","","","",0,0,0,0,0,0,0,0,0,36,"NY1","CHN","NY1",0,"F","F",2,0,2,18,3,"T","F",0,0,"T","T","hollc101","grang102","T","T",0,0,0,0,0,0,0,0,0,"","","",0,0,0,0,0,0,0,0,0,0,0,0,1,"","F","F","F","F",4,0,0,0,1,0,0,0,0,0,F,F,"1924NY1.EVN.regular.event.csv",885
"NY1192406050","CHN",5,0,1,0,0,"",3,0,"hollc101","?","hollc101","?","barnv101","?","barnv101","?","snydf101","kellg101","frisf101","grohh101","jackt101","meusi101","soutb101","younr101","","","","D7.B-3(E7/TH2)","F","F",6,2,21,"T","T",2,"F","F",0,"F","F",0,"F","F",7,"","F","F","",1,7,"T",0,"N",0,"N",3,0,0,0,"","","","","F","F","F","F","F","F","F","F","F","","","","F","F","F","F","F","","","","",0,0,0,0,0,0,0,0,0,37,"NY1","CHN","NY1",0,"F","F",3,0,3,19,4,"T","F",0,4,"T","T","grang102","cotth101","T","T",0,0,0,0,0,0,0,0,0,"","","",0,0,0,0,0,0,0,0,0,0,0,0,0,"meusi101","F","F","F","F",4,0,0,0,1,0,0,0,0,0,F,F,"1924NY1.EVN.regular.event.csv",886
"NY1192406050","CHN",5,0,1,0,0,"",3,0,"grang102","?","grang102","?","barnv101","?","barnv101","?","snydf101","kellg101","frisf101","grohh101","jackt101","meusi101","soutb101","younr101","","","hollc101","T8/8XD.3-H","F","F",4,3,22,"T","T",3,"F","F",0,"F","F",1,"F","F",8,"","F","F","8XD",0,0,"N",0,"N",0,"N",3,0,0,4,"","","","","F","F","F","F","F","F","F","F","F","","","barnv101","F","F","F","F","F","","","","",0,0,0,0,0,0,0,0,0,38,"NY1","CHN","NY1",0,"F","F",3,0,3,20,5,"T","F",4,4,"T","T","cotth101","fribb101","T","T",0,0,0,0,0,0,6,2,37,"","","snydf101",0,0,0,0,0,0,0,0,0,0,0,0,1,"soutb101","F","F","F","F",0,0,0,4,0,0,0,0,0,0,F,F,"1924NY1.EVN.regular.event.csv",887
"NY1192406050","CHN",5,0,1,0,0,"",4,0,"cotth101","?","cotth101","?","jonnc101","?","jonnc101","?","snydf101","kellg101","frisf101","grohh101","jackt101","meusi101","soutb101","younr101","","","grang102","FC6.3XH(62)","F","F",3,4,19,"T","T",0,"F","F",1,"F","F",0,"F","F",6,"G","F","F","",0,0,"N",0,"N",0,"N",1,0,0,0,"","","","62","F","F","F","F","F","F","F","F","F","","","barnv101","F","F","F","F","F","","","","",0,2,0,0,6,0,0,0,0,39,"NY1","CHN","NY1",0,"F","F",4,0,4,21,6,"T","F",4,1,"T","T","fribb101","grigd101","F","F",0,0,0,0,0,0,4,3,38,"","","snydf101",0,0,0,0,0,0,0,0,0,0,0,0,0,"jackt101","F","F","F","F",0,0,0,0,0,0,0,0,0,0,F,F,"1924NY1.EVN.regular.event.csv",888
"NY1192406050","CHN",5,0,2,0,0,"",4,0,"fribb101","?","fribb101","?","jonnc101","?","jonnc101","?","snydf101","kellg101","frisf101","grohh101","jackt101","meusi101","soutb101","younr101","cotth101","","","CS2(26)","F","F",5,5,6,"F","F",0,"F","F",1,"F","F",0,"F","F",0,"","F","F","",0,0,"N",0,"N",0,"N",0,0,0,0,"","26","","","F","F","F","T","F","F","F","F","F","barnv101","","","F","F","F","F","F","","","","",0,6,0,0,2,0,0,0,0,40,"NY1","CHN","NY1",0,"F","T",4,0,4,22,7,"T","T",1,0,"T","T","grigd101","heatc101","F","F",3,4,39,0,0,0,0,0,0,"snydf101","","",0,0,0,0,0,0,0,0,0,0,0,0,0,"","F","F","F","F",0,0,0,0,0,0,0,0,0,0,F,F,"1924NY1.EVN.regular.event.csv",889
"NY1192406050","CHN",5,1,0,0,0,"",4,0,"jonnc101","?","jonnc101","?","keenv101","?","keenv101","?","hartg103","cotth101","grang102","fribb101","hollc101","grigd101","statj101","heatc101","","","","8/F","T","F",1,9,2,"T","T",0,"F","F",1,"F","F",0,"F","F",8,"F","F","F","",0,0,"N",0,"N",0,"N",0,0,0,0,"8","","","","F","F","F","F","F","F","F","F","F","","","","F","F","F","F","F","","","","",0,8,0,0,0,0,0,0,0,41,"NY1","NY1","CHN",1,"T","F",0,4,0,17,0,"T","F",0,0,"F","F","younr101","frisf101","T","T",0,0,0,0,0,0,0,0,0,"","","",0,0,0,0,0,0,0,0,0,0,0,0,0,"statj101","F","F","F","F",0,0,0,0,1,0,0,0,0,0,F,F,"1924NY1.EVN.regular.event.csv",890
"NY1192406050","CHN",5,1,1,0,0,"",4,0,"younr101","?","younr101","?","keenv101","?","keenv101","?","hartg103","cotth101","grang102","fribb101","hollc101","grigd101","statj101","heatc101","","","","63","F","F",9,1,2,"T","T",0,"F","F",1,"F","F",0,"F","F",6,"G","F","F","",0,0,"N",0,"N",0,"N",0,0,0,0,"63","","","","F","F","F","F","F","F","F","F","F","","","","F","F","F","F","F","","","","",0,3,0,0,6,0,0,0,0,42,"NY1","NY1","CHN",1,"F","F",0,4,0,18,1,"T","F",0,0,"T","T","frisf101","soutb101","T","T",0,0,0,0,0,0,0,0,0,"","","",0,0,0,0,0,0,0,0,0,0,0,0,0,"hollc101","F","F","F","F",0,0,0,0,1,0,0,0,0,0,F,F,"1924NY1.EVN.regular.event.csv",891
"NY1192406050","CHN",5,1,2,0,0,"",4,0,"frisf101","?","frisf101","?","keenv101","?","keenv101","?","hartg103","cotth101","grang102","fribb101","hollc101","grigd101","statj101","heatc101","","","","S8/G46","F","F",4,2,20,"T","T",1,"F","F",0,"F","F",0,"F","F",8,"G","F","F","46",0,0,"N",0,"N",0,"N",1,0,0,0,"","","","","F","F","F","F","F","F","F","F","F","","","","F","F","F","F","F","","","","",0,0,0,0,0,0,0,0,0,43,"NY1","NY1","CHN",1,"F","F",0,4,0,19,2,"T","F",0,1,"T","T","soutb101","meusi101","T","T",0,0,0,0,0,0,0,0,0,"","","",0,0,0,0,0,0,0,0,0,0,0,0,0,"statj101","F","F","F","F",4,0,0,0,1,0,0,0,0,0,F,F,"1924NY1.EVN.regular.event.csv",892
"NY1192406050","CHN",5,1,2,0,0,"",4,0,"soutb101","?","soutb101","?","keenv101","?","keenv101","?","hartg103","cotth101","grang102","fribb101","hollc101","grigd101","statj101","heatc101","frisf101","","","WP.1-3","F","F",8,3,9,"F","F",0,"F","F",0,"F","F",0,"T","F",0,"","F","F","",0,0,"N",0,"N",0,"N",0,3,0,0,"","","","","F","F","F","F","F","F","F","F","F","keenv101","","","F","F","F","F","F","","","","",0,0,0,0,0,0,0,0,0,44,"NY1","NY1","CHN",1,"F","F",0,4,0,20,3,"T","F",1,4,"T","T","meusi101","kellg101","T","T",4,2,43,0,0,0,0,0,0,"hartg103","","",0,0,0,0,0,0,0,0,0,0,0,0,0,"","F","F","F","F",0,4,0,0,1,0,0,0,0,0,F,F,"1924NY1.EVN.regular.event.csv",893
"NY1192406050","CHN",5,1,2,0,0,"",4,0,"soutb101","?","soutb101","?","keenv101","?","keenv101","?","hartg103","cotth101","grang102","fribb101","hollc101","grigd101","statj101","heatc101","","","frisf101","S8.3-H","F","F",8,3,20,"T","T",1,"F","F",0,"F","F",1,"F","F",8,"","F","F","",0,0,"N",0,"N",0,"N",1,0,0,4,"","","","","F","F","F","F","F","F","F","F","F","","","keenv101","F","F","F","F","F","","","","",0,0,0,0,0,0,0,0,0,45,"NY1","NY1","CHN",1,"F","F",0,4,0,20,3,"F","F",4,1,"T","T","meusi101","kellg101","T","T",0,0,0,0,0,0,4,2,43,"","","hartg103",0,0,0,0,0,0,0,0,0,0,0,0,1,"statj101","F","F","F","F",0,0,0,4,0,0,0,0,0,0,F,F,"1924NY1.EVN.regular.event.csv",894
"NY1192406050","CHN",5,1,2,0,0,"",4,1,"meusi101","?","meusi101","?","keenv101","?","keenv101","?","hartg103","cotth101","grang102","fribb101","hollc101","grigd101","statj101","heatc101","soutb101","","","64(1)/FO","F","F",7,4,2,"T","T",0,"F","F",1,"F","F",0,"F","F",6,"G","F","F","",0,0,"N",0,"N",0,"N",1,0,0,0,"","64","","","F","F","F","F","F","F","F","F","F","keenv101","","","F","F","F","F","F","","","","",0,4,0,0,6,0,0,0,0,46,"NY1","NY1","CHN",1,"F","T",1,4,1,21,4,"T","F",1,1,"T","T","kellg101","jackt101","T","T",8,3,45,0,0,0,0,0,0,"hartg103","","",0,0,0,0,0,0,0,0,0,0,0,0,0,"hollc101","T","F","F","F",0,0,0,0,0,0,0,0,0,0,F,F,"1924NY1.EVN.regular.event.csv",895
"NY1192406050","CHN",6,0,0,0,0,"",4,1,"fribb101","?","fribb101","?","jonnc101","?","jonnc101","?","snydf101","kellg101","frisf101","grohh101","jackt101","meusi101","soutb101","younr101","","","","E6/G","T","F",5,5,18,"T","T",0,"F","F",0,"F","F",0,"F","F",6,"G","F","F","",1,6,"F",0,"N",0,"N",1,0,0,0,"","","","","F","F","F","F","F","F","F","F","F","","","","F","F","F","F","F","","","","",0,0,0,0,0,0,0,0,0,47,"NY1","CHN","NY1",0,"T","F",4,1,0,22,0,"T","F",0,1,"T","T","grigd101","heatc101","F","F",0,0,0,0,0,0,0,0,0,"","","",0,0,0,0,0,0,0,0,0,0,0,0,0,"jackt101","F","F","F","T",0,0,0,0,0,0,0,0,0,0,F,F,"1924NY1.EVN.regular.event.csv",896
"NY1192406050","CHN",6,0,0,0,0,"",4,1,"grigd101","?","grigd101","?","jonnc101","?","jonnc101","?","snydf101","kellg101","frisf101","grohh101","jackt101","meusi101","soutb101","younr101","fribb101","","","8/F","F","F",7,6,2,"T","T",0,"F","F",1,"F","F",0,"F","F",8,"F","F","F","",0,0,"N",0,"N",0,"N",0,1,0,0,"8","","","","F","F","F","F","F","F","F","F","F","jonnc101","","","F","F","F","F","F","","","","",0,8,0,0,0,0,0,0,0,48,"NY1","CHN","NY1",0,"F","F",4,1,0,23,1,"T","F",1,1,"T","T","heatc101","hartg103","F","F",5,5,47,0,0,0,0,0,0,"snydf101","","",0,0,0,0,0,0,0,0,0,0,0,0,0,"soutb101","F","F","F","F",0,0,0,0,0,0,0,0,0,0,F,F,"1924NY1.EVN.regular.event.csv",897
"NY1192406050","CHN",6,0,1,0,0,"",4,1,"heatc101","?","heatc101","?","jonnc101","?","jonnc101","?","snydf101","kellg101","frisf101","grohh101","jackt101","meusi101","soutb101","younr101","fribb101","","","3/G.1-2","F","F",9,7,2,"T","T",0,"F","F",1,"F","F",0,"F","F",3,"G","F","F","",0,0,"N",0,"N",0,"N",0,2,0,0,"3","","","","F","F","F","F","F","F","F","F","F","jonnc101","","","F","F","F","F","F","","","","",0,3,0,0,0,0,0,0,0,49,"NY1","CHN","NY1",0,"F","F",4,1,0,24,2,"T","F",1,2,"T","T","hartg103","keenv101","F","F",5,5,47,0,0,0,0,0,0,"snydf101","","",0,0,0,0,0,0,0,0,0,0,0,0,0,"kellg101","F","F","F","F",0,0,0,0,0,0,0,0,0,0,F,F,"1924NY1.EVN.regular.event.csv",898
"NY1192406050","CHN",6,0,2,0,0,"",4,1,"hartg103","?","hartg103","?","jonnc101","?","jonnc101","?","snydf101","kellg101","frisf101","grohh101","jackt101","meusi101","soutb101","younr101","","fribb101","","53","F","F",2,8,2,"T","T",0,"F","F",1,"F","F",0,"F","F",5,"G","F","F","",0,0,"N",0,"N",0,"N",0,0,2,0,"53","","","","F","F","F","F","F","F","F","F","F","","jonnc101","","F","F","F","F","F","","","","",0,3,0,0,5,0,0,0,0,50,"NY1","CHN","NY1",0,"F","T",4,1,0,25,3,"T","F",2,2,"T","T","keenv101","statj101","F","F",0,0,0,5,5,47,0,0,0,"","snydf101","",0,0,0,0,0,0,0,0,0,0,0,0,0,"grohh101","F","F","F","F",0,0,0,0,0,0,0,0,0,0,F,F,"1924NY1.EVN.regular.event.csv",899
"NY1192406050","CHN",6,1,0,0,0,"",4,1,"kellg101","?","kellg101","?","keenv101","?","keenv101","?","hartg103","cotth101","grang102","fribb101","hollc101","grigd101","statj101","heatc101","","","","2/FL","T","F",3,5,2,"T","T",0,"F","F",1,"F","F",0,"F","F",2,"F","F","T","",0,0,"N",0,"N",0,"N",0,0,0,0,"2","","","","F","F","F","F","F","F","F","F","F","","","","F","F","F","F","F","","","","",0,2,0,0,0,0,0,0,0,51,"NY1","NY1","CHN",1,"T","F",1,4,0,22,0,"T","F",0,0,"T","T","jackt101","grohh101","T","T",0,0,0,0,0,0,0,0,0,"","","",0,0,0,0,0,0,0,0,0,0,0,0,0,"hartg103","F","F","F","F",0,0,0,0,0,0,0,0,0,0,F,F,"1924NY1.EVN.regular.event.csv",900
"NY1192406050","CHN",6,1,1,0,0,"",4,1,"jackt101","?","jackt101","?","keenv101","?","keenv101","?","hartg103","cotth101","grang102","fribb101","hollc101","grigd101","statj101","heatc101","","","","S6/G56","F","F",6,6,20,"T","T",1,"F","F",0,"F","F",0,"F","F",6,"G","F","F","56",0,0,"N",0,"N",0,"N",1,0,0,0,"","","","","F","F","F","F","F","F","F","F","F","","","","F","F","F","F","F","","","","",0,0,0,0,0,0,0,0,0,52,"NY1","NY1","CHN",1,"F","F",1,4,0,23,1,"T","F",0,1,"T","T","grohh101","snydf101","T","T",0,0,0,0,0,0,0,0,0,"","","",0,0,0,0,0,0,0,0,0,0,0,0,0,"hollc101","F","F","F","F",0,0,0,0,0,0,0,0,0,0,F,F,"1924NY1.EVN.regular.event.csv",901
"NY1192406050","CHN",6,1,1,0,0,"",4,1,"grohh101","?","grohh101","?","keenv101","?","keenv101","?","hartg103","cotth101","grang102","fribb101","hollc101","grigd101","statj101","heatc101","jackt101","","","64(1)/FO","F","F",5,7,2,"T","T",0,"F","F",1,"F","F",0,"F","F",6,"G","F","F","",0,0,"N",0,"N",0,"N",1,0,0,0,"","64","","","F","F","F","F","F","F","F","F","F","keenv101","","","F","F","F","F","F","","","","",0,4,0,0,6,0,0,0,0,53,"NY1","NY1","CHN",1,"F","F",1,4,0,24,2,"T","F",1,1,"T","T","snydf101","jonnc101","T","T",6,6,52,0,0,0,0,0,0,"hartg103","","",0,0,0,0,0,0,0,0,0,0,0,0,0,"hollc101","T","F","F","F",2,0,0,0,0,0,0,0,0,0,F,F,"1924NY1.EVN.regular.event.csv",902
"NY1192406050","CHN",6,1,2,0,0,"",4,1,"snydf101","?","snydf101","?","keenv101","?","keenv101","?","hartg103","cotth101","grang102","fribb101","hollc101","grigd101","statj101","heatc101","grohh101","","","W.1-2","F","F",2,8,14,"T","F",0,"F","F",0,"F","F",0,"F","F",0,"","F","F","",0,0,"N",0,"N",0,"N",1,2,0,0,"","","","","F","F","F","F","F","F","F","F","F","keenv101","","","F","F","F","F","F","","","","",0,0,0,0,0,0,0,0,0,54,"NY1","NY1","CHN",1,"F","F",1,4,0,25,3,"T","F",1,3,"T","T","jonnc101","younr101","T","T",5,7,53,0,0,0,0,0,0,"hartg103","","",0,0,0,0,0,0,0,0,0,0,0,0,0,"","F","F","F","F",1,2,0,0,0,0,0,0,0,0,F,F,"1924NY1.EVN.regular.event.csv",903
"NY1192406050","CHN",6,1,2,0,2,"KKS",4,1,"terrb101","?","terrb101","?","keenv101","?","keenv101","?","hartg103","cotth101","grang102","fribb101","hollc101","grigd101","statj101","heatc101","snydf101","grohh101","","K","F","T",11,9,3,"T","T",0,"F","F",1,"F","F",0,"F","F",0,"","F","F","",0,0,"N",0,"N",0,"N",0,1,2,0,"2","","","","F","F","F","F","F","F","F","F","F","keenv101","keenv101","","F","F","F","F","F","","","","jonnc101",1,2,0,0,0,0,0,0,0,55,"NY1","NY1","CHN",1,"F","T",1,4,0,26,4,"T","F",3,3,"F","F","younr101","frisf101","T","T",2,8,54,5,7,53,0,0,0,"hartg103","hartg103","",0,0,0,0,0,0,3,0,1,0,0,2,0,"","F","F","F","F",0,1,2,0,0,0,0,0,0,0,F,F,"1924NY1.EVN.regular.event.csv",904
"NY1192406050","CHN",7,0,0,0,0,"",4,1,"keenv101","?","keenv101","?","maune101","?","maune101","?","snydf101","kellg101","frisf101","grohh101","jackt101","meusi101","soutb101","younr101","","","","3/G","T","F",1,9,2,"T","T",0,"F","F",1,"F","F",0,"F","F",3,"G","F","F","",0,0,"N",0,"N",0,"N",0,0,0,0,"3","","","","F","F","F","F","F","F","F","F","F","","","","F","F","F","F","F","","","","",0,3,0,0,0,0,0,0,0,56,"NY1","CHN","NY1",0,"T","F",4,1,0,26,0,"T","F",0,0,"T","T","statj101","hollc101","F","F",0,0,0,0,0,0,0,0,0,"","","",0,0,0,0,0,0,0,0,0,0,0,0,0,"kellg101","F","F","F","F",0,0,0,0,1,0,0,0,0,0,F,F,"1924NY1.EVN.regular.event.csv",905
"NY1192406050","CHN",7,0,1,0,0,"",4,1,"statj101","?","statj101","?","maune101","?","maune101","?","snydf101","kellg101","frisf101","grohh101","jackt101","meusi101","soutb101","younr101","","","","S/89","F","F",8,1,20,"T","T",1,"F","F",0,"F","F",0,"F","F",0,"","F","F","89",0,0,"N",0,"N",0,"N",1,0,0,0,"","","","","F","F","F","F","F","F","F","F","F","","","","F","F","F","F","F","","","","",0,0,0,0,0,0,0,0,0,57,"NY1","CHN","NY1",0,"F","F",4,1,0,27,1,"T","F",0,1,"T","T","hollc101","grang102","F","F",0,0,0,0,0,0,0,0,0,"","","",0,0,0,0,0,0,0,0,0,0,0,0,0,"","F","F","F","F",4,0,0,0,1,0,0,0,0,0,F,F,"1924NY1.EVN.regular.event.csv",906
"NY1192406050","CHN",7,0,1,0,0,"",4,1,"hollc101","?","hollc101","?","maune101","?","maune101","?","snydf101","kellg101","frisf101","grohh101","jackt101","meusi101","soutb101","younr101","statj101","","","S7.1-3","F","F",6,2,20,"T","T",1,"F","F",0,"F","F",0,"F","F",7,"","F","F","",0,0,"N",0,"N",0,"N",1,3,0,0,"","","","","F","F","F","F","F","F","F","F","F","maune101","","","F","F","F","F","F","","","","",0,0,0,0,0,0,0,0,0,58,"NY1","CHN","NY1",0,"F","F",4,1,0,28,2,"T","F",1,5,"T","T","grang102","cotth101","F","F",8,1,57,0,0,0,0,0,0,"snydf101","","",0,0,0,0,0,0,0,0,0,0,0,0,0,"meusi101","F","F","F","F",0,4,0,0,1,0,0,0,0,0,F,F,"1924NY1.EVN.regular.event.csv",907
"NY1192406050","CHN",7,0,1,0,0,"",4,1,"grang102","?","grang102","?","maune101","?","maune101","?","snydf101","kellg101","frisf101","grohh101","jackt101","meusi101","soutb101","younr101","hollc101","","statj101","7/SF.3-H","F","F",4,3,2,"T","F",0,"F","T",1,"F","F",1,"F","F",7,"F","F","F","",0,0,"N",0,"N",0,"N",0,1,0,4,"7","","","","F","F","F","F","F","F","F","F","F","maune101","","maune101","F","F","F","F","F","","","","",0,7,0,0,0,0,0,0,0,59,"NY1","CHN","NY1",0,"F","F",4,1,0,29,3,"T","F",5,1,"T","T","cotth101","fribb101","F","F",6,2,58,0,0,0,8,1,57,"snydf101","","snydf101",0,0,0,0,0,0,0,0,0,0,0,0,1,"meusi101","F","F","F","F",0,0,0,4,0,0,0,0,0,0,F,F,"1924NY1.EVN.regular.event.csv",908
"NY1192406050","CHN",7,0,2,0,0,"",5,1,"cotth101","?","cotth101","?","maune101","?","maune101","?","snydf101","kellg101","frisf101","grohh101","jackt101","meusi101","soutb101","younr101","hollc101","","","CS2(24)","F","F",3,4,6,"F","F",0,"F","F",1,"F","F",0,"F","F",0,"","F","F","",0,0,"N",0,"N",0,"N",0,0,0,0,"","24","","","F","F","F","T","F","F","F","F","F","maune101","","","F","F","F","F","F","","","","",0,4,0,0,2,0,0,0,0,60,"NY1","CHN","NY1",0,"F","T",5,1,1,30,4,"T","T",1,0,"T","T","fribb101","grigd101","F","F",6,2,58,0,0,0,0,0,0,"snydf101","","",0,0,0,0,0,0,0,0,0,0,0,0,0,"","F","F","F","F",0,0,0,0,0,0,0,0,0,0,F,F,"1924NY1.EVN.regular.event.csv",909
"NY1192406050","CHN",7,1,0,0,0,"",5,1,"younr101","?","younr101","?","keenv101","?","keenv101","?","hartg103","cotth101","grang102","fribb101","hollc101","grigd101","statj101","heatc101","","","","E6/TH1","T","F",9,1,18,"T","T",0,"F","F",0,"F","F",0,"F","F",6,"G","F","F","",1,6,"T",0,"N",0,"N",1,0,0,0,"","","","","F","F","F","F","F","F","F","F","F","","","","F","F","F","F","F","","","","",0,0,0,0,0,0,0,0,0,61,"NY1","NY1","CHN",1,"T","F",1,5,0,27,0,"T","F",0,1,"T","T","frisf101","soutb101","T","T",0,0,0,0,0,0,0,0,0,"","","",0,0,0,0,0,0,0,0,0,0,0,0,0,"hollc101","F","F","F","T",5,0,0,0,2,0,0,0,0,0,F,F,"1924NY1.EVN.regular.event.csv",910
"NY1192406050","CHN",7,1,0,0,0,"",5,1,"frisf101","?","frisf101","?","keenv101","?","keenv101","?","hartg103","cotth101","grang102","fribb101","hollc101","grigd101","statj101","heatc101","younr101","","","9/F","F","F",4,2,2,"T","T",0,"F","F",1,"F","F",0,"F","F",9,"F","F","F","",0,0,"N",0,"N",0,"N",0,1,0,0,"9","","","","F","F","F","F","F","F","F","F","F","keenv101","","","F","F","F","F","F","","","","",0,9,0,0,0,0,0,0,0,62,"NY1","NY1","CHN",1,"F","F",1,5,0,28,1,"T","F",1,1,"T","T","soutb101","meusi101","T","T",9,1,61,0,0,0,0,0,0,"hartg103","","",0,0,0,0,0,0,0,0,0,0,0,0,0,"heatc101","F","F","F","F",0,5,0,0,2,0,0,0,0,0,F,F,"1924NY1.EVN.regular.event.csv",911
"NY1192406050","CHN",7,1,1,0,0,"",5,1,"soutb101","?","soutb101","?","keenv101","?","keenv101","?","hartg103","cotth101","grang102","fribb101","hollc101","grigd101","statj101","heatc101","younr101","","","S/L78S.1-3","F","F",8,3,20,"T","T",1,"F","F",0,"F","F",0,"F","F",0,"L","F","F","78S",0,0,"N",0,"N",0,"N",1,3,0,0,"","","","","F","F","F","F","F","F","F","F","F","keenv101","","","F","F","F","F","F","","","","",0,0,0,0,0,0,0,0,0,63,"NY1","NY1","CHN",1,"F","F",1,5,0,29,2,"T","F",1,5,"T","T","meusi101","kellg101","T","T",9,1,61,0,0,0,0,0,0,"hartg103","","",0,0,0,0,0,0,0,0,0,0,0,0,0,"","F","F","F","F",5,5,0,0,2,0,0,0,0,0,F,F,"1924NY1.EVN.regular.event.csv",912
"NY1192406050","CHN",7,1,1,0,0,"",5,1,"meusi101","?","meusi101","?","keenv101","?","keenv101","?","hartg103","cotth101","grang102","fribb101","hollc101","grigd101","statj101","heatc101","soutb101","","younr101","W.1-2","F","F",7,4,14,"T","F",0,"F","F",0,"F","F",0,"F","F",0,"","F","F","",0,0,"N",0,"N",0,"N",1,2,0,3,"","","","","F","F","F","F","F","F","F","F","F","keenv101","","keenv101","F","F","F","F","F","","","","",0,0,0,0,0,0,0,0,0,64,"NY1","NY1","CHN",1,"F","F",1,5,0,30,3,"T","F",5,7,"T","T","kellg101","jackt101","T","T",8,3,63,0,0,0,9,1,61,"hartg103","","hartg103",0,0,0,0,0,0,0,0,0,0,0,0,0,"","F","F","F","F",0,5,0,5,2,0,0,0,0,0,F,F,"1924NY1.EVN.regular.event.csv",913
"NY1192406050","CHN",7,1,1,0,0,"",5,1,"kellg101","?","kellg101","?","keenv101","?","keenv101","?","hartg103","cotth101","grang102","fribb101","hollc101","grigd101","statj101","heatc101","meusi101","soutb101","younr101","2/FL","F","F",3,5,2,"T","T",0,"F","F",1,"F","F",0,"F","F",2,"F","F","T","",0,0,"N",0,"N",0,"N",0,1,2,3,"2","","","","F","F","F","F","F","F","F","F","F","keenv101","keenv101","keenv101","F","F","F","F","F","","","","",0,2,0,0,0,0,0,0,0,65,"NY1","NY1","CHN",1,"F","F",1,5,0,31,4,"T","F",7,7,"T","T","jackt101","grohh101","T","T",7,4,64,8,3,63,9,1,61,"hartg103","hartg103","hartg103",0,0,0,0,0,0,0,0,0,0,0,0,0,"hartg103","F","F","F","F",0,0,5,5,2,0,0,0,0,0,F,F,"1924NY1.EVN.regular.event.csv",914
"NY1192406050","CHN",7,1,2,0,0,"",5,1,"jackt101","?","jackt101","?","keenv101","?","keenv101","?","hartg103","cotth101","grang102","fribb101","hollc101","grigd101","statj101","heatc101","meusi101","soutb101","younr101","S8.3-H(UR);2-H(UR);1-3","F","F",6,6,20,"T","T",1,"F","F",0,"F","F",2,"F","F",8,"","F","F","",0,0,"N",0,"N",0,"N",1,3,5,5,"","","","","F","F","F","F","F","F","F","F","F","keenv101","keenv101","keenv101","F","F","F","F","F","","","","",0,0,0,0,0,0,0,0,0,66,"NY1","NY1","CHN",1,"F","F",1,5,0,32,5,"T","F",7,5,"T","T","grohh101","snydf101","T","T",7,4,64,8,3,63,9,1,61,"hartg103","hartg103","hartg103",0,0,0,0,0,0,0,0,0,0,0,0,2,"statj101","F","F","F","F",0,0,5,5,0,0,0,0,0,0,F,F,"1924NY1.EVN.regular.event.csv",915
"NY1192406050","CHN",7,1,2,0,0,"",5,3,"grohh101","?","grohh101","?","keenv101","?","keenv101","?","hartg103","cotth101","grang102","fribb101","hollc101","grigd101","statj101","heatc101","jackt101","","meusi101","9/F9S","F","F",5,7,2,"T","T",0,"F","F",1,"F","F",0,"F","F",9,"F","F","F","9S",0,0,"N",0,"N",0,"N",0,1,0,3,"9","","","","F","F","F","F","F","F","F","F","F","keenv101","","keenv101","F","F","F","F","F","","","","",0,9,0,0,0,0,0,0,0,67,"NY1","NY1","CHN",1,"F","T",3,5,2,33,6,"T","F",5,5,"T","T","snydf101","maune101","T","T",6,6,66,0,0,0,7,4,64,"hartg103","","hartg103",0,0,0,0,0,0,0,0,0,0,0,0,0,"heatc101","F","F","F","F",0,0,0,0,0,0,0,0,0,0,F,F,"1924NY1.EVN.regular.event.csv",916
"NY1192406050","CHN",8,0,0,0,0,"",5,3,"cotth101","?","cotth101","?","maune101","?","maune101","?","snydf101","kellg101","frisf101","grohh101","jackt101","meusi101","soutb101","younr101","","","","S/5","T","F",3,4,20,"T","T",1,"F","F",0,"F","F",0,"F","F",0,"","F","F","5",0,0,"N",0,"N",0,"N",1,0,0,0,"","","","","F","F","F","F","F","F","F","F","F","","","","F","F","F","F","F","","","","",0,0,0,0,0,0,0,0,0,68,"NY1","CHN","NY1",0,"T","F",5,3,0,30,0,"T","F",0,1,"T","T","fribb101","grigd101","F","F",0,0,0,0,0,0,0,0,0,"","","",0,0,0,0,0,0,0,0,0,0,0,0,0,"","F","F","F","F",0,0,0,0,0,0,0,0,0,0,F,F,"1924NY1.EVN.regular.event.csv",917
"NY1192406050","CHN",8,0,0,0,0,"",5,3,"fribb101","?","fribb101","?","maune101","?","maune101","?","snydf101","kellg101","frisf101","grohh101","jackt101","meusi101","soutb101","younr101","cotth101","","","PO1(23)","F","F",5,5,8,"F","F",0,"F","F",1,"F","F",0,"F","F",0,"","F","F","",0,0,"N",0,"N",0,"N",0,0,0,0,"","23","","","F","F","F","F","F","F","T","F","F","maune101","","","F","F","F","F","F","","","","",0,3,0,0,2,0,0,0,0,69,"NY1","CHN","NY1",0,"F","F",5,3,0,31,1,"T","F",1,0,"T","T","grigd101","heatc101","F","F",3,4,68,0,0,0,0,0,0,"snydf101","","",0,0,0,0,0,0,0,0,0,0,0,0,0,"","F","F","F","F",0,0,0,0,0,0,0,0,0,0,F,F,"1924NY1.EVN.regular.event.csv",918
"NY1192406050","CHN",8,0,1,0,0,"",5,3,"fribb101","?","fribb101","?","maune101","?","maune101","?","snydf101","kellg101","frisf101","grohh101","jackt101","meusi101","soutb101","younr101","","","","43","F","F",5,5,2,"T","T",0,"F","F",1,"F","F",0,"F","F",4,"G","F","F","",0,0,"N",0,"N",0,"N",0,0,0,0,"43","","","","F","F","F","F","F","F","F","F","F","","","","F","F","F","F","F","","","","",0,3,0,0,4,0,0,0,0,70,"NY1","CHN","NY1",0,"F","F",5,3,0,31,1,"F","F",0,0,"T","T","grigd101","heatc101","F","F",0,0,0,0,0,0,0,0,0,"","","",0,0,0,0,0,0,0,0,0,0,0,0,0,"frisf101","F","F","F","F",0,0,0,0,0,0,0,0,0,0,F,F,"1924NY1.EVN.regular.event.csv",919
"NY1192406050","CHN",8,0,2,0,0,"",5,3,"grigd101","?","grigd101","?","maune101","?","maune101","?","snydf101","kellg101","frisf101","grohh101","jackt101","meusi101","soutb101","younr101","","","","43","F","F",7,6,2,"T","T",0,"F","F",1,"F","F",0,"F","F",4,"G","F","F","",0,0,"N",0,"N",0,"N",0,0,0,0,"43","","","","F","F","F","F","F","F","F","F","F","","","","F","F","F","F","F","","","","",0,3,0,0,4,0,0,0,0,71,"NY1","CHN","NY1",0,"F","T",5,3,0,32,2,"T","F",0,0,"T","T","heatc101","hartg103","F","F",0,0,0,0,0,0,0,0,0,"","","",0,0,0,0,0,0,0,0,0,0,0,0,0,"frisf101","F","F","F","F",0,0,0,0,0,0,0,0,0,0,F,F,"1924NY1.EVN.regular.event.csv",920
"NY1192406050","CHN",8,1,0,0,0,"",5,3,"snydf101","?","snydf101","?","keenv101","?","keenv101","?","hartg103","cotth101","grang102","fribb101","hollc101","grigd101","statj101","heatc101","","","","E7/L","T","F",2,8,18,"T","T",0,"F","F",0,"F","F",0,"F","F",7,"L","F","F","",1,7,"F",0,"N",0,"N",1,0,0,0,"","","","","F","F","F","F","F","F","F","F","F","","","","F","F","F","F","F","","","","",0,0,0,0,0,0,0,0,0,72,"NY1","NY1","CHN",1,"T","F",3,5,0,34,0,"T","F",0,1,"T","T","maune101","younr101","T","T",0,0,0,0,0,0,0,0,0,"","","",0,0,0,0,0,0,0,0,0,0,0,0,0,"grigd101","F","F","F","T",5,0,0,0,1,0,0,0,0,0,F,F,"1924NY1.EVN.regular.event.csv",921
"NY1192406050","CHN",8,1,0,0,0,"",5,3,"bentj101","?","bentj101","?","keenv101","?","keenv101","?","hartg103","cotth101","grang102","fribb101","hollc101","grigd101","statj101","heatc101","lindf101","","","7/L","F","T",11,9,2,"T","T",0,"F","F",1,"F","F",0,"F","F",7,"L","F","F","",0,0,"N",0,"N",0,"N",0,1,0,0,"7","","","","F","F","F","F","F","F","F","F","F","keenv101","","","F","F","T","F","F","snydf101","","","maune101",1,7,0,0,0,0,0,0,0,73,"NY1","NY1","CHN",1,"F","F",3,5,0,35,1,"T","F",1,1,"F","F","younr101","frisf101","T","T",12,8,72,0,0,0,0,0,0,"hartg103","","",0,0,0,0,0,0,0,0,0,0,0,0,0,"grigd101","F","F","F","F",0,5,0,0,1,0,0,0,0,0,F,F,"1924NY1.EVN.regular.event.csv",922
"NY1192406050","CHN",8,1,1,0,0,"",5,3,"younr101","?","younr101","?","keenv101","?","keenv101","?","hartg103","cotth101","grang102","fribb101","hollc101","grigd101","statj101","heatc101","lindf101","","","S9.1-3","F","F",9,1,20,"T","T",1,"F","F",0,"F","F",0,"F","F",9,"","F","F","",0,0,"N",0,"N",0,"N",1,3,0,0,"","","","","F","F","F","F","F","F","F","F","F","keenv101","","","F","F","F","F","F","","","","",0,0,0,0,0,0,0,0,0,74,"NY1","NY1","CHN",1,"F","F",3,5,0,36,2,"T","F",1,5,"T","T","frisf101","soutb101","T","T",0,8,72,0,0,0,0,0,0,"hartg103","","",0,0,0,0,0,0,0,0,0,0,0,0,0,"heatc101","F","F","F","F",1,5,0,0,1,0,0,0,0,0,F,F,"1924NY1.EVN.regular.event.csv",923
"NY1192406050","CHN",8,1,1,0,0,"",5,3,"frisf101","?","frisf101","?","keenv101","?","keenv101","?","hartg103","cotth101","grang102","fribb101","hollc101","grigd101","statj101","heatc101","younr101","","lindf101","8/SF.3-H(UR)","F","F",4,2,2,"T","F",0,"F","T",1,"F","F",1,"F","F",8,"F","F","F","",0,0,"N",0,"N",0,"N",0,1,0,5,"8","","","","F","F","F","F","F","F","F","F","F","keenv101","","keenv101","F","F","F","F","F","","","","",0,8,0,0,0,0,0,0,0,75,"NY1","NY1","CHN",1,"F","F",3,5,0,37,3,"T","F",5,1,"T","T","soutb101","meusi101","T","T",9,1,74,0,0,0,0,8,72,"hartg103","","hartg103",0,0,0,0,0,0,0,0,0,0,0,0,1,"statj101","F","F","F","F",0,1,0,5,0,0,0,0,0,0,F,F,"1924NY1.EVN.regular.event.csv",924
"NY1192406050","CHN",8,1,2,0,0,"",5,4,"soutb101","?","soutb101","?","keenv101","?","keenv101","?","hartg103","cotth101","grang102","fribb101","hollc101","grigd101","statj101","heatc101","younr101","","","8/F8D","F","F",8,3,2,"T","T",0,"F","F",1,"F","F",0,"F","F",8,"F","F","F","8D",0,0,"N",0,"N",0,"N",0,1,0,0,"8","","","","F","F","F","F","F","F","F","F","F","keenv101","","","F","F","F","F","F","","","","",0,8,0,0,0,0,0,0,0,76,"NY1","NY1","CHN",1,"F","T",4,5,1,38,4,"T","F",1,1,"T","T","meusi101","kellg101","T","T",9,1,74,0,0,0,0,0,0,"hartg103","","",0,0,0,0,0,0,0,0,0,0,0,0,0,"statj101","F","F","F","F",0,1,0,0,0,0,0,0,0,0,F,F,"1924NY1.EVN.regular.event.csv",925
"NY1192406050","CHN",9,0,0,0,0,"",5,4,"heatc101","?","heatc101","?","huntw101","?","huntw101","?","gowdh101","kellg101","frisf101","grohh101","jackt101","meusi101","soutb101","younr101","","","","S9","T","F",9,7,20,"T","T",1,"F","F",0,"F","F",0,"F","F",9,"","F","F","",0,0,"N",0,"N",0,"N",1,0,0,0,"","","","","F","F","F","F","F","F","F","F","F","","","","F","F","F","F","F","","","","",0,0,0,0,0,0,0,0,0,77,"NY1","CHN","NY1",0,"T","F",5,4,0,33,0,"T","F",0,1,"T","T","hartg103","keenv101","F","F",0,0,0,0,0,0,0,0,0,"","","",0,0,0,0,0,0,0,0,0,0,0,0,0,"younr101","F","F","F","F",4,0,0,0,1,0,0,0,0,0,F,F,"1924NY1.EVN.regular.event.csv",926
"NY1192406050","CHN",9,0,0,0,0,"",5,4,"hartg103","?","hartg103","?","huntw101","?","huntw101","?","gowdh101","kellg101","frisf101","grohh101","jackt101","meusi101","soutb101","younr101","heatc101","","","53/SH.1-2","F","F",2,8,2,"T","F",0,"T","F",1,"F","F",0,"F","F",5,"G","T","F","",0,0,"N",0,"N",0,"N",0,2,0,0,"53","","","","F","F","F","F","F","F","F","F","F","huntw101","","","F","F","F","F","F","","","","",0,3,0,0,5,0,0,0,0,78,"NY1","CHN","NY1",0,"F","F",5,4,0,34,1,"T","F",1,2,"T","T","keenv101","statj101","F","F",9,7,77,0,0,0,0,0,0,"gowdh101","","",0,0,0,0,0,0,0,0,0,0,0,0,0,"grohh101","F","F","F","F",0,4,0,0,1,0,0,0,0,0,F,F,"1924NY1.EVN.regular.event.csv",927
"NY1192406050","CHN",9,0,1,0,0,"",5,4,"keenv101","?","keenv101","?","huntw101","?","huntw101","?","gowdh101","kellg101","frisf101","grohh101","jackt101","meusi101","soutb101","younr101","","heatc101","","13.2-3","F","F",1,9,2,"T","T",0,"F","F",1,"F","F",0,"F","F",1,"G","F","F","",0,0,"N",0,"N",0,"N",0,0,3,0,"13","","","","F","F","F","F","F","F","F","F","F","","huntw101","","F","F","F","F","F","","","","",0,3,0,0,1,0,0,0,0,79,"NY1","CHN","NY1",0,"F","F",5,4,0,35,2,"T","F",2,4,"T","T","statj101","hollc101","F","F",0,0,0,9,7,77,0,0,0,"","gowdh101","",0,0,0,0,0,0,0,0,0,0,0,0,0,"huntw101","F","F","F","F",0,0,4,0,1,0,0,0,0,0,F,F,"1924NY1.EVN.regular.event.csv",928
"NY1192406050","CHN",9,0,2,0,0,"",5,4,"statj101","?","statj101","?","huntw101","?","huntw101","?","gowdh101","kellg101","frisf101","grohh101","jackt101","meusi101","soutb101","younr101","","","heatc101","SBH.3-H(WP)","F","F",8,1,4,"F","F",0,"F","F",0,"F","F",0,"T","F",0,"","F","F","",0,0,"N",0,"N",0,"N",0,0,0,4,"","","","","F","F","T","F","F","F","F","F","F","","","huntw101","F","F","F","F","F","","","","",0,0,0,0,0,0,0,0,0,80,"NY1","CHN","NY1",0,"F","F",5,4,0,36,3,"T","F",4,0,"T","T","hollc101","grang102","F","F",0,0,0,0,0,0,9,7,77,"","","gowdh101",0,0,0,0,0,0,0,0,0,0,0,0,1,"","F","F","F","F",0,0,0,4,0,0,0,0,0,0,F,F,"1924NY1.EVN.regular.event.csv",929
"NY1192406050","CHN",9,0,2,0,0,"",6,4,"statj101","?","statj101","?","huntw101","?","huntw101","?","gowdh101","kellg101","frisf101","grohh101","jackt101","meusi101","soutb101","younr101","","","","W","F","F",8,1,14,"T","F",0,"F","F",0,"F","F",0,"F","F",0,"","F","F","",0,0,"N",0,"N",0,"N",1,0,0,0,"","","","","F","F","F","F","F","F","F","F","F","","","","F","F","F","F","F","","","","",0,0,0,0,0,0,0,0,0,81,"NY1","CHN","NY1",0,"F","F",6,4,1,36,3,"F","F",0,1,"T","T","hollc101","grang102","F","F",0,0,0,0,0,0,0,0,0,"","","",0,0,0,0,0,0,0,0,0,0,0,0,0,"","F","F","F","F",0,0,0,0,0,0,0,0,0,0,F,F,"1924NY1.EVN.regular.event.csv",930
"NY1192406050","CHN",9,0,2,0,0,"",6,4,"hollc101","?","hollc101","?","huntw101","?","huntw101","?","gowdh101","kellg101","frisf101","grohh101","jackt101","meusi101","soutb101","younr101","statj101","","","SB2","F","F",6,2,4,"F","F",0,"F","F",0,"F","F",0,"F","F",0,"","F","F","",0,0,"N",0,"N",0,"N",0,2,0,0,"","","","","T","F","F","F","F","F","F","F","F","huntw101","","","F","F","F","F","F","","","","",0,0,0,0,0,0,0,0,0,82,"NY1","CHN","NY1",0,"F","F",6,4,1,37,4,"T","F",1,2,"T","T","grang102","cotth101","F","F",8,1,81,0,0,0,0,0,0,"gowdh101","","",0,0,0,0,0,0,0,0,0,0,0,0,0,"","F","F","F","F",0,0,0,0,0,0,0,0,0,0,F,F,"1924NY1.EVN.regular.event.csv",931
"NY1192406050","CHN",9,0,2,0,0,"",6,4,"hollc101","?","hollc101","?","huntw101","?","huntw101","?","gowdh101","kellg101","frisf101","grohh101","jackt101","meusi101","soutb101","younr101","","statj101","","3/G","F","F",6,2,2,"T","T",0,"F","F",1,"F","F",0,"F","F",3,"G","F","F","",0,0,"N",0,"N",0,"N",0,0,2,0,"3","","","","F","F","F","F","F","F","F","F","F","","huntw101","","F","F","F","F","F","","","","",0,3,0,0,0,0,0,0,0,83,"NY1","CHN","NY1",0,"F","T",6,4,1,37,4,"F","F",2,2,"T","T","grang102","cotth101","F","F",0,0,0,8,1,81,0,0,0,"","gowdh101","",0,0,0,0,0,0,0,0,0,0,0,0,0,"kellg101","F","F","F","F",0,0,0,0,0,0,0,0,0,0,F,F,"1924NY1.EVN.regular.event.csv",932
"NY1192406050","CHN",9,1,0,0,0,"",6,4,"meusi101","?","meusi101","?","keenv101","?","keenv101","?","hartg103","cotth101","grang102","fribb101","hollc101","grigd101","statj101","heatc101","","","","5/P","T","F",7,4,2,"T","T",0,"F","F",1,"F","F",0,"F","F",5,"P","F","F","",0,0,"N",0,"N",0,"N",0,0,0,0,"5","","","","F","F","F","F","F","F","F","F","F","","","","F","F","F","F","F","","","","",0,5,0,0,0,0,0,0,0,84,"NY1","NY1","CHN",1,"T","F",4,6,0,39,0,"T","F",0,0,"T","T","kellg101","jackt101","T","T",0,0,0,0,0,0,0,0,0,"","","",0,0,0,0,0,0,0,0,0,0,0,0,0,"fribb101","F","F","F","F",0,0,0,0,0,0,0,0,0,0,F,F,"1924NY1.EVN.regular.event.csv",933
"NY1192406050","CHN",9,1,1,0,0,"",6,4,"kellg101","?","kellg101","?","keenv101","?","keenv101","?","hartg103","cotth101","grang102","fribb101","hollc101","grigd101","statj101","heatc101","","","","K","F","F",3,5,3,"T","T",0,"F","F",1,"F","F",0,"F","F",0,"","F","F","",0,0,"N",0,"N",0,"N",0,0,0,0,"2","","","","F","F","F","F","F","F","F","F","F","","","","F","F","F","F","F","","","","",0,2,0,0,0,0,0,0,0,85,"NY1","NY1","CHN",1,"F","F",4,6,0,40,1,"T","F",0,0,"T","T","jackt101","grohh101","T","T",0,0,0,0,0,0,0,0,0,"","","",0,0,0,0,0,0,0,0,0,0,0,0,0,"","F","F","F","F",0,0,0,0,0,0,0,0,0,0,F,F,"1924NY1.EVN.regular.event.csv",934
"NY1192406050","CHN",9,1,2,0,0,"",6,4,"jackt101","?","jackt101","?","keenv101","?","keenv101","?","hartg103","cotth101","grang102","fribb101","hollc101","grigd101","statj101","heatc101","","","","8/F","F","F",6,6,2,"T","T",0,"F","F",1,"F","F",0,"F","F",8,"F","F","F","",0,0,"N",0,"N",0,"N",0,0,0,0,"8","","","","F","F","F","F","F","F","F","F","F","","","","F","T","F","F","F","","","","",0,8,0,0,0,0,0,0,0,86,"NY1","NY1","CHN",1,"F","T",4,6,0,41,2,"T","F",0,0,"T","T","grohh101","gowdh101","T","T",0,0,0,0,0,0,0,0,0,"","","",0,0,0,0,0,0,0,0,0,0,0,0,0,"statj101","F","F","F","F",0,0,0,0,0,0,0,0,0,0,F,F,"1924NY1.EVN.regular.event.csv",935
"NY1192406070","CHN",1,0,0,0,0,"",0,0,"statj101","?","statj101","?","deanw101","?","deanw101","?","snydf101","kellg101","frisf101","grohh101","jackt101","meusi101","soutb101","younr101","","","","S8","T","F",8,1,20,"T","T",1,"F","F",0,"F","F",0,"F","F",8,"","F","F","",0,0,"N",0,"N",0,"N",1,0,0,0,"","","","","F","F","F","F","F","F","F","F","F","","","","T","F","F","F","F","","","","",0,0,0,0,0,0,0,0,0,1,"NY1","CHN","NY1",0,"T","F",0,0,0,0,0,"T","F",0,1,"T","T","hollc101","grang102","T","T",0,0,0,0,0,0,0,0,0,"","","",0,0,0,0,0,0,0,0,0,0,0,0,0,"soutb101","F","F","F","F",4,0,0,0,2,0,0,0,0,0,F,F,"1924NY1.EVN.regular.event.csv",936
"NY1192406070","CHN",1,0,0,0,0,"",0,0,"hollc101","?","hollc101","?","deanw101","?","deanw101","?","snydf101","kellg101","frisf101","grohh101","jackt101","meusi101","soutb101","younr101","statj101","","","5/FL","F","F",6,2,2,"T","T",0,"F","F",1,"F","F",0,"F","F",5,"F","F","T","",0,0,"N",0,"N",0,"N",0,1,0,0,"5","","","","F","F","F","F","F","F","F","F","F","deanw101","","","F","F","F","F","F","","","","",0,5,0,0,0,0,0,0,0,2,"NY1","CHN","NY1",0,"F","F",0,0,0,1,1,"T","F",1,1,"T","T","grang102","cotth101","T","T",8,1,1,0,0,0,0,0,0,"snydf101","","",0,0,0,0,0,0,0,0,0,0,0,0,0,"grohh101","F","F","F","F",0,4,0,0,2,0,0,0,0,0,F,F,"1924NY1.EVN.regular.event.csv",937
"NY1192406070","CHN",1,0,1,0,0,"",0,0,"grang102","?","grang102","?","deanw101","?","deanw101","?","snydf101","kellg101","frisf101","grohh101","jackt101","meusi101","soutb101","younr101","statj101","","","W.1-2","F","F",4,3,14,"T","F",0,"F","F",0,"F","F",0,"F","F",0,"","F","F","",0,0,"N",0,"N",0,"N",1,2,0,0,"","","","","F","F","F","F","F","F","F","F","F","deanw101","","","F","F","F","F","F","","","","",0,0,0,0,0,0,0,0,0,3,"NY1","CHN","NY1",0,"F","F",0,0,0,2,2,"T","F",1,3,"T","T","cotth101","fribb101","T","T",8,1,1,0,0,0,0,0,0,"snydf101","","",0,0,0,0,0,0,0,0,0,0,0,0,0,"","F","F","F","F",4,4,0,0,2,0,0,0,0,0,F,F,"1924NY1.EVN.regular.event.csv",938
"NY1192406070","CHN",1,0,1,0,0,"",0,0,"cotth101","?","cotth101","?","deanw101","?","deanw101","?","snydf101","kellg101","frisf101","grohh101","jackt101","meusi101","soutb101","younr101","grang102","statj101","","13.2-3;1-2","F","F",3,4,2,"T","T",0,"F","F",1,"F","F",0,"F","F",1,"G","F","F","",0,0,"N",0,"N",0,"N",0,2,3,0,"13","","","","F","F","F","F","F","F","F","F","F","deanw101","deanw101","","F","F","F","F","F","","","","",0,3,0,0,1,0,0,0,0,4,"NY1","CHN","NY1",0,"F","F",0,0,0,3,3,"T","F",3,6,"T","T","fribb101","grigd101","T","T",4,3,3,8,1,1,0,0,0,"snydf101","snydf101","",0,0,0,0,0,0,0,0,0,0,0,0,0,"deanw101","F","F","F","F",0,4,4,0,2,0,0,0,0,0,F,F,"1924NY1.EVN.regular.event.csv",939
"NY1192406070","CHN",1,0,2,0,0,"",0,0,"fribb101","?","fribb101","?","deanw101","?","deanw101","?","snydf101","kellg101","frisf101","grohh101","jackt101","meusi101","soutb101","younr101","","grang102","statj101","S7/L.3-H;2-H","F","F",5,5,20,"T","T",1,"F","F",0,"F","F",2,"F","F",7,"L","F","F","",0,0,"N",0,"N",0,"N",1,0,4,4,"","","","","F","F","F","F","F","F","F","F","F","","deanw101","deanw101","F","F","F","F","F","","","","",0,0,0,0,0,0,0,0,0,5,"NY1","CHN","NY1",0,"F","F",0,0,0,4,4,"T","F",6,1,"T","T","grigd101","heatc101","T","T",0,0,0,4,3,3,8,1,1,"","snydf101","snydf101",0,0,0,0,0,0,0,0,0,0,0,0,2,"meusi101","F","F","F","F",0,0,4,4,0,0,0,0,0,0,F,F,"1924NY1.EVN.regular.event.csv",940
"NY1192406070","CHN",1,0,2,0,0,"",2,0,"grigd101","?","grigd101","?","deanw101","?","deanw101","?","snydf101","kellg101","frisf101","grohh101","jackt101","meusi101","soutb101","younr101","fribb101","","","CS2(26)","F","F",7,6,6,"F","F",0,"F","F",1,"F","F",0,"F","F",0,"","F","F","",0,0,"N",0,"N",0,"N",0,0,0,0,"","26","","","F","F","F","T","F","F","F","F","F","deanw101","","","F","F","F","F","F","","","","",0,6,0,0,2,0,0,0,0,6,"NY1","CHN","NY1",0,"F","T",2,0,2,5,5,"T","T",1,0,"T","T","heatc101","hartg103","T","T",5,5,5,0,0,0,0,0,0,"snydf101","","",0,0,0,0,0,0,0,0,0,0,0,0,0,"","F","F","F","F",0,0,0,0,0,0,0,0,0,0,F,F,"1924NY1.EVN.regular.event.csv",941
"NY1192406070","CHN",1,1,0,0,0,"",2,0,"younr101","?","younr101","?","alexg102","?","alexg102","?","hartg103","cotth101","grang102","fribb101","hollc101","grigd101","statj101","heatc101","","","","43/G34","T","F",9,1,2,"T","T",0,"F","F",1,"F","F",0,"F","F",4,"G","F","F","34",0,0,"N",0,"N",0,"N",0,0,0,0,"43","","","","F","F","F","F","F","F","F","F","F","","","","F","F","F","F","F","","","","",0,3,0,0,4,0,0,0,0,7,"NY1","NY1","CHN",1,"T","F",0,2,0,0,0,"T","F",0,0,"T","T","frisf101","soutb101","T","T",0,0,0,0,0,0,0,0,0,"","","",0,0,0,0,0,0,0,0,0,0,0,0,0,"grang102","F","F","F","F",0,0,0,0,0,0,0,0,0,0,F,F,"1924NY1.EVN.regular.event.csv",942
"NY1192406070","CHN",1,1,1,0,0,"",2,0,"frisf101","?","frisf101","?","alexg102","?","alexg102","?","hartg103","cotth101","grang102","fribb101","hollc101","grigd101","statj101","heatc101","","","","7/L","F","F",4,2,2,"T","T",0,"F","F",1,"F","F",0,"F","F",7,"L","F","F","",0,0,"N",0,"N",0,"N",0,0,0,0,"7","","","","F","F","F","F","F","F","F","F","F","","","","F","F","F","F","F","","","","",0,7,0,0,0,0,0,0,0,8,"NY1","NY1","CHN",1,"F","F",0,2,0,1,1,"T","F",0,0,"T","T","soutb101","meusi101","T","T",0,0,0,0,0,0,0,0,0,"","","",0,0,0,0,0,0,0,0,0,0,0,0,0,"grigd101","F","F","F","F",0,0,0,0,0,0,0,0,0,0,F,F,"1924NY1.EVN.regular.event.csv",943
"NY1192406070","CHN",1,1,2,0,0,"",2,0,"soutb101","?","soutb101","?","alexg102","?","alexg102","?","hartg103","cotth101","grang102","fribb101","hollc101","grigd101","statj101","heatc101","","","","13","F","F",8,3,2,"T","T",0,"F","F",1,"F","F",0,"F","F",1,"G","F","F","",0,0,"N",0,"N",0,"N",0,0,0,0,"13","","","","F","F","F","F","F","F","F","F","F","","","","F","F","F","F","F","","","","",0,3,0,0,1,0,0,0,0,9,"NY1","NY1","CHN",1,"F","T",0,2,0,2,2,"T","F",0,0,"T","T","meusi101","kellg101","T","T",0,0,0,0,0,0,0,0,0,"","","",0,0,0,0,0,0,0,0,0,0,0,0,0,"alexg102","F","F","F","F",0,0,0,0,0,0,0,0,0,0,F,F,"1924NY1.EVN.regular.event.csv",944
"NY1192406070","CHN",2,0,0,0,0,"",2,0,"grigd101","?","grigd101","?","deanw101","?","deanw101","?","snydf101","kellg101","frisf101","grohh101","jackt101","meusi101","soutb101","younr101","","","","9/F9DW","T","F",7,6,2,"T","T",0,"F","F",1,"F","F",0,"F","F",9,"F","F","F","9DW",0,0,"N",0,"N",0,"N",0,0,0,0,"9","","","","F","F","F","F","F","F","F","F","F","","","","F","F","F","F","F","","","","",0,9,0,0,0,0,0,0,0,10,"NY1","CHN","NY1",0,"T","F",2,0,0,5,0,"T","F",0,0,"T","T","heatc101","hartg103","T","T",0,0,0,0,0,0,0,0,0,"","","",0,0,0,0,0,0,0,0,0,0,0,0,0,"younr101","F","F","F","F",0,0,0,0,0,0,0,0,0,0,F,F,"1924NY1.EVN.regular.event.csv",945
"NY1192406070","CHN",2,0,1,0,0,"",2,0,"heatc101","?","heatc101","?","deanw101","?","deanw101","?","snydf101","kellg101","frisf101","grohh101","jackt101","meusi101","soutb101","younr101","","","","S/4","F","F",9,7,20,"T","T",1,"F","F",0,"F","F",0,"F","F",0,"","F","F","4",0,0,"N",0,"N",0,"N",1,0,0,0,"","","","","F","F","F","F","F","F","F","F","F","","","","F","F","F","F","F","","","","",0,0,0,0,0,0,0,0,0,11,"NY1","CHN","NY1",0,"F","F",2,0,0,6,1,"T","F",0,1,"T","T","hartg103","alexg102","T","T",0,0,0,0,0,0,0,0,0,"","","",0,0,0,0,0,0,0,0,0,0,0,0,0,"","F","F","F","F",0,0,0,0,0,0,0,0,0,0,F,F,"1924NY1.EVN.regular.event.csv",946
"NY1192406070","CHN",2,0,1,0,0,"",2,0,"hartg103","?","hartg103","?","deanw101","?","deanw101","?","snydf101","kellg101","frisf101","grohh101","jackt101","meusi101","soutb101","younr101","heatc101","","","CS2(24)","F","F",2,8,6,"F","F",0,"F","F",1,"F","F",0,"F","F",0,"","F","F","",0,0,"N",0,"N",0,"N",0,0,0,0,"","24","","","F","F","F","T","F","F","F","F","F","deanw101","","","F","F","F","F","F","","","","",0,4,0,0,2,0,0,0,0,12,"NY1","CHN","NY1",0,"F","F",2,0,0,7,2,"T","F",1,0,"T","T","alexg102","statj101","T","T",9,7,11,0,0,0,0,0,0,"snydf101","","",0,0,0,0,0,0,0,0,0,0,0,0,0,"","F","F","F","F",0,0,0,0,0,0,0,0,0,0,F,F,"1924NY1.EVN.regular.event.csv",947
"NY1192406070","CHN",2,0,2,0,0,"",2,0,"hartg103","?","hartg103","?","deanw101","?","deanw101","?","snydf101","kellg101","frisf101","grohh101","jackt101","meusi101","soutb101","younr101","","","","S4/G4S","F","F",2,8,20,"T","T",1,"F","F",0,"F","F",0,"F","F",4,"G","F","F","4S",0,0,"N",0,"N",0,"N",1,0,0,0,"","","","","F","F","F","F","F","F","F","F","F","","","","F","F","F","F","F","","","","",0,0,0,0,0,0,0,0,0,13,"NY1","CHN","NY1",0,"F","F",2,0,0,7,2,"F","F",0,1,"T","T","alexg102","statj101","T","T",0,0,0,0,0,0,0,0,0,"","","",0,0,0,0,0,0,0,0,0,0,0,0,0,"frisf101","F","F","F","F",0,0,0,0,0,0,0,0,0,0,F,F,"1924NY1.EVN.regular.event.csv",948
"NY1192406070","CHN",2,0,2,0,0,"",2,0,"alexg102","?","alexg102","?","deanw101","?","deanw101","?","snydf101","kellg101","frisf101","grohh101","jackt101","meusi101","soutb101","younr101","hartg103","","","S7/5.1-3","F","F",1,9,20,"T","T",1,"F","F",0,"F","F",0,"F","F",7,"","F","F","5",0,0,"N",0,"N",0,"N",1,3,0,0,"","","","","F","F","F","F","F","F","F","F","F","deanw101","","","F","F","F","F","F","","","","",0,0,0,0,0,0,0,0,0,14,"NY1","CHN","NY1",0,"F","F",2,0,0,8,3,"T","F",1,5,"T","T","statj101","hollc101","T","T",2,8,13,0,0,0,0,0,0,"snydf101","","",0,0,0,0,0,0,0,0,0,0,0,0,0,"meusi101","F","F","F","F",0,0,0,0,0,0,0,0,0,0,F,F,"1924NY1.EVN.regular.event.csv",949
"NY1192406070","CHN",2,0,2,0,0,"",2,0,"statj101","?","statj101","?","deanw101","?","deanw101","?","snydf101","kellg101","frisf101","grohh101","jackt101","meusi101","soutb101","younr101","alexg102","","hartg103","6(1)/FO","F","F",8,1,2,"T","T",0,"F","F",1,"F","F",0,"F","F",6,"G","F","F","",0,0,"N",0,"N",0,"N",1,0,0,3,"","6","","","F","F","F","F","F","F","F","F","F","deanw101","","deanw101","F","F","F","F","F","","","","",0,6,0,0,0,0,0,0,0,15,"NY1","CHN","NY1",0,"F","T",2,0,0,9,4,"T","F",5,5,"T","T","hollc101","grang102","T","T",1,9,14,0,0,0,2,8,13,"snydf101","","snydf101",0,0,0,0,0,0,0,0,0,0,0,0,0,"jackt101","T","F","F","F",0,0,0,0,0,0,0,0,0,0,F,F,"1924NY1.EVN.regular.event.csv",950
"NY1192406070","CHN",2,1,0,0,0,"",2,0,"meusi101","?","meusi101","?","alexg102","?","alexg102","?","hartg103","cotth101","grang102","fribb101","hollc101","grigd101","statj101","heatc101","","","","2/FL","T","F",7,4,2,"T","T",0,"F","F",1,"F","F",0,"F","F",2,"F","F","T","",0,0,"N",0,"N",0,"N",0,0,0,0,"2","","","","F","F","F","F","F","F","F","F","F","","","","F","F","F","F","F","","","","",0,2,0,0,0,0,0,0,0,16,"NY1","NY1","CHN",1,"T","F",0,2,0,3,0,"T","F",0,0,"T","T","kellg101","jackt101","T","T",0,0,0,0,0,0,0,0,0,"","","",0,0,0,0,0,0,0,0,0,0,0,0,0,"hartg103","F","F","F","F",0,0,0,0,0,0,0,0,0,0,F,F,"1924NY1.EVN.regular.event.csv",951
"NY1192406070","CHN",2,1,1,0,0,"",2,0,"kellg101","?","kellg101","?","alexg102","?","alexg102","?","hartg103","cotth101","grang102","fribb101","hollc101","grigd101","statj101","heatc101","","","","S7/7LS.BX2(76)","F","F",3,5,20,"T","T",1,"F","F",1,"F","F",0,"F","F",7,"","F","F","7LS",0,0,"N",0,"N",0,"N",0,0,0,0,"76","","","","F","F","F","F","F","F","F","F","F","","","","F","F","F","F","F","","","","",0,6,0,0,7,0,0,0,0,17,"NY1","NY1","CHN",1,"F","F",0,2,0,4,1,"T","F",0,0,"T","T","jackt101","grohh101","T","T",0,0,0,0,0,0,0,0,0,"","","",0,0,0,0,0,0,0,0,0,0,0,0,0,"grigd101","F","F","F","F",0,0,0,0,0,0,0,0,0,0,F,F,"1924NY1.EVN.regular.event.csv",952
"NY1192406070","CHN",2,1,2,0,0,"",2,0,"jackt101","?","jackt101","?","alexg102","?","alexg102","?","hartg103","cotth101","grang102","fribb101","hollc101","grigd101","statj101","heatc101","","","","5/P","F","F",6,6,2,"T","T",0,"F","F",1,"F","F",0,"F","F",5,"P","F","F","",0,0,"N",0,"N",0,"N",0,0,0,0,"5","","","","F","F","F","F","F","F","F","F","F","","","","F","F","F","F","F","","","","",0,5,0,0,0,0,0,0,0,18,"NY1","NY1","CHN",1,"F","T",0,2,0,5,2,"T","F",0,0,"T","T","grohh101","snydf101","T","T",0,0,0,0,0,0,0,0,0,"","","",0,0,0,0,0,0,0,0,0,0,0,0,0,"fribb101","F","F","F","F",0,0,0,0,0,0,0,0,0,0,F,F,"1924NY1.EVN.regular.event.csv",953
"NY1192406070","CHN",3,0,0,0,0,"",2,0,"hollc101","?","hollc101","?","deanw101","?","deanw101","?","snydf101","kellg101","frisf101","grohh101","jackt101","meusi101","soutb101","younr101","","","","3/G","T","F",6,2,2,"T","T",0,"F","F",1,"F","F",0,"F","F",3,"G","F","F","",0,0,"N",0,"N",0,"N",0,0,0,0,"3","","","","F","F","F","F","F","F","F","F","F","","","","F","F","F","F","F","","","","",0,3,0,0,0,0,0,0,0,19,"NY1","CHN","NY1",0,"T","F",2,0,0,10,0,"T","F",0,0,"T","T","grang102","cotth101","T","T",0,0,0,0,0,0,0,0,0,"","","",0,0,0,0,0,0,0,0,0,0,0,0,0,"kellg101","F","F","F","F",0,0,0,0,0,0,0,0,0,0,F,F,"1924NY1.EVN.regular.event.csv",954
"NY1192406070","CHN",3,0,1,0,0,"",2,0,"grang102","?","grang102","?","deanw101","?","deanw101","?","snydf101","kellg101","frisf101","grohh101","jackt101","meusi101","soutb101","younr101","","","","K","F","F",4,3,3,"T","T",0,"F","F",1,"F","F",0,"F","F",0,"","F","F","",0,0,"N",0,"N",0,"N",0,0,0,0,"2","","","","F","F","F","F","F","F","F","F","F","","","","F","F","F","F","F","","","","",0,2,0,0,0,0,0,0,0,20,"NY1","CHN","NY1",0,"F","F",2,0,0,11,1,"T","F",0,0,"T","T","cotth101","fribb101","T","T",0,0,0,0,0,0,0,0,0,"","","",0,0,0,0,0,0,0,0,0,0,0,0,0,"","F","F","F","F",0,0,0,0,0,0,0,0,0,0,F,F,"1924NY1.EVN.regular.event.csv",955
"NY1192406070","CHN",3,0,2,0,0,"",2,0,"cotth101","?","cotth101","?","deanw101","?","deanw101","?","snydf101","kellg101","frisf101","grohh101","jackt101","meusi101","soutb101","younr101","","","","D7","F","F",3,4,21,"T","T",2,"F","F",0,"F","F",0,"F","F",7,"","F","F","",0,0,"N",0,"N",0,"N",2,0,0,0,"","","","","F","F","F","F","F","F","F","F","F","","","","F","F","F","F","F","","","","",0,0,0,0,0,0,0,0,0,21,"NY1","CHN","NY1",0,"F","F",2,0,0,12,2,"T","F",0,2,"T","T","fribb101","grigd101","T","T",0,0,0,0,0,0,0,0,0,"","","",0,0,0,0,0,0,0,0,0,0,0,0,0,"meusi101","F","F","F","F",0,0,0,0,0,0,0,0,0,0,F,F,"1924NY1.EVN.regular.event.csv",956
"NY1192406070","CHN",3,0,2,0,0,"",2,0,"fribb101","?","fribb101","?","deanw101","?","deanw101","?","snydf101","kellg101","frisf101","grohh101","jackt101","meusi101","soutb101","younr101","","cotth101","","63","F","F",5,5,2,"T","T",0,"F","F",1,"F","F",0,"F","F",6,"G","F","F","",0,0,"N",0,"N",0,"N",0,0,2,0,"63","","","","F","F","F","F","F","F","F","F","F","","deanw101","","F","F","F","F","F","","","","",0,3,0,0,6,0,0,0,0,22,"NY1","CHN","NY1",0,"F","T",2,0,0,13,3,"T","F",2,2,"T","T","grigd101","heatc101","T","T",0,0,0,3,4,21,0,0,0,"","snydf101","",0,0,0,0,0,0,0,0,0,0,0,0,0,"jackt101","F","F","F","F",0,0,0,0,0,0,0,0,0,0,F,F,"1924NY1.EVN.regular.event.csv",957
"NY1192406070","CHN",3,1,0,0,0,"",2,0,"grohh101","?","grohh101","?","alexg102","?","alexg102","?","hartg103","cotth101","grang102","fribb101","hollc101","grigd101","statj101","heatc101","","","","43","T","F",5,7,2,"T","T",0,"F","F",1,"F","F",0,"F","F",4,"G","F","F","",0,0,"N",0,"N",0,"N",0,0,0,0,"43","","","","F","F","F","F","F","F","F","F","F","","","","F","F","F","F","F","","","","",0,3,0,0,4,0,0,0,0,23,"NY1","NY1","CHN",1,"T","F",0,2,0,6,0,"T","F",0,0,"T","T","snydf101","deanw101","T","T",0,0,0,0,0,0,0,0,0,"","","",0,0,0,0,0,0,0,0,0,0,0,0,0,"grang102","F","F","F","F",0,0,0,0,0,0,0,0,0,0,F,F,"1924NY1.EVN.regular.event.csv",958
"NY1192406070","CHN",3,1,1,0,0,"",2,0,"snydf101","?","snydf101","?","alexg102","?","alexg102","?","hartg103","cotth101","grang102","fribb101","hollc101","grigd101","statj101","heatc101","","","","8/L8XD","F","F",2,8,2,"T","T",0,"F","F",1,"F","F",0,"F","F",8,"L","F","F","8XD",0,0,"N",0,"N",0,"N",0,0,0,0,"8","","","","F","F","F","F","F","F","F","F","F","","","","F","F","F","F","F","","","","",0,8,0,0,0,0,0,0,0,24,"NY1","NY1","CHN",1,"F","F",0,2,0,7,1,"T","F",0,0,"T","T","deanw101","younr101","T","T",0,0,0,0,0,0,0,0,0,"","","",0,0,0,0,0,0,0,0,0,0,0,0,0,"statj101","F","F","F","F",0,0,0,0,0,0,0,0,0,0,F,F,"1924NY1.EVN.regular.event.csv",959
"NY1192406070","CHN",3,1,2,0,0,"",2,0,"deanw101","?","deanw101","?","alexg102","?","alexg102","?","hartg103","cotth101","grang102","fribb101","hollc101","grigd101","statj101","heatc101","","","","63","F","F",1,9,2,"T","T",0,"F","F",1,"F","F",0,"F","F",6,"G","F","F","",0,0,"N",0,"N",0,"N",0,0,0,0,"63","","","","F","F","F","F","F","F","F","F","F","","","","F","F","F","F","F","","","","",0,3,0,0,6,0,0,0,0,25,"NY1","NY1","CHN",1,"F","T",0,2,0,8,2,"T","F",0,0,"T","T","younr101","frisf101","T","T",0,0,0,0,0,0,0,0,0,"","","",0,0,0,0,0,0,0,0,0,0,0,0,0,"hollc101","F","F","F","F",0,0,0,0,0,0,0,0,0,0,F,F,"1924NY1.EVN.regular.event.csv",960
"NY1192406070","CHN",4,0,0,0,0,"",2,0,"grigd101","?","grigd101","?","deanw101","?","deanw101","?","snydf101","kellg101","frisf101","grohh101","jackt101","meusi101","soutb101","younr101","","","","13","T","F",7,6,2,"T","T",0,"F","F",1,"F","F",0,"F","F",1,"G","F","F","",0,0,"N",0,"N",0,"N",0,0,0,0,"13","","","","F","F","F","F","F","F","F","F","F","","","","F","F","F","F","F","","","","",0,3,0,0,1,0,0,0,0,26,"NY1","CHN","NY1",0,"T","F",2,0,0,14,0,"T","F",0,0,"T","T","heatc101","hartg103","T","T",0,0,0,0,0,0,0,0,0,"","","",0,0,0,0,0,0,0,0,0,0,0,0,0,"deanw101","F","F","F","F",0,0,0,0,1,0,0,0,0,0,F,F,"1924NY1.EVN.regular.event.csv",961
"NY1192406070","CHN",4,0,1,0,0,"",2,0,"heatc101","?","heatc101","?","deanw101","?","deanw101","?","snydf101","kellg101","frisf101","grohh101","jackt101","meusi101","soutb101","younr101","","","","S6/G6S","F","F",9,7,20,"T","T",1,"F","F",0,"F","F",0,"F","F",6,"G","F","F","6S",0,0,"N",0,"N",0,"N",1,0,0,0,"","","","","F","F","F","F","F","F","F","F","F","","","","F","F","F","F","F","","","","",0,0,0,0,0,0,0,0,0,27,"NY1","CHN","NY1",0,"F","F",2,0,0,15,1,"T","F",0,1,"T","T","hartg103","alexg102","T","T",0,0,0,0,0,0,0,0,0,"","","",0,0,0,0,0,0,0,0,0,0,0,0,0,"jackt101","F","F","F","F",4,0,0,0,1,0,0,0,0,0,F,F,"1924NY1.EVN.regular.event.csv",962
"NY1192406070","CHN",4,0,1,0,0,"",2,0,"hartg103","?","hartg103","?","deanw101","?","deanw101","?","snydf101","kellg101","frisf101","grohh101","jackt101","meusi101","soutb101","younr101","heatc101","","","S7.1-2","F","F",2,8,20,"T","T",1,"F","F",0,"F","F",0,"F","F",7,"","F","F","",0,0,"N",0,"N",0,"N",1,2,0,0,"","","","","F","F","F","F","F","F","F","F","F","deanw101","","","F","F","F","F","F","","","","",0,0,0,0,0,0,0,0,0,28,"NY1","CHN","NY1",0,"F","F",2,0,0,16,2,"T","F",1,3,"T","T","alexg102","statj101","T","T",9,7,27,0,0,0,0,0,0,"snydf101","","",0,0,0,0,0,0,0,0,0,0,0,0,0,"meusi101","F","F","F","F",0,4,0,0,1,0,0,0,0,0,F,F,"1924NY1.EVN.regular.event.csv",963
"NY1192406070","CHN",4,0,1,0,0,"",2,0,"alexg102","?","alexg102","?","deanw101","?","deanw101","?","snydf101","kellg101","frisf101","grohh101","jackt101","meusi101","soutb101","younr101","hartg103","heatc101","","S7/G5.2-H;1-3","F","F",1,9,20,"T","T",1,"F","F",0,"F","F",1,"F","F",7,"G","F","F","5",0,0,"N",0,"N",0,"N",1,3,4,0,"","","","","F","F","F","F","F","F","F","F","F","deanw101","deanw101","","F","F","F","F","F","","","","",0,0,0,0,0,0,0,0,0,29,"NY1","CHN","NY1",0,"F","F",2,0,0,17,3,"T","F",3,5,"T","T","statj101","hollc101","T","T",2,8,28,9,7,27,0,0,0,"snydf101","snydf101","",0,0,0,0,0,0,0,0,0,0,0,0,1,"meusi101","F","F","F","F",0,0,4,0,0,0,0,0,0,0,F,F,"1924NY1.EVN.regular.event.csv",964
"NY1192406070","CHN",4,0,1,0,0,"",3,0,"statj101","?","statj101","?","deanw101","?","deanw101","?","snydf101","kellg101","frisf101","grohh101","jackt101","meusi101","soutb101","younr101","alexg102","","hartg103","2/P","F","F",8,1,2,"T","T",0,"F","F",1,"F","F",0,"F","F",2,"P","F","F","",0,0,"N",0,"N",0,"N",0,1,0,3,"2","","","","F","F","F","F","F","F","F","F","F","deanw101","","deanw101","F","F","F","F","F","","","","",0,2,0,0,0,0,0,0,0,30,"NY1","CHN","NY1",0,"F","F",3,0,1,18,4,"T","F",5,5,"T","T","hollc101","grang102","T","T",1,9,29,0,0,0,2,8,28,"snydf101","","snydf101",0,0,0,0,0,0,0,0,0,0,0,0,0,"snydf101","F","F","F","F",0,0,0,0,0,0,0,0,0,0,F,F,"1924NY1.EVN.regular.event.csv",965
"NY1192406070","CHN",4,0,2,0,0,"",3,0,"hollc101","?","hollc101","?","deanw101","?","deanw101","?","snydf101","kellg101","frisf101","grohh101","jackt101","meusi101","soutb101","younr101","alexg102","","hartg103","43","F","F",6,2,2,"T","T",0,"F","F",1,"F","F",0,"F","F",4,"G","F","F","",0,0,"N",0,"N",0,"N",0,1,0,3,"43","","","","F","F","F","F","F","F","F","F","F","deanw101","","deanw101","F","F","F","F","F","","","","",0,3,0,0,4,0,0,0,0,31,"NY1","CHN","NY1",0,"F","T",3,0,1,19,5,"T","F",5,5,"T","T","grang102","cotth101","T","T",1,9,29,0,0,0,2,8,28,"snydf101","","snydf101",0,0,0,0,0,0,0,0,0,0,0,0,0,"frisf101","F","F","F","F",0,0,0,0,0,0,0,0,0,0,F,F,"1924NY1.EVN.regular.event.csv",966
"NY1192406070","CHN",4,1,0,0,0,"",3,0,"younr101","?","younr101","?","alexg102","?","alexg102","?","hartg103","cotth101","grang102","fribb101","hollc101","grigd101","statj101","heatc101","","","","8/F8S","T","F",9,1,2,"T","T",0,"F","F",1,"F","F",0,"F","F",8,"F","F","F","8S",0,0,"N",0,"N",0,"N",0,0,0,0,"8","","","","F","F","F","F","F","F","F","F","F","","","","F","F","F","F","F","","","","",0,8,0,0,0,0,0,0,0,32,"NY1","NY1","CHN",1,"T","F",0,3,0,9,0,"T","F",0,0,"T","T","frisf101","soutb101","T","T",0,0,0,0,0,0,0,0,0,"","","",0,0,0,0,0,0,0,0,0,0,0,0,0,"statj101","F","F","F","F",0,0,0,0,0,0,0,0,0,0,F,F,"1924NY1.EVN.regular.event.csv",967
"NY1192406070","CHN",4,1,1,0,0,"",3,0,"frisf101","?","frisf101","?","alexg102","?","alexg102","?","hartg103","cotth101","grang102","fribb101","hollc101","grigd101","statj101","heatc101","","","","13","F","F",4,2,2,"T","T",0,"F","F",1,"F","F",0,"F","F",1,"G","F","F","",0,0,"N",0,"N",0,"N",0,0,0,0,"13","","","","F","F","F","F","F","F","F","F","F","","","","F","F","F","F","F","","","","",0,3,0,0,1,0,0,0,0,33,"NY1","NY1","CHN",1,"F","F",0,3,0,10,1,"T","F",0,0,"T","T","soutb101","meusi101","T","T",0,0,0,0,0,0,0,0,0,"","","",0,0,0,0,0,0,0,0,0,0,0,0,0,"alexg102","F","F","F","F",0,0,0,0,0,0,0,0,0,0,F,F,"1924NY1.EVN.regular.event.csv",968
"NY1192406070","CHN",4,1,2,0,0,"",3,0,"soutb101","?","soutb101","?","alexg102","?","alexg102","?","hartg103","cotth101","grang102","fribb101","hollc101","grigd101","statj101","heatc101","","","","S7","F","F",8,3,20,"T","T",1,"F","F",0,"F","F",0,"F","F",7,"","F","F","",0,0,"N",0,"N",0,"N",1,0,0,0,"","","","","F","F","F","F","F","F","F","F","F","","","","F","F","F","F","F","","","","",0,0,0,0,0,0,0,0,0,34,"NY1","NY1","CHN",1,"F","F",0,3,0,11,2,"T","F",0,1,"T","T","meusi101","kellg101","T","T",0,0,0,0,0,0,0,0,0,"","","",0,0,0,0,0,0,0,0,0,0,0,0,0,"grigd101","F","F","F","F",0,0,0,0,0,0,0,0,0,0,F,F,"1924NY1.EVN.regular.event.csv",969
"NY1192406070","CHN",4,1,2,0,0,"",3,0,"meusi101","?","meusi101","?","alexg102","?","alexg102","?","hartg103","cotth101","grang102","fribb101","hollc101","grigd101","statj101","heatc101","soutb101","","","8/F","F","F",7,4,2,"T","T",0,"F","F",1,"F","F",0,"F","F",8,"F","F","F","",0,0,"N",0,"N",0,"N",0,1,0,0,"8","","","","F","F","F","F","F","F","F","F","F","alexg102","","","F","F","F","F","F","","","","",0,8,0,0,0,0,0,0,0,35,"NY1","NY1","CHN",1,"F","T",0,3,0,12,3,"T","F",1,1,"T","T","kellg101","jackt101","T","T",8,3,34,0,0,0,0,0,0,"hartg103","","",0,0,0,0,0,0,0,0,0,0,0,0,0,"statj101","F","F","F","F",0,0,0,0,0,0,0,0,0,0,F,F,"1924NY1.EVN.regular.event.csv",970
"NY1192406070","CHN",5,0,0,0,0,"",3,0,"grang102","?","grang102","?","deanw101","?","deanw101","?","snydf101","kellg101","frisf101","grohh101","jackt101","meusi101","soutb101","younr101","","","","43","T","F",4,3,2,"T","T",0,"F","F",1,"F","F",0,"F","F",4,"G","F","F","",0,0,"N",0,"N",0,"N",0,0,0,0,"43","","","","F","F","F","F","F","F","F","F","F","","","","F","F","F","F","F","","","","",0,3,0,0,4,0,0,0,0,36,"NY1","CHN","NY1",0,"T","F",3,0,0,20,0,"T","F",0,0,"T","T","cotth101","fribb101","T","T",0,0,0,0,0,0,0,0,0,"","","",0,0,0,0,0,0,0,0,0,0,0,0,0,"frisf101","F","F","F","F",0,0,0,0,0,0,0,0,0,0,F,F,"1924NY1.EVN.regular.event.csv",971
"NY1192406070","CHN",5,0,1,0,0,"",3,0,"cotth101","?","cotth101","?","deanw101","?","deanw101","?","snydf101","kellg101","frisf101","grohh101","jackt101","meusi101","soutb101","younr101","","","","7/L7DW","F","F",3,4,2,"T","T",0,"F","F",1,"F","F",0,"F","F",7,"L","F","F","7DW",0,0,"N",0,"N",0,"N",0,0,0,0,"7","","","","F","F","F","F","F","F","F","F","F","","","","F","F","F","F","F","","","","",0,7,0,0,0,0,0,0,0,37,"NY1","CHN","NY1",0,"F","F",3,0,0,21,1,"T","F",0,0,"T","T","fribb101","grigd101","T","T",0,0,0,0,0,0,0,0,0,"","","",0,0,0,0,0,0,0,0,0,0,0,0,0,"meusi101","F","F","F","F",0,0,0,0,0,0,0,0,0,0,F,F,"1924NY1.EVN.regular.event.csv",972
"NY1192406070","CHN",5,0,2,0,0,"",3,0,"fribb101","?","fribb101","?","deanw101","?","deanw101","?","snydf101","kellg101","frisf101","grohh101","jackt101","meusi101","soutb101","younr101","","","","4/P34D","F","F",5,5,2,"T","T",0,"F","F",1,"F","F",0,"F","F",4,"P","F","F","34D",0,0,"N",0,"N",0,"N",0,0,0,0,"4","","","","F","F","F","F","F","F","F","F","F","","","","F","F","F","F","F","","","","",0,4,0,0,0,0,0,0,0,38,"NY1","CHN","NY1",0,"F","T",3,0,0,22,2,"T","F",0,0,"T","T","grigd101","heatc101","T","T",0,0,0,0,0,0,0,0,0,"","","",0,0,0,0,0,0,0,0,0,0,0,0,0,"frisf101","F","F","F","F",0,0,0,0,0,0,0,0,0,0,F,F,"1924NY1.EVN.regular.event.csv",973
"NY1192406070","CHN",5,1,0,0,0,"",3,0,"kellg101","?","kellg101","?","alexg102","?","alexg102","?","hartg103","cotth101","grang102","fribb101","hollc101","grigd101","statj101","heatc101","","","","43","T","F",3,5,2,"T","T",0,"F","F",1,"F","F",0,"F","F",4,"G","F","F","",0,0,"N",0,"N",0,"N",0,0,0,0,"43","","","","F","F","F","F","F","F","F","F","F","","","","F","F","F","F","F","","","","",0,3,0,0,4,0,0,0,0,39,"NY1","NY1","CHN",1,"T","F",0,3,0,13,0,"T","F",0,0,"T","T","jackt101","grohh101","T","T",0,0,0,0,0,0,0,0,0,"","","",0,0,0,0,0,0,0,0,0,0,0,0,0,"grang102","F","F","F","F",0,0,0,0,0,0,0,0,0,0,F,F,"1924NY1.EVN.regular.event.csv",974
"NY1192406070","CHN",5,1,1,0,0,"",3,0,"jackt101","?","jackt101","?","alexg102","?","alexg102","?","hartg103","cotth101","grang102","fribb101","hollc101","grigd101","statj101","heatc101","","","","13/BG","F","F",6,6,2,"T","T",0,"F","F",1,"F","F",0,"F","F",1,"G","T","F","",0,0,"N",0,"N",0,"N",0,0,0,0,"13","","","","F","F","F","F","F","F","F","F","F","","","","F","F","F","F","F","","","","",0,3,0,0,1,0,0,0,0,40,"NY1","NY1","CHN",1,"F","F",0,3,0,14,1,"T","F",0,0,"T","T","grohh101","snydf101","T","T",0,0,0,0,0,0,0,0,0,"","","",0,0,0,0,0,0,0,0,0,0,0,0,0,"alexg102","F","F","F","F",0,0,0,0,0,0,0,0,0,0,F,F,"1924NY1.EVN.regular.event.csv",975
"NY1192406070","CHN",5,1,2,0,0,"",3,0,"grohh101","?","grohh101","?","alexg102","?","alexg102","?","hartg103","cotth101","grang102","fribb101","hollc101","grigd101","statj101","heatc101","","","","7/L","F","F",5,7,2,"T","T",0,"F","F",1,"F","F",0,"F","F",7,"L","F","F","",0,0,"N",0,"N",0,"N",0,0,0,0,"7","","","","F","F","F","F","F","F","F","F","F","","","","F","F","F","F","F","","","","",0,7,0,0,0,0,0,0,0,41,"NY1","NY1","CHN",1,"F","T",0,3,0,15,2,"T","F",0,0,"T","T","snydf101","deanw101","T","T",0,0,0,0,0,0,0,0,0,"","","",0,0,0,0,0,0,0,0,0,0,0,0,0,"grigd101","F","F","F","F",0,0,0,0,0,0,0,0,0,0,F,F,"1924NY1.EVN.regular.event.csv",976
"NY1192406070","CHN",6,0,0,0,0,"",3,0,"grigd101","?","grigd101","?","deanw101","?","deanw101","?","snydf101","kellg101","frisf101","grohh101","jackt101","meusi101","soutb101","younr101","","","","13","T","F",7,6,2,"T","T",0,"F","F",1,"F","F",0,"F","F",1,"G","F","F","",0,0,"N",0,"N",0,"N",0,0,0,0,"13","","","","F","F","F","F","F","F","F","F","F","","","","F","F","F","F","F","","","","",0,3,0,0,1,0,0,0,0,42,"NY1","CHN","NY1",0,"T","F",3,0,0,23,0,"T","F",0,0,"T","T","heatc101","hartg103","T","T",0,0,0,0,0,0,0,0,0,"","","",0,0,0,0,0,0,0,0,0,0,0,0,0,"deanw101","F","F","F","F",0,0,0,0,0,0,0,0,0,0,F,F,"1924NY1.EVN.regular.event.csv",977
"NY1192406070","CHN",6,0,1,0,0,"",3,0,"heatc101","?","heatc101","?","deanw101","?","deanw101","?","snydf101","kellg101","frisf101","grohh101","jackt101","meusi101","soutb101","younr101","","","","13","F","F",9,7,2,"T","T",0,"F","F",1,"F","F",0,"F","F",1,"G","F","F","",0,0,"N",0,"N",0,"N",0,0,0,0,"13","","","","F","F","F","F","F","F","F","F","F","","","","F","F","F","F","F","","","","",0,3,0,0,1,0,0,0,0,43,"NY1","CHN","NY1",0,"F","F",3,0,0,24,1,"T","F",0,0,"T","T","hartg103","alexg102","T","T",0,0,0,0,0,0,0,0,0,"","","",0,0,0,0,0,0,0,0,0,0,0,0,0,"deanw101","F","F","F","F",0,0,0,0,0,0,0,0,0,0,F,F,"1924NY1.EVN.regular.event.csv",978
"NY1192406070","CHN",6,0,2,0,0,"",3,0,"hartg103","?","hartg103","?","deanw101","?","deanw101","?","snydf101","kellg101","frisf101","grohh101","jackt101","meusi101","soutb101","younr101","","","","7/F7D","F","F",2,8,2,"T","T",0,"F","F",1,"F","F",0,"F","F",7,"F","F","F","7D",0,0,"N",0,"N",0,"N",0,0,0,0,"7","","","","F","F","F","F","F","F","F","F","F","","","","F","F","F","F","F","","","","",0,7,0,0,0,0,0,0,0,44,"NY1","CHN","NY1",0,"F","T",3,0,0,25,2,"T","F",0,0,"T","T","alexg102","statj101","T","T",0,0,0,0,0,0,0,0,0,"","","",0,0,0,0,0,0,0,0,0,0,0,0,0,"meusi101","F","F","F","F",0,0,0,0,0,0,0,0,0,0,F,F,"1924NY1.EVN.regular.event.csv",979
"NY1192406070","CHN",6,1,0,0,0,"",3,0,"snydf101","?","snydf101","?","alexg102","?","alexg102","?","hartg103","cotth101","grang102","fribb101","hollc101","grigd101","statj101","heatc101","","","","63","T","F",2,8,2,"T","T",0,"F","F",1,"F","F",0,"F","F",6,"G","F","F","",0,0,"N",0,"N",0,"N",0,0,0,0,"63","","","","F","F","F","F","F","F","F","F","F","","","","F","F","F","F","F","","","","",0,3,0,0,6,0,0,0,0,45,"NY1","NY1","CHN",1,"T","F",0,3,0,16,0,"T","F",0,0,"T","T","deanw101","younr101","T","T",0,0,0,0,0,0,0,0,0,"","","",0,0,0,0,0,0,0,0,0,0,0,0,0,"hollc101","F","F","F","F",0,0,0,0,0,0,0,0,0,0,F,F,"1924NY1.EVN.regular.event.csv",980
"NY1192406070","CHN",6,1,1,0,0,"",3,0,"terrb101","?","terrb101","?","alexg102","?","alexg102","?","hartg103","cotth101","grang102","fribb101","hollc101","grigd101","statj101","heatc101","","","","S5/G5S","F","T",11,9,20,"T","T",1,"F","F",0,"F","F",0,"F","F",5,"G","F","F","5S",0,0,"N",0,"N",0,"N",1,0,0,0,"","","","","F","F","F","F","F","F","F","F","F","","","","F","F","F","F","F","","","","deanw101",1,0,0,0,0,0,0,0,0,46,"NY1","NY1","CHN",1,"F","F",0,3,0,17,1,"T","F",0,1,"F","F","younr101","frisf101","T","T",0,0,0,0,0,0,0,0,0,"","","",0,0,0,0,0,0,0,0,0,0,0,0,0,"fribb101","F","F","F","F",2,0,0,0,0,0,0,0,0,0,F,F,"1924NY1.EVN.regular.event.csv",981
"NY1192406070","CHN",6,1,1,0,0,"",3,0,"younr101","?","younr101","?","alexg102","?","alexg102","?","hartg103","cotth101","grang102","fribb101","hollc101","grigd101","statj101","heatc101","terrb101","","","S9/L9DW.1-2","F","F",9,1,20,"T","T",1,"F","F",0,"F","F",0,"F","F",9,"L","F","F","9DW",0,0,"N",0,"N",0,"N",1,2,0,0,"","","","","F","F","F","F","F","F","F","F","F","alexg102","","","F","F","F","F","F","","","","",0,0,0,0,0,0,0,0,0,47,"NY1","NY1","CHN",1,"F","F",0,3,0,18,2,"T","F",1,3,"T","T","frisf101","soutb101","T","T",0,9,46,0,0,0,0,0,0,"hartg103","","",0,0,0,0,0,0,0,0,0,0,0,0,0,"heatc101","F","F","F","F",0,2,0,0,0,0,0,0,0,0,F,F,"1924NY1.EVN.regular.event.csv",982
"NY1192406070","CHN",6,1,1,0,0,"",3,0,"frisf101","?","frisf101","?","alexg102","?","alexg102","?","hartg103","cotth101","grang102","fribb101","hollc101","grigd101","statj101","heatc101","younr101","terrb101","","4(1)3/GDP","F","F",4,2,2,"T","T",0,"F","F",2,"T","F",0,"F","F",4,"G","F","F","",0,0,"N",0,"N",0,"N",0,0,2,0,"43","4","","","F","F","F","F","F","F","F","F","F","alexg102","alexg102","","F","F","F","F","F","","","","",0,4,3,0,4,0,0,0,0,48,"NY1","NY1","CHN",1,"F","T",0,3,0,19,3,"T","F",3,2,"T","T","soutb101","meusi101","T","T",9,1,47,0,9,46,0,0,0,"hartg103","hartg103","",0,0,0,0,0,0,0,0,0,0,0,0,0,"grang102","T","F","F","F",0,0,2,0,0,0,0,0,0,0,F,F,"1924NY1.EVN.regular.event.csv",983
"NY1192406070","CHN",7,0,0,0,0,"",3,0,"alexg102","?","alexg102","?","jonnc101","?","jonnc101","?","snydf101","kellg101","frisf101","grohh101","jackt101","meusi101","soutb101","younr101","","","","43","T","F",1,9,2,"T","T",0,"F","F",1,"F","F",0,"F","F",4,"G","F","F","",0,0,"N",0,"N",0,"N",0,0,0,0,"43","","","","F","F","F","F","F","F","F","F","F","","","","F","F","F","F","F","","","","",0,3,0,0,4,0,0,0,0,49,"NY1","CHN","NY1",0,"T","F",3,0,0,26,0,"T","F",0,0,"T","T","statj101","hollc101","F","F",0,0,0,0,0,0,0,0,0,"","","",0,0,0,0,0,0,0,0,0,0,0,0,0,"frisf101","F","F","F","F",0,0,0,0,0,0,0,0,0,0,F,F,"1924NY1.EVN.regular.event.csv",984
"NY1192406070","CHN",7,0,1,0,0,"",3,0,"statj101","?","statj101","?","jonnc101","?","jonnc101","?","snydf101","kellg101","frisf101","grohh101","jackt101","meusi101","soutb101","younr101","","","","4/P","F","F",8,1,2,"T","T",0,"F","F",1,"F","F",0,"F","F",4,"P","F","F","",0,0,"N",0,"N",0,"N",0,0,0,0,"4","","","","F","F","F","F","F","F","F","F","F","","","","F","F","F","F","F","","","","",0,4,0,0,0,0,0,0,0,50,"NY1","CHN","NY1",0,"F","F",3,0,0,27,1,"T","F",0,0,"T","T","hollc101","grang102","F","F",0,0,0,0,0,0,0,0,0,"","","",0,0,0,0,0,0,0,0,0,0,0,0,0,"frisf101","F","F","F","F",0,0,0,0,0,0,0,0,0,0,F,F,"1924NY1.EVN.regular.event.csv",985
"NY1192406070","CHN",7,0,2,0,0,"",3,0,"hollc101","?","hollc101","?","jonnc101","?","jonnc101","?","snydf101","kellg101","frisf101","grohh101","jackt101","meusi101","soutb101","younr101","","","","7/F","F","F",6,2,2,"T","T",0,"F","F",1,"F","F",0,"F","F",7,"F","F","F","",0,0,"N",0,"N",0,"N",0,0,0,0,"7","","","","F","F","F","F","F","F","F","F","F","","","","F","F","F","F","F","","","","",0,7,0,0,0,0,0,0,0,51,"NY1","CHN","NY1",0,"F","T",3,0,0,28,2,"T","F",0,0,"T","T","grang102","cotth101","F","F",0,0,0,0,0,0,0,0,0,"","","",0,0,0,0,0,0,0,0,0,0,0,0,0,"meusi101","F","F","F","F",0,0,0,0,0,0,0,0,0,0,F,F,"1924NY1.EVN.regular.event.csv",986
"NY1192406070","CHN",7,1,0,0,0,"",3,0,"soutb101","?","soutb101","?","alexg102","?","alexg102","?","hartg103","cotth101","grang102","fribb101","hollc101","grigd101","statj101","heatc101","","","","43","T","F",8,3,2,"T","T",0,"F","F",1,"F","F",0,"F","F",4,"G","F","F","",0,0,"N",0,"N",0,"N",0,0,0,0,"43","","","","F","F","F","F","F","F","F","F","F","","","","F","F","F","F","F","","","","",0,3,0,0,4,0,0,0,0,52,"NY1","NY1","CHN",1,"T","F",0,3,0,20,0,"T","F",0,0,"T","T","meusi101","kellg101","T","T",0,0,0,0,0,0,0,0,0,"","","",0,0,0,0,0,0,0,0,0,0,0,0,0,"grang102","F","F","F","F",0,0,0,0,0,0,0,0,0,0,F,F,"1924NY1.EVN.regular.event.csv",987
"NY1192406070","CHN",7,1,1,0,0,"",3,0,"meusi101","?","meusi101","?","alexg102","?","alexg102","?","hartg103","cotth101","grang102","fribb101","hollc101","grigd101","statj101","heatc101","","","","7/F","F","F",7,4,2,"T","T",0,"F","F",1,"F","F",0,"F","F",7,"F","F","F","",0,0,"N",0,"N",0,"N",0,0,0,0,"7","","","","F","F","F","F","F","F","F","F","F","","","","F","F","F","F","F","","","","",0,7,0,0,0,0,0,0,0,53,"NY1","NY1","CHN",1,"F","F",0,3,0,21,1,"T","F",0,0,"T","T","kellg101","jackt101","T","T",0,0,0,0,0,0,0,0,0,"","","",0,0,0,0,0,0,0,0,0,0,0,0,0,"grigd101","F","F","F","F",0,0,0,0,0,0,0,0,0,0,F,F,"1924NY1.EVN.regular.event.csv",988
"NY1192406070","CHN",7,1,2,0,0,"",3,0,"kellg101","?","kellg101","?","alexg102","?","alexg102","?","hartg103","cotth101","grang102","fribb101","hollc101","grigd101","statj101","heatc101","","","","K","F","F",3,5,3,"T","T",0,"F","F",1,"F","F",0,"F","F",0,"","F","F","",0,0,"N",0,"N",0,"N",0,0,0,0,"2","","","","F","F","F","F","F","F","F","F","F","","","","F","F","F","F","F","","","","",0,2,0,0,0,0,0,0,0,54,"NY1","NY1","CHN",1,"F","T",0,3,0,22,2,"T","F",0,0,"T","T","jackt101","grohh101","T","T",0,0,0,0,0,0,0,0,0,"","","",0,0,0,0,0,0,0,0,0,0,0,0,0,"","F","F","F","F",0,0,0,0,0,0,0,0,0,0,F,F,"1924NY1.EVN.regular.event.csv",989
"NY1192406070","CHN",8,0,0,0,0,"",3,0,"grang102","?","grang102","?","jonnc101","?","jonnc101","?","snydf101","kellg101","frisf101","grohh101","jackt101","meusi101","soutb101","younr101","","","","K","T","F",4,3,3,"T","T",0,"F","F",1,"F","F",0,"F","F",0,"","F","F","",0,0,"N",0,"N",0,"N",0,0,0,0,"2","","","","F","F","F","F","F","F","F","F","F","","","","F","F","F","F","F","","","","",0,2,0,0,0,0,0,0,0,55,"NY1","CHN","NY1",0,"T","F",3,0,0,29,0,"T","F",0,0,"T","T","cotth101","fribb101","F","F",0,0,0,0,0,0,0,0,0,"","","",0,0,0,0,0,0,0,0,0,0,0,0,0,"","F","F","F","F",0,0,0,0,0,0,0,0,0,0,F,F,"1924NY1.EVN.regular.event.csv",990
"NY1192406070","CHN",8,0,1,0,0,"",3,0,"cotth101","?","cotth101","?","jonnc101","?","jonnc101","?","snydf101","kellg101","frisf101","grohh101","jackt101","meusi101","soutb101","younr101","","","","S8","F","F",3,4,20,"T","T",1,"F","F",0,"F","F",0,"F","F",8,"","F","F","",0,0,"N",0,"N",0,"N",1,0,0,0,"","","","","F","F","F","F","F","F","F","F","F","","","","F","F","F","F","F","","","","",0,0,0,0,0,0,0,0,0,56,"NY1","CHN","NY1",0,"F","F",3,0,0,30,1,"T","F",0,1,"T","T","fribb101","grigd101","F","F",0,0,0,0,0,0,0,0,0,"","","",0,0,0,0,0,0,0,0,0,0,0,0,0,"soutb101","F","F","F","F",0,0,0,0,0,0,0,0,0,0,F,F,"1924NY1.EVN.regular.event.csv",991
"NY1192406070","CHN",8,0,1,0,0,"",3,0,"fribb101","?","fribb101","?","jonnc101","?","jonnc101","?","snydf101","kellg101","frisf101","grohh101","jackt101","meusi101","soutb101","younr101","cotth101","","","64(1)3/GDP","F","F",5,5,2,"T","T",0,"F","F",2,"T","F",0,"F","F",6,"G","F","F","",0,0,"N",0,"N",0,"N",0,0,0,0,"43","64","","","F","F","F","F","F","F","F","F","F","jonnc101","","","F","F","F","F","F","","","","",0,4,3,0,6,4,0,0,0,57,"NY1","CHN","NY1",0,"F","T",3,0,0,31,2,"T","F",1,0,"T","T","grigd101","heatc101","F","F",3,4,56,0,0,0,0,0,0,"snydf101","","",0,0,0,0,0,0,0,0,0,0,0,0,0,"jackt101","T","F","F","F",0,0,0,0,0,0,0,0,0,0,F,F,"1924NY1.EVN.regular.event.csv",992
"NY1192406070","CHN",8,1,0,0,0,"",3,0,"jackt101","?","jackt101","?","alexg102","?","alexg102","?","hartg103","cotth101","grang102","fribb101","hollc101","grigd101","statj101","heatc101","","","","K/C","T","F",6,6,3,"T","T",0,"F","F",1,"F","F",0,"F","F",0,"","F","F","",0,0,"N",0,"N",0,"N",0,0,0,0,"2","","","","F","F","F","F","F","F","F","F","F","","","","F","F","F","F","F","","","","",0,2,0,0,0,0,0,0,0,58,"NY1","NY1","CHN",1,"T","F",0,3,0,23,0,"T","F",0,0,"T","T","grohh101","snydf101","T","T",0,0,0,0,0,0,0,0,0,"","","",0,0,0,0,0,0,0,0,0,0,0,0,0,"","F","F","F","F",0,0,0,0,1,0,0,0,0,0,F,F,"1924NY1.EVN.regular.event.csv",993
"NY1192406070","CHN",8,1,1,0,0,"",3,0,"grohh101","?","grohh101","?","alexg102","?","alexg102","?","hartg103","cotth101","grang102","fribb101","hollc101","grigd101","statj101","heatc101","","","","D7/7L","F","F",5,7,21,"T","T",2,"F","F",0,"F","F",0,"F","F",7,"","F","F","7L",0,0,"N",0,"N",0,"N",2,0,0,0,"","","","","F","F","F","F","F","F","F","F","F","","","","F","F","F","F","F","","","","",0,0,0,0,0,0,0,0,0,59,"NY1","NY1","CHN",1,"F","F",0,3,0,24,1,"T","F",0,2,"T","T","snydf101","jonnc101","T","T",0,0,0,0,0,0,0,0,0,"","","",0,0,0,0,0,0,0,0,0,0,0,0,0,"grigd101","F","F","F","F",4,0,0,0,1,0,0,0,0,0,F,F,"1924NY1.EVN.regular.event.csv",994
"NY1192406070","CHN",8,1,1,0,0,"",3,0,"snydf101","?","snydf101","?","alexg102","?","alexg102","?","hartg103","cotth101","grang102","fribb101","hollc101","grigd101","statj101","heatc101","","grohh101","","D9/9L.2-H","F","F",2,8,21,"T","T",2,"F","F",0,"F","F",1,"F","F",9,"","F","F","9L",0,0,"N",0,"N",0,"N",2,0,4,0,"","","","","F","F","F","F","F","F","F","F","F","","alexg102","","F","F","F","F","F","","","","",0,0,0,0,0,0,0,0,0,60,"NY1","NY1","CHN",1,"F","F",0,3,0,25,2,"T","F",2,2,"T","T","jonnc101","younr101","T","T",0,0,0,5,7,59,0,0,0,"","hartg103","",0,0,0,0,0,0,0,0,0,0,0,0,1,"heatc101","F","F","F","F",3,0,4,0,0,0,0,0,0,0,F,F,"1924NY1.EVN.regular.event.csv",995
"NY1192406070","CHN",8,1,1,0,0,"",3,1,"bentj101","?","bentj101","?","alexg102","?","alexg102","?","hartg103","cotth101","grang102","fribb101","hollc101","grigd101","statj101","heatc101","","lindf101","","3/G.2-3","F","T",11,9,2,"T","T",0,"F","F",1,"F","F",0,"F","F",3,"G","F","F","",0,0,"N",0,"N",0,"N",0,0,3,0,"3","","","","F","F","F","F","F","F","F","F","F","","alexg102","","F","F","F","T","F","","snydf101","","jonnc101",1,3,0,0,0,0,0,0,0,61,"NY1","NY1","CHN",1,"F","F",1,3,1,26,3,"T","F",2,4,"F","F","younr101","frisf101","T","T",0,0,0,12,8,60,0,0,0,"","hartg103","",0,0,0,0,0,0,0,0,0,0,0,0,0,"cotth101","F","F","F","F",0,0,3,0,0,0,0,0,0,0,F,F,"1924NY1.EVN.regular.event.csv",996
"NY1192406070","CHN",8,1,2,0,0,"",3,1,"younr101","?","younr101","?","alexg102","?","alexg102","?","hartg103","cotth101","grang102","fribb101","hollc101","grigd101","statj101","heatc101","","","lindf101","8/F","F","F",9,1,2,"T","T",0,"F","F",1,"F","F",0,"F","F",8,"F","F","F","",0,0,"N",0,"N",0,"N",0,0,0,3,"8","","","","F","F","F","F","F","F","F","F","F","","","alexg102","F","F","F","F","F","","","","",0,8,0,0,0,0,0,0,0,62,"NY1","NY1","CHN",1,"F","T",1,3,1,27,4,"T","F",4,4,"T","T","frisf101","soutb101","T","T",0,0,0,0,0,0,0,8,60,"","","hartg103",0,0,0,0,0,0,0,0,0,0,0,0,0,"statj101","F","F","F","F",0,0,0,3,0,0,0,0,0,0,F,F,"1924NY1.EVN.regular.event.csv",997
"NY1192406070","CHN",9,0,0,0,0,"",3,1,"grigd101","?","grigd101","?","maune101","?","maune101","?","gowdh101","kellg101","frisf101","grohh101","jackt101","meusi101","soutb101","younr101","","","","K/C","T","F",7,6,3,"T","T",0,"F","F",1,"F","F",0,"F","F",0,"","F","F","",0,0,"N",0,"N",0,"N",0,0,0,0,"2","","","","F","F","F","F","F","F","F","F","F","","","","F","F","F","F","F","","","","",0,2,0,0,0,0,0,0,0,63,"NY1","CHN","NY1",0,"T","F",3,1,0,32,0,"T","F",0,0,"T","T","heatc101","hartg103","F","F",0,0,0,0,0,0,0,0,0,"","","",0,0,0,0,0,0,0,0,0,0,0,0,0,"","F","F","F","F",0,0,0,0,0,0,0,0,0,0,F,F,"1924NY1.EVN.regular.event.csv",998
"NY1192406070","CHN",9,0,1,0,0,"",3,1,"heatc101","?","heatc101","?","maune101","?","maune101","?","gowdh101","kellg101","frisf101","grohh101","jackt101","meusi101","soutb101","younr101","","","","63","F","F",9,7,2,"T","T",0,"F","F",1,"F","F",0,"F","F",6,"G","F","F","",0,0,"N",0,"N",0,"N",0,0,0,0,"63","","","","F","F","F","F","F","F","F","F","F","","","","F","F","F","F","F","","","","",0,3,0,0,6,0,0,0,0,64,"NY1","CHN","NY1",0,"F","F",3,1,0,33,1,"T","F",0,0,"T","T","hartg103","alexg102","F","F",0,0,0,0,0,0,0,0,0,"","","",0,0,0,0,0,0,0,0,0,0,0,0,0,"jackt101","F","F","F","F",0,0,0,0,0,0,0,0,0,0,F,F,"1924NY1.EVN.regular.event.csv",999
"NY1192406070","CHN",9,0,2,0,0,"",3,1,"hartg103","?","hartg103","?","maune101","?","maune101","?","gowdh101","kellg101","frisf101","grohh101","jackt101","meusi101","soutb101","younr101","","","","W","F","F",2,8,14,"T","F",0,"F","F",0,"F","F",0,"F","F",0,"","F","F","",0,0,"N",0,"N",0,"N",1,0,0,0,"","","","","F","F","F","F","F","F","F","F","F","","","","F","F","F","F","F","","","","",0,0,0,0,0,0,0,0,0,65,"NY1","CHN","NY1",0,"F","F",3,1,0,34,2,"T","F",0,1,"T","T","alexg102","statj101","F","F",0,0,0,0,0,0,0,0,0,"","","",0,0,0,0,0,0,0,0,0,0,0,0,0,"","F","F","F","F",0,0,0,0,0,0,0,0,0,0,F,F,"1924NY1.EVN.regular.event.csv",1000
"NY1192406070","CHN",9,0,2,0,0,"",3,1,"alexg102","?","alexg102","?","maune101","?","maune101","?","gowdh101","kellg101","frisf101","grohh101","jackt101","meusi101","soutb101","younr101","hartg103","","","53","F","F",1,9,2,"T","T",0,"F","F",1,"F","F",0,"F","F",5,"G","F","F","",0,0,"N",0,"N",0,"N",0,1,0,0,"53","","","","F","F","F","F","F","F","F","F","F","maune101","","","F","F","F","F","F","","","","",0,3,0,0,5,0,0,0,0,66,"NY1","CHN","NY1",0,"F","T",3,1,0,35,3,"T","F",1,1,"T","T","statj101","hollc101","F","F",2,8,65,0,0,0,0,0,0,"gowdh101","","",0,0,0,0,0,0,0,0,0,0,0,0,0,"grohh101","F","F","F","F",0,0,0,0,0,0,0,0,0,0,F,F,"1924NY1.EVN.regular.event.csv",1001
"NY1192406070","CHN",9,1,0,0,0,"",3,1,"frisf101","?","frisf101","?","alexg102","?","alexg102","?","hartg103","cotth101","grang102","fribb101","hollc101","grigd101","statj101","heatc101","","","","W","T","F",4,2,14,"T","F",0,"F","F",0,"F","F",0,"F","F",0,"","F","F","",0,0,"N",0,"N",0,"N",1,0,0,0,"","","","","F","F","F","F","F","F","F","F","F","","","","F","F","F","F","F","","","","",0,0,0,0,0,0,0,0,0,67,"NY1","NY1","CHN",1,"T","F",1,3,0,28,0,"T","F",0,1,"T","T","soutb101","meusi101","T","T",0,0,0,0,0,0,0,0,0,"","","",0,0,0,0,0,0,0,0,0,0,0,0,0,"","F","F","F","F",0,0,0,0,0,0,0,0,0,0,F,F,"1924NY1.EVN.regular.event.csv",1002
"NY1192406070","CHN",9,1,0,0,0,"",3,1,"soutb101","?","soutb101","?","alexg102","?","alexg102","?","hartg103","cotth101","grang102","fribb101","hollc101","grigd101","statj101","heatc101","frisf101","","","16(1)/FO","F","F",8,3,2,"T","T",0,"F","F",1,"F","F",0,"F","F",1,"G","F","F","",0,0,"N",0,"N",0,"N",1,0,0,0,"","16","","","F","F","F","F","F","F","F","F","F","alexg102","","","F","F","F","F","F","","","","",0,6,0,0,1,0,0,0,0,68,"NY1","NY1","CHN",1,"F","F",1,3,0,29,1,"T","F",1,1,"T","T","meusi101","kellg101","T","T",4,2,67,0,0,0,0,0,0,"hartg103","","",0,0,0,0,0,0,0,0,0,0,0,0,0,"alexg102","T","F","F","F",1,0,0,0,0,0,0,0,0,0,F,F,"1924NY1.EVN.regular.event.csv",1003
"NY1192406070","CHN",9,1,1,0,0,"",3,1,"meusi101","?","meusi101","?","alexg102","?","alexg102","?","hartg103","cotth101","grang102","fribb101","hollc101","grigd101","statj101","heatc101","soutb101","","","K","F","F",7,4,3,"T","T",0,"F","F",1,"F","F",0,"F","F",0,"","F","F","",0,0,"N",0,"N",0,"N",0,1,0,0,"2","","","","F","F","F","F","F","F","F","F","F","alexg102","","","F","F","F","F","F","","","","",0,2,0,0,0,0,0,0,0,69,"NY1","NY1","CHN",1,"F","F",1,3,0,30,2,"T","F",1,1,"T","T","kellg101","jackt101","T","T",8,3,68,0,0,0,0,0,0,"hartg103","","",0,0,0,0,0,0,0,0,0,0,0,0,0,"","F","F","F","F",0,1,0,0,0,0,0,0,0,0,F,F,"1924NY1.EVN.regular.event.csv",1004
"NY1192406070","CHN",9,1,2,0,0,"",3,1,"kellg101","?","kellg101","?","alexg102","?","alexg102","?","hartg103","cotth101","grang102","fribb101","hollc101","grigd101","statj101","heatc101","soutb101","","","13","F","F",3,5,2,"T","T",0,"F","F",1,"F","F",0,"F","F",1,"G","F","F","",0,0,"N",0,"N",0,"N",0,1,0,0,"13","","","","F","F","F","F","F","F","F","F","F","alexg102","","","F","T","F","F","F","","","","",0,3,0,0,1,0,0,0,0,70,"NY1","NY1","CHN",1,"F","T",1,3,0,31,3,"T","F",1,1,"T","T","jackt101","grohh101","T","T",8,3,68,0,0,0,0,0,0,"hartg103","","",0,0,0,0,0,0,0,0,0,0,0,0,0,"alexg102","F","F","F","F",0,1,0,0,0,0,0,0,0,0,F,F,"1924NY1.EVN.regular.event.csv",1005
"NY1192406080","PIT",1,0,0,0,0,"",0,0,"carem101","?","carem101","?","watsm103","?","watsm103","?","gowdh101","kellg101","frisf101","grohh101","jackt101","meusi101","soutb101","younr101","","","","6/P","T","F",8,1,2,"T","T",0,"F","F",1,"F","F",0,"F","F",6,"P","F","F","",0,0,"N",0,"N",0,"N",0,0,0,0,"6","","","","F","F","F","F","F","F","F","F","F","","","","T","F","F","F","F","","","","",0,6,0,0,0,0,0,0,0,1,"NY1","PIT","NY1",0,"T","F",0,0,0,0,0,"T","F",0,0,"T","T","bigbc101","wrigg102","T","T",0,0,0,0,0,0,0,0,0,"","","",0,0,0,0,0,0,0,0,0,0,0,0,0,"jackt101","F","F","F","F",0,0,0,0,0,0,0,0,0,0,F,F,"1924NY1.EVN.regular.event.csv",1006
"NY1192406080","PIT",1,0,1,0,0,"",0,0,"bigbc101","?","bigbc101","?","watsm103","?","watsm103","?","gowdh101","kellg101","frisf101","grohh101","jackt101","meusi101","soutb101","younr101","","","","S9","F","F",7,2,20,"T","T",1,"F","F",0,"F","F",0,"F","F",9,"","F","F","",0,0,"N",0,"N",0,"N",1,0,0,0,"","","","","F","F","F","F","F","F","F","F","F","","","","F","F","F","F","F","","","","",0,0,0,0,0,0,0,0,0,2,"NY1","PIT","NY1",0,"F","F",0,0,0,1,1,"T","F",0,1,"T","T","wrigg102","cuylk101","T","T",0,0,0,0,0,0,0,0,0,"","","",0,0,0,0,0,0,0,0,0,0,0,0,0,"younr101","F","F","F","F",0,0,0,0,0,0,0,0,0,0,F,F,"1924NY1.EVN.regular.event.csv",1007
"NY1192406080","PIT",1,0,1,0,0,"",0,0,"wrigg102","?","wrigg102","?","watsm103","?","watsm103","?","gowdh101","kellg101","frisf101","grohh101","jackt101","meusi101","soutb101","younr101","bigbc101","","","S8.1-2","F","F",6,3,20,"T","T",1,"F","F",0,"F","F",0,"F","F",8,"","F","F","",0,0,"N",0,"N",0,"N",1,2,0,0,"","","","","F","F","F","F","F","F","F","F","F","watsm103","","","F","F","F","F","F","","","","",0,0,0,0,0,0,0,0,0,3,"NY1","PIT","NY1",0,"F","F",0,0,0,2,2,"T","F",1,3,"T","T","cuylk101","trayp101","T","T",7,2,2,0,0,0,0,0,0,"gowdh101","","",0,0,0,0,0,0,0,0,0,0,0,0,0,"soutb101","F","F","F","F",0,0,0,0,0,0,0,0,0,0,F,F,"1924NY1.EVN.regular.event.csv",1008
"NY1192406080","PIT",1,0,1,0,0,"",0,0,"cuylk101","?","cuylk101","?","watsm103","?","watsm103","?","gowdh101","kellg101","frisf101","grohh101","jackt101","meusi101","soutb101","younr101","wrigg102","bigbc101","","3(B)6(2)/LDP","F","F",9,4,2,"T","T",0,"F","F",2,"T","F",0,"F","F",3,"L","F","F","",0,0,"N",0,"N",0,"N",0,1,0,0,"3","","36","","F","F","F","F","F","F","F","F","F","watsm103","watsm103","","F","F","F","F","F","","","","",0,3,6,0,3,0,0,0,0,4,"NY1","PIT","NY1",0,"F","T",0,0,0,3,3,"T","F",3,1,"T","T","trayp101","marar101","T","T",6,3,3,7,2,2,0,0,0,"gowdh101","gowdh101","",0,0,0,0,0,0,0,0,0,0,0,0,0,"kellg101","F","F","F","F",0,0,0,0,0,0,0,0,0,0,F,F,"1924NY1.EVN.regular.event.csv",1009
"NY1192406080","PIT",1,1,0,0,0,"",0,0,"younr101","?","younr101","?","morrj105","?","morrj105","?","goocj101","grimc101","marar101","trayp101","wrigg102","bigbc101","carem101","cuylk101","","","","W","T","F",9,1,14,"T","F",0,"F","F",0,"F","F",0,"F","F",0,"","F","F","",0,0,"N",0,"N",0,"N",1,0,0,0,"","","","","F","F","F","F","F","F","F","F","F","","","","F","F","F","F","F","","","","",0,0,0,0,0,0,0,0,0,5,"NY1","NY1","PIT",1,"T","F",0,0,0,0,0,"T","F",0,1,"T","T","frisf101","soutb101","T","T",0,0,0,0,0,0,0,0,0,"","","",0,0,0,0,0,0,0,0,0,0,0,0,0,"","F","F","F","F",0,0,0,0,0,0,0,0,0,0,F,F,"1924NY1.EVN.regular.event.csv",1010
"NY1192406080","PIT",1,1,0,0,0,"",0,0,"frisf101","?","frisf101","?","morrj105","?","morrj105","?","goocj101","grimc101","marar101","trayp101","wrigg102","bigbc101","carem101","cuylk101","younr101","","","64(1)/FO","F","F",4,2,2,"T","T",0,"F","F",1,"F","F",0,"F","F",6,"G","F","F","",0,0,"N",0,"N",0,"N",1,0,0,0,"","64","","","F","F","F","F","F","F","F","F","F","morrj105","","","F","F","F","F","F","","","","",0,4,0,0,6,0,0,0,0,6,"NY1","NY1","PIT",1,"F","F",0,0,0,1,1,"T","F",1,1,"T","T","soutb101","meusi101","T","T",9,1,5,0,0,0,0,0,0,"goocj101","","",0,0,0,0,0,0,0,0,0,0,0,0,0,"wrigg102","T","F","F","F",0,0,0,0,0,0,0,0,0,0,F,F,"1924NY1.EVN.regular.event.csv",1011
"NY1192406080","PIT",1,1,1,0,0,"",0,0,"soutb101","?","soutb101","?","morrj105","?","morrj105","?","goocj101","grimc101","marar101","trayp101","wrigg102","bigbc101","carem101","cuylk101","frisf101","","","9/F","F","F",8,3,2,"T","T",0,"F","F",1,"F","F",0,"F","F",9,"F","F","F","",0,0,"N",0,"N",0,"N",0,1,0,0,"9","","","","F","F","F","F","F","F","F","F","F","morrj105","","","F","F","F","F","F","","","","",0,9,0,0,0,0,0,0,0,7,"NY1","NY1","PIT",1,"F","F",0,0,0,2,2,"T","F",1,1,"T","T","meusi101","kellg101","T","T",4,2,6,0,0,0,0,0,0,"goocj101","","",0,0,0,0,0,0,0,0,0,0,0,0,0,"cuylk101","F","F","F","F",0,0,0,0,0,0,0,0,0,0,F,F,"1924NY1.EVN.regular.event.csv",1012
"NY1192406080","PIT",1,1,2,0,0,"",0,0,"meusi101","?","meusi101","?","morrj105","?","morrj105","?","goocj101","grimc101","marar101","trayp101","wrigg102","bigbc101","carem101","cuylk101","frisf101","","","9/F","F","F",7,4,2,"T","T",0,"F","F",1,"F","F",0,"F","F",9,"F","F","F","",0,0,"N",0,"N",0,"N",0,1,0,0,"9","","","","F","F","F","F","F","F","F","F","F","morrj105","","","F","F","F","F","F","","","","",0,9,0,0,0,0,0,0,0,8,"NY1","NY1","PIT",1,"F","T",0,0,0,3,3,"T","F",1,1,"T","T","kellg101","jackt101","T","T",4,2,6,0,0,0,0,0,0,"goocj101","","",0,0,0,0,0,0,0,0,0,0,0,0,0,"cuylk101","F","F","F","F",0,0,0,0,0,0,0,0,0,0,F,F,"1924NY1.EVN.regular.event.csv",1013
"NY1192406080","PIT",2,0,0,0,0,"",0,0,"trayp101","?","trayp101","?","watsm103","?","watsm103","?","gowdh101","kellg101","frisf101","grohh101","jackt101","meusi101","soutb101","younr101","","","","63","T","F",5,5,2,"T","T",0,"F","F",1,"F","F",0,"F","F",6,"G","F","F","",0,0,"N",0,"N",0,"N",0,0,0,0,"63","","","","F","F","F","F","F","F","F","F","F","","","","F","F","F","F","F","","","","",0,3,0,0,6,0,0,0,0,9,"NY1","PIT","NY1",0,"T","F",0,0,0,4,0,"T","F",0,0,"T","T","marar101","grimc101","T","T",0,0,0,0,0,0,0,0,0,"","","",0,0,0,0,0,0,0,0,0,0,0,0,0,"jackt101","F","F","F","F",0,0,0,0,0,0,0,0,0,0,F,F,"1924NY1.EVN.regular.event.csv",1014
"NY1192406080","PIT",2,0,1,0,0,"",0,0,"marar101","?","marar101","?","watsm103","?","watsm103","?","gowdh101","kellg101","frisf101","grohh101","jackt101","meusi101","soutb101","younr101","","","","8/L","F","F",4,6,2,"T","T",0,"F","F",1,"F","F",0,"F","F",8,"L","F","F","",0,0,"N",0,"N",0,"N",0,0,0,0,"8","","","","F","F","F","F","F","F","F","F","F","","","","F","F","F","F","F","","","","",0,8,0,0,0,0,0,0,0,10,"NY1","PIT","NY1",0,"F","F",0,0,0,5,1,"T","F",0,0,"T","T","grimc101","goocj101","T","T",0,0,0,0,0,0,0,0,0,"","","",0,0,0,0,0,0,0,0,0,0,0,0,0,"soutb101","F","F","F","F",0,0,0,0,0,0,0,0,0,0,F,F,"1924NY1.EVN.regular.event.csv",1015
"NY1192406080","PIT",2,0,2,0,0,"",0,0,"grimc101","?","grimc101","?","watsm103","?","watsm103","?","gowdh101","kellg101","frisf101","grohh101","jackt101","meusi101","soutb101","younr101","","","","S9","F","F",3,7,20,"T","T",1,"F","F",0,"F","F",0,"F","F",9,"","F","F","",0,0,"N",0,"N",0,"N",1,0,0,0,"","","","","F","F","F","F","F","F","F","F","F","","","","F","F","F","F","F","","","","",0,0,0,0,0,0,0,0,0,11,"NY1","PIT","NY1",0,"F","F",0,0,0,6,2,"T","F",0,1,"T","T","goocj101","morrj105","T","T",0,0,0,0,0,0,0,0,0,"","","",0,0,0,0,0,0,0,0,0,0,0,0,0,"younr101","F","F","F","F",0,0,0,0,0,0,0,0,0,0,F,F,"1924NY1.EVN.regular.event.csv",1016
"NY1192406080","PIT",2,0,2,0,0,"",0,0,"goocj101","?","goocj101","?","watsm103","?","watsm103","?","gowdh101","kellg101","frisf101","grohh101","jackt101","meusi101","soutb101","younr101","grimc101","","","W.1-2","F","F",2,8,14,"T","F",0,"F","F",0,"F","F",0,"F","F",0,"","F","F","",0,0,"N",0,"N",0,"N",1,2,0,0,"","","","","F","F","F","F","F","F","F","F","F","watsm103","","","F","F","F","F","F","","","","",0,0,0,0,0,0,0,0,0,12,"NY1","PIT","NY1",0,"F","F",0,0,0,7,3,"T","F",1,3,"T","T","morrj105","carem101","T","T",3,7,11,0,0,0,0,0,0,"gowdh101","","",0,0,0,0,0,0,0,0,0,0,0,0,0,"","F","F","F","F",0,0,0,0,0,0,0,0,0,0,F,F,"1924NY1.EVN.regular.event.csv",1017
"NY1192406080","PIT",2,0,2,0,0,"",0,0,"morrj105","?","morrj105","?","watsm103","?","watsm103","?","gowdh101","kellg101","frisf101","grohh101","jackt101","meusi101","soutb101","younr101","goocj101","grimc101","","4/P","F","F",1,9,2,"T","T",0,"F","F",1,"F","F",0,"F","F",4,"P","F","F","",0,0,"N",0,"N",0,"N",0,1,2,0,"4","","","","F","F","F","F","F","F","F","F","F","watsm103","watsm103","","F","F","F","F","F","","","","",0,4,0,0,0,0,0,0,0,13,"NY1","PIT","NY1",0,"F","T",0,0,0,8,4,"T","F",3,3,"T","T","carem101","bigbc101","T","T",2,8,12,3,7,11,0,0,0,"gowdh101","gowdh101","",0,0,0,0,0,0,0,0,0,0,0,0,0,"frisf101","F","F","F","F",0,0,0,0,0,0,0,0,0,0,F,F,"1924NY1.EVN.regular.event.csv",1018
"NY1192406080","PIT",2,1,0,0,0,"",0,0,"kellg101","?","kellg101","?","morrj105","?","morrj105","?","goocj101","grimc101","marar101","trayp101","wrigg102","bigbc101","carem101","cuylk101","","","","163","T","F",3,5,2,"T","T",0,"F","F",1,"F","F",0,"F","F",1,"G","F","F","",0,0,"N",0,"N",0,"N",0,0,0,0,"163","","","","F","F","F","F","F","F","F","F","F","","","","F","F","F","F","F","","","","",0,3,0,0,1,6,0,0,0,14,"NY1","NY1","PIT",1,"T","F",0,0,0,4,0,"T","F",0,0,"T","T","jackt101","grohh101","T","T",0,0,0,0,0,0,0,0,0,"","","",0,0,0,0,0,0,0,0,0,0,0,0,0,"morrj105","F","F","F","F",0,0,0,0,4,0,0,0,0,0,F,F,"1924NY1.EVN.regular.event.csv",1019
"NY1192406080","PIT",2,1,1,0,0,"",0,0,"jackt101","?","jackt101","?","morrj105","?","morrj105","?","goocj101","grimc101","marar101","trayp101","wrigg102","bigbc101","carem101","cuylk101","","","","S7/5D","F","F",6,6,20,"T","T",1,"F","F",0,"F","F",0,"F","F",7,"","F","F","5D",0,0,"N",0,"N",0,"N",1,0,0,0,"","","","","F","F","F","F","F","F","F","F","F","","","","F","F","F","F","F","","","","",0,0,0,0,0,0,0,0,0,15,"NY1","NY1","PIT",1,"F","F",0,0,0,5,1,"T","F",0,1,"T","T","grohh101","gowdh101","T","T",0,0,0,0,0,0,0,0,0,"","","",0,0,0,0,0,0,0,0,0,0,0,0,0,"bigbc101","F","F","F","F",4,0,0,0,4,0,0,0,0,0,F,F,"1924NY1.EVN.regular.event.csv",1020
"NY1192406080","PIT",2,1,1,0,0,"",0,0,"grohh101","?","grohh101","?","morrj105","?","morrj105","?","goocj101","grimc101","marar101","trayp101","wrigg102","bigbc101","carem101","cuylk101","jackt101","","","D7/7LS.1-3","F","F",5,7,21,"T","T",2,"F","F",0,"F","F",0,"F","F",7,"","F","F","7LS",0,0,"N",0,"N",0,"N",2,3,0,0,"","","","","F","F","F","F","F","F","F","F","F","morrj105","","","F","F","F","F","F","","","","",0,0,0,0,0,0,0,0,0,16,"NY1","NY1","PIT",1,"F","F",0,0,0,6,2,"T","F",1,6,"T","T","gowdh101","watsm103","T","T",6,6,15,0,0,0,0,0,0,"goocj101","","",0,0,0,0,0,0,0,0,0,0,0,0,0,"bigbc101","F","F","F","F",4,4,0,0,4,0,0,0,0,0,F,F,"1924NY1.EVN.regular.event.csv",1021
"NY1192406080","PIT",2,1,1,0,0,"",0,0,"gowdh101","?","gowdh101","?","morrj105","?","morrj105","?","goocj101","grimc101","marar101","trayp101","wrigg102","bigbc101","carem101","cuylk101","","grohh101","jackt101","IW","F","F",2,8,15,"T","F",0,"F","F",0,"F","F",0,"F","F",0,"","F","F","",0,0,"N",0,"N",0,"N",1,0,2,3,"","","","","F","F","F","F","F","F","F","F","F","","morrj105","morrj105","F","F","F","F","F","","","","",0,0,0,0,0,0,0,0,0,17,"NY1","NY1","PIT",1,"F","F",0,0,0,7,3,"T","F",6,7,"T","T","watsm103","younr101","T","T",0,0,0,5,7,16,6,6,15,"","goocj101","goocj101",0,0,0,0,0,0,0,0,0,0,0,0,0,"","F","F","F","F",4,0,4,4,4,0,0,0,0,0,F,F,"1924NY1.EVN.regular.event.csv",1022
"NY1192406080","PIT",2,1,1,0,0,"X",0,0,"watsm103","?","watsm103","?","morrj105","?","morrj105","?","goocj101","grimc101","marar101","trayp101","wrigg102","bigbc101","carem101","cuylk101","gowdh101","grohh101","jackt101","HR/F7LD.3-H;2-H;1-H","F","F",1,9,23,"T","T",4,"F","F",0,"F","F",4,"F","F",0,"F","F","F","7LD",0,0,"N",0,"N",0,"N",4,4,4,4,"","","","","F","F","F","F","F","F","F","F","F","morrj105","morrj105","morrj105","F","F","F","F","F","","","","",0,0,0,0,0,0,0,0,0,18,"NY1","NY1","PIT",1,"F","F",0,0,0,8,4,"T","F",7,0,"T","T","younr101","frisf101","T","T",2,8,17,5,7,16,6,6,15,"goocj101","goocj101","goocj101",0,0,0,0,0,0,1,0,0,0,1,0,4,"","F","F","F","F",4,4,4,4,0,0,0,0,0,0,F,F,"1924NY1.EVN.regular.event.csv",1023
"NY1192406080","PIT",2,1,1,0,0,"",0,4,"younr101","?","younr101","?","morrj105","?","morrj105","?","goocj101","grimc101","marar101","trayp101","wrigg102","bigbc101","carem101","cuylk101","","","","8/F","F","F",9,1,2,"T","T",0,"F","F",1,"F","F",0,"F","F",8,"F","F","F","",0,0,"N",0,"N",0,"N",0,0,0,0,"8","","","","F","F","F","F","F","F","F","F","F","","","","F","F","F","F","F","","","","",0,8,0,0,0,0,0,0,0,19,"NY1","NY1","PIT",1,"F","F",4,0,4,9,5,"T","F",0,0,"T","T","frisf101","soutb101","T","T",0,0,0,0,0,0,0,0,0,"","","",0,0,0,0,0,0,0,0,0,0,0,0,0,"carem101","F","F","F","F",0,0,0,0,0,0,0,0,0,0,F,F,"1924NY1.EVN.regular.event.csv",1024
"NY1192406080","PIT",2,1,2,0,0,"",0,4,"frisf101","?","frisf101","?","morrj105","?","morrj105","?","goocj101","grimc101","marar101","trayp101","wrigg102","bigbc101","carem101","cuylk101","","","","9/F","F","F",4,2,2,"T","T",0,"F","F",1,"F","F",0,"F","F",9,"F","F","F","",0,0,"N",0,"N",0,"N",0,0,0,0,"9","","","","F","F","F","F","F","F","F","F","F","","","","F","F","F","F","F","","","","",0,9,0,0,0,0,0,0,0,20,"NY1","NY1","PIT",1,"F","T",4,0,4,10,6,"T","F",0,0,"T","T","soutb101","meusi101","T","T",0,0,0,0,0,0,0,0,0,"","","",0,0,0,0,0,0,0,0,0,0,0,0,0,"cuylk101","F","F","F","F",0,0,0,0,0,0,0,0,0,0,F,F,"1924NY1.EVN.regular.event.csv",1025
"NY1192406080","PIT",3,0,0,0,0,"",0,4,"carem101","?","carem101","?","watsm103","?","watsm103","?","gowdh101","kellg101","frisf101","grohh101","jackt101","meusi101","soutb101","younr101","","","","7/F","T","F",8,1,2,"T","T",0,"F","F",1,"F","F",0,"F","F",7,"F","F","F","",0,0,"N",0,"N",0,"N",0,0,0,0,"7","","","","F","F","F","F","F","F","F","F","F","","","","F","F","F","F","F","","","","",0,7,0,0,0,0,0,0,0,21,"NY1","PIT","NY1",0,"T","F",0,4,0,9,0,"T","F",0,0,"T","T","bigbc101","wrigg102","T","T",0,0,0,0,0,0,0,0,0,"","","",0,0,0,0,0,0,0,0,0,0,0,0,0,"meusi101","F","F","F","F",0,0,0,0,0,0,0,0,0,0,F,F,"1924NY1.EVN.regular.event.csv",1026
"NY1192406080","PIT",3,0,1,0,0,"",0,4,"bigbc101","?","bigbc101","?","watsm103","?","watsm103","?","gowdh101","kellg101","frisf101","grohh101","jackt101","meusi101","soutb101","younr101","","","","9/F","F","F",7,2,2,"T","T",0,"F","F",1,"F","F",0,"F","F",9,"F","F","F","",0,0,"N",0,"N",0,"N",0,0,0,0,"9","","","","F","F","F","F","F","F","F","F","F","","","","F","F","F","F","F","","","","",0,9,0,0,0,0,0,0,0,22,"NY1","PIT","NY1",0,"F","F",0,4,0,10,1,"T","F",0,0,"T","T","wrigg102","cuylk101","T","T",0,0,0,0,0,0,0,0,0,"","","",0,0,0,0,0,0,0,0,0,0,0,0,0,"younr101","F","F","F","F",0,0,0,0,0,0,0,0,0,0,F,F,"1924NY1.EVN.regular.event.csv",1027
"NY1192406080","PIT",3,0,2,0,0,"",0,4,"wrigg102","?","wrigg102","?","watsm103","?","watsm103","?","gowdh101","kellg101","frisf101","grohh101","jackt101","meusi101","soutb101","younr101","","","","K","F","F",6,3,3,"T","T",0,"F","F",1,"F","F",0,"F","F",0,"","F","F","",0,0,"N",0,"N",0,"N",0,0,0,0,"2","","","","F","F","F","F","F","F","F","F","F","","","","F","F","F","F","F","","","","",0,2,0,0,0,0,0,0,0,23,"NY1","PIT","NY1",0,"F","T",0,4,0,11,2,"T","F",0,0,"T","T","cuylk101","trayp101","T","T",0,0,0,0,0,0,0,0,0,"","","",0,0,0,0,0,0,0,0,0,0,0,0,0,"","F","F","F","F",0,0,0,0,0,0,0,0,0,0,F,F,"1924NY1.EVN.regular.event.csv",1028
"NY1192406080","PIT",3,1,0,0,0,"",0,4,"soutb101","?","soutb101","?","morrj105","?","morrj105","?","goocj101","grimc101","marar101","trayp101","wrigg102","bigbc101","carem101","cuylk101","","","","8/F","T","F",8,3,2,"T","T",0,"F","F",1,"F","F",0,"F","F",8,"F","F","F","",0,0,"N",0,"N",0,"N",0,0,0,0,"8","","","","F","F","F","F","F","F","F","F","F","","","","F","F","F","F","F","","","","",0,8,0,0,0,0,0,0,0,24,"NY1","NY1","PIT",1,"T","F",4,0,0,11,0,"T","F",0,0,"T","T","meusi101","kellg101","T","T",0,0,0,0,0,0,0,0,0,"","","",0,0,0,0,0,0,0,0,0,0,0,0,0,"carem101","F","F","F","F",0,0,0,0,0,0,0,0,0,0,F,F,"1924NY1.EVN.regular.event.csv",1029
"NY1192406080","PIT",3,1,1,0,0,"",0,4,"meusi101","?","meusi101","?","morrj105","?","morrj105","?","goocj101","grimc101","marar101","trayp101","wrigg102","bigbc101","carem101","cuylk101","","","","13","F","F",7,4,2,"T","T",0,"F","F",1,"F","F",0,"F","F",1,"G","F","F","",0,0,"N",0,"N",0,"N",0,0,0,0,"13","","","","F","F","F","F","F","F","F","F","F","","","","F","F","F","F","F","","","","",0,3,0,0,1,0,0,0,0,25,"NY1","NY1","PIT",1,"F","F",4,0,0,12,1,"T","F",0,0,"T","T","kellg101","jackt101","T","T",0,0,0,0,0,0,0,0,0,"","","",0,0,0,0,0,0,0,0,0,0,0,0,0,"morrj105","F","F","F","F",0,0,0,0,0,0,0,0,0,0,F,F,"1924NY1.EVN.regular.event.csv",1030
"NY1192406080","PIT",3,1,2,0,0,"",0,4,"kellg101","?","kellg101","?","morrj105","?","morrj105","?","goocj101","grimc101","marar101","trayp101","wrigg102","bigbc101","carem101","cuylk101","","","","HP","F","F",3,5,16,"T","F",0,"F","F",0,"F","F",0,"F","F",0,"","F","F","",0,0,"N",0,"N",0,"N",1,0,0,0,"","","","","F","F","F","F","F","F","F","F","F","","","","F","F","F","F","F","","","","",0,0,0,0,0,0,0,0,0,26,"NY1","NY1","PIT",1,"F","F",4,0,0,13,2,"T","F",0,1,"T","T","jackt101","grohh101","T","T",0,0,0,0,0,0,0,0,0,"","","",0,0,0,0,0,0,0,0,0,0,0,0,0,"","F","F","F","F",0,0,0,0,0,0,0,0,0,0,F,F,"1924NY1.EVN.regular.event.csv",1031
"NY1192406080","PIT",3,1,2,0,0,"",0,4,"jackt101","?","jackt101","?","morrj105","?","morrj105","?","goocj101","grimc101","marar101","trayp101","wrigg102","bigbc101","carem101","cuylk101","kellg101","","","64(1)/FO","F","F",6,6,2,"T","T",0,"F","F",1,"F","F",0,"F","F",6,"G","F","F","",0,0,"N",0,"N",0,"N",1,0,0,0,"","64","","","F","F","F","F","F","F","F","F","F","morrj105","","","F","F","F","F","F","","","","",0,4,0,0,6,0,0,0,0,27,"NY1","NY1","PIT",1,"F","T",4,0,0,14,3,"T","F",1,1,"T","T","grohh101","gowdh101","T","T",3,5,26,0,0,0,0,0,0,"goocj101","","",0,0,0,0,0,0,0,0,0,0,0,0,0,"wrigg102","T","F","F","F",0,0,0,0,0,0,0,0,0,0,F,F,"1924NY1.EVN.regular.event.csv",1032
"NY1192406080","PIT",4,0,0,0,0,"",0,4,"cuylk101","?","cuylk101","?","watsm103","?","watsm103","?","gowdh101","kellg101","frisf101","grohh101","jackt101","meusi101","soutb101","younr101","","","","W","T","F",9,4,14,"T","F",0,"F","F",0,"F","F",0,"F","F",0,"","F","F","",0,0,"N",0,"N",0,"N",1,0,0,0,"","","","","F","F","F","F","F","F","F","F","F","","","","F","F","F","F","F","","","","",0,0,0,0,0,0,0,0,0,28,"NY1","PIT","NY1",0,"T","F",0,4,0,12,0,"T","F",0,1,"T","T","trayp101","marar101","T","T",0,0,0,0,0,0,0,0,0,"","","",0,0,0,0,0,0,0,0,0,0,0,0,0,"","F","F","F","F",0,0,0,0,0,0,0,0,0,0,F,F,"1924NY1.EVN.regular.event.csv",1033
"NY1192406080","PIT",4,0,0,0,0,"",0,4,"trayp101","?","trayp101","?","watsm103","?","watsm103","?","gowdh101","kellg101","frisf101","grohh101","jackt101","meusi101","soutb101","younr101","cuylk101","","","64(1)/FO","F","F",5,5,2,"T","T",0,"F","F",1,"F","F",0,"F","F",6,"G","F","F","",0,0,"N",0,"N",0,"N",1,0,0,0,"","64","","","F","F","F","F","F","F","F","F","F","watsm103","","","F","F","F","F","F","","","","",0,4,0,0,6,0,0,0,0,29,"NY1","PIT","NY1",0,"F","F",0,4,0,13,1,"T","F",1,1,"T","T","marar101","grimc101","T","T",9,4,28,0,0,0,0,0,0,"gowdh101","","",0,0,0,0,0,0,0,0,0,0,0,0,0,"jackt101","T","F","F","F",0,0,0,0,0,0,0,0,0,0,F,F,"1924NY1.EVN.regular.event.csv",1034
"NY1192406080","PIT",4,0,1,0,0,"",0,4,"marar101","?","marar101","?","watsm103","?","watsm103","?","gowdh101","kellg101","frisf101","grohh101","jackt101","meusi101","soutb101","younr101","trayp101","","","6/P8S","F","F",4,6,2,"T","T",0,"F","F",1,"F","F",0,"F","F",6,"P","F","F","8S",0,0,"N",0,"N",0,"N",0,1,0,0,"6","","","","F","F","F","F","F","F","F","F","F","watsm103","","","F","F","F","F","F","","","","",0,6,0,0,0,0,0,0,0,30,"NY1","PIT","NY1",0,"F","F",0,4,0,14,2,"T","F",1,1,"T","T","grimc101","goocj101","T","T",5,5,29,0,0,0,0,0,0,"gowdh101","","",0,0,0,0,0,0,0,0,0,0,0,0,0,"jackt101","F","F","F","F",0,0,0,0,0,0,0,0,0,0,F,F,"1924NY1.EVN.regular.event.csv",1035
"NY1192406080","PIT",4,0,2,0,0,"",0,4,"grimc101","?","grimc101","?","watsm103","?","watsm103","?","gowdh101","kellg101","frisf101","grohh101","jackt101","meusi101","soutb101","younr101","trayp101","","","W.1-2","F","F",3,7,14,"T","F",0,"F","F",0,"F","F",0,"F","F",0,"","F","F","",0,0,"N",0,"N",0,"N",1,2,0,0,"","","","","F","F","F","F","F","F","F","F","F","watsm103","","","F","F","F","F","F","","","","",0,0,0,0,0,0,0,0,0,31,"NY1","PIT","NY1",0,"F","F",0,4,0,15,3,"T","F",1,3,"T","T","goocj101","morrj105","T","T",5,5,29,0,0,0,0,0,0,"gowdh101","","",0,0,0,0,0,0,0,0,0,0,0,0,0,"","F","F","F","F",0,0,0,0,0,0,0,0,0,0,F,F,"1924NY1.EVN.regular.event.csv",1036
"NY1192406080","PIT",4,0,2,0,0,"",0,4,"goocj101","?","goocj101","?","watsm103","?","watsm103","?","gowdh101","kellg101","frisf101","grohh101","jackt101","meusi101","soutb101","younr101","grimc101","trayp101","","9/F","F","F",2,8,2,"T","T",0,"F","F",1,"F","F",0,"F","F",9,"F","F","F","",0,0,"N",0,"N",0,"N",0,1,2,0,"9","","","","F","F","F","F","F","F","F","F","F","watsm103","watsm103","","F","F","F","F","F","","","","",0,9,0,0,0,0,0,0,0,32,"NY1","PIT","NY1",0,"F","T",0,4,0,16,4,"T","F",3,3,"T","T","morrj105","carem101","T","T",3,7,31,5,5,29,0,0,0,"gowdh101","gowdh101","",0,0,0,0,0,0,0,0,0,0,0,0,0,"younr101","F","F","F","F",0,0,0,0,0,0,0,0,0,0,F,F,"1924NY1.EVN.regular.event.csv",1037
"NY1192406080","PIT",4,1,0,0,0,"",0,4,"grohh101","?","grohh101","?","morrj105","?","morrj105","?","goocj101","grimc101","marar101","trayp101","wrigg102","bigbc101","carem101","cuylk101","","","","S7","T","F",5,7,20,"T","T",1,"F","F",0,"F","F",0,"F","F",7,"","F","F","",0,0,"N",0,"N",0,"N",1,0,0,0,"","","","","F","F","F","F","F","F","F","F","F","","","","F","F","F","F","F","","","","",0,0,0,0,0,0,0,0,0,33,"NY1","NY1","PIT",1,"T","F",4,0,0,15,0,"T","F",0,1,"T","T","gowdh101","watsm103","T","T",0,0,0,0,0,0,0,0,0,"","","",0,0,0,0,0,0,0,0,0,0,0,0,0,"bigbc101","F","F","F","F",4,0,0,0,3,0,0,0,0,0,F,F,"1924NY1.EVN.regular.event.csv",1038
"NY1192406080","PIT",4,1,0,0,0,"",0,4,"gowdh101","?","gowdh101","?","morrj105","?","morrj105","?","goocj101","grimc101","marar101","trayp101","wrigg102","bigbc101","carem101","cuylk101","grohh101","","","PB.1-2","F","F",2,8,10,"F","F",0,"F","F",0,"F","F",0,"F","T",0,"","F","F","",0,0,"N",0,"N",0,"N",0,2,0,0,"","","","","F","F","F","F","F","F","F","F","F","morrj105","","","F","F","F","F","F","","","","",0,0,0,0,0,0,0,0,0,34,"NY1","NY1","PIT",1,"F","F",4,0,0,16,1,"T","F",1,2,"T","T","watsm103","younr101","T","T",5,7,33,0,0,0,0,0,0,"goocj101","","",0,0,0,0,0,0,0,0,0,0,0,0,0,"","F","F","F","F",0,4,0,0,3,0,0,0,0,0,F,F,"1924NY1.EVN.regular.event.csv",1039
"NY1192406080","PIT",4,1,0,0,0,"",0,4,"gowdh101","?","gowdh101","?","morrj105","?","morrj105","?","goocj101","grimc101","marar101","trayp101","wrigg102","bigbc101","carem101","cuylk101","","grohh101","","8/F","F","F",2,8,2,"T","T",0,"F","F",1,"F","F",0,"F","F",8,"F","F","F","",0,0,"N",0,"N",0,"N",0,0,2,0,"8","","","","F","F","F","F","F","F","F","F","F","","morrj105","","F","F","F","F","F","","","","",0,8,0,0,0,0,0,0,0,35,"NY1","NY1","PIT",1,"F","F",4,0,0,16,1,"F","F",2,2,"T","T","watsm103","younr101","T","T",0,0,0,5,7,33,0,0,0,"","goocj101","",0,0,0,0,0,0,0,0,0,0,0,0,0,"carem101","F","F","F","F",0,0,4,0,3,0,0,0,0,0,F,F,"1924NY1.EVN.regular.event.csv",1040
"NY1192406080","PIT",4,1,1,0,0,"",0,4,"watsm103","?","watsm103","?","morrj105","?","morrj105","?","goocj101","grimc101","marar101","trayp101","wrigg102","bigbc101","carem101","cuylk101","","grohh101","","W","F","F",1,9,14,"T","F",0,"F","F",0,"F","F",0,"F","F",0,"","F","F","",0,0,"N",0,"N",0,"N",1,0,2,0,"","","","","F","F","F","F","F","F","F","F","F","","morrj105","","F","F","F","F","F","","","","",0,0,0,0,0,0,0,0,0,36,"NY1","NY1","PIT",1,"F","F",4,0,0,17,2,"T","F",2,3,"T","T","younr101","frisf101","T","T",0,0,0,5,7,33,0,0,0,"","goocj101","",0,0,0,0,0,0,0,0,0,0,0,0,0,"","F","F","F","F",4,0,4,0,3,0,0,0,0,0,F,F,"1924NY1.EVN.regular.event.csv",1041
"NY1192406080","PIT",4,1,1,0,0,"X",0,4,"younr101","?","younr101","?","morrj105","?","morrj105","?","goocj101","grimc101","marar101","trayp101","wrigg102","bigbc101","carem101","cuylk101","watsm103","grohh101","","HR/F9D.2-H;1-H","F","F",9,1,23,"T","T",4,"F","F",0,"F","F",3,"F","F",0,"F","F","F","9D",0,0,"N",0,"N",0,"N",4,4,4,0,"","","","","F","F","F","F","F","F","F","F","F","morrj105","morrj105","","F","F","F","F","F","","","","",0,0,0,0,0,0,0,0,0,37,"NY1","NY1","PIT",1,"F","F",4,0,0,18,3,"T","F",3,0,"T","T","frisf101","soutb101","T","T",1,9,36,5,7,33,0,0,0,"goocj101","goocj101","",0,0,0,0,0,0,1,0,0,0,1,0,3,"","F","F","F","F",4,4,4,0,0,0,0,0,0,0,F,F,"1924NY1.EVN.regular.event.csv",1042
"NY1192406080","PIT",4,1,1,0,0,"",0,7,"frisf101","?","frisf101","?","morrj105","?","morrj105","?","goocj101","grimc101","marar101","trayp101","wrigg102","bigbc101","carem101","cuylk101","","","","43","F","F",4,2,2,"T","T",0,"F","F",1,"F","F",0,"F","F",4,"G","F","F","",0,0,"N",0,"N",0,"N",0,0,0,0,"43","","","","F","F","F","F","F","F","F","F","F","","","","F","F","F","F","F","","","","",0,3,0,0,4,0,0,0,0,38,"NY1","NY1","PIT",1,"F","F",7,0,3,19,4,"T","F",0,0,"T","T","soutb101","meusi101","T","T",0,0,0,0,0,0,0,0,0,"","","",0,0,0,0,0,0,0,0,0,0,0,0,0,"marar101","F","F","F","F",0,0,0,0,0,0,0,0,0,0,F,F,"1924NY1.EVN.regular.event.csv",1043
"NY1192406080","PIT",4,1,2,0,0,"",0,7,"soutb101","?","soutb101","?","morrj105","?","morrj105","?","goocj101","grimc101","marar101","trayp101","wrigg102","bigbc101","carem101","cuylk101","","","","63","F","F",8,3,2,"T","T",0,"F","F",1,"F","F",0,"F","F",6,"G","F","F","",0,0,"N",0,"N",0,"N",0,0,0,0,"63","","","","F","F","F","F","F","F","F","F","F","","","","F","F","F","F","F","","","","",0,3,0,0,6,0,0,0,0,39,"NY1","NY1","PIT",1,"F","T",7,0,3,20,5,"T","F",0,0,"T","T","meusi101","kellg101","T","T",0,0,0,0,0,0,0,0,0,"","","",0,0,0,0,0,0,0,0,0,0,0,0,0,"wrigg102","F","F","F","F",0,0,0,0,0,0,0,0,0,0,F,F,"1924NY1.EVN.regular.event.csv",1044
"NY1192406080","PIT",5,0,0,0,0,"",0,7,"muelw102","?","muelw102","?","watsm103","?","watsm103","?","gowdh101","kellg101","frisf101","grohh101","jackt101","meusi101","soutb101","younr101","","","","7/F7D","T","T",11,9,2,"T","T",0,"F","F",1,"F","F",0,"F","F",7,"F","F","F","7D",0,0,"N",0,"N",0,"N",0,0,0,0,"7","","","","F","F","F","F","F","F","F","F","F","","","","F","F","F","F","F","","","","morrj105",1,7,0,0,0,0,0,0,0,40,"NY1","PIT","NY1",0,"T","F",0,7,0,17,0,"T","F",0,0,"F","F","carem101","bigbc101","T","T",0,0,0,0,0,0,0,0,0,"","","",0,0,0,0,0,0,0,0,0,0,0,0,0,"meusi101","F","F","F","F",0,0,0,0,0,0,0,0,0,0,F,F,"1924NY1.EVN.regular.event.csv",1045
"NY1192406080","PIT",5,0,1,0,0,"",0,7,"carem101","?","carem101","?","watsm103","?","watsm103","?","gowdh101","kellg101","frisf101","grohh101","jackt101","meusi101","soutb101","younr101","","","","8/F","F","F",8,1,2,"T","T",0,"F","F",1,"F","F",0,"F","F",8,"F","F","F","",0,0,"N",0,"N",0,"N",0,0,0,0,"8","","","","F","F","F","F","F","F","F","F","F","","","","F","F","F","F","F","","","","",0,8,0,0,0,0,0,0,0,41,"NY1","PIT","NY1",0,"F","F",0,7,0,18,1,"T","F",0,0,"T","T","bigbc101","wrigg102","T","T",0,0,0,0,0,0,0,0,0,"","","",0,0,0,0,0,0,0,0,0,0,0,0,0,"soutb101","F","F","F","F",0,0,0,0,0,0,0,0,0,0,F,F,"1924NY1.EVN.regular.event.csv",1046
"NY1192406080","PIT",5,0,2,0,0,"",0,7,"bigbc101","?","bigbc101","?","watsm103","?","watsm103","?","gowdh101","kellg101","frisf101","grohh101","jackt101","meusi101","soutb101","younr101","","","","43","F","F",7,2,2,"T","T",0,"F","F",1,"F","F",0,"F","F",4,"G","F","F","",0,0,"N",0,"N",0,"N",0,0,0,0,"43","","","","F","F","F","F","F","F","F","F","F","","","","F","F","F","F","F","","","","",0,3,0,0,4,0,0,0,0,42,"NY1","PIT","NY1",0,"F","T",0,7,0,19,2,"T","F",0,0,"T","T","wrigg102","cuylk101","T","T",0,0,0,0,0,0,0,0,0,"","","",0,0,0,0,0,0,0,0,0,0,0,0,0,"frisf101","F","F","F","F",0,0,0,0,0,0,0,0,0,0,F,F,"1924NY1.EVN.regular.event.csv",1047
"NY1192406080","PIT",5,1,0,0,0,"",0,7,"meusi101","?","meusi101","?","yde-e101","?","yde-e101","?","goocj101","grimc101","marar101","trayp101","wrigg102","bigbc101","carem101","cuylk101","","","","9/F","T","F",7,4,2,"T","T",0,"F","F",1,"F","F",0,"F","F",9,"F","F","F","",0,0,"N",0,"N",0,"N",0,0,0,0,"9","","","","F","F","F","F","F","F","F","F","F","","","","F","F","F","F","F","","","","",0,9,0,0,0,0,0,0,0,43,"NY1","NY1","PIT",1,"T","F",7,0,0,21,0,"T","F",0,0,"T","T","kellg101","jackt101","F","F",0,0,0,0,0,0,0,0,0,"","","",0,0,0,0,0,0,0,0,0,0,0,0,0,"cuylk101","F","F","F","F",0,0,0,0,0,0,0,0,0,0,F,F,"1924NY1.EVN.regular.event.csv",1048
"NY1192406080","PIT",5,1,1,0,0,"",0,7,"kellg101","?","kellg101","?","yde-e101","?","yde-e101","?","goocj101","grimc101","marar101","trayp101","wrigg102","bigbc101","carem101","cuylk101","","","","43","F","F",3,5,2,"T","T",0,"F","F",1,"F","F",0,"F","F",4,"G","F","F","",0,0,"N",0,"N",0,"N",0,0,0,0,"43","","","","F","F","F","F","F","F","F","F","F","","","","F","F","F","F","F","","","","",0,3,0,0,4,0,0,0,0,44,"NY1","NY1","PIT",1,"F","F",7,0,0,22,1,"T","F",0,0,"T","T","jackt101","grohh101","F","F",0,0,0,0,0,0,0,0,0,"","","",0,0,0,0,0,0,0,0,0,0,0,0,0,"marar101","F","F","F","F",0,0,0,0,0,0,0,0,0,0,F,F,"1924NY1.EVN.regular.event.csv",1049
"NY1192406080","PIT",5,1,2,0,0,"",0,7,"jackt101","?","jackt101","?","yde-e101","?","yde-e101","?","goocj101","grimc101","marar101","trayp101","wrigg102","bigbc101","carem101","cuylk101","","","","8/F","F","F",6,6,2,"T","T",0,"F","F",1,"F","F",0,"F","F",8,"F","F","F","",0,0,"N",0,"N",0,"N",0,0,0,0,"8","","","","F","F","F","F","F","F","F","F","F","","","","F","T","F","F","F","","","","",0,8,0,0,0,0,0,0,0,45,"NY1","NY1","PIT",1,"F","T",7,0,0,23,2,"T","F",0,0,"T","T","grohh101","gowdh101","F","F",0,0,0,0,0,0,0,0,0,"","","",0,0,0,0,0,0,0,0,0,0,0,0,0,"carem101","F","F","F","F",0,0,0,0,0,0,0,0,0,0,F,F,"1924NY1.EVN.regular.event.csv",1050
"NY1192406090","PIT",1,0,0,0,0,"",0,0,"carem101","?","carem101","?","oescj101","?","oescj101","?","gowdh101","kellg101","frisf101","grohh101","jackt101","meusi101","wilsh102","younr101","","","","S7/78","T","F",8,1,20,"T","T",1,"F","F",0,"F","F",0,"F","F",7,"","F","F","78",0,0,"N",0,"N",0,"N",1,0,0,0,"","","","","F","F","F","F","F","F","F","F","F","","","","T","F","F","F","F","","","","",0,0,0,0,0,0,0,0,0,1,"NY1","PIT","NY1",0,"T","F",0,0,0,0,0,"T","F",0,1,"T","T","bigbc101","wrigg102","T","T",0,0,0,0,0,0,0,0,0,"","","",0,0,0,0,0,0,0,0,0,0,0,0,0,"meusi101","F","F","F","F",0,0,0,0,0,0,0,0,0,0,F,F,"1924NY1.EVN.regular.event.csv",1051
"NY1192406090","PIT",1,0,0,0,0,"",0,0,"bigbc101","?","bigbc101","?","oescj101","?","oescj101","?","gowdh101","kellg101","frisf101","grohh101","jackt101","meusi101","wilsh102","younr101","carem101","","","SB2","F","F",7,2,4,"F","F",0,"F","F",0,"F","F",0,"F","F",0,"","F","F","",0,0,"N",0,"N",0,"N",0,2,0,0,"","","","","T","F","F","F","F","F","F","F","F","oescj101","","","F","F","F","F","F","","","","",0,0,0,0,0,0,0,0,0,2,"NY1","PIT","NY1",0,"F","F",0,0,0,1,1,"T","F",1,2,"T","T","wrigg102","cuylk101","T","T",8,1,1,0,0,0,0,0,0,"gowdh101","","",0,0,0,0,0,0,0,0,0,0,0,0,0,"","F","F","F","F",0,0,0,0,0,0,0,0,0,0,F,F,"1924NY1.EVN.regular.event.csv",1052
"NY1192406090","PIT",1,0,0,0,0,"",0,0,"bigbc101","?","bigbc101","?","oescj101","?","oescj101","?","gowdh101","kellg101","frisf101","grohh101","jackt101","meusi101","wilsh102","younr101","","carem101","","6/P","F","F",7,2,2,"T","T",0,"F","F",1,"F","F",0,"F","F",6,"P","F","F","",0,0,"N",0,"N",0,"N",0,0,2,0,"6","","","","F","F","F","F","F","F","F","F","F","","oescj101","","F","F","F","F","F","","","","",0,6,0,0,0,0,0,0,0,3,"NY1","PIT","NY1",0,"F","F",0,0,0,1,1,"F","F",2,2,"T","T","wrigg102","cuylk101","T","T",0,0,0,8,1,1,0,0,0,"","gowdh101","",0,0,0,0,0,0,0,0,0,0,0,0,0,"jackt101","F","F","F","F",0,0,0,0,0,0,0,0,0,0,F,F,"1924NY1.EVN.regular.event.csv",1053
"NY1192406090","PIT",1,0,1,0,0,"",0,0,"wrigg102","?","wrigg102","?","oescj101","?","oescj101","?","gowdh101","kellg101","frisf101","grohh101","jackt101","meusi101","wilsh102","younr101","","carem101","","7/F","F","F",6,3,2,"T","T",0,"F","F",1,"F","F",0,"F","F",7,"F","F","F","",0,0,"N",0,"N",0,"N",0,0,2,0,"7","","","","F","F","F","F","F","F","F","F","F","","oescj101","","F","F","F","F","F","","","","",0,7,0,0,0,0,0,0,0,4,"NY1","PIT","NY1",0,"F","F",0,0,0,2,2,"T","F",2,2,"T","T","cuylk101","trayp101","T","T",0,0,0,8,1,1,0,0,0,"","gowdh101","",0,0,0,0,0,0,0,0,0,0,0,0,0,"meusi101","F","F","F","F",0,0,0,0,0,0,0,0,0,0,F,F,"1924NY1.EVN.regular.event.csv",1054
"NY1192406090","PIT",1,0,2,0,0,"",0,0,"cuylk101","?","cuylk101","?","oescj101","?","oescj101","?","gowdh101","kellg101","frisf101","grohh101","jackt101","meusi101","wilsh102","younr101","","carem101","","3/G","F","F",9,4,2,"T","T",0,"F","F",1,"F","F",0,"F","F",3,"G","F","F","",0,0,"N",0,"N",0,"N",0,0,2,0,"3","","","","F","F","F","F","F","F","F","F","F","","oescj101","","F","F","F","F","F","","","","",0,3,0,0,0,0,0,0,0,5,"NY1","PIT","NY1",0,"F","T",0,0,0,3,3,"T","F",2,2,"T","T","trayp101","marar101","T","T",0,0,0,8,1,1,0,0,0,"","gowdh101","",0,0,0,0,0,0,0,0,0,0,0,0,0,"kellg101","F","F","F","F",0,0,0,0,0,0,0,0,0,0,F,F,"1924NY1.EVN.regular.event.csv",1055
"NY1192406090","PIT",1,1,0,0,0,"",0,0,"younr101","?","younr101","?","coopw101","?","coopw101","?","schmw102","grimc101","marar101","trayp101","wrigg102","bigbc101","carem101","cuylk101","","","","S6/G56D","T","F",9,1,20,"T","T",1,"F","F",0,"F","F",0,"F","F",6,"G","F","F","56D",0,0,"N",0,"N",0,"N",1,0,0,0,"","","","","F","F","F","F","F","F","F","F","F","","","","F","F","F","F","F","","","","",0,0,0,0,0,0,0,0,0,6,"NY1","NY1","PIT",1,"T","F",0,0,0,0,0,"T","F",0,1,"T","T","frisf101","wilsh102","T","T",0,0,0,0,0,0,0,0,0,"","","",0,0,0,0,0,0,0,0,0,0,0,0,0,"wrigg102","F","F","F","F",4,0,0,0,1,0,0,0,0,0,F,F,"1924NY1.EVN.regular.event.csv",1056
"NY1192406090","PIT",1,1,0,0,0,"",0,0,"frisf101","?","frisf101","?","coopw101","?","coopw101","?","schmw102","grimc101","marar101","trayp101","wrigg102","bigbc101","carem101","cuylk101","younr101","","","D9/9L.1-3","F","F",4,2,21,"T","T",2,"F","F",0,"F","F",0,"F","F",9,"","F","F","9L",0,0,"N",0,"N",0,"N",2,3,0,0,"","","","","F","F","F","F","F","F","F","F","F","coopw101","","","F","F","F","F","F","","","","",0,0,0,0,0,0,0,0,0,7,"NY1","NY1","PIT",1,"F","F",0,0,0,1,1,"T","F",1,6,"T","T","wilsh102","meusi101","T","T",9,1,6,0,0,0,0,0,0,"schmw102","","",0,0,0,0,0,0,0,0,0,0,0,0,0,"cuylk101","F","F","F","F",0,4,0,0,1,0,0,0,0,0,F,F,"1924NY1.EVN.regular.event.csv",1057
"NY1192406090","PIT",1,1,0,0,0,"",0,0,"wilsh102","?","wilsh102","?","coopw101","?","coopw101","?","schmw102","grimc101","marar101","trayp101","wrigg102","bigbc101","carem101","cuylk101","","frisf101","younr101","13","F","F",8,3,2,"T","T",0,"F","F",1,"F","F",0,"F","F",1,"G","F","F","",0,0,"N",0,"N",0,"N",0,0,2,3,"13","","","","F","F","F","F","F","F","F","F","F","","coopw101","coopw101","F","F","F","F","F","","","","",0,3,0,0,1,0,0,0,0,8,"NY1","NY1","PIT",1,"F","F",0,0,0,2,2,"T","F",6,6,"T","T","meusi101","kellg101","T","T",0,0,0,4,2,7,9,1,6,"","schmw102","schmw102",0,0,0,0,0,0,0,0,0,0,0,0,0,"coopw101","F","F","F","F",0,0,0,4,1,0,0,0,0,0,F,F,"1924NY1.EVN.regular.event.csv",1058
"NY1192406090","PIT",1,1,1,0,0,"",0,0,"meusi101","?","meusi101","?","coopw101","?","coopw101","?","schmw102","grimc101","marar101","trayp101","wrigg102","bigbc101","carem101","cuylk101","","frisf101","younr101","9/L/SF.3-H;2-3","F","F",7,4,2,"T","F",0,"F","T",1,"F","F",1,"F","F",9,"L","F","F","",0,0,"N",0,"N",0,"N",0,0,3,4,"9","","","","F","F","F","F","F","F","F","F","F","","coopw101","coopw101","F","F","F","F","F","","","","",0,9,0,0,0,0,0,0,0,9,"NY1","NY1","PIT",1,"F","F",0,0,0,3,3,"T","F",6,4,"T","T","kellg101","jackt101","T","T",0,0,0,4,2,7,9,1,6,"","schmw102","schmw102",0,0,0,0,0,0,0,0,0,0,0,0,1,"cuylk101","F","F","F","F",0,0,0,4,0,0,0,0,0,0,F,F,"1924NY1.EVN.regular.event.csv",1059
"NY1192406090","PIT",1,1,2,0,0,"",0,1,"kellg101","?","kellg101","?","coopw101","?","coopw101","?","schmw102","grimc101","marar101","trayp101","wrigg102","bigbc101","carem101","cuylk101","","","frisf101","3/P","F","F",3,5,2,"T","T",0,"F","F",1,"F","F",0,"F","F",3,"P","F","F","",0,0,"N",0,"N",0,"N",0,0,0,3,"3","","","","F","F","F","F","F","F","F","F","F","","","coopw101","F","F","F","F","F","","","","",0,3,0,0,0,0,0,0,0,10,"NY1","NY1","PIT",1,"F","T",1,0,1,4,4,"T","F",4,4,"T","T","jackt101","grohh101","T","T",0,0,0,0,0,0,4,2,7,"","","schmw102",0,0,0,0,0,0,0,0,0,0,0,0,0,"grimc101","F","F","F","F",0,0,0,0,0,0,0,0,0,0,F,F,"1924NY1.EVN.regular.event.csv",1060
"NY1192406090","PIT",2,0,0,0,0,"",0,1,"trayp101","?","trayp101","?","oescj101","?","oescj101","?","gowdh101","kellg101","frisf101","grohh101","jackt101","meusi101","wilsh102","younr101","","","","2/FL","T","F",5,5,2,"T","T",0,"F","F",1,"F","F",0,"F","F",2,"F","F","T","",0,0,"N",0,"N",0,"N",0,0,0,0,"2","","","","F","F","F","F","F","F","F","F","F","","","","F","F","F","F","F","","","","",0,2,0,0,0,0,0,0,0,11,"NY1","PIT","NY1",0,"T","F",0,1,0,4,0,"T","F",0,0,"T","T","marar101","grimc101","T","T",0,0,0,0,0,0,0,0,0,"","","",0,0,0,0,0,0,0,0,0,0,0,0,0,"gowdh101","F","F","F","F",0,0,0,0,0,0,0,0,0,0,F,F,"1924NY1.EVN.regular.event.csv",1061
"NY1192406090","PIT",2,0,1,0,0,"",0,1,"marar101","?","marar101","?","oescj101","?","oescj101","?","gowdh101","kellg101","frisf101","grohh101","jackt101","meusi101","wilsh102","younr101","","","","8/L","F","F",4,6,2,"T","T",0,"F","F",1,"F","F",0,"F","F",8,"L","F","F","",0,0,"N",0,"N",0,"N",0,0,0,0,"8","","","","F","F","F","F","F","F","F","F","F","","","","F","F","F","F","F","","","","",0,8,0,0,0,0,0,0,0,12,"NY1","PIT","NY1",0,"F","F",0,1,0,5,1,"T","F",0,0,"T","T","grimc101","schmw102","T","T",0,0,0,0,0,0,0,0,0,"","","",0,0,0,0,0,0,0,0,0,0,0,0,0,"wilsh102","F","F","F","F",0,0,0,0,0,0,0,0,0,0,F,F,"1924NY1.EVN.regular.event.csv",1062
"NY1192406090","PIT",2,0,2,0,0,"",0,1,"grimc101","?","grimc101","?","oescj101","?","oescj101","?","gowdh101","kellg101","frisf101","grohh101","jackt101","meusi101","wilsh102","younr101","","","","63","F","F",3,7,2,"T","T",0,"F","F",1,"F","F",0,"F","F",6,"G","F","F","",0,0,"N",0,"N",0,"N",0,0,0,0,"63","","","","F","F","F","F","F","F","F","F","F","","","","F","F","F","F","F","","","","",0,3,0,0,6,0,0,0,0,13,"NY1","PIT","NY1",0,"F","T",0,1,0,6,2,"T","F",0,0,"T","T","schmw102","coopw101","T","T",0,0,0,0,0,0,0,0,0,"","","",0,0,0,0,0,0,0,0,0,0,0,0,0,"jackt101","F","F","F","F",0,0,0,0,0,0,0,0,0,0,F,F,"1924NY1.EVN.regular.event.csv",1063
"NY1192406090","PIT",2,1,0,0,0,"",0,1,"jackt101","?","jackt101","?","coopw101","?","coopw101","?","schmw102","grimc101","marar101","trayp101","wrigg102","bigbc101","carem101","cuylk101","","","","13","T","F",6,6,2,"T","T",0,"F","F",1,"F","F",0,"F","F",1,"G","F","F","",0,0,"N",0,"N",0,"N",0,0,0,0,"13","","","","F","F","F","F","F","F","F","F","F","","","","F","F","F","F","F","","","","",0,3,0,0,1,0,0,0,0,14,"NY1","NY1","PIT",1,"T","F",1,0,0,5,0,"T","F",0,0,"T","T","grohh101","gowdh101","T","T",0,0,0,0,0,0,0,0,0,"","","",0,0,0,0,0,0,0,0,0,0,0,0,0,"coopw101","F","F","F","F",0,0,0,0,0,0,0,0,0,0,F,F,"1924NY1.EVN.regular.event.csv",1064
"NY1192406090","PIT",2,1,1,0,0,"",0,1,"grohh101","?","grohh101","?","coopw101","?","coopw101","?","schmw102","grimc101","marar101","trayp101","wrigg102","bigbc101","carem101","cuylk101","","","","8/L","F","F",5,7,2,"T","T",0,"F","F",1,"F","F",0,"F","F",8,"L","F","F","",0,0,"N",0,"N",0,"N",0,0,0,0,"8","","","","F","F","F","F","F","F","F","F","F","","","","F","F","F","F","F","","","","",0,8,0,0,0,0,0,0,0,15,"NY1","NY1","PIT",1,"F","F",1,0,0,6,1,"T","F",0,0,"T","T","gowdh101","oescj101","T","T",0,0,0,0,0,0,0,0,0,"","","",0,0,0,0,0,0,0,0,0,0,0,0,0,"carem101","F","F","F","F",0,0,0,0,0,0,0,0,0,0,F,F,"1924NY1.EVN.regular.event.csv",1065
"NY1192406090","PIT",2,1,2,0,0,"",0,1,"gowdh101","?","gowdh101","?","coopw101","?","coopw101","?","schmw102","grimc101","marar101","trayp101","wrigg102","bigbc101","carem101","cuylk101","","","","S9","F","F",2,8,20,"T","T",1,"F","F",0,"F","F",0,"F","F",9,"","F","F","",0,0,"N",0,"N",0,"N",1,0,0,0,"","","","","F","F","F","F","F","F","F","F","F","","","","F","F","F","F","F","","","","",0,0,0,0,0,0,0,0,0,16,"NY1","NY1","PIT",1,"F","F",1,0,0,7,2,"T","F",0,1,"T","T","oescj101","younr101","T","T",0,0,0,0,0,0,0,0,0,"","","",0,0,0,0,0,0,0,0,0,0,0,0,0,"cuylk101","F","F","F","F",0,0,0,0,0,0,0,0,0,0,F,F,"1924NY1.EVN.regular.event.csv",1066
"NY1192406090","PIT",2,1,2,0,0,"",0,1,"oescj101","?","oescj101","?","coopw101","?","coopw101","?","schmw102","grimc101","marar101","trayp101","wrigg102","bigbc101","carem101","cuylk101","gowdh101","","","S8.1X3(85)#","F","F",1,9,20,"T","T",1,"F","F",1,"F","F",0,"F","F",8,"","F","F","",0,0,"N",0,"N",0,"N",1,0,0,0,"","85","","","F","F","F","F","F","F","F","F","F","coopw101","","","F","F","F","F","F","","","","",0,5,0,0,8,0,0,0,0,17,"NY1","NY1","PIT",1,"F","T",1,0,0,8,3,"T","F",1,1,"T","T","younr101","frisf101","T","T",2,8,16,0,0,0,0,0,0,"schmw102","","",0,0,0,0,0,0,0,0,0,0,0,0,0,"carem101","F","F","F","F",0,0,0,0,0,0,0,0,0,0,F,T,"1924NY1.EVN.regular.event.csv",1067
"NY1192406090","PIT",3,0,0,0,0,"",0,1,"schmw102","?","schmw102","?","oescj101","?","oescj101","?","gowdh101","kellg101","frisf101","grohh101","jackt101","meusi101","wilsh102","younr101","","","","5/FL","T","F",2,8,2,"T","T",0,"F","F",1,"F","F",0,"F","F",5,"F","F","T","",0,0,"N",0,"N",0,"N",0,0,0,0,"5","","","","F","F","F","F","F","F","F","F","F","","","","F","F","F","F","F","","","","",0,5,0,0,0,0,0,0,0,18,"NY1","PIT","NY1",0,"T","F",0,1,0,7,0,"T","F",0,0,"T","T","coopw101","carem101","T","T",0,0,0,0,0,0,0,0,0,"","","",0,0,0,0,0,0,0,0,0,0,0,0,0,"grohh101","F","F","F","F",0,0,0,0,0,0,0,0,0,0,F,F,"1924NY1.EVN.regular.event.csv",1068
"NY1192406090","PIT",3,0,1,0,0,"",0,1,"coopw101","?","coopw101","?","oescj101","?","oescj101","?","gowdh101","kellg101","frisf101","grohh101","jackt101","meusi101","wilsh102","younr101","","","","8/L","F","F",1,9,2,"T","T",0,"F","F",1,"F","F",0,"F","F",8,"L","F","F","",0,0,"N",0,"N",0,"N",0,0,0,0,"8","","","","F","F","F","F","F","F","F","F","F","","","","F","F","F","F","F","","","","",0,8,0,0,0,0,0,0,0,19,"NY1","PIT","NY1",0,"F","F",0,1,0,8,1,"T","F",0,0,"T","T","carem101","bigbc101","T","T",0,0,0,0,0,0,0,0,0,"","","",0,0,0,0,0,0,0,0,0,0,0,0,0,"wilsh102","F","F","F","F",0,0,0,0,0,0,0,0,0,0,F,F,"1924NY1.EVN.regular.event.csv",1069
"NY1192406090","PIT",3,0,2,0,0,"",0,1,"carem101","?","carem101","?","oescj101","?","oescj101","?","gowdh101","kellg101","frisf101","grohh101","jackt101","meusi101","wilsh102","younr101","","","","S/L5","F","F",8,1,20,"T","T",1,"F","F",0,"F","F",0,"F","F",0,"L","F","F","5",0,0,"N",0,"N",0,"N",1,0,0,0,"","","","","F","F","F","F","F","F","F","F","F","","","","F","F","F","F","F","","","","",0,0,0,0,0,0,0,0,0,20,"NY1","PIT","NY1",0,"F","F",0,1,0,9,2,"T","F",0,1,"T","T","bigbc101","wrigg102","T","T",0,0,0,0,0,0,0,0,0,"","","",0,0,0,0,0,0,0,0,0,0,0,0,0,"","F","F","F","F",0,0,0,0,0,0,0,0,0,0,F,F,"1924NY1.EVN.regular.event.csv",1070
"NY1192406090","PIT",3,0,2,0,0,"",0,1,"bigbc101","?","bigbc101","?","oescj101","?","oescj101","?","gowdh101","kellg101","frisf101","grohh101","jackt101","meusi101","wilsh102","younr101","carem101","","","43","F","F",7,2,2,"T","T",0,"F","F",1,"F","F",0,"F","F",4,"G","F","F","",0,0,"N",0,"N",0,"N",0,1,0,0,"43","","","","F","F","F","F","F","F","F","F","F","oescj101","","","F","F","F","F","F","","","","",0,3,0,0,4,0,0,0,0,21,"NY1","PIT","NY1",0,"F","T",0,1,0,10,3,"T","F",1,1,"T","T","wrigg102","cuylk101","T","T",8,1,20,0,0,0,0,0,0,"gowdh101","","",0,0,0,0,0,0,0,0,0,0,0,0,0,"frisf101","F","F","F","F",0,0,0,0,0,0,0,0,0,0,F,F,"1924NY1.EVN.regular.event.csv",1071
"NY1192406090","PIT",3,1,0,0,0,"",0,1,"younr101","?","younr101","?","coopw101","?","coopw101","?","schmw102","grimc101","marar101","trayp101","wrigg102","bigbc101","carem101","cuylk101","","","","6/P","T","F",9,1,2,"T","T",0,"F","F",1,"F","F",0,"F","F",6,"P","F","F","",0,0,"N",0,"N",0,"N",0,0,0,0,"6","","","","F","F","F","F","F","F","F","F","F","","","","F","F","F","F","F","","","","",0,6,0,0,0,0,0,0,0,22,"NY1","NY1","PIT",1,"T","F",1,0,0,9,0,"T","F",0,0,"T","T","frisf101","wilsh102","T","T",0,0,0,0,0,0,0,0,0,"","","",0,0,0,0,0,0,0,0,0,0,0,0,0,"wrigg102","F","F","F","F",0,0,0,0,0,0,0,0,0,0,F,F,"1924NY1.EVN.regular.event.csv",1072
"NY1192406090","PIT",3,1,1,0,0,"",0,1,"frisf101","?","frisf101","?","coopw101","?","coopw101","?","schmw102","grimc101","marar101","trayp101","wrigg102","bigbc101","carem101","cuylk101","","","","W","F","F",4,2,14,"T","F",0,"F","F",0,"F","F",0,"F","F",0,"","F","F","",0,0,"N",0,"N",0,"N",1,0,0,0,"","","","","F","F","F","F","F","F","F","F","F","","","","F","F","F","F","F","","","","",0,0,0,0,0,0,0,0,0,23,"NY1","NY1","PIT",1,"F","F",1,0,0,10,1,"T","F",0,1,"T","T","wilsh102","meusi101","T","T",0,0,0,0,0,0,0,0,0,"","","",0,0,0,0,0,0,0,0,0,0,0,0,0,"","F","F","F","F",0,0,0,0,0,0,0,0,0,0,F,F,"1924NY1.EVN.regular.event.csv",1073
"NY1192406090","PIT",3,1,1,0,0,"",0,1,"wilsh102","?","wilsh102","?","coopw101","?","coopw101","?","schmw102","grimc101","marar101","trayp101","wrigg102","bigbc101","carem101","cuylk101","frisf101","","","S4/G.1-2","F","F",8,3,20,"T","T",1,"F","F",0,"F","F",0,"F","F",4,"G","F","F","",0,0,"N",0,"N",0,"N",1,2,0,0,"","","","","F","F","F","F","F","F","F","F","F","coopw101","","","F","F","F","F","F","","","","",0,0,0,0,0,0,0,0,0,24,"NY1","NY1","PIT",1,"F","F",1,0,0,11,2,"T","F",1,3,"T","T","meusi101","kellg101","T","T",4,2,23,0,0,0,0,0,0,"schmw102","","",0,0,0,0,0,0,0,0,0,0,0,0,0,"marar101","F","F","F","F",0,0,0,0,0,0,0,0,0,0,F,F,"1924NY1.EVN.regular.event.csv",1074
"NY1192406090","PIT",3,1,1,0,0,"",0,1,"meusi101","?","meusi101","?","coopw101","?","coopw101","?","schmw102","grimc101","marar101","trayp101","wrigg102","bigbc101","carem101","cuylk101","wilsh102","frisf101","","54(1)3/GDP","F","F",7,4,2,"T","T",0,"F","F",2,"T","F",0,"F","F",5,"G","F","F","",0,0,"N",0,"N",0,"N",0,0,2,0,"43","54","","","F","F","F","F","F","F","F","F","F","coopw101","coopw101","","F","F","F","F","F","","","","",0,4,3,0,5,4,0,0,0,25,"NY1","NY1","PIT",1,"F","T",1,0,0,12,3,"T","F",3,2,"T","T","kellg101","jackt101","T","T",8,3,24,4,2,23,0,0,0,"schmw102","schmw102","",0,0,0,0,0,0,0,0,0,0,0,0,0,"trayp101","T","F","F","F",0,0,0,0,0,0,0,0,0,0,F,F,"1924NY1.EVN.regular.event.csv",1075
"NY1192406090","PIT",4,0,0,0,0,"",0,1,"wrigg102","?","wrigg102","?","oescj101","?","oescj101","?","gowdh101","kellg101","frisf101","grohh101","jackt101","meusi101","wilsh102","younr101","","","","43","T","F",6,3,2,"T","T",0,"F","F",1,"F","F",0,"F","F",4,"G","F","F","",0,0,"N",0,"N",0,"N",0,0,0,0,"43","","","","F","F","F","F","F","F","F","F","F","","","","F","F","F","F","F","","","","",0,3,0,0,4,0,0,0,0,26,"NY1","PIT","NY1",0,"T","F",0,1,0,11,0,"T","F",0,0,"T","T","cuylk101","trayp101","T","T",0,0,0,0,0,0,0,0,0,"","","",0,0,0,0,0,0,0,0,0,0,0,0,0,"frisf101","F","F","F","F",0,0,0,0,0,0,0,0,0,0,F,F,"1924NY1.EVN.regular.event.csv",1076
"NY1192406090","PIT",4,0,1,0,0,"",0,1,"cuylk101","?","cuylk101","?","oescj101","?","oescj101","?","gowdh101","kellg101","frisf101","grohh101","jackt101","meusi101","wilsh102","younr101","","","","S8/8S","F","F",9,4,20,"T","T",1,"F","F",0,"F","F",0,"F","F",8,"","F","F","8S",0,0,"N",0,"N",0,"N",1,0,0,0,"","","","","F","F","F","F","F","F","F","F","F","","","","F","F","F","F","F","","","","",0,0,0,0,0,0,0,0,0,27,"NY1","PIT","NY1",0,"F","F",0,1,0,12,1,"T","F",0,1,"T","T","trayp101","marar101","T","T",0,0,0,0,0,0,0,0,0,"","","",0,0,0,0,0,0,0,0,0,0,0,0,0,"wilsh102","F","F","F","F",0,0,0,0,0,0,0,0,0,0,F,F,"1924NY1.EVN.regular.event.csv",1077
"NY1192406090","PIT",4,0,1,0,0,"",0,1,"trayp101","?","trayp101","?","oescj101","?","oescj101","?","gowdh101","kellg101","frisf101","grohh101","jackt101","meusi101","wilsh102","younr101","cuylk101","","","FC1.1-2","F","F",5,5,19,"T","T",0,"F","F",0,"F","F",0,"F","F",1,"G","F","F","",0,0,"N",0,"N",0,"N",1,2,0,0,"","","","","F","F","F","F","F","F","F","F","F","oescj101","","","F","F","F","F","F","","","","",0,0,0,0,0,0,0,0,0,28,"NY1","PIT","NY1",0,"F","F",0,1,0,13,2,"T","F",1,3,"T","T","marar101","grimc101","T","T",9,4,27,0,0,0,0,0,0,"gowdh101","","",0,0,0,0,0,0,0,0,0,0,0,0,0,"oescj101","F","F","F","F",0,0,0,0,0,0,0,0,0,0,F,F,"1924NY1.EVN.regular.event.csv",1078
"NY1192406090","PIT",4,0,1,0,0,"",0,1,"marar101","?","marar101","?","oescj101","?","oescj101","?","gowdh101","kellg101","frisf101","grohh101","jackt101","meusi101","wilsh102","younr101","trayp101","cuylk101","","4(1)/FO.2-3","F","F",4,6,2,"T","T",0,"F","F",1,"F","F",0,"F","F",4,"G","F","F","",0,0,"N",0,"N",0,"N",1,0,3,0,"","4","","","F","F","F","F","F","F","F","F","F","oescj101","oescj101","","F","F","F","F","F","","","","",0,4,0,0,0,0,0,0,0,29,"NY1","PIT","NY1",0,"F","F",0,1,0,14,3,"T","F",3,5,"T","T","grimc101","schmw102","T","T",5,5,28,9,4,27,0,0,0,"gowdh101","gowdh101","",0,0,0,0,0,0,0,0,0,0,0,0,0,"frisf101","T","F","F","F",0,0,0,0,0,0,0,0,0,0,F,F,"1924NY1.EVN.regular.event.csv",1079
"NY1192406090","PIT",4,0,2,0,0,"",0,1,"grimc101","?","grimc101","?","oescj101","?","oescj101","?","gowdh101","terrb101","frisf101","grohh101","jackt101","meusi101","wilsh102","younr101","marar101","","cuylk101","SB2","F","F",3,7,4,"F","F",0,"F","F",0,"F","F",0,"F","F",0,"","F","F","",0,0,"N",0,"N",0,"N",0,2,0,3,"","","","","T","F","F","F","F","F","F","F","F","oescj101","","oescj101","F","F","F","F","F","","","","",0,0,0,0,0,0,0,0,0,30,"NY1","PIT","NY1",0,"F","F",0,1,0,15,4,"T","F",5,6,"T","T","schmw102","coopw101","T","T",4,6,29,0,0,0,9,4,27,"gowdh101","","gowdh101",0,0,0,0,0,0,0,0,0,0,0,0,0,"","F","F","F","F",0,0,0,0,0,0,0,0,0,0,F,F,"1924NY1.EVN.regular.event.csv",1080
"NY1192406090","PIT",4,0,2,0,0,"",0,1,"grimc101","?","grimc101","?","oescj101","?","oescj101","?","gowdh101","terrb101","frisf101","grohh101","jackt101","meusi101","wilsh102","younr101","","marar101","cuylk101","IW","F","F",3,7,15,"T","F",0,"F","F",0,"F","F",0,"F","F",0,"","F","F","",0,0,"N",0,"N",0,"N",1,0,2,3,"","","","","F","F","F","F","F","F","F","F","F","","oescj101","oescj101","F","F","F","F","F","","","","",0,0,0,0,0,0,0,0,0,31,"NY1","PIT","NY1",0,"F","F",0,1,0,15,4,"F","F",6,7,"T","T","schmw102","coopw101","T","T",0,0,0,4,6,29,9,4,27,"","gowdh101","gowdh101",0,0,0,0,0,0,0,0,0,0,0,0,0,"","F","F","F","F",0,0,0,0,0,0,0,0,0,0,F,F,"1924NY1.EVN.regular.event.csv",1081
"NY1192406090","PIT",4,0,2,0,0,"",0,1,"schmw102","?","schmw102","?","oescj101","?","oescj101","?","gowdh101","terrb101","frisf101","grohh101","jackt101","meusi101","wilsh102","younr101","grimc101","marar101","cuylk101","53","F","F",2,8,2,"T","T",0,"F","F",1,"F","F",0,"F","F",5,"G","F","F","",0,0,"N",0,"N",0,"N",0,1,2,3,"53","","","","F","F","F","F","F","F","F","F","F","oescj101","oescj101","oescj101","F","F","F","F","F","","","","",0,3,0,0,5,0,0,0,0,32,"NY1","PIT","NY1",0,"F","T",0,1,0,16,5,"T","F",7,7,"T","T","coopw101","carem101","T","T",3,7,31,4,6,29,9,4,27,"gowdh101","gowdh101","gowdh101",0,0,0,0,0,0,0,0,0,0,0,0,0,"grohh101","F","F","F","F",0,0,0,0,0,0,0,0,0,0,F,F,"1924NY1.EVN.regular.event.csv",1082
"NY1192406090","PIT",4,1,0,0,0,"",0,1,"terrb101","?","terrb101","?","coopw101","?","coopw101","?","schmw102","grimc101","marar101","trayp101","wrigg102","bigbc101","carem101","cuylk101","","","","31","T","F",3,5,2,"T","T",0,"F","F",1,"F","F",0,"F","F",3,"G","F","F","",0,0,"N",0,"N",0,"N",0,0,0,0,"31","","","","F","F","F","F","F","F","F","F","F","","","","F","F","F","F","F","","","","",0,1,0,0,3,0,0,0,0,33,"NY1","NY1","PIT",1,"T","F",1,0,0,13,0,"T","F",0,0,"F","F","jackt101","grohh101","T","T",0,0,0,0,0,0,0,0,0,"","","",0,0,0,0,0,0,0,0,0,0,0,0,0,"grimc101","F","F","F","F",0,0,0,0,0,0,0,0,0,0,F,F,"1924NY1.EVN.regular.event.csv",1083
"NY1192406090","PIT",4,1,1,0,0,"",0,1,"jackt101","?","jackt101","?","coopw101","?","coopw101","?","schmw102","grimc101","marar101","trayp101","wrigg102","bigbc101","carem101","cuylk101","","","","53","F","F",6,6,2,"T","T",0,"F","F",1,"F","F",0,"F","F",5,"G","F","F","",0,0,"N",0,"N",0,"N",0,0,0,0,"53","","","","F","F","F","F","F","F","F","F","F","","","","F","F","F","F","F","","","","",0,3,0,0,5,0,0,0,0,34,"NY1","NY1","PIT",1,"F","F",1,0,0,14,1,"T","F",0,0,"T","T","grohh101","gowdh101","T","T",0,0,0,0,0,0,0,0,0,"","","",0,0,0,0,0,0,0,0,0,0,0,0,0,"trayp101","F","F","F","F",0,0,0,0,0,0,0,0,0,0,F,F,"1924NY1.EVN.regular.event.csv",1084
"NY1192406090","PIT",4,1,2,0,0,"",0,1,"grohh101","?","grohh101","?","coopw101","?","coopw101","?","schmw102","grimc101","marar101","trayp101","wrigg102","bigbc101","carem101","cuylk101","","","","63","F","F",5,7,2,"T","T",0,"F","F",1,"F","F",0,"F","F",6,"G","F","F","",0,0,"N",0,"N",0,"N",0,0,0,0,"63","","","","F","F","F","F","F","F","F","F","F","","","","F","F","F","F","F","","","","",0,3,0,0,6,0,0,0,0,35,"NY1","NY1","PIT",1,"F","T",1,0,0,15,2,"T","F",0,0,"T","T","gowdh101","oescj101","T","T",0,0,0,0,0,0,0,0,0,"","","",0,0,0,0,0,0,0,0,0,0,0,0,0,"wrigg102","F","F","F","F",0,0,0,0,0,0,0,0,0,0,F,F,"1924NY1.EVN.regular.event.csv",1085
"NY1192406090","PIT",5,0,0,0,0,"",0,1,"coopw101","?","coopw101","?","oescj101","?","oescj101","?","gowdh101","terrb101","frisf101","grohh101","jackt101","meusi101","wilsh102","younr101","","","","W","T","F",1,9,14,"T","F",0,"F","F",0,"F","F",0,"F","F",0,"","F","F","",0,0,"N",0,"N",0,"N",1,0,0,0,"","","","","F","F","F","F","F","F","F","F","F","","","","F","F","F","F","F","","","","",0,0,0,0,0,0,0,0,0,36,"NY1","PIT","NY1",0,"T","F",0,1,0,17,0,"T","F",0,1,"T","T","carem101","bigbc101","T","T",0,0,0,0,0,0,0,0,0,"","","",0,0,0,0,0,0,0,0,0,0,0,0,0,"","F","F","F","F",4,0,0,0,2,0,0,0,0,0,F,F,"1924NY1.EVN.regular.event.csv",1086
"NY1192406090","PIT",5,0,0,0,0,"",0,1,"carem101","?","carem101","?","oescj101","?","oescj101","?","gowdh101","terrb101","frisf101","grohh101","jackt101","meusi101","wilsh102","younr101","coopw101","","","S/G3.1-2","F","F",8,1,20,"T","T",1,"F","F",0,"F","F",0,"F","F",0,"G","F","F","3",0,0,"N",0,"N",0,"N",1,2,0,0,"","","","","F","F","F","F","F","F","F","F","F","oescj101","","","F","F","F","F","F","","","","",0,0,0,0,0,0,0,0,0,37,"NY1","PIT","NY1",0,"F","F",0,1,0,18,1,"T","F",1,3,"T","T","bigbc101","wrigg102","T","T",1,9,36,0,0,0,0,0,0,"gowdh101","","",0,0,0,0,0,0,0,0,0,0,0,0,0,"","F","F","F","F",0,4,0,0,2,0,0,0,0,0,F,F,"1924NY1.EVN.regular.event.csv",1087
"NY1192406090","PIT",5,0,0,0,0,"",0,1,"bigbc101","?","bigbc101","?","oescj101","?","oescj101","?","gowdh101","terrb101","frisf101","grohh101","jackt101","meusi101","wilsh102","younr101","carem101","coopw101","","64(1)/FO.2-3","F","F",7,2,2,"T","T",0,"F","F",1,"F","F",0,"F","F",6,"G","F","F","",0,0,"N",0,"N",0,"N",1,0,3,0,"","64","","","F","F","F","F","F","F","F","F","F","oescj101","oescj101","","F","F","F","F","F","","","","",0,4,0,0,6,0,0,0,0,38,"NY1","PIT","NY1",0,"F","F",0,1,0,19,2,"T","F",3,5,"T","T","wrigg102","cuylk101","T","T",8,1,37,1,9,36,0,0,0,"gowdh101","gowdh101","",0,0,0,0,0,0,0,0,0,0,0,0,0,"jackt101","T","F","F","F",4,0,4,0,2,0,0,0,0,0,F,F,"1924NY1.EVN.regular.event.csv",1088
"NY1192406090","PIT",5,0,1,0,0,"",0,1,"wrigg102","?","wrigg102","?","oescj101","?","oescj101","?","gowdh101","terrb101","frisf101","grohh101","jackt101","meusi101","wilsh102","younr101","bigbc101","","coopw101","D7/G5L.3-H;1-H","F","F",6,3,21,"T","T",2,"F","F",0,"F","F",2,"F","F",7,"G","F","F","5L",0,0,"N",0,"N",0,"N",2,4,0,4,"","","","","F","F","F","F","F","F","F","F","F","oescj101","","oescj101","F","F","F","F","F","","","","",0,0,0,0,0,0,0,0,0,39,"NY1","PIT","NY1",0,"F","F",0,1,0,20,3,"T","F",5,2,"T","T","cuylk101","trayp101","T","T",7,2,38,0,0,0,1,9,36,"gowdh101","","gowdh101",0,0,0,0,0,0,0,0,0,0,0,0,2,"meusi101","F","F","F","F",0,4,0,4,0,0,0,0,0,0,F,F,"1924NY1.EVN.regular.event.csv",1089
"NY1192406090","PIT",5,0,1,0,0,"",2,1,"cuylk101","?","cuylk101","?","oescj101","?","oescj101","?","gowdh101","terrb101","frisf101","grohh101","jackt101","meusi101","wilsh102","younr101","","wrigg102","","43.2-3","F","F",9,4,2,"T","T",0,"F","F",1,"F","F",0,"F","F",4,"G","F","F","",0,0,"N",0,"N",0,"N",0,0,3,0,"43","","","","F","F","F","F","F","F","F","F","F","","oescj101","","F","F","F","F","F","","","","",0,3,0,0,4,0,0,0,0,40,"NY1","PIT","NY1",0,"F","F",2,1,2,21,4,"T","F",2,4,"T","T","trayp101","marar101","T","T",0,0,0,6,3,39,0,0,0,"","gowdh101","",0,0,0,0,0,0,0,0,0,0,0,0,0,"frisf101","F","F","F","F",0,0,0,0,0,0,0,0,0,0,F,F,"1924NY1.EVN.regular.event.csv",1090
"NY1192406090","PIT",5,0,2,0,0,"",2,1,"trayp101","?","trayp101","?","oescj101","?","oescj101","?","gowdh101","terrb101","frisf101","grohh101","jackt101","meusi101","wilsh102","younr101","","","wrigg102","43","F","F",5,5,2,"T","T",0,"F","F",1,"F","F",0,"F","F",4,"G","F","F","",0,0,"N",0,"N",0,"N",0,0,0,3,"43","","","","F","F","F","F","F","F","F","F","F","","","oescj101","F","F","F","F","F","","","","",0,3,0,0,4,0,0,0,0,41,"NY1","PIT","NY1",0,"F","T",2,1,2,22,5,"T","F",4,4,"T","T","marar101","grimc101","T","T",0,0,0,0,0,0,6,3,39,"","","gowdh101",0,0,0,0,0,0,0,0,0,0,0,0,0,"frisf101","F","F","F","F",0,0,0,0,0,0,0,0,0,0,F,F,"1924NY1.EVN.regular.event.csv",1091
"NY1192406090","PIT",5,1,0,0,0,"",2,1,"gowdh101","?","gowdh101","?","coopw101","?","coopw101","?","schmw102","grimc101","marar101","trayp101","wrigg102","bigbc101","carem101","cuylk101","","","","43/G4M","T","F",2,8,2,"T","T",0,"F","F",1,"F","F",0,"F","F",4,"G","F","F","4M",0,0,"N",0,"N",0,"N",0,0,0,0,"43","","","","F","F","F","F","F","F","F","F","F","","","","F","F","F","F","F","","","","",0,3,0,0,4,0,0,0,0,42,"NY1","NY1","PIT",1,"T","F",1,2,0,16,0,"T","F",0,0,"T","T","oescj101","younr101","T","T",0,0,0,0,0,0,0,0,0,"","","",0,0,0,0,0,0,0,0,0,0,0,0,0,"marar101","F","F","F","F",0,0,0,0,0,0,0,0,0,0,F,F,"1924NY1.EVN.regular.event.csv",1092
"NY1192406090","PIT",5,1,1,0,0,"",2,1,"oescj101","?","oescj101","?","coopw101","?","coopw101","?","schmw102","grimc101","marar101","trayp101","wrigg102","bigbc101","carem101","cuylk101","","","","S9/F9DW","F","F",1,9,20,"T","T",1,"F","F",0,"F","F",0,"F","F",9,"F","F","F","9DW",0,0,"N",0,"N",0,"N",1,0,0,0,"","","","","F","F","F","F","F","F","F","F","F","","","","F","F","F","F","F","","","","",0,0,0,0,0,0,0,0,0,43,"NY1","NY1","PIT",1,"F","F",1,2,0,17,1,"T","F",0,1,"T","T","younr101","frisf101","T","T",0,0,0,0,0,0,0,0,0,"","","",0,0,0,0,0,0,0,0,0,0,0,0,0,"cuylk101","F","F","F","F",0,0,0,0,0,0,0,0,0,0,F,F,"1924NY1.EVN.regular.event.csv",1093
"NY1192406090","PIT",5,1,1,0,0,"",2,1,"younr101","?","younr101","?","coopw101","?","coopw101","?","schmw102","grimc101","marar101","trayp101","wrigg102","bigbc101","carem101","cuylk101","oescj101","","","64(1)/FO","F","F",9,1,2,"T","T",0,"F","F",1,"F","F",0,"F","F",6,"G","F","F","",0,0,"N",0,"N",0,"N",1,0,0,0,"","64","","","F","F","F","F","F","F","F","F","F","coopw101","","","F","F","F","F","F","","","","",0,4,0,0,6,0,0,0,0,44,"NY1","NY1","PIT",1,"F","F",1,2,0,18,2,"T","F",1,1,"T","T","frisf101","wilsh102","T","T",1,9,43,0,0,0,0,0,0,"schmw102","","",0,0,0,0,0,0,0,0,0,0,0,0,0,"wrigg102","T","F","F","F",0,0,0,0,0,0,0,0,0,0,F,F,"1924NY1.EVN.regular.event.csv",1094
"NY1192406090","PIT",5,1,2,0,0,"",2,1,"frisf101","?","frisf101","?","coopw101","?","coopw101","?","schmw102","grimc101","marar101","trayp101","wrigg102","bigbc101","carem101","cuylk101","younr101","","","WP.1-2","F","F",4,2,9,"F","F",0,"F","F",0,"F","F",0,"T","F",0,"","F","F","",0,0,"N",0,"N",0,"N",0,2,0,0,"","","","","F","F","F","F","F","F","F","F","F","coopw101","","","F","F","F","F","F","","","","",0,0,0,0,0,0,0,0,0,45,"NY1","NY1","PIT",1,"F","F",1,2,0,19,3,"T","F",1,2,"T","T","wilsh102","meusi101","T","T",9,1,44,0,0,0,0,0,0,"schmw102","","",0,0,0,0,0,0,0,0,0,0,0,0,0,"","F","F","F","F",0,0,0,0,0,0,0,0,0,0,F,F,"1924NY1.EVN.regular.event.csv",1095
"NY1192406090","PIT",5,1,2,0,0,"",2,1,"frisf101","?","frisf101","?","coopw101","?","coopw101","?","schmw102","grimc101","marar101","trayp101","wrigg102","bigbc101","carem101","cuylk101","","younr101","","3/FL","F","F",4,2,2,"T","T",0,"F","F",1,"F","F",0,"F","F",3,"F","F","T","",0,0,"N",0,"N",0,"N",0,0,2,0,"3","","","","F","F","F","F","F","F","F","F","F","","coopw101","","F","F","F","F","F","","","","",0,3,0,0,0,0,0,0,0,46,"NY1","NY1","PIT",1,"F","T",1,2,0,19,3,"F","F",2,2,"T","T","wilsh102","meusi101","T","T",0,0,0,9,1,44,0,0,0,"","schmw102","",0,0,0,0,0,0,0,0,0,0,0,0,0,"grimc101","F","F","F","F",0,0,0,0,0,0,0,0,0,0,F,F,"1924NY1.EVN.regular.event.csv",1096
"NY1192406090","PIT",6,0,0,0,0,"",2,1,"marar101","?","marar101","?","oescj101","?","oescj101","?","gowdh101","terrb101","frisf101","grohh101","jackt101","meusi101","wilsh102","younr101","","","","53","T","F",4,6,2,"T","T",0,"F","F",1,"F","F",0,"F","F",5,"G","F","F","",0,0,"N",0,"N",0,"N",0,0,0,0,"53","","","","F","F","F","F","F","F","F","F","F","","","","F","F","F","F","F","","","","",0,3,0,0,5,0,0,0,0,47,"NY1","PIT","NY1",0,"T","F",2,1,0,23,0,"T","F",0,0,"T","T","grimc101","schmw102","T","T",0,0,0,0,0,0,0,0,0,"","","",0,0,0,0,0,0,0,0,0,0,0,0,0,"grohh101","F","F","F","F",0,0,0,0,0,0,0,0,0,0,F,F,"1924NY1.EVN.regular.event.csv",1097
"NY1192406090","PIT",6,0,1,0,0,"",2,1,"grimc101","?","grimc101","?","oescj101","?","oescj101","?","gowdh101","terrb101","frisf101","grohh101","jackt101","meusi101","wilsh102","younr101","","","","S8","F","F",3,7,20,"T","T",1,"F","F",0,"F","F",0,"F","F",8,"","F","F","",0,0,"N",0,"N",0,"N",1,0,0,0,"","","","","F","F","F","F","F","F","F","F","F","","","","F","F","F","F","F","","","","",0,0,0,0,0,0,0,0,0,48,"NY1","PIT","NY1",0,"F","F",2,1,0,24,1,"T","F",0,1,"T","T","schmw102","coopw101","T","T",0,0,0,0,0,0,0,0,0,"","","",0,0,0,0,0,0,0,0,0,0,0,0,0,"wilsh102","F","F","F","F",0,0,0,0,0,0,0,0,0,0,F,F,"1924NY1.EVN.regular.event.csv",1098
"NY1192406090","PIT",6,0,1,0,0,"",2,1,"schmw102","?","schmw102","?","oescj101","?","oescj101","?","gowdh101","terrb101","frisf101","grohh101","jackt101","meusi101","wilsh102","younr101","grimc101","","","D9/9L.1-3","F","F",2,8,21,"T","T",2,"F","F",0,"F","F",0,"F","F",9,"","F","F","9L",0,0,"N",0,"N",0,"N",2,3,0,0,"","","","","F","F","F","F","F","F","F","F","F","oescj101","","","F","F","F","F","F","","","","",0,0,0,0,0,0,0,0,0,49,"NY1","PIT","NY1",0,"F","F",2,1,0,25,2,"T","F",1,6,"T","T","coopw101","carem101","T","T",3,7,48,0,0,0,0,0,0,"gowdh101","","",0,0,0,0,0,0,0,0,0,0,0,0,0,"younr101","F","F","F","F",0,0,0,0,0,0,0,0,0,0,F,F,"1924NY1.EVN.regular.event.csv",1099
"NY1192406090","PIT",6,0,1,0,0,"",2,1,"coopw101","?","coopw101","?","oescj101","?","oescj101","?","gowdh101","terrb101","frisf101","grohh101","jackt101","meusi101","wilsh102","younr101","","schmw102","grimc101","6/L","F","F",1,9,2,"T","T",0,"F","F",1,"F","F",0,"F","F",6,"L","F","F","",0,0,"N",0,"N",0,"N",0,0,2,3,"6","","","","F","F","F","F","F","F","F","F","F","","oescj101","oescj101","F","F","F","F","F","","","","",0,6,0,0,0,0,0,0,0,50,"NY1","PIT","NY1",0,"F","F",2,1,0,26,3,"T","F",6,6,"T","T","carem101","bigbc101","T","T",0,0,0,2,8,49,3,7,48,"","gowdh101","gowdh101",0,0,0,0,0,0,0,0,0,0,0,0,0,"jackt101","F","F","F","F",0,0,0,0,0,0,0,0,0,0,F,F,"1924NY1.EVN.regular.event.csv",1100
"NY1192406090","PIT",6,0,2,0,0,"",2,1,"carem101","?","carem101","?","oescj101","?","oescj101","?","gowdh101","terrb101","frisf101","grohh101","jackt101","meusi101","wilsh102","younr101","","schmw102","grimc101","W","F","F",8,1,14,"T","F",0,"F","F",0,"F","F",0,"F","F",0,"","F","F","",0,0,"N",0,"N",0,"N",1,0,2,3,"","","","","F","F","F","F","F","F","F","F","F","","oescj101","oescj101","F","F","F","F","F","","","","",0,0,0,0,0,0,0,0,0,51,"NY1","PIT","NY1",0,"F","F",2,1,0,27,4,"T","F",6,7,"T","T","bigbc101","wrigg102","T","T",0,0,0,2,8,49,3,7,48,"","gowdh101","gowdh101",0,0,0,0,0,0,0,0,0,0,0,0,0,"","F","F","F","F",0,0,0,0,0,0,0,0,0,0,F,F,"1924NY1.EVN.regular.event.csv",1101
"NY1192406090","PIT",6,0,2,0,0,"",2,1,"bigbc101","?","bigbc101","?","oescj101","?","oescj101","?","gowdh101","terrb101","frisf101","grohh101","jackt101","meusi101","wilsh102","younr101","carem101","schmw102","grimc101","53","F","F",7,2,2,"T","T",0,"F","F",1,"F","F",0,"F","F",5,"G","F","F","",0,0,"N",0,"N",0,"N",0,1,2,3,"53","","","","F","F","F","F","F","F","F","F","F","oescj101","oescj101","oescj101","F","F","F","F","F","","","","",0,3,0,0,5,0,0,0,0,52,"NY1","PIT","NY1",0,"F","T",2,1,0,28,5,"T","F",7,7,"T","T","wrigg102","cuylk101","T","T",8,1,51,2,8,49,3,7,48,"gowdh101","gowdh101","gowdh101",0,0,0,0,0,0,0,0,0,0,0,0,0,"grohh101","F","F","F","F",0,0,0,0,0,0,0,0,0,0,F,F,"1924NY1.EVN.regular.event.csv",1102
"NY1192406090","PIT",6,1,0,0,0,"",2,1,"wilsh102","?","wilsh102","?","coopw101","?","coopw101","?","schmw102","grimc101","marar101","trayp101","wrigg102","bigbc101","carem101","cuylk101","","","","2/FL","T","F",8,3,2,"T","T",0,"F","F",1,"F","F",0,"F","F",2,"F","F","T","",0,0,"N",0,"N",0,"N",0,0,0,0,"2","","","","F","F","F","F","F","F","F","F","F","","","","F","F","F","F","F","","","","",0,2,0,0,0,0,0,0,0,53,"NY1","NY1","PIT",1,"T","F",1,2,0,20,0,"T","F",0,0,"T","T","meusi101","terrb101","T","T",0,0,0,0,0,0,0,0,0,"","","",0,0,0,0,0,0,0,0,0,0,0,0,0,"schmw102","F","F","F","F",0,0,0,0,0,0,0,0,0,0,F,F,"1924NY1.EVN.regular.event.csv",1103
"NY1192406090","PIT",6,1,1,0,0,"",2,1,"meusi101","?","meusi101","?","coopw101","?","coopw101","?","schmw102","grimc101","marar101","trayp101","wrigg102","bigbc101","carem101","cuylk101","","","","K","F","F",7,4,3,"T","T",0,"F","F",1,"F","F",0,"F","F",0,"","F","F","",0,0,"N",0,"N",0,"N",0,0,0,0,"2","","","","F","F","F","F","F","F","F","F","F","","","","F","F","F","F","F","","","","",0,2,0,0,0,0,0,0,0,54,"NY1","NY1","PIT",1,"F","F",1,2,0,21,1,"T","F",0,0,"T","T","terrb101","jackt101","T","T",0,0,0,0,0,0,0,0,0,"","","",0,0,0,0,0,0,0,0,0,0,0,0,0,"","F","F","F","F",0,0,0,0,0,0,0,0,0,0,F,F,"1924NY1.EVN.regular.event.csv",1104
"NY1192406090","PIT",6,1,2,0,0,"",2,1,"terrb101","?","terrb101","?","coopw101","?","coopw101","?","schmw102","grimc101","marar101","trayp101","wrigg102","bigbc101","carem101","cuylk101","","","","7/L","F","F",3,5,2,"T","T",0,"F","F",1,"F","F",0,"F","F",7,"L","F","F","",0,0,"N",0,"N",0,"N",0,0,0,0,"7","","","","F","F","F","F","F","F","F","F","F","","","","F","F","F","F","F","","","","",0,7,0,0,0,0,0,0,0,55,"NY1","NY1","PIT",1,"F","T",1,2,0,22,2,"T","F",0,0,"F","F","jackt101","grohh101","T","T",0,0,0,0,0,0,0,0,0,"","","",0,0,0,0,0,0,0,0,0,0,0,0,0,"bigbc101","F","F","F","F",0,0,0,0,0,0,0,0,0,0,F,F,"1924NY1.EVN.regular.event.csv",1105
"NY1192406090","PIT",7,0,0,0,0,"",2,1,"wrigg102","?","wrigg102","?","oescj101","?","oescj101","?","gowdh101","terrb101","frisf101","grohh101","jackt101","meusi101","wilsh102","younr101","","","","W","T","F",6,3,14,"T","F",0,"F","F",0,"F","F",0,"F","F",0,"","F","F","",0,0,"N",0,"N",0,"N",1,0,0,0,"","","","","F","F","F","F","F","F","F","F","F","","","","F","F","F","F","F","","","","",0,0,0,0,0,0,0,0,0,56,"NY1","PIT","NY1",0,"T","F",2,1,0,29,0,"T","F",0,1,"T","T","cuylk101","trayp101","T","T",0,0,0,0,0,0,0,0,0,"","","",0,0,0,0,0,0,0,0,0,0,0,0,0,"","F","F","F","F",5,0,0,0,2,0,0,0,0,0,F,F,"1924NY1.EVN.regular.event.csv",1106
"NY1192406090","PIT",7,0,0,0,0,"",2,1,"cuylk101","?","cuylk101","?","oescj101","?","oescj101","?","gowdh101","terrb101","frisf101","grohh101","jackt101","meusi101","wilsh102","younr101","wrigg102","","","34/SH.1-2","F","F",9,4,2,"T","F",0,"T","F",1,"F","F",0,"F","F",3,"G","T","F","",0,0,"N",0,"N",0,"N",0,2,0,0,"34","","","","F","F","F","F","F","F","F","F","F","oescj101","","","F","F","F","F","F","","","","",0,4,0,0,3,0,0,0,0,57,"NY1","PIT","NY1",0,"F","F",2,1,0,30,1,"T","F",1,2,"T","T","trayp101","marar101","T","T",6,3,56,0,0,0,0,0,0,"gowdh101","","",0,0,0,0,0,0,0,0,0,0,0,0,0,"terrb101","F","F","F","F",0,5,0,0,2,0,0,0,0,0,F,F,"1924NY1.EVN.regular.event.csv",1107
"NY1192406090","PIT",7,0,1,0,0,"",2,1,"trayp101","?","trayp101","?","oescj101","?","oescj101","?","gowdh101","terrb101","frisf101","grohh101","jackt101","meusi101","wilsh102","younr101","","wrigg102","","K/C","F","F",5,5,3,"T","T",0,"F","F",1,"F","F",0,"F","F",0,"","F","F","",0,0,"N",0,"N",0,"N",0,0,2,0,"2","","","","F","F","F","F","F","F","F","F","F","","oescj101","","F","F","F","F","F","","","","",0,2,0,0,0,0,0,0,0,58,"NY1","PIT","NY1",0,"F","F",2,1,0,31,2,"T","F",2,2,"T","T","marar101","grimc101","T","T",0,0,0,6,3,56,0,0,0,"","gowdh101","",0,0,0,0,0,0,0,0,0,0,0,0,0,"","F","F","F","F",0,0,5,0,2,0,0,0,0,0,F,F,"1924NY1.EVN.regular.event.csv",1108
"NY1192406090","PIT",7,0,2,0,0,"",2,1,"marar101","?","marar101","?","oescj101","?","oescj101","?","gowdh101","terrb101","frisf101","grohh101","jackt101","meusi101","wilsh102","younr101","","wrigg102","","E4/G.2-H(NR)(UR)","F","F",4,6,18,"T","T",0,"F","F",0,"F","F",0,"F","F",4,"G","F","F","",1,4,"F",0,"N",0,"N",1,0,5,0,"","","","","F","F","F","F","F","F","F","F","F","","oescj101","","F","F","F","F","F","","","","",0,0,0,0,0,0,0,0,0,59,"NY1","PIT","NY1",0,"F","F",2,1,0,32,3,"T","F",2,1,"T","T","grimc101","schmw102","T","T",0,0,0,6,3,56,0,0,0,"","gowdh101","",0,0,0,0,0,0,0,0,0,0,0,0,1,"frisf101","F","F","F","T",5,0,5,0,1,0,0,0,0,0,F,F,"1924NY1.EVN.regular.event.csv",1109
"NY1192406090","PIT",7,0,2,0,0,"",3,1,"grimc101","?","grimc101","?","oescj101","?","oescj101","?","gowdh101","terrb101","frisf101","grohh101","jackt101","meusi101","wilsh102","younr101","marar101","","","BK.1-2","F","F",3,7,11,"F","F",0,"F","F",0,"F","F",0,"F","F",0,"","F","F","",0,0,"N",0,"N",0,"N",0,2,0,0,"","","","","F","F","F","F","F","F","F","F","F","oescj101","","","F","F","F","F","F","","","","",0,0,0,0,0,0,0,0,0,60,"NY1","PIT","NY1",0,"F","F",3,1,1,33,4,"T","F",1,2,"T","T","schmw102","coopw101","T","T",4,6,59,0,0,0,0,0,0,"gowdh101","","",0,0,0,0,0,0,0,0,0,0,0,0,0,"","F","F","F","F",0,5,0,0,1,0,0,0,0,0,F,F,"1924NY1.EVN.regular.event.csv",1110
"NY1192406090","PIT",7,0,2,0,0,"",3,1,"grimc101","?","grimc101","?","oescj101","?","oescj101","?","gowdh101","terrb101","frisf101","grohh101","jackt101","meusi101","wilsh102","younr101","","marar101","","S3/G.2-H(NR)(UR);B-3(E3/TH1)","F","F",3,7,20,"T","T",1,"F","F",0,"F","F",0,"F","F",3,"G","F","F","",1,3,"T",0,"N",0,"N",3,0,5,0,"","","","","F","F","F","F","F","F","F","F","F","","oescj101","","F","F","F","F","F","","","","",0,0,0,0,0,0,0,0,0,61,"NY1","PIT","NY1",0,"F","F",3,1,1,33,4,"F","F",2,4,"T","T","schmw102","coopw101","T","T",0,0,0,4,6,59,0,0,0,"","gowdh101","",0,0,0,0,0,0,0,0,0,0,0,0,1,"terrb101","F","F","F","F",0,0,5,0,0,0,0,0,0,0,F,F,"1924NY1.EVN.regular.event.csv",1111
"NY1192406090","PIT",7,0,2,0,0,"",4,1,"schmw102","?","schmw102","?","oescj101","?","oescj101","?","gowdh101","terrb101","frisf101","grohh101","jackt101","meusi101","wilsh102","younr101","","","grimc101","53","F","F",2,8,2,"T","T",0,"F","F",1,"F","F",0,"F","F",5,"G","F","F","",0,0,"N",0,"N",0,"N",0,0,0,3,"53","","","","F","F","F","F","F","F","F","F","F","","","oescj101","F","F","F","F","F","","","","",0,3,0,0,5,0,0,0,0,62,"NY1","PIT","NY1",0,"F","T",4,1,2,34,5,"T","F",4,4,"T","T","coopw101","carem101","T","T",0,0,0,0,0,0,3,7,61,"","","gowdh101",0,0,0,0,0,0,0,0,0,0,0,0,0,"grohh101","F","F","F","F",0,0,0,0,0,0,0,0,0,0,F,F,"1924NY1.EVN.regular.event.csv",1112
"NY1192406090","PIT",7,1,0,0,0,"",4,1,"jackt101","?","jackt101","?","coopw101","?","coopw101","?","schmw102","grimc101","marar101","trayp101","wrigg102","bigbc101","carem101","cuylk101","","","","S7","T","F",6,6,20,"T","T",1,"F","F",0,"F","F",0,"F","F",7,"","F","F","",0,0,"N",0,"N",0,"N",1,0,0,0,"","","","","F","F","F","F","F","F","F","F","F","","","","F","F","F","F","F","","","","",0,0,0,0,0,0,0,0,0,63,"NY1","NY1","PIT",1,"T","F",1,4,0,23,0,"T","F",0,1,"T","T","grohh101","gowdh101","T","T",0,0,0,0,0,0,0,0,0,"","","",0,0,0,0,0,0,0,0,0,0,0,0,0,"bigbc101","F","F","F","F",4,0,0,0,5,0,0,0,0,0,F,F,"1924NY1.EVN.regular.event.csv",1113
"NY1192406090","PIT",7,1,0,0,0,"",4,1,"grohh101","?","grohh101","?","coopw101","?","coopw101","?","schmw102","grimc101","marar101","trayp101","wrigg102","bigbc101","carem101","cuylk101","jackt101","","","HP.1-2","F","F",5,7,16,"T","F",0,"F","F",0,"F","F",0,"F","F",0,"","F","F","",0,0,"N",0,"N",0,"N",1,2,0,0,"","","","","F","F","F","F","F","F","F","F","F","coopw101","","","F","F","F","F","F","","","","",0,0,0,0,0,0,0,0,0,64,"NY1","NY1","PIT",1,"F","F",1,4,0,24,1,"T","F",1,3,"T","T","gowdh101","oescj101","T","T",6,6,63,0,0,0,0,0,0,"schmw102","","",0,0,0,0,0,0,0,0,0,0,0,0,0,"","F","F","F","F",4,4,0,0,5,0,0,0,0,0,F,F,"1924NY1.EVN.regular.event.csv",1114
"NY1192406090","PIT",7,1,0,0,0,"",4,1,"gowdh101","?","gowdh101","?","coopw101","?","coopw101","?","schmw102","grimc101","marar101","trayp101","wrigg102","bigbc101","carem101","cuylk101","grohh101","jackt101","","S8.2-H;1-3(E8)","F","F",2,8,20,"T","T",1,"F","F",0,"F","F",1,"F","F",8,"","F","F","",1,8,"F",0,"N",0,"N",1,3,4,0,"","","","","F","F","F","F","F","F","F","F","F","coopw101","coopw101","","F","F","F","F","F","","","","",0,0,0,0,0,0,0,0,0,65,"NY1","NY1","PIT",1,"F","F",1,4,0,25,2,"T","F",3,5,"T","T","oescj101","younr101","T","T",5,7,64,6,6,63,0,0,0,"schmw102","schmw102","",0,0,0,0,0,0,0,0,0,0,0,0,1,"carem101","F","F","F","F",4,4,4,0,4,0,0,0,0,0,F,F,"1924NY1.EVN.regular.event.csv",1115
"NY1192406090","PIT",7,1,0,0,0,"",4,2,"snydf101","?","snydf101","?","coopw101","?","coopw101","?","schmw102","grimc101","marar101","trayp101","wrigg102","bigbc101","carem101","cuylk101","lindf101","","grohh101","S9/L.3-H;1-3","F","T",11,9,20,"T","T",1,"F","F",0,"F","F",1,"F","F",9,"L","F","F","",0,0,"N",0,"N",0,"N",1,3,0,4,"","","","","F","F","F","F","F","F","F","F","F","coopw101","","coopw101","F","F","T","F","F","gowdh101","","","oescj101",1,0,0,0,0,0,0,0,0,66,"NY1","NY1","PIT",1,"F","F",2,4,1,26,3,"T","F",5,5,"F","F","younr101","frisf101","T","T",12,8,65,0,0,0,5,7,64,"schmw102","","schmw102",0,0,0,0,0,0,0,0,0,0,0,0,1,"cuylk101","F","F","F","F",4,4,0,4,3,0,0,0,0,0,F,F,"1924NY1.EVN.regular.event.csv",1116
"NY1192406090","PIT",7,1,0,0,0,"",4,3,"younr101","?","younr101","?","coopw101","?","coopw101","?","schmw102","grimc101","marar101","trayp101","wrigg102","bigbc101","carem101","cuylk101","snydf101","","lindf101","2/FL","F","F",9,1,2,"T","T",0,"F","F",1,"F","F",0,"F","F",2,"F","F","T","",0,0,"N",0,"N",0,"N",0,1,0,3,"2","","","","F","F","F","F","F","F","F","F","F","coopw101","","coopw101","F","F","F","F","F","","","","",0,2,0,0,0,0,0,0,0,67,"NY1","NY1","PIT",1,"F","F",3,4,2,27,4,"T","F",5,5,"T","T","frisf101","wilsh102","T","T",0,9,66,0,0,0,0,8,65,"schmw102","","schmw102",0,0,0,0,0,0,0,0,0,0,0,0,0,"schmw102","F","F","F","F",0,4,0,4,3,0,0,0,0,0,F,F,"1924NY1.EVN.regular.event.csv",1117
"NY1192406090","PIT",7,1,1,3,2,"",4,3,"frisf101","?","frisf101","?","coopw101","?","coopw101","?","schmw102","grimc101","marar101","trayp101","wrigg102","bigbc101","carem101","cuylk101","snydf101","","lindf101","W.1-2","F","F",4,2,14,"T","F",0,"F","F",0,"F","F",0,"F","F",0,"","F","F","",0,0,"N",0,"N",0,"N",1,2,0,3,"","","","","F","F","F","F","F","F","F","F","F","coopw101","","coopw101","F","F","F","F","F","","","","",0,0,0,0,0,0,0,0,0,68,"NY1","NY1","PIT",1,"F","F",3,4,2,28,5,"T","F",5,7,"T","T","wilsh102","meusi101","T","T",0,9,66,0,0,0,0,8,65,"schmw102","","schmw102",0,0,0,0,0,0,0,0,0,0,0,0,0,"","F","F","F","F",4,4,0,4,3,0,0,0,0,0,F,F,"1924NY1.EVN.regular.event.csv",1118
"NY1192406090","PIT",7,1,1,0,0,"",4,3,"wilsh102","?","wilsh102","?","coopw101","?","coopw101","?","schmw102","grimc101","marar101","trayp101","wrigg102","bigbc101","carem101","cuylk101","frisf101","snydf101","lindf101","T/89XD.3-H;2-H;1-H","F","F",8,3,22,"T","T",3,"F","F",0,"F","F",3,"F","F",0,"","F","F","89XD",0,0,"N",0,"N",0,"N",3,4,4,4,"","","","","F","F","F","F","F","F","F","F","F","coopw101","coopw101","coopw101","F","F","F","F","F","","","","",0,0,0,0,0,0,0,0,0,69,"NY1","NY1","PIT",1,"F","F",3,4,2,29,6,"T","F",7,4,"T","T","meusi101","terrb101","T","T",4,2,68,0,9,66,0,8,65,"schmw102","schmw102","schmw102",0,0,0,0,0,0,0,0,0,0,0,0,3,"","F","F","F","F",3,4,4,4,0,0,0,0,0,0,F,F,"1924NY1.EVN.regular.event.csv",1119
"NY1192406090","PIT",7,1,1,0,0,"",4,6,"meusi101","?","meusi101","?","coopw101","?","coopw101","?","schmw102","grimc101","marar101","trayp101","wrigg102","bigbc101","carem101","cuylk101","","","wilsh102","63","F","F",7,4,2,"T","T",0,"F","F",1,"F","F",0,"F","F",6,"G","F","F","",0,0,"N",0,"N",0,"N",0,0,0,3,"63","","","","F","F","F","F","F","F","F","F","F","","","coopw101","F","F","F","F","F","","","","",0,3,0,0,6,0,0,0,0,70,"NY1","NY1","PIT",1,"F","F",6,4,5,30,7,"T","F",4,4,"T","T","terrb101","jackt101","T","T",0,0,0,0,0,0,8,3,69,"","","schmw102",0,0,0,0,0,0,0,0,0,0,0,0,0,"wrigg102","F","F","F","F",0,0,0,3,0,0,0,0,0,0,F,F,"1924NY1.EVN.regular.event.csv",1120
"NY1192406090","PIT",7,1,2,0,0,"",4,6,"terrb101","?","terrb101","?","coopw101","?","coopw101","?","schmw102","grimc101","marar101","trayp101","wrigg102","bigbc101","carem101","cuylk101","","","wilsh102","8/F8XD","F","F",3,5,2,"T","T",0,"F","F",1,"F","F",0,"F","F",8,"F","F","F","8XD",0,0,"N",0,"N",0,"N",0,0,0,3,"8","","","","F","F","F","F","F","F","F","F","F","","","coopw101","F","F","F","F","F","","","","",0,8,0,0,0,0,0,0,0,71,"NY1","NY1","PIT",1,"F","T",6,4,5,31,8,"T","F",4,4,"F","F","jackt101","grohh101","T","T",0,0,0,0,0,0,8,3,69,"","","schmw102",0,0,0,0,0,0,0,0,0,0,0,0,0,"carem101","F","F","F","F",0,0,0,3,0,0,0,0,0,0,F,F,"1924NY1.EVN.regular.event.csv",1121
"NY1192406090","PIT",8,0,0,0,0,"",4,6,"yde-e101","?","yde-e101","?","barnv101","?","barnv101","?","snydf101","terrb101","frisf101","grohh101","jackt101","meusi101","wilsh102","younr101","","","","K","T","T",11,9,3,"T","T",0,"F","F",1,"F","F",0,"F","F",0,"","F","F","",0,0,"N",0,"N",0,"N",0,0,0,0,"2","","","","F","F","F","F","F","F","F","F","F","","","","F","F","F","F","F","","","","coopw101",1,2,0,0,0,0,0,0,0,72,"NY1","PIT","NY1",0,"T","F",4,6,0,35,0,"T","F",0,0,"F","F","carem101","bigbc101","F","F",0,0,0,0,0,0,0,0,0,"","","",0,0,0,0,0,0,0,0,0,0,0,0,0,"","F","F","F","F",0,0,0,0,0,0,0,0,0,0,F,F,"1924NY1.EVN.regular.event.csv",1122
"NY1192406090","PIT",8,0,1,0,0,"",4,6,"carem101","?","carem101","?","barnv101","?","barnv101","?","snydf101","terrb101","frisf101","grohh101","jackt101","meusi101","wilsh102","younr101","","","","6/P","F","F",8,1,2,"T","T",0,"F","F",1,"F","F",0,"F","F",6,"P","F","F","",0,0,"N",0,"N",0,"N",0,0,0,0,"6","","","","F","F","F","F","F","F","F","F","F","","","","F","F","F","F","F","","","","",0,6,0,0,0,0,0,0,0,73,"NY1","PIT","NY1",0,"F","F",4,6,0,36,1,"T","F",0,0,"T","T","bigbc101","wrigg102","F","F",0,0,0,0,0,0,0,0,0,"","","",0,0,0,0,0,0,0,0,0,0,0,0,0,"jackt101","F","F","F","F",0,0,0,0,0,0,0,0,0,0,F,F,"1924NY1.EVN.regular.event.csv",1123
"NY1192406090","PIT",8,0,2,0,0,"",4,6,"bigbc101","?","bigbc101","?","barnv101","?","barnv101","?","snydf101","terrb101","frisf101","grohh101","jackt101","meusi101","wilsh102","younr101","","","","W","F","F",7,2,14,"T","F",0,"F","F",0,"F","F",0,"F","F",0,"","F","F","",0,0,"N",0,"N",0,"N",1,0,0,0,"","","","","F","F","F","F","F","F","F","F","F","","","","F","F","F","F","F","","","","",0,0,0,0,0,0,0,0,0,74,"NY1","PIT","NY1",0,"F","F",4,6,0,37,2,"T","F",0,1,"T","T","wrigg102","cuylk101","F","F",0,0,0,0,0,0,0,0,0,"","","",0,0,0,0,0,0,0,0,0,0,0,0,0,"","F","F","F","F",1,0,0,0,0,0,0,0,0,0,F,F,"1924NY1.EVN.regular.event.csv",1124
"NY1192406090","PIT",8,0,2,0,0,"",4,6,"wrigg102","?","wrigg102","?","barnv101","?","barnv101","?","snydf101","terrb101","frisf101","grohh101","jackt101","meusi101","wilsh102","younr101","bigbc101","","","8/F","F","F",6,3,2,"T","T",0,"F","F",1,"F","F",0,"F","F",8,"F","F","F","",0,0,"N",0,"N",0,"N",0,1,0,0,"8","","","","F","F","F","F","F","F","F","F","F","barnv101","","","F","F","F","F","F","","","","",0,8,0,0,0,0,0,0,0,75,"NY1","PIT","NY1",0,"F","T",4,6,0,38,3,"T","F",1,1,"T","T","cuylk101","trayp101","F","F",7,2,74,0,0,0,0,0,0,"snydf101","","",0,0,0,0,0,0,0,0,0,0,0,0,0,"wilsh102","F","F","F","F",0,1,0,0,0,0,0,0,0,0,F,F,"1924NY1.EVN.regular.event.csv",1125
"NY1192406090","PIT",8,1,0,0,0,"",4,6,"jackt101","?","jackt101","?","morrj105","?","morrj105","?","schmw102","grimc101","marar101","trayp101","wrigg102","bigbc101","carem101","cuylk101","","","","63","T","F",6,6,2,"T","T",0,"F","F",1,"F","F",0,"F","F",6,"G","F","F","",0,0,"N",0,"N",0,"N",0,0,0,0,"63","","","","F","F","F","F","F","F","F","F","F","","","","F","F","F","F","F","","","","",0,3,0,0,6,0,0,0,0,76,"NY1","NY1","PIT",1,"T","F",6,4,0,32,0,"T","F",0,0,"T","T","grohh101","barnv101","F","F",0,0,0,0,0,0,0,0,0,"","","",0,0,0,0,0,0,0,0,0,0,0,0,0,"wrigg102","F","F","F","F",0,0,0,0,0,0,0,0,0,0,F,F,"1924NY1.EVN.regular.event.csv",1126
"NY1192406090","PIT",8,1,1,0,0,"",4,6,"grohh101","?","grohh101","?","morrj105","?","morrj105","?","schmw102","grimc101","marar101","trayp101","wrigg102","bigbc101","carem101","cuylk101","","","","3/FL","F","F",5,7,2,"T","T",0,"F","F",1,"F","F",0,"F","F",3,"F","F","T","",0,0,"N",0,"N",0,"N",0,0,0,0,"3","","","","F","F","F","F","F","F","F","F","F","","","","F","F","F","F","F","","","","",0,3,0,0,0,0,0,0,0,77,"NY1","NY1","PIT",1,"F","F",6,4,0,33,1,"T","F",0,0,"T","T","barnv101","snydf101","F","F",0,0,0,0,0,0,0,0,0,"","","",0,0,0,0,0,0,0,0,0,0,0,0,0,"grimc101","F","F","F","F",0,0,0,0,0,0,0,0,0,0,F,F,"1924NY1.EVN.regular.event.csv",1127
"NY1192406090","PIT",8,1,2,0,0,"",4,6,"barnv101","?","barnv101","?","morrj105","?","morrj105","?","schmw102","grimc101","marar101","trayp101","wrigg102","bigbc101","carem101","cuylk101","","","","K","F","F",1,8,3,"T","T",0,"F","F",1,"F","F",0,"F","F",0,"","F","F","",0,0,"N",0,"N",0,"N",0,0,0,0,"2","","","","F","F","F","F","F","F","F","F","F","","","","F","F","F","F","F","","","","",0,2,0,0,0,0,0,0,0,78,"NY1","NY1","PIT",1,"F","T",6,4,0,34,2,"T","F",0,0,"F","F","snydf101","younr101","F","F",0,0,0,0,0,0,0,0,0,"","","",0,0,0,0,0,0,0,0,0,0,0,0,0,"","F","F","F","F",0,0,0,0,0,0,0,0,0,0,F,F,"1924NY1.EVN.regular.event.csv",1128
"NY1192406090","PIT",9,0,0,0,0,"",4,6,"cuylk101","?","cuylk101","?","barnv101","?","barnv101","?","snydf101","terrb101","frisf101","grohh101","jackt101","meusi101","wilsh102","younr101","","","","S9","T","F",9,4,20,"T","T",1,"F","F",0,"F","F",0,"F","F",9,"","F","F","",0,0,"N",0,"N",0,"N",1,0,0,0,"","","","","F","F","F","F","F","F","F","F","F","","","","F","F","F","F","F","","","","",0,0,0,0,0,0,0,0,0,79,"NY1","PIT","NY1",0,"T","F",4,6,0,39,0,"T","F",0,1,"T","T","trayp101","marar101","F","F",0,0,0,0,0,0,0,0,0,"","","",0,0,0,0,0,0,0,0,0,0,0,0,0,"younr101","F","F","F","F",0,0,0,0,0,0,0,0,0,0,F,F,"1924NY1.EVN.regular.event.csv",1129
"NY1192406090","PIT",9,0,0,0,0,"",4,6,"trayp101","?","trayp101","?","barnv101","?","barnv101","?","snydf101","terrb101","frisf101","grohh101","jackt101","meusi101","wilsh102","younr101","cuylk101","","","64(1)3(B)/GDP","F","F",5,5,2,"T","T",0,"F","F",2,"T","F",0,"F","F",6,"G","F","F","",0,0,"N",0,"N",0,"N",0,0,0,0,"43","64","","","F","F","F","F","F","F","F","F","F","barnv101","","","F","F","F","F","F","","","","",0,4,3,0,6,4,0,0,0,80,"NY1","PIT","NY1",0,"F","F",4,6,0,40,1,"T","F",1,0,"T","T","marar101","grimc101","F","F",9,4,79,0,0,0,0,0,0,"snydf101","","",0,0,0,0,0,0,0,0,0,0,0,0,0,"jackt101","T","F","F","F",0,0,0,0,0,0,0,0,0,0,F,F,"1924NY1.EVN.regular.event.csv",1130
"NY1192406090","PIT",9,0,2,0,0,"",4,6,"marar101","?","marar101","?","barnv101","?","barnv101","?","snydf101","terrb101","frisf101","grohh101","jackt101","meusi101","wilsh102","younr101","","","","S/G34","F","F",4,6,20,"T","T",1,"F","F",0,"F","F",0,"F","F",0,"G","F","F","34",0,0,"N",0,"N",0,"N",1,0,0,0,"","","","","F","F","F","F","F","F","F","F","F","","","","F","F","F","F","F","","","","",0,0,0,0,0,0,0,0,0,81,"NY1","PIT","NY1",0,"F","F",4,6,0,41,2,"T","F",0,1,"T","T","grimc101","schmw102","F","F",0,0,0,0,0,0,0,0,0,"","","",0,0,0,0,0,0,0,0,0,0,0,0,0,"","F","F","F","F",3,0,0,0,0,0,0,0,0,0,F,F,"1924NY1.EVN.regular.event.csv",1131
"NY1192406090","PIT",9,0,2,0,0,"",4,6,"grimc101","?","grimc101","?","barnv101","?","barnv101","?","snydf101","terrb101","frisf101","grohh101","jackt101","meusi101","wilsh102","younr101","marar101","","","DI.1-2","F","F",3,7,5,"F","F",0,"F","F",0,"F","F",0,"F","F",0,"","F","F","",0,0,"N",0,"N",0,"N",0,2,0,0,"","","","","F","F","F","F","F","F","F","F","F","barnv101","","","F","F","F","F","F","","","","",0,0,0,0,0,0,0,0,0,82,"NY1","PIT","NY1",0,"F","F",4,6,0,42,3,"T","F",1,2,"T","T","schmw102","morrj105","F","F",4,6,81,0,0,0,0,0,0,"snydf101","","",0,0,0,0,0,0,0,0,0,0,0,0,0,"","F","F","F","F",0,3,0,0,0,0,0,0,0,0,F,F,"1924NY1.EVN.regular.event.csv",1132
"NY1192406090","PIT",9,0,2,0,0,"",4,6,"grimc101","?","grimc101","?","barnv101","?","barnv101","?","snydf101","terrb101","frisf101","grohh101","jackt101","meusi101","wilsh102","younr101","","marar101","","DI.2-3","F","F",3,7,5,"F","F",0,"F","F",0,"F","F",0,"F","F",0,"","F","F","",0,0,"N",0,"N",0,"N",0,0,3,0,"","","","","F","F","F","F","F","F","F","F","F","","barnv101","","F","F","F","F","F","","","","",0,0,0,0,0,0,0,0,0,83,"NY1","PIT","NY1",0,"F","F",4,6,0,42,3,"F","F",2,4,"T","T","schmw102","morrj105","F","F",0,0,0,4,6,81,0,0,0,"","snydf101","",0,0,0,0,0,0,0,0,0,0,0,0,0,"","F","F","F","F",0,0,3,0,0,0,0,0,0,0,F,F,"1924NY1.EVN.regular.event.csv",1133
"NY1192406090","PIT",9,0,2,0,0,"",4,6,"grimc101","?","grimc101","?","barnv101","?","barnv101","?","snydf101","terrb101","frisf101","grohh101","jackt101","meusi101","wilsh102","younr101","","","marar101","63","F","F",3,7,2,"T","T",0,"F","F",1,"F","F",0,"F","F",6,"G","F","F","",0,0,"N",0,"N",0,"N",0,0,0,3,"63","","","","F","F","F","F","F","F","F","F","F","","","barnv101","F","T","F","F","F","","","","",0,3,0,0,6,0,0,0,0,84,"NY1","PIT","NY1",0,"F","T",4,6,0,42,3,"F","F",4,4,"T","T","schmw102","morrj105","F","F",0,0,0,0,0,0,4,6,81,"","","snydf101",0,0,0,0,0,0,0,0,0,0,0,0,0,"jackt101","F","F","F","F",0,0,0,3,0,0,0,0,0,0,F,F,"1924NY1.EVN.regular.event.csv",1134
"NY1192406100","PIT",1,0,0,0,0,"",0,0,"carem101","?","carem101","?","bentj101","?","bentj101","?","snydf101","terrb101","frisf101","grohh101","jackt101","meusi101","soutb101","younr101","","","","13","T","F",8,1,2,"T","T",0,"F","F",1,"F","F",0,"F","F",1,"G","F","F","",0,0,"N",0,"N",0,"N",0,0,0,0,"13","","","","F","F","F","F","F","F","F","F","F","","","","T","F","F","F","F","","","","",0,3,0,0,1,0,0,0,0,1,"NY1","PIT","NY1",0,"T","F",0,0,0,0,0,"T","F",0,0,"T","T","muelw102","wrigg102","T","T",0,0,0,0,0,0,0,0,0,"","","",0,0,0,0,0,0,0,0,0,0,0,0,0,"bentj101","F","F","F","F",0,0,0,0,0,0,0,0,0,0,F,F,"1924NY1.EVN.regular.event.csv",1135
"NY1192406100","PIT",1,0,1,0,0,"",0,0,"muelw102","?","muelw102","?","bentj101","?","bentj101","?","snydf101","terrb101","frisf101","grohh101","jackt101","meusi101","soutb101","younr101","","","","D9/9L","F","F",7,2,21,"T","T",2,"F","F",0,"F","F",0,"F","F",9,"","F","F","9L",0,0,"N",0,"N",0,"N",2,0,0,0,"","","","","F","F","F","F","F","F","F","F","F","","","","F","F","F","F","F","","","","",0,0,0,0,0,0,0,0,0,2,"NY1","PIT","NY1",0,"F","F",0,0,0,1,1,"T","F",0,2,"T","T","wrigg102","cuylk101","T","T",0,0,0,0,0,0,0,0,0,"","","",0,0,0,0,0,0,0,0,0,0,0,0,0,"younr101","F","F","F","F",0,0,0,0,0,0,0,0,0,0,F,F,"1924NY1.EVN.regular.event.csv",1136
"NY1192406100","PIT",1,0,1,0,0,"",0,0,"wrigg102","?","wrigg102","?","bentj101","?","bentj101","?","snydf101","terrb101","frisf101","grohh101","jackt101","meusi101","soutb101","younr101","","muelw102","","4(B)4(2)/LDP","F","F",6,3,2,"T","T",0,"F","F",2,"T","F",0,"F","F",4,"L","F","F","",0,0,"N",0,"N",0,"N",0,0,0,0,"4","","4","","F","F","F","F","F","F","F","F","F","","bentj101","","F","F","F","F","F","","","","",0,4,4,0,0,0,0,0,0,3,"NY1","PIT","NY1",0,"F","T",0,0,0,2,2,"T","F",2,0,"T","T","cuylk101","trayp101","T","T",0,0,0,7,2,2,0,0,0,"","snydf101","",0,0,0,0,0,0,0,0,0,0,0,0,0,"frisf101","F","F","F","F",0,0,0,0,0,0,0,0,0,0,F,F,"1924NY1.EVN.regular.event.csv",1137
"NY1192406100","PIT",1,1,0,0,0,"",0,0,"younr101","?","younr101","?","kremr101","?","kremr101","?","schmw102","grimc101","marar101","trayp101","wrigg102","muelw102","carem101","cuylk101","","","","S/G3","T","F",9,1,20,"T","T",1,"F","F",0,"F","F",0,"F","F",0,"G","F","F","3",0,0,"N",0,"N",0,"N",1,0,0,0,"","","","","F","F","F","F","F","F","F","F","F","","","","F","F","F","F","F","","","","",0,0,0,0,0,0,0,0,0,4,"NY1","NY1","PIT",1,"T","F",0,0,0,0,0,"T","F",0,1,"T","T","frisf101","soutb101","T","T",0,0,0,0,0,0,0,0,0,"","","",0,0,0,0,0,0,0,0,0,0,0,0,0,"","F","F","F","F",0,0,0,0,0,0,0,0,0,0,F,F,"1924NY1.EVN.regular.event.csv",1138
"NY1192406100","PIT",1,1,0,0,0,"",0,0,"frisf101","?","frisf101","?","kremr101","?","kremr101","?","schmw102","grimc101","marar101","trayp101","wrigg102","muelw102","carem101","cuylk101","younr101","","","3/FL","F","F",4,2,2,"T","T",0,"F","F",1,"F","F",0,"F","F",3,"F","F","T","",0,0,"N",0,"N",0,"N",0,1,0,0,"3","","","","F","F","F","F","F","F","F","F","F","kremr101","","","F","F","F","F","F","","","","",0,3,0,0,0,0,0,0,0,5,"NY1","NY1","PIT",1,"F","F",0,0,0,1,1,"T","F",1,1,"T","T","soutb101","terrb101","T","T",9,1,4,0,0,0,0,0,0,"schmw102","","",0,0,0,0,0,0,0,0,0,0,0,0,0,"grimc101","F","F","F","F",0,0,0,0,0,0,0,0,0,0,F,F,"1924NY1.EVN.regular.event.csv",1139
"NY1192406100","PIT",1,1,1,0,0,"",0,0,"soutb101","?","soutb101","?","kremr101","?","kremr101","?","schmw102","grimc101","marar101","trayp101","wrigg102","muelw102","carem101","cuylk101","younr101","","","7/F","F","F",8,3,2,"T","T",0,"F","F",1,"F","F",0,"F","F",7,"F","F","F","",0,0,"N",0,"N",0,"N",0,1,0,0,"7","","","","F","F","F","F","F","F","F","F","F","kremr101","","","F","F","F","F","F","","","","",0,7,0,0,0,0,0,0,0,6,"NY1","NY1","PIT",1,"F","F",0,0,0,2,2,"T","F",1,1,"T","T","terrb101","meusi101","T","T",9,1,4,0,0,0,0,0,0,"schmw102","","",0,0,0,0,0,0,0,0,0,0,0,0,0,"muelw102","F","F","F","F",0,0,0,0,0,0,0,0,0,0,F,F,"1924NY1.EVN.regular.event.csv",1140
"NY1192406100","PIT",1,1,2,0,0,"",0,0,"terrb101","?","terrb101","?","kremr101","?","kremr101","?","schmw102","grimc101","marar101","trayp101","wrigg102","muelw102","carem101","cuylk101","younr101","","","8/L8XD","F","F",3,4,2,"T","T",0,"F","F",1,"F","F",0,"F","F",8,"L","F","F","8XD",0,0,"N",0,"N",0,"N",0,1,0,0,"8","","","","F","F","F","F","F","F","F","F","F","kremr101","","","F","F","F","F","F","","","","",0,8,0,0,0,0,0,0,0,7,"NY1","NY1","PIT",1,"F","T",0,0,0,3,3,"T","F",1,1,"T","T","meusi101","jackt101","T","T",9,1,4,0,0,0,0,0,0,"schmw102","","",0,0,0,0,0,0,0,0,0,0,0,0,0,"carem101","F","F","F","F",0,0,0,0,0,0,0,0,0,0,F,F,"1924NY1.EVN.regular.event.csv",1141
"NY1192406100","PIT",2,0,0,0,0,"",0,0,"cuylk101","?","cuylk101","?","bentj101","?","bentj101","?","snydf101","terrb101","frisf101","grohh101","jackt101","meusi101","soutb101","younr101","","","","K","T","F",9,4,3,"T","T",0,"F","F",1,"F","F",0,"F","F",0,"","F","F","",0,0,"N",0,"N",0,"N",0,0,0,0,"2","","","","F","F","F","F","F","F","F","F","F","","","","F","F","F","F","F","","","","",0,2,0,0,0,0,0,0,0,8,"NY1","PIT","NY1",0,"T","F",0,0,0,3,0,"T","F",0,0,"T","T","trayp101","marar101","T","T",0,0,0,0,0,0,0,0,0,"","","",0,0,0,0,0,0,0,0,0,0,0,0,0,"","F","F","F","F",0,0,0,0,0,0,0,0,0,0,F,F,"1924NY1.EVN.regular.event.csv",1142
"NY1192406100","PIT",2,0,1,0,0,"",0,0,"trayp101","?","trayp101","?","bentj101","?","bentj101","?","snydf101","terrb101","frisf101","grohh101","jackt101","meusi101","soutb101","younr101","","","","S9","F","F",5,5,20,"T","T",1,"F","F",0,"F","F",0,"F","F",9,"","F","F","",0,0,"N",0,"N",0,"N",1,0,0,0,"","","","","F","F","F","F","F","F","F","F","F","","","","F","F","F","F","F","","","","",0,0,0,0,0,0,0,0,0,9,"NY1","PIT","NY1",0,"F","F",0,0,0,4,1,"T","F",0,1,"T","T","marar101","grimc101","T","T",0,0,0,0,0,0,0,0,0,"","","",0,0,0,0,0,0,0,0,0,0,0,0,0,"younr101","F","F","F","F",0,0,0,0,0,0,0,0,0,0,F,F,"1924NY1.EVN.regular.event.csv",1143
"NY1192406100","PIT",2,0,1,0,0,"",0,0,"marar101","?","marar101","?","bentj101","?","bentj101","?","snydf101","terrb101","frisf101","grohh101","jackt101","meusi101","soutb101","younr101","trayp101","","","PO1(13436)","F","F",4,6,8,"F","F",0,"F","F",1,"F","F",0,"F","F",0,"","F","F","",0,0,"N",0,"N",0,"N",0,0,0,0,"","13436","","","F","F","F","F","F","F","T","F","F","bentj101","","","F","F","F","F","F","","","","",0,6,0,0,1,3,4,0,0,10,"NY1","PIT","NY1",0,"F","F",0,0,0,5,2,"T","F",1,0,"T","T","grimc101","schmw102","T","T",5,5,9,0,0,0,0,0,0,"snydf101","","",0,0,0,0,0,0,0,0,0,0,0,0,0,"","F","F","F","F",0,0,0,0,0,0,0,0,0,0,F,F,"1924NY1.EVN.regular.event.csv",1144
"NY1192406100","PIT",2,0,2,0,0,"",0,0,"marar101","?","marar101","?","bentj101","?","bentj101","?","snydf101","terrb101","frisf101","grohh101","jackt101","meusi101","soutb101","younr101","","","","3/FL","F","F",4,6,2,"T","T",0,"F","F",1,"F","F",0,"F","F",3,"F","F","T","",0,0,"N",0,"N",0,"N",0,0,0,0,"3","","","","F","F","F","F","F","F","F","F","F","","","","F","F","F","F","F","","","","",0,3,0,0,0,0,0,0,0,11,"NY1","PIT","NY1",0,"F","T",0,0,0,5,2,"F","F",0,0,"T","T","grimc101","schmw102","T","T",0,0,0,0,0,0,0,0,0,"","","",0,0,0,0,0,0,0,0,0,0,0,0,0,"terrb101","F","F","F","F",0,0,0,0,0,0,0,0,0,0,F,F,"1924NY1.EVN.regular.event.csv",1145
"NY1192406100","PIT",2,1,0,0,0,"",0,0,"meusi101","?","meusi101","?","kremr101","?","kremr101","?","schmw102","grimc101","marar101","trayp101","wrigg102","muelw102","carem101","cuylk101","","","","43","T","F",7,5,2,"T","T",0,"F","F",1,"F","F",0,"F","F",4,"G","F","F","",0,0,"N",0,"N",0,"N",0,0,0,0,"43","","","","F","F","F","F","F","F","F","F","F","","","","F","F","F","F","F","","","","",0,3,0,0,4,0,0,0,0,12,"NY1","NY1","PIT",1,"T","F",0,0,0,4,0,"T","F",0,0,"T","T","jackt101","grohh101","T","T",0,0,0,0,0,0,0,0,0,"","","",0,0,0,0,0,0,0,0,0,0,0,0,0,"marar101","F","F","F","F",0,0,0,0,0,0,0,0,0,0,F,F,"1924NY1.EVN.regular.event.csv",1146
"NY1192406100","PIT",2,1,1,0,0,"",0,0,"jackt101","?","jackt101","?","kremr101","?","kremr101","?","schmw102","grimc101","marar101","trayp101","wrigg102","muelw102","carem101","cuylk101","","","","63","F","F",6,6,2,"T","T",0,"F","F",1,"F","F",0,"F","F",6,"G","F","F","",0,0,"N",0,"N",0,"N",0,0,0,0,"63","","","","F","F","F","F","F","F","F","F","F","","","","F","F","F","F","F","","","","",0,3,0,0,6,0,0,0,0,13,"NY1","NY1","PIT",1,"F","F",0,0,0,5,1,"T","F",0,0,"T","T","grohh101","snydf101","T","T",0,0,0,0,0,0,0,0,0,"","","",0,0,0,0,0,0,0,0,0,0,0,0,0,"wrigg102","F","F","F","F",0,0,0,0,0,0,0,0,0,0,F,F,"1924NY1.EVN.regular.event.csv",1147
"NY1192406100","PIT",2,1,2,0,0,"",0,0,"grohh101","?","grohh101","?","kremr101","?","kremr101","?","schmw102","grimc101","marar101","trayp101","wrigg102","muelw102","carem101","cuylk101","","","","E1/G","F","F",5,7,18,"T","T",0,"F","F",0,"F","F",0,"F","F",1,"G","F","F","",1,1,"F",0,"N",0,"N",1,0,0,0,"","","","","F","F","F","F","F","F","F","F","F","","","","F","F","F","F","F","","","","",0,0,0,0,0,0,0,0,0,14,"NY1","NY1","PIT",1,"F","F",0,0,0,6,2,"T","F",0,1,"T","T","snydf101","bentj101","T","T",0,0,0,0,0,0,0,0,0,"","","",0,0,0,0,0,0,0,0,0,0,0,0,0,"kremr101","F","F","F","T",0,0,0,0,0,0,0,0,0,0,F,F,"1924NY1.EVN.regular.event.csv",1148
"NY1192406100","PIT",2,1,2,0,0,"",0,0,"snydf101","?","snydf101","?","kremr101","?","kremr101","?","schmw102","grimc101","marar101","trayp101","wrigg102","muelw102","carem101","cuylk101","grohh101","","","K/C","F","F",2,8,3,"T","T",0,"F","F",1,"F","F",0,"F","F",0,"","F","F","",0,0,"N",0,"N",0,"N",0,1,0,0,"2","","","","F","F","F","F","F","F","F","F","F","kremr101","","","F","F","F","F","F","","","","",0,2,0,0,0,0,0,0,0,15,"NY1","NY1","PIT",1,"F","T",0,0,0,7,3,"T","F",1,1,"T","T","bentj101","younr101","T","T",5,7,14,0,0,0,0,0,0,"schmw102","","",0,0,0,0,0,0,0,0,0,0,0,0,0,"","F","F","F","F",0,0,0,0,0,0,0,0,0,0,F,F,"1924NY1.EVN.regular.event.csv",1149
"NY1192406100","PIT",3,0,0,0,0,"",0,0,"grimc101","?","grimc101","?","bentj101","?","bentj101","?","snydf101","terrb101","frisf101","grohh101","jackt101","meusi101","soutb101","younr101","","","","43","T","F",3,7,2,"T","T",0,"F","F",1,"F","F",0,"F","F",4,"G","F","F","",0,0,"N",0,"N",0,"N",0,0,0,0,"43","","","","F","F","F","F","F","F","F","F","F","","","","F","F","F","F","F","","","","",0,3,0,0,4,0,0,0,0,16,"NY1","PIT","NY1",0,"T","F",0,0,0,6,0,"T","F",0,0,"T","T","schmw102","kremr101","T","T",0,0,0,0,0,0,0,0,0,"","","",0,0,0,0,0,0,0,0,0,0,0,0,0,"frisf101","F","F","F","F",0,0,0,0,0,0,0,0,0,0,F,F,"1924NY1.EVN.regular.event.csv",1150
"NY1192406100","PIT",3,0,1,0,0,"",0,0,"schmw102","?","schmw102","?","bentj101","?","bentj101","?","snydf101","terrb101","frisf101","grohh101","jackt101","meusi101","soutb101","younr101","","","","43","F","F",2,8,2,"T","T",0,"F","F",1,"F","F",0,"F","F",4,"G","F","F","",0,0,"N",0,"N",0,"N",0,0,0,0,"43","","","","F","F","F","F","F","F","F","F","F","","","","F","F","F","F","F","","","","",0,3,0,0,4,0,0,0,0,17,"NY1","PIT","NY1",0,"F","F",0,0,0,7,1,"T","F",0,0,"T","T","kremr101","carem101","T","T",0,0,0,0,0,0,0,0,0,"","","",0,0,0,0,0,0,0,0,0,0,0,0,0,"frisf101","F","F","F","F",0,0,0,0,0,0,0,0,0,0,F,F,"1924NY1.EVN.regular.event.csv",1151
"NY1192406100","PIT",3,0,2,0,0,"",0,0,"kremr101","?","kremr101","?","bentj101","?","bentj101","?","snydf101","terrb101","frisf101","grohh101","jackt101","meusi101","soutb101","younr101","","","","K","F","F",1,9,3,"T","T",0,"F","F",1,"F","F",0,"F","F",0,"","F","F","",0,0,"N",0,"N",0,"N",0,0,0,0,"2","","","","F","F","F","F","F","F","F","F","F","","","","F","F","F","F","F","","","","",0,2,0,0,0,0,0,0,0,18,"NY1","PIT","NY1",0,"F","T",0,0,0,8,2,"T","F",0,0,"T","T","carem101","muelw102","T","T",0,0,0,0,0,0,0,0,0,"","","",0,0,0,0,0,0,0,0,0,0,0,0,0,"","F","F","F","F",0,0,0,0,0,0,0,0,0,0,F,F,"1924NY1.EVN.regular.event.csv",1152
"NY1192406100","PIT",3,1,0,0,0,"",0,0,"bentj101","?","bentj101","?","kremr101","?","kremr101","?","schmw102","grimc101","marar101","trayp101","wrigg102","muelw102","carem101","cuylk101","","","","D7/F","T","F",1,9,21,"T","T",2,"F","F",0,"F","F",0,"F","F",7,"F","F","F","",0,0,"N",0,"N",0,"N",2,0,0,0,"","","","","F","F","F","F","F","F","F","F","F","","","","F","F","F","F","F","","","","",0,0,0,0,0,0,0,0,0,19,"NY1","NY1","PIT",1,"T","F",0,0,0,8,0,"T","F",0,2,"T","T","younr101","frisf101","T","T",0,0,0,0,0,0,0,0,0,"","","",0,0,0,0,0,0,0,0,0,0,0,0,0,"muelw102","F","F","F","F",4,0,0,0,4,0,0,0,0,0,F,F,"1924NY1.EVN.regular.event.csv",1153
"NY1192406100","PIT",3,1,0,0,0,"",0,0,"younr101","?","younr101","?","kremr101","?","kremr101","?","schmw102","grimc101","marar101","trayp101","wrigg102","muelw102","carem101","cuylk101","","bentj101","","D8/F8S.2-H","F","F",9,1,21,"T","T",2,"F","F",0,"F","F",1,"F","F",8,"F","F","F","8S",0,0,"N",0,"N",0,"N",2,0,4,0,"","","","","F","F","F","F","F","F","F","F","F","","kremr101","","F","F","F","F","F","","","","",0,0,0,0,0,0,0,0,0,20,"NY1","NY1","PIT",1,"F","F",0,0,0,9,1,"T","F",2,2,"T","T","frisf101","soutb101","T","T",0,0,0,1,9,19,0,0,0,"","schmw102","",0,0,0,0,0,0,0,0,0,0,0,0,1,"carem101","F","F","F","F",4,0,4,0,3,0,0,0,0,0,F,F,"1924NY1.EVN.regular.event.csv",1154
"NY1192406100","PIT",3,1,0,0,0,"",0,1,"frisf101","?","frisf101","?","kremr101","?","kremr101","?","schmw102","grimc101","marar101","trayp101","wrigg102","muelw102","carem101","cuylk101","","younr101","","9/L9D.2-3","F","F",4,2,2,"T","T",0,"F","F",1,"F","F",0,"F","F",9,"L","F","F","9D",0,0,"N",0,"N",0,"N",0,0,3,0,"9","","","","F","F","F","F","F","F","F","F","F","","kremr101","","F","F","F","F","F","","","","",0,9,0,0,0,0,0,0,0,21,"NY1","NY1","PIT",1,"F","F",1,0,1,10,2,"T","F",2,4,"T","T","soutb101","terrb101","T","T",0,0,0,9,1,20,0,0,0,"","schmw102","",0,0,0,0,0,0,0,0,0,0,0,0,0,"cuylk101","F","F","F","F",0,0,4,0,3,0,0,0,0,0,F,F,"1924NY1.EVN.regular.event.csv",1155
"NY1192406100","PIT",3,1,1,0,0,"",0,1,"soutb101","?","soutb101","?","kremr101","?","kremr101","?","schmw102","grimc101","marar101","trayp101","wrigg102","muelw102","carem101","cuylk101","","","younr101","S8.3-H","F","F",8,3,20,"T","T",1,"F","F",0,"F","F",1,"F","F",8,"","F","F","",0,0,"N",0,"N",0,"N",1,0,0,4,"","","","","F","F","F","F","F","F","F","F","F","","","kremr101","F","F","F","F","F","","","","",0,0,0,0,0,0,0,0,0,22,"NY1","NY1","PIT",1,"F","F",1,0,1,11,3,"T","F",4,1,"T","T","terrb101","meusi101","T","T",0,0,0,0,0,0,9,1,20,"","","schmw102",0,0,0,0,0,0,0,0,0,0,0,0,1,"carem101","F","F","F","F",4,0,0,4,2,0,0,0,0,0,F,F,"1924NY1.EVN.regular.event.csv",1156
"NY1192406100","PIT",3,1,1,0,0,"",0,2,"terrb101","?","terrb101","?","kremr101","?","kremr101","?","schmw102","grimc101","marar101","trayp101","wrigg102","muelw102","carem101","cuylk101","soutb101","","","4/P","F","F",3,4,2,"T","T",0,"F","F",1,"F","F",0,"F","F",4,"P","F","F","",0,0,"N",0,"N",0,"N",0,1,0,0,"4","","","","F","F","F","F","F","F","F","F","F","kremr101","","","F","F","F","F","F","","","","",0,4,0,0,0,0,0,0,0,23,"NY1","NY1","PIT",1,"F","F",2,0,2,12,4,"T","F",1,1,"T","T","meusi101","jackt101","T","T",8,3,22,0,0,0,0,0,0,"schmw102","","",0,0,0,0,0,0,0,0,0,0,0,0,0,"marar101","F","F","F","F",0,4,0,0,2,0,0,0,0,0,F,F,"1924NY1.EVN.regular.event.csv",1157
"NY1192406100","PIT",3,1,2,0,0,"",0,2,"meusi101","?","meusi101","?","kremr101","?","kremr101","?","schmw102","grimc101","marar101","trayp101","wrigg102","muelw102","carem101","cuylk101","soutb101","","","D9/9DW.1-H(RBI);B-3(E9/THH)","F","F",7,5,21,"T","T",2,"F","F",0,"F","F",1,"F","F",9,"","F","F","9DW",1,9,"T",0,"N",0,"N",3,4,0,0,"","","","","F","F","F","F","F","F","F","F","F","kremr101","","","F","F","F","F","F","","","","",0,0,0,0,0,0,0,0,0,24,"NY1","NY1","PIT",1,"F","F",2,0,2,13,5,"T","F",1,4,"T","T","jackt101","grohh101","T","T",8,3,22,0,0,0,0,0,0,"schmw102","","",0,0,0,0,0,0,0,0,0,0,0,0,1,"cuylk101","F","F","F","F",4,4,0,0,1,0,0,0,0,0,F,F,"1924NY1.EVN.regular.event.csv",1158
"NY1192406100","PIT",3,1,2,0,0,"",0,3,"jackt101","?","jackt101","?","kremr101","?","kremr101","?","schmw102","grimc101","marar101","trayp101","wrigg102","muelw102","carem101","cuylk101","","","meusi101","S8.3-H","F","F",6,6,20,"T","T",1,"F","F",0,"F","F",1,"F","F",8,"","F","F","",0,0,"N",0,"N",0,"N",1,0,0,4,"","","","","F","F","F","F","F","F","F","F","F","","","kremr101","F","F","F","F","F","","","","",0,0,0,0,0,0,0,0,0,25,"NY1","NY1","PIT",1,"F","F",3,0,3,14,6,"T","F",4,1,"T","T","grohh101","snydf101","T","T",0,0,0,0,0,0,7,5,24,"","","schmw102",0,0,0,0,0,0,0,0,0,0,0,0,1,"carem101","F","F","F","F",0,0,0,4,0,0,0,0,0,0,F,F,"1924NY1.EVN.regular.event.csv",1159
"NY1192406100","PIT",3,1,2,0,0,"",0,4,"grohh101","?","grohh101","?","kremr101","?","kremr101","?","schmw102","grimc101","marar101","trayp101","wrigg102","muelw102","carem101","cuylk101","jackt101","","","S7.1-2","F","F",5,7,20,"T","T",1,"F","F",0,"F","F",0,"F","F",7,"","F","F","",0,0,"N",0,"N",0,"N",1,2,0,0,"","","","","F","F","F","F","F","F","F","F","F","kremr101","","","F","F","F","F","F","","","","",0,0,0,0,0,0,0,0,0,26,"NY1","NY1","PIT",1,"F","F",4,0,4,15,7,"T","F",1,3,"T","T","snydf101","bentj101","T","T",6,6,25,0,0,0,0,0,0,"schmw102","","",0,0,0,0,0,0,0,0,0,0,0,0,0,"muelw102","F","F","F","F",0,0,0,0,0,0,0,0,0,0,F,F,"1924NY1.EVN.regular.event.csv",1160
"NY1192406100","PIT",3,1,2,0,0,"",0,4,"snydf101","?","snydf101","?","kremr101","?","kremr101","?","schmw102","grimc101","marar101","trayp101","wrigg102","muelw102","carem101","cuylk101","grohh101","jackt101","","K/C","F","F",2,8,3,"T","T",0,"F","F",1,"F","F",0,"F","F",0,"","F","F","",0,0,"N",0,"N",0,"N",0,1,2,0,"2","","","","F","F","F","F","F","F","F","F","F","kremr101","kremr101","","F","F","F","F","F","","","","",0,2,0,0,0,0,0,0,0,27,"NY1","NY1","PIT",1,"F","T",4,0,4,16,8,"T","F",3,3,"T","T","bentj101","younr101","T","T",5,7,26,6,6,25,0,0,0,"schmw102","schmw102","",0,0,0,0,0,0,0,0,0,0,0,0,0,"","F","F","F","F",0,0,0,0,0,0,0,0,0,0,F,F,"1924NY1.EVN.regular.event.csv",1161
"NY1192406100","PIT",4,0,0,0,0,"",0,4,"carem101","?","carem101","?","bentj101","?","bentj101","?","snydf101","terrb101","frisf101","grohh101","jackt101","meusi101","soutb101","younr101","","","","53","T","F",8,1,2,"T","T",0,"F","F",1,"F","F",0,"F","F",5,"G","F","F","",0,0,"N",0,"N",0,"N",0,0,0,0,"53","","","","F","F","F","F","F","F","F","F","F","","","","F","F","F","F","F","","","","",0,3,0,0,5,0,0,0,0,28,"NY1","PIT","NY1",0,"T","F",0,4,0,9,0,"T","F",0,0,"T","T","muelw102","wrigg102","T","T",0,0,0,0,0,0,0,0,0,"","","",0,0,0,0,0,0,0,0,0,0,0,0,0,"grohh101","F","F","F","F",0,0,0,0,1,0,0,0,0,0,F,F,"1924NY1.EVN.regular.event.csv",1162
"NY1192406100","PIT",4,0,1,0,0,"",0,4,"muelw102","?","muelw102","?","bentj101","?","bentj101","?","snydf101","terrb101","frisf101","grohh101","jackt101","meusi101","soutb101","younr101","","","","HP","F","F",7,2,16,"T","F",0,"F","F",0,"F","F",0,"F","F",0,"","F","F","",0,0,"N",0,"N",0,"N",1,0,0,0,"","","","","F","F","F","F","F","F","F","F","F","","","","F","F","F","F","F","","","","",0,0,0,0,0,0,0,0,0,29,"NY1","PIT","NY1",0,"F","F",0,4,0,10,1,"T","F",0,1,"T","T","wrigg102","cuylk101","T","T",0,0,0,0,0,0,0,0,0,"","","",0,0,0,0,0,0,0,0,0,0,0,0,0,"","F","F","F","F",4,0,0,0,1,0,0,0,0,0,F,F,"1924NY1.EVN.regular.event.csv",1163
"NY1192406100","PIT",4,0,1,0,0,"",0,4,"wrigg102","?","wrigg102","?","bentj101","?","bentj101","?","snydf101","terrb101","frisf101","grohh101","jackt101","meusi101","soutb101","younr101","muelw102","","","W.1-2","F","F",6,3,14,"T","F",0,"F","F",0,"F","F",0,"F","F",0,"","F","F","",0,0,"N",0,"N",0,"N",1,2,0,0,"","","","","F","F","F","F","F","F","F","F","F","bentj101","","","F","F","F","F","F","","","","",0,0,0,0,0,0,0,0,0,30,"NY1","PIT","NY1",0,"F","F",0,4,0,11,2,"T","F",1,3,"T","T","cuylk101","trayp101","T","T",7,2,29,0,0,0,0,0,0,"snydf101","","",0,0,0,0,0,0,0,0,0,0,0,0,0,"","F","F","F","F",0,4,0,0,1,0,0,0,0,0,F,F,"1924NY1.EVN.regular.event.csv",1164
"NY1192406100","PIT",4,0,1,0,0,"",0,4,"cuylk101","?","cuylk101","?","bentj101","?","bentj101","?","snydf101","terrb101","frisf101","grohh101","jackt101","meusi101","soutb101","younr101","wrigg102","muelw102","","S9.2-H;1-3;BX2(934)#","F","F",9,4,20,"T","T",1,"F","F",1,"F","F",1,"F","F",9,"","F","F","",0,0,"N",0,"N",0,"N",0,3,4,0,"934","","","","F","F","F","F","F","F","F","F","F","bentj101","bentj101","","F","F","F","F","F","","","","",0,4,0,0,9,3,0,0,0,31,"NY1","PIT","NY1",0,"F","F",0,4,0,12,3,"T","F",3,4,"T","T","trayp101","marar101","T","T",6,3,30,7,2,29,0,0,0,"snydf101","snydf101","",0,0,0,0,0,0,0,0,0,0,0,0,1,"younr101","F","F","F","F",0,0,4,0,0,0,0,0,0,0,F,T,"1924NY1.EVN.regular.event.csv",1165
"NY1192406100","PIT",4,0,2,0,0,"",1,4,"trayp101","?","trayp101","?","bentj101","?","bentj101","?","snydf101","terrb101","frisf101","grohh101","jackt101","meusi101","soutb101","younr101","","","wrigg102","K/C","F","F",5,5,3,"T","T",0,"F","F",1,"F","F",0,"F","F",0,"","F","F","",0,0,"N",0,"N",0,"N",0,0,0,3,"2","","","","F","F","F","F","F","F","F","F","F","","","bentj101","F","F","F","F","F","","","","",0,2,0,0,0,0,0,0,0,32,"NY1","PIT","NY1",0,"F","T",1,4,1,13,4,"T","F",4,4,"T","T","marar101","grimc101","T","T",0,0,0,0,0,0,6,3,30,"","","snydf101",0,0,0,0,0,0,0,0,0,0,0,0,0,"","F","F","F","F",0,0,0,0,0,0,0,0,0,0,F,F,"1924NY1.EVN.regular.event.csv",1166
"NY1192406100","PIT",4,1,0,0,0,"",1,4,"bentj101","?","bentj101","?","kremr101","?","kremr101","?","schmw102","grimc101","marar101","trayp101","wrigg102","muelw102","carem101","cuylk101","","","","13","T","F",1,9,2,"T","T",0,"F","F",1,"F","F",0,"F","F",1,"G","F","F","",0,0,"N",0,"N",0,"N",0,0,0,0,"13","","","","F","F","F","F","F","F","F","F","F","","","","F","F","F","F","F","","","","",0,3,0,0,1,0,0,0,0,33,"NY1","NY1","PIT",1,"T","F",4,1,0,17,0,"T","F",0,0,"T","T","younr101","frisf101","T","T",0,0,0,0,0,0,0,0,0,"","","",0,0,0,0,0,0,0,0,0,0,0,0,0,"kremr101","F","F","F","F",0,0,0,0,0,0,0,0,0,0,F,F,"1924NY1.EVN.regular.event.csv",1167
"NY1192406100","PIT",4,1,1,0,0,"",1,4,"younr101","?","younr101","?","kremr101","?","kremr101","?","schmw102","grimc101","marar101","trayp101","wrigg102","muelw102","carem101","cuylk101","","","","8/F8XD","F","F",9,1,2,"T","T",0,"F","F",1,"F","F",0,"F","F",8,"F","F","F","8XD",0,0,"N",0,"N",0,"N",0,0,0,0,"8","","","","F","F","F","F","F","F","F","F","F","","","","F","F","F","F","F","","","","",0,8,0,0,0,0,0,0,0,34,"NY1","NY1","PIT",1,"F","F",4,1,0,18,1,"T","F",0,0,"T","T","frisf101","soutb101","T","T",0,0,0,0,0,0,0,0,0,"","","",0,0,0,0,0,0,0,0,0,0,0,0,0,"carem101","F","F","F","F",0,0,0,0,0,0,0,0,0,0,F,F,"1924NY1.EVN.regular.event.csv",1168
"NY1192406100","PIT",4,1,2,0,0,"",1,4,"frisf101","?","frisf101","?","kremr101","?","kremr101","?","schmw102","grimc101","marar101","trayp101","wrigg102","muelw102","carem101","cuylk101","","","","5/FL","F","F",4,2,2,"T","T",0,"F","F",1,"F","F",0,"F","F",5,"F","F","T","",0,0,"N",0,"N",0,"N",0,0,0,0,"5","","","","F","F","F","F","F","F","F","F","F","","","","F","F","F","F","F","","","","",0,5,0,0,0,0,0,0,0,35,"NY1","NY1","PIT",1,"F","T",4,1,0,19,2,"T","F",0,0,"T","T","soutb101","terrb101","T","T",0,0,0,0,0,0,0,0,0,"","","",0,0,0,0,0,0,0,0,0,0,0,0,0,"trayp101","F","F","F","F",0,0,0,0,0,0,0,0,0,0,F,F,"1924NY1.EVN.regular.event.csv",1169
"NY1192406100","PIT",5,0,0,0,0,"",1,4,"marar101","?","marar101","?","bentj101","?","bentj101","?","snydf101","terrb101","frisf101","grohh101","jackt101","meusi101","soutb101","younr101","","","","S9","T","F",4,6,20,"T","T",1,"F","F",0,"F","F",0,"F","F",9,"","F","F","",0,0,"N",0,"N",0,"N",1,0,0,0,"","","","","F","F","F","F","F","F","F","F","F","","","","F","F","F","F","F","","","","",0,0,0,0,0,0,0,0,0,36,"NY1","PIT","NY1",0,"T","F",1,4,0,14,0,"T","F",0,1,"T","T","grimc101","schmw102","T","T",0,0,0,0,0,0,0,0,0,"","","",0,0,0,0,0,0,0,0,0,0,0,0,0,"younr101","F","F","F","F",0,0,0,0,0,0,0,0,0,0,F,F,"1924NY1.EVN.regular.event.csv",1170
"NY1192406100","PIT",5,0,0,0,0,"",1,4,"grimc101","?","grimc101","?","bentj101","?","bentj101","?","snydf101","terrb101","frisf101","grohh101","jackt101","meusi101","soutb101","younr101","marar101","","","46(1)/FO","F","F",3,7,2,"T","T",0,"F","F",1,"F","F",0,"F","F",4,"G","F","F","",0,0,"N",0,"N",0,"N",1,0,0,0,"","46","","","F","F","F","F","F","F","F","F","F","bentj101","","","F","F","F","F","F","","","","",0,6,0,0,4,0,0,0,0,37,"NY1","PIT","NY1",0,"F","F",1,4,0,15,1,"T","F",1,1,"T","T","schmw102","kremr101","T","T",4,6,36,0,0,0,0,0,0,"snydf101","","",0,0,0,0,0,0,0,0,0,0,0,0,0,"frisf101","T","F","F","F",0,0,0,0,0,0,0,0,0,0,F,F,"1924NY1.EVN.regular.event.csv",1171
"NY1192406100","PIT",5,0,1,0,0,"",1,4,"schmw102","?","schmw102","?","bentj101","?","bentj101","?","snydf101","terrb101","frisf101","grohh101","jackt101","meusi101","soutb101","younr101","grimc101","","","46(1)3/GDP","F","F",2,8,2,"T","T",0,"F","F",2,"T","F",0,"F","F",4,"G","F","F","",0,0,"N",0,"N",0,"N",0,0,0,0,"63","46","","","F","F","F","F","F","F","F","F","F","bentj101","","","F","F","F","F","F","","","","",0,6,3,0,4,6,0,0,0,38,"NY1","PIT","NY1",0,"F","T",1,4,0,16,2,"T","F",1,0,"T","T","kremr101","carem101","T","T",3,7,37,0,0,0,0,0,0,"snydf101","","",0,0,0,0,0,0,0,0,0,0,0,0,0,"frisf101","T","F","F","F",0,0,0,0,0,0,0,0,0,0,F,F,"1924NY1.EVN.regular.event.csv",1172
"NY1192406100","PIT",5,1,0,0,0,"",1,4,"soutb101","?","soutb101","?","kremr101","?","kremr101","?","schmw102","grimc101","marar101","trayp101","wrigg102","muelw102","carem101","cuylk101","","","","S9","T","F",8,3,20,"T","T",1,"F","F",0,"F","F",0,"F","F",9,"","F","F","",0,0,"N",0,"N",0,"N",1,0,0,0,"","","","","F","F","F","F","F","F","F","F","F","","","","F","F","F","F","F","","","","",0,0,0,0,0,0,0,0,0,39,"NY1","NY1","PIT",1,"T","F",4,1,0,20,0,"T","F",0,1,"T","T","terrb101","meusi101","T","T",0,0,0,0,0,0,0,0,0,"","","",0,0,0,0,0,0,0,0,0,0,0,0,0,"cuylk101","F","F","F","F",0,0,0,0,0,0,0,0,0,0,F,F,"1924NY1.EVN.regular.event.csv",1173
"NY1192406100","PIT",5,1,0,0,0,"",1,4,"terrb101","?","terrb101","?","kremr101","?","kremr101","?","schmw102","grimc101","marar101","trayp101","wrigg102","muelw102","carem101","cuylk101","soutb101","","","S7/F7S.1-2","F","F",3,4,20,"T","T",1,"F","F",0,"F","F",0,"F","F",7,"F","F","F","7S",0,0,"N",0,"N",0,"N",1,2,0,0,"","","","","F","F","F","F","F","F","F","F","F","kremr101","","","F","F","F","F","F","","","","",0,0,0,0,0,0,0,0,0,40,"NY1","NY1","PIT",1,"F","F",4,1,0,21,1,"T","F",1,3,"T","T","meusi101","jackt101","T","T",8,3,39,0,0,0,0,0,0,"schmw102","","",0,0,0,0,0,0,0,0,0,0,0,0,0,"muelw102","F","F","F","F",0,0,0,0,0,0,0,0,0,0,F,F,"1924NY1.EVN.regular.event.csv",1174
"NY1192406100","PIT",5,1,0,0,0,"",1,4,"meusi101","?","meusi101","?","kremr101","?","kremr101","?","schmw102","grimc101","marar101","trayp101","wrigg102","muelw102","carem101","cuylk101","terrb101","soutb101","","15(2)/FO.1-2","F","F",7,5,2,"T","T",0,"F","F",1,"F","F",0,"F","F",1,"G","F","F","",0,0,"N",0,"N",0,"N",1,2,0,0,"","","15","","F","F","F","F","F","F","F","F","F","kremr101","kremr101","","F","F","F","F","F","","","","",0,5,0,0,1,0,0,0,0,41,"NY1","NY1","PIT",1,"F","F",4,1,0,22,2,"T","F",3,3,"T","T","jackt101","grohh101","T","T",3,4,40,8,3,39,0,0,0,"schmw102","schmw102","",0,0,0,0,0,0,0,0,0,0,0,0,0,"kremr101","F","T","F","F",0,0,0,0,0,0,0,0,0,0,F,F,"1924NY1.EVN.regular.event.csv",1175
"NY1192406100","PIT",5,1,1,0,0,"",1,4,"jackt101","?","jackt101","?","kremr101","?","kremr101","?","schmw102","grimc101","marar101","trayp101","wrigg102","muelw102","carem101","cuylk101","meusi101","terrb101","","3/FL","F","F",6,6,2,"T","T",0,"F","F",1,"F","F",0,"F","F",3,"F","F","T","",0,0,"N",0,"N",0,"N",0,1,2,0,"3","","","","F","F","F","F","F","F","F","F","F","kremr101","kremr101","","F","F","F","F","F","","","","",0,3,0,0,0,0,0,0,0,42,"NY1","NY1","PIT",1,"F","F",4,1,0,23,3,"T","F",3,3,"T","T","grohh101","snydf101","T","T",7,5,41,3,4,40,0,0,0,"schmw102","schmw102","",0,0,0,0,0,0,0,0,0,0,0,0,0,"grimc101","F","F","F","F",0,0,0,0,0,0,0,0,0,0,F,F,"1924NY1.EVN.regular.event.csv",1176
"NY1192406100","PIT",5,1,2,0,0,"",1,4,"grohh101","?","grohh101","?","kremr101","?","kremr101","?","schmw102","grimc101","marar101","trayp101","wrigg102","muelw102","carem101","cuylk101","meusi101","terrb101","","W.2-3;1-2","F","F",5,7,14,"T","F",0,"F","F",0,"F","F",0,"F","F",0,"","F","F","",0,0,"N",0,"N",0,"N",1,2,3,0,"","","","","F","F","F","F","F","F","F","F","F","kremr101","kremr101","","F","F","F","F","F","","","","",0,0,0,0,0,0,0,0,0,43,"NY1","NY1","PIT",1,"F","F",4,1,0,24,4,"T","F",3,7,"T","T","snydf101","bentj101","T","T",7,5,41,3,4,40,0,0,0,"schmw102","schmw102","",0,0,0,0,0,0,0,0,0,0,0,0,0,"","F","F","F","F",0,0,0,0,0,0,0,0,0,0,F,F,"1924NY1.EVN.regular.event.csv",1177
"NY1192406100","PIT",5,1,2,0,0,"",1,4,"snydf101","?","snydf101","?","kremr101","?","kremr101","?","schmw102","grimc101","marar101","trayp101","wrigg102","muelw102","carem101","cuylk101","grohh101","meusi101","terrb101","5/FL","F","F",2,8,2,"T","T",0,"F","F",1,"F","F",0,"F","F",5,"F","F","T","",0,0,"N",0,"N",0,"N",0,1,2,3,"5","","","","F","F","F","F","F","F","F","F","F","kremr101","kremr101","kremr101","F","F","F","F","F","","","","",0,5,0,0,0,0,0,0,0,44,"NY1","NY1","PIT",1,"F","T",4,1,0,25,5,"T","F",7,7,"T","T","bentj101","younr101","T","T",5,7,43,7,5,41,3,4,40,"schmw102","schmw102","schmw102",0,0,0,0,0,0,0,0,0,0,0,0,0,"trayp101","F","F","F","F",0,0,0,0,0,0,0,0,0,0,F,F,"1924NY1.EVN.regular.event.csv",1178
"NY1192406100","PIT",6,0,0,0,0,"",1,4,"kremr101","?","kremr101","?","bentj101","?","bentj101","?","snydf101","terrb101","frisf101","grohh101","jackt101","meusi101","soutb101","younr101","","","","S8","T","F",1,9,20,"T","T",1,"F","F",0,"F","F",0,"F","F",8,"","F","F","",0,0,"N",0,"N",0,"N",1,0,0,0,"","","","","F","F","F","F","F","F","F","F","F","","","","F","F","F","F","F","","","","",0,0,0,0,0,0,0,0,0,45,"NY1","PIT","NY1",0,"T","F",1,4,0,17,0,"T","F",0,1,"T","T","carem101","muelw102","T","T",0,0,0,0,0,0,0,0,0,"","","",0,0,0,0,0,0,0,0,0,0,0,0,0,"soutb101","F","F","F","F",0,0,0,0,0,0,0,0,0,0,F,F,"1924NY1.EVN.regular.event.csv",1179
"NY1192406100","PIT",6,0,0,0,0,"",1,4,"carem101","?","carem101","?","bentj101","?","bentj101","?","snydf101","terrb101","frisf101","grohh101","jackt101","meusi101","soutb101","younr101","kremr101","","","8/F","F","F",8,1,2,"T","T",0,"F","F",1,"F","F",0,"F","F",8,"F","F","F","",0,0,"N",0,"N",0,"N",0,1,0,0,"8","","","","F","F","F","F","F","F","F","F","F","bentj101","","","F","F","F","F","F","","","","",0,8,0,0,0,0,0,0,0,46,"NY1","PIT","NY1",0,"F","F",1,4,0,18,1,"T","F",1,1,"T","T","muelw102","wrigg102","T","T",1,9,45,0,0,0,0,0,0,"snydf101","","",0,0,0,0,0,0,0,0,0,0,0,0,0,"soutb101","F","F","F","F",0,0,0,0,0,0,0,0,0,0,F,F,"1924NY1.EVN.regular.event.csv",1180
"NY1192406100","PIT",6,0,1,0,0,"",1,4,"muelw102","?","muelw102","?","bentj101","?","bentj101","?","snydf101","terrb101","frisf101","grohh101","jackt101","meusi101","soutb101","younr101","kremr101","","","64(1)/FO","F","F",7,2,2,"T","T",0,"F","F",1,"F","F",0,"F","F",6,"G","F","F","",0,0,"N",0,"N",0,"N",1,0,0,0,"","64","","","F","F","F","F","F","F","F","F","F","bentj101","","","F","F","F","F","F","","","","",0,4,0,0,6,0,0,0,0,47,"NY1","PIT","NY1",0,"F","F",1,4,0,19,2,"T","F",1,1,"T","T","wrigg102","cuylk101","T","T",1,9,45,0,0,0,0,0,0,"snydf101","","",0,0,0,0,0,0,0,0,0,0,0,0,0,"jackt101","T","F","F","F",0,0,0,0,0,0,0,0,0,0,F,F,"1924NY1.EVN.regular.event.csv",1181
"NY1192406100","PIT",6,0,2,0,0,"",1,4,"wrigg102","?","wrigg102","?","bentj101","?","bentj101","?","snydf101","terrb101","frisf101","grohh101","jackt101","meusi101","soutb101","younr101","muelw102","","","7/F7D","F","F",6,3,2,"T","T",0,"F","F",1,"F","F",0,"F","F",7,"F","F","F","7D",0,0,"N",0,"N",0,"N",0,1,0,0,"7","","","","F","F","F","F","F","F","F","F","F","bentj101","","","F","F","F","F","F","","","","",0,7,0,0,0,0,0,0,0,48,"NY1","PIT","NY1",0,"F","T",1,4,0,20,3,"T","F",1,1,"T","T","cuylk101","trayp101","T","T",7,2,47,0,0,0,0,0,0,"snydf101","","",0,0,0,0,0,0,0,0,0,0,0,0,0,"meusi101","F","F","F","F",0,0,0,0,0,0,0,0,0,0,F,F,"1924NY1.EVN.regular.event.csv",1182
"NY1192406100","PIT",6,1,0,0,0,"",1,4,"bentj101","?","bentj101","?","kremr101","?","kremr101","?","schmw102","grimc101","marar101","trayp101","wrigg102","muelw102","carem101","cuylk101","","","","43","T","F",1,9,2,"T","T",0,"F","F",1,"F","F",0,"F","F",4,"G","F","F","",0,0,"N",0,"N",0,"N",0,0,0,0,"43","","","","F","F","F","F","F","F","F","F","F","","","","F","F","F","F","F","","","","",0,3,0,0,4,0,0,0,0,49,"NY1","NY1","PIT",1,"T","F",4,1,0,26,0,"T","F",0,0,"T","T","younr101","frisf101","T","T",0,0,0,0,0,0,0,0,0,"","","",0,0,0,0,0,0,0,0,0,0,0,0,0,"marar101","F","F","F","F",0,0,0,0,1,0,0,0,0,0,F,F,"1924NY1.EVN.regular.event.csv",1183
"NY1192406100","PIT",6,1,1,0,0,"",1,4,"younr101","?","younr101","?","kremr101","?","kremr101","?","schmw102","grimc101","marar101","trayp101","wrigg102","muelw102","carem101","cuylk101","","","","W","F","F",9,1,14,"T","F",0,"F","F",0,"F","F",0,"F","F",0,"","F","F","",0,0,"N",0,"N",0,"N",1,0,0,0,"","","","","F","F","F","F","F","F","F","F","F","","","","F","F","F","F","F","","","","",0,0,0,0,0,0,0,0,0,50,"NY1","NY1","PIT",1,"F","F",4,1,0,27,1,"T","F",0,1,"T","T","frisf101","soutb101","T","T",0,0,0,0,0,0,0,0,0,"","","",0,0,0,0,0,0,0,0,0,0,0,0,0,"","F","F","F","F",4,0,0,0,1,0,0,0,0,0,F,F,"1924NY1.EVN.regular.event.csv",1184
"NY1192406100","PIT",6,1,1,0,0,"",1,4,"frisf101","?","frisf101","?","kremr101","?","kremr101","?","schmw102","grimc101","marar101","trayp101","wrigg102","muelw102","carem101","cuylk101","younr101","","","D7/L7LS.1-H","F","F",4,2,21,"T","T",2,"F","F",0,"F","F",1,"F","F",7,"L","F","F","7LS",0,0,"N",0,"N",0,"N",2,4,0,0,"","","","","F","F","F","F","F","F","F","F","F","kremr101","","","F","F","F","F","F","","","","",0,0,0,0,0,0,0,0,0,51,"NY1","NY1","PIT",1,"F","F",4,1,0,28,2,"T","F",1,2,"T","T","soutb101","terrb101","T","T",9,1,50,0,0,0,0,0,0,"schmw102","","",0,0,0,0,0,0,0,0,0,0,0,0,1,"muelw102","F","F","F","F",0,4,0,0,0,0,0,0,0,0,F,F,"1924NY1.EVN.regular.event.csv",1185
"NY1192406100","PIT",6,1,1,0,0,"",1,5,"wilsh102","?","wilsh102","?","yde-e101","?","yde-e101","?","schmw102","grimc101","marar101","trayp101","wrigg102","muelw102","carem101","cuylk101","","frisf101","","BK.2-3","F","T",11,3,11,"F","F",0,"F","F",0,"F","F",0,"F","F",0,"","F","F","",0,0,"N",0,"N",0,"N",0,0,3,0,"","","","","F","F","F","F","F","F","F","F","F","","kremr101","","F","F","F","F","F","","","","soutb101",8,0,0,0,0,0,0,0,0,52,"NY1","NY1","PIT",1,"F","F",5,1,1,29,3,"T","F",2,4,"F","F","terrb101","meusi101","F","F",0,0,0,4,2,51,0,0,0,"","schmw102","",0,0,0,0,0,0,0,0,0,0,0,0,0,"","F","F","F","F",0,0,0,0,0,0,0,0,0,0,F,F,"1924NY1.EVN.regular.event.csv",1186
"NY1192406100","PIT",6,1,1,0,0,"",1,5,"wilsh102","?","wilsh102","?","yde-e101","?","yde-e101","?","schmw102","grimc101","marar101","trayp101","wrigg102","muelw102","carem101","cuylk101","","","frisf101","K","F","T",11,3,3,"T","T",0,"F","F",1,"F","F",0,"F","F",0,"","F","F","",0,0,"N",0,"N",0,"N",0,0,0,3,"2","","","","F","F","F","F","F","F","F","F","F","","","kremr101","F","F","F","F","F","","","","soutb101",8,2,0,0,0,0,0,0,0,53,"NY1","NY1","PIT",1,"F","F",5,1,1,29,3,"F","F",4,4,"F","F","terrb101","meusi101","F","F",0,0,0,0,0,0,4,2,51,"","","schmw102",0,0,0,0,0,0,0,0,0,0,0,0,0,"","F","F","F","F",0,0,0,0,0,0,0,0,0,0,F,F,"1924NY1.EVN.regular.event.csv",1187
"NY1192406100","PIT",6,1,2,0,0,"",1,5,"terrb101","?","terrb101","?","yde-e101","?","yde-e101","?","schmw102","grimc101","marar101","trayp101","wrigg102","muelw102","carem101","cuylk101","","","frisf101","W","F","F",3,4,14,"T","F",0,"F","F",0,"F","F",0,"F","F",0,"","F","F","",0,0,"N",0,"N",0,"N",1,0,0,3,"","","","","F","F","F","F","F","F","F","F","F","","","kremr101","F","F","F","F","F","","","","",0,0,0,0,0,0,0,0,0,54,"NY1","NY1","PIT",1,"F","F",5,1,1,30,4,"T","F",4,5,"T","T","meusi101","jackt101","F","F",0,0,0,0,0,0,4,2,51,"","","schmw102",0,0,0,0,0,0,0,0,0,0,0,0,0,"","F","F","F","F",1,0,0,0,0,0,0,0,0,0,F,F,"1924NY1.EVN.regular.event.csv",1188
"NY1192406100","PIT",6,1,2,0,0,"",1,5,"meusi101","?","meusi101","?","yde-e101","?","yde-e101","?","schmw102","grimc101","marar101","trayp101","wrigg102","muelw102","carem101","cuylk101","terrb101","","frisf101","CSH(242)","F","F",7,5,6,"F","F",0,"F","F",1,"F","F",0,"F","F",0,"","F","F","",0,0,"N",0,"N",0,"N",0,1,0,0,"","","","242","F","F","F","F","F","T","F","F","F","yde-e101","","kremr101","F","F","F","F","F","","","","",0,2,0,0,2,4,0,0,0,55,"NY1","NY1","PIT",1,"F","T",5,1,1,31,5,"T","T",5,1,"T","T","jackt101","grohh101","F","F",3,4,54,0,0,0,4,2,51,"schmw102","","schmw102",0,0,0,0,0,0,0,0,0,0,0,0,0,"","F","F","F","F",0,1,0,0,0,0,0,0,0,0,F,F,"1924NY1.EVN.regular.event.csv",1189
"NY1192406100","PIT",7,0,0,0,0,"",1,5,"cuylk101","?","cuylk101","?","bentj101","?","bentj101","?","snydf101","terrb101","frisf101","grohh101","jackt101","meusi101","wilsh102","younr101","","","","W","T","F",9,4,14,"T","F",0,"F","F",0,"F","F",0,"F","F",0,"","F","F","",0,0,"N",0,"N",0,"N",1,0,0,0,"","","","","F","F","F","F","F","F","F","F","F","","","","F","F","F","F","F","","","","",0,0,0,0,0,0,0,0,0,56,"NY1","PIT","NY1",0,"T","F",1,5,0,21,0,"T","F",0,1,"T","T","trayp101","marar101","T","T",0,0,0,0,0,0,0,0,0,"","","",0,0,0,0,0,0,0,0,0,0,0,0,0,"","F","F","F","F",2,0,0,0,0,0,0,0,0,0,F,F,"1924NY1.EVN.regular.event.csv",1190
"NY1192406100","PIT",7,0,0,0,0,"",1,5,"trayp101","?","trayp101","?","bentj101","?","bentj101","?","snydf101","terrb101","frisf101","grohh101","jackt101","meusi101","wilsh102","younr101","cuylk101","","","4/P","F","F",5,5,2,"T","T",0,"F","F",1,"F","F",0,"F","F",4,"P","F","F","",0,0,"N",0,"N",0,"N",0,1,0,0,"4","","","","F","F","F","F","F","F","F","F","F","bentj101","","","F","F","F","F","F","","","","",0,4,0,0,0,0,0,0,0,57,"NY1","PIT","NY1",0,"F","F",1,5,0,22,1,"T","F",1,1,"T","T","marar101","grimc101","T","T",9,4,56,0,0,0,0,0,0,"snydf101","","",0,0,0,0,0,0,0,0,0,0,0,0,0,"frisf101","F","F","F","F",0,2,0,0,0,0,0,0,0,0,F,F,"1924NY1.EVN.regular.event.csv",1191
"NY1192406100","PIT",7,0,1,0,0,"",1,5,"marar101","?","marar101","?","bentj101","?","bentj101","?","snydf101","terrb101","frisf101","grohh101","jackt101","meusi101","wilsh102","younr101","cuylk101","","","W.1-2","F","F",4,6,14,"T","F",0,"F","F",0,"F","F",0,"F","F",0,"","F","F","",0,0,"N",0,"N",0,"N",1,2,0,0,"","","","","F","F","F","F","F","F","F","F","F","bentj101","","","F","F","F","F","F","","","","",0,0,0,0,0,0,0,0,0,58,"NY1","PIT","NY1",0,"F","F",1,5,0,23,2,"T","F",1,3,"T","T","grimc101","schmw102","T","T",9,4,56,0,0,0,0,0,0,"snydf101","","",0,0,0,0,0,0,0,0,0,0,0,0,0,"","F","F","F","F",1,2,0,0,0,0,0,0,0,0,F,F,"1924NY1.EVN.regular.event.csv",1192
"NY1192406100","PIT",7,0,1,0,0,"",1,5,"barnc102","?","barnc102","?","bentj101","?","bentj101","?","snydf101","terrb101","frisf101","grohh101","jackt101","meusi101","wilsh102","younr101","marar101","cuylk101","","3/FL","F","T",11,7,2,"T","T",0,"F","F",1,"F","F",0,"F","F",3,"F","F","T","",0,0,"N",0,"N",0,"N",0,1,2,0,"3","","","","F","F","F","F","F","F","F","F","F","bentj101","bentj101","","F","F","F","F","F","","","","grimc101",3,3,0,0,0,0,0,0,0,59,"NY1","PIT","NY1",0,"F","F",1,5,0,24,3,"T","F",3,3,"F","F","schmw102","yde-e101","T","T",4,6,58,9,4,56,0,0,0,"snydf101","snydf101","",0,0,0,0,0,0,0,0,0,0,0,0,0,"terrb101","F","F","F","F",0,1,2,0,0,0,0,0,0,0,F,F,"1924NY1.EVN.regular.event.csv",1193
"NY1192406100","PIT",7,0,2,0,0,"",1,5,"schmw102","?","schmw102","?","bentj101","?","bentj101","?","snydf101","terrb101","frisf101","grohh101","jackt101","meusi101","wilsh102","younr101","marar101","cuylk101","","9/F","F","F",2,8,2,"T","T",0,"F","F",1,"F","F",0,"F","F",9,"F","F","F","",0,0,"N",0,"N",0,"N",0,1,2,0,"9","","","","F","F","F","F","F","F","F","F","F","bentj101","bentj101","","F","F","F","F","F","","","","",0,9,0,0,0,0,0,0,0,60,"NY1","PIT","NY1",0,"F","T",1,5,0,25,4,"T","F",3,3,"T","T","yde-e101","carem101","T","T",4,6,58,9,4,56,0,0,0,"snydf101","snydf101","",0,0,0,0,0,0,0,0,0,0,0,0,0,"younr101","F","F","F","F",0,1,2,0,0,0,0,0,0,0,F,F,"1924NY1.EVN.regular.event.csv",1194
"NY1192406100","PIT",7,1,0,0,0,"",1,5,"meusi101","?","meusi101","?","yde-e101","?","yde-e101","?","schmw102","ens-j101","marar101","trayp101","wrigg102","muelw102","carem101","cuylk101","","","","5/P15","T","F",7,5,2,"T","T",0,"F","F",1,"F","F",0,"F","F",5,"P","F","F","15",0,0,"N",0,"N",0,"N",0,0,0,0,"5","","","","F","F","F","F","F","F","F","F","F","","","","F","F","F","F","F","","","","",0,5,0,0,0,0,0,0,0,61,"NY1","NY1","PIT",1,"T","F",5,1,0,31,0,"T","F",0,0,"T","T","jackt101","grohh101","F","F",0,0,0,0,0,0,0,0,0,"","","",0,0,0,0,0,0,0,0,0,0,0,0,0,"trayp101","F","F","F","F",0,0,0,0,0,0,0,0,0,0,F,F,"1924NY1.EVN.regular.event.csv",1195
"NY1192406100","PIT",7,1,1,0,0,"",1,5,"jackt101","?","jackt101","?","yde-e101","?","yde-e101","?","schmw102","ens-j101","marar101","trayp101","wrigg102","muelw102","carem101","cuylk101","","","","8/F8D","F","F",6,6,2,"T","T",0,"F","F",1,"F","F",0,"F","F",8,"F","F","F","8D",0,0,"N",0,"N",0,"N",0,0,0,0,"8","","","","F","F","F","F","F","F","F","F","F","","","","F","F","F","F","F","","","","",0,8,0,0,0,0,0,0,0,62,"NY1","NY1","PIT",1,"F","F",5,1,0,32,1,"T","F",0,0,"T","T","grohh101","snydf101","F","F",0,0,0,0,0,0,0,0,0,"","","",0,0,0,0,0,0,0,0,0,0,0,0,0,"carem101","F","F","F","F",0,0,0,0,0,0,0,0,0,0,F,F,"1924NY1.EVN.regular.event.csv",1196
"NY1192406100","PIT",7,1,2,0,0,"",1,5,"grohh101","?","grohh101","?","yde-e101","?","yde-e101","?","schmw102","ens-j101","marar101","trayp101","wrigg102","muelw102","carem101","cuylk101","","","","7/L","F","F",5,7,2,"T","T",0,"F","F",1,"F","F",0,"F","F",7,"L","F","F","",0,0,"N",0,"N",0,"N",0,0,0,0,"7","","","","F","F","F","F","F","F","F","F","F","","","","F","F","F","F","F","","","","",0,7,0,0,0,0,0,0,0,63,"NY1","NY1","PIT",1,"F","T",5,1,0,33,2,"T","F",0,0,"T","T","snydf101","bentj101","F","F",0,0,0,0,0,0,0,0,0,"","","",0,0,0,0,0,0,0,0,0,0,0,0,0,"muelw102","F","F","F","F",0,0,0,0,0,0,0,0,0,0,F,F,"1924NY1.EVN.regular.event.csv",1197
"NY1192406100","PIT",8,0,0,0,0,"",1,5,"moore102","?","moore102","?","bentj101","?","bentj101","?","snydf101","terrb101","frisf101","grohh101","jackt101","meusi101","wilsh102","younr101","","","","W","T","T",11,9,14,"T","F",0,"F","F",0,"F","F",0,"F","F",0,"","F","F","",0,0,"N",0,"N",0,"N",1,0,0,0,"","","","","F","F","F","F","F","F","F","F","F","","","","F","F","F","F","F","","","","yde-e101",1,0,0,0,0,0,0,0,0,64,"NY1","PIT","NY1",0,"T","F",1,5,0,26,0,"T","F",0,1,"F","F","carem101","muelw102","T","T",0,0,0,0,0,0,0,0,0,"","","",0,0,0,0,0,0,0,0,0,0,0,0,0,"","F","F","F","F",4,0,0,0,4,0,0,0,0,0,F,F,"1924NY1.EVN.regular.event.csv",1198
"NY1192406100","PIT",8,0,0,0,0,"",1,5,"carem101","?","carem101","?","bentj101","?","bentj101","?","snydf101","terrb101","frisf101","grohh101","jackt101","meusi101","wilsh102","younr101","moore102","","","S7.1-2","F","F",8,1,20,"T","T",1,"F","F",0,"F","F",0,"F","F",7,"","F","F","",0,0,"N",0,"N",0,"N",1,2,0,0,"","","","","F","F","F","F","F","F","F","F","F","bentj101","","","F","F","F","F","F","","","","",0,0,0,0,0,0,0,0,0,65,"NY1","PIT","NY1",0,"F","F",1,5,0,27,1,"T","F",1,3,"T","T","muelw102","wrigg102","T","T",0,9,64,0,0,0,0,0,0,"snydf101","","",0,0,0,0,0,0,0,0,0,0,0,0,0,"meusi101","F","F","F","F",4,4,0,0,4,0,0,0,0,0,F,F,"1924NY1.EVN.regular.event.csv",1199
"NY1192406100","PIT",8,0,0,0,0,"",1,5,"muelw102","?","muelw102","?","bentj101","?","bentj101","?","snydf101","terrb101","frisf101","grohh101","jackt101","meusi101","wilsh102","younr101","carem101","moore102","","S5/G5S.2-3;1-2","F","F",7,2,20,"T","T",1,"F","F",0,"F","F",0,"F","F",5,"G","F","F","5S",0,0,"N",0,"N",0,"N",1,2,3,0,"","","","","F","F","F","F","F","F","F","F","F","bentj101","bentj101","","F","F","F","F","F","","","","",0,0,0,0,0,0,0,0,0,66,"NY1","PIT","NY1",0,"F","F",1,5,0,28,2,"T","F",3,7,"T","T","wrigg102","cuylk101","T","T",8,1,65,0,9,64,0,0,0,"snydf101","snydf101","",0,0,0,0,0,0,0,0,0,0,0,0,0,"grohh101","F","F","F","F",4,4,4,0,4,0,0,0,0,0,F,F,"1924NY1.EVN.regular.event.csv",1200
"NY1192406100","PIT",8,0,0,0,0,"",1,5,"wrigg102","?","wrigg102","?","bentj101","?","bentj101","?","snydf101","terrb101","frisf101","grohh101","jackt101","meusi101","wilsh102","younr101","muelw102","carem101","moore102","S5/G5S.3-H;2-3;1-2","F","F",6,3,20,"T","T",1,"F","F",0,"F","F",1,"F","F",5,"G","F","F","5S",0,0,"N",0,"N",0,"N",1,2,3,4,"","","","","F","F","F","F","F","F","F","F","F","bentj101","bentj101","bentj101","F","F","F","F","F","","","","",0,0,0,0,0,0,0,0,0,67,"NY1","PIT","NY1",0,"F","F",1,5,0,29,3,"T","F",7,7,"T","T","cuylk101","trayp101","T","T",7,2,66,8,1,65,0,9,64,"snydf101","snydf101","snydf101",0,0,0,0,0,0,0,0,0,0,0,0,1,"grohh101","F","F","F","F",4,4,4,4,3,0,0,0,0,0,F,F,"1924NY1.EVN.regular.event.csv",1201
"NY1192406100","PIT",8,0,0,0,0,"",2,5,"cuylk101","?","cuylk101","?","jonnc101","?","jonnc101","?","snydf101","terrb101","frisf101","grohh101","jackt101","meusi101","wilsh102","younr101","wrigg102","muelw102","carem101","13.3-H;2-3;1-2","F","F",9,4,2,"T","T",0,"F","F",1,"F","F",1,"F","F",1,"G","F","F","",0,0,"N",0,"N",0,"N",0,2,3,4,"13","","","","F","F","F","F","F","F","F","F","F","bentj101","bentj101","bentj101","F","F","F","F","F","","","","",0,3,0,0,1,0,0,0,0,68,"NY1","PIT","NY1",0,"F","F",2,5,1,30,4,"T","F",7,6,"T","T","trayp101","marar101","F","F",6,3,67,7,2,66,8,1,65,"snydf101","snydf101","snydf101",0,0,0,0,0,0,0,0,0,0,0,0,1,"jonnc101","F","F","F","F",0,4,4,4,2,0,0,0,0,0,F,F,"1924NY1.EVN.regular.event.csv",1202
"NY1192406100","PIT",8,0,1,0,0,"",3,5,"trayp101","?","trayp101","?","jonnc101","?","jonnc101","?","snydf101","terrb101","frisf101","grohh101","jackt101","meusi101","wilsh102","younr101","","wrigg102","muelw102","K23","F","F",5,5,3,"T","T",0,"F","F",1,"F","F",0,"F","F",0,"","F","F","",0,0,"N",0,"N",0,"N",0,0,2,3,"23","","","","F","F","F","F","F","F","F","F","F","","bentj101","bentj101","F","F","F","F","F","","","","",0,3,0,0,2,0,0,0,0,69,"NY1","PIT","NY1",0,"F","F",3,5,2,31,5,"T","F",6,6,"T","T","marar101","ens-j101","F","F",0,0,0,6,3,67,7,2,66,"","snydf101","snydf101",0,0,0,0,0,0,0,0,0,0,0,0,0,"","F","F","F","F",0,0,4,4,2,0,0,0,0,0,F,F,"1924NY1.EVN.regular.event.csv",1203
"NY1192406100","PIT",8,0,2,0,0,"",3,5,"marar101","?","marar101","?","jonnc101","?","jonnc101","?","snydf101","terrb101","frisf101","grohh101","jackt101","meusi101","wilsh102","younr101","","wrigg102","muelw102","S8/4M.3-H;2-H","F","F",4,6,20,"T","T",1,"F","F",0,"F","F",2,"F","F",8,"","F","F","4M",0,0,"N",0,"N",0,"N",1,0,4,4,"","","","","F","F","F","F","F","F","F","F","F","","bentj101","bentj101","F","F","F","F","F","","","","",0,0,0,0,0,0,0,0,0,70,"NY1","PIT","NY1",0,"F","F",3,5,2,32,6,"T","F",6,1,"T","T","ens-j101","schmw102","F","F",0,0,0,6,3,67,7,2,66,"","snydf101","snydf101",0,0,0,0,0,0,0,0,0,0,0,0,2,"wilsh102","F","F","F","F",0,0,4,4,0,0,0,0,0,0,F,F,"1924NY1.EVN.regular.event.csv",1204
"NY1192406100","PIT",8,0,2,0,0,"",5,5,"ens-j101","?","ens-j101","?","jonnc101","?","jonnc101","?","snydf101","terrb101","frisf101","grohh101","jackt101","meusi101","wilsh102","younr101","marar101","","","PO1(136)","F","F",3,7,8,"F","F",0,"F","F",1,"F","F",0,"F","F",0,"","F","F","",0,0,"N",0,"N",0,"N",0,0,0,0,"","136","","","F","F","F","F","F","F","T","F","F","jonnc101","","","F","F","F","F","F","","","","",0,6,0,0,1,3,0,0,0,71,"NY1","PIT","NY1",0,"F","T",5,5,4,33,7,"T","T",1,0,"F","F","schmw102","moore102","F","F",4,6,70,0,0,0,0,0,0,"snydf101","","",0,0,0,0,0,0,0,0,0,0,0,0,0,"","F","F","F","F",0,0,0,0,0,0,0,0,0,0,F,F,"1924NY1.EVN.regular.event.csv",1205
"NY1192406100","PIT",8,1,0,0,0,"",5,5,"snydf101","?","snydf101","?","stona101","?","stona101","?","schmw102","ens-j101","marar101","trayp101","wrigg102","muelw102","carem101","cuylk101","","","","W","T","F",2,8,14,"T","F",0,"F","F",0,"F","F",0,"F","F",0,"","F","F","",0,0,"N",0,"N",0,"N",1,0,0,0,"","","","","F","F","F","F","F","F","F","F","F","","","","F","F","F","F","F","","","","",0,0,0,0,0,0,0,0,0,72,"NY1","NY1","PIT",1,"T","F",5,5,0,34,0,"T","F",0,1,"T","T","jonnc101","younr101","F","F",0,0,0,0,0,0,0,0,0,"","","",0,0,0,0,0,0,0,0,0,0,0,0,0,"","F","F","F","F",4,0,0,0,1,0,0,0,0,0,F,F,"1924NY1.EVN.regular.event.csv",1206
"NY1192406100","PIT",8,1,0,0,0,"",5,5,"kellg101","?","kellg101","?","stona101","?","stona101","?","schmw102","ens-j101","marar101","trayp101","wrigg102","muelw102","carem101","cuylk101","lindf101","","","8/F","F","T",11,9,2,"T","T",0,"F","F",1,"F","F",0,"F","F",8,"F","F","F","",0,0,"N",0,"N",0,"N",0,1,0,0,"8","","","","F","F","F","F","F","F","F","F","F","stona101","","","F","F","T","F","F","snydf101","","","jonnc101",1,8,0,0,0,0,0,0,0,73,"NY1","NY1","PIT",1,"F","F",5,5,0,35,1,"T","F",1,1,"F","F","younr101","frisf101","F","F",12,8,72,0,0,0,0,0,0,"schmw102","","",0,0,0,0,0,0,0,0,0,0,0,0,0,"carem101","F","F","F","F",0,4,0,0,1,0,0,0,0,0,F,F,"1924NY1.EVN.regular.event.csv",1207
"NY1192406100","PIT",8,1,1,0,0,"",5,5,"younr101","?","younr101","?","stona101","?","stona101","?","schmw102","ens-j101","marar101","trayp101","wrigg102","muelw102","carem101","cuylk101","lindf101","","","5/P","F","F",9,1,2,"T","T",0,"F","F",1,"F","F",0,"F","F",5,"P","F","F","",0,0,"N",0,"N",0,"N",0,1,0,0,"5","","","","F","F","F","F","F","F","F","F","F","stona101","","","F","F","F","F","F","","","","",0,5,0,0,0,0,0,0,0,74,"NY1","NY1","PIT",1,"F","F",5,5,0,36,2,"T","F",1,1,"T","T","frisf101","wilsh102","F","F",0,8,72,0,0,0,0,0,0,"schmw102","","",0,0,0,0,0,0,0,0,0,0,0,0,0,"trayp101","F","F","F","F",0,4,0,0,1,0,0,0,0,0,F,F,"1924NY1.EVN.regular.event.csv",1208
"NY1192406100","PIT",8,1,2,0,0,"",5,5,"frisf101","?","frisf101","?","stona101","?","stona101","?","schmw102","ens-j101","marar101","trayp101","wrigg102","muelw102","carem101","cuylk101","lindf101","","","BK.1-2","F","F",4,2,11,"F","F",0,"F","F",0,"F","F",0,"F","F",0,"","F","F","",0,0,"N",0,"N",0,"N",0,2,0,0,"","","","","F","F","F","F","F","F","F","F","F","stona101","","","F","F","F","F","F","","","","",0,0,0,0,0,0,0,0,0,75,"NY1","NY1","PIT",1,"F","F",5,5,0,37,3,"T","F",1,2,"T","T","wilsh102","terrb101","F","F",0,8,72,0,0,0,0,0,0,"schmw102","","",0,0,0,0,0,0,0,0,0,0,0,0,0,"","F","F","F","F",0,4,0,0,1,0,0,0,0,0,F,F,"1924NY1.EVN.regular.event.csv",1209
"NY1192406100","PIT",8,1,2,0,0,"",5,5,"frisf101","?","frisf101","?","stona101","?","stona101","?","schmw102","ens-j101","marar101","trayp101","wrigg102","muelw102","carem101","cuylk101","","lindf101","","S8.2-H","F","F",4,2,20,"T","T",1,"F","F",0,"F","F",1,"F","F",8,"","F","F","",0,0,"N",0,"N",0,"N",1,0,4,0,"","","","","F","F","F","F","F","F","F","F","F","","stona101","","F","F","F","F","F","","","","",0,0,0,0,0,0,0,0,0,76,"NY1","NY1","PIT",1,"F","F",5,5,0,37,3,"F","F",2,1,"T","T","wilsh102","terrb101","F","F",0,0,0,0,8,72,0,0,0,"","schmw102","",0,0,0,0,0,0,0,0,0,0,0,0,1,"carem101","F","F","F","F",2,0,4,0,0,0,0,0,0,0,F,F,"1924NY1.EVN.regular.event.csv",1210
"NY1192406100","PIT",8,1,2,0,0,"",5,6,"wilsh102","?","wilsh102","?","stona101","?","stona101","?","schmw102","ens-j101","marar101","trayp101","wrigg102","muelw102","carem101","cuylk101","frisf101","","","SB2","F","F",8,3,4,"F","F",0,"F","F",0,"F","F",0,"F","F",0,"","F","F","",0,0,"N",0,"N",0,"N",0,2,0,0,"","","","","T","F","F","F","F","F","F","F","F","stona101","","","F","F","F","F","F","","","","",0,0,0,0,0,0,0,0,0,77,"NY1","NY1","PIT",1,"F","F",6,5,1,38,4,"T","F",1,2,"F","F","terrb101","meusi101","F","F",4,2,76,0,0,0,0,0,0,"schmw102","","",0,0,0,0,0,0,0,0,0,0,0,0,0,"","F","F","F","F",0,2,0,0,0,0,0,0,0,0,F,F,"1924NY1.EVN.regular.event.csv",1211
"NY1192406100","PIT",8,1,2,0,0,"",5,6,"wilsh102","?","wilsh102","?","stona101","?","stona101","?","schmw102","ens-j101","marar101","trayp101","wrigg102","muelw102","carem101","cuylk101","","frisf101","","9/F","F","F",8,3,2,"T","T",0,"F","F",1,"F","F",0,"F","F",9,"F","F","F","",0,0,"N",0,"N",0,"N",0,0,2,0,"9","","","","F","F","F","F","F","F","F","F","F","","stona101","","F","F","F","F","F","","","","",0,9,0,0,0,0,0,0,0,78,"NY1","NY1","PIT",1,"F","T",6,5,1,38,4,"F","F",2,2,"F","F","terrb101","meusi101","F","F",0,0,0,4,2,76,0,0,0,"","schmw102","",0,0,0,0,0,0,0,0,0,0,0,0,0,"cuylk101","F","F","F","F",0,0,2,0,0,0,0,0,0,0,F,F,"1924NY1.EVN.regular.event.csv",1212
"NY1192406100","PIT",9,0,0,0,0,"",5,6,"ens-j101","?","ens-j101","?","barnv101","?","barnv101","?","gowdh101","terrb101","frisf101","grohh101","jackt101","meusi101","wilsh102","younr101","","","","2/FL","T","F",3,7,2,"T","T",0,"F","F",1,"F","F",0,"F","F",2,"F","F","T","",0,0,"N",0,"N",0,"N",0,0,0,0,"2","","","","F","F","F","F","F","F","F","F","F","","","","F","F","F","F","F","","","","",0,2,0,0,0,0,0,0,0,79,"NY1","PIT","NY1",0,"T","F",5,6,0,33,0,"T","F",0,0,"F","F","schmw102","stona101","F","F",0,0,0,0,0,0,0,0,0,"","","",0,0,0,0,0,0,0,0,0,0,0,0,0,"gowdh101","F","F","F","F",0,0,0,0,5,0,0,0,0,0,F,F,"1924NY1.EVN.regular.event.csv",1213
"NY1192406100","PIT",9,0,1,0,0,"",5,6,"goocj101","?","goocj101","?","barnv101","?","barnv101","?","gowdh101","terrb101","frisf101","grohh101","jackt101","meusi101","wilsh102","younr101","","","","13","F","T",11,8,2,"T","T",0,"F","F",1,"F","F",0,"F","F",1,"G","F","F","",0,0,"N",0,"N",0,"N",0,0,0,0,"13","","","","F","F","F","F","F","F","F","F","F","","","","F","F","F","F","F","","","","schmw102",2,3,0,0,1,0,0,0,0,80,"NY1","PIT","NY1",0,"F","F",5,6,0,34,1,"T","F",0,0,"F","F","stona101","carem101","F","F",0,0,0,0,0,0,0,0,0,"","","",0,0,0,0,0,0,0,0,0,0,0,0,0,"barnv101","F","F","F","F",0,0,0,0,5,0,0,0,0,0,F,F,"1924NY1.EVN.regular.event.csv",1214
"NY1192406100","PIT",9,0,2,0,0,"",5,6,"bigbc101","?","bigbc101","?","barnv101","?","barnv101","?","gowdh101","terrb101","frisf101","grohh101","jackt101","meusi101","wilsh102","younr101","","","","W","F","T",11,9,14,"T","F",0,"F","F",0,"F","F",0,"F","F",0,"","F","F","",0,0,"N",0,"N",0,"N",1,0,0,0,"","","","","F","F","F","F","F","F","F","F","F","","","","F","F","F","F","F","","","","stona101",1,0,0,0,0,0,0,0,0,81,"NY1","PIT","NY1",0,"F","F",5,6,0,35,2,"T","F",0,1,"F","F","carem101","muelw102","F","F",0,0,0,0,0,0,0,0,0,"","","",0,0,0,0,0,0,0,0,0,0,0,0,0,"","F","F","F","F",4,0,0,0,5,0,0,0,0,0,F,F,"1924NY1.EVN.regular.event.csv",1215
"NY1192406100","PIT",9,0,2,0,0,"",5,6,"carem101","?","carem101","?","barnv101","?","barnv101","?","gowdh101","terrb101","frisf101","grohh101","jackt101","meusi101","wilsh102","younr101","bigbc101","","","S9.1-2","F","F",8,1,20,"T","T",1,"F","F",0,"F","F",0,"F","F",9,"","F","F","",0,0,"N",0,"N",0,"N",1,2,0,0,"","","","","F","F","F","F","F","F","F","F","F","barnv101","","","F","F","F","F","F","","","","",0,0,0,0,0,0,0,0,0,82,"NY1","PIT","NY1",0,"F","F",5,6,0,36,3,"T","F",1,3,"T","T","muelw102","wrigg102","F","F",0,9,81,0,0,0,0,0,0,"gowdh101","","",0,0,0,0,0,0,0,0,0,0,0,0,0,"younr101","F","F","F","F",4,4,0,0,5,0,0,0,0,0,F,F,"1924NY1.EVN.regular.event.csv",1216
"NY1192406100","PIT",9,0,2,0,0,"",5,6,"muelw102","?","muelw102","?","barnv101","?","barnv101","?","gowdh101","terrb101","frisf101","grohh101","jackt101","meusi101","wilsh102","younr101","carem101","bigbc101","","S7.2-H;1-3(THH);B-2(THH)","F","F",7,2,20,"T","T",1,"F","F",0,"F","F",1,"F","F",7,"","F","F","",0,0,"N",0,"N",0,"N",2,3,4,0,"","","","","F","F","F","F","F","F","F","F","F","barnv101","barnv101","","F","F","F","F","F","","","","",0,0,0,0,0,0,0,0,0,83,"NY1","PIT","NY1",0,"F","F",5,6,0,37,4,"T","F",3,6,"T","T","wrigg102","cuylk101","F","F",8,1,82,0,9,81,0,0,0,"gowdh101","gowdh101","",0,0,0,0,0,0,0,0,0,0,0,0,1,"meusi101","F","F","F","F",4,4,4,0,4,0,0,0,0,0,F,F,"1924NY1.EVN.regular.event.csv",1217
"NY1192406100","PIT",9,0,2,0,0,"",6,6,"wrigg102","?","wrigg102","?","barnv101","?","barnv101","?","gowdh101","terrb101","frisf101","grohh101","jackt101","meusi101","wilsh102","younr101","","muelw102","carem101","S8/L.3-H;2-H","F","F",6,3,20,"T","T",1,"F","F",0,"F","F",2,"F","F",8,"L","F","F","",0,0,"N",0,"N",0,"N",1,0,4,4,"","","","","F","F","F","F","F","F","F","F","F","","barnv101","barnv101","F","F","F","F","F","","","","",0,0,0,0,0,0,0,0,0,84,"NY1","PIT","NY1",0,"F","F",6,6,1,38,5,"T","F",6,1,"T","T","cuylk101","trayp101","F","F",0,0,0,7,2,83,8,1,82,"","gowdh101","gowdh101",0,0,0,0,0,0,0,0,0,0,0,0,2,"wilsh102","F","F","F","F",4,0,4,4,2,0,0,0,0,0,F,F,"1924NY1.EVN.regular.event.csv",1218
"NY1192406100","PIT",9,0,2,0,0,"",8,6,"cuylk101","?","cuylk101","?","barnv101","?","barnv101","?","gowdh101","terrb101","frisf101","grohh101","jackt101","meusi101","wilsh102","younr101","wrigg102","","","S9/9LS.1-H(E9/TH1)(NR);B-2","F","F",9,4,20,"T","T",1,"F","F",0,"F","F",0,"F","F",9,"","F","F","9LS",1,9,"T",0,"N",0,"N",2,4,0,0,"","","","","F","F","F","F","F","F","F","F","F","barnv101","","","F","F","F","F","F","","","","",0,0,0,0,0,0,0,0,0,85,"NY1","PIT","NY1",0,"F","F",8,6,3,39,6,"T","F",1,2,"T","T","trayp101","marar101","F","F",6,3,84,0,0,0,0,0,0,"gowdh101","","",0,0,0,0,0,0,0,0,0,0,0,0,1,"younr101","F","F","F","F",4,4,0,0,1,0,0,0,0,0,F,F,"1924NY1.EVN.regular.event.csv",1219
"NY1192406100","PIT",9,0,2,0,0,"",9,6,"trayp101","?","trayp101","?","barnv101","?","barnv101","?","gowdh101","terrb101","frisf101","grohh101","jackt101","meusi101","wilsh102","younr101","","cuylk101","","S/G6.2-H","F","F",5,5,20,"T","T",1,"F","F",0,"F","F",1,"F","F",0,"G","F","F","6",0,0,"N",0,"N",0,"N",1,0,4,0,"","","","","F","F","F","F","F","F","F","F","F","","barnv101","","F","F","F","F","F","","","","",0,0,0,0,0,0,0,0,0,86,"NY1","PIT","NY1",0,"F","F",9,6,4,40,7,"T","F",2,1,"T","T","marar101","ens-j101","F","F",0,0,0,9,4,85,0,0,0,"","gowdh101","",0,0,0,0,0,0,0,0,0,0,0,0,1,"","F","F","F","F",0,0,4,0,0,0,0,0,0,0,F,F,"1924NY1.EVN.regular.event.csv",1220
"NY1192406100","PIT",9,0,2,0,0,"",10,6,"marar101","?","marar101","?","maune101","?","maune101","?","gowdh101","terrb101","frisf101","grohh101","jackt101","meusi101","wilsh102","younr101","trayp101","","","CS2(26)","F","F",4,6,6,"F","F",0,"F","F",1,"F","F",0,"F","F",0,"","F","F","",0,0,"N",0,"N",0,"N",0,0,0,0,"","26","","","F","F","F","T","F","F","F","F","F","barnv101","","","F","F","F","F","F","","","","",0,6,0,0,2,0,0,0,0,87,"NY1","PIT","NY1",0,"F","T",10,6,5,41,8,"T","T",1,0,"T","T","ens-j101","goocj101","F","F",5,5,86,0,0,0,0,0,0,"gowdh101","","",0,0,0,0,0,0,0,0,0,0,0,0,0,"","F","F","F","F",0,0,0,0,0,0,0,0,0,0,F,F,"1924NY1.EVN.regular.event.csv",1221
"NY1192406100","PIT",9,1,0,0,0,"",10,6,"terrb101","?","terrb101","?","morrj105","?","morrj105","?","goocj101","ens-j101","marar101","trayp101","wrigg102","bigbc101","carem101","cuylk101","","","","43","T","F",3,4,2,"T","T",0,"F","F",1,"F","F",0,"F","F",4,"G","F","F","",0,0,"N",0,"N",0,"N",0,0,0,0,"43","","","","F","F","F","F","F","F","F","F","F","","","","F","F","F","F","F","","","","",0,3,0,0,4,0,0,0,0,88,"NY1","NY1","PIT",1,"T","F",6,10,0,39,0,"T","F",0,0,"T","T","meusi101","jackt101","F","F",0,0,0,0,0,0,0,0,0,"","","",0,0,0,0,0,0,0,0,0,0,0,0,0,"marar101","F","F","F","F",0,0,0,0,0,0,0,0,0,0,F,F,"1924NY1.EVN.regular.event.csv",1222
"NY1192406100","PIT",9,1,1,0,0,"",10,6,"meusi101","?","meusi101","?","morrj105","?","morrj105","?","goocj101","ens-j101","marar101","trayp101","wrigg102","bigbc101","carem101","cuylk101","","","","63","F","F",7,5,2,"T","T",0,"F","F",1,"F","F",0,"F","F",6,"G","F","F","",0,0,"N",0,"N",0,"N",0,0,0,0,"63","","","","F","F","F","F","F","F","F","F","F","","","","F","F","F","F","F","","","","",0,3,0,0,6,0,0,0,0,89,"NY1","NY1","PIT",1,"F","F",6,10,0,40,1,"T","F",0,0,"T","T","jackt101","grohh101","F","F",0,0,0,0,0,0,0,0,0,"","","",0,0,0,0,0,0,0,0,0,0,0,0,0,"wrigg102","F","F","F","F",0,0,0,0,0,0,0,0,0,0,F,F,"1924NY1.EVN.regular.event.csv",1223
"NY1192406100","PIT",9,1,2,0,0,"",10,6,"jackt101","?","jackt101","?","morrj105","?","morrj105","?","goocj101","ens-j101","marar101","trayp101","wrigg102","bigbc101","carem101","cuylk101","","","","K","F","F",6,6,3,"T","T",0,"F","F",1,"F","F",0,"F","F",0,"","F","F","",0,0,"N",0,"N",0,"N",0,0,0,0,"2","","","","F","F","F","F","F","F","F","F","F","","","","F","T","F","F","F","","","","",0,2,0,0,0,0,0,0,0,90,"NY1","NY1","PIT",1,"F","T",6,10,0,41,2,"T","F",0,0,"T","T","grohh101","gowdh101","F","F",0,0,0,0,0,0,0,0,0,"","","",0,0,0,0,0,0,0,0,0,0,0,0,0,"","F","F","F","F",0,0,0,0,0,0,0,0,0,0,F,F,"1924NY1.EVN.regular.event.csv",1224
"NY1192406110","PIT",1,0,0,0,0,"",0,0,"carem101","?","carem101","?","mcquh101","?","mcquh101","?","snydf101","terrb101","frisf101","grohh101","jackt101","meusi101","soutb101","younr101","","","","13","T","F",8,1,2,"T","T",0,"F","F",1,"F","F",0,"F","F",1,"G","F","F","",0,0,"N",0,"N",0,"N",0,0,0,0,"13","","","","F","F","F","F","F","F","F","F","F","","","","T","F","F","F","F","","","","",0,3,0,0,1,0,0,0,0,1,"NY1","PIT","NY1",0,"T","F",0,0,0,0,0,"T","F",0,0,"T","T","bigbc101","wrigg102","T","T",0,0,0,0,0,0,0,0,0,"","","",0,0,0,0,0,0,0,0,0,0,0,0,0,"mcquh101","F","F","F","F",0,0,0,0,0,0,0,0,0,0,F,F,"1924NY1.EVN.regular.event.csv",1225
"NY1192406110","PIT",1,0,1,0,0,"",0,0,"bigbc101","?","bigbc101","?","mcquh101","?","mcquh101","?","snydf101","terrb101","frisf101","grohh101","jackt101","meusi101","soutb101","younr101","","","","13","F","F",7,2,2,"T","T",0,"F","F",1,"F","F",0,"F","F",1,"G","F","F","",0,0,"N",0,"N",0,"N",0,0,0,0,"13","","","","F","F","F","F","F","F","F","F","F","","","","F","F","F","F","F","","","","",0,3,0,0,1,0,0,0,0,2,"NY1","PIT","NY1",0,"F","F",0,0,0,1,1,"T","F",0,0,"T","T","wrigg102","cuylk101","T","T",0,0,0,0,0,0,0,0,0,"","","",0,0,0,0,0,0,0,0,0,0,0,0,0,"mcquh101","F","F","F","F",0,0,0,0,0,0,0,0,0,0,F,F,"1924NY1.EVN.regular.event.csv",1226
"NY1192406110","PIT",1,0,2,0,0,"",0,0,"wrigg102","?","wrigg102","?","mcquh101","?","mcquh101","?","snydf101","terrb101","frisf101","grohh101","jackt101","meusi101","soutb101","younr101","","","","2/P2","F","F",6,3,2,"T","T",0,"F","F",1,"F","F",0,"F","F",2,"P","F","F","2",0,0,"N",0,"N",0,"N",0,0,0,0,"2","","","","F","F","F","F","F","F","F","F","F","","","","F","F","F","F","F","","","","",0,2,0,0,0,0,0,0,0,3,"NY1","PIT","NY1",0,"F","T",0,0,0,2,2,"T","F",0,0,"T","T","cuylk101","trayp101","T","T",0,0,0,0,0,0,0,0,0,"","","",0,0,0,0,0,0,0,0,0,0,0,0,0,"snydf101","F","F","F","F",0,0,0,0,0,0,0,0,0,0,F,F,"1924NY1.EVN.regular.event.csv",1227
"NY1192406110","PIT",1,1,0,0,0,"",0,0,"younr101","?","younr101","?","meadl101","?","meadl101","?","goocj101","grimc101","marar101","trayp101","wrigg102","bigbc101","carem101","cuylk101","","","","7/F","T","F",9,1,2,"T","T",0,"F","F",1,"F","F",0,"F","F",7,"F","F","F","",0,0,"N",0,"N",0,"N",0,0,0,0,"7","","","","F","F","F","F","F","F","F","F","F","","","","F","F","F","F","F","","","","",0,7,0,0,0,0,0,0,0,4,"NY1","NY1","PIT",1,"T","F",0,0,0,0,0,"T","F",0,0,"T","T","frisf101","soutb101","T","T",0,0,0,0,0,0,0,0,0,"","","",0,0,0,0,0,0,0,0,0,0,0,0,0,"bigbc101","F","F","F","F",0,0,0,0,0,0,0,0,0,0,F,F,"1924NY1.EVN.regular.event.csv",1228
"NY1192406110","PIT",1,1,1,0,0,"",0,0,"frisf101","?","frisf101","?","meadl101","?","meadl101","?","goocj101","grimc101","marar101","trayp101","wrigg102","bigbc101","carem101","cuylk101","","","","9/F","F","F",4,2,2,"T","T",0,"F","F",1,"F","F",0,"F","F",9,"F","F","F","",0,0,"N",0,"N",0,"N",0,0,0,0,"9","","","","F","F","F","F","F","F","F","F","F","","","","F","F","F","F","F","","","","",0,9,0,0,0,0,0,0,0,5,"NY1","NY1","PIT",1,"F","F",0,0,0,1,1,"T","F",0,0,"T","T","soutb101","terrb101","T","T",0,0,0,0,0,0,0,0,0,"","","",0,0,0,0,0,0,0,0,0,0,0,0,0,"cuylk101","F","F","F","F",0,0,0,0,0,0,0,0,0,0,F,F,"1924NY1.EVN.regular.event.csv",1229
"NY1192406110","PIT",1,1,2,0,0,"",0,0,"soutb101","?","soutb101","?","meadl101","?","meadl101","?","goocj101","grimc101","marar101","trayp101","wrigg102","bigbc101","carem101","cuylk101","","","","43","F","F",8,3,2,"T","T",0,"F","F",1,"F","F",0,"F","F",4,"G","F","F","",0,0,"N",0,"N",0,"N",0,0,0,0,"43","","","","F","F","F","F","F","F","F","F","F","","","","F","F","F","F","F","","","","",0,3,0,0,4,0,0,0,0,6,"NY1","NY1","PIT",1,"F","T",0,0,0,2,2,"T","F",0,0,"T","T","terrb101","meusi101","T","T",0,0,0,0,0,0,0,0,0,"","","",0,0,0,0,0,0,0,0,0,0,0,0,0,"marar101","F","F","F","F",0,0,0,0,0,0,0,0,0,0,F,F,"1924NY1.EVN.regular.event.csv",1230
"NY1192406110","PIT",2,0,0,0,0,"",0,0,"cuylk101","?","cuylk101","?","mcquh101","?","mcquh101","?","snydf101","terrb101","frisf101","grohh101","jackt101","meusi101","soutb101","younr101","","","","43","T","F",9,4,2,"T","T",0,"F","F",1,"F","F",0,"F","F",4,"G","F","F","",0,0,"N",0,"N",0,"N",0,0,0,0,"43","","","","F","F","F","F","F","F","F","F","F","","","","F","F","F","F","F","","","","",0,3,0,0,4,0,0,0,0,7,"NY1","PIT","NY1",0,"T","F",0,0,0,3,0,"T","F",0,0,"T","T","trayp101","marar101","T","T",0,0,0,0,0,0,0,0,0,"","","",0,0,0,0,0,0,0,0,0,0,0,0,0,"frisf101","F","F","F","F",0,0,0,0,0,0,0,0,0,0,F,F,"1924NY1.EVN.regular.event.csv",1231
"NY1192406110","PIT",2,0,1,0,0,"",0,0,"trayp101","?","trayp101","?","mcquh101","?","mcquh101","?","snydf101","terrb101","frisf101","grohh101","jackt101","meusi101","soutb101","younr101","","","","63","F","F",5,5,2,"T","T",0,"F","F",1,"F","F",0,"F","F",6,"G","F","F","",0,0,"N",0,"N",0,"N",0,0,0,0,"63","","","","F","F","F","F","F","F","F","F","F","","","","F","F","F","F","F","","","","",0,3,0,0,6,0,0,0,0,8,"NY1","PIT","NY1",0,"F","F",0,0,0,4,1,"T","F",0,0,"T","T","marar101","grimc101","T","T",0,0,0,0,0,0,0,0,0,"","","",0,0,0,0,0,0,0,0,0,0,0,0,0,"jackt101","F","F","F","F",0,0,0,0,0,0,0,0,0,0,F,F,"1924NY1.EVN.regular.event.csv",1232
"NY1192406110","PIT",2,0,2,0,0,"",0,0,"marar101","?","marar101","?","mcquh101","?","mcquh101","?","snydf101","terrb101","frisf101","grohh101","jackt101","meusi101","soutb101","younr101","","","","D9/9L","F","F",4,6,21,"T","T",2,"F","F",0,"F","F",0,"F","F",9,"","F","F","9L",0,0,"N",0,"N",0,"N",2,0,0,0,"","","","","F","F","F","F","F","F","F","F","F","","","","F","F","F","F","F","","","","",0,0,0,0,0,0,0,0,0,9,"NY1","PIT","NY1",0,"F","F",0,0,0,5,2,"T","F",0,2,"T","T","grimc101","goocj101","T","T",0,0,0,0,0,0,0,0,0,"","","",0,0,0,0,0,0,0,0,0,0,0,0,0,"younr101","F","F","F","F",0,0,0,0,0,0,0,0,0,0,F,F,"1924NY1.EVN.regular.event.csv",1233
"NY1192406110","PIT",2,0,2,0,0,"",0,0,"grimc101","?","grimc101","?","mcquh101","?","mcquh101","?","snydf101","terrb101","frisf101","grohh101","jackt101","meusi101","soutb101","younr101","","marar101","","63","F","F",3,7,2,"T","T",0,"F","F",1,"F","F",0,"F","F",6,"G","F","F","",0,0,"N",0,"N",0,"N",0,0,2,0,"63","","","","F","F","F","F","F","F","F","F","F","","mcquh101","","F","F","F","F","F","","","","",0,3,0,0,6,0,0,0,0,10,"NY1","PIT","NY1",0,"F","T",0,0,0,6,3,"T","F",2,2,"T","T","goocj101","meadl101","T","T",0,0,0,4,6,9,0,0,0,"","snydf101","",0,0,0,0,0,0,0,0,0,0,0,0,0,"jackt101","F","F","F","F",0,0,0,0,0,0,0,0,0,0,F,F,"1924NY1.EVN.regular.event.csv",1234
"NY1192406110","PIT",2,1,0,0,0,"",0,0,"terrb101","?","terrb101","?","meadl101","?","meadl101","?","goocj101","grimc101","marar101","trayp101","wrigg102","bigbc101","carem101","cuylk101","","","","43","T","F",3,4,2,"T","T",0,"F","F",1,"F","F",0,"F","F",4,"G","F","F","",0,0,"N",0,"N",0,"N",0,0,0,0,"43","","","","F","F","F","F","F","F","F","F","F","","","","F","F","F","F","F","","","","",0,3,0,0,4,0,0,0,0,11,"NY1","NY1","PIT",1,"T","F",0,0,0,3,0,"T","F",0,0,"T","T","meusi101","jackt101","T","T",0,0,0,0,0,0,0,0,0,"","","",0,0,0,0,0,0,0,0,0,0,0,0,0,"marar101","F","F","F","F",0,0,0,0,0,0,0,0,0,0,F,F,"1924NY1.EVN.regular.event.csv",1235
"NY1192406110","PIT",2,1,1,0,0,"",0,0,"meusi101","?","meusi101","?","meadl101","?","meadl101","?","goocj101","grimc101","marar101","trayp101","wrigg102","bigbc101","carem101","cuylk101","","","","63","F","F",7,5,2,"T","T",0,"F","F",1,"F","F",0,"F","F",6,"G","F","F","",0,0,"N",0,"N",0,"N",0,0,0,0,"63","","","","F","F","F","F","F","F","F","F","F","","","","F","F","F","F","F","","","","",0,3,0,0,6,0,0,0,0,12,"NY1","NY1","PIT",1,"F","F",0,0,0,4,1,"T","F",0,0,"T","T","jackt101","grohh101","T","T",0,0,0,0,0,0,0,0,0,"","","",0,0,0,0,0,0,0,0,0,0,0,0,0,"wrigg102","F","F","F","F",0,0,0,0,0,0,0,0,0,0,F,F,"1924NY1.EVN.regular.event.csv",1236
"NY1192406110","PIT",2,1,2,0,0,"",0,0,"jackt101","?","jackt101","?","meadl101","?","meadl101","?","goocj101","grimc101","marar101","trayp101","wrigg102","bigbc101","carem101","cuylk101","","","","13","F","F",6,6,2,"T","T",0,"F","F",1,"F","F",0,"F","F",1,"G","F","F","",0,0,"N",0,"N",0,"N",0,0,0,0,"13","","","","F","F","F","F","F","F","F","F","F","","","","F","F","F","F","F","","","","",0,3,0,0,1,0,0,0,0,13,"NY1","NY1","PIT",1,"F","T",0,0,0,5,2,"T","F",0,0,"T","T","grohh101","snydf101","T","T",0,0,0,0,0,0,0,0,0,"","","",0,0,0,0,0,0,0,0,0,0,0,0,0,"meadl101","F","F","F","F",0,0,0,0,0,0,0,0,0,0,F,F,"1924NY1.EVN.regular.event.csv",1237
"NY1192406110","PIT",3,0,0,0,0,"",0,0,"goocj101","?","goocj101","?","mcquh101","?","mcquh101","?","snydf101","terrb101","frisf101","grohh101","jackt101","meusi101","soutb101","younr101","","","","6/L","T","F",2,8,2,"T","T",0,"F","F",1,"F","F",0,"F","F",6,"L","F","F","",0,0,"N",0,"N",0,"N",0,0,0,0,"6","","","","F","F","F","F","F","F","F","F","F","","","","F","F","F","F","F","","","","",0,6,0,0,0,0,0,0,0,14,"NY1","PIT","NY1",0,"T","F",0,0,0,7,0,"T","F",0,0,"T","T","meadl101","carem101","T","T",0,0,0,0,0,0,0,0,0,"","","",0,0,0,0,0,0,0,0,0,0,0,0,0,"jackt101","F","F","F","F",0,0,0,0,0,0,0,0,0,0,F,F,"1924NY1.EVN.regular.event.csv",1238
"NY1192406110","PIT",3,0,1,0,0,"",0,0,"meadl101","?","meadl101","?","mcquh101","?","mcquh101","?","snydf101","terrb101","frisf101","grohh101","jackt101","meusi101","soutb101","younr101","","","","43","F","F",1,9,2,"T","T",0,"F","F",1,"F","F",0,"F","F",4,"G","F","F","",0,0,"N",0,"N",0,"N",0,0,0,0,"43","","","","F","F","F","F","F","F","F","F","F","","","","F","F","F","F","F","","","","",0,3,0,0,4,0,0,0,0,15,"NY1","PIT","NY1",0,"F","F",0,0,0,8,1,"T","F",0,0,"T","T","carem101","bigbc101","T","T",0,0,0,0,0,0,0,0,0,"","","",0,0,0,0,0,0,0,0,0,0,0,0,0,"frisf101","F","F","F","F",0,0,0,0,0,0,0,0,0,0,F,F,"1924NY1.EVN.regular.event.csv",1239
"NY1192406110","PIT",3,0,2,0,0,"",0,0,"carem101","?","carem101","?","mcquh101","?","mcquh101","?","snydf101","terrb101","frisf101","grohh101","jackt101","meusi101","soutb101","younr101","","","","9/F","F","F",8,1,2,"T","T",0,"F","F",1,"F","F",0,"F","F",9,"F","F","F","",0,0,"N",0,"N",0,"N",0,0,0,0,"9","","","","F","F","F","F","F","F","F","F","F","","","","F","F","F","F","F","","","","",0,9,0,0,0,0,0,0,0,16,"NY1","PIT","NY1",0,"F","T",0,0,0,9,2,"T","F",0,0,"T","T","bigbc101","wrigg102","T","T",0,0,0,0,0,0,0,0,0,"","","",0,0,0,0,0,0,0,0,0,0,0,0,0,"younr101","F","F","F","F",0,0,0,0,0,0,0,0,0,0,F,F,"1924NY1.EVN.regular.event.csv",1240
"NY1192406110","PIT",3,1,0,0,0,"",0,0,"grohh101","?","grohh101","?","meadl101","?","meadl101","?","goocj101","grimc101","marar101","trayp101","wrigg102","bigbc101","carem101","cuylk101","","","","E6/G","T","F",5,7,18,"T","T",0,"F","F",0,"F","F",0,"F","F",6,"G","F","F","",1,6,"F",0,"N",0,"N",1,0,0,0,"","","","","F","F","F","F","F","F","F","F","F","","","","F","F","F","F","F","","","","",0,0,0,0,0,0,0,0,0,17,"NY1","NY1","PIT",1,"T","F",0,0,0,6,0,"T","F",0,1,"T","T","snydf101","mcquh101","T","T",0,0,0,0,0,0,0,0,0,"","","",0,0,0,0,0,0,0,0,0,0,0,0,0,"wrigg102","F","F","F","T",0,0,0,0,0,0,0,0,0,0,F,F,"1924NY1.EVN.regular.event.csv",1241
"NY1192406110","PIT",3,1,0,0,0,"",0,0,"snydf101","?","snydf101","?","meadl101","?","meadl101","?","goocj101","grimc101","marar101","trayp101","wrigg102","bigbc101","carem101","cuylk101","grohh101","","","16(1)/FO","F","F",2,8,2,"T","T",0,"F","F",1,"F","F",0,"F","F",1,"G","F","F","",0,0,"N",0,"N",0,"N",1,0,0,0,"","16","","","F","F","F","F","F","F","F","F","F","meadl101","","","F","F","F","F","F","","","","",0,6,0,0,1,0,0,0,0,18,"NY1","NY1","PIT",1,"F","F",0,0,0,7,1,"T","F",1,1,"T","T","mcquh101","younr101","T","T",5,7,17,0,0,0,0,0,0,"goocj101","","",0,0,0,0,0,0,0,0,0,0,0,0,0,"meadl101","T","F","F","F",0,0,0,0,0,0,0,0,0,0,F,F,"1924NY1.EVN.regular.event.csv",1242
"NY1192406110","PIT",3,1,1,0,0,"",0,0,"mcquh101","?","mcquh101","?","meadl101","?","meadl101","?","goocj101","grimc101","marar101","trayp101","wrigg102","bigbc101","carem101","cuylk101","snydf101","","","K/C","F","F",1,9,3,"T","T",0,"F","F",1,"F","F",0,"F","F",0,"","F","F","",0,0,"N",0,"N",0,"N",0,1,0,0,"2","","","","F","F","F","F","F","F","F","F","F","meadl101","","","F","F","F","F","F","","","","",0,2,0,0,0,0,0,0,0,19,"NY1","NY1","PIT",1,"F","F",0,0,0,8,2,"T","F",1,1,"T","T","younr101","frisf101","T","T",2,8,18,0,0,0,0,0,0,"goocj101","","",0,0,0,0,0,0,0,0,0,0,0,0,0,"","F","F","F","F",0,0,0,0,0,0,0,0,0,0,F,F,"1924NY1.EVN.regular.event.csv",1243
"NY1192406110","PIT",3,1,2,0,0,"",0,0,"younr101","?","younr101","?","meadl101","?","meadl101","?","goocj101","grimc101","marar101","trayp101","wrigg102","bigbc101","carem101","cuylk101","snydf101","","","9/F","F","F",9,1,2,"T","T",0,"F","F",1,"F","F",0,"F","F",9,"F","F","F","",0,0,"N",0,"N",0,"N",0,1,0,0,"9","","","","F","F","F","F","F","F","F","F","F","meadl101","","","F","F","F","F","F","","","","",0,9,0,0,0,0,0,0,0,20,"NY1","NY1","PIT",1,"F","T",0,0,0,9,3,"T","F",1,1,"T","T","frisf101","soutb101","T","T",2,8,18,0,0,0,0,0,0,"goocj101","","",0,0,0,0,0,0,0,0,0,0,0,0,0,"cuylk101","F","F","F","F",0,0,0,0,0,0,0,0,0,0,F,F,"1924NY1.EVN.regular.event.csv",1244
"NY1192406110","PIT",4,0,0,0,0,"",0,0,"bigbc101","?","bigbc101","?","mcquh101","?","mcquh101","?","snydf101","terrb101","frisf101","grohh101","jackt101","meusi101","soutb101","younr101","","","","W","T","F",7,2,14,"T","F",0,"F","F",0,"F","F",0,"F","F",0,"","F","F","",0,0,"N",0,"N",0,"N",1,0,0,0,"","","","","F","F","F","F","F","F","F","F","F","","","","F","F","F","F","F","","","","",0,0,0,0,0,0,0,0,0,21,"NY1","PIT","NY1",0,"T","F",0,0,0,10,0,"T","F",0,1,"T","T","wrigg102","cuylk101","T","T",0,0,0,0,0,0,0,0,0,"","","",0,0,0,0,0,0,0,0,0,0,0,0,0,"","F","F","F","F",0,0,0,0,0,0,0,0,0,0,F,F,"1924NY1.EVN.regular.event.csv",1245
"NY1192406110","PIT",4,0,0,0,0,"",0,0,"wrigg102","?","wrigg102","?","mcquh101","?","mcquh101","?","snydf101","terrb101","frisf101","grohh101","jackt101","meusi101","soutb101","younr101","bigbc101","","","4(1)3/GDP","F","F",6,3,2,"T","T",0,"F","F",2,"T","F",0,"F","F",4,"G","F","F","",0,0,"N",0,"N",0,"N",0,0,0,0,"43","4","","","F","F","F","F","F","F","F","F","F","mcquh101","","","F","F","F","F","F","","","","",0,4,3,0,4,0,0,0,0,22,"NY1","PIT","NY1",0,"F","F",0,0,0,11,1,"T","F",1,0,"T","T","cuylk101","trayp101","T","T",7,2,21,0,0,0,0,0,0,"snydf101","","",0,0,0,0,0,0,0,0,0,0,0,0,0,"frisf101","T","F","F","F",0,0,0,0,0,0,0,0,0,0,F,F,"1924NY1.EVN.regular.event.csv",1246
"NY1192406110","PIT",4,0,2,0,0,"",0,0,"cuylk101","?","cuylk101","?","mcquh101","?","mcquh101","?","snydf101","terrb101","frisf101","grohh101","jackt101","meusi101","soutb101","younr101","","","","S6/G56D","F","F",9,4,20,"T","T",1,"F","F",0,"F","F",0,"F","F",6,"G","F","F","56D",0,0,"N",0,"N",0,"N",1,0,0,0,"","","","","F","F","F","F","F","F","F","F","F","","","","F","F","F","F","F","","","","",0,0,0,0,0,0,0,0,0,23,"NY1","PIT","NY1",0,"F","F",0,0,0,12,2,"T","F",0,1,"T","T","trayp101","marar101","T","T",0,0,0,0,0,0,0,0,0,"","","",0,0,0,0,0,0,0,0,0,0,0,0,0,"jackt101","F","F","F","F",0,0,0,0,0,0,0,0,0,0,F,F,"1924NY1.EVN.regular.event.csv",1247
"NY1192406110","PIT",4,0,2,0,0,"",0,0,"trayp101","?","trayp101","?","mcquh101","?","mcquh101","?","snydf101","terrb101","frisf101","grohh101","jackt101","meusi101","soutb101","younr101","cuylk101","","","64(1)/FO","F","F",5,5,2,"T","T",0,"F","F",1,"F","F",0,"F","F",6,"G","F","F","",0,0,"N",0,"N",0,"N",1,0,0,0,"","64","","","F","F","F","F","F","F","F","F","F","mcquh101","","","F","F","F","F","F","","","","",0,4,0,0,6,0,0,0,0,24,"NY1","PIT","NY1",0,"F","T",0,0,0,13,3,"T","F",1,1,"T","T","marar101","grimc101","T","T",9,4,23,0,0,0,0,0,0,"snydf101","","",0,0,0,0,0,0,0,0,0,0,0,0,0,"jackt101","T","F","F","F",0,0,0,0,0,0,0,0,0,0,F,F,"1924NY1.EVN.regular.event.csv",1248
"NY1192406110","PIT",4,1,0,0,0,"",0,0,"frisf101","?","frisf101","?","meadl101","?","meadl101","?","goocj101","grimc101","marar101","trayp101","wrigg102","bigbc101","carem101","cuylk101","","","","43","T","F",4,2,2,"T","T",0,"F","F",1,"F","F",0,"F","F",4,"G","F","F","",0,0,"N",0,"N",0,"N",0,0,0,0,"43","","","","F","F","F","F","F","F","F","F","F","","","","F","F","F","F","F","","","","",0,3,0,0,4,0,0,0,0,25,"NY1","NY1","PIT",1,"T","F",0,0,0,10,0,"T","F",0,0,"T","T","soutb101","terrb101","T","T",0,0,0,0,0,0,0,0,0,"","","",0,0,0,0,0,0,0,0,0,0,0,0,0,"marar101","F","F","F","F",0,0,0,0,0,0,0,0,0,0,F,F,"1924NY1.EVN.regular.event.csv",1249
"NY1192406110","PIT",4,1,1,0,0,"",0,0,"soutb101","?","soutb101","?","meadl101","?","meadl101","?","goocj101","grimc101","marar101","trayp101","wrigg102","bigbc101","carem101","cuylk101","","","","43","F","F",8,3,2,"T","T",0,"F","F",1,"F","F",0,"F","F",4,"G","F","F","",0,0,"N",0,"N",0,"N",0,0,0,0,"43","","","","F","F","F","F","F","F","F","F","F","","","","F","F","F","F","F","","","","",0,3,0,0,4,0,0,0,0,26,"NY1","NY1","PIT",1,"F","F",0,0,0,11,1,"T","F",0,0,"T","T","terrb101","meusi101","T","T",0,0,0,0,0,0,0,0,0,"","","",0,0,0,0,0,0,0,0,0,0,0,0,0,"marar101","F","F","F","F",0,0,0,0,0,0,0,0,0,0,F,F,"1924NY1.EVN.regular.event.csv",1250
"NY1192406110","PIT",4,1,2,0,0,"",0,0,"terrb101","?","terrb101","?","meadl101","?","meadl101","?","goocj101","grimc101","marar101","trayp101","wrigg102","bigbc101","carem101","cuylk101","","","","43","F","F",3,4,2,"T","T",0,"F","F",1,"F","F",0,"F","F",4,"G","F","F","",0,0,"N",0,"N",0,"N",0,0,0,0,"43","","","","F","F","F","F","F","F","F","F","F","","","","F","F","F","F","F","","","","",0,3,0,0,4,0,0,0,0,27,"NY1","NY1","PIT",1,"F","T",0,0,0,12,2,"T","F",0,0,"T","T","meusi101","jackt101","T","T",0,0,0,0,0,0,0,0,0,"","","",0,0,0,0,0,0,0,0,0,0,0,0,0,"marar101","F","F","F","F",0,0,0,0,0,0,0,0,0,0,F,F,"1924NY1.EVN.regular.event.csv",1251
"NY1192406110","PIT",5,0,0,0,0,"",0,0,"marar101","?","marar101","?","mcquh101","?","mcquh101","?","snydf101","terrb101","frisf101","grohh101","jackt101","meusi101","soutb101","younr101","","","","43","T","F",4,6,2,"T","T",0,"F","F",1,"F","F",0,"F","F",4,"G","F","F","",0,0,"N",0,"N",0,"N",0,0,0,0,"43","","","","F","F","F","F","F","F","F","F","F","","","","F","F","F","F","F","","","","",0,3,0,0,4,0,0,0,0,28,"NY1","PIT","NY1",0,"T","F",0,0,0,14,0,"T","F",0,0,"T","T","grimc101","goocj101","T","T",0,0,0,0,0,0,0,0,0,"","","",0,0,0,0,0,0,0,0,0,0,0,0,0,"frisf101","F","F","F","F",0,0,0,0,0,0,0,0,0,0,F,F,"1924NY1.EVN.regular.event.csv",1252
"NY1192406110","PIT",5,0,1,0,0,"",0,0,"grimc101","?","grimc101","?","mcquh101","?","mcquh101","?","snydf101","terrb101","frisf101","grohh101","jackt101","meusi101","soutb101","younr101","","","","S7/5","F","F",3,7,20,"T","T",1,"F","F",0,"F","F",0,"F","F",7,"","F","F","5",0,0,"N",0,"N",0,"N",1,0,0,0,"","","","","F","F","F","F","F","F","F","F","F","","","","F","F","F","F","F","","","","",0,0,0,0,0,0,0,0,0,29,"NY1","PIT","NY1",0,"F","F",0,0,0,15,1,"T","F",0,1,"T","T","goocj101","meadl101","T","T",0,0,0,0,0,0,0,0,0,"","","",0,0,0,0,0,0,0,0,0,0,0,0,0,"meusi101","F","F","F","F",0,0,0,0,0,0,0,0,0,0,F,F,"1924NY1.EVN.regular.event.csv",1253
"NY1192406110","PIT",5,0,1,0,0,"",0,0,"goocj101","?","goocj101","?","mcquh101","?","mcquh101","?","snydf101","terrb101","frisf101","grohh101","jackt101","meusi101","soutb101","younr101","grimc101","","","6/P","F","F",2,8,2,"T","T",0,"F","F",1,"F","F",0,"F","F",6,"P","F","F","",0,0,"N",0,"N",0,"N",0,1,0,0,"6","","","","F","F","F","F","F","F","F","F","F","mcquh101","","","F","F","F","F","F","","","","",0,6,0,0,0,0,0,0,0,30,"NY1","PIT","NY1",0,"F","F",0,0,0,16,2,"T","F",1,1,"T","T","meadl101","carem101","T","T",3,7,29,0,0,0,0,0,0,"snydf101","","",0,0,0,0,0,0,0,0,0,0,0,0,0,"jackt101","F","F","F","F",0,0,0,0,0,0,0,0,0,0,F,F,"1924NY1.EVN.regular.event.csv",1254
"NY1192406110","PIT",5,0,2,0,0,"",0,0,"meadl101","?","meadl101","?","mcquh101","?","mcquh101","?","snydf101","terrb101","frisf101","grohh101","jackt101","meusi101","soutb101","younr101","grimc101","","","K/C","F","F",1,9,3,"T","T",0,"F","F",1,"F","F",0,"F","F",0,"","F","F","",0,0,"N",0,"N",0,"N",0,1,0,0,"2","","","","F","F","F","F","F","F","F","F","F","mcquh101","","","F","F","F","F","F","","","","",0,2,0,0,0,0,0,0,0,31,"NY1","PIT","NY1",0,"F","T",0,0,0,17,3,"T","F",1,1,"T","T","carem101","bigbc101","T","T",3,7,29,0,0,0,0,0,0,"snydf101","","",0,0,0,0,0,0,0,0,0,0,0,0,0,"","F","F","F","F",0,0,0,0,0,0,0,0,0,0,F,F,"1924NY1.EVN.regular.event.csv",1255
"NY1192406110","PIT",5,1,0,0,0,"",0,0,"meusi101","?","meusi101","?","meadl101","?","meadl101","?","goocj101","grimc101","marar101","trayp101","wrigg102","bigbc101","carem101","cuylk101","","","","53","T","F",7,5,2,"T","T",0,"F","F",1,"F","F",0,"F","F",5,"G","F","F","",0,0,"N",0,"N",0,"N",0,0,0,0,"53","","","","F","F","F","F","F","F","F","F","F","","","","F","F","F","F","F","","","","",0,3,0,0,5,0,0,0,0,32,"NY1","NY1","PIT",1,"T","F",0,0,0,13,0,"T","F",0,0,"T","T","jackt101","grohh101","T","T",0,0,0,0,0,0,0,0,0,"","","",0,0,0,0,0,0,0,0,0,0,0,0,0,"trayp101","F","F","F","F",0,0,0,0,0,0,0,0,0,0,F,F,"1924NY1.EVN.regular.event.csv",1256
"NY1192406110","PIT",5,1,1,0,0,"",0,0,"jackt101","?","jackt101","?","meadl101","?","meadl101","?","goocj101","grimc101","marar101","trayp101","wrigg102","bigbc101","carem101","cuylk101","","","","S8","F","F",6,6,20,"T","T",1,"F","F",0,"F","F",0,"F","F",8,"","F","F","",0,0,"N",0,"N",0,"N",1,0,0,0,"","","","","F","F","F","F","F","F","F","F","F","","","","F","F","F","F","F","","","","",0,0,0,0,0,0,0,0,0,33,"NY1","NY1","PIT",1,"F","F",0,0,0,14,1,"T","F",0,1,"T","T","grohh101","snydf101","T","T",0,0,0,0,0,0,0,0,0,"","","",0,0,0,0,0,0,0,0,0,0,0,0,0,"carem101","F","F","F","F",0,0,0,0,0,0,0,0,0,0,F,F,"1924NY1.EVN.regular.event.csv",1257
"NY1192406110","PIT",5,1,1,0,0,"",0,0,"grohh101","?","grohh101","?","meadl101","?","meadl101","?","goocj101","grimc101","marar101","trayp101","wrigg102","bigbc101","carem101","cuylk101","jackt101","","","64(1)/FO","F","F",5,7,2,"T","T",0,"F","F",1,"F","F",0,"F","F",6,"G","F","F","",0,0,"N",0,"N",0,"N",1,0,0,0,"","64","","","F","F","F","F","F","F","F","F","F","meadl101","","","F","F","F","F","F","","","","",0,4,0,0,6,0,0,0,0,34,"NY1","NY1","PIT",1,"F","F",0,0,0,15,2,"T","F",1,1,"T","T","snydf101","mcquh101","T","T",6,6,33,0,0,0,0,0,0,"goocj101","","",0,0,0,0,0,0,0,0,0,0,0,0,0,"wrigg102","T","F","F","F",0,0,0,0,0,0,0,0,0,0,F,F,"1924NY1.EVN.regular.event.csv",1258
"NY1192406110","PIT",5,1,2,0,0,"",0,0,"snydf101","?","snydf101","?","meadl101","?","meadl101","?","goocj101","grimc101","marar101","trayp101","wrigg102","bigbc101","carem101","cuylk101","grohh101","","","5/P","F","F",2,8,2,"T","T",0,"F","F",1,"F","F",0,"F","F",5,"P","F","F","",0,0,"N",0,"N",0,"N",0,1,0,0,"5","","","","F","F","F","F","F","F","F","F","F","meadl101","","","F","F","F","F","F","","","","",0,5,0,0,0,0,0,0,0,35,"NY1","NY1","PIT",1,"F","T",0,0,0,16,3,"T","F",1,1,"T","T","mcquh101","younr101","T","T",5,7,34,0,0,0,0,0,0,"goocj101","","",0,0,0,0,0,0,0,0,0,0,0,0,0,"trayp101","F","F","F","F",0,0,0,0,0,0,0,0,0,0,F,F,"1924NY1.EVN.regular.event.csv",1259
"NY1192406110","PIT",6,0,0,3,0,"BBBB",0,0,"carem101","?","carem101","?","mcquh101","?","mcquh101","?","snydf101","terrb101","frisf101","grohh101","jackt101","meusi101","soutb101","younr101","","","","W","T","F",8,1,14,"T","F",0,"F","F",0,"F","F",0,"F","F",0,"","F","F","",0,0,"N",0,"N",0,"N",1,0,0,0,"","","","","F","F","F","F","F","F","F","F","F","","","","F","F","F","F","F","","","","",0,0,0,0,0,0,0,0,0,36,"NY1","PIT","NY1",0,"T","F",0,0,0,18,0,"T","F",0,1,"T","T","bigbc101","wrigg102","T","T",0,0,0,0,0,0,0,0,0,"","","",4,4,0,0,0,0,0,0,0,0,0,0,0,"","F","F","F","F",4,0,0,0,4,0,0,0,0,0,F,F,"1924NY1.EVN.regular.event.csv",1260
"NY1192406110","PIT",6,0,0,0,0,"",0,0,"bigbc101","?","bigbc101","?","mcquh101","?","mcquh101","?","snydf101","terrb101","frisf101","grohh101","jackt101","meusi101","soutb101","younr101","carem101","","","S/BG34S.1-2","F","F",7,2,20,"T","T",1,"F","F",0,"F","F",0,"F","F",0,"G","T","F","34S",0,0,"N",0,"N",0,"N",1,2,0,0,"","","","","F","F","F","F","F","F","F","F","F","mcquh101","","","F","F","F","F","F","","","","",0,0,0,0,0,0,0,0,0,37,"NY1","PIT","NY1",0,"F","F",0,0,0,19,1,"T","F",1,3,"T","T","wrigg102","cuylk101","T","T",8,1,36,0,0,0,0,0,0,"snydf101","","",0,0,0,0,0,0,0,0,0,0,0,0,0,"","F","F","F","F",5,4,0,0,4,0,0,0,0,0,F,F,"1924NY1.EVN.regular.event.csv",1261
"NY1192406110","PIT",6,0,0,0,0,"",0,0,"wrigg102","?","wrigg102","?","mcquh101","?","mcquh101","?","snydf101","terrb101","frisf101","grohh101","jackt101","meusi101","soutb101","younr101","bigbc101","carem101","","W.2-3;1-2","F","F",6,3,14,"T","F",0,"F","F",0,"F","F",0,"F","F",0,"","F","F","",0,0,"N",0,"N",0,"N",1,2,3,0,"","","","","F","F","F","F","F","F","F","F","F","mcquh101","mcquh101","","F","F","F","F","F","","","","",0,0,0,0,0,0,0,0,0,38,"NY1","PIT","NY1",0,"F","F",0,0,0,20,2,"T","F",3,7,"T","T","cuylk101","trayp101","T","T",7,2,37,8,1,36,0,0,0,"snydf101","snydf101","",0,0,0,0,0,0,0,0,0,0,0,0,0,"","F","F","F","F",5,5,4,0,4,0,0,0,0,0,F,F,"1924NY1.EVN.regular.event.csv",1262
"NY1192406110","PIT",6,0,0,0,0,"",0,0,"cuylk101","?","cuylk101","?","mcquh101","?","mcquh101","?","snydf101","terrb101","frisf101","grohh101","jackt101","meusi101","soutb101","younr101","wrigg102","bigbc101","carem101","153.3-H;2-3;1-2","F","F",9,4,2,"T","T",0,"F","F",1,"F","F",1,"F","F",1,"G","F","F","",0,0,"N",0,"N",0,"N",0,2,3,4,"153","","","","F","F","F","F","F","F","F","F","F","mcquh101","mcquh101","mcquh101","F","F","F","F","F","","","","",0,3,0,0,1,5,0,0,0,39,"NY1","PIT","NY1",0,"F","F",0,0,0,21,3,"T","F",7,6,"T","T","trayp101","marar101","T","T",6,3,38,7,2,37,8,1,36,"snydf101","snydf101","snydf101",0,0,0,0,0,0,0,0,0,0,0,0,1,"mcquh101","F","F","F","F",0,5,5,4,3,0,0,0,0,0,F,F,"1924NY1.EVN.regular.event.csv",1263
"NY1192406110","PIT",6,0,1,0,0,"",1,0,"trayp101","?","trayp101","?","mcquh101","?","mcquh101","?","snydf101","terrb101","frisf101","grohh101","jackt101","meusi101","soutb101","younr101","","wrigg102","bigbc101","FC1.3-H(E1/TH3)(NR)(UR);2-H(NR)(UR);B-3","F","F",5,5,19,"T","T",0,"F","F",0,"F","F",0,"F","F",1,"G","F","F","",1,1,"T",0,"N",0,"N",3,0,5,5,"","","","","F","F","F","F","F","F","F","F","F","","mcquh101","mcquh101","F","F","F","F","F","","","","",0,0,0,0,0,0,0,0,0,40,"NY1","PIT","NY1",0,"F","F",1,0,1,22,4,"T","F",6,4,"T","T","marar101","grimc101","T","T",0,0,0,6,3,38,7,2,37,"","snydf101","snydf101",0,0,0,0,0,0,0,0,0,0,0,0,2,"mcquh101","F","F","F","F",5,0,5,5,1,0,0,0,0,0,F,F,"1924NY1.EVN.regular.event.csv",1264
"NY1192406110","PIT",6,0,1,0,0,"",3,0,"marar101","?","marar101","?","mcquh101","?","mcquh101","?","snydf101","terrb101","frisf101","grohh101","jackt101","meusi101","soutb101","younr101","","","trayp101","3/BG/SH.3-H(UR)","F","F",4,6,2,"T","F",0,"T","F",1,"F","F",1,"F","F",3,"G","T","F","",0,0,"N",0,"N",0,"N",0,0,0,5,"3","","","","F","F","F","F","F","F","F","F","F","","","mcquh101","F","F","F","F","F","","","","",0,3,0,0,0,0,0,0,0,41,"NY1","PIT","NY1",0,"F","F",3,0,3,23,5,"T","F",4,0,"T","T","grimc101","goocj101","T","T",0,0,0,0,0,0,5,5,40,"","","snydf101",0,0,0,0,0,0,0,0,0,0,0,0,1,"terrb101","F","F","F","F",0,0,0,5,0,0,0,0,0,0,F,F,"1924NY1.EVN.regular.event.csv",1265
"NY1192406110","PIT",6,0,2,0,0,"",4,0,"grimc101","?","grimc101","?","mcquh101","?","mcquh101","?","snydf101","terrb101","frisf101","grohh101","jackt101","meusi101","soutb101","younr101","","","","8/F8D","F","F",3,7,2,"T","T",0,"F","F",1,"F","F",0,"F","F",8,"F","F","F","8D",0,0,"N",0,"N",0,"N",0,0,0,0,"8","","","","F","F","F","F","F","F","F","F","F","","","","F","F","F","F","F","","","","",0,8,0,0,0,0,0,0,0,42,"NY1","PIT","NY1",0,"F","T",4,0,4,24,6,"T","F",0,0,"T","T","goocj101","meadl101","T","T",0,0,0,0,0,0,0,0,0,"","","",0,0,0,0,0,0,0,0,0,0,0,0,0,"soutb101","F","F","F","F",0,0,0,0,0,0,0,0,0,0,F,F,"1924NY1.EVN.regular.event.csv",1266
"NY1192406110","PIT",6,1,0,0,0,"",4,0,"bentj101","?","bentj101","?","meadl101","?","meadl101","?","goocj101","grimc101","marar101","trayp101","wrigg102","bigbc101","carem101","cuylk101","","","","13","T","T",11,9,2,"T","T",0,"F","F",1,"F","F",0,"F","F",1,"G","F","F","",0,0,"N",0,"N",0,"N",0,0,0,0,"13","","","","F","F","F","F","F","F","F","F","F","","","","F","F","F","F","F","","","","mcquh101",1,3,0,0,1,0,0,0,0,43,"NY1","NY1","PIT",1,"T","F",0,4,0,17,0,"T","F",0,0,"F","F","younr101","frisf101","T","T",0,0,0,0,0,0,0,0,0,"","","",0,0,0,0,0,0,0,0,0,0,0,0,0,"meadl101","F","F","F","F",0,0,0,0,1,0,0,0,0,0,F,F,"1924NY1.EVN.regular.event.csv",1267
"NY1192406110","PIT",6,1,1,3,2,"",4,0,"younr101","?","younr101","?","meadl101","?","meadl101","?","goocj101","grimc101","marar101","trayp101","wrigg102","bigbc101","carem101","cuylk101","","","","HR/L9D","F","F",9,1,23,"T","T",4,"F","F",0,"F","F",1,"F","F",0,"L","F","F","9D",0,0,"N",0,"N",0,"N",4,0,0,0,"","","","","F","F","F","F","F","F","F","F","F","","","","F","F","F","F","F","","","","",0,0,0,0,0,0,0,0,0,44,"NY1","NY1","PIT",1,"F","F",0,4,0,18,1,"T","F",0,0,"T","T","frisf101","soutb101","T","T",0,0,0,0,0,0,0,0,0,"","","",0,0,0,0,0,0,0,0,0,0,0,0,1,"","F","F","F","F",4,0,0,0,0,0,0,0,0,0,F,F,"1924NY1.EVN.regular.event.csv",1268
"NY1192406110","PIT",6,1,1,0,0,"",4,1,"frisf101","?","frisf101","?","meadl101","?","meadl101","?","goocj101","grimc101","marar101","trayp101","wrigg102","bigbc101","carem101","cuylk101","","","","3/G","F","F",4,2,2,"T","T",0,"F","F",1,"F","F",0,"F","F",3,"G","F","F","",0,0,"N",0,"N",0,"N",0,0,0,0,"3","","","","F","F","F","F","F","F","F","F","F","","","","F","F","F","F","F","","","","",0,3,0,0,0,0,0,0,0,45,"NY1","NY1","PIT",1,"F","F",1,4,1,19,2,"T","F",0,0,"T","T","soutb101","terrb101","T","T",0,0,0,0,0,0,0,0,0,"","","",0,0,0,0,0,0,0,0,0,0,0,0,0,"grimc101","F","F","F","F",0,0,0,0,0,0,0,0,0,0,F,F,"1924NY1.EVN.regular.event.csv",1269
"NY1192406110","PIT",6,1,2,0,0,"",4,1,"soutb101","?","soutb101","?","meadl101","?","meadl101","?","goocj101","grimc101","marar101","trayp101","wrigg102","bigbc101","carem101","cuylk101","","","","S8","F","F",8,3,20,"T","T",1,"F","F",0,"F","F",0,"F","F",8,"","F","F","",0,0,"N",0,"N",0,"N",1,0,0,0,"","","","","F","F","F","F","F","F","F","F","F","","","","F","F","F","F","F","","","","",0,0,0,0,0,0,0,0,0,46,"NY1","NY1","PIT",1,"F","F",1,4,1,20,3,"T","F",0,1,"T","T","terrb101","meusi101","T","T",0,0,0,0,0,0,0,0,0,"","","",0,0,0,0,0,0,0,0,0,0,0,0,0,"carem101","F","F","F","F",1,0,0,0,0,0,0,0,0,0,F,F,"1924NY1.EVN.regular.event.csv",1270
"NY1192406110","PIT",6,1,2,0,0,"",4,1,"terrb101","?","terrb101","?","meadl101","?","meadl101","?","goocj101","grimc101","marar101","trayp101","wrigg102","bigbc101","carem101","cuylk101","soutb101","","","7/F","F","F",3,4,2,"T","T",0,"F","F",1,"F","F",0,"F","F",7,"F","F","F","",0,0,"N",0,"N",0,"N",0,1,0,0,"7","","","","F","F","F","F","F","F","F","F","F","meadl101","","","F","F","F","F","F","","","","",0,7,0,0,0,0,0,0,0,47,"NY1","NY1","PIT",1,"F","T",1,4,1,21,4,"T","F",1,1,"T","T","meusi101","jackt101","T","T",8,3,46,0,0,0,0,0,0,"goocj101","","",0,0,0,0,0,0,0,0,0,0,0,0,0,"bigbc101","F","F","F","F",0,1,0,0,0,0,0,0,0,0,F,F,"1924NY1.EVN.regular.event.csv",1271
"NY1192406110","PIT",7,0,0,0,0,"",4,1,"goocj101","?","goocj101","?","ryanr101","?","ryanr101","?","snydf101","terrb101","frisf101","grohh101","jackt101","meusi101","soutb101","younr101","","","","43","T","F",2,8,2,"T","T",0,"F","F",1,"F","F",0,"F","F",4,"G","F","F","",0,0,"N",0,"N",0,"N",0,0,0,0,"43","","","","F","F","F","F","F","F","F","F","F","","","","F","F","F","F","F","","","","",0,3,0,0,4,0,0,0,0,48,"NY1","PIT","NY1",0,"T","F",4,1,0,25,0,"T","F",0,0,"T","T","meadl101","carem101","F","F",0,0,0,0,0,0,0,0,0,"","","",0,0,0,0,0,0,0,0,0,0,0,0,0,"frisf101","F","F","F","F",0,0,0,0,0,0,0,0,0,0,F,F,"1924NY1.EVN.regular.event.csv",1272
"NY1192406110","PIT",7,0,1,0,0,"",4,1,"meadl101","?","meadl101","?","ryanr101","?","ryanr101","?","snydf101","terrb101","frisf101","grohh101","jackt101","meusi101","soutb101","younr101","","","","7/L","F","F",1,9,2,"T","T",0,"F","F",1,"F","F",0,"F","F",7,"L","F","F","",0,0,"N",0,"N",0,"N",0,0,0,0,"7","","","","F","F","F","F","F","F","F","F","F","","","","F","F","F","F","F","","","","",0,7,0,0,0,0,0,0,0,49,"NY1","PIT","NY1",0,"F","F",4,1,0,26,1,"T","F",0,0,"T","T","carem101","bigbc101","F","F",0,0,0,0,0,0,0,0,0,"","","",0,0,0,0,0,0,0,0,0,0,0,0,0,"meusi101","F","F","F","F",0,0,0,0,0,0,0,0,0,0,F,F,"1924NY1.EVN.regular.event.csv",1273
"NY1192406110","PIT",7,0,2,0,0,"",4,1,"carem101","?","carem101","?","ryanr101","?","ryanr101","?","snydf101","terrb101","frisf101","grohh101","jackt101","meusi101","soutb101","younr101","","","","D8/L89S","F","F",8,1,21,"T","T",2,"F","F",0,"F","F",0,"F","F",8,"L","F","F","89S",0,0,"N",0,"N",0,"N",2,0,0,0,"","","","","F","F","F","F","F","F","F","F","F","","","","F","F","F","F","F","","","","",0,0,0,0,0,0,0,0,0,50,"NY1","PIT","NY1",0,"F","F",4,1,0,27,2,"T","F",0,2,"T","T","bigbc101","wrigg102","F","F",0,0,0,0,0,0,0,0,0,"","","",0,0,0,0,0,0,0,0,0,0,0,0,0,"soutb101","F","F","F","F",0,0,0,0,0,0,0,0,0,0,F,F,"1924NY1.EVN.regular.event.csv",1274
"NY1192406110","PIT",7,0,2,0,0,"",4,1,"bigbc101","?","bigbc101","?","ryanr101","?","ryanr101","?","snydf101","terrb101","frisf101","grohh101","jackt101","meusi101","soutb101","younr101","","carem101","","W","F","F",7,2,14,"T","F",0,"F","F",0,"F","F",0,"F","F",0,"","F","F","",0,0,"N",0,"N",0,"N",1,0,2,0,"","","","","F","F","F","F","F","F","F","F","F","","ryanr101","","F","F","F","F","F","","","","",0,0,0,0,0,0,0,0,0,51,"NY1","PIT","NY1",0,"F","F",4,1,0,28,3,"T","F",2,3,"T","T","wrigg102","cuylk101","F","F",0,0,0,8,1,50,0,0,0,"","snydf101","",0,0,0,0,0,0,0,0,0,0,0,0,0,"","F","F","F","F",0,0,0,0,0,0,0,0,0,0,F,F,"1924NY1.EVN.regular.event.csv",1275
"NY1192406110","PIT",7,0,2,0,0,"",4,1,"wrigg102","?","wrigg102","?","ryanr101","?","ryanr101","?","snydf101","terrb101","frisf101","grohh101","jackt101","meusi101","soutb101","younr101","bigbc101","carem101","","CS2(24)","F","F",6,3,6,"F","F",0,"F","F",1,"F","F",0,"F","F",0,"","F","F","",0,0,"N",0,"N",0,"N",0,0,2,0,"","24","","","F","F","F","T","F","F","F","F","F","ryanr101","ryanr101","","F","F","F","F","F","","","","",0,4,0,0,2,0,0,0,0,52,"NY1","PIT","NY1",0,"F","T",4,1,0,29,4,"T","T",3,2,"T","T","cuylk101","trayp101","F","F",7,2,51,8,1,50,0,0,0,"snydf101","snydf101","",0,0,0,0,0,0,0,0,0,0,0,0,0,"","F","F","F","F",0,0,0,0,0,0,0,0,0,0,F,F,"1924NY1.EVN.regular.event.csv",1276
"NY1192406110","PIT",7,1,0,0,0,"",4,1,"meusi101","?","meusi101","?","meadl101","?","meadl101","?","goocj101","grimc101","marar101","trayp101","wrigg102","bigbc101","carem101","cuylk101","","","","7/F","T","F",7,5,2,"T","T",0,"F","F",1,"F","F",0,"F","F",7,"F","F","F","",0,0,"N",0,"N",0,"N",0,0,0,0,"7","","","","F","F","F","F","F","F","F","F","F","","","","F","F","F","F","F","","","","",0,7,0,0,0,0,0,0,0,53,"NY1","NY1","PIT",1,"T","F",1,4,0,22,0,"T","F",0,0,"T","T","jackt101","grohh101","T","T",0,0,0,0,0,0,0,0,0,"","","",0,0,0,0,0,0,0,0,0,0,0,0,0,"bigbc101","F","F","F","F",0,0,0,0,0,0,0,0,0,0,F,F,"1924NY1.EVN.regular.event.csv",1277
"NY1192406110","PIT",7,1,1,0,0,"",4,1,"jackt101","?","jackt101","?","meadl101","?","meadl101","?","goocj101","grimc101","marar101","trayp101","wrigg102","bigbc101","carem101","cuylk101","","","","7/F","F","F",6,6,2,"T","T",0,"F","F",1,"F","F",0,"F","F",7,"F","F","F","",0,0,"N",0,"N",0,"N",0,0,0,0,"7","","","","F","F","F","F","F","F","F","F","F","","","","F","F","F","F","F","","","","",0,7,0,0,0,0,0,0,0,54,"NY1","NY1","PIT",1,"F","F",1,4,0,23,1,"T","F",0,0,"T","T","grohh101","snydf101","T","T",0,0,0,0,0,0,0,0,0,"","","",0,0,0,0,0,0,0,0,0,0,0,0,0,"bigbc101","F","F","F","F",0,0,0,0,0,0,0,0,0,0,F,F,"1924NY1.EVN.regular.event.csv",1278
"NY1192406110","PIT",7,1,2,0,0,"",4,1,"grohh101","?","grohh101","?","meadl101","?","meadl101","?","goocj101","grimc101","marar101","trayp101","wrigg102","bigbc101","carem101","cuylk101","","","","63","F","F",5,7,2,"T","T",0,"F","F",1,"F","F",0,"F","F",6,"G","F","F","",0,0,"N",0,"N",0,"N",0,0,0,0,"63","","","","F","F","F","F","F","F","F","F","F","","","","F","F","F","F","F","","","","",0,3,0,0,6,0,0,0,0,55,"NY1","NY1","PIT",1,"F","T",1,4,0,24,2,"T","F",0,0,"T","T","snydf101","ryanr101","T","T",0,0,0,0,0,0,0,0,0,"","","",0,0,0,0,0,0,0,0,0,0,0,0,0,"wrigg102","F","F","F","F",0,0,0,0,0,0,0,0,0,0,F,F,"1924NY1.EVN.regular.event.csv",1279
"NY1192406110","PIT",8,0,0,0,0,"",4,1,"wrigg102","?","wrigg102","?","ryanr101","?","ryanr101","?","snydf101","terrb101","frisf101","grohh101","jackt101","meusi101","soutb101","younr101","","","","8/L8D","T","F",6,3,2,"T","T",0,"F","F",1,"F","F",0,"F","F",8,"L","F","F","8D",0,0,"N",0,"N",0,"N",0,0,0,0,"8","","","","F","F","F","F","F","F","F","F","F","","","","F","F","F","F","F","","","","",0,8,0,0,0,0,0,0,0,56,"NY1","PIT","NY1",0,"T","F",4,1,0,29,0,"T","F",0,0,"T","T","cuylk101","trayp101","F","F",0,0,0,0,0,0,0,0,0,"","","",0,0,0,0,0,0,0,0,0,0,0,0,0,"soutb101","F","F","F","F",0,0,0,0,0,0,0,0,0,0,F,F,"1924NY1.EVN.regular.event.csv",1280
"NY1192406110","PIT",8,0,1,0,0,"",4,1,"cuylk101","?","cuylk101","?","ryanr101","?","ryanr101","?","snydf101","terrb101","frisf101","grohh101","jackt101","meusi101","soutb101","younr101","","","","K23","F","F",9,4,3,"T","T",0,"F","F",1,"F","F",0,"F","F",0,"","F","F","",0,0,"N",0,"N",0,"N",0,0,0,0,"23","","","","F","F","F","F","F","F","F","F","F","","","","F","F","F","F","F","","","","",0,3,0,0,2,0,0,0,0,57,"NY1","PIT","NY1",0,"F","F",4,1,0,30,1,"T","F",0,0,"T","T","trayp101","marar101","F","F",0,0,0,0,0,0,0,0,0,"","","",0,0,0,0,0,0,0,0,0,0,0,0,0,"","F","F","F","F",0,0,0,0,0,0,0,0,0,0,F,F,"1924NY1.EVN.regular.event.csv",1281
"NY1192406110","PIT",8,0,2,0,0,"",4,1,"trayp101","?","trayp101","?","ryanr101","?","ryanr101","?","snydf101","terrb101","frisf101","grohh101","jackt101","meusi101","soutb101","younr101","","","","2/FL","F","F",5,5,2,"T","T",0,"F","F",1,"F","F",0,"F","F",2,"F","F","T","",0,0,"N",0,"N",0,"N",0,0,0,0,"2","","","","F","F","F","F","F","F","F","F","F","","","","F","F","F","F","F","","","","",0,2,0,0,0,0,0,0,0,58,"NY1","PIT","NY1",0,"F","T",4,1,0,31,2,"T","F",0,0,"T","T","marar101","grimc101","F","F",0,0,0,0,0,0,0,0,0,"","","",0,0,0,0,0,0,0,0,0,0,0,0,0,"snydf101","F","F","F","F",0,0,0,0,0,0,0,0,0,0,F,F,"1924NY1.EVN.regular.event.csv",1282
"NY1192406110","PIT",8,1,0,0,0,"",4,1,"snydf101","?","snydf101","?","meadl101","?","meadl101","?","goocj101","grimc101","marar101","trayp101","wrigg102","bigbc101","carem101","cuylk101","","","","S9/F9S","T","F",2,8,20,"T","T",1,"F","F",0,"F","F",0,"F","F",9,"F","F","F","9S",0,0,"N",0,"N",0,"N",1,0,0,0,"","","","","F","F","F","F","F","F","F","F","F","","","","F","F","F","F","F","","","","",0,0,0,0,0,0,0,0,0,59,"NY1","NY1","PIT",1,"T","F",1,4,0,25,0,"T","F",0,1,"T","T","ryanr101","younr101","T","T",0,0,0,0,0,0,0,0,0,"","","",0,0,0,0,0,0,0,0,0,0,0,0,0,"cuylk101","F","F","F","F",3,0,0,0,0,0,0,0,0,0,F,F,"1924NY1.EVN.regular.event.csv",1283
"NY1192406110","PIT",8,1,0,0,0,"",4,1,"kellg101","?","kellg101","?","meadl101","?","meadl101","?","goocj101","grimc101","marar101","trayp101","wrigg102","bigbc101","carem101","cuylk101","lindf101","","","S9/F9S.1-2","F","T",11,9,20,"T","T",1,"F","F",0,"F","F",0,"F","F",9,"F","F","F","9S",0,0,"N",0,"N",0,"N",1,2,0,0,"","","","","F","F","F","F","F","F","F","F","F","meadl101","","","F","F","T","F","F","snydf101","","","ryanr101",1,0,0,0,0,0,0,0,0,60,"NY1","NY1","PIT",1,"F","F",1,4,0,26,1,"T","F",1,3,"F","F","younr101","frisf101","T","T",12,8,59,0,0,0,0,0,0,"goocj101","","",0,0,0,0,0,0,0,0,0,0,0,0,0,"cuylk101","F","F","F","F",0,3,0,0,0,0,0,0,0,0,F,F,"1924NY1.EVN.regular.event.csv",1284
"NY1192406110","PIT",8,1,0,0,0,"",4,1,"younr101","?","younr101","?","meadl101","?","meadl101","?","goocj101","grimc101","marar101","trayp101","wrigg102","bigbc101","carem101","cuylk101","baldh101","lindf101","","46(1)/FO.2-3","F","F",9,1,2,"T","T",0,"F","F",1,"F","F",0,"F","F",4,"G","F","F","",0,0,"N",0,"N",0,"N",1,0,3,0,"","46","","","F","F","F","F","F","F","F","F","F","meadl101","meadl101","","F","F","T","F","F","kellg101","","","",0,6,0,0,4,0,0,0,0,61,"NY1","NY1","PIT",1,"F","F",1,4,0,27,2,"T","F",3,5,"T","T","frisf101","soutb101","T","T",0,9,60,0,8,59,0,0,0,"goocj101","goocj101","",0,0,0,0,0,0,0,0,0,0,0,0,0,"marar101","T","F","F","F",1,0,3,0,0,0,0,0,0,0,F,F,"1924NY1.EVN.regular.event.csv",1285
"NY1192406110","PIT",8,1,1,0,0,"",4,1,"frisf101","?","frisf101","?","meadl101","?","meadl101","?","goocj101","grimc101","marar101","trayp101","wrigg102","bigbc101","carem101","cuylk101","younr101","","lindf101","6/P","F","F",4,2,2,"T","T",0,"F","F",1,"F","F",0,"F","F",6,"P","F","F","",0,0,"N",0,"N",0,"N",0,1,0,3,"6","","","","F","F","F","F","F","F","F","F","F","meadl101","","meadl101","F","F","F","F","F","","","","",0,6,0,0,0,0,0,0,0,62,"NY1","NY1","PIT",1,"F","F",1,4,0,28,3,"T","F",5,5,"T","T","soutb101","terrb101","T","T",9,1,61,0,0,0,0,8,59,"goocj101","","goocj101",0,0,0,0,0,0,0,0,0,0,0,0,0,"wrigg102","F","F","F","F",0,1,0,3,0,0,0,0,0,0,F,F,"1924NY1.EVN.regular.event.csv",1286
"NY1192406110","PIT",8,1,2,0,0,"",4,1,"soutb101","?","soutb101","?","meadl101","?","meadl101","?","goocj101","grimc101","marar101","trayp101","wrigg102","bigbc101","carem101","cuylk101","younr101","","lindf101","K","F","F",8,3,3,"T","T",0,"F","F",1,"F","F",0,"F","F",0,"","F","F","",0,0,"N",0,"N",0,"N",0,1,0,3,"2","","","","F","F","F","F","F","F","F","F","F","meadl101","","meadl101","F","F","F","F","F","","","","",0,2,0,0,0,0,0,0,0,63,"NY1","NY1","PIT",1,"F","T",1,4,0,29,4,"T","F",5,5,"T","T","terrb101","meusi101","T","T",9,1,61,0,0,0,0,8,59,"goocj101","","goocj101",0,0,0,0,0,0,0,0,0,0,0,0,0,"","F","F","F","F",0,1,0,3,0,0,0,0,0,0,F,F,"1924NY1.EVN.regular.event.csv",1287
"NY1192406110","PIT",9,0,0,0,0,"",4,1,"marar101","?","marar101","?","maune101","?","maune101","?","gowdh101","terrb101","frisf101","grohh101","jackt101","meusi101","soutb101","younr101","","","","8/L","T","F",4,6,2,"T","T",0,"F","F",1,"F","F",0,"F","F",8,"L","F","F","",0,0,"N",0,"N",0,"N",0,0,0,0,"8","","","","F","F","F","F","F","F","F","F","F","","","","F","F","F","F","F","","","","",0,8,0,0,0,0,0,0,0,64,"NY1","PIT","NY1",0,"T","F",4,1,0,32,0,"T","F",0,0,"T","T","grimc101","goocj101","F","F",0,0,0,0,0,0,0,0,0,"","","",0,0,0,0,0,0,0,0,0,0,0,0,0,"soutb101","F","F","F","F",0,0,0,0,0,0,0,0,0,0,F,F,"1924NY1.EVN.regular.event.csv",1288
"NY1192406110","PIT",9,0,1,0,0,"",4,1,"grimc101","?","grimc101","?","maune101","?","maune101","?","gowdh101","terrb101","frisf101","grohh101","jackt101","meusi101","wilsh102","younr101","","","","K","F","F",3,7,3,"T","T",0,"F","F",1,"F","F",0,"F","F",0,"","F","F","",0,0,"N",0,"N",0,"N",0,0,0,0,"2","","","","F","F","F","F","F","F","F","F","F","","","","F","F","F","F","F","","","","",0,2,0,0,0,0,0,0,0,65,"NY1","PIT","NY1",0,"F","F",4,1,0,33,1,"T","F",0,0,"T","T","goocj101","meadl101","F","F",0,0,0,0,0,0,0,0,0,"","","",0,0,0,0,0,0,0,0,0,0,0,0,0,"","F","F","F","F",0,0,0,0,0,0,0,0,0,0,F,F,"1924NY1.EVN.regular.event.csv",1289
"NY1192406110","PIT",9,0,2,0,0,"",4,1,"goocj101","?","goocj101","?","maune101","?","maune101","?","gowdh101","terrb101","frisf101","grohh101","jackt101","meusi101","wilsh102","younr101","","","","S8","F","F",2,8,20,"T","T",1,"F","F",0,"F","F",0,"F","F",8,"","F","F","",0,0,"N",0,"N",0,"N",1,0,0,0,"","","","","F","F","F","F","F","F","F","F","F","","","","F","F","F","F","F","","","","",0,0,0,0,0,0,0,0,0,66,"NY1","PIT","NY1",0,"F","F",4,1,0,34,2,"T","F",0,1,"T","T","meadl101","carem101","F","F",0,0,0,0,0,0,0,0,0,"","","",0,0,0,0,0,0,0,0,0,0,0,0,0,"wilsh102","F","F","F","F",0,0,0,0,0,0,0,0,0,0,F,F,"1924NY1.EVN.regular.event.csv",1290
"NY1192406110","PIT",9,0,2,0,0,"",4,1,"meadl101","?","meadl101","?","maune101","?","maune101","?","gowdh101","terrb101","frisf101","grohh101","jackt101","meusi101","wilsh102","younr101","goocj101","","","43","F","F",1,9,2,"T","T",0,"F","F",1,"F","F",0,"F","F",4,"G","F","F","",0,0,"N",0,"N",0,"N",0,1,0,0,"43","","","","F","F","F","F","F","F","F","F","F","maune101","","","F","F","F","F","F","","","","",0,3,0,0,4,0,0,0,0,67,"NY1","PIT","NY1",0,"F","T",4,1,0,35,3,"T","F",1,1,"T","T","carem101","bigbc101","F","F",2,8,66,0,0,0,0,0,0,"gowdh101","","",0,0,0,0,0,0,0,0,0,0,0,0,0,"frisf101","F","F","F","F",0,0,0,0,0,0,0,0,0,0,F,F,"1924NY1.EVN.regular.event.csv",1291
"NY1192406110","PIT",9,1,0,0,0,"",4,1,"terrb101","?","terrb101","?","meadl101","?","meadl101","?","goocj101","grimc101","marar101","trayp101","wrigg102","bigbc101","carem101","cuylk101","","","","HR/F7D","T","F",3,4,23,"T","T",4,"F","F",0,"F","F",1,"F","F",0,"F","F","F","7D",0,0,"N",0,"N",0,"N",4,0,0,0,"","","","","F","F","F","F","F","F","F","F","F","","","","F","F","F","F","F","","","","",0,0,0,0,0,0,0,0,0,68,"NY1","NY1","PIT",1,"T","F",1,4,0,30,0,"T","F",0,0,"T","T","meusi101","jackt101","T","T",0,0,0,0,0,0,0,0,0,"","","",0,0,0,0,0,0,0,0,0,0,0,0,1,"","F","F","F","F",4,0,0,0,0,0,0,0,0,0,F,F,"1924NY1.EVN.regular.event.csv",1292
"NY1192406110","PIT",9,1,0,0,0,"",4,2,"meusi101","?","meusi101","?","meadl101","?","meadl101","?","goocj101","grimc101","marar101","trayp101","wrigg102","bigbc101","carem101","cuylk101","","","","K/C","F","F",7,5,3,"T","T",0,"F","F",1,"F","F",0,"F","F",0,"","F","F","",0,0,"N",0,"N",0,"N",0,0,0,0,"2","","","","F","F","F","F","F","F","F","F","F","","","","F","F","F","F","F","","","","",0,2,0,0,0,0,0,0,0,69,"NY1","NY1","PIT",1,"F","F",2,4,1,31,1,"T","F",0,0,"T","T","jackt101","grohh101","T","T",0,0,0,0,0,0,0,0,0,"","","",0,0,0,0,0,0,0,0,0,0,0,0,0,"","F","F","F","F",0,0,0,0,0,0,0,0,0,0,F,F,"1924NY1.EVN.regular.event.csv",1293
"NY1192406110","PIT",9,1,1,0,0,"",4,2,"jackt101","?","jackt101","?","meadl101","?","meadl101","?","goocj101","grimc101","marar101","trayp101","wrigg102","bigbc101","carem101","cuylk101","","","","8/F78XD","F","F",6,6,2,"T","T",0,"F","F",1,"F","F",0,"F","F",8,"F","F","F","78XD",0,0,"N",0,"N",0,"N",0,0,0,0,"8","","","","F","F","F","F","F","F","F","F","F","","","","F","F","F","F","F","","","","",0,8,0,0,0,0,0,0,0,70,"NY1","NY1","PIT",1,"F","F",2,4,1,32,2,"T","F",0,0,"T","T","grohh101","gowdh101","T","T",0,0,0,0,0,0,0,0,0,"","","",0,0,0,0,0,0,0,0,0,0,0,0,0,"carem101","F","F","F","F",0,0,0,0,0,0,0,0,0,0,F,F,"1924NY1.EVN.regular.event.csv",1294
"NY1192406110","PIT",9,1,2,0,0,"",4,2,"grohh101","?","grohh101","?","meadl101","?","meadl101","?","goocj101","grimc101","marar101","trayp101","wrigg102","bigbc101","carem101","cuylk101","","","","S7","F","F",5,7,20,"T","T",1,"F","F",0,"F","F",0,"F","F",7,"","F","F","",0,0,"N",0,"N",0,"N",1,0,0,0,"","","","","F","F","F","F","F","F","F","F","F","","","","F","F","F","F","F","","","","",0,0,0,0,0,0,0,0,0,71,"NY1","NY1","PIT",1,"F","F",2,4,1,33,3,"T","F",0,1,"T","T","gowdh101","maune101","T","T",0,0,0,0,0,0,0,0,0,"","","",0,0,0,0,0,0,0,0,0,0,0,0,0,"bigbc101","F","F","F","F",1,0,0,0,0,0,0,0,0,0,F,F,"1924NY1.EVN.regular.event.csv",1295
"NY1192406110","PIT",9,1,2,0,0,"",4,2,"gowdh101","?","gowdh101","?","meadl101","?","meadl101","?","goocj101","grimc101","marar101","trayp101","wrigg102","bigbc101","carem101","cuylk101","grohh101","","","7/L","F","F",2,8,2,"T","T",0,"F","F",1,"F","F",0,"F","F",7,"L","F","F","",0,0,"N",0,"N",0,"N",0,1,0,0,"7","","","","F","F","F","F","F","F","F","F","F","meadl101","","","F","T","F","F","F","","","","",0,7,0,0,0,0,0,0,0,72,"NY1","NY1","PIT",1,"F","T",2,4,1,34,4,"T","F",1,1,"F","F","maune101","younr101","T","T",5,7,71,0,0,0,0,0,0,"goocj101","","",0,0,0,0,0,0,0,0,0,0,0,0,0,"bigbc101","F","F","F","F",0,1,0,0,0,0,0,0,0,0,F,F,"1924NY1.EVN.regular.event.csv",1296
"NY1192406130","CIN",1,0,0,0,0,"",0,0,"burng101","?","burng101","?","watsm103","?","watsm103","?","gowdh101","kellg101","frisf101","grohh101","jackt101","meusi101","wilsh102","younr101","","","","3/G","T","F",9,1,2,"T","T",0,"F","F",1,"F","F",0,"F","F",3,"G","F","F","",0,0,"N",0,"N",0,"N",0,0,0,0,"3","","","","F","F","F","F","F","F","F","F","F","","","","T","F","F","F","F","","","","",0,3,0,0,0,0,0,0,0,1,"NY1","CIN","NY1",0,"T","F",0,0,0,0,0,"T","F",0,0,"T","T","walkc101","bresr101","T","T",0,0,0,0,0,0,0,0,0,"","","",0,0,0,0,0,0,0,0,0,0,0,0,0,"kellg101","F","F","F","F",0,0,0,0,1,0,0,0,0,0,F,F,"1924NY1.EVN.regular.event.csv",1297
"NY1192406130","CIN",1,0,1,0,0,"",0,0,"walkc101","?","walkc101","?","watsm103","?","watsm103","?","gowdh101","kellg101","frisf101","grohh101","jackt101","meusi101","wilsh102","younr101","","","","4/P","F","F",8,2,2,"T","T",0,"F","F",1,"F","F",0,"F","F",4,"P","F","F","",0,0,"N",0,"N",0,"N",0,0,0,0,"4","","","","F","F","F","F","F","F","F","F","F","","","","F","F","F","F","F","","","","",0,4,0,0,0,0,0,0,0,2,"NY1","CIN","NY1",0,"F","F",0,0,0,1,1,"T","F",0,0,"T","T","bresr101","duncp101","T","T",0,0,0,0,0,0,0,0,0,"","","",0,0,0,0,0,0,0,0,0,0,0,0,0,"frisf101","F","F","F","F",0,0,0,0,1,0,0,0,0,0,F,F,"1924NY1.EVN.regular.event.csv",1298
"NY1192406130","CIN",1,0,2,0,0,"",0,0,"bresr101","?","bresr101","?","watsm103","?","watsm103","?","gowdh101","kellg101","frisf101","grohh101","jackt101","meusi101","wilsh102","younr101","","","","HR/F7D","F","F",3,3,23,"T","T",4,"F","F",0,"F","F",1,"F","F",0,"F","F","F","7D",0,0,"N",0,"N",0,"N",4,0,0,0,"","","","","F","F","F","F","F","F","F","F","F","","","","F","F","F","F","F","","","","",0,0,0,0,0,0,0,0,0,3,"NY1","CIN","NY1",0,"F","F",0,0,0,2,2,"T","F",0,0,"T","T","duncp101","fowlb101","T","T",0,0,0,0,0,0,0,0,0,"","","",0,0,0,0,0,0,0,0,0,0,0,0,1,"","F","F","F","F",4,0,0,0,0,0,0,0,0,0,F,F,"1924NY1.EVN.regular.event.csv",1299
"NY1192406130","CIN",1,0,2,0,0,"",1,0,"duncp101","?","duncp101","?","watsm103","?","watsm103","?","gowdh101","kellg101","frisf101","grohh101","jackt101","meusi101","wilsh102","younr101","","","","13","F","F",7,4,2,"T","T",0,"F","F",1,"F","F",0,"F","F",1,"G","F","F","",0,0,"N",0,"N",0,"N",0,0,0,0,"13","","","","F","F","F","F","F","F","F","F","F","","","","F","F","F","F","F","","","","",0,3,0,0,1,0,0,0,0,4,"NY1","CIN","NY1",0,"F","T",1,0,1,3,3,"T","F",0,0,"T","T","fowlb101","cavei101","T","T",0,0,0,0,0,0,0,0,0,"","","",0,0,0,0,0,0,0,0,0,0,0,0,0,"watsm103","F","F","F","F",0,0,0,0,0,0,0,0,0,0,F,F,"1924NY1.EVN.regular.event.csv",1300
"NY1192406130","CIN",1,1,0,0,0,"",1,0,"younr101","?","younr101","?","rixee101","?","rixee101","?","wingi101","bresr101","crith101","fowlb101","cavei101","duncp101","walkc101","burng101","","","","63","T","F",9,1,2,"T","T",0,"F","F",1,"F","F",0,"F","F",6,"G","F","F","",0,0,"N",0,"N",0,"N",0,0,0,0,"63","","","","F","F","F","F","F","F","F","F","F","","","","F","F","F","F","F","","","","",0,3,0,0,6,0,0,0,0,5,"NY1","NY1","CIN",1,"T","F",0,1,0,0,0,"T","F",0,0,"T","T","frisf101","wilsh102","T","T",0,0,0,0,0,0,0,0,0,"","","",0,0,0,0,0,0,0,0,0,0,0,0,0,"cavei101","F","F","F","F",0,0,0,0,0,0,0,0,0,0,F,F,"1924NY1.EVN.regular.event.csv",1301
"NY1192406130","CIN",1,1,1,0,0,"",1,0,"frisf101","?","frisf101","?","rixee101","?","rixee101","?","wingi101","bresr101","crith101","fowlb101","cavei101","duncp101","walkc101","burng101","","","","43","F","F",4,2,2,"T","T",0,"F","F",1,"F","F",0,"F","F",4,"G","F","F","",0,0,"N",0,"N",0,"N",0,0,0,0,"43","","","","F","F","F","F","F","F","F","F","F","","","","F","F","F","F","F","","","","",0,3,0,0,4,0,0,0,0,6,"NY1","NY1","CIN",1,"F","F",0,1,0,1,1,"T","F",0,0,"T","T","wilsh102","kellg101","T","T",0,0,0,0,0,0,0,0,0,"","","",0,0,0,0,0,0,0,0,0,0,0,0,0,"crith101","F","F","F","F",0,0,0,0,0,0,0,0,0,0,F,F,"1924NY1.EVN.regular.event.csv",1302
"NY1192406130","CIN",1,1,2,0,0,"",1,0,"wilsh102","?","wilsh102","?","rixee101","?","rixee101","?","wingi101","bresr101","crith101","fowlb101","cavei101","duncp101","walkc101","burng101","","","","4/P","F","F",8,3,2,"T","T",0,"F","F",1,"F","F",0,"F","F",4,"P","F","F","",0,0,"N",0,"N",0,"N",0,0,0,0,"4","","","","F","F","F","F","F","F","F","F","F","","","","F","F","F","F","F","","","","",0,4,0,0,0,0,0,0,0,7,"NY1","NY1","CIN",1,"F","T",0,1,0,2,2,"T","F",0,0,"T","T","kellg101","meusi101","T","T",0,0,0,0,0,0,0,0,0,"","","",0,0,0,0,0,0,0,0,0,0,0,0,0,"crith101","F","F","F","F",0,0,0,0,0,0,0,0,0,0,F,F,"1924NY1.EVN.regular.event.csv",1303
"NY1192406130","CIN",2,0,0,0,0,"",1,0,"fowlb101","?","fowlb101","?","watsm103","?","watsm103","?","gowdh101","kellg101","frisf101","grohh101","jackt101","meusi101","wilsh102","younr101","","","","43","T","F",5,5,2,"T","T",0,"F","F",1,"F","F",0,"F","F",4,"G","F","F","",0,0,"N",0,"N",0,"N",0,0,0,0,"43","","","","F","F","F","F","F","F","F","F","F","","","","F","F","F","F","F","","","","",0,3,0,0,4,0,0,0,0,8,"NY1","CIN","NY1",0,"T","F",1,0,0,4,0,"T","F",0,0,"T","T","cavei101","crith101","T","T",0,0,0,0,0,0,0,0,0,"","","",0,0,0,0,0,0,0,0,0,0,0,0,0,"frisf101","F","F","F","F",0,0,0,0,0,0,0,0,0,0,F,F,"1924NY1.EVN.regular.event.csv",1304
"NY1192406130","CIN",2,0,1,0,0,"",1,0,"cavei101","?","cavei101","?","watsm103","?","watsm103","?","gowdh101","kellg101","frisf101","grohh101","jackt101","meusi101","wilsh102","younr101","","","","K","F","F",6,6,3,"T","T",0,"F","F",1,"F","F",0,"F","F",0,"","F","F","",0,0,"N",0,"N",0,"N",0,0,0,0,"2","","","","F","F","F","F","F","F","F","F","F","","","","F","F","F","F","F","","","","",0,2,0,0,0,0,0,0,0,9,"NY1","CIN","NY1",0,"F","F",1,0,0,5,1,"T","F",0,0,"T","T","crith101","wingi101","T","T",0,0,0,0,0,0,0,0,0,"","","",0,0,0,0,0,0,0,0,0,0,0,0,0,"","F","F","F","F",0,0,0,0,0,0,0,0,0,0,F,F,"1924NY1.EVN.regular.event.csv",1305
"NY1192406130","CIN",2,0,2,0,0,"",1,0,"crith101","?","crith101","?","watsm103","?","watsm103","?","gowdh101","kellg101","frisf101","grohh101","jackt101","meusi101","wilsh102","younr101","","","","S9","F","F",4,7,20,"T","T",1,"F","F",0,"F","F",0,"F","F",9,"","F","F","",0,0,"N",0,"N",0,"N",1,0,0,0,"","","","","F","F","F","F","F","F","F","F","F","","","","F","F","F","F","F","","","","",0,0,0,0,0,0,0,0,0,10,"NY1","CIN","NY1",0,"F","F",1,0,0,6,2,"T","F",0,1,"T","T","wingi101","rixee101","T","T",0,0,0,0,0,0,0,0,0,"","","",0,0,0,0,0,0,0,0,0,0,0,0,0,"younr101","F","F","F","F",0,0,0,0,0,0,0,0,0,0,F,F,"1924NY1.EVN.regular.event.csv",1306
"NY1192406130","CIN",2,0,2,0,0,"",1,0,"wingi101","?","wingi101","?","watsm103","?","watsm103","?","gowdh101","kellg101","frisf101","grohh101","jackt101","meusi101","wilsh102","younr101","crith101","","","8/L","F","F",2,8,2,"T","T",0,"F","F",1,"F","F",0,"F","F",8,"L","F","F","",0,0,"N",0,"N",0,"N",0,1,0,0,"8","","","","F","F","F","F","F","F","F","F","F","watsm103","","","F","F","F","F","F","","","","",0,8,0,0,0,0,0,0,0,11,"NY1","CIN","NY1",0,"F","T",1,0,0,7,3,"T","F",1,1,"T","T","rixee101","burng101","T","T",4,7,10,0,0,0,0,0,0,"gowdh101","","",0,0,0,0,0,0,0,0,0,0,0,0,0,"wilsh102","F","F","F","F",0,0,0,0,0,0,0,0,0,0,F,F,"1924NY1.EVN.regular.event.csv",1307
"NY1192406130","CIN",2,1,0,0,0,"",1,0,"kellg101","?","kellg101","?","rixee101","?","rixee101","?","wingi101","bresr101","crith101","fowlb101","cavei101","duncp101","walkc101","burng101","","","","43","T","F",3,4,2,"T","T",0,"F","F",1,"F","F",0,"F","F",4,"G","F","F","",0,0,"N",0,"N",0,"N",0,0,0,0,"43","","","","F","F","F","F","F","F","F","F","F","","","","F","F","F","F","F","","","","",0,3,0,0,4,0,0,0,0,12,"NY1","NY1","CIN",1,"T","F",0,1,0,3,0,"T","F",0,0,"T","T","meusi101","jackt101","T","T",0,0,0,0,0,0,0,0,0,"","","",0,0,0,0,0,0,0,0,0,0,0,0,0,"crith101","F","F","F","F",0,0,0,0,0,0,0,0,0,0,F,F,"1924NY1.EVN.regular.event.csv",1308
"NY1192406130","CIN",2,1,1,0,0,"",1,0,"meusi101","?","meusi101","?","rixee101","?","rixee101","?","wingi101","bresr101","crith101","fowlb101","cavei101","duncp101","walkc101","burng101","","","","63","F","F",7,5,2,"T","T",0,"F","F",1,"F","F",0,"F","F",6,"G","F","F","",0,0,"N",0,"N",0,"N",0,0,0,0,"63","","","","F","F","F","F","F","F","F","F","F","","","","F","F","F","F","F","","","","",0,3,0,0,6,0,0,0,0,13,"NY1","NY1","CIN",1,"F","F",0,1,0,4,1,"T","F",0,0,"T","T","jackt101","grohh101","T","T",0,0,0,0,0,0,0,0,0,"","","",0,0,0,0,0,0,0,0,0,0,0,0,0,"cavei101","F","F","F","F",0,0,0,0,0,0,0,0,0,0,F,F,"1924NY1.EVN.regular.event.csv",1309
"NY1192406130","CIN",2,1,2,0,0,"",1,0,"jackt101","?","jackt101","?","rixee101","?","rixee101","?","wingi101","bresr101","crith101","fowlb101","cavei101","duncp101","walkc101","burng101","","","","K","F","F",6,6,3,"T","T",0,"F","F",1,"F","F",0,"F","F",0,"","F","F","",0,0,"N",0,"N",0,"N",0,0,0,0,"2","","","","F","F","F","F","F","F","F","F","F","","","","F","F","F","F","F","","","","",0,2,0,0,0,0,0,0,0,14,"NY1","NY1","CIN",1,"F","T",0,1,0,5,2,"T","F",0,0,"T","T","grohh101","gowdh101","T","T",0,0,0,0,0,0,0,0,0,"","","",0,0,0,0,0,0,0,0,0,0,0,0,0,"","F","F","F","F",0,0,0,0,0,0,0,0,0,0,F,F,"1924NY1.EVN.regular.event.csv",1310
"NY1192406130","CIN",3,0,0,0,0,"",1,0,"rixee101","?","rixee101","?","watsm103","?","watsm103","?","gowdh101","kellg101","frisf101","grohh101","jackt101","meusi101","wilsh102","younr101","","","","7/F","T","F",1,9,2,"T","T",0,"F","F",1,"F","F",0,"F","F",7,"F","F","F","",0,0,"N",0,"N",0,"N",0,0,0,0,"7","","","","F","F","F","F","F","F","F","F","F","","","","F","F","F","F","F","","","","",0,7,0,0,0,0,0,0,0,15,"NY1","CIN","NY1",0,"T","F",1,0,0,8,0,"T","F",0,0,"T","T","burng101","walkc101","T","T",0,0,0,0,0,0,0,0,0,"","","",0,0,0,0,0,0,0,0,0,0,0,0,0,"meusi101","F","F","F","F",0,0,0,0,0,0,0,0,0,0,F,F,"1924NY1.EVN.regular.event.csv",1311
"NY1192406130","CIN",3,0,1,0,0,"",1,0,"burng101","?","burng101","?","watsm103","?","watsm103","?","gowdh101","kellg101","frisf101","grohh101","jackt101","meusi101","wilsh102","younr101","","","","8/L","F","F",9,1,2,"T","T",0,"F","F",1,"F","F",0,"F","F",8,"L","F","F","",0,0,"N",0,"N",0,"N",0,0,0,0,"8","","","","F","F","F","F","F","F","F","F","F","","","","F","F","F","F","F","","","","",0,8,0,0,0,0,0,0,0,16,"NY1","CIN","NY1",0,"F","F",1,0,0,9,1,"T","F",0,0,"T","T","walkc101","bresr101","T","T",0,0,0,0,0,0,0,0,0,"","","",0,0,0,0,0,0,0,0,0,0,0,0,0,"wilsh102","F","F","F","F",0,0,0,0,0,0,0,0,0,0,F,F,"1924NY1.EVN.regular.event.csv",1312
"NY1192406130","CIN",3,0,2,0,0,"",1,0,"walkc101","?","walkc101","?","watsm103","?","watsm103","?","gowdh101","kellg101","frisf101","grohh101","jackt101","meusi101","wilsh102","younr101","","","","S8","F","F",8,2,20,"T","T",1,"F","F",0,"F","F",0,"F","F",8,"","F","F","",0,0,"N",0,"N",0,"N",1,0,0,0,"","","","","F","F","F","F","F","F","F","F","F","","","","F","F","F","F","F","","","","",0,0,0,0,0,0,0,0,0,17,"NY1","CIN","NY1",0,"F","F",1,0,0,10,2,"T","F",0,1,"T","T","bresr101","duncp101","T","T",0,0,0,0,0,0,0,0,0,"","","",0,0,0,0,0,0,0,0,0,0,0,0,0,"wilsh102","F","F","F","F",0,0,0,0,0,0,0,0,0,0,F,F,"1924NY1.EVN.regular.event.csv",1313
"NY1192406130","CIN",3,0,2,0,0,"",1,0,"bresr101","?","bresr101","?","watsm103","?","watsm103","?","gowdh101","kellg101","frisf101","grohh101","jackt101","meusi101","wilsh102","younr101","walkc101","","","53","F","F",3,3,2,"T","T",0,"F","F",1,"F","F",0,"F","F",5,"G","F","F","",0,0,"N",0,"N",0,"N",0,1,0,0,"53","","","","F","F","F","F","F","F","F","F","F","watsm103","","","F","F","F","F","F","","","","",0,3,0,0,5,0,0,0,0,18,"NY1","CIN","NY1",0,"F","T",1,0,0,11,3,"T","F",1,1,"T","T","duncp101","fowlb101","T","T",8,2,17,0,0,0,0,0,0,"gowdh101","","",0,0,0,0,0,0,0,0,0,0,0,0,0,"grohh101","F","F","F","F",0,0,0,0,0,0,0,0,0,0,F,F,"1924NY1.EVN.regular.event.csv",1314
"NY1192406130","CIN",3,1,0,0,0,"",1,0,"grohh101","?","grohh101","?","rixee101","?","rixee101","?","wingi101","bresr101","crith101","fowlb101","cavei101","duncp101","walkc101","burng101","","","","7/L","T","F",5,7,2,"T","T",0,"F","F",1,"F","F",0,"F","F",7,"L","F","F","",0,0,"N",0,"N",0,"N",0,0,0,0,"7","","","","F","F","F","F","F","F","F","F","F","","","","F","F","F","F","F","","","","",0,7,0,0,0,0,0,0,0,19,"NY1","NY1","CIN",1,"T","F",0,1,0,6,0,"T","F",0,0,"T","T","gowdh101","watsm103","T","T",0,0,0,0,0,0,0,0,0,"","","",0,0,0,0,0,0,0,0,0,0,0,0,0,"duncp101","F","F","F","F",0,0,0,0,0,0,0,0,0,0,F,F,"1924NY1.EVN.regular.event.csv",1315
"NY1192406130","CIN",3,1,1,0,0,"",1,0,"gowdh101","?","gowdh101","?","rixee101","?","rixee101","?","wingi101","bresr101","crith101","fowlb101","cavei101","duncp101","walkc101","burng101","","","","K","F","F",2,8,3,"T","T",0,"F","F",1,"F","F",0,"F","F",0,"","F","F","",0,0,"N",0,"N",0,"N",0,0,0,0,"2","","","","F","F","F","F","F","F","F","F","F","","","","F","F","F","F","F","","","","",0,2,0,0,0,0,0,0,0,20,"NY1","NY1","CIN",1,"F","F",0,1,0,7,1,"T","F",0,0,"T","T","watsm103","younr101","T","T",0,0,0,0,0,0,0,0,0,"","","",0,0,0,0,0,0,0,0,0,0,0,0,0,"","F","F","F","F",0,0,0,0,0,0,0,0,0,0,F,F,"1924NY1.EVN.regular.event.csv",1316
"NY1192406130","CIN",3,1,2,0,0,"",1,0,"watsm103","?","watsm103","?","rixee101","?","rixee101","?","wingi101","bresr101","crith101","fowlb101","cavei101","duncp101","walkc101","burng101","","","","8/F","F","F",1,9,2,"T","T",0,"F","F",1,"F","F",0,"F","F",8,"F","F","F","",0,0,"N",0,"N",0,"N",0,0,0,0,"8","","","","F","F","F","F","F","F","F","F","F","","","","F","F","F","F","F","","","","",0,8,0,0,0,0,0,0,0,21,"NY1","NY1","CIN",1,"F","T",0,1,0,8,2,"T","F",0,0,"T","T","younr101","frisf101","T","T",0,0,0,0,0,0,0,0,0,"","","",0,0,0,0,0,0,0,0,0,0,0,0,0,"walkc101","F","F","F","F",0,0,0,0,0,0,0,0,0,0,F,F,"1924NY1.EVN.regular.event.csv",1317
"NY1192406130","CIN",4,0,0,0,0,"",1,0,"duncp101","?","duncp101","?","watsm103","?","watsm103","?","gowdh101","kellg101","frisf101","grohh101","jackt101","meusi101","wilsh102","younr101","","","","8/F89D","T","F",7,4,2,"T","T",0,"F","F",1,"F","F",0,"F","F",8,"F","F","F","89D",0,0,"N",0,"N",0,"N",0,0,0,0,"8","","","","F","F","F","F","F","F","F","F","F","","","","F","F","F","F","F","","","","",0,8,0,0,0,0,0,0,0,22,"NY1","CIN","NY1",0,"T","F",1,0,0,12,0,"T","F",0,0,"T","T","fowlb101","cavei101","T","T",0,0,0,0,0,0,0,0,0,"","","",0,0,0,0,0,0,0,0,0,0,0,0,0,"wilsh102","F","F","F","F",0,0,0,0,0,0,0,0,0,0,F,F,"1924NY1.EVN.regular.event.csv",1318
"NY1192406130","CIN",4,0,1,0,0,"",1,0,"fowlb101","?","fowlb101","?","watsm103","?","watsm103","?","gowdh101","kellg101","frisf101","grohh101","jackt101","meusi101","wilsh102","younr101","","","","43","F","F",5,5,2,"T","T",0,"F","F",1,"F","F",0,"F","F",4,"G","F","F","",0,0,"N",0,"N",0,"N",0,0,0,0,"43","","","","F","F","F","F","F","F","F","F","F","","","","F","F","F","F","F","","","","",0,3,0,0,4,0,0,0,0,23,"NY1","CIN","NY1",0,"F","F",1,0,0,13,1,"T","F",0,0,"T","T","cavei101","crith101","T","T",0,0,0,0,0,0,0,0,0,"","","",0,0,0,0,0,0,0,0,0,0,0,0,0,"frisf101","F","F","F","F",0,0,0,0,0,0,0,0,0,0,F,F,"1924NY1.EVN.regular.event.csv",1319
"NY1192406130","CIN",4,0,2,0,0,"",1,0,"cavei101","?","cavei101","?","watsm103","?","watsm103","?","gowdh101","kellg101","frisf101","grohh101","jackt101","meusi101","wilsh102","younr101","","","","S7","F","F",6,6,20,"T","T",1,"F","F",0,"F","F",0,"F","F",7,"","F","F","",0,0,"N",0,"N",0,"N",1,0,0,0,"","","","","F","F","F","F","F","F","F","F","F","","","","F","F","F","F","F","","","","",0,0,0,0,0,0,0,0,0,24,"NY1","CIN","NY1",0,"F","F",1,0,0,14,2,"T","F",0,1,"T","T","crith101","wingi101","T","T",0,0,0,0,0,0,0,0,0,"","","",0,0,0,0,0,0,0,0,0,0,0,0,0,"meusi101","F","F","F","F",0,0,0,0,0,0,0,0,0,0,F,F,"1924NY1.EVN.regular.event.csv",1320
"NY1192406130","CIN",4,0,2,0,0,"",1,0,"crith101","?","crith101","?","watsm103","?","watsm103","?","gowdh101","kellg101","frisf101","grohh101","jackt101","meusi101","wilsh102","younr101","cavei101","","","53","F","F",4,7,2,"T","T",0,"F","F",1,"F","F",0,"F","F",5,"G","F","F","",0,0,"N",0,"N",0,"N",0,1,0,0,"53","","","","F","F","F","F","F","F","F","F","F","watsm103","","","F","F","F","F","F","","","","",0,3,0,0,5,0,0,0,0,25,"NY1","CIN","NY1",0,"F","T",1,0,0,15,3,"T","F",1,1,"T","T","wingi101","rixee101","T","T",6,6,24,0,0,0,0,0,0,"gowdh101","","",0,0,0,0,0,0,0,0,0,0,0,0,0,"grohh101","F","F","F","F",0,0,0,0,0,0,0,0,0,0,F,F,"1924NY1.EVN.regular.event.csv",1321
"NY1192406130","CIN",4,1,0,0,0,"",1,0,"younr101","?","younr101","?","rixee101","?","rixee101","?","wingi101","bresr101","crith101","fowlb101","cavei101","duncp101","walkc101","burng101","","","","8/L","T","F",9,1,2,"T","T",0,"F","F",1,"F","F",0,"F","F",8,"L","F","F","",0,0,"N",0,"N",0,"N",0,0,0,0,"8","","","","F","F","F","F","F","F","F","F","F","","","","F","F","F","F","F","","","","",0,8,0,0,0,0,0,0,0,26,"NY1","NY1","CIN",1,"T","F",0,1,0,9,0,"T","F",0,0,"T","T","frisf101","wilsh102","T","T",0,0,0,0,0,0,0,0,0,"","","",0,0,0,0,0,0,0,0,0,0,0,0,0,"walkc101","F","F","F","F",0,0,0,0,0,0,0,0,0,0,F,F,"1924NY1.EVN.regular.event.csv",1322
"NY1192406130","CIN",4,1,1,0,0,"",1,0,"frisf101","?","frisf101","?","rixee101","?","rixee101","?","wingi101","bresr101","crith101","fowlb101","cavei101","duncp101","walkc101","burng101","","","","43","F","F",4,2,2,"T","T",0,"F","F",1,"F","F",0,"F","F",4,"G","F","F","",0,0,"N",0,"N",0,"N",0,0,0,0,"43","","","","F","F","F","F","F","F","F","F","F","","","","F","F","F","F","F","","","","",0,3,0,0,4,0,0,0,0,27,"NY1","NY1","CIN",1,"F","F",0,1,0,10,1,"T","F",0,0,"T","T","wilsh102","kellg101","T","T",0,0,0,0,0,0,0,0,0,"","","",0,0,0,0,0,0,0,0,0,0,0,0,0,"crith101","F","F","F","F",0,0,0,0,0,0,0,0,0,0,F,F,"1924NY1.EVN.regular.event.csv",1323
"NY1192406130","CIN",4,1,2,0,0,"",1,0,"wilsh102","?","wilsh102","?","rixee101","?","rixee101","?","wingi101","bresr101","crith101","fowlb101","cavei101","duncp101","walkc101","burng101","","","","8/F","F","F",8,3,2,"T","T",0,"F","F",1,"F","F",0,"F","F",8,"F","F","F","",0,0,"N",0,"N",0,"N",0,0,0,0,"8","","","","F","F","F","F","F","F","F","F","F","","","","F","F","F","F","F","","","","",0,8,0,0,0,0,0,0,0,28,"NY1","NY1","CIN",1,"F","T",0,1,0,11,2,"T","F",0,0,"T","T","kellg101","meusi101","T","T",0,0,0,0,0,0,0,0,0,"","","",0,0,0,0,0,0,0,0,0,0,0,0,0,"walkc101","F","F","F","F",0,0,0,0,0,0,0,0,0,0,F,F,"1924NY1.EVN.regular.event.csv",1324
"NY1192406130","CIN",5,0,0,0,0,"",1,0,"wingi101","?","wingi101","?","watsm103","?","watsm103","?","gowdh101","kellg101","frisf101","grohh101","jackt101","meusi101","wilsh102","younr101","","","","6/P","T","F",2,8,2,"T","T",0,"F","F",1,"F","F",0,"F","F",6,"P","F","F","",0,0,"N",0,"N",0,"N",0,0,0,0,"6","","","","F","F","F","F","F","F","F","F","F","","","","F","F","F","F","F","","","","",0,6,0,0,0,0,0,0,0,29,"NY1","CIN","NY1",0,"T","F",1,0,0,16,0,"T","F",0,0,"T","T","rixee101","burng101","T","T",0,0,0,0,0,0,0,0,0,"","","",0,0,0,0,0,0,0,0,0,0,0,0,0,"jackt101","F","F","F","F",0,0,0,0,0,0,0,0,0,0,F,F,"1924NY1.EVN.regular.event.csv",1325
"NY1192406130","CIN",5,0,1,0,0,"",1,0,"rixee101","?","rixee101","?","watsm103","?","watsm103","?","gowdh101","kellg101","frisf101","grohh101","jackt101","meusi101","wilsh102","younr101","","","","13","F","F",1,9,2,"T","T",0,"F","F",1,"F","F",0,"F","F",1,"G","F","F","",0,0,"N",0,"N",0,"N",0,0,0,0,"13","","","","F","F","F","F","F","F","F","F","F","","","","F","F","F","F","F","","","","",0,3,0,0,1,0,0,0,0,30,"NY1","CIN","NY1",0,"F","F",1,0,0,17,1,"T","F",0,0,"T","T","burng101","walkc101","T","T",0,0,0,0,0,0,0,0,0,"","","",0,0,0,0,0,0,0,0,0,0,0,0,0,"watsm103","F","F","F","F",0,0,0,0,0,0,0,0,0,0,F,F,"1924NY1.EVN.regular.event.csv",1326
"NY1192406130","CIN",5,0,2,0,0,"",1,0,"burng101","?","burng101","?","watsm103","?","watsm103","?","gowdh101","kellg101","frisf101","grohh101","jackt101","meusi101","wilsh102","younr101","","","","W","F","F",9,1,14,"T","F",0,"F","F",0,"F","F",0,"F","F",0,"","F","F","",0,0,"N",0,"N",0,"N",1,0,0,0,"","","","","F","F","F","F","F","F","F","F","F","","","","F","F","F","F","F","","","","",0,0,0,0,0,0,0,0,0,31,"NY1","CIN","NY1",0,"F","F",1,0,0,18,2,"T","F",0,1,"T","T","walkc101","bresr101","T","T",0,0,0,0,0,0,0,0,0,"","","",0,0,0,0,0,0,0,0,0,0,0,0,0,"","F","F","F","F",0,0,0,0,0,0,0,0,0,0,F,F,"1924NY1.EVN.regular.event.csv",1327
"NY1192406130","CIN",5,0,2,0,0,"",1,0,"walkc101","?","walkc101","?","watsm103","?","watsm103","?","gowdh101","kellg101","frisf101","grohh101","jackt101","meusi101","wilsh102","younr101","burng101","","","43","F","F",8,2,2,"T","T",0,"F","F",1,"F","F",0,"F","F",4,"G","F","F","",0,0,"N",0,"N",0,"N",0,1,0,0,"43","","","","F","F","F","F","F","F","F","F","F","watsm103","","","F","F","F","F","F","","","","",0,3,0,0,4,0,0,0,0,32,"NY1","CIN","NY1",0,"F","T",1,0,0,19,3,"T","F",1,1,"T","T","bresr101","duncp101","T","T",9,1,31,0,0,0,0,0,0,"gowdh101","","",0,0,0,0,0,0,0,0,0,0,0,0,0,"frisf101","F","F","F","F",0,0,0,0,0,0,0,0,0,0,F,F,"1924NY1.EVN.regular.event.csv",1328
"NY1192406130","CIN",5,1,0,0,0,"",1,0,"kellg101","?","kellg101","?","rixee101","?","rixee101","?","wingi101","bresr101","crith101","fowlb101","cavei101","duncp101","walkc101","burng101","","","","K","T","F",3,4,3,"T","T",0,"F","F",1,"F","F",0,"F","F",0,"","F","F","",0,0,"N",0,"N",0,"N",0,0,0,0,"2","","","","F","F","F","F","F","F","F","F","F","","","","F","F","F","F","F","","","","",0,2,0,0,0,0,0,0,0,33,"NY1","NY1","CIN",1,"T","F",0,1,0,12,0,"T","F",0,0,"T","T","meusi101","jackt101","T","T",0,0,0,0,0,0,0,0,0,"","","",0,0,0,0,0,0,0,0,0,0,0,0,0,"","F","F","F","F",0,0,0,0,0,0,0,0,0,0,F,F,"1924NY1.EVN.regular.event.csv",1329
"NY1192406130","CIN",5,1,1,0,0,"",1,0,"meusi101","?","meusi101","?","rixee101","?","rixee101","?","wingi101","bresr101","crith101","fowlb101","cavei101","duncp101","walkc101","burng101","","","","S9","F","F",7,5,20,"T","T",1,"F","F",0,"F","F",0,"F","F",9,"","F","F","",0,0,"N",0,"N",0,"N",1,0,0,0,"","","","","F","F","F","F","F","F","F","F","F","","","","F","F","F","F","F","","","","",0,0,0,0,0,0,0,0,0,34,"NY1","NY1","CIN",1,"F","F",0,1,0,13,1,"T","F",0,1,"T","T","jackt101","grohh101","T","T",0,0,0,0,0,0,0,0,0,"","","",0,0,0,0,0,0,0,0,0,0,0,0,0,"burng101","F","F","F","F",0,0,0,0,0,0,0,0,0,0,F,F,"1924NY1.EVN.regular.event.csv",1330
"NY1192406130","CIN",5,1,1,0,0,"",1,0,"jackt101","?","jackt101","?","rixee101","?","rixee101","?","wingi101","bresr101","crith101","fowlb101","cavei101","duncp101","walkc101","burng101","meusi101","","","64(1)/FO","F","F",6,6,2,"T","T",0,"F","F",1,"F","F",0,"F","F",6,"G","F","F","",0,0,"N",0,"N",0,"N",1,0,0,0,"","64","","","F","F","F","F","F","F","F","F","F","rixee101","","","F","F","F","F","F","","","","",0,4,0,0,6,0,0,0,0,35,"NY1","NY1","CIN",1,"F","F",0,1,0,14,2,"T","F",1,1,"T","T","grohh101","gowdh101","T","T",7,5,34,0,0,0,0,0,0,"wingi101","","",0,0,0,0,0,0,0,0,0,0,0,0,0,"cavei101","T","F","F","F",0,0,0,0,0,0,0,0,0,0,F,F,"1924NY1.EVN.regular.event.csv",1331
"NY1192406130","CIN",5,1,2,0,0,"",1,0,"grohh101","?","grohh101","?","rixee101","?","rixee101","?","wingi101","bresr101","crith101","fowlb101","cavei101","duncp101","walkc101","burng101","jackt101","","","7/F","F","F",5,7,2,"T","T",0,"F","F",1,"F","F",0,"F","F",7,"F","F","F","",0,0,"N",0,"N",0,"N",0,1,0,0,"7","","","","F","F","F","F","F","F","F","F","F","rixee101","","","F","F","F","F","F","","","","",0,7,0,0,0,0,0,0,0,36,"NY1","NY1","CIN",1,"F","T",0,1,0,15,3,"T","F",1,1,"T","T","gowdh101","watsm103","T","T",6,6,35,0,0,0,0,0,0,"wingi101","","",0,0,0,0,0,0,0,0,0,0,0,0,0,"duncp101","F","F","F","F",0,0,0,0,0,0,0,0,0,0,F,F,"1924NY1.EVN.regular.event.csv",1332
"NY1192406130","CIN",6,0,0,0,0,"",1,0,"bresr101","?","bresr101","?","watsm103","?","watsm103","?","gowdh101","kellg101","frisf101","grohh101","jackt101","meusi101","wilsh102","younr101","","","","63","T","F",3,3,2,"T","T",0,"F","F",1,"F","F",0,"F","F",6,"G","F","F","",0,0,"N",0,"N",0,"N",0,0,0,0,"63","","","","F","F","F","F","F","F","F","F","F","","","","F","F","F","F","F","","","","",0,3,0,0,6,0,0,0,0,37,"NY1","CIN","NY1",0,"T","F",1,0,0,20,0,"T","F",0,0,"T","T","duncp101","fowlb101","T","T",0,0,0,0,0,0,0,0,0,"","","",0,0,0,0,0,0,0,0,0,0,0,0,0,"jackt101","F","F","F","F",0,0,0,0,0,0,0,0,0,0,F,F,"1924NY1.EVN.regular.event.csv",1333
"NY1192406130","CIN",6,0,1,0,0,"",1,0,"duncp101","?","duncp101","?","watsm103","?","watsm103","?","gowdh101","kellg101","frisf101","grohh101","jackt101","meusi101","wilsh102","younr101","","","","S7","F","F",7,4,20,"T","T",1,"F","F",0,"F","F",0,"F","F",7,"","F","F","",0,0,"N",0,"N",0,"N",1,0,0,0,"","","","","F","F","F","F","F","F","F","F","F","","","","F","F","F","F","F","","","","",0,0,0,0,0,0,0,0,0,38,"NY1","CIN","NY1",0,"F","F",1,0,0,21,1,"T","F",0,1,"T","T","fowlb101","cavei101","T","T",0,0,0,0,0,0,0,0,0,"","","",0,0,0,0,0,0,0,0,0,0,0,0,0,"meusi101","F","F","F","F",0,0,0,0,0,0,0,0,0,0,F,F,"1924NY1.EVN.regular.event.csv",1334
"NY1192406130","CIN",6,0,1,0,0,"",1,0,"fowlb101","?","fowlb101","?","watsm103","?","watsm103","?","gowdh101","kellg101","frisf101","grohh101","jackt101","meusi101","wilsh102","younr101","duncp101","","","S8.1-2","F","F",5,5,20,"T","T",1,"F","F",0,"F","F",0,"F","F",8,"","F","F","",0,0,"N",0,"N",0,"N",1,2,0,0,"","","","","F","F","F","F","F","F","F","F","F","watsm103","","","F","F","F","F","F","","","","",0,0,0,0,0,0,0,0,0,39,"NY1","CIN","NY1",0,"F","F",1,0,0,22,2,"T","F",1,3,"T","T","cavei101","crith101","T","T",7,4,38,0,0,0,0,0,0,"gowdh101","","",0,0,0,0,0,0,0,0,0,0,0,0,0,"wilsh102","F","F","F","F",0,0,0,0,0,0,0,0,0,0,F,F,"1924NY1.EVN.regular.event.csv",1335
"NY1192406130","CIN",6,0,1,0,0,"",1,0,"cavei101","?","cavei101","?","watsm103","?","watsm103","?","gowdh101","kellg101","frisf101","grohh101","jackt101","meusi101","wilsh102","younr101","fowlb101","duncp101","","16(1)/FO.2-3","F","F",6,6,2,"T","T",0,"F","F",1,"F","F",0,"F","F",1,"G","F","F","",0,0,"N",0,"N",0,"N",1,0,3,0,"","16","","","F","F","F","F","F","F","F","F","F","watsm103","watsm103","","F","F","F","F","F","","","","",0,6,0,0,1,0,0,0,0,40,"NY1","CIN","NY1",0,"F","F",1,0,0,23,3,"T","F",3,5,"T","T","crith101","wingi101","T","T",5,5,39,7,4,38,0,0,0,"gowdh101","gowdh101","",0,0,0,0,0,0,0,0,0,0,0,0,0,"watsm103","T","F","F","F",0,0,0,0,0,0,0,0,0,0,F,F,"1924NY1.EVN.regular.event.csv",1336
"NY1192406130","CIN",6,0,2,0,0,"",1,0,"crith101","?","crith101","?","watsm103","?","watsm103","?","gowdh101","kellg101","frisf101","grohh101","jackt101","meusi101","wilsh102","younr101","cavei101","","duncp101","3/P","F","F",4,7,2,"T","T",0,"F","F",1,"F","F",0,"F","F",3,"P","F","F","",0,0,"N",0,"N",0,"N",0,1,0,3,"3","","","","F","F","F","F","F","F","F","F","F","watsm103","","watsm103","F","F","F","F","F","","","","",0,3,0,0,0,0,0,0,0,41,"NY1","CIN","NY1",0,"F","T",1,0,0,24,4,"T","F",5,5,"T","T","wingi101","rixee101","T","T",6,6,40,0,0,0,7,4,38,"gowdh101","","gowdh101",0,0,0,0,0,0,0,0,0,0,0,0,0,"kellg101","F","F","F","F",0,0,0,0,0,0,0,0,0,0,F,F,"1924NY1.EVN.regular.event.csv",1337
"NY1192406130","CIN",6,1,0,0,0,"",1,0,"gowdh101","?","gowdh101","?","rixee101","?","rixee101","?","wingi101","bresr101","crith101","fowlb101","cavei101","duncp101","walkc101","burng101","","","","4/L","T","F",2,8,2,"T","T",0,"F","F",1,"F","F",0,"F","F",4,"L","F","F","",0,0,"N",0,"N",0,"N",0,0,0,0,"4","","","","F","F","F","F","F","F","F","F","F","","","","F","F","F","F","F","","","","",0,4,0,0,0,0,0,0,0,42,"NY1","NY1","CIN",1,"T","F",0,1,0,16,0,"T","F",0,0,"T","T","watsm103","younr101","T","T",0,0,0,0,0,0,0,0,0,"","","",0,0,0,0,0,0,0,0,0,0,0,0,0,"crith101","F","F","F","F",0,0,0,0,0,0,0,0,0,0,F,F,"1924NY1.EVN.regular.event.csv",1338
"NY1192406130","CIN",6,1,1,0,0,"",1,0,"watsm103","?","watsm103","?","rixee101","?","rixee101","?","wingi101","bresr101","crith101","fowlb101","cavei101","duncp101","walkc101","burng101","","","","T/78D","F","F",1,9,22,"T","T",3,"F","F",0,"F","F",0,"F","F",0,"","F","F","78D",0,0,"N",0,"N",0,"N",3,0,0,0,"","","","","F","F","F","F","F","F","F","F","F","","","","F","F","F","F","F","","","","",0,0,0,0,0,0,0,0,0,43,"NY1","NY1","CIN",1,"F","F",0,1,0,17,1,"T","F",0,4,"T","T","younr101","frisf101","T","T",0,0,0,0,0,0,0,0,0,"","","",0,0,0,0,0,0,0,0,0,0,0,0,0,"","F","F","F","F",0,0,0,0,0,0,0,0,0,0,F,F,"1924NY1.EVN.regular.event.csv",1339
"NY1192406130","CIN",6,1,1,0,0,"",1,0,"younr101","?","younr101","?","rixee101","?","rixee101","?","wingi101","bresr101","crith101","fowlb101","cavei101","duncp101","walkc101","burng101","","","watsm103","FC4.3XH(42)","F","F",9,1,19,"T","T",0,"F","F",1,"F","F",0,"F","F",4,"G","F","F","",0,0,"N",0,"N",0,"N",1,0,0,0,"","","","42","F","F","F","F","F","F","F","F","F","","","rixee101","F","F","F","F","F","","","","",0,2,0,0,4,0,0,0,0,44,"NY1","NY1","CIN",1,"F","F",0,1,0,18,2,"T","F",4,1,"T","T","frisf101","wilsh102","T","T",0,0,0,0,0,0,1,9,43,"","","wingi101",0,0,0,0,0,0,0,0,0,0,0,0,0,"crith101","F","F","F","F",0,0,0,0,0,0,0,0,0,0,F,F,"1924NY1.EVN.regular.event.csv",1340
"NY1192406130","CIN",6,1,2,0,0,"",1,0,"frisf101","?","frisf101","?","rixee101","?","rixee101","?","wingi101","bresr101","crith101","fowlb101","cavei101","duncp101","walkc101","burng101","younr101","","","4/FL","F","F",4,2,2,"T","T",0,"F","F",1,"F","F",0,"F","F",4,"F","F","T","",0,0,"N",0,"N",0,"N",0,1,0,0,"4","","","","F","F","F","F","F","F","F","F","F","rixee101","","","F","F","F","F","F","","","","",0,4,0,0,0,0,0,0,0,45,"NY1","NY1","CIN",1,"F","T",0,1,0,19,3,"T","F",1,1,"T","T","wilsh102","kellg101","T","T",9,1,44,0,0,0,0,0,0,"wingi101","","",0,0,0,0,0,0,0,0,0,0,0,0,0,"crith101","F","F","F","F",0,0,0,0,0,0,0,0,0,0,F,F,"1924NY1.EVN.regular.event.csv",1341
"NY1192406130","CIN",7,0,0,0,0,"",1,0,"wingi101","?","wingi101","?","watsm103","?","watsm103","?","gowdh101","kellg101","frisf101","grohh101","jackt101","meusi101","wilsh102","younr101","","","","5/FL","T","F",2,8,2,"T","T",0,"F","F",1,"F","F",0,"F","F",5,"F","F","T","",0,0,"N",0,"N",0,"N",0,0,0,0,"5","","","","F","F","F","F","F","F","F","F","F","","","","F","F","F","F","F","","","","",0,5,0,0,0,0,0,0,0,46,"NY1","CIN","NY1",0,"T","F",1,0,0,25,0,"T","F",0,0,"T","T","rixee101","burng101","T","T",0,0,0,0,0,0,0,0,0,"","","",0,0,0,0,0,0,0,0,0,0,0,0,0,"grohh101","F","F","F","F",0,0,0,0,0,0,0,0,0,0,F,F,"1924NY1.EVN.regular.event.csv",1342
"NY1192406130","CIN",7,0,1,0,0,"",1,0,"rixee101","?","rixee101","?","watsm103","?","watsm103","?","gowdh101","kellg101","frisf101","grohh101","jackt101","meusi101","wilsh102","younr101","","","","8/F","F","F",1,9,2,"T","T",0,"F","F",1,"F","F",0,"F","F",8,"F","F","F","",0,0,"N",0,"N",0,"N",0,0,0,0,"8","","","","F","F","F","F","F","F","F","F","F","","","","F","F","F","F","F","","","","",0,8,0,0,0,0,0,0,0,47,"NY1","CIN","NY1",0,"F","F",1,0,0,26,1,"T","F",0,0,"T","T","burng101","walkc101","T","T",0,0,0,0,0,0,0,0,0,"","","",0,0,0,0,0,0,0,0,0,0,0,0,0,"wilsh102","F","F","F","F",0,0,0,0,0,0,0,0,0,0,F,F,"1924NY1.EVN.regular.event.csv",1343
"NY1192406130","CIN",7,0,2,0,0,"",1,0,"burng101","?","burng101","?","watsm103","?","watsm103","?","gowdh101","kellg101","frisf101","grohh101","jackt101","meusi101","wilsh102","younr101","","","","8/F","F","F",9,1,2,"T","T",0,"F","F",1,"F","F",0,"F","F",8,"F","F","F","",0,0,"N",0,"N",0,"N",0,0,0,0,"8","","","","F","F","F","F","F","F","F","F","F","","","","F","F","F","F","F","","","","",0,8,0,0,0,0,0,0,0,48,"NY1","CIN","NY1",0,"F","T",1,0,0,27,2,"T","F",0,0,"T","T","walkc101","bresr101","T","T",0,0,0,0,0,0,0,0,0,"","","",0,0,0,0,0,0,0,0,0,0,0,0,0,"wilsh102","F","F","F","F",0,0,0,0,0,0,0,0,0,0,F,F,"1924NY1.EVN.regular.event.csv",1344
"NY1192406130","CIN",7,1,0,0,0,"",1,0,"wilsh102","?","wilsh102","?","rixee101","?","rixee101","?","wingi101","bresr101","crith101","fowlb101","cavei101","duncp101","walkc101","burng101","","","","S9/9S","T","F",8,3,20,"T","T",1,"F","F",0,"F","F",0,"F","F",9,"","F","F","9S",0,0,"N",0,"N",0,"N",1,0,0,0,"","","","","F","F","F","F","F","F","F","F","F","","","","F","F","F","F","F","","","","",0,0,0,0,0,0,0,0,0,49,"NY1","NY1","CIN",1,"T","F",0,1,0,20,0,"T","F",0,1,"T","T","kellg101","meusi101","T","T",0,0,0,0,0,0,0,0,0,"","","",0,0,0,0,0,0,0,0,0,0,0,0,0,"burng101","F","F","F","F",0,0,0,0,0,0,0,0,0,0,F,F,"1924NY1.EVN.regular.event.csv",1345
"NY1192406130","CIN",7,1,0,0,0,"",1,0,"kellg101","?","kellg101","?","rixee101","?","rixee101","?","wingi101","bresr101","crith101","fowlb101","cavei101","duncp101","walkc101","burng101","wilsh102","","","S7.1-3","F","F",3,4,20,"T","T",1,"F","F",0,"F","F",0,"F","F",7,"","F","F","",0,0,"N",0,"N",0,"N",1,3,0,0,"","","","","F","F","F","F","F","F","F","F","F","rixee101","","","F","F","F","F","F","","","","",0,0,0,0,0,0,0,0,0,50,"NY1","NY1","CIN",1,"F","F",0,1,0,21,1,"T","F",1,5,"T","T","meusi101","jackt101","T","T",8,3,49,0,0,0,0,0,0,"wingi101","","",0,0,0,0,0,0,0,0,0,0,0,0,0,"duncp101","F","F","F","F",0,0,0,0,0,0,0,0,0,0,F,F,"1924NY1.EVN.regular.event.csv",1346
"NY1192406130","CIN",7,1,0,0,0,"",1,0,"meusi101","?","meusi101","?","rixee101","?","rixee101","?","wingi101","bresr101","crith101","fowlb101","cavei101","duncp101","walkc101","burng101","kellg101","","wilsh102","4/P","F","F",7,5,2,"T","T",0,"F","F",1,"F","F",0,"F","F",4,"P","F","F","",0,0,"N",0,"N",0,"N",0,1,0,3,"4","","","","F","F","F","F","F","F","F","F","F","rixee101","","rixee101","F","F","F","F","F","","","","",0,4,0,0,0,0,0,0,0,51,"NY1","NY1","CIN",1,"F","F",0,1,0,22,2,"T","F",5,5,"T","T","jackt101","grohh101","T","T",3,4,50,0,0,0,8,3,49,"wingi101","","wingi101",0,0,0,0,0,0,0,0,0,0,0,0,0,"crith101","F","F","F","F",0,0,0,0,0,0,0,0,0,0,F,F,"1924NY1.EVN.regular.event.csv",1347
"NY1192406130","CIN",7,1,1,0,0,"",1,0,"jackt101","?","jackt101","?","rixee101","?","rixee101","?","wingi101","bresr101","crith101","fowlb101","cavei101","duncp101","walkc101","burng101","kellg101","","wilsh102","46(1)3/GDP","F","F",6,6,2,"T","T",0,"F","F",2,"T","F",0,"F","F",4,"G","F","F","",0,0,"N",0,"N",0,"N",0,0,0,3,"63","46","","","F","F","F","F","F","F","F","F","F","rixee101","","rixee101","F","F","F","F","F","","","","",0,6,3,0,4,6,0,0,0,52,"NY1","NY1","CIN",1,"F","T",0,1,0,23,3,"T","F",5,4,"T","T","grohh101","gowdh101","T","T",3,4,50,0,0,0,8,3,49,"wingi101","","wingi101",0,0,0,0,0,0,0,0,0,0,0,0,0,"crith101","T","F","F","F",0,0,0,0,0,0,0,0,0,0,F,F,"1924NY1.EVN.regular.event.csv",1348
"NY1192406130","CIN",8,0,0,0,0,"",1,0,"walkc101","?","walkc101","?","watsm103","?","watsm103","?","gowdh101","kellg101","frisf101","grohh101","jackt101","meusi101","wilsh102","younr101","","","","S7/5L","T","F",8,2,20,"T","T",1,"F","F",0,"F","F",0,"F","F",7,"","F","F","5L",0,0,"N",0,"N",0,"N",1,0,0,0,"","","","","F","F","F","F","F","F","F","F","F","","","","F","F","F","F","F","","","","",0,0,0,0,0,0,0,0,0,53,"NY1","CIN","NY1",0,"T","F",1,0,0,28,0,"T","F",0,1,"T","T","bresr101","duncp101","T","T",0,0,0,0,0,0,0,0,0,"","","",0,0,0,0,0,0,0,0,0,0,0,0,0,"meusi101","F","F","F","F",0,0,0,0,0,0,0,0,0,0,F,F,"1924NY1.EVN.regular.event.csv",1349
"NY1192406130","CIN",8,0,0,0,0,"",1,0,"bresr101","?","bresr101","?","watsm103","?","watsm103","?","gowdh101","kellg101","frisf101","grohh101","jackt101","meusi101","wilsh102","younr101","walkc101","","","46(1)/FO","F","F",3,3,2,"T","T",0,"F","F",1,"F","F",0,"F","F",4,"G","F","F","",0,0,"N",0,"N",0,"N",1,0,0,0,"","46","","","F","F","F","F","F","F","F","F","F","watsm103","","","F","F","F","F","F","","","","",0,6,0,0,4,0,0,0,0,54,"NY1","CIN","NY1",0,"F","F",1,0,0,29,1,"T","F",1,1,"T","T","duncp101","fowlb101","T","T",8,2,53,0,0,0,0,0,0,"gowdh101","","",0,0,0,0,0,0,0,0,0,0,0,0,0,"frisf101","T","F","F","F",0,0,0,0,0,0,0,0,0,0,F,F,"1924NY1.EVN.regular.event.csv",1350
"NY1192406130","CIN",8,0,1,0,0,"",1,0,"duncp101","?","duncp101","?","watsm103","?","watsm103","?","gowdh101","kellg101","frisf101","grohh101","jackt101","meusi101","wilsh102","younr101","bresr101","","","4/P","F","F",7,4,2,"T","T",0,"F","F",1,"F","F",0,"F","F",4,"P","F","F","",0,0,"N",0,"N",0,"N",0,1,0,0,"4","","","","F","F","F","F","F","F","F","F","F","watsm103","","","F","F","F","F","F","","","","",0,4,0,0,0,0,0,0,0,55,"NY1","CIN","NY1",0,"F","F",1,0,0,30,2,"T","F",1,1,"T","T","fowlb101","cavei101","T","T",3,3,54,0,0,0,0,0,0,"gowdh101","","",0,0,0,0,0,0,0,0,0,0,0,0,0,"frisf101","F","F","F","F",0,0,0,0,0,0,0,0,0,0,F,F,"1924NY1.EVN.regular.event.csv",1351
"NY1192406130","CIN",8,0,2,0,0,"",1,0,"fowlb101","?","fowlb101","?","watsm103","?","watsm103","?","gowdh101","kellg101","frisf101","grohh101","jackt101","meusi101","wilsh102","younr101","bresr101","","","7/F","F","F",5,5,2,"T","T",0,"F","F",1,"F","F",0,"F","F",7,"F","F","F","",0,0,"N",0,"N",0,"N",0,1,0,0,"7","","","","F","F","F","F","F","F","F","F","F","watsm103","","","F","F","F","F","F","","","","",0,7,0,0,0,0,0,0,0,56,"NY1","CIN","NY1",0,"F","T",1,0,0,31,3,"T","F",1,1,"T","T","cavei101","crith101","T","T",3,3,54,0,0,0,0,0,0,"gowdh101","","",0,0,0,0,0,0,0,0,0,0,0,0,0,"meusi101","F","F","F","F",0,0,0,0,0,0,0,0,0,0,F,F,"1924NY1.EVN.regular.event.csv",1352
"NY1192406130","CIN",8,1,0,0,0,"",1,0,"grohh101","?","grohh101","?","rixee101","?","rixee101","?","wingi101","bresr101","crith101","fowlb101","cavei101","duncp101","walkc101","burng101","","","","9/F","T","F",5,7,2,"T","T",0,"F","F",1,"F","F",0,"F","F",9,"F","F","F","",0,0,"N",0,"N",0,"N",0,0,0,0,"9","","","","F","F","F","F","F","F","F","F","F","","","","F","F","F","F","F","","","","",0,9,0,0,0,0,0,0,0,57,"NY1","NY1","CIN",1,"T","F",0,1,0,24,0,"T","F",0,0,"T","T","gowdh101","watsm103","T","T",0,0,0,0,0,0,0,0,0,"","","",0,0,0,0,0,0,0,0,0,0,0,0,0,"burng101","F","F","F","F",0,0,0,0,1,0,0,0,0,0,F,F,"1924NY1.EVN.regular.event.csv",1353
"NY1192406130","CIN",8,1,1,0,0,"",1,0,"gowdh101","?","gowdh101","?","rixee101","?","rixee101","?","wingi101","bresr101","crith101","fowlb101","cavei101","duncp101","walkc101","burng101","","","","HR/F9D","F","F",2,8,23,"T","T",4,"F","F",0,"F","F",1,"F","F",0,"F","F","F","9D",0,0,"N",0,"N",0,"N",4,0,0,0,"","","","","F","F","F","F","F","F","F","F","F","","","","F","F","F","F","F","","","","",0,0,0,0,0,0,0,0,0,58,"NY1","NY1","CIN",1,"F","F",0,1,0,25,1,"T","F",0,0,"T","T","watsm103","younr101","T","T",0,0,0,0,0,0,0,0,0,"","","",0,0,0,0,0,0,0,0,0,0,0,0,1,"","F","F","F","F",4,0,0,0,0,0,0,0,0,0,F,F,"1924NY1.EVN.regular.event.csv",1354
"NY1192406130","CIN",8,1,1,0,0,"",1,1,"snydf101","?","snydf101","?","rixee101","?","rixee101","?","wingi101","bresr101","crith101","fowlb101","cavei101","duncp101","walkc101","burng101","","","","S9","F","T",11,9,20,"T","T",1,"F","F",0,"F","F",0,"F","F",9,"","F","F","",0,0,"N",0,"N",0,"N",1,0,0,0,"","","","","F","F","F","F","F","F","F","F","F","","","","F","F","F","F","F","","","","watsm103",1,0,0,0,0,0,0,0,0,59,"NY1","NY1","CIN",1,"F","F",1,1,1,26,2,"T","F",0,1,"F","F","younr101","frisf101","T","T",0,0,0,0,0,0,0,0,0,"","","",0,0,0,0,0,0,0,0,0,0,0,0,0,"burng101","F","F","F","F",3,0,0,0,0,0,0,0,0,0,F,F,"1924NY1.EVN.regular.event.csv",1355
"NY1192406130","CIN",8,1,1,0,0,"",1,1,"younr101","?","younr101","?","rixee101","?","rixee101","?","wingi101","bresr101","crith101","fowlb101","cavei101","duncp101","walkc101","burng101","lindf101","","","4/L","F","F",9,1,2,"T","T",0,"F","F",1,"F","F",0,"F","F",4,"L","F","F","",0,0,"N",0,"N",0,"N",0,1,0,0,"4","","","","F","F","F","F","F","F","F","F","F","rixee101","","","F","F","T","F","F","snydf101","","","",0,4,0,0,0,0,0,0,0,60,"NY1","NY1","CIN",1,"F","F",1,1,1,27,3,"T","F",1,1,"T","T","frisf101","wilsh102","T","T",0,9,59,0,0,0,0,0,0,"wingi101","","",0,0,0,0,0,0,0,0,0,0,0,0,0,"crith101","F","F","F","F",0,3,0,0,0,0,0,0,0,0,F,F,"1924NY1.EVN.regular.event.csv",1356
"NY1192406130","CIN",8,1,2,0,0,"",1,1,"frisf101","?","frisf101","?","rixee101","?","rixee101","?","wingi101","bresr101","crith101","fowlb101","cavei101","duncp101","walkc101","burng101","lindf101","","","S9.1-3","F","F",4,2,20,"T","T",1,"F","F",0,"F","F",0,"F","F",9,"","F","F","",0,0,"N",0,"N",0,"N",1,3,0,0,"","","","","F","F","F","F","F","F","F","F","F","rixee101","","","F","F","F","F","F","","","","",0,0,0,0,0,0,0,0,0,61,"NY1","NY1","CIN",1,"F","F",1,1,1,28,4,"T","F",1,5,"T","T","wilsh102","kellg101","T","T",0,9,59,0,0,0,0,0,0,"wingi101","","",0,0,0,0,0,0,0,0,0,0,0,0,0,"burng101","F","F","F","F",1,3,0,0,0,0,0,0,0,0,F,F,"1924NY1.EVN.regular.event.csv",1357
"NY1192406130","CIN",8,1,2,0,0,"",1,1,"wilsh102","?","wilsh102","?","rixee101","?","rixee101","?","wingi101","bresr101","crith101","fowlb101","cavei101","duncp101","walkc101","burng101","frisf101","","lindf101","K","F","F",8,3,3,"T","T",0,"F","F",1,"F","F",0,"F","F",0,"","F","F","",0,0,"N",0,"N",0,"N",0,1,0,3,"2","","","","F","F","F","F","F","F","F","F","F","rixee101","","rixee101","F","F","F","F","F","","","","",0,2,0,0,0,0,0,0,0,62,"NY1","NY1","CIN",1,"F","T",1,1,1,29,5,"T","F",5,5,"T","T","kellg101","meusi101","T","T",4,2,61,0,0,0,0,9,59,"wingi101","","wingi101",0,0,0,0,0,0,0,0,0,0,0,0,0,"","F","F","F","F",0,1,0,3,0,0,0,0,0,0,F,F,"1924NY1.EVN.regular.event.csv",1358
"NY1192406130","CIN",9,0,0,0,0,"",1,1,"cavei101","?","cavei101","?","deanw101","?","deanw101","?","gowdh101","kellg101","frisf101","grohh101","jackt101","meusi101","wilsh102","younr101","","","","K/C","T","F",6,6,3,"T","T",0,"F","F",1,"F","F",0,"F","F",0,"","F","F","",0,0,"N",0,"N",0,"N",0,0,0,0,"2","","","","F","F","F","F","F","F","F","F","F","","","","F","F","F","F","F","","","","",0,2,0,0,0,0,0,0,0,63,"NY1","CIN","NY1",0,"T","F",1,1,0,32,0,"T","F",0,0,"T","T","crith101","wingi101","F","F",0,0,0,0,0,0,0,0,0,"","","",0,0,0,0,0,0,0,0,0,0,0,0,0,"","F","F","F","F",0,0,0,0,0,0,0,0,0,0,F,F,"1924NY1.EVN.regular.event.csv",1359
"NY1192406130","CIN",9,0,1,0,0,"",1,1,"crith101","?","crith101","?","deanw101","?","deanw101","?","gowdh101","kellg101","frisf101","grohh101","jackt101","meusi101","wilsh102","younr101","","","","63","F","F",4,7,2,"T","T",0,"F","F",1,"F","F",0,"F","F",6,"G","F","F","",0,0,"N",0,"N",0,"N",0,0,0,0,"63","","","","F","F","F","F","F","F","F","F","F","","","","F","F","F","F","F","","","","",0,3,0,0,6,0,0,0,0,64,"NY1","CIN","NY1",0,"F","F",1,1,0,33,1,"T","F",0,0,"T","T","wingi101","rixee101","F","F",0,0,0,0,0,0,0,0,0,"","","",0,0,0,0,0,0,0,0,0,0,0,0,0,"jackt101","F","F","F","F",0,0,0,0,0,0,0,0,0,0,F,F,"1924NY1.EVN.regular.event.csv",1360
"NY1192406130","CIN",9,0,2,0,0,"",1,1,"wingi101","?","wingi101","?","deanw101","?","deanw101","?","gowdh101","kellg101","frisf101","grohh101","jackt101","meusi101","wilsh102","younr101","","","","3/G","F","F",2,8,2,"T","T",0,"F","F",1,"F","F",0,"F","F",3,"G","F","F","",0,0,"N",0,"N",0,"N",0,0,0,0,"3","","","","F","F","F","F","F","F","F","F","F","","","","F","F","F","F","F","","","","",0,3,0,0,0,0,0,0,0,65,"NY1","CIN","NY1",0,"F","T",1,1,0,34,2,"T","F",0,0,"T","T","rixee101","burng101","F","F",0,0,0,0,0,0,0,0,0,"","","",0,0,0,0,0,0,0,0,0,0,0,0,0,"kellg101","F","F","F","F",0,0,0,0,0,0,0,0,0,0,F,F,"1924NY1.EVN.regular.event.csv",1361
"NY1192406130","CIN",9,1,0,0,0,"",1,1,"kellg101","?","kellg101","?","rixee101","?","rixee101","?","wingi101","bresr101","crith101","fowlb101","cavei101","duncp101","walkc101","burng101","","","","D9/9LDW","T","F",3,4,21,"T","T",2,"F","F",0,"F","F",0,"F","F",9,"","F","F","9LDW",0,0,"N",0,"N",0,"N",2,0,0,0,"","","","","F","F","F","F","F","F","F","F","F","","","","F","F","F","F","F","","","","",0,0,0,0,0,0,0,0,0,66,"NY1","NY1","CIN",1,"T","F",1,1,0,30,0,"T","F",0,2,"T","T","meusi101","jackt101","T","T",0,0,0,0,0,0,0,0,0,"","","",0,0,0,0,0,0,0,0,0,0,0,0,0,"burng101","F","F","F","F",0,0,0,0,0,0,0,0,0,0,F,F,"1924NY1.EVN.regular.event.csv",1362
"NY1192406130","CIN",9,1,0,0,0,"",1,1,"meusi101","?","meusi101","?","rixee101","?","rixee101","?","wingi101","bresr101","crith101","fowlb101","cavei101","duncp101","walkc101","burng101","","kellg101","","4/P4D","F","F",7,5,2,"T","T",0,"F","F",1,"F","F",0,"F","F",4,"P","F","F","4D",0,0,"N",0,"N",0,"N",0,0,2,0,"4","","","","F","F","F","F","F","F","F","F","F","","rixee101","","F","F","F","F","F","","","","",0,4,0,0,0,0,0,0,0,67,"NY1","NY1","CIN",1,"F","F",1,1,0,31,1,"T","F",2,2,"T","T","jackt101","grohh101","T","T",0,0,0,3,4,66,0,0,0,"","wingi101","",0,0,0,0,0,0,0,0,0,0,0,0,0,"crith101","F","F","F","F",0,0,0,0,0,0,0,0,0,0,F,F,"1924NY1.EVN.regular.event.csv",1363
"NY1192406130","CIN",9,1,1,0,0,"",1,1,"jackt101","?","jackt101","?","rixee101","?","rixee101","?","wingi101","bresr101","crith101","fowlb101","cavei101","duncp101","walkc101","burng101","","kellg101","","7/F7D.2-3","F","F",6,6,2,"T","T",0,"F","F",1,"F","F",0,"F","F",7,"F","F","F","7D",0,0,"N",0,"N",0,"N",0,0,3,0,"7","","","","F","F","F","F","F","F","F","F","F","","rixee101","","F","F","F","F","F","","","","",0,7,0,0,0,0,0,0,0,68,"NY1","NY1","CIN",1,"F","F",1,1,0,32,2,"T","F",2,4,"T","T","grohh101","gowdh101","T","T",0,0,0,3,4,66,0,0,0,"","wingi101","",0,0,0,0,0,0,0,0,0,0,0,0,0,"duncp101","F","F","F","F",0,0,0,0,0,0,0,0,0,0,F,F,"1924NY1.EVN.regular.event.csv",1364
"NY1192406130","CIN",9,1,2,0,0,"",1,1,"grohh101","?","grohh101","?","rixee101","?","rixee101","?","wingi101","bresr101","crith101","fowlb101","cavei101","duncp101","walkc101","burng101","","","kellg101","3/FL","F","F",5,7,2,"T","T",0,"F","F",1,"F","F",0,"F","F",3,"F","F","T","",0,0,"N",0,"N",0,"N",0,0,0,3,"3","","","","F","F","F","F","F","F","F","F","F","","","rixee101","F","F","F","F","F","","","","",0,3,0,0,0,0,0,0,0,69,"NY1","NY1","CIN",1,"F","T",1,1,0,33,3,"T","F",4,4,"T","T","gowdh101","deanw101","T","T",0,0,0,0,0,0,3,4,66,"","","wingi101",0,0,0,0,0,0,0,0,0,0,0,0,0,"bresr101","F","F","F","F",0,0,0,0,0,0,0,0,0,0,F,F,"1924NY1.EVN.regular.event.csv",1365
"NY1192406130","CIN",10,0,0,0,0,"",1,1,"rixee101","?","rixee101","?","deanw101","?","deanw101","?","gowdh101","kellg101","frisf101","grohh101","jackt101","meusi101","wilsh102","younr101","","","","8/F","T","F",1,9,2,"T","T",0,"F","F",1,"F","F",0,"F","F",8,"F","F","F","",0,0,"N",0,"N",0,"N",0,0,0,0,"8","","","","F","F","F","F","F","F","F","F","F","","","","F","F","F","F","F","","","","",0,8,0,0,0,0,0,0,0,70,"NY1","CIN","NY1",0,"T","F",1,1,0,35,0,"T","F",0,0,"T","T","burng101","walkc101","F","F",0,0,0,0,0,0,0,0,0,"","","",0,0,0,0,0,0,0,0,0,0,0,0,0,"wilsh102","F","F","F","F",0,0,0,0,3,0,0,0,0,0,F,F,"1924NY1.EVN.regular.event.csv",1366
"NY1192406130","CIN",10,0,1,0,0,"",1,1,"burng101","?","burng101","?","deanw101","?","deanw101","?","gowdh101","kellg101","frisf101","grohh101","jackt101","meusi101","wilsh102","younr101","","","","S","F","F",9,1,20,"T","T",1,"F","F",0,"F","F",0,"F","F",0,"","F","F","",0,0,"N",0,"N",0,"N",1,0,0,0,"","","","","F","F","F","F","F","F","F","F","F","","","","F","F","F","F","F","","","","",0,0,0,0,0,0,0,0,0,71,"NY1","CIN","NY1",0,"F","F",1,1,0,36,1,"T","F",0,1,"T","T","walkc101","bresr101","F","F",0,0,0,0,0,0,0,0,0,"","","",0,0,0,0,0,0,0,0,0,0,0,0,0,"","F","F","F","F",5,0,0,0,3,0,0,0,0,0,F,F,"1924NY1.EVN.regular.event.csv",1367
"NY1192406130","CIN",10,0,1,0,0,"",1,1,"walkc101","?","walkc101","?","deanw101","?","deanw101","?","gowdh101","kellg101","frisf101","grohh101","jackt101","meusi101","wilsh102","younr101","burng101","","","S.1-2","F","F",8,2,20,"T","T",1,"F","F",0,"F","F",0,"F","F",0,"","F","F","",0,0,"N",0,"N",0,"N",1,2,0,0,"","","","","F","F","F","F","F","F","F","F","F","deanw101","","","F","F","F","F","F","","","","",0,0,0,0,0,0,0,0,0,72,"NY1","CIN","NY1",0,"F","F",1,1,0,37,2,"T","F",1,3,"T","T","bresr101","duncp101","F","F",9,1,71,0,0,0,0,0,0,"gowdh101","","",0,0,0,0,0,0,0,0,0,0,0,0,0,"","F","F","F","F",4,5,0,0,3,0,0,0,0,0,F,F,"1924NY1.EVN.regular.event.csv",1368
"NY1192406130","CIN",10,0,1,0,0,"",1,1,"bresr101","?","bresr101","?","deanw101","?","deanw101","?","gowdh101","kellg101","frisf101","grohh101","jackt101","meusi101","wilsh102","younr101","walkc101","burng101","","W.2-3;1-2","F","F",3,3,14,"T","F",0,"F","F",0,"F","F",0,"F","F",0,"","F","F","",0,0,"N",0,"N",0,"N",1,2,3,0,"","","","","F","F","F","F","F","F","F","F","F","deanw101","deanw101","","F","F","F","F","F","","","","",0,0,0,0,0,0,0,0,0,73,"NY1","CIN","NY1",0,"F","F",1,1,0,38,3,"T","F",3,7,"T","T","duncp101","fowlb101","F","F",8,2,72,9,1,71,0,0,0,"gowdh101","gowdh101","",0,0,0,0,0,0,0,0,0,0,0,0,0,"","F","F","F","F",4,4,5,0,3,0,0,0,0,0,F,F,"1924NY1.EVN.regular.event.csv",1369
"NY1192406130","CIN",10,0,1,0,0,"",1,1,"duncp101","?","duncp101","?","deanw101","?","deanw101","?","gowdh101","kellg101","frisf101","grohh101","jackt101","meusi101","wilsh102","younr101","bresr101","walkc101","burng101","FC1/BG23.3-H(E1/THH)(NR)(UR);2-3;1-2","F","F",7,4,19,"T","T",0,"F","F",0,"F","F",0,"F","F",1,"G","T","F","23",1,1,"T",0,"N",0,"N",1,2,3,5,"","","","","F","F","F","F","F","F","F","F","F","deanw101","deanw101","deanw101","F","F","F","F","F","","","","",0,0,0,0,0,0,0,0,0,74,"NY1","CIN","NY1",0,"F","F",1,1,0,39,4,"T","F",7,7,"T","T","fowlb101","cavei101","F","F",3,3,73,8,2,72,9,1,71,"gowdh101","gowdh101","gowdh101",0,0,0,0,0,0,0,0,0,0,0,0,1,"deanw101","F","F","F","F",0,4,4,5,2,0,0,0,0,0,F,F,"1924NY1.EVN.regular.event.csv",1370
"NY1192406130","CIN",10,0,1,0,0,"",2,1,"rouse101","?","rouse101","?","deanw101","?","deanw101","?","gowdh101","kellg101","frisf101","grohh101","jackt101","meusi101","wilsh102","younr101","duncp101","bresr101","walkc101","S8/G46.3-H;2-H;1-2","F","T",11,5,20,"T","T",1,"F","F",0,"F","F",2,"F","F",8,"G","F","F","46",0,0,"N",0,"N",0,"N",1,2,4,4,"","","","","F","F","F","F","F","F","F","F","F","deanw101","deanw101","deanw101","F","F","F","F","F","","","","fowlb101",5,0,0,0,0,0,0,0,0,75,"NY1","CIN","NY1",0,"F","F",2,1,1,40,5,"T","F",7,3,"F","F","cavei101","crith101","F","F",7,4,74,3,3,73,8,2,72,"gowdh101","gowdh101","gowdh101",0,0,0,0,0,0,0,0,0,0,0,0,2,"wilsh102","F","F","F","F",1,0,4,4,0,0,0,0,0,0,F,F,"1924NY1.EVN.regular.event.csv",1371
"NY1192406130","CIN",10,0,1,0,0,"",4,1,"cavei101","?","cavei101","?","deanw101","?","deanw101","?","gowdh101","kellg101","frisf101","grohh101","jackt101","meusi101","wilsh102","younr101","nealg101","duncp101","","K+CS3(25)/DP","F","F",6,6,3,"T","T",0,"F","F",2,"T","F",0,"F","F",0,"","F","F","",0,0,"N",0,"N",0,"N",0,1,0,0,"2","","25","","F","F","F","F","T","F","F","F","F","deanw101","deanw101","","F","F","T","F","F","rouse101","","","",0,2,5,0,2,0,0,0,0,76,"NY1","CIN","NY1",0,"F","T",4,1,3,41,6,"T","F",3,1,"T","T","crith101","wingi101","F","F",0,5,75,7,4,74,0,0,0,"gowdh101","gowdh101","",0,0,0,0,0,0,0,0,0,0,0,0,0,"","F","F","F","F",0,1,0,0,0,0,0,0,0,0,F,F,"1924NY1.EVN.regular.event.csv",1372
"NY1192406130","CIN",10,1,0,0,0,"",4,1,"gowdh101","?","gowdh101","?","rixee101","?","rixee101","?","wingi101","bresr101","crith101","bohns101","cavei101","shorc101","walkc101","burng101","","","","8/F","T","F",2,8,2,"T","T",0,"F","F",1,"F","F",0,"F","F",8,"F","F","F","",0,0,"N",0,"N",0,"N",0,0,0,0,"8","","","","F","F","F","F","F","F","F","F","F","","","","F","F","F","F","F","","","","",0,8,0,0,0,0,0,0,0,77,"NY1","NY1","CIN",1,"T","F",1,4,0,34,0,"T","F",0,0,"T","T","deanw101","younr101","T","T",0,0,0,0,0,0,0,0,0,"","","",0,0,0,0,0,0,0,0,0,0,0,0,0,"walkc101","F","F","F","F",0,0,0,0,0,0,0,0,0,0,F,F,"1924NY1.EVN.regular.event.csv",1373
"NY1192406130","CIN",10,1,1,0,0,"",4,1,"ainse101","?","ainse101","?","rixee101","?","rixee101","?","wingi101","bresr101","crith101","bohns101","cavei101","shorc101","walkc101","burng101","","","","S7","F","T",11,9,20,"T","T",1,"F","F",0,"F","F",0,"F","F",7,"","F","F","",0,0,"N",0,"N",0,"N",1,0,0,0,"","","","","F","F","F","F","F","F","F","F","F","","","","F","F","F","F","F","","","","deanw101",1,0,0,0,0,0,0,0,0,78,"NY1","NY1","CIN",1,"F","F",1,4,0,35,1,"T","F",0,1,"F","F","younr101","frisf101","T","T",0,0,0,0,0,0,0,0,0,"","","",0,0,0,0,0,0,0,0,0,0,0,0,0,"shorc101","F","F","F","F",0,0,0,0,0,0,0,0,0,0,F,F,"1924NY1.EVN.regular.event.csv",1374
"NY1192406130","CIN",10,1,1,0,0,"",4,1,"younr101","?","younr101","?","rixee101","?","rixee101","?","wingi101","bresr101","crith101","bohns101","cavei101","shorc101","walkc101","burng101","ainse101","","","46(1)/FO","F","F",9,1,2,"T","T",0,"F","F",1,"F","F",0,"F","F",4,"G","F","F","",0,0,"N",0,"N",0,"N",1,0,0,0,"","46","","","F","F","F","F","F","F","F","F","F","rixee101","","","F","F","F","F","F","","","","",0,6,0,0,4,0,0,0,0,79,"NY1","NY1","CIN",1,"F","F",1,4,0,36,2,"T","F",1,1,"T","T","frisf101","wilsh102","T","T",0,9,78,0,0,0,0,0,0,"wingi101","","",0,0,0,0,0,0,0,0,0,0,0,0,0,"crith101","T","F","F","F",1,0,0,0,0,0,0,0,0,0,F,F,"1924NY1.EVN.regular.event.csv",1375
"NY1192406130","CIN",10,1,2,0,0,"",4,1,"frisf101","?","frisf101","?","rixee101","?","rixee101","?","wingi101","bresr101","crith101","bohns101","cavei101","shorc101","walkc101","burng101","younr101","","","43","F","F",4,2,2,"T","T",0,"F","F",1,"F","F",0,"F","F",4,"G","F","F","",0,0,"N",0,"N",0,"N",0,1,0,0,"43","","","","F","F","F","F","F","F","F","F","F","rixee101","","","F","T","F","F","F","","","","",0,3,0,0,4,0,0,0,0,80,"NY1","NY1","CIN",1,"F","T",1,4,0,37,3,"T","F",1,1,"T","T","wilsh102","kellg101","T","T",9,1,79,0,0,0,0,0,0,"wingi101","","",0,0,0,0,0,0,0,0,0,0,0,0,0,"crith101","F","F","F","F",0,1,0,0,0,0,0,0,0,0,F,F,"1924NY1.EVN.regular.event.csv",1376
"NY1192406140","CIN",1,0,0,0,0,"",0,0,"walkc101","?","walkc101","?","barnv101","?","barnv101","?","snydf101","kellg101","frisf101","grohh101","jackt101","wilsh102","oconj102","younr101","","","","63","T","F",9,1,2,"T","T",0,"F","F",1,"F","F",0,"F","F",6,"G","F","F","",0,0,"N",0,"N",0,"N",0,0,0,0,"63","","","","F","F","F","F","F","F","F","F","F","","","","T","F","F","F","F","","","","",0,3,0,0,6,0,0,0,0,1,"NY1","CIN","NY1",0,"T","F",0,0,0,0,0,"T","F",0,0,"T","T","rouse101","bresr101","T","T",0,0,0,0,0,0,0,0,0,"","","",0,0,0,0,0,0,0,0,0,0,0,0,0,"jackt101","F","F","F","F",0,0,0,0,0,0,0,0,0,0,F,F,"1924NY1.EVN.regular.event.csv",1377
"NY1192406140","CIN",1,0,1,0,0,"",0,0,"rouse101","?","rouse101","?","barnv101","?","barnv101","?","snydf101","kellg101","frisf101","grohh101","jackt101","wilsh102","oconj102","younr101","","","","S","F","F",8,2,20,"T","T",1,"F","F",0,"F","F",0,"F","F",0,"","F","F","",0,0,"N",0,"N",0,"N",1,0,0,0,"","","","","F","F","F","F","F","F","F","F","F","","","","F","F","F","F","F","","","","",0,0,0,0,0,0,0,0,0,2,"NY1","CIN","NY1",0,"F","F",0,0,0,1,1,"T","F",0,1,"T","T","bresr101","duncp101","T","T",0,0,0,0,0,0,0,0,0,"","","",0,0,0,0,0,0,0,0,0,0,0,0,0,"","F","F","F","F",0,0,0,0,0,0,0,0,0,0,F,F,"1924NY1.EVN.regular.event.csv",1378
"NY1192406140","CIN",1,0,1,0,0,"",0,0,"bresr101","?","bresr101","?","barnv101","?","barnv101","?","snydf101","kellg101","frisf101","grohh101","jackt101","wilsh102","oconj102","younr101","rouse101","","","53.1-2","F","F",3,3,2,"T","T",0,"F","F",1,"F","F",0,"F","F",5,"G","F","F","",0,0,"N",0,"N",0,"N",0,2,0,0,"53","","","","F","F","F","F","F","F","F","F","F","barnv101","","","F","F","F","F","F","","","","",0,3,0,0,5,0,0,0,0,3,"NY1","CIN","NY1",0,"F","F",0,0,0,2,2,"T","F",1,2,"T","T","duncp101","pineb101","T","T",8,2,2,0,0,0,0,0,0,"snydf101","","",0,0,0,0,0,0,0,0,0,0,0,0,0,"grohh101","F","F","F","F",0,0,0,0,0,0,0,0,0,0,F,F,"1924NY1.EVN.regular.event.csv",1379
"NY1192406140","CIN",1,0,2,0,0,"",0,0,"duncp101","?","duncp101","?","barnv101","?","barnv101","?","snydf101","kellg101","frisf101","grohh101","jackt101","wilsh102","oconj102","younr101","","rouse101","","K","F","F",7,4,3,"T","T",0,"F","F",1,"F","F",0,"F","F",0,"","F","F","",0,0,"N",0,"N",0,"N",0,0,2,0,"2","","","","F","F","F","F","F","F","F","F","F","","barnv101","","F","F","F","F","F","","","","",0,2,0,0,0,0,0,0,0,4,"NY1","CIN","NY1",0,"F","T",0,0,0,3,3,"T","F",2,2,"T","T","pineb101","cavei101","T","T",0,0,0,8,2,2,0,0,0,"","snydf101","",0,0,0,0,0,0,0,0,0,0,0,0,0,"","F","F","F","F",0,0,0,0,0,0,0,0,0,0,F,F,"1924NY1.EVN.regular.event.csv",1380
"NY1192406140","CIN",1,1,0,0,0,"",0,0,"younr101","?","younr101","?","sheet102","?","sheet102","?","wingi101","bresr101","crith101","pineb101","cavei101","duncp101","rouse101","walkc101","","","","S","T","F",9,1,20,"T","T",1,"F","F",0,"F","F",0,"F","F",0,"","F","F","",0,0,"N",0,"N",0,"N",1,0,0,0,"","","","","F","F","F","F","F","F","F","F","F","","","","F","F","F","F","F","","","","",0,0,0,0,0,0,0,0,0,5,"NY1","NY1","CIN",1,"T","F",0,0,0,0,0,"T","F",0,1,"T","T","frisf101","wilsh102","T","T",0,0,0,0,0,0,0,0,0,"","","",0,0,0,0,0,0,0,0,0,0,0,0,0,"","F","F","F","F",0,0,0,0,0,0,0,0,0,0,F,F,"1924NY1.EVN.regular.event.csv",1381
"NY1192406140","CIN",1,1,0,0,0,"",0,0,"frisf101","?","frisf101","?","sheet102","?","sheet102","?","wingi101","bresr101","crith101","pineb101","cavei101","duncp101","rouse101","walkc101","younr101","","","9/F","F","F",4,2,2,"T","T",0,"F","F",1,"F","F",0,"F","F",9,"F","F","F","",0,0,"N",0,"N",0,"N",0,1,0,0,"9","","","","F","F","F","F","F","F","F","F","F","sheet102","","","F","F","F","F","F","","","","",0,9,0,0,0,0,0,0,0,6,"NY1","NY1","CIN",1,"F","F",0,0,0,1,1,"T","F",1,1,"T","T","wilsh102","kellg101","T","T",9,1,5,0,0,0,0,0,0,"wingi101","","",0,0,0,0,0,0,0,0,0,0,0,0,0,"walkc101","F","F","F","F",0,0,0,0,0,0,0,0,0,0,F,F,"1924NY1.EVN.regular.event.csv",1382
"NY1192406140","CIN",1,1,1,0,0,"",0,0,"wilsh102","?","wilsh102","?","sheet102","?","sheet102","?","wingi101","bresr101","crith101","pineb101","cavei101","duncp101","rouse101","walkc101","younr101","","","9/F","F","F",7,3,2,"T","T",0,"F","F",1,"F","F",0,"F","F",9,"F","F","F","",0,0,"N",0,"N",0,"N",0,1,0,0,"9","","","","F","F","F","F","F","F","F","F","F","sheet102","","","F","F","F","F","F","","","","",0,9,0,0,0,0,0,0,0,7,"NY1","NY1","CIN",1,"F","F",0,0,0,2,2,"T","F",1,1,"T","T","kellg101","oconj102","T","T",9,1,5,0,0,0,0,0,0,"wingi101","","",0,0,0,0,0,0,0,0,0,0,0,0,0,"walkc101","F","F","F","F",0,0,0,0,0,0,0,0,0,0,F,F,"1924NY1.EVN.regular.event.csv",1383
"NY1192406140","CIN",1,1,2,0,0,"",0,0,"kellg101","?","kellg101","?","sheet102","?","sheet102","?","wingi101","bresr101","crith101","pineb101","cavei101","duncp101","rouse101","walkc101","younr101","","","CS2(24)","F","F",3,4,6,"F","F",0,"F","F",1,"F","F",0,"F","F",0,"","F","F","",0,0,"N",0,"N",0,"N",0,0,0,0,"","24","","","F","F","F","T","F","F","F","F","F","sheet102","","","F","F","F","F","F","","","","",0,4,0,0,2,0,0,0,0,8,"NY1","NY1","CIN",1,"F","T",0,0,0,3,3,"T","T",1,0,"T","T","oconj102","jackt101","T","T",9,1,5,0,0,0,0,0,0,"wingi101","","",0,0,0,0,0,0,0,0,0,0,0,0,0,"","F","F","F","F",0,0,0,0,0,0,0,0,0,0,F,F,"1924NY1.EVN.regular.event.csv",1384
"NY1192406140","CIN",2,0,0,0,0,"",0,0,"pineb101","?","pineb101","?","barnv101","?","barnv101","?","snydf101","kellg101","frisf101","grohh101","jackt101","wilsh102","oconj102","younr101","","","","W","T","F",5,5,14,"T","F",0,"F","F",0,"F","F",0,"F","F",0,"","F","F","",0,0,"N",0,"N",0,"N",1,0,0,0,"","","","","F","F","F","F","F","F","F","F","F","","","","F","F","F","F","F","","","","",0,0,0,0,0,0,0,0,0,9,"NY1","CIN","NY1",0,"T","F",0,0,0,4,0,"T","F",0,1,"T","T","cavei101","crith101","T","T",0,0,0,0,0,0,0,0,0,"","","",0,0,0,0,0,0,0,0,0,0,0,0,0,"","F","F","F","F",4,0,0,0,4,0,0,0,0,0,F,F,"1924NY1.EVN.regular.event.csv",1385
"NY1192406140","CIN",2,0,0,0,0,"",0,0,"cavei101","?","cavei101","?","barnv101","?","barnv101","?","snydf101","kellg101","frisf101","grohh101","jackt101","wilsh102","oconj102","younr101","pineb101","","","S7.1-3","F","F",6,6,20,"T","T",1,"F","F",0,"F","F",0,"F","F",7,"","F","F","",0,0,"N",0,"N",0,"N",1,3,0,0,"","","","","F","F","F","F","F","F","F","F","F","barnv101","","","F","F","F","F","F","","","","",0,0,0,0,0,0,0,0,0,10,"NY1","CIN","NY1",0,"F","F",0,0,0,5,1,"T","F",1,5,"T","T","crith101","wingi101","T","T",5,5,9,0,0,0,0,0,0,"snydf101","","",0,0,0,0,0,0,0,0,0,0,0,0,0,"wilsh102","F","F","F","F",4,4,0,0,4,0,0,0,0,0,F,F,"1924NY1.EVN.regular.event.csv",1386
"NY1192406140","CIN",2,0,0,0,0,"",0,0,"crith101","?","crith101","?","barnv101","?","barnv101","?","snydf101","kellg101","frisf101","grohh101","jackt101","wilsh102","oconj102","younr101","cavei101","","pineb101","S/G.3-H;1-2","F","F",4,7,20,"T","T",1,"F","F",0,"F","F",1,"F","F",0,"G","F","F","",0,0,"N",0,"N",0,"N",1,2,0,4,"","","","","F","F","F","F","F","F","F","F","F","barnv101","","barnv101","F","F","F","F","F","","","","",0,0,0,0,0,0,0,0,0,11,"NY1","CIN","NY1",0,"F","F",0,0,0,6,2,"T","F",5,3,"T","T","wingi101","sheet102","T","T",6,6,10,0,0,0,5,5,9,"snydf101","","snydf101",0,0,0,0,0,0,0,0,0,0,0,0,1,"","F","F","F","F",4,4,0,4,3,0,0,0,0,0,F,F,"1924NY1.EVN.regular.event.csv",1387
"NY1192406140","CIN",2,0,0,0,0,"",1,0,"wingi101","?","wingi101","?","barnv101","?","barnv101","?","snydf101","kellg101","frisf101","grohh101","jackt101","wilsh102","oconj102","younr101","crith101","cavei101","","2/FL","F","F",2,8,2,"T","T",0,"F","F",1,"F","F",0,"F","F",2,"F","F","T","",0,0,"N",0,"N",0,"N",0,1,2,0,"2","","","","F","F","F","F","F","F","F","F","F","barnv101","barnv101","","F","F","F","F","F","","","","",0,2,0,0,0,0,0,0,0,12,"NY1","CIN","NY1",0,"F","F",1,0,1,7,3,"T","F",3,3,"T","T","sheet102","walkc101","T","T",4,7,11,6,6,10,0,0,0,"snydf101","snydf101","",0,0,0,0,0,0,0,0,0,0,0,0,0,"snydf101","F","F","F","F",0,4,4,0,3,0,0,0,0,0,F,F,"1924NY1.EVN.regular.event.csv",1388
"NY1192406140","CIN",2,0,1,0,0,"",1,0,"sheet102","?","sheet102","?","barnv101","?","barnv101","?","snydf101","kellg101","frisf101","grohh101","jackt101","wilsh102","oconj102","younr101","crith101","cavei101","","BK.2-3;1-2","F","F",1,9,11,"F","F",0,"F","F",0,"F","F",0,"F","F",0,"","F","F","",0,0,"N",0,"N",0,"N",0,2,3,0,"","","","","F","F","F","F","F","F","F","F","F","barnv101","barnv101","","F","F","F","F","F","","","","",0,0,0,0,0,0,0,0,0,13,"NY1","CIN","NY1",0,"F","F",1,0,1,8,4,"T","F",3,6,"T","T","walkc101","rouse101","T","T",4,7,11,6,6,10,0,0,0,"snydf101","snydf101","",0,0,0,0,0,0,0,0,0,0,0,0,0,"","F","F","F","F",0,4,4,0,3,0,0,0,0,0,F,F,"1924NY1.EVN.regular.event.csv",1389
"NY1192406140","CIN",2,0,1,0,0,"",1,0,"sheet102","?","sheet102","?","barnv101","?","barnv101","?","snydf101","kellg101","frisf101","grohh101","jackt101","wilsh102","oconj102","younr101","","crith101","cavei101","D/78.3-H;2-H","F","F",1,9,21,"T","T",2,"F","F",0,"F","F",2,"F","F",0,"","F","F","78",0,0,"N",0,"N",0,"N",2,0,4,4,"","","","","F","F","F","F","F","F","F","F","F","","barnv101","barnv101","F","F","F","F","F","","","","",0,0,0,0,0,0,0,0,0,14,"NY1","CIN","NY1",0,"F","F",1,0,1,8,4,"F","F",6,2,"T","T","walkc101","rouse101","T","T",0,0,0,4,7,11,6,6,10,"","snydf101","snydf101",0,0,0,0,0,0,0,0,0,0,0,0,2,"","F","F","F","F",5,0,4,4,1,0,0,0,0,0,F,F,"1924NY1.EVN.regular.event.csv",1390
"NY1192406140","CIN",2,0,1,0,0,"",3,0,"walkc101","?","walkc101","?","barnv101","?","barnv101","?","snydf101","kellg101","frisf101","grohh101","jackt101","wilsh102","oconj102","younr101","","sheet102","","43.2-3","F","F",9,1,2,"T","T",0,"F","F",1,"F","F",0,"F","F",4,"G","F","F","",0,0,"N",0,"N",0,"N",0,0,3,0,"43","","","","F","F","F","F","F","F","F","F","F","","barnv101","","F","F","F","F","F","","","","",0,3,0,0,4,0,0,0,0,15,"NY1","CIN","NY1",0,"F","F",3,0,3,9,5,"T","F",2,4,"T","T","rouse101","bresr101","T","T",0,0,0,1,9,14,0,0,0,"","snydf101","",0,0,0,0,0,0,0,0,0,0,0,0,0,"frisf101","F","F","F","F",0,0,5,0,1,0,0,0,0,0,F,F,"1924NY1.EVN.regular.event.csv",1391
"NY1192406140","CIN",2,0,2,0,0,"",3,0,"rouse101","?","rouse101","?","barnv101","?","barnv101","?","snydf101","kellg101","frisf101","grohh101","jackt101","wilsh102","oconj102","younr101","","","sheet102","E4/G.3-H(NR)(UR)","F","F",8,2,18,"T","T",0,"F","F",0,"F","F",0,"F","F",4,"G","F","F","",1,4,"F",0,"N",0,"N",1,0,0,5,"","","","","F","F","F","F","F","F","F","F","F","","","barnv101","F","F","F","F","F","","","","",0,0,0,0,0,0,0,0,0,16,"NY1","CIN","NY1",0,"F","F",3,0,3,10,6,"T","F",4,1,"T","T","bresr101","duncp101","T","T",0,0,0,0,0,0,1,9,14,"","","snydf101",0,0,0,0,0,0,0,0,0,0,0,0,1,"frisf101","F","F","F","T",0,0,0,5,0,0,0,0,0,0,F,F,"1924NY1.EVN.regular.event.csv",1392
"NY1192406140","CIN",2,0,2,0,0,"",4,0,"bresr101","?","bresr101","?","barnv101","?","barnv101","?","snydf101","kellg101","frisf101","grohh101","jackt101","wilsh102","oconj102","younr101","rouse101","","","4(1)/FO","F","F",3,3,2,"T","T",0,"F","F",1,"F","F",0,"F","F",4,"G","F","F","",0,0,"N",0,"N",0,"N",1,0,0,0,"","4","","","F","F","F","F","F","F","F","F","F","barnv101","","","F","F","F","F","F","","","","",0,4,0,0,0,0,0,0,0,17,"NY1","CIN","NY1",0,"F","T",4,0,4,11,7,"T","F",1,1,"T","T","duncp101","pineb101","T","T",8,2,16,0,0,0,0,0,0,"snydf101","","",0,0,0,0,0,0,0,0,0,0,0,0,0,"frisf101","T","F","F","F",0,0,0,0,0,0,0,0,0,0,F,F,"1924NY1.EVN.regular.event.csv",1393
"NY1192406140","CIN",2,1,0,0,0,"",4,0,"kellg101","?","kellg101","?","sheet102","?","sheet102","?","wingi101","bresr101","crith101","pineb101","cavei101","duncp101","rouse101","walkc101","","","","HR/L7D","T","F",3,4,23,"T","T",4,"F","F",0,"F","F",1,"F","F",0,"L","F","F","7D",0,0,"N",0,"N",0,"N",4,0,0,0,"","","","","F","F","F","F","F","F","F","F","F","","","","F","F","F","F","F","","","","",0,0,0,0,0,0,0,0,0,18,"NY1","NY1","CIN",1,"T","F",0,4,0,3,0,"T","F",0,0,"T","T","oconj102","jackt101","T","T",0,0,0,0,0,0,0,0,0,"","","",0,0,0,0,0,0,0,0,0,0,0,0,1,"","F","F","F","F",4,0,0,0,0,0,0,0,0,0,F,F,"1924NY1.EVN.regular.event.csv",1394
"NY1192406140","CIN",2,1,0,0,0,"",4,1,"oconj102","?","oconj102","?","sheet102","?","sheet102","?","wingi101","bresr101","crith101","pineb101","cavei101","duncp101","rouse101","walkc101","","","","43","F","F",8,5,2,"T","T",0,"F","F",1,"F","F",0,"F","F",4,"G","F","F","",0,0,"N",0,"N",0,"N",0,0,0,0,"43","","","","F","F","F","F","F","F","F","F","F","","","","F","F","F","F","F","","","","",0,3,0,0,4,0,0,0,0,19,"NY1","NY1","CIN",1,"F","F",1,4,1,4,1,"T","F",0,0,"T","T","jackt101","grohh101","T","T",0,0,0,0,0,0,0,0,0,"","","",0,0,0,0,0,0,0,0,0,0,0,0,0,"crith101","F","F","F","F",0,0,0,0,0,0,0,0,0,0,F,F,"1924NY1.EVN.regular.event.csv",1395
"NY1192406140","CIN",2,1,1,0,0,"",4,1,"jackt101","?","jackt101","?","sheet102","?","sheet102","?","wingi101","bresr101","crith101","pineb101","cavei101","duncp101","rouse101","walkc101","","","","5/FL","F","F",6,6,2,"T","T",0,"F","F",1,"F","F",0,"F","F",5,"F","F","T","",0,0,"N",0,"N",0,"N",0,0,0,0,"5","","","","F","F","F","F","F","F","F","F","F","","","","F","F","F","F","F","","","","",0,5,0,0,0,0,0,0,0,20,"NY1","NY1","CIN",1,"F","F",1,4,1,5,2,"T","F",0,0,"T","T","grohh101","snydf101","T","T",0,0,0,0,0,0,0,0,0,"","","",0,0,0,0,0,0,0,0,0,0,0,0,0,"pineb101","F","F","F","F",0,0,0,0,0,0,0,0,0,0,F,F,"1924NY1.EVN.regular.event.csv",1396
"NY1192406140","CIN",2,1,2,0,0,"",4,1,"grohh101","?","grohh101","?","sheet102","?","sheet102","?","wingi101","bresr101","crith101","pineb101","cavei101","duncp101","rouse101","walkc101","","","","9/F","F","F",5,7,2,"T","T",0,"F","F",1,"F","F",0,"F","F",9,"F","F","F","",0,0,"N",0,"N",0,"N",0,0,0,0,"9","","","","F","F","F","F","F","F","F","F","F","","","","F","F","F","F","F","","","","",0,9,0,0,0,0,0,0,0,21,"NY1","NY1","CIN",1,"F","T",1,4,1,6,3,"T","F",0,0,"T","T","snydf101","barnv101","T","T",0,0,0,0,0,0,0,0,0,"","","",0,0,0,0,0,0,0,0,0,0,0,0,0,"walkc101","F","F","F","F",0,0,0,0,0,0,0,0,0,0,F,F,"1924NY1.EVN.regular.event.csv",1397
"NY1192406140","CIN",3,0,0,0,0,"",4,1,"duncp101","?","duncp101","?","oescj101","?","oescj101","?","snydf101","kellg101","frisf101","grohh101","jackt101","wilsh102","oconj102","younr101","","","","4/P","T","F",7,4,2,"T","T",0,"F","F",1,"F","F",0,"F","F",4,"P","F","F","",0,0,"N",0,"N",0,"N",0,0,0,0,"4","","","","F","F","F","F","F","F","F","F","F","","","","F","F","F","F","F","","","","",0,4,0,0,0,0,0,0,0,22,"NY1","CIN","NY1",0,"T","F",4,1,0,12,0,"T","F",0,0,"T","T","pineb101","cavei101","F","F",0,0,0,0,0,0,0,0,0,"","","",0,0,0,0,0,0,0,0,0,0,0,0,0,"frisf101","F","F","F","F",0,0,0,0,0,0,0,0,0,0,F,F,"1924NY1.EVN.regular.event.csv",1398
"NY1192406140","CIN",3,0,1,0,0,"",4,1,"pineb101","?","pineb101","?","oescj101","?","oescj101","?","snydf101","kellg101","frisf101","grohh101","jackt101","wilsh102","oconj102","younr101","","","","63","F","F",5,5,2,"T","T",0,"F","F",1,"F","F",0,"F","F",6,"G","F","F","",0,0,"N",0,"N",0,"N",0,0,0,0,"63","","","","F","F","F","F","F","F","F","F","F","","","","F","F","F","F","F","","","","",0,3,0,0,6,0,0,0,0,23,"NY1","CIN","NY1",0,"F","F",4,1,0,13,1,"T","F",0,0,"T","T","cavei101","crith101","F","F",0,0,0,0,0,0,0,0,0,"","","",0,0,0,0,0,0,0,0,0,0,0,0,0,"jackt101","F","F","F","F",0,0,0,0,0,0,0,0,0,0,F,F,"1924NY1.EVN.regular.event.csv",1399
"NY1192406140","CIN",3,0,2,0,0,"",4,1,"cavei101","?","cavei101","?","oescj101","?","oescj101","?","snydf101","kellg101","frisf101","grohh101","jackt101","wilsh102","oconj102","younr101","","","","S","F","F",6,6,20,"T","T",1,"F","F",0,"F","F",0,"F","F",0,"","F","F","",0,0,"N",0,"N",0,"N",1,0,0,0,"","","","","F","F","F","F","F","F","F","F","F","","","","F","F","F","F","F","","","","",0,0,0,0,0,0,0,0,0,24,"NY1","CIN","NY1",0,"F","F",4,1,0,14,2,"T","F",0,1,"T","T","crith101","wingi101","F","F",0,0,0,0,0,0,0,0,0,"","","",0,0,0,0,0,0,0,0,0,0,0,0,0,"","F","F","F","F",0,0,0,0,0,0,0,0,0,0,F,F,"1924NY1.EVN.regular.event.csv",1400
"NY1192406140","CIN",3,0,2,0,0,"",4,1,"crith101","?","crith101","?","oescj101","?","oescj101","?","snydf101","kellg101","frisf101","grohh101","jackt101","wilsh102","oconj102","younr101","cavei101","","","46(1)/FO","F","F",4,7,2,"T","T",0,"F","F",1,"F","F",0,"F","F",4,"G","F","F","",0,0,"N",0,"N",0,"N",1,0,0,0,"","46","","","F","F","F","F","F","F","F","F","F","oescj101","","","F","F","F","F","F","","","","",0,6,0,0,4,0,0,0,0,25,"NY1","CIN","NY1",0,"F","T",4,1,0,15,3,"T","F",1,1,"T","T","wingi101","sheet102","F","F",6,6,24,0,0,0,0,0,0,"snydf101","","",0,0,0,0,0,0,0,0,0,0,0,0,0,"frisf101","T","F","F","F",0,0,0,0,0,0,0,0,0,0,F,F,"1924NY1.EVN.regular.event.csv",1401
"NY1192406140","CIN",3,1,0,0,0,"",4,1,"snydf101","?","snydf101","?","sheet102","?","sheet102","?","wingi101","bresr101","crith101","pineb101","cavei101","duncp101","rouse101","walkc101","","","","9/F","T","F",2,8,2,"T","T",0,"F","F",1,"F","F",0,"F","F",9,"F","F","F","",0,0,"N",0,"N",0,"N",0,0,0,0,"9","","","","F","F","F","F","F","F","F","F","F","","","","F","F","F","F","F","","","","",0,9,0,0,0,0,0,0,0,26,"NY1","NY1","CIN",1,"T","F",1,4,0,7,0,"T","F",0,0,"T","T","oescj101","younr101","T","T",0,0,0,0,0,0,0,0,0,"","","",0,0,0,0,0,0,0,0,0,0,0,0,0,"walkc101","F","F","F","F",0,0,0,0,4,0,0,0,0,0,F,F,"1924NY1.EVN.regular.event.csv",1402
"NY1192406140","CIN",3,1,1,0,0,"",4,1,"oescj101","?","oescj101","?","sheet102","?","sheet102","?","wingi101","bresr101","crith101","pineb101","cavei101","duncp101","rouse101","walkc101","","","","S","F","F",1,9,20,"T","T",1,"F","F",0,"F","F",0,"F","F",0,"","F","F","",0,0,"N",0,"N",0,"N",1,0,0,0,"","","","","F","F","F","F","F","F","F","F","F","","","","F","F","F","F","F","","","","",0,0,0,0,0,0,0,0,0,27,"NY1","NY1","CIN",1,"F","F",1,4,0,8,1,"T","F",0,1,"F","F","younr101","frisf101","T","T",0,0,0,0,0,0,0,0,0,"","","",0,0,0,0,0,0,0,0,0,0,0,0,0,"","F","F","F","F",4,0,0,0,4,0,0,0,0,0,F,F,"1924NY1.EVN.regular.event.csv",1403
"NY1192406140","CIN",3,1,1,0,0,"",4,1,"younr101","?","younr101","?","sheet102","?","sheet102","?","wingi101","bresr101","crith101","pineb101","cavei101","duncp101","rouse101","walkc101","oescj101","","","W.1-2","F","F",9,1,14,"T","F",0,"F","F",0,"F","F",0,"F","F",0,"","F","F","",0,0,"N",0,"N",0,"N",1,2,0,0,"","","","","F","F","F","F","F","F","F","F","F","sheet102","","","F","F","F","F","F","","","","",0,0,0,0,0,0,0,0,0,28,"NY1","NY1","CIN",1,"F","F",1,4,0,9,2,"T","F",1,3,"T","T","frisf101","wilsh102","T","T",1,9,27,0,0,0,0,0,0,"wingi101","","",0,0,0,0,0,0,0,0,0,0,0,0,0,"","F","F","F","F",4,4,0,0,4,0,0,0,0,0,F,F,"1924NY1.EVN.regular.event.csv",1404
"NY1192406140","CIN",3,1,1,0,0,"",4,1,"frisf101","?","frisf101","?","sheet102","?","sheet102","?","wingi101","bresr101","crith101","pineb101","cavei101","duncp101","rouse101","walkc101","younr101","oescj101","","8/F","F","F",4,2,2,"T","T",0,"F","F",1,"F","F",0,"F","F",8,"F","F","F","",0,0,"N",0,"N",0,"N",0,1,2,0,"8","","","","F","F","F","F","F","F","F","F","F","sheet102","sheet102","","F","F","F","F","F","","","","",0,8,0,0,0,0,0,0,0,29,"NY1","NY1","CIN",1,"F","F",1,4,0,10,3,"T","F",3,3,"T","T","wilsh102","kellg101","T","T",9,1,28,1,9,27,0,0,0,"wingi101","wingi101","",0,0,0,0,0,0,0,0,0,0,0,0,0,"rouse101","F","F","F","F",0,4,4,0,4,0,0,0,0,0,F,F,"1924NY1.EVN.regular.event.csv",1405
"NY1192406140","CIN",3,1,2,0,0,"",4,1,"wilsh102","?","wilsh102","?","sheet102","?","sheet102","?","wingi101","bresr101","crith101","pineb101","cavei101","duncp101","rouse101","walkc101","younr101","oescj101","","W.2-3;1-2","F","F",7,3,14,"T","F",0,"F","F",0,"F","F",0,"F","F",0,"","F","F","",0,0,"N",0,"N",0,"N",1,2,3,0,"","","","","F","F","F","F","F","F","F","F","F","sheet102","sheet102","","F","F","F","F","F","","","","",0,0,0,0,0,0,0,0,0,30,"NY1","NY1","CIN",1,"F","F",1,4,0,11,4,"T","F",3,7,"T","T","kellg101","oconj102","T","T",9,1,28,1,9,27,0,0,0,"wingi101","wingi101","",0,0,0,0,0,0,0,0,0,0,0,0,0,"","F","F","F","F",4,4,4,0,4,0,0,0,0,0,F,F,"1924NY1.EVN.regular.event.csv",1406
"NY1192406140","CIN",3,1,2,0,0,"",4,1,"kellg101","?","kellg101","?","sheet102","?","sheet102","?","wingi101","bresr101","crith101","pineb101","cavei101","duncp101","rouse101","walkc101","wilsh102","younr101","oescj101","HR/F7D.3-H;2-H;1-H","F","F",3,4,23,"T","T",4,"F","F",0,"F","F",4,"F","F",0,"F","F","F","7D",0,0,"N",0,"N",0,"N",4,4,4,4,"","","","","F","F","F","F","F","F","F","F","F","sheet102","sheet102","sheet102","F","F","F","F","F","","","","",0,0,0,0,0,0,0,0,0,31,"NY1","NY1","CIN",1,"F","F",1,4,0,12,5,"T","F",7,0,"T","T","oconj102","jackt101","T","T",7,3,30,9,1,28,1,9,27,"wingi101","wingi101","wingi101",0,0,0,0,0,0,0,0,0,0,0,0,4,"","F","F","F","F",4,4,4,4,0,0,0,0,0,0,F,F,"1924NY1.EVN.regular.event.csv",1407
"NY1192406140","CIN",3,1,2,0,0,"",4,5,"oconj102","?","oconj102","?","sheet102","?","sheet102","?","wingi101","bresr101","crith101","pineb101","cavei101","duncp101","rouse101","walkc101","","","","5/FL","F","F",8,5,2,"T","T",0,"F","F",1,"F","F",0,"F","F",5,"F","F","T","",0,0,"N",0,"N",0,"N",0,0,0,0,"5","","","","F","F","F","F","F","F","F","F","F","","","","F","F","F","F","F","","","","",0,5,0,0,0,0,0,0,0,32,"NY1","NY1","CIN",1,"F","T",5,4,4,13,6,"T","F",0,0,"T","T","jackt101","grohh101","T","T",0,0,0,0,0,0,0,0,0,"","","",0,0,0,0,0,0,0,0,0,0,0,0,0,"pineb101","F","F","F","F",0,0,0,0,0,0,0,0,0,0,F,F,"1924NY1.EVN.regular.event.csv",1408
"NY1192406140","CIN",4,0,0,0,0,"",4,5,"wingi101","?","wingi101","?","oescj101","?","oescj101","?","snydf101","kellg101","frisf101","grohh101","jackt101","wilsh102","oconj102","younr101","","","","8/F","T","F",2,8,2,"T","T",0,"F","F",1,"F","F",0,"F","F",8,"F","F","F","",0,0,"N",0,"N",0,"N",0,0,0,0,"8","","","","F","F","F","F","F","F","F","F","F","","","","F","F","F","F","F","","","","",0,8,0,0,0,0,0,0,0,33,"NY1","CIN","NY1",0,"T","F",4,5,0,16,0,"T","F",0,0,"T","T","sheet102","walkc101","F","F",0,0,0,0,0,0,0,0,0,"","","",0,0,0,0,0,0,0,0,0,0,0,0,0,"oconj102","F","F","F","F",0,0,0,0,0,0,0,0,0,0,F,F,"1924NY1.EVN.regular.event.csv",1409
"NY1192406140","CIN",4,0,1,0,0,"",4,5,"sheet102","?","sheet102","?","oescj101","?","oescj101","?","snydf101","kellg101","frisf101","grohh101","jackt101","wilsh102","oconj102","younr101","","","","63","F","F",1,9,2,"T","T",0,"F","F",1,"F","F",0,"F","F",6,"G","F","F","",0,0,"N",0,"N",0,"N",0,0,0,0,"63","","","","F","F","F","F","F","F","F","F","F","","","","F","F","F","F","F","","","","",0,3,0,0,6,0,0,0,0,34,"NY1","CIN","NY1",0,"F","F",4,5,0,17,1,"T","F",0,0,"T","T","walkc101","rouse101","F","F",0,0,0,0,0,0,0,0,0,"","","",0,0,0,0,0,0,0,0,0,0,0,0,0,"jackt101","F","F","F","F",0,0,0,0,0,0,0,0,0,0,F,F,"1924NY1.EVN.regular.event.csv",1410
"NY1192406140","CIN",4,0,2,0,0,"",4,5,"walkc101","?","walkc101","?","oescj101","?","oescj101","?","snydf101","kellg101","frisf101","grohh101","jackt101","wilsh102","oconj102","younr101","","","","D7.BX3(785)#","F","F",9,1,21,"T","T",2,"F","F",1,"F","F",0,"F","F",7,"","F","F","",0,0,"N",0,"N",0,"N",0,0,0,0,"785","","","","F","F","F","F","F","F","F","F","F","","","","F","F","F","F","F","","","","",0,5,0,0,7,8,0,0,0,35,"NY1","CIN","NY1",0,"F","T",4,5,0,18,2,"T","F",0,0,"T","T","rouse101","bresr101","F","F",0,0,0,0,0,0,0,0,0,"","","",0,0,0,0,0,0,0,0,0,0,0,0,0,"wilsh102","F","F","F","F",0,0,0,0,0,0,0,0,0,0,F,T,"1924NY1.EVN.regular.event.csv",1411
"NY1192406140","CIN",4,1,0,0,0,"",4,5,"jackt101","?","jackt101","?","sheet102","?","sheet102","?","wingi101","bresr101","crith101","pineb101","cavei101","duncp101","rouse101","walkc101","","","","D9","T","F",6,6,21,"T","T",2,"F","F",0,"F","F",0,"F","F",9,"","F","F","",0,0,"N",0,"N",0,"N",2,0,0,0,"","","","","F","F","F","F","F","F","F","F","F","","","","F","F","F","F","F","","","","",0,0,0,0,0,0,0,0,0,36,"NY1","NY1","CIN",1,"T","F",5,4,0,14,0,"T","F",0,2,"T","T","grohh101","snydf101","T","T",0,0,0,0,0,0,0,0,0,"","","",0,0,0,0,0,0,0,0,0,0,0,0,0,"walkc101","F","F","F","F",0,0,0,0,0,0,0,0,0,0,F,F,"1924NY1.EVN.regular.event.csv",1412
"NY1192406140","CIN",4,1,0,0,0,"",4,5,"grohh101","?","grohh101","?","bentr102","?","bentr102","?","wingi101","bresr101","crith101","pineb101","cavei101","duncp101","rouse101","walkc101","","jackt101","","43.2-3","F","F",5,7,2,"T","T",0,"F","F",1,"F","F",0,"F","F",4,"G","F","F","",0,0,"N",0,"N",0,"N",0,0,3,0,"43","","","","F","F","F","F","F","F","F","F","F","","sheet102","","F","F","F","F","F","","","","",0,3,0,0,4,0,0,0,0,37,"NY1","NY1","CIN",1,"F","F",5,4,0,15,1,"T","F",2,4,"T","T","snydf101","oescj101","F","F",0,0,0,6,6,36,0,0,0,"","wingi101","",0,0,0,0,0,0,0,0,0,0,0,0,0,"crith101","F","F","F","F",0,0,0,0,0,0,0,0,0,0,F,F,"1924NY1.EVN.regular.event.csv",1413
"NY1192406140","CIN",4,1,1,0,0,"",4,5,"snydf101","?","snydf101","?","bentr102","?","bentr102","?","wingi101","bresr101","crith101","pineb101","cavei101","duncp101","rouse101","walkc101","","","jackt101","FC6.3XH(625);B-1","F","F",2,8,19,"T","T",0,"F","F",1,"F","F",0,"F","F",6,"G","F","F","",0,0,"N",0,"N",0,"N",1,0,0,0,"","","","625","F","F","F","F","F","F","F","F","F","","","sheet102","F","F","F","F","F","","","","",0,5,0,0,6,2,0,0,0,38,"NY1","NY1","CIN",1,"F","F",5,4,0,16,2,"T","F",4,1,"T","T","oescj101","younr101","F","F",0,0,0,0,0,0,6,6,36,"","","wingi101",0,0,0,0,0,0,0,0,0,0,0,0,0,"cavei101","F","F","F","F",0,0,0,0,0,0,0,0,0,0,F,F,"1924NY1.EVN.regular.event.csv",1414
"NY1192406140","CIN",4,1,2,0,0,"",4,5,"oescj101","?","oescj101","?","bentr102","?","bentr102","?","wingi101","bresr101","crith101","pineb101","cavei101","duncp101","rouse101","walkc101","snydf101","","","8/F","F","F",1,9,2,"T","T",0,"F","F",1,"F","F",0,"F","F",8,"F","F","F","",0,0,"N",0,"N",0,"N",0,1,0,0,"8","","","","F","F","F","F","F","F","F","F","F","sheet102","","","F","F","F","F","F","","","","",0,8,0,0,0,0,0,0,0,39,"NY1","NY1","CIN",1,"F","T",5,4,0,17,3,"T","F",1,1,"F","F","younr101","frisf101","F","F",2,8,38,0,0,0,0,0,0,"wingi101","","",0,0,0,0,0,0,0,0,0,0,0,0,0,"rouse101","F","F","F","F",0,0,0,0,0,0,0,0,0,0,F,F,"1924NY1.EVN.regular.event.csv",1415
"NY1192406140","CIN",5,0,0,0,0,"",4,5,"rouse101","?","rouse101","?","oescj101","?","oescj101","?","snydf101","kellg101","frisf101","grohh101","jackt101","wilsh102","oconj102","younr101","","","","8/L","T","F",8,2,2,"T","T",0,"F","F",1,"F","F",0,"F","F",8,"L","F","F","",0,0,"N",0,"N",0,"N",0,0,0,0,"8","","","","F","F","F","F","F","F","F","F","F","","","","F","F","F","F","F","","","","",0,8,0,0,0,0,0,0,0,40,"NY1","CIN","NY1",0,"T","F",4,5,0,19,0,"T","F",0,0,"T","T","bresr101","duncp101","F","F",0,0,0,0,0,0,0,0,0,"","","",0,0,0,0,0,0,0,0,0,0,0,0,0,"oconj102","F","F","F","F",0,0,0,0,0,0,0,0,0,0,F,F,"1924NY1.EVN.regular.event.csv",1416
"NY1192406140","CIN",5,0,1,0,0,"",4,5,"bresr101","?","bresr101","?","oescj101","?","oescj101","?","snydf101","kellg101","frisf101","grohh101","jackt101","wilsh102","oconj102","younr101","","","","2/FL","F","F",3,3,2,"T","T",0,"F","F",1,"F","F",0,"F","F",2,"F","F","T","",0,0,"N",0,"N",0,"N",0,0,0,0,"2","","","","F","F","F","F","F","F","F","F","F","","","","F","F","F","F","F","","","","",0,2,0,0,0,0,0,0,0,41,"NY1","CIN","NY1",0,"F","F",4,5,0,20,1,"T","F",0,0,"T","T","duncp101","pineb101","F","F",0,0,0,0,0,0,0,0,0,"","","",0,0,0,0,0,0,0,0,0,0,0,0,0,"snydf101","F","F","F","F",0,0,0,0,0,0,0,0,0,0,F,F,"1924NY1.EVN.regular.event.csv",1417
"NY1192406140","CIN",5,0,2,0,0,"",4,5,"duncp101","?","duncp101","?","oescj101","?","oescj101","?","snydf101","kellg101","frisf101","grohh101","jackt101","wilsh102","oconj102","younr101","","","","S","F","F",7,4,20,"T","T",1,"F","F",0,"F","F",0,"F","F",0,"","F","F","",0,0,"N",0,"N",0,"N",1,0,0,0,"","","","","F","F","F","F","F","F","F","F","F","","","","F","F","F","F","F","","","","",0,0,0,0,0,0,0,0,0,42,"NY1","CIN","NY1",0,"F","F",4,5,0,21,2,"T","F",0,1,"T","T","pineb101","cavei101","F","F",0,0,0,0,0,0,0,0,0,"","","",0,0,0,0,0,0,0,0,0,0,0,0,0,"","F","F","F","F",0,0,0,0,0,0,0,0,0,0,F,F,"1924NY1.EVN.regular.event.csv",1418
"NY1192406140","CIN",5,0,2,0,0,"",4,5,"pineb101","?","pineb101","?","oescj101","?","oescj101","?","snydf101","kellg101","frisf101","grohh101","jackt101","wilsh102","oconj102","younr101","duncp101","","","S.1-2#","F","F",5,5,20,"T","T",1,"F","F",0,"F","F",0,"F","F",0,"","F","F","",0,0,"N",0,"N",0,"N",1,2,0,0,"","","","","F","F","F","F","F","F","F","F","F","oescj101","","","F","F","F","F","F","","","","",0,0,0,0,0,0,0,0,0,43,"NY1","CIN","NY1",0,"F","F",4,5,0,22,3,"T","F",1,3,"T","T","cavei101","crith101","F","F",7,4,42,0,0,0,0,0,0,"snydf101","","",0,0,0,0,0,0,0,0,0,0,0,0,0,"","F","F","F","F",0,0,0,0,0,0,0,0,0,0,F,T,"1924NY1.EVN.regular.event.csv",1419
"NY1192406140","CIN",5,0,2,0,0,"",4,5,"cavei101","?","cavei101","?","oescj101","?","oescj101","?","snydf101","kellg101","frisf101","grohh101","jackt101","wilsh102","oconj102","younr101","pineb101","duncp101","","9/F","F","F",6,6,2,"T","T",0,"F","F",1,"F","F",0,"F","F",9,"F","F","F","",0,0,"N",0,"N",0,"N",0,1,2,0,"9","","","","F","F","F","F","F","F","F","F","F","oescj101","oescj101","","F","F","F","F","F","","","","",0,9,0,0,0,0,0,0,0,44,"NY1","CIN","NY1",0,"F","T",4,5,0,23,4,"T","F",3,3,"T","T","crith101","wingi101","F","F",5,5,43,7,4,42,0,0,0,"snydf101","snydf101","",0,0,0,0,0,0,0,0,0,0,0,0,0,"younr101","F","F","F","F",0,0,0,0,0,0,0,0,0,0,F,F,"1924NY1.EVN.regular.event.csv",1420
"NY1192406140","CIN",5,1,0,0,0,"",4,5,"younr101","?","younr101","?","bentr102","?","bentr102","?","wingi101","bresr101","crith101","pineb101","cavei101","duncp101","rouse101","walkc101","","","","E6/TH1.B-2#","T","F",9,1,18,"T","T",0,"F","F",0,"F","F",0,"F","F",6,"G","F","F","",1,6,"T",0,"N",0,"N",2,0,0,0,"","","","","F","F","F","F","F","F","F","F","F","","","","F","F","F","F","F","","","","",0,0,0,0,0,0,0,0,0,45,"NY1","NY1","CIN",1,"T","F",5,4,0,18,0,"T","F",0,2,"T","T","frisf101","wilsh102","F","F",0,0,0,0,0,0,0,0,0,"","","",0,0,0,0,0,0,0,0,0,0,0,0,0,"cavei101","F","F","F","T",0,0,0,0,0,0,0,0,0,0,F,T,"1924NY1.EVN.regular.event.csv",1421
"NY1192406140","CIN",5,1,0,0,0,"",4,5,"frisf101","?","frisf101","?","bentr102","?","bentr102","?","wingi101","bresr101","crith101","pineb101","cavei101","duncp101","rouse101","walkc101","","younr101","","E4/G.2-3","F","F",4,2,18,"T","T",0,"F","F",0,"F","F",0,"F","F",4,"G","F","F","",1,4,"F",0,"N",0,"N",1,0,3,0,"","","","","F","F","F","F","F","F","F","F","F","","bentr102","","F","F","F","F","F","","","","",0,0,0,0,0,0,0,0,0,46,"NY1","NY1","CIN",1,"F","F",5,4,0,19,1,"T","F",2,5,"T","T","wilsh102","kellg101","F","F",0,0,0,9,1,45,0,0,0,"","wingi101","",0,0,0,0,0,0,0,0,0,0,0,0,0,"crith101","F","F","F","T",2,0,0,0,0,0,0,0,0,0,F,F,"1924NY1.EVN.regular.event.csv",1422
"NY1192406140","CIN",5,1,0,0,0,"",4,5,"wilsh102","?","wilsh102","?","bentr102","?","bentr102","?","wingi101","bresr101","crith101","pineb101","cavei101","duncp101","rouse101","walkc101","frisf101","","younr101","SB2.1-2(WP)","F","F",7,3,4,"F","F",0,"F","F",0,"F","F",0,"T","F",0,"","F","F","",0,0,"N",0,"N",0,"N",0,2,0,3,"","","","","T","F","F","F","F","F","F","F","F","bentr102","","bentr102","F","F","F","F","F","","","","",0,0,0,0,0,0,0,0,0,47,"NY1","NY1","CIN",1,"F","F",5,4,0,20,2,"T","F",5,6,"T","T","kellg101","oconj102","F","F",4,2,46,0,0,0,9,1,45,"wingi101","","wingi101",0,0,0,0,0,0,0,0,0,0,0,0,0,"","F","F","F","F",0,2,0,0,0,0,0,0,0,0,F,F,"1924NY1.EVN.regular.event.csv",1423
"NY1192406140","CIN",5,1,0,0,0,"",4,5,"wilsh102","?","wilsh102","?","bentr102","?","bentr102","?","wingi101","bresr101","crith101","pineb101","cavei101","duncp101","rouse101","walkc101","","frisf101","younr101","K","F","F",7,3,3,"T","T",0,"F","F",1,"F","F",0,"F","F",0,"","F","F","",0,0,"N",0,"N",0,"N",0,0,2,3,"2","","","","F","F","F","F","F","F","F","F","F","","bentr102","bentr102","F","F","F","F","F","","","","",0,2,0,0,0,0,0,0,0,48,"NY1","NY1","CIN",1,"F","F",5,4,0,20,2,"F","F",6,6,"T","T","kellg101","oconj102","F","F",0,0,0,4,2,46,9,1,45,"","wingi101","wingi101",0,0,0,0,0,0,0,0,0,0,0,0,0,"","F","F","F","F",0,0,2,0,0,0,0,0,0,0,F,F,"1924NY1.EVN.regular.event.csv",1424
"NY1192406140","CIN",5,1,1,0,0,"",4,5,"kellg101","?","kellg101","?","bentr102","?","bentr102","?","wingi101","bresr101","crith101","pineb101","cavei101","duncp101","rouse101","walkc101","","frisf101","younr101","IW","F","F",3,4,15,"T","F",0,"F","F",0,"F","F",0,"F","F",0,"","F","F","",0,0,"N",0,"N",0,"N",1,0,2,3,"","","","","F","F","F","F","F","F","F","F","F","","bentr102","bentr102","F","F","F","F","F","","","","",0,0,0,0,0,0,0,0,0,49,"NY1","NY1","CIN",1,"F","F",5,4,0,21,3,"T","F",6,7,"T","T","oconj102","jackt101","F","F",0,0,0,4,2,46,9,1,45,"","wingi101","wingi101",0,0,0,0,0,0,0,0,0,0,0,0,0,"","F","F","F","F",1,0,2,0,0,0,0,0,0,0,F,F,"1924NY1.EVN.regular.event.csv",1425
"NY1192406140","CIN",5,1,1,0,0,"",4,5,"gowdh101","?","gowdh101","?","bentr102","?","bentr102","?","wingi101","bresr101","crith101","pineb101","cavei101","duncp101","rouse101","walkc101","kellg101","frisf101","younr101","52(3)3/GDP","F","T",11,5,2,"T","T",0,"F","F",2,"T","F",0,"F","F",5,"G","F","F","",0,0,"N",0,"N",0,"N",0,1,2,0,"23","","","52","F","F","F","F","F","F","F","F","F","bentr102","bentr102","bentr102","F","F","F","F","F","","","","oconj102",8,2,3,0,5,2,0,0,0,50,"NY1","NY1","CIN",1,"F","T",5,4,0,22,4,"T","F",7,3,"F","F","jackt101","grohh101","F","F",3,4,49,4,2,46,9,1,45,"wingi101","wingi101","wingi101",0,0,0,0,0,0,0,0,0,0,0,0,0,"pineb101","F","F","T","F",0,1,2,0,0,0,0,0,0,0,F,F,"1924NY1.EVN.regular.event.csv",1426
"NY1192406140","CIN",6,0,0,0,0,"",4,5,"crith101","?","crith101","?","oescj101","?","oescj101","?","snydf101","kellg101","frisf101","grohh101","jackt101","meusi101","wilsh102","younr101","","","","8/F","T","F",4,7,2,"T","T",0,"F","F",1,"F","F",0,"F","F",8,"F","F","F","",0,0,"N",0,"N",0,"N",0,0,0,0,"8","","","","F","F","F","F","F","F","F","F","F","","","","F","F","F","F","F","","","","",0,8,0,0,0,0,0,0,0,51,"NY1","CIN","NY1",0,"T","F",4,5,0,24,0,"T","F",0,0,"T","T","wingi101","bentr102","F","F",0,0,0,0,0,0,0,0,0,"","","",0,0,0,0,0,0,0,0,0,0,0,0,0,"wilsh102","F","F","F","F",0,0,0,0,2,0,0,0,0,0,F,F,"1924NY1.EVN.regular.event.csv",1427
"NY1192406140","CIN",6,0,1,0,0,"",4,5,"wingi101","?","wingi101","?","oescj101","?","oescj101","?","snydf101","kellg101","frisf101","grohh101","jackt101","meusi101","wilsh102","younr101","","","","S","F","F",2,8,20,"T","T",1,"F","F",0,"F","F",0,"F","F",0,"","F","F","",0,0,"N",0,"N",0,"N",1,0,0,0,"","","","","F","F","F","F","F","F","F","F","F","","","","F","F","F","F","F","","","","",0,0,0,0,0,0,0,0,0,52,"NY1","CIN","NY1",0,"F","F",4,5,0,25,1,"T","F",0,1,"T","T","bentr102","walkc101","F","F",0,0,0,0,0,0,0,0,0,"","","",0,0,0,0,0,0,0,0,0,0,0,0,0,"","F","F","F","F",4,0,0,0,2,0,0,0,0,0,F,F,"1924NY1.EVN.regular.event.csv",1428
"NY1192406140","CIN",6,0,1,0,0,"",4,5,"bentr102","?","bentr102","?","oescj101","?","oescj101","?","snydf101","kellg101","frisf101","grohh101","jackt101","meusi101","wilsh102","younr101","wingi101","","","3/FL","F","F",1,9,2,"T","T",0,"F","F",1,"F","F",0,"F","F",3,"F","F","T","",0,0,"N",0,"N",0,"N",0,1,0,0,"3","","","","F","F","F","F","F","F","F","F","F","oescj101","","","F","F","F","F","F","","","","",0,3,0,0,0,0,0,0,0,53,"NY1","CIN","NY1",0,"F","F",4,5,0,26,2,"T","F",1,1,"F","F","walkc101","rouse101","F","F",2,8,52,0,0,0,0,0,0,"snydf101","","",0,0,0,0,0,0,0,0,0,0,0,0,0,"kellg101","F","F","F","F",0,4,0,0,2,0,0,0,0,0,F,F,"1924NY1.EVN.regular.event.csv",1429
"NY1192406140","CIN",6,0,2,0,0,"",4,5,"walkc101","?","walkc101","?","oescj101","?","oescj101","?","snydf101","kellg101","frisf101","grohh101","jackt101","meusi101","wilsh102","younr101","wingi101","","","T/89.1-H","F","F",9,1,22,"T","T",3,"F","F",0,"F","F",1,"F","F",0,"","F","F","89",0,0,"N",0,"N",0,"N",3,4,0,0,"","","","","F","F","F","F","F","F","F","F","F","oescj101","","","F","F","F","F","F","","","","",0,0,0,0,0,0,0,0,0,54,"NY1","CIN","NY1",0,"F","F",4,5,0,27,3,"T","F",1,4,"T","T","rouse101","bresr101","F","F",2,8,52,0,0,0,0,0,0,"snydf101","","",0,0,0,0,0,0,0,0,0,0,0,0,1,"","F","F","F","F",4,4,0,0,1,0,0,0,0,0,F,F,"1924NY1.EVN.regular.event.csv",1430
"NY1192406140","CIN",6,0,2,0,0,"",5,5,"rouse101","?","rouse101","?","oescj101","?","oescj101","?","snydf101","kellg101","frisf101","grohh101","jackt101","meusi101","wilsh102","younr101","","","walkc101","D8.3-H","F","F",8,2,21,"T","T",2,"F","F",0,"F","F",1,"F","F",8,"","F","F","",0,0,"N",0,"N",0,"N",2,0,0,4,"","","","","F","F","F","F","F","F","F","F","F","","","oescj101","F","F","F","F","F","","","","",0,0,0,0,0,0,0,0,0,55,"NY1","CIN","NY1",0,"F","F",5,5,1,28,4,"T","F",4,2,"T","T","bresr101","duncp101","F","F",0,0,0,0,0,0,9,1,54,"","","snydf101",0,0,0,0,0,0,0,0,0,0,0,0,1,"wilsh102","F","F","F","F",0,0,0,4,0,0,0,0,0,0,F,F,"1924NY1.EVN.regular.event.csv",1431
"NY1192406140","CIN",6,0,2,0,0,"",6,5,"bresr101","?","bresr101","?","oescj101","?","oescj101","?","snydf101","kellg101","frisf101","grohh101","jackt101","meusi101","wilsh102","younr101","","rouse101","","W","F","F",3,3,14,"T","F",0,"F","F",0,"F","F",0,"F","F",0,"","F","F","",0,0,"N",0,"N",0,"N",1,0,2,0,"","","","","F","F","F","F","F","F","F","F","F","","oescj101","","F","F","F","F","F","","","","",0,0,0,0,0,0,0,0,0,56,"NY1","CIN","NY1",0,"F","F",6,5,2,29,5,"T","F",2,3,"T","T","duncp101","pineb101","F","F",0,0,0,8,2,55,0,0,0,"","snydf101","",0,0,0,0,0,0,0,0,0,0,0,0,0,"","F","F","F","F",0,0,0,0,0,0,0,0,0,0,F,F,"1924NY1.EVN.regular.event.csv",1432
"NY1192406140","CIN",6,0,2,0,0,"",6,5,"duncp101","?","duncp101","?","oescj101","?","oescj101","?","snydf101","kellg101","frisf101","grohh101","jackt101","meusi101","wilsh102","younr101","bresr101","rouse101","","8/L","F","F",7,4,2,"T","T",0,"F","F",1,"F","F",0,"F","F",8,"L","F","F","",0,0,"N",0,"N",0,"N",0,1,2,0,"8","","","","F","F","F","F","F","F","F","F","F","oescj101","oescj101","","F","F","F","F","F","","","","",0,8,0,0,0,0,0,0,0,57,"NY1","CIN","NY1",0,"F","T",6,5,2,30,6,"T","F",3,3,"T","T","pineb101","cavei101","F","F",3,3,56,8,2,55,0,0,0,"snydf101","snydf101","",0,0,0,0,0,0,0,0,0,0,0,0,0,"wilsh102","F","F","F","F",0,0,0,0,0,0,0,0,0,0,F,F,"1924NY1.EVN.regular.event.csv",1433
"NY1192406140","CIN",6,1,0,0,0,"",6,5,"jackt101","?","jackt101","?","bentr102","?","bentr102","?","wingi101","bresr101","crith101","pineb101","cavei101","duncp101","rouse101","walkc101","","","","S","T","F",6,6,20,"T","T",1,"F","F",0,"F","F",0,"F","F",0,"","F","F","",0,0,"N",0,"N",0,"N",1,0,0,0,"","","","","F","F","F","F","F","F","F","F","F","","","","F","F","F","F","F","","","","",0,0,0,0,0,0,0,0,0,58,"NY1","NY1","CIN",1,"T","F",5,6,0,23,0,"T","F",0,1,"T","T","grohh101","snydf101","F","F",0,0,0,0,0,0,0,0,0,"","","",0,0,0,0,0,0,0,0,0,0,0,0,0,"","F","F","F","F",0,0,0,0,0,0,0,0,0,0,F,F,"1924NY1.EVN.regular.event.csv",1434
"NY1192406140","CIN",6,1,0,0,0,"",6,5,"grohh101","?","grohh101","?","bentr102","?","bentr102","?","wingi101","bresr101","crith101","pineb101","cavei101","duncp101","rouse101","walkc101","jackt101","","","46(1)/FO","F","F",5,7,2,"T","T",0,"F","F",1,"F","F",0,"F","F",4,"G","F","F","",0,0,"N",0,"N",0,"N",1,0,0,0,"","46","","","F","F","F","F","F","F","F","F","F","bentr102","","","F","F","F","F","F","","","","",0,6,0,0,4,0,0,0,0,59,"NY1","NY1","CIN",1,"F","F",5,6,0,24,1,"T","F",1,1,"T","T","snydf101","oescj101","F","F",6,6,58,0,0,0,0,0,0,"wingi101","","",0,0,0,0,0,0,0,0,0,0,0,0,0,"crith101","T","F","F","F",0,0,0,0,0,0,0,0,0,0,F,F,"1924NY1.EVN.regular.event.csv",1435
"NY1192406140","CIN",6,1,1,0,0,"",6,5,"snydf101","?","snydf101","?","bentr102","?","bentr102","?","wingi101","bresr101","crith101","pineb101","cavei101","duncp101","rouse101","walkc101","grohh101","","","46(1)3/GDP","F","F",2,8,2,"T","T",0,"F","F",2,"T","F",0,"F","F",4,"G","F","F","",0,0,"N",0,"N",0,"N",0,0,0,0,"63","46","","","F","F","F","F","F","F","F","F","F","bentr102","","","F","F","F","F","F","","","","",0,6,3,0,4,6,0,0,0,60,"NY1","NY1","CIN",1,"F","T",5,6,0,25,2,"T","F",1,0,"T","T","oescj101","younr101","F","F",5,7,59,0,0,0,0,0,0,"wingi101","","",0,0,0,0,0,0,0,0,0,0,0,0,0,"crith101","T","F","F","F",0,0,0,0,0,0,0,0,0,0,F,F,"1924NY1.EVN.regular.event.csv",1436
"NY1192406140","CIN",7,0,0,0,0,"",6,5,"pineb101","?","pineb101","?","oescj101","?","oescj101","?","snydf101","kellg101","frisf101","grohh101","jackt101","meusi101","wilsh102","younr101","","","","S","T","F",5,5,20,"T","T",1,"F","F",0,"F","F",0,"F","F",0,"","F","F","",0,0,"N",0,"N",0,"N",1,0,0,0,"","","","","F","F","F","F","F","F","F","F","F","","","","F","F","F","F","F","","","","",0,0,0,0,0,0,0,0,0,61,"NY1","CIN","NY1",0,"T","F",6,5,0,31,0,"T","F",0,1,"T","T","cavei101","crith101","F","F",0,0,0,0,0,0,0,0,0,"","","",0,0,0,0,0,0,0,0,0,0,0,0,0,"","F","F","F","F",0,0,0,0,0,0,0,0,0,0,F,F,"1924NY1.EVN.regular.event.csv",1437
"NY1192406140","CIN",7,0,0,0,0,"",6,5,"cavei101","?","cavei101","?","oescj101","?","oescj101","?","snydf101","kellg101","frisf101","grohh101","jackt101","meusi101","wilsh102","younr101","pineb101","","","23(B)/DP.1X2(364)","F","F",6,6,2,"T","T",0,"F","F",2,"T","F",0,"F","F",2,"G","F","F","",0,0,"N",0,"N",0,"N",0,0,0,0,"23","364","","","F","F","F","F","F","F","F","F","F","oescj101","","","F","F","F","F","F","","","","",0,3,4,0,2,3,6,0,0,62,"NY1","CIN","NY1",0,"F","F",6,5,0,32,1,"T","F",1,0,"T","T","crith101","wingi101","F","F",5,5,61,0,0,0,0,0,0,"snydf101","","",0,0,0,0,0,0,0,0,0,0,0,0,0,"snydf101","F","F","F","F",0,0,0,0,0,0,0,0,0,0,F,F,"1924NY1.EVN.regular.event.csv",1438
"NY1192406140","CIN",7,0,2,0,0,"",6,5,"crith101","?","crith101","?","oescj101","?","oescj101","?","snydf101","kellg101","frisf101","grohh101","jackt101","meusi101","wilsh102","younr101","","","","63","F","F",4,7,2,"T","T",0,"F","F",1,"F","F",0,"F","F",6,"G","F","F","",0,0,"N",0,"N",0,"N",0,0,0,0,"63","","","","F","F","F","F","F","F","F","F","F","","","","F","F","F","F","F","","","","",0,3,0,0,6,0,0,0,0,63,"NY1","CIN","NY1",0,"F","T",6,5,0,33,2,"T","F",0,0,"T","T","wingi101","bentr102","F","F",0,0,0,0,0,0,0,0,0,"","","",0,0,0,0,0,0,0,0,0,0,0,0,0,"jackt101","F","F","F","F",0,0,0,0,0,0,0,0,0,0,F,F,"1924NY1.EVN.regular.event.csv",1439
"NY1192406140","CIN",7,1,0,0,0,"",6,5,"lindf101","?","lindf101","?","bentr102","?","bentr102","?","wingi101","bresr101","crith101","pineb101","cavei101","duncp101","rouse101","walkc101","","","","3/P","T","T",11,9,2,"T","T",0,"F","F",1,"F","F",0,"F","F",3,"P","F","F","",0,0,"N",0,"N",0,"N",0,0,0,0,"3","","","","F","F","F","F","F","F","F","F","F","","","","F","F","F","F","F","","","","oescj101",1,3,0,0,0,0,0,0,0,64,"NY1","NY1","CIN",1,"T","F",5,6,0,26,0,"T","F",0,0,"F","F","younr101","frisf101","F","F",0,0,0,0,0,0,0,0,0,"","","",0,0,0,0,0,0,0,0,0,0,0,0,0,"bresr101","F","F","F","F",0,0,0,0,1,0,0,0,0,0,F,F,"1924NY1.EVN.regular.event.csv",1440
"NY1192406140","CIN",7,1,1,0,0,"",6,5,"younr101","?","younr101","?","bentr102","?","bentr102","?","wingi101","bresr101","crith101","pineb101","cavei101","duncp101","rouse101","walkc101","","","","9/F","F","F",9,1,2,"T","T",0,"F","F",1,"F","F",0,"F","F",9,"F","F","F","",0,0,"N",0,"N",0,"N",0,0,0,0,"9","","","","F","F","F","F","F","F","F","F","F","","","","F","F","F","F","F","","","","",0,9,0,0,0,0,0,0,0,65,"NY1","NY1","CIN",1,"F","F",5,6,0,27,1,"T","F",0,0,"T","T","frisf101","wilsh102","F","F",0,0,0,0,0,0,0,0,0,"","","",0,0,0,0,0,0,0,0,0,0,0,0,0,"walkc101","F","F","F","F",0,0,0,0,1,0,0,0,0,0,F,F,"1924NY1.EVN.regular.event.csv",1441
"NY1192406140","CIN",7,1,2,0,0,"",6,5,"frisf101","?","frisf101","?","bentr102","?","bentr102","?","wingi101","bresr101","crith101","pineb101","cavei101","duncp101","rouse101","walkc101","","","","S","F","F",4,2,20,"T","T",1,"F","F",0,"F","F",0,"F","F",0,"","F","F","",0,0,"N",0,"N",0,"N",1,0,0,0,"","","","","F","F","F","F","F","F","F","F","F","","","","F","F","F","F","F","","","","",0,0,0,0,0,0,0,0,0,66,"NY1","NY1","CIN",1,"F","F",5,6,0,28,2,"T","F",0,1,"T","T","wilsh102","kellg101","F","F",0,0,0,0,0,0,0,0,0,"","","",0,0,0,0,0,0,0,0,0,0,0,0,0,"","F","F","F","F",4,0,0,0,1,0,0,0,0,0,F,F,"1924NY1.EVN.regular.event.csv",1442
"NY1192406140","CIN",7,1,2,0,0,"",6,5,"wilsh102","?","wilsh102","?","bentr102","?","bentr102","?","wingi101","bresr101","crith101","pineb101","cavei101","duncp101","rouse101","walkc101","frisf101","","","S.1-3","F","F",8,3,20,"T","T",1,"F","F",0,"F","F",0,"F","F",0,"","F","F","",0,0,"N",0,"N",0,"N",1,3,0,0,"","","","","F","F","F","F","F","F","F","F","F","bentr102","","","F","F","F","F","F","","","","",0,0,0,0,0,0,0,0,0,67,"NY1","NY1","CIN",1,"F","F",5,6,0,29,3,"T","F",1,5,"T","T","kellg101","meusi101","F","F",4,2,66,0,0,0,0,0,0,"wingi101","","",0,0,0,0,0,0,0,0,0,0,0,0,0,"","F","F","F","F",0,4,0,0,1,0,0,0,0,0,F,F,"1924NY1.EVN.regular.event.csv",1443
"NY1192406140","CIN",7,1,2,0,0,"",6,5,"kellg101","?","kellg101","?","bentr102","?","bentr102","?","wingi101","bresr101","crith101","pineb101","cavei101","duncp101","rouse101","walkc101","wilsh102","","frisf101","S9.3-H;1-3","F","F",3,4,20,"T","T",1,"F","F",0,"F","F",1,"F","F",9,"","F","F","",0,0,"N",0,"N",0,"N",1,3,0,4,"","","","","F","F","F","F","F","F","F","F","F","bentr102","","bentr102","F","F","F","F","F","","","","",0,0,0,0,0,0,0,0,0,68,"NY1","NY1","CIN",1,"F","F",5,6,0,30,4,"T","F",5,5,"T","T","meusi101","jackt101","F","F",8,3,67,0,0,0,4,2,66,"wingi101","","wingi101",0,0,0,0,0,0,0,0,0,0,0,0,1,"walkc101","F","F","F","F",1,0,0,4,0,0,0,0,0,0,F,F,"1924NY1.EVN.regular.event.csv",1444
"NY1192406140","CIN",7,1,2,0,0,"",6,6,"meusi101","?","meusi101","?","donop102","?","donop102","?","wingi101","bresr101","crith101","pineb101","cavei101","duncp101","rouse101","walkc101","kellg101","","wilsh102","CSH(252)","F","F",7,5,6,"F","F",0,"F","F",1,"F","F",0,"F","F",0,"","F","F","",0,0,"N",0,"N",0,"N",0,1,0,0,"","","","252","F","F","F","F","F","T","F","F","F","bentr102","","bentr102","F","F","F","F","F","","","","",0,2,0,0,2,5,0,0,0,69,"NY1","NY1","CIN",1,"F","T",6,6,1,31,5,"T","T",5,1,"F","F","jackt101","grohh101","F","F",3,4,68,0,0,0,8,3,67,"wingi101","","wingi101",0,0,0,0,0,0,0,0,0,0,0,0,0,"","F","F","F","F",0,1,0,0,0,0,0,0,0,0,F,F,"1924NY1.EVN.regular.event.csv",1445
"NY1192406140","CIN",8,0,0,0,0,"",6,6,"wingi101","?","wingi101","?","jonnc101","?","jonnc101","?","snydf101","kellg101","frisf101","grohh101","jackt101","meusi101","wilsh102","younr101","","","","63","T","F",2,8,2,"T","T",0,"F","F",1,"F","F",0,"F","F",6,"G","F","F","",0,0,"N",0,"N",0,"N",0,0,0,0,"63","","","","F","F","F","F","F","F","F","F","F","","","","F","F","F","F","F","","","","",0,3,0,0,6,0,0,0,0,70,"NY1","CIN","NY1",0,"T","F",6,6,0,34,0,"T","F",0,0,"T","T","donop102","walkc101","F","F",0,0,0,0,0,0,0,0,0,"","","",0,0,0,0,0,0,0,0,0,0,0,0,0,"jackt101","F","F","F","F",0,0,0,0,0,0,0,0,0,0,F,F,"1924NY1.EVN.regular.event.csv",1446
"NY1192406140","CIN",8,0,1,0,0,"",6,6,"donop102","?","donop102","?","jonnc101","?","jonnc101","?","snydf101","kellg101","frisf101","grohh101","jackt101","meusi101","wilsh102","younr101","","","","63","F","F",1,9,2,"T","T",0,"F","F",1,"F","F",0,"F","F",6,"G","F","F","",0,0,"N",0,"N",0,"N",0,0,0,0,"63","","","","F","F","F","F","F","F","F","F","F","","","","F","F","F","F","F","","","","",0,3,0,0,6,0,0,0,0,71,"NY1","CIN","NY1",0,"F","F",6,6,0,35,1,"T","F",0,0,"F","F","walkc101","rouse101","F","F",0,0,0,0,0,0,0,0,0,"","","",0,0,0,0,0,0,0,0,0,0,0,0,0,"jackt101","F","F","F","F",0,0,0,0,0,0,0,0,0,0,F,F,"1924NY1.EVN.regular.event.csv",1447
"NY1192406140","CIN",8,0,2,0,0,"",6,6,"walkc101","?","walkc101","?","jonnc101","?","jonnc101","?","snydf101","kellg101","frisf101","grohh101","jackt101","meusi101","wilsh102","younr101","","","","63","F","F",9,1,2,"T","T",0,"F","F",1,"F","F",0,"F","F",6,"G","F","F","",0,0,"N",0,"N",0,"N",0,0,0,0,"63","","","","F","F","F","F","F","F","F","F","F","","","","F","F","F","F","F","","","","",0,3,0,0,6,0,0,0,0,72,"NY1","CIN","NY1",0,"F","T",6,6,0,36,2,"T","F",0,0,"T","T","rouse101","bresr101","F","F",0,0,0,0,0,0,0,0,0,"","","",0,0,0,0,0,0,0,0,0,0,0,0,0,"jackt101","F","F","F","F",0,0,0,0,0,0,0,0,0,0,F,F,"1924NY1.EVN.regular.event.csv",1448
"NY1192406140","CIN",8,1,0,0,0,"",6,6,"meusi101","?","meusi101","?","donop102","?","donop102","?","wingi101","bresr101","crith101","pineb101","cavei101","duncp101","rouse101","walkc101","","","","S","T","F",7,5,20,"T","T",1,"F","F",0,"F","F",0,"F","F",0,"","F","F","",0,0,"N",0,"N",0,"N",1,0,0,0,"","","","","F","F","F","F","F","F","F","F","F","","","","F","F","F","F","F","","","","",0,0,0,0,0,0,0,0,0,73,"NY1","NY1","CIN",1,"T","F",6,6,0,31,0,"T","F",0,1,"F","F","jackt101","grohh101","F","F",0,0,0,0,0,0,0,0,0,"","","",0,0,0,0,0,0,0,0,0,0,0,0,0,"","F","F","F","F",0,0,0,0,0,0,0,0,0,0,F,F,"1924NY1.EVN.regular.event.csv",1449
"NY1192406140","CIN",8,1,0,0,0,"",6,6,"jackt101","?","jackt101","?","donop102","?","donop102","?","wingi101","bresr101","crith101","pineb101","cavei101","duncp101","rouse101","walkc101","meusi101","","","46(1)/FO","F","F",6,6,2,"T","T",0,"F","F",1,"F","F",0,"F","F",4,"G","F","F","",0,0,"N",0,"N",0,"N",1,0,0,0,"","46","","","F","F","F","F","F","F","F","F","F","donop102","","","F","F","F","F","F","","","","",0,6,0,0,4,0,0,0,0,74,"NY1","NY1","CIN",1,"F","F",6,6,0,32,1,"T","F",1,1,"T","T","grohh101","snydf101","F","F",7,5,73,0,0,0,0,0,0,"wingi101","","",0,0,0,0,0,0,0,0,0,0,0,0,0,"crith101","T","F","F","F",3,0,0,0,0,0,0,0,0,0,F,F,"1924NY1.EVN.regular.event.csv",1450
"NY1192406140","CIN",8,1,1,0,0,"",6,6,"grohh101","?","grohh101","?","donop102","?","donop102","?","wingi101","bresr101","crith101","pineb101","cavei101","duncp101","rouse101","walkc101","jackt101","","","E6/TH1.1-2#","F","F",5,7,18,"T","T",0,"F","F",0,"F","F",0,"F","F",6,"G","F","F","",1,6,"T",0,"N",0,"N",1,2,0,0,"","","","","F","F","F","F","F","F","F","F","F","donop102","","","F","F","F","F","F","","","","",0,0,0,0,0,0,0,0,0,75,"NY1","NY1","CIN",1,"F","F",6,6,0,33,2,"T","F",1,3,"T","T","snydf101","jonnc101","F","F",6,6,74,0,0,0,0,0,0,"wingi101","","",0,0,0,0,0,0,0,0,0,0,0,0,0,"cavei101","F","F","F","T",2,3,0,0,0,0,0,0,0,0,F,T,"1924NY1.EVN.regular.event.csv",1451
"NY1192406140","CIN",8,1,1,0,0,"",6,6,"snydf101","?","snydf101","?","donop102","?","donop102","?","wingi101","bresr101","crith101","pineb101","cavei101","duncp101","rouse101","walkc101","grohh101","jackt101","","13.2-3;1-2","F","F",2,8,2,"T","T",0,"F","F",1,"F","F",0,"F","F",1,"G","F","F","",0,0,"N",0,"N",0,"N",0,2,3,0,"13","","","","F","F","F","F","F","F","F","F","F","donop102","donop102","","F","F","F","F","F","","","","",0,3,0,0,1,0,0,0,0,76,"NY1","NY1","CIN",1,"F","F",6,6,0,34,3,"T","F",3,6,"T","T","jonnc101","younr101","F","F",5,7,75,6,6,74,0,0,0,"wingi101","wingi101","",0,0,0,0,0,0,0,0,0,0,0,0,0,"donop102","F","F","F","F",0,2,3,0,0,0,0,0,0,0,F,F,"1924NY1.EVN.regular.event.csv",1452
"NY1192406140","CIN",8,1,2,0,0,"",6,6,"terrb101","?","terrb101","?","donop102","?","donop102","?","wingi101","bresr101","crith101","pineb101","cavei101","duncp101","rouse101","walkc101","","grohh101","jackt101","3/G","F","T",11,9,2,"T","T",0,"F","F",1,"F","F",0,"F","F",3,"G","F","F","",0,0,"N",0,"N",0,"N",0,0,2,3,"3","","","","F","F","F","F","F","F","F","F","F","","donop102","donop102","F","F","F","F","F","","","","jonnc101",1,3,0,0,0,0,0,0,0,77,"NY1","NY1","CIN",1,"F","T",6,6,0,35,4,"T","F",6,6,"F","F","younr101","frisf101","F","F",0,0,0,5,7,75,6,6,74,"","wingi101","wingi101",0,0,0,0,0,0,0,0,0,0,0,0,0,"bresr101","F","F","F","F",0,0,2,3,0,0,0,0,0,0,F,F,"1924NY1.EVN.regular.event.csv",1453
"NY1192406140","CIN",9,0,0,0,0,"",6,6,"rouse101","?","rouse101","?","ryanr101","?","ryanr101","?","snydf101","kellg101","frisf101","grohh101","jackt101","meusi101","wilsh102","younr101","","","","9/F","T","F",8,2,2,"T","T",0,"F","F",1,"F","F",0,"F","F",9,"F","F","F","",0,0,"N",0,"N",0,"N",0,0,0,0,"9","","","","F","F","F","F","F","F","F","F","F","","","","F","F","F","F","F","","","","",0,9,0,0,0,0,0,0,0,78,"NY1","CIN","NY1",0,"T","F",6,6,0,37,0,"T","F",0,0,"T","T","bresr101","duncp101","F","F",0,0,0,0,0,0,0,0,0,"","","",0,0,0,0,0,0,0,0,0,0,0,0,0,"younr101","F","F","F","F",0,0,0,0,0,0,0,0,0,0,F,F,"1924NY1.EVN.regular.event.csv",1454
"NY1192406140","CIN",9,0,1,0,0,"",6,6,"bresr101","?","bresr101","?","ryanr101","?","ryanr101","?","snydf101","kellg101","frisf101","grohh101","jackt101","meusi101","wilsh102","younr101","","","","9/F","F","F",3,3,2,"T","T",0,"F","F",1,"F","F",0,"F","F",9,"F","F","F","",0,0,"N",0,"N",0,"N",0,0,0,0,"9","","","","F","F","F","F","F","F","F","F","F","","","","F","F","F","F","F","","","","",0,9,0,0,0,0,0,0,0,79,"NY1","CIN","NY1",0,"F","F",6,6,0,38,1,"T","F",0,0,"T","T","duncp101","pineb101","F","F",0,0,0,0,0,0,0,0,0,"","","",0,0,0,0,0,0,0,0,0,0,0,0,0,"younr101","F","F","F","F",0,0,0,0,0,0,0,0,0,0,F,F,"1924NY1.EVN.regular.event.csv",1455
"NY1192406140","CIN",9,0,2,0,0,"",6,6,"duncp101","?","duncp101","?","ryanr101","?","ryanr101","?","snydf101","kellg101","frisf101","grohh101","jackt101","meusi101","wilsh102","younr101","","","","53","F","F",7,4,2,"T","T",0,"F","F",1,"F","F",0,"F","F",5,"G","F","F","",0,0,"N",0,"N",0,"N",0,0,0,0,"53","","","","F","F","F","F","F","F","F","F","F","","","","F","F","F","F","F","","","","",0,3,0,0,5,0,0,0,0,80,"NY1","CIN","NY1",0,"F","T",6,6,0,39,2,"T","F",0,0,"T","T","pineb101","cavei101","F","F",0,0,0,0,0,0,0,0,0,"","","",0,0,0,0,0,0,0,0,0,0,0,0,0,"grohh101","F","F","F","F",0,0,0,0,0,0,0,0,0,0,F,F,"1924NY1.EVN.regular.event.csv",1456
"NY1192406140","CIN",9,1,0,0,0,"",6,6,"younr101","?","younr101","?","donop102","?","donop102","?","wingi101","bresr101","crith101","pineb101","cavei101","duncp101","rouse101","walkc101","","","","K","T","F",9,1,3,"T","T",0,"F","F",1,"F","F",0,"F","F",0,"","F","F","",0,0,"N",0,"N",0,"N",0,0,0,0,"2","","","","F","F","F","F","F","F","F","F","F","","","","F","F","F","F","F","","","","",0,2,0,0,0,0,0,0,0,81,"NY1","NY1","CIN",1,"T","F",6,6,0,36,0,"T","F",0,0,"T","T","frisf101","wilsh102","F","F",0,0,0,0,0,0,0,0,0,"","","",0,0,0,0,0,0,0,0,0,0,0,0,0,"","F","F","F","F",0,0,0,0,2,0,0,0,0,0,F,F,"1924NY1.EVN.regular.event.csv",1457
"NY1192406140","CIN",9,1,1,0,0,"",6,6,"frisf101","?","frisf101","?","donop102","?","donop102","?","wingi101","bresr101","crith101","pineb101","cavei101","duncp101","rouse101","walkc101","","","","S","F","F",4,2,20,"T","T",1,"F","F",0,"F","F",0,"F","F",0,"","F","F","",0,0,"N",0,"N",0,"N",1,0,0,0,"","","","","F","F","F","F","F","F","F","F","F","","","","F","F","F","F","F","","","","",0,0,0,0,0,0,0,0,0,82,"NY1","NY1","CIN",1,"F","F",6,6,0,37,1,"T","F",0,1,"T","T","wilsh102","kellg101","F","F",0,0,0,0,0,0,0,0,0,"","","",0,0,0,0,0,0,0,0,0,0,0,0,0,"","F","F","F","F",0,0,0,0,2,0,0,0,0,0,F,F,"1924NY1.EVN.regular.event.csv",1458
"NY1192406140","CIN",9,1,1,0,0,"",6,6,"wilsh102","?","wilsh102","?","donop102","?","donop102","?","wingi101","bresr101","crith101","pineb101","cavei101","duncp101","rouse101","walkc101","frisf101","","","64(1)/FO","F","F",8,3,2,"T","T",0,"F","F",1,"F","F",0,"F","F",6,"G","F","F","",0,0,"N",0,"N",0,"N",1,0,0,0,"","64","","","F","F","F","F","F","F","F","F","F","donop102","","","F","F","F","F","F","","","","",0,4,0,0,6,0,0,0,0,83,"NY1","NY1","CIN",1,"F","F",6,6,0,38,2,"T","F",1,1,"T","T","kellg101","meusi101","F","F",4,2,82,0,0,0,0,0,0,"wingi101","","",0,0,0,0,0,0,0,0,0,0,0,0,0,"cavei101","T","F","F","F",4,0,0,0,2,0,0,0,0,0,F,F,"1924NY1.EVN.regular.event.csv",1459
"NY1192406140","CIN",9,1,2,0,0,"",6,6,"kellg101","?","kellg101","?","donop102","?","donop102","?","wingi101","bresr101","crith101","pineb101","cavei101","duncp101","rouse101","walkc101","wilsh102","","","HR/F7D.1-H","F","F",3,4,23,"T","T",4,"F","F",0,"F","F",2,"F","F",0,"F","F","F","7D",0,0,"N",0,"N",0,"N",4,4,0,0,"","","","","F","F","F","F","F","F","F","F","F","donop102","","","F","T","F","F","F","","","","",0,0,0,0,0,0,0,0,0,84,"NY1","NY1","CIN",1,"F","T",6,6,0,39,3,"T","F",1,0,"T","T","meusi101","jackt101","F","F",8,3,83,0,0,0,0,0,0,"wingi101","","",0,0,0,0,0,0,0,0,0,0,0,0,2,"","F","F","F","F",4,4,0,0,0,0,0,0,0,0,F,F,"1924NY1.EVN.regular.event.csv",1460
"NY1192406160","SLN",1,0,0,0,0,"",0,0,"bladr102","?","bladr102","?","nehfa101","?","nehfa101","?","snydf101","kellg101","frisf101","grohh101","jackt101","meusi101","wilsh102","younr101","","","","43","T","F",7,1,2,"T","T",0,"F","F",1,"F","F",0,"F","F",4,"G","F","F","",0,0,"N",0,"N",0,"N",0,0,0,0,"43","","","","F","F","F","F","F","F","F","F","F","","","","T","F","F","F","F","","","","",0,3,0,0,4,0,0,0,0,1,"NY1","SLN","NY1",0,"T","F",0,0,0,0,0,"T","F",0,0,"T","T","doutt101","hornr101","T","T",0,0,0,0,0,0,0,0,0,"","","",0,0,0,0,0,0,0,0,0,0,0,0,0,"frisf101","F","F","F","F",0,0,0,0,0,0,0,0,0,0,F,F,"1924NY1.EVN.regular.event.csv",1461
"NY1192406160","SLN",1,0,1,0,0,"",0,0,"doutt101","?","doutt101","?","nehfa101","?","nehfa101","?","snydf101","kellg101","frisf101","grohh101","jackt101","meusi101","wilsh102","younr101","","","","43","F","F",9,2,2,"T","T",0,"F","F",1,"F","F",0,"F","F",4,"G","F","F","",0,0,"N",0,"N",0,"N",0,0,0,0,"43","","","","F","F","F","F","F","F","F","F","F","","","","F","F","F","F","F","","","","",0,3,0,0,4,0,0,0,0,2,"NY1","SLN","NY1",0,"F","F",0,0,0,1,1,"T","F",0,0,"T","T","hornr101","freih101","T","T",0,0,0,0,0,0,0,0,0,"","","",0,0,0,0,0,0,0,0,0,0,0,0,0,"frisf101","F","F","F","F",0,0,0,0,0,0,0,0,0,0,F,F,"1924NY1.EVN.regular.event.csv",1462
"NY1192406160","SLN",1,0,2,0,0,"",0,0,"hornr101","?","hornr101","?","nehfa101","?","nehfa101","?","snydf101","kellg101","frisf101","grohh101","jackt101","meusi101","wilsh102","younr101","","","","8/F78D","F","F",4,3,2,"T","T",0,"F","F",1,"F","F",0,"F","F",8,"F","F","F","78D",0,0,"N",0,"N",0,"N",0,0,0,0,"8","","","","F","F","F","F","F","F","F","F","F","","","","F","F","F","F","F","","","","",0,8,0,0,0,0,0,0,0,3,"NY1","SLN","NY1",0,"F","T",0,0,0,2,2,"T","F",0,0,"T","T","freih101","myerh102","T","T",0,0,0,0,0,0,0,0,0,"","","",0,0,0,0,0,0,0,0,0,0,0,0,0,"wilsh102","F","F","F","F",0,0,0,0,0,0,0,0,0,0,F,F,"1924NY1.EVN.regular.event.csv",1463
"NY1192406160","SLN",1,1,0,0,0,"",0,0,"younr101","?","younr101","?","bellh101","?","bellh101","?","gonzm101","muelh102","hornr101","freih101","coonj103","bladr102","myerh102","doutt101","","","","43","T","F",9,1,2,"T","T",0,"F","F",1,"F","F",0,"F","F",4,"G","F","F","",0,0,"N",0,"N",0,"N",0,0,0,0,"43","","","","F","F","F","F","F","F","F","F","F","","","","F","F","F","F","F","","","","",0,3,0,0,4,0,0,0,0,4,"NY1","NY1","SLN",1,"T","F",0,0,0,0,0,"T","F",0,0,"T","T","frisf101","wilsh102","T","T",0,0,0,0,0,0,0,0,0,"","","",0,0,0,0,0,0,0,0,0,0,0,0,0,"hornr101","F","F","F","F",0,0,0,0,1,0,0,0,0,0,F,F,"1924NY1.EVN.regular.event.csv",1464
"NY1192406160","SLN",1,1,1,0,0,"",0,0,"frisf101","?","frisf101","?","bellh101","?","bellh101","?","gonzm101","muelh102","hornr101","freih101","coonj103","bladr102","myerh102","doutt101","","","","D7","F","F",4,2,21,"T","T",2,"F","F",0,"F","F",0,"F","F",7,"","F","F","",0,0,"N",0,"N",0,"N",2,0,0,0,"","","","","F","F","F","F","F","F","F","F","F","","","","F","F","F","F","F","","","","",0,0,0,0,0,0,0,0,0,5,"NY1","NY1","SLN",1,"F","F",0,0,0,1,1,"T","F",0,2,"T","T","wilsh102","kellg101","T","T",0,0,0,0,0,0,0,0,0,"","","",0,0,0,0,0,0,0,0,0,0,0,0,0,"bladr102","F","F","F","F",4,0,0,0,1,0,0,0,0,0,F,F,"1924NY1.EVN.regular.event.csv",1465
"NY1192406160","SLN",1,1,1,0,0,"",0,0,"wilsh102","?","wilsh102","?","bellh101","?","bellh101","?","gonzm101","muelh102","hornr101","freih101","coonj103","bladr102","myerh102","doutt101","","frisf101","","S8.2-H","F","F",8,3,20,"T","T",1,"F","F",0,"F","F",1,"F","F",8,"","F","F","",0,0,"N",0,"N",0,"N",1,0,4,0,"","","","","F","F","F","F","F","F","F","F","F","","bellh101","","F","F","F","F","F","","","","",0,0,0,0,0,0,0,0,0,6,"NY1","NY1","SLN",1,"F","F",0,0,0,2,2,"T","F",2,1,"T","T","kellg101","meusi101","T","T",0,0,0,4,2,5,0,0,0,"","gonzm101","",0,0,0,0,0,0,0,0,0,0,0,0,1,"myerh102","F","F","F","F",0,0,4,0,0,0,0,0,0,0,F,F,"1924NY1.EVN.regular.event.csv",1466
"NY1192406160","SLN",1,1,1,0,0,"",0,1,"kellg101","?","kellg101","?","bellh101","?","bellh101","?","gonzm101","muelh102","hornr101","freih101","coonj103","bladr102","myerh102","doutt101","wilsh102","","","2/FL","F","F",3,4,2,"T","T",0,"F","F",1,"F","F",0,"F","F",2,"F","F","T","",0,0,"N",0,"N",0,"N",0,1,0,0,"2","","","","F","F","F","F","F","F","F","F","F","bellh101","","","F","F","F","F","F","","","","",0,2,0,0,0,0,0,0,0,7,"NY1","NY1","SLN",1,"F","F",1,0,1,3,3,"T","F",1,1,"T","T","meusi101","jackt101","T","T",8,3,6,0,0,0,0,0,0,"gonzm101","","",0,0,0,0,0,0,0,0,0,0,0,0,0,"gonzm101","F","F","F","F",0,0,0,0,0,0,0,0,0,0,F,F,"1924NY1.EVN.regular.event.csv",1467
"NY1192406160","SLN",1,1,2,0,0,"",0,1,"meusi101","?","meusi101","?","bellh101","?","bellh101","?","gonzm101","muelh102","hornr101","freih101","coonj103","bladr102","myerh102","doutt101","wilsh102","","","46(1)/FO","F","F",7,5,2,"T","T",0,"F","F",1,"F","F",0,"F","F",4,"G","F","F","",0,0,"N",0,"N",0,"N",1,0,0,0,"","46","","","F","F","F","F","F","F","F","F","F","bellh101","","","F","F","F","F","F","","","","",0,6,0,0,4,0,0,0,0,8,"NY1","NY1","SLN",1,"F","T",1,0,1,4,4,"T","F",1,1,"T","T","jackt101","grohh101","T","T",8,3,6,0,0,0,0,0,0,"gonzm101","","",0,0,0,0,0,0,0,0,0,0,0,0,0,"hornr101","T","F","F","F",0,0,0,0,0,0,0,0,0,0,F,F,"1924NY1.EVN.regular.event.csv",1468
"NY1192406160","SLN",2,0,0,0,0,"",0,1,"freih101","?","freih101","?","nehfa101","?","nehfa101","?","snydf101","kellg101","frisf101","grohh101","jackt101","meusi101","wilsh102","younr101","","","","63","T","F",5,4,2,"T","T",0,"F","F",1,"F","F",0,"F","F",6,"G","F","F","",0,0,"N",0,"N",0,"N",0,0,0,0,"63","","","","F","F","F","F","F","F","F","F","F","","","","F","F","F","F","F","","","","",0,3,0,0,6,0,0,0,0,9,"NY1","SLN","NY1",0,"T","F",0,1,0,3,0,"T","F",0,0,"T","T","myerh102","gonzm101","T","T",0,0,0,0,0,0,0,0,0,"","","",0,0,0,0,0,0,0,0,0,0,0,0,0,"jackt101","F","F","F","F",0,0,0,0,0,0,0,0,0,0,F,F,"1924NY1.EVN.regular.event.csv",1469
"NY1192406160","SLN",2,0,1,0,0,"",0,1,"myerh102","?","myerh102","?","nehfa101","?","nehfa101","?","snydf101","kellg101","frisf101","grohh101","jackt101","meusi101","wilsh102","younr101","","","","S9","F","F",8,5,20,"T","T",1,"F","F",0,"F","F",0,"F","F",9,"","F","F","",0,0,"N",0,"N",0,"N",1,0,0,0,"","","","","F","F","F","F","F","F","F","F","F","","","","F","F","F","F","F","","","","",0,0,0,0,0,0,0,0,0,10,"NY1","SLN","NY1",0,"F","F",0,1,0,4,1,"T","F",0,1,"T","T","gonzm101","muelh102","T","T",0,0,0,0,0,0,0,0,0,"","","",0,0,0,0,0,0,0,0,0,0,0,0,0,"younr101","F","F","F","F",0,0,0,0,0,0,0,0,0,0,F,F,"1924NY1.EVN.regular.event.csv",1470
"NY1192406160","SLN",2,0,1,0,0,"",0,1,"gonzm101","?","gonzm101","?","nehfa101","?","nehfa101","?","snydf101","kellg101","frisf101","grohh101","jackt101","meusi101","wilsh102","younr101","myerh102","","","S6/G56.1-2","F","F",2,6,20,"T","T",1,"F","F",0,"F","F",0,"F","F",6,"G","F","F","56",0,0,"N",0,"N",0,"N",1,2,0,0,"","","","","F","F","F","F","F","F","F","F","F","nehfa101","","","F","F","F","F","F","","","","",0,0,0,0,0,0,0,0,0,11,"NY1","SLN","NY1",0,"F","F",0,1,0,5,2,"T","F",1,3,"T","T","muelh102","coonj103","T","T",8,5,10,0,0,0,0,0,0,"snydf101","","",0,0,0,0,0,0,0,0,0,0,0,0,0,"jackt101","F","F","F","F",0,0,0,0,0,0,0,0,0,0,F,F,"1924NY1.EVN.regular.event.csv",1471
"NY1192406160","SLN",2,0,1,0,0,"",0,1,"muelh102","?","muelh102","?","nehfa101","?","nehfa101","?","snydf101","kellg101","frisf101","grohh101","jackt101","meusi101","wilsh102","younr101","gonzm101","myerh102","","16(1)3/GDP","F","F",3,7,2,"T","T",0,"F","F",2,"T","F",0,"F","F",1,"G","F","F","",0,0,"N",0,"N",0,"N",0,0,2,0,"63","16","","","F","F","F","F","F","F","F","F","F","nehfa101","nehfa101","","F","F","F","F","F","","","","",0,6,3,0,1,6,0,0,0,12,"NY1","SLN","NY1",0,"F","T",0,1,0,6,3,"T","F",3,2,"T","T","coonj103","bellh101","T","T",2,6,11,8,5,10,0,0,0,"snydf101","snydf101","",0,0,0,0,0,0,0,0,0,0,0,0,0,"nehfa101","T","F","F","F",0,0,0,0,0,0,0,0,0,0,F,F,"1924NY1.EVN.regular.event.csv",1472
"NY1192406160","SLN",2,1,0,0,0,"",0,1,"jackt101","?","jackt101","?","bellh101","?","bellh101","?","gonzm101","muelh102","hornr101","freih101","coonj103","bladr102","myerh102","doutt101","","","","13","T","F",6,6,2,"T","T",0,"F","F",1,"F","F",0,"F","F",1,"G","F","F","",0,0,"N",0,"N",0,"N",0,0,0,0,"13","","","","F","F","F","F","F","F","F","F","F","","","","F","F","F","F","F","","","","",0,3,0,0,1,0,0,0,0,13,"NY1","NY1","SLN",1,"T","F",1,0,0,5,0,"T","F",0,0,"T","T","grohh101","snydf101","T","T",0,0,0,0,0,0,0,0,0,"","","",0,0,0,0,0,0,0,0,0,0,0,0,0,"bellh101","F","F","F","F",0,0,0,0,0,0,0,0,0,0,F,F,"1924NY1.EVN.regular.event.csv",1473
"NY1192406160","SLN",2,1,1,0,0,"",0,1,"grohh101","?","grohh101","?","bellh101","?","bellh101","?","gonzm101","muelh102","hornr101","freih101","coonj103","bladr102","myerh102","doutt101","","","","S8","F","F",5,7,20,"T","T",1,"F","F",0,"F","F",0,"F","F",8,"","F","F","",0,0,"N",0,"N",0,"N",1,0,0,0,"","","","","F","F","F","F","F","F","F","F","F","","","","F","F","F","F","F","","","","",0,0,0,0,0,0,0,0,0,14,"NY1","NY1","SLN",1,"F","F",1,0,0,6,1,"T","F",0,1,"T","T","snydf101","nehfa101","T","T",0,0,0,0,0,0,0,0,0,"","","",0,0,0,0,0,0,0,0,0,0,0,0,0,"myerh102","F","F","F","F",0,0,0,0,0,0,0,0,0,0,F,F,"1924NY1.EVN.regular.event.csv",1474
"NY1192406160","SLN",2,1,1,0,0,"",0,1,"snydf101","?","snydf101","?","bellh101","?","bellh101","?","gonzm101","muelh102","hornr101","freih101","coonj103","bladr102","myerh102","doutt101","grohh101","","","S8.1-2","F","F",2,8,20,"T","T",1,"F","F",0,"F","F",0,"F","F",8,"","F","F","",0,0,"N",0,"N",0,"N",1,2,0,0,"","","","","F","F","F","F","F","F","F","F","F","bellh101","","","F","F","F","F","F","","","","",0,0,0,0,0,0,0,0,0,15,"NY1","NY1","SLN",1,"F","F",1,0,0,7,2,"T","F",1,3,"T","T","nehfa101","younr101","T","T",5,7,14,0,0,0,0,0,0,"gonzm101","","",0,0,0,0,0,0,0,0,0,0,0,0,0,"myerh102","F","F","F","F",0,0,0,0,0,0,0,0,0,0,F,F,"1924NY1.EVN.regular.event.csv",1475
"NY1192406160","SLN",2,1,1,0,0,"",0,1,"nehfa101","?","nehfa101","?","bellh101","?","bellh101","?","gonzm101","muelh102","hornr101","freih101","coonj103","bladr102","myerh102","doutt101","snydf101","grohh101","","46(1)/FO.2-3","F","F",1,9,2,"T","T",0,"F","F",1,"F","F",0,"F","F",4,"G","F","F","",0,0,"N",0,"N",0,"N",1,0,3,0,"","46","","","F","F","F","F","F","F","F","F","F","bellh101","bellh101","","F","F","F","F","F","","","","",0,6,0,0,4,0,0,0,0,16,"NY1","NY1","SLN",1,"F","F",1,0,0,8,3,"T","F",3,5,"T","T","younr101","frisf101","T","T",2,8,15,5,7,14,0,0,0,"gonzm101","gonzm101","",0,0,0,0,0,0,0,0,0,0,0,0,0,"hornr101","T","F","F","F",0,0,0,0,0,0,0,0,0,0,F,F,"1924NY1.EVN.regular.event.csv",1476
"NY1192406160","SLN",2,1,2,0,0,"",0,1,"younr101","?","younr101","?","bellh101","?","bellh101","?","gonzm101","muelh102","hornr101","freih101","coonj103","bladr102","myerh102","doutt101","nehfa101","","grohh101","7/F","F","F",9,1,2,"T","T",0,"F","F",1,"F","F",0,"F","F",7,"F","F","F","",0,0,"N",0,"N",0,"N",0,1,0,3,"7","","","","F","F","F","F","F","F","F","F","F","bellh101","","bellh101","F","F","F","F","F","","","","",0,7,0,0,0,0,0,0,0,17,"NY1","NY1","SLN",1,"F","T",1,0,0,9,4,"T","F",5,5,"T","T","frisf101","wilsh102","T","T",1,9,16,0,0,0,5,7,14,"gonzm101","","gonzm101",0,0,0,0,0,0,0,0,0,0,0,0,0,"bladr102","F","F","F","F",0,0,0,0,0,0,0,0,0,0,F,F,"1924NY1.EVN.regular.event.csv",1477
"NY1192406160","SLN",3,0,0,0,0,"",0,1,"coonj103","?","coonj103","?","nehfa101","?","nehfa101","?","snydf101","kellg101","frisf101","grohh101","jackt101","meusi101","wilsh102","younr101","","","","13","T","F",6,8,2,"T","T",0,"F","F",1,"F","F",0,"F","F",1,"G","F","F","",0,0,"N",0,"N",0,"N",0,0,0,0,"13","","","","F","F","F","F","F","F","F","F","F","","","","F","F","F","F","F","","","","",0,3,0,0,1,0,0,0,0,18,"NY1","SLN","NY1",0,"T","F",0,1,0,7,0,"T","F",0,0,"T","T","bellh101","bladr102","T","T",0,0,0,0,0,0,0,0,0,"","","",0,0,0,0,0,0,0,0,0,0,0,0,0,"nehfa101","F","F","F","F",0,0,0,0,2,0,0,0,0,0,F,F,"1924NY1.EVN.regular.event.csv",1478
"NY1192406160","SLN",3,0,1,0,0,"",0,1,"bellh101","?","bellh101","?","nehfa101","?","nehfa101","?","snydf101","kellg101","frisf101","grohh101","jackt101","meusi101","wilsh102","younr101","","","","W","F","F",1,9,14,"T","F",0,"F","F",0,"F","F",0,"F","F",0,"","F","F","",0,0,"N",0,"N",0,"N",1,0,0,0,"","","","","F","F","F","F","F","F","F","F","F","","","","F","F","F","F","F","","","","",0,0,0,0,0,0,0,0,0,19,"NY1","SLN","NY1",0,"F","F",0,1,0,8,1,"T","F",0,1,"T","T","bladr102","doutt101","T","T",0,0,0,0,0,0,0,0,0,"","","",0,0,0,0,0,0,0,0,0,0,0,0,0,"","F","F","F","F",4,0,0,0,2,0,0,0,0,0,F,F,"1924NY1.EVN.regular.event.csv",1479
"NY1192406160","SLN",3,0,1,0,0,"",0,1,"bladr102","?","bladr102","?","nehfa101","?","nehfa101","?","snydf101","kellg101","frisf101","grohh101","jackt101","meusi101","wilsh102","younr101","bellh101","","","T8/78.1-H;BXH(862)","F","F",7,1,22,"T","T",3,"F","F",1,"F","F",1,"F","F",8,"","F","F","78",0,0,"N",0,"N",0,"N",0,4,0,0,"862","","","","F","F","F","F","F","F","F","F","F","nehfa101","","","F","F","F","F","F","","","","",0,2,0,0,8,6,0,0,0,20,"NY1","SLN","NY1",0,"F","F",0,1,0,9,2,"T","F",1,0,"T","T","doutt101","hornr101","T","T",1,9,19,0,0,0,0,0,0,"snydf101","","",0,0,0,0,0,0,0,0,0,0,0,0,1,"wilsh102","F","F","F","F",0,4,0,0,1,0,0,0,0,0,F,F,"1924NY1.EVN.regular.event.csv",1480
"NY1192406160","SLN",3,0,2,0,0,"",1,1,"doutt101","?","doutt101","?","nehfa101","?","nehfa101","?","snydf101","kellg101","frisf101","grohh101","jackt101","meusi101","wilsh102","younr101","","","","S5/G5S","F","F",9,2,20,"T","T",1,"F","F",0,"F","F",0,"F","F",5,"G","F","F","5S",0,0,"N",0,"N",0,"N",1,0,0,0,"","","","","F","F","F","F","F","F","F","F","F","","","","F","F","F","F","F","","","","",0,0,0,0,0,0,0,0,0,21,"NY1","SLN","NY1",0,"F","F",1,1,1,10,3,"T","F",0,1,"T","T","hornr101","freih101","T","T",0,0,0,0,0,0,0,0,0,"","","",0,0,0,0,0,0,0,0,0,0,0,0,0,"grohh101","F","F","F","F",4,0,0,0,1,0,0,0,0,0,F,F,"1924NY1.EVN.regular.event.csv",1481
"NY1192406160","SLN",3,0,2,0,0,"",1,1,"hornr101","?","hornr101","?","nehfa101","?","nehfa101","?","snydf101","kellg101","frisf101","grohh101","jackt101","meusi101","wilsh102","younr101","doutt101","","","SB2","F","F",4,3,4,"F","F",0,"F","F",0,"F","F",0,"F","F",0,"","F","F","",0,0,"N",0,"N",0,"N",0,2,0,0,"","","","","T","F","F","F","F","F","F","F","F","nehfa101","","","F","F","F","F","F","","","","",0,0,0,0,0,0,0,0,0,22,"NY1","SLN","NY1",0,"F","F",1,1,1,11,4,"T","F",1,2,"T","T","freih101","myerh102","T","T",9,2,21,0,0,0,0,0,0,"snydf101","","",0,0,0,0,0,0,0,0,0,0,0,0,0,"","F","F","F","F",0,4,0,0,1,0,0,0,0,0,F,F,"1924NY1.EVN.regular.event.csv",1482
"NY1192406160","SLN",3,0,2,0,0,"",1,1,"hornr101","?","hornr101","?","nehfa101","?","nehfa101","?","snydf101","kellg101","frisf101","grohh101","jackt101","meusi101","wilsh102","younr101","","doutt101","","S8.2-H","F","F",4,3,20,"T","T",1,"F","F",0,"F","F",1,"F","F",8,"","F","F","",0,0,"N",0,"N",0,"N",1,0,4,0,"","","","","F","F","F","F","F","F","F","F","F","","nehfa101","","F","F","F","F","F","","","","",0,0,0,0,0,0,0,0,0,23,"NY1","SLN","NY1",0,"F","F",1,1,1,11,4,"F","F",2,1,"T","T","freih101","myerh102","T","T",0,0,0,9,2,21,0,0,0,"","snydf101","",0,0,0,0,0,0,0,0,0,0,0,0,1,"wilsh102","F","F","F","F",0,0,4,0,0,0,0,0,0,0,F,F,"1924NY1.EVN.regular.event.csv",1483
"NY1192406160","SLN",3,0,2,0,0,"",2,1,"freih101","?","freih101","?","nehfa101","?","nehfa101","?","snydf101","kellg101","frisf101","grohh101","jackt101","meusi101","wilsh102","younr101","hornr101","","","54(1)/FO","F","F",5,4,2,"T","T",0,"F","F",1,"F","F",0,"F","F",5,"G","F","F","",0,0,"N",0,"N",0,"N",1,0,0,0,"","54","","","F","F","F","F","F","F","F","F","F","nehfa101","","","F","F","F","F","F","","","","",0,4,0,0,5,0,0,0,0,24,"NY1","SLN","NY1",0,"F","T",2,1,2,12,5,"T","F",1,1,"T","T","myerh102","gonzm101","T","T",4,3,23,0,0,0,0,0,0,"snydf101","","",0,0,0,0,0,0,0,0,0,0,0,0,0,"grohh101","T","F","F","F",0,0,0,0,0,0,0,0,0,0,F,F,"1924NY1.EVN.regular.event.csv",1484
"NY1192406160","SLN",3,1,0,0,0,"",2,1,"frisf101","?","frisf101","?","bellh101","?","bellh101","?","gonzm101","muelh102","hornr101","freih101","coonj103","bladr102","myerh102","doutt101","","","","K/C","T","F",4,2,3,"T","T",0,"F","F",1,"F","F",0,"F","F",0,"","F","F","",0,0,"N",0,"N",0,"N",0,0,0,0,"2","","","","F","F","F","F","F","F","F","F","F","","","","F","F","F","F","F","","","","",0,2,0,0,0,0,0,0,0,25,"NY1","NY1","SLN",1,"T","F",1,2,0,10,0,"T","F",0,0,"T","T","wilsh102","kellg101","T","T",0,0,0,0,0,0,0,0,0,"","","",0,0,0,0,0,0,0,0,0,0,0,0,0,"","F","F","F","F",0,0,0,0,1,0,0,0,0,0,F,F,"1924NY1.EVN.regular.event.csv",1485
"NY1192406160","SLN",3,1,1,0,0,"",2,1,"wilsh102","?","wilsh102","?","bellh101","?","bellh101","?","gonzm101","muelh102","hornr101","freih101","coonj103","bladr102","myerh102","doutt101","","","","T/89D","F","F",8,3,22,"T","T",3,"F","F",0,"F","F",0,"F","F",0,"","F","F","89D",0,0,"N",0,"N",0,"N",3,0,0,0,"","","","","F","F","F","F","F","F","F","F","F","","","","F","F","F","F","F","","","","",0,0,0,0,0,0,0,0,0,26,"NY1","NY1","SLN",1,"F","F",1,2,0,11,1,"T","F",0,4,"T","T","kellg101","meusi101","T","T",0,0,0,0,0,0,0,0,0,"","","",0,0,0,0,0,0,0,0,0,0,0,0,0,"","F","F","F","F",4,0,0,0,1,0,0,0,0,0,F,F,"1924NY1.EVN.regular.event.csv",1486
"NY1192406160","SLN",3,1,1,0,0,"",2,1,"kellg101","?","kellg101","?","bellh101","?","bellh101","?","gonzm101","muelh102","hornr101","freih101","coonj103","bladr102","myerh102","doutt101","","","wilsh102","7/SF.3-H","F","F",3,4,2,"T","F",0,"F","T",1,"F","F",1,"F","F",7,"F","F","F","",0,0,"N",0,"N",0,"N",0,0,0,4,"7","","","","F","F","F","F","F","F","F","F","F","","","bellh101","F","F","F","F","F","","","","",0,7,0,0,0,0,0,0,0,27,"NY1","NY1","SLN",1,"F","F",1,2,0,12,2,"T","F",4,0,"T","T","meusi101","jackt101","T","T",0,0,0,0,0,0,8,3,26,"","","gonzm101",0,0,0,0,0,0,0,0,0,0,0,0,1,"bladr102","F","F","F","F",0,0,0,4,0,0,0,0,0,0,F,F,"1924NY1.EVN.regular.event.csv",1487
"NY1192406160","SLN",3,1,2,0,0,"",2,2,"meusi101","?","meusi101","?","bellh101","?","bellh101","?","gonzm101","muelh102","hornr101","freih101","coonj103","bladr102","myerh102","doutt101","","","","43","F","F",7,5,2,"T","T",0,"F","F",1,"F","F",0,"F","F",4,"G","F","F","",0,0,"N",0,"N",0,"N",0,0,0,0,"43","","","","F","F","F","F","F","F","F","F","F","","","","F","F","F","F","F","","","","",0,3,0,0,4,0,0,0,0,28,"NY1","NY1","SLN",1,"F","T",2,2,1,13,3,"T","F",0,0,"T","T","jackt101","grohh101","T","T",0,0,0,0,0,0,0,0,0,"","","",0,0,0,0,0,0,0,0,0,0,0,0,0,"hornr101","F","F","F","F",0,0,0,0,0,0,0,0,0,0,F,F,"1924NY1.EVN.regular.event.csv",1488
"NY1192406160","SLN",4,0,0,0,0,"",2,2,"myerh102","?","myerh102","?","nehfa101","?","nehfa101","?","snydf101","kellg101","frisf101","grohh101","jackt101","meusi101","wilsh102","younr101","","","","S8","T","F",8,5,20,"T","T",1,"F","F",0,"F","F",0,"F","F",8,"","F","F","",0,0,"N",0,"N",0,"N",1,0,0,0,"","","","","F","F","F","F","F","F","F","F","F","","","","F","F","F","F","F","","","","",0,0,0,0,0,0,0,0,0,29,"NY1","SLN","NY1",0,"T","F",2,2,0,13,0,"T","F",0,1,"T","T","gonzm101","muelh102","T","T",0,0,0,0,0,0,0,0,0,"","","",0,0,0,0,0,0,0,0,0,0,0,0,0,"wilsh102","F","F","F","F",0,0,0,0,0,0,0,0,0,0,F,F,"1924NY1.EVN.regular.event.csv",1489
"NY1192406160","SLN",4,0,0,0,0,"",2,2,"gonzm101","?","gonzm101","?","nehfa101","?","nehfa101","?","snydf101","kellg101","frisf101","grohh101","jackt101","meusi101","wilsh102","younr101","myerh102","","","S8/G46.1-2","F","F",2,6,20,"T","T",1,"F","F",0,"F","F",0,"F","F",8,"G","F","F","46",0,0,"N",0,"N",0,"N",1,2,0,0,"","","","","F","F","F","F","F","F","F","F","F","nehfa101","","","F","F","F","F","F","","","","",0,0,0,0,0,0,0,0,0,30,"NY1","SLN","NY1",0,"F","F",2,2,0,14,1,"T","F",1,3,"T","T","muelh102","coonj103","T","T",8,5,29,0,0,0,0,0,0,"snydf101","","",0,0,0,0,0,0,0,0,0,0,0,0,0,"wilsh102","F","F","F","F",0,0,0,0,0,0,0,0,0,0,F,F,"1924NY1.EVN.regular.event.csv",1490
"NY1192406160","SLN",4,0,0,0,0,"",2,2,"muelh102","?","muelh102","?","nehfa101","?","nehfa101","?","snydf101","kellg101","frisf101","grohh101","jackt101","meusi101","wilsh102","younr101","gonzm101","myerh102","","15(2)/FO/BG.1-2","F","F",3,7,2,"T","T",0,"F","F",1,"F","F",0,"F","F",1,"G","T","F","",0,0,"N",0,"N",0,"N",1,2,0,0,"","","15","","F","F","F","F","F","F","F","F","F","nehfa101","nehfa101","","F","F","F","F","F","","","","",0,5,0,0,1,0,0,0,0,31,"NY1","SLN","NY1",0,"F","F",2,2,0,15,2,"T","F",3,3,"T","T","coonj103","bellh101","T","T",2,6,30,8,5,29,0,0,0,"snydf101","snydf101","",0,0,0,0,0,0,0,0,0,0,0,0,0,"nehfa101","F","T","F","F",0,0,0,0,0,0,0,0,0,0,F,F,"1924NY1.EVN.regular.event.csv",1491
"NY1192406160","SLN",4,0,1,0,0,"",2,2,"coonj103","?","coonj103","?","nehfa101","?","nehfa101","?","snydf101","kellg101","frisf101","grohh101","jackt101","meusi101","wilsh102","younr101","muelh102","gonzm101","","8/F8S","F","F",6,8,2,"T","T",0,"F","F",1,"F","F",0,"F","F",8,"F","F","F","8S",0,0,"N",0,"N",0,"N",0,1,2,0,"8","","","","F","F","F","F","F","F","F","F","F","nehfa101","nehfa101","","F","F","F","F","F","","","","",0,8,0,0,0,0,0,0,0,32,"NY1","SLN","NY1",0,"F","F",2,2,0,16,3,"T","F",3,3,"T","T","bellh101","bladr102","T","T",3,7,31,2,6,30,0,0,0,"snydf101","snydf101","",0,0,0,0,0,0,0,0,0,0,0,0,0,"wilsh102","F","F","F","F",0,0,0,0,0,0,0,0,0,0,F,F,"1924NY1.EVN.regular.event.csv",1492
"NY1192406160","SLN",4,0,2,0,0,"",2,2,"bellh101","?","bellh101","?","nehfa101","?","nehfa101","?","snydf101","kellg101","frisf101","grohh101","jackt101","meusi101","wilsh102","younr101","muelh102","gonzm101","","K","F","F",1,9,3,"T","T",0,"F","F",1,"F","F",0,"F","F",0,"","F","F","",0,0,"N",0,"N",0,"N",0,1,2,0,"2","","","","F","F","F","F","F","F","F","F","F","nehfa101","nehfa101","","F","F","F","F","F","","","","",0,2,0,0,0,0,0,0,0,33,"NY1","SLN","NY1",0,"F","T",2,2,0,17,4,"T","F",3,3,"T","T","bladr102","doutt101","T","T",3,7,31,2,6,30,0,0,0,"snydf101","snydf101","",0,0,0,0,0,0,0,0,0,0,0,0,0,"","F","F","F","F",0,0,0,0,0,0,0,0,0,0,F,F,"1924NY1.EVN.regular.event.csv",1493
"NY1192406160","SLN",4,1,0,0,0,"",2,2,"jackt101","?","jackt101","?","bellh101","?","bellh101","?","gonzm101","muelh102","hornr101","freih101","coonj103","bladr102","myerh102","doutt101","","","","7/F78D","T","F",6,6,2,"T","T",0,"F","F",1,"F","F",0,"F","F",7,"F","F","F","78D",0,0,"N",0,"N",0,"N",0,0,0,0,"7","","","","F","F","F","F","F","F","F","F","F","","","","F","F","F","F","F","","","","",0,7,0,0,0,0,0,0,0,34,"NY1","NY1","SLN",1,"T","F",2,2,0,14,0,"T","F",0,0,"T","T","grohh101","snydf101","T","T",0,0,0,0,0,0,0,0,0,"","","",0,0,0,0,0,0,0,0,0,0,0,0,0,"bladr102","F","F","F","F",0,0,0,0,0,0,0,0,0,0,F,F,"1924NY1.EVN.regular.event.csv",1494
"NY1192406160","SLN",4,1,1,0,0,"",2,2,"grohh101","?","grohh101","?","bellh101","?","bellh101","?","gonzm101","muelh102","hornr101","freih101","coonj103","bladr102","myerh102","doutt101","","","","8/F","F","F",5,7,2,"T","T",0,"F","F",1,"F","F",0,"F","F",8,"F","F","F","",0,0,"N",0,"N",0,"N",0,0,0,0,"8","","","","F","F","F","F","F","F","F","F","F","","","","F","F","F","F","F","","","","",0,8,0,0,0,0,0,0,0,35,"NY1","NY1","SLN",1,"F","F",2,2,0,15,1,"T","F",0,0,"T","T","snydf101","nehfa101","T","T",0,0,0,0,0,0,0,0,0,"","","",0,0,0,0,0,0,0,0,0,0,0,0,0,"myerh102","F","F","F","F",0,0,0,0,0,0,0,0,0,0,F,F,"1924NY1.EVN.regular.event.csv",1495
"NY1192406160","SLN",4,1,2,0,0,"",2,2,"snydf101","?","snydf101","?","bellh101","?","bellh101","?","gonzm101","muelh102","hornr101","freih101","coonj103","bladr102","myerh102","doutt101","","","","163","F","F",2,8,2,"T","T",0,"F","F",1,"F","F",0,"F","F",1,"G","F","F","",0,0,"N",0,"N",0,"N",0,0,0,0,"163","","","","F","F","F","F","F","F","F","F","F","","","","F","F","F","F","F","","","","",0,3,0,0,1,6,0,0,0,36,"NY1","NY1","SLN",1,"F","T",2,2,0,16,2,"T","F",0,0,"T","T","nehfa101","younr101","T","T",0,0,0,0,0,0,0,0,0,"","","",0,0,0,0,0,0,0,0,0,0,0,0,0,"bellh101","F","F","F","F",0,0,0,0,0,0,0,0,0,0,F,F,"1924NY1.EVN.regular.event.csv",1496
"NY1192406160","SLN",5,0,0,0,0,"",2,2,"bladr102","?","bladr102","?","nehfa101","?","nehfa101","?","snydf101","kellg101","frisf101","grohh101","jackt101","meusi101","wilsh102","younr101","","","","K/C","T","F",7,1,3,"T","T",0,"F","F",1,"F","F",0,"F","F",0,"","F","F","",0,0,"N",0,"N",0,"N",0,0,0,0,"2","","","","F","F","F","F","F","F","F","F","F","","","","F","F","F","F","F","","","","",0,2,0,0,0,0,0,0,0,37,"NY1","SLN","NY1",0,"T","F",2,2,0,18,0,"T","F",0,0,"T","T","doutt101","hornr101","T","T",0,0,0,0,0,0,0,0,0,"","","",0,0,0,0,0,0,0,0,0,0,0,0,0,"","F","F","F","F",0,0,0,0,0,0,0,0,0,0,F,F,"1924NY1.EVN.regular.event.csv",1497
"NY1192406160","SLN",5,0,1,0,0,"",2,2,"doutt101","?","doutt101","?","nehfa101","?","nehfa101","?","snydf101","kellg101","frisf101","grohh101","jackt101","meusi101","wilsh102","younr101","","","","53","F","F",9,2,2,"T","T",0,"F","F",1,"F","F",0,"F","F",5,"G","F","F","",0,0,"N",0,"N",0,"N",0,0,0,0,"53","","","","F","F","F","F","F","F","F","F","F","","","","F","F","F","F","F","","","","",0,3,0,0,5,0,0,0,0,38,"NY1","SLN","NY1",0,"F","F",2,2,0,19,1,"T","F",0,0,"T","T","hornr101","freih101","T","T",0,0,0,0,0,0,0,0,0,"","","",0,0,0,0,0,0,0,0,0,0,0,0,0,"grohh101","F","F","F","F",0,0,0,0,0,0,0,0,0,0,F,F,"1924NY1.EVN.regular.event.csv",1498
"NY1192406160","SLN",5,0,2,0,0,"",2,2,"hornr101","?","hornr101","?","nehfa101","?","nehfa101","?","snydf101","kellg101","frisf101","grohh101","jackt101","meusi101","wilsh102","younr101","","","","13","F","F",4,3,2,"T","T",0,"F","F",1,"F","F",0,"F","F",1,"G","F","F","",0,0,"N",0,"N",0,"N",0,0,0,0,"13","","","","F","F","F","F","F","F","F","F","F","","","","F","F","F","F","F","","","","",0,3,0,0,1,0,0,0,0,39,"NY1","SLN","NY1",0,"F","T",2,2,0,20,2,"T","F",0,0,"T","T","freih101","myerh102","T","T",0,0,0,0,0,0,0,0,0,"","","",0,0,0,0,0,0,0,0,0,0,0,0,0,"nehfa101","F","F","F","F",0,0,0,0,0,0,0,0,0,0,F,F,"1924NY1.EVN.regular.event.csv",1499
"NY1192406160","SLN",5,1,0,0,0,"",2,2,"nehfa101","?","nehfa101","?","bellh101","?","bellh101","?","gonzm101","muelh102","hornr101","freih101","coonj103","bladr102","myerh102","doutt101","","","","D9/89","T","F",1,9,21,"T","T",2,"F","F",0,"F","F",0,"F","F",9,"","F","F","89",0,0,"N",0,"N",0,"N",2,0,0,0,"","","","","F","F","F","F","F","F","F","F","F","","","","F","F","F","F","F","","","","",0,0,0,0,0,0,0,0,0,40,"NY1","NY1","SLN",1,"T","F",2,2,0,17,0,"T","F",0,2,"T","T","younr101","frisf101","T","T",0,0,0,0,0,0,0,0,0,"","","",0,0,0,0,0,0,0,0,0,0,0,0,0,"doutt101","F","F","F","F",4,0,0,0,2,0,0,0,0,0,F,F,"1924NY1.EVN.regular.event.csv",1500
"NY1192406160","SLN",5,1,0,0,0,"",2,2,"younr101","?","younr101","?","bellh101","?","bellh101","?","gonzm101","muelh102","hornr101","freih101","coonj103","bladr102","myerh102","doutt101","","nehfa101","","53","F","F",9,1,2,"T","T",0,"F","F",1,"F","F",0,"F","F",5,"G","F","F","",0,0,"N",0,"N",0,"N",0,0,2,0,"53","","","","F","F","F","F","F","F","F","F","F","","bellh101","","F","F","F","F","F","","","","",0,3,0,0,5,0,0,0,0,41,"NY1","NY1","SLN",1,"F","F",2,2,0,18,1,"T","F",2,2,"T","T","frisf101","wilsh102","T","T",0,0,0,1,9,40,0,0,0,"","gonzm101","",0,0,0,0,0,0,0,0,0,0,0,0,0,"freih101","F","F","F","F",0,0,4,0,2,0,0,0,0,0,F,F,"1924NY1.EVN.regular.event.csv",1501
"NY1192406160","SLN",5,1,1,0,0,"",2,2,"frisf101","?","frisf101","?","bellh101","?","bellh101","?","gonzm101","muelh102","hornr101","freih101","coonj103","bladr102","myerh102","doutt101","","nehfa101","","S7/5L.2-3","F","F",4,2,20,"T","T",1,"F","F",0,"F","F",0,"F","F",7,"","F","F","5L",0,0,"N",0,"N",0,"N",1,0,3,0,"","","","","F","F","F","F","F","F","F","F","F","","bellh101","","F","F","F","F","F","","","","",0,0,0,0,0,0,0,0,0,42,"NY1","NY1","SLN",1,"F","F",2,2,0,19,2,"T","F",2,5,"T","T","wilsh102","kellg101","T","T",0,0,0,1,9,40,0,0,0,"","gonzm101","",0,0,0,0,0,0,0,0,0,0,0,0,0,"bladr102","F","F","F","F",4,0,4,0,2,0,0,0,0,0,F,F,"1924NY1.EVN.regular.event.csv",1502
"NY1192406160","SLN",5,1,1,0,0,"",2,2,"wilsh102","?","wilsh102","?","bellh101","?","bellh101","?","gonzm101","muelh102","hornr101","freih101","coonj103","bladr102","myerh102","doutt101","frisf101","","nehfa101","SB2","F","F",8,3,4,"F","F",0,"F","F",0,"F","F",0,"F","F",0,"","F","F","",0,0,"N",0,"N",0,"N",0,2,0,3,"","","","","T","F","F","F","F","F","F","F","F","bellh101","","bellh101","F","F","F","F","F","","","","",0,0,0,0,0,0,0,0,0,43,"NY1","NY1","SLN",1,"F","F",2,2,0,20,3,"T","F",5,6,"T","T","kellg101","meusi101","T","T",4,2,42,0,0,0,1,9,40,"gonzm101","","gonzm101",0,0,0,0,0,0,0,0,0,0,0,0,0,"","F","F","F","F",0,4,0,4,2,0,0,0,0,0,F,F,"1924NY1.EVN.regular.event.csv",1503
"NY1192406160","SLN",5,1,1,0,0,"",2,2,"wilsh102","?","wilsh102","?","bellh101","?","bellh101","?","gonzm101","muelh102","hornr101","freih101","coonj103","bladr102","myerh102","doutt101","","frisf101","nehfa101","S9.3-H;2-H;BX2(926)#","F","F",8,3,20,"T","T",1,"F","F",1,"F","F",2,"F","F",9,"","F","F","",0,0,"N",0,"N",0,"N",0,0,4,4,"926","","","","F","F","F","F","F","F","F","F","F","","bellh101","bellh101","F","F","F","F","F","","","","",0,6,0,0,9,2,0,0,0,44,"NY1","NY1","SLN",1,"F","F",2,2,0,20,3,"F","F",6,0,"T","T","kellg101","meusi101","T","T",0,0,0,4,2,42,1,9,40,"","gonzm101","gonzm101",0,0,0,0,0,0,0,0,0,0,0,0,2,"doutt101","F","F","F","F",0,0,4,4,0,0,0,0,0,0,F,T,"1924NY1.EVN.regular.event.csv",1504
"NY1192406160","SLN",5,1,2,0,0,"",2,4,"kellg101","?","kellg101","?","bellh101","?","bellh101","?","gonzm101","muelh102","hornr101","freih101","coonj103","bladr102","myerh102","doutt101","","","","S8/F8S","F","F",3,4,20,"T","T",1,"F","F",0,"F","F",0,"F","F",8,"F","F","F","8S",0,0,"N",0,"N",0,"N",1,0,0,0,"","","","","F","F","F","F","F","F","F","F","F","","","","F","F","F","F","F","","","","",0,0,0,0,0,0,0,0,0,45,"NY1","NY1","SLN",1,"F","F",4,2,2,21,4,"T","F",0,1,"T","T","meusi101","jackt101","T","T",0,0,0,0,0,0,0,0,0,"","","",0,0,0,0,0,0,0,0,0,0,0,0,0,"myerh102","F","F","F","F",0,0,0,0,0,0,0,0,0,0,F,F,"1924NY1.EVN.regular.event.csv",1505
"NY1192406160","SLN",5,1,2,0,0,"",2,4,"meusi101","?","meusi101","?","bellh101","?","bellh101","?","gonzm101","muelh102","hornr101","freih101","coonj103","bladr102","myerh102","doutt101","kellg101","","","53","F","F",7,5,2,"T","T",0,"F","F",1,"F","F",0,"F","F",5,"G","F","F","",0,0,"N",0,"N",0,"N",0,1,0,0,"53","","","","F","F","F","F","F","F","F","F","F","bellh101","","","F","F","F","F","F","","","","",0,3,0,0,5,0,0,0,0,46,"NY1","NY1","SLN",1,"F","T",4,2,2,22,5,"T","F",1,1,"T","T","jackt101","grohh101","T","T",3,4,45,0,0,0,0,0,0,"gonzm101","","",0,0,0,0,0,0,0,0,0,0,0,0,0,"freih101","F","F","F","F",0,0,0,0,0,0,0,0,0,0,F,F,"1924NY1.EVN.regular.event.csv",1506
"NY1192406160","SLN",6,0,0,0,0,"",2,4,"freih101","?","freih101","?","nehfa101","?","nehfa101","?","snydf101","kellg101","frisf101","grohh101","jackt101","meusi101","wilsh102","younr101","","","","8/L","T","F",5,4,2,"T","T",0,"F","F",1,"F","F",0,"F","F",8,"L","F","F","",0,0,"N",0,"N",0,"N",0,0,0,0,"8","","","","F","F","F","F","F","F","F","F","F","","","","F","F","F","F","F","","","","",0,8,0,0,0,0,0,0,0,47,"NY1","SLN","NY1",0,"T","F",2,4,0,21,0,"T","F",0,0,"T","T","myerh102","gonzm101","T","T",0,0,0,0,0,0,0,0,0,"","","",0,0,0,0,0,0,0,0,0,0,0,0,0,"wilsh102","F","F","F","F",0,0,0,0,0,0,0,0,0,0,F,F,"1924NY1.EVN.regular.event.csv",1507
"NY1192406160","SLN",6,0,1,0,0,"",2,4,"myerh102","?","myerh102","?","nehfa101","?","nehfa101","?","snydf101","kellg101","frisf101","grohh101","jackt101","meusi101","wilsh102","younr101","","","","43","F","F",8,5,2,"T","T",0,"F","F",1,"F","F",0,"F","F",4,"G","F","F","",0,0,"N",0,"N",0,"N",0,0,0,0,"43","","","","F","F","F","F","F","F","F","F","F","","","","F","F","F","F","F","","","","",0,3,0,0,4,0,0,0,0,48,"NY1","SLN","NY1",0,"F","F",2,4,0,22,1,"T","F",0,0,"T","T","gonzm101","muelh102","T","T",0,0,0,0,0,0,0,0,0,"","","",0,0,0,0,0,0,0,0,0,0,0,0,0,"frisf101","F","F","F","F",0,0,0,0,0,0,0,0,0,0,F,F,"1924NY1.EVN.regular.event.csv",1508
"NY1192406160","SLN",6,0,2,0,0,"",2,4,"gonzm101","?","gonzm101","?","nehfa101","?","nehfa101","?","snydf101","kellg101","frisf101","grohh101","jackt101","meusi101","wilsh102","younr101","","","","63","F","F",2,6,2,"T","T",0,"F","F",1,"F","F",0,"F","F",6,"G","F","F","",0,0,"N",0,"N",0,"N",0,0,0,0,"63","","","","F","F","F","F","F","F","F","F","F","","","","F","F","F","F","F","","","","",0,3,0,0,6,0,0,0,0,49,"NY1","SLN","NY1",0,"F","T",2,4,0,23,2,"T","F",0,0,"T","T","muelh102","coonj103","T","T",0,0,0,0,0,0,0,0,0,"","","",0,0,0,0,0,0,0,0,0,0,0,0,0,"jackt101","F","F","F","F",0,0,0,0,0,0,0,0,0,0,F,F,"1924NY1.EVN.regular.event.csv",1509
"NY1192406160","SLN",6,1,0,0,0,"",2,4,"jackt101","?","jackt101","?","bellh101","?","bellh101","?","gonzm101","muelh102","hornr101","freih101","coonj103","bladr102","myerh102","doutt101","","","","S8/G46.B-2(E8)","T","F",6,6,20,"T","T",1,"F","F",0,"F","F",0,"F","F",8,"G","F","F","46",1,8,"F",0,"N",0,"N",2,0,0,0,"","","","","F","F","F","F","F","F","F","F","F","","","","F","F","F","F","F","","","","",0,0,0,0,0,0,0,0,0,50,"NY1","NY1","SLN",1,"T","F",4,2,0,23,0,"T","F",0,2,"T","T","grohh101","snydf101","T","T",0,0,0,0,0,0,0,0,0,"","","",0,0,0,0,0,0,0,0,0,0,0,0,0,"myerh102","F","F","F","F",4,0,0,0,1,0,0,0,0,0,F,F,"1924NY1.EVN.regular.event.csv",1510
"NY1192406160","SLN",6,1,0,0,0,"",2,4,"grohh101","?","grohh101","?","bellh101","?","bellh101","?","gonzm101","muelh102","hornr101","freih101","coonj103","bladr102","myerh102","doutt101","","jackt101","","34/SH.2-3","F","F",5,7,2,"T","F",0,"T","F",1,"F","F",0,"F","F",3,"G","T","F","",0,0,"N",0,"N",0,"N",0,0,3,0,"34","","","","F","F","F","F","F","F","F","F","F","","bellh101","","F","F","F","F","F","","","","",0,4,0,0,3,0,0,0,0,51,"NY1","NY1","SLN",1,"F","F",4,2,0,24,1,"T","F",2,4,"T","T","snydf101","nehfa101","T","T",0,0,0,6,6,50,0,0,0,"","gonzm101","",0,0,0,0,0,0,0,0,0,0,0,0,0,"muelh102","F","F","F","F",0,0,4,0,1,0,0,0,0,0,F,F,"1924NY1.EVN.regular.event.csv",1511
"NY1192406160","SLN",6,1,1,0,0,"",2,4,"snydf101","?","snydf101","?","bellh101","?","bellh101","?","gonzm101","muelh102","hornr101","freih101","coonj103","bladr102","myerh102","doutt101","","","jackt101","IW","F","F",2,8,15,"T","F",0,"F","F",0,"F","F",0,"F","F",0,"","F","F","",0,0,"N",0,"N",0,"N",1,0,0,3,"","","","","F","F","F","F","F","F","F","F","F","","","bellh101","F","F","F","F","F","","","","",0,0,0,0,0,0,0,0,0,52,"NY1","NY1","SLN",1,"F","F",4,2,0,25,2,"T","F",4,5,"T","T","nehfa101","younr101","T","T",0,0,0,0,0,0,6,6,50,"","","gonzm101",0,0,0,0,0,0,0,0,0,0,0,0,0,"","F","F","F","F",0,0,0,4,1,0,0,0,0,0,F,F,"1924NY1.EVN.regular.event.csv",1512
"NY1192406160","SLN",6,1,1,0,0,"",2,4,"nehfa101","?","nehfa101","?","bellh101","?","bellh101","?","gonzm101","muelh102","hornr101","freih101","coonj103","bladr102","myerh102","doutt101","snydf101","","jackt101","46(1)/FO.3-H","F","F",1,9,2,"T","T",0,"F","F",1,"F","F",1,"F","F",4,"G","F","F","",0,0,"N",0,"N",0,"N",1,0,0,4,"","46","","","F","F","F","F","F","F","F","F","F","bellh101","","bellh101","F","F","F","F","F","","","","",0,6,0,0,4,0,0,0,0,53,"NY1","NY1","SLN",1,"F","F",4,2,0,26,3,"T","F",5,1,"T","T","younr101","frisf101","T","T",2,8,52,0,0,0,6,6,50,"gonzm101","","gonzm101",0,0,0,0,0,0,0,0,0,0,0,0,1,"hornr101","T","F","F","F",0,0,0,4,0,0,0,0,0,0,F,F,"1924NY1.EVN.regular.event.csv",1513
"NY1192406160","SLN",6,1,2,0,0,"",2,5,"younr101","?","younr101","?","bellh101","?","bellh101","?","gonzm101","muelh102","hornr101","freih101","coonj103","bladr102","myerh102","doutt101","nehfa101","","","S/78S.1-2","F","F",9,1,20,"T","T",1,"F","F",0,"F","F",0,"F","F",0,"","F","F","78S",0,0,"N",0,"N",0,"N",1,2,0,0,"","","","","F","F","F","F","F","F","F","F","F","bellh101","","","F","F","F","F","F","","","","",0,0,0,0,0,0,0,0,0,54,"NY1","NY1","SLN",1,"F","F",5,2,1,27,4,"T","F",1,3,"T","T","frisf101","wilsh102","T","T",1,9,53,0,0,0,0,0,0,"gonzm101","","",0,0,0,0,0,0,0,0,0,0,0,0,0,"","F","F","F","F",0,0,0,0,0,0,0,0,0,0,F,F,"1924NY1.EVN.regular.event.csv",1514
"NY1192406160","SLN",6,1,2,0,0,"",2,5,"frisf101","?","frisf101","?","bellh101","?","bellh101","?","gonzm101","muelh102","hornr101","freih101","coonj103","bladr102","myerh102","doutt101","younr101","nehfa101","","3/FL","F","F",4,2,2,"T","T",0,"F","F",1,"F","F",0,"F","F",3,"F","F","T","",0,0,"N",0,"N",0,"N",0,1,2,0,"3","","","","F","F","F","F","F","F","F","F","F","bellh101","bellh101","","F","F","F","F","F","","","","",0,3,0,0,0,0,0,0,0,55,"NY1","NY1","SLN",1,"F","T",5,2,1,28,5,"T","F",3,3,"T","T","wilsh102","kellg101","T","T",9,1,54,1,9,53,0,0,0,"gonzm101","gonzm101","",0,0,0,0,0,0,0,0,0,0,0,0,0,"muelh102","F","F","F","F",0,0,0,0,0,0,0,0,0,0,F,F,"1924NY1.EVN.regular.event.csv",1515
"NY1192406160","SLN",7,0,0,0,0,"",2,5,"muelh102","?","muelh102","?","nehfa101","?","nehfa101","?","snydf101","kellg101","frisf101","grohh101","jackt101","meusi101","wilsh102","younr101","","","","63","T","F",3,7,2,"T","T",0,"F","F",1,"F","F",0,"F","F",6,"G","F","F","",0,0,"N",0,"N",0,"N",0,0,0,0,"63","","","","F","F","F","F","F","F","F","F","F","","","","F","F","F","F","F","","","","",0,3,0,0,6,0,0,0,0,56,"NY1","SLN","NY1",0,"T","F",2,5,0,24,0,"T","F",0,0,"T","T","coonj103","bellh101","T","T",0,0,0,0,0,0,0,0,0,"","","",0,0,0,0,0,0,0,0,0,0,0,0,0,"jackt101","F","F","F","F",0,0,0,0,0,0,0,0,0,0,F,F,"1924NY1.EVN.regular.event.csv",1516
"NY1192406160","SLN",7,0,1,0,0,"",2,5,"coonj103","?","coonj103","?","nehfa101","?","nehfa101","?","snydf101","kellg101","frisf101","grohh101","jackt101","meusi101","wilsh102","younr101","","","","53","F","F",6,8,2,"T","T",0,"F","F",1,"F","F",0,"F","F",5,"G","F","F","",0,0,"N",0,"N",0,"N",0,0,0,0,"53","","","","F","F","F","F","F","F","F","F","F","","","","F","F","F","F","F","","","","",0,3,0,0,5,0,0,0,0,57,"NY1","SLN","NY1",0,"F","F",2,5,0,25,1,"T","F",0,0,"T","T","bellh101","bladr102","T","T",0,0,0,0,0,0,0,0,0,"","","",0,0,0,0,0,0,0,0,0,0,0,0,0,"grohh101","F","F","F","F",0,0,0,0,0,0,0,0,0,0,F,F,"1924NY1.EVN.regular.event.csv",1517
"NY1192406160","SLN",7,0,2,0,0,"",2,5,"holmw101","?","holmw101","?","nehfa101","?","nehfa101","?","snydf101","kellg101","frisf101","grohh101","jackt101","meusi101","wilsh102","younr101","","","","13","F","T",11,9,2,"T","T",0,"F","F",1,"F","F",0,"F","F",1,"G","F","F","",0,0,"N",0,"N",0,"N",0,0,0,0,"13","","","","F","F","F","F","F","F","F","F","F","","","","F","F","F","F","F","","","","bellh101",1,3,0,0,1,0,0,0,0,58,"NY1","SLN","NY1",0,"F","T",2,5,0,26,2,"T","F",0,0,"F","F","bladr102","doutt101","T","T",0,0,0,0,0,0,0,0,0,"","","",0,0,0,0,0,0,0,0,0,0,0,0,0,"nehfa101","F","F","F","F",0,0,0,0,0,0,0,0,0,0,F,F,"1924NY1.EVN.regular.event.csv",1518
"NY1192406160","SLN",7,1,0,0,0,"",2,5,"wilsh102","?","wilsh102","?","dickl101","?","dickl101","?","gonzm101","muelh102","hornr101","freih101","coonj103","bladr102","myerh102","doutt101","","","","W","T","F",8,3,14,"T","F",0,"F","F",0,"F","F",0,"F","F",0,"","F","F","",0,0,"N",0,"N",0,"N",1,0,0,0,"","","","","F","F","F","F","F","F","F","F","F","","","","F","F","F","F","F","","","","",0,0,0,0,0,0,0,0,0,59,"NY1","NY1","SLN",1,"T","F",5,2,0,29,0,"T","F",0,1,"T","T","kellg101","meusi101","F","F",0,0,0,0,0,0,0,0,0,"","","",0,0,0,0,0,0,0,0,0,0,0,0,0,"","F","F","F","F",4,0,0,0,1,0,0,0,0,0,F,F,"1924NY1.EVN.regular.event.csv",1519
"NY1192406160","SLN",7,1,0,0,0,"",2,5,"kellg101","?","kellg101","?","dickl101","?","dickl101","?","gonzm101","muelh102","hornr101","freih101","coonj103","bladr102","myerh102","doutt101","wilsh102","","","BK.1-2","F","F",3,4,11,"F","F",0,"F","F",0,"F","F",0,"F","F",0,"","F","F","",0,0,"N",0,"N",0,"N",0,2,0,0,"","","","","F","F","F","F","F","F","F","F","F","dickl101","","","F","F","F","F","F","","","","",0,0,0,0,0,0,0,0,0,60,"NY1","NY1","SLN",1,"F","F",5,2,0,30,1,"T","F",1,2,"T","T","meusi101","jackt101","F","F",8,3,59,0,0,0,0,0,0,"gonzm101","","",0,0,0,0,0,0,0,0,0,0,0,0,0,"","F","F","F","F",0,4,0,0,1,0,0,0,0,0,F,F,"1924NY1.EVN.regular.event.csv",1520
"NY1192406160","SLN",7,1,0,0,0,"",2,5,"kellg101","?","kellg101","?","dickl101","?","dickl101","?","gonzm101","muelh102","hornr101","freih101","coonj103","bladr102","myerh102","doutt101","","wilsh102","","7/F","F","F",3,4,2,"T","T",0,"F","F",1,"F","F",0,"F","F",7,"F","F","F","",0,0,"N",0,"N",0,"N",0,0,2,0,"7","","","","F","F","F","F","F","F","F","F","F","","dickl101","","F","F","F","F","F","","","","",0,7,0,0,0,0,0,0,0,61,"NY1","NY1","SLN",1,"F","F",5,2,0,30,1,"F","F",2,2,"T","T","meusi101","jackt101","F","F",0,0,0,8,3,59,0,0,0,"","gonzm101","",0,0,0,0,0,0,0,0,0,0,0,0,0,"bladr102","F","F","F","F",0,0,4,0,1,0,0,0,0,0,F,F,"1924NY1.EVN.regular.event.csv",1521
"NY1192406160","SLN",7,1,1,0,0,"",2,5,"meusi101","?","meusi101","?","dickl101","?","dickl101","?","gonzm101","muelh102","hornr101","freih101","coonj103","bladr102","myerh102","doutt101","","wilsh102","","S9.2-H","F","F",7,5,20,"T","T",1,"F","F",0,"F","F",1,"F","F",9,"","F","F","",0,0,"N",0,"N",0,"N",1,0,4,0,"","","","","F","F","F","F","F","F","F","F","F","","dickl101","","F","F","F","F","F","","","","",0,0,0,0,0,0,0,0,0,62,"NY1","NY1","SLN",1,"F","F",5,2,0,31,2,"T","F",2,1,"T","T","jackt101","grohh101","F","F",0,0,0,8,3,59,0,0,0,"","gonzm101","",0,0,0,0,0,0,0,0,0,0,0,0,1,"doutt101","F","F","F","F",0,0,4,0,0,0,0,0,0,0,F,F,"1924NY1.EVN.regular.event.csv",1522
"NY1192406160","SLN",7,1,1,0,0,"",2,6,"jackt101","?","jackt101","?","dickl101","?","dickl101","?","gonzm101","muelh102","hornr101","freih101","coonj103","bladr102","myerh102","doutt101","meusi101","","","9/F","F","F",6,6,2,"T","T",0,"F","F",1,"F","F",0,"F","F",9,"F","F","F","",0,0,"N",0,"N",0,"N",0,1,0,0,"9","","","","F","F","F","F","F","F","F","F","F","dickl101","","","F","F","F","F","F","","","","",0,9,0,0,0,0,0,0,0,63,"NY1","NY1","SLN",1,"F","F",6,2,1,32,3,"T","F",1,1,"T","T","grohh101","snydf101","F","F",7,5,62,0,0,0,0,0,0,"gonzm101","","",0,0,0,0,0,0,0,0,0,0,0,0,0,"doutt101","F","F","F","F",0,0,0,0,0,0,0,0,0,0,F,F,"1924NY1.EVN.regular.event.csv",1523
"NY1192406160","SLN",7,1,2,0,0,"",2,6,"grohh101","?","grohh101","?","dickl101","?","dickl101","?","gonzm101","muelh102","hornr101","freih101","coonj103","bladr102","myerh102","doutt101","meusi101","","","K/C","F","F",5,7,3,"T","T",0,"F","F",1,"F","F",0,"F","F",0,"","F","F","",0,0,"N",0,"N",0,"N",0,1,0,0,"2","","","","F","F","F","F","F","F","F","F","F","dickl101","","","F","F","F","F","F","","","","",0,2,0,0,0,0,0,0,0,64,"NY1","NY1","SLN",1,"F","T",6,2,1,33,4,"T","F",1,1,"T","T","snydf101","nehfa101","F","F",7,5,62,0,0,0,0,0,0,"gonzm101","","",0,0,0,0,0,0,0,0,0,0,0,0,0,"","F","F","F","F",0,0,0,0,0,0,0,0,0,0,F,F,"1924NY1.EVN.regular.event.csv",1524
"NY1192406160","SLN",8,0,0,0,0,"",2,6,"bladr102","?","bladr102","?","nehfa101","?","nehfa101","?","snydf101","kellg101","frisf101","grohh101","jackt101","meusi101","wilsh102","younr101","","","","63","T","F",7,1,2,"T","T",0,"F","F",1,"F","F",0,"F","F",6,"G","F","F","",0,0,"N",0,"N",0,"N",0,0,0,0,"63","","","","F","F","F","F","F","F","F","F","F","","","","F","F","F","F","F","","","","",0,3,0,0,6,0,0,0,0,65,"NY1","SLN","NY1",0,"T","F",2,6,0,27,0,"T","F",0,0,"T","T","doutt101","hornr101","T","T",0,0,0,0,0,0,0,0,0,"","","",0,0,0,0,0,0,0,0,0,0,0,0,0,"jackt101","F","F","F","F",0,0,0,0,0,0,0,0,0,0,F,F,"1924NY1.EVN.regular.event.csv",1525
"NY1192406160","SLN",8,0,1,0,0,"",2,6,"doutt101","?","doutt101","?","nehfa101","?","nehfa101","?","snydf101","kellg101","frisf101","grohh101","jackt101","meusi101","wilsh102","younr101","","","","5/FL","F","F",9,2,2,"T","T",0,"F","F",1,"F","F",0,"F","F",5,"F","F","T","",0,0,"N",0,"N",0,"N",0,0,0,0,"5","","","","F","F","F","F","F","F","F","F","F","","","","F","F","F","F","F","","","","",0,5,0,0,0,0,0,0,0,66,"NY1","SLN","NY1",0,"F","F",2,6,0,28,1,"T","F",0,0,"T","T","hornr101","freih101","T","T",0,0,0,0,0,0,0,0,0,"","","",0,0,0,0,0,0,0,0,0,0,0,0,0,"grohh101","F","F","F","F",0,0,0,0,0,0,0,0,0,0,F,F,"1924NY1.EVN.regular.event.csv",1526
"NY1192406160","SLN",8,0,2,0,0,"",2,6,"hornr101","?","hornr101","?","nehfa101","?","nehfa101","?","snydf101","kellg101","frisf101","grohh101","jackt101","meusi101","wilsh102","younr101","","","","13","F","F",4,3,2,"T","T",0,"F","F",1,"F","F",0,"F","F",1,"G","F","F","",0,0,"N",0,"N",0,"N",0,0,0,0,"13","","","","F","F","F","F","F","F","F","F","F","","","","F","F","F","F","F","","","","",0,3,0,0,1,0,0,0,0,67,"NY1","SLN","NY1",0,"F","T",2,6,0,29,2,"T","F",0,0,"T","T","freih101","myerh102","T","T",0,0,0,0,0,0,0,0,0,"","","",0,0,0,0,0,0,0,0,0,0,0,0,0,"nehfa101","F","F","F","F",0,0,0,0,0,0,0,0,0,0,F,F,"1924NY1.EVN.regular.event.csv",1527
"NY1192406160","SLN",8,1,0,0,0,"",2,6,"snydf101","?","snydf101","?","dickl101","?","dickl101","?","gonzm101","muelh102","hornr101","freih101","coonj103","bladr102","myerh102","doutt101","","","","K/C","T","F",2,8,3,"T","T",0,"F","F",1,"F","F",0,"F","F",0,"","F","F","",0,0,"N",0,"N",0,"N",0,0,0,0,"2","","","","F","F","F","F","F","F","F","F","F","","","","F","F","F","F","F","","","","",0,2,0,0,0,0,0,0,0,68,"NY1","NY1","SLN",1,"T","F",6,2,0,34,0,"T","F",0,0,"T","T","nehfa101","younr101","F","F",0,0,0,0,0,0,0,0,0,"","","",0,0,0,0,0,0,0,0,0,0,0,0,0,"","F","F","F","F",0,0,0,0,1,0,0,0,0,0,F,F,"1924NY1.EVN.regular.event.csv",1528
"NY1192406160","SLN",8,1,1,0,0,"",2,6,"nehfa101","?","nehfa101","?","dickl101","?","dickl101","?","gonzm101","muelh102","hornr101","freih101","coonj103","bladr102","myerh102","doutt101","","","","13","F","F",1,9,2,"T","T",0,"F","F",1,"F","F",0,"F","F",1,"G","F","F","",0,0,"N",0,"N",0,"N",0,0,0,0,"13","","","","F","F","F","F","F","F","F","F","F","","","","F","F","F","F","F","","","","",0,3,0,0,1,0,0,0,0,69,"NY1","NY1","SLN",1,"F","F",6,2,0,35,1,"T","F",0,0,"T","T","younr101","frisf101","F","F",0,0,0,0,0,0,0,0,0,"","","",0,0,0,0,0,0,0,0,0,0,0,0,0,"dickl101","F","F","F","F",0,0,0,0,1,0,0,0,0,0,F,F,"1924NY1.EVN.regular.event.csv",1529
"NY1192406160","SLN",8,1,2,0,0,"",2,6,"younr101","?","younr101","?","dickl101","?","dickl101","?","gonzm101","muelh102","hornr101","freih101","coonj103","bladr102","myerh102","doutt101","","","","HR8/89D/IPHR","F","F",9,1,23,"T","T",4,"F","F",0,"F","F",1,"F","F",8,"","F","F","89D",0,0,"N",0,"N",0,"N",4,0,0,0,"","","","","F","F","F","F","F","F","F","F","F","","","","F","F","F","F","F","","","","",0,0,0,0,0,0,0,0,0,70,"NY1","NY1","SLN",1,"F","F",6,2,0,36,2,"T","F",0,0,"T","T","frisf101","wilsh102","F","F",0,0,0,0,0,0,0,0,0,"","","",0,0,0,0,0,0,0,0,0,0,0,0,1,"myerh102","F","F","F","F",4,0,0,0,0,0,0,0,0,0,F,F,"1924NY1.EVN.regular.event.csv",1530
"NY1192406160","SLN",8,1,2,0,0,"",2,7,"frisf101","?","frisf101","?","dickl101","?","dickl101","?","gonzm101","muelh102","hornr101","freih101","coonj103","bladr102","myerh102","doutt101","","","","S1/BG","F","F",4,2,20,"T","T",1,"F","F",0,"F","F",0,"F","F",1,"G","T","F","",0,0,"N",0,"N",0,"N",1,0,0,0,"","","","","F","F","F","F","F","F","F","F","F","","","","F","F","F","F","F","","","","",0,0,0,0,0,0,0,0,0,71,"NY1","NY1","SLN",1,"F","F",7,2,1,37,3,"T","F",0,1,"T","T","wilsh102","kellg101","F","F",0,0,0,0,0,0,0,0,0,"","","",0,0,0,0,0,0,0,0,0,0,0,0,0,"dickl101","F","F","F","F",0,0,0,0,0,0,0,0,0,0,F,F,"1924NY1.EVN.regular.event.csv",1531
"NY1192406160","SLN",8,1,2,0,0,"",2,7,"wilsh102","?","wilsh102","?","dickl101","?","dickl101","?","gonzm101","muelh102","hornr101","freih101","coonj103","bladr102","myerh102","doutt101","frisf101","","","9/F","F","F",8,3,2,"T","T",0,"F","F",1,"F","F",0,"F","F",9,"F","F","F","",0,0,"N",0,"N",0,"N",0,1,0,0,"9","","","","F","F","F","F","F","F","F","F","F","dickl101","","","F","F","F","F","F","","","","",0,9,0,0,0,0,0,0,0,72,"NY1","NY1","SLN",1,"F","T",7,2,1,38,4,"T","F",1,1,"T","T","kellg101","meusi101","F","F",4,2,71,0,0,0,0,0,0,"gonzm101","","",0,0,0,0,0,0,0,0,0,0,0,0,0,"doutt101","F","F","F","F",0,0,0,0,0,0,0,0,0,0,F,F,"1924NY1.EVN.regular.event.csv",1532
"NY1192406160","SLN",9,0,0,0,0,"",2,7,"freih101","?","freih101","?","nehfa101","?","nehfa101","?","snydf101","kellg101","frisf101","grohh101","jackt101","meusi101","wilsh102","younr101","","","","K","T","F",5,4,3,"T","T",0,"F","F",1,"F","F",0,"F","F",0,"","F","F","",0,0,"N",0,"N",0,"N",0,0,0,0,"2","","","","F","F","F","F","F","F","F","F","F","","","","F","F","F","F","F","","","","",0,2,0,0,0,0,0,0,0,73,"NY1","SLN","NY1",0,"T","F",2,7,0,30,0,"T","F",0,0,"T","T","myerh102","gonzm101","T","T",0,0,0,0,0,0,0,0,0,"","","",0,0,0,0,0,0,0,0,0,0,0,0,0,"","F","F","F","F",0,0,0,0,0,0,0,0,0,0,F,F,"1924NY1.EVN.regular.event.csv",1533
"NY1192406160","SLN",9,0,1,0,0,"",2,7,"myerh102","?","myerh102","?","nehfa101","?","nehfa101","?","snydf101","kellg101","frisf101","grohh101","jackt101","meusi101","wilsh102","younr101","","","","8/F","F","F",8,5,2,"T","T",0,"F","F",1,"F","F",0,"F","F",8,"F","F","F","",0,0,"N",0,"N",0,"N",0,0,0,0,"8","","","","F","F","F","F","F","F","F","F","F","","","","F","F","F","F","F","","","","",0,8,0,0,0,0,0,0,0,74,"NY1","SLN","NY1",0,"F","F",2,7,0,31,1,"T","F",0,0,"T","T","gonzm101","muelh102","T","T",0,0,0,0,0,0,0,0,0,"","","",0,0,0,0,0,0,0,0,0,0,0,0,0,"wilsh102","F","F","F","F",0,0,0,0,0,0,0,0,0,0,F,F,"1924NY1.EVN.regular.event.csv",1534
"NY1192406160","SLN",9,0,2,0,0,"",2,7,"gonzm101","?","gonzm101","?","nehfa101","?","nehfa101","?","snydf101","kellg101","frisf101","grohh101","jackt101","meusi101","wilsh102","younr101","","","","43","F","F",2,6,2,"T","T",0,"F","F",1,"F","F",0,"F","F",4,"G","F","F","",0,0,"N",0,"N",0,"N",0,0,0,0,"43","","","","F","F","F","F","F","F","F","F","F","","","","F","T","F","F","F","","","","",0,3,0,0,4,0,0,0,0,75,"NY1","SLN","NY1",0,"F","T",2,7,0,32,2,"T","F",0,0,"T","T","muelh102","coonj103","T","T",0,0,0,0,0,0,0,0,0,"","","",0,0,0,0,0,0,0,0,0,0,0,0,0,"frisf101","F","F","F","F",0,0,0,0,0,0,0,0,0,0,F,F,"1924NY1.EVN.regular.event.csv",1535
"NY1192406170","SLN",1,0,0,0,0,"",0,0,"bladr102","?","bladr102","?","bentj101","?","bentj101","?","snydf101","kellg101","frisf101","grohh101","jackt101","meusi101","wilsh102","younr101","","","","9/F","T","F",7,1,2,"T","T",0,"F","F",1,"F","F",0,"F","F",9,"F","F","F","",0,0,"N",0,"N",0,"N",0,0,0,0,"9","","","","F","F","F","F","F","F","F","F","F","","","","T","F","F","F","F","","","","",0,9,0,0,0,0,0,0,0,1,"NY1","SLN","NY1",0,"T","F",0,0,0,0,0,"T","F",0,0,"T","T","doutt101","hornr101","T","T",0,0,0,0,0,0,0,0,0,"","","",0,0,0,0,0,0,0,0,0,0,0,0,0,"younr101","F","F","F","F",0,0,0,0,1,0,0,0,0,0,F,F,"1924NY1.EVN.regular.event.csv",1536
"NY1192406170","SLN",1,0,1,0,0,"",0,0,"doutt101","?","doutt101","?","bentj101","?","bentj101","?","snydf101","kellg101","frisf101","grohh101","jackt101","meusi101","wilsh102","younr101","","","","W","F","F",9,2,14,"T","F",0,"F","F",0,"F","F",0,"F","F",0,"","F","F","",0,0,"N",0,"N",0,"N",1,0,0,0,"","","","","F","F","F","F","F","F","F","F","F","","","","F","F","F","F","F","","","","",0,0,0,0,0,0,0,0,0,2,"NY1","SLN","NY1",0,"F","F",0,0,0,1,1,"T","F",0,1,"T","T","hornr101","freih101","T","T",0,0,0,0,0,0,0,0,0,"","","",0,0,0,0,0,0,0,0,0,0,0,0,0,"","F","F","F","F",0,0,0,0,1,0,0,0,0,0,F,F,"1924NY1.EVN.regular.event.csv",1537
"NY1192406170","SLN",1,0,1,0,0,"",0,0,"hornr101","?","hornr101","?","bentj101","?","bentj101","?","snydf101","kellg101","frisf101","grohh101","jackt101","meusi101","wilsh102","younr101","doutt101","","","S6/G.1X3(65);B-2(TH3)#","F","F",4,3,20,"T","T",1,"F","F",1,"F","F",0,"F","F",6,"G","F","F","",0,0,"N",0,"N",0,"N",2,0,0,0,"","65","","","F","F","F","F","F","F","F","F","F","bentj101","","","F","F","F","F","F","","","","",0,5,0,0,6,0,0,0,0,3,"NY1","SLN","NY1",0,"F","F",0,0,0,2,2,"T","F",1,2,"T","T","freih101","myerh102","T","T",9,2,2,0,0,0,0,0,0,"snydf101","","",0,0,0,0,0,0,0,0,0,0,0,0,0,"jackt101","F","F","F","F",4,0,0,0,1,0,0,0,0,0,F,T,"1924NY1.EVN.regular.event.csv",1538
"NY1192406170","SLN",1,0,2,0,0,"",0,0,"freih101","?","freih101","?","bentj101","?","bentj101","?","snydf101","kellg101","frisf101","grohh101","jackt101","meusi101","wilsh102","younr101","","hornr101","","S7/5L.2-H","F","F",5,4,20,"T","T",1,"F","F",0,"F","F",1,"F","F",7,"","F","F","5L",0,0,"N",0,"N",0,"N",1,0,4,0,"","","","","F","F","F","F","F","F","F","F","F","","bentj101","","F","F","F","F","F","","","","",0,0,0,0,0,0,0,0,0,4,"NY1","SLN","NY1",0,"F","F",0,0,0,3,3,"T","F",2,1,"T","T","myerh102","gonzm101","T","T",0,0,0,4,3,3,0,0,0,"","snydf101","",0,0,0,0,0,0,0,0,0,0,0,0,1,"meusi101","F","F","F","F",0,0,4,0,0,0,0,0,0,0,F,F,"1924NY1.EVN.regular.event.csv",1539
"NY1192406170","SLN",1,0,2,0,0,"",1,0,"myerh102","?","myerh102","?","bentj101","?","bentj101","?","snydf101","kellg101","frisf101","grohh101","jackt101","meusi101","wilsh102","younr101","freih101","","","8/F8D","F","F",8,5,2,"T","T",0,"F","F",1,"F","F",0,"F","F",8,"F","F","F","8D",0,0,"N",0,"N",0,"N",0,1,0,0,"8","","","","F","F","F","F","F","F","F","F","F","bentj101","","","F","F","F","F","F","","","","",0,8,0,0,0,0,0,0,0,5,"NY1","SLN","NY1",0,"F","T",1,0,1,4,4,"T","F",1,1,"T","T","gonzm101","muelh102","T","T",5,4,4,0,0,0,0,0,0,"snydf101","","",0,0,0,0,0,0,0,0,0,0,0,0,0,"wilsh102","F","F","F","F",0,0,0,0,0,0,0,0,0,0,F,F,"1924NY1.EVN.regular.event.csv",1540
"NY1192406170","SLN",1,1,0,0,0,"",1,0,"younr101","?","younr101","?","sotha101","?","sotha101","?","gonzm101","muelh102","hornr101","freih101","coonj103","bladr102","myerh102","doutt101","","","","K/C","T","F",9,1,3,"T","T",0,"F","F",1,"F","F",0,"F","F",0,"","F","F","",0,0,"N",0,"N",0,"N",0,0,0,0,"2","","","","F","F","F","F","F","F","F","F","F","","","","F","F","F","F","F","","","","",0,2,0,0,0,0,0,0,0,6,"NY1","NY1","SLN",1,"T","F",0,1,0,0,0,"T","F",0,0,"T","T","frisf101","wilsh102","T","T",0,0,0,0,0,0,0,0,0,"","","",0,0,0,0,0,0,0,0,0,0,0,0,0,"","F","F","F","F",0,0,0,0,0,0,0,0,0,0,F,F,"1924NY1.EVN.regular.event.csv",1541
"NY1192406170","SLN",1,1,1,0,0,"",1,0,"frisf101","?","frisf101","?","sotha101","?","sotha101","?","gonzm101","muelh102","hornr101","freih101","coonj103","bladr102","myerh102","doutt101","","","","13/BG","F","F",4,2,2,"T","T",0,"F","F",1,"F","F",0,"F","F",1,"G","T","F","",0,0,"N",0,"N",0,"N",0,0,0,0,"13","","","","F","F","F","F","F","F","F","F","F","","","","F","F","F","F","F","","","","",0,3,0,0,1,0,0,0,0,7,"NY1","NY1","SLN",1,"F","F",0,1,0,1,1,"T","F",0,0,"T","T","wilsh102","kellg101","T","T",0,0,0,0,0,0,0,0,0,"","","",0,0,0,0,0,0,0,0,0,0,0,0,0,"sotha101","F","F","F","F",0,0,0,0,0,0,0,0,0,0,F,F,"1924NY1.EVN.regular.event.csv",1542
"NY1192406170","SLN",1,1,2,0,0,"",1,0,"wilsh102","?","wilsh102","?","sotha101","?","sotha101","?","gonzm101","muelh102","hornr101","freih101","coonj103","bladr102","myerh102","doutt101","","","","7/F","F","F",8,3,2,"T","T",0,"F","F",1,"F","F",0,"F","F",7,"F","F","F","",0,0,"N",0,"N",0,"N",0,0,0,0,"7","","","","F","F","F","F","F","F","F","F","F","","","","F","F","F","F","F","","","","",0,7,0,0,0,0,0,0,0,8,"NY1","NY1","SLN",1,"F","T",0,1,0,2,2,"T","F",0,0,"T","T","kellg101","meusi101","T","T",0,0,0,0,0,0,0,0,0,"","","",0,0,0,0,0,0,0,0,0,0,0,0,0,"bladr102","F","F","F","F",0,0,0,0,0,0,0,0,0,0,F,F,"1924NY1.EVN.regular.event.csv",1543
"NY1192406170","SLN",2,0,0,0,0,"",1,0,"gonzm101","?","gonzm101","?","bentj101","?","bentj101","?","snydf101","kellg101","frisf101","grohh101","jackt101","meusi101","wilsh102","younr101","","","","63","T","F",2,6,2,"T","T",0,"F","F",1,"F","F",0,"F","F",6,"G","F","F","",0,0,"N",0,"N",0,"N",0,0,0,0,"63","","","","F","F","F","F","F","F","F","F","F","","","","F","F","F","F","F","","","","",0,3,0,0,6,0,0,0,0,9,"NY1","SLN","NY1",0,"T","F",1,0,0,5,0,"T","F",0,0,"T","T","muelh102","coonj103","T","T",0,0,0,0,0,0,0,0,0,"","","",0,0,0,0,0,0,0,0,0,0,0,0,0,"jackt101","F","F","F","F",0,0,0,0,1,0,0,0,0,0,F,F,"1924NY1.EVN.regular.event.csv",1544
"NY1192406170","SLN",2,0,1,0,0,"",1,0,"muelh102","?","muelh102","?","bentj101","?","bentj101","?","snydf101","kellg101","frisf101","grohh101","jackt101","meusi101","wilsh102","younr101","","","","13/BG","F","F",3,7,2,"T","T",0,"F","F",1,"F","F",0,"F","F",1,"G","T","F","",0,0,"N",0,"N",0,"N",0,0,0,0,"13","","","","F","F","F","F","F","F","F","F","F","","","","F","F","F","F","F","","","","",0,3,0,0,1,0,0,0,0,10,"NY1","SLN","NY1",0,"F","F",1,0,0,6,1,"T","F",0,0,"T","T","coonj103","sotha101","T","T",0,0,0,0,0,0,0,0,0,"","","",0,0,0,0,0,0,0,0,0,0,0,0,0,"bentj101","F","F","F","F",0,0,0,0,1,0,0,0,0,0,F,F,"1924NY1.EVN.regular.event.csv",1545
"NY1192406170","SLN",2,0,2,0,0,"",1,0,"coonj103","?","coonj103","?","bentj101","?","bentj101","?","snydf101","kellg101","frisf101","grohh101","jackt101","meusi101","wilsh102","younr101","","","","HR/F7D","F","F",6,8,23,"T","T",4,"F","F",0,"F","F",1,"F","F",0,"F","F","F","7D",0,0,"N",0,"N",0,"N",4,0,0,0,"","","","","F","F","F","F","F","F","F","F","F","","","","F","F","F","F","F","","","","",0,0,0,0,0,0,0,0,0,11,"NY1","SLN","NY1",0,"F","F",1,0,0,7,2,"T","F",0,0,"T","T","sotha101","bladr102","T","T",0,0,0,0,0,0,0,0,0,"","","",0,0,0,0,0,0,0,0,0,0,0,0,1,"","F","F","F","F",4,0,0,0,0,0,0,0,0,0,F,F,"1924NY1.EVN.regular.event.csv",1546
"NY1192406170","SLN",2,0,2,0,0,"",2,0,"sotha101","?","sotha101","?","bentj101","?","bentj101","?","snydf101","kellg101","frisf101","grohh101","jackt101","meusi101","wilsh102","younr101","","","","2/FL","F","F",1,9,2,"T","T",0,"F","F",1,"F","F",0,"F","F",2,"F","F","T","",0,0,"N",0,"N",0,"N",0,0,0,0,"2","","","","F","F","F","F","F","F","F","F","F","","","","F","F","F","F","F","","","","",0,2,0,0,0,0,0,0,0,12,"NY1","SLN","NY1",0,"F","T",2,0,1,8,3,"T","F",0,0,"T","T","bladr102","doutt101","T","T",0,0,0,0,0,0,0,0,0,"","","",0,0,0,0,0,0,0,0,0,0,0,0,0,"snydf101","F","F","F","F",0,0,0,0,0,0,0,0,0,0,F,F,"1924NY1.EVN.regular.event.csv",1547
"NY1192406170","SLN",2,1,0,0,0,"",2,0,"kellg101","?","kellg101","?","sotha101","?","sotha101","?","gonzm101","muelh102","hornr101","freih101","coonj103","bladr102","myerh102","doutt101","","","","13/BG","T","F",3,4,2,"T","T",0,"F","F",1,"F","F",0,"F","F",1,"G","T","F","",0,0,"N",0,"N",0,"N",0,0,0,0,"13","","","","F","F","F","F","F","F","F","F","F","","","","F","F","F","F","F","","","","",0,3,0,0,1,0,0,0,0,13,"NY1","NY1","SLN",1,"T","F",0,2,0,3,0,"T","F",0,0,"T","T","meusi101","jackt101","T","T",0,0,0,0,0,0,0,0,0,"","","",0,0,0,0,0,0,0,0,0,0,0,0,0,"sotha101","F","F","F","F",0,0,0,0,1,0,0,0,0,0,F,F,"1924NY1.EVN.regular.event.csv",1548
"NY1192406170","SLN",2,1,1,0,0,"",2,0,"meusi101","?","meusi101","?","sotha101","?","sotha101","?","gonzm101","muelh102","hornr101","freih101","coonj103","bladr102","myerh102","doutt101","","","","63","F","F",7,5,2,"T","T",0,"F","F",1,"F","F",0,"F","F",6,"G","F","F","",0,0,"N",0,"N",0,"N",0,0,0,0,"63","","","","F","F","F","F","F","F","F","F","F","","","","F","F","F","F","F","","","","",0,3,0,0,6,0,0,0,0,14,"NY1","NY1","SLN",1,"F","F",0,2,0,4,1,"T","F",0,0,"T","T","jackt101","grohh101","T","T",0,0,0,0,0,0,0,0,0,"","","",0,0,0,0,0,0,0,0,0,0,0,0,0,"coonj103","F","F","F","F",0,0,0,0,1,0,0,0,0,0,F,F,"1924NY1.EVN.regular.event.csv",1549
"NY1192406170","SLN",2,1,2,0,0,"",2,0,"jackt101","?","jackt101","?","sotha101","?","sotha101","?","gonzm101","muelh102","hornr101","freih101","coonj103","bladr102","myerh102","doutt101","","","","S/89S","F","F",6,6,20,"T","T",1,"F","F",0,"F","F",0,"F","F",0,"","F","F","89S",0,0,"N",0,"N",0,"N",1,0,0,0,"","","","","F","F","F","F","F","F","F","F","F","","","","F","F","F","F","F","","","","",0,0,0,0,0,0,0,0,0,15,"NY1","NY1","SLN",1,"F","F",0,2,0,5,2,"T","F",0,1,"T","T","grohh101","snydf101","T","T",0,0,0,0,0,0,0,0,0,"","","",0,0,0,0,0,0,0,0,0,0,0,0,0,"","F","F","F","F",4,0,0,0,1,0,0,0,0,0,F,F,"1924NY1.EVN.regular.event.csv",1550
"NY1192406170","SLN",2,1,2,0,0,"",2,0,"grohh101","?","grohh101","?","sotha101","?","sotha101","?","gonzm101","muelh102","hornr101","freih101","coonj103","bladr102","myerh102","doutt101","jackt101","","","W.1-2","F","F",5,7,14,"T","F",0,"F","F",0,"F","F",0,"F","F",0,"","F","F","",0,0,"N",0,"N",0,"N",1,2,0,0,"","","","","F","F","F","F","F","F","F","F","F","sotha101","","","F","F","F","F","F","","","","",0,0,0,0,0,0,0,0,0,16,"NY1","NY1","SLN",1,"F","F",0,2,0,6,3,"T","F",1,3,"T","T","snydf101","bentj101","T","T",6,6,15,0,0,0,0,0,0,"gonzm101","","",0,0,0,0,0,0,0,0,0,0,0,0,0,"","F","F","F","F",0,4,0,0,1,0,0,0,0,0,F,F,"1924NY1.EVN.regular.event.csv",1551
"NY1192406170","SLN",2,1,2,0,0,"",2,0,"snydf101","?","snydf101","?","sotha101","?","sotha101","?","gonzm101","muelh102","hornr101","freih101","coonj103","bladr102","myerh102","doutt101","grohh101","jackt101","","W.2-3;1-2","F","F",2,8,14,"T","F",0,"F","F",0,"F","F",0,"F","F",0,"","F","F","",0,0,"N",0,"N",0,"N",1,2,3,0,"","","","","F","F","F","F","F","F","F","F","F","sotha101","sotha101","","F","F","F","F","F","","","","",0,0,0,0,0,0,0,0,0,17,"NY1","NY1","SLN",1,"F","F",0,2,0,7,4,"T","F",3,7,"T","T","bentj101","younr101","T","T",5,7,16,6,6,15,0,0,0,"gonzm101","gonzm101","",0,0,0,0,0,0,0,0,0,0,0,0,0,"","F","F","F","F",0,0,4,0,1,0,0,0,0,0,F,F,"1924NY1.EVN.regular.event.csv",1552
"NY1192406170","SLN",2,1,2,0,0,"",2,0,"bentj101","?","bentj101","?","sotha101","?","sotha101","?","gonzm101","muelh102","hornr101","freih101","coonj103","bladr102","myerh102","doutt101","snydf101","grohh101","jackt101","W.3-H;2-3;1-2","F","F",1,9,14,"T","F",0,"F","F",0,"F","F",1,"F","F",0,"","F","F","",0,0,"N",0,"N",0,"N",1,2,3,4,"","","","","F","F","F","F","F","F","F","F","F","sotha101","sotha101","sotha101","F","F","F","F","F","","","","",0,0,0,0,0,0,0,0,0,18,"NY1","NY1","SLN",1,"F","F",0,2,0,8,5,"T","F",7,7,"T","T","younr101","frisf101","T","T",2,8,17,5,7,16,6,6,15,"gonzm101","gonzm101","gonzm101",0,0,0,0,0,0,0,0,0,0,0,0,1,"","F","F","F","F",0,0,0,4,0,0,0,0,0,0,F,F,"1924NY1.EVN.regular.event.csv",1553
"NY1192406170","SLN",2,1,2,0,0,"",2,1,"younr101","?","younr101","?","sotha101","?","sotha101","?","gonzm101","muelh102","hornr101","freih101","coonj103","bladr102","myerh102","doutt101","bentj101","snydf101","grohh101","13/BG","F","F",9,1,2,"T","T",0,"F","F",1,"F","F",0,"F","F",1,"G","T","F","",0,0,"N",0,"N",0,"N",0,1,2,3,"13","","","","F","F","F","F","F","F","F","F","F","sotha101","sotha101","sotha101","F","F","F","F","F","","","","",0,3,0,0,1,0,0,0,0,19,"NY1","NY1","SLN",1,"F","T",1,2,1,9,6,"T","F",7,7,"T","T","frisf101","wilsh102","T","T",1,9,18,2,8,17,5,7,16,"gonzm101","gonzm101","gonzm101",0,0,0,0,0,0,0,0,0,0,0,0,0,"sotha101","F","F","F","F",0,0,0,0,0,0,0,0,0,0,F,F,"1924NY1.EVN.regular.event.csv",1554
"NY1192406170","SLN",3,0,0,0,0,"",2,1,"bladr102","?","bladr102","?","bentj101","?","bentj101","?","snydf101","kellg101","frisf101","grohh101","jackt101","meusi101","wilsh102","younr101","","","","53","T","F",7,1,2,"T","T",0,"F","F",1,"F","F",0,"F","F",5,"G","F","F","",0,0,"N",0,"N",0,"N",0,0,0,0,"53","","","","F","F","F","F","F","F","F","F","F","","","","F","F","F","F","F","","","","",0,3,0,0,5,0,0,0,0,20,"NY1","SLN","NY1",0,"T","F",2,1,0,9,0,"T","F",0,0,"T","T","doutt101","hornr101","T","T",0,0,0,0,0,0,0,0,0,"","","",0,0,0,0,0,0,0,0,0,0,0,0,0,"grohh101","F","F","F","F",0,0,0,0,0,0,0,0,0,0,F,F,"1924NY1.EVN.regular.event.csv",1555
"NY1192406170","SLN",3,0,1,0,0,"",2,1,"doutt101","?","doutt101","?","bentj101","?","bentj101","?","snydf101","kellg101","frisf101","grohh101","jackt101","meusi101","wilsh102","younr101","","","","7/F7DW","F","F",9,2,2,"T","T",0,"F","F",1,"F","F",0,"F","F",7,"F","F","F","7DW",0,0,"N",0,"N",0,"N",0,0,0,0,"7","","","","F","F","F","F","F","F","F","F","F","","","","F","F","F","F","F","","","","",0,7,0,0,0,0,0,0,0,21,"NY1","SLN","NY1",0,"F","F",2,1,0,10,1,"T","F",0,0,"T","T","hornr101","freih101","T","T",0,0,0,0,0,0,0,0,0,"","","",0,0,0,0,0,0,0,0,0,0,0,0,0,"meusi101","F","F","F","F",0,0,0,0,0,0,0,0,0,0,F,F,"1924NY1.EVN.regular.event.csv",1556
"NY1192406170","SLN",3,0,2,0,0,"",2,1,"hornr101","?","hornr101","?","bentj101","?","bentj101","?","snydf101","kellg101","frisf101","grohh101","jackt101","meusi101","wilsh102","younr101","","","","W","F","F",4,3,14,"T","F",0,"F","F",0,"F","F",0,"F","F",0,"","F","F","",0,0,"N",0,"N",0,"N",1,0,0,0,"","","","","F","F","F","F","F","F","F","F","F","","","","F","F","F","F","F","","","","",0,0,0,0,0,0,0,0,0,22,"NY1","SLN","NY1",0,"F","F",2,1,0,11,2,"T","F",0,1,"T","T","freih101","myerh102","T","T",0,0,0,0,0,0,0,0,0,"","","",0,0,0,0,0,0,0,0,0,0,0,0,0,"","F","F","F","F",0,0,0,0,0,0,0,0,0,0,F,F,"1924NY1.EVN.regular.event.csv",1557
"NY1192406170","SLN",3,0,2,0,0,"",2,1,"freih101","?","freih101","?","bentj101","?","bentj101","?","snydf101","kellg101","frisf101","grohh101","jackt101","meusi101","wilsh102","younr101","hornr101","","","CS2(26)","F","F",5,4,6,"F","F",0,"F","F",1,"F","F",0,"F","F",0,"","F","F","",0,0,"N",0,"N",0,"N",0,0,0,0,"","26","","","F","F","F","T","F","F","F","F","F","bentj101","","","F","F","F","F","F","","","","",0,6,0,0,2,0,0,0,0,23,"NY1","SLN","NY1",0,"F","T",2,1,0,12,3,"T","T",1,0,"T","T","myerh102","gonzm101","T","T",4,3,22,0,0,0,0,0,0,"snydf101","","",0,0,0,0,0,0,0,0,0,0,0,0,0,"","F","F","F","F",0,0,0,0,0,0,0,0,0,0,F,F,"1924NY1.EVN.regular.event.csv",1558
"NY1192406170","SLN",3,1,0,0,0,"",2,1,"frisf101","?","frisf101","?","sotha101","?","sotha101","?","gonzm101","muelh102","hornr101","freih101","coonj103","bladr102","myerh102","doutt101","","","","43","T","F",4,2,2,"T","T",0,"F","F",1,"F","F",0,"F","F",4,"G","F","F","",0,0,"N",0,"N",0,"N",0,0,0,0,"43","","","","F","F","F","F","F","F","F","F","F","","","","F","F","F","F","F","","","","",0,3,0,0,4,0,0,0,0,24,"NY1","NY1","SLN",1,"T","F",1,2,0,10,0,"T","F",0,0,"T","T","wilsh102","kellg101","T","T",0,0,0,0,0,0,0,0,0,"","","",0,0,0,0,0,0,0,0,0,0,0,0,0,"hornr101","F","F","F","F",0,0,0,0,0,0,0,0,0,0,F,F,"1924NY1.EVN.regular.event.csv",1559
"NY1192406170","SLN",3,1,1,0,0,"",2,1,"wilsh102","?","wilsh102","?","sotha101","?","sotha101","?","gonzm101","muelh102","hornr101","freih101","coonj103","bladr102","myerh102","doutt101","","","","S7","F","F",8,3,20,"T","T",1,"F","F",0,"F","F",0,"F","F",7,"","F","F","",0,0,"N",0,"N",0,"N",1,0,0,0,"","","","","F","F","F","F","F","F","F","F","F","","","","F","F","F","F","F","","","","",0,0,0,0,0,0,0,0,0,25,"NY1","NY1","SLN",1,"F","F",1,2,0,11,1,"T","F",0,1,"T","T","kellg101","meusi101","T","T",0,0,0,0,0,0,0,0,0,"","","",0,0,0,0,0,0,0,0,0,0,0,0,0,"bladr102","F","F","F","F",0,0,0,0,0,0,0,0,0,0,F,F,"1924NY1.EVN.regular.event.csv",1560
"NY1192406170","SLN",3,1,1,0,0,"",2,1,"kellg101","?","kellg101","?","sotha101","?","sotha101","?","gonzm101","muelh102","hornr101","freih101","coonj103","bladr102","myerh102","doutt101","wilsh102","","","4/P","F","F",3,4,2,"T","T",0,"F","F",1,"F","F",0,"F","F",4,"P","F","F","",0,0,"N",0,"N",0,"N",0,1,0,0,"4","","","","F","F","F","F","F","F","F","F","F","sotha101","","","F","F","F","F","F","","","","",0,4,0,0,0,0,0,0,0,26,"NY1","NY1","SLN",1,"F","F",1,2,0,12,2,"T","F",1,1,"T","T","meusi101","jackt101","T","T",8,3,25,0,0,0,0,0,0,"gonzm101","","",0,0,0,0,0,0,0,0,0,0,0,0,0,"hornr101","F","F","F","F",0,0,0,0,0,0,0,0,0,0,F,F,"1924NY1.EVN.regular.event.csv",1561
"NY1192406170","SLN",3,1,2,0,0,"",2,1,"meusi101","?","meusi101","?","sotha101","?","sotha101","?","gonzm101","muelh102","hornr101","freih101","coonj103","bladr102","myerh102","doutt101","wilsh102","","","K","F","F",7,5,3,"T","T",0,"F","F",1,"F","F",0,"F","F",0,"","F","F","",0,0,"N",0,"N",0,"N",0,1,0,0,"2","","","","F","F","F","F","F","F","F","F","F","sotha101","","","F","F","F","F","F","","","","",0,2,0,0,0,0,0,0,0,27,"NY1","NY1","SLN",1,"F","T",1,2,0,13,3,"T","F",1,1,"T","T","jackt101","grohh101","T","T",8,3,25,0,0,0,0,0,0,"gonzm101","","",0,0,0,0,0,0,0,0,0,0,0,0,0,"","F","F","F","F",0,0,0,0,0,0,0,0,0,0,F,F,"1924NY1.EVN.regular.event.csv",1562
"NY1192406170","SLN",4,0,0,0,0,"",2,1,"freih101","?","freih101","?","bentj101","?","bentj101","?","snydf101","kellg101","frisf101","grohh101","jackt101","meusi101","wilsh102","younr101","","","","43","T","F",5,4,2,"T","T",0,"F","F",1,"F","F",0,"F","F",4,"G","F","F","",0,0,"N",0,"N",0,"N",0,0,0,0,"43","","","","F","F","F","F","F","F","F","F","F","","","","F","F","F","F","F","","","","",0,3,0,0,4,0,0,0,0,28,"NY1","SLN","NY1",0,"T","F",2,1,0,12,0,"T","F",0,0,"T","T","myerh102","gonzm101","T","T",0,0,0,0,0,0,0,0,0,"","","",0,0,0,0,0,0,0,0,0,0,0,0,0,"frisf101","F","F","F","F",0,0,0,0,0,0,0,0,0,0,F,F,"1924NY1.EVN.regular.event.csv",1563
"NY1192406170","SLN",4,0,1,0,0,"",2,1,"myerh102","?","myerh102","?","bentj101","?","bentj101","?","snydf101","kellg101","frisf101","grohh101","jackt101","meusi101","wilsh102","younr101","","","","4/P","F","F",8,5,2,"T","T",0,"F","F",1,"F","F",0,"F","F",4,"P","F","F","",0,0,"N",0,"N",0,"N",0,0,0,0,"4","","","","F","F","F","F","F","F","F","F","F","","","","F","F","F","F","F","","","","",0,4,0,0,0,0,0,0,0,29,"NY1","SLN","NY1",0,"F","F",2,1,0,13,1,"T","F",0,0,"T","T","gonzm101","muelh102","T","T",0,0,0,0,0,0,0,0,0,"","","",0,0,0,0,0,0,0,0,0,0,0,0,0,"frisf101","F","F","F","F",0,0,0,0,0,0,0,0,0,0,F,F,"1924NY1.EVN.regular.event.csv",1564
"NY1192406170","SLN",4,0,2,0,0,"",2,1,"gonzm101","?","gonzm101","?","bentj101","?","bentj101","?","snydf101","kellg101","frisf101","grohh101","jackt101","meusi101","wilsh102","younr101","","","","9/L9D","F","F",2,6,2,"T","T",0,"F","F",1,"F","F",0,"F","F",9,"L","F","F","9D",0,0,"N",0,"N",0,"N",0,0,0,0,"9","","","","F","F","F","F","F","F","F","F","F","","","","F","F","F","F","F","","","","",0,9,0,0,0,0,0,0,0,30,"NY1","SLN","NY1",0,"F","T",2,1,0,14,2,"T","F",0,0,"T","T","muelh102","coonj103","T","T",0,0,0,0,0,0,0,0,0,"","","",0,0,0,0,0,0,0,0,0,0,0,0,0,"younr101","F","F","F","F",0,0,0,0,0,0,0,0,0,0,F,F,"1924NY1.EVN.regular.event.csv",1565
"NY1192406170","SLN",4,1,0,0,0,"",2,1,"jackt101","?","jackt101","?","sotha101","?","sotha101","?","gonzm101","muelh102","hornr101","freih101","coonj103","bladr102","myerh102","doutt101","","","","3/FL","T","F",6,6,2,"T","T",0,"F","F",1,"F","F",0,"F","F",3,"F","F","T","",0,0,"N",0,"N",0,"N",0,0,0,0,"3","","","","F","F","F","F","F","F","F","F","F","","","","F","F","F","F","F","","","","",0,3,0,0,0,0,0,0,0,31,"NY1","NY1","SLN",1,"T","F",1,2,0,14,0,"T","F",0,0,"T","T","grohh101","snydf101","T","T",0,0,0,0,0,0,0,0,0,"","","",0,0,0,0,0,0,0,0,0,0,0,0,0,"muelh102","F","F","F","F",0,0,0,0,0,0,0,0,0,0,F,F,"1924NY1.EVN.regular.event.csv",1566
"NY1192406170","SLN",4,1,1,0,0,"",2,1,"grohh101","?","grohh101","?","sotha101","?","sotha101","?","gonzm101","muelh102","hornr101","freih101","coonj103","bladr102","myerh102","doutt101","","","","8/F","F","F",5,7,2,"T","T",0,"F","F",1,"F","F",0,"F","F",8,"F","F","F","",0,0,"N",0,"N",0,"N",0,0,0,0,"8","","","","F","F","F","F","F","F","F","F","F","","","","F","F","F","F","F","","","","",0,8,0,0,0,0,0,0,0,32,"NY1","NY1","SLN",1,"F","F",1,2,0,15,1,"T","F",0,0,"T","T","snydf101","bentj101","T","T",0,0,0,0,0,0,0,0,0,"","","",0,0,0,0,0,0,0,0,0,0,0,0,0,"myerh102","F","F","F","F",0,0,0,0,0,0,0,0,0,0,F,F,"1924NY1.EVN.regular.event.csv",1567
"NY1192406170","SLN",4,1,2,0,0,"",2,1,"snydf101","?","snydf101","?","sotha101","?","sotha101","?","gonzm101","muelh102","hornr101","freih101","coonj103","bladr102","myerh102","doutt101","","","","S8","F","F",2,8,20,"T","T",1,"F","F",0,"F","F",0,"F","F",8,"","F","F","",0,0,"N",0,"N",0,"N",1,0,0,0,"","","","","F","F","F","F","F","F","F","F","F","","","","F","F","F","F","F","","","","",0,0,0,0,0,0,0,0,0,33,"NY1","NY1","SLN",1,"F","F",1,2,0,16,2,"T","F",0,1,"T","T","bentj101","younr101","T","T",0,0,0,0,0,0,0,0,0,"","","",0,0,0,0,0,0,0,0,0,0,0,0,0,"myerh102","F","F","F","F",0,0,0,0,0,0,0,0,0,0,F,F,"1924NY1.EVN.regular.event.csv",1568
"NY1192406170","SLN",4,1,2,0,0,"",2,1,"bentj101","?","bentj101","?","sotha101","?","sotha101","?","gonzm101","muelh102","hornr101","freih101","coonj103","bladr102","myerh102","doutt101","snydf101","","","S7.1-2","F","F",1,9,20,"T","T",1,"F","F",0,"F","F",0,"F","F",7,"","F","F","",0,0,"N",0,"N",0,"N",1,2,0,0,"","","","","F","F","F","F","F","F","F","F","F","sotha101","","","F","F","F","F","F","","","","",0,0,0,0,0,0,0,0,0,34,"NY1","NY1","SLN",1,"F","F",1,2,0,17,3,"T","F",1,3,"T","T","younr101","frisf101","T","T",2,8,33,0,0,0,0,0,0,"gonzm101","","",0,0,0,0,0,0,0,0,0,0,0,0,0,"bladr102","F","F","F","F",0,0,0,0,0,0,0,0,0,0,F,F,"1924NY1.EVN.regular.event.csv",1569
"NY1192406170","SLN",4,1,2,0,0,"",2,1,"younr101","?","younr101","?","sotha101","?","sotha101","?","gonzm101","muelh102","hornr101","freih101","coonj103","bladr102","myerh102","doutt101","bentj101","snydf101","","64(1)/FO","F","F",9,1,2,"T","T",0,"F","F",1,"F","F",0,"F","F",6,"G","F","F","",0,0,"N",0,"N",0,"N",1,0,2,0,"","64","","","F","F","F","F","F","F","F","F","F","sotha101","sotha101","","F","F","F","F","F","","","","",0,4,0,0,6,0,0,0,0,35,"NY1","NY1","SLN",1,"F","T",1,2,0,18,4,"T","F",3,3,"T","T","frisf101","wilsh102","T","T",1,9,34,2,8,33,0,0,0,"gonzm101","gonzm101","",0,0,0,0,0,0,0,0,0,0,0,0,0,"coonj103","T","F","F","F",0,0,0,0,0,0,0,0,0,0,F,F,"1924NY1.EVN.regular.event.csv",1570
"NY1192406170","SLN",5,0,0,0,0,"",2,1,"muelh102","?","muelh102","?","bentj101","?","bentj101","?","snydf101","kellg101","frisf101","grohh101","jackt101","meusi101","wilsh102","younr101","","","","13/BG","T","F",3,7,2,"T","T",0,"F","F",1,"F","F",0,"F","F",1,"G","T","F","",0,0,"N",0,"N",0,"N",0,0,0,0,"13","","","","F","F","F","F","F","F","F","F","F","","","","F","F","F","F","F","","","","",0,3,0,0,1,0,0,0,0,36,"NY1","SLN","NY1",0,"T","F",2,1,0,15,0,"T","F",0,0,"T","T","coonj103","sotha101","T","T",0,0,0,0,0,0,0,0,0,"","","",0,0,0,0,0,0,0,0,0,0,0,0,0,"bentj101","F","F","F","F",0,0,0,0,1,0,0,0,0,0,F,F,"1924NY1.EVN.regular.event.csv",1571
"NY1192406170","SLN",5,0,1,0,0,"",2,1,"coonj103","?","coonj103","?","bentj101","?","bentj101","?","snydf101","kellg101","frisf101","grohh101","jackt101","meusi101","wilsh102","younr101","","","","S4/G34","F","F",6,8,20,"T","T",1,"F","F",0,"F","F",0,"F","F",4,"G","F","F","34",0,0,"N",0,"N",0,"N",1,0,0,0,"","","","","F","F","F","F","F","F","F","F","F","","","","F","F","F","F","F","","","","",0,0,0,0,0,0,0,0,0,37,"NY1","SLN","NY1",0,"F","F",2,1,0,16,1,"T","F",0,1,"T","T","sotha101","bladr102","T","T",0,0,0,0,0,0,0,0,0,"","","",0,0,0,0,0,0,0,0,0,0,0,0,0,"frisf101","F","F","F","F",5,0,0,0,1,0,0,0,0,0,F,F,"1924NY1.EVN.regular.event.csv",1572
"NY1192406170","SLN",5,0,1,0,0,"",2,1,"sotha101","?","sotha101","?","bentj101","?","bentj101","?","snydf101","kellg101","frisf101","grohh101","jackt101","meusi101","wilsh102","younr101","coonj103","","","K/C","F","F",1,9,3,"T","T",0,"F","F",1,"F","F",0,"F","F",0,"","F","F","",0,0,"N",0,"N",0,"N",0,1,0,0,"2","","","","F","F","F","F","F","F","F","F","F","bentj101","","","F","F","F","F","F","","","","",0,2,0,0,0,0,0,0,0,38,"NY1","SLN","NY1",0,"F","F",2,1,0,17,2,"T","F",1,1,"T","T","bladr102","doutt101","T","T",6,8,37,0,0,0,0,0,0,"snydf101","","",0,0,0,0,0,0,0,0,0,0,0,0,0,"","F","F","F","F",0,5,0,0,1,0,0,0,0,0,F,F,"1924NY1.EVN.regular.event.csv",1573
"NY1192406170","SLN",5,0,2,0,0,"",2,1,"bladr102","?","bladr102","?","bentj101","?","bentj101","?","snydf101","kellg101","frisf101","grohh101","jackt101","meusi101","wilsh102","younr101","coonj103","","","SB2.1-3(E2/TH2)","F","F",7,1,4,"F","F",0,"F","F",0,"F","F",0,"F","F",0,"","F","F","",1,2,"T",0,"N",0,"N",0,3,0,0,"","","","","T","F","F","F","F","F","F","F","F","bentj101","","","F","F","F","F","F","","","","",0,0,0,0,0,0,0,0,0,39,"NY1","SLN","NY1",0,"F","F",2,1,0,18,3,"T","F",1,4,"T","T","doutt101","hornr101","T","T",6,8,37,0,0,0,0,0,0,"snydf101","","",0,0,0,0,0,0,0,0,0,0,0,0,0,"","F","F","F","F",0,5,0,0,1,0,0,0,0,0,F,F,"1924NY1.EVN.regular.event.csv",1574
"NY1192406170","SLN",5,0,2,0,0,"",2,1,"bladr102","?","bladr102","?","bentj101","?","bentj101","?","snydf101","kellg101","frisf101","grohh101","jackt101","meusi101","wilsh102","younr101","","","coonj103","E3/G.3-H(NR)(UR);B-2","F","F",7,1,18,"T","T",0,"F","F",0,"F","F",0,"F","F",3,"G","F","F","",1,3,"F",0,"N",0,"N",2,0,0,5,"","","","","F","F","F","F","F","F","F","F","F","","","bentj101","F","F","F","F","F","","","","",0,0,0,0,0,0,0,0,0,40,"NY1","SLN","NY1",0,"F","F",2,1,0,18,3,"F","F",4,2,"T","T","doutt101","hornr101","T","T",0,0,0,0,0,0,6,8,37,"","","snydf101",0,0,0,0,0,0,0,0,0,0,0,0,1,"kellg101","F","F","F","T",0,0,0,5,0,0,0,0,0,0,F,F,"1924NY1.EVN.regular.event.csv",1575
"NY1192406170","SLN",5,0,2,0,0,"",3,1,"doutt101","?","doutt101","?","bentj101","?","bentj101","?","snydf101","kellg101","frisf101","grohh101","jackt101","meusi101","wilsh102","younr101","","bladr102","","W","F","F",9,2,14,"T","F",0,"F","F",0,"F","F",0,"F","F",0,"","F","F","",0,0,"N",0,"N",0,"N",1,0,2,0,"","","","","F","F","F","F","F","F","F","F","F","","bentj101","","F","F","F","F","F","","","","",0,0,0,0,0,0,0,0,0,41,"NY1","SLN","NY1",0,"F","F",3,1,1,19,4,"T","F",2,3,"T","T","hornr101","freih101","T","T",0,0,0,7,1,40,0,0,0,"","snydf101","",0,0,0,0,0,0,0,0,0,0,0,0,0,"","F","F","F","F",0,0,0,0,0,0,0,0,0,0,F,F,"1924NY1.EVN.regular.event.csv",1576
"NY1192406170","SLN",5,0,2,0,0,"",3,1,"hornr101","?","hornr101","?","bentj101","?","bentj101","?","snydf101","kellg101","frisf101","grohh101","jackt101","meusi101","wilsh102","younr101","doutt101","bladr102","","63/G6S","F","F",4,3,2,"T","T",0,"F","F",1,"F","F",0,"F","F",6,"G","F","F","6S",0,0,"N",0,"N",0,"N",0,1,2,0,"63","","","","F","F","F","F","F","F","F","F","F","bentj101","bentj101","","F","F","F","F","F","","","","",0,3,0,0,6,0,0,0,0,42,"NY1","SLN","NY1",0,"F","T",3,1,1,20,5,"T","F",3,3,"T","T","freih101","myerh102","T","T",9,2,41,7,1,40,0,0,0,"snydf101","snydf101","",0,0,0,0,0,0,0,0,0,0,0,0,0,"jackt101","F","F","F","F",0,0,0,0,0,0,0,0,0,0,F,F,"1924NY1.EVN.regular.event.csv",1577
"NY1192406170","SLN",5,1,0,0,0,"",3,1,"frisf101","?","frisf101","?","sotha101","?","sotha101","?","gonzm101","muelh102","hornr101","freih101","coonj103","bladr102","myerh102","doutt101","","","","S9","T","F",4,2,20,"T","T",1,"F","F",0,"F","F",0,"F","F",9,"","F","F","",0,0,"N",0,"N",0,"N",1,0,0,0,"","","","","F","F","F","F","F","F","F","F","F","","","","F","F","F","F","F","","","","",0,0,0,0,0,0,0,0,0,43,"NY1","NY1","SLN",1,"T","F",1,3,0,19,0,"T","F",0,1,"T","T","wilsh102","kellg101","T","T",0,0,0,0,0,0,0,0,0,"","","",0,0,0,0,0,0,0,0,0,0,0,0,0,"doutt101","F","F","F","F",4,0,0,0,4,0,0,0,0,0,F,F,"1924NY1.EVN.regular.event.csv",1578
"NY1192406170","SLN",5,1,0,0,0,"",3,1,"wilsh102","?","wilsh102","?","sotha101","?","sotha101","?","gonzm101","muelh102","hornr101","freih101","coonj103","bladr102","myerh102","doutt101","frisf101","","","K","F","F",8,3,3,"T","T",0,"F","F",1,"F","F",0,"F","F",0,"","F","F","",0,0,"N",0,"N",0,"N",0,1,0,0,"2","","","","F","F","F","F","F","F","F","F","F","sotha101","","","F","F","F","F","F","","","","",0,2,0,0,0,0,0,0,0,44,"NY1","NY1","SLN",1,"F","F",1,3,0,20,1,"T","F",1,1,"T","T","kellg101","meusi101","T","T",4,2,43,0,0,0,0,0,0,"gonzm101","","",0,0,0,0,0,0,0,0,0,0,0,0,0,"","F","F","F","F",0,4,0,0,4,0,0,0,0,0,F,F,"1924NY1.EVN.regular.event.csv",1579
"NY1192406170","SLN",5,1,1,0,0,"",3,1,"kellg101","?","kellg101","?","sotha101","?","sotha101","?","gonzm101","muelh102","hornr101","freih101","coonj103","bladr102","myerh102","doutt101","frisf101","","","HR/F7D.1-H","F","F",3,4,23,"T","T",4,"F","F",0,"F","F",2,"F","F",0,"F","F","F","7D",0,0,"N",0,"N",0,"N",4,4,0,0,"","","","","F","F","F","F","F","F","F","F","F","sotha101","","","F","F","F","F","F","","","","",0,0,0,0,0,0,0,0,0,45,"NY1","NY1","SLN",1,"F","F",1,3,0,21,2,"T","F",1,0,"T","T","meusi101","jackt101","T","T",4,2,43,0,0,0,0,0,0,"gonzm101","","",0,0,0,0,0,0,0,0,0,0,0,0,2,"","F","F","F","F",4,4,0,0,2,0,0,0,0,0,F,F,"1924NY1.EVN.regular.event.csv",1580
"NY1192406170","SLN",5,1,1,0,0,"",3,3,"meusi101","?","meusi101","?","sotha101","?","sotha101","?","gonzm101","muelh102","hornr101","freih101","coonj103","bladr102","myerh102","doutt101","","","","D/78","F","F",7,5,21,"T","T",2,"F","F",0,"F","F",0,"F","F",0,"","F","F","78",0,0,"N",0,"N",0,"N",2,0,0,0,"","","","","F","F","F","F","F","F","F","F","F","","","","F","F","F","F","F","","","","",0,0,0,0,0,0,0,0,0,46,"NY1","NY1","SLN",1,"F","F",3,3,2,22,3,"T","F",0,2,"T","T","jackt101","grohh101","T","T",0,0,0,0,0,0,0,0,0,"","","",0,0,0,0,0,0,0,0,0,0,0,0,0,"","F","F","F","F",4,0,0,0,2,0,0,0,0,0,F,F,"1924NY1.EVN.regular.event.csv",1581
"NY1192406170","SLN",5,1,1,0,0,"",3,3,"jackt101","?","jackt101","?","sotha101","?","sotha101","?","gonzm101","muelh102","hornr101","freih101","coonj103","bladr102","myerh102","doutt101","","meusi101","","W","F","F",6,6,14,"T","F",0,"F","F",0,"F","F",0,"F","F",0,"","F","F","",0,0,"N",0,"N",0,"N",1,0,2,0,"","","","","F","F","F","F","F","F","F","F","F","","sotha101","","F","F","F","F","F","","","","",0,0,0,0,0,0,0,0,0,47,"NY1","NY1","SLN",1,"F","F",3,3,2,23,4,"T","F",2,3,"T","T","grohh101","snydf101","T","T",0,0,0,7,5,46,0,0,0,"","gonzm101","",0,0,0,0,0,0,0,0,0,0,0,0,0,"","F","F","F","F",4,0,4,0,2,0,0,0,0,0,F,F,"1924NY1.EVN.regular.event.csv",1582
"NY1192406170","SLN",5,1,1,0,0,"",3,3,"grohh101","?","grohh101","?","sotha101","?","sotha101","?","gonzm101","muelh102","hornr101","freih101","coonj103","bladr102","myerh102","doutt101","jackt101","meusi101","","W.2-3;1-2","F","F",5,7,14,"T","F",0,"F","F",0,"F","F",0,"F","F",0,"","F","F","",0,0,"N",0,"N",0,"N",1,2,3,0,"","","","","F","F","F","F","F","F","F","F","F","sotha101","sotha101","","F","F","F","F","F","","","","",0,0,0,0,0,0,0,0,0,48,"NY1","NY1","SLN",1,"F","F",3,3,2,24,5,"T","F",3,7,"T","T","snydf101","bentj101","T","T",6,6,47,7,5,46,0,0,0,"gonzm101","gonzm101","",0,0,0,0,0,0,0,0,0,0,0,0,0,"","F","F","F","F",0,4,4,0,2,0,0,0,0,0,F,F,"1924NY1.EVN.regular.event.csv",1583
"NY1192406170","SLN",5,1,1,0,0,"",3,3,"snydf101","?","snydf101","?","sotha101","?","sotha101","?","gonzm101","muelh102","hornr101","freih101","coonj103","bladr102","myerh102","doutt101","grohh101","jackt101","meusi101","S7.3-H;2-H;1-2","F","F",2,8,20,"T","T",1,"F","F",0,"F","F",2,"F","F",7,"","F","F","",0,0,"N",0,"N",0,"N",1,2,4,4,"","","","","F","F","F","F","F","F","F","F","F","sotha101","sotha101","sotha101","F","F","F","F","F","","","","",0,0,0,0,0,0,0,0,0,49,"NY1","NY1","SLN",1,"F","F",3,3,2,25,6,"T","F",7,3,"T","T","bentj101","younr101","T","T",5,7,48,6,6,47,7,5,46,"gonzm101","gonzm101","gonzm101",0,0,0,0,0,0,0,0,0,0,0,0,2,"bladr102","F","F","F","F",0,0,4,4,0,0,0,0,0,0,F,F,"1924NY1.EVN.regular.event.csv",1584
"NY1192406170","SLN",5,1,1,0,0,"",3,5,"bentj101","?","bentj101","?","sherb101","?","sherb101","?","gonzm101","muelh102","hornr101","freih101","coonj103","bladr102","myerh102","doutt101","snydf101","grohh101","","K/C","F","F",1,9,3,"T","T",0,"F","F",1,"F","F",0,"F","F",0,"","F","F","",0,0,"N",0,"N",0,"N",0,1,2,0,"2","","","","F","F","F","F","F","F","F","F","F","sotha101","sotha101","","F","F","F","F","F","","","","",0,2,0,0,0,0,0,0,0,50,"NY1","NY1","SLN",1,"F","F",5,3,4,26,7,"T","F",3,3,"T","T","younr101","frisf101","F","F",2,8,49,5,7,48,0,0,0,"gonzm101","gonzm101","",0,0,0,0,0,0,0,0,0,0,0,0,0,"","F","F","F","F",0,0,0,0,0,0,0,0,0,0,F,F,"1924NY1.EVN.regular.event.csv",1585
"NY1192406170","SLN",5,1,2,0,0,"",3,5,"younr101","?","younr101","?","sherb101","?","sherb101","?","gonzm101","muelh102","hornr101","freih101","coonj103","bladr102","myerh102","doutt101","snydf101","grohh101","","5/FL","F","F",9,1,2,"T","T",0,"F","F",1,"F","F",0,"F","F",5,"F","F","T","",0,0,"N",0,"N",0,"N",0,1,2,0,"5","","","","F","F","F","F","F","F","F","F","F","sotha101","sotha101","","F","F","F","F","F","","","","",0,5,0,0,0,0,0,0,0,51,"NY1","NY1","SLN",1,"F","T",5,3,4,27,8,"T","F",3,3,"T","T","frisf101","wilsh102","F","F",2,8,49,5,7,48,0,0,0,"gonzm101","gonzm101","",0,0,0,0,0,0,0,0,0,0,0,0,0,"freih101","F","F","F","F",0,0,0,0,0,0,0,0,0,0,F,F,"1924NY1.EVN.regular.event.csv",1586
"NY1192406170","SLN",6,0,0,0,0,"",3,5,"freih101","?","freih101","?","bentj101","?","bentj101","?","snydf101","kellg101","frisf101","grohh101","jackt101","meusi101","wilsh102","younr101","","","","43","T","F",5,4,2,"T","T",0,"F","F",1,"F","F",0,"F","F",4,"G","F","F","",0,0,"N",0,"N",0,"N",0,0,0,0,"43","","","","F","F","F","F","F","F","F","F","F","","","","F","F","F","F","F","","","","",0,3,0,0,4,0,0,0,0,52,"NY1","SLN","NY1",0,"T","F",3,5,0,21,0,"T","F",0,0,"T","T","myerh102","gonzm101","T","T",0,0,0,0,0,0,0,0,0,"","","",0,0,0,0,0,0,0,0,0,0,0,0,0,"frisf101","F","F","F","F",0,0,0,0,0,0,0,0,0,0,F,F,"1924NY1.EVN.regular.event.csv",1587
"NY1192406170","SLN",6,0,1,0,0,"",3,5,"myerh102","?","myerh102","?","bentj101","?","bentj101","?","snydf101","kellg101","frisf101","grohh101","jackt101","meusi101","wilsh102","younr101","","","","8/L","F","F",8,5,2,"T","T",0,"F","F",1,"F","F",0,"F","F",8,"L","F","F","",0,0,"N",0,"N",0,"N",0,0,0,0,"8","","","","F","F","F","F","F","F","F","F","F","","","","F","F","F","F","F","","","","",0,8,0,0,0,0,0,0,0,53,"NY1","SLN","NY1",0,"F","F",3,5,0,22,1,"T","F",0,0,"T","T","gonzm101","muelh102","T","T",0,0,0,0,0,0,0,0,0,"","","",0,0,0,0,0,0,0,0,0,0,0,0,0,"wilsh102","F","F","F","F",0,0,0,0,0,0,0,0,0,0,F,F,"1924NY1.EVN.regular.event.csv",1588
"NY1192406170","SLN",6,0,2,0,0,"",3,5,"gonzm101","?","gonzm101","?","bentj101","?","bentj101","?","snydf101","kellg101","frisf101","grohh101","jackt101","meusi101","wilsh102","younr101","","","","W","F","F",2,6,14,"T","F",0,"F","F",0,"F","F",0,"F","F",0,"","F","F","",0,0,"N",0,"N",0,"N",1,0,0,0,"","","","","F","F","F","F","F","F","F","F","F","","","","F","F","F","F","F","","","","",0,0,0,0,0,0,0,0,0,54,"NY1","SLN","NY1",0,"F","F",3,5,0,23,2,"T","F",0,1,"T","T","muelh102","coonj103","T","T",0,0,0,0,0,0,0,0,0,"","","",0,0,0,0,0,0,0,0,0,0,0,0,0,"","F","F","F","F",0,0,0,0,0,0,0,0,0,0,F,F,"1924NY1.EVN.regular.event.csv",1589
"NY1192406170","SLN",6,0,2,0,0,"",3,5,"muelh102","?","muelh102","?","bentj101","?","bentj101","?","snydf101","kellg101","frisf101","grohh101","jackt101","meusi101","wilsh102","younr101","gonzm101","","","S/BR.1X2(4)#","F","F",3,7,20,"T","T",1,"F","F",1,"F","F",0,"F","F",0,"","F","F","",0,0,"N",0,"N",0,"N",1,0,0,0,"","4","","","F","F","F","F","F","F","F","F","F","bentj101","","","F","F","F","F","F","","","","",0,4,0,0,0,0,0,0,0,55,"NY1","SLN","NY1",0,"F","T",3,5,0,24,3,"T","F",1,1,"T","T","coonj103","sherb101","T","T",2,6,54,0,0,0,0,0,0,"snydf101","","",0,0,0,0,0,0,0,0,0,0,0,0,0,"","F","F","F","F",0,0,0,0,0,0,0,0,0,0,F,T,"1924NY1.EVN.regular.event.csv",1590
"NY1192406170","SLN",6,1,0,0,0,"",3,5,"frisf101","?","frisf101","?","sherb101","?","sherb101","?","gonzm101","muelh102","hornr101","freih101","coonj103","bladr102","myerh102","doutt101","","","","S9","T","F",4,2,20,"T","T",1,"F","F",0,"F","F",0,"F","F",9,"","F","F","",0,0,"N",0,"N",0,"N",1,0,0,0,"","","","","F","F","F","F","F","F","F","F","F","","","","F","F","F","F","F","","","","",0,0,0,0,0,0,0,0,0,56,"NY1","NY1","SLN",1,"T","F",5,3,0,28,0,"T","F",0,1,"T","T","wilsh102","kellg101","F","F",0,0,0,0,0,0,0,0,0,"","","",0,0,0,0,0,0,0,0,0,0,0,0,0,"doutt101","F","F","F","F",0,0,0,0,0,0,0,0,0,0,F,F,"1924NY1.EVN.regular.event.csv",1591
"NY1192406170","SLN",6,1,0,0,0,"",3,5,"wilsh102","?","wilsh102","?","sherb101","?","sherb101","?","gonzm101","muelh102","hornr101","freih101","coonj103","bladr102","myerh102","doutt101","frisf101","","","7/F7D.1-2","F","F",8,3,2,"T","T",0,"F","F",1,"F","F",0,"F","F",7,"F","F","F","7D",0,0,"N",0,"N",0,"N",0,2,0,0,"7","","","","F","F","F","F","F","F","F","F","F","sherb101","","","F","F","F","F","F","","","","",0,7,0,0,0,0,0,0,0,57,"NY1","NY1","SLN",1,"F","F",5,3,0,29,1,"T","F",1,2,"T","T","kellg101","meusi101","F","F",4,2,56,0,0,0,0,0,0,"gonzm101","","",0,0,0,0,0,0,0,0,0,0,0,0,0,"bladr102","F","F","F","F",0,0,0,0,0,0,0,0,0,0,F,F,"1924NY1.EVN.regular.event.csv",1592
"NY1192406170","SLN",6,1,1,0,0,"",3,5,"kellg101","?","kellg101","?","sherb101","?","sherb101","?","gonzm101","muelh102","hornr101","freih101","coonj103","bladr102","myerh102","doutt101","","frisf101","","63/DP.2XH(32)","F","F",3,4,2,"T","T",0,"F","F",2,"T","F",0,"F","F",6,"G","F","F","",0,0,"N",0,"N",0,"N",0,0,0,0,"63","","32","","F","F","F","F","F","F","F","F","F","","sherb101","","F","F","F","F","F","","","","",0,3,2,0,6,3,0,0,0,58,"NY1","NY1","SLN",1,"F","T",5,3,0,30,2,"T","F",2,0,"T","T","meusi101","jackt101","F","F",0,0,0,4,2,56,0,0,0,"","gonzm101","",0,0,0,0,0,0,0,0,0,0,0,0,0,"coonj103","F","F","F","F",0,0,0,0,0,0,0,0,0,0,F,F,"1924NY1.EVN.regular.event.csv",1593
"NY1192406170","SLN",7,0,0,0,0,"",3,5,"coonj103","?","coonj103","?","bentj101","?","bentj101","?","snydf101","kellg101","frisf101","grohh101","jackt101","meusi101","wilsh102","younr101","","","","9/F","T","F",6,8,2,"T","T",0,"F","F",1,"F","F",0,"F","F",9,"F","F","F","",0,0,"N",0,"N",0,"N",0,0,0,0,"9","","","","F","F","F","F","F","F","F","F","F","","","","F","F","F","F","F","","","","",0,9,0,0,0,0,0,0,0,59,"NY1","SLN","NY1",0,"T","F",3,5,0,25,0,"T","F",0,0,"T","T","sherb101","bladr102","T","T",0,0,0,0,0,0,0,0,0,"","","",0,0,0,0,0,0,0,0,0,0,0,0,0,"younr101","F","F","F","F",0,0,0,0,0,0,0,0,0,0,F,F,"1924NY1.EVN.regular.event.csv",1594
"NY1192406170","SLN",7,0,1,0,0,"",3,5,"sherb101","?","sherb101","?","bentj101","?","bentj101","?","snydf101","kellg101","frisf101","grohh101","jackt101","meusi101","wilsh102","younr101","","","","3/G","F","F",1,9,2,"T","T",0,"F","F",1,"F","F",0,"F","F",3,"G","F","F","",0,0,"N",0,"N",0,"N",0,0,0,0,"3","","","","F","F","F","F","F","F","F","F","F","","","","F","F","F","F","F","","","","",0,3,0,0,0,0,0,0,0,60,"NY1","SLN","NY1",0,"F","F",3,5,0,26,1,"T","F",0,0,"F","F","bladr102","doutt101","T","T",0,0,0,0,0,0,0,0,0,"","","",0,0,0,0,0,0,0,0,0,0,0,0,0,"kellg101","F","F","F","F",0,0,0,0,0,0,0,0,0,0,F,F,"1924NY1.EVN.regular.event.csv",1595
"NY1192406170","SLN",7,0,2,0,0,"",3,5,"bladr102","?","bladr102","?","bentj101","?","bentj101","?","snydf101","kellg101","frisf101","grohh101","jackt101","meusi101","wilsh102","younr101","","","","63","F","F",7,1,2,"T","T",0,"F","F",1,"F","F",0,"F","F",6,"G","F","F","",0,0,"N",0,"N",0,"N",0,0,0,0,"63","","","","F","F","F","F","F","F","F","F","F","","","","F","F","F","F","F","","","","",0,3,0,0,6,0,0,0,0,61,"NY1","SLN","NY1",0,"F","T",3,5,0,27,2,"T","F",0,0,"T","T","doutt101","hornr101","T","T",0,0,0,0,0,0,0,0,0,"","","",0,0,0,0,0,0,0,0,0,0,0,0,0,"jackt101","F","F","F","F",0,0,0,0,0,0,0,0,0,0,F,F,"1924NY1.EVN.regular.event.csv",1596
"NY1192406170","SLN",7,1,0,0,0,"",3,5,"meusi101","?","meusi101","?","sherb101","?","sherb101","?","gonzm101","muelh102","hornr101","freih101","coonj103","bladr102","myerh102","doutt101","","","","2/FL","T","F",7,5,2,"T","T",0,"F","F",1,"F","F",0,"F","F",2,"F","F","T","",0,0,"N",0,"N",0,"N",0,0,0,0,"2","","","","F","F","F","F","F","F","F","F","F","","","","F","F","F","F","F","","","","",0,2,0,0,0,0,0,0,0,62,"NY1","NY1","SLN",1,"T","F",5,3,0,31,0,"T","F",0,0,"T","T","jackt101","grohh101","F","F",0,0,0,0,0,0,0,0,0,"","","",0,0,0,0,0,0,0,0,0,0,0,0,0,"gonzm101","F","F","F","F",0,0,0,0,0,0,0,0,0,0,F,F,"1924NY1.EVN.regular.event.csv",1597
"NY1192406170","SLN",7,1,1,0,0,"",3,5,"jackt101","?","jackt101","?","sherb101","?","sherb101","?","gonzm101","muelh102","hornr101","freih101","coonj103","bladr102","myerh102","doutt101","","","","S8","F","F",6,6,20,"T","T",1,"F","F",0,"F","F",0,"F","F",8,"","F","F","",0,0,"N",0,"N",0,"N",1,0,0,0,"","","","","F","F","F","F","F","F","F","F","F","","","","F","F","F","F","F","","","","",0,0,0,0,0,0,0,0,0,63,"NY1","NY1","SLN",1,"F","F",5,3,0,32,1,"T","F",0,1,"T","T","grohh101","snydf101","F","F",0,0,0,0,0,0,0,0,0,"","","",0,0,0,0,0,0,0,0,0,0,0,0,0,"myerh102","F","F","F","F",0,0,0,0,0,0,0,0,0,0,F,F,"1924NY1.EVN.regular.event.csv",1598
"NY1192406170","SLN",7,1,1,0,0,"",3,5,"grohh101","?","grohh101","?","sherb101","?","sherb101","?","gonzm101","muelh102","hornr101","freih101","coonj103","bladr102","myerh102","doutt101","jackt101","","","8/F","F","F",5,7,2,"T","T",0,"F","F",1,"F","F",0,"F","F",8,"F","F","F","",0,0,"N",0,"N",0,"N",0,1,0,0,"8","","","","F","F","F","F","F","F","F","F","F","sherb101","","","F","F","F","F","F","","","","",0,8,0,0,0,0,0,0,0,64,"NY1","NY1","SLN",1,"F","F",5,3,0,33,2,"T","F",1,1,"T","T","snydf101","bentj101","F","F",6,6,63,0,0,0,0,0,0,"gonzm101","","",0,0,0,0,0,0,0,0,0,0,0,0,0,"myerh102","F","F","F","F",0,0,0,0,0,0,0,0,0,0,F,F,"1924NY1.EVN.regular.event.csv",1599
"NY1192406170","SLN",7,1,2,0,0,"",3,5,"snydf101","?","snydf101","?","sherb101","?","sherb101","?","gonzm101","muelh102","hornr101","freih101","coonj103","bladr102","myerh102","doutt101","jackt101","","","8/F","F","F",2,8,2,"T","T",0,"F","F",1,"F","F",0,"F","F",8,"F","F","F","",0,0,"N",0,"N",0,"N",0,1,0,0,"8","","","","F","F","F","F","F","F","F","F","F","sherb101","","","F","F","F","F","F","","","","",0,8,0,0,0,0,0,0,0,65,"NY1","NY1","SLN",1,"F","T",5,3,0,34,3,"T","F",1,1,"T","T","bentj101","younr101","F","F",6,6,63,0,0,0,0,0,0,"gonzm101","","",0,0,0,0,0,0,0,0,0,0,0,0,0,"myerh102","F","F","F","F",0,0,0,0,0,0,0,0,0,0,F,F,"1924NY1.EVN.regular.event.csv",1600
"NY1192406170","SLN",8,0,0,0,0,"",3,5,"doutt101","?","doutt101","?","bentj101","?","bentj101","?","snydf101","kellg101","frisf101","grohh101","jackt101","meusi101","wilsh102","younr101","","","","3/G","T","F",9,2,2,"T","T",0,"F","F",1,"F","F",0,"F","F",3,"G","F","F","",0,0,"N",0,"N",0,"N",0,0,0,0,"3","","","","F","F","F","F","F","F","F","F","F","","","","F","F","F","F","F","","","","",0,3,0,0,0,0,0,0,0,66,"NY1","SLN","NY1",0,"T","F",3,5,0,28,0,"T","F",0,0,"T","T","hornr101","freih101","T","T",0,0,0,0,0,0,0,0,0,"","","",0,0,0,0,0,0,0,0,0,0,0,0,0,"kellg101","F","F","F","F",0,0,0,0,0,0,0,0,0,0,F,F,"1924NY1.EVN.regular.event.csv",1601
"NY1192406170","SLN",8,0,1,0,0,"",3,5,"hornr101","?","hornr101","?","bentj101","?","bentj101","?","snydf101","kellg101","frisf101","grohh101","jackt101","meusi101","wilsh102","younr101","","","","8/F","F","F",4,3,2,"T","T",0,"F","F",1,"F","F",0,"F","F",8,"F","F","F","",0,0,"N",0,"N",0,"N",0,0,0,0,"8","","","","F","F","F","F","F","F","F","F","F","","","","F","F","F","F","F","","","","",0,8,0,0,0,0,0,0,0,67,"NY1","SLN","NY1",0,"F","F",3,5,0,29,1,"T","F",0,0,"T","T","freih101","myerh102","T","T",0,0,0,0,0,0,0,0,0,"","","",0,0,0,0,0,0,0,0,0,0,0,0,0,"wilsh102","F","F","F","F",0,0,0,0,0,0,0,0,0,0,F,F,"1924NY1.EVN.regular.event.csv",1602
"NY1192406170","SLN",8,0,2,0,0,"",3,5,"freih101","?","freih101","?","bentj101","?","bentj101","?","snydf101","kellg101","frisf101","grohh101","jackt101","meusi101","wilsh102","younr101","","","","S8","F","F",5,4,20,"T","T",1,"F","F",0,"F","F",0,"F","F",8,"","F","F","",0,0,"N",0,"N",0,"N",1,0,0,0,"","","","","F","F","F","F","F","F","F","F","F","","","","F","F","F","F","F","","","","",0,0,0,0,0,0,0,0,0,68,"NY1","SLN","NY1",0,"F","F",3,5,0,30,2,"T","F",0,1,"T","T","myerh102","gonzm101","T","T",0,0,0,0,0,0,0,0,0,"","","",0,0,0,0,0,0,0,0,0,0,0,0,0,"wilsh102","F","F","F","F",0,0,0,0,0,0,0,0,0,0,F,F,"1924NY1.EVN.regular.event.csv",1603
"NY1192406170","SLN",8,0,2,0,0,"",3,5,"myerh102","?","myerh102","?","bentj101","?","bentj101","?","snydf101","kellg101","frisf101","grohh101","jackt101","meusi101","wilsh102","younr101","freih101","","","43","F","F",8,5,2,"T","T",0,"F","F",1,"F","F",0,"F","F",4,"G","F","F","",0,0,"N",0,"N",0,"N",0,1,0,0,"43","","","","F","F","F","F","F","F","F","F","F","bentj101","","","F","F","F","F","F","","","","",0,3,0,0,4,0,0,0,0,69,"NY1","SLN","NY1",0,"F","T",3,5,0,31,3,"T","F",1,1,"T","T","gonzm101","muelh102","T","T",5,4,68,0,0,0,0,0,0,"snydf101","","",0,0,0,0,0,0,0,0,0,0,0,0,0,"frisf101","F","F","F","F",0,0,0,0,0,0,0,0,0,0,F,F,"1924NY1.EVN.regular.event.csv",1604
"NY1192406170","SLN",8,1,0,0,0,"",3,5,"bentj101","?","bentj101","?","sherb101","?","sherb101","?","gonzm101","muelh102","hornr101","freih101","coonj103","bladr102","myerh102","doutt101","","","","43","T","F",1,9,2,"T","T",0,"F","F",1,"F","F",0,"F","F",4,"G","F","F","",0,0,"N",0,"N",0,"N",0,0,0,0,"43","","","","F","F","F","F","F","F","F","F","F","","","","F","F","F","F","F","","","","",0,3,0,0,4,0,0,0,0,70,"NY1","NY1","SLN",1,"T","F",5,3,0,35,0,"T","F",0,0,"T","T","younr101","frisf101","F","F",0,0,0,0,0,0,0,0,0,"","","",0,0,0,0,0,0,0,0,0,0,0,0,0,"hornr101","F","F","F","F",0,0,0,0,0,0,0,0,0,0,F,F,"1924NY1.EVN.regular.event.csv",1605
"NY1192406170","SLN",8,1,1,0,0,"",3,5,"younr101","?","younr101","?","sherb101","?","sherb101","?","gonzm101","muelh102","hornr101","freih101","coonj103","bladr102","myerh102","doutt101","","","","4/L","F","F",9,1,2,"T","T",0,"F","F",1,"F","F",0,"F","F",4,"L","F","F","",0,0,"N",0,"N",0,"N",0,0,0,0,"4","","","","F","F","F","F","F","F","F","F","F","","","","F","F","F","F","F","","","","",0,4,0,0,0,0,0,0,0,71,"NY1","NY1","SLN",1,"F","F",5,3,0,36,1,"T","F",0,0,"T","T","frisf101","wilsh102","F","F",0,0,0,0,0,0,0,0,0,"","","",0,0,0,0,0,0,0,0,0,0,0,0,0,"hornr101","F","F","F","F",0,0,0,0,0,0,0,0,0,0,F,F,"1924NY1.EVN.regular.event.csv",1606
"NY1192406170","SLN",8,1,2,0,0,"",3,5,"frisf101","?","frisf101","?","sherb101","?","sherb101","?","gonzm101","muelh102","hornr101","freih101","coonj103","bladr102","myerh102","doutt101","","","","13","F","F",4,2,2,"T","T",0,"F","F",1,"F","F",0,"F","F",1,"G","F","F","",0,0,"N",0,"N",0,"N",0,0,0,0,"13","","","","F","F","F","F","F","F","F","F","F","","","","F","F","F","F","F","","","","",0,3,0,0,1,0,0,0,0,72,"NY1","NY1","SLN",1,"F","T",5,3,0,37,2,"T","F",0,0,"T","T","wilsh102","kellg101","F","F",0,0,0,0,0,0,0,0,0,"","","",0,0,0,0,0,0,0,0,0,0,0,0,0,"sherb101","F","F","F","F",0,0,0,0,0,0,0,0,0,0,F,F,"1924NY1.EVN.regular.event.csv",1607
"NY1192406170","SLN",9,0,0,0,0,"",3,5,"gonzm101","?","gonzm101","?","bentj101","?","bentj101","?","snydf101","kellg101","frisf101","grohh101","jackt101","meusi101","wilsh102","younr101","","","","53","T","F",2,6,2,"T","T",0,"F","F",1,"F","F",0,"F","F",5,"G","F","F","",0,0,"N",0,"N",0,"N",0,0,0,0,"53","","","","F","F","F","F","F","F","F","F","F","","","","F","F","F","F","F","","","","",0,3,0,0,5,0,0,0,0,73,"NY1","SLN","NY1",0,"T","F",3,5,0,32,0,"T","F",0,0,"T","T","muelh102","coonj103","T","T",0,0,0,0,0,0,0,0,0,"","","",0,0,0,0,0,0,0,0,0,0,0,0,0,"grohh101","F","F","F","F",0,0,0,0,0,0,0,0,0,0,F,F,"1924NY1.EVN.regular.event.csv",1608
"NY1192406170","SLN",9,0,1,0,0,"",3,5,"holmw101","?","holmw101","?","bentj101","?","bentj101","?","snydf101","kellg101","frisf101","grohh101","jackt101","meusi101","wilsh102","younr101","","","","S8","F","T",11,7,20,"T","T",1,"F","F",0,"F","F",0,"F","F",8,"","F","F","",0,0,"N",0,"N",0,"N",1,0,0,0,"","","","","F","F","F","F","F","F","F","F","F","","","","F","F","F","F","F","","","","muelh102",3,0,0,0,0,0,0,0,0,74,"NY1","SLN","NY1",0,"F","F",3,5,0,33,1,"T","F",0,1,"F","F","coonj103","sherb101","T","T",0,0,0,0,0,0,0,0,0,"","","",0,0,0,0,0,0,0,0,0,0,0,0,0,"wilsh102","F","F","F","F",0,0,0,0,0,0,0,0,0,0,F,F,"1924NY1.EVN.regular.event.csv",1609
"NY1192406170","SLN",9,0,1,0,0,"",3,5,"coonj103","?","coonj103","?","bentj101","?","bentj101","?","snydf101","kellg101","frisf101","grohh101","jackt101","meusi101","wilsh102","younr101","holmw101","","","54(1)3/GDP","F","F",6,8,2,"T","T",0,"F","F",2,"T","F",0,"F","F",5,"G","F","F","",0,0,"N",0,"N",0,"N",0,0,0,0,"43","54","","","F","F","F","F","F","F","F","F","F","bentj101","","","F","T","F","F","F","","","","",0,4,3,0,5,4,0,0,0,75,"NY1","SLN","NY1",0,"F","T",3,5,0,34,2,"T","F",1,0,"T","T","sherb101","bladr102","T","T",0,7,74,0,0,0,0,0,0,"snydf101","","",0,0,0,0,0,0,0,0,0,0,0,0,0,"grohh101","T","F","F","F",0,0,0,0,0,0,0,0,0,0,F,F,"1924NY1.EVN.regular.event.csv",1610
"NY1192406180","SLN",1,0,0,0,0,"",0,0,"flacm101","?","flacm101","?","deanw101","?","deanw101","?","snydf101","kellg101","frisf101","grohh101","jackt101","meusi101","wilsh102","younr101","","","","43","T","F",9,1,2,"T","T",0,"F","F",1,"F","F",0,"F","F",4,"G","F","F","",0,0,"N",0,"N",0,"N",0,0,0,0,"43","","","","F","F","F","F","F","F","F","F","F","","","","T","F","F","F","F","","","","",0,3,0,0,4,0,0,0,0,1,"NY1","SLN","NY1",0,"T","F",0,0,0,0,0,"T","F",0,0,"T","T","smitj106","hornr101","T","T",0,0,0,0,0,0,0,0,0,"","","",0,0,0,0,0,0,0,0,0,0,0,0,0,"frisf101","F","F","F","F",0,0,0,0,0,0,0,0,0,0,F,F,"1924NY1.EVN.regular.event.csv",1611
"NY1192406180","SLN",1,0,1,0,0,"",0,0,"smitj106","?","smitj106","?","deanw101","?","deanw101","?","snydf101","kellg101","frisf101","grohh101","jackt101","meusi101","wilsh102","younr101","","","","K/C","F","F",8,2,3,"T","T",0,"F","F",1,"F","F",0,"F","F",0,"","F","F","",0,0,"N",0,"N",0,"N",0,0,0,0,"2","","","","F","F","F","F","F","F","F","F","F","","","","F","F","F","F","F","","","","",0,2,0,0,0,0,0,0,0,2,"NY1","SLN","NY1",0,"F","F",0,0,0,1,1,"T","F",0,0,"T","T","hornr101","freih101","T","T",0,0,0,0,0,0,0,0,0,"","","",0,0,0,0,0,0,0,0,0,0,0,0,0,"","F","F","F","F",0,0,0,0,0,0,0,0,0,0,F,F,"1924NY1.EVN.regular.event.csv",1612
"NY1192406180","SLN",1,0,2,0,0,"",0,0,"hornr101","?","hornr101","?","deanw101","?","deanw101","?","snydf101","kellg101","frisf101","grohh101","jackt101","meusi101","wilsh102","younr101","","","","S7/G56","F","F",4,3,20,"T","T",1,"F","F",0,"F","F",0,"F","F",7,"G","F","F","56",0,0,"N",0,"N",0,"N",1,0,0,0,"","","","","F","F","F","F","F","F","F","F","F","","","","F","F","F","F","F","","","","",0,0,0,0,0,0,0,0,0,3,"NY1","SLN","NY1",0,"F","F",0,0,0,2,2,"T","F",0,1,"T","T","freih101","muelh102","T","T",0,0,0,0,0,0,0,0,0,"","","",0,0,0,0,0,0,0,0,0,0,0,0,0,"meusi101","F","F","F","F",0,0,0,0,0,0,0,0,0,0,F,F,"1924NY1.EVN.regular.event.csv",1613
"NY1192406180","SLN",1,0,2,0,0,"",0,0,"freih101","?","freih101","?","deanw101","?","deanw101","?","snydf101","kellg101","frisf101","grohh101","jackt101","meusi101","wilsh102","younr101","hornr101","","","CS2(26)","F","F",5,4,6,"F","F",0,"F","F",1,"F","F",0,"F","F",0,"","F","F","",0,0,"N",0,"N",0,"N",0,0,0,0,"","26","","","F","F","F","T","F","F","F","F","F","deanw101","","","F","F","F","F","F","","","","",0,6,0,0,2,0,0,0,0,4,"NY1","SLN","NY1",0,"F","T",0,0,0,3,3,"T","T",1,0,"T","T","muelh102","bladr102","T","T",4,3,3,0,0,0,0,0,0,"snydf101","","",0,0,0,0,0,0,0,0,0,0,0,0,0,"","F","F","F","F",0,0,0,0,0,0,0,0,0,0,F,F,"1924NY1.EVN.regular.event.csv",1614
"NY1192406180","SLN",1,1,0,0,0,"",0,0,"younr101","?","younr101","?","hainj101","?","hainj101","?","gonzm101","muelh102","hornr101","freih101","coonj103","bladr102","smitj106","flacm101","","","","13","T","F",9,1,2,"T","T",0,"F","F",1,"F","F",0,"F","F",1,"G","F","F","",0,0,"N",0,"N",0,"N",0,0,0,0,"13","","","","F","F","F","F","F","F","F","F","F","","","","F","F","F","F","F","","","","",0,3,0,0,1,0,0,0,0,5,"NY1","NY1","SLN",1,"T","F",0,0,0,0,0,"T","F",0,0,"T","T","frisf101","wilsh102","T","T",0,0,0,0,0,0,0,0,0,"","","",0,0,0,0,0,0,0,0,0,0,0,0,0,"hainj101","F","F","F","F",0,0,0,0,1,0,0,0,0,0,F,F,"1924NY1.EVN.regular.event.csv",1615
"NY1192406180","SLN",1,1,1,0,0,"",0,0,"frisf101","?","frisf101","?","hainj101","?","hainj101","?","gonzm101","muelh102","hornr101","freih101","coonj103","bladr102","smitj106","flacm101","","","","S9/4","F","F",4,2,20,"T","T",1,"F","F",0,"F","F",0,"F","F",9,"","F","F","4",0,0,"N",0,"N",0,"N",1,0,0,0,"","","","","F","F","F","F","F","F","F","F","F","","","","F","F","F","F","F","","","","",0,0,0,0,0,0,0,0,0,6,"NY1","NY1","SLN",1,"F","F",0,0,0,1,1,"T","F",0,1,"T","T","wilsh102","kellg101","T","T",0,0,0,0,0,0,0,0,0,"","","",0,0,0,0,0,0,0,0,0,0,0,0,0,"flacm101","F","F","F","F",4,0,0,0,1,0,0,0,0,0,F,F,"1924NY1.EVN.regular.event.csv",1616
"NY1192406180","SLN",1,1,1,0,0,"",0,0,"wilsh102","?","wilsh102","?","hainj101","?","hainj101","?","gonzm101","muelh102","hornr101","freih101","coonj103","bladr102","smitj106","flacm101","frisf101","","","53.1-2","F","F",8,3,2,"T","T",0,"F","F",1,"F","F",0,"F","F",5,"G","F","F","",0,0,"N",0,"N",0,"N",0,2,0,0,"53","","","","F","F","F","F","F","F","F","F","F","hainj101","","","F","F","F","F","F","","","","",0,3,0,0,5,0,0,0,0,7,"NY1","NY1","SLN",1,"F","F",0,0,0,2,2,"T","F",1,2,"T","T","kellg101","meusi101","T","T",4,2,6,0,0,0,0,0,0,"gonzm101","","",0,0,0,0,0,0,0,0,0,0,0,0,0,"freih101","F","F","F","F",0,4,0,0,1,0,0,0,0,0,F,F,"1924NY1.EVN.regular.event.csv",1617
"NY1192406180","SLN",1,1,2,0,0,"",0,0,"kellg101","?","kellg101","?","hainj101","?","hainj101","?","gonzm101","muelh102","hornr101","freih101","coonj103","bladr102","smitj106","flacm101","","frisf101","","S7.2-H","F","F",3,4,20,"T","T",1,"F","F",0,"F","F",1,"F","F",7,"","F","F","",0,0,"N",0,"N",0,"N",1,0,4,0,"","","","","F","F","F","F","F","F","F","F","F","","hainj101","","F","F","F","F","F","","","","",0,0,0,0,0,0,0,0,0,8,"NY1","NY1","SLN",1,"F","F",0,0,0,3,3,"T","F",2,1,"T","T","meusi101","jackt101","T","T",0,0,0,4,2,6,0,0,0,"","gonzm101","",0,0,0,0,0,0,0,0,0,0,0,0,1,"bladr102","F","F","F","F",0,0,4,0,0,0,0,0,0,0,F,F,"1924NY1.EVN.regular.event.csv",1618
"NY1192406180","SLN",1,1,2,0,0,"",0,1,"meusi101","?","meusi101","?","hainj101","?","hainj101","?","gonzm101","muelh102","hornr101","freih101","coonj103","bladr102","smitj106","flacm101","kellg101","","","S7.1-2","F","F",7,5,20,"T","T",1,"F","F",0,"F","F",0,"F","F",7,"","F","F","",0,0,"N",0,"N",0,"N",1,2,0,0,"","","","","F","F","F","F","F","F","F","F","F","hainj101","","","F","F","F","F","F","","","","",0,0,0,0,0,0,0,0,0,9,"NY1","NY1","SLN",1,"F","F",1,0,1,4,4,"T","F",1,3,"T","T","jackt101","grohh101","T","T",3,4,8,0,0,0,0,0,0,"gonzm101","","",0,0,0,0,0,0,0,0,0,0,0,0,0,"bladr102","F","F","F","F",0,0,0,0,0,0,0,0,0,0,F,F,"1924NY1.EVN.regular.event.csv",1619
"NY1192406180","SLN",1,1,2,0,0,"",0,1,"jackt101","?","jackt101","?","hainj101","?","hainj101","?","gonzm101","muelh102","hornr101","freih101","coonj103","bladr102","smitj106","flacm101","meusi101","kellg101","","PB.2-3;1-2","F","F",6,6,10,"F","F",0,"F","F",0,"F","F",0,"F","T",0,"","F","F","",0,0,"N",0,"N",0,"N",0,2,3,0,"","","","","F","F","F","F","F","F","F","F","F","hainj101","hainj101","","F","F","F","F","F","","","","",0,0,0,0,0,0,0,0,0,10,"NY1","NY1","SLN",1,"F","F",1,0,1,5,5,"T","F",3,6,"T","T","grohh101","snydf101","T","T",7,5,9,3,4,8,0,0,0,"gonzm101","gonzm101","",0,0,0,0,0,0,0,0,0,0,0,0,0,"","F","F","F","F",0,0,0,0,0,0,0,0,0,0,F,F,"1924NY1.EVN.regular.event.csv",1620
"NY1192406180","SLN",1,1,2,0,0,"",0,1,"jackt101","?","jackt101","?","hainj101","?","hainj101","?","gonzm101","muelh102","hornr101","freih101","coonj103","bladr102","smitj106","flacm101","","meusi101","kellg101","K","F","F",6,6,3,"T","T",0,"F","F",1,"F","F",0,"F","F",0,"","F","F","",0,0,"N",0,"N",0,"N",0,0,2,3,"2","","","","F","F","F","F","F","F","F","F","F","","hainj101","hainj101","F","F","F","F","F","","","","",0,2,0,0,0,0,0,0,0,11,"NY1","NY1","SLN",1,"F","T",1,0,1,5,5,"F","F",6,6,"T","T","grohh101","snydf101","T","T",0,0,0,7,5,9,3,4,8,"","gonzm101","gonzm101",0,0,0,0,0,0,0,0,0,0,0,0,0,"","F","F","F","F",0,0,0,0,0,0,0,0,0,0,F,F,"1924NY1.EVN.regular.event.csv",1621
"NY1192406180","SLN",2,0,0,0,0,"",0,1,"freih101","?","freih101","?","deanw101","?","deanw101","?","snydf101","kellg101","frisf101","grohh101","jackt101","meusi101","wilsh102","younr101","","","","K/C","T","F",5,4,3,"T","T",0,"F","F",1,"F","F",0,"F","F",0,"","F","F","",0,0,"N",0,"N",0,"N",0,0,0,0,"2","","","","F","F","F","F","F","F","F","F","F","","","","F","F","F","F","F","","","","",0,2,0,0,0,0,0,0,0,12,"NY1","SLN","NY1",0,"T","F",0,1,0,3,0,"T","F",0,0,"T","T","muelh102","bladr102","T","T",0,0,0,0,0,0,0,0,0,"","","",0,0,0,0,0,0,0,0,0,0,0,0,0,"","F","F","F","F",0,0,0,0,0,0,0,0,0,0,F,F,"1924NY1.EVN.regular.event.csv",1622
"NY1192406180","SLN",2,0,1,0,0,"",0,1,"muelh102","?","muelh102","?","deanw101","?","deanw101","?","snydf101","kellg101","frisf101","grohh101","jackt101","meusi101","wilsh102","younr101","","","","13","F","F",3,5,2,"T","T",0,"F","F",1,"F","F",0,"F","F",1,"G","F","F","",0,0,"N",0,"N",0,"N",0,0,0,0,"13","","","","F","F","F","F","F","F","F","F","F","","","","F","F","F","F","F","","","","",0,3,0,0,1,0,0,0,0,13,"NY1","SLN","NY1",0,"F","F",0,1,0,4,1,"T","F",0,0,"T","T","bladr102","gonzm101","T","T",0,0,0,0,0,0,0,0,0,"","","",0,0,0,0,0,0,0,0,0,0,0,0,0,"deanw101","F","F","F","F",0,0,0,0,0,0,0,0,0,0,F,F,"1924NY1.EVN.regular.event.csv",1623
"NY1192406180","SLN",2,0,2,0,0,"",0,1,"bladr102","?","bladr102","?","deanw101","?","deanw101","?","snydf101","kellg101","frisf101","grohh101","jackt101","meusi101","wilsh102","younr101","","","","163","F","F",7,6,2,"T","T",0,"F","F",1,"F","F",0,"F","F",1,"G","F","F","",0,0,"N",0,"N",0,"N",0,0,0,0,"163","","","","F","F","F","F","F","F","F","F","F","","","","F","F","F","F","F","","","","",0,3,0,0,1,6,0,0,0,14,"NY1","SLN","NY1",0,"F","T",0,1,0,5,2,"T","F",0,0,"T","T","gonzm101","coonj103","T","T",0,0,0,0,0,0,0,0,0,"","","",0,0,0,0,0,0,0,0,0,0,0,0,0,"deanw101","F","F","F","F",0,0,0,0,0,0,0,0,0,0,F,F,"1924NY1.EVN.regular.event.csv",1624
"NY1192406180","SLN",2,1,0,0,0,"",0,1,"grohh101","?","grohh101","?","hainj101","?","hainj101","?","gonzm101","muelh102","hornr101","freih101","coonj103","bladr102","smitj106","flacm101","","","","13","T","F",5,7,2,"T","T",0,"F","F",1,"F","F",0,"F","F",1,"G","F","F","",0,0,"N",0,"N",0,"N",0,0,0,0,"13","","","","F","F","F","F","F","F","F","F","F","","","","F","F","F","F","F","","","","",0,3,0,0,1,0,0,0,0,15,"NY1","NY1","SLN",1,"T","F",1,0,0,6,0,"T","F",0,0,"T","T","snydf101","deanw101","T","T",0,0,0,0,0,0,0,0,0,"","","",0,0,0,0,0,0,0,0,0,0,0,0,0,"hainj101","F","F","F","F",0,0,0,0,0,0,0,0,0,0,F,F,"1924NY1.EVN.regular.event.csv",1625
"NY1192406180","SLN",2,1,1,0,0,"",0,1,"snydf101","?","snydf101","?","hainj101","?","hainj101","?","gonzm101","muelh102","hornr101","freih101","coonj103","bladr102","smitj106","flacm101","","","","K/C","F","F",2,8,3,"T","T",0,"F","F",1,"F","F",0,"F","F",0,"","F","F","",0,0,"N",0,"N",0,"N",0,0,0,0,"2","","","","F","F","F","F","F","F","F","F","F","","","","F","F","F","F","F","","","","",0,2,0,0,0,0,0,0,0,16,"NY1","NY1","SLN",1,"F","F",1,0,0,7,1,"T","F",0,0,"T","T","deanw101","younr101","T","T",0,0,0,0,0,0,0,0,0,"","","",0,0,0,0,0,0,0,0,0,0,0,0,0,"","F","F","F","F",0,0,0,0,0,0,0,0,0,0,F,F,"1924NY1.EVN.regular.event.csv",1626
"NY1192406180","SLN",2,1,2,0,0,"",0,1,"deanw101","?","deanw101","?","hainj101","?","hainj101","?","gonzm101","muelh102","hornr101","freih101","coonj103","bladr102","smitj106","flacm101","","","","8/F","F","F",1,9,2,"T","T",0,"F","F",1,"F","F",0,"F","F",8,"F","F","F","",0,0,"N",0,"N",0,"N",0,0,0,0,"8","","","","F","F","F","F","F","F","F","F","F","","","","F","F","F","F","F","","","","",0,8,0,0,0,0,0,0,0,17,"NY1","NY1","SLN",1,"F","T",1,0,0,8,2,"T","F",0,0,"T","T","younr101","frisf101","T","T",0,0,0,0,0,0,0,0,0,"","","",0,0,0,0,0,0,0,0,0,0,0,0,0,"smitj106","F","F","F","F",0,0,0,0,0,0,0,0,0,0,F,F,"1924NY1.EVN.regular.event.csv",1627
"NY1192406180","SLN",3,0,0,0,0,"",0,1,"gonzm101","?","gonzm101","?","deanw101","?","deanw101","?","snydf101","kellg101","frisf101","grohh101","jackt101","meusi101","wilsh102","younr101","","","","43","T","F",2,7,2,"T","T",0,"F","F",1,"F","F",0,"F","F",4,"G","F","F","",0,0,"N",0,"N",0,"N",0,0,0,0,"43","","","","F","F","F","F","F","F","F","F","F","","","","F","F","F","F","F","","","","",0,3,0,0,4,0,0,0,0,18,"NY1","SLN","NY1",0,"T","F",0,1,0,6,0,"T","F",0,0,"T","T","coonj103","hainj101","T","T",0,0,0,0,0,0,0,0,0,"","","",0,0,0,0,0,0,0,0,0,0,0,0,0,"frisf101","F","F","F","F",0,0,0,0,0,0,0,0,0,0,F,F,"1924NY1.EVN.regular.event.csv",1628
"NY1192406180","SLN",3,0,1,0,0,"",0,1,"coonj103","?","coonj103","?","deanw101","?","deanw101","?","snydf101","kellg101","frisf101","grohh101","jackt101","meusi101","wilsh102","younr101","","","","3/FL","F","F",6,8,2,"T","T",0,"F","F",1,"F","F",0,"F","F",3,"F","F","T","",0,0,"N",0,"N",0,"N",0,0,0,0,"3","","","","F","F","F","F","F","F","F","F","F","","","","F","F","F","F","F","","","","",0,3,0,0,0,0,0,0,0,19,"NY1","SLN","NY1",0,"F","F",0,1,0,7,1,"T","F",0,0,"T","T","hainj101","flacm101","T","T",0,0,0,0,0,0,0,0,0,"","","",0,0,0,0,0,0,0,0,0,0,0,0,0,"kellg101","F","F","F","F",0,0,0,0,0,0,0,0,0,0,F,F,"1924NY1.EVN.regular.event.csv",1629
"NY1192406180","SLN",3,0,2,0,0,"",0,1,"hainj101","?","hainj101","?","deanw101","?","deanw101","?","snydf101","kellg101","frisf101","grohh101","jackt101","meusi101","wilsh102","younr101","","","","K","F","F",1,9,3,"T","T",0,"F","F",1,"F","F",0,"F","F",0,"","F","F","",0,0,"N",0,"N",0,"N",0,0,0,0,"2","","","","F","F","F","F","F","F","F","F","F","","","","F","F","F","F","F","","","","",0,2,0,0,0,0,0,0,0,20,"NY1","SLN","NY1",0,"F","T",0,1,0,8,2,"T","F",0,0,"T","T","flacm101","smitj106","T","T",0,0,0,0,0,0,0,0,0,"","","",0,0,0,0,0,0,0,0,0,0,0,0,0,"","F","F","F","F",0,0,0,0,0,0,0,0,0,0,F,F,"1924NY1.EVN.regular.event.csv",1630
"NY1192406180","SLN",3,1,0,0,0,"",0,1,"younr101","?","younr101","?","hainj101","?","hainj101","?","gonzm101","muelh102","hornr101","freih101","coonj103","bladr102","smitj106","flacm101","","","","9/F","T","F",9,1,2,"T","T",0,"F","F",1,"F","F",0,"F","F",9,"F","F","F","",0,0,"N",0,"N",0,"N",0,0,0,0,"9","","","","F","F","F","F","F","F","F","F","F","","","","F","F","F","F","F","","","","",0,9,0,0,0,0,0,0,0,21,"NY1","NY1","SLN",1,"T","F",1,0,0,9,0,"T","F",0,0,"T","T","frisf101","wilsh102","T","T",0,0,0,0,0,0,0,0,0,"","","",0,0,0,0,0,0,0,0,0,0,0,0,0,"flacm101","F","F","F","F",0,0,0,0,0,0,0,0,0,0,F,F,"1924NY1.EVN.regular.event.csv",1631
"NY1192406180","SLN",3,1,1,0,0,"",0,1,"frisf101","?","frisf101","?","hainj101","?","hainj101","?","gonzm101","muelh102","hornr101","freih101","coonj103","bladr102","smitj106","flacm101","","","","1/BP","F","F",4,2,2,"T","T",0,"F","F",1,"F","F",0,"F","F",1,"P","T","F","",0,0,"N",0,"N",0,"N",0,0,0,0,"1","","","","F","F","F","F","F","F","F","F","F","","","","F","F","F","F","F","","","","",0,1,0,0,0,0,0,0,0,22,"NY1","NY1","SLN",1,"F","F",1,0,0,10,1,"T","F",0,0,"T","T","wilsh102","kellg101","T","T",0,0,0,0,0,0,0,0,0,"","","",0,0,0,0,0,0,0,0,0,0,0,0,0,"hainj101","F","F","F","F",0,0,0,0,0,0,0,0,0,0,F,F,"1924NY1.EVN.regular.event.csv",1632
"NY1192406180","SLN",3,1,2,0,0,"",0,1,"wilsh102","?","wilsh102","?","hainj101","?","hainj101","?","gonzm101","muelh102","hornr101","freih101","coonj103","bladr102","smitj106","flacm101","","","","6/P","F","F",8,3,2,"T","T",0,"F","F",1,"F","F",0,"F","F",6,"P","F","F","",0,0,"N",0,"N",0,"N",0,0,0,0,"6","","","","F","F","F","F","F","F","F","F","F","","","","F","F","F","F","F","","","","",0,6,0,0,0,0,0,0,0,23,"NY1","NY1","SLN",1,"F","T",1,0,0,11,2,"T","F",0,0,"T","T","kellg101","meusi101","T","T",0,0,0,0,0,0,0,0,0,"","","",0,0,0,0,0,0,0,0,0,0,0,0,0,"coonj103","F","F","F","F",0,0,0,0,0,0,0,0,0,0,F,F,"1924NY1.EVN.regular.event.csv",1633
"NY1192406180","SLN",4,0,0,0,0,"",0,1,"flacm101","?","flacm101","?","deanw101","?","deanw101","?","snydf101","kellg101","frisf101","grohh101","jackt101","meusi101","wilsh102","younr101","","","","43","T","F",9,1,2,"T","T",0,"F","F",1,"F","F",0,"F","F",4,"G","F","F","",0,0,"N",0,"N",0,"N",0,0,0,0,"43","","","","F","F","F","F","F","F","F","F","F","","","","F","F","F","F","F","","","","",0,3,0,0,4,0,0,0,0,24,"NY1","SLN","NY1",0,"T","F",0,1,0,9,0,"T","F",0,0,"T","T","smitj106","hornr101","T","T",0,0,0,0,0,0,0,0,0,"","","",0,0,0,0,0,0,0,0,0,0,0,0,0,"frisf101","F","F","F","F",0,0,0,0,0,0,0,0,0,0,F,F,"1924NY1.EVN.regular.event.csv",1634
"NY1192406180","SLN",4,0,1,0,0,"",0,1,"smitj106","?","smitj106","?","deanw101","?","deanw101","?","snydf101","kellg101","frisf101","grohh101","jackt101","meusi101","wilsh102","younr101","","","","43","F","F",8,2,2,"T","T",0,"F","F",1,"F","F",0,"F","F",4,"G","F","F","",0,0,"N",0,"N",0,"N",0,0,0,0,"43","","","","F","F","F","F","F","F","F","F","F","","","","F","F","F","F","F","","","","",0,3,0,0,4,0,0,0,0,25,"NY1","SLN","NY1",0,"F","F",0,1,0,10,1,"T","F",0,0,"T","T","hornr101","freih101","T","T",0,0,0,0,0,0,0,0,0,"","","",0,0,0,0,0,0,0,0,0,0,0,0,0,"frisf101","F","F","F","F",0,0,0,0,0,0,0,0,0,0,F,F,"1924NY1.EVN.regular.event.csv",1635
"NY1192406180","SLN",4,0,2,0,0,"",0,1,"hornr101","?","hornr101","?","deanw101","?","deanw101","?","snydf101","kellg101","frisf101","grohh101","jackt101","meusi101","wilsh102","younr101","","","","53","F","F",4,3,2,"T","T",0,"F","F",1,"F","F",0,"F","F",5,"G","F","F","",0,0,"N",0,"N",0,"N",0,0,0,0,"53","","","","F","F","F","F","F","F","F","F","F","","","","F","F","F","F","F","","","","",0,3,0,0,5,0,0,0,0,26,"NY1","SLN","NY1",0,"F","T",0,1,0,11,2,"T","F",0,0,"T","T","freih101","muelh102","T","T",0,0,0,0,0,0,0,0,0,"","","",0,0,0,0,0,0,0,0,0,0,0,0,0,"grohh101","F","F","F","F",0,0,0,0,0,0,0,0,0,0,F,F,"1924NY1.EVN.regular.event.csv",1636
"NY1192406180","SLN",4,1,0,0,0,"",0,1,"kellg101","?","kellg101","?","hainj101","?","hainj101","?","gonzm101","muelh102","hornr101","freih101","coonj103","bladr102","smitj106","flacm101","","","","3/FL","T","F",3,4,2,"T","T",0,"F","F",1,"F","F",0,"F","F",3,"F","F","T","",0,0,"N",0,"N",0,"N",0,0,0,0,"3","","","","F","F","F","F","F","F","F","F","F","","","","F","F","F","F","F","","","","",0,3,0,0,0,0,0,0,0,27,"NY1","NY1","SLN",1,"T","F",1,0,0,12,0,"T","F",0,0,"T","T","meusi101","jackt101","T","T",0,0,0,0,0,0,0,0,0,"","","",0,0,0,0,0,0,0,0,0,0,0,0,0,"muelh102","F","F","F","F",0,0,0,0,1,0,0,0,0,0,F,F,"1924NY1.EVN.regular.event.csv",1637
"NY1192406180","SLN",4,1,1,0,0,"",0,1,"meusi101","?","meusi101","?","hainj101","?","hainj101","?","gonzm101","muelh102","hornr101","freih101","coonj103","bladr102","smitj106","flacm101","","","","13","F","F",7,5,2,"T","T",0,"F","F",1,"F","F",0,"F","F",1,"G","F","F","",0,0,"N",0,"N",0,"N",0,0,0,0,"13","","","","F","F","F","F","F","F","F","F","F","","","","F","F","F","F","F","","","","",0,3,0,0,1,0,0,0,0,28,"NY1","NY1","SLN",1,"F","F",1,0,0,13,1,"T","F",0,0,"T","T","jackt101","grohh101","T","T",0,0,0,0,0,0,0,0,0,"","","",0,0,0,0,0,0,0,0,0,0,0,0,0,"hainj101","F","F","F","F",0,0,0,0,1,0,0,0,0,0,F,F,"1924NY1.EVN.regular.event.csv",1638
"NY1192406180","SLN",4,1,2,0,0,"",0,1,"jackt101","?","jackt101","?","hainj101","?","hainj101","?","gonzm101","muelh102","hornr101","freih101","coonj103","bladr102","smitj106","flacm101","","","","S7","F","F",6,6,20,"T","T",1,"F","F",0,"F","F",0,"F","F",7,"","F","F","",0,0,"N",0,"N",0,"N",1,0,0,0,"","","","","F","F","F","F","F","F","F","F","F","","","","F","F","F","F","F","","","","",0,0,0,0,0,0,0,0,0,29,"NY1","NY1","SLN",1,"F","F",1,0,0,14,2,"T","F",0,1,"T","T","grohh101","snydf101","T","T",0,0,0,0,0,0,0,0,0,"","","",0,0,0,0,0,0,0,0,0,0,0,0,0,"bladr102","F","F","F","F",4,0,0,0,1,0,0,0,0,0,F,F,"1924NY1.EVN.regular.event.csv",1639
"NY1192406180","SLN",4,1,2,0,0,"",0,1,"grohh101","?","grohh101","?","hainj101","?","hainj101","?","gonzm101","muelh102","hornr101","freih101","coonj103","bladr102","smitj106","flacm101","jackt101","","","W.1-2","F","F",5,7,14,"T","F",0,"F","F",0,"F","F",0,"F","F",0,"","F","F","",0,0,"N",0,"N",0,"N",1,2,0,0,"","","","","F","F","F","F","F","F","F","F","F","hainj101","","","F","F","F","F","F","","","","",0,0,0,0,0,0,0,0,0,30,"NY1","NY1","SLN",1,"F","F",1,0,0,15,3,"T","F",1,3,"T","T","snydf101","deanw101","T","T",6,6,29,0,0,0,0,0,0,"gonzm101","","",0,0,0,0,0,0,0,0,0,0,0,0,0,"","F","F","F","F",0,4,0,0,1,0,0,0,0,0,F,F,"1924NY1.EVN.regular.event.csv",1640
"NY1192406180","SLN",4,1,2,0,0,"",0,1,"snydf101","?","snydf101","?","hainj101","?","hainj101","?","gonzm101","muelh102","hornr101","freih101","coonj103","bladr102","smitj106","flacm101","grohh101","jackt101","","S8/L.2-H;1-2","F","F",2,8,20,"T","T",1,"F","F",0,"F","F",1,"F","F",8,"L","F","F","",0,0,"N",0,"N",0,"N",1,2,4,0,"","","","","F","F","F","F","F","F","F","F","F","hainj101","hainj101","","F","F","F","F","F","","","","",0,0,0,0,0,0,0,0,0,31,"NY1","NY1","SLN",1,"F","F",1,0,0,16,4,"T","F",3,3,"T","T","deanw101","younr101","T","T",5,7,30,6,6,29,0,0,0,"gonzm101","gonzm101","",0,0,0,0,0,0,0,0,0,0,0,0,1,"smitj106","F","F","F","F",0,0,4,0,0,0,0,0,0,0,F,F,"1924NY1.EVN.regular.event.csv",1641
"NY1192406180","SLN",4,1,2,0,0,"",0,2,"deanw101","?","deanw101","?","hainj101","?","hainj101","?","gonzm101","muelh102","hornr101","freih101","coonj103","bladr102","smitj106","flacm101","snydf101","grohh101","","43","F","F",1,9,2,"T","T",0,"F","F",1,"F","F",0,"F","F",4,"G","F","F","",0,0,"N",0,"N",0,"N",0,1,2,0,"43","","","","F","F","F","F","F","F","F","F","F","hainj101","hainj101","","F","F","F","F","F","","","","",0,3,0,0,4,0,0,0,0,32,"NY1","NY1","SLN",1,"F","T",2,0,1,17,5,"T","F",3,3,"T","T","younr101","frisf101","T","T",2,8,31,5,7,30,0,0,0,"gonzm101","gonzm101","",0,0,0,0,0,0,0,0,0,0,0,0,0,"hornr101","F","F","F","F",0,0,0,0,0,0,0,0,0,0,F,F,"1924NY1.EVN.regular.event.csv",1642
"NY1192406180","SLN",5,0,0,0,0,"",0,2,"freih101","?","freih101","?","deanw101","?","deanw101","?","snydf101","kellg101","frisf101","grohh101","jackt101","meusi101","wilsh102","younr101","","","","13","T","F",5,4,2,"T","T",0,"F","F",1,"F","F",0,"F","F",1,"G","F","F","",0,0,"N",0,"N",0,"N",0,0,0,0,"13","","","","F","F","F","F","F","F","F","F","F","","","","F","F","F","F","F","","","","",0,3,0,0,1,0,0,0,0,33,"NY1","SLN","NY1",0,"T","F",0,2,0,12,0,"T","F",0,0,"T","T","muelh102","bladr102","T","T",0,0,0,0,0,0,0,0,0,"","","",0,0,0,0,0,0,0,0,0,0,0,0,0,"deanw101","F","F","F","F",0,0,0,0,0,0,0,0,0,0,F,F,"1924NY1.EVN.regular.event.csv",1643
"NY1192406180","SLN",5,0,1,0,0,"",0,2,"muelh102","?","muelh102","?","deanw101","?","deanw101","?","snydf101","kellg101","frisf101","grohh101","jackt101","meusi101","wilsh102","younr101","","","","9/F","F","F",3,5,2,"T","T",0,"F","F",1,"F","F",0,"F","F",9,"F","F","F","",0,0,"N",0,"N",0,"N",0,0,0,0,"9","","","","F","F","F","F","F","F","F","F","F","","","","F","F","F","F","F","","","","",0,9,0,0,0,0,0,0,0,34,"NY1","SLN","NY1",0,"F","F",0,2,0,13,1,"T","F",0,0,"T","T","bladr102","gonzm101","T","T",0,0,0,0,0,0,0,0,0,"","","",0,0,0,0,0,0,0,0,0,0,0,0,0,"younr101","F","F","F","F",0,0,0,0,0,0,0,0,0,0,F,F,"1924NY1.EVN.regular.event.csv",1644
"NY1192406180","SLN",5,0,2,0,0,"",0,2,"bladr102","?","bladr102","?","deanw101","?","deanw101","?","snydf101","kellg101","frisf101","grohh101","jackt101","meusi101","wilsh102","younr101","","","","63","F","F",7,6,2,"T","T",0,"F","F",1,"F","F",0,"F","F",6,"G","F","F","",0,0,"N",0,"N",0,"N",0,0,0,0,"63","","","","F","F","F","F","F","F","F","F","F","","","","F","F","F","F","F","","","","",0,3,0,0,6,0,0,0,0,35,"NY1","SLN","NY1",0,"F","T",0,2,0,14,2,"T","F",0,0,"T","T","gonzm101","coonj103","T","T",0,0,0,0,0,0,0,0,0,"","","",0,0,0,0,0,0,0,0,0,0,0,0,0,"jackt101","F","F","F","F",0,0,0,0,0,0,0,0,0,0,F,F,"1924NY1.EVN.regular.event.csv",1645
"NY1192406180","SLN",5,1,0,0,0,"",0,2,"younr101","?","younr101","?","hainj101","?","hainj101","?","gonzm101","muelh102","hornr101","freih101","coonj103","bladr102","smitj106","flacm101","","","","S8","T","F",9,1,20,"T","T",1,"F","F",0,"F","F",0,"F","F",8,"","F","F","",0,0,"N",0,"N",0,"N",1,0,0,0,"","","","","F","F","F","F","F","F","F","F","F","","","","F","F","F","F","F","","","","",0,0,0,0,0,0,0,0,0,36,"NY1","NY1","SLN",1,"T","F",2,0,0,18,0,"T","F",0,1,"T","T","frisf101","wilsh102","T","T",0,0,0,0,0,0,0,0,0,"","","",0,0,0,0,0,0,0,0,0,0,0,0,0,"smitj106","F","F","F","F",0,0,0,0,0,0,0,0,0,0,F,F,"1924NY1.EVN.regular.event.csv",1646
"NY1192406180","SLN",5,1,0,0,0,"",0,2,"frisf101","?","frisf101","?","hainj101","?","hainj101","?","gonzm101","muelh102","hornr101","freih101","coonj103","bladr102","smitj106","flacm101","younr101","","","4/P","F","F",4,2,2,"T","T",0,"F","F",1,"F","F",0,"F","F",4,"P","F","F","",0,0,"N",0,"N",0,"N",0,1,0,0,"4","","","","F","F","F","F","F","F","F","F","F","hainj101","","","F","F","F","F","F","","","","",0,4,0,0,0,0,0,0,0,37,"NY1","NY1","SLN",1,"F","F",2,0,0,19,1,"T","F",1,1,"T","T","wilsh102","kellg101","T","T",9,1,36,0,0,0,0,0,0,"gonzm101","","",0,0,0,0,0,0,0,0,0,0,0,0,0,"hornr101","F","F","F","F",0,0,0,0,0,0,0,0,0,0,F,F,"1924NY1.EVN.regular.event.csv",1647
"NY1192406180","SLN",5,1,1,0,0,"",0,2,"wilsh102","?","wilsh102","?","hainj101","?","hainj101","?","gonzm101","muelh102","hornr101","freih101","coonj103","bladr102","smitj106","flacm101","younr101","","","64(1)3/GDP","F","F",8,3,2,"T","T",0,"F","F",2,"T","F",0,"F","F",6,"G","F","F","",0,0,"N",0,"N",0,"N",0,0,0,0,"43","64","","","F","F","F","F","F","F","F","F","F","hainj101","","","F","F","F","F","F","","","","",0,4,3,0,6,4,0,0,0,38,"NY1","NY1","SLN",1,"F","T",2,0,0,20,2,"T","F",1,0,"T","T","kellg101","meusi101","T","T",9,1,36,0,0,0,0,0,0,"gonzm101","","",0,0,0,0,0,0,0,0,0,0,0,0,0,"coonj103","T","F","F","F",0,0,0,0,0,0,0,0,0,0,F,F,"1924NY1.EVN.regular.event.csv",1648
"NY1192406180","SLN",6,0,0,0,0,"",0,2,"gonzm101","?","gonzm101","?","deanw101","?","deanw101","?","snydf101","kellg101","frisf101","grohh101","jackt101","meusi101","wilsh102","younr101","","","","13","T","F",2,7,2,"T","T",0,"F","F",1,"F","F",0,"F","F",1,"G","F","F","",0,0,"N",0,"N",0,"N",0,0,0,0,"13","","","","F","F","F","F","F","F","F","F","F","","","","F","F","F","F","F","","","","",0,3,0,0,1,0,0,0,0,39,"NY1","SLN","NY1",0,"T","F",0,2,0,15,0,"T","F",0,0,"T","T","coonj103","hainj101","T","T",0,0,0,0,0,0,0,0,0,"","","",0,0,0,0,0,0,0,0,0,0,0,0,0,"deanw101","F","F","F","F",0,0,0,0,0,0,0,0,0,0,F,F,"1924NY1.EVN.regular.event.csv",1649
"NY1192406180","SLN",6,0,1,0,0,"",0,2,"coonj103","?","coonj103","?","deanw101","?","deanw101","?","snydf101","kellg101","frisf101","grohh101","jackt101","meusi101","wilsh102","younr101","","","","53","F","F",6,8,2,"T","T",0,"F","F",1,"F","F",0,"F","F",5,"G","F","F","",0,0,"N",0,"N",0,"N",0,0,0,0,"53","","","","F","F","F","F","F","F","F","F","F","","","","F","F","F","F","F","","","","",0,3,0,0,5,0,0,0,0,40,"NY1","SLN","NY1",0,"F","F",0,2,0,16,1,"T","F",0,0,"T","T","hainj101","flacm101","T","T",0,0,0,0,0,0,0,0,0,"","","",0,0,0,0,0,0,0,0,0,0,0,0,0,"grohh101","F","F","F","F",0,0,0,0,0,0,0,0,0,0,F,F,"1924NY1.EVN.regular.event.csv",1650
"NY1192406180","SLN",6,0,2,0,0,"",0,2,"hainj101","?","hainj101","?","deanw101","?","deanw101","?","snydf101","kellg101","frisf101","grohh101","jackt101","meusi101","wilsh102","younr101","","","","K/C","F","F",1,9,3,"T","T",0,"F","F",1,"F","F",0,"F","F",0,"","F","F","",0,0,"N",0,"N",0,"N",0,0,0,0,"2","","","","F","F","F","F","F","F","F","F","F","","","","F","F","F","F","F","","","","",0,2,0,0,0,0,0,0,0,41,"NY1","SLN","NY1",0,"F","T",0,2,0,17,2,"T","F",0,0,"T","T","flacm101","smitj106","T","T",0,0,0,0,0,0,0,0,0,"","","",0,0,0,0,0,0,0,0,0,0,0,0,0,"","F","F","F","F",0,0,0,0,0,0,0,0,0,0,F,F,"1924NY1.EVN.regular.event.csv",1651
"NY1192406180","SLN",6,1,0,0,0,"",0,2,"kellg101","?","kellg101","?","hainj101","?","hainj101","?","gonzm101","muelh102","hornr101","freih101","coonj103","bladr102","smitj106","flacm101","","","","4/P","T","F",3,4,2,"T","T",0,"F","F",1,"F","F",0,"F","F",4,"P","F","F","",0,0,"N",0,"N",0,"N",0,0,0,0,"4","","","","F","F","F","F","F","F","F","F","F","","","","F","F","F","F","F","","","","",0,4,0,0,0,0,0,0,0,42,"NY1","NY1","SLN",1,"T","F",2,0,0,21,0,"T","F",0,0,"T","T","meusi101","jackt101","T","T",0,0,0,0,0,0,0,0,0,"","","",0,0,0,0,0,0,0,0,0,0,0,0,0,"hornr101","F","F","F","F",0,0,0,0,0,0,0,0,0,0,F,F,"1924NY1.EVN.regular.event.csv",1652
"NY1192406180","SLN",6,1,1,0,0,"",0,2,"meusi101","?","meusi101","?","hainj101","?","hainj101","?","gonzm101","muelh102","hornr101","freih101","coonj103","bladr102","smitj106","flacm101","","","","S/78","F","F",7,5,20,"T","T",1,"F","F",0,"F","F",0,"F","F",0,"","F","F","78",0,0,"N",0,"N",0,"N",1,0,0,0,"","","","","F","F","F","F","F","F","F","F","F","","","","F","F","F","F","F","","","","",0,0,0,0,0,0,0,0,0,43,"NY1","NY1","SLN",1,"F","F",2,0,0,22,1,"T","F",0,1,"T","T","jackt101","grohh101","T","T",0,0,0,0,0,0,0,0,0,"","","",0,0,0,0,0,0,0,0,0,0,0,0,0,"","F","F","F","F",0,0,0,0,0,0,0,0,0,0,F,F,"1924NY1.EVN.regular.event.csv",1653
"NY1192406180","SLN",6,1,1,0,0,"",0,2,"jackt101","?","jackt101","?","hainj101","?","hainj101","?","gonzm101","muelh102","hornr101","freih101","coonj103","bladr102","smitj106","flacm101","meusi101","","","K+CS2(24)/DP","F","F",6,6,3,"T","T",0,"F","F",2,"T","F",0,"F","F",0,"","F","F","",0,0,"N",0,"N",0,"N",0,0,0,0,"2","24","","","F","F","F","T","F","F","F","F","F","hainj101","","","F","F","F","F","F","","","","",0,2,4,0,2,0,0,0,0,44,"NY1","NY1","SLN",1,"F","T",2,0,0,23,2,"T","F",1,0,"T","T","grohh101","snydf101","T","T",7,5,43,0,0,0,0,0,0,"gonzm101","","",0,0,0,0,0,0,0,0,0,0,0,0,0,"","F","F","F","F",0,0,0,0,0,0,0,0,0,0,F,F,"1924NY1.EVN.regular.event.csv",1654
"NY1192406180","SLN",7,0,0,0,0,"",0,2,"flacm101","?","flacm101","?","deanw101","?","deanw101","?","snydf101","kellg101","frisf101","grohh101","jackt101","meusi101","wilsh102","younr101","","","","43","T","F",9,1,2,"T","T",0,"F","F",1,"F","F",0,"F","F",4,"G","F","F","",0,0,"N",0,"N",0,"N",0,0,0,0,"43","","","","F","F","F","F","F","F","F","F","F","","","","F","F","F","F","F","","","","",0,3,0,0,4,0,0,0,0,45,"NY1","SLN","NY1",0,"T","F",0,2,0,18,0,"T","F",0,0,"T","T","smitj106","hornr101","T","T",0,0,0,0,0,0,0,0,0,"","","",0,0,0,0,0,0,0,0,0,0,0,0,0,"frisf101","F","F","F","F",0,0,0,0,0,0,0,0,0,0,F,F,"1924NY1.EVN.regular.event.csv",1655
"NY1192406180","SLN",7,0,1,0,0,"",0,2,"smitj106","?","smitj106","?","deanw101","?","deanw101","?","snydf101","kellg101","frisf101","grohh101","jackt101","meusi101","wilsh102","younr101","","","","31/G3L","F","F",8,2,2,"T","T",0,"F","F",1,"F","F",0,"F","F",3,"G","F","F","3L",0,0,"N",0,"N",0,"N",0,0,0,0,"31","","","","F","F","F","F","F","F","F","F","F","","","","F","F","F","F","F","","","","",0,1,0,0,3,0,0,0,0,46,"NY1","SLN","NY1",0,"F","F",0,2,0,19,1,"T","F",0,0,"T","T","hornr101","freih101","T","T",0,0,0,0,0,0,0,0,0,"","","",0,0,0,0,0,0,0,0,0,0,0,0,0,"kellg101","F","F","F","F",0,0,0,0,0,0,0,0,0,0,F,F,"1924NY1.EVN.regular.event.csv",1656
"NY1192406180","SLN",7,0,2,0,0,"",0,2,"hornr101","?","hornr101","?","deanw101","?","deanw101","?","snydf101","kellg101","frisf101","grohh101","jackt101","meusi101","wilsh102","younr101","","","","D7","F","F",4,3,21,"T","T",2,"F","F",0,"F","F",0,"F","F",7,"","F","F","",0,0,"N",0,"N",0,"N",2,0,0,0,"","","","","F","F","F","F","F","F","F","F","F","","","","F","F","F","F","F","","","","",0,0,0,0,0,0,0,0,0,47,"NY1","SLN","NY1",0,"F","F",0,2,0,20,2,"T","F",0,2,"T","T","freih101","muelh102","T","T",0,0,0,0,0,0,0,0,0,"","","",0,0,0,0,0,0,0,0,0,0,0,0,0,"meusi101","F","F","F","F",0,0,0,0,0,0,0,0,0,0,F,F,"1924NY1.EVN.regular.event.csv",1657
"NY1192406180","SLN",7,0,2,0,0,"",0,2,"freih101","?","freih101","?","deanw101","?","deanw101","?","snydf101","kellg101","frisf101","grohh101","jackt101","meusi101","wilsh102","younr101","","hornr101","","13","F","F",5,4,2,"T","T",0,"F","F",1,"F","F",0,"F","F",1,"G","F","F","",0,0,"N",0,"N",0,"N",0,0,2,0,"13","","","","F","F","F","F","F","F","F","F","F","","deanw101","","F","F","F","F","F","","","","",0,3,0,0,1,0,0,0,0,48,"NY1","SLN","NY1",0,"F","T",0,2,0,21,3,"T","F",2,2,"T","T","muelh102","bladr102","T","T",0,0,0,4,3,47,0,0,0,"","snydf101","",0,0,0,0,0,0,0,0,0,0,0,0,0,"deanw101","F","F","F","F",0,0,0,0,0,0,0,0,0,0,F,F,"1924NY1.EVN.regular.event.csv",1658
"NY1192406180","SLN",7,1,0,0,0,"",0,2,"grohh101","?","grohh101","?","hainj101","?","hainj101","?","gonzm101","muelh102","hornr101","freih101","coonj103","bladr102","smitj106","flacm101","","","","43","T","F",5,7,2,"T","T",0,"F","F",1,"F","F",0,"F","F",4,"G","F","F","",0,0,"N",0,"N",0,"N",0,0,0,0,"43","","","","F","F","F","F","F","F","F","F","F","","","","F","F","F","F","F","","","","",0,3,0,0,4,0,0,0,0,49,"NY1","NY1","SLN",1,"T","F",2,0,0,24,0,"T","F",0,0,"T","T","snydf101","deanw101","T","T",0,0,0,0,0,0,0,0,0,"","","",0,0,0,0,0,0,0,0,0,0,0,0,0,"hornr101","F","F","F","F",0,0,0,0,1,0,0,0,0,0,F,F,"1924NY1.EVN.regular.event.csv",1659
"NY1192406180","SLN",7,1,1,0,0,"",0,2,"snydf101","?","snydf101","?","hainj101","?","hainj101","?","gonzm101","muelh102","hornr101","freih101","coonj103","bladr102","smitj106","flacm101","","","","9/F","F","F",2,8,2,"T","T",0,"F","F",1,"F","F",0,"F","F",9,"F","F","F","",0,0,"N",0,"N",0,"N",0,0,0,0,"9","","","","F","F","F","F","F","F","F","F","F","","","","F","F","F","F","F","","","","",0,9,0,0,0,0,0,0,0,50,"NY1","NY1","SLN",1,"F","F",2,0,0,25,1,"T","F",0,0,"T","T","deanw101","younr101","T","T",0,0,0,0,0,0,0,0,0,"","","",0,0,0,0,0,0,0,0,0,0,0,0,0,"flacm101","F","F","F","F",0,0,0,0,1,0,0,0,0,0,F,F,"1924NY1.EVN.regular.event.csv",1660
"NY1192406180","SLN",7,1,2,0,0,"",0,2,"deanw101","?","deanw101","?","hainj101","?","hainj101","?","gonzm101","muelh102","hornr101","freih101","coonj103","bladr102","smitj106","flacm101","","","","HR/F9D","F","F",1,9,23,"T","T",4,"F","F",0,"F","F",1,"F","F",0,"F","F","F","9D",0,0,"N",0,"N",0,"N",4,0,0,0,"","","","","F","F","F","F","F","F","F","F","F","","","","F","F","F","F","F","","","","",0,0,0,0,0,0,0,0,0,51,"NY1","NY1","SLN",1,"F","F",2,0,0,26,2,"T","F",0,0,"T","T","younr101","frisf101","T","T",0,0,0,0,0,0,0,0,0,"","","",0,0,0,0,0,0,0,0,0,0,0,0,1,"","F","F","F","F",4,0,0,0,0,0,0,0,0,0,F,F,"1924NY1.EVN.regular.event.csv",1661
"NY1192406180","SLN",7,1,2,0,0,"",0,3,"younr101","?","younr101","?","hainj101","?","hainj101","?","gonzm101","muelh102","hornr101","freih101","coonj103","bladr102","smitj106","flacm101","","","","3/G","F","F",9,1,2,"T","T",0,"F","F",1,"F","F",0,"F","F",3,"G","F","F","",0,0,"N",0,"N",0,"N",0,0,0,0,"3","","","","F","F","F","F","F","F","F","F","F","","","","F","F","F","F","F","","","","",0,3,0,0,0,0,0,0,0,52,"NY1","NY1","SLN",1,"F","T",3,0,1,27,3,"T","F",0,0,"T","T","frisf101","wilsh102","T","T",0,0,0,0,0,0,0,0,0,"","","",0,0,0,0,0,0,0,0,0,0,0,0,0,"muelh102","F","F","F","F",0,0,0,0,0,0,0,0,0,0,F,F,"1924NY1.EVN.regular.event.csv",1662
"NY1192406180","SLN",8,0,0,0,0,"",0,3,"muelh102","?","muelh102","?","deanw101","?","deanw101","?","snydf101","kellg101","frisf101","grohh101","jackt101","meusi101","wilsh102","younr101","","","","31","T","F",3,5,2,"T","T",0,"F","F",1,"F","F",0,"F","F",3,"G","F","F","",0,0,"N",0,"N",0,"N",0,0,0,0,"31","","","","F","F","F","F","F","F","F","F","F","","","","F","F","F","F","F","","","","",0,1,0,0,3,0,0,0,0,53,"NY1","SLN","NY1",0,"T","F",0,3,0,22,0,"T","F",0,0,"T","T","bladr102","gonzm101","T","T",0,0,0,0,0,0,0,0,0,"","","",0,0,0,0,0,0,0,0,0,0,0,0,0,"kellg101","F","F","F","F",0,0,0,0,0,0,0,0,0,0,F,F,"1924NY1.EVN.regular.event.csv",1663
"NY1192406180","SLN",8,0,1,0,0,"",0,3,"bladr102","?","bladr102","?","deanw101","?","deanw101","?","snydf101","kellg101","frisf101","grohh101","jackt101","meusi101","wilsh102","younr101","","","","K/C","F","F",7,6,3,"T","T",0,"F","F",1,"F","F",0,"F","F",0,"","F","F","",0,0,"N",0,"N",0,"N",0,0,0,0,"2","","","","F","F","F","F","F","F","F","F","F","","","","F","F","F","F","F","","","","",0,2,0,0,0,0,0,0,0,54,"NY1","SLN","NY1",0,"F","F",0,3,0,23,1,"T","F",0,0,"T","T","gonzm101","coonj103","T","T",0,0,0,0,0,0,0,0,0,"","","",0,0,0,0,0,0,0,0,0,0,0,0,0,"","F","F","F","F",0,0,0,0,0,0,0,0,0,0,F,F,"1924NY1.EVN.regular.event.csv",1664
"NY1192406180","SLN",8,0,2,0,0,"",0,3,"gonzm101","?","gonzm101","?","deanw101","?","deanw101","?","snydf101","kellg101","frisf101","grohh101","jackt101","meusi101","wilsh102","younr101","","","","S4/G","F","F",2,7,20,"T","T",1,"F","F",0,"F","F",0,"F","F",4,"G","F","F","",0,0,"N",0,"N",0,"N",1,0,0,0,"","","","","F","F","F","F","F","F","F","F","F","","","","F","F","F","F","F","","","","",0,0,0,0,0,0,0,0,0,55,"NY1","SLN","NY1",0,"F","F",0,3,0,24,2,"T","F",0,1,"T","T","coonj103","hainj101","T","T",0,0,0,0,0,0,0,0,0,"","","",0,0,0,0,0,0,0,0,0,0,0,0,0,"frisf101","F","F","F","F",2,0,0,0,0,0,0,0,0,0,F,F,"1924NY1.EVN.regular.event.csv",1665
"NY1192406180","SLN",8,0,2,0,0,"",0,3,"coonj103","?","coonj103","?","deanw101","?","deanw101","?","snydf101","kellg101","frisf101","grohh101","jackt101","meusi101","wilsh102","younr101","gonzm101","","","E4/G.1-2","F","F",6,8,18,"T","T",0,"F","F",0,"F","F",0,"F","F",4,"G","F","F","",1,4,"F",0,"N",0,"N",1,2,0,0,"","","","","F","F","F","F","F","F","F","F","F","deanw101","","","F","F","F","F","F","","","","",0,0,0,0,0,0,0,0,0,56,"NY1","SLN","NY1",0,"F","F",0,3,0,25,3,"T","F",1,3,"T","T","hainj101","flacm101","T","T",2,7,55,0,0,0,0,0,0,"snydf101","","",0,0,0,0,0,0,0,0,0,0,0,0,0,"frisf101","F","F","F","T",1,2,0,0,0,0,0,0,0,0,F,F,"1924NY1.EVN.regular.event.csv",1666
"NY1192406180","SLN",8,0,2,0,0,"",0,3,"topos101","?","topos101","?","deanw101","?","deanw101","?","snydf101","kellg101","frisf101","grohh101","jackt101","meusi101","wilsh102","younr101","coonj103","gonzm101","","3/G","F","T",11,9,2,"T","T",0,"F","F",1,"F","F",0,"F","F",3,"G","F","F","",0,0,"N",0,"N",0,"N",0,1,2,0,"3","","","","F","F","F","F","F","F","F","F","F","deanw101","deanw101","","F","F","F","F","F","","","","hainj101",1,3,0,0,0,0,0,0,0,57,"NY1","SLN","NY1",0,"F","T",0,3,0,26,4,"T","F",3,3,"F","F","flacm101","smitj106","T","T",6,8,56,2,7,55,0,0,0,"snydf101","snydf101","",0,0,0,0,0,0,0,0,0,0,0,0,0,"kellg101","F","F","F","F",0,1,2,0,0,0,0,0,0,0,F,F,"1924NY1.EVN.regular.event.csv",1667
"NY1192406180","SLN",8,1,0,0,0,"",0,3,"frisf101","?","frisf101","?","delaa101","?","delaa101","?","gonzm101","muelh102","hornr101","freih101","coonj103","bladr102","smitj106","flacm101","","","","W","T","F",4,2,14,"T","F",0,"F","F",0,"F","F",0,"F","F",0,"","F","F","",0,0,"N",0,"N",0,"N",1,0,0,0,"","","","","F","F","F","F","F","F","F","F","F","","","","F","F","F","F","F","","","","",0,0,0,0,0,0,0,0,0,58,"NY1","NY1","SLN",1,"T","F",3,0,0,28,0,"T","F",0,1,"T","T","wilsh102","kellg101","F","F",0,0,0,0,0,0,0,0,0,"","","",0,0,0,0,0,0,0,0,0,0,0,0,0,"","F","F","F","F",0,0,0,0,0,0,0,0,0,0,F,F,"1924NY1.EVN.regular.event.csv",1668
"NY1192406180","SLN",8,1,0,0,0,"",0,3,"wilsh102","?","wilsh102","?","delaa101","?","delaa101","?","gonzm101","muelh102","hornr101","freih101","coonj103","bladr102","smitj106","flacm101","frisf101","","","9/F9D.1-2","F","F",8,3,2,"T","T",0,"F","F",1,"F","F",0,"F","F",9,"F","F","F","9D",0,0,"N",0,"N",0,"N",0,2,0,0,"9","","","","F","F","F","F","F","F","F","F","F","delaa101","","","F","F","F","F","F","","","","",0,9,0,0,0,0,0,0,0,59,"NY1","NY1","SLN",1,"F","F",3,0,0,29,1,"T","F",1,2,"T","T","kellg101","meusi101","F","F",4,2,58,0,0,0,0,0,0,"gonzm101","","",0,0,0,0,0,0,0,0,0,0,0,0,0,"flacm101","F","F","F","F",0,0,0,0,0,0,0,0,0,0,F,F,"1924NY1.EVN.regular.event.csv",1669
"NY1192406180","SLN",8,1,1,0,0,"",0,3,"kellg101","?","kellg101","?","delaa101","?","delaa101","?","gonzm101","muelh102","hornr101","freih101","coonj103","bladr102","smitj106","flacm101","","frisf101","","W","F","F",3,4,14,"T","F",0,"F","F",0,"F","F",0,"F","F",0,"","F","F","",0,0,"N",0,"N",0,"N",1,0,2,0,"","","","","F","F","F","F","F","F","F","F","F","","delaa101","","F","F","F","F","F","","","","",0,0,0,0,0,0,0,0,0,60,"NY1","NY1","SLN",1,"F","F",3,0,0,30,2,"T","F",2,3,"T","T","meusi101","jackt101","F","F",0,0,0,4,2,58,0,0,0,"","gonzm101","",0,0,0,0,0,0,0,0,0,0,0,0,0,"","F","F","F","F",0,0,0,0,0,0,0,0,0,0,F,F,"1924NY1.EVN.regular.event.csv",1670
"NY1192406180","SLN",8,1,1,0,0,"",0,3,"meusi101","?","meusi101","?","delaa101","?","delaa101","?","gonzm101","muelh102","hornr101","freih101","coonj103","bladr102","smitj106","flacm101","kellg101","frisf101","","FC4.2-3;1X2(4E6)","F","F",7,5,19,"T","T",0,"F","F",0,"F","F",0,"F","F",4,"G","F","F","",1,6,"D",0,"N",0,"N",1,2,3,0,"","4E6","","","F","F","F","F","F","F","F","F","F","delaa101","delaa101","","F","F","F","F","F","","","","",0,0,0,0,4,0,0,0,0,61,"NY1","NY1","SLN",1,"F","F",3,0,0,31,3,"T","F",3,7,"T","T","jackt101","grohh101","F","F",3,4,60,4,2,58,0,0,0,"gonzm101","gonzm101","",0,0,0,0,0,0,0,0,0,0,0,0,0,"hornr101","F","F","F","F",0,0,0,0,0,0,0,0,0,0,F,F,"1924NY1.EVN.regular.event.csv",1671
"NY1192406180","SLN",8,1,1,0,0,"",0,3,"jackt101","?","jackt101","?","delaa101","?","delaa101","?","gonzm101","muelh102","hornr101","freih101","coonj103","bladr102","smitj106","flacm101","meusi101","kellg101","frisf101","12(3)/FO/BG.2-3;1-2","F","F",6,6,2,"T","T",0,"F","F",1,"F","F",0,"F","F",1,"G","T","F","",0,0,"N",0,"N",0,"N",1,2,3,0,"","","","12","F","F","F","F","F","F","F","F","F","delaa101","delaa101","delaa101","F","F","F","F","F","","","","",0,2,0,0,1,0,0,0,0,62,"NY1","NY1","SLN",1,"F","F",3,0,0,32,4,"T","F",7,7,"T","T","grohh101","snydf101","F","F",7,5,61,3,4,60,4,2,58,"gonzm101","gonzm101","gonzm101",0,0,0,0,0,0,0,0,0,0,0,0,0,"delaa101","F","F","T","F",0,0,0,0,0,0,0,0,0,0,F,F,"1924NY1.EVN.regular.event.csv",1672
"NY1192406180","SLN",8,1,2,0,0,"",0,3,"grohh101","?","grohh101","?","delaa101","?","delaa101","?","gonzm101","muelh102","hornr101","freih101","coonj103","bladr102","smitj106","flacm101","jackt101","meusi101","kellg101","46(1)/FO","F","F",5,7,2,"T","T",0,"F","F",1,"F","F",0,"F","F",4,"G","F","F","",0,0,"N",0,"N",0,"N",1,0,2,3,"","46","","","F","F","F","F","F","F","F","F","F","delaa101","delaa101","delaa101","F","F","F","F","F","","","","",0,6,0,0,4,0,0,0,0,63,"NY1","NY1","SLN",1,"F","T",3,0,0,33,5,"T","F",7,7,"T","T","snydf101","deanw101","F","F",6,6,62,7,5,61,3,4,60,"gonzm101","gonzm101","gonzm101",0,0,0,0,0,0,0,0,0,0,0,0,0,"hornr101","T","F","F","F",0,0,0,0,0,0,0,0,0,0,F,F,"1924NY1.EVN.regular.event.csv",1673
"NY1192406180","SLN",9,0,0,0,0,"",0,3,"flacm101","?","flacm101","?","deanw101","?","deanw101","?","snydf101","kellg101","frisf101","grohh101","jackt101","meusi101","wilsh102","younr101","","","","W","T","F",9,1,14,"T","F",0,"F","F",0,"F","F",0,"F","F",0,"","F","F","",0,0,"N",0,"N",0,"N",1,0,0,0,"","","","","F","F","F","F","F","F","F","F","F","","","","F","F","F","F","F","","","","",0,0,0,0,0,0,0,0,0,64,"NY1","SLN","NY1",0,"T","F",0,3,0,27,0,"T","F",0,1,"T","T","smitj106","hornr101","T","T",0,0,0,0,0,0,0,0,0,"","","",0,0,0,0,0,0,0,0,0,0,0,0,0,"","F","F","F","F",0,0,0,0,1,0,0,0,0,0,F,F,"1924NY1.EVN.regular.event.csv",1674
"NY1192406180","SLN",9,0,0,0,0,"",0,3,"smitj106","?","smitj106","?","deanw101","?","deanw101","?","snydf101","kellg101","frisf101","grohh101","jackt101","meusi101","wilsh102","younr101","flacm101","","","36(1)/FO","F","F",8,2,2,"T","T",0,"F","F",1,"F","F",0,"F","F",3,"G","F","F","",0,0,"N",0,"N",0,"N",1,0,0,0,"","36","","","F","F","F","F","F","F","F","F","F","deanw101","","","F","F","F","F","F","","","","",0,6,0,0,3,0,0,0,0,65,"NY1","SLN","NY1",0,"F","F",0,3,0,28,1,"T","F",1,1,"T","T","hornr101","freih101","T","T",9,1,64,0,0,0,0,0,0,"snydf101","","",0,0,0,0,0,0,0,0,0,0,0,0,0,"kellg101","T","F","F","F",4,0,0,0,1,0,0,0,0,0,F,F,"1924NY1.EVN.regular.event.csv",1675
"NY1192406180","SLN",9,0,1,0,0,"",0,3,"hornr101","?","hornr101","?","deanw101","?","deanw101","?","snydf101","kellg101","frisf101","grohh101","jackt101","meusi101","wilsh102","younr101","smitj106","","","9/L9D","F","F",4,3,2,"T","T",0,"F","F",1,"F","F",0,"F","F",9,"L","F","F","9D",0,0,"N",0,"N",0,"N",0,1,0,0,"9","","","","F","F","F","F","F","F","F","F","F","deanw101","","","F","F","F","F","F","","","","",0,9,0,0,0,0,0,0,0,66,"NY1","SLN","NY1",0,"F","F",0,3,0,29,2,"T","F",1,1,"T","T","freih101","muelh102","T","T",8,2,65,0,0,0,0,0,0,"snydf101","","",0,0,0,0,0,0,0,0,0,0,0,0,0,"younr101","F","F","F","F",0,4,0,0,1,0,0,0,0,0,F,F,"1924NY1.EVN.regular.event.csv",1676
"NY1192406180","SLN",9,0,2,0,0,"",0,3,"freih101","?","freih101","?","deanw101","?","deanw101","?","snydf101","kellg101","frisf101","grohh101","jackt101","meusi101","wilsh102","younr101","smitj106","","","W.1-2","F","F",5,4,14,"T","F",0,"F","F",0,"F","F",0,"F","F",0,"","F","F","",0,0,"N",0,"N",0,"N",1,2,0,0,"","","","","F","F","F","F","F","F","F","F","F","deanw101","","","F","F","F","F","F","","","","",0,0,0,0,0,0,0,0,0,67,"NY1","SLN","NY1",0,"F","F",0,3,0,30,3,"T","F",1,3,"T","T","muelh102","bladr102","T","T",8,2,65,0,0,0,0,0,0,"snydf101","","",0,0,0,0,0,0,0,0,0,0,0,0,0,"","F","F","F","F",3,4,0,0,1,0,0,0,0,0,F,F,"1924NY1.EVN.regular.event.csv",1677
"NY1192406180","SLN",9,0,2,0,0,"",0,3,"muelh102","?","muelh102","?","deanw101","?","deanw101","?","snydf101","kellg101","frisf101","grohh101","jackt101","meusi101","wilsh102","younr101","freih101","smitj106","","S8.2-H;1-3;B-2(TH3)","F","F",3,5,20,"T","T",1,"F","F",0,"F","F",1,"F","F",8,"","F","F","",0,0,"N",0,"N",0,"N",2,3,4,0,"","","","","F","F","F","F","F","F","F","F","F","deanw101","deanw101","","F","F","F","F","F","","","","",0,0,0,0,0,0,0,0,0,68,"NY1","SLN","NY1",0,"F","F",0,3,0,31,4,"T","F",3,6,"T","T","bladr102","gonzm101","T","T",5,4,67,8,2,65,0,0,0,"snydf101","snydf101","",0,0,0,0,0,0,0,0,0,0,0,0,1,"wilsh102","F","F","F","F",2,3,4,0,0,0,0,0,0,0,F,F,"1924NY1.EVN.regular.event.csv",1678
"NY1192406180","SLN",9,0,2,0,0,"",1,3,"bladr102","?","bladr102","?","deanw101","?","deanw101","?","snydf101","kellg101","frisf101","grohh101","jackt101","meusi101","wilsh102","younr101","","muelh102","freih101","K","F","F",7,6,3,"T","T",0,"F","F",1,"F","F",0,"F","F",0,"","F","F","",0,0,"N",0,"N",0,"N",0,0,2,3,"2","","","","F","F","F","F","F","F","F","F","F","","deanw101","deanw101","F","T","F","F","F","","","","",0,2,0,0,0,0,0,0,0,69,"NY1","SLN","NY1",0,"F","T",1,3,1,32,5,"T","F",6,6,"T","T","gonzm101","coonj103","T","T",0,0,0,3,5,68,5,4,67,"","snydf101","snydf101",0,0,0,0,0,0,0,0,0,0,0,0,0,"","F","F","F","F",0,0,2,3,0,0,0,0,0,0,F,F,"1924NY1.EVN.regular.event.csv",1679
"NY1192406260","BSN",1,0,0,0,0,"",0,0,"bancd101","?","bancd101","?","barnv101","?","barnv101","?","snydf101","kellg101","frisf101","grohh101","jackt101","meusi101","wilsh102","younr101","","","","S","T","F",6,1,20,"T","T",1,"F","F",0,"F","F",0,"F","F",0,"","F","F","",0,0,"N",0,"N",0,"N",1,0,0,0,"","","","","F","F","F","F","F","F","F","F","F","","","","T","F","F","F","F","","","","",0,0,0,0,0,0,0,0,0,1,"NY1","BSN","NY1",0,"T","F",0,0,0,0,0,"T","F",0,1,"T","T","power101","cunnb102","T","T",0,0,0,0,0,0,0,0,0,"","","",0,0,0,0,0,0,0,0,0,0,0,0,0,"","F","F","F","F",4,0,0,0,1,0,0,0,0,0,F,F,"1924NY1.EVN.regular.event.csv",1680
"NY1192406260","BSN",1,0,0,0,0,"",0,0,"power101","?","power101","?","barnv101","?","barnv101","?","snydf101","kellg101","frisf101","grohh101","jackt101","meusi101","wilsh102","younr101","bancd101","","","S9.1-3;BX2(963)","F","F",8,2,20,"T","T",1,"F","F",1,"F","F",0,"F","F",9,"","F","F","",0,0,"N",0,"N",0,"N",0,3,0,0,"963","","","","F","F","F","F","F","F","F","F","F","barnv101","","","F","F","F","F","F","","","","",0,3,0,0,9,6,0,0,0,2,"NY1","BSN","NY1",0,"F","F",0,0,0,1,1,"T","F",1,4,"T","T","cunnb102","mcins101","T","T",6,1,1,0,0,0,0,0,0,"snydf101","","",0,0,0,0,0,0,0,0,0,0,0,0,0,"younr101","F","F","F","F",0,4,0,0,1,0,0,0,0,0,F,F,"1924NY1.EVN.regular.event.csv",1681
"NY1192406260","BSN",1,0,1,0,0,"",0,0,"cunnb102","?","cunnb102","?","barnv101","?","barnv101","?","snydf101","kellg101","frisf101","grohh101","jackt101","meusi101","wilsh102","younr101","","","bancd101","S.3-H","F","F",7,3,20,"T","T",1,"F","F",0,"F","F",1,"F","F",0,"","F","F","",0,0,"N",0,"N",0,"N",1,0,0,4,"","","","","F","F","F","F","F","F","F","F","F","","","barnv101","F","F","F","F","F","","","","",0,0,0,0,0,0,0,0,0,3,"NY1","BSN","NY1",0,"F","F",0,0,0,2,2,"T","F",4,1,"T","T","mcins101","tierc101","T","T",0,0,0,0,0,0,6,1,1,"","","snydf101",0,0,0,0,0,0,0,0,0,0,0,0,1,"","F","F","F","F",0,0,0,4,0,0,0,0,0,0,F,F,"1924NY1.EVN.regular.event.csv",1682
"NY1192406260","BSN",1,0,1,0,0,"",1,0,"mcins101","?","mcins101","?","barnv101","?","barnv101","?","snydf101","kellg101","frisf101","grohh101","jackt101","meusi101","wilsh102","younr101","cunnb102","","","S8.1-2","F","F",3,4,20,"T","T",1,"F","F",0,"F","F",0,"F","F",8,"","F","F","",0,0,"N",0,"N",0,"N",1,2,0,0,"","","","","F","F","F","F","F","F","F","F","F","barnv101","","","F","F","F","F","F","","","","",0,0,0,0,0,0,0,0,0,4,"NY1","BSN","NY1",0,"F","F",1,0,1,3,3,"T","F",1,3,"T","T","tierc101","stenc101","T","T",7,3,3,0,0,0,0,0,0,"snydf101","","",0,0,0,0,0,0,0,0,0,0,0,0,0,"wilsh102","F","F","F","F",0,0,0,0,0,0,0,0,0,0,F,F,"1924NY1.EVN.regular.event.csv",1683
"NY1192406260","BSN",1,0,1,0,0,"",1,0,"tierc101","?","tierc101","?","jonnc101","?","jonnc101","?","snydf101","kellg101","frisf101","grohh101","jackt101","meusi101","wilsh102","younr101","mcins101","cunnb102","","K","F","F",4,5,3,"T","T",0,"F","F",1,"F","F",0,"F","F",0,"","F","F","",0,0,"N",0,"N",0,"N",0,1,2,0,"2","","","","F","F","F","F","F","F","F","F","F","barnv101","barnv101","","F","F","F","F","F","","","","",0,2,0,0,0,0,0,0,0,5,"NY1","BSN","NY1",0,"F","F",1,0,1,4,4,"T","F",3,3,"T","T","stenc101","padge101","F","F",3,4,4,7,3,3,0,0,0,"snydf101","snydf101","",0,0,0,0,0,0,0,0,0,0,0,0,0,"","F","F","F","F",0,0,0,0,0,0,0,0,0,0,F,F,"1924NY1.EVN.regular.event.csv",1684
"NY1192406260","BSN",1,0,2,0,0,"",1,0,"stenc101","?","stenc101","?","jonnc101","?","jonnc101","?","snydf101","kellg101","frisf101","grohh101","jackt101","meusi101","wilsh102","younr101","mcins101","cunnb102","","43","F","F",9,6,2,"T","T",0,"F","F",1,"F","F",0,"F","F",4,"G","F","F","",0,0,"N",0,"N",0,"N",0,1,2,0,"43","","","","F","F","F","F","F","F","F","F","F","barnv101","barnv101","","F","F","F","F","F","","","","",0,3,0,0,4,0,0,0,0,6,"NY1","BSN","NY1",0,"F","T",1,0,1,5,5,"T","F",3,3,"T","T","padge101","oneim102","F","F",3,4,4,7,3,3,0,0,0,"snydf101","snydf101","",0,0,0,0,0,0,0,0,0,0,0,0,0,"frisf101","F","F","F","F",0,0,0,0,0,0,0,0,0,0,F,F,"1924NY1.EVN.regular.event.csv",1685
"NY1192406260","BSN",1,1,0,0,0,"",1,0,"younr101","?","younr101","?","barnj102","?","barnj102","?","oneim102","mcins101","tierc101","padge101","bancd101","cunnb102","power101","stenc101","","","","S/G","T","F",9,1,20,"T","T",1,"F","F",0,"F","F",0,"F","F",0,"G","F","F","",0,0,"N",0,"N",0,"N",1,0,0,0,"","","","","F","F","F","F","F","F","F","F","F","","","","F","F","F","F","F","","","","",0,0,0,0,0,0,0,0,0,7,"NY1","NY1","BSN",1,"T","F",0,1,0,0,0,"T","F",0,1,"T","T","frisf101","wilsh102","T","T",0,0,0,0,0,0,0,0,0,"","","",0,0,0,0,0,0,0,0,0,0,0,0,0,"","F","F","F","F",4,0,0,0,3,0,0,0,0,0,F,F,"1924NY1.EVN.regular.event.csv",1686
"NY1192406260","BSN",1,1,0,0,0,"",1,0,"frisf101","?","frisf101","?","barnj102","?","barnj102","?","oneim102","mcins101","tierc101","padge101","bancd101","cunnb102","power101","stenc101","younr101","","","S.1-3","F","F",4,2,20,"T","T",1,"F","F",0,"F","F",0,"F","F",0,"","F","F","",0,0,"N",0,"N",0,"N",1,3,0,0,"","","","","F","F","F","F","F","F","F","F","F","barnj102","","","F","F","F","F","F","","","","",0,0,0,0,0,0,0,0,0,8,"NY1","NY1","BSN",1,"F","F",0,1,0,1,1,"T","F",1,5,"T","T","wilsh102","kellg101","T","T",9,1,7,0,0,0,0,0,0,"oneim102","","",0,0,0,0,0,0,0,0,0,0,0,0,0,"","F","F","F","F",4,4,0,0,3,0,0,0,0,0,F,F,"1924NY1.EVN.regular.event.csv",1687
"NY1192406260","BSN",1,1,0,0,0,"",1,0,"wilsh102","?","wilsh102","?","barnj102","?","barnj102","?","oneim102","mcins101","tierc101","padge101","bancd101","cunnb102","power101","stenc101","frisf101","","younr101","13.1-2","F","F",8,3,2,"T","T",0,"F","F",1,"F","F",0,"F","F",1,"G","F","F","",0,0,"N",0,"N",0,"N",0,2,0,3,"13","","","","F","F","F","F","F","F","F","F","F","barnj102","","barnj102","F","F","F","F","F","","","","",0,3,0,0,1,0,0,0,0,9,"NY1","NY1","BSN",1,"F","F",0,1,0,2,2,"T","F",5,6,"T","T","kellg101","meusi101","T","T",4,2,8,0,0,0,9,1,7,"oneim102","","oneim102",0,0,0,0,0,0,0,0,0,0,0,0,0,"barnj102","F","F","F","F",0,4,0,4,3,0,0,0,0,0,F,F,"1924NY1.EVN.regular.event.csv",1688
"NY1192406260","BSN",1,1,1,0,0,"",1,0,"kellg101","?","kellg101","?","barnj102","?","barnj102","?","oneim102","mcins101","tierc101","padge101","bancd101","cunnb102","power101","stenc101","","frisf101","younr101","IW","F","F",3,4,15,"T","F",0,"F","F",0,"F","F",0,"F","F",0,"","F","F","",0,0,"N",0,"N",0,"N",1,0,2,3,"","","","","F","F","F","F","F","F","F","F","F","","barnj102","barnj102","F","F","F","F","F","","","","",0,0,0,0,0,0,0,0,0,10,"NY1","NY1","BSN",1,"F","F",0,1,0,3,3,"T","F",6,7,"T","T","meusi101","jackt101","T","T",0,0,0,4,2,8,9,1,7,"","oneim102","oneim102",0,0,0,0,0,0,0,0,0,0,0,0,0,"","F","F","F","F",4,0,4,4,3,0,0,0,0,0,F,F,"1924NY1.EVN.regular.event.csv",1689
"NY1192406260","BSN",1,1,1,0,0,"",1,0,"meusi101","?","meusi101","?","barnj102","?","barnj102","?","oneim102","mcins101","tierc101","padge101","bancd101","cunnb102","power101","stenc101","kellg101","frisf101","younr101","8/SF.3-H;2-3","F","F",7,5,2,"T","F",0,"F","T",1,"F","F",1,"F","F",8,"F","F","F","",0,0,"N",0,"N",0,"N",0,1,3,4,"8","","","","F","F","F","F","F","F","F","F","F","barnj102","barnj102","barnj102","F","F","F","F","F","","","","",0,8,0,0,0,0,0,0,0,11,"NY1","NY1","BSN",1,"F","F",0,1,0,4,4,"T","F",7,5,"T","T","jackt101","grohh101","T","T",3,4,10,4,2,8,9,1,7,"oneim102","oneim102","oneim102",0,0,0,0,0,0,0,0,0,0,0,0,1,"power101","F","F","F","F",0,4,4,4,2,0,0,0,0,0,F,F,"1924NY1.EVN.regular.event.csv",1690
"NY1192406260","BSN",1,1,2,0,0,"",1,1,"jackt101","?","jackt101","?","barnj102","?","barnj102","?","oneim102","mcins101","tierc101","padge101","bancd101","cunnb102","power101","stenc101","kellg101","","frisf101","SBH;SB2","F","F",6,6,4,"F","F",0,"F","F",0,"F","F",0,"F","F",0,"","F","F","",0,0,"N",0,"N",0,"N",0,2,0,4,"","","","","T","F","T","F","F","F","F","F","F","barnj102","","barnj102","F","F","F","F","F","","","","",0,0,0,0,0,0,0,0,0,12,"NY1","NY1","BSN",1,"F","F",1,1,1,5,5,"T","F",5,2,"T","T","grohh101","snydf101","T","T",3,4,10,0,0,0,4,2,8,"oneim102","","oneim102",0,0,0,0,0,0,0,0,0,0,0,0,1,"","F","F","F","F",0,4,0,4,1,0,0,0,0,0,F,F,"1924NY1.EVN.regular.event.csv",1691
"NY1192406260","BSN",1,1,2,0,0,"",1,2,"jackt101","?","jackt101","?","barnj102","?","barnj102","?","oneim102","mcins101","tierc101","padge101","bancd101","cunnb102","power101","stenc101","","kellg101","","S8/L.2-H","F","F",6,6,20,"T","T",1,"F","F",0,"F","F",1,"F","F",8,"L","F","F","",0,0,"N",0,"N",0,"N",1,0,4,0,"","","","","F","F","F","F","F","F","F","F","F","","barnj102","","F","F","F","F","F","","","","",0,0,0,0,0,0,0,0,0,13,"NY1","NY1","BSN",1,"F","F",2,1,2,5,5,"F","F",2,1,"T","T","grohh101","snydf101","T","T",0,0,0,3,4,10,0,0,0,"","oneim102","",0,0,0,0,0,0,0,0,0,0,0,0,1,"power101","F","F","F","F",0,0,4,0,0,0,0,0,0,0,F,F,"1924NY1.EVN.regular.event.csv",1692
"NY1192406260","BSN",1,1,2,0,0,"",1,3,"grohh101","?","grohh101","?","barnj102","?","barnj102","?","oneim102","mcins101","tierc101","padge101","bancd101","cunnb102","power101","stenc101","jackt101","","","13","F","F",5,7,2,"T","T",0,"F","F",1,"F","F",0,"F","F",1,"G","F","F","",0,0,"N",0,"N",0,"N",0,1,0,0,"13","","","","F","F","F","F","F","F","F","F","F","barnj102","","","F","F","F","F","F","","","","",0,3,0,0,1,0,0,0,0,14,"NY1","NY1","BSN",1,"F","T",3,1,3,6,6,"T","F",1,1,"T","T","snydf101","jonnc101","T","T",6,6,13,0,0,0,0,0,0,"oneim102","","",0,0,0,0,0,0,0,0,0,0,0,0,0,"barnj102","F","F","F","F",0,0,0,0,0,0,0,0,0,0,F,F,"1924NY1.EVN.regular.event.csv",1693
"NY1192406260","BSN",2,0,0,0,0,"",1,3,"padge101","?","padge101","?","jonnc101","?","jonnc101","?","snydf101","kellg101","frisf101","grohh101","jackt101","meusi101","wilsh102","younr101","","","","3/G","T","F",5,7,2,"T","T",0,"F","F",1,"F","F",0,"F","F",3,"G","F","F","",0,0,"N",0,"N",0,"N",0,0,0,0,"3","","","","F","F","F","F","F","F","F","F","F","","","","F","F","F","F","F","","","","",0,3,0,0,0,0,0,0,0,15,"NY1","BSN","NY1",0,"T","F",1,3,0,6,0,"T","F",0,0,"T","T","oneim102","barnj102","F","F",0,0,0,0,0,0,0,0,0,"","","",0,0,0,0,0,0,0,0,0,0,0,0,0,"kellg101","F","F","F","F",0,0,0,0,0,0,0,0,0,0,F,F,"1924NY1.EVN.regular.event.csv",1694
"NY1192406260","BSN",2,0,1,0,0,"",1,3,"oneim102","?","oneim102","?","jonnc101","?","jonnc101","?","snydf101","kellg101","frisf101","grohh101","jackt101","meusi101","wilsh102","younr101","","","","43","F","F",2,8,2,"T","T",0,"F","F",1,"F","F",0,"F","F",4,"G","F","F","",0,0,"N",0,"N",0,"N",0,0,0,0,"43","","","","F","F","F","F","F","F","F","F","F","","","","F","F","F","F","F","","","","",0,3,0,0,4,0,0,0,0,16,"NY1","BSN","NY1",0,"F","F",1,3,0,7,1,"T","F",0,0,"T","T","barnj102","bancd101","F","F",0,0,0,0,0,0,0,0,0,"","","",0,0,0,0,0,0,0,0,0,0,0,0,0,"frisf101","F","F","F","F",0,0,0,0,0,0,0,0,0,0,F,F,"1924NY1.EVN.regular.event.csv",1695
"NY1192406260","BSN",2,0,2,0,0,"",1,3,"barnj102","?","barnj102","?","jonnc101","?","jonnc101","?","snydf101","kellg101","frisf101","grohh101","jackt101","meusi101","wilsh102","younr101","","","","5/FL","F","F",1,9,2,"T","T",0,"F","F",1,"F","F",0,"F","F",5,"F","F","T","",0,0,"N",0,"N",0,"N",0,0,0,0,"5","","","","F","F","F","F","F","F","F","F","F","","","","F","F","F","F","F","","","","",0,5,0,0,0,0,0,0,0,17,"NY1","BSN","NY1",0,"F","T",1,3,0,8,2,"T","F",0,0,"T","T","bancd101","power101","F","F",0,0,0,0,0,0,0,0,0,"","","",0,0,0,0,0,0,0,0,0,0,0,0,0,"grohh101","F","F","F","F",0,0,0,0,0,0,0,0,0,0,F,F,"1924NY1.EVN.regular.event.csv",1696
"NY1192406260","BSN",2,1,0,0,0,"",1,3,"snydf101","?","snydf101","?","barnj102","?","barnj102","?","oneim102","mcins101","tierc101","padge101","bancd101","cunnb102","power101","stenc101","","","","53","T","F",2,8,2,"T","T",0,"F","F",1,"F","F",0,"F","F",5,"G","F","F","",0,0,"N",0,"N",0,"N",0,0,0,0,"53","","","","F","F","F","F","F","F","F","F","F","","","","F","F","F","F","F","","","","",0,3,0,0,5,0,0,0,0,18,"NY1","NY1","BSN",1,"T","F",3,1,0,7,0,"T","F",0,0,"T","T","jonnc101","younr101","T","T",0,0,0,0,0,0,0,0,0,"","","",0,0,0,0,0,0,0,0,0,0,0,0,0,"padge101","F","F","F","F",0,0,0,0,0,0,0,0,0,0,F,F,"1924NY1.EVN.regular.event.csv",1697
"NY1192406260","BSN",2,1,1,0,0,"",1,3,"jonnc101","?","jonnc101","?","barnj102","?","barnj102","?","oneim102","mcins101","tierc101","padge101","bancd101","cunnb102","power101","stenc101","","","","K","F","F",1,9,3,"T","T",0,"F","F",1,"F","F",0,"F","F",0,"","F","F","",0,0,"N",0,"N",0,"N",0,0,0,0,"2","","","","F","F","F","F","F","F","F","F","F","","","","F","F","F","F","F","","","","",0,2,0,0,0,0,0,0,0,19,"NY1","NY1","BSN",1,"F","F",3,1,0,8,1,"T","F",0,0,"F","F","younr101","frisf101","T","T",0,0,0,0,0,0,0,0,0,"","","",0,0,0,0,0,0,0,0,0,0,0,0,0,"","F","F","F","F",0,0,0,0,0,0,0,0,0,0,F,F,"1924NY1.EVN.regular.event.csv",1698
"NY1192406260","BSN",2,1,2,0,0,"",1,3,"younr101","?","younr101","?","barnj102","?","barnj102","?","oneim102","mcins101","tierc101","padge101","bancd101","cunnb102","power101","stenc101","","","","43","F","F",9,1,2,"T","T",0,"F","F",1,"F","F",0,"F","F",4,"G","F","F","",0,0,"N",0,"N",0,"N",0,0,0,0,"43","","","","F","F","F","F","F","F","F","F","F","","","","F","F","F","F","F","","","","",0,3,0,0,4,0,0,0,0,20,"NY1","NY1","BSN",1,"F","T",3,1,0,9,2,"T","F",0,0,"T","T","frisf101","wilsh102","T","T",0,0,0,0,0,0,0,0,0,"","","",0,0,0,0,0,0,0,0,0,0,0,0,0,"tierc101","F","F","F","F",0,0,0,0,0,0,0,0,0,0,F,F,"1924NY1.EVN.regular.event.csv",1699
"NY1192406260","BSN",3,0,0,0,0,"",1,3,"bancd101","?","bancd101","?","jonnc101","?","jonnc101","?","snydf101","kellg101","frisf101","grohh101","jackt101","meusi101","wilsh102","younr101","","","","53","T","F",6,1,2,"T","T",0,"F","F",1,"F","F",0,"F","F",5,"G","F","F","",0,0,"N",0,"N",0,"N",0,0,0,0,"53","","","","F","F","F","F","F","F","F","F","F","","","","F","F","F","F","F","","","","",0,3,0,0,5,0,0,0,0,21,"NY1","BSN","NY1",0,"T","F",1,3,0,9,0,"T","F",0,0,"T","T","power101","cunnb102","F","F",0,0,0,0,0,0,0,0,0,"","","",0,0,0,0,0,0,0,0,0,0,0,0,0,"grohh101","F","F","F","F",0,0,0,0,0,0,0,0,0,0,F,F,"1924NY1.EVN.regular.event.csv",1700
"NY1192406260","BSN",3,0,1,0,0,"",1,3,"power101","?","power101","?","jonnc101","?","jonnc101","?","snydf101","kellg101","frisf101","grohh101","jackt101","meusi101","wilsh102","younr101","","","","6/P","F","F",8,2,2,"T","T",0,"F","F",1,"F","F",0,"F","F",6,"P","F","F","",0,0,"N",0,"N",0,"N",0,0,0,0,"6","","","","F","F","F","F","F","F","F","F","F","","","","F","F","F","F","F","","","","",0,6,0,0,0,0,0,0,0,22,"NY1","BSN","NY1",0,"F","F",1,3,0,10,1,"T","F",0,0,"T","T","cunnb102","mcins101","F","F",0,0,0,0,0,0,0,0,0,"","","",0,0,0,0,0,0,0,0,0,0,0,0,0,"jackt101","F","F","F","F",0,0,0,0,0,0,0,0,0,0,F,F,"1924NY1.EVN.regular.event.csv",1701
"NY1192406260","BSN",3,0,2,0,0,"",1,3,"cunnb102","?","cunnb102","?","jonnc101","?","jonnc101","?","snydf101","kellg101","frisf101","grohh101","jackt101","meusi101","wilsh102","younr101","","","","9/F","F","F",7,3,2,"T","T",0,"F","F",1,"F","F",0,"F","F",9,"F","F","F","",0,0,"N",0,"N",0,"N",0,0,0,0,"9","","","","F","F","F","F","F","F","F","F","F","","","","F","F","F","F","F","","","","",0,9,0,0,0,0,0,0,0,23,"NY1","BSN","NY1",0,"F","T",1,3,0,11,2,"T","F",0,0,"T","T","mcins101","tierc101","F","F",0,0,0,0,0,0,0,0,0,"","","",0,0,0,0,0,0,0,0,0,0,0,0,0,"younr101","F","F","F","F",0,0,0,0,0,0,0,0,0,0,F,F,"1924NY1.EVN.regular.event.csv",1702
"NY1192406260","BSN",3,1,0,0,0,"",1,3,"frisf101","?","frisf101","?","barnj102","?","barnj102","?","oneim102","mcins101","tierc101","padge101","bancd101","cunnb102","power101","stenc101","","","","7/F","T","F",4,2,2,"T","T",0,"F","F",1,"F","F",0,"F","F",7,"F","F","F","",0,0,"N",0,"N",0,"N",0,0,0,0,"7","","","","F","F","F","F","F","F","F","F","F","","","","F","F","F","F","F","","","","",0,7,0,0,0,0,0,0,0,24,"NY1","NY1","BSN",1,"T","F",3,1,0,10,0,"T","F",0,0,"T","T","wilsh102","kellg101","T","T",0,0,0,0,0,0,0,0,0,"","","",0,0,0,0,0,0,0,0,0,0,0,0,0,"cunnb102","F","F","F","F",0,0,0,0,0,0,0,0,0,0,F,F,"1924NY1.EVN.regular.event.csv",1703
"NY1192406260","BSN",3,1,1,0,0,"",1,3,"wilsh102","?","wilsh102","?","barnj102","?","barnj102","?","oneim102","mcins101","tierc101","padge101","bancd101","cunnb102","power101","stenc101","","","","S","F","F",8,3,20,"T","T",1,"F","F",0,"F","F",0,"F","F",0,"","F","F","",0,0,"N",0,"N",0,"N",1,0,0,0,"","","","","F","F","F","F","F","F","F","F","F","","","","F","F","F","F","F","","","","",0,0,0,0,0,0,0,0,0,25,"NY1","NY1","BSN",1,"F","F",3,1,0,11,1,"T","F",0,1,"T","T","kellg101","meusi101","T","T",0,0,0,0,0,0,0,0,0,"","","",0,0,0,0,0,0,0,0,0,0,0,0,0,"","F","F","F","F",0,0,0,0,0,0,0,0,0,0,F,F,"1924NY1.EVN.regular.event.csv",1704
"NY1192406260","BSN",3,1,1,0,0,"",1,3,"kellg101","?","kellg101","?","barnj102","?","barnj102","?","oneim102","mcins101","tierc101","padge101","bancd101","cunnb102","power101","stenc101","wilsh102","","","7/F","F","F",3,4,2,"T","T",0,"F","F",1,"F","F",0,"F","F",7,"F","F","F","",0,0,"N",0,"N",0,"N",0,1,0,0,"7","","","","F","F","F","F","F","F","F","F","F","barnj102","","","F","F","F","F","F","","","","",0,7,0,0,0,0,0,0,0,26,"NY1","NY1","BSN",1,"F","F",3,1,0,12,2,"T","F",1,1,"T","T","meusi101","jackt101","T","T",8,3,25,0,0,0,0,0,0,"oneim102","","",0,0,0,0,0,0,0,0,0,0,0,0,0,"cunnb102","F","F","F","F",0,0,0,0,0,0,0,0,0,0,F,F,"1924NY1.EVN.regular.event.csv",1705
"NY1192406260","BSN",3,1,2,0,0,"",1,3,"meusi101","?","meusi101","?","barnj102","?","barnj102","?","oneim102","mcins101","tierc101","padge101","bancd101","cunnb102","power101","stenc101","wilsh102","","","7/F","F","F",7,5,2,"T","T",0,"F","F",1,"F","F",0,"F","F",7,"F","F","F","",0,0,"N",0,"N",0,"N",0,1,0,0,"7","","","","F","F","F","F","F","F","F","F","F","barnj102","","","F","F","F","F","F","","","","",0,7,0,0,0,0,0,0,0,27,"NY1","NY1","BSN",1,"F","T",3,1,0,13,3,"T","F",1,1,"T","T","jackt101","grohh101","T","T",8,3,25,0,0,0,0,0,0,"oneim102","","",0,0,0,0,0,0,0,0,0,0,0,0,0,"cunnb102","F","F","F","F",0,0,0,0,0,0,0,0,0,0,F,F,"1924NY1.EVN.regular.event.csv",1706
"NY1192406260","BSN",4,0,0,0,0,"",1,3,"mcins101","?","mcins101","?","jonnc101","?","jonnc101","?","snydf101","kellg101","frisf101","grohh101","jackt101","meusi101","wilsh102","younr101","","","","S","T","F",3,4,20,"T","T",1,"F","F",0,"F","F",0,"F","F",0,"","F","F","",0,0,"N",0,"N",0,"N",1,0,0,0,"","","","","F","F","F","F","F","F","F","F","F","","","","F","F","F","F","F","","","","",0,0,0,0,0,0,0,0,0,28,"NY1","BSN","NY1",0,"T","F",1,3,0,12,0,"T","F",0,1,"T","T","tierc101","stenc101","F","F",0,0,0,0,0,0,0,0,0,"","","",0,0,0,0,0,0,0,0,0,0,0,0,0,"","F","F","F","F",0,0,0,0,0,0,0,0,0,0,F,F,"1924NY1.EVN.regular.event.csv",1707
"NY1192406260","BSN",4,0,0,0,0,"",1,3,"tierc101","?","tierc101","?","jonnc101","?","jonnc101","?","snydf101","kellg101","frisf101","grohh101","jackt101","meusi101","wilsh102","younr101","mcins101","","","64(1)/FO/G6M","F","F",4,5,2,"T","T",0,"F","F",1,"F","F",0,"F","F",6,"G","F","F","6M",0,0,"N",0,"N",0,"N",1,0,0,0,"","64","","","F","F","F","F","F","F","F","F","F","jonnc101","","","F","F","F","F","F","","","","",0,4,0,0,6,0,0,0,0,29,"NY1","BSN","NY1",0,"F","F",1,3,0,13,1,"T","F",1,1,"T","T","stenc101","padge101","F","F",3,4,28,0,0,0,0,0,0,"snydf101","","",0,0,0,0,0,0,0,0,0,0,0,0,0,"jackt101","T","F","F","F",0,0,0,0,0,0,0,0,0,0,F,F,"1924NY1.EVN.regular.event.csv",1708
"NY1192406260","BSN",4,0,1,0,0,"",1,3,"stenc101","?","stenc101","?","jonnc101","?","jonnc101","?","snydf101","kellg101","frisf101","grohh101","jackt101","meusi101","wilsh102","younr101","tierc101","","","6/P","F","F",9,6,2,"T","T",0,"F","F",1,"F","F",0,"F","F",6,"P","F","F","",0,0,"N",0,"N",0,"N",0,1,0,0,"6","","","","F","F","F","F","F","F","F","F","F","jonnc101","","","F","F","F","F","F","","","","",0,6,0,0,0,0,0,0,0,30,"NY1","BSN","NY1",0,"F","F",1,3,0,14,2,"T","F",1,1,"T","T","padge101","oneim102","F","F",4,5,29,0,0,0,0,0,0,"snydf101","","",0,0,0,0,0,0,0,0,0,0,0,0,0,"jackt101","F","F","F","F",0,0,0,0,0,0,0,0,0,0,F,F,"1924NY1.EVN.regular.event.csv",1709
"NY1192406260","BSN",4,0,2,0,0,"",1,3,"padge101","?","padge101","?","jonnc101","?","jonnc101","?","snydf101","kellg101","frisf101","grohh101","jackt101","meusi101","wilsh102","younr101","tierc101","","","13","F","F",5,7,2,"T","T",0,"F","F",1,"F","F",0,"F","F",1,"G","F","F","",0,0,"N",0,"N",0,"N",0,1,0,0,"13","","","","F","F","F","F","F","F","F","F","F","jonnc101","","","F","F","F","F","F","","","","",0,3,0,0,1,0,0,0,0,31,"NY1","BSN","NY1",0,"F","T",1,3,0,15,3,"T","F",1,1,"T","T","oneim102","barnj102","F","F",4,5,29,0,0,0,0,0,0,"snydf101","","",0,0,0,0,0,0,0,0,0,0,0,0,0,"jonnc101","F","F","F","F",0,0,0,0,0,0,0,0,0,0,F,F,"1924NY1.EVN.regular.event.csv",1710
"NY1192406260","BSN",4,1,0,0,0,"",1,3,"jackt101","?","jackt101","?","barnj102","?","barnj102","?","oneim102","mcins101","tierc101","padge101","bancd101","cunnb102","power101","stenc101","","","","D7/7D","T","F",6,6,21,"T","T",2,"F","F",0,"F","F",0,"F","F",7,"","F","F","7D",0,0,"N",0,"N",0,"N",2,0,0,0,"","","","","F","F","F","F","F","F","F","F","F","","","","F","F","F","F","F","","","","",0,0,0,0,0,0,0,0,0,32,"NY1","NY1","BSN",1,"T","F",3,1,0,14,0,"T","F",0,2,"T","T","grohh101","snydf101","T","T",0,0,0,0,0,0,0,0,0,"","","",0,0,0,0,0,0,0,0,0,0,0,0,0,"cunnb102","F","F","F","F",4,0,0,0,4,0,0,0,0,0,F,F,"1924NY1.EVN.regular.event.csv",1711
"NY1192406260","BSN",4,1,0,0,0,"",1,3,"grohh101","?","grohh101","?","barnj102","?","barnj102","?","oneim102","mcins101","tierc101","padge101","bancd101","cunnb102","power101","stenc101","","jackt101","","W","F","F",5,7,14,"T","F",0,"F","F",0,"F","F",0,"F","F",0,"","F","F","",0,0,"N",0,"N",0,"N",1,0,2,0,"","","","","F","F","F","F","F","F","F","F","F","","barnj102","","F","F","F","F","F","","","","",0,0,0,0,0,0,0,0,0,33,"NY1","NY1","BSN",1,"F","F",3,1,0,15,1,"T","F",2,3,"T","T","snydf101","jonnc101","T","T",0,0,0,6,6,32,0,0,0,"","oneim102","",0,0,0,0,0,0,0,0,0,0,0,0,0,"","F","F","F","F",0,0,4,0,4,0,0,0,0,0,F,F,"1924NY1.EVN.regular.event.csv",1712
"NY1192406260","BSN",4,1,0,0,0,"",1,3,"snydf101","?","snydf101","?","barnj102","?","barnj102","?","oneim102","mcins101","tierc101","padge101","bancd101","cunnb102","power101","stenc101","grohh101","jackt101","","S.2-H;1-2","F","F",2,8,20,"T","T",1,"F","F",0,"F","F",1,"F","F",0,"","F","F","",0,0,"N",0,"N",0,"N",1,2,4,0,"","","","","F","F","F","F","F","F","F","F","F","barnj102","barnj102","","F","F","F","F","F","","","","",0,0,0,0,0,0,0,0,0,34,"NY1","NY1","BSN",1,"F","F",3,1,0,16,2,"T","F",3,3,"T","T","jonnc101","younr101","T","T",5,7,33,6,6,32,0,0,0,"oneim102","oneim102","",0,0,0,0,0,0,0,0,0,0,0,0,1,"","F","F","F","F",4,0,4,0,3,0,0,0,0,0,F,F,"1924NY1.EVN.regular.event.csv",1713
"NY1192406260","BSN",4,1,0,0,0,"",1,4,"jonnc101","?","jonnc101","?","barnj102","?","barnj102","?","oneim102","mcins101","tierc101","padge101","bancd101","cunnb102","power101","stenc101","snydf101","grohh101","","15(2)/FO.1-2","F","F",1,9,2,"T","T",0,"F","F",1,"F","F",0,"F","F",1,"G","F","F","",0,0,"N",0,"N",0,"N",1,2,0,0,"","","15","","F","F","F","F","F","F","F","F","F","barnj102","barnj102","","F","F","F","F","F","","","","",0,5,0,0,1,0,0,0,0,35,"NY1","NY1","BSN",1,"F","F",4,1,1,17,3,"T","F",3,3,"F","F","younr101","frisf101","T","T",2,8,34,5,7,33,0,0,0,"oneim102","oneim102","",0,0,0,0,0,0,0,0,0,0,0,0,0,"barnj102","F","T","F","F",0,4,0,0,3,0,0,0,0,0,F,F,"1924NY1.EVN.regular.event.csv",1714
"NY1192406260","BSN",4,1,1,0,0,"",1,4,"younr101","?","younr101","?","barnj102","?","barnj102","?","oneim102","mcins101","tierc101","padge101","bancd101","cunnb102","power101","stenc101","jonnc101","snydf101","","46(1)/FO.2-3","F","F",9,1,2,"T","T",0,"F","F",1,"F","F",0,"F","F",4,"G","F","F","",0,0,"N",0,"N",0,"N",1,0,3,0,"","46","","","F","F","F","F","F","F","F","F","F","barnj102","barnj102","","F","F","F","F","F","","","","",0,6,0,0,4,0,0,0,0,36,"NY1","NY1","BSN",1,"F","F",4,1,1,18,4,"T","F",3,5,"T","T","frisf101","wilsh102","T","T",1,9,35,2,8,34,0,0,0,"oneim102","oneim102","",0,0,0,0,0,0,0,0,0,0,0,0,0,"tierc101","T","F","F","F",4,0,4,0,3,0,0,0,0,0,F,F,"1924NY1.EVN.regular.event.csv",1715
"NY1192406260","BSN",4,1,2,0,0,"",1,4,"frisf101","?","frisf101","?","barnj102","?","barnj102","?","oneim102","mcins101","tierc101","padge101","bancd101","cunnb102","power101","stenc101","younr101","","snydf101","S/89S.3-H;1-3","F","F",4,2,20,"T","T",1,"F","F",0,"F","F",1,"F","F",0,"","F","F","89S",0,0,"N",0,"N",0,"N",1,3,0,4,"","","","","F","F","F","F","F","F","F","F","F","barnj102","","barnj102","F","F","F","F","F","","","","",0,0,0,0,0,0,0,0,0,37,"NY1","NY1","BSN",1,"F","F",4,1,1,19,5,"T","F",5,5,"T","T","wilsh102","kellg101","T","T",9,1,36,0,0,0,2,8,34,"oneim102","","oneim102",0,0,0,0,0,0,0,0,0,0,0,0,1,"","F","F","F","F",4,4,0,4,2,0,0,0,0,0,F,F,"1924NY1.EVN.regular.event.csv",1716
"NY1192406260","BSN",4,1,2,0,0,"",1,5,"wilsh102","?","wilsh102","?","barnj102","?","barnj102","?","oneim102","mcins101","tierc101","padge101","bancd101","cunnb102","power101","stenc101","frisf101","","younr101","D7.3-H;1-H","F","F",8,3,21,"T","T",2,"F","F",0,"F","F",2,"F","F",7,"","F","F","",0,0,"N",0,"N",0,"N",2,4,0,4,"","","","","F","F","F","F","F","F","F","F","F","barnj102","","barnj102","F","F","F","F","F","","","","",0,0,0,0,0,0,0,0,0,38,"NY1","NY1","BSN",1,"F","F",5,1,2,20,6,"T","F",5,2,"T","T","kellg101","meusi101","T","T",4,2,37,0,0,0,9,1,36,"oneim102","","oneim102",0,0,0,0,0,0,0,0,0,0,0,0,2,"cunnb102","F","F","F","F",0,4,0,4,0,0,0,0,0,0,F,F,"1924NY1.EVN.regular.event.csv",1717
"NY1192406260","BSN",4,1,2,0,0,"",1,7,"kellg101","?","kellg101","?","yeara101","?","yeara101","?","oneim102","mcins101","tierc101","padge101","bancd101","cunnb102","power101","stenc101","","wilsh102","","53","F","F",3,4,2,"T","T",0,"F","F",1,"F","F",0,"F","F",5,"G","F","F","",0,0,"N",0,"N",0,"N",0,0,2,0,"53","","","","F","F","F","F","F","F","F","F","F","","barnj102","","F","F","F","F","F","","","","",0,3,0,0,5,0,0,0,0,39,"NY1","NY1","BSN",1,"F","T",7,1,4,21,7,"T","F",2,2,"T","T","meusi101","jackt101","F","F",0,0,0,8,3,38,0,0,0,"","oneim102","",0,0,0,0,0,0,0,0,0,0,0,0,0,"padge101","F","F","F","F",0,0,0,0,0,0,0,0,0,0,F,F,"1924NY1.EVN.regular.event.csv",1718
"NY1192406260","BSN",5,0,0,0,0,"",1,7,"oneim102","?","oneim102","?","jonnc101","?","jonnc101","?","snydf101","kellg101","frisf101","grohh101","jackt101","meusi101","wilsh102","younr101","","","","K/C","T","F",2,8,3,"T","T",0,"F","F",1,"F","F",0,"F","F",0,"","F","F","",0,0,"N",0,"N",0,"N",0,0,0,0,"2","","","","F","F","F","F","F","F","F","F","F","","","","F","F","F","F","F","","","","",0,2,0,0,0,0,0,0,0,40,"NY1","BSN","NY1",0,"T","F",1,7,0,16,0,"T","F",0,0,"T","T","yeara101","bancd101","F","F",0,0,0,0,0,0,0,0,0,"","","",0,0,0,0,0,0,0,0,0,0,0,0,0,"","F","F","F","F",0,0,0,0,0,0,0,0,0,0,F,F,"1924NY1.EVN.regular.event.csv",1719
"NY1192406260","BSN",5,0,1,0,0,"",1,7,"yeara101","?","yeara101","?","jonnc101","?","jonnc101","?","snydf101","kellg101","frisf101","grohh101","jackt101","meusi101","wilsh102","younr101","","","","K","F","F",1,9,3,"T","T",0,"F","F",1,"F","F",0,"F","F",0,"","F","F","",0,0,"N",0,"N",0,"N",0,0,0,0,"2","","","","F","F","F","F","F","F","F","F","F","","","","F","F","F","F","F","","","","",0,2,0,0,0,0,0,0,0,41,"NY1","BSN","NY1",0,"F","F",1,7,0,17,1,"T","F",0,0,"F","F","bancd101","power101","F","F",0,0,0,0,0,0,0,0,0,"","","",0,0,0,0,0,0,0,0,0,0,0,0,0,"","F","F","F","F",0,0,0,0,0,0,0,0,0,0,F,F,"1924NY1.EVN.regular.event.csv",1720
"NY1192406260","BSN",5,0,2,0,0,"",1,7,"bancd101","?","bancd101","?","jonnc101","?","jonnc101","?","snydf101","kellg101","frisf101","grohh101","jackt101","meusi101","wilsh102","younr101","","","","8/F","F","F",6,1,2,"T","T",0,"F","F",1,"F","F",0,"F","F",8,"F","F","F","",0,0,"N",0,"N",0,"N",0,0,0,0,"8","","","","F","F","F","F","F","F","F","F","F","","","","F","F","F","F","F","","","","",0,8,0,0,0,0,0,0,0,42,"NY1","BSN","NY1",0,"F","T",1,7,0,18,2,"T","F",0,0,"T","T","power101","cunnb102","F","F",0,0,0,0,0,0,0,0,0,"","","",0,0,0,0,0,0,0,0,0,0,0,0,0,"wilsh102","F","F","F","F",0,0,0,0,0,0,0,0,0,0,F,F,"1924NY1.EVN.regular.event.csv",1721
"NY1192406260","BSN",5,1,0,0,0,"",1,7,"meusi101","?","meusi101","?","yeara101","?","yeara101","?","oneim102","mcins101","tierc101","padge101","bancd101","cunnb102","power101","stenc101","","","","9/L","T","F",7,5,2,"T","T",0,"F","F",1,"F","F",0,"F","F",9,"L","F","F","",0,0,"N",0,"N",0,"N",0,0,0,0,"9","","","","F","F","F","F","F","F","F","F","F","","","","F","F","F","F","F","","","","",0,9,0,0,0,0,0,0,0,43,"NY1","NY1","BSN",1,"T","F",7,1,0,22,0,"T","F",0,0,"T","T","jackt101","grohh101","F","F",0,0,0,0,0,0,0,0,0,"","","",0,0,0,0,0,0,0,0,0,0,0,0,0,"stenc101","F","F","F","F",0,0,0,0,0,0,0,0,0,0,F,F,"1924NY1.EVN.regular.event.csv",1722
"NY1192406260","BSN",5,1,1,0,0,"",1,7,"jackt101","?","jackt101","?","yeara101","?","yeara101","?","oneim102","mcins101","tierc101","padge101","bancd101","cunnb102","power101","stenc101","","","","7/F","F","F",6,6,2,"T","T",0,"F","F",1,"F","F",0,"F","F",7,"F","F","F","",0,0,"N",0,"N",0,"N",0,0,0,0,"7","","","","F","F","F","F","F","F","F","F","F","","","","F","F","F","F","F","","","","",0,7,0,0,0,0,0,0,0,44,"NY1","NY1","BSN",1,"F","F",7,1,0,23,1,"T","F",0,0,"T","T","grohh101","snydf101","F","F",0,0,0,0,0,0,0,0,0,"","","",0,0,0,0,0,0,0,0,0,0,0,0,0,"cunnb102","F","F","F","F",0,0,0,0,0,0,0,0,0,0,F,F,"1924NY1.EVN.regular.event.csv",1723
"NY1192406260","BSN",5,1,2,0,0,"",1,7,"grohh101","?","grohh101","?","yeara101","?","yeara101","?","oneim102","mcins101","tierc101","padge101","bancd101","cunnb102","power101","stenc101","","","","6/L","F","F",5,7,2,"T","T",0,"F","F",1,"F","F",0,"F","F",6,"L","F","F","",0,0,"N",0,"N",0,"N",0,0,0,0,"6","","","","F","F","F","F","F","F","F","F","F","","","","F","F","F","F","F","","","","",0,6,0,0,0,0,0,0,0,45,"NY1","NY1","BSN",1,"F","T",7,1,0,24,2,"T","F",0,0,"T","T","snydf101","jonnc101","F","F",0,0,0,0,0,0,0,0,0,"","","",0,0,0,0,0,0,0,0,0,0,0,0,0,"bancd101","F","F","F","F",0,0,0,0,0,0,0,0,0,0,F,F,"1924NY1.EVN.regular.event.csv",1724
"NY1192406260","BSN",6,0,0,0,0,"",1,7,"power101","?","power101","?","jonnc101","?","jonnc101","?","snydf101","kellg101","frisf101","grohh101","jackt101","meusi101","wilsh102","younr101","","","","63","T","F",8,2,2,"T","T",0,"F","F",1,"F","F",0,"F","F",6,"G","F","F","",0,0,"N",0,"N",0,"N",0,0,0,0,"63","","","","F","F","F","F","F","F","F","F","F","","","","F","F","F","F","F","","","","",0,3,0,0,6,0,0,0,0,46,"NY1","BSN","NY1",0,"T","F",1,7,0,19,0,"T","F",0,0,"T","T","cunnb102","mcins101","F","F",0,0,0,0,0,0,0,0,0,"","","",0,0,0,0,0,0,0,0,0,0,0,0,0,"jackt101","F","F","F","F",0,0,0,0,0,0,0,0,0,0,F,F,"1924NY1.EVN.regular.event.csv",1725
"NY1192406260","BSN",6,0,1,0,0,"",1,7,"cunnb102","?","cunnb102","?","jonnc101","?","jonnc101","?","snydf101","kellg101","frisf101","grohh101","jackt101","meusi101","wilsh102","younr101","","","","2/FL","F","F",7,3,2,"T","T",0,"F","F",1,"F","F",0,"F","F",2,"F","F","T","",0,0,"N",0,"N",0,"N",0,0,0,0,"2","","","","F","F","F","F","F","F","F","F","F","","","","F","F","F","F","F","","","","",0,2,0,0,0,0,0,0,0,47,"NY1","BSN","NY1",0,"F","F",1,7,0,20,1,"T","F",0,0,"T","T","mcins101","tierc101","F","F",0,0,0,0,0,0,0,0,0,"","","",0,0,0,0,0,0,0,0,0,0,0,0,0,"snydf101","F","F","F","F",0,0,0,0,0,0,0,0,0,0,F,F,"1924NY1.EVN.regular.event.csv",1726
"NY1192406260","BSN",6,0,2,0,0,"",1,7,"mcins101","?","mcins101","?","jonnc101","?","jonnc101","?","snydf101","kellg101","frisf101","grohh101","jackt101","meusi101","wilsh102","younr101","","","","5/FL","F","F",3,4,2,"T","T",0,"F","F",1,"F","F",0,"F","F",5,"F","F","T","",0,0,"N",0,"N",0,"N",0,0,0,0,"5","","","","F","F","F","F","F","F","F","F","F","","","","F","F","F","F","F","","","","",0,5,0,0,0,0,0,0,0,48,"NY1","BSN","NY1",0,"F","T",1,7,0,21,2,"T","F",0,0,"T","T","tierc101","stenc101","F","F",0,0,0,0,0,0,0,0,0,"","","",0,0,0,0,0,0,0,0,0,0,0,0,0,"grohh101","F","F","F","F",0,0,0,0,0,0,0,0,0,0,F,F,"1924NY1.EVN.regular.event.csv",1727
"NY1192406260","BSN",6,1,0,0,0,"",1,7,"snydf101","?","snydf101","?","yeara101","?","yeara101","?","oneim102","mcins101","tierc101","padge101","bancd101","cunnb102","power101","stenc101","","","","K/C","T","F",2,8,3,"T","T",0,"F","F",1,"F","F",0,"F","F",0,"","F","F","",0,0,"N",0,"N",0,"N",0,0,0,0,"2","","","","F","F","F","F","F","F","F","F","F","","","","F","F","F","F","F","","","","",0,2,0,0,0,0,0,0,0,49,"NY1","NY1","BSN",1,"T","F",7,1,0,25,0,"T","F",0,0,"T","T","jonnc101","younr101","F","F",0,0,0,0,0,0,0,0,0,"","","",0,0,0,0,0,0,0,0,0,0,0,0,0,"","F","F","F","F",0,0,0,0,1,0,0,0,0,0,F,F,"1924NY1.EVN.regular.event.csv",1728
"NY1192406260","BSN",6,1,1,0,0,"",1,7,"jonnc101","?","jonnc101","?","yeara101","?","yeara101","?","oneim102","mcins101","tierc101","padge101","bancd101","cunnb102","power101","stenc101","","","","K/C","F","F",1,9,3,"T","T",0,"F","F",1,"F","F",0,"F","F",0,"","F","F","",0,0,"N",0,"N",0,"N",0,0,0,0,"2","","","","F","F","F","F","F","F","F","F","F","","","","F","F","F","F","F","","","","",0,2,0,0,0,0,0,0,0,50,"NY1","NY1","BSN",1,"F","F",7,1,0,26,1,"T","F",0,0,"F","F","younr101","frisf101","F","F",0,0,0,0,0,0,0,0,0,"","","",0,0,0,0,0,0,0,0,0,0,0,0,0,"","F","F","F","F",0,0,0,0,1,0,0,0,0,0,F,F,"1924NY1.EVN.regular.event.csv",1729
"NY1192406260","BSN",6,1,2,0,0,"",1,7,"younr101","?","younr101","?","yeara101","?","yeara101","?","oneim102","mcins101","tierc101","padge101","bancd101","cunnb102","power101","stenc101","","","","HR/F9D","F","F",9,1,23,"T","T",4,"F","F",0,"F","F",1,"F","F",0,"F","F","F","9D",0,0,"N",0,"N",0,"N",4,0,0,0,"","","","","F","F","F","F","F","F","F","F","F","","","","F","F","F","F","F","","","","",0,0,0,0,0,0,0,0,0,51,"NY1","NY1","BSN",1,"F","F",7,1,0,27,2,"T","F",0,0,"T","T","frisf101","wilsh102","F","F",0,0,0,0,0,0,0,0,0,"","","",0,0,0,0,0,0,0,0,0,0,0,0,1,"","F","F","F","F",4,0,0,0,0,0,0,0,0,0,F,F,"1924NY1.EVN.regular.event.csv",1730
"NY1192406260","BSN",6,1,2,0,0,"",1,8,"frisf101","?","frisf101","?","yeara101","?","yeara101","?","oneim102","mcins101","tierc101","padge101","bancd101","cunnb102","power101","stenc101","","","","W","F","F",4,2,14,"T","F",0,"F","F",0,"F","F",0,"F","F",0,"","F","F","",0,0,"N",0,"N",0,"N",1,0,0,0,"","","","","F","F","F","F","F","F","F","F","F","","","","F","F","F","F","F","","","","",0,0,0,0,0,0,0,0,0,52,"NY1","NY1","BSN",1,"F","F",8,1,1,28,3,"T","F",0,1,"T","T","wilsh102","kellg101","F","F",0,0,0,0,0,0,0,0,0,"","","",0,0,0,0,0,0,0,0,0,0,0,0,0,"","F","F","F","F",0,0,0,0,0,0,0,0,0,0,F,F,"1924NY1.EVN.regular.event.csv",1731
"NY1192406260","BSN",6,1,2,0,0,"",1,8,"wilsh102","?","wilsh102","?","yeara101","?","yeara101","?","oneim102","mcins101","tierc101","padge101","bancd101","cunnb102","power101","stenc101","frisf101","","","43","F","F",8,3,2,"T","T",0,"F","F",1,"F","F",0,"F","F",4,"G","F","F","",0,0,"N",0,"N",0,"N",0,1,0,0,"43","","","","F","F","F","F","F","F","F","F","F","yeara101","","","F","F","F","F","F","","","","",0,3,0,0,4,0,0,0,0,53,"NY1","NY1","BSN",1,"F","T",8,1,1,29,4,"T","F",1,1,"T","T","kellg101","meusi101","F","F",4,2,52,0,0,0,0,0,0,"oneim102","","",0,0,0,0,0,0,0,0,0,0,0,0,0,"tierc101","F","F","F","F",0,0,0,0,0,0,0,0,0,0,F,F,"1924NY1.EVN.regular.event.csv",1732
"NY1192406260","BSN",7,0,0,0,0,"",1,8,"tierc101","?","tierc101","?","jonnc101","?","jonnc101","?","snydf101","kellg101","frisf101","grohh101","jackt101","meusi101","wilsh102","younr101","","","","13","T","F",4,5,2,"T","T",0,"F","F",1,"F","F",0,"F","F",1,"G","F","F","",0,0,"N",0,"N",0,"N",0,0,0,0,"13","","","","F","F","F","F","F","F","F","F","F","","","","F","F","F","F","F","","","","",0,3,0,0,1,0,0,0,0,54,"NY1","BSN","NY1",0,"T","F",1,8,0,22,0,"T","F",0,0,"T","T","stenc101","padge101","F","F",0,0,0,0,0,0,0,0,0,"","","",0,0,0,0,0,0,0,0,0,0,0,0,0,"jonnc101","F","F","F","F",0,0,0,0,0,0,0,0,0,0,F,F,"1924NY1.EVN.regular.event.csv",1733
"NY1192406260","BSN",7,0,1,0,0,"",1,8,"stenc101","?","stenc101","?","jonnc101","?","jonnc101","?","snydf101","kellg101","frisf101","grohh101","jackt101","meusi101","wilsh102","younr101","","","","7/F","F","F",9,6,2,"T","T",0,"F","F",1,"F","F",0,"F","F",7,"F","F","F","",0,0,"N",0,"N",0,"N",0,0,0,0,"7","","","","F","F","F","F","F","F","F","F","F","","","","F","F","F","F","F","","","","",0,7,0,0,0,0,0,0,0,55,"NY1","BSN","NY1",0,"F","F",1,8,0,23,1,"T","F",0,0,"T","T","padge101","oneim102","F","F",0,0,0,0,0,0,0,0,0,"","","",0,0,0,0,0,0,0,0,0,0,0,0,0,"meusi101","F","F","F","F",0,0,0,0,0,0,0,0,0,0,F,F,"1924NY1.EVN.regular.event.csv",1734
"NY1192406260","BSN",7,0,2,0,0,"",1,8,"padge101","?","padge101","?","jonnc101","?","jonnc101","?","snydf101","kellg101","frisf101","grohh101","jackt101","meusi101","wilsh102","younr101","","","","K/C","F","F",5,7,3,"T","T",0,"F","F",1,"F","F",0,"F","F",0,"","F","F","",0,0,"N",0,"N",0,"N",0,0,0,0,"2","","","","F","F","F","F","F","F","F","F","F","","","","F","F","F","F","F","","","","",0,2,0,0,0,0,0,0,0,56,"NY1","BSN","NY1",0,"F","T",1,8,0,24,2,"T","F",0,0,"T","T","oneim102","yeara101","F","F",0,0,0,0,0,0,0,0,0,"","","",0,0,0,0,0,0,0,0,0,0,0,0,0,"","F","F","F","F",0,0,0,0,0,0,0,0,0,0,F,F,"1924NY1.EVN.regular.event.csv",1735
"NY1192406260","BSN",7,1,0,0,0,"",1,8,"kellg101","?","kellg101","?","yeara101","?","yeara101","?","oneim102","mcins101","tierc101","padge101","bancd101","cunnb102","power101","stenc101","","","","D7","T","F",3,4,21,"T","T",2,"F","F",0,"F","F",0,"F","F",7,"","F","F","",0,0,"N",0,"N",0,"N",2,0,0,0,"","","","","F","F","F","F","F","F","F","F","F","","","","F","F","F","F","F","","","","",0,0,0,0,0,0,0,0,0,57,"NY1","NY1","BSN",1,"T","F",8,1,0,30,0,"T","F",0,2,"T","T","meusi101","jackt101","F","F",0,0,0,0,0,0,0,0,0,"","","",0,0,0,0,0,0,0,0,0,0,0,0,0,"cunnb102","F","F","F","F",0,0,0,0,0,0,0,0,0,0,F,F,"1924NY1.EVN.regular.event.csv",1736
"NY1192406260","BSN",7,1,0,0,0,"",1,8,"meusi101","?","meusi101","?","yeara101","?","yeara101","?","oneim102","mcins101","tierc101","padge101","bancd101","cunnb102","power101","stenc101","","kellg101","","7/F","F","F",7,5,2,"T","T",0,"F","F",1,"F","F",0,"F","F",7,"F","F","F","",0,0,"N",0,"N",0,"N",0,0,2,0,"7","","","","F","F","F","F","F","F","F","F","F","","yeara101","","F","F","F","F","F","","","","",0,7,0,0,0,0,0,0,0,58,"NY1","NY1","BSN",1,"F","F",8,1,0,31,1,"T","F",2,2,"T","T","jackt101","grohh101","F","F",0,0,0,3,4,57,0,0,0,"","oneim102","",0,0,0,0,0,0,0,0,0,0,0,0,0,"cunnb102","F","F","F","F",0,0,0,0,0,0,0,0,0,0,F,F,"1924NY1.EVN.regular.event.csv",1737
"NY1192406260","BSN",7,1,1,0,0,"",1,8,"jackt101","?","jackt101","?","yeara101","?","yeara101","?","oneim102","mcins101","tierc101","padge101","bancd101","cunnb102","power101","stenc101","","kellg101","","8/L","F","F",6,6,2,"T","T",0,"F","F",1,"F","F",0,"F","F",8,"L","F","F","",0,0,"N",0,"N",0,"N",0,0,2,0,"8","","","","F","F","F","F","F","F","F","F","F","","yeara101","","F","F","F","F","F","","","","",0,8,0,0,0,0,0,0,0,59,"NY1","NY1","BSN",1,"F","F",8,1,0,32,2,"T","F",2,2,"T","T","grohh101","snydf101","F","F",0,0,0,3,4,57,0,0,0,"","oneim102","",0,0,0,0,0,0,0,0,0,0,0,0,0,"power101","F","F","F","F",0,0,0,0,0,0,0,0,0,0,F,F,"1924NY1.EVN.regular.event.csv",1738
"NY1192406260","BSN",7,1,2,0,0,"",1,8,"grohh101","?","grohh101","?","yeara101","?","yeara101","?","oneim102","mcins101","tierc101","padge101","bancd101","cunnb102","power101","stenc101","","kellg101","","63","F","F",5,7,2,"T","T",0,"F","F",1,"F","F",0,"F","F",6,"G","F","F","",0,0,"N",0,"N",0,"N",0,0,2,0,"63","","","","F","F","F","F","F","F","F","F","F","","yeara101","","F","F","F","F","F","","","","",0,3,0,0,6,0,0,0,0,60,"NY1","NY1","BSN",1,"F","T",8,1,0,33,3,"T","F",2,2,"T","T","snydf101","jonnc101","F","F",0,0,0,3,4,57,0,0,0,"","oneim102","",0,0,0,0,0,0,0,0,0,0,0,0,0,"bancd101","F","F","F","F",0,0,0,0,0,0,0,0,0,0,F,F,"1924NY1.EVN.regular.event.csv",1739
"NY1192406260","BSN",8,0,0,0,0,"",1,8,"oneim102","?","oneim102","?","jonnc101","?","jonnc101","?","snydf101","kellg101","frisf101","grohh101","jackt101","meusi101","wilsh102","younr101","","","","3/FL","T","F",2,8,2,"T","T",0,"F","F",1,"F","F",0,"F","F",3,"F","F","T","",0,0,"N",0,"N",0,"N",0,0,0,0,"3","","","","F","F","F","F","F","F","F","F","F","","","","F","F","F","F","F","","","","",0,3,0,0,0,0,0,0,0,61,"NY1","BSN","NY1",0,"T","F",1,8,0,25,0,"T","F",0,0,"T","T","yeara101","bancd101","F","F",0,0,0,0,0,0,0,0,0,"","","",0,0,0,0,0,0,0,0,0,0,0,0,0,"kellg101","F","F","F","F",0,0,0,0,0,0,0,0,0,0,F,F,"1924NY1.EVN.regular.event.csv",1740
"NY1192406260","BSN",8,0,1,0,0,"",1,8,"yeara101","?","yeara101","?","jonnc101","?","jonnc101","?","snydf101","kellg101","frisf101","grohh101","jackt101","meusi101","wilsh102","younr101","","","","K","F","F",1,9,3,"T","T",0,"F","F",1,"F","F",0,"F","F",0,"","F","F","",0,0,"N",0,"N",0,"N",0,0,0,0,"2","","","","F","F","F","F","F","F","F","F","F","","","","F","F","F","F","F","","","","",0,2,0,0,0,0,0,0,0,62,"NY1","BSN","NY1",0,"F","F",1,8,0,26,1,"T","F",0,0,"F","F","bancd101","power101","F","F",0,0,0,0,0,0,0,0,0,"","","",0,0,0,0,0,0,0,0,0,0,0,0,0,"","F","F","F","F",0,0,0,0,0,0,0,0,0,0,F,F,"1924NY1.EVN.regular.event.csv",1741
"NY1192406260","BSN",8,0,2,0,0,"",1,8,"bancd101","?","bancd101","?","jonnc101","?","jonnc101","?","snydf101","kellg101","frisf101","grohh101","jackt101","meusi101","wilsh102","younr101","","","","53","F","F",6,1,2,"T","T",0,"F","F",1,"F","F",0,"F","F",5,"G","F","F","",0,0,"N",0,"N",0,"N",0,0,0,0,"53","","","","F","F","F","F","F","F","F","F","F","","","","F","F","F","F","F","","","","",0,3,0,0,5,0,0,0,0,63,"NY1","BSN","NY1",0,"F","T",1,8,0,27,2,"T","F",0,0,"T","T","power101","cunnb102","F","F",0,0,0,0,0,0,0,0,0,"","","",0,0,0,0,0,0,0,0,0,0,0,0,0,"grohh101","F","F","F","F",0,0,0,0,0,0,0,0,0,0,F,F,"1924NY1.EVN.regular.event.csv",1742
"NY1192406260","BSN",8,1,0,0,0,"",1,8,"snydf101","?","snydf101","?","yeara101","?","yeara101","?","oneim102","mcins101","tierc101","padge101","bancd101","cunnb102","power101","stenc101","","","","53","T","F",2,8,2,"T","T",0,"F","F",1,"F","F",0,"F","F",5,"G","F","F","",0,0,"N",0,"N",0,"N",0,0,0,0,"53","","","","F","F","F","F","F","F","F","F","F","","","","F","F","F","F","F","","","","",0,3,0,0,5,0,0,0,0,64,"NY1","NY1","BSN",1,"T","F",8,1,0,34,0,"T","F",0,0,"T","T","jonnc101","younr101","F","F",0,0,0,0,0,0,0,0,0,"","","",0,0,0,0,0,0,0,0,0,0,0,0,0,"padge101","F","F","F","F",0,0,0,0,0,0,0,0,0,0,F,F,"1924NY1.EVN.regular.event.csv",1743
"NY1192406260","BSN",8,1,1,0,0,"",1,8,"jonnc101","?","jonnc101","?","yeara101","?","yeara101","?","oneim102","mcins101","tierc101","padge101","bancd101","cunnb102","power101","stenc101","","","","K/C","F","F",1,9,3,"T","T",0,"F","F",1,"F","F",0,"F","F",0,"","F","F","",0,0,"N",0,"N",0,"N",0,0,0,0,"2","","","","F","F","F","F","F","F","F","F","F","","","","F","F","F","F","F","","","","",0,2,0,0,0,0,0,0,0,65,"NY1","NY1","BSN",1,"F","F",8,1,0,35,1,"T","F",0,0,"F","F","younr101","frisf101","F","F",0,0,0,0,0,0,0,0,0,"","","",0,0,0,0,0,0,0,0,0,0,0,0,0,"","F","F","F","F",0,0,0,0,0,0,0,0,0,0,F,F,"1924NY1.EVN.regular.event.csv",1744
"NY1192406260","BSN",8,1,2,0,0,"",1,8,"younr101","?","younr101","?","yeara101","?","yeara101","?","oneim102","mcins101","tierc101","padge101","bancd101","cunnb102","power101","stenc101","","","","S7","F","F",9,1,20,"T","T",1,"F","F",0,"F","F",0,"F","F",7,"","F","F","",0,0,"N",0,"N",0,"N",1,0,0,0,"","","","","F","F","F","F","F","F","F","F","F","","","","F","F","F","F","F","","","","",0,0,0,0,0,0,0,0,0,66,"NY1","NY1","BSN",1,"F","F",8,1,0,36,2,"T","F",0,1,"T","T","frisf101","wilsh102","F","F",0,0,0,0,0,0,0,0,0,"","","",0,0,0,0,0,0,0,0,0,0,0,0,0,"cunnb102","F","F","F","F",0,0,0,0,0,0,0,0,0,0,F,F,"1924NY1.EVN.regular.event.csv",1745
"NY1192406260","BSN",8,1,2,0,0,"",1,8,"frisf101","?","frisf101","?","yeara101","?","yeara101","?","oneim102","mcins101","tierc101","padge101","bancd101","cunnb102","power101","stenc101","younr101","","","3/G","F","F",4,2,2,"T","T",0,"F","F",1,"F","F",0,"F","F",3,"G","F","F","",0,0,"N",0,"N",0,"N",0,1,0,0,"3","","","","F","F","F","F","F","F","F","F","F","yeara101","","","F","F","F","F","F","","","","",0,3,0,0,0,0,0,0,0,67,"NY1","NY1","BSN",1,"F","T",8,1,0,37,3,"T","F",1,1,"T","T","wilsh102","kellg101","F","F",9,1,66,0,0,0,0,0,0,"oneim102","","",0,0,0,0,0,0,0,0,0,0,0,0,0,"mcins101","F","F","F","F",0,0,0,0,0,0,0,0,0,0,F,F,"1924NY1.EVN.regular.event.csv",1746
"NY1192406260","BSN",9,0,0,0,0,"",1,8,"power101","?","power101","?","jonnc101","?","jonnc101","?","snydf101","kellg101","frisf101","grohh101","jackt101","meusi101","wilsh102","younr101","","","","31","T","F",8,2,2,"T","T",0,"F","F",1,"F","F",0,"F","F",3,"G","F","F","",0,0,"N",0,"N",0,"N",0,0,0,0,"31","","","","F","F","F","F","F","F","F","F","F","","","","F","F","F","F","F","","","","",0,1,0,0,3,0,0,0,0,68,"NY1","BSN","NY1",0,"T","F",1,8,0,28,0,"T","F",0,0,"T","T","cunnb102","mcins101","F","F",0,0,0,0,0,0,0,0,0,"","","",0,0,0,0,0,0,0,0,0,0,0,0,0,"kellg101","F","F","F","F",0,0,0,0,0,0,0,0,0,0,F,F,"1924NY1.EVN.regular.event.csv",1747
"NY1192406260","BSN",9,0,1,0,0,"",1,8,"cunnb102","?","cunnb102","?","jonnc101","?","jonnc101","?","snydf101","kellg101","frisf101","grohh101","jackt101","meusi101","wilsh102","younr101","","","","S9","F","F",7,3,20,"T","T",1,"F","F",0,"F","F",0,"F","F",9,"","F","F","",0,0,"N",0,"N",0,"N",1,0,0,0,"","","","","F","F","F","F","F","F","F","F","F","","","","F","F","F","F","F","","","","",0,0,0,0,0,0,0,0,0,69,"NY1","BSN","NY1",0,"F","F",1,8,0,29,1,"T","F",0,1,"T","T","mcins101","tierc101","F","F",0,0,0,0,0,0,0,0,0,"","","",0,0,0,0,0,0,0,0,0,0,0,0,0,"younr101","F","F","F","F",3,0,0,0,0,0,0,0,0,0,F,F,"1924NY1.EVN.regular.event.csv",1748
"NY1192406260","BSN",9,0,1,0,0,"",1,8,"mcins101","?","mcins101","?","jonnc101","?","jonnc101","?","snydf101","kellg101","frisf101","grohh101","jackt101","meusi101","wilsh102","younr101","cunnb102","","","S9.1-3","F","F",3,4,20,"T","T",1,"F","F",0,"F","F",0,"F","F",9,"","F","F","",0,0,"N",0,"N",0,"N",1,3,0,0,"","","","","F","F","F","F","F","F","F","F","F","jonnc101","","","F","F","F","F","F","","","","",0,0,0,0,0,0,0,0,0,70,"NY1","BSN","NY1",0,"F","F",1,8,0,30,2,"T","F",1,5,"T","T","tierc101","stenc101","F","F",7,3,69,0,0,0,0,0,0,"snydf101","","",0,0,0,0,0,0,0,0,0,0,0,0,0,"younr101","F","F","F","F",2,3,0,0,0,0,0,0,0,0,F,F,"1924NY1.EVN.regular.event.csv",1749
"NY1192406260","BSN",9,0,1,0,0,"",1,8,"tierc101","?","tierc101","?","jonnc101","?","jonnc101","?","snydf101","kellg101","frisf101","grohh101","jackt101","meusi101","wilsh102","younr101","mcins101","","cunnb102","2/FL","F","F",4,5,2,"T","T",0,"F","F",1,"F","F",0,"F","F",2,"F","F","T","",0,0,"N",0,"N",0,"N",0,1,0,3,"2","","","","F","F","F","F","F","F","F","F","F","jonnc101","","jonnc101","F","F","F","F","F","","","","",0,2,0,0,0,0,0,0,0,71,"NY1","BSN","NY1",0,"F","F",1,8,0,31,3,"T","F",5,5,"T","T","stenc101","padge101","F","F",3,4,70,0,0,0,7,3,69,"snydf101","","snydf101",0,0,0,0,0,0,0,0,0,0,0,0,0,"snydf101","F","F","F","F",0,2,0,3,0,0,0,0,0,0,F,F,"1924NY1.EVN.regular.event.csv",1750
"NY1192406260","BSN",9,0,2,0,0,"",1,8,"stenc101","?","stenc101","?","jonnc101","?","jonnc101","?","snydf101","kellg101","frisf101","grohh101","jackt101","meusi101","wilsh102","younr101","mcins101","","cunnb102","DI.1-2","F","F",9,6,5,"F","F",0,"F","F",0,"F","F",0,"F","F",0,"","F","F","",0,0,"N",0,"N",0,"N",0,2,0,3,"","","","","F","F","F","F","F","F","F","F","F","jonnc101","","jonnc101","F","F","F","F","F","","","","",0,0,0,0,0,0,0,0,0,72,"NY1","BSN","NY1",0,"F","F",1,8,0,32,4,"T","F",5,6,"T","T","padge101","oneim102","F","F",3,4,70,0,0,0,7,3,69,"snydf101","","snydf101",0,0,0,0,0,0,0,0,0,0,0,0,0,"","F","F","F","F",0,2,0,3,0,0,0,0,0,0,F,F,"1924NY1.EVN.regular.event.csv",1751
"NY1192406260","BSN",9,0,2,0,0,"",1,8,"stenc101","?","stenc101","?","jonnc101","?","jonnc101","?","snydf101","kellg101","frisf101","grohh101","jackt101","meusi101","wilsh102","younr101","","mcins101","cunnb102","53","F","F",9,6,2,"T","T",0,"F","F",1,"F","F",0,"F","F",5,"G","F","F","",0,0,"N",0,"N",0,"N",0,0,2,3,"53","","","","F","F","F","F","F","F","F","F","F","","jonnc101","jonnc101","F","T","F","F","F","","","","",0,3,0,0,5,0,0,0,0,73,"NY1","BSN","NY1",0,"F","T",1,8,0,32,4,"F","F",6,6,"T","T","padge101","oneim102","F","F",0,0,0,3,4,70,7,3,69,"","snydf101","snydf101",0,0,0,0,0,0,0,0,0,0,0,0,0,"grohh101","F","F","F","F",0,0,2,3,0,0,0,0,0,0,F,F,"1924NY1.EVN.regular.event.csv",1752
"NY1192406280","BSN",1,0,0,0,0,"",0,0,"bancd101","?","bancd101","?","watsm103","?","watsm103","?","gowdh101","kellg101","frisf101","grohh101","jackt101","meusi101","wilsh102","younr101","","","","63","T","F",6,1,2,"T","T",0,"F","F",1,"F","F",0,"F","F",6,"G","F","F","",0,0,"N",0,"N",0,"N",0,0,0,0,"63","","","","F","F","F","F","F","F","F","F","F","","","","T","F","F","F","F","","","","",0,3,0,0,6,0,0,0,0,1,"NY1","BSN","NY1",0,"T","F",0,0,0,0,0,"T","F",0,0,"T","T","power101","cunnb102","T","T",0,0,0,0,0,0,0,0,0,"","","",0,0,0,0,0,0,0,0,0,0,0,0,0,"jackt101","F","F","F","F",0,0,0,0,0,0,0,0,0,0,F,F,"1924NY1.EVN.regular.event.csv",1753
"NY1192406280","BSN",1,0,1,0,0,"",0,0,"power101","?","power101","?","watsm103","?","watsm103","?","gowdh101","kellg101","frisf101","grohh101","jackt101","meusi101","wilsh102","younr101","","","","2/FL","F","F",8,2,2,"T","T",0,"F","F",1,"F","F",0,"F","F",2,"F","F","T","",0,0,"N",0,"N",0,"N",0,0,0,0,"2","","","","F","F","F","F","F","F","F","F","F","","","","F","F","F","F","F","","","","",0,2,0,0,0,0,0,0,0,2,"NY1","BSN","NY1",0,"F","F",0,0,0,1,1,"T","F",0,0,"T","T","cunnb102","mcins101","T","T",0,0,0,0,0,0,0,0,0,"","","",0,0,0,0,0,0,0,0,0,0,0,0,0,"gowdh101","F","F","F","F",0,0,0,0,0,0,0,0,0,0,F,F,"1924NY1.EVN.regular.event.csv",1754
"NY1192406280","BSN",1,0,2,0,0,"",0,0,"cunnb102","?","cunnb102","?","watsm103","?","watsm103","?","gowdh101","kellg101","frisf101","grohh101","jackt101","meusi101","wilsh102","younr101","","","","4/P34D","F","F",7,3,2,"T","T",0,"F","F",1,"F","F",0,"F","F",4,"P","F","F","34D",0,0,"N",0,"N",0,"N",0,0,0,0,"4","","","","F","F","F","F","F","F","F","F","F","","","","F","F","F","F","F","","","","",0,4,0,0,0,0,0,0,0,3,"NY1","BSN","NY1",0,"F","T",0,0,0,2,2,"T","F",0,0,"T","T","mcins101","tierc101","T","T",0,0,0,0,0,0,0,0,0,"","","",0,0,0,0,0,0,0,0,0,0,0,0,0,"frisf101","F","F","F","F",0,0,0,0,0,0,0,0,0,0,F,F,"1924NY1.EVN.regular.event.csv",1755
"NY1192406280","BSN",1,1,0,0,0,"X",0,0,"younr101","?","younr101","?","nortl101","?","nortl101","?","gibsf101","mcins101","tierc101","padge101","bancd101","cunnb102","power101","stenc101","","","","T/78","T","F",9,1,22,"T","T",3,"F","F",0,"F","F",0,"F","F",0,"","F","F","78",0,0,"N",0,"N",0,"N",3,0,0,0,"","","","","F","F","F","F","F","F","F","F","F","","","","F","F","F","F","F","","","","",0,0,0,0,0,0,0,0,0,4,"NY1","NY1","BSN",1,"T","F",0,0,0,0,0,"T","F",0,4,"T","T","frisf101","wilsh102","T","T",0,0,0,0,0,0,0,0,0,"","","",0,0,0,0,0,0,1,0,0,0,1,0,0,"","F","F","F","F",4,0,0,0,2,0,0,0,0,0,F,F,"1924NY1.EVN.regular.event.csv",1756
"NY1192406280","BSN",1,1,0,0,0,"",0,0,"frisf101","?","frisf101","?","nortl101","?","nortl101","?","gibsf101","mcins101","tierc101","padge101","bancd101","cunnb102","power101","stenc101","","","younr101","63","F","F",4,2,2,"T","T",0,"F","F",1,"F","F",0,"F","F",6,"G","F","F","",0,0,"N",0,"N",0,"N",0,0,0,3,"63","","","","F","F","F","F","F","F","F","F","F","","","nortl101","F","F","F","F","F","","","","",0,3,0,0,6,0,0,0,0,5,"NY1","NY1","BSN",1,"F","F",0,0,0,1,1,"T","F",4,4,"T","T","wilsh102","kellg101","T","T",0,0,0,0,0,0,9,1,4,"","","gibsf101",0,0,0,0,0,0,0,0,0,0,0,0,0,"bancd101","F","F","F","F",0,0,0,4,2,0,0,0,0,0,F,F,"1924NY1.EVN.regular.event.csv",1757
"NY1192406280","BSN",1,1,1,0,0,"",0,0,"wilsh102","?","wilsh102","?","nortl101","?","nortl101","?","gibsf101","mcins101","tierc101","padge101","bancd101","cunnb102","power101","stenc101","","","younr101","T8/L.3-H","F","F",8,3,22,"T","T",3,"F","F",0,"F","F",1,"F","F",8,"L","F","F","",0,0,"N",0,"N",0,"N",3,0,0,4,"","","","","F","F","F","F","F","F","F","F","F","","","nortl101","F","F","F","F","F","","","","",0,0,0,0,0,0,0,0,0,6,"NY1","NY1","BSN",1,"F","F",0,0,0,2,2,"T","F",4,4,"T","T","kellg101","meusi101","T","T",0,0,0,0,0,0,9,1,4,"","","gibsf101",0,0,0,0,0,0,0,0,0,0,0,0,1,"power101","F","F","F","F",4,0,0,4,1,0,0,0,0,0,F,F,"1924NY1.EVN.regular.event.csv",1758
"NY1192406280","BSN",1,1,1,0,0,"",0,1,"kellg101","?","kellg101","?","nortl101","?","nortl101","?","gibsf101","mcins101","tierc101","padge101","bancd101","cunnb102","power101","stenc101","","","wilsh102","9/SF.3-H","F","F",3,4,2,"T","F",0,"F","T",1,"F","F",1,"F","F",9,"F","F","F","",0,0,"N",0,"N",0,"N",0,0,0,4,"9","","","","F","F","F","F","F","F","F","F","F","","","nortl101","F","F","F","F","F","","","","",0,9,0,0,0,0,0,0,0,7,"NY1","NY1","BSN",1,"F","F",1,0,1,3,3,"T","F",4,0,"T","T","meusi101","jackt101","T","T",0,0,0,0,0,0,8,3,6,"","","gibsf101",0,0,0,0,0,0,0,0,0,0,0,0,1,"stenc101","F","F","F","F",0,0,0,4,0,0,0,0,0,0,F,F,"1924NY1.EVN.regular.event.csv",1759
"NY1192406280","BSN",1,1,2,0,0,"",0,2,"meusi101","?","meusi101","?","nortl101","?","nortl101","?","gibsf101","mcins101","tierc101","padge101","bancd101","cunnb102","power101","stenc101","","","","S","F","F",7,5,20,"T","T",1,"F","F",0,"F","F",0,"F","F",0,"","F","F","",0,0,"N",0,"N",0,"N",1,0,0,0,"","","","","F","F","F","F","F","F","F","F","F","","","","F","F","F","F","F","","","","",0,0,0,0,0,0,0,0,0,8,"NY1","NY1","BSN",1,"F","F",2,0,2,4,4,"T","F",0,1,"T","T","jackt101","grohh101","T","T",0,0,0,0,0,0,0,0,0,"","","",0,0,0,0,0,0,0,0,0,0,0,0,0,"","F","F","F","F",0,0,0,0,0,0,0,0,0,0,F,F,"1924NY1.EVN.regular.event.csv",1760
"NY1192406280","BSN",1,1,2,0,0,"",0,2,"jackt101","?","jackt101","?","nortl101","?","nortl101","?","gibsf101","mcins101","tierc101","padge101","bancd101","cunnb102","power101","stenc101","meusi101","","","OA.1X2(24)","F","F",6,6,12,"F","F",0,"F","F",1,"F","F",0,"F","F",0,"","F","F","",0,0,"N",0,"N",0,"N",0,0,0,0,"","24","","","F","F","F","F","F","F","F","F","F","nortl101","","","F","F","F","F","F","","","","",0,4,0,0,2,0,0,0,0,9,"NY1","NY1","BSN",1,"F","T",2,0,2,5,5,"T","T",1,0,"T","T","grohh101","gowdh101","T","T",7,5,8,0,0,0,0,0,0,"gibsf101","","",0,0,0,0,0,0,0,0,0,0,0,0,0,"","F","F","F","F",0,0,0,0,0,0,0,0,0,0,F,F,"1924NY1.EVN.regular.event.csv",1761
"NY1192406280","BSN",2,0,0,0,0,"",0,2,"mcins101","?","mcins101","?","watsm103","?","watsm103","?","gowdh101","kellg101","frisf101","grohh101","jackt101","meusi101","wilsh102","younr101","","","","63","T","F",3,4,2,"T","T",0,"F","F",1,"F","F",0,"F","F",6,"G","F","F","",0,0,"N",0,"N",0,"N",0,0,0,0,"63","","","","F","F","F","F","F","F","F","F","F","","","","F","F","F","F","F","","","","",0,3,0,0,6,0,0,0,0,10,"NY1","BSN","NY1",0,"T","F",0,2,0,3,0,"T","F",0,0,"T","T","tierc101","stenc101","T","T",0,0,0,0,0,0,0,0,0,"","","",0,0,0,0,0,0,0,0,0,0,0,0,0,"jackt101","F","F","F","F",0,0,0,0,0,0,0,0,0,0,F,F,"1924NY1.EVN.regular.event.csv",1762
"NY1192406280","BSN",2,0,1,0,0,"",0,2,"tierc101","?","tierc101","?","watsm103","?","watsm103","?","gowdh101","kellg101","frisf101","grohh101","jackt101","meusi101","wilsh102","younr101","","","","K","F","F",4,5,3,"T","T",0,"F","F",1,"F","F",0,"F","F",0,"","F","F","",0,0,"N",0,"N",0,"N",0,0,0,0,"2","","","","F","F","F","F","F","F","F","F","F","","","","F","F","F","F","F","","","","",0,2,0,0,0,0,0,0,0,11,"NY1","BSN","NY1",0,"F","F",0,2,0,4,1,"T","F",0,0,"T","T","stenc101","padge101","T","T",0,0,0,0,0,0,0,0,0,"","","",0,0,0,0,0,0,0,0,0,0,0,0,0,"","F","F","F","F",0,0,0,0,0,0,0,0,0,0,F,F,"1924NY1.EVN.regular.event.csv",1763
"NY1192406280","BSN",2,0,2,0,0,"",0,2,"stenc101","?","stenc101","?","watsm103","?","watsm103","?","gowdh101","kellg101","frisf101","grohh101","jackt101","meusi101","wilsh102","younr101","","","","53","F","F",9,6,2,"T","T",0,"F","F",1,"F","F",0,"F","F",5,"G","F","F","",0,0,"N",0,"N",0,"N",0,0,0,0,"53","","","","F","F","F","F","F","F","F","F","F","","","","F","F","F","F","F","","","","",0,3,0,0,5,0,0,0,0,12,"NY1","BSN","NY1",0,"F","T",0,2,0,5,2,"T","F",0,0,"T","T","padge101","gibsf101","T","T",0,0,0,0,0,0,0,0,0,"","","",0,0,0,0,0,0,0,0,0,0,0,0,0,"grohh101","F","F","F","F",0,0,0,0,0,0,0,0,0,0,F,F,"1924NY1.EVN.regular.event.csv",1764
"NY1192406280","BSN",2,1,0,0,0,"",0,2,"jackt101","?","jackt101","?","nortl101","?","nortl101","?","gibsf101","mcins101","tierc101","padge101","bancd101","cunnb102","power101","stenc101","","","","S8","T","F",6,6,20,"T","T",1,"F","F",0,"F","F",0,"F","F",8,"","F","F","",0,0,"N",0,"N",0,"N",1,0,0,0,"","","","","F","F","F","F","F","F","F","F","F","","","","F","F","F","F","F","","","","",0,0,0,0,0,0,0,0,0,13,"NY1","NY1","BSN",1,"T","F",2,0,0,5,0,"T","F",0,1,"T","T","grohh101","gowdh101","T","T",0,0,0,0,0,0,0,0,0,"","","",0,0,0,0,0,0,0,0,0,0,0,0,0,"power101","F","F","F","F",4,0,0,0,4,0,0,0,0,0,F,F,"1924NY1.EVN.regular.event.csv",1765
"NY1192406280","BSN",2,1,0,0,0,"",0,2,"grohh101","?","grohh101","?","nortl101","?","nortl101","?","gibsf101","mcins101","tierc101","padge101","bancd101","cunnb102","power101","stenc101","jackt101","","","9/L","F","F",5,7,2,"T","T",0,"F","F",1,"F","F",0,"F","F",9,"L","F","F","",0,0,"N",0,"N",0,"N",0,1,0,0,"9","","","","F","F","F","F","F","F","F","F","F","nortl101","","","F","F","F","F","F","","","","",0,9,0,0,0,0,0,0,0,14,"NY1","NY1","BSN",1,"F","F",2,0,0,6,1,"T","F",1,1,"T","T","gowdh101","watsm103","T","T",6,6,13,0,0,0,0,0,0,"gibsf101","","",0,0,0,0,0,0,0,0,0,0,0,0,0,"stenc101","F","F","F","F",0,4,0,0,4,0,0,0,0,0,F,F,"1924NY1.EVN.regular.event.csv",1766
"NY1192406280","BSN",2,1,1,0,0,"",0,2,"gowdh101","?","gowdh101","?","nortl101","?","nortl101","?","gibsf101","mcins101","tierc101","padge101","bancd101","cunnb102","power101","stenc101","jackt101","","","S9.1-2","F","F",2,8,20,"T","T",1,"F","F",0,"F","F",0,"F","F",9,"","F","F","",0,0,"N",0,"N",0,"N",1,2,0,0,"","","","","F","F","F","F","F","F","F","F","F","nortl101","","","F","F","F","F","F","","","","",0,0,0,0,0,0,0,0,0,15,"NY1","NY1","BSN",1,"F","F",2,0,0,7,2,"T","F",1,3,"T","T","watsm103","younr101","T","T",6,6,13,0,0,0,0,0,0,"gibsf101","","",0,0,0,0,0,0,0,0,0,0,0,0,0,"stenc101","F","F","F","F",4,4,0,0,4,0,0,0,0,0,F,F,"1924NY1.EVN.regular.event.csv",1767
"NY1192406280","BSN",2,1,1,0,0,"",0,2,"watsm103","?","watsm103","?","nortl101","?","nortl101","?","gibsf101","mcins101","tierc101","padge101","bancd101","cunnb102","power101","stenc101","gowdh101","jackt101","","HR/F7D.2-H;1-H","F","F",1,9,23,"T","T",4,"F","F",0,"F","F",3,"F","F",0,"F","F","F","7D",0,0,"N",0,"N",0,"N",4,4,4,0,"","","","","F","F","F","F","F","F","F","F","F","nortl101","nortl101","","F","F","F","F","F","","","","",0,0,0,0,0,0,0,0,0,16,"NY1","NY1","BSN",1,"F","F",2,0,0,8,3,"T","F",3,0,"T","T","younr101","frisf101","T","T",2,8,15,6,6,13,0,0,0,"gibsf101","gibsf101","",0,0,0,0,0,0,0,0,0,0,0,0,3,"","F","F","F","F",4,4,4,0,1,0,0,0,0,0,F,F,"1924NY1.EVN.regular.event.csv",1768
"NY1192406280","BSN",2,1,1,0,0,"",0,5,"younr101","?","younr101","?","nortl101","?","nortl101","?","gibsf101","mcins101","tierc101","padge101","bancd101","cunnb102","power101","stenc101","","","","S9","F","F",9,1,20,"T","T",1,"F","F",0,"F","F",0,"F","F",9,"","F","F","",0,0,"N",0,"N",0,"N",1,0,0,0,"","","","","F","F","F","F","F","F","F","F","F","","","","F","F","F","F","F","","","","",0,0,0,0,0,0,0,0,0,17,"NY1","NY1","BSN",1,"F","F",5,0,3,9,4,"T","F",0,1,"T","T","frisf101","wilsh102","T","T",0,0,0,0,0,0,0,0,0,"","","",0,0,0,0,0,0,0,0,0,0,0,0,0,"stenc101","F","F","F","F",4,0,0,0,1,0,0,0,0,0,F,F,"1924NY1.EVN.regular.event.csv",1769
"NY1192406280","BSN",2,1,1,0,0,"",0,5,"frisf101","?","frisf101","?","nortl101","?","nortl101","?","gibsf101","mcins101","tierc101","padge101","bancd101","cunnb102","power101","stenc101","younr101","","","S8.1-3","F","F",4,2,20,"T","T",1,"F","F",0,"F","F",0,"F","F",8,"","F","F","",0,0,"N",0,"N",0,"N",1,3,0,0,"","","","","F","F","F","F","F","F","F","F","F","nortl101","","","F","F","F","F","F","","","","",0,0,0,0,0,0,0,0,0,18,"NY1","NY1","BSN",1,"F","F",5,0,3,10,5,"T","F",1,5,"T","T","wilsh102","kellg101","T","T",9,1,17,0,0,0,0,0,0,"gibsf101","","",0,0,0,0,0,0,0,0,0,0,0,0,0,"power101","F","F","F","F",0,4,0,0,1,0,0,0,0,0,F,F,"1924NY1.EVN.regular.event.csv",1770
"NY1192406280","BSN",2,1,1,0,0,"",0,5,"wilsh102","?","wilsh102","?","lucar102","?","lucar102","?","gibsf101","mcins101","tierc101","padge101","bancd101","cunnb102","power101","stenc101","frisf101","","younr101","7/L/SF.3-H","F","F",8,3,2,"T","F",0,"F","T",1,"F","F",1,"F","F",7,"L","F","F","",0,0,"N",0,"N",0,"N",0,1,0,4,"7","","","","F","F","F","F","F","F","F","F","F","nortl101","","nortl101","F","F","F","F","F","","","","",0,7,0,0,0,0,0,0,0,19,"NY1","NY1","BSN",1,"F","F",5,0,3,11,6,"T","F",5,1,"T","T","kellg101","meusi101","F","F",4,2,18,0,0,0,9,1,17,"gibsf101","","gibsf101",0,0,0,0,0,0,0,0,0,0,0,0,1,"cunnb102","F","F","F","F",0,0,0,4,0,0,0,0,0,0,F,F,"1924NY1.EVN.regular.event.csv",1771
"NY1192406280","BSN",2,1,2,0,0,"",0,6,"kellg101","?","kellg101","?","lucar102","?","lucar102","?","gibsf101","mcins101","tierc101","padge101","bancd101","cunnb102","power101","stenc101","frisf101","","","SB2","F","F",3,4,4,"F","F",0,"F","F",0,"F","F",0,"F","F",0,"","F","F","",0,0,"N",0,"N",0,"N",0,2,0,0,"","","","","T","F","F","F","F","F","F","F","F","nortl101","","","F","F","F","F","F","","","","",0,0,0,0,0,0,0,0,0,20,"NY1","NY1","BSN",1,"F","F",6,0,4,12,7,"T","F",1,2,"T","T","meusi101","jackt101","F","F",4,2,18,0,0,0,0,0,0,"gibsf101","","",0,0,0,0,0,0,0,0,0,0,0,0,0,"","F","F","F","F",0,0,0,0,0,0,0,0,0,0,F,F,"1924NY1.EVN.regular.event.csv",1772
"NY1192406280","BSN",2,1,2,0,0,"",0,6,"kellg101","?","kellg101","?","lucar102","?","lucar102","?","gibsf101","mcins101","tierc101","padge101","bancd101","cunnb102","power101","stenc101","","frisf101","","8/F","F","F",3,4,2,"T","T",0,"F","F",1,"F","F",0,"F","F",8,"F","F","F","",0,0,"N",0,"N",0,"N",0,0,2,0,"8","","","","F","F","F","F","F","F","F","F","F","","nortl101","","F","F","F","F","F","","","","",0,8,0,0,0,0,0,0,0,21,"NY1","NY1","BSN",1,"F","T",6,0,4,12,7,"F","F",2,2,"T","T","meusi101","jackt101","F","F",0,0,0,4,2,18,0,0,0,"","gibsf101","",0,0,0,0,0,0,0,0,0,0,0,0,0,"power101","F","F","F","F",0,0,0,0,0,0,0,0,0,0,F,F,"1924NY1.EVN.regular.event.csv",1773
"NY1192406280","BSN",3,0,0,0,0,"",0,6,"padge101","?","padge101","?","watsm103","?","watsm103","?","gowdh101","kellg101","frisf101","grohh101","jackt101","meusi101","wilsh102","younr101","","","","S","T","F",5,7,20,"T","T",1,"F","F",0,"F","F",0,"F","F",0,"","F","F","",0,0,"N",0,"N",0,"N",1,0,0,0,"","","","","F","F","F","F","F","F","F","F","F","","","","F","F","F","F","F","","","","",0,0,0,0,0,0,0,0,0,22,"NY1","BSN","NY1",0,"T","F",0,6,0,6,0,"T","F",0,1,"T","T","gibsf101","lucar102","T","T",0,0,0,0,0,0,0,0,0,"","","",0,0,0,0,0,0,0,0,0,0,0,0,0,"","F","F","F","F",4,0,0,0,4,0,0,0,0,0,F,F,"1924NY1.EVN.regular.event.csv",1774
"NY1192406280","BSN",3,0,0,0,0,"",0,6,"gibsf101","?","gibsf101","?","watsm103","?","watsm103","?","gowdh101","kellg101","frisf101","grohh101","jackt101","meusi101","wilsh102","younr101","padge101","","","S.1-3","F","F",2,8,20,"T","T",1,"F","F",0,"F","F",0,"F","F",0,"","F","F","",0,0,"N",0,"N",0,"N",1,3,0,0,"","","","","F","F","F","F","F","F","F","F","F","watsm103","","","F","F","F","F","F","","","","",0,0,0,0,0,0,0,0,0,23,"NY1","BSN","NY1",0,"F","F",0,6,0,7,1,"T","F",1,5,"T","T","lucar102","bancd101","T","T",5,7,22,0,0,0,0,0,0,"gowdh101","","",0,0,0,0,0,0,0,0,0,0,0,0,0,"","F","F","F","F",4,4,0,0,4,0,0,0,0,0,F,F,"1924NY1.EVN.regular.event.csv",1775
"NY1192406280","BSN",3,0,0,0,0,"",0,6,"lucar102","?","lucar102","?","watsm103","?","watsm103","?","gowdh101","kellg101","frisf101","grohh101","jackt101","meusi101","wilsh102","younr101","gibsf101","","padge101","S.3-H;1-3","F","F",1,9,20,"T","T",1,"F","F",0,"F","F",1,"F","F",0,"","F","F","",0,0,"N",0,"N",0,"N",1,3,0,4,"","","","","F","F","F","F","F","F","F","F","F","watsm103","","watsm103","F","F","F","F","F","","","","",0,0,0,0,0,0,0,0,0,24,"NY1","BSN","NY1",0,"F","F",0,6,0,8,2,"T","F",5,5,"F","F","bancd101","power101","T","T",2,8,23,0,0,0,5,7,22,"gowdh101","","gowdh101",0,0,0,0,0,0,0,0,0,0,0,0,1,"","F","F","F","F",4,4,0,4,3,0,0,0,0,0,F,F,"1924NY1.EVN.regular.event.csv",1776
"NY1192406280","BSN",3,0,0,0,0,"",1,6,"bancd101","?","bancd101","?","watsm103","?","watsm103","?","gowdh101","kellg101","frisf101","grohh101","jackt101","meusi101","wilsh102","younr101","lucar102","","gibsf101","9/SF.3-H","F","F",6,1,2,"T","F",0,"F","T",1,"F","F",1,"F","F",9,"F","F","F","",0,0,"N",0,"N",0,"N",0,1,0,4,"9","","","","F","F","F","F","F","F","F","F","F","watsm103","","watsm103","F","F","F","F","F","","","","",0,9,0,0,0,0,0,0,0,25,"NY1","BSN","NY1",0,"F","F",1,6,1,9,3,"T","F",5,1,"T","T","power101","cunnb102","T","T",1,9,24,0,0,0,2,8,23,"gowdh101","","gowdh101",0,0,0,0,0,0,0,0,0,0,0,0,1,"younr101","F","F","F","F",0,4,0,4,2,0,0,0,0,0,F,F,"1924NY1.EVN.regular.event.csv",1777
"NY1192406280","BSN",3,0,1,0,0,"",2,6,"power101","?","power101","?","watsm103","?","watsm103","?","gowdh101","kellg101","frisf101","grohh101","jackt101","meusi101","wilsh102","younr101","lucar102","","","W.1-2","F","F",8,2,14,"T","F",0,"F","F",0,"F","F",0,"F","F",0,"","F","F","",0,0,"N",0,"N",0,"N",1,2,0,0,"","","","","F","F","F","F","F","F","F","F","F","watsm103","","","F","F","F","F","F","","","","",0,0,0,0,0,0,0,0,0,26,"NY1","BSN","NY1",0,"F","F",2,6,2,10,4,"T","F",1,3,"T","T","cunnb102","mcins101","T","T",1,9,24,0,0,0,0,0,0,"gowdh101","","",0,0,0,0,0,0,0,0,0,0,0,0,0,"","F","F","F","F",4,4,0,0,2,0,0,0,0,0,F,F,"1924NY1.EVN.regular.event.csv",1778
"NY1192406280","BSN",3,0,1,0,0,"",2,6,"cunnb102","?","cunnb102","?","ryanr101","?","ryanr101","?","gowdh101","kellg101","frisf101","grohh101","jackt101","meusi101","wilsh102","younr101","power101","lucar102","","S8.2-H;1-2","F","F",7,3,20,"T","T",1,"F","F",0,"F","F",1,"F","F",8,"","F","F","",0,0,"N",0,"N",0,"N",1,2,4,0,"","","","","F","F","F","F","F","F","F","F","F","watsm103","watsm103","","F","F","F","F","F","","","","",0,0,0,0,0,0,0,0,0,27,"NY1","BSN","NY1",0,"F","F",2,6,2,11,5,"T","F",3,3,"T","T","mcins101","tierc101","F","F",8,2,26,1,9,24,0,0,0,"gowdh101","gowdh101","",0,0,0,0,0,0,0,0,0,0,0,0,1,"wilsh102","F","F","F","F",0,4,4,0,1,0,0,0,0,0,F,F,"1924NY1.EVN.regular.event.csv",1779
"NY1192406280","BSN",3,0,1,0,0,"",3,6,"mcins101","?","mcins101","?","ryanr101","?","ryanr101","?","gowdh101","kellg101","frisf101","grohh101","jackt101","meusi101","wilsh102","younr101","cunnb102","power101","","54(1)/FO.2-3","F","F",3,4,2,"T","T",0,"F","F",1,"F","F",0,"F","F",5,"G","F","F","",0,0,"N",0,"N",0,"N",1,0,3,0,"","54","","","F","F","F","F","F","F","F","F","F","ryanr101","watsm103","","F","F","F","F","F","","","","",0,4,0,0,5,0,0,0,0,28,"NY1","BSN","NY1",0,"F","F",3,6,3,12,6,"T","F",3,5,"T","T","tierc101","stenc101","F","F",7,3,27,8,2,26,0,0,0,"gowdh101","gowdh101","",0,0,0,0,0,0,0,0,0,0,0,0,0,"grohh101","T","F","F","F",0,0,4,0,1,0,0,0,0,0,F,F,"1924NY1.EVN.regular.event.csv",1780
"NY1192406280","BSN",3,0,2,0,0,"",3,6,"tierc101","?","tierc101","?","ryanr101","?","ryanr101","?","gowdh101","kellg101","frisf101","grohh101","jackt101","meusi101","wilsh102","younr101","mcins101","","power101","S9.3-H;1-2","F","F",4,5,20,"T","T",1,"F","F",0,"F","F",1,"F","F",9,"","F","F","",0,0,"N",0,"N",0,"N",1,2,0,4,"","","","","F","F","F","F","F","F","F","F","F","ryanr101","","watsm103","F","F","F","F","F","","","","",0,0,0,0,0,0,0,0,0,29,"NY1","BSN","NY1",0,"F","F",3,6,3,13,7,"T","F",5,3,"T","T","stenc101","padge101","F","F",3,4,28,0,0,0,8,2,26,"gowdh101","","gowdh101",0,0,0,0,0,0,0,0,0,0,0,0,1,"younr101","F","F","F","F",0,0,0,4,0,0,0,0,0,0,F,F,"1924NY1.EVN.regular.event.csv",1781
"NY1192406280","BSN",3,0,2,0,0,"",4,6,"stenc101","?","stenc101","?","ryanr101","?","ryanr101","?","gowdh101","kellg101","frisf101","grohh101","jackt101","meusi101","wilsh102","younr101","tierc101","mcins101","","8/F8XD","F","F",9,6,2,"T","T",0,"F","F",1,"F","F",0,"F","F",8,"F","F","F","8XD",0,0,"N",0,"N",0,"N",0,1,2,0,"8","","","","F","F","F","F","F","F","F","F","F","ryanr101","ryanr101","","F","F","F","F","F","","","","",0,8,0,0,0,0,0,0,0,30,"NY1","BSN","NY1",0,"F","T",4,6,4,14,8,"T","F",3,3,"T","T","padge101","gibsf101","F","F",4,5,29,3,4,28,0,0,0,"gowdh101","gowdh101","",0,0,0,0,0,0,0,0,0,0,0,0,0,"wilsh102","F","F","F","F",0,0,0,0,0,0,0,0,0,0,F,F,"1924NY1.EVN.regular.event.csv",1782
"NY1192406280","BSN",3,1,0,0,0,"",4,6,"meusi101","?","meusi101","?","lucar102","?","lucar102","?","gibsf101","mcins101","tierc101","padge101","bancd101","cunnb102","power101","stenc101","","","","S","T","F",7,5,20,"T","T",1,"F","F",0,"F","F",0,"F","F",0,"","F","F","",0,0,"N",0,"N",0,"N",1,0,0,0,"","","","","F","F","F","F","F","F","F","F","F","","","","F","F","F","F","F","","","","",0,0,0,0,0,0,0,0,0,31,"NY1","NY1","BSN",1,"T","F",6,4,0,13,0,"T","F",0,1,"T","T","jackt101","grohh101","F","F",0,0,0,0,0,0,0,0,0,"","","",0,0,0,0,0,0,0,0,0,0,0,0,0,"","F","F","F","F",0,0,0,0,0,0,0,0,0,0,F,F,"1924NY1.EVN.regular.event.csv",1783
"NY1192406280","BSN",3,1,0,0,0,"",4,6,"jackt101","?","jackt101","?","lucar102","?","lucar102","?","gibsf101","mcins101","tierc101","padge101","bancd101","cunnb102","power101","stenc101","meusi101","","","K+SB2","F","F",6,6,3,"T","T",0,"F","F",1,"F","F",0,"F","F",0,"","F","F","",0,0,"N",0,"N",0,"N",0,2,0,0,"2","","","","T","F","F","F","F","F","F","F","F","lucar102","","","F","F","F","F","F","","","","",0,2,0,0,0,0,0,0,0,32,"NY1","NY1","BSN",1,"F","F",6,4,0,14,1,"T","F",1,2,"T","T","grohh101","gowdh101","F","F",7,5,31,0,0,0,0,0,0,"gibsf101","","",0,0,0,0,0,0,0,0,0,0,0,0,0,"","F","F","F","F",0,0,0,0,0,0,0,0,0,0,F,F,"1924NY1.EVN.regular.event.csv",1784
"NY1192406280","BSN",3,1,1,0,0,"",4,6,"grohh101","?","grohh101","?","lucar102","?","lucar102","?","gibsf101","mcins101","tierc101","padge101","bancd101","cunnb102","power101","stenc101","","meusi101","","S.2-3","F","F",5,7,20,"T","T",1,"F","F",0,"F","F",0,"F","F",0,"","F","F","",0,0,"N",0,"N",0,"N",1,0,3,0,"","","","","F","F","F","F","F","F","F","F","F","","lucar102","","F","F","F","F","F","","","","",0,0,0,0,0,0,0,0,0,33,"NY1","NY1","BSN",1,"F","F",6,4,0,15,2,"T","F",2,5,"T","T","gowdh101","ryanr101","F","F",0,0,0,7,5,31,0,0,0,"","gibsf101","",0,0,0,0,0,0,0,0,0,0,0,0,0,"","F","F","F","F",0,0,0,0,0,0,0,0,0,0,F,F,"1924NY1.EVN.regular.event.csv",1785
"NY1192406280","BSN",3,1,1,0,0,"",4,6,"gowdh101","?","gowdh101","?","lucar102","?","lucar102","?","gibsf101","mcins101","tierc101","padge101","bancd101","cunnb102","power101","stenc101","grohh101","","meusi101","54(1)3/GDP","F","F",2,8,2,"T","T",0,"F","F",2,"T","F",0,"F","F",5,"G","F","F","",0,0,"N",0,"N",0,"N",0,0,0,3,"43","54","","","F","F","F","F","F","F","F","F","F","lucar102","","lucar102","F","F","F","F","F","","","","",0,4,3,0,5,4,0,0,0,34,"NY1","NY1","BSN",1,"F","T",6,4,0,16,3,"T","F",5,4,"T","T","ryanr101","younr101","F","F",5,7,33,0,0,0,7,5,31,"gibsf101","","gibsf101",0,0,0,0,0,0,0,0,0,0,0,0,0,"padge101","T","F","F","F",0,0,0,0,0,0,0,0,0,0,F,F,"1924NY1.EVN.regular.event.csv",1786
"NY1192406280","BSN",4,0,0,0,0,"",4,6,"padge101","?","padge101","?","ryanr101","?","ryanr101","?","gowdh101","kellg101","frisf101","grohh101","jackt101","meusi101","wilsh102","younr101","","","","63","T","F",5,7,2,"T","T",0,"F","F",1,"F","F",0,"F","F",6,"G","F","F","",0,0,"N",0,"N",0,"N",0,0,0,0,"63","","","","F","F","F","F","F","F","F","F","F","","","","F","F","F","F","F","","","","",0,3,0,0,6,0,0,0,0,35,"NY1","BSN","NY1",0,"T","F",4,6,0,15,0,"T","F",0,0,"T","T","gibsf101","lucar102","F","F",0,0,0,0,0,0,0,0,0,"","","",0,0,0,0,0,0,0,0,0,0,0,0,0,"jackt101","F","F","F","F",0,0,0,0,0,0,0,0,0,0,F,F,"1924NY1.EVN.regular.event.csv",1787
"NY1192406280","BSN",4,0,1,0,0,"",4,6,"gibsf101","?","gibsf101","?","ryanr101","?","ryanr101","?","gowdh101","kellg101","frisf101","grohh101","jackt101","meusi101","wilsh102","younr101","","","","31","F","F",2,8,2,"T","T",0,"F","F",1,"F","F",0,"F","F",3,"G","F","F","",0,0,"N",0,"N",0,"N",0,0,0,0,"31","","","","F","F","F","F","F","F","F","F","F","","","","F","F","F","F","F","","","","",0,1,0,0,3,0,0,0,0,36,"NY1","BSN","NY1",0,"F","F",4,6,0,16,1,"T","F",0,0,"T","T","lucar102","bancd101","F","F",0,0,0,0,0,0,0,0,0,"","","",0,0,0,0,0,0,0,0,0,0,0,0,0,"kellg101","F","F","F","F",0,0,0,0,0,0,0,0,0,0,F,F,"1924NY1.EVN.regular.event.csv",1788
"NY1192406280","BSN",4,0,2,0,0,"",4,6,"lucar102","?","lucar102","?","ryanr101","?","ryanr101","?","gowdh101","kellg101","frisf101","grohh101","jackt101","meusi101","wilsh102","younr101","","","","43","F","F",1,9,2,"T","T",0,"F","F",1,"F","F",0,"F","F",4,"G","F","F","",0,0,"N",0,"N",0,"N",0,0,0,0,"43","","","","F","F","F","F","F","F","F","F","F","","","","F","F","F","F","F","","","","",0,3,0,0,4,0,0,0,0,37,"NY1","BSN","NY1",0,"F","T",4,6,0,17,2,"T","F",0,0,"F","F","bancd101","power101","F","F",0,0,0,0,0,0,0,0,0,"","","",0,0,0,0,0,0,0,0,0,0,0,0,0,"frisf101","F","F","F","F",0,0,0,0,0,0,0,0,0,0,F,F,"1924NY1.EVN.regular.event.csv",1789
"NY1192406280","BSN",4,1,0,0,0,"",4,6,"ryanr101","?","ryanr101","?","lucar102","?","lucar102","?","gibsf101","mcins101","tierc101","padge101","bancd101","cunnb102","power101","stenc101","","","","K","T","F",1,9,3,"T","T",0,"F","F",1,"F","F",0,"F","F",0,"","F","F","",0,0,"N",0,"N",0,"N",0,0,0,0,"2","","","","F","F","F","F","F","F","F","F","F","","","","F","F","F","F","F","","","","",0,2,0,0,0,0,0,0,0,38,"NY1","NY1","BSN",1,"T","F",6,4,0,17,0,"T","F",0,0,"F","F","younr101","frisf101","F","F",0,0,0,0,0,0,0,0,0,"","","",0,0,0,0,0,0,0,0,0,0,0,0,0,"","F","F","F","F",0,0,0,0,0,0,0,0,0,0,F,F,"1924NY1.EVN.regular.event.csv",1790
"NY1192406280","BSN",4,1,1,0,0,"",4,6,"younr101","?","younr101","?","lucar102","?","lucar102","?","gibsf101","mcins101","tierc101","padge101","bancd101","cunnb102","power101","stenc101","","","","63","F","F",9,1,2,"T","T",0,"F","F",1,"F","F",0,"F","F",6,"G","F","F","",0,0,"N",0,"N",0,"N",0,0,0,0,"63","","","","F","F","F","F","F","F","F","F","F","","","","F","F","F","F","F","","","","",0,3,0,0,6,0,0,0,0,39,"NY1","NY1","BSN",1,"F","F",6,4,0,18,1,"T","F",0,0,"T","T","frisf101","wilsh102","F","F",0,0,0,0,0,0,0,0,0,"","","",0,0,0,0,0,0,0,0,0,0,0,0,0,"bancd101","F","F","F","F",0,0,0,0,0,0,0,0,0,0,F,F,"1924NY1.EVN.regular.event.csv",1791
"NY1192406280","BSN",4,1,2,0,0,"",4,6,"frisf101","?","frisf101","?","lucar102","?","lucar102","?","gibsf101","mcins101","tierc101","padge101","bancd101","cunnb102","power101","stenc101","","","","S","F","F",4,2,20,"T","T",1,"F","F",0,"F","F",0,"F","F",0,"","F","F","",0,0,"N",0,"N",0,"N",1,0,0,0,"","","","","F","F","F","F","F","F","F","F","F","","","","F","F","F","F","F","","","","",0,0,0,0,0,0,0,0,0,40,"NY1","NY1","BSN",1,"F","F",6,4,0,19,2,"T","F",0,1,"T","T","wilsh102","kellg101","F","F",0,0,0,0,0,0,0,0,0,"","","",0,0,0,0,0,0,0,0,0,0,0,0,0,"","F","F","F","F",0,0,0,0,0,0,0,0,0,0,F,F,"1924NY1.EVN.regular.event.csv",1792
"NY1192406280","BSN",4,1,2,0,0,"",4,6,"wilsh102","?","wilsh102","?","lucar102","?","lucar102","?","gibsf101","mcins101","tierc101","padge101","bancd101","cunnb102","power101","stenc101","frisf101","","","D.1-3","F","F",8,3,21,"T","T",2,"F","F",0,"F","F",0,"F","F",0,"","F","F","",0,0,"N",0,"N",0,"N",2,3,0,0,"","","","","F","F","F","F","F","F","F","F","F","lucar102","","","F","F","F","F","F","","","","",0,0,0,0,0,0,0,0,0,41,"NY1","NY1","BSN",1,"F","F",6,4,0,20,3,"T","F",1,6,"T","T","kellg101","meusi101","F","F",4,2,40,0,0,0,0,0,0,"gibsf101","","",0,0,0,0,0,0,0,0,0,0,0,0,0,"","F","F","F","F",0,0,0,0,0,0,0,0,0,0,F,F,"1924NY1.EVN.regular.event.csv",1793
"NY1192406280","BSN",4,1,2,0,0,"",4,6,"kellg101","?","kellg101","?","lucar102","?","lucar102","?","gibsf101","mcins101","tierc101","padge101","bancd101","cunnb102","power101","stenc101","","wilsh102","frisf101","8/F","F","F",3,4,2,"T","T",0,"F","F",1,"F","F",0,"F","F",8,"F","F","F","",0,0,"N",0,"N",0,"N",0,0,2,3,"8","","","","F","F","F","F","F","F","F","F","F","","lucar102","lucar102","F","F","F","F","F","","","","",0,8,0,0,0,0,0,0,0,42,"NY1","NY1","BSN",1,"F","T",6,4,0,21,4,"T","F",6,6,"T","T","meusi101","jackt101","F","F",0,0,0,8,3,41,4,2,40,"","gibsf101","gibsf101",0,0,0,0,0,0,0,0,0,0,0,0,0,"power101","F","F","F","F",0,0,0,0,0,0,0,0,0,0,F,F,"1924NY1.EVN.regular.event.csv",1794
"NY1192406280","BSN",5,0,0,0,0,"",4,6,"bancd101","?","bancd101","?","ryanr101","?","ryanr101","?","gowdh101","kellg101","frisf101","grohh101","jackt101","meusi101","wilsh102","younr101","","","","1/BP","T","F",6,1,2,"T","T",0,"F","F",1,"F","F",0,"F","F",1,"P","T","F","",0,0,"N",0,"N",0,"N",0,0,0,0,"1","","","","F","F","F","F","F","F","F","F","F","","","","F","F","F","F","F","","","","",0,1,0,0,0,0,0,0,0,43,"NY1","BSN","NY1",0,"T","F",4,6,0,18,0,"T","F",0,0,"T","T","power101","cunnb102","F","F",0,0,0,0,0,0,0,0,0,"","","",0,0,0,0,0,0,0,0,0,0,0,0,0,"ryanr101","F","F","F","F",0,0,0,0,1,0,0,0,0,0,F,F,"1924NY1.EVN.regular.event.csv",1795
"NY1192406280","BSN",5,0,1,0,0,"",4,6,"power101","?","power101","?","ryanr101","?","ryanr101","?","gowdh101","kellg101","frisf101","grohh101","jackt101","meusi101","wilsh102","younr101","","","","S7","F","F",8,2,20,"T","T",1,"F","F",0,"F","F",0,"F","F",7,"","F","F","",0,0,"N",0,"N",0,"N",1,0,0,0,"","","","","F","F","F","F","F","F","F","F","F","","","","F","F","F","F","F","","","","",0,0,0,0,0,0,0,0,0,44,"NY1","BSN","NY1",0,"F","F",4,6,0,19,1,"T","F",0,1,"T","T","cunnb102","mcins101","F","F",0,0,0,0,0,0,0,0,0,"","","",0,0,0,0,0,0,0,0,0,0,0,0,0,"meusi101","F","F","F","F",4,0,0,0,1,0,0,0,0,0,F,F,"1924NY1.EVN.regular.event.csv",1796
"NY1192406280","BSN",5,0,1,0,0,"",4,6,"cunnb102","?","cunnb102","?","ryanr101","?","ryanr101","?","gowdh101","kellg101","frisf101","grohh101","jackt101","meusi101","wilsh102","younr101","power101","","","S.1-3","F","F",7,3,20,"T","T",1,"F","F",0,"F","F",0,"F","F",0,"","F","F","",0,0,"N",0,"N",0,"N",1,3,0,0,"","","","","F","F","F","F","F","F","F","F","F","ryanr101","","","F","F","F","F","F","","","","",0,0,0,0,0,0,0,0,0,45,"NY1","BSN","NY1",0,"F","F",4,6,0,20,2,"T","F",1,5,"T","T","mcins101","tierc101","F","F",8,2,44,0,0,0,0,0,0,"gowdh101","","",0,0,0,0,0,0,0,0,0,0,0,0,0,"","F","F","F","F",0,4,0,0,1,0,0,0,0,0,F,F,"1924NY1.EVN.regular.event.csv",1797
"NY1192406280","BSN",5,0,1,0,0,"",4,6,"mcins101","?","mcins101","?","ryanr101","?","ryanr101","?","gowdh101","kellg101","frisf101","grohh101","jackt101","meusi101","wilsh102","younr101","cunnb102","","power101","8/SF.3-H;1-2(THH)","F","F",3,4,2,"T","F",0,"F","T",1,"F","F",1,"F","F",8,"F","F","F","",0,0,"N",0,"N",0,"N",0,2,0,4,"8","","","","F","F","F","F","F","F","F","F","F","ryanr101","","ryanr101","F","F","F","F","F","","","","",0,8,0,0,0,0,0,0,0,46,"NY1","BSN","NY1",0,"F","F",4,6,0,21,3,"T","F",5,2,"T","T","tierc101","stenc101","F","F",7,3,45,0,0,0,8,2,44,"gowdh101","","gowdh101",0,0,0,0,0,0,0,0,0,0,0,0,1,"wilsh102","F","F","F","F",0,0,0,4,0,0,0,0,0,0,F,F,"1924NY1.EVN.regular.event.csv",1798
"NY1192406280","BSN",5,0,2,0,0,"",5,6,"tierc101","?","tierc101","?","ryanr101","?","ryanr101","?","gowdh101","kellg101","frisf101","grohh101","jackt101","meusi101","wilsh102","younr101","","cunnb102","","63","F","F",4,5,2,"T","T",0,"F","F",1,"F","F",0,"F","F",6,"G","F","F","",0,0,"N",0,"N",0,"N",0,0,2,0,"63","","","","F","F","F","F","F","F","F","F","F","","ryanr101","","F","F","F","F","F","","","","",0,3,0,0,6,0,0,0,0,47,"NY1","BSN","NY1",0,"F","T",5,6,1,22,4,"T","F",2,2,"T","T","stenc101","padge101","F","F",0,0,0,7,3,45,0,0,0,"","gowdh101","",0,0,0,0,0,0,0,0,0,0,0,0,0,"jackt101","F","F","F","F",0,0,0,0,0,0,0,0,0,0,F,F,"1924NY1.EVN.regular.event.csv",1799
"NY1192406280","BSN",5,1,0,0,0,"",5,6,"meusi101","?","meusi101","?","lucar102","?","lucar102","?","gibsf101","mcins101","tierc101","padge101","bancd101","cunnb102","power101","stenc101","","","","8/F","T","F",7,5,2,"T","T",0,"F","F",1,"F","F",0,"F","F",8,"F","F","F","",0,0,"N",0,"N",0,"N",0,0,0,0,"8","","","","F","F","F","F","F","F","F","F","F","","","","F","F","F","F","F","","","","",0,8,0,0,0,0,0,0,0,48,"NY1","NY1","BSN",1,"T","F",6,5,0,22,0,"T","F",0,0,"T","T","jackt101","grohh101","F","F",0,0,0,0,0,0,0,0,0,"","","",0,0,0,0,0,0,0,0,0,0,0,0,0,"power101","F","F","F","F",0,0,0,0,0,0,0,0,0,0,F,F,"1924NY1.EVN.regular.event.csv",1800
"NY1192406280","BSN",5,1,1,0,0,"",5,6,"jackt101","?","jackt101","?","lucar102","?","lucar102","?","gibsf101","mcins101","tierc101","padge101","bancd101","cunnb102","power101","stenc101","","","","53","F","F",6,6,2,"T","T",0,"F","F",1,"F","F",0,"F","F",5,"G","F","F","",0,0,"N",0,"N",0,"N",0,0,0,0,"53","","","","F","F","F","F","F","F","F","F","F","","","","F","F","F","F","F","","","","",0,3,0,0,5,0,0,0,0,49,"NY1","NY1","BSN",1,"F","F",6,5,0,23,1,"T","F",0,0,"T","T","grohh101","gowdh101","F","F",0,0,0,0,0,0,0,0,0,"","","",0,0,0,0,0,0,0,0,0,0,0,0,0,"padge101","F","F","F","F",0,0,0,0,0,0,0,0,0,0,F,F,"1924NY1.EVN.regular.event.csv",1801
"NY1192406280","BSN",5,1,2,0,0,"",5,6,"grohh101","?","grohh101","?","lucar102","?","lucar102","?","gibsf101","mcins101","tierc101","padge101","bancd101","cunnb102","power101","stenc101","","","","8/F","F","F",5,7,2,"T","T",0,"F","F",1,"F","F",0,"F","F",8,"F","F","F","",0,0,"N",0,"N",0,"N",0,0,0,0,"8","","","","F","F","F","F","F","F","F","F","F","","","","F","F","F","F","F","","","","",0,8,0,0,0,0,0,0,0,50,"NY1","NY1","BSN",1,"F","T",6,5,0,24,2,"T","F",0,0,"T","T","gowdh101","ryanr101","F","F",0,0,0,0,0,0,0,0,0,"","","",0,0,0,0,0,0,0,0,0,0,0,0,0,"power101","F","F","F","F",0,0,0,0,0,0,0,0,0,0,F,F,"1924NY1.EVN.regular.event.csv",1802
"NY1192406280","BSN",6,0,0,0,0,"",5,6,"stenc101","?","stenc101","?","ryanr101","?","ryanr101","?","gowdh101","kellg101","frisf101","grohh101","jackt101","meusi101","wilsh102","younr101","","","","43","T","F",9,6,2,"T","T",0,"F","F",1,"F","F",0,"F","F",4,"G","F","F","",0,0,"N",0,"N",0,"N",0,0,0,0,"43","","","","F","F","F","F","F","F","F","F","F","","","","F","F","F","F","F","","","","",0,3,0,0,4,0,0,0,0,51,"NY1","BSN","NY1",0,"T","F",5,6,0,23,0,"T","F",0,0,"T","T","padge101","gibsf101","F","F",0,0,0,0,0,0,0,0,0,"","","",0,0,0,0,0,0,0,0,0,0,0,0,0,"frisf101","F","F","F","F",0,0,0,0,0,0,0,0,0,0,F,F,"1924NY1.EVN.regular.event.csv",1803
"NY1192406280","BSN",6,0,1,0,0,"",5,6,"padge101","?","padge101","?","ryanr101","?","ryanr101","?","gowdh101","kellg101","frisf101","grohh101","jackt101","meusi101","wilsh102","younr101","","","","9/F","F","F",5,7,2,"T","T",0,"F","F",1,"F","F",0,"F","F",9,"F","F","F","",0,0,"N",0,"N",0,"N",0,0,0,0,"9","","","","F","F","F","F","F","F","F","F","F","","","","F","F","F","F","F","","","","",0,9,0,0,0,0,0,0,0,52,"NY1","BSN","NY1",0,"F","F",5,6,0,24,1,"T","F",0,0,"T","T","gibsf101","lucar102","F","F",0,0,0,0,0,0,0,0,0,"","","",0,0,0,0,0,0,0,0,0,0,0,0,0,"younr101","F","F","F","F",0,0,0,0,0,0,0,0,0,0,F,F,"1924NY1.EVN.regular.event.csv",1804
"NY1192406280","BSN",6,0,2,0,0,"",5,6,"gibsf101","?","gibsf101","?","ryanr101","?","ryanr101","?","gowdh101","kellg101","frisf101","grohh101","jackt101","meusi101","wilsh102","younr101","","","","43","F","F",2,8,2,"T","T",0,"F","F",1,"F","F",0,"F","F",4,"G","F","F","",0,0,"N",0,"N",0,"N",0,0,0,0,"43","","","","F","F","F","F","F","F","F","F","F","","","","F","F","F","F","F","","","","",0,3,0,0,4,0,0,0,0,53,"NY1","BSN","NY1",0,"F","T",5,6,0,25,2,"T","F",0,0,"T","T","lucar102","bancd101","F","F",0,0,0,0,0,0,0,0,0,"","","",0,0,0,0,0,0,0,0,0,0,0,0,0,"frisf101","F","F","F","F",0,0,0,0,0,0,0,0,0,0,F,F,"1924NY1.EVN.regular.event.csv",1805
"NY1192406280","BSN",6,1,0,0,0,"",5,6,"gowdh101","?","gowdh101","?","lucar102","?","lucar102","?","gibsf101","mcins101","tierc101","padge101","bancd101","cunnb102","power101","stenc101","","","","HR/F7D","T","F",2,8,23,"T","T",4,"F","F",0,"F","F",1,"F","F",0,"F","F","F","7D",0,0,"N",0,"N",0,"N",4,0,0,0,"","","","","F","F","F","F","F","F","F","F","F","","","","F","F","F","F","F","","","","",0,0,0,0,0,0,0,0,0,54,"NY1","NY1","BSN",1,"T","F",6,5,0,25,0,"T","F",0,0,"T","T","ryanr101","younr101","F","F",0,0,0,0,0,0,0,0,0,"","","",0,0,0,0,0,0,0,0,0,0,0,0,1,"","F","F","F","F",4,0,0,0,0,0,0,0,0,0,F,F,"1924NY1.EVN.regular.event.csv",1806
"NY1192406280","BSN",6,1,0,0,0,"",5,7,"ryanr101","?","ryanr101","?","lucar102","?","lucar102","?","gibsf101","mcins101","tierc101","padge101","bancd101","cunnb102","power101","stenc101","","","","K","F","F",1,9,3,"T","T",0,"F","F",1,"F","F",0,"F","F",0,"","F","F","",0,0,"N",0,"N",0,"N",0,0,0,0,"2","","","","F","F","F","F","F","F","F","F","F","","","","F","F","F","F","F","","","","",0,2,0,0,0,0,0,0,0,55,"NY1","NY1","BSN",1,"F","F",7,5,1,26,1,"T","F",0,0,"F","F","younr101","frisf101","F","F",0,0,0,0,0,0,0,0,0,"","","",0,0,0,0,0,0,0,0,0,0,0,0,0,"","F","F","F","F",0,0,0,0,0,0,0,0,0,0,F,F,"1924NY1.EVN.regular.event.csv",1807
"NY1192406280","BSN",6,1,1,0,0,"",5,7,"younr101","?","younr101","?","lucar102","?","lucar102","?","gibsf101","mcins101","tierc101","padge101","bancd101","cunnb102","power101","stenc101","","","","T8/89.BXH(862)#","F","F",9,1,22,"T","T",3,"F","F",1,"F","F",0,"F","F",8,"","F","F","89",0,0,"N",0,"N",0,"N",0,0,0,0,"862","","","","F","F","F","F","F","F","F","F","F","","","","F","F","F","F","F","","","","",0,2,0,0,8,6,0,0,0,56,"NY1","NY1","BSN",1,"F","F",7,5,1,27,2,"T","F",0,0,"T","T","frisf101","wilsh102","F","F",0,0,0,0,0,0,0,0,0,"","","",0,0,0,0,0,0,0,0,0,0,0,0,0,"power101","F","F","F","F",0,0,0,0,0,0,0,0,0,0,F,T,"1924NY1.EVN.regular.event.csv",1808
"NY1192406280","BSN",6,1,2,0,0,"",5,7,"frisf101","?","frisf101","?","lucar102","?","lucar102","?","gibsf101","mcins101","tierc101","padge101","bancd101","cunnb102","power101","stenc101","","","","8/F","F","F",4,2,2,"T","T",0,"F","F",1,"F","F",0,"F","F",8,"F","F","F","",0,0,"N",0,"N",0,"N",0,0,0,0,"8","","","","F","F","F","F","F","F","F","F","F","","","","F","F","F","F","F","","","","",0,8,0,0,0,0,0,0,0,57,"NY1","NY1","BSN",1,"F","T",7,5,1,28,3,"T","F",0,0,"T","T","wilsh102","kellg101","F","F",0,0,0,0,0,0,0,0,0,"","","",0,0,0,0,0,0,0,0,0,0,0,0,0,"power101","F","F","F","F",0,0,0,0,0,0,0,0,0,0,F,F,"1924NY1.EVN.regular.event.csv",1809
"NY1192406280","BSN",7,0,0,0,0,"",5,7,"lucar102","?","lucar102","?","ryanr101","?","ryanr101","?","gowdh101","kellg101","frisf101","grohh101","jackt101","meusi101","wilsh102","younr101","","","","S","T","F",1,9,20,"T","T",1,"F","F",0,"F","F",0,"F","F",0,"","F","F","",0,0,"N",0,"N",0,"N",1,0,0,0,"","","","","F","F","F","F","F","F","F","F","F","","","","F","F","F","F","F","","","","",0,0,0,0,0,0,0,0,0,58,"NY1","BSN","NY1",0,"T","F",5,7,0,26,0,"T","F",0,1,"F","F","bancd101","power101","F","F",0,0,0,0,0,0,0,0,0,"","","",0,0,0,0,0,0,0,0,0,0,0,0,0,"","F","F","F","F",4,0,0,0,1,0,0,0,0,0,F,F,"1924NY1.EVN.regular.event.csv",1810
"NY1192406280","BSN",7,0,0,0,0,"",5,7,"bancd101","?","bancd101","?","ryanr101","?","ryanr101","?","gowdh101","kellg101","frisf101","grohh101","jackt101","meusi101","wilsh102","younr101","lucar102","","","S.1-2","F","F",6,1,20,"T","T",1,"F","F",0,"F","F",0,"F","F",0,"","F","F","",0,0,"N",0,"N",0,"N",1,2,0,0,"","","","","F","F","F","F","F","F","F","F","F","ryanr101","","","F","F","F","F","F","","","","",0,0,0,0,0,0,0,0,0,59,"NY1","BSN","NY1",0,"F","F",5,7,0,27,1,"T","F",1,3,"T","T","power101","cunnb102","F","F",1,9,58,0,0,0,0,0,0,"gowdh101","","",0,0,0,0,0,0,0,0,0,0,0,0,0,"","F","F","F","F",0,4,0,0,1,0,0,0,0,0,F,F,"1924NY1.EVN.regular.event.csv",1811
"NY1192406280","BSN",7,0,0,0,0,"",5,7,"power101","?","power101","?","ryanr101","?","ryanr101","?","gowdh101","kellg101","frisf101","grohh101","jackt101","meusi101","wilsh102","younr101","bancd101","lucar102","","43.2-3;1-2","F","F",8,2,2,"T","T",0,"F","F",1,"F","F",0,"F","F",4,"G","F","F","",0,0,"N",0,"N",0,"N",0,2,3,0,"43","","","","F","F","F","F","F","F","F","F","F","ryanr101","ryanr101","","F","F","F","F","F","","","","",0,3,0,0,4,0,0,0,0,60,"NY1","BSN","NY1",0,"F","F",5,7,0,28,2,"T","F",3,6,"T","T","cunnb102","mcins101","F","F",6,1,59,1,9,58,0,0,0,"gowdh101","gowdh101","",0,0,0,0,0,0,0,0,0,0,0,0,0,"frisf101","F","F","F","F",0,0,4,0,1,0,0,0,0,0,F,F,"1924NY1.EVN.regular.event.csv",1812
"NY1192406280","BSN",7,0,1,0,0,"",5,7,"cunnb102","?","cunnb102","?","ryanr101","?","ryanr101","?","gowdh101","kellg101","frisf101","grohh101","jackt101","meusi101","wilsh102","younr101","","bancd101","lucar102","43/G34.3-H;2-3","F","F",7,3,2,"T","T",0,"F","F",1,"F","F",1,"F","F",4,"G","F","F","34",0,0,"N",0,"N",0,"N",0,0,3,4,"43","","","","F","F","F","F","F","F","F","F","F","","ryanr101","ryanr101","F","F","F","F","F","","","","",0,3,0,0,4,0,0,0,0,61,"NY1","BSN","NY1",0,"F","F",5,7,0,29,3,"T","F",6,4,"T","T","mcins101","tierc101","F","F",0,0,0,6,1,59,1,9,58,"","gowdh101","gowdh101",0,0,0,0,0,0,0,0,0,0,0,0,1,"frisf101","F","F","F","F",0,0,0,4,0,0,0,0,0,0,F,F,"1924NY1.EVN.regular.event.csv",1813
"NY1192406280","BSN",7,0,2,0,0,"",6,7,"mcins101","?","mcins101","?","ryanr101","?","ryanr101","?","gowdh101","kellg101","frisf101","grohh101","jackt101","meusi101","wilsh102","younr101","","","bancd101","53","F","F",3,4,2,"T","T",0,"F","F",1,"F","F",0,"F","F",5,"G","F","F","",0,0,"N",0,"N",0,"N",0,0,0,3,"53","","","","F","F","F","F","F","F","F","F","F","","","ryanr101","F","F","F","F","F","","","","",0,3,0,0,5,0,0,0,0,62,"NY1","BSN","NY1",0,"F","T",6,7,1,30,4,"T","F",4,4,"T","T","tierc101","stenc101","F","F",0,0,0,0,0,0,6,1,59,"","","gowdh101",0,0,0,0,0,0,0,0,0,0,0,0,0,"grohh101","F","F","F","F",0,0,0,0,0,0,0,0,0,0,F,F,"1924NY1.EVN.regular.event.csv",1814
"NY1192406280","BSN",7,1,0,0,0,"",6,7,"wilsh102","?","wilsh102","?","lucar102","?","lucar102","?","gibsf101","mcins101","tierc101","padge101","bancd101","cunnb102","power101","stenc101","","","","T","T","F",8,3,22,"T","T",3,"F","F",0,"F","F",0,"F","F",0,"","F","F","",0,0,"N",0,"N",0,"N",3,0,0,0,"","","","","F","F","F","F","F","F","F","F","F","","","","F","F","F","F","F","","","","",0,0,0,0,0,0,0,0,0,63,"NY1","NY1","BSN",1,"T","F",7,6,0,29,0,"T","F",0,4,"T","T","kellg101","meusi101","F","F",0,0,0,0,0,0,0,0,0,"","","",0,0,0,0,0,0,0,0,0,0,0,0,0,"","F","F","F","F",4,0,0,0,1,0,0,0,0,0,F,F,"1924NY1.EVN.regular.event.csv",1815
"NY1192406280","BSN",7,1,0,0,0,"",6,7,"kellg101","?","kellg101","?","lucar102","?","lucar102","?","gibsf101","mcins101","tierc101","padge101","bancd101","cunnb102","power101","stenc101","","","wilsh102","K","F","F",3,4,3,"T","T",0,"F","F",1,"F","F",0,"F","F",0,"","F","F","",0,0,"N",0,"N",0,"N",0,0,0,3,"2","","","","F","F","F","F","F","F","F","F","F","","","lucar102","F","F","F","F","F","","","","",0,2,0,0,0,0,0,0,0,64,"NY1","NY1","BSN",1,"F","F",7,6,0,30,1,"T","F",4,4,"T","T","meusi101","jackt101","F","F",0,0,0,0,0,0,8,3,63,"","","gibsf101",0,0,0,0,0,0,0,0,0,0,0,0,0,"","F","F","F","F",0,0,0,4,1,0,0,0,0,0,F,F,"1924NY1.EVN.regular.event.csv",1816
"NY1192406280","BSN",7,1,1,0,0,"",6,7,"meusi101","?","meusi101","?","lucar102","?","lucar102","?","gibsf101","mcins101","tierc101","padge101","bancd101","cunnb102","power101","stenc101","","","wilsh102","7/SF.3-H","F","F",7,5,2,"T","F",0,"F","T",1,"F","F",1,"F","F",7,"F","F","F","",0,0,"N",0,"N",0,"N",0,0,0,4,"7","","","","F","F","F","F","F","F","F","F","F","","","lucar102","F","F","F","F","F","","","","",0,7,0,0,0,0,0,0,0,65,"NY1","NY1","BSN",1,"F","F",7,6,0,31,2,"T","F",4,0,"T","T","jackt101","grohh101","F","F",0,0,0,0,0,0,8,3,63,"","","gibsf101",0,0,0,0,0,0,0,0,0,0,0,0,1,"cunnb102","F","F","F","F",0,0,0,4,0,0,0,0,0,0,F,F,"1924NY1.EVN.regular.event.csv",1817
"NY1192406280","BSN",7,1,2,0,0,"",6,8,"jackt101","?","jackt101","?","lucar102","?","lucar102","?","gibsf101","mcins101","tierc101","padge101","bancd101","cunnb102","power101","stenc101","","","","K","F","F",6,6,3,"T","T",0,"F","F",1,"F","F",0,"F","F",0,"","F","F","",0,0,"N",0,"N",0,"N",0,0,0,0,"2","","","","F","F","F","F","F","F","F","F","F","","","","F","F","F","F","F","","","","",0,2,0,0,0,0,0,0,0,66,"NY1","NY1","BSN",1,"F","T",8,6,1,32,3,"T","F",0,0,"T","T","grohh101","gowdh101","F","F",0,0,0,0,0,0,0,0,0,"","","",0,0,0,0,0,0,0,0,0,0,0,0,0,"","F","F","F","F",0,0,0,0,0,0,0,0,0,0,F,F,"1924NY1.EVN.regular.event.csv",1818
"NY1192406280","BSN",8,0,0,0,0,"",6,8,"tierc101","?","tierc101","?","ryanr101","?","ryanr101","?","gowdh101","kellg101","frisf101","grohh101","jackt101","meusi101","wilsh102","younr101","","","","7/L","T","F",4,5,2,"T","T",0,"F","F",1,"F","F",0,"F","F",7,"L","F","F","",0,0,"N",0,"N",0,"N",0,0,0,0,"7","","","","F","F","F","F","F","F","F","F","F","","","","F","F","F","F","F","","","","",0,7,0,0,0,0,0,0,0,67,"NY1","BSN","NY1",0,"T","F",6,8,0,31,0,"T","F",0,0,"T","T","stenc101","padge101","F","F",0,0,0,0,0,0,0,0,0,"","","",0,0,0,0,0,0,0,0,0,0,0,0,0,"meusi101","F","F","F","F",0,0,0,0,0,0,0,0,0,0,F,F,"1924NY1.EVN.regular.event.csv",1819
"NY1192406280","BSN",8,0,1,0,0,"",6,8,"stenc101","?","stenc101","?","ryanr101","?","ryanr101","?","gowdh101","kellg101","frisf101","grohh101","jackt101","meusi101","wilsh102","younr101","","","","W","F","F",9,6,14,"T","F",0,"F","F",0,"F","F",0,"F","F",0,"","F","F","",0,0,"N",0,"N",0,"N",1,0,0,0,"","","","","F","F","F","F","F","F","F","F","F","","","","F","F","F","F","F","","","","",0,0,0,0,0,0,0,0,0,68,"NY1","BSN","NY1",0,"F","F",6,8,0,32,1,"T","F",0,1,"T","T","padge101","gibsf101","F","F",0,0,0,0,0,0,0,0,0,"","","",0,0,0,0,0,0,0,0,0,0,0,0,0,"","F","F","F","F",0,0,0,0,0,0,0,0,0,0,F,F,"1924NY1.EVN.regular.event.csv",1820
"NY1192406280","BSN",8,0,1,0,0,"",6,8,"padge101","?","padge101","?","ryanr101","?","ryanr101","?","gowdh101","kellg101","frisf101","grohh101","jackt101","meusi101","wilsh102","younr101","stenc101","","","9/L","F","F",5,7,2,"T","T",0,"F","F",1,"F","F",0,"F","F",9,"L","F","F","",0,0,"N",0,"N",0,"N",0,1,0,0,"9","","","","F","F","F","F","F","F","F","F","F","ryanr101","","","F","F","F","F","F","","","","",0,9,0,0,0,0,0,0,0,69,"NY1","BSN","NY1",0,"F","F",6,8,0,33,2,"T","F",1,1,"T","T","gibsf101","lucar102","F","F",9,6,68,0,0,0,0,0,0,"gowdh101","","",0,0,0,0,0,0,0,0,0,0,0,0,0,"younr101","F","F","F","F",0,0,0,0,0,0,0,0,0,0,F,F,"1924NY1.EVN.regular.event.csv",1821
"NY1192406280","BSN",8,0,2,0,0,"",6,8,"gibsf101","?","gibsf101","?","ryanr101","?","ryanr101","?","gowdh101","kellg101","frisf101","grohh101","jackt101","meusi101","wilsh102","younr101","stenc101","","","53","F","F",2,8,2,"T","T",0,"F","F",1,"F","F",0,"F","F",5,"G","F","F","",0,0,"N",0,"N",0,"N",0,1,0,0,"53","","","","F","F","F","F","F","F","F","F","F","ryanr101","","","F","F","F","F","F","","","","",0,3,0,0,5,0,0,0,0,70,"NY1","BSN","NY1",0,"F","T",6,8,0,34,3,"T","F",1,1,"T","T","lucar102","bancd101","F","F",9,6,68,0,0,0,0,0,0,"gowdh101","","",0,0,0,0,0,0,0,0,0,0,0,0,0,"grohh101","F","F","F","F",0,0,0,0,0,0,0,0,0,0,F,F,"1924NY1.EVN.regular.event.csv",1822
"NY1192406280","BSN",8,1,0,0,0,"",6,8,"grohh101","?","grohh101","?","lucar102","?","lucar102","?","gibsf101","mcins101","tierc101","padge101","bancd101","cunnb102","power101","stenc101","","","","63","T","F",5,7,2,"T","T",0,"F","F",1,"F","F",0,"F","F",6,"G","F","F","",0,0,"N",0,"N",0,"N",0,0,0,0,"63","","","","F","F","F","F","F","F","F","F","F","","","","F","F","F","F","F","","","","",0,3,0,0,6,0,0,0,0,71,"NY1","NY1","BSN",1,"T","F",8,6,0,33,0,"T","F",0,0,"T","T","gowdh101","ryanr101","F","F",0,0,0,0,0,0,0,0,0,"","","",0,0,0,0,0,0,0,0,0,0,0,0,0,"bancd101","F","F","F","F",0,0,0,0,0,0,0,0,0,0,F,F,"1924NY1.EVN.regular.event.csv",1823
"NY1192406280","BSN",8,1,1,0,0,"",6,8,"gowdh101","?","gowdh101","?","lucar102","?","lucar102","?","gibsf101","mcins101","tierc101","padge101","bancd101","cunnb102","power101","stenc101","","","","63","F","F",2,8,2,"T","T",0,"F","F",1,"F","F",0,"F","F",6,"G","F","F","",0,0,"N",0,"N",0,"N",0,0,0,0,"63","","","","F","F","F","F","F","F","F","F","F","","","","F","F","F","F","F","","","","",0,3,0,0,6,0,0,0,0,72,"NY1","NY1","BSN",1,"F","F",8,6,0,34,1,"T","F",0,0,"T","T","ryanr101","younr101","F","F",0,0,0,0,0,0,0,0,0,"","","",0,0,0,0,0,0,0,0,0,0,0,0,0,"bancd101","F","F","F","F",0,0,0,0,0,0,0,0,0,0,F,F,"1924NY1.EVN.regular.event.csv",1824
"NY1192406280","BSN",8,1,2,0,0,"",6,8,"ryanr101","?","ryanr101","?","lucar102","?","lucar102","?","gibsf101","mcins101","tierc101","padge101","bancd101","cunnb102","power101","stenc101","","","","7/F","F","F",1,9,2,"T","T",0,"F","F",1,"F","F",0,"F","F",7,"F","F","F","",0,0,"N",0,"N",0,"N",0,0,0,0,"7","","","","F","F","F","F","F","F","F","F","F","","","","F","F","F","F","F","","","","",0,7,0,0,0,0,0,0,0,73,"NY1","NY1","BSN",1,"F","T",8,6,0,35,2,"T","F",0,0,"F","F","younr101","frisf101","F","F",0,0,0,0,0,0,0,0,0,"","","",0,0,0,0,0,0,0,0,0,0,0,0,0,"cunnb102","F","F","F","F",0,0,0,0,0,0,0,0,0,0,F,F,"1924NY1.EVN.regular.event.csv",1825
"NY1192406280","BSN",9,0,0,0,0,"",6,8,"lucar102","?","lucar102","?","ryanr101","?","ryanr101","?","gowdh101","kellg101","frisf101","grohh101","jackt101","meusi101","wilsh102","younr101","","","","S8","T","F",1,9,20,"T","T",1,"F","F",0,"F","F",0,"F","F",8,"","F","F","",0,0,"N",0,"N",0,"N",1,0,0,0,"","","","","F","F","F","F","F","F","F","F","F","","","","F","F","F","F","F","","","","",0,0,0,0,0,0,0,0,0,74,"NY1","BSN","NY1",0,"T","F",6,8,0,35,0,"T","F",0,1,"F","F","bancd101","power101","F","F",0,0,0,0,0,0,0,0,0,"","","",0,0,0,0,0,0,0,0,0,0,0,0,0,"wilsh102","F","F","F","F",4,0,0,0,2,0,0,0,0,0,F,F,"1924NY1.EVN.regular.event.csv",1826
"NY1192406280","BSN",9,0,0,0,0,"",6,8,"bancd101","?","bancd101","?","ryanr101","?","ryanr101","?","gowdh101","kellg101","frisf101","grohh101","jackt101","meusi101","wilsh102","younr101","lucar102","","","S9/G4.1-2","F","F",6,1,20,"T","T",1,"F","F",0,"F","F",0,"F","F",9,"G","F","F","4",0,0,"N",0,"N",0,"N",1,2,0,0,"","","","","F","F","F","F","F","F","F","F","F","ryanr101","","","F","F","F","F","F","","","","",0,0,0,0,0,0,0,0,0,75,"NY1","BSN","NY1",0,"F","F",6,8,0,36,1,"T","F",1,3,"T","T","power101","cunnb102","F","F",1,9,74,0,0,0,0,0,0,"gowdh101","","",0,0,0,0,0,0,0,0,0,0,0,0,0,"younr101","F","F","F","F",4,4,0,0,2,0,0,0,0,0,F,F,"1924NY1.EVN.regular.event.csv",1827
"NY1192406280","BSN",9,0,0,0,0,"",6,8,"power101","?","power101","?","ryanr101","?","ryanr101","?","gowdh101","kellg101","frisf101","grohh101","jackt101","meusi101","wilsh102","younr101","bancd101","lucar102","","E4/G.2-3;1-2","F","F",8,2,18,"T","T",0,"F","F",0,"F","F",0,"F","F",4,"G","F","F","",1,4,"F",0,"N",0,"N",1,2,3,0,"","","","","F","F","F","F","F","F","F","F","F","ryanr101","ryanr101","","F","F","F","F","F","","","","",0,0,0,0,0,0,0,0,0,76,"NY1","BSN","NY1",0,"F","F",6,8,0,37,2,"T","F",3,7,"T","T","cunnb102","mcins101","F","F",6,1,75,1,9,74,0,0,0,"gowdh101","gowdh101","",0,0,0,0,0,0,0,0,0,0,0,0,0,"frisf101","F","F","F","T",0,4,4,0,2,0,0,0,0,0,F,F,"1924NY1.EVN.regular.event.csv",1828
"NY1192406280","BSN",9,0,0,0,0,"",6,8,"cunnb102","?","cunnb102","?","ryanr101","?","ryanr101","?","gowdh101","kellg101","frisf101","grohh101","jackt101","meusi101","wilsh102","younr101","power101","bancd101","lucar102","S9.3-H;2-H;1X3(95)","F","F",7,3,20,"T","T",1,"F","F",1,"F","F",2,"F","F",9,"","F","F","",0,0,"N",0,"N",0,"N",1,0,4,4,"","95","","","F","F","F","F","F","F","F","F","F","ryanr101","ryanr101","ryanr101","F","F","F","F","F","","","","",0,5,0,0,9,0,0,0,0,77,"NY1","BSN","NY1",0,"F","F",6,8,0,38,3,"T","F",7,1,"T","T","mcins101","tierc101","F","F",8,2,76,6,1,75,1,9,74,"gowdh101","gowdh101","gowdh101",0,0,0,0,0,0,0,0,0,0,0,0,2,"younr101","F","F","F","F",0,0,4,4,0,0,0,0,0,0,F,F,"1924NY1.EVN.regular.event.csv",1829
"NY1192406280","BSN",9,0,1,0,0,"",8,8,"mcins101","?","mcins101","?","jonnc101","?","jonnc101","?","gowdh101","kellg101","frisf101","grohh101","jackt101","meusi101","wilsh102","younr101","cunnb102","","","3/G.1-2","F","F",3,4,2,"T","T",0,"F","F",1,"F","F",0,"F","F",3,"G","F","F","",0,0,"N",0,"N",0,"N",0,2,0,0,"3","","","","F","F","F","F","F","F","F","F","F","ryanr101","","","F","F","F","F","F","","","","",0,3,0,0,0,0,0,0,0,78,"NY1","BSN","NY1",0,"F","F",8,8,2,39,4,"T","F",1,2,"T","T","tierc101","stenc101","F","F",7,3,77,0,0,0,0,0,0,"gowdh101","","",0,0,0,0,0,0,0,0,0,0,0,0,0,"kellg101","F","F","F","F",0,0,0,0,0,0,0,0,0,0,F,F,"1924NY1.EVN.regular.event.csv",1830
"NY1192406280","BSN",9,0,2,0,0,"",8,8,"tierc101","?","tierc101","?","jonnc101","?","jonnc101","?","gowdh101","kellg101","frisf101","grohh101","jackt101","meusi101","wilsh102","younr101","","cunnb102","","43","F","F",4,5,2,"T","T",0,"F","F",1,"F","F",0,"F","F",4,"G","F","F","",0,0,"N",0,"N",0,"N",0,0,2,0,"43","","","","F","F","F","F","F","F","F","F","F","","ryanr101","","F","F","F","F","F","","","","",0,3,0,0,4,0,0,0,0,79,"NY1","BSN","NY1",0,"F","T",8,8,2,40,5,"T","F",2,2,"T","T","stenc101","padge101","F","F",0,0,0,7,3,77,0,0,0,"","gowdh101","",0,0,0,0,0,0,0,0,0,0,0,0,0,"frisf101","F","F","F","F",0,0,0,0,0,0,0,0,0,0,F,F,"1924NY1.EVN.regular.event.csv",1831
"NY1192406280","BSN",9,1,0,0,0,"",8,8,"younr101","?","younr101","?","lucar102","?","lucar102","?","gibsf101","mcins101","tierc101","padge101","bancd101","cunnb102","power101","stenc101","","","","S9","T","F",9,1,20,"T","T",1,"F","F",0,"F","F",0,"F","F",9,"","F","F","",0,0,"N",0,"N",0,"N",1,0,0,0,"","","","","F","F","F","F","F","F","F","F","F","","","","F","F","F","F","F","","","","",0,0,0,0,0,0,0,0,0,80,"NY1","NY1","BSN",1,"T","F",8,8,0,36,0,"T","F",0,1,"T","T","frisf101","wilsh102","F","F",0,0,0,0,0,0,0,0,0,"","","",0,0,0,0,0,0,0,0,0,0,0,0,0,"stenc101","F","F","F","F",0,0,0,0,1,0,0,0,0,0,F,F,"1924NY1.EVN.regular.event.csv",1832
"NY1192406280","BSN",9,1,0,0,0,"",8,8,"frisf101","?","frisf101","?","lucar102","?","lucar102","?","gibsf101","mcins101","tierc101","padge101","bancd101","cunnb102","power101","stenc101","younr101","","","64(1)/FO","F","F",4,2,2,"T","T",0,"F","F",1,"F","F",0,"F","F",6,"G","F","F","",0,0,"N",0,"N",0,"N",1,0,0,0,"","64","","","F","F","F","F","F","F","F","F","F","lucar102","","","F","F","F","F","F","","","","",0,4,0,0,6,0,0,0,0,81,"NY1","NY1","BSN",1,"F","F",8,8,0,37,1,"T","F",1,1,"T","T","wilsh102","kellg101","F","F",9,1,80,0,0,0,0,0,0,"gibsf101","","",0,0,0,0,0,0,0,0,0,0,0,0,0,"bancd101","T","F","F","F",4,0,0,0,1,0,0,0,0,0,F,F,"1924NY1.EVN.regular.event.csv",1833
"NY1192406280","BSN",9,1,1,0,0,"",8,8,"wilsh102","?","wilsh102","?","lucar102","?","lucar102","?","gibsf101","mcins101","tierc101","padge101","bancd101","cunnb102","power101","stenc101","frisf101","","","7/F7D.1-2","F","F",8,3,2,"T","T",0,"F","F",1,"F","F",0,"F","F",7,"F","F","F","7D",0,0,"N",0,"N",0,"N",0,2,0,0,"7","","","","F","F","F","F","F","F","F","F","F","lucar102","","","F","F","F","F","F","","","","",0,7,0,0,0,0,0,0,0,82,"NY1","NY1","BSN",1,"F","F",8,8,0,38,2,"T","F",1,2,"T","T","kellg101","meusi101","F","F",4,2,81,0,0,0,0,0,0,"gibsf101","","",0,0,0,0,0,0,0,0,0,0,0,0,0,"cunnb102","F","F","F","F",0,4,0,0,1,0,0,0,0,0,F,F,"1924NY1.EVN.regular.event.csv",1834
"NY1192406280","BSN",9,1,2,0,0,"",8,8,"kellg101","?","kellg101","?","lucar102","?","lucar102","?","gibsf101","mcins101","tierc101","padge101","bancd101","cunnb102","power101","stenc101","","frisf101","","IW","F","F",3,4,15,"T","F",0,"F","F",0,"F","F",0,"F","F",0,"","F","F","",0,0,"N",0,"N",0,"N",1,0,2,0,"","","","","F","F","F","F","F","F","F","F","F","","lucar102","","F","F","F","F","F","","","","",0,0,0,0,0,0,0,0,0,83,"NY1","NY1","BSN",1,"F","F",8,8,0,39,3,"T","F",2,3,"T","T","meusi101","jackt101","F","F",0,0,0,4,2,81,0,0,0,"","gibsf101","",0,0,0,0,0,0,0,0,0,0,0,0,0,"","F","F","F","F",3,0,4,0,1,0,0,0,0,0,F,F,"1924NY1.EVN.regular.event.csv",1835
"NY1192406280","BSN",9,1,2,0,0,"",8,8,"meusi101","?","meusi101","?","lucar102","?","lucar102","?","gibsf101","mcins101","tierc101","padge101","bancd101","cunnb102","power101","stenc101","kellg101","frisf101","","D/L89S.2-H;1-3#","F","F",7,5,21,"T","T",2,"F","F",0,"F","F",1,"F","F",0,"L","F","F","89S",0,0,"N",0,"N",0,"N",2,3,4,0,"","","","","F","F","F","F","F","F","F","F","F","lucar102","lucar102","","F","T","F","F","F","","","","",0,0,0,0,0,0,0,0,0,84,"NY1","NY1","BSN",1,"F","T",8,8,0,40,4,"T","F",3,6,"T","T","jackt101","grohh101","F","F",3,4,83,4,2,81,0,0,0,"gibsf101","gibsf101","",0,0,0,0,0,0,0,0,0,0,0,0,1,"","F","F","F","F",2,3,4,0,0,0,0,0,0,0,F,T,"1924NY1.EVN.regular.event.csv",1836
"NY1192406300","BRO",1,0,0,0,0,"",0,0,"higha101","?","higha101","?","nehfa101","?","nehfa101","?","snydf101","kellg101","frisf101","grohh101","jackt101","meusi101","wilsh102","younr101","","","","3/G","T","F",6,1,2,"T","T",0,"F","F",1,"F","F",0,"F","F",3,"G","F","F","",0,0,"N",0,"N",0,"N",0,0,0,0,"3","","","","F","F","F","F","F","F","F","F","F","","","","T","F","F","F","F","","","","",0,3,0,0,0,0,0,0,0,1,"NY1","BRO","NY1",0,"T","F",0,0,0,0,0,"T","F",0,0,"T","T","neisb101","wheaz101","T","T",0,0,0,0,0,0,0,0,0,"","","",0,0,0,0,0,0,0,0,0,0,0,0,0,"kellg101","F","F","F","F",0,0,0,0,0,0,0,0,0,0,F,F,"1924NY1.EVN.regular.event.csv",1837
"NY1192406300","BRO",1,0,1,0,0,"",0,0,"neisb101","?","neisb101","?","nehfa101","?","nehfa101","?","snydf101","kellg101","frisf101","grohh101","jackt101","meusi101","wilsh102","younr101","","","","63","F","F",9,2,2,"T","T",0,"F","F",1,"F","F",0,"F","F",6,"G","F","F","",0,0,"N",0,"N",0,"N",0,0,0,0,"63","","","","F","F","F","F","F","F","F","F","F","","","","F","F","F","F","F","","","","",0,3,0,0,6,0,0,0,0,2,"NY1","BRO","NY1",0,"F","F",0,0,0,1,1,"T","F",0,0,"T","T","wheaz101","fourj101","T","T",0,0,0,0,0,0,0,0,0,"","","",0,0,0,0,0,0,0,0,0,0,0,0,0,"jackt101","F","F","F","F",0,0,0,0,0,0,0,0,0,0,F,F,"1924NY1.EVN.regular.event.csv",1838
"NY1192406300","BRO",1,0,2,0,0,"",0,0,"wheaz101","?","wheaz101","?","nehfa101","?","nehfa101","?","snydf101","kellg101","frisf101","grohh101","jackt101","meusi101","wilsh102","younr101","","","","63","F","F",7,3,2,"T","T",0,"F","F",1,"F","F",0,"F","F",6,"G","F","F","",0,0,"N",0,"N",0,"N",0,0,0,0,"63","","","","F","F","F","F","F","F","F","F","F","","","","F","F","F","F","F","","","","",0,3,0,0,6,0,0,0,0,3,"NY1","BRO","NY1",0,"F","T",0,0,0,2,2,"T","F",0,0,"T","T","fourj101","browe102","T","T",0,0,0,0,0,0,0,0,0,"","","",0,0,0,0,0,0,0,0,0,0,0,0,0,"jackt101","F","F","F","F",0,0,0,0,0,0,0,0,0,0,F,F,"1924NY1.EVN.regular.event.csv",1839
"NY1192406300","BRO",1,1,0,0,0,"",0,0,"younr101","?","younr101","?","osbot101","?","osbot101","?","taylz101","fourj101","klugj101","stocm101","higha101","wheaz101","browe102","neisb101","","","","9/F","T","F",9,1,2,"T","T",0,"F","F",1,"F","F",0,"F","F",9,"F","F","F","",0,0,"N",0,"N",0,"N",0,0,0,0,"9","","","","F","F","F","F","F","F","F","F","F","","","","F","F","F","F","F","","","","",0,9,0,0,0,0,0,0,0,4,"NY1","NY1","BRO",1,"T","F",0,0,0,0,0,"T","F",0,0,"T","T","frisf101","wilsh102","T","T",0,0,0,0,0,0,0,0,0,"","","",0,0,0,0,0,0,0,0,0,0,0,0,0,"neisb101","F","F","F","F",0,0,0,0,2,0,0,0,0,0,F,F,"1924NY1.EVN.regular.event.csv",1840
"NY1192406300","BRO",1,1,1,0,0,"",0,0,"frisf101","?","frisf101","?","osbot101","?","osbot101","?","taylz101","fourj101","klugj101","stocm101","higha101","wheaz101","browe102","neisb101","","","","6/P","F","F",4,2,2,"T","T",0,"F","F",1,"F","F",0,"F","F",6,"P","F","F","",0,0,"N",0,"N",0,"N",0,0,0,0,"6","","","","F","F","F","F","F","F","F","F","F","","","","F","F","F","F","F","","","","",0,6,0,0,0,0,0,0,0,5,"NY1","NY1","BRO",1,"F","F",0,0,0,1,1,"T","F",0,0,"T","T","wilsh102","kellg101","T","T",0,0,0,0,0,0,0,0,0,"","","",0,0,0,0,0,0,0,0,0,0,0,0,0,"higha101","F","F","F","F",0,0,0,0,2,0,0,0,0,0,F,F,"1924NY1.EVN.regular.event.csv",1841
"NY1192406300","BRO",1,1,2,0,0,"",0,0,"wilsh102","?","wilsh102","?","osbot101","?","osbot101","?","taylz101","fourj101","klugj101","stocm101","higha101","wheaz101","browe102","neisb101","","","","W","F","F",8,3,14,"T","F",0,"F","F",0,"F","F",0,"F","F",0,"","F","F","",0,0,"N",0,"N",0,"N",1,0,0,0,"","","","","F","F","F","F","F","F","F","F","F","","","","F","F","F","F","F","","","","",0,0,0,0,0,0,0,0,0,6,"NY1","NY1","BRO",1,"F","F",0,0,0,2,2,"T","F",0,1,"T","T","kellg101","meusi101","T","T",0,0,0,0,0,0,0,0,0,"","","",0,0,0,0,0,0,0,0,0,0,0,0,0,"","F","F","F","F",4,0,0,0,2,0,0,0,0,0,F,F,"1924NY1.EVN.regular.event.csv",1842
"NY1192406300","BRO",1,1,2,0,0,"",0,0,"kellg101","?","kellg101","?","osbot101","?","osbot101","?","taylz101","fourj101","klugj101","stocm101","higha101","wheaz101","browe102","neisb101","wilsh102","","","S.1-3","F","F",3,4,20,"T","T",1,"F","F",0,"F","F",0,"F","F",0,"","F","F","",0,0,"N",0,"N",0,"N",1,3,0,0,"","","","","F","F","F","F","F","F","F","F","F","osbot101","","","F","F","F","F","F","","","","",0,0,0,0,0,0,0,0,0,7,"NY1","NY1","BRO",1,"F","F",0,0,0,3,3,"T","F",1,5,"T","T","meusi101","jackt101","T","T",8,3,6,0,0,0,0,0,0,"taylz101","","",0,0,0,0,0,0,0,0,0,0,0,0,0,"","F","F","F","F",5,4,0,0,2,0,0,0,0,0,F,F,"1924NY1.EVN.regular.event.csv",1843
"NY1192406300","BRO",1,1,2,0,0,"",0,0,"meusi101","?","meusi101","?","osbot101","?","osbot101","?","taylz101","fourj101","klugj101","stocm101","higha101","wheaz101","browe102","neisb101","kellg101","","wilsh102","S.3-H;1-3","F","F",7,5,20,"T","T",1,"F","F",0,"F","F",1,"F","F",0,"","F","F","",0,0,"N",0,"N",0,"N",1,3,0,4,"","","","","F","F","F","F","F","F","F","F","F","osbot101","","osbot101","F","F","F","F","F","","","","",0,0,0,0,0,0,0,0,0,8,"NY1","NY1","BRO",1,"F","F",0,0,0,4,4,"T","F",5,5,"T","T","jackt101","grohh101","T","T",3,4,7,0,0,0,8,3,6,"taylz101","","taylz101",0,0,0,0,0,0,0,0,0,0,0,0,1,"","F","F","F","F",0,5,0,4,1,0,0,0,0,0,F,F,"1924NY1.EVN.regular.event.csv",1844
"NY1192406300","BRO",1,1,2,0,0,"",0,1,"jackt101","?","jackt101","?","osbot101","?","osbot101","?","taylz101","fourj101","klugj101","stocm101","higha101","wheaz101","browe102","neisb101","meusi101","","kellg101","E4/G.3-H(NR)(UR);1-2","F","F",6,6,18,"T","T",0,"F","F",0,"F","F",0,"F","F",4,"G","F","F","",1,4,"F",0,"N",0,"N",1,2,0,5,"","","","","F","F","F","F","F","F","F","F","F","osbot101","","osbot101","F","F","F","F","F","","","","",0,0,0,0,0,0,0,0,0,9,"NY1","NY1","BRO",1,"F","F",1,0,1,5,5,"T","F",5,3,"T","T","grohh101","snydf101","T","T",7,5,8,0,0,0,3,4,7,"taylz101","","taylz101",0,0,0,0,0,0,0,0,0,0,0,0,1,"klugj101","F","F","F","T",0,0,0,5,0,0,0,0,0,0,F,F,"1924NY1.EVN.regular.event.csv",1845
"NY1192406300","BRO",1,1,2,0,0,"",0,2,"grohh101","?","grohh101","?","osbot101","?","osbot101","?","taylz101","fourj101","klugj101","stocm101","higha101","wheaz101","browe102","neisb101","jackt101","meusi101","","K","F","F",5,7,3,"T","T",0,"F","F",1,"F","F",0,"F","F",0,"","F","F","",0,0,"N",0,"N",0,"N",0,1,2,0,"2","","","","F","F","F","F","F","F","F","F","F","osbot101","osbot101","","F","F","F","F","F","","","","",0,2,0,0,0,0,0,0,0,10,"NY1","NY1","BRO",1,"F","T",2,0,2,6,6,"T","F",3,3,"T","T","snydf101","nehfa101","T","T",6,6,9,7,5,8,0,0,0,"taylz101","taylz101","",0,0,0,0,0,0,0,0,0,0,0,0,0,"","F","F","F","F",0,0,0,0,0,0,0,0,0,0,F,F,"1924NY1.EVN.regular.event.csv",1846
"NY1192406300","BRO",2,0,0,0,0,"",0,2,"fourj101","?","fourj101","?","nehfa101","?","nehfa101","?","snydf101","kellg101","frisf101","grohh101","jackt101","meusi101","wilsh102","younr101","","","","HR/F9D","T","F",3,4,23,"T","T",4,"F","F",0,"F","F",1,"F","F",0,"F","F","F","9D",0,0,"N",0,"N",0,"N",4,0,0,0,"","","","","F","F","F","F","F","F","F","F","F","","","","F","F","F","F","F","","","","",0,0,0,0,0,0,0,0,0,11,"NY1","BRO","NY1",0,"T","F",0,2,0,3,0,"T","F",0,0,"T","T","browe102","stocm101","T","T",0,0,0,0,0,0,0,0,0,"","","",0,0,0,0,0,0,0,0,0,0,0,0,1,"","F","F","F","F",4,0,0,0,0,0,0,0,0,0,F,F,"1924NY1.EVN.regular.event.csv",1847
"NY1192406300","BRO",2,0,0,0,0,"",1,2,"browe102","?","browe102","?","nehfa101","?","nehfa101","?","snydf101","kellg101","frisf101","grohh101","jackt101","meusi101","wilsh102","younr101","","","","63","F","F",8,5,2,"T","T",0,"F","F",1,"F","F",0,"F","F",6,"G","F","F","",0,0,"N",0,"N",0,"N",0,0,0,0,"63","","","","F","F","F","F","F","F","F","F","F","","","","F","F","F","F","F","","","","",0,3,0,0,6,0,0,0,0,12,"NY1","BRO","NY1",0,"F","F",1,2,1,4,1,"T","F",0,0,"T","T","stocm101","klugj101","T","T",0,0,0,0,0,0,0,0,0,"","","",0,0,0,0,0,0,0,0,0,0,0,0,0,"jackt101","F","F","F","F",0,0,0,0,0,0,0,0,0,0,F,F,"1924NY1.EVN.regular.event.csv",1848
"NY1192406300","BRO",2,0,1,0,0,"",1,2,"stocm101","?","stocm101","?","nehfa101","?","nehfa101","?","snydf101","kellg101","frisf101","grohh101","jackt101","meusi101","wilsh102","younr101","","","","53","F","F",5,6,2,"T","T",0,"F","F",1,"F","F",0,"F","F",5,"G","F","F","",0,0,"N",0,"N",0,"N",0,0,0,0,"53","","","","F","F","F","F","F","F","F","F","F","","","","F","F","F","F","F","","","","",0,3,0,0,5,0,0,0,0,13,"NY1","BRO","NY1",0,"F","F",1,2,1,5,2,"T","F",0,0,"T","T","klugj101","taylz101","T","T",0,0,0,0,0,0,0,0,0,"","","",0,0,0,0,0,0,0,0,0,0,0,0,0,"grohh101","F","F","F","F",0,0,0,0,0,0,0,0,0,0,F,F,"1924NY1.EVN.regular.event.csv",1849
"NY1192406300","BRO",2,0,2,0,0,"",1,2,"klugj101","?","klugj101","?","nehfa101","?","nehfa101","?","snydf101","kellg101","frisf101","grohh101","jackt101","meusi101","wilsh102","younr101","","","","9/F","F","F",4,7,2,"T","T",0,"F","F",1,"F","F",0,"F","F",9,"F","F","F","",0,0,"N",0,"N",0,"N",0,0,0,0,"9","","","","F","F","F","F","F","F","F","F","F","","","","F","F","F","F","F","","","","",0,9,0,0,0,0,0,0,0,14,"NY1","BRO","NY1",0,"F","T",1,2,1,6,3,"T","F",0,0,"T","T","taylz101","osbot101","T","T",0,0,0,0,0,0,0,0,0,"","","",0,0,0,0,0,0,0,0,0,0,0,0,0,"younr101","F","F","F","F",0,0,0,0,0,0,0,0,0,0,F,F,"1924NY1.EVN.regular.event.csv",1850
"NY1192406300","BRO",2,1,0,0,0,"",1,2,"snydf101","?","snydf101","?","osbot101","?","osbot101","?","taylz101","fourj101","klugj101","stocm101","higha101","wheaz101","browe102","neisb101","","","","W","T","F",2,8,14,"T","F",0,"F","F",0,"F","F",0,"F","F",0,"","F","F","",0,0,"N",0,"N",0,"N",1,0,0,0,"","","","","F","F","F","F","F","F","F","F","F","","","","F","F","F","F","F","","","","",0,0,0,0,0,0,0,0,0,15,"NY1","NY1","BRO",1,"T","F",2,1,0,7,0,"T","F",0,1,"T","T","nehfa101","younr101","T","T",0,0,0,0,0,0,0,0,0,"","","",0,0,0,0,0,0,0,0,0,0,0,0,0,"","F","F","F","F",4,0,0,0,2,0,0,0,0,0,F,F,"1924NY1.EVN.regular.event.csv",1851
"NY1192406300","BRO",2,1,0,0,0,"",1,2,"nehfa101","?","nehfa101","?","osbot101","?","osbot101","?","taylz101","fourj101","klugj101","stocm101","higha101","wheaz101","browe102","neisb101","snydf101","","","7/F","F","F",1,9,2,"T","T",0,"F","F",1,"F","F",0,"F","F",7,"F","F","F","",0,0,"N",0,"N",0,"N",0,1,0,0,"7","","","","F","F","F","F","F","F","F","F","F","osbot101","","","F","F","F","F","F","","","","",0,7,0,0,0,0,0,0,0,16,"NY1","NY1","BRO",1,"F","F",2,1,0,8,1,"T","F",1,1,"T","T","younr101","frisf101","T","T",2,8,15,0,0,0,0,0,0,"taylz101","","",0,0,0,0,0,0,0,0,0,0,0,0,0,"wheaz101","F","F","F","F",0,4,0,0,2,0,0,0,0,0,F,F,"1924NY1.EVN.regular.event.csv",1852
"NY1192406300","BRO",2,1,1,0,0,"",1,2,"younr101","?","younr101","?","osbot101","?","osbot101","?","taylz101","fourj101","klugj101","stocm101","higha101","wheaz101","browe102","neisb101","snydf101","","","D/78.1-3","F","F",9,1,21,"T","T",2,"F","F",0,"F","F",0,"F","F",0,"","F","F","78",0,0,"N",0,"N",0,"N",2,3,0,0,"","","","","F","F","F","F","F","F","F","F","F","osbot101","","","F","F","F","F","F","","","","",0,0,0,0,0,0,0,0,0,17,"NY1","NY1","BRO",1,"F","F",2,1,0,9,2,"T","F",1,6,"T","T","frisf101","wilsh102","T","T",2,8,15,0,0,0,0,0,0,"taylz101","","",0,0,0,0,0,0,0,0,0,0,0,0,0,"","F","F","F","F",4,4,0,0,2,0,0,0,0,0,F,F,"1924NY1.EVN.regular.event.csv",1853
"NY1192406300","BRO",2,1,1,0,0,"",1,2,"frisf101","?","frisf101","?","osbot101","?","osbot101","?","taylz101","fourj101","klugj101","stocm101","higha101","wheaz101","browe102","neisb101","","younr101","snydf101","IW","F","F",4,2,15,"T","F",0,"F","F",0,"F","F",0,"F","F",0,"","F","F","",0,0,"N",0,"N",0,"N",1,0,2,3,"","","","","F","F","F","F","F","F","F","F","F","","osbot101","osbot101","F","F","F","F","F","","","","",0,0,0,0,0,0,0,0,0,18,"NY1","NY1","BRO",1,"F","F",2,1,0,10,3,"T","F",6,7,"T","T","wilsh102","kellg101","T","T",0,0,0,9,1,17,2,8,15,"","taylz101","taylz101",0,0,0,0,0,0,0,0,0,0,0,0,0,"","F","F","F","F",0,0,4,4,2,0,0,0,0,0,F,F,"1924NY1.EVN.regular.event.csv",1854
"NY1192406300","BRO",2,1,1,0,0,"",1,2,"wilsh102","?","wilsh102","?","osbot101","?","osbot101","?","taylz101","fourj101","klugj101","stocm101","higha101","wheaz101","browe102","neisb101","frisf101","younr101","snydf101","D9/9D.3-H;2-H;1-3","F","F",8,3,21,"T","T",2,"F","F",0,"F","F",2,"F","F",9,"","F","F","9D",0,0,"N",0,"N",0,"N",2,3,4,4,"","","","","F","F","F","F","F","F","F","F","F","osbot101","osbot101","osbot101","F","F","F","F","F","","","","",0,0,0,0,0,0,0,0,0,19,"NY1","NY1","BRO",1,"F","F",2,1,0,11,4,"T","F",7,6,"T","T","kellg101","meusi101","T","T",4,2,18,9,1,17,2,8,15,"taylz101","taylz101","taylz101",0,0,0,0,0,0,0,0,0,0,0,0,2,"neisb101","F","F","F","F",0,0,4,4,0,0,0,0,0,0,F,F,"1924NY1.EVN.regular.event.csv",1855
"NY1192406300","BRO",2,1,1,0,0,"",1,4,"kellg101","?","kellg101","?","osbot101","?","osbot101","?","taylz101","fourj101","klugj101","stocm101","higha101","wheaz101","browe102","neisb101","","wilsh102","frisf101","FC5.3XH(52);2-3#","F","F",3,4,19,"T","T",0,"F","F",1,"F","F",0,"F","F",5,"G","F","F","",0,0,"N",0,"N",0,"N",1,0,3,0,"","","","52","F","F","F","F","F","F","F","F","F","","osbot101","osbot101","F","F","F","F","F","","","","",0,2,0,0,5,0,0,0,0,20,"NY1","NY1","BRO",1,"F","F",4,1,2,12,5,"T","F",6,5,"T","T","meusi101","jackt101","T","T",0,0,0,8,3,19,4,2,18,"","taylz101","taylz101",0,0,0,0,0,0,0,0,0,0,0,0,0,"stocm101","F","F","F","F",0,0,0,0,0,0,0,0,0,0,F,T,"1924NY1.EVN.regular.event.csv",1856
"NY1192406300","BRO",2,1,2,0,0,"",1,4,"meusi101","?","meusi101","?","osbot101","?","osbot101","?","taylz101","fourj101","klugj101","stocm101","higha101","wheaz101","browe102","neisb101","kellg101","","wilsh102","23/G","F","F",7,5,2,"T","T",0,"F","F",1,"F","F",0,"F","F",2,"G","F","F","",0,0,"N",0,"N",0,"N",0,1,0,3,"23","","","","F","F","F","F","F","F","F","F","F","osbot101","","osbot101","F","F","F","F","F","","","","",0,3,0,0,2,0,0,0,0,21,"NY1","NY1","BRO",1,"F","T",4,1,2,13,6,"T","F",5,5,"T","T","jackt101","grohh101","T","T",3,4,20,0,0,0,8,3,19,"taylz101","","taylz101",0,0,0,0,0,0,0,0,0,0,0,0,0,"taylz101","F","F","F","F",0,0,0,0,0,0,0,0,0,0,F,F,"1924NY1.EVN.regular.event.csv",1857
"NY1192406300","BRO",3,0,0,0,0,"",1,4,"taylz101","?","taylz101","?","nehfa101","?","nehfa101","?","snydf101","kellg101","frisf101","grohh101","jackt101","meusi101","wilsh102","younr101","","","","563","T","F",2,8,2,"T","T",0,"F","F",1,"F","F",0,"F","F",5,"G","F","F","",0,0,"N",0,"N",0,"N",0,0,0,0,"563","","","","F","F","F","F","F","F","F","F","F","","","","F","F","F","F","F","","","","",0,3,0,0,5,6,0,0,0,22,"NY1","BRO","NY1",0,"T","F",1,4,0,7,0,"T","F",0,0,"T","T","osbot101","higha101","T","T",0,0,0,0,0,0,0,0,0,"","","",0,0,0,0,0,0,0,0,0,0,0,0,0,"grohh101","F","F","F","F",0,0,0,0,2,0,0,0,0,0,F,F,"1924NY1.EVN.regular.event.csv",1858
"NY1192406300","BRO",3,0,1,0,0,"",1,4,"osbot101","?","osbot101","?","nehfa101","?","nehfa101","?","snydf101","kellg101","frisf101","grohh101","jackt101","meusi101","wilsh102","younr101","","","","S6/G","F","F",1,9,20,"T","T",1,"F","F",0,"F","F",0,"F","F",6,"G","F","F","",0,0,"N",0,"N",0,"N",1,0,0,0,"","","","","F","F","F","F","F","F","F","F","F","","","","F","F","F","F","F","","","","",0,0,0,0,0,0,0,0,0,23,"NY1","BRO","NY1",0,"F","F",1,4,0,8,1,"T","F",0,1,"T","T","higha101","neisb101","T","T",0,0,0,0,0,0,0,0,0,"","","",0,0,0,0,0,0,0,0,0,0,0,0,0,"jackt101","F","F","F","F",4,0,0,0,2,0,0,0,0,0,F,F,"1924NY1.EVN.regular.event.csv",1859
"NY1192406300","BRO",3,0,1,0,0,"",1,4,"higha101","?","higha101","?","nehfa101","?","nehfa101","?","snydf101","kellg101","frisf101","grohh101","jackt101","meusi101","wilsh102","younr101","osbot101","","","S.1-2","F","F",6,1,20,"T","T",1,"F","F",0,"F","F",0,"F","F",0,"","F","F","",0,0,"N",0,"N",0,"N",1,2,0,0,"","","","","F","F","F","F","F","F","F","F","F","nehfa101","","","F","F","F","F","F","","","","",0,0,0,0,0,0,0,0,0,24,"NY1","BRO","NY1",0,"F","F",1,4,0,9,2,"T","F",1,3,"T","T","neisb101","wheaz101","T","T",1,9,23,0,0,0,0,0,0,"snydf101","","",0,0,0,0,0,0,0,0,0,0,0,0,0,"","F","F","F","F",4,4,0,0,2,0,0,0,0,0,F,F,"1924NY1.EVN.regular.event.csv",1860
"NY1192406300","BRO",3,0,1,0,0,"",1,4,"neisb101","?","neisb101","?","nehfa101","?","nehfa101","?","snydf101","kellg101","frisf101","grohh101","jackt101","meusi101","wilsh102","younr101","higha101","osbot101","","W.2-3;1-2","F","F",9,2,14,"T","F",0,"F","F",0,"F","F",0,"F","F",0,"","F","F","",0,0,"N",0,"N",0,"N",1,2,3,0,"","","","","F","F","F","F","F","F","F","F","F","nehfa101","nehfa101","","F","F","F","F","F","","","","",0,0,0,0,0,0,0,0,0,25,"NY1","BRO","NY1",0,"F","F",1,4,0,10,3,"T","F",3,7,"T","T","wheaz101","fourj101","T","T",6,1,24,1,9,23,0,0,0,"snydf101","snydf101","",0,0,0,0,0,0,0,0,0,0,0,0,0,"","F","F","F","F",0,4,4,0,2,0,0,0,0,0,F,F,"1924NY1.EVN.regular.event.csv",1861
"NY1192406300","BRO",3,0,1,0,0,"",1,4,"wheaz101","?","wheaz101","?","nehfa101","?","nehfa101","?","snydf101","kellg101","frisf101","grohh101","jackt101","meusi101","wilsh102","younr101","neisb101","higha101","osbot101","S/G1.3-H;2-3;1-2","F","F",7,3,20,"T","T",1,"F","F",0,"F","F",1,"F","F",0,"G","F","F","1",0,0,"N",0,"N",0,"N",1,2,3,4,"","","","","F","F","F","F","F","F","F","F","F","nehfa101","nehfa101","nehfa101","F","F","F","F","F","","","","",0,0,0,0,0,0,0,0,0,26,"NY1","BRO","NY1",0,"F","F",1,4,0,11,4,"T","F",7,7,"T","T","fourj101","browe102","T","T",9,2,25,6,1,24,1,9,23,"snydf101","snydf101","snydf101",0,0,0,0,0,0,0,0,0,0,0,0,1,"","F","F","F","F",0,0,4,4,1,0,0,0,0,0,F,F,"1924NY1.EVN.regular.event.csv",1862
"NY1192406300","BRO",3,0,1,0,0,"",2,4,"fourj101","?","fourj101","?","nehfa101","?","nehfa101","?","snydf101","kellg101","frisf101","grohh101","jackt101","meusi101","wilsh102","younr101","wheaz101","neisb101","higha101","9/SF.3-H;2-3","F","F",3,4,2,"T","F",0,"F","T",1,"F","F",1,"F","F",9,"F","F","F","",0,0,"N",0,"N",0,"N",0,1,3,4,"9","","","","F","F","F","F","F","F","F","F","F","nehfa101","nehfa101","nehfa101","F","F","F","F","F","","","","",0,9,0,0,0,0,0,0,0,27,"NY1","BRO","NY1",0,"F","F",2,4,1,12,5,"T","F",7,5,"T","T","browe102","stocm101","T","T",7,3,26,9,2,25,6,1,24,"snydf101","snydf101","snydf101",0,0,0,0,0,0,0,0,0,0,0,0,1,"younr101","F","F","F","F",0,0,0,4,0,0,0,0,0,0,F,F,"1924NY1.EVN.regular.event.csv",1863
"NY1192406300","BRO",3,0,2,0,0,"",3,4,"browe102","?","browe102","?","nehfa101","?","nehfa101","?","snydf101","kellg101","frisf101","grohh101","jackt101","meusi101","wilsh102","younr101","wheaz101","","neisb101","8/F","F","F",8,5,2,"T","T",0,"F","F",1,"F","F",0,"F","F",8,"F","F","F","",0,0,"N",0,"N",0,"N",0,1,0,3,"8","","","","F","F","F","F","F","F","F","F","F","nehfa101","","nehfa101","F","F","F","F","F","","","","",0,8,0,0,0,0,0,0,0,28,"NY1","BRO","NY1",0,"F","T",3,4,2,13,6,"T","F",5,5,"T","T","stocm101","klugj101","T","T",7,3,26,0,0,0,9,2,25,"snydf101","","snydf101",0,0,0,0,0,0,0,0,0,0,0,0,0,"wilsh102","F","F","F","F",0,0,0,0,0,0,0,0,0,0,F,F,"1924NY1.EVN.regular.event.csv",1864
"NY1192406300","BRO",3,1,0,0,0,"",3,4,"jackt101","?","jackt101","?","osbot101","?","osbot101","?","taylz101","fourj101","klugj101","stocm101","higha101","wheaz101","browe102","neisb101","","","","S","T","F",6,6,20,"T","T",1,"F","F",0,"F","F",0,"F","F",0,"","F","F","",0,0,"N",0,"N",0,"N",1,0,0,0,"","","","","F","F","F","F","F","F","F","F","F","","","","F","F","F","F","F","","","","",0,0,0,0,0,0,0,0,0,29,"NY1","NY1","BRO",1,"T","F",4,3,0,14,0,"T","F",0,1,"T","T","grohh101","snydf101","T","T",0,0,0,0,0,0,0,0,0,"","","",0,0,0,0,0,0,0,0,0,0,0,0,0,"","F","F","F","F",5,0,0,0,1,0,0,0,0,0,F,F,"1924NY1.EVN.regular.event.csv",1865
"NY1192406300","BRO",3,1,0,0,0,"",3,4,"grohh101","?","grohh101","?","osbot101","?","osbot101","?","taylz101","fourj101","klugj101","stocm101","higha101","wheaz101","browe102","neisb101","jackt101","","","E3/BG/SH.1-2","F","F",5,7,18,"T","F",0,"T","F",0,"F","F",0,"F","F",3,"G","T","F","",1,3,"F",0,"N",0,"N",1,2,0,0,"","","","","F","F","F","F","F","F","F","F","F","osbot101","","","F","F","F","F","F","","","","",0,0,0,0,0,0,0,0,0,30,"NY1","NY1","BRO",1,"F","F",4,3,0,15,1,"T","F",1,3,"T","T","snydf101","nehfa101","T","T",6,6,29,0,0,0,0,0,0,"taylz101","","",0,0,0,0,0,0,0,0,0,0,0,0,0,"fourj101","F","F","F","T",0,5,0,0,1,0,0,0,0,0,F,F,"1924NY1.EVN.regular.event.csv",1866
"NY1192406300","BRO",3,1,0,0,0,"",3,4,"snydf101","?","snydf101","?","osbot101","?","osbot101","?","taylz101","fourj101","klugj101","stocm101","higha101","wheaz101","browe102","neisb101","grohh101","jackt101","","K","F","F",2,8,3,"T","T",0,"F","F",1,"F","F",0,"F","F",0,"","F","F","",0,0,"N",0,"N",0,"N",0,1,2,0,"2","","","","F","F","F","F","F","F","F","F","F","osbot101","osbot101","","F","F","F","F","F","","","","",0,2,0,0,0,0,0,0,0,31,"NY1","NY1","BRO",1,"F","F",4,3,0,16,2,"T","F",3,3,"T","T","nehfa101","younr101","T","T",5,7,30,6,6,29,0,0,0,"taylz101","taylz101","",0,0,0,0,0,0,0,0,0,0,0,0,0,"","F","F","F","F",0,0,5,0,1,0,0,0,0,0,F,F,"1924NY1.EVN.regular.event.csv",1867
"NY1192406300","BRO",3,1,1,0,0,"",3,4,"nehfa101","?","nehfa101","?","osbot101","?","osbot101","?","taylz101","fourj101","klugj101","stocm101","higha101","wheaz101","browe102","neisb101","grohh101","jackt101","","7/F","F","F",1,9,2,"T","T",0,"F","F",1,"F","F",0,"F","F",7,"F","F","F","",0,0,"N",0,"N",0,"N",0,1,2,0,"7","","","","F","F","F","F","F","F","F","F","F","osbot101","osbot101","","F","F","F","F","F","","","","",0,7,0,0,0,0,0,0,0,32,"NY1","NY1","BRO",1,"F","F",4,3,0,17,3,"T","F",3,3,"T","T","younr101","frisf101","T","T",5,7,30,6,6,29,0,0,0,"taylz101","taylz101","",0,0,0,0,0,0,0,0,0,0,0,0,0,"wheaz101","F","F","F","F",0,0,5,0,1,0,0,0,0,0,F,F,"1924NY1.EVN.regular.event.csv",1868
"NY1192406300","BRO",3,1,2,0,0,"",3,4,"younr101","?","younr101","?","osbot101","?","osbot101","?","taylz101","fourj101","klugj101","stocm101","higha101","wheaz101","browe102","neisb101","grohh101","jackt101","","W.2-3;1-2","F","F",9,1,14,"T","F",0,"F","F",0,"F","F",0,"F","F",0,"","F","F","",0,0,"N",0,"N",0,"N",1,2,3,0,"","","","","F","F","F","F","F","F","F","F","F","osbot101","osbot101","","F","F","F","F","F","","","","",0,0,0,0,0,0,0,0,0,33,"NY1","NY1","BRO",1,"F","F",4,3,0,18,4,"T","F",3,7,"T","T","frisf101","wilsh102","T","T",5,7,30,6,6,29,0,0,0,"taylz101","taylz101","",0,0,0,0,0,0,0,0,0,0,0,0,0,"","F","F","F","F",0,0,5,0,1,0,0,0,0,0,F,F,"1924NY1.EVN.regular.event.csv",1869
"NY1192406300","BRO",3,1,2,0,0,"",3,4,"frisf101","?","frisf101","?","osbot101","?","osbot101","?","taylz101","fourj101","klugj101","stocm101","higha101","wheaz101","browe102","neisb101","younr101","grohh101","jackt101","S6/G56.3-H(UR);2-3;1-2","F","F",4,2,20,"T","T",1,"F","F",0,"F","F",1,"F","F",6,"G","F","F","56",0,0,"N",0,"N",0,"N",1,2,3,5,"","","","","F","F","F","F","F","F","F","F","F","osbot101","osbot101","osbot101","F","F","F","F","F","","","","",0,0,0,0,0,0,0,0,0,34,"NY1","NY1","BRO",1,"F","F",4,3,0,19,5,"T","F",7,7,"T","T","wilsh102","kellg101","T","T",9,1,33,5,7,30,6,6,29,"taylz101","taylz101","taylz101",0,0,0,0,0,0,0,0,0,0,0,0,1,"higha101","F","F","F","F",0,0,0,5,0,0,0,0,0,0,F,F,"1924NY1.EVN.regular.event.csv",1870
"NY1192406300","BRO",3,1,2,0,0,"",3,5,"wilsh102","?","wilsh102","?","osbot101","?","osbot101","?","taylz101","fourj101","klugj101","stocm101","higha101","wheaz101","browe102","neisb101","frisf101","younr101","grohh101","7/F","F","F",8,3,2,"T","T",0,"F","F",1,"F","F",0,"F","F",7,"F","F","F","",0,0,"N",0,"N",0,"N",0,1,2,3,"7","","","","F","F","F","F","F","F","F","F","F","osbot101","osbot101","osbot101","F","F","F","F","F","","","","",0,7,0,0,0,0,0,0,0,35,"NY1","NY1","BRO",1,"F","T",5,3,1,20,6,"T","F",7,7,"T","T","kellg101","meusi101","T","T",4,2,34,9,1,33,5,7,30,"taylz101","taylz101","taylz101",0,0,0,0,0,0,0,0,0,0,0,0,0,"wheaz101","F","F","F","F",0,0,0,0,0,0,0,0,0,0,F,F,"1924NY1.EVN.regular.event.csv",1871
"NY1192406300","BRO",4,0,0,0,0,"",3,5,"stocm101","?","stocm101","?","nehfa101","?","nehfa101","?","snydf101","kellg101","frisf101","grohh101","jackt101","meusi101","wilsh102","younr101","","","","9/F","T","F",5,6,2,"T","T",0,"F","F",1,"F","F",0,"F","F",9,"F","F","F","",0,0,"N",0,"N",0,"N",0,0,0,0,"9","","","","F","F","F","F","F","F","F","F","F","","","","F","F","F","F","F","","","","",0,9,0,0,0,0,0,0,0,36,"NY1","BRO","NY1",0,"T","F",3,5,0,14,0,"T","F",0,0,"T","T","klugj101","taylz101","T","T",0,0,0,0,0,0,0,0,0,"","","",0,0,0,0,0,0,0,0,0,0,0,0,0,"younr101","F","F","F","F",0,0,0,0,0,0,0,0,0,0,F,F,"1924NY1.EVN.regular.event.csv",1872
"NY1192406300","BRO",4,0,1,0,0,"",3,5,"klugj101","?","klugj101","?","nehfa101","?","nehfa101","?","snydf101","kellg101","frisf101","grohh101","jackt101","meusi101","wilsh102","younr101","","","","63","F","F",4,7,2,"T","T",0,"F","F",1,"F","F",0,"F","F",6,"G","F","F","",0,0,"N",0,"N",0,"N",0,0,0,0,"63","","","","F","F","F","F","F","F","F","F","F","","","","F","F","F","F","F","","","","",0,3,0,0,6,0,0,0,0,37,"NY1","BRO","NY1",0,"F","F",3,5,0,15,1,"T","F",0,0,"T","T","taylz101","osbot101","T","T",0,0,0,0,0,0,0,0,0,"","","",0,0,0,0,0,0,0,0,0,0,0,0,0,"jackt101","F","F","F","F",0,0,0,0,0,0,0,0,0,0,F,F,"1924NY1.EVN.regular.event.csv",1873
"NY1192406300","BRO",4,0,2,0,0,"",3,5,"taylz101","?","taylz101","?","nehfa101","?","nehfa101","?","snydf101","kellg101","frisf101","grohh101","jackt101","meusi101","wilsh102","younr101","","","","43","F","F",2,8,2,"T","T",0,"F","F",1,"F","F",0,"F","F",4,"G","F","F","",0,0,"N",0,"N",0,"N",0,0,0,0,"43","","","","F","F","F","F","F","F","F","F","F","","","","F","F","F","F","F","","","","",0,3,0,0,4,0,0,0,0,38,"NY1","BRO","NY1",0,"F","T",3,5,0,16,2,"T","F",0,0,"T","T","osbot101","higha101","T","T",0,0,0,0,0,0,0,0,0,"","","",0,0,0,0,0,0,0,0,0,0,0,0,0,"frisf101","F","F","F","F",0,0,0,0,0,0,0,0,0,0,F,F,"1924NY1.EVN.regular.event.csv",1874
"NY1192406300","BRO",4,1,0,0,0,"",3,5,"kellg101","?","kellg101","?","osbot101","?","osbot101","?","taylz101","fourj101","klugj101","stocm101","higha101","wheaz101","browe102","neisb101","","","","9/L","T","F",3,4,2,"T","T",0,"F","F",1,"F","F",0,"F","F",9,"L","F","F","",0,0,"N",0,"N",0,"N",0,0,0,0,"9","","","","F","F","F","F","F","F","F","F","F","","","","F","F","F","F","F","","","","",0,9,0,0,0,0,0,0,0,39,"NY1","NY1","BRO",1,"T","F",5,3,0,21,0,"T","F",0,0,"T","T","meusi101","jackt101","T","T",0,0,0,0,0,0,0,0,0,"","","",0,0,0,0,0,0,0,0,0,0,0,0,0,"neisb101","F","F","F","F",0,0,0,0,1,0,0,0,0,0,F,F,"1924NY1.EVN.regular.event.csv",1875
"NY1192406300","BRO",4,1,1,0,0,"",3,5,"meusi101","?","meusi101","?","osbot101","?","osbot101","?","taylz101","fourj101","klugj101","stocm101","higha101","wheaz101","browe102","neisb101","","","","D","F","F",7,5,21,"T","T",2,"F","F",0,"F","F",0,"F","F",0,"","F","F","",0,0,"N",0,"N",0,"N",2,0,0,0,"","","","","F","F","F","F","F","F","F","F","F","","","","F","F","F","F","F","","","","",0,0,0,0,0,0,0,0,0,40,"NY1","NY1","BRO",1,"F","F",5,3,0,22,1,"T","F",0,2,"T","T","jackt101","grohh101","T","T",0,0,0,0,0,0,0,0,0,"","","",0,0,0,0,0,0,0,0,0,0,0,0,0,"","F","F","F","F",4,0,0,0,1,0,0,0,0,0,F,F,"1924NY1.EVN.regular.event.csv",1876
"NY1192406300","BRO",4,1,1,0,0,"",3,5,"jackt101","?","jackt101","?","osbot101","?","osbot101","?","taylz101","fourj101","klugj101","stocm101","higha101","wheaz101","browe102","neisb101","","meusi101","","S.2-H","F","F",6,6,20,"T","T",1,"F","F",0,"F","F",1,"F","F",0,"","F","F","",0,0,"N",0,"N",0,"N",1,0,4,0,"","","","","F","F","F","F","F","F","F","F","F","","osbot101","","F","F","F","F","F","","","","",0,0,0,0,0,0,0,0,0,41,"NY1","NY1","BRO",1,"F","F",5,3,0,23,2,"T","F",2,1,"T","T","grohh101","snydf101","T","T",0,0,0,7,5,40,0,0,0,"","taylz101","",0,0,0,0,0,0,0,0,0,0,0,0,1,"","F","F","F","F",0,0,4,0,0,0,0,0,0,0,F,F,"1924NY1.EVN.regular.event.csv",1877
"NY1192406300","BRO",4,1,1,0,0,"",3,6,"grohh101","?","grohh101","?","henrd101","?","henrd101","?","taylz101","fourj101","klugj101","stocm101","higha101","wheaz101","browe102","neisb101","jackt101","","","S7.1X3(7545);B-2#","F","F",5,7,20,"T","T",1,"F","F",1,"F","F",0,"F","F",7,"","F","F","",0,0,"N",0,"N",0,"N",2,0,0,0,"","7545","","","F","F","F","F","F","F","F","F","F","osbot101","","","F","F","F","F","F","","","","",0,5,0,0,7,5,4,0,0,42,"NY1","NY1","BRO",1,"F","F",6,3,1,24,3,"T","F",1,2,"T","T","snydf101","nehfa101","F","F",6,6,41,0,0,0,0,0,0,"taylz101","","",0,0,0,0,0,0,0,0,0,0,0,0,0,"wheaz101","F","F","F","F",0,0,0,0,0,0,0,0,0,0,F,T,"1924NY1.EVN.regular.event.csv",1878
"NY1192406300","BRO",4,1,2,0,0,"",3,6,"snydf101","?","snydf101","?","henrd101","?","henrd101","?","taylz101","fourj101","klugj101","stocm101","higha101","wheaz101","browe102","neisb101","","grohh101","","13","F","F",2,8,2,"T","T",0,"F","F",1,"F","F",0,"F","F",1,"G","F","F","",0,0,"N",0,"N",0,"N",0,0,2,0,"13","","","","F","F","F","F","F","F","F","F","F","","henrd101","","F","F","F","F","F","","","","",0,3,0,0,1,0,0,0,0,43,"NY1","NY1","BRO",1,"F","T",6,3,1,25,4,"T","F",2,2,"T","T","nehfa101","younr101","F","F",0,0,0,5,7,42,0,0,0,"","taylz101","",0,0,0,0,0,0,0,0,0,0,0,0,0,"henrd101","F","F","F","F",0,0,0,0,0,0,0,0,0,0,F,F,"1924NY1.EVN.regular.event.csv",1879
"NY1192406300","BRO",5,0,0,0,0,"",3,6,"henrd101","?","henrd101","?","nehfa101","?","nehfa101","?","snydf101","kellg101","frisf101","grohh101","jackt101","meusi101","wilsh102","younr101","","","","53","T","F",1,9,2,"T","T",0,"F","F",1,"F","F",0,"F","F",5,"G","F","F","",0,0,"N",0,"N",0,"N",0,0,0,0,"53","","","","F","F","F","F","F","F","F","F","F","","","","F","F","F","F","F","","","","",0,3,0,0,5,0,0,0,0,44,"NY1","BRO","NY1",0,"T","F",3,6,0,17,0,"T","F",0,0,"F","F","higha101","neisb101","T","T",0,0,0,0,0,0,0,0,0,"","","",0,0,0,0,0,0,0,0,0,0,0,0,0,"grohh101","F","F","F","F",0,0,0,0,0,0,0,0,0,0,F,F,"1924NY1.EVN.regular.event.csv",1880
"NY1192406300","BRO",5,0,1,0,0,"",3,6,"higha101","?","higha101","?","nehfa101","?","nehfa101","?","snydf101","kellg101","frisf101","grohh101","jackt101","meusi101","wilsh102","younr101","","","","63","F","F",6,1,2,"T","T",0,"F","F",1,"F","F",0,"F","F",6,"G","F","F","",0,0,"N",0,"N",0,"N",0,0,0,0,"63","","","","F","F","F","F","F","F","F","F","F","","","","F","F","F","F","F","","","","",0,3,0,0,6,0,0,0,0,45,"NY1","BRO","NY1",0,"F","F",3,6,0,18,1,"T","F",0,0,"T","T","neisb101","wheaz101","T","T",0,0,0,0,0,0,0,0,0,"","","",0,0,0,0,0,0,0,0,0,0,0,0,0,"jackt101","F","F","F","F",0,0,0,0,0,0,0,0,0,0,F,F,"1924NY1.EVN.regular.event.csv",1881
"NY1192406300","BRO",5,0,2,0,0,"",3,6,"neisb101","?","neisb101","?","nehfa101","?","nehfa101","?","snydf101","kellg101","frisf101","grohh101","jackt101","meusi101","wilsh102","younr101","","","","K","F","F",9,2,3,"T","T",0,"F","F",1,"F","F",0,"F","F",0,"","F","F","",0,0,"N",0,"N",0,"N",0,0,0,0,"2","","","","F","F","F","F","F","F","F","F","F","","","","F","F","F","F","F","","","","",0,2,0,0,0,0,0,0,0,46,"NY1","BRO","NY1",0,"F","T",3,6,0,19,2,"T","F",0,0,"T","T","wheaz101","fourj101","T","T",0,0,0,0,0,0,0,0,0,"","","",0,0,0,0,0,0,0,0,0,0,0,0,0,"","F","F","F","F",0,0,0,0,0,0,0,0,0,0,F,F,"1924NY1.EVN.regular.event.csv",1882
"NY1192406300","BRO",5,1,0,0,0,"",3,6,"nehfa101","?","nehfa101","?","henrd101","?","henrd101","?","taylz101","fourj101","klugj101","stocm101","higha101","wheaz101","browe102","neisb101","","","","6/P","T","F",1,9,2,"T","T",0,"F","F",1,"F","F",0,"F","F",6,"P","F","F","",0,0,"N",0,"N",0,"N",0,0,0,0,"6","","","","F","F","F","F","F","F","F","F","F","","","","F","F","F","F","F","","","","",0,6,0,0,0,0,0,0,0,47,"NY1","NY1","BRO",1,"T","F",6,3,0,26,0,"T","F",0,0,"T","T","younr101","frisf101","F","F",0,0,0,0,0,0,0,0,0,"","","",0,0,0,0,0,0,0,0,0,0,0,0,0,"higha101","F","F","F","F",0,0,0,0,0,0,0,0,0,0,F,F,"1924NY1.EVN.regular.event.csv",1883
"NY1192406300","BRO",5,1,1,0,0,"",3,6,"younr101","?","younr101","?","henrd101","?","henrd101","?","taylz101","fourj101","klugj101","stocm101","higha101","wheaz101","browe102","neisb101","","","","S","F","F",9,1,20,"T","T",1,"F","F",0,"F","F",0,"F","F",0,"","F","F","",0,0,"N",0,"N",0,"N",1,0,0,0,"","","","","F","F","F","F","F","F","F","F","F","","","","F","F","F","F","F","","","","",0,0,0,0,0,0,0,0,0,48,"NY1","NY1","BRO",1,"F","F",6,3,0,27,1,"T","F",0,1,"T","T","frisf101","wilsh102","F","F",0,0,0,0,0,0,0,0,0,"","","",0,0,0,0,0,0,0,0,0,0,0,0,0,"","F","F","F","F",0,0,0,0,0,0,0,0,0,0,F,F,"1924NY1.EVN.regular.event.csv",1884
"NY1192406300","BRO",5,1,1,0,0,"",3,6,"frisf101","?","frisf101","?","henrd101","?","henrd101","?","taylz101","fourj101","klugj101","stocm101","higha101","wheaz101","browe102","neisb101","younr101","","","8/F","F","F",4,2,2,"T","T",0,"F","F",1,"F","F",0,"F","F",8,"F","F","F","",0,0,"N",0,"N",0,"N",0,1,0,0,"8","","","","F","F","F","F","F","F","F","F","F","henrd101","","","F","F","F","F","F","","","","",0,8,0,0,0,0,0,0,0,49,"NY1","NY1","BRO",1,"F","F",6,3,0,28,2,"T","F",1,1,"T","T","wilsh102","kellg101","F","F",9,1,48,0,0,0,0,0,0,"taylz101","","",0,0,0,0,0,0,0,0,0,0,0,0,0,"browe102","F","F","F","F",0,0,0,0,0,0,0,0,0,0,F,F,"1924NY1.EVN.regular.event.csv",1885
"NY1192406300","BRO",5,1,2,0,0,"",3,6,"wilsh102","?","wilsh102","?","henrd101","?","henrd101","?","taylz101","fourj101","klugj101","stocm101","higha101","wheaz101","browe102","neisb101","younr101","","","63","F","F",8,3,2,"T","T",0,"F","F",1,"F","F",0,"F","F",6,"G","F","F","",0,0,"N",0,"N",0,"N",0,1,0,0,"63","","","","F","F","F","F","F","F","F","F","F","henrd101","","","F","F","F","F","F","","","","",0,3,0,0,6,0,0,0,0,50,"NY1","NY1","BRO",1,"F","T",6,3,0,29,3,"T","F",1,1,"T","T","kellg101","meusi101","F","F",9,1,48,0,0,0,0,0,0,"taylz101","","",0,0,0,0,0,0,0,0,0,0,0,0,0,"higha101","F","F","F","F",0,0,0,0,0,0,0,0,0,0,F,F,"1924NY1.EVN.regular.event.csv",1886
"NY1192406300","BRO",6,0,0,0,0,"",3,6,"wheaz101","?","wheaz101","?","nehfa101","?","nehfa101","?","snydf101","kellg101","frisf101","grohh101","jackt101","meusi101","wilsh102","younr101","","","","S","T","F",7,3,20,"T","T",1,"F","F",0,"F","F",0,"F","F",0,"","F","F","",0,0,"N",0,"N",0,"N",1,0,0,0,"","","","","F","F","F","F","F","F","F","F","F","","","","F","F","F","F","F","","","","",0,0,0,0,0,0,0,0,0,51,"NY1","BRO","NY1",0,"T","F",3,6,0,20,0,"T","F",0,1,"T","T","fourj101","browe102","T","T",0,0,0,0,0,0,0,0,0,"","","",0,0,0,0,0,0,0,0,0,0,0,0,0,"","F","F","F","F",4,0,0,0,2,0,0,0,0,0,F,F,"1924NY1.EVN.regular.event.csv",1887
"NY1192406300","BRO",6,0,0,0,0,"",3,6,"fourj101","?","fourj101","?","nehfa101","?","nehfa101","?","snydf101","kellg101","frisf101","grohh101","jackt101","meusi101","wilsh102","younr101","wheaz101","","","HR/F9D.1-H","F","F",3,4,23,"T","T",4,"F","F",0,"F","F",2,"F","F",0,"F","F","F","9D",0,0,"N",0,"N",0,"N",4,4,0,0,"","","","","F","F","F","F","F","F","F","F","F","nehfa101","","","F","F","F","F","F","","","","",0,0,0,0,0,0,0,0,0,52,"NY1","BRO","NY1",0,"F","F",3,6,0,21,1,"T","F",1,0,"T","T","browe102","stocm101","T","T",7,3,51,0,0,0,0,0,0,"snydf101","","",0,0,0,0,0,0,0,0,0,0,0,0,2,"","F","F","F","F",4,4,0,0,0,0,0,0,0,0,F,F,"1924NY1.EVN.regular.event.csv",1888
"NY1192406300","BRO",6,0,0,0,0,"",5,6,"browe102","?","browe102","?","jonnc101","?","jonnc101","?","snydf101","kellg101","frisf101","grohh101","jackt101","meusi101","wilsh102","younr101","","","","43","F","F",8,5,2,"T","T",0,"F","F",1,"F","F",0,"F","F",4,"G","F","F","",0,0,"N",0,"N",0,"N",0,0,0,0,"43","","","","F","F","F","F","F","F","F","F","F","","","","F","F","F","F","F","","","","",0,3,0,0,4,0,0,0,0,53,"NY1","BRO","NY1",0,"F","F",5,6,2,22,2,"T","F",0,0,"T","T","stocm101","klugj101","F","F",0,0,0,0,0,0,0,0,0,"","","",0,0,0,0,0,0,0,0,0,0,0,0,0,"frisf101","F","F","F","F",0,0,0,0,0,0,0,0,0,0,F,F,"1924NY1.EVN.regular.event.csv",1889
"NY1192406300","BRO",6,0,1,0,0,"",5,6,"stocm101","?","stocm101","?","jonnc101","?","jonnc101","?","snydf101","kellg101","frisf101","grohh101","jackt101","meusi101","wilsh102","younr101","","","","9/F","F","F",5,6,2,"T","T",0,"F","F",1,"F","F",0,"F","F",9,"F","F","F","",0,0,"N",0,"N",0,"N",0,0,0,0,"9","","","","F","F","F","F","F","F","F","F","F","","","","F","F","F","F","F","","","","",0,9,0,0,0,0,0,0,0,54,"NY1","BRO","NY1",0,"F","F",5,6,2,23,3,"T","F",0,0,"T","T","klugj101","taylz101","F","F",0,0,0,0,0,0,0,0,0,"","","",0,0,0,0,0,0,0,0,0,0,0,0,0,"younr101","F","F","F","F",0,0,0,0,0,0,0,0,0,0,F,F,"1924NY1.EVN.regular.event.csv",1890
"NY1192406300","BRO",6,0,2,0,0,"",5,6,"klugj101","?","klugj101","?","jonnc101","?","jonnc101","?","snydf101","kellg101","frisf101","grohh101","jackt101","meusi101","wilsh102","younr101","","","","S","F","F",4,7,20,"T","T",1,"F","F",0,"F","F",0,"F","F",0,"","F","F","",0,0,"N",0,"N",0,"N",1,0,0,0,"","","","","F","F","F","F","F","F","F","F","F","","","","F","F","F","F","F","","","","",0,0,0,0,0,0,0,0,0,55,"NY1","BRO","NY1",0,"F","F",5,6,2,24,4,"T","F",0,1,"T","T","taylz101","henrd101","F","F",0,0,0,0,0,0,0,0,0,"","","",0,0,0,0,0,0,0,0,0,0,0,0,0,"","F","F","F","F",0,0,0,0,0,0,0,0,0,0,F,F,"1924NY1.EVN.regular.event.csv",1891
"NY1192406300","BRO",6,0,2,0,0,"",5,6,"taylz101","?","taylz101","?","jonnc101","?","jonnc101","?","snydf101","kellg101","frisf101","grohh101","jackt101","meusi101","wilsh102","younr101","klugj101","","","2/FL","F","F",2,8,2,"T","T",0,"F","F",1,"F","F",0,"F","F",2,"F","F","T","",0,0,"N",0,"N",0,"N",0,1,0,0,"2","","","","F","F","F","F","F","F","F","F","F","jonnc101","","","F","F","F","F","F","","","","",0,2,0,0,0,0,0,0,0,56,"NY1","BRO","NY1",0,"F","T",5,6,2,25,5,"T","F",1,1,"T","T","henrd101","higha101","F","F",4,7,55,0,0,0,0,0,0,"snydf101","","",0,0,0,0,0,0,0,0,0,0,0,0,0,"snydf101","F","F","F","F",0,0,0,0,0,0,0,0,0,0,F,F,"1924NY1.EVN.regular.event.csv",1892
"NY1192406300","BRO",6,1,0,0,0,"",5,6,"kellg101","?","kellg101","?","henrd101","?","henrd101","?","taylz101","fourj101","klugj101","stocm101","higha101","wheaz101","browe102","neisb101","","","","W","T","F",3,4,14,"T","F",0,"F","F",0,"F","F",0,"F","F",0,"","F","F","",0,0,"N",0,"N",0,"N",1,0,0,0,"","","","","F","F","F","F","F","F","F","F","F","","","","F","F","F","F","F","","","","",0,0,0,0,0,0,0,0,0,57,"NY1","NY1","BRO",1,"T","F",6,5,0,30,0,"T","F",0,1,"T","T","meusi101","jackt101","F","F",0,0,0,0,0,0,0,0,0,"","","",0,0,0,0,0,0,0,0,0,0,0,0,0,"","F","F","F","F",0,0,0,0,0,0,0,0,0,0,F,F,"1924NY1.EVN.regular.event.csv",1893
"NY1192406300","BRO",6,1,0,0,0,"",5,6,"meusi101","?","meusi101","?","henrd101","?","henrd101","?","taylz101","fourj101","klugj101","stocm101","higha101","wheaz101","browe102","neisb101","kellg101","","","3/FL","F","F",7,5,2,"T","T",0,"F","F",1,"F","F",0,"F","F",3,"F","F","T","",0,0,"N",0,"N",0,"N",0,1,0,0,"3","","","","F","F","F","F","F","F","F","F","F","henrd101","","","F","F","F","F","F","","","","",0,3,0,0,0,0,0,0,0,58,"NY1","NY1","BRO",1,"F","F",6,5,0,31,1,"T","F",1,1,"T","T","jackt101","grohh101","F","F",3,4,57,0,0,0,0,0,0,"taylz101","","",0,0,0,0,0,0,0,0,0,0,0,0,0,"fourj101","F","F","F","F",0,0,0,0,0,0,0,0,0,0,F,F,"1924NY1.EVN.regular.event.csv",1894
"NY1192406300","BRO",6,1,1,0,0,"",5,6,"jackt101","?","jackt101","?","henrd101","?","henrd101","?","taylz101","fourj101","klugj101","stocm101","higha101","wheaz101","browe102","neisb101","kellg101","","","36(1)/FO","F","F",6,6,2,"T","T",0,"F","F",1,"F","F",0,"F","F",3,"G","F","F","",0,0,"N",0,"N",0,"N",1,0,0,0,"","36","","","F","F","F","F","F","F","F","F","F","henrd101","","","F","F","F","F","F","","","","",0,6,0,0,3,0,0,0,0,59,"NY1","NY1","BRO",1,"F","F",6,5,0,32,2,"T","F",1,1,"T","T","grohh101","snydf101","F","F",3,4,57,0,0,0,0,0,0,"taylz101","","",0,0,0,0,0,0,0,0,0,0,0,0,0,"fourj101","T","F","F","F",0,0,0,0,0,0,0,0,0,0,F,F,"1924NY1.EVN.regular.event.csv",1895
"NY1192406300","BRO",6,1,2,0,0,"",5,6,"grohh101","?","grohh101","?","henrd101","?","henrd101","?","taylz101","fourj101","klugj101","stocm101","higha101","wheaz101","browe102","neisb101","jackt101","","","64(1)/FO","F","F",5,7,2,"T","T",0,"F","F",1,"F","F",0,"F","F",6,"G","F","F","",0,0,"N",0,"N",0,"N",1,0,0,0,"","64","","","F","F","F","F","F","F","F","F","F","henrd101","","","F","F","F","F","F","","","","",0,4,0,0,6,0,0,0,0,60,"NY1","NY1","BRO",1,"F","T",6,5,0,33,3,"T","F",1,1,"T","T","snydf101","jonnc101","F","F",6,6,59,0,0,0,0,0,0,"taylz101","","",0,0,0,0,0,0,0,0,0,0,0,0,0,"higha101","T","F","F","F",0,0,0,0,0,0,0,0,0,0,F,F,"1924NY1.EVN.regular.event.csv",1896
"NY1192406300","BRO",7,0,0,0,0,"",5,6,"henrd101","?","henrd101","?","jonnc101","?","jonnc101","?","snydf101","kellg101","frisf101","grohh101","jackt101","meusi101","wilsh102","younr101","","","","63#","T","F",1,9,2,"T","T",0,"F","F",1,"F","F",0,"F","F",6,"G","F","F","",0,0,"N",0,"N",0,"N",0,0,0,0,"63","","","","F","F","F","F","F","F","F","F","F","","","","F","F","F","F","F","","","","",0,3,0,0,6,0,0,0,0,61,"NY1","BRO","NY1",0,"T","F",5,6,0,26,0,"T","F",0,0,"F","F","higha101","neisb101","F","F",0,0,0,0,0,0,0,0,0,"","","",0,0,0,0,0,0,0,0,0,0,0,0,0,"jackt101","F","F","F","F",0,0,0,0,0,0,0,0,0,0,F,T,"1924NY1.EVN.regular.event.csv",1897
"NY1192406300","BRO",7,0,1,0,0,"",5,6,"higha101","?","higha101","?","jonnc101","?","jonnc101","?","snydf101","kellg101","frisf101","grohh101","jackt101","meusi101","wilsh102","younr101","","","","S","F","F",6,1,20,"T","T",1,"F","F",0,"F","F",0,"F","F",0,"","F","F","",0,0,"N",0,"N",0,"N",1,0,0,0,"","","","","F","F","F","F","F","F","F","F","F","","","","F","F","F","F","F","","","","",0,0,0,0,0,0,0,0,0,62,"NY1","BRO","NY1",0,"F","F",5,6,0,27,1,"T","F",0,1,"T","T","neisb101","wheaz101","F","F",0,0,0,0,0,0,0,0,0,"","","",0,0,0,0,0,0,0,0,0,0,0,0,0,"","F","F","F","F",0,0,0,0,0,0,0,0,0,0,F,F,"1924NY1.EVN.regular.event.csv",1898
"NY1192406300","BRO",7,0,1,0,0,"",5,6,"neisb101","?","neisb101","?","jonnc101","?","jonnc101","?","snydf101","kellg101","frisf101","grohh101","jackt101","meusi101","wilsh102","younr101","higha101","","","46(1)/FO","F","F",9,2,2,"T","T",0,"F","F",1,"F","F",0,"F","F",4,"G","F","F","",0,0,"N",0,"N",0,"N",1,0,0,0,"","46","","","F","F","F","F","F","F","F","F","F","jonnc101","","","F","F","F","F","F","","","","",0,6,0,0,4,0,0,0,0,63,"NY1","BRO","NY1",0,"F","F",5,6,0,28,2,"T","F",1,1,"T","T","wheaz101","fourj101","F","F",6,1,62,0,0,0,0,0,0,"snydf101","","",0,0,0,0,0,0,0,0,0,0,0,0,0,"frisf101","T","F","F","F",0,0,0,0,0,0,0,0,0,0,F,F,"1924NY1.EVN.regular.event.csv",1899
"NY1192406300","BRO",7,0,2,0,0,"",5,6,"wheaz101","?","wheaz101","?","jonnc101","?","jonnc101","?","snydf101","kellg101","frisf101","grohh101","jackt101","meusi101","wilsh102","younr101","neisb101","","","SB2","F","F",7,3,4,"F","F",0,"F","F",0,"F","F",0,"F","F",0,"","F","F","",0,0,"N",0,"N",0,"N",0,2,0,0,"","","","","T","F","F","F","F","F","F","F","F","jonnc101","","","F","F","F","F","F","","","","",0,0,0,0,0,0,0,0,0,64,"NY1","BRO","NY1",0,"F","F",5,6,0,29,3,"T","F",1,2,"T","T","fourj101","browe102","F","F",9,2,63,0,0,0,0,0,0,"snydf101","","",0,0,0,0,0,0,0,0,0,0,0,0,0,"","F","F","F","F",0,0,0,0,0,0,0,0,0,0,F,F,"1924NY1.EVN.regular.event.csv",1900
"NY1192406300","BRO",7,0,2,0,0,"",5,6,"wheaz101","?","wheaz101","?","jonnc101","?","jonnc101","?","snydf101","kellg101","frisf101","grohh101","jackt101","meusi101","wilsh102","younr101","","neisb101","","W","F","F",7,3,14,"T","F",0,"F","F",0,"F","F",0,"F","F",0,"","F","F","",0,0,"N",0,"N",0,"N",1,0,2,0,"","","","","F","F","F","F","F","F","F","F","F","","jonnc101","","F","F","F","F","F","","","","",0,0,0,0,0,0,0,0,0,65,"NY1","BRO","NY1",0,"F","F",5,6,0,29,3,"F","F",2,3,"T","T","fourj101","browe102","F","F",0,0,0,9,2,63,0,0,0,"","snydf101","",0,0,0,0,0,0,0,0,0,0,0,0,0,"","F","F","F","F",0,0,0,0,0,0,0,0,0,0,F,F,"1924NY1.EVN.regular.event.csv",1901
"NY1192406300","BRO",7,0,2,0,0,"",5,6,"fourj101","?","fourj101","?","jonnc101","?","jonnc101","?","snydf101","kellg101","frisf101","grohh101","jackt101","meusi101","wilsh102","younr101","wheaz101","neisb101","","W.2-3;1-2","F","F",3,4,14,"T","F",0,"F","F",0,"F","F",0,"F","F",0,"","F","F","",0,0,"N",0,"N",0,"N",1,2,3,0,"","","","","F","F","F","F","F","F","F","F","F","jonnc101","jonnc101","","F","F","F","F","F","","","","",0,0,0,0,0,0,0,0,0,66,"NY1","BRO","NY1",0,"F","F",5,6,0,30,4,"T","F",3,7,"T","T","browe102","stocm101","F","F",7,3,65,9,2,63,0,0,0,"snydf101","snydf101","",0,0,0,0,0,0,0,0,0,0,0,0,0,"","F","F","F","F",0,0,0,0,0,0,0,0,0,0,F,F,"1924NY1.EVN.regular.event.csv",1902
"NY1192406300","BRO",7,0,2,0,0,"",5,6,"browe102","?","browe102","?","jonnc101","?","jonnc101","?","snydf101","kellg101","frisf101","grohh101","jackt101","meusi101","wilsh102","younr101","fourj101","wheaz101","neisb101","6/L","F","F",8,5,2,"T","T",0,"F","F",1,"F","F",0,"F","F",6,"L","F","F","",0,0,"N",0,"N",0,"N",0,1,2,3,"6","","","","F","F","F","F","F","F","F","F","F","jonnc101","jonnc101","jonnc101","F","F","F","F","F","","","","",0,6,0,0,0,0,0,0,0,67,"NY1","BRO","NY1",0,"F","T",5,6,0,31,5,"T","F",7,7,"T","T","stocm101","klugj101","F","F",3,4,66,7,3,65,9,2,63,"snydf101","snydf101","snydf101",0,0,0,0,0,0,0,0,0,0,0,0,0,"jackt101","F","F","F","F",0,0,0,0,0,0,0,0,0,0,F,F,"1924NY1.EVN.regular.event.csv",1903
"NY1192406300","BRO",7,1,0,0,0,"",5,6,"snydf101","?","snydf101","?","henrd101","?","henrd101","?","taylz101","fourj101","klugj101","stocm101","higha101","wheaz101","browe102","neisb101","","","","K","T","F",2,8,3,"T","T",0,"F","F",1,"F","F",0,"F","F",0,"","F","F","",0,0,"N",0,"N",0,"N",0,0,0,0,"2","","","","F","F","F","F","F","F","F","F","F","","","","F","F","F","F","F","","","","",0,2,0,0,0,0,0,0,0,68,"NY1","NY1","BRO",1,"T","F",6,5,0,34,0,"T","F",0,0,"T","T","jonnc101","younr101","F","F",0,0,0,0,0,0,0,0,0,"","","",0,0,0,0,0,0,0,0,0,0,0,0,0,"","F","F","F","F",0,0,0,0,0,0,0,0,0,0,F,F,"1924NY1.EVN.regular.event.csv",1904
"NY1192406300","BRO",7,1,1,0,0,"",5,6,"jonnc101","?","jonnc101","?","henrd101","?","henrd101","?","taylz101","fourj101","klugj101","stocm101","higha101","wheaz101","browe102","neisb101","","","","63","F","F",1,9,2,"T","T",0,"F","F",1,"F","F",0,"F","F",6,"G","F","F","",0,0,"N",0,"N",0,"N",0,0,0,0,"63","","","","F","F","F","F","F","F","F","F","F","","","","F","F","F","F","F","","","","",0,3,0,0,6,0,0,0,0,69,"NY1","NY1","BRO",1,"F","F",6,5,0,35,1,"T","F",0,0,"F","F","younr101","frisf101","F","F",0,0,0,0,0,0,0,0,0,"","","",0,0,0,0,0,0,0,0,0,0,0,0,0,"higha101","F","F","F","F",0,0,0,0,0,0,0,0,0,0,F,F,"1924NY1.EVN.regular.event.csv",1905
"NY1192406300","BRO",7,1,2,0,0,"",5,6,"younr101","?","younr101","?","henrd101","?","henrd101","?","taylz101","fourj101","klugj101","stocm101","higha101","wheaz101","browe102","neisb101","","","","D","F","F",9,1,21,"T","T",2,"F","F",0,"F","F",0,"F","F",0,"","F","F","",0,0,"N",0,"N",0,"N",2,0,0,0,"","","","","F","F","F","F","F","F","F","F","F","","","","F","F","F","F","F","","","","",0,0,0,0,0,0,0,0,0,70,"NY1","NY1","BRO",1,"F","F",6,5,0,36,2,"T","F",0,2,"T","T","frisf101","wilsh102","F","F",0,0,0,0,0,0,0,0,0,"","","",0,0,0,0,0,0,0,0,0,0,0,0,0,"","F","F","F","F",0,0,0,0,0,0,0,0,0,0,F,F,"1924NY1.EVN.regular.event.csv",1906
"NY1192406300","BRO",7,1,2,0,0,"",5,6,"frisf101","?","frisf101","?","henrd101","?","henrd101","?","taylz101","fourj101","klugj101","stocm101","higha101","wheaz101","browe102","neisb101","","younr101","","63","F","F",4,2,2,"T","T",0,"F","F",1,"F","F",0,"F","F",6,"G","F","F","",0,0,"N",0,"N",0,"N",0,0,2,0,"63","","","","F","F","F","F","F","F","F","F","F","","henrd101","","F","F","F","F","F","","","","",0,3,0,0,6,0,0,0,0,71,"NY1","NY1","BRO",1,"F","T",6,5,0,37,3,"T","F",2,2,"T","T","wilsh102","kellg101","F","F",0,0,0,9,1,70,0,0,0,"","taylz101","",0,0,0,0,0,0,0,0,0,0,0,0,0,"higha101","F","F","F","F",0,0,0,0,0,0,0,0,0,0,F,F,"1924NY1.EVN.regular.event.csv",1907
"NY1192406300","BRO",8,0,0,0,0,"",5,6,"stocm101","?","stocm101","?","jonnc101","?","jonnc101","?","snydf101","kellg101","frisf101","grohh101","jackt101","meusi101","wilsh102","younr101","","","","53","T","F",5,6,2,"T","T",0,"F","F",1,"F","F",0,"F","F",5,"G","F","F","",0,0,"N",0,"N",0,"N",0,0,0,0,"53","","","","F","F","F","F","F","F","F","F","F","","","","F","F","F","F","F","","","","",0,3,0,0,5,0,0,0,0,72,"NY1","BRO","NY1",0,"T","F",5,6,0,32,0,"T","F",0,0,"T","T","klugj101","taylz101","F","F",0,0,0,0,0,0,0,0,0,"","","",0,0,0,0,0,0,0,0,0,0,0,0,0,"grohh101","F","F","F","F",0,0,0,0,0,0,0,0,0,0,F,F,"1924NY1.EVN.regular.event.csv",1908
"NY1192406300","BRO",8,0,1,0,0,"",5,6,"grift102","?","grift102","?","jonnc101","?","jonnc101","?","snydf101","kellg101","frisf101","grohh101","jackt101","meusi101","wilsh102","younr101","","","","W","F","T",11,7,14,"T","F",0,"F","F",0,"F","F",0,"F","F",0,"","F","F","",0,0,"N",0,"N",0,"N",1,0,0,0,"","","","","F","F","F","F","F","F","F","F","F","","","","F","F","F","F","F","","","","klugj101",4,0,0,0,0,0,0,0,0,73,"NY1","BRO","NY1",0,"F","F",5,6,0,33,1,"T","F",0,1,"F","F","taylz101","henrd101","F","F",0,0,0,0,0,0,0,0,0,"","","",0,0,0,0,0,0,0,0,0,0,0,0,0,"","F","F","F","F",3,0,0,0,0,0,0,0,0,0,F,F,"1924NY1.EVN.regular.event.csv",1909
"NY1192406300","BRO",8,0,1,0,0,"",5,6,"taylz101","?","taylz101","?","jonnc101","?","jonnc101","?","snydf101","kellg101","frisf101","grohh101","jackt101","meusi101","wilsh102","younr101","grift102","","","S8.1-3;BX2(864)","F","F",2,8,20,"T","T",1,"F","F",1,"F","F",0,"F","F",8,"","F","F","",0,0,"N",0,"N",0,"N",0,3,0,0,"864","","","","F","F","F","F","F","F","F","F","F","jonnc101","","","F","F","F","F","F","","","","",0,4,0,0,8,6,0,0,0,74,"NY1","BRO","NY1",0,"F","F",5,6,0,34,2,"T","F",1,4,"T","T","henrd101","higha101","F","F",0,7,73,0,0,0,0,0,0,"snydf101","","",0,0,0,0,0,0,0,0,0,0,0,0,0,"wilsh102","F","F","F","F",0,3,0,0,0,0,0,0,0,0,F,F,"1924NY1.EVN.regular.event.csv",1910
"NY1192406300","BRO",8,0,2,0,0,"",5,6,"henrd101","?","henrd101","?","jonnc101","?","jonnc101","?","snydf101","kellg101","frisf101","grohh101","jackt101","meusi101","wilsh102","younr101","","","grift102","43","F","F",1,9,2,"T","T",0,"F","F",1,"F","F",0,"F","F",4,"G","F","F","",0,0,"N",0,"N",0,"N",0,0,0,3,"43","","","","F","F","F","F","F","F","F","F","F","","","jonnc101","F","F","F","F","F","","","","",0,3,0,0,4,0,0,0,0,75,"NY1","BRO","NY1",0,"F","T",5,6,0,35,3,"T","F",4,4,"F","F","higha101","neisb101","F","F",0,0,0,0,0,0,0,7,73,"","","snydf101",0,0,0,0,0,0,0,0,0,0,0,0,0,"frisf101","F","F","F","F",0,0,0,3,0,0,0,0,0,0,F,F,"1924NY1.EVN.regular.event.csv",1911
"NY1192406300","BRO",8,1,0,0,0,"",5,6,"wilsh102","?","wilsh102","?","henrd101","?","henrd101","?","taylz101","fourj101","olsoi101","stocm101","higha101","wheaz101","browe102","neisb101","","","","3/G","T","F",8,3,2,"T","T",0,"F","F",1,"F","F",0,"F","F",3,"G","F","F","",0,0,"N",0,"N",0,"N",0,0,0,0,"3","","","","F","F","F","F","F","F","F","F","F","","","","F","F","F","F","F","","","","",0,3,0,0,0,0,0,0,0,76,"NY1","NY1","BRO",1,"T","F",6,5,0,38,0,"T","F",0,0,"T","T","kellg101","meusi101","F","F",0,0,0,0,0,0,0,0,0,"","","",0,0,0,0,0,0,0,0,0,0,0,0,0,"fourj101","F","F","F","F",0,0,0,0,1,0,0,0,0,0,F,F,"1924NY1.EVN.regular.event.csv",1912
"NY1192406300","BRO",8,1,1,0,0,"",5,6,"kellg101","?","kellg101","?","henrd101","?","henrd101","?","taylz101","fourj101","olsoi101","stocm101","higha101","wheaz101","browe102","neisb101","","","","S","F","F",3,4,20,"T","T",1,"F","F",0,"F","F",0,"F","F",0,"","F","F","",0,0,"N",0,"N",0,"N",1,0,0,0,"","","","","F","F","F","F","F","F","F","F","F","","","","F","F","F","F","F","","","","",0,0,0,0,0,0,0,0,0,77,"NY1","NY1","BRO",1,"F","F",6,5,0,39,1,"T","F",0,1,"T","T","meusi101","jackt101","F","F",0,0,0,0,0,0,0,0,0,"","","",0,0,0,0,0,0,0,0,0,0,0,0,0,"","F","F","F","F",4,0,0,0,1,0,0,0,0,0,F,F,"1924NY1.EVN.regular.event.csv",1913
"NY1192406300","BRO",8,1,1,0,0,"",5,6,"meusi101","?","meusi101","?","henrd101","?","henrd101","?","taylz101","fourj101","olsoi101","stocm101","higha101","wheaz101","browe102","neisb101","kellg101","","","S.1-2","F","F",7,5,20,"T","T",1,"F","F",0,"F","F",0,"F","F",0,"","F","F","",0,0,"N",0,"N",0,"N",1,2,0,0,"","","","","F","F","F","F","F","F","F","F","F","henrd101","","","F","F","F","F","F","","","","",0,0,0,0,0,0,0,0,0,78,"NY1","NY1","BRO",1,"F","F",6,5,0,40,2,"T","F",1,3,"T","T","jackt101","grohh101","F","F",3,4,77,0,0,0,0,0,0,"taylz101","","",0,0,0,0,0,0,0,0,0,0,0,0,0,"","F","F","F","F",0,4,0,0,1,0,0,0,0,0,F,F,"1924NY1.EVN.regular.event.csv",1914
"NY1192406300","BRO",8,1,1,0,0,"",5,6,"jackt101","?","jackt101","?","henrd101","?","henrd101","?","taylz101","fourj101","olsoi101","stocm101","higha101","wheaz101","browe102","neisb101","meusi101","kellg101","","3/G.2-3;1-2","F","F",6,6,2,"T","T",0,"F","F",1,"F","F",0,"F","F",3,"G","F","F","",0,0,"N",0,"N",0,"N",0,2,3,0,"3","","","","F","F","F","F","F","F","F","F","F","henrd101","henrd101","","F","F","F","F","F","","","","",0,3,0,0,0,0,0,0,0,79,"NY1","NY1","BRO",1,"F","F",6,5,0,41,3,"T","F",3,6,"T","T","grohh101","snydf101","F","F",7,5,78,3,4,77,0,0,0,"taylz101","taylz101","",0,0,0,0,0,0,0,0,0,0,0,0,0,"fourj101","F","F","F","F",0,0,4,0,1,0,0,0,0,0,F,F,"1924NY1.EVN.regular.event.csv",1915
"NY1192406300","BRO",8,1,2,0,0,"",5,6,"grohh101","?","grohh101","?","henrd101","?","henrd101","?","taylz101","fourj101","olsoi101","stocm101","higha101","wheaz101","browe102","neisb101","","meusi101","kellg101","S4/G4S.3-H;2XH(32)","F","F",5,7,20,"T","T",1,"F","F",1,"F","F",1,"F","F",4,"G","F","F","4S",0,0,"N",0,"N",0,"N",1,0,0,4,"","","32","","F","F","F","F","F","F","F","F","F","","henrd101","henrd101","F","F","F","F","F","","","","",0,2,0,0,3,0,0,0,0,80,"NY1","NY1","BRO",1,"F","T",6,5,0,42,4,"T","F",6,1,"T","T","snydf101","jonnc101","F","F",0,0,0,7,5,78,3,4,77,"","taylz101","taylz101",0,0,0,0,0,0,0,0,0,0,0,0,1,"olsoi101","F","F","F","F",0,0,0,4,0,0,0,0,0,0,F,F,"1924NY1.EVN.regular.event.csv",1916
"NY1192406300","BRO",9,0,0,0,0,"",5,7,"higha101","?","higha101","?","jonnc101","?","jonnc101","?","snydf101","kellg101","frisf101","grohh101","jackt101","meusi101","wilsh102","younr101","","","","8/F","T","F",6,1,2,"T","T",0,"F","F",1,"F","F",0,"F","F",8,"F","F","F","",0,0,"N",0,"N",0,"N",0,0,0,0,"8","","","","F","F","F","F","F","F","F","F","F","","","","F","F","F","F","F","","","","",0,8,0,0,0,0,0,0,0,81,"NY1","BRO","NY1",0,"T","F",5,7,0,36,0,"T","F",0,0,"T","T","neisb101","wheaz101","F","F",0,0,0,0,0,0,0,0,0,"","","",0,0,0,0,0,0,0,0,0,0,0,0,0,"wilsh102","F","F","F","F",0,0,0,0,0,0,0,0,0,0,F,F,"1924NY1.EVN.regular.event.csv",1917
"NY1192406300","BRO",9,0,1,0,0,"",5,7,"neisb101","?","neisb101","?","jonnc101","?","jonnc101","?","snydf101","kellg101","frisf101","grohh101","jackt101","meusi101","wilsh102","younr101","","","","7/F","F","F",9,2,2,"T","T",0,"F","F",1,"F","F",0,"F","F",7,"F","F","F","",0,0,"N",0,"N",0,"N",0,0,0,0,"7","","","","F","F","F","F","F","F","F","F","F","","","","F","F","F","F","F","","","","",0,7,0,0,0,0,0,0,0,82,"NY1","BRO","NY1",0,"F","F",5,7,0,37,1,"T","F",0,0,"T","T","wheaz101","fourj101","F","F",0,0,0,0,0,0,0,0,0,"","","",0,0,0,0,0,0,0,0,0,0,0,0,0,"meusi101","F","F","F","F",0,0,0,0,0,0,0,0,0,0,F,F,"1924NY1.EVN.regular.event.csv",1918
"NY1192406300","BRO",9,0,2,0,0,"",5,7,"wheaz101","?","wheaz101","?","jonnc101","?","jonnc101","?","snydf101","kellg101","frisf101","grohh101","jackt101","meusi101","wilsh102","younr101","","","","W","F","F",7,3,14,"T","F",0,"F","F",0,"F","F",0,"F","F",0,"","F","F","",0,0,"N",0,"N",0,"N",1,0,0,0,"","","","","F","F","F","F","F","F","F","F","F","","","","F","F","F","F","F","","","","",0,0,0,0,0,0,0,0,0,83,"NY1","BRO","NY1",0,"F","F",5,7,0,38,2,"T","F",0,1,"T","T","fourj101","browe102","F","F",0,0,0,0,0,0,0,0,0,"","","",0,0,0,0,0,0,0,0,0,0,0,0,0,"","F","F","F","F",1,0,0,0,0,0,0,0,0,0,F,F,"1924NY1.EVN.regular.event.csv",1919
"NY1192406300","BRO",9,0,2,0,0,"",5,7,"fourj101","?","fourj101","?","jonnc101","?","jonnc101","?","snydf101","kellg101","frisf101","grohh101","jackt101","meusi101","wilsh102","younr101","loftd101","","","8/F","F","F",3,4,2,"T","T",0,"F","F",1,"F","F",0,"F","F",8,"F","F","F","",0,0,"N",0,"N",0,"N",0,1,0,0,"8","","","","F","F","F","F","F","F","F","F","F","jonnc101","","","F","T","T","F","F","wheaz101","","","",0,8,0,0,0,0,0,0,0,84,"NY1","BRO","NY1",0,"F","T",5,7,0,39,3,"T","F",1,1,"T","T","browe102","stocm101","F","F",0,3,83,0,0,0,0,0,0,"snydf101","","",0,0,0,0,0,0,0,0,0,0,0,0,0,"wilsh102","F","F","F","F",0,1,0,0,0,0,0,0,0,0,F,F,"1924NY1.EVN.regular.event.csv",1920
"NY1192407010","BRO",1,0,0,0,0,"",0,0,"higha101","?","higha101","?","bentj101","?","bentj101","?","snydf101","kellg101","frisf101","grohh101","jackt101","meusi101","wilsh102","younr101","","","","S7","T","F",6,1,20,"T","T",1,"F","F",0,"F","F",0,"F","F",7,"","F","F","",0,0,"N",0,"N",0,"N",1,0,0,0,"","","","","F","F","F","F","F","F","F","F","F","","","","T","F","F","F","F","","","","",0,0,0,0,0,0,0,0,0,1,"NY1","BRO","NY1",0,"T","F",0,0,0,0,0,"T","F",0,1,"T","T","neisb101","wheaz101","T","T",0,0,0,0,0,0,0,0,0,"","","",0,0,0,0,0,0,0,0,0,0,0,0,0,"meusi101","F","F","F","F",0,0,0,0,0,0,0,0,0,0,F,F,"1924NY1.EVN.regular.event.csv",1921
"NY1192407010","BRO",1,0,0,0,0,"",0,0,"neisb101","?","neisb101","?","bentj101","?","bentj101","?","snydf101","kellg101","frisf101","grohh101","jackt101","meusi101","wilsh102","younr101","higha101","","","54(1)/FO","F","F",9,2,2,"T","T",0,"F","F",1,"F","F",0,"F","F",5,"G","F","F","",0,0,"N",0,"N",0,"N",1,0,0,0,"","54","","","F","F","F","F","F","F","F","F","F","bentj101","","","F","F","F","F","F","","","","",0,4,0,0,5,0,0,0,0,2,"NY1","BRO","NY1",0,"F","F",0,0,0,1,1,"T","F",1,1,"T","T","wheaz101","fourj101","T","T",6,1,1,0,0,0,0,0,0,"snydf101","","",0,0,0,0,0,0,0,0,0,0,0,0,0,"grohh101","T","F","F","F",0,0,0,0,0,0,0,0,0,0,F,F,"1924NY1.EVN.regular.event.csv",1922
"NY1192407010","BRO",1,0,1,0,0,"",0,0,"wheaz101","?","wheaz101","?","bentj101","?","bentj101","?","snydf101","kellg101","frisf101","grohh101","jackt101","meusi101","wilsh102","younr101","neisb101","","","16(1)/FO","F","F",7,3,2,"T","T",0,"F","F",1,"F","F",0,"F","F",1,"G","F","F","",0,0,"N",0,"N",0,"N",1,0,0,0,"","16","","","F","F","F","F","F","F","F","F","F","bentj101","","","F","F","F","F","F","","","","",0,6,0,0,1,0,0,0,0,3,"NY1","BRO","NY1",0,"F","F",0,0,0,2,2,"T","F",1,1,"T","T","fourj101","browe102","T","T",9,2,2,0,0,0,0,0,0,"snydf101","","",0,0,0,0,0,0,0,0,0,0,0,0,0,"bentj101","T","F","F","F",0,0,0,0,0,0,0,0,0,0,F,F,"1924NY1.EVN.regular.event.csv",1923
"NY1192407010","BRO",1,0,2,0,0,"",0,0,"fourj101","?","fourj101","?","bentj101","?","bentj101","?","snydf101","kellg101","frisf101","grohh101","jackt101","meusi101","wilsh102","younr101","wheaz101","","","9/F","F","F",3,4,2,"T","T",0,"F","F",1,"F","F",0,"F","F",9,"F","F","F","",0,0,"N",0,"N",0,"N",0,1,0,0,"9","","","","F","F","F","F","F","F","F","F","F","bentj101","","","F","F","F","F","F","","","","",0,9,0,0,0,0,0,0,0,4,"NY1","BRO","NY1",0,"F","T",0,0,0,3,3,"T","F",1,1,"T","T","browe102","stocm101","T","T",7,3,3,0,0,0,0,0,0,"snydf101","","",0,0,0,0,0,0,0,0,0,0,0,0,0,"younr101","F","F","F","F",0,0,0,0,0,0,0,0,0,0,F,F,"1924NY1.EVN.regular.event.csv",1924
"NY1192407010","BRO",1,1,0,0,0,"",0,0,"younr101","?","younr101","?","decaa101","?","decaa101","?","debeh101","fourj101","klugj101","stocm101","higha101","wheaz101","browe102","neisb101","","","","63","T","F",9,1,2,"T","T",0,"F","F",1,"F","F",0,"F","F",6,"G","F","F","",0,0,"N",0,"N",0,"N",0,0,0,0,"63","","","","F","F","F","F","F","F","F","F","F","","","","F","F","F","F","F","","","","",0,3,0,0,6,0,0,0,0,5,"NY1","NY1","BRO",1,"T","F",0,0,0,0,0,"T","F",0,0,"T","T","frisf101","wilsh102","T","T",0,0,0,0,0,0,0,0,0,"","","",0,0,0,0,0,0,0,0,0,0,0,0,0,"higha101","F","F","F","F",0,0,0,0,0,0,0,0,0,0,F,F,"1924NY1.EVN.regular.event.csv",1925
"NY1192407010","BRO",1,1,1,0,0,"",0,0,"frisf101","?","frisf101","?","decaa101","?","decaa101","?","debeh101","fourj101","klugj101","stocm101","higha101","wheaz101","browe102","neisb101","","","","13","F","F",4,2,2,"T","T",0,"F","F",1,"F","F",0,"F","F",1,"G","F","F","",0,0,"N",0,"N",0,"N",0,0,0,0,"13","","","","F","F","F","F","F","F","F","F","F","","","","F","F","F","F","F","","","","",0,3,0,0,1,0,0,0,0,6,"NY1","NY1","BRO",1,"F","F",0,0,0,1,1,"T","F",0,0,"T","T","wilsh102","kellg101","T","T",0,0,0,0,0,0,0,0,0,"","","",0,0,0,0,0,0,0,0,0,0,0,0,0,"decaa101","F","F","F","F",0,0,0,0,0,0,0,0,0,0,F,F,"1924NY1.EVN.regular.event.csv",1926
"NY1192407010","BRO",1,1,2,0,0,"",0,0,"wilsh102","?","wilsh102","?","decaa101","?","decaa101","?","debeh101","fourj101","klugj101","stocm101","higha101","wheaz101","browe102","neisb101","","","","W","F","F",8,3,14,"T","F",0,"F","F",0,"F","F",0,"F","F",0,"","F","F","",0,0,"N",0,"N",0,"N",1,0,0,0,"","","","","F","F","F","F","F","F","F","F","F","","","","F","F","F","F","F","","","","",0,0,0,0,0,0,0,0,0,7,"NY1","NY1","BRO",1,"F","F",0,0,0,2,2,"T","F",0,1,"T","T","kellg101","meusi101","T","T",0,0,0,0,0,0,0,0,0,"","","",0,0,0,0,0,0,0,0,0,0,0,0,0,"","F","F","F","F",0,0,0,0,0,0,0,0,0,0,F,F,"1924NY1.EVN.regular.event.csv",1927
"NY1192407010","BRO",1,1,2,0,0,"",0,0,"kellg101","?","kellg101","?","decaa101","?","decaa101","?","debeh101","fourj101","klugj101","stocm101","higha101","wheaz101","browe102","neisb101","wilsh102","","","8/L","F","F",3,4,2,"T","T",0,"F","F",1,"F","F",0,"F","F",8,"L","F","F","",0,0,"N",0,"N",0,"N",0,1,0,0,"8","","","","F","F","F","F","F","F","F","F","F","decaa101","","","F","F","F","F","F","","","","",0,8,0,0,0,0,0,0,0,8,"NY1","NY1","BRO",1,"F","T",0,0,0,3,3,"T","F",1,1,"T","T","meusi101","jackt101","T","T",8,3,7,0,0,0,0,0,0,"debeh101","","",0,0,0,0,0,0,0,0,0,0,0,0,0,"browe102","F","F","F","F",0,0,0,0,0,0,0,0,0,0,F,F,"1924NY1.EVN.regular.event.csv",1928
"NY1192407010","BRO",2,0,0,0,0,"",0,0,"browe102","?","browe102","?","bentj101","?","bentj101","?","snydf101","kellg101","frisf101","grohh101","jackt101","meusi101","wilsh102","younr101","","","","6/P56D","T","F",8,5,2,"T","T",0,"F","F",1,"F","F",0,"F","F",6,"P","F","F","56D",0,0,"N",0,"N",0,"N",0,0,0,0,"6","","","","F","F","F","F","F","F","F","F","F","","","","F","F","F","F","F","","","","",0,6,0,0,0,0,0,0,0,9,"NY1","BRO","NY1",0,"T","F",0,0,0,4,0,"T","F",0,0,"T","T","stocm101","klugj101","T","T",0,0,0,0,0,0,0,0,0,"","","",0,0,0,0,0,0,0,0,0,0,0,0,0,"jackt101","F","F","F","F",0,0,0,0,0,0,0,0,0,0,F,F,"1924NY1.EVN.regular.event.csv",1929
"NY1192407010","BRO",2,0,1,0,0,"",0,0,"stocm101","?","stocm101","?","bentj101","?","bentj101","?","snydf101","kellg101","frisf101","grohh101","jackt101","meusi101","wilsh102","younr101","","","","S8","F","F",5,6,20,"T","T",1,"F","F",0,"F","F",0,"F","F",8,"","F","F","",0,0,"N",0,"N",0,"N",1,0,0,0,"","","","","F","F","F","F","F","F","F","F","F","","","","F","F","F","F","F","","","","",0,0,0,0,0,0,0,0,0,10,"NY1","BRO","NY1",0,"F","F",0,0,0,5,1,"T","F",0,1,"T","T","klugj101","debeh101","T","T",0,0,0,0,0,0,0,0,0,"","","",0,0,0,0,0,0,0,0,0,0,0,0,0,"wilsh102","F","F","F","F",0,0,0,0,0,0,0,0,0,0,F,F,"1924NY1.EVN.regular.event.csv",1930
"NY1192407010","BRO",2,0,1,0,0,"",0,0,"klugj101","?","klugj101","?","bentj101","?","bentj101","?","snydf101","kellg101","frisf101","grohh101","jackt101","meusi101","wilsh102","younr101","stocm101","","","64(1)3/GDP","F","F",4,7,2,"T","T",0,"F","F",2,"T","F",0,"F","F",6,"G","F","F","",0,0,"N",0,"N",0,"N",0,0,0,0,"43","64","","","F","F","F","F","F","F","F","F","F","bentj101","","","F","F","F","F","F","","","","",0,4,3,0,6,4,0,0,0,11,"NY1","BRO","NY1",0,"F","T",0,0,0,6,2,"T","F",1,0,"T","T","debeh101","decaa101","T","T",5,6,10,0,0,0,0,0,0,"snydf101","","",0,0,0,0,0,0,0,0,0,0,0,0,0,"jackt101","T","F","F","F",0,0,0,0,0,0,0,0,0,0,F,F,"1924NY1.EVN.regular.event.csv",1931
"NY1192407010","BRO",2,1,0,0,0,"",0,0,"meusi101","?","meusi101","?","decaa101","?","decaa101","?","debeh101","fourj101","klugj101","stocm101","higha101","wheaz101","browe102","neisb101","","","","S8","T","F",7,5,20,"T","T",1,"F","F",0,"F","F",0,"F","F",8,"","F","F","",0,0,"N",0,"N",0,"N",1,0,0,0,"","","","","F","F","F","F","F","F","F","F","F","","","","F","F","F","F","F","","","","",0,0,0,0,0,0,0,0,0,12,"NY1","NY1","BRO",1,"T","F",0,0,0,4,0,"T","F",0,1,"T","T","jackt101","grohh101","T","T",0,0,0,0,0,0,0,0,0,"","","",0,0,0,0,0,0,0,0,0,0,0,0,0,"browe102","F","F","F","F",0,0,0,0,0,0,0,0,0,0,F,F,"1924NY1.EVN.regular.event.csv",1932
"NY1192407010","BRO",2,1,0,0,0,"",0,0,"jackt101","?","jackt101","?","decaa101","?","decaa101","?","debeh101","fourj101","klugj101","stocm101","higha101","wheaz101","browe102","neisb101","meusi101","","","K","F","F",6,6,3,"T","T",0,"F","F",1,"F","F",0,"F","F",0,"","F","F","",0,0,"N",0,"N",0,"N",0,1,0,0,"2","","","","F","F","F","F","F","F","F","F","F","decaa101","","","F","F","F","F","F","","","","",0,2,0,0,0,0,0,0,0,13,"NY1","NY1","BRO",1,"F","F",0,0,0,5,1,"T","F",1,1,"T","T","grohh101","snydf101","T","T",7,5,12,0,0,0,0,0,0,"debeh101","","",0,0,0,0,0,0,0,0,0,0,0,0,0,"","F","F","F","F",0,0,0,0,0,0,0,0,0,0,F,F,"1924NY1.EVN.regular.event.csv",1933
"NY1192407010","BRO",2,1,1,0,0,"",0,0,"grohh101","?","grohh101","?","decaa101","?","decaa101","?","debeh101","fourj101","klugj101","stocm101","higha101","wheaz101","browe102","neisb101","meusi101","","","7/F","F","F",5,7,2,"T","T",0,"F","F",1,"F","F",0,"F","F",7,"F","F","F","",0,0,"N",0,"N",0,"N",0,1,0,0,"7","","","","F","F","F","F","F","F","F","F","F","decaa101","","","F","F","F","F","F","","","","",0,7,0,0,0,0,0,0,0,14,"NY1","NY1","BRO",1,"F","F",0,0,0,6,2,"T","F",1,1,"T","T","snydf101","bentj101","T","T",7,5,12,0,0,0,0,0,0,"debeh101","","",0,0,0,0,0,0,0,0,0,0,0,0,0,"wheaz101","F","F","F","F",0,0,0,0,0,0,0,0,0,0,F,F,"1924NY1.EVN.regular.event.csv",1934
"NY1192407010","BRO",2,1,2,0,0,"",0,0,"snydf101","?","snydf101","?","decaa101","?","decaa101","?","debeh101","fourj101","klugj101","stocm101","higha101","wheaz101","browe102","neisb101","meusi101","","","54(1)/FO","F","F",2,8,2,"T","T",0,"F","F",1,"F","F",0,"F","F",5,"G","F","F","",0,0,"N",0,"N",0,"N",1,0,0,0,"","54","","","F","F","F","F","F","F","F","F","F","decaa101","","","F","F","F","F","F","","","","",0,4,0,0,5,0,0,0,0,15,"NY1","NY1","BRO",1,"F","T",0,0,0,7,3,"T","F",1,1,"T","T","bentj101","younr101","T","T",7,5,12,0,0,0,0,0,0,"debeh101","","",0,0,0,0,0,0,0,0,0,0,0,0,0,"stocm101","T","F","F","F",0,0,0,0,0,0,0,0,0,0,F,F,"1924NY1.EVN.regular.event.csv",1935
"NY1192407010","BRO",3,0,0,0,0,"",0,0,"debeh101","?","debeh101","?","bentj101","?","bentj101","?","snydf101","kellg101","frisf101","grohh101","jackt101","meusi101","wilsh102","younr101","","","","53","T","F",2,8,2,"T","T",0,"F","F",1,"F","F",0,"F","F",5,"G","F","F","",0,0,"N",0,"N",0,"N",0,0,0,0,"53","","","","F","F","F","F","F","F","F","F","F","","","","F","F","F","F","F","","","","",0,3,0,0,5,0,0,0,0,16,"NY1","BRO","NY1",0,"T","F",0,0,0,7,0,"T","F",0,0,"T","T","decaa101","higha101","T","T",0,0,0,0,0,0,0,0,0,"","","",0,0,0,0,0,0,0,0,0,0,0,0,0,"grohh101","F","F","F","F",0,0,0,0,0,0,0,0,0,0,F,F,"1924NY1.EVN.regular.event.csv",1936
"NY1192407010","BRO",3,0,1,0,0,"",0,0,"decaa101","?","decaa101","?","bentj101","?","bentj101","?","snydf101","kellg101","frisf101","grohh101","jackt101","meusi101","wilsh102","younr101","","","","43","F","F",1,9,2,"T","T",0,"F","F",1,"F","F",0,"F","F",4,"G","F","F","",0,0,"N",0,"N",0,"N",0,0,0,0,"43","","","","F","F","F","F","F","F","F","F","F","","","","F","F","F","F","F","","","","",0,3,0,0,4,0,0,0,0,17,"NY1","BRO","NY1",0,"F","F",0,0,0,8,1,"T","F",0,0,"T","T","higha101","neisb101","T","T",0,0,0,0,0,0,0,0,0,"","","",0,0,0,0,0,0,0,0,0,0,0,0,0,"frisf101","F","F","F","F",0,0,0,0,0,0,0,0,0,0,F,F,"1924NY1.EVN.regular.event.csv",1937
"NY1192407010","BRO",3,0,2,0,0,"",0,0,"higha101","?","higha101","?","bentj101","?","bentj101","?","snydf101","kellg101","frisf101","grohh101","jackt101","meusi101","wilsh102","younr101","","","","43","F","F",6,1,2,"T","T",0,"F","F",1,"F","F",0,"F","F",4,"G","F","F","",0,0,"N",0,"N",0,"N",0,0,0,0,"43","","","","F","F","F","F","F","F","F","F","F","","","","F","F","F","F","F","","","","",0,3,0,0,4,0,0,0,0,18,"NY1","BRO","NY1",0,"F","T",0,0,0,9,2,"T","F",0,0,"T","T","neisb101","wheaz101","T","T",0,0,0,0,0,0,0,0,0,"","","",0,0,0,0,0,0,0,0,0,0,0,0,0,"frisf101","F","F","F","F",0,0,0,0,0,0,0,0,0,0,F,F,"1924NY1.EVN.regular.event.csv",1938
"NY1192407010","BRO",3,1,0,0,0,"",0,0,"bentj101","?","bentj101","?","decaa101","?","decaa101","?","debeh101","fourj101","klugj101","stocm101","higha101","wheaz101","browe102","neisb101","","","","43","T","F",1,9,2,"T","T",0,"F","F",1,"F","F",0,"F","F",4,"G","F","F","",0,0,"N",0,"N",0,"N",0,0,0,0,"43","","","","F","F","F","F","F","F","F","F","F","","","","F","F","F","F","F","","","","",0,3,0,0,4,0,0,0,0,19,"NY1","NY1","BRO",1,"T","F",0,0,0,8,0,"T","F",0,0,"T","T","younr101","frisf101","T","T",0,0,0,0,0,0,0,0,0,"","","",0,0,0,0,0,0,0,0,0,0,0,0,0,"klugj101","F","F","F","F",0,0,0,0,3,0,0,0,0,0,F,F,"1924NY1.EVN.regular.event.csv",1939
"NY1192407010","BRO",3,1,1,0,0,"",0,0,"younr101","?","younr101","?","decaa101","?","decaa101","?","debeh101","fourj101","klugj101","stocm101","higha101","wheaz101","browe102","neisb101","","","","S5/BG.B-2(E5/TH1)","F","F",9,1,20,"T","T",1,"F","F",0,"F","F",0,"F","F",5,"G","T","F","",1,5,"T",0,"N",0,"N",2,0,0,0,"","","","","F","F","F","F","F","F","F","F","F","","","","F","F","F","F","F","","","","",0,0,0,0,0,0,0,0,0,20,"NY1","NY1","BRO",1,"F","F",0,0,0,9,1,"T","F",0,2,"T","T","frisf101","wilsh102","T","T",0,0,0,0,0,0,0,0,0,"","","",0,0,0,0,0,0,0,0,0,0,0,0,0,"stocm101","F","F","F","F",4,0,0,0,3,0,0,0,0,0,F,F,"1924NY1.EVN.regular.event.csv",1940
"NY1192407010","BRO",3,1,1,0,0,"",0,0,"frisf101","?","frisf101","?","decaa101","?","decaa101","?","debeh101","fourj101","klugj101","stocm101","higha101","wheaz101","browe102","neisb101","","younr101","","FC6/R5.2-3","F","F",4,2,19,"T","T",0,"F","F",0,"F","F",0,"F","F",6,"G","F","F","",0,0,"N",0,"N",0,"N",1,0,3,0,"","","","","F","F","F","F","F","F","F","F","F","","decaa101","","F","F","F","F","F","","","","",0,0,0,0,0,0,0,0,0,21,"NY1","NY1","BRO",1,"F","F",0,0,0,10,2,"T","F",2,5,"T","T","wilsh102","kellg101","T","T",0,0,0,9,1,20,0,0,0,"","debeh101","",0,0,0,0,0,0,0,0,0,0,0,0,0,"higha101","F","F","F","F",4,0,4,0,3,0,0,0,0,0,F,F,"1924NY1.EVN.regular.event.csv",1941
"NY1192407010","BRO",3,1,1,0,0,"",0,0,"wilsh102","?","wilsh102","?","decaa101","?","decaa101","?","debeh101","fourj101","klugj101","stocm101","higha101","wheaz101","browe102","neisb101","frisf101","","younr101","3/FL","F","F",8,3,2,"T","T",0,"F","F",1,"F","F",0,"F","F",3,"F","F","T","",0,0,"N",0,"N",0,"N",0,1,0,3,"3","","","","F","F","F","F","F","F","F","F","F","decaa101","","decaa101","F","F","F","F","F","","","","",0,3,0,0,0,0,0,0,0,22,"NY1","NY1","BRO",1,"F","F",0,0,0,11,3,"T","F",5,5,"T","T","kellg101","meusi101","T","T",4,2,21,0,0,0,9,1,20,"debeh101","","debeh101",0,0,0,0,0,0,0,0,0,0,0,0,0,"fourj101","F","F","F","F",0,4,0,4,3,0,0,0,0,0,F,F,"1924NY1.EVN.regular.event.csv",1942
"NY1192407010","BRO",3,1,2,0,0,"",0,0,"kellg101","?","kellg101","?","decaa101","?","decaa101","?","debeh101","fourj101","klugj101","stocm101","higha101","wheaz101","browe102","neisb101","frisf101","","younr101","SBH;SB2","F","F",3,4,4,"F","F",0,"F","F",0,"F","F",0,"F","F",0,"","F","F","",0,0,"N",0,"N",0,"N",0,2,0,4,"","","","","T","F","T","F","F","F","F","F","F","decaa101","","decaa101","F","F","F","F","F","","","","",0,0,0,0,0,0,0,0,0,23,"NY1","NY1","BRO",1,"F","F",0,0,0,12,4,"T","F",5,2,"T","T","meusi101","jackt101","T","T",4,2,21,0,0,0,9,1,20,"debeh101","","debeh101",0,0,0,0,0,0,0,0,0,0,0,0,1,"","F","F","F","F",0,4,0,4,2,0,0,0,0,0,F,F,"1924NY1.EVN.regular.event.csv",1943
"NY1192407010","BRO",3,1,2,0,0,"",0,1,"kellg101","?","kellg101","?","decaa101","?","decaa101","?","debeh101","fourj101","klugj101","stocm101","higha101","wheaz101","browe102","neisb101","","frisf101","","S7/G6.2-H","F","F",3,4,20,"T","T",1,"F","F",0,"F","F",1,"F","F",7,"G","F","F","6",0,0,"N",0,"N",0,"N",1,0,4,0,"","","","","F","F","F","F","F","F","F","F","F","","decaa101","","F","F","F","F","F","","","","",0,0,0,0,0,0,0,0,0,24,"NY1","NY1","BRO",1,"F","F",1,0,1,12,4,"F","F",2,1,"T","T","meusi101","jackt101","T","T",0,0,0,4,2,21,0,0,0,"","debeh101","",0,0,0,0,0,0,0,0,0,0,0,0,1,"wheaz101","F","F","F","F",4,0,4,0,1,0,0,0,0,0,F,F,"1924NY1.EVN.regular.event.csv",1944
"NY1192407010","BRO",3,1,2,0,0,"",0,2,"meusi101","?","meusi101","?","decaa101","?","decaa101","?","debeh101","fourj101","klugj101","stocm101","higha101","wheaz101","browe102","neisb101","kellg101","","","S8.1-3","F","F",7,5,20,"T","T",1,"F","F",0,"F","F",0,"F","F",8,"","F","F","",0,0,"N",0,"N",0,"N",1,3,0,0,"","","","","F","F","F","F","F","F","F","F","F","decaa101","","","F","F","F","F","F","","","","",0,0,0,0,0,0,0,0,0,25,"NY1","NY1","BRO",1,"F","F",2,0,2,13,5,"T","F",1,5,"T","T","jackt101","grohh101","T","T",3,4,24,0,0,0,0,0,0,"debeh101","","",0,0,0,0,0,0,0,0,0,0,0,0,0,"browe102","F","F","F","F",0,4,0,0,1,0,0,0,0,0,F,F,"1924NY1.EVN.regular.event.csv",1945
"NY1192407010","BRO",3,1,2,0,0,"",0,2,"jackt101","?","jackt101","?","decaa101","?","decaa101","?","debeh101","fourj101","klugj101","stocm101","higha101","wheaz101","browe102","neisb101","meusi101","","kellg101","S7/G6.3-H;1-2","F","F",6,6,20,"T","T",1,"F","F",0,"F","F",1,"F","F",7,"G","F","F","6",0,0,"N",0,"N",0,"N",1,2,0,4,"","","","","F","F","F","F","F","F","F","F","F","decaa101","","decaa101","F","F","F","F","F","","","","",0,0,0,0,0,0,0,0,0,26,"NY1","NY1","BRO",1,"F","F",2,0,2,14,6,"T","F",5,3,"T","T","grohh101","snydf101","T","T",7,5,25,0,0,0,3,4,24,"debeh101","","debeh101",0,0,0,0,0,0,0,0,0,0,0,0,1,"wheaz101","F","F","F","F",0,0,0,4,0,0,0,0,0,0,F,F,"1924NY1.EVN.regular.event.csv",1946
"NY1192407010","BRO",3,1,2,0,0,"",0,3,"grohh101","?","grohh101","?","decaa101","?","decaa101","?","debeh101","fourj101","klugj101","stocm101","higha101","wheaz101","browe102","neisb101","jackt101","meusi101","","7/F","F","F",5,7,2,"T","T",0,"F","F",1,"F","F",0,"F","F",7,"F","F","F","",0,0,"N",0,"N",0,"N",0,1,2,0,"7","","","","F","F","F","F","F","F","F","F","F","decaa101","decaa101","","F","F","F","F","F","","","","",0,7,0,0,0,0,0,0,0,27,"NY1","NY1","BRO",1,"F","T",3,0,3,15,7,"T","F",3,3,"T","T","snydf101","bentj101","T","T",6,6,26,7,5,25,0,0,0,"debeh101","debeh101","",0,0,0,0,0,0,0,0,0,0,0,0,0,"wheaz101","F","F","F","F",0,0,0,0,0,0,0,0,0,0,F,F,"1924NY1.EVN.regular.event.csv",1947
"NY1192407010","BRO",4,0,0,0,0,"",0,3,"neisb101","?","neisb101","?","bentj101","?","bentj101","?","snydf101","kellg101","frisf101","grohh101","jackt101","meusi101","wilsh102","younr101","","","","3/G","T","F",9,2,2,"T","T",0,"F","F",1,"F","F",0,"F","F",3,"G","F","F","",0,0,"N",0,"N",0,"N",0,0,0,0,"3","","","","F","F","F","F","F","F","F","F","F","","","","F","F","F","F","F","","","","",0,3,0,0,0,0,0,0,0,28,"NY1","BRO","NY1",0,"T","F",0,3,0,10,0,"T","F",0,0,"T","T","wheaz101","fourj101","T","T",0,0,0,0,0,0,0,0,0,"","","",0,0,0,0,0,0,0,0,0,0,0,0,0,"kellg101","F","F","F","F",0,0,0,0,0,0,0,0,0,0,F,F,"1924NY1.EVN.regular.event.csv",1948
"NY1192407010","BRO",4,0,1,0,0,"",0,3,"wheaz101","?","wheaz101","?","bentj101","?","bentj101","?","snydf101","kellg101","frisf101","grohh101","jackt101","meusi101","wilsh102","younr101","","","","9/F","F","F",7,3,2,"T","T",0,"F","F",1,"F","F",0,"F","F",9,"F","F","F","",0,0,"N",0,"N",0,"N",0,0,0,0,"9","","","","F","F","F","F","F","F","F","F","F","","","","F","F","F","F","F","","","","",0,9,0,0,0,0,0,0,0,29,"NY1","BRO","NY1",0,"F","F",0,3,0,11,1,"T","F",0,0,"T","T","fourj101","browe102","T","T",0,0,0,0,0,0,0,0,0,"","","",0,0,0,0,0,0,0,0,0,0,0,0,0,"younr101","F","F","F","F",0,0,0,0,0,0,0,0,0,0,F,F,"1924NY1.EVN.regular.event.csv",1949
"NY1192407010","BRO",4,0,2,0,0,"",0,3,"fourj101","?","fourj101","?","bentj101","?","bentj101","?","snydf101","kellg101","frisf101","grohh101","jackt101","meusi101","wilsh102","younr101","","","","9/F","F","F",3,4,2,"T","T",0,"F","F",1,"F","F",0,"F","F",9,"F","F","F","",0,0,"N",0,"N",0,"N",0,0,0,0,"9","","","","F","F","F","F","F","F","F","F","F","","","","F","F","F","F","F","","","","",0,9,0,0,0,0,0,0,0,30,"NY1","BRO","NY1",0,"F","T",0,3,0,12,2,"T","F",0,0,"T","T","browe102","stocm101","T","T",0,0,0,0,0,0,0,0,0,"","","",0,0,0,0,0,0,0,0,0,0,0,0,0,"younr101","F","F","F","F",0,0,0,0,0,0,0,0,0,0,F,F,"1924NY1.EVN.regular.event.csv",1950
"NY1192407010","BRO",4,1,0,0,0,"",0,3,"snydf101","?","snydf101","?","decaa101","?","decaa101","?","debeh101","fourj101","klugj101","stocm101","higha101","wheaz101","browe102","neisb101","","","","K","T","F",2,8,3,"T","T",0,"F","F",1,"F","F",0,"F","F",0,"","F","F","",0,0,"N",0,"N",0,"N",0,0,0,0,"2","","","","F","F","F","F","F","F","F","F","F","","","","F","F","F","F","F","","","","",0,2,0,0,0,0,0,0,0,31,"NY1","NY1","BRO",1,"T","F",3,0,0,16,0,"T","F",0,0,"T","T","bentj101","younr101","T","T",0,0,0,0,0,0,0,0,0,"","","",0,0,0,0,0,0,0,0,0,0,0,0,0,"","F","F","F","F",0,0,0,0,1,0,0,0,0,0,F,F,"1924NY1.EVN.regular.event.csv",1951
"NY1192407010","BRO",4,1,1,0,0,"",0,3,"bentj101","?","bentj101","?","decaa101","?","decaa101","?","debeh101","fourj101","klugj101","stocm101","higha101","wheaz101","browe102","neisb101","","","","D","F","F",1,9,21,"T","T",2,"F","F",0,"F","F",0,"F","F",0,"","F","F","",0,0,"N",0,"N",0,"N",2,0,0,0,"","","","","F","F","F","F","F","F","F","F","F","","","","F","F","F","F","F","","","","",0,0,0,0,0,0,0,0,0,32,"NY1","NY1","BRO",1,"F","F",3,0,0,17,1,"T","F",0,2,"T","T","younr101","frisf101","T","T",0,0,0,0,0,0,0,0,0,"","","",0,0,0,0,0,0,0,0,0,0,0,0,0,"","F","F","F","F",4,0,0,0,1,0,0,0,0,0,F,F,"1924NY1.EVN.regular.event.csv",1952
"NY1192407010","BRO",4,1,1,0,0,"",0,3,"younr101","?","younr101","?","decaa101","?","decaa101","?","debeh101","fourj101","klugj101","stocm101","higha101","wheaz101","browe102","neisb101","","bentj101","","PB.2-3","F","F",9,1,10,"F","F",0,"F","F",0,"F","F",0,"F","T",0,"","F","F","",0,0,"N",0,"N",0,"N",0,0,3,0,"","","","","F","F","F","F","F","F","F","F","F","","decaa101","","F","F","F","F","F","","","","",0,0,0,0,0,0,0,0,0,33,"NY1","NY1","BRO",1,"F","F",3,0,0,18,2,"T","F",2,4,"T","T","frisf101","wilsh102","T","T",0,0,0,1,9,32,0,0,0,"","debeh101","",0,0,0,0,0,0,0,0,0,0,0,0,0,"","F","F","F","F",0,0,4,0,1,0,0,0,0,0,F,F,"1924NY1.EVN.regular.event.csv",1953
"NY1192407010","BRO",4,1,1,0,0,"",0,3,"younr101","?","younr101","?","decaa101","?","decaa101","?","debeh101","fourj101","klugj101","stocm101","higha101","wheaz101","browe102","neisb101","","","bentj101","S8.3-H","F","F",9,1,20,"T","T",1,"F","F",0,"F","F",1,"F","F",8,"","F","F","",0,0,"N",0,"N",0,"N",1,0,0,4,"","","","","F","F","F","F","F","F","F","F","F","","","decaa101","F","F","F","F","F","","","","",0,0,0,0,0,0,0,0,0,34,"NY1","NY1","BRO",1,"F","F",3,0,0,18,2,"F","F",4,1,"T","T","frisf101","wilsh102","T","T",0,0,0,0,0,0,1,9,32,"","","debeh101",0,0,0,0,0,0,0,0,0,0,0,0,1,"browe102","F","F","F","F",0,0,0,4,0,0,0,0,0,0,F,F,"1924NY1.EVN.regular.event.csv",1954
"NY1192407010","BRO",4,1,1,0,0,"",0,4,"frisf101","?","frisf101","?","decaa101","?","decaa101","?","debeh101","fourj101","klugj101","stocm101","higha101","wheaz101","browe102","neisb101","younr101","","","9/F","F","F",4,2,2,"T","T",0,"F","F",1,"F","F",0,"F","F",9,"F","F","F","",0,0,"N",0,"N",0,"N",0,1,0,0,"9","","","","F","F","F","F","F","F","F","F","F","decaa101","","","F","F","F","F","F","","","","",0,9,0,0,0,0,0,0,0,35,"NY1","NY1","BRO",1,"F","F",4,0,1,19,3,"T","F",1,1,"T","T","wilsh102","kellg101","T","T",9,1,34,0,0,0,0,0,0,"debeh101","","",0,0,0,0,0,0,0,0,0,0,0,0,0,"neisb101","F","F","F","F",0,0,0,0,0,0,0,0,0,0,F,F,"1924NY1.EVN.regular.event.csv",1955
"NY1192407010","BRO",4,1,2,0,0,"",0,4,"wilsh102","?","wilsh102","?","decaa101","?","decaa101","?","debeh101","fourj101","klugj101","stocm101","higha101","wheaz101","browe102","neisb101","younr101","","","6/P","F","F",8,3,2,"T","T",0,"F","F",1,"F","F",0,"F","F",6,"P","F","F","",0,0,"N",0,"N",0,"N",0,1,0,0,"6","","","","F","F","F","F","F","F","F","F","F","decaa101","","","F","F","F","F","F","","","","",0,6,0,0,0,0,0,0,0,36,"NY1","NY1","BRO",1,"F","T",4,0,1,20,4,"T","F",1,1,"T","T","kellg101","meusi101","T","T",9,1,34,0,0,0,0,0,0,"debeh101","","",0,0,0,0,0,0,0,0,0,0,0,0,0,"higha101","F","F","F","F",0,0,0,0,0,0,0,0,0,0,F,F,"1924NY1.EVN.regular.event.csv",1956
"NY1192407010","BRO",5,0,0,0,0,"",0,4,"browe102","?","browe102","?","bentj101","?","bentj101","?","snydf101","kellg101","frisf101","grohh101","jackt101","meusi101","wilsh102","younr101","","","","W","T","F",8,5,14,"T","F",0,"F","F",0,"F","F",0,"F","F",0,"","F","F","",0,0,"N",0,"N",0,"N",1,0,0,0,"","","","","F","F","F","F","F","F","F","F","F","","","","F","F","F","F","F","","","","",0,0,0,0,0,0,0,0,0,37,"NY1","BRO","NY1",0,"T","F",0,4,0,13,0,"T","F",0,1,"T","T","stocm101","klugj101","T","T",0,0,0,0,0,0,0,0,0,"","","",0,0,0,0,0,0,0,0,0,0,0,0,0,"","F","F","F","F",0,0,0,0,0,0,0,0,0,0,F,F,"1924NY1.EVN.regular.event.csv",1957
"NY1192407010","BRO",5,0,0,0,0,"",0,4,"stocm101","?","stocm101","?","bentj101","?","bentj101","?","snydf101","kellg101","frisf101","grohh101","jackt101","meusi101","wilsh102","younr101","browe102","","","46(1)/FO","F","F",5,6,2,"T","T",0,"F","F",1,"F","F",0,"F","F",4,"G","F","F","",0,0,"N",0,"N",0,"N",1,0,0,0,"","46","","","F","F","F","F","F","F","F","F","F","bentj101","","","F","F","F","F","F","","","","",0,6,0,0,4,0,0,0,0,38,"NY1","BRO","NY1",0,"F","F",0,4,0,14,1,"T","F",1,1,"T","T","klugj101","debeh101","T","T",8,5,37,0,0,0,0,0,0,"snydf101","","",0,0,0,0,0,0,0,0,0,0,0,0,0,"frisf101","T","F","F","F",0,0,0,0,0,0,0,0,0,0,F,F,"1924NY1.EVN.regular.event.csv",1958
"NY1192407010","BRO",5,0,1,0,0,"",0,4,"klugj101","?","klugj101","?","bentj101","?","bentj101","?","snydf101","kellg101","frisf101","grohh101","jackt101","meusi101","wilsh102","younr101","stocm101","","","S7.1-2","F","F",4,7,20,"T","T",1,"F","F",0,"F","F",0,"F","F",7,"","F","F","",0,0,"N",0,"N",0,"N",1,2,0,0,"","","","","F","F","F","F","F","F","F","F","F","bentj101","","","F","F","F","F","F","","","","",0,0,0,0,0,0,0,0,0,39,"NY1","BRO","NY1",0,"F","F",0,4,0,15,2,"T","F",1,3,"T","T","debeh101","decaa101","T","T",5,6,38,0,0,0,0,0,0,"snydf101","","",0,0,0,0,0,0,0,0,0,0,0,0,0,"meusi101","F","F","F","F",0,0,0,0,0,0,0,0,0,0,F,F,"1924NY1.EVN.regular.event.csv",1959
"NY1192407010","BRO",5,0,1,0,0,"",0,4,"debeh101","?","debeh101","?","bentj101","?","bentj101","?","snydf101","kellg101","frisf101","grohh101","jackt101","meusi101","wilsh102","younr101","klugj101","stocm101","","9/F","F","F",2,8,2,"T","T",0,"F","F",1,"F","F",0,"F","F",9,"F","F","F","",0,0,"N",0,"N",0,"N",0,1,2,0,"9","","","","F","F","F","F","F","F","F","F","F","bentj101","bentj101","","F","F","F","F","F","","","","",0,9,0,0,0,0,0,0,0,40,"NY1","BRO","NY1",0,"F","F",0,4,0,16,3,"T","F",3,3,"T","T","decaa101","higha101","T","T",4,7,39,5,6,38,0,0,0,"snydf101","snydf101","",0,0,0,0,0,0,0,0,0,0,0,0,0,"younr101","F","F","F","F",0,0,0,0,0,0,0,0,0,0,F,F,"1924NY1.EVN.regular.event.csv",1960
"NY1192407010","BRO",5,0,2,0,0,"",0,4,"decaa101","?","decaa101","?","bentj101","?","bentj101","?","snydf101","kellg101","frisf101","grohh101","jackt101","meusi101","wilsh102","younr101","klugj101","stocm101","","43","F","F",1,9,2,"T","T",0,"F","F",1,"F","F",0,"F","F",4,"G","F","F","",0,0,"N",0,"N",0,"N",0,1,2,0,"43","","","","F","F","F","F","F","F","F","F","F","bentj101","bentj101","","F","F","F","F","F","","","","",0,3,0,0,4,0,0,0,0,41,"NY1","BRO","NY1",0,"F","T",0,4,0,17,4,"T","F",3,3,"T","T","higha101","neisb101","T","T",4,7,39,5,6,38,0,0,0,"snydf101","snydf101","",0,0,0,0,0,0,0,0,0,0,0,0,0,"frisf101","F","F","F","F",0,0,0,0,0,0,0,0,0,0,F,F,"1924NY1.EVN.regular.event.csv",1961
"NY1192407010","BRO",5,1,0,0,0,"",0,4,"kellg101","?","kellg101","?","decaa101","?","decaa101","?","debeh101","fourj101","klugj101","stocm101","higha101","wheaz101","browe102","neisb101","","","","S/G6","T","F",3,4,20,"T","T",1,"F","F",0,"F","F",0,"F","F",0,"G","F","F","6",0,0,"N",0,"N",0,"N",1,0,0,0,"","","","","F","F","F","F","F","F","F","F","F","","","","F","F","F","F","F","","","","",0,0,0,0,0,0,0,0,0,42,"NY1","NY1","BRO",1,"T","F",4,0,0,21,0,"T","F",0,1,"T","T","meusi101","jackt101","T","T",0,0,0,0,0,0,0,0,0,"","","",0,0,0,0,0,0,0,0,0,0,0,0,0,"","F","F","F","F",0,0,0,0,0,0,0,0,0,0,F,F,"1924NY1.EVN.regular.event.csv",1962
"NY1192407010","BRO",5,1,0,0,0,"",0,4,"meusi101","?","meusi101","?","decaa101","?","decaa101","?","debeh101","fourj101","klugj101","stocm101","higha101","wheaz101","browe102","neisb101","kellg101","","","8/F","F","F",7,5,2,"T","T",0,"F","F",1,"F","F",0,"F","F",8,"F","F","F","",0,0,"N",0,"N",0,"N",0,1,0,0,"8","","","","F","F","F","F","F","F","F","F","F","decaa101","","","F","F","F","F","F","","","","",0,8,0,0,0,0,0,0,0,43,"NY1","NY1","BRO",1,"F","F",4,0,0,22,1,"T","F",1,1,"T","T","jackt101","grohh101","T","T",3,4,42,0,0,0,0,0,0,"debeh101","","",0,0,0,0,0,0,0,0,0,0,0,0,0,"browe102","F","F","F","F",0,0,0,0,0,0,0,0,0,0,F,F,"1924NY1.EVN.regular.event.csv",1963
"NY1192407010","BRO",5,1,1,0,0,"",0,4,"jackt101","?","jackt101","?","decaa101","?","decaa101","?","debeh101","fourj101","klugj101","stocm101","higha101","wheaz101","browe102","neisb101","kellg101","","","7/F","F","F",6,6,2,"T","T",0,"F","F",1,"F","F",0,"F","F",7,"F","F","F","",0,0,"N",0,"N",0,"N",0,1,0,0,"7","","","","F","F","F","F","F","F","F","F","F","decaa101","","","F","F","F","F","F","","","","",0,7,0,0,0,0,0,0,0,44,"NY1","NY1","BRO",1,"F","F",4,0,0,23,2,"T","F",1,1,"T","T","grohh101","snydf101","T","T",3,4,42,0,0,0,0,0,0,"debeh101","","",0,0,0,0,0,0,0,0,0,0,0,0,0,"wheaz101","F","F","F","F",0,0,0,0,0,0,0,0,0,0,F,F,"1924NY1.EVN.regular.event.csv",1964
"NY1192407010","BRO",5,1,2,0,0,"",0,4,"grohh101","?","grohh101","?","decaa101","?","decaa101","?","debeh101","fourj101","klugj101","stocm101","higha101","wheaz101","browe102","neisb101","kellg101","","","S.1-2#","F","F",5,7,20,"T","T",1,"F","F",0,"F","F",0,"F","F",0,"","F","F","",0,0,"N",0,"N",0,"N",1,2,0,0,"","","","","F","F","F","F","F","F","F","F","F","decaa101","","","F","F","F","F","F","","","","",0,0,0,0,0,0,0,0,0,45,"NY1","NY1","BRO",1,"F","F",4,0,0,24,3,"T","F",1,3,"T","T","snydf101","bentj101","T","T",3,4,42,0,0,0,0,0,0,"debeh101","","",0,0,0,0,0,0,0,0,0,0,0,0,0,"","F","F","F","F",0,0,0,0,0,0,0,0,0,0,F,T,"1924NY1.EVN.regular.event.csv",1965
"NY1192407010","BRO",5,1,2,0,0,"",0,4,"snydf101","?","snydf101","?","decaa101","?","decaa101","?","debeh101","fourj101","klugj101","stocm101","higha101","wheaz101","browe102","neisb101","grohh101","kellg101","","63","F","F",2,8,2,"T","T",0,"F","F",1,"F","F",0,"F","F",6,"G","F","F","",0,0,"N",0,"N",0,"N",0,1,2,0,"63","","","","F","F","F","F","F","F","F","F","F","decaa101","decaa101","","F","F","F","F","F","","","","",0,3,0,0,6,0,0,0,0,46,"NY1","NY1","BRO",1,"F","T",4,0,0,25,4,"T","F",3,3,"T","T","bentj101","younr101","T","T",5,7,45,3,4,42,0,0,0,"debeh101","debeh101","",0,0,0,0,0,0,0,0,0,0,0,0,0,"higha101","F","F","F","F",0,0,0,0,0,0,0,0,0,0,F,F,"1924NY1.EVN.regular.event.csv",1966
"NY1192407010","BRO",6,0,0,0,0,"",0,4,"higha101","?","higha101","?","bentj101","?","bentj101","?","snydf101","kellg101","frisf101","grohh101","jackt101","meusi101","wilsh102","younr101","","","","9/F","T","F",6,1,2,"T","T",0,"F","F",1,"F","F",0,"F","F",9,"F","F","F","",0,0,"N",0,"N",0,"N",0,0,0,0,"9","","","","F","F","F","F","F","F","F","F","F","","","","F","F","F","F","F","","","","",0,9,0,0,0,0,0,0,0,47,"NY1","BRO","NY1",0,"T","F",0,4,0,18,0,"T","F",0,0,"T","T","neisb101","wheaz101","T","T",0,0,0,0,0,0,0,0,0,"","","",0,0,0,0,0,0,0,0,0,0,0,0,0,"younr101","F","F","F","F",0,0,0,0,0,0,0,0,0,0,F,F,"1924NY1.EVN.regular.event.csv",1967
"NY1192407010","BRO",6,0,1,0,0,"",0,4,"neisb101","?","neisb101","?","bentj101","?","bentj101","?","snydf101","kellg101","frisf101","grohh101","jackt101","meusi101","wilsh102","younr101","","","","W","F","F",9,2,14,"T","F",0,"F","F",0,"F","F",0,"F","F",0,"","F","F","",0,0,"N",0,"N",0,"N",1,0,0,0,"","","","","F","F","F","F","F","F","F","F","F","","","","F","F","F","F","F","","","","",0,0,0,0,0,0,0,0,0,48,"NY1","BRO","NY1",0,"F","F",0,4,0,19,1,"T","F",0,1,"T","T","wheaz101","fourj101","T","T",0,0,0,0,0,0,0,0,0,"","","",0,0,0,0,0,0,0,0,0,0,0,0,0,"","F","F","F","F",0,0,0,0,0,0,0,0,0,0,F,F,"1924NY1.EVN.regular.event.csv",1968
"NY1192407010","BRO",6,0,1,0,0,"",0,4,"wheaz101","?","wheaz101","?","bentj101","?","bentj101","?","snydf101","kellg101","frisf101","grohh101","jackt101","meusi101","wilsh102","younr101","neisb101","","","46(1)3/GDP","F","F",7,3,2,"T","T",0,"F","F",2,"T","F",0,"F","F",4,"G","F","F","",0,0,"N",0,"N",0,"N",0,0,0,0,"63","46","","","F","F","F","F","F","F","F","F","F","bentj101","","","F","F","F","F","F","","","","",0,6,3,0,4,6,0,0,0,49,"NY1","BRO","NY1",0,"F","T",0,4,0,20,2,"T","F",1,0,"T","T","fourj101","browe102","T","T",9,2,48,0,0,0,0,0,0,"snydf101","","",0,0,0,0,0,0,0,0,0,0,0,0,0,"frisf101","T","F","F","F",0,0,0,0,0,0,0,0,0,0,F,F,"1924NY1.EVN.regular.event.csv",1969
"NY1192407010","BRO",6,1,0,0,0,"",0,4,"bentj101","?","bentj101","?","decaa101","?","decaa101","?","debeh101","fourj101","klugj101","stocm101","higha101","wheaz101","browe102","neisb101","","","","3/FL","T","F",1,9,2,"T","T",0,"F","F",1,"F","F",0,"F","F",3,"F","F","T","",0,0,"N",0,"N",0,"N",0,0,0,0,"3","","","","F","F","F","F","F","F","F","F","F","","","","F","F","F","F","F","","","","",0,3,0,0,0,0,0,0,0,50,"NY1","NY1","BRO",1,"T","F",4,0,0,26,0,"T","F",0,0,"T","T","younr101","frisf101","T","T",0,0,0,0,0,0,0,0,0,"","","",0,0,0,0,0,0,0,0,0,0,0,0,0,"fourj101","F","F","F","F",0,0,0,0,2,0,0,0,0,0,F,F,"1924NY1.EVN.regular.event.csv",1970
"NY1192407010","BRO",6,1,1,0,0,"",0,4,"younr101","?","younr101","?","decaa101","?","decaa101","?","debeh101","fourj101","klugj101","stocm101","higha101","wheaz101","browe102","neisb101","","","","HR/F7D","F","F",9,1,23,"T","T",4,"F","F",0,"F","F",1,"F","F",0,"F","F","F","7D",0,0,"N",0,"N",0,"N",4,0,0,0,"","","","","F","F","F","F","F","F","F","F","F","","","","F","F","F","F","F","","","","",0,0,0,0,0,0,0,0,0,51,"NY1","NY1","BRO",1,"F","F",4,0,0,27,1,"T","F",0,0,"T","T","frisf101","wilsh102","T","T",0,0,0,0,0,0,0,0,0,"","","",0,0,0,0,0,0,0,0,0,0,0,0,1,"","F","F","F","F",4,0,0,0,1,0,0,0,0,0,F,F,"1924NY1.EVN.regular.event.csv",1971
"NY1192407010","BRO",6,1,1,0,0,"",0,5,"frisf101","?","frisf101","?","decaa101","?","decaa101","?","debeh101","fourj101","klugj101","stocm101","higha101","wheaz101","browe102","neisb101","","","","3/G","F","F",4,2,2,"T","T",0,"F","F",1,"F","F",0,"F","F",3,"G","F","F","",0,0,"N",0,"N",0,"N",0,0,0,0,"3","","","","F","F","F","F","F","F","F","F","F","","","","F","F","F","F","F","","","","",0,3,0,0,0,0,0,0,0,52,"NY1","NY1","BRO",1,"F","F",5,0,1,28,2,"T","F",0,0,"T","T","wilsh102","kellg101","T","T",0,0,0,0,0,0,0,0,0,"","","",0,0,0,0,0,0,0,0,0,0,0,0,0,"fourj101","F","F","F","F",0,0,0,0,1,0,0,0,0,0,F,F,"1924NY1.EVN.regular.event.csv",1972
"NY1192407010","BRO",6,1,2,0,0,"",0,5,"wilsh102","?","wilsh102","?","decaa101","?","decaa101","?","debeh101","fourj101","klugj101","stocm101","higha101","wheaz101","browe102","neisb101","","","","T/78D","F","F",8,3,22,"T","T",3,"F","F",0,"F","F",0,"F","F",0,"","F","F","78D",0,0,"N",0,"N",0,"N",3,0,0,0,"","","","","F","F","F","F","F","F","F","F","F","","","","F","F","F","F","F","","","","",0,0,0,0,0,0,0,0,0,53,"NY1","NY1","BRO",1,"F","F",5,0,1,29,3,"T","F",0,4,"T","T","kellg101","meusi101","T","T",0,0,0,0,0,0,0,0,0,"","","",0,0,0,0,0,0,0,0,0,0,0,0,0,"","F","F","F","F",4,0,0,0,1,0,0,0,0,0,F,F,"1924NY1.EVN.regular.event.csv",1973
"NY1192407010","BRO",6,1,2,0,0,"",0,5,"kellg101","?","kellg101","?","decaa101","?","decaa101","?","debeh101","fourj101","klugj101","stocm101","higha101","wheaz101","browe102","neisb101","","","wilsh102","S/F7S.3-H","F","F",3,4,20,"T","T",1,"F","F",0,"F","F",1,"F","F",0,"F","F","F","7S",0,0,"N",0,"N",0,"N",1,0,0,4,"","","","","F","F","F","F","F","F","F","F","F","","","decaa101","F","F","F","F","F","","","","",0,0,0,0,0,0,0,0,0,54,"NY1","NY1","BRO",1,"F","F",5,0,1,30,4,"T","F",4,1,"T","T","meusi101","jackt101","T","T",0,0,0,0,0,0,8,3,53,"","","debeh101",0,0,0,0,0,0,0,0,0,0,0,0,1,"","F","F","F","F",0,0,0,4,0,0,0,0,0,0,F,F,"1924NY1.EVN.regular.event.csv",1974
"NY1192407010","BRO",6,1,2,0,0,"",0,6,"meusi101","?","meusi101","?","decaa101","?","decaa101","?","debeh101","fourj101","klugj101","stocm101","higha101","wheaz101","browe102","neisb101","kellg101","","","S8/8S.1-2#","F","F",7,5,20,"T","T",1,"F","F",0,"F","F",0,"F","F",8,"","F","F","8S",0,0,"N",0,"N",0,"N",1,2,0,0,"","","","","F","F","F","F","F","F","F","F","F","decaa101","","","F","F","F","F","F","","","","",0,0,0,0,0,0,0,0,0,55,"NY1","NY1","BRO",1,"F","F",6,0,2,31,5,"T","F",1,3,"T","T","jackt101","grohh101","T","T",3,4,54,0,0,0,0,0,0,"debeh101","","",0,0,0,0,0,0,0,0,0,0,0,0,0,"browe102","F","F","F","F",0,0,0,0,0,0,0,0,0,0,F,T,"1924NY1.EVN.regular.event.csv",1975
"NY1192407010","BRO",6,1,2,0,0,"",0,6,"jackt101","?","jackt101","?","decaa101","?","decaa101","?","debeh101","fourj101","klugj101","stocm101","higha101","wheaz101","browe102","neisb101","meusi101","kellg101","","13/BG","F","F",6,6,2,"T","T",0,"F","F",1,"F","F",0,"F","F",1,"G","T","F","",0,0,"N",0,"N",0,"N",0,1,2,0,"13","","","","F","F","F","F","F","F","F","F","F","decaa101","decaa101","","F","F","F","F","F","","","","",0,3,0,0,1,0,0,0,0,56,"NY1","NY1","BRO",1,"F","T",6,0,2,32,6,"T","F",3,3,"T","T","grohh101","snydf101","T","T",7,5,55,3,4,54,0,0,0,"debeh101","debeh101","",0,0,0,0,0,0,0,0,0,0,0,0,0,"decaa101","F","F","F","F",0,0,0,0,0,0,0,0,0,0,F,F,"1924NY1.EVN.regular.event.csv",1976
"NY1192407010","BRO",7,0,0,0,0,"",0,6,"fourj101","?","fourj101","?","bentj101","?","bentj101","?","snydf101","kellg101","frisf101","grohh101","jackt101","meusi101","wilsh102","younr101","","","","31","T","F",3,4,2,"T","T",0,"F","F",1,"F","F",0,"F","F",3,"G","F","F","",0,0,"N",0,"N",0,"N",0,0,0,0,"31","","","","F","F","F","F","F","F","F","F","F","","","","F","F","F","F","F","","","","",0,1,0,0,3,0,0,0,0,57,"NY1","BRO","NY1",0,"T","F",0,6,0,21,0,"T","F",0,0,"T","T","browe102","stocm101","T","T",0,0,0,0,0,0,0,0,0,"","","",0,0,0,0,0,0,0,0,0,0,0,0,0,"kellg101","F","F","F","F",0,0,0,0,0,0,0,0,0,0,F,F,"1924NY1.EVN.regular.event.csv",1977
"NY1192407010","BRO",7,0,1,0,0,"",0,6,"browe102","?","browe102","?","bentj101","?","bentj101","?","snydf101","kellg101","frisf101","grohh101","jackt101","meusi101","wilsh102","younr101","","","","3/FL","F","F",8,5,2,"T","T",0,"F","F",1,"F","F",0,"F","F",3,"F","F","T","",0,0,"N",0,"N",0,"N",0,0,0,0,"3","","","","F","F","F","F","F","F","F","F","F","","","","F","F","F","F","F","","","","",0,3,0,0,0,0,0,0,0,58,"NY1","BRO","NY1",0,"F","F",0,6,0,22,1,"T","F",0,0,"T","T","stocm101","klugj101","T","T",0,0,0,0,0,0,0,0,0,"","","",0,0,0,0,0,0,0,0,0,0,0,0,0,"kellg101","F","F","F","F",0,0,0,0,0,0,0,0,0,0,F,F,"1924NY1.EVN.regular.event.csv",1978
"NY1192407010","BRO",7,0,2,0,0,"",0,6,"stocm101","?","stocm101","?","bentj101","?","bentj101","?","snydf101","kellg101","frisf101","grohh101","jackt101","meusi101","wilsh102","younr101","","","","W","F","F",5,6,14,"T","F",0,"F","F",0,"F","F",0,"F","F",0,"","F","F","",0,0,"N",0,"N",0,"N",1,0,0,0,"","","","","F","F","F","F","F","F","F","F","F","","","","F","F","F","F","F","","","","",0,0,0,0,0,0,0,0,0,59,"NY1","BRO","NY1",0,"F","F",0,6,0,23,2,"T","F",0,1,"T","T","klugj101","debeh101","T","T",0,0,0,0,0,0,0,0,0,"","","",0,0,0,0,0,0,0,0,0,0,0,0,0,"","F","F","F","F",0,0,0,0,0,0,0,0,0,0,F,F,"1924NY1.EVN.regular.event.csv",1979
"NY1192407010","BRO",7,0,2,0,0,"",0,6,"klugj101","?","klugj101","?","bentj101","?","bentj101","?","snydf101","kellg101","frisf101","grohh101","jackt101","meusi101","wilsh102","younr101","stocm101","","","W.1-2","F","F",4,7,14,"T","F",0,"F","F",0,"F","F",0,"F","F",0,"","F","F","",0,0,"N",0,"N",0,"N",1,2,0,0,"","","","","F","F","F","F","F","F","F","F","F","bentj101","","","F","F","F","F","F","","","","",0,0,0,0,0,0,0,0,0,60,"NY1","BRO","NY1",0,"F","F",0,6,0,24,3,"T","F",1,3,"T","T","debeh101","decaa101","T","T",5,6,59,0,0,0,0,0,0,"snydf101","","",0,0,0,0,0,0,0,0,0,0,0,0,0,"","F","F","F","F",0,0,0,0,0,0,0,0,0,0,F,F,"1924NY1.EVN.regular.event.csv",1980
"NY1192407010","BRO",7,0,2,0,0,"",0,6,"debeh101","?","debeh101","?","bentj101","?","bentj101","?","snydf101","kellg101","frisf101","grohh101","jackt101","meusi101","wilsh102","younr101","klugj101","stocm101","","9/F","F","F",2,8,2,"T","T",0,"F","F",1,"F","F",0,"F","F",9,"F","F","F","",0,0,"N",0,"N",0,"N",0,1,2,0,"9","","","","F","F","F","F","F","F","F","F","F","bentj101","bentj101","","F","F","F","F","F","","","","",0,9,0,0,0,0,0,0,0,61,"NY1","BRO","NY1",0,"F","T",0,6,0,25,4,"T","F",3,3,"T","T","decaa101","higha101","T","T",4,7,60,5,6,59,0,0,0,"snydf101","snydf101","",0,0,0,0,0,0,0,0,0,0,0,0,0,"younr101","F","F","F","F",0,0,0,0,0,0,0,0,0,0,F,F,"1924NY1.EVN.regular.event.csv",1981
"NY1192407010","BRO",7,1,0,0,0,"",0,6,"grohh101","?","grohh101","?","decaa101","?","decaa101","?","debeh101","fourj101","klugj101","stocm101","higha101","wheaz101","browe102","neisb101","","","","6/P","T","F",5,7,2,"T","T",0,"F","F",1,"F","F",0,"F","F",6,"P","F","F","",0,0,"N",0,"N",0,"N",0,0,0,0,"6","","","","F","F","F","F","F","F","F","F","F","","","","F","F","F","F","F","","","","",0,6,0,0,0,0,0,0,0,62,"NY1","NY1","BRO",1,"T","F",6,0,0,33,0,"T","F",0,0,"T","T","snydf101","bentj101","T","T",0,0,0,0,0,0,0,0,0,"","","",0,0,0,0,0,0,0,0,0,0,0,0,0,"higha101","F","F","F","F",0,0,0,0,0,0,0,0,0,0,F,F,"1924NY1.EVN.regular.event.csv",1982
"NY1192407010","BRO",7,1,1,0,0,"",0,6,"snydf101","?","snydf101","?","decaa101","?","decaa101","?","debeh101","fourj101","klugj101","stocm101","higha101","wheaz101","browe102","neisb101","","","","K","F","F",2,8,3,"T","T",0,"F","F",1,"F","F",0,"F","F",0,"","F","F","",0,0,"N",0,"N",0,"N",0,0,0,0,"2","","","","F","F","F","F","F","F","F","F","F","","","","F","F","F","F","F","","","","",0,2,0,0,0,0,0,0,0,63,"NY1","NY1","BRO",1,"F","F",6,0,0,34,1,"T","F",0,0,"T","T","bentj101","younr101","T","T",0,0,0,0,0,0,0,0,0,"","","",0,0,0,0,0,0,0,0,0,0,0,0,0,"","F","F","F","F",0,0,0,0,0,0,0,0,0,0,F,F,"1924NY1.EVN.regular.event.csv",1983
"NY1192407010","BRO",7,1,2,0,0,"",0,6,"bentj101","?","bentj101","?","decaa101","?","decaa101","?","debeh101","fourj101","klugj101","stocm101","higha101","wheaz101","browe102","neisb101","","","","3/G","F","F",1,9,2,"T","T",0,"F","F",1,"F","F",0,"F","F",3,"G","F","F","",0,0,"N",0,"N",0,"N",0,0,0,0,"3","","","","F","F","F","F","F","F","F","F","F","","","","F","F","F","F","F","","","","",0,3,0,0,0,0,0,0,0,64,"NY1","NY1","BRO",1,"F","T",6,0,0,35,2,"T","F",0,0,"T","T","younr101","frisf101","T","T",0,0,0,0,0,0,0,0,0,"","","",0,0,0,0,0,0,0,0,0,0,0,0,0,"fourj101","F","F","F","F",0,0,0,0,0,0,0,0,0,0,F,F,"1924NY1.EVN.regular.event.csv",1984
"NY1192407010","BRO",8,0,0,0,0,"",0,6,"taylz101","?","taylz101","?","bentj101","?","bentj101","?","snydf101","kellg101","lindf101","grohh101","jackt101","meusi101","wilsh102","younr101","","","","S","T","T",11,9,20,"T","T",1,"F","F",0,"F","F",0,"F","F",0,"","F","F","",0,0,"N",0,"N",0,"N",1,0,0,0,"","","","","F","F","F","F","F","F","F","F","F","","","","F","F","F","F","F","","","","decaa101",1,0,0,0,0,0,0,0,0,65,"NY1","BRO","NY1",0,"T","F",0,6,0,26,0,"T","F",0,1,"F","F","higha101","neisb101","T","T",0,0,0,0,0,0,0,0,0,"","","",0,0,0,0,0,0,0,0,0,0,0,0,0,"","F","F","F","F",0,0,0,0,0,0,0,0,0,0,F,F,"1924NY1.EVN.regular.event.csv",1985
"NY1192407010","BRO",8,0,0,0,0,"",0,6,"higha101","?","higha101","?","bentj101","?","bentj101","?","snydf101","kellg101","lindf101","grohh101","jackt101","meusi101","wilsh102","younr101","loftd101","","","K","F","F",6,1,3,"T","T",0,"F","F",1,"F","F",0,"F","F",0,"","F","F","",0,0,"N",0,"N",0,"N",0,1,0,0,"2","","","","F","F","F","F","F","F","F","F","F","bentj101","","","F","F","T","F","F","taylz101","","","",0,2,0,0,0,0,0,0,0,66,"NY1","BRO","NY1",0,"F","F",0,6,0,27,1,"T","F",1,1,"T","T","neisb101","wheaz101","T","T",0,9,65,0,0,0,0,0,0,"snydf101","","",0,0,0,0,0,0,0,0,0,0,0,0,0,"","F","F","F","F",0,0,0,0,0,0,0,0,0,0,F,F,"1924NY1.EVN.regular.event.csv",1986
"NY1192407010","BRO",8,0,1,0,0,"",0,6,"neisb101","?","neisb101","?","bentj101","?","bentj101","?","snydf101","kellg101","lindf101","grohh101","jackt101","meusi101","wilsh102","younr101","loftd101","","","4/P","F","F",9,2,2,"T","T",0,"F","F",1,"F","F",0,"F","F",4,"P","F","F","",0,0,"N",0,"N",0,"N",0,1,0,0,"4","","","","F","F","F","F","F","F","F","F","F","bentj101","","","F","F","F","F","F","","","","",0,4,0,0,0,0,0,0,0,67,"NY1","BRO","NY1",0,"F","F",0,6,0,28,2,"T","F",1,1,"T","T","wheaz101","fourj101","T","T",0,9,65,0,0,0,0,0,0,"snydf101","","",0,0,0,0,0,0,0,0,0,0,0,0,0,"lindf101","F","F","F","F",0,0,0,0,0,0,0,0,0,0,F,F,"1924NY1.EVN.regular.event.csv",1987
"NY1192407010","BRO",8,0,2,0,0,"",0,6,"wheaz101","?","wheaz101","?","bentj101","?","bentj101","?","snydf101","kellg101","lindf101","grohh101","jackt101","meusi101","wilsh102","younr101","loftd101","","","46(1)/FO","F","F",7,3,2,"T","T",0,"F","F",1,"F","F",0,"F","F",4,"G","F","F","",0,0,"N",0,"N",0,"N",1,0,0,0,"","46","","","F","F","F","F","F","F","F","F","F","bentj101","","","F","F","F","F","F","","","","",0,6,0,0,4,0,0,0,0,68,"NY1","BRO","NY1",0,"F","T",0,6,0,29,3,"T","F",1,1,"T","T","fourj101","browe102","T","T",0,9,65,0,0,0,0,0,0,"snydf101","","",0,0,0,0,0,0,0,0,0,0,0,0,0,"lindf101","T","F","F","F",1,0,0,0,0,0,0,0,0,0,F,F,"1924NY1.EVN.regular.event.csv",1988
"NY1192407010","BRO",8,1,0,0,0,"",0,6,"younr101","?","younr101","?","green101","?","green101","?","debeh101","fourj101","klugj101","stocm101","higha101","wheaz101","browe102","neisb101","","","","43","T","F",9,1,2,"T","T",0,"F","F",1,"F","F",0,"F","F",4,"G","F","F","",0,0,"N",0,"N",0,"N",0,0,0,0,"43","","","","F","F","F","F","F","F","F","F","F","","","","F","F","F","F","F","","","","",0,3,0,0,4,0,0,0,0,69,"NY1","NY1","BRO",1,"T","F",6,0,0,36,0,"T","F",0,0,"T","T","lindf101","wilsh102","F","F",0,0,0,0,0,0,0,0,0,"","","",0,0,0,0,0,0,0,0,0,0,0,0,0,"klugj101","F","F","F","F",0,0,0,0,0,0,0,0,0,0,F,F,"1924NY1.EVN.regular.event.csv",1989
"NY1192407010","BRO",8,1,1,0,0,"",0,6,"lindf101","?","lindf101","?","green101","?","green101","?","debeh101","fourj101","klugj101","stocm101","higha101","wheaz101","browe102","neisb101","","","","1/L","F","F",4,2,2,"T","T",0,"F","F",1,"F","F",0,"F","F",1,"L","F","F","",0,0,"N",0,"N",0,"N",0,0,0,0,"1","","","","F","F","F","F","F","F","F","F","F","","","","F","F","F","F","F","","","","",0,1,0,0,0,0,0,0,0,70,"NY1","NY1","BRO",1,"F","F",6,0,0,37,1,"T","F",0,0,"F","F","wilsh102","kellg101","F","F",0,0,0,0,0,0,0,0,0,"","","",0,0,0,0,0,0,0,0,0,0,0,0,0,"green101","F","F","F","F",0,0,0,0,0,0,0,0,0,0,F,F,"1924NY1.EVN.regular.event.csv",1990
"NY1192407010","BRO",8,1,2,0,0,"",0,6,"wilsh102","?","wilsh102","?","green101","?","green101","?","debeh101","fourj101","klugj101","stocm101","higha101","wheaz101","browe102","neisb101","","","","S","F","F",8,3,20,"T","T",1,"F","F",0,"F","F",0,"F","F",0,"","F","F","",0,0,"N",0,"N",0,"N",1,0,0,0,"","","","","F","F","F","F","F","F","F","F","F","","","","F","F","F","F","F","","","","",0,0,0,0,0,0,0,0,0,71,"NY1","NY1","BRO",1,"F","F",6,0,0,38,2,"T","F",0,1,"T","T","kellg101","meusi101","F","F",0,0,0,0,0,0,0,0,0,"","","",0,0,0,0,0,0,0,0,0,0,0,0,0,"","F","F","F","F",0,0,0,0,0,0,0,0,0,0,F,F,"1924NY1.EVN.regular.event.csv",1991
"NY1192407010","BRO",8,1,2,0,0,"",0,6,"kellg101","?","kellg101","?","green101","?","green101","?","debeh101","fourj101","klugj101","stocm101","higha101","wheaz101","browe102","neisb101","wilsh102","","","K","F","F",3,4,3,"T","T",0,"F","F",1,"F","F",0,"F","F",0,"","F","F","",0,0,"N",0,"N",0,"N",0,1,0,0,"2","","","","F","F","F","F","F","F","F","F","F","green101","","","F","F","F","F","F","","","","",0,2,0,0,0,0,0,0,0,72,"NY1","NY1","BRO",1,"F","T",6,0,0,39,3,"T","F",1,1,"T","T","meusi101","jackt101","F","F",8,3,71,0,0,0,0,0,0,"debeh101","","",0,0,0,0,0,0,0,0,0,0,0,0,0,"","F","F","F","F",0,0,0,0,0,0,0,0,0,0,F,F,"1924NY1.EVN.regular.event.csv",1992
"NY1192407010","BRO",9,0,0,0,0,"",0,6,"fourj101","?","fourj101","?","bentj101","?","bentj101","?","snydf101","kellg101","lindf101","grohh101","jackt101","meusi101","wilsh102","younr101","","","","K/C","T","F",3,4,3,"T","T",0,"F","F",1,"F","F",0,"F","F",0,"","F","F","",0,0,"N",0,"N",0,"N",0,0,0,0,"2","","","","F","F","F","F","F","F","F","F","F","","","","F","F","F","F","F","","","","",0,2,0,0,0,0,0,0,0,73,"NY1","BRO","NY1",0,"T","F",0,6,0,30,0,"T","F",0,0,"T","T","browe102","stocm101","T","T",0,0,0,0,0,0,0,0,0,"","","",0,0,0,0,0,0,0,0,0,0,0,0,0,"","F","F","F","F",0,0,0,0,0,0,0,0,0,0,F,F,"1924NY1.EVN.regular.event.csv",1993
"NY1192407010","BRO",9,0,1,0,0,"",0,6,"browe102","?","browe102","?","bentj101","?","bentj101","?","snydf101","kellg101","lindf101","grohh101","jackt101","meusi101","wilsh102","younr101","","","","S","F","F",8,5,20,"T","T",1,"F","F",0,"F","F",0,"F","F",0,"","F","F","",0,0,"N",0,"N",0,"N",1,0,0,0,"","","","","F","F","F","F","F","F","F","F","F","","","","F","F","F","F","F","","","","",0,0,0,0,0,0,0,0,0,74,"NY1","BRO","NY1",0,"F","F",0,6,0,31,1,"T","F",0,1,"T","T","stocm101","klugj101","T","T",0,0,0,0,0,0,0,0,0,"","","",0,0,0,0,0,0,0,0,0,0,0,0,0,"","F","F","F","F",0,0,0,0,0,0,0,0,0,0,F,F,"1924NY1.EVN.regular.event.csv",1994
"NY1192407010","BRO",9,0,1,0,0,"",0,6,"stocm101","?","stocm101","?","bentj101","?","bentj101","?","snydf101","kellg101","lindf101","grohh101","jackt101","meusi101","wilsh102","younr101","browe102","","","16(1)3/GDP","F","F",5,6,2,"T","T",0,"F","F",2,"T","F",0,"F","F",1,"G","F","F","",0,0,"N",0,"N",0,"N",0,0,0,0,"63","16","","","F","F","F","F","F","F","F","F","F","bentj101","","","F","T","F","F","F","","","","",0,6,3,0,1,6,0,0,0,75,"NY1","BRO","NY1",0,"F","T",0,6,0,32,2,"T","F",1,0,"T","T","klugj101","debeh101","T","T",8,5,74,0,0,0,0,0,0,"snydf101","","",0,0,0,0,0,0,0,0,0,0,0,0,0,"bentj101","T","F","F","F",0,0,0,0,0,0,0,0,0,0,F,F,"1924NY1.EVN.regular.event.csv",1995
"NY1192407020","BRO",1,0,0,0,0,"",0,0,"higha101","?","higha101","?","watsm103","?","watsm103","?","gowdh101","kellg101","frisf101","grohh101","jackt101","meusi101","wilsh102","younr101","","","","S8","T","F",4,1,20,"T","T",1,"F","F",0,"F","F",0,"F","F",8,"","F","F","",0,0,"N",0,"N",0,"N",1,0,0,0,"","","","","F","F","F","F","F","F","F","F","F","","","","T","F","F","F","F","","","","",0,0,0,0,0,0,0,0,0,1,"NY1","BRO","NY1",0,"T","F",0,0,0,0,0,"T","F",0,1,"T","T","johnj107","wheaz101","T","T",0,0,0,0,0,0,0,0,0,"","","",0,0,0,0,0,0,0,0,0,0,0,0,0,"wilsh102","F","F","F","F",0,0,0,0,0,0,0,0,0,0,F,F,"1924NY1.EVN.regular.event.csv",1996
"NY1192407020","BRO",1,0,0,0,0,"",0,0,"johnj107","?","johnj107","?","watsm103","?","watsm103","?","gowdh101","kellg101","frisf101","grohh101","jackt101","meusi101","wilsh102","younr101","higha101","","","8/F","F","F",6,2,2,"T","T",0,"F","F",1,"F","F",0,"F","F",8,"F","F","F","",0,0,"N",0,"N",0,"N",0,1,0,0,"8","","","","F","F","F","F","F","F","F","F","F","watsm103","","","F","F","F","F","F","","","","",0,8,0,0,0,0,0,0,0,2,"NY1","BRO","NY1",0,"F","F",0,0,0,1,1,"T","F",1,1,"T","T","wheaz101","fourj101","T","T",4,1,1,0,0,0,0,0,0,"gowdh101","","",0,0,0,0,0,0,0,0,0,0,0,0,0,"wilsh102","F","F","F","F",0,0,0,0,0,0,0,0,0,0,F,F,"1924NY1.EVN.regular.event.csv",1997
"NY1192407020","BRO",1,0,1,0,0,"",0,0,"wheaz101","?","wheaz101","?","watsm103","?","watsm103","?","gowdh101","kellg101","frisf101","grohh101","jackt101","meusi101","wilsh102","younr101","higha101","","","36(1)/FO","F","F",7,3,2,"T","T",0,"F","F",1,"F","F",0,"F","F",3,"G","F","F","",0,0,"N",0,"N",0,"N",1,0,0,0,"","36","","","F","F","F","F","F","F","F","F","F","watsm103","","","F","F","F","F","F","","","","",0,6,0,0,3,0,0,0,0,3,"NY1","BRO","NY1",0,"F","F",0,0,0,2,2,"T","F",1,1,"T","T","fourj101","browe102","T","T",4,1,1,0,0,0,0,0,0,"gowdh101","","",0,0,0,0,0,0,0,0,0,0,0,0,0,"kellg101","T","F","F","F",0,0,0,0,0,0,0,0,0,0,F,F,"1924NY1.EVN.regular.event.csv",1998
"NY1192407020","BRO",1,0,2,0,0,"",0,0,"fourj101","?","fourj101","?","watsm103","?","watsm103","?","gowdh101","kellg101","frisf101","grohh101","jackt101","meusi101","wilsh102","younr101","wheaz101","","","S8.1-3","F","F",3,4,20,"T","T",1,"F","F",0,"F","F",0,"F","F",8,"","F","F","",0,0,"N",0,"N",0,"N",1,3,0,0,"","","","","F","F","F","F","F","F","F","F","F","watsm103","","","F","F","F","F","F","","","","",0,0,0,0,0,0,0,0,0,4,"NY1","BRO","NY1",0,"F","F",0,0,0,3,3,"T","F",1,5,"T","T","browe102","stocm101","T","T",7,3,3,0,0,0,0,0,0,"gowdh101","","",0,0,0,0,0,0,0,0,0,0,0,0,0,"wilsh102","F","F","F","F",0,0,0,0,0,0,0,0,0,0,F,F,"1924NY1.EVN.regular.event.csv",1999
"NY1192407020","BRO",1,0,2,0,0,"",0,0,"browe102","?","browe102","?","watsm103","?","watsm103","?","gowdh101","kellg101","frisf101","grohh101","jackt101","meusi101","wilsh102","younr101","fourj101","","wheaz101","54(1)/FO","F","F",8,5,2,"T","T",0,"F","F",1,"F","F",0,"F","F",5,"G","F","F","",0,0,"N",0,"N",0,"N",1,0,0,3,"","54","","","F","F","F","F","F","F","F","F","F","watsm103","","watsm103","F","F","F","F","F","","","","",0,4,0,0,5,0,0,0,0,5,"NY1","BRO","NY1",0,"F","T",0,0,0,4,4,"T","F",5,5,"T","T","stocm101","grift102","T","T",3,4,4,0,0,0,7,3,3,"gowdh101","","gowdh101",0,0,0,0,0,0,0,0,0,0,0,0,0,"grohh101","T","F","F","F",0,0,0,0,0,0,0,0,0,0,F,F,"1924NY1.EVN.regular.event.csv",2000
"NY1192407020","BRO",1,1,0,0,0,"",0,0,"younr101","?","younr101","?","vancd101","?","vancd101","?","debeh101","fourj101","higha101","stocm101","johnj107","wheaz101","browe102","grift102","","","","13","T","F",9,1,2,"T","T",0,"F","F",1,"F","F",0,"F","F",1,"G","F","F","",0,0,"N",0,"N",0,"N",0,0,0,0,"13","","","","F","F","F","F","F","F","F","F","F","","","","F","F","F","F","F","","","","",0,3,0,0,1,0,0,0,0,6,"NY1","NY1","BRO",1,"T","F",0,0,0,0,0,"T","F",0,0,"T","T","frisf101","wilsh102","T","T",0,0,0,0,0,0,0,0,0,"","","",0,0,0,0,0,0,0,0,0,0,0,0,0,"vancd101","F","F","F","F",0,0,0,0,0,0,0,0,0,0,F,F,"1924NY1.EVN.regular.event.csv",2001
"NY1192407020","BRO",1,1,1,0,0,"",0,0,"frisf101","?","frisf101","?","vancd101","?","vancd101","?","debeh101","fourj101","higha101","stocm101","johnj107","wheaz101","browe102","grift102","","","","53","F","F",4,2,2,"T","T",0,"F","F",1,"F","F",0,"F","F",5,"G","F","F","",0,0,"N",0,"N",0,"N",0,0,0,0,"53","","","","F","F","F","F","F","F","F","F","F","","","","F","F","F","F","F","","","","",0,3,0,0,5,0,0,0,0,7,"NY1","NY1","BRO",1,"F","F",0,0,0,1,1,"T","F",0,0,"T","T","wilsh102","kellg101","T","T",0,0,0,0,0,0,0,0,0,"","","",0,0,0,0,0,0,0,0,0,0,0,0,0,"stocm101","F","F","F","F",0,0,0,0,0,0,0,0,0,0,F,F,"1924NY1.EVN.regular.event.csv",2002
"NY1192407020","BRO",1,1,2,0,0,"",0,0,"wilsh102","?","wilsh102","?","vancd101","?","vancd101","?","debeh101","fourj101","higha101","stocm101","johnj107","wheaz101","browe102","grift102","","","","3/P","F","F",8,3,2,"T","T",0,"F","F",1,"F","F",0,"F","F",3,"P","F","F","",0,0,"N",0,"N",0,"N",0,0,0,0,"3","","","","F","F","F","F","F","F","F","F","F","","","","F","F","F","F","F","","","","",0,3,0,0,0,0,0,0,0,8,"NY1","NY1","BRO",1,"F","T",0,0,0,2,2,"T","F",0,0,"T","T","kellg101","meusi101","T","T",0,0,0,0,0,0,0,0,0,"","","",0,0,0,0,0,0,0,0,0,0,0,0,0,"fourj101","F","F","F","F",0,0,0,0,0,0,0,0,0,0,F,F,"1924NY1.EVN.regular.event.csv",2003
"NY1192407020","BRO",2,0,0,0,0,"",0,0,"stocm101","?","stocm101","?","watsm103","?","watsm103","?","gowdh101","kellg101","frisf101","grohh101","jackt101","meusi101","wilsh102","younr101","","","","63","T","F",5,6,2,"T","T",0,"F","F",1,"F","F",0,"F","F",6,"G","F","F","",0,0,"N",0,"N",0,"N",0,0,0,0,"63","","","","F","F","F","F","F","F","F","F","F","","","","F","F","F","F","F","","","","",0,3,0,0,6,0,0,0,0,9,"NY1","BRO","NY1",0,"T","F",0,0,0,5,0,"T","F",0,0,"T","T","grift102","debeh101","T","T",0,0,0,0,0,0,0,0,0,"","","",0,0,0,0,0,0,0,0,0,0,0,0,0,"jackt101","F","F","F","F",0,0,0,0,0,0,0,0,0,0,F,F,"1924NY1.EVN.regular.event.csv",2004
"NY1192407020","BRO",2,0,1,0,0,"",0,0,"grift102","?","grift102","?","watsm103","?","watsm103","?","gowdh101","kellg101","frisf101","grohh101","jackt101","meusi101","wilsh102","younr101","","","","8/F","F","F",9,7,2,"T","T",0,"F","F",1,"F","F",0,"F","F",8,"F","F","F","",0,0,"N",0,"N",0,"N",0,0,0,0,"8","","","","F","F","F","F","F","F","F","F","F","","","","F","F","F","F","F","","","","",0,8,0,0,0,0,0,0,0,10,"NY1","BRO","NY1",0,"F","F",0,0,0,6,1,"T","F",0,0,"T","T","debeh101","vancd101","T","T",0,0,0,0,0,0,0,0,0,"","","",0,0,0,0,0,0,0,0,0,0,0,0,0,"wilsh102","F","F","F","F",0,0,0,0,0,0,0,0,0,0,F,F,"1924NY1.EVN.regular.event.csv",2005
"NY1192407020","BRO",2,0,2,0,0,"",0,0,"debeh101","?","debeh101","?","watsm103","?","watsm103","?","gowdh101","kellg101","frisf101","grohh101","jackt101","meusi101","wilsh102","younr101","","","","63","F","F",2,8,2,"T","T",0,"F","F",1,"F","F",0,"F","F",6,"G","F","F","",0,0,"N",0,"N",0,"N",0,0,0,0,"63","","","","F","F","F","F","F","F","F","F","F","","","","F","F","F","F","F","","","","",0,3,0,0,6,0,0,0,0,11,"NY1","BRO","NY1",0,"F","T",0,0,0,7,2,"T","F",0,0,"T","T","vancd101","higha101","T","T",0,0,0,0,0,0,0,0,0,"","","",0,0,0,0,0,0,0,0,0,0,0,0,0,"jackt101","F","F","F","F",0,0,0,0,0,0,0,0,0,0,F,F,"1924NY1.EVN.regular.event.csv",2006
"NY1192407020","BRO",2,1,0,0,0,"",0,0,"kellg101","?","kellg101","?","vancd101","?","vancd101","?","debeh101","fourj101","higha101","stocm101","johnj107","wheaz101","browe102","grift102","","","","9/F","T","F",3,4,2,"T","T",0,"F","F",1,"F","F",0,"F","F",9,"F","F","F","",0,0,"N",0,"N",0,"N",0,0,0,0,"9","","","","F","F","F","F","F","F","F","F","F","","","","F","F","F","F","F","","","","",0,9,0,0,0,0,0,0,0,12,"NY1","NY1","BRO",1,"T","F",0,0,0,3,0,"T","F",0,0,"T","T","meusi101","jackt101","T","T",0,0,0,0,0,0,0,0,0,"","","",0,0,0,0,0,0,0,0,0,0,0,0,0,"grift102","F","F","F","F",0,0,0,0,0,0,0,0,0,0,F,F,"1924NY1.EVN.regular.event.csv",2007
"NY1192407020","BRO",2,1,1,0,0,"",0,0,"meusi101","?","meusi101","?","vancd101","?","vancd101","?","debeh101","fourj101","higha101","stocm101","johnj107","wheaz101","browe102","grift102","","","","53","F","F",7,5,2,"T","T",0,"F","F",1,"F","F",0,"F","F",5,"G","F","F","",0,0,"N",0,"N",0,"N",0,0,0,0,"53","","","","F","F","F","F","F","F","F","F","F","","","","F","F","F","F","F","","","","",0,3,0,0,5,0,0,0,0,13,"NY1","NY1","BRO",1,"F","F",0,0,0,4,1,"T","F",0,0,"T","T","jackt101","grohh101","T","T",0,0,0,0,0,0,0,0,0,"","","",0,0,0,0,0,0,0,0,0,0,0,0,0,"stocm101","F","F","F","F",0,0,0,0,0,0,0,0,0,0,F,F,"1924NY1.EVN.regular.event.csv",2008
"NY1192407020","BRO",2,1,2,0,0,"",0,0,"jackt101","?","jackt101","?","vancd101","?","vancd101","?","debeh101","fourj101","higha101","stocm101","johnj107","wheaz101","browe102","grift102","","","","S/G1","F","F",6,6,20,"T","T",1,"F","F",0,"F","F",0,"F","F",0,"G","F","F","1",0,0,"N",0,"N",0,"N",1,0,0,0,"","","","","F","F","F","F","F","F","F","F","F","","","","F","F","F","F","F","","","","",0,0,0,0,0,0,0,0,0,14,"NY1","NY1","BRO",1,"F","F",0,0,0,5,2,"T","F",0,1,"T","T","grohh101","gowdh101","T","T",0,0,0,0,0,0,0,0,0,"","","",0,0,0,0,0,0,0,0,0,0,0,0,0,"","F","F","F","F",0,0,0,0,0,0,0,0,0,0,F,F,"1924NY1.EVN.regular.event.csv",2009
"NY1192407020","BRO",2,1,2,0,0,"",0,0,"grohh101","?","grohh101","?","vancd101","?","vancd101","?","debeh101","fourj101","higha101","stocm101","johnj107","wheaz101","browe102","grift102","jackt101","","","CS2(26)#","F","F",5,7,6,"F","F",0,"F","F",1,"F","F",0,"F","F",0,"","F","F","",0,0,"N",0,"N",0,"N",0,0,0,0,"","26","","","F","F","F","T","F","F","F","F","F","vancd101","","","F","F","F","F","F","","","","",0,6,0,0,2,0,0,0,0,15,"NY1","NY1","BRO",1,"F","T",0,0,0,6,3,"T","T",1,0,"T","T","gowdh101","watsm103","T","T",6,6,14,0,0,0,0,0,0,"debeh101","","",0,0,0,0,0,0,0,0,0,0,0,0,0,"","F","F","F","F",0,0,0,0,0,0,0,0,0,0,F,T,"1924NY1.EVN.regular.event.csv",2010
"NY1192407020","BRO",3,0,0,0,0,"",0,0,"vancd101","?","vancd101","?","watsm103","?","watsm103","?","gowdh101","kellg101","frisf101","grohh101","jackt101","meusi101","wilsh102","younr101","","","","43","T","F",1,9,2,"T","T",0,"F","F",1,"F","F",0,"F","F",4,"G","F","F","",0,0,"N",0,"N",0,"N",0,0,0,0,"43","","","","F","F","F","F","F","F","F","F","F","","","","F","F","F","F","F","","","","",0,3,0,0,4,0,0,0,0,16,"NY1","BRO","NY1",0,"T","F",0,0,0,8,0,"T","F",0,0,"T","T","higha101","johnj107","T","T",0,0,0,0,0,0,0,0,0,"","","",0,0,0,0,0,0,0,0,0,0,0,0,0,"frisf101","F","F","F","F",0,0,0,0,0,0,0,0,0,0,F,F,"1924NY1.EVN.regular.event.csv",2011
"NY1192407020","BRO",3,0,1,0,0,"",0,0,"higha101","?","higha101","?","watsm103","?","watsm103","?","gowdh101","kellg101","frisf101","grohh101","jackt101","meusi101","wilsh102","younr101","","","","2/FL","F","F",4,1,2,"T","T",0,"F","F",1,"F","F",0,"F","F",2,"F","F","T","",0,0,"N",0,"N",0,"N",0,0,0,0,"2","","","","F","F","F","F","F","F","F","F","F","","","","F","F","F","F","F","","","","",0,2,0,0,0,0,0,0,0,17,"NY1","BRO","NY1",0,"F","F",0,0,0,9,1,"T","F",0,0,"T","T","johnj107","wheaz101","T","T",0,0,0,0,0,0,0,0,0,"","","",0,0,0,0,0,0,0,0,0,0,0,0,0,"gowdh101","F","F","F","F",0,0,0,0,0,0,0,0,0,0,F,F,"1924NY1.EVN.regular.event.csv",2012
"NY1192407020","BRO",3,0,2,0,0,"",0,0,"johnj107","?","johnj107","?","watsm103","?","watsm103","?","gowdh101","kellg101","frisf101","grohh101","jackt101","meusi101","wilsh102","younr101","","","","53","F","F",6,2,2,"T","T",0,"F","F",1,"F","F",0,"F","F",5,"G","F","F","",0,0,"N",0,"N",0,"N",0,0,0,0,"53","","","","F","F","F","F","F","F","F","F","F","","","","F","F","F","F","F","","","","",0,3,0,0,5,0,0,0,0,18,"NY1","BRO","NY1",0,"F","T",0,0,0,10,2,"T","F",0,0,"T","T","wheaz101","fourj101","T","T",0,0,0,0,0,0,0,0,0,"","","",0,0,0,0,0,0,0,0,0,0,0,0,0,"grohh101","F","F","F","F",0,0,0,0,0,0,0,0,0,0,F,F,"1924NY1.EVN.regular.event.csv",2013
"NY1192407020","BRO",3,1,0,0,0,"",0,0,"grohh101","?","grohh101","?","vancd101","?","vancd101","?","debeh101","fourj101","higha101","stocm101","johnj107","wheaz101","browe102","grift102","","","","D9","T","F",5,7,21,"T","T",2,"F","F",0,"F","F",0,"F","F",9,"","F","F","",0,0,"N",0,"N",0,"N",2,0,0,0,"","","","","F","F","F","F","F","F","F","F","F","","","","F","F","F","F","F","","","","",0,0,0,0,0,0,0,0,0,19,"NY1","NY1","BRO",1,"T","F",0,0,0,6,0,"T","F",0,2,"T","T","gowdh101","watsm103","T","T",0,0,0,0,0,0,0,0,0,"","","",0,0,0,0,0,0,0,0,0,0,0,0,0,"grift102","F","F","F","F",0,0,0,0,0,0,0,0,0,0,F,F,"1924NY1.EVN.regular.event.csv",2014
"NY1192407020","BRO",3,1,0,0,0,"",0,0,"gowdh101","?","gowdh101","?","vancd101","?","vancd101","?","debeh101","fourj101","higha101","stocm101","johnj107","wheaz101","browe102","grift102","","grohh101","","3/FL","F","F",2,8,2,"T","T",0,"F","F",1,"F","F",0,"F","F",3,"F","F","T","",0,0,"N",0,"N",0,"N",0,0,2,0,"3","","","","F","F","F","F","F","F","F","F","F","","vancd101","","F","F","F","F","F","","","","",0,3,0,0,0,0,0,0,0,20,"NY1","NY1","BRO",1,"F","F",0,0,0,7,1,"T","F",2,2,"T","T","watsm103","younr101","T","T",0,0,0,5,7,19,0,0,0,"","debeh101","",0,0,0,0,0,0,0,0,0,0,0,0,0,"fourj101","F","F","F","F",0,0,0,0,0,0,0,0,0,0,F,F,"1924NY1.EVN.regular.event.csv",2015
"NY1192407020","BRO",3,1,1,0,0,"",0,0,"watsm103","?","watsm103","?","vancd101","?","vancd101","?","debeh101","fourj101","higha101","stocm101","johnj107","wheaz101","browe102","grift102","","grohh101","","K","F","F",1,9,3,"T","T",0,"F","F",1,"F","F",0,"F","F",0,"","F","F","",0,0,"N",0,"N",0,"N",0,0,2,0,"2","","","","F","F","F","F","F","F","F","F","F","","vancd101","","F","F","F","F","F","","","","",0,2,0,0,0,0,0,0,0,21,"NY1","NY1","BRO",1,"F","F",0,0,0,8,2,"T","F",2,2,"T","T","younr101","frisf101","T","T",0,0,0,5,7,19,0,0,0,"","debeh101","",0,0,0,0,0,0,0,0,0,0,0,0,0,"","F","F","F","F",0,0,0,0,0,0,0,0,0,0,F,F,"1924NY1.EVN.regular.event.csv",2016
"NY1192407020","BRO",3,1,2,0,0,"",0,0,"younr101","?","younr101","?","vancd101","?","vancd101","?","debeh101","fourj101","higha101","stocm101","johnj107","wheaz101","browe102","grift102","","grohh101","","S6/G.2-3","F","F",9,1,20,"T","T",1,"F","F",0,"F","F",0,"F","F",6,"G","F","F","",0,0,"N",0,"N",0,"N",1,0,3,0,"","","","","F","F","F","F","F","F","F","F","F","","vancd101","","F","F","F","F","F","","","","",0,0,0,0,0,0,0,0,0,22,"NY1","NY1","BRO",1,"F","F",0,0,0,9,3,"T","F",2,5,"T","T","frisf101","wilsh102","T","T",0,0,0,5,7,19,0,0,0,"","debeh101","",0,0,0,0,0,0,0,0,0,0,0,0,0,"johnj107","F","F","F","F",0,0,0,0,0,0,0,0,0,0,F,F,"1924NY1.EVN.regular.event.csv",2017
"NY1192407020","BRO",3,1,2,0,0,"",0,0,"frisf101","?","frisf101","?","vancd101","?","vancd101","?","debeh101","fourj101","higha101","stocm101","johnj107","wheaz101","browe102","grift102","younr101","","grohh101","8/F","F","F",4,2,2,"T","T",0,"F","F",1,"F","F",0,"F","F",8,"F","F","F","",0,0,"N",0,"N",0,"N",0,1,0,3,"8","","","","F","F","F","F","F","F","F","F","F","vancd101","","vancd101","F","F","F","F","F","","","","",0,8,0,0,0,0,0,0,0,23,"NY1","NY1","BRO",1,"F","T",0,0,0,10,4,"T","F",5,5,"T","T","wilsh102","kellg101","T","T",9,1,22,0,0,0,5,7,19,"debeh101","","debeh101",0,0,0,0,0,0,0,0,0,0,0,0,0,"browe102","F","F","F","F",0,0,0,0,0,0,0,0,0,0,F,F,"1924NY1.EVN.regular.event.csv",2018
"NY1192407020","BRO",4,0,0,0,0,"",0,0,"wheaz101","?","wheaz101","?","watsm103","?","watsm103","?","gowdh101","kellg101","frisf101","grohh101","jackt101","meusi101","wilsh102","younr101","","","","7/F","T","F",7,3,2,"T","T",0,"F","F",1,"F","F",0,"F","F",7,"F","F","F","",0,0,"N",0,"N",0,"N",0,0,0,0,"7","","","","F","F","F","F","F","F","F","F","F","","","","F","F","F","F","F","","","","",0,7,0,0,0,0,0,0,0,24,"NY1","BRO","NY1",0,"T","F",0,0,0,11,0,"T","F",0,0,"T","T","fourj101","browe102","T","T",0,0,0,0,0,0,0,0,0,"","","",0,0,0,0,0,0,0,0,0,0,0,0,0,"meusi101","F","F","F","F",0,0,0,0,1,0,0,0,0,0,F,F,"1924NY1.EVN.regular.event.csv",2019
"NY1192407020","BRO",4,0,1,0,0,"",0,0,"fourj101","?","fourj101","?","watsm103","?","watsm103","?","gowdh101","kellg101","frisf101","grohh101","jackt101","meusi101","wilsh102","younr101","","","","HR/L9D","F","F",3,4,23,"T","T",4,"F","F",0,"F","F",1,"F","F",0,"L","F","F","9D",0,0,"N",0,"N",0,"N",4,0,0,0,"","","","","F","F","F","F","F","F","F","F","F","","","","F","F","F","F","F","","","","",0,0,0,0,0,0,0,0,0,25,"NY1","BRO","NY1",0,"F","F",0,0,0,12,1,"T","F",0,0,"T","T","browe102","stocm101","T","T",0,0,0,0,0,0,0,0,0,"","","",0,0,0,0,0,0,0,0,0,0,0,0,1,"","F","F","F","F",4,0,0,0,0,0,0,0,0,0,F,F,"1924NY1.EVN.regular.event.csv",2020
"NY1192407020","BRO",4,0,1,0,0,"",1,0,"browe102","?","browe102","?","watsm103","?","watsm103","?","gowdh101","kellg101","frisf101","grohh101","jackt101","meusi101","wilsh102","younr101","","","","6/P","F","F",8,5,2,"T","T",0,"F","F",1,"F","F",0,"F","F",6,"P","F","F","",0,0,"N",0,"N",0,"N",0,0,0,0,"6","","","","F","F","F","F","F","F","F","F","F","","","","F","F","F","F","F","","","","",0,6,0,0,0,0,0,0,0,26,"NY1","BRO","NY1",0,"F","F",1,0,1,13,2,"T","F",0,0,"T","T","stocm101","grift102","T","T",0,0,0,0,0,0,0,0,0,"","","",0,0,0,0,0,0,0,0,0,0,0,0,0,"jackt101","F","F","F","F",0,0,0,0,0,0,0,0,0,0,F,F,"1924NY1.EVN.regular.event.csv",2021
"NY1192407020","BRO",4,0,2,0,0,"",1,0,"stocm101","?","stocm101","?","watsm103","?","watsm103","?","gowdh101","kellg101","frisf101","grohh101","jackt101","meusi101","wilsh102","younr101","","","","S7","F","F",5,6,20,"T","T",1,"F","F",0,"F","F",0,"F","F",7,"","F","F","",0,0,"N",0,"N",0,"N",1,0,0,0,"","","","","F","F","F","F","F","F","F","F","F","","","","F","F","F","F","F","","","","",0,0,0,0,0,0,0,0,0,27,"NY1","BRO","NY1",0,"F","F",1,0,1,14,3,"T","F",0,1,"T","T","grift102","debeh101","T","T",0,0,0,0,0,0,0,0,0,"","","",0,0,0,0,0,0,0,0,0,0,0,0,0,"meusi101","F","F","F","F",0,0,0,0,0,0,0,0,0,0,F,F,"1924NY1.EVN.regular.event.csv",2022
"NY1192407020","BRO",4,0,2,0,0,"",1,0,"grift102","?","grift102","?","watsm103","?","watsm103","?","gowdh101","kellg101","frisf101","grohh101","jackt101","meusi101","wilsh102","younr101","stocm101","","","9/L","F","F",9,7,2,"T","T",0,"F","F",1,"F","F",0,"F","F",9,"L","F","F","",0,0,"N",0,"N",0,"N",0,1,0,0,"9","","","","F","F","F","F","F","F","F","F","F","watsm103","","","F","F","F","F","F","","","","",0,9,0,0,0,0,0,0,0,28,"NY1","BRO","NY1",0,"F","T",1,0,1,15,4,"T","F",1,1,"T","T","debeh101","vancd101","T","T",5,6,27,0,0,0,0,0,0,"gowdh101","","",0,0,0,0,0,0,0,0,0,0,0,0,0,"younr101","F","F","F","F",0,0,0,0,0,0,0,0,0,0,F,F,"1924NY1.EVN.regular.event.csv",2023
"NY1192407020","BRO",4,1,0,0,0,"",1,0,"wilsh102","?","wilsh102","?","vancd101","?","vancd101","?","debeh101","fourj101","higha101","stocm101","johnj107","wheaz101","browe102","grift102","","","","63","T","F",8,3,2,"T","T",0,"F","F",1,"F","F",0,"F","F",6,"G","F","F","",0,0,"N",0,"N",0,"N",0,0,0,0,"63","","","","F","F","F","F","F","F","F","F","F","","","","F","F","F","F","F","","","","",0,3,0,0,6,0,0,0,0,29,"NY1","NY1","BRO",1,"T","F",0,1,0,11,0,"T","F",0,0,"T","T","kellg101","meusi101","T","T",0,0,0,0,0,0,0,0,0,"","","",0,0,0,0,0,0,0,0,0,0,0,0,0,"johnj107","F","F","F","F",0,0,0,0,0,0,0,0,0,0,F,F,"1924NY1.EVN.regular.event.csv",2024
"NY1192407020","BRO",4,1,1,0,0,"",1,0,"kellg101","?","kellg101","?","vancd101","?","vancd101","?","debeh101","fourj101","higha101","stocm101","johnj107","wheaz101","browe102","grift102","","","","53","F","F",3,4,2,"T","T",0,"F","F",1,"F","F",0,"F","F",5,"G","F","F","",0,0,"N",0,"N",0,"N",0,0,0,0,"53","","","","F","F","F","F","F","F","F","F","F","","","","F","F","F","F","F","","","","",0,3,0,0,5,0,0,0,0,30,"NY1","NY1","BRO",1,"F","F",0,1,0,12,1,"T","F",0,0,"T","T","meusi101","jackt101","T","T",0,0,0,0,0,0,0,0,0,"","","",0,0,0,0,0,0,0,0,0,0,0,0,0,"stocm101","F","F","F","F",0,0,0,0,0,0,0,0,0,0,F,F,"1924NY1.EVN.regular.event.csv",2025
"NY1192407020","BRO",4,1,2,0,0,"",1,0,"meusi101","?","meusi101","?","vancd101","?","vancd101","?","debeh101","fourj101","higha101","stocm101","johnj107","wheaz101","browe102","grift102","","","","S8","F","F",7,5,20,"T","T",1,"F","F",0,"F","F",0,"F","F",8,"","F","F","",0,0,"N",0,"N",0,"N",1,0,0,0,"","","","","F","F","F","F","F","F","F","F","F","","","","F","F","F","F","F","","","","",0,0,0,0,0,0,0,0,0,31,"NY1","NY1","BRO",1,"F","F",0,1,0,13,2,"T","F",0,1,"T","T","jackt101","grohh101","T","T",0,0,0,0,0,0,0,0,0,"","","",0,0,0,0,0,0,0,0,0,0,0,0,0,"browe102","F","F","F","F",0,0,0,0,0,0,0,0,0,0,F,F,"1924NY1.EVN.regular.event.csv",2026
"NY1192407020","BRO",4,1,2,0,0,"",1,0,"jackt101","?","jackt101","?","vancd101","?","vancd101","?","debeh101","fourj101","higha101","stocm101","johnj107","wheaz101","browe102","grift102","meusi101","","","4(1)/FO","F","F",6,6,2,"T","T",0,"F","F",1,"F","F",0,"F","F",4,"G","F","F","",0,0,"N",0,"N",0,"N",1,0,0,0,"","4","","","F","F","F","F","F","F","F","F","F","vancd101","","","F","F","F","F","F","","","","",0,4,0,0,0,0,0,0,0,32,"NY1","NY1","BRO",1,"F","T",0,1,0,14,3,"T","F",1,1,"T","T","grohh101","gowdh101","T","T",7,5,31,0,0,0,0,0,0,"debeh101","","",0,0,0,0,0,0,0,0,0,0,0,0,0,"higha101","T","F","F","F",0,0,0,0,0,0,0,0,0,0,F,F,"1924NY1.EVN.regular.event.csv",2027
"NY1192407020","BRO",5,0,0,0,0,"",1,0,"debeh101","?","debeh101","?","watsm103","?","watsm103","?","gowdh101","kellg101","frisf101","grohh101","jackt101","meusi101","wilsh102","younr101","","","","63","T","F",2,8,2,"T","T",0,"F","F",1,"F","F",0,"F","F",6,"G","F","F","",0,0,"N",0,"N",0,"N",0,0,0,0,"63","","","","F","F","F","F","F","F","F","F","F","","","","F","F","F","F","F","","","","",0,3,0,0,6,0,0,0,0,33,"NY1","BRO","NY1",0,"T","F",1,0,0,16,0,"T","F",0,0,"T","T","vancd101","higha101","T","T",0,0,0,0,0,0,0,0,0,"","","",0,0,0,0,0,0,0,0,0,0,0,0,0,"jackt101","F","F","F","F",0,0,0,0,0,0,0,0,0,0,F,F,"1924NY1.EVN.regular.event.csv",2028
"NY1192407020","BRO",5,0,1,0,0,"",1,0,"vancd101","?","vancd101","?","watsm103","?","watsm103","?","gowdh101","kellg101","frisf101","grohh101","jackt101","meusi101","wilsh102","younr101","","","","S7","F","F",1,9,20,"T","T",1,"F","F",0,"F","F",0,"F","F",7,"","F","F","",0,0,"N",0,"N",0,"N",1,0,0,0,"","","","","F","F","F","F","F","F","F","F","F","","","","F","F","F","F","F","","","","",0,0,0,0,0,0,0,0,0,34,"NY1","BRO","NY1",0,"F","F",1,0,0,17,1,"T","F",0,1,"T","T","higha101","johnj107","T","T",0,0,0,0,0,0,0,0,0,"","","",0,0,0,0,0,0,0,0,0,0,0,0,0,"meusi101","F","F","F","F",0,0,0,0,0,0,0,0,0,0,F,F,"1924NY1.EVN.regular.event.csv",2029
"NY1192407020","BRO",5,0,1,0,0,"",1,0,"higha101","?","higha101","?","watsm103","?","watsm103","?","gowdh101","kellg101","frisf101","grohh101","jackt101","meusi101","wilsh102","younr101","vancd101","","","S9.1-2","F","F",4,1,20,"T","T",1,"F","F",0,"F","F",0,"F","F",9,"","F","F","",0,0,"N",0,"N",0,"N",1,2,0,0,"","","","","F","F","F","F","F","F","F","F","F","watsm103","","","F","F","F","F","F","","","","",0,0,0,0,0,0,0,0,0,35,"NY1","BRO","NY1",0,"F","F",1,0,0,18,2,"T","F",1,3,"T","T","johnj107","wheaz101","T","T",1,9,34,0,0,0,0,0,0,"gowdh101","","",0,0,0,0,0,0,0,0,0,0,0,0,0,"younr101","F","F","F","F",0,0,0,0,0,0,0,0,0,0,F,F,"1924NY1.EVN.regular.event.csv",2030
"NY1192407020","BRO",5,0,1,0,0,"",1,0,"johnj107","?","johnj107","?","watsm103","?","watsm103","?","gowdh101","kellg101","frisf101","grohh101","jackt101","meusi101","wilsh102","younr101","higha101","vancd101","","64(1)3/GDP","F","F",6,2,2,"T","T",0,"F","F",2,"T","F",0,"F","F",6,"G","F","F","",0,0,"N",0,"N",0,"N",0,0,2,0,"43","64","","","F","F","F","F","F","F","F","F","F","watsm103","watsm103","","F","F","F","F","F","","","","",0,4,3,0,6,4,0,0,0,36,"NY1","BRO","NY1",0,"F","T",1,0,0,19,3,"T","F",3,2,"T","T","wheaz101","fourj101","T","T",4,1,35,1,9,34,0,0,0,"gowdh101","gowdh101","",0,0,0,0,0,0,0,0,0,0,0,0,0,"jackt101","T","F","F","F",0,0,0,0,0,0,0,0,0,0,F,F,"1924NY1.EVN.regular.event.csv",2031
"NY1192407020","BRO",5,1,0,0,0,"",1,0,"grohh101","?","grohh101","?","vancd101","?","vancd101","?","debeh101","fourj101","higha101","stocm101","johnj107","wheaz101","browe102","grift102","","","","143#","T","F",5,7,2,"T","T",0,"F","F",1,"F","F",0,"F","F",1,"G","F","F","",0,0,"N",0,"N",0,"N",0,0,0,0,"143","","","","F","F","F","F","F","F","F","F","F","","","","F","F","F","F","F","","","","",0,3,0,0,1,4,0,0,0,37,"NY1","NY1","BRO",1,"T","F",0,1,0,15,0,"T","F",0,0,"T","T","gowdh101","watsm103","T","T",0,0,0,0,0,0,0,0,0,"","","",0,0,0,0,0,0,0,0,0,0,0,0,0,"vancd101","F","F","F","F",0,0,0,0,0,0,0,0,0,0,F,T,"1924NY1.EVN.regular.event.csv",2032
"NY1192407020","BRO",5,1,1,0,0,"",1,0,"gowdh101","?","gowdh101","?","vancd101","?","vancd101","?","debeh101","fourj101","higha101","stocm101","johnj107","wheaz101","browe102","grift102","","","","31#","F","F",2,8,2,"T","T",0,"F","F",1,"F","F",0,"F","F",3,"G","F","F","",0,0,"N",0,"N",0,"N",0,0,0,0,"31","","","","F","F","F","F","F","F","F","F","F","","","","F","F","F","F","F","","","","",0,1,0,0,3,0,0,0,0,38,"NY1","NY1","BRO",1,"F","F",0,1,0,16,1,"T","F",0,0,"T","T","watsm103","younr101","T","T",0,0,0,0,0,0,0,0,0,"","","",0,0,0,0,0,0,0,0,0,0,0,0,0,"fourj101","F","F","F","F",0,0,0,0,0,0,0,0,0,0,F,T,"1924NY1.EVN.regular.event.csv",2033
"NY1192407020","BRO",5,1,2,0,0,"",1,0,"watsm103","?","watsm103","?","vancd101","?","vancd101","?","debeh101","fourj101","higha101","stocm101","johnj107","wheaz101","browe102","grift102","","","","K","F","F",1,9,3,"T","T",0,"F","F",1,"F","F",0,"F","F",0,"","F","F","",0,0,"N",0,"N",0,"N",0,0,0,0,"2","","","","F","F","F","F","F","F","F","F","F","","","","F","F","F","F","F","","","","",0,2,0,0,0,0,0,0,0,39,"NY1","NY1","BRO",1,"F","T",0,1,0,17,2,"T","F",0,0,"T","T","younr101","frisf101","T","T",0,0,0,0,0,0,0,0,0,"","","",0,0,0,0,0,0,0,0,0,0,0,0,0,"","F","F","F","F",0,0,0,0,0,0,0,0,0,0,F,F,"1924NY1.EVN.regular.event.csv",2034
"NY1192407020","BRO",6,0,0,0,0,"",1,0,"wheaz101","?","wheaz101","?","watsm103","?","watsm103","?","gowdh101","kellg101","lindf101","grohh101","jackt101","meusi101","wilsh102","younr101","","","","43","T","F",7,3,2,"T","T",0,"F","F",1,"F","F",0,"F","F",4,"G","F","F","",0,0,"N",0,"N",0,"N",0,0,0,0,"43","","","","F","F","F","F","F","F","F","F","F","","","","F","F","F","F","F","","","","",0,3,0,0,4,0,0,0,0,40,"NY1","BRO","NY1",0,"T","F",1,0,0,20,0,"T","F",0,0,"T","T","fourj101","browe102","T","T",0,0,0,0,0,0,0,0,0,"","","",0,0,0,0,0,0,0,0,0,0,0,0,0,"lindf101","F","F","F","F",0,0,0,0,0,0,0,0,0,0,F,F,"1924NY1.EVN.regular.event.csv",2035
"NY1192407020","BRO",6,0,1,0,0,"",1,0,"fourj101","?","fourj101","?","watsm103","?","watsm103","?","gowdh101","kellg101","lindf101","grohh101","jackt101","meusi101","wilsh102","younr101","","","","3/G","F","F",3,4,2,"T","T",0,"F","F",1,"F","F",0,"F","F",3,"G","F","F","",0,0,"N",0,"N",0,"N",0,0,0,0,"3","","","","F","F","F","F","F","F","F","F","F","","","","F","F","F","F","F","","","","",0,3,0,0,0,0,0,0,0,41,"NY1","BRO","NY1",0,"F","F",1,0,0,21,1,"T","F",0,0,"T","T","browe102","stocm101","T","T",0,0,0,0,0,0,0,0,0,"","","",0,0,0,0,0,0,0,0,0,0,0,0,0,"kellg101","F","F","F","F",0,0,0,0,0,0,0,0,0,0,F,F,"1924NY1.EVN.regular.event.csv",2036
"NY1192407020","BRO",6,0,2,0,0,"",1,0,"browe102","?","browe102","?","watsm103","?","watsm103","?","gowdh101","kellg101","lindf101","grohh101","jackt101","meusi101","wilsh102","younr101","","","","7/F","F","F",8,5,2,"T","T",0,"F","F",1,"F","F",0,"F","F",7,"F","F","F","",0,0,"N",0,"N",0,"N",0,0,0,0,"7","","","","F","F","F","F","F","F","F","F","F","","","","F","F","F","F","F","","","","",0,7,0,0,0,0,0,0,0,42,"NY1","BRO","NY1",0,"F","T",1,0,0,22,2,"T","F",0,0,"T","T","stocm101","grift102","T","T",0,0,0,0,0,0,0,0,0,"","","",0,0,0,0,0,0,0,0,0,0,0,0,0,"meusi101","F","F","F","F",0,0,0,0,0,0,0,0,0,0,F,F,"1924NY1.EVN.regular.event.csv",2037
"NY1192407020","BRO",6,1,0,0,0,"",1,0,"younr101","?","younr101","?","vancd101","?","vancd101","?","debeh101","fourj101","higha101","stocm101","johnj107","wheaz101","browe102","grift102","","","","8/F","T","F",9,1,2,"T","T",0,"F","F",1,"F","F",0,"F","F",8,"F","F","F","",0,0,"N",0,"N",0,"N",0,0,0,0,"8","","","","F","F","F","F","F","F","F","F","F","","","","F","F","F","F","F","","","","",0,8,0,0,0,0,0,0,0,43,"NY1","NY1","BRO",1,"T","F",0,1,0,18,0,"T","F",0,0,"T","T","lindf101","wilsh102","T","T",0,0,0,0,0,0,0,0,0,"","","",0,0,0,0,0,0,0,0,0,0,0,0,0,"browe102","F","F","F","F",0,0,0,0,0,0,0,0,0,0,F,F,"1924NY1.EVN.regular.event.csv",2038
"NY1192407020","BRO",6,1,1,0,0,"",1,0,"lindf101","?","lindf101","?","vancd101","?","vancd101","?","debeh101","fourj101","higha101","stocm101","johnj107","wheaz101","browe102","grift102","","","","3/G","F","F",4,2,2,"T","T",0,"F","F",1,"F","F",0,"F","F",3,"G","F","F","",0,0,"N",0,"N",0,"N",0,0,0,0,"3","","","","F","F","F","F","F","F","F","F","F","","","","F","F","F","F","F","","","","",0,3,0,0,0,0,0,0,0,44,"NY1","NY1","BRO",1,"F","F",0,1,0,19,1,"T","F",0,0,"F","F","wilsh102","kellg101","T","T",0,0,0,0,0,0,0,0,0,"","","",0,0,0,0,0,0,0,0,0,0,0,0,0,"fourj101","F","F","F","F",0,0,0,0,0,0,0,0,0,0,F,F,"1924NY1.EVN.regular.event.csv",2039
"NY1192407020","BRO",6,1,2,0,0,"",1,0,"wilsh102","?","wilsh102","?","vancd101","?","vancd101","?","debeh101","fourj101","higha101","stocm101","johnj107","wheaz101","browe102","grift102","","","","53","F","F",8,3,2,"T","T",0,"F","F",1,"F","F",0,"F","F",5,"G","F","F","",0,0,"N",0,"N",0,"N",0,0,0,0,"53","","","","F","F","F","F","F","F","F","F","F","","","","F","F","F","F","F","","","","",0,3,0,0,5,0,0,0,0,45,"NY1","NY1","BRO",1,"F","T",0,1,0,20,2,"T","F",0,0,"T","T","kellg101","meusi101","T","T",0,0,0,0,0,0,0,0,0,"","","",0,0,0,0,0,0,0,0,0,0,0,0,0,"stocm101","F","F","F","F",0,0,0,0,0,0,0,0,0,0,F,F,"1924NY1.EVN.regular.event.csv",2040
"NY1192407020","BRO",7,0,0,0,0,"",1,0,"stocm101","?","stocm101","?","watsm103","?","watsm103","?","gowdh101","kellg101","lindf101","grohh101","jackt101","meusi101","wilsh102","younr101","","","","7/F","T","F",5,6,2,"T","T",0,"F","F",1,"F","F",0,"F","F",7,"F","F","F","",0,0,"N",0,"N",0,"N",0,0,0,0,"7","","","","F","F","F","F","F","F","F","F","F","","","","F","F","F","F","F","","","","",0,7,0,0,0,0,0,0,0,46,"NY1","BRO","NY1",0,"T","F",1,0,0,23,0,"T","F",0,0,"T","T","grift102","debeh101","T","T",0,0,0,0,0,0,0,0,0,"","","",0,0,0,0,0,0,0,0,0,0,0,0,0,"meusi101","F","F","F","F",0,0,0,0,1,0,0,0,0,0,F,F,"1924NY1.EVN.regular.event.csv",2041
"NY1192407020","BRO",7,0,1,0,0,"",1,0,"grift102","?","grift102","?","watsm103","?","watsm103","?","gowdh101","kellg101","lindf101","grohh101","jackt101","meusi101","wilsh102","younr101","","","","S9","F","F",9,7,20,"T","T",1,"F","F",0,"F","F",0,"F","F",9,"","F","F","",0,0,"N",0,"N",0,"N",1,0,0,0,"","","","","F","F","F","F","F","F","F","F","F","","","","F","F","F","F","F","","","","",0,0,0,0,0,0,0,0,0,47,"NY1","BRO","NY1",0,"F","F",1,0,0,24,1,"T","F",0,1,"T","T","debeh101","vancd101","T","T",0,0,0,0,0,0,0,0,0,"","","",0,0,0,0,0,0,0,0,0,0,0,0,0,"younr101","F","F","F","F",5,0,0,0,1,0,0,0,0,0,F,F,"1924NY1.EVN.regular.event.csv",2042
"NY1192407020","BRO",7,0,1,0,0,"",1,0,"debeh101","?","debeh101","?","watsm103","?","watsm103","?","gowdh101","kellg101","lindf101","grohh101","jackt101","meusi101","wilsh102","younr101","grift102","","","S8.1-2","F","F",2,8,20,"T","T",1,"F","F",0,"F","F",0,"F","F",8,"","F","F","",0,0,"N",0,"N",0,"N",1,2,0,0,"","","","","F","F","F","F","F","F","F","F","F","watsm103","","","F","F","F","F","F","","","","",0,0,0,0,0,0,0,0,0,48,"NY1","BRO","NY1",0,"F","F",1,0,0,25,2,"T","F",1,3,"T","T","vancd101","higha101","T","T",9,7,47,0,0,0,0,0,0,"gowdh101","","",0,0,0,0,0,0,0,0,0,0,0,0,0,"wilsh102","F","F","F","F",0,5,0,0,1,0,0,0,0,0,F,F,"1924NY1.EVN.regular.event.csv",2043
"NY1192407020","BRO",7,0,1,0,0,"",1,0,"vancd101","?","vancd101","?","watsm103","?","watsm103","?","gowdh101","kellg101","lindf101","grohh101","jackt101","meusi101","wilsh102","younr101","debeh101","grift102","","FC3.2-H(E6/TH1)(NR)(UR);1-3","F","F",1,9,19,"T","T",0,"F","F",0,"F","F",0,"F","F",3,"G","F","F","",1,6,"T",0,"N",0,"N",1,3,5,0,"","","","","F","F","F","F","F","F","F","F","F","watsm103","watsm103","","F","F","F","F","F","","","","",0,0,0,0,0,0,0,0,0,49,"NY1","BRO","NY1",0,"F","F",1,0,0,26,3,"T","F",3,5,"T","T","higha101","johnj107","T","T",2,8,48,9,7,47,0,0,0,"gowdh101","gowdh101","",0,0,0,0,0,0,0,0,0,0,0,0,1,"kellg101","F","F","F","F",0,0,5,0,0,0,0,0,0,0,F,F,"1924NY1.EVN.regular.event.csv",2044
"NY1192407020","BRO",7,0,1,0,0,"",2,0,"higha101","?","higha101","?","watsm103","?","watsm103","?","gowdh101","kellg101","lindf101","grohh101","jackt101","meusi101","wilsh102","younr101","vancd101","","debeh101","64(1)3/GDP","F","F",4,1,2,"T","T",0,"F","F",2,"T","F",0,"F","F",6,"G","F","F","",0,0,"N",0,"N",0,"N",0,0,0,3,"43","64","","","F","F","F","F","F","F","F","F","F","watsm103","","watsm103","F","F","F","F","F","","","","",0,4,3,0,6,4,0,0,0,50,"NY1","BRO","NY1",0,"F","T",2,0,1,27,4,"T","F",5,4,"T","T","johnj107","wheaz101","T","T",1,9,49,0,0,0,2,8,48,"gowdh101","","gowdh101",0,0,0,0,0,0,0,0,0,0,0,0,0,"jackt101","T","F","F","F",0,0,0,0,0,0,0,0,0,0,F,F,"1924NY1.EVN.regular.event.csv",2045
"NY1192407020","BRO",7,1,0,0,0,"",2,0,"kellg101","?","kellg101","?","vancd101","?","vancd101","?","debeh101","fourj101","higha101","stocm101","johnj107","wheaz101","browe102","grift102","","","","63","T","F",3,4,2,"T","T",0,"F","F",1,"F","F",0,"F","F",6,"G","F","F","",0,0,"N",0,"N",0,"N",0,0,0,0,"63","","","","F","F","F","F","F","F","F","F","F","","","","F","F","F","F","F","","","","",0,3,0,0,6,0,0,0,0,51,"NY1","NY1","BRO",1,"T","F",0,2,0,21,0,"T","F",0,0,"T","T","meusi101","jackt101","T","T",0,0,0,0,0,0,0,0,0,"","","",0,0,0,0,0,0,0,0,0,0,0,0,0,"johnj107","F","F","F","F",0,0,0,0,0,0,0,0,0,0,F,F,"1924NY1.EVN.regular.event.csv",2046
"NY1192407020","BRO",7,1,1,0,0,"",2,0,"meusi101","?","meusi101","?","vancd101","?","vancd101","?","debeh101","fourj101","higha101","stocm101","johnj107","wheaz101","browe102","grift102","","","","8/F","F","F",7,5,2,"T","T",0,"F","F",1,"F","F",0,"F","F",8,"F","F","F","",0,0,"N",0,"N",0,"N",0,0,0,0,"8","","","","F","F","F","F","F","F","F","F","F","","","","F","F","F","F","F","","","","",0,8,0,0,0,0,0,0,0,52,"NY1","NY1","BRO",1,"F","F",0,2,0,22,1,"T","F",0,0,"T","T","jackt101","grohh101","T","T",0,0,0,0,0,0,0,0,0,"","","",0,0,0,0,0,0,0,0,0,0,0,0,0,"browe102","F","F","F","F",0,0,0,0,0,0,0,0,0,0,F,F,"1924NY1.EVN.regular.event.csv",2047
"NY1192407020","BRO",7,1,2,0,0,"",2,0,"jackt101","?","jackt101","?","vancd101","?","vancd101","?","debeh101","fourj101","higha101","stocm101","johnj107","wheaz101","browe102","grift102","","","","2/FL","F","F",6,6,2,"T","T",0,"F","F",1,"F","F",0,"F","F",2,"F","F","T","",0,0,"N",0,"N",0,"N",0,0,0,0,"2","","","","F","F","F","F","F","F","F","F","F","","","","F","F","F","F","F","","","","",0,2,0,0,0,0,0,0,0,53,"NY1","NY1","BRO",1,"F","T",0,2,0,23,2,"T","F",0,0,"T","T","grohh101","gowdh101","T","T",0,0,0,0,0,0,0,0,0,"","","",0,0,0,0,0,0,0,0,0,0,0,0,0,"debeh101","F","F","F","F",0,0,0,0,0,0,0,0,0,0,F,F,"1924NY1.EVN.regular.event.csv",2048
"NY1192407020","BRO",8,0,0,0,0,"",2,0,"johnj107","?","johnj107","?","watsm103","?","watsm103","?","gowdh101","kellg101","lindf101","grohh101","jackt101","meusi101","wilsh102","younr101","","","","S9","T","F",6,2,20,"T","T",1,"F","F",0,"F","F",0,"F","F",9,"","F","F","",0,0,"N",0,"N",0,"N",1,0,0,0,"","","","","F","F","F","F","F","F","F","F","F","","","","F","F","F","F","F","","","","",0,0,0,0,0,0,0,0,0,54,"NY1","BRO","NY1",0,"T","F",2,0,0,28,0,"T","F",0,1,"T","T","wheaz101","fourj101","T","T",0,0,0,0,0,0,0,0,0,"","","",0,0,0,0,0,0,0,0,0,0,0,0,0,"younr101","F","F","F","F",5,0,0,0,1,0,0,0,0,0,F,F,"1924NY1.EVN.regular.event.csv",2049
"NY1192407020","BRO",8,0,0,0,0,"",2,0,"wheaz101","?","wheaz101","?","watsm103","?","watsm103","?","gowdh101","kellg101","lindf101","grohh101","jackt101","meusi101","wilsh102","younr101","johnj107","","","W.1-2","F","F",7,3,14,"T","F",0,"F","F",0,"F","F",0,"F","F",0,"","F","F","",0,0,"N",0,"N",0,"N",1,2,0,0,"","","","","F","F","F","F","F","F","F","F","F","watsm103","","","F","F","F","F","F","","","","",0,0,0,0,0,0,0,0,0,55,"NY1","BRO","NY1",0,"F","F",2,0,0,29,1,"T","F",1,3,"T","T","fourj101","browe102","T","T",6,2,54,0,0,0,0,0,0,"gowdh101","","",0,0,0,0,0,0,0,0,0,0,0,0,0,"","F","F","F","F",0,5,0,0,1,0,0,0,0,0,F,F,"1924NY1.EVN.regular.event.csv",2050
"NY1192407020","BRO",8,0,0,0,0,"",2,0,"fourj101","?","fourj101","?","watsm103","?","watsm103","?","gowdh101","kellg101","lindf101","grohh101","jackt101","meusi101","wilsh102","younr101","wheaz101","johnj107","","FC3.2-3;1-2(E3/TH2)","F","F",3,4,19,"T","T",0,"F","F",0,"F","F",0,"F","F",3,"G","F","F","",1,3,"T",0,"N",0,"N",1,2,3,0,"","","","","F","F","F","F","F","F","F","F","F","watsm103","watsm103","","F","F","F","F","F","","","","",0,0,0,0,0,0,0,0,0,56,"NY1","BRO","NY1",0,"F","F",2,0,0,30,2,"T","F",3,7,"T","T","browe102","stocm101","T","T",7,3,55,6,2,54,0,0,0,"gowdh101","gowdh101","",0,0,0,0,0,0,0,0,0,0,0,0,0,"kellg101","F","F","F","F",0,0,5,0,1,0,0,0,0,0,F,F,"1924NY1.EVN.regular.event.csv",2051
"NY1192407020","BRO",8,0,0,0,0,"",2,0,"browe102","?","browe102","?","watsm103","?","watsm103","?","gowdh101","kellg101","lindf101","grohh101","jackt101","meusi101","wilsh102","younr101","fourj101","wheaz101","johnj107","2/FL","F","F",8,5,2,"T","T",0,"F","F",1,"F","F",0,"F","F",2,"F","F","T","",0,0,"N",0,"N",0,"N",0,1,2,3,"2","","","","F","F","F","F","F","F","F","F","F","watsm103","watsm103","watsm103","F","F","F","F","F","","","","",0,2,0,0,0,0,0,0,0,57,"NY1","BRO","NY1",0,"F","F",2,0,0,31,3,"T","F",7,7,"T","T","stocm101","grift102","T","T",3,4,56,7,3,55,6,2,54,"gowdh101","gowdh101","gowdh101",0,0,0,0,0,0,0,0,0,0,0,0,0,"gowdh101","F","F","F","F",0,0,0,5,1,0,0,0,0,0,F,F,"1924NY1.EVN.regular.event.csv",2052
"NY1192407020","BRO",8,0,1,0,0,"",2,0,"stocm101","?","stocm101","?","watsm103","?","watsm103","?","gowdh101","kellg101","lindf101","grohh101","jackt101","meusi101","wilsh102","younr101","fourj101","wheaz101","johnj107","5(2)/FO.3-H(UR);1-2","F","F",5,6,2,"T","T",0,"F","F",1,"F","F",1,"F","F",5,"G","F","F","",0,0,"N",0,"N",0,"N",1,2,0,5,"","","5","","F","F","F","F","F","F","F","F","F","watsm103","watsm103","watsm103","F","F","F","F","F","","","","",0,5,0,0,0,0,0,0,0,58,"NY1","BRO","NY1",0,"F","F",2,0,0,32,4,"T","F",7,3,"T","T","grift102","debeh101","T","T",3,4,56,7,3,55,6,2,54,"gowdh101","gowdh101","gowdh101",0,0,0,0,0,0,0,0,0,0,0,0,1,"grohh101","F","T","F","F",0,0,0,5,0,0,0,0,0,0,F,F,"1924NY1.EVN.regular.event.csv",2053
"NY1192407020","BRO",8,0,2,0,0,"",3,0,"grift102","?","grift102","?","watsm103","?","watsm103","?","gowdh101","kellg101","lindf101","grohh101","jackt101","meusi101","wilsh102","younr101","stocm101","fourj101","","9/F","F","F",9,7,2,"T","T",0,"F","F",1,"F","F",0,"F","F",9,"F","F","F","",0,0,"N",0,"N",0,"N",0,1,2,0,"9","","","","F","F","F","F","F","F","F","F","F","watsm103","watsm103","","F","F","F","F","F","","","","",0,9,0,0,0,0,0,0,0,59,"NY1","BRO","NY1",0,"F","T",3,0,1,33,5,"T","F",3,3,"T","T","debeh101","vancd101","T","T",5,6,58,3,4,56,0,0,0,"gowdh101","gowdh101","",0,0,0,0,0,0,0,0,0,0,0,0,0,"younr101","F","F","F","F",0,0,0,0,0,0,0,0,0,0,F,F,"1924NY1.EVN.regular.event.csv",2054
"NY1192407020","BRO",8,1,0,0,0,"",3,0,"grohh101","?","grohh101","?","vancd101","?","vancd101","?","debeh101","fourj101","higha101","stocm101","johnj107","wheaz101","browe102","grift102","","","","K/C","T","F",5,7,3,"T","T",0,"F","F",1,"F","F",0,"F","F",0,"","F","F","",0,0,"N",0,"N",0,"N",0,0,0,0,"2","","","","F","F","F","F","F","F","F","F","F","","","","F","F","F","F","F","","","","",0,2,0,0,0,0,0,0,0,60,"NY1","NY1","BRO",1,"T","F",0,3,0,24,0,"T","F",0,0,"T","T","gowdh101","watsm103","T","T",0,0,0,0,0,0,0,0,0,"","","",0,0,0,0,0,0,0,0,0,0,0,0,0,"","F","F","F","F",0,0,0,0,0,0,0,0,0,0,F,F,"1924NY1.EVN.regular.event.csv",2055
"NY1192407020","BRO",8,1,1,0,0,"",3,0,"terrb101","?","terrb101","?","vancd101","?","vancd101","?","debeh101","fourj101","higha101","stocm101","johnj107","wheaz101","browe102","grift102","","","","K/C","F","T",11,8,3,"T","T",0,"F","F",1,"F","F",0,"F","F",0,"","F","F","",0,0,"N",0,"N",0,"N",0,0,0,0,"2","","","","F","F","F","F","F","F","F","F","F","","","","F","F","F","F","F","","","","gowdh101",2,2,0,0,0,0,0,0,0,61,"NY1","NY1","BRO",1,"F","F",0,3,0,25,1,"T","F",0,0,"F","F","watsm103","younr101","T","T",0,0,0,0,0,0,0,0,0,"","","",0,0,0,0,0,0,0,0,0,0,0,0,0,"","F","F","F","F",0,0,0,0,0,0,0,0,0,0,F,F,"1924NY1.EVN.regular.event.csv",2056
"NY1192407020","BRO",8,1,2,0,0,"",3,0,"soutb101","?","soutb101","?","vancd101","?","vancd101","?","debeh101","fourj101","higha101","stocm101","johnj107","wheaz101","browe102","grift102","","","","K","F","T",11,9,3,"T","T",0,"F","F",1,"F","F",0,"F","F",0,"","F","F","",0,0,"N",0,"N",0,"N",0,0,0,0,"2","","","","F","F","F","F","F","F","F","F","F","","","","F","F","F","F","F","","","","watsm103",1,2,0,0,0,0,0,0,0,62,"NY1","NY1","BRO",1,"F","T",0,3,0,26,2,"T","F",0,0,"F","F","younr101","lindf101","T","T",0,0,0,0,0,0,0,0,0,"","","",0,0,0,0,0,0,0,0,0,0,0,0,0,"","F","F","F","F",0,0,0,0,0,0,0,0,0,0,F,F,"1924NY1.EVN.regular.event.csv",2057
"NY1192407020","BRO",9,0,0,0,0,"",3,0,"debeh101","?","debeh101","?","nehfa101","?","nehfa101","?","snydf101","kellg101","lindf101","grohh101","jackt101","meusi101","wilsh102","younr101","","","","HR/7D","T","F",2,8,23,"T","T",4,"F","F",0,"F","F",1,"F","F",0,"","F","F","7D",0,0,"N",0,"N",0,"N",4,0,0,0,"","","","","F","F","F","F","F","F","F","F","F","","","","F","F","F","F","F","","","","",0,0,0,0,0,0,0,0,0,63,"NY1","BRO","NY1",0,"T","F",3,0,0,34,0,"T","F",0,0,"T","T","vancd101","higha101","F","F",0,0,0,0,0,0,0,0,0,"","","",0,0,0,0,0,0,0,0,0,0,0,0,1,"","F","F","F","F",4,0,0,0,0,0,0,0,0,0,F,F,"1924NY1.EVN.regular.event.csv",2058
"NY1192407020","BRO",9,0,0,0,0,"",4,0,"vancd101","?","vancd101","?","nehfa101","?","nehfa101","?","snydf101","kellg101","lindf101","grohh101","jackt101","meusi101","wilsh102","younr101","","","","K","F","F",1,9,3,"T","T",0,"F","F",1,"F","F",0,"F","F",0,"","F","F","",0,0,"N",0,"N",0,"N",0,0,0,0,"2","","","","F","F","F","F","F","F","F","F","F","","","","F","F","F","F","F","","","","",0,2,0,0,0,0,0,0,0,64,"NY1","BRO","NY1",0,"F","F",4,0,1,35,1,"T","F",0,0,"T","T","higha101","johnj107","F","F",0,0,0,0,0,0,0,0,0,"","","",0,0,0,0,0,0,0,0,0,0,0,0,0,"","F","F","F","F",0,0,0,0,0,0,0,0,0,0,F,F,"1924NY1.EVN.regular.event.csv",2059
"NY1192407020","BRO",9,0,1,0,0,"",4,0,"higha101","?","higha101","?","nehfa101","?","nehfa101","?","snydf101","kellg101","lindf101","grohh101","jackt101","meusi101","wilsh102","younr101","","","","53","F","F",4,1,2,"T","T",0,"F","F",1,"F","F",0,"F","F",5,"G","F","F","",0,0,"N",0,"N",0,"N",0,0,0,0,"53","","","","F","F","F","F","F","F","F","F","F","","","","F","F","F","F","F","","","","",0,3,0,0,5,0,0,0,0,65,"NY1","BRO","NY1",0,"F","F",4,0,1,36,2,"T","F",0,0,"T","T","johnj107","wheaz101","F","F",0,0,0,0,0,0,0,0,0,"","","",0,0,0,0,0,0,0,0,0,0,0,0,0,"grohh101","F","F","F","F",0,0,0,0,0,0,0,0,0,0,F,F,"1924NY1.EVN.regular.event.csv",2060
"NY1192407020","BRO",9,0,2,0,0,"",4,0,"johnj107","?","johnj107","?","nehfa101","?","nehfa101","?","snydf101","kellg101","lindf101","grohh101","jackt101","meusi101","wilsh102","younr101","","","","63","F","F",6,2,2,"T","T",0,"F","F",1,"F","F",0,"F","F",6,"G","F","F","",0,0,"N",0,"N",0,"N",0,0,0,0,"63","","","","F","F","F","F","F","F","F","F","F","","","","F","F","F","F","F","","","","",0,3,0,0,6,0,0,0,0,66,"NY1","BRO","NY1",0,"F","T",4,0,1,37,3,"T","F",0,0,"T","T","wheaz101","fourj101","F","F",0,0,0,0,0,0,0,0,0,"","","",0,0,0,0,0,0,0,0,0,0,0,0,0,"jackt101","F","F","F","F",0,0,0,0,0,0,0,0,0,0,F,F,"1924NY1.EVN.regular.event.csv",2061
"NY1192407020","BRO",9,1,0,0,0,"",4,0,"younr101","?","younr101","?","vancd101","?","vancd101","?","debeh101","fourj101","higha101","stocm101","johnj107","wheaz101","browe102","grift102","","","","7/F","T","F",9,1,2,"T","T",0,"F","F",1,"F","F",0,"F","F",7,"F","F","F","",0,0,"N",0,"N",0,"N",0,0,0,0,"7","","","","F","F","F","F","F","F","F","F","F","","","","F","F","F","F","F","","","","",0,7,0,0,0,0,0,0,0,67,"NY1","NY1","BRO",1,"T","F",0,4,0,27,0,"T","F",0,0,"T","T","lindf101","wilsh102","T","T",0,0,0,0,0,0,0,0,0,"","","",0,0,0,0,0,0,0,0,0,0,0,0,0,"wheaz101","F","F","F","F",0,0,0,0,1,0,0,0,0,0,F,F,"1924NY1.EVN.regular.event.csv",2062
"NY1192407020","BRO",9,1,1,0,0,"",4,0,"lindf101","?","lindf101","?","vancd101","?","vancd101","?","debeh101","fourj101","higha101","stocm101","johnj107","wheaz101","browe102","grift102","","","","3/FL","F","F",4,2,2,"T","T",0,"F","F",1,"F","F",0,"F","F",3,"F","F","T","",0,0,"N",0,"N",0,"N",0,0,0,0,"3","","","","F","F","F","F","F","F","F","F","F","","","","F","F","F","F","F","","","","",0,3,0,0,0,0,0,0,0,68,"NY1","NY1","BRO",1,"F","F",0,4,0,28,1,"T","F",0,0,"F","F","wilsh102","kellg101","T","T",0,0,0,0,0,0,0,0,0,"","","",0,0,0,0,0,0,0,0,0,0,0,0,0,"fourj101","F","F","F","F",0,0,0,0,1,0,0,0,0,0,F,F,"1924NY1.EVN.regular.event.csv",2063
"NY1192407020","BRO",9,1,2,0,0,"",4,0,"wilsh102","?","wilsh102","?","vancd101","?","vancd101","?","debeh101","fourj101","higha101","stocm101","johnj107","wheaz101","browe102","grift102","","","","HR/F9D","F","F",8,3,23,"T","T",4,"F","F",0,"F","F",1,"F","F",0,"F","F","F","9D",0,0,"N",0,"N",0,"N",4,0,0,0,"","","","","F","F","F","F","F","F","F","F","F","","","","F","F","F","F","F","","","","",0,0,0,0,0,0,0,0,0,69,"NY1","NY1","BRO",1,"F","F",0,4,0,29,2,"T","F",0,0,"T","T","kellg101","meusi101","T","T",0,0,0,0,0,0,0,0,0,"","","",0,0,0,0,0,0,0,0,0,0,0,0,1,"","F","F","F","F",4,0,0,0,0,0,0,0,0,0,F,F,"1924NY1.EVN.regular.event.csv",2064
"NY1192407020","BRO",9,1,2,0,0,"",4,1,"kellg101","?","kellg101","?","vancd101","?","vancd101","?","debeh101","fourj101","higha101","stocm101","johnj107","wheaz101","browe102","grift102","","","","63","F","F",3,4,2,"T","T",0,"F","F",1,"F","F",0,"F","F",6,"G","F","F","",0,0,"N",0,"N",0,"N",0,0,0,0,"63","","","","F","F","F","F","F","F","F","F","F","","","","F","T","F","F","F","","","","",0,3,0,0,6,0,0,0,0,70,"NY1","NY1","BRO",1,"F","T",1,4,1,30,3,"T","F",0,0,"T","T","meusi101","jackt101","T","T",0,0,0,0,0,0,0,0,0,"","","",0,0,0,0,0,0,0,0,0,0,0,0,0,"johnj107","F","F","F","F",0,0,0,0,0,0,0,0,0,0,F,F,"1924NY1.EVN.regular.event.csv",2065
"NY1192407041","PHI",1,0,0,0,0,"",0,0,"sandh101","?","sandh101","?","barnv101","?","barnv101","?","snydf101","kellg101","lindf101","grohh101","jackt101","meusi101","wilsh102","younr101","","","","63","T","F",6,1,2,"T","T",0,"F","F",1,"F","F",0,"F","F",6,"G","F","F","",0,0,"N",0,"N",0,"N",0,0,0,0,"63","","","","F","F","F","F","F","F","F","F","F","","","","T","F","F","F","F","","","","",0,3,0,0,6,0,0,0,0,1,"NY1","PHI","NY1",0,"T","F",0,0,0,0,0,"T","F",0,0,"T","T","harpg101","willc103","T","T",0,0,0,0,0,0,0,0,0,"","","",0,0,0,0,0,0,0,0,0,0,0,0,0,"jackt101","F","F","F","F",0,0,0,0,0,0,0,0,0,0,F,F,"1924NY1.EVN.regular.event.csv",2066
"NY1192407041","PHI",1,0,1,0,0,"",0,0,"harpg101","?","harpg101","?","barnv101","?","barnv101","?","snydf101","kellg101","lindf101","grohh101","jackt101","meusi101","wilsh102","younr101","","","","43","F","F",9,2,2,"T","T",0,"F","F",1,"F","F",0,"F","F",4,"G","F","F","",0,0,"N",0,"N",0,"N",0,0,0,0,"43","","","","F","F","F","F","F","F","F","F","F","","","","F","F","F","F","F","","","","",0,3,0,0,4,0,0,0,0,2,"NY1","PHI","NY1",0,"F","F",0,0,0,1,1,"T","F",0,0,"T","T","willc103","schuj101","T","T",0,0,0,0,0,0,0,0,0,"","","",0,0,0,0,0,0,0,0,0,0,0,0,0,"lindf101","F","F","F","F",0,0,0,0,0,0,0,0,0,0,F,F,"1924NY1.EVN.regular.event.csv",2067
"NY1192407041","PHI",1,0,2,0,0,"",0,0,"willc103","?","willc103","?","barnv101","?","barnv101","?","snydf101","kellg101","lindf101","grohh101","jackt101","meusi101","wilsh102","younr101","","","","4/P","F","F",8,3,2,"T","T",0,"F","F",1,"F","F",0,"F","F",4,"P","F","F","",0,0,"N",0,"N",0,"N",0,0,0,0,"4","","","","F","F","F","F","F","F","F","F","F","","","","F","F","F","F","F","","","","",0,4,0,0,0,0,0,0,0,3,"NY1","PHI","NY1",0,"F","T",0,0,0,2,2,"T","F",0,0,"T","T","schuj101","wrigr102","T","T",0,0,0,0,0,0,0,0,0,"","","",0,0,0,0,0,0,0,0,0,0,0,0,0,"lindf101","F","F","F","F",0,0,0,0,0,0,0,0,0,0,F,F,"1924NY1.EVN.regular.event.csv",2068
"NY1192407041","PHI",1,1,0,0,0,"",0,0,"younr101","?","younr101","?","ringj101","?","ringj101","?","wilsj105","holkw101","fordh101","wrigr102","sandh101","schuj101","willc103","harpg101","","","","31","T","F",9,1,2,"T","T",0,"F","F",1,"F","F",0,"F","F",3,"G","F","F","",0,0,"N",0,"N",0,"N",0,0,0,0,"31","","","","F","F","F","F","F","F","F","F","F","","","","F","F","F","F","F","","","","",0,1,0,0,3,0,0,0,0,4,"NY1","NY1","PHI",1,"T","F",0,0,0,0,0,"T","F",0,0,"T","T","lindf101","wilsh102","T","T",0,0,0,0,0,0,0,0,0,"","","",0,0,0,0,0,0,0,0,0,0,0,0,0,"holkw101","F","F","F","F",0,0,0,0,1,0,0,0,0,0,F,F,"1924NY1.EVN.regular.event.csv",2069
"NY1192407041","PHI",1,1,1,0,0,"",0,0,"lindf101","?","lindf101","?","ringj101","?","ringj101","?","wilsj105","holkw101","fordh101","wrigr102","sandh101","schuj101","willc103","harpg101","","","","13","F","F",4,2,2,"T","T",0,"F","F",1,"F","F",0,"F","F",1,"G","F","F","",0,0,"N",0,"N",0,"N",0,0,0,0,"13","","","","F","F","F","F","F","F","F","F","F","","","","F","F","F","F","F","","","","",0,3,0,0,1,0,0,0,0,5,"NY1","NY1","PHI",1,"F","F",0,0,0,1,1,"T","F",0,0,"T","T","wilsh102","kellg101","T","T",0,0,0,0,0,0,0,0,0,"","","",0,0,0,0,0,0,0,0,0,0,0,0,0,"ringj101","F","F","F","F",0,0,0,0,1,0,0,0,0,0,F,F,"1924NY1.EVN.regular.event.csv",2070
"NY1192407041","PHI",1,1,2,0,0,"",0,0,"wilsh102","?","wilsh102","?","ringj101","?","ringj101","?","wilsj105","holkw101","fordh101","wrigr102","sandh101","schuj101","willc103","harpg101","","","","K+PB.B-1(E2)","F","F",8,3,3,"T","T",0,"F","F",0,"F","F",0,"F","T",0,"","F","F","",1,2,"F",0,"N",0,"N",1,0,0,0,"","","","","F","F","F","F","F","F","F","F","F","","","","F","F","F","F","F","","","","",0,0,0,0,0,0,0,0,0,6,"NY1","NY1","PHI",1,"F","F",0,0,0,2,2,"T","F",0,1,"T","T","kellg101","meusi101","T","T",0,0,0,0,0,0,0,0,0,"","","",0,0,0,0,0,0,0,0,0,0,0,0,0,"","F","F","F","F",5,0,0,0,1,0,0,0,0,0,F,F,"1924NY1.EVN.regular.event.csv",2071
"NY1192407041","PHI",1,1,2,0,0,"",0,0,"kellg101","?","kellg101","?","ringj101","?","ringj101","?","wilsj105","holkw101","fordh101","wrigr102","sandh101","schuj101","willc103","harpg101","wilsh102","","","S6/G6M.1-H(E6/TH3)(NR)(UR);B-2","F","F",3,4,20,"T","T",1,"F","F",0,"F","F",0,"F","F",6,"G","F","F","6M",1,6,"T",0,"N",0,"N",2,5,0,0,"","","","","F","F","F","F","F","F","F","F","F","ringj101","","","F","F","F","F","F","","","","",0,0,0,0,0,0,0,0,0,7,"NY1","NY1","PHI",1,"F","F",0,0,0,3,3,"T","F",1,2,"T","T","meusi101","jackt101","T","T",8,3,6,0,0,0,0,0,0,"wilsj105","","",0,0,0,0,0,0,0,0,0,0,0,0,1,"sandh101","F","F","F","F",0,5,0,0,0,0,0,0,0,0,F,F,"1924NY1.EVN.regular.event.csv",2072
"NY1192407041","PHI",1,1,2,0,0,"",0,1,"meusi101","?","meusi101","?","ringj101","?","ringj101","?","wilsj105","holkw101","fordh101","wrigr102","sandh101","schuj101","willc103","harpg101","","kellg101","","13","F","F",7,5,2,"T","T",0,"F","F",1,"F","F",0,"F","F",1,"G","F","F","",0,0,"N",0,"N",0,"N",0,0,2,0,"13","","","","F","F","F","F","F","F","F","F","F","","ringj101","","F","F","F","F","F","","","","",0,3,0,0,1,0,0,0,0,8,"NY1","NY1","PHI",1,"F","T",1,0,1,4,4,"T","F",2,2,"T","T","jackt101","grohh101","T","T",0,0,0,3,4,7,0,0,0,"","wilsj105","",0,0,0,0,0,0,0,0,0,0,0,0,0,"ringj101","F","F","F","F",0,0,0,0,0,0,0,0,0,0,F,F,"1924NY1.EVN.regular.event.csv",2073
"NY1192407041","PHI",2,0,0,0,0,"",0,1,"schuj101","?","schuj101","?","barnv101","?","barnv101","?","snydf101","kellg101","lindf101","grohh101","jackt101","meusi101","wilsh102","younr101","","","","S","T","F",7,4,20,"T","T",1,"F","F",0,"F","F",0,"F","F",0,"","F","F","",0,0,"N",0,"N",0,"N",1,0,0,0,"","","","","F","F","F","F","F","F","F","F","F","","","","F","F","F","F","F","","","","",0,0,0,0,0,0,0,0,0,9,"NY1","PHI","NY1",0,"T","F",0,1,0,3,0,"T","F",0,1,"T","T","wrigr102","holkw101","T","T",0,0,0,0,0,0,0,0,0,"","","",0,0,0,0,0,0,0,0,0,0,0,0,0,"","F","F","F","F",0,0,0,0,0,0,0,0,0,0,F,F,"1924NY1.EVN.regular.event.csv",2074
"NY1192407041","PHI",2,0,0,0,0,"",0,1,"wrigr102","?","wrigr102","?","barnv101","?","barnv101","?","snydf101","kellg101","lindf101","grohh101","jackt101","meusi101","wilsh102","younr101","schuj101","","","36(1)1/GDP","F","F",5,5,2,"T","T",0,"F","F",2,"T","F",0,"F","F",3,"G","F","F","",0,0,"N",0,"N",0,"N",0,0,0,0,"61","36","","","F","F","F","F","F","F","F","F","F","barnv101","","","F","F","F","F","F","","","","",0,6,1,0,3,6,0,0,0,10,"NY1","PHI","NY1",0,"F","F",0,1,0,4,1,"T","F",1,0,"T","T","holkw101","fordh101","T","T",7,4,9,0,0,0,0,0,0,"snydf101","","",0,0,0,0,0,0,0,0,0,0,0,0,0,"kellg101","T","F","F","F",0,0,0,0,0,0,0,0,0,0,F,F,"1924NY1.EVN.regular.event.csv",2075
"NY1192407041","PHI",2,0,2,0,0,"",0,1,"holkw101","?","holkw101","?","barnv101","?","barnv101","?","snydf101","kellg101","lindf101","grohh101","jackt101","meusi101","wilsh102","younr101","","","","43","F","F",3,6,2,"T","T",0,"F","F",1,"F","F",0,"F","F",4,"G","F","F","",0,0,"N",0,"N",0,"N",0,0,0,0,"43","","","","F","F","F","F","F","F","F","F","F","","","","F","F","F","F","F","","","","",0,3,0,0,4,0,0,0,0,11,"NY1","PHI","NY1",0,"F","T",0,1,0,5,2,"T","F",0,0,"T","T","fordh101","wilsj105","T","T",0,0,0,0,0,0,0,0,0,"","","",0,0,0,0,0,0,0,0,0,0,0,0,0,"lindf101","F","F","F","F",0,0,0,0,0,0,0,0,0,0,F,F,"1924NY1.EVN.regular.event.csv",2076
"NY1192407041","PHI",2,1,0,0,0,"",0,1,"jackt101","?","jackt101","?","ringj101","?","ringj101","?","wilsj105","holkw101","fordh101","wrigr102","sandh101","schuj101","willc103","harpg101","","","","E6/G","T","F",6,6,18,"T","T",0,"F","F",0,"F","F",0,"F","F",6,"G","F","F","",1,6,"F",0,"N",0,"N",1,0,0,0,"","","","","F","F","F","F","F","F","F","F","F","","","","F","F","F","F","F","","","","",0,0,0,0,0,0,0,0,0,12,"NY1","NY1","PHI",1,"T","F",1,0,0,5,0,"T","F",0,1,"T","T","grohh101","snydf101","T","T",0,0,0,0,0,0,0,0,0,"","","",0,0,0,0,0,0,0,0,0,0,0,0,0,"sandh101","F","F","F","T",0,0,0,0,0,0,0,0,0,0,F,F,"1924NY1.EVN.regular.event.csv",2077
"NY1192407041","PHI",2,1,0,0,0,"",0,1,"grohh101","?","grohh101","?","ringj101","?","ringj101","?","wilsj105","holkw101","fordh101","wrigr102","sandh101","schuj101","willc103","harpg101","jackt101","","","W.1-2","F","F",5,7,14,"T","F",0,"F","F",0,"F","F",0,"F","F",0,"","F","F","",0,0,"N",0,"N",0,"N",1,2,0,0,"","","","","F","F","F","F","F","F","F","F","F","ringj101","","","F","F","F","F","F","","","","",0,0,0,0,0,0,0,0,0,13,"NY1","NY1","PHI",1,"F","F",1,0,0,6,1,"T","F",1,3,"T","T","snydf101","barnv101","T","T",6,6,12,0,0,0,0,0,0,"wilsj105","","",0,0,0,0,0,0,0,0,0,0,0,0,0,"","F","F","F","F",0,0,0,0,0,0,0,0,0,0,F,F,"1924NY1.EVN.regular.event.csv",2078
"NY1192407041","PHI",2,1,0,0,0,"",0,1,"snydf101","?","snydf101","?","ringj101","?","ringj101","?","wilsj105","holkw101","fordh101","wrigr102","sandh101","schuj101","willc103","harpg101","grohh101","jackt101","","K","F","F",2,8,3,"T","T",0,"F","F",1,"F","F",0,"F","F",0,"","F","F","",0,0,"N",0,"N",0,"N",0,1,2,0,"2","","","","F","F","F","F","F","F","F","F","F","ringj101","ringj101","","F","F","F","F","F","","","","",0,2,0,0,0,0,0,0,0,14,"NY1","NY1","PHI",1,"F","F",1,0,0,7,2,"T","F",3,3,"T","T","barnv101","younr101","T","T",5,7,13,6,6,12,0,0,0,"wilsj105","wilsj105","",0,0,0,0,0,0,0,0,0,0,0,0,0,"","F","F","F","F",0,0,0,0,0,0,0,0,0,0,F,F,"1924NY1.EVN.regular.event.csv",2079
"NY1192407041","PHI",2,1,1,0,0,"",0,1,"barnv101","?","barnv101","?","ringj101","?","ringj101","?","wilsj105","holkw101","fordh101","wrigr102","sandh101","schuj101","willc103","harpg101","grohh101","jackt101","","64(1)/FO","F","F",1,9,2,"T","T",0,"F","F",1,"F","F",0,"F","F",6,"G","F","F","",0,0,"N",0,"N",0,"N",1,0,2,0,"","64","","","F","F","F","F","F","F","F","F","F","ringj101","ringj101","","F","F","F","F","F","","","","",0,4,0,0,6,0,0,0,0,15,"NY1","NY1","PHI",1,"F","F",1,0,0,8,3,"T","F",3,3,"T","T","younr101","lindf101","T","T",5,7,13,6,6,12,0,0,0,"wilsj105","wilsj105","",0,0,0,0,0,0,0,0,0,0,0,0,0,"sandh101","T","F","F","F",0,0,0,0,0,0,0,0,0,0,F,F,"1924NY1.EVN.regular.event.csv",2080
"NY1192407041","PHI",2,1,2,0,0,"",0,1,"younr101","?","younr101","?","ringj101","?","ringj101","?","wilsj105","holkw101","fordh101","wrigr102","sandh101","schuj101","willc103","harpg101","barnv101","jackt101","","K","F","F",9,1,3,"T","T",0,"F","F",1,"F","F",0,"F","F",0,"","F","F","",0,0,"N",0,"N",0,"N",0,1,2,0,"2","","","","F","F","F","F","F","F","F","F","F","ringj101","ringj101","","F","F","F","F","F","","","","",0,2,0,0,0,0,0,0,0,16,"NY1","NY1","PHI",1,"F","T",1,0,0,9,4,"T","F",3,3,"T","T","lindf101","wilsh102","T","T",1,9,15,6,6,12,0,0,0,"wilsj105","wilsj105","",0,0,0,0,0,0,0,0,0,0,0,0,0,"","F","F","F","F",0,0,0,0,0,0,0,0,0,0,F,F,"1924NY1.EVN.regular.event.csv",2081
"NY1192407041","PHI",3,0,0,0,0,"",0,1,"fordh101","?","fordh101","?","barnv101","?","barnv101","?","snydf101","kellg101","lindf101","grohh101","jackt101","meusi101","wilsh102","younr101","","","","8/F","T","F",4,7,2,"T","T",0,"F","F",1,"F","F",0,"F","F",8,"F","F","F","",0,0,"N",0,"N",0,"N",0,0,0,0,"8","","","","F","F","F","F","F","F","F","F","F","","","","F","F","F","F","F","","","","",0,8,0,0,0,0,0,0,0,17,"NY1","PHI","NY1",0,"T","F",0,1,0,6,0,"T","F",0,0,"T","T","wilsj105","ringj101","T","T",0,0,0,0,0,0,0,0,0,"","","",0,0,0,0,0,0,0,0,0,0,0,0,0,"wilsh102","F","F","F","F",0,0,0,0,0,0,0,0,0,0,F,F,"1924NY1.EVN.regular.event.csv",2082
"NY1192407041","PHI",3,0,1,0,0,"",0,1,"wilsj105","?","wilsj105","?","barnv101","?","barnv101","?","snydf101","kellg101","lindf101","grohh101","jackt101","meusi101","wilsh102","younr101","","","","S","F","F",2,8,20,"T","T",1,"F","F",0,"F","F",0,"F","F",0,"","F","F","",0,0,"N",0,"N",0,"N",1,0,0,0,"","","","","F","F","F","F","F","F","F","F","F","","","","F","F","F","F","F","","","","",0,0,0,0,0,0,0,0,0,18,"NY1","PHI","NY1",0,"F","F",0,1,0,7,1,"T","F",0,1,"T","T","ringj101","sandh101","T","T",0,0,0,0,0,0,0,0,0,"","","",0,0,0,0,0,0,0,0,0,0,0,0,0,"","F","F","F","F",0,0,0,0,0,0,0,0,0,0,F,F,"1924NY1.EVN.regular.event.csv",2083
"NY1192407041","PHI",3,0,1,0,0,"",0,1,"ringj101","?","ringj101","?","barnv101","?","barnv101","?","snydf101","kellg101","lindf101","grohh101","jackt101","meusi101","wilsh102","younr101","wilsj105","","","13/SH.1-2","F","F",1,9,2,"T","F",0,"T","F",1,"F","F",0,"F","F",1,"G","T","F","",0,0,"N",0,"N",0,"N",0,2,0,0,"13","","","","F","F","F","F","F","F","F","F","F","barnv101","","","F","F","F","F","F","","","","",0,3,0,0,1,0,0,0,0,19,"NY1","PHI","NY1",0,"F","F",0,1,0,8,2,"T","F",1,2,"T","T","sandh101","harpg101","T","T",2,8,18,0,0,0,0,0,0,"snydf101","","",0,0,0,0,0,0,0,0,0,0,0,0,0,"barnv101","F","F","F","F",0,0,0,0,0,0,0,0,0,0,F,F,"1924NY1.EVN.regular.event.csv",2084
"NY1192407041","PHI",3,0,2,0,0,"",0,1,"sandh101","?","sandh101","?","barnv101","?","barnv101","?","snydf101","kellg101","lindf101","grohh101","jackt101","meusi101","wilsh102","younr101","","wilsj105","","2/FL","F","F",6,1,2,"T","T",0,"F","F",1,"F","F",0,"F","F",2,"F","F","T","",0,0,"N",0,"N",0,"N",0,0,2,0,"2","","","","F","F","F","F","F","F","F","F","F","","barnv101","","F","F","F","F","F","","","","",0,2,0,0,0,0,0,0,0,20,"NY1","PHI","NY1",0,"F","T",0,1,0,9,3,"T","F",2,2,"T","T","harpg101","willc103","T","T",0,0,0,2,8,18,0,0,0,"","snydf101","",0,0,0,0,0,0,0,0,0,0,0,0,0,"snydf101","F","F","F","F",0,0,0,0,0,0,0,0,0,0,F,F,"1924NY1.EVN.regular.event.csv",2085
"NY1192407041","PHI",3,1,0,0,0,"",0,1,"lindf101","?","lindf101","?","ringj101","?","ringj101","?","wilsj105","holkw101","fordh101","wrigr102","sandh101","schuj101","willc103","harpg101","","","","43","T","F",4,2,2,"T","T",0,"F","F",1,"F","F",0,"F","F",4,"G","F","F","",0,0,"N",0,"N",0,"N",0,0,0,0,"43","","","","F","F","F","F","F","F","F","F","F","","","","F","F","F","F","F","","","","",0,3,0,0,4,0,0,0,0,21,"NY1","NY1","PHI",1,"T","F",1,0,0,10,0,"T","F",0,0,"T","T","wilsh102","kellg101","T","T",0,0,0,0,0,0,0,0,0,"","","",0,0,0,0,0,0,0,0,0,0,0,0,0,"fordh101","F","F","F","F",0,0,0,0,2,0,0,0,0,0,F,F,"1924NY1.EVN.regular.event.csv",2086
"NY1192407041","PHI",3,1,1,0,0,"",0,1,"wilsh102","?","wilsh102","?","ringj101","?","ringj101","?","wilsj105","holkw101","fordh101","wrigr102","sandh101","schuj101","willc103","harpg101","","","","53","F","F",8,3,2,"T","T",0,"F","F",1,"F","F",0,"F","F",5,"G","F","F","",0,0,"N",0,"N",0,"N",0,0,0,0,"53","","","","F","F","F","F","F","F","F","F","F","","","","F","F","F","F","F","","","","",0,3,0,0,5,0,0,0,0,22,"NY1","NY1","PHI",1,"F","F",1,0,0,11,1,"T","F",0,0,"T","T","kellg101","meusi101","T","T",0,0,0,0,0,0,0,0,0,"","","",0,0,0,0,0,0,0,0,0,0,0,0,0,"wrigr102","F","F","F","F",0,0,0,0,2,0,0,0,0,0,F,F,"1924NY1.EVN.regular.event.csv",2087
"NY1192407041","PHI",3,1,2,0,0,"",0,1,"kellg101","?","kellg101","?","ringj101","?","ringj101","?","wilsj105","holkw101","fordh101","wrigr102","sandh101","schuj101","willc103","harpg101","","","","W","F","F",3,4,14,"T","F",0,"F","F",0,"F","F",0,"F","F",0,"","F","F","",0,0,"N",0,"N",0,"N",1,0,0,0,"","","","","F","F","F","F","F","F","F","F","F","","","","F","F","F","F","F","","","","",0,0,0,0,0,0,0,0,0,23,"NY1","NY1","PHI",1,"F","F",1,0,0,12,2,"T","F",0,1,"T","T","meusi101","jackt101","T","T",0,0,0,0,0,0,0,0,0,"","","",0,0,0,0,0,0,0,0,0,0,0,0,0,"","F","F","F","F",4,0,0,0,2,0,0,0,0,0,F,F,"1924NY1.EVN.regular.event.csv",2088
"NY1192407041","PHI",3,1,2,0,0,"",0,1,"meusi101","?","meusi101","?","ringj101","?","ringj101","?","wilsj105","holkw101","fordh101","wrigr102","sandh101","schuj101","willc103","harpg101","kellg101","","","S.1-3#","F","F",7,5,20,"T","T",1,"F","F",0,"F","F",0,"F","F",0,"","F","F","",0,0,"N",0,"N",0,"N",1,3,0,0,"","","","","F","F","F","F","F","F","F","F","F","ringj101","","","F","F","F","F","F","","","","",0,0,0,0,0,0,0,0,0,24,"NY1","NY1","PHI",1,"F","F",1,0,0,13,3,"T","F",1,5,"T","T","jackt101","grohh101","T","T",3,4,23,0,0,0,0,0,0,"wilsj105","","",0,0,0,0,0,0,0,0,0,0,0,0,0,"","F","F","F","F",4,4,0,0,2,0,0,0,0,0,F,T,"1924NY1.EVN.regular.event.csv",2089
"NY1192407041","PHI",3,1,2,0,0,"",0,1,"jackt101","?","jackt101","?","ringj101","?","ringj101","?","wilsj105","holkw101","fordh101","wrigr102","sandh101","schuj101","willc103","harpg101","meusi101","","kellg101","S.3-H;1-3#","F","F",6,6,20,"T","T",1,"F","F",0,"F","F",1,"F","F",0,"","F","F","",0,0,"N",0,"N",0,"N",1,3,0,4,"","","","","F","F","F","F","F","F","F","F","F","ringj101","","ringj101","F","F","F","F","F","","","","",0,0,0,0,0,0,0,0,0,25,"NY1","NY1","PHI",1,"F","F",1,0,0,14,4,"T","F",5,5,"T","T","grohh101","snydf101","T","T",7,5,24,0,0,0,3,4,23,"wilsj105","","wilsj105",0,0,0,0,0,0,0,0,0,0,0,0,1,"","F","F","F","F",0,4,0,4,1,0,0,0,0,0,F,T,"1924NY1.EVN.regular.event.csv",2090
"NY1192407041","PHI",3,1,2,0,0,"",0,2,"grohh101","?","grohh101","?","ringj101","?","ringj101","?","wilsj105","holkw101","fordh101","wrigr102","sandh101","schuj101","willc103","harpg101","jackt101","","meusi101","S.3-H;1-3#","F","F",5,7,20,"T","T",1,"F","F",0,"F","F",1,"F","F",0,"","F","F","",0,0,"N",0,"N",0,"N",1,3,0,4,"","","","","F","F","F","F","F","F","F","F","F","ringj101","","ringj101","F","F","F","F","F","","","","",0,0,0,0,0,0,0,0,0,26,"NY1","NY1","PHI",1,"F","F",2,0,1,15,5,"T","F",5,5,"T","T","snydf101","barnv101","T","T",6,6,25,0,0,0,7,5,24,"wilsj105","","wilsj105",0,0,0,0,0,0,0,0,0,0,0,0,1,"","F","F","F","F",0,0,0,4,0,0,0,0,0,0,F,T,"1924NY1.EVN.regular.event.csv",2091
"NY1192407041","PHI",3,1,2,0,0,"",0,3,"snydf101","?","snydf101","?","ringj101","?","ringj101","?","wilsj105","holkw101","fordh101","wrigr102","sandh101","schuj101","willc103","harpg101","grohh101","","jackt101","13","F","F",2,8,2,"T","T",0,"F","F",1,"F","F",0,"F","F",1,"G","F","F","",0,0,"N",0,"N",0,"N",0,1,0,3,"13","","","","F","F","F","F","F","F","F","F","F","ringj101","","ringj101","F","F","F","F","F","","","","",0,3,0,0,1,0,0,0,0,27,"NY1","NY1","PHI",1,"F","T",3,0,2,16,6,"T","F",5,5,"T","T","barnv101","younr101","T","T",5,7,26,0,0,0,6,6,25,"wilsj105","","wilsj105",0,0,0,0,0,0,0,0,0,0,0,0,0,"ringj101","F","F","F","F",0,0,0,0,0,0,0,0,0,0,F,F,"1924NY1.EVN.regular.event.csv",2092
"NY1192407041","PHI",4,0,0,0,0,"",0,3,"harpg101","?","harpg101","?","barnv101","?","barnv101","?","snydf101","kellg101","lindf101","grohh101","jackt101","meusi101","wilsh102","younr101","","","","E6/G","T","F",9,2,18,"T","T",0,"F","F",0,"F","F",0,"F","F",6,"G","F","F","",1,6,"F",0,"N",0,"N",1,0,0,0,"","","","","F","F","F","F","F","F","F","F","F","","","","F","F","F","F","F","","","","",0,0,0,0,0,0,0,0,0,28,"NY1","PHI","NY1",0,"T","F",0,3,0,10,0,"T","F",0,1,"T","T","willc103","schuj101","T","T",0,0,0,0,0,0,0,0,0,"","","",0,0,0,0,0,0,0,0,0,0,0,0,0,"jackt101","F","F","F","T",0,0,0,0,0,0,0,0,0,0,F,F,"1924NY1.EVN.regular.event.csv",2093
"NY1192407041","PHI",4,0,0,0,0,"",0,3,"willc103","?","willc103","?","barnv101","?","barnv101","?","snydf101","kellg101","lindf101","grohh101","jackt101","meusi101","wilsh102","younr101","harpg101","","","W.1-2","F","F",8,3,14,"T","F",0,"F","F",0,"F","F",0,"F","F",0,"","F","F","",0,0,"N",0,"N",0,"N",1,2,0,0,"","","","","F","F","F","F","F","F","F","F","F","barnv101","","","F","F","F","F","F","","","","",0,0,0,0,0,0,0,0,0,29,"NY1","PHI","NY1",0,"F","F",0,3,0,11,1,"T","F",1,3,"T","T","schuj101","wrigr102","T","T",9,2,28,0,0,0,0,0,0,"snydf101","","",0,0,0,0,0,0,0,0,0,0,0,0,0,"","F","F","F","F",0,0,0,0,0,0,0,0,0,0,F,F,"1924NY1.EVN.regular.event.csv",2094
"NY1192407041","PHI",4,0,0,0,0,"",0,3,"schuj101","?","schuj101","?","barnv101","?","barnv101","?","snydf101","kellg101","lindf101","grohh101","jackt101","meusi101","wilsh102","younr101","willc103","harpg101","","64(1)3/GDP.2-3","F","F",7,4,2,"T","T",0,"F","F",2,"T","F",0,"F","F",6,"G","F","F","",0,0,"N",0,"N",0,"N",0,0,3,0,"43","64","","","F","F","F","F","F","F","F","F","F","barnv101","barnv101","","F","F","F","F","F","","","","",0,4,3,0,6,4,0,0,0,30,"NY1","PHI","NY1",0,"F","F",0,3,0,12,2,"T","F",3,4,"T","T","wrigr102","holkw101","T","T",8,3,29,9,2,28,0,0,0,"snydf101","snydf101","",0,0,0,0,0,0,0,0,0,0,0,0,0,"jackt101","T","F","F","F",0,0,0,0,0,0,0,0,0,0,F,F,"1924NY1.EVN.regular.event.csv",2095
"NY1192407041","PHI",4,0,2,0,0,"",0,3,"wrigr102","?","wrigr102","?","barnv101","?","barnv101","?","snydf101","kellg101","lindf101","grohh101","jackt101","meusi101","wilsh102","younr101","","","harpg101","53","F","F",5,5,2,"T","T",0,"F","F",1,"F","F",0,"F","F",5,"G","F","F","",0,0,"N",0,"N",0,"N",0,0,0,3,"53","","","","F","F","F","F","F","F","F","F","F","","","barnv101","F","F","F","F","F","","","","",0,3,0,0,5,0,0,0,0,31,"NY1","PHI","NY1",0,"F","T",0,3,0,13,3,"T","F",4,4,"T","T","holkw101","fordh101","T","T",0,0,0,0,0,0,9,2,28,"","","snydf101",0,0,0,0,0,0,0,0,0,0,0,0,0,"grohh101","F","F","F","F",0,0,0,0,0,0,0,0,0,0,F,F,"1924NY1.EVN.regular.event.csv",2096
"NY1192407041","PHI",4,1,0,0,0,"",0,3,"barnv101","?","barnv101","?","ringj101","?","ringj101","?","wilsj105","holkw101","fordh101","wrigr102","sandh101","schuj101","willc103","harpg101","","","","S","T","F",1,9,20,"T","T",1,"F","F",0,"F","F",0,"F","F",0,"","F","F","",0,0,"N",0,"N",0,"N",1,0,0,0,"","","","","F","F","F","F","F","F","F","F","F","","","","F","F","F","F","F","","","","",0,0,0,0,0,0,0,0,0,32,"NY1","NY1","PHI",1,"T","F",3,0,0,17,0,"T","F",0,1,"T","T","younr101","lindf101","T","T",0,0,0,0,0,0,0,0,0,"","","",0,0,0,0,0,0,0,0,0,0,0,0,0,"","F","F","F","F",0,0,0,0,2,0,0,0,0,0,F,F,"1924NY1.EVN.regular.event.csv",2097
"NY1192407041","PHI",4,1,0,0,0,"",0,3,"younr101","?","younr101","?","ringj101","?","ringj101","?","wilsj105","holkw101","fordh101","wrigr102","sandh101","schuj101","willc103","harpg101","barnv101","","","54(1)/FO","F","F",9,1,2,"T","T",0,"F","F",1,"F","F",0,"F","F",5,"G","F","F","",0,0,"N",0,"N",0,"N",1,0,0,0,"","54","","","F","F","F","F","F","F","F","F","F","ringj101","","","F","F","F","F","F","","","","",0,4,0,0,5,0,0,0,0,33,"NY1","NY1","PHI",1,"F","F",3,0,0,18,1,"T","F",1,1,"T","T","lindf101","wilsh102","T","T",1,9,32,0,0,0,0,0,0,"wilsj105","","",0,0,0,0,0,0,0,0,0,0,0,0,0,"wrigr102","T","F","F","F",4,0,0,0,2,0,0,0,0,0,F,F,"1924NY1.EVN.regular.event.csv",2098
"NY1192407041","PHI",4,1,1,0,0,"",0,3,"lindf101","?","lindf101","?","ringj101","?","ringj101","?","wilsj105","holkw101","fordh101","wrigr102","sandh101","schuj101","willc103","harpg101","younr101","","","D9.1-3","F","F",4,2,21,"T","T",2,"F","F",0,"F","F",0,"F","F",9,"","F","F","",0,0,"N",0,"N",0,"N",2,3,0,0,"","","","","F","F","F","F","F","F","F","F","F","ringj101","","","F","F","F","F","F","","","","",0,0,0,0,0,0,0,0,0,34,"NY1","NY1","PHI",1,"F","F",3,0,0,19,2,"T","F",1,6,"T","T","wilsh102","kellg101","T","T",9,1,33,0,0,0,0,0,0,"wilsj105","","",0,0,0,0,0,0,0,0,0,0,0,0,0,"harpg101","F","F","F","F",4,4,0,0,2,0,0,0,0,0,F,F,"1924NY1.EVN.regular.event.csv",2099
"NY1192407041","PHI",4,1,1,0,0,"",0,3,"wilsh102","?","wilsh102","?","ringj101","?","ringj101","?","wilsj105","holkw101","fordh101","wrigr102","sandh101","schuj101","willc103","harpg101","","lindf101","younr101","S8/L.3-H;2-H","F","F",8,3,20,"T","T",1,"F","F",0,"F","F",2,"F","F",8,"L","F","F","",0,0,"N",0,"N",0,"N",1,0,4,4,"","","","","F","F","F","F","F","F","F","F","F","","ringj101","ringj101","F","F","F","F","F","","","","",0,0,0,0,0,0,0,0,0,35,"NY1","NY1","PHI",1,"F","F",3,0,0,20,3,"T","F",6,1,"T","T","kellg101","meusi101","T","T",0,0,0,4,2,34,9,1,33,"","wilsj105","wilsj105",0,0,0,0,0,0,0,0,0,0,0,0,2,"willc103","F","F","F","F",0,0,4,4,0,0,0,0,0,0,F,F,"1924NY1.EVN.regular.event.csv",2100
"NY1192407041","PHI",4,1,1,0,0,"",0,5,"kellg101","?","kellg101","?","ringj101","?","ringj101","?","wilsj105","holkw101","fordh101","wrigr102","sandh101","schuj101","willc103","harpg101","wilsh102","","","9/F","F","F",3,4,2,"T","T",0,"F","F",1,"F","F",0,"F","F",9,"F","F","F","",0,0,"N",0,"N",0,"N",0,1,0,0,"9","","","","F","F","F","F","F","F","F","F","F","ringj101","","","F","F","F","F","F","","","","",0,9,0,0,0,0,0,0,0,36,"NY1","NY1","PHI",1,"F","F",5,0,2,21,4,"T","F",1,1,"T","T","meusi101","jackt101","T","T",8,3,35,0,0,0,0,0,0,"wilsj105","","",0,0,0,0,0,0,0,0,0,0,0,0,0,"harpg101","F","F","F","F",0,0,0,0,0,0,0,0,0,0,F,F,"1924NY1.EVN.regular.event.csv",2101
"NY1192407041","PHI",4,1,2,0,0,"",0,5,"meusi101","?","meusi101","?","ringj101","?","ringj101","?","wilsj105","holkw101","fordh101","wrigr102","sandh101","schuj101","willc103","harpg101","wilsh102","","","16(1)/FO","F","F",7,5,2,"T","T",0,"F","F",1,"F","F",0,"F","F",1,"G","F","F","",0,0,"N",0,"N",0,"N",1,0,0,0,"","16","","","F","F","F","F","F","F","F","F","F","ringj101","","","F","F","F","F","F","","","","",0,6,0,0,1,0,0,0,0,37,"NY1","NY1","PHI",1,"F","T",5,0,2,22,5,"T","F",1,1,"T","T","jackt101","grohh101","T","T",8,3,35,0,0,0,0,0,0,"wilsj105","","",0,0,0,0,0,0,0,0,0,0,0,0,0,"ringj101","T","F","F","F",0,0,0,0,0,0,0,0,0,0,F,F,"1924NY1.EVN.regular.event.csv",2102
"NY1192407041","PHI",5,0,0,0,0,"",0,5,"holkw101","?","holkw101","?","barnv101","?","barnv101","?","snydf101","kellg101","lindf101","grohh101","jackt101","meusi101","wilsh102","younr101","","","","W","T","F",3,6,14,"T","F",0,"F","F",0,"F","F",0,"F","F",0,"","F","F","",0,0,"N",0,"N",0,"N",1,0,0,0,"","","","","F","F","F","F","F","F","F","F","F","","","","F","F","F","F","F","","","","",0,0,0,0,0,0,0,0,0,38,"NY1","PHI","NY1",0,"T","F",0,5,0,14,0,"T","F",0,1,"T","T","fordh101","wilsj105","T","T",0,0,0,0,0,0,0,0,0,"","","",0,0,0,0,0,0,0,0,0,0,0,0,0,"","F","F","F","F",4,0,0,0,1,0,0,0,0,0,F,F,"1924NY1.EVN.regular.event.csv",2103
"NY1192407041","PHI",5,0,0,0,0,"",0,5,"fordh101","?","fordh101","?","barnv101","?","barnv101","?","snydf101","kellg101","lindf101","grohh101","jackt101","meusi101","wilsh102","younr101","holkw101","","","3/G3L.1-2","F","F",4,7,2,"T","T",0,"F","F",1,"F","F",0,"F","F",3,"G","F","F","3L",0,0,"N",0,"N",0,"N",0,2,0,0,"3","","","","F","F","F","F","F","F","F","F","F","barnv101","","","F","F","F","F","F","","","","",0,3,0,0,0,0,0,0,0,39,"NY1","PHI","NY1",0,"F","F",0,5,0,15,1,"T","F",1,2,"T","T","wilsj105","ringj101","T","T",3,6,38,0,0,0,0,0,0,"snydf101","","",0,0,0,0,0,0,0,0,0,0,0,0,0,"kellg101","F","F","F","F",0,4,0,0,1,0,0,0,0,0,F,F,"1924NY1.EVN.regular.event.csv",2104
"NY1192407041","PHI",5,0,1,0,0,"",0,5,"wilsj105","?","wilsj105","?","barnv101","?","barnv101","?","snydf101","kellg101","lindf101","grohh101","jackt101","meusi101","wilsh102","younr101","","holkw101","","63.2-3","F","F",2,8,2,"T","T",0,"F","F",1,"F","F",0,"F","F",6,"G","F","F","",0,0,"N",0,"N",0,"N",0,0,3,0,"63","","","","F","F","F","F","F","F","F","F","F","","barnv101","","F","F","F","F","F","","","","",0,3,0,0,6,0,0,0,0,40,"NY1","PHI","NY1",0,"F","F",0,5,0,16,2,"T","F",2,4,"T","T","ringj101","sandh101","T","T",0,0,0,3,6,38,0,0,0,"","snydf101","",0,0,0,0,0,0,0,0,0,0,0,0,0,"jackt101","F","F","F","F",0,0,4,0,1,0,0,0,0,0,F,F,"1924NY1.EVN.regular.event.csv",2105
"NY1192407041","PHI",5,0,2,0,0,"",0,5,"mitcc102","?","mitcc102","?","barnv101","?","barnv101","?","snydf101","kellg101","lindf101","grohh101","jackt101","meusi101","wilsh102","younr101","","","holkw101","S6/G.3-H","F","T",11,9,20,"T","T",1,"F","F",0,"F","F",1,"F","F",6,"G","F","F","",0,0,"N",0,"N",0,"N",1,0,0,4,"","","","","F","F","F","F","F","F","F","F","F","","","barnv101","F","F","F","F","F","","","","ringj101",1,0,0,0,0,0,0,0,0,41,"NY1","PHI","NY1",0,"F","F",0,5,0,17,3,"T","F",4,1,"F","F","sandh101","harpg101","T","T",0,0,0,0,0,0,3,6,38,"","","snydf101",0,0,0,0,0,0,0,0,0,0,0,0,1,"jackt101","F","F","F","F",0,0,0,4,0,0,0,0,0,0,F,F,"1924NY1.EVN.regular.event.csv",2106
"NY1192407041","PHI",5,0,2,0,0,"",1,5,"sandh101","?","sandh101","?","barnv101","?","barnv101","?","snydf101","kellg101","lindf101","grohh101","jackt101","meusi101","wilsh102","younr101","mitcc102","","","64(1)/FO","F","F",6,1,2,"T","T",0,"F","F",1,"F","F",0,"F","F",6,"G","F","F","",0,0,"N",0,"N",0,"N",1,0,0,0,"","64","","","F","F","F","F","F","F","F","F","F","barnv101","","","F","F","F","F","F","","","","",0,4,0,0,6,0,0,0,0,42,"NY1","PHI","NY1",0,"F","T",1,5,1,18,4,"T","F",1,1,"T","T","harpg101","willc103","T","T",0,9,41,0,0,0,0,0,0,"snydf101","","",0,0,0,0,0,0,0,0,0,0,0,0,0,"jackt101","T","F","F","F",1,0,0,0,0,0,0,0,0,0,F,F,"1924NY1.EVN.regular.event.csv",2107
"NY1192407041","PHI",5,1,0,0,0,"",1,5,"jackt101","?","jackt101","?","coucj101","?","coucj101","?","wilsj105","holkw101","fordh101","wrigr102","sandh101","schuj101","willc103","harpg101","","","","7/F","T","F",6,6,2,"T","T",0,"F","F",1,"F","F",0,"F","F",7,"F","F","F","",0,0,"N",0,"N",0,"N",0,0,0,0,"7","","","","F","F","F","F","F","F","F","F","F","","","","F","F","F","F","F","","","","",0,7,0,0,0,0,0,0,0,43,"NY1","NY1","PHI",1,"T","F",5,1,0,23,0,"T","F",0,0,"T","T","grohh101","snydf101","F","F",0,0,0,0,0,0,0,0,0,"","","",0,0,0,0,0,0,0,0,0,0,0,0,0,"schuj101","F","F","F","F",0,0,0,0,0,0,0,0,0,0,F,F,"1924NY1.EVN.regular.event.csv",2108
"NY1192407041","PHI",5,1,1,0,0,"",1,5,"grohh101","?","grohh101","?","coucj101","?","coucj101","?","wilsj105","holkw101","fordh101","wrigr102","sandh101","schuj101","willc103","harpg101","","","","W","F","F",5,7,14,"T","F",0,"F","F",0,"F","F",0,"F","F",0,"","F","F","",0,0,"N",0,"N",0,"N",1,0,0,0,"","","","","F","F","F","F","F","F","F","F","F","","","","F","F","F","F","F","","","","",0,0,0,0,0,0,0,0,0,44,"NY1","NY1","PHI",1,"F","F",5,1,0,24,1,"T","F",0,1,"T","T","snydf101","barnv101","F","F",0,0,0,0,0,0,0,0,0,"","","",0,0,0,0,0,0,0,0,0,0,0,0,0,"","F","F","F","F",0,0,0,0,0,0,0,0,0,0,F,F,"1924NY1.EVN.regular.event.csv",2109
"NY1192407041","PHI",5,1,1,0,0,"",1,5,"snydf101","?","snydf101","?","coucj101","?","coucj101","?","wilsj105","holkw101","fordh101","wrigr102","sandh101","schuj101","willc103","harpg101","grohh101","","","CS2(26)","F","F",2,8,6,"F","F",0,"F","F",1,"F","F",0,"F","F",0,"","F","F","",0,0,"N",0,"N",0,"N",0,0,0,0,"","26","","","F","F","F","T","F","F","F","F","F","coucj101","","","F","F","F","F","F","","","","",0,6,0,0,2,0,0,0,0,45,"NY1","NY1","PHI",1,"F","F",5,1,0,25,2,"T","F",1,0,"T","T","barnv101","younr101","F","F",5,7,44,0,0,0,0,0,0,"wilsj105","","",0,0,0,0,0,0,0,0,0,0,0,0,0,"","F","F","F","F",0,0,0,0,0,0,0,0,0,0,F,F,"1924NY1.EVN.regular.event.csv",2110
"NY1192407041","PHI",5,1,2,0,0,"",1,5,"snydf101","?","snydf101","?","coucj101","?","coucj101","?","wilsj105","holkw101","fordh101","wrigr102","sandh101","schuj101","willc103","harpg101","","","","D","F","F",2,8,21,"T","T",2,"F","F",0,"F","F",0,"F","F",0,"","F","F","",0,0,"N",0,"N",0,"N",2,0,0,0,"","","","","F","F","F","F","F","F","F","F","F","","","","F","F","F","F","F","","","","",0,0,0,0,0,0,0,0,0,46,"NY1","NY1","PHI",1,"F","F",5,1,0,25,2,"F","F",0,2,"T","T","barnv101","younr101","F","F",0,0,0,0,0,0,0,0,0,"","","",0,0,0,0,0,0,0,0,0,0,0,0,0,"","F","F","F","F",0,0,0,0,0,0,0,0,0,0,F,F,"1924NY1.EVN.regular.event.csv",2111
"NY1192407041","PHI",5,1,2,0,0,"",1,5,"barnv101","?","barnv101","?","coucj101","?","coucj101","?","wilsj105","holkw101","fordh101","wrigr102","sandh101","schuj101","willc103","harpg101","","snydf101","","K","F","F",1,9,3,"T","T",0,"F","F",1,"F","F",0,"F","F",0,"","F","F","",0,0,"N",0,"N",0,"N",0,0,2,0,"2","","","","F","F","F","F","F","F","F","F","F","","coucj101","","F","F","F","F","F","","","","",0,2,0,0,0,0,0,0,0,47,"NY1","NY1","PHI",1,"F","T",5,1,0,26,3,"T","F",2,2,"T","T","younr101","lindf101","F","F",0,0,0,2,8,46,0,0,0,"","wilsj105","",0,0,0,0,0,0,0,0,0,0,0,0,0,"","F","F","F","F",0,0,0,0,0,0,0,0,0,0,F,F,"1924NY1.EVN.regular.event.csv",2112
"NY1192407041","PHI",6,0,0,0,0,"",1,5,"harpg101","?","harpg101","?","barnv101","?","barnv101","?","snydf101","kellg101","lindf101","grohh101","jackt101","meusi101","wilsh102","younr101","","","","S","T","F",9,2,20,"T","T",1,"F","F",0,"F","F",0,"F","F",0,"","F","F","",0,0,"N",0,"N",0,"N",1,0,0,0,"","","","","F","F","F","F","F","F","F","F","F","","","","F","F","F","F","F","","","","",0,0,0,0,0,0,0,0,0,48,"NY1","PHI","NY1",0,"T","F",1,5,0,19,0,"T","F",0,1,"T","T","willc103","schuj101","T","T",0,0,0,0,0,0,0,0,0,"","","",0,0,0,0,0,0,0,0,0,0,0,0,0,"","F","F","F","F",0,0,0,0,0,0,0,0,0,0,F,F,"1924NY1.EVN.regular.event.csv",2113
"NY1192407041","PHI",6,0,0,0,0,"",1,5,"willc103","?","willc103","?","barnv101","?","barnv101","?","snydf101","kellg101","lindf101","grohh101","jackt101","meusi101","wilsh102","younr101","harpg101","","","W.1-2","F","F",8,3,14,"T","F",0,"F","F",0,"F","F",0,"F","F",0,"","F","F","",0,0,"N",0,"N",0,"N",1,2,0,0,"","","","","F","F","F","F","F","F","F","F","F","barnv101","","","F","F","F","F","F","","","","",0,0,0,0,0,0,0,0,0,49,"NY1","PHI","NY1",0,"F","F",1,5,0,20,1,"T","F",1,3,"T","T","schuj101","wrigr102","T","T",9,2,48,0,0,0,0,0,0,"snydf101","","",0,0,0,0,0,0,0,0,0,0,0,0,0,"","F","F","F","F",0,0,0,0,0,0,0,0,0,0,F,F,"1924NY1.EVN.regular.event.csv",2114
"NY1192407041","PHI",6,0,0,0,0,"",1,5,"schuj101","?","schuj101","?","barnv101","?","barnv101","?","snydf101","kellg101","lindf101","grohh101","jackt101","meusi101","wilsh102","younr101","willc103","harpg101","","K","F","F",7,4,3,"T","T",0,"F","F",1,"F","F",0,"F","F",0,"","F","F","",0,0,"N",0,"N",0,"N",0,1,2,0,"2","","","","F","F","F","F","F","F","F","F","F","barnv101","barnv101","","F","F","F","F","F","","","","",0,2,0,0,0,0,0,0,0,50,"NY1","PHI","NY1",0,"F","F",1,5,0,21,2,"T","F",3,3,"T","T","wrigr102","holkw101","T","T",8,3,49,9,2,48,0,0,0,"snydf101","snydf101","",0,0,0,0,0,0,0,0,0,0,0,0,0,"","F","F","F","F",0,0,0,0,0,0,0,0,0,0,F,F,"1924NY1.EVN.regular.event.csv",2115
"NY1192407041","PHI",6,0,1,0,0,"",1,5,"wrigr102","?","wrigr102","?","barnv101","?","barnv101","?","snydf101","kellg101","lindf101","grohh101","jackt101","meusi101","wilsh102","younr101","willc103","harpg101","","W.2-3;1-2","F","F",5,5,14,"T","F",0,"F","F",0,"F","F",0,"F","F",0,"","F","F","",0,0,"N",0,"N",0,"N",1,2,3,0,"","","","","F","F","F","F","F","F","F","F","F","barnv101","barnv101","","F","F","F","F","F","","","","",0,0,0,0,0,0,0,0,0,51,"NY1","PHI","NY1",0,"F","F",1,5,0,22,3,"T","F",3,7,"T","T","holkw101","fordh101","T","T",8,3,49,9,2,48,0,0,0,"snydf101","snydf101","",0,0,0,0,0,0,0,0,0,0,0,0,0,"","F","F","F","F",0,0,0,0,0,0,0,0,0,0,F,F,"1924NY1.EVN.regular.event.csv",2116
"NY1192407041","PHI",6,0,1,0,0,"",1,5,"holkw101","?","holkw101","?","barnv101","?","barnv101","?","snydf101","kellg101","lindf101","grohh101","jackt101","meusi101","wilsh102","younr101","wrigr102","willc103","harpg101","12(3)/FO.2-3;1-2","F","F",3,6,2,"T","T",0,"F","F",1,"F","F",0,"F","F",1,"G","F","F","",0,0,"N",0,"N",0,"N",1,2,3,0,"","","","12","F","F","F","F","F","F","F","F","F","barnv101","barnv101","barnv101","F","F","F","F","F","","","","",0,2,0,0,1,0,0,0,0,52,"NY1","PHI","NY1",0,"F","F",1,5,0,23,4,"T","F",7,7,"T","T","fordh101","wilsj105","T","T",5,5,51,8,3,49,9,2,48,"snydf101","snydf101","snydf101",0,0,0,0,0,0,0,0,0,0,0,0,0,"barnv101","F","F","T","F",0,0,0,0,0,0,0,0,0,0,F,F,"1924NY1.EVN.regular.event.csv",2117
"NY1192407041","PHI",6,0,2,0,0,"",1,5,"fordh101","?","fordh101","?","barnv101","?","barnv101","?","snydf101","kellg101","lindf101","grohh101","jackt101","meusi101","wilsh102","younr101","holkw101","wrigr102","willc103","K","F","F",4,7,3,"T","T",0,"F","F",1,"F","F",0,"F","F",0,"","F","F","",0,0,"N",0,"N",0,"N",0,1,2,3,"2","","","","F","F","F","F","F","F","F","F","F","barnv101","barnv101","barnv101","F","F","F","F","F","","","","",0,2,0,0,0,0,0,0,0,53,"NY1","PHI","NY1",0,"F","T",1,5,0,24,5,"T","F",7,7,"T","T","wilsj105","coucj101","T","T",3,6,52,5,5,51,8,3,49,"snydf101","snydf101","snydf101",0,0,0,0,0,0,0,0,0,0,0,0,0,"","F","F","F","F",0,0,0,0,0,0,0,0,0,0,F,F,"1924NY1.EVN.regular.event.csv",2118
"NY1192407041","PHI",6,1,0,0,0,"",1,5,"younr101","?","younr101","?","coucj101","?","coucj101","?","wilsj105","holkw101","fordh101","wrigr102","sandh101","schuj101","willc103","harpg101","","","","S","T","F",9,1,20,"T","T",1,"F","F",0,"F","F",0,"F","F",0,"","F","F","",0,0,"N",0,"N",0,"N",1,0,0,0,"","","","","F","F","F","F","F","F","F","F","F","","","","F","F","F","F","F","","","","",0,0,0,0,0,0,0,0,0,54,"NY1","NY1","PHI",1,"T","F",5,1,0,27,0,"T","F",0,1,"T","T","lindf101","wilsh102","F","F",0,0,0,0,0,0,0,0,0,"","","",0,0,0,0,0,0,0,0,0,0,0,0,0,"","F","F","F","F",4,0,0,0,2,0,0,0,0,0,F,F,"1924NY1.EVN.regular.event.csv",2119
"NY1192407041","PHI",6,1,0,0,0,"",1,5,"lindf101","?","lindf101","?","coucj101","?","coucj101","?","wilsj105","holkw101","fordh101","wrigr102","sandh101","schuj101","willc103","harpg101","younr101","","","5/FL","F","F",4,2,2,"T","T",0,"F","F",1,"F","F",0,"F","F",5,"F","F","T","",0,0,"N",0,"N",0,"N",0,1,0,0,"5","","","","F","F","F","F","F","F","F","F","F","coucj101","","","F","F","F","F","F","","","","",0,5,0,0,0,0,0,0,0,55,"NY1","NY1","PHI",1,"F","F",5,1,0,28,1,"T","F",1,1,"T","T","wilsh102","kellg101","F","F",9,1,54,0,0,0,0,0,0,"wilsj105","","",0,0,0,0,0,0,0,0,0,0,0,0,0,"wrigr102","F","F","F","F",0,4,0,0,2,0,0,0,0,0,F,F,"1924NY1.EVN.regular.event.csv",2120
"NY1192407041","PHI",6,1,1,0,0,"",1,5,"wilsh102","?","wilsh102","?","coucj101","?","coucj101","?","wilsj105","holkw101","fordh101","wrigr102","sandh101","schuj101","willc103","harpg101","younr101","","","T.1-H","F","F",8,3,22,"T","T",3,"F","F",0,"F","F",1,"F","F",0,"","F","F","",0,0,"N",0,"N",0,"N",3,4,0,0,"","","","","F","F","F","F","F","F","F","F","F","coucj101","","","F","F","F","F","F","","","","",0,0,0,0,0,0,0,0,0,56,"NY1","NY1","PHI",1,"F","F",5,1,0,29,2,"T","F",1,4,"T","T","kellg101","meusi101","F","F",9,1,54,0,0,0,0,0,0,"wilsj105","","",0,0,0,0,0,0,0,0,0,0,0,0,1,"","F","F","F","F",4,4,0,0,1,0,0,0,0,0,F,F,"1924NY1.EVN.regular.event.csv",2121
"NY1192407041","PHI",6,1,1,0,0,"",1,6,"kellg101","?","kellg101","?","coucj101","?","coucj101","?","wilsj105","holkw101","fordh101","wrigr102","sandh101","schuj101","willc103","harpg101","","","wilsh102","8/SF.3-H","F","F",3,4,2,"T","F",0,"F","T",1,"F","F",1,"F","F",8,"F","F","F","",0,0,"N",0,"N",0,"N",0,0,0,4,"8","","","","F","F","F","F","F","F","F","F","F","","","coucj101","F","F","F","F","F","","","","",0,8,0,0,0,0,0,0,0,57,"NY1","NY1","PHI",1,"F","F",6,1,1,30,3,"T","F",4,0,"T","T","meusi101","jackt101","F","F",0,0,0,0,0,0,8,3,56,"","","wilsj105",0,0,0,0,0,0,0,0,0,0,0,0,1,"willc103","F","F","F","F",0,0,0,4,0,0,0,0,0,0,F,F,"1924NY1.EVN.regular.event.csv",2122
"NY1192407041","PHI",6,1,2,0,0,"",1,7,"meusi101","?","meusi101","?","coucj101","?","coucj101","?","wilsj105","holkw101","fordh101","wrigr102","sandh101","schuj101","willc103","harpg101","","","","K","F","F",7,5,3,"T","T",0,"F","F",1,"F","F",0,"F","F",0,"","F","F","",0,0,"N",0,"N",0,"N",0,0,0,0,"2","","","","F","F","F","F","F","F","F","F","F","","","","F","F","F","F","F","","","","",0,2,0,0,0,0,0,0,0,58,"NY1","NY1","PHI",1,"F","T",7,1,2,31,4,"T","F",0,0,"T","T","jackt101","grohh101","F","F",0,0,0,0,0,0,0,0,0,"","","",0,0,0,0,0,0,0,0,0,0,0,0,0,"","F","F","F","F",0,0,0,0,0,0,0,0,0,0,F,F,"1924NY1.EVN.regular.event.csv",2123
"NY1192407041","PHI",7,0,0,0,0,"",1,7,"wilsj105","?","wilsj105","?","barnv101","?","barnv101","?","snydf101","kellg101","lindf101","grohh101","jackt101","meusi101","wilsh102","younr101","","","","8/F","T","F",2,8,2,"T","T",0,"F","F",1,"F","F",0,"F","F",8,"F","F","F","",0,0,"N",0,"N",0,"N",0,0,0,0,"8","","","","F","F","F","F","F","F","F","F","F","","","","F","F","F","F","F","","","","",0,8,0,0,0,0,0,0,0,59,"NY1","PHI","NY1",0,"T","F",1,7,0,25,0,"T","F",0,0,"T","T","coucj101","sandh101","T","T",0,0,0,0,0,0,0,0,0,"","","",0,0,0,0,0,0,0,0,0,0,0,0,0,"wilsh102","F","F","F","F",0,0,0,0,1,0,0,0,0,0,F,F,"1924NY1.EVN.regular.event.csv",2124
"NY1192407041","PHI",7,0,1,0,0,"",1,7,"coucj101","?","coucj101","?","barnv101","?","barnv101","?","snydf101","kellg101","lindf101","grohh101","jackt101","meusi101","wilsh102","younr101","","","","7/F","F","F",1,9,2,"T","T",0,"F","F",1,"F","F",0,"F","F",7,"F","F","F","",0,0,"N",0,"N",0,"N",0,0,0,0,"7","","","","F","F","F","F","F","F","F","F","F","","","","F","F","F","F","F","","","","",0,7,0,0,0,0,0,0,0,60,"NY1","PHI","NY1",0,"F","F",1,7,0,26,1,"T","F",0,0,"F","F","sandh101","harpg101","T","T",0,0,0,0,0,0,0,0,0,"","","",0,0,0,0,0,0,0,0,0,0,0,0,0,"meusi101","F","F","F","F",0,0,0,0,1,0,0,0,0,0,F,F,"1924NY1.EVN.regular.event.csv",2125
"NY1192407041","PHI",7,0,2,0,0,"",1,7,"sandh101","?","sandh101","?","barnv101","?","barnv101","?","snydf101","kellg101","lindf101","grohh101","jackt101","meusi101","wilsh102","younr101","","","","S","F","F",6,1,20,"T","T",1,"F","F",0,"F","F",0,"F","F",0,"","F","F","",0,0,"N",0,"N",0,"N",1,0,0,0,"","","","","F","F","F","F","F","F","F","F","F","","","","F","F","F","F","F","","","","",0,0,0,0,0,0,0,0,0,61,"NY1","PHI","NY1",0,"F","F",1,7,0,27,2,"T","F",0,1,"T","T","harpg101","willc103","T","T",0,0,0,0,0,0,0,0,0,"","","",0,0,0,0,0,0,0,0,0,0,0,0,0,"","F","F","F","F",4,0,0,0,1,0,0,0,0,0,F,F,"1924NY1.EVN.regular.event.csv",2126
"NY1192407041","PHI",7,0,2,0,0,"",1,7,"harpg101","?","harpg101","?","barnv101","?","barnv101","?","snydf101","kellg101","lindf101","grohh101","jackt101","meusi101","wilsh102","younr101","sandh101","","","SB2","F","F",9,2,4,"F","F",0,"F","F",0,"F","F",0,"F","F",0,"","F","F","",0,0,"N",0,"N",0,"N",0,2,0,0,"","","","","T","F","F","F","F","F","F","F","F","barnv101","","","F","F","F","F","F","","","","",0,0,0,0,0,0,0,0,0,62,"NY1","PHI","NY1",0,"F","F",1,7,0,28,3,"T","F",1,2,"T","T","willc103","schuj101","T","T",6,1,61,0,0,0,0,0,0,"snydf101","","",0,0,0,0,0,0,0,0,0,0,0,0,0,"","F","F","F","F",0,4,0,0,1,0,0,0,0,0,F,F,"1924NY1.EVN.regular.event.csv",2127
"NY1192407041","PHI",7,0,2,0,0,"",1,7,"harpg101","?","harpg101","?","barnv101","?","barnv101","?","snydf101","kellg101","lindf101","grohh101","jackt101","meusi101","wilsh102","younr101","","sandh101","","S9.2-H","F","F",9,2,20,"T","T",1,"F","F",0,"F","F",1,"F","F",9,"","F","F","",0,0,"N",0,"N",0,"N",1,0,4,0,"","","","","F","F","F","F","F","F","F","F","F","","barnv101","","F","F","F","F","F","","","","",0,0,0,0,0,0,0,0,0,63,"NY1","PHI","NY1",0,"F","F",1,7,0,28,3,"F","F",2,1,"T","T","willc103","schuj101","T","T",0,0,0,6,1,61,0,0,0,"","snydf101","",0,0,0,0,0,0,0,0,0,0,0,0,1,"younr101","F","F","F","F",0,0,4,0,0,0,0,0,0,0,F,F,"1924NY1.EVN.regular.event.csv",2128
"NY1192407041","PHI",7,0,2,0,0,"",2,7,"willc103","?","willc103","?","barnv101","?","barnv101","?","snydf101","kellg101","lindf101","grohh101","jackt101","meusi101","wilsh102","younr101","harpg101","","","6/L","F","F",8,3,2,"T","T",0,"F","F",1,"F","F",0,"F","F",6,"L","F","F","",0,0,"N",0,"N",0,"N",0,1,0,0,"6","","","","F","F","F","F","F","F","F","F","F","barnv101","","","F","F","F","F","F","","","","",0,6,0,0,0,0,0,0,0,64,"NY1","PHI","NY1",0,"F","T",2,7,1,29,4,"T","F",1,1,"T","T","schuj101","wrigr102","T","T",9,2,63,0,0,0,0,0,0,"snydf101","","",0,0,0,0,0,0,0,0,0,0,0,0,0,"jackt101","F","F","F","F",0,0,0,0,0,0,0,0,0,0,F,F,"1924NY1.EVN.regular.event.csv",2129
"NY1192407041","PHI",7,1,0,0,0,"",2,7,"jackt101","?","jackt101","?","coucj101","?","coucj101","?","wilsj105","holkw101","fordh101","wrigr102","sandh101","schuj101","willc103","harpg101","","","","63","T","F",6,6,2,"T","T",0,"F","F",1,"F","F",0,"F","F",6,"G","F","F","",0,0,"N",0,"N",0,"N",0,0,0,0,"63","","","","F","F","F","F","F","F","F","F","F","","","","F","F","F","F","F","","","","",0,3,0,0,6,0,0,0,0,65,"NY1","NY1","PHI",1,"T","F",7,2,0,32,0,"T","F",0,0,"T","T","grohh101","snydf101","F","F",0,0,0,0,0,0,0,0,0,"","","",0,0,0,0,0,0,0,0,0,0,0,0,0,"sandh101","F","F","F","F",0,0,0,0,0,0,0,0,0,0,F,F,"1924NY1.EVN.regular.event.csv",2130
"NY1192407041","PHI",7,1,1,0,0,"",2,7,"grohh101","?","grohh101","?","coucj101","?","coucj101","?","wilsj105","holkw101","fordh101","wrigr102","sandh101","schuj101","willc103","harpg101","","","","63","F","F",5,7,2,"T","T",0,"F","F",1,"F","F",0,"F","F",6,"G","F","F","",0,0,"N",0,"N",0,"N",0,0,0,0,"63","","","","F","F","F","F","F","F","F","F","F","","","","F","F","F","F","F","","","","",0,3,0,0,6,0,0,0,0,66,"NY1","NY1","PHI",1,"F","F",7,2,0,33,1,"T","F",0,0,"T","T","snydf101","barnv101","F","F",0,0,0,0,0,0,0,0,0,"","","",0,0,0,0,0,0,0,0,0,0,0,0,0,"sandh101","F","F","F","F",0,0,0,0,0,0,0,0,0,0,F,F,"1924NY1.EVN.regular.event.csv",2131
"NY1192407041","PHI",7,1,2,0,0,"",2,7,"snydf101","?","snydf101","?","coucj101","?","coucj101","?","wilsj105","holkw101","fordh101","wrigr102","sandh101","schuj101","willc103","harpg101","","","","3/P","F","F",2,8,2,"T","T",0,"F","F",1,"F","F",0,"F","F",3,"P","F","F","",0,0,"N",0,"N",0,"N",0,0,0,0,"3","","","","F","F","F","F","F","F","F","F","F","","","","F","F","F","F","F","","","","",0,3,0,0,0,0,0,0,0,67,"NY1","NY1","PHI",1,"F","T",7,2,0,34,2,"T","F",0,0,"T","T","barnv101","younr101","F","F",0,0,0,0,0,0,0,0,0,"","","",0,0,0,0,0,0,0,0,0,0,0,0,0,"holkw101","F","F","F","F",0,0,0,0,0,0,0,0,0,0,F,F,"1924NY1.EVN.regular.event.csv",2132
"NY1192407041","PHI",8,0,0,0,0,"",2,7,"schuj101","?","schuj101","?","barnv101","?","barnv101","?","snydf101","kellg101","lindf101","grohh101","jackt101","meusi101","wilsh102","younr101","","","","43","T","F",7,4,2,"T","T",0,"F","F",1,"F","F",0,"F","F",4,"G","F","F","",0,0,"N",0,"N",0,"N",0,0,0,0,"43","","","","F","F","F","F","F","F","F","F","F","","","","F","F","F","F","F","","","","",0,3,0,0,4,0,0,0,0,68,"NY1","PHI","NY1",0,"T","F",2,7,0,30,0,"T","F",0,0,"T","T","wrigr102","holkw101","T","T",0,0,0,0,0,0,0,0,0,"","","",0,0,0,0,0,0,0,0,0,0,0,0,0,"lindf101","F","F","F","F",0,0,0,0,0,0,0,0,0,0,F,F,"1924NY1.EVN.regular.event.csv",2133
"NY1192407041","PHI",8,0,1,0,0,"",2,7,"wrigr102","?","wrigr102","?","barnv101","?","barnv101","?","snydf101","kellg101","lindf101","grohh101","jackt101","meusi101","wilsh102","younr101","","","","S","F","F",5,5,20,"T","T",1,"F","F",0,"F","F",0,"F","F",0,"","F","F","",0,0,"N",0,"N",0,"N",1,0,0,0,"","","","","F","F","F","F","F","F","F","F","F","","","","F","F","F","F","F","","","","",0,0,0,0,0,0,0,0,0,69,"NY1","PHI","NY1",0,"F","F",2,7,0,31,1,"T","F",0,1,"T","T","holkw101","fordh101","T","T",0,0,0,0,0,0,0,0,0,"","","",0,0,0,0,0,0,0,0,0,0,0,0,0,"","F","F","F","F",0,0,0,0,0,0,0,0,0,0,F,F,"1924NY1.EVN.regular.event.csv",2134
"NY1192407041","PHI",8,0,1,0,0,"",2,7,"holkw101","?","holkw101","?","barnv101","?","barnv101","?","snydf101","kellg101","lindf101","grohh101","jackt101","meusi101","wilsh102","younr101","wrigr102","","","K","F","F",3,6,3,"T","T",0,"F","F",1,"F","F",0,"F","F",0,"","F","F","",0,0,"N",0,"N",0,"N",0,1,0,0,"2","","","","F","F","F","F","F","F","F","F","F","barnv101","","","F","F","F","F","F","","","","",0,2,0,0,0,0,0,0,0,70,"NY1","PHI","NY1",0,"F","F",2,7,0,32,2,"T","F",1,1,"T","T","fordh101","wilsj105","T","T",5,5,69,0,0,0,0,0,0,"snydf101","","",0,0,0,0,0,0,0,0,0,0,0,0,0,"","F","F","F","F",0,0,0,0,0,0,0,0,0,0,F,F,"1924NY1.EVN.regular.event.csv",2135
"NY1192407041","PHI",8,0,2,0,0,"",2,7,"fordh101","?","fordh101","?","barnv101","?","barnv101","?","snydf101","kellg101","lindf101","grohh101","jackt101","meusi101","wilsh102","younr101","wrigr102","","","5/P","F","F",4,7,2,"T","T",0,"F","F",1,"F","F",0,"F","F",5,"P","F","F","",0,0,"N",0,"N",0,"N",0,1,0,0,"5","","","","F","F","F","F","F","F","F","F","F","barnv101","","","F","F","F","F","F","","","","",0,5,0,0,0,0,0,0,0,71,"NY1","PHI","NY1",0,"F","T",2,7,0,33,3,"T","F",1,1,"T","T","wilsj105","coucj101","T","T",5,5,69,0,0,0,0,0,0,"snydf101","","",0,0,0,0,0,0,0,0,0,0,0,0,0,"grohh101","F","F","F","F",0,0,0,0,0,0,0,0,0,0,F,F,"1924NY1.EVN.regular.event.csv",2136
"NY1192407041","PHI",8,1,0,0,0,"",2,7,"barnv101","?","barnv101","?","coucj101","?","coucj101","?","wilsj105","holkw101","fordh101","wrigr102","sandh101","schuj101","willc103","harpg101","","","","53","T","F",1,9,2,"T","T",0,"F","F",1,"F","F",0,"F","F",5,"G","F","F","",0,0,"N",0,"N",0,"N",0,0,0,0,"53","","","","F","F","F","F","F","F","F","F","F","","","","F","F","F","F","F","","","","",0,3,0,0,5,0,0,0,0,72,"NY1","NY1","PHI",1,"T","F",7,2,0,35,0,"T","F",0,0,"T","T","younr101","lindf101","F","F",0,0,0,0,0,0,0,0,0,"","","",0,0,0,0,0,0,0,0,0,0,0,0,0,"wrigr102","F","F","F","F",0,0,0,0,1,0,0,0,0,0,F,F,"1924NY1.EVN.regular.event.csv",2137
"NY1192407041","PHI",8,1,1,0,0,"",2,7,"younr101","?","younr101","?","coucj101","?","coucj101","?","wilsj105","holkw101","fordh101","wrigr102","sandh101","schuj101","willc103","harpg101","","","","HR/F9D","F","F",9,1,23,"T","T",4,"F","F",0,"F","F",1,"F","F",0,"F","F","F","9D",0,0,"N",0,"N",0,"N",4,0,0,0,"","","","","F","F","F","F","F","F","F","F","F","","","","F","F","F","F","F","","","","",0,0,0,0,0,0,0,0,0,73,"NY1","NY1","PHI",1,"F","F",7,2,0,36,1,"T","F",0,0,"T","T","lindf101","wilsh102","F","F",0,0,0,0,0,0,0,0,0,"","","",0,0,0,0,0,0,0,0,0,0,0,0,1,"","F","F","F","F",4,0,0,0,0,0,0,0,0,0,F,F,"1924NY1.EVN.regular.event.csv",2138
"NY1192407041","PHI",8,1,1,0,0,"",2,8,"lindf101","?","lindf101","?","coucj101","?","coucj101","?","wilsj105","holkw101","fordh101","wrigr102","sandh101","schuj101","willc103","harpg101","","","","6/L","F","F",4,2,2,"T","T",0,"F","F",1,"F","F",0,"F","F",6,"L","F","F","",0,0,"N",0,"N",0,"N",0,0,0,0,"6","","","","F","F","F","F","F","F","F","F","F","","","","F","F","F","F","F","","","","",0,6,0,0,0,0,0,0,0,74,"NY1","NY1","PHI",1,"F","F",8,2,1,37,2,"T","F",0,0,"T","T","wilsh102","kellg101","F","F",0,0,0,0,0,0,0,0,0,"","","",0,0,0,0,0,0,0,0,0,0,0,0,0,"sandh101","F","F","F","F",0,0,0,0,0,0,0,0,0,0,F,F,"1924NY1.EVN.regular.event.csv",2139
"NY1192407041","PHI",8,1,2,0,0,"",2,8,"wilsh102","?","wilsh102","?","coucj101","?","coucj101","?","wilsj105","holkw101","fordh101","wrigr102","sandh101","schuj101","willc103","harpg101","","","","K","F","F",8,3,3,"T","T",0,"F","F",1,"F","F",0,"F","F",0,"","F","F","",0,0,"N",0,"N",0,"N",0,0,0,0,"2","","","","F","F","F","F","F","F","F","F","F","","","","F","F","F","F","F","","","","",0,2,0,0,0,0,0,0,0,75,"NY1","NY1","PHI",1,"F","T",8,2,1,38,3,"T","F",0,0,"T","T","kellg101","meusi101","F","F",0,0,0,0,0,0,0,0,0,"","","",0,0,0,0,0,0,0,0,0,0,0,0,0,"","F","F","F","F",0,0,0,0,0,0,0,0,0,0,F,F,"1924NY1.EVN.regular.event.csv",2140
"NY1192407041","PHI",9,0,0,0,0,"",2,8,"wilsj105","?","wilsj105","?","barnv101","?","barnv101","?","snydf101","kellg101","lindf101","grohh101","jackt101","meusi101","wilsh102","younr101","","","","63","T","F",2,8,2,"T","T",0,"F","F",1,"F","F",0,"F","F",6,"G","F","F","",0,0,"N",0,"N",0,"N",0,0,0,0,"63","","","","F","F","F","F","F","F","F","F","F","","","","F","F","F","F","F","","","","",0,3,0,0,6,0,0,0,0,76,"NY1","PHI","NY1",0,"T","F",2,8,0,34,0,"T","F",0,0,"T","T","coucj101","sandh101","T","T",0,0,0,0,0,0,0,0,0,"","","",0,0,0,0,0,0,0,0,0,0,0,0,0,"jackt101","F","F","F","F",0,0,0,0,0,0,0,0,0,0,F,F,"1924NY1.EVN.regular.event.csv",2141
"NY1192407041","PHI",9,0,1,0,0,"",2,8,"henlb101","?","henlb101","?","barnv101","?","barnv101","?","snydf101","kellg101","lindf101","grohh101","jackt101","meusi101","wilsh102","younr101","","","","8/F","F","T",11,9,2,"T","T",0,"F","F",1,"F","F",0,"F","F",8,"F","F","F","",0,0,"N",0,"N",0,"N",0,0,0,0,"8","","","","F","F","F","F","F","F","F","F","F","","","","F","F","F","F","F","","","","coucj101",1,8,0,0,0,0,0,0,0,77,"NY1","PHI","NY1",0,"F","F",2,8,0,35,1,"T","F",0,0,"F","F","sandh101","harpg101","T","T",0,0,0,0,0,0,0,0,0,"","","",0,0,0,0,0,0,0,0,0,0,0,0,0,"wilsh102","F","F","F","F",0,0,0,0,0,0,0,0,0,0,F,F,"1924NY1.EVN.regular.event.csv",2142
"NY1192407041","PHI",9,0,2,0,0,"",2,8,"sandh101","?","sandh101","?","barnv101","?","barnv101","?","snydf101","kellg101","lindf101","grohh101","jackt101","meusi101","wilsh102","younr101","","","","53","F","F",6,1,2,"T","T",0,"F","F",1,"F","F",0,"F","F",5,"G","F","F","",0,0,"N",0,"N",0,"N",0,0,0,0,"53","","","","F","F","F","F","F","F","F","F","F","","","","F","T","F","F","F","","","","",0,3,0,0,5,0,0,0,0,78,"NY1","PHI","NY1",0,"F","T",2,8,0,36,2,"T","F",0,0,"T","T","harpg101","willc103","T","T",0,0,0,0,0,0,0,0,0,"","","",0,0,0,0,0,0,0,0,0,0,0,0,0,"grohh101","F","F","F","F",0,0,0,0,0,0,0,0,0,0,F,F,"1924NY1.EVN.regular.event.csv",2143
"NY1192407042","PHI",1,0,0,0,0,"",0,0,"sandh101","?","sandh101","?","deanw101","?","deanw101","?","gowdh101","kellg101","lindf101","grohh101","jackt101","meusi101","wilsh102","younr101","","","","W","T","F",6,1,14,"T","F",0,"F","F",0,"F","F",0,"F","F",0,"","F","F","",0,0,"N",0,"N",0,"N",1,0,0,0,"","","","","F","F","F","F","F","F","F","F","F","","","","T","F","F","F","F","","","","",0,0,0,0,0,0,0,0,0,1,"NY1","PHI","NY1",0,"T","F",0,0,0,0,0,"T","F",0,1,"T","T","harpg101","willc103","T","T",0,0,0,0,0,0,0,0,0,"","","",0,0,0,0,0,0,0,0,0,0,0,0,0,"","F","F","F","F",4,0,0,0,2,0,0,0,0,0,F,F,"1924NY1.EVN.regular.event.csv",2144
"NY1192407042","PHI",1,0,0,0,0,"",0,0,"harpg101","?","harpg101","?","deanw101","?","deanw101","?","gowdh101","kellg101","lindf101","grohh101","jackt101","meusi101","wilsh102","younr101","sandh101","","","S6/G.1-2","F","F",9,2,20,"T","T",1,"F","F",0,"F","F",0,"F","F",6,"G","F","F","",0,0,"N",0,"N",0,"N",1,2,0,0,"","","","","F","F","F","F","F","F","F","F","F","deanw101","","","F","F","F","F","F","","","","",0,0,0,0,0,0,0,0,0,2,"NY1","PHI","NY1",0,"F","F",0,0,0,1,1,"T","F",1,3,"T","T","willc103","schuj101","T","T",6,1,1,0,0,0,0,0,0,"gowdh101","","",0,0,0,0,0,0,0,0,0,0,0,0,0,"jackt101","F","F","F","F",4,4,0,0,2,0,0,0,0,0,F,F,"1924NY1.EVN.regular.event.csv",2145
"NY1192407042","PHI",1,0,0,0,0,"",0,0,"willc103","?","willc103","?","deanw101","?","deanw101","?","gowdh101","kellg101","lindf101","grohh101","jackt101","meusi101","wilsh102","younr101","harpg101","sandh101","","43.2-3;1-2","F","F",8,3,2,"T","T",0,"F","F",1,"F","F",0,"F","F",4,"G","F","F","",0,0,"N",0,"N",0,"N",0,2,3,0,"43","","","","F","F","F","F","F","F","F","F","F","deanw101","deanw101","","F","F","F","F","F","","","","",0,3,0,0,4,0,0,0,0,3,"NY1","PHI","NY1",0,"F","F",0,0,0,2,2,"T","F",3,6,"T","T","schuj101","wrigr102","T","T",9,2,2,6,1,1,0,0,0,"gowdh101","gowdh101","",0,0,0,0,0,0,0,0,0,0,0,0,0,"lindf101","F","F","F","F",0,4,4,0,2,0,0,0,0,0,F,F,"1924NY1.EVN.regular.event.csv",2146
"NY1192407042","PHI",1,0,1,0,0,"",0,0,"schuj101","?","schuj101","?","deanw101","?","deanw101","?","gowdh101","kellg101","lindf101","grohh101","jackt101","meusi101","wilsh102","younr101","","harpg101","sandh101","W","F","F",7,4,14,"T","F",0,"F","F",0,"F","F",0,"F","F",0,"","F","F","",0,0,"N",0,"N",0,"N",1,0,2,3,"","","","","F","F","F","F","F","F","F","F","F","","deanw101","deanw101","F","F","F","F","F","","","","",0,0,0,0,0,0,0,0,0,4,"NY1","PHI","NY1",0,"F","F",0,0,0,3,3,"T","F",6,7,"T","T","wrigr102","holkw101","T","T",0,0,0,9,2,2,6,1,1,"","gowdh101","gowdh101",0,0,0,0,0,0,0,0,0,0,0,0,0,"","F","F","F","F",0,0,4,4,2,0,0,0,0,0,F,F,"1924NY1.EVN.regular.event.csv",2147
"NY1192407042","PHI",1,0,1,0,0,"",0,0,"wrigr102","?","wrigr102","?","deanw101","?","deanw101","?","gowdh101","kellg101","lindf101","grohh101","jackt101","meusi101","wilsh102","younr101","schuj101","harpg101","sandh101","S7.3-H;2-H;1-3","F","F",5,5,20,"T","T",1,"F","F",0,"F","F",2,"F","F",7,"","F","F","",0,0,"N",0,"N",0,"N",1,3,4,4,"","","","","F","F","F","F","F","F","F","F","F","deanw101","deanw101","deanw101","F","F","F","F","F","","","","",0,0,0,0,0,0,0,0,0,5,"NY1","PHI","NY1",0,"F","F",0,0,0,4,4,"T","F",7,5,"T","T","holkw101","fordh101","T","T",7,4,4,9,2,2,6,1,1,"gowdh101","gowdh101","gowdh101",0,0,0,0,0,0,0,0,0,0,0,0,2,"meusi101","F","F","F","F",0,0,4,4,0,0,0,0,0,0,F,F,"1924NY1.EVN.regular.event.csv",2148
"NY1192407042","PHI",1,0,1,0,0,"",2,0,"holkw101","?","holkw101","?","deanw101","?","deanw101","?","gowdh101","kellg101","lindf101","grohh101","jackt101","meusi101","wilsh102","younr101","wrigr102","","schuj101","46(1)3/GDP","F","F",3,6,2,"T","T",0,"F","F",2,"T","F",0,"F","F",4,"G","F","F","",0,0,"N",0,"N",0,"N",0,0,0,3,"63","46","","","F","F","F","F","F","F","F","F","F","deanw101","","deanw101","F","F","F","F","F","","","","",0,6,3,0,4,6,0,0,0,6,"NY1","PHI","NY1",0,"F","T",2,0,2,5,5,"T","F",5,4,"T","T","fordh101","henlb101","T","T",5,5,5,0,0,0,7,4,4,"gowdh101","","gowdh101",0,0,0,0,0,0,0,0,0,0,0,0,0,"lindf101","T","F","F","F",0,0,0,0,0,0,0,0,0,0,F,F,"1924NY1.EVN.regular.event.csv",2149
"NY1192407042","PHI",1,1,0,0,0,"",2,0,"younr101","?","younr101","?","mitcc102","?","mitcc102","?","henlb101","holkw101","fordh101","wrigr102","sandh101","schuj101","willc103","harpg101","","","","D/89","T","F",9,1,21,"T","T",2,"F","F",0,"F","F",0,"F","F",0,"","F","F","89",0,0,"N",0,"N",0,"N",2,0,0,0,"","","","","F","F","F","F","F","F","F","F","F","","","","F","F","F","F","F","","","","",0,0,0,0,0,0,0,0,0,7,"NY1","NY1","PHI",1,"T","F",0,2,0,0,0,"T","F",0,2,"T","T","lindf101","wilsh102","T","T",0,0,0,0,0,0,0,0,0,"","","",0,0,0,0,0,0,0,0,0,0,0,0,0,"","F","F","F","F",4,0,0,0,1,0,0,0,0,0,F,F,"1924NY1.EVN.regular.event.csv",2150
"NY1192407042","PHI",1,1,0,0,0,"",2,0,"lindf101","?","lindf101","?","mitcc102","?","mitcc102","?","henlb101","holkw101","fordh101","wrigr102","sandh101","schuj101","willc103","harpg101","","younr101","","63.2-3","F","F",4,2,2,"T","T",0,"F","F",1,"F","F",0,"F","F",6,"G","F","F","",0,0,"N",0,"N",0,"N",0,0,3,0,"63","","","","F","F","F","F","F","F","F","F","F","","mitcc102","","F","F","F","F","F","","","","",0,3,0,0,6,0,0,0,0,8,"NY1","NY1","PHI",1,"F","F",0,2,0,1,1,"T","F",2,4,"T","T","wilsh102","kellg101","T","T",0,0,0,9,1,7,0,0,0,"","henlb101","",0,0,0,0,0,0,0,0,0,0,0,0,0,"sandh101","F","F","F","F",0,0,4,0,1,0,0,0,0,0,F,F,"1924NY1.EVN.regular.event.csv",2151
"NY1192407042","PHI",1,1,1,0,0,"",2,0,"wilsh102","?","wilsh102","?","mitcc102","?","mitcc102","?","henlb101","holkw101","fordh101","wrigr102","sandh101","schuj101","willc103","harpg101","","","younr101","K/C","F","F",8,3,3,"T","T",0,"F","F",1,"F","F",0,"F","F",0,"","F","F","",0,0,"N",0,"N",0,"N",0,0,0,3,"2","","","","F","F","F","F","F","F","F","F","F","","","mitcc102","F","F","F","F","F","","","","",0,2,0,0,0,0,0,0,0,9,"NY1","NY1","PHI",1,"F","F",0,2,0,2,2,"T","F",4,4,"T","T","kellg101","meusi101","T","T",0,0,0,0,0,0,9,1,7,"","","henlb101",0,0,0,0,0,0,0,0,0,0,0,0,0,"","F","F","F","F",0,0,0,4,1,0,0,0,0,0,F,F,"1924NY1.EVN.regular.event.csv",2152
"NY1192407042","PHI",1,1,2,0,0,"",2,0,"kellg101","?","kellg101","?","mitcc102","?","mitcc102","?","henlb101","holkw101","fordh101","wrigr102","sandh101","schuj101","willc103","harpg101","","","younr101","WP.3-H","F","F",3,4,9,"F","F",0,"F","F",0,"F","F",0,"T","F",0,"","F","F","",0,0,"N",0,"N",0,"N",0,0,0,4,"","","","","F","F","F","F","F","F","F","F","F","","","mitcc102","F","F","F","F","F","","","","",0,0,0,0,0,0,0,0,0,10,"NY1","NY1","PHI",1,"F","F",0,2,0,3,3,"T","F",4,0,"T","T","meusi101","jackt101","T","T",0,0,0,0,0,0,9,1,7,"","","henlb101",0,0,0,0,0,0,0,0,0,0,0,0,1,"","F","F","F","F",0,0,0,4,0,0,0,0,0,0,F,F,"1924NY1.EVN.regular.event.csv",2153
"NY1192407042","PHI",1,1,2,0,0,"",2,1,"kellg101","?","kellg101","?","mitcc102","?","mitcc102","?","henlb101","holkw101","fordh101","wrigr102","sandh101","schuj101","willc103","harpg101","","","","63","F","F",3,4,2,"T","T",0,"F","F",1,"F","F",0,"F","F",6,"G","F","F","",0,0,"N",0,"N",0,"N",0,0,0,0,"63","","","","F","F","F","F","F","F","F","F","F","","","","F","F","F","F","F","","","","",0,3,0,0,6,0,0,0,0,11,"NY1","NY1","PHI",1,"F","T",1,2,1,3,3,"F","F",0,0,"T","T","meusi101","jackt101","T","T",0,0,0,0,0,0,0,0,0,"","","",0,0,0,0,0,0,0,0,0,0,0,0,0,"sandh101","F","F","F","F",0,0,0,0,0,0,0,0,0,0,F,F,"1924NY1.EVN.regular.event.csv",2154
"NY1192407042","PHI",2,0,0,0,0,"",2,1,"fordh101","?","fordh101","?","deanw101","?","deanw101","?","gowdh101","kellg101","lindf101","grohh101","jackt101","meusi101","wilsh102","younr101","","","","43","T","F",4,7,2,"T","T",0,"F","F",1,"F","F",0,"F","F",4,"G","F","F","",0,0,"N",0,"N",0,"N",0,0,0,0,"43","","","","F","F","F","F","F","F","F","F","F","","","","F","F","F","F","F","","","","",0,3,0,0,4,0,0,0,0,12,"NY1","PHI","NY1",0,"T","F",2,1,0,6,0,"T","F",0,0,"T","T","henlb101","mitcc102","T","T",0,0,0,0,0,0,0,0,0,"","","",0,0,0,0,0,0,0,0,0,0,0,0,0,"lindf101","F","F","F","F",0,0,0,0,1,0,0,0,0,0,F,F,"1924NY1.EVN.regular.event.csv",2155
"NY1192407042","PHI",2,0,1,0,0,"",2,1,"henlb101","?","henlb101","?","deanw101","?","deanw101","?","gowdh101","kellg101","lindf101","grohh101","jackt101","meusi101","wilsh102","younr101","","","","HR/F7D","F","F",2,8,23,"T","T",4,"F","F",0,"F","F",1,"F","F",0,"F","F","F","7D",0,0,"N",0,"N",0,"N",4,0,0,0,"","","","","F","F","F","F","F","F","F","F","F","","","","F","F","F","F","F","","","","",0,0,0,0,0,0,0,0,0,13,"NY1","PHI","NY1",0,"F","F",2,1,0,7,1,"T","F",0,0,"T","T","mitcc102","sandh101","T","T",0,0,0,0,0,0,0,0,0,"","","",0,0,0,0,0,0,0,0,0,0,0,0,1,"","F","F","F","F",4,0,0,0,0,0,0,0,0,0,F,F,"1924NY1.EVN.regular.event.csv",2156
"NY1192407042","PHI",2,0,1,0,0,"",3,1,"mitcc102","?","mitcc102","?","deanw101","?","deanw101","?","gowdh101","kellg101","lindf101","grohh101","jackt101","meusi101","wilsh102","younr101","","","","S/89","F","F",1,9,20,"T","T",1,"F","F",0,"F","F",0,"F","F",0,"","F","F","89",0,0,"N",0,"N",0,"N",1,0,0,0,"","","","","F","F","F","F","F","F","F","F","F","","","","F","F","F","F","F","","","","",0,0,0,0,0,0,0,0,0,14,"NY1","PHI","NY1",0,"F","F",3,1,1,8,2,"T","F",0,1,"T","T","sandh101","harpg101","T","T",0,0,0,0,0,0,0,0,0,"","","",0,0,0,0,0,0,0,0,0,0,0,0,0,"","F","F","F","F",0,0,0,0,0,0,0,0,0,0,F,F,"1924NY1.EVN.regular.event.csv",2157
"NY1192407042","PHI",2,0,1,0,0,"",3,1,"sandh101","?","sandh101","?","deanw101","?","deanw101","?","gowdh101","kellg101","lindf101","grohh101","jackt101","meusi101","wilsh102","younr101","mitcc102","","","8/L89","F","F",6,1,2,"T","T",0,"F","F",1,"F","F",0,"F","F",8,"L","F","F","89",0,0,"N",0,"N",0,"N",0,1,0,0,"8","","","","F","F","F","F","F","F","F","F","F","deanw101","","","F","F","F","F","F","","","","",0,8,0,0,0,0,0,0,0,15,"NY1","PHI","NY1",0,"F","F",3,1,1,9,3,"T","F",1,1,"T","T","harpg101","willc103","T","T",1,9,14,0,0,0,0,0,0,"gowdh101","","",0,0,0,0,0,0,0,0,0,0,0,0,0,"wilsh102","F","F","F","F",0,0,0,0,0,0,0,0,0,0,F,F,"1924NY1.EVN.regular.event.csv",2158
"NY1192407042","PHI",2,0,2,0,0,"",3,1,"harpg101","?","harpg101","?","deanw101","?","deanw101","?","gowdh101","kellg101","lindf101","grohh101","jackt101","meusi101","wilsh102","younr101","mitcc102","","","43","F","F",9,2,2,"T","T",0,"F","F",1,"F","F",0,"F","F",4,"G","F","F","",0,0,"N",0,"N",0,"N",0,1,0,0,"43","","","","F","F","F","F","F","F","F","F","F","deanw101","","","F","F","F","F","F","","","","",0,3,0,0,4,0,0,0,0,16,"NY1","PHI","NY1",0,"F","T",3,1,1,10,4,"T","F",1,1,"T","T","willc103","schuj101","T","T",1,9,14,0,0,0,0,0,0,"gowdh101","","",0,0,0,0,0,0,0,0,0,0,0,0,0,"lindf101","F","F","F","F",0,0,0,0,0,0,0,0,0,0,F,F,"1924NY1.EVN.regular.event.csv",2159
"NY1192407042","PHI",2,1,0,0,0,"",3,1,"meusi101","?","meusi101","?","mitcc102","?","mitcc102","?","henlb101","holkw101","fordh101","wrigr102","sandh101","schuj101","willc103","harpg101","","","","9/F","T","F",7,5,2,"T","T",0,"F","F",1,"F","F",0,"F","F",9,"F","F","F","",0,0,"N",0,"N",0,"N",0,0,0,0,"9","","","","F","F","F","F","F","F","F","F","F","","","","F","F","F","F","F","","","","",0,9,0,0,0,0,0,0,0,17,"NY1","NY1","PHI",1,"T","F",1,3,0,4,0,"T","F",0,0,"T","T","jackt101","grohh101","T","T",0,0,0,0,0,0,0,0,0,"","","",0,0,0,0,0,0,0,0,0,0,0,0,0,"harpg101","F","F","F","F",0,0,0,0,0,0,0,0,0,0,F,F,"1924NY1.EVN.regular.event.csv",2160
"NY1192407042","PHI",2,1,1,0,0,"",3,1,"jackt101","?","jackt101","?","mitcc102","?","mitcc102","?","henlb101","holkw101","fordh101","wrigr102","sandh101","schuj101","willc103","harpg101","","","","S9","F","F",6,6,20,"T","T",1,"F","F",0,"F","F",0,"F","F",9,"","F","F","",0,0,"N",0,"N",0,"N",1,0,0,0,"","","","","F","F","F","F","F","F","F","F","F","","","","F","F","F","F","F","","","","",0,0,0,0,0,0,0,0,0,18,"NY1","NY1","PHI",1,"F","F",1,3,0,5,1,"T","F",0,1,"T","T","grohh101","gowdh101","T","T",0,0,0,0,0,0,0,0,0,"","","",0,0,0,0,0,0,0,0,0,0,0,0,0,"harpg101","F","F","F","F",0,0,0,0,0,0,0,0,0,0,F,F,"1924NY1.EVN.regular.event.csv",2161
"NY1192407042","PHI",2,1,1,0,0,"",3,1,"grohh101","?","grohh101","?","mitcc102","?","mitcc102","?","henlb101","holkw101","fordh101","wrigr102","sandh101","schuj101","willc103","harpg101","jackt101","","","S.1-2","F","F",5,7,20,"T","T",1,"F","F",0,"F","F",0,"F","F",0,"","F","F","",0,0,"N",0,"N",0,"N",1,2,0,0,"","","","","F","F","F","F","F","F","F","F","F","mitcc102","","","F","F","F","F","F","","","","",0,0,0,0,0,0,0,0,0,19,"NY1","NY1","PHI",1,"F","F",1,3,0,6,2,"T","F",1,3,"T","T","gowdh101","deanw101","T","T",6,6,18,0,0,0,0,0,0,"henlb101","","",0,0,0,0,0,0,0,0,0,0,0,0,0,"","F","F","F","F",0,0,0,0,0,0,0,0,0,0,F,F,"1924NY1.EVN.regular.event.csv",2162
"NY1192407042","PHI",2,1,1,0,0,"",3,1,"gowdh101","?","gowdh101","?","mitcc102","?","mitcc102","?","henlb101","holkw101","fordh101","wrigr102","sandh101","schuj101","willc103","harpg101","grohh101","jackt101","","46(1)3/GDP","F","F",2,8,2,"T","T",0,"F","F",2,"T","F",0,"F","F",4,"G","F","F","",0,0,"N",0,"N",0,"N",0,0,2,0,"63","46","","","F","F","F","F","F","F","F","F","F","mitcc102","mitcc102","","F","F","F","F","F","","","","",0,6,3,0,4,6,0,0,0,20,"NY1","NY1","PHI",1,"F","T",1,3,0,7,3,"T","F",3,2,"T","T","deanw101","younr101","T","T",5,7,19,6,6,18,0,0,0,"henlb101","henlb101","",0,0,0,0,0,0,0,0,0,0,0,0,0,"fordh101","T","F","F","F",0,0,0,0,0,0,0,0,0,0,F,F,"1924NY1.EVN.regular.event.csv",2163
"NY1192407042","PHI",3,0,0,0,0,"",3,1,"willc103","?","willc103","?","deanw101","?","deanw101","?","gowdh101","kellg101","lindf101","grohh101","jackt101","meusi101","wilsh102","younr101","","","","13","T","F",8,3,2,"T","T",0,"F","F",1,"F","F",0,"F","F",1,"G","F","F","",0,0,"N",0,"N",0,"N",0,0,0,0,"13","","","","F","F","F","F","F","F","F","F","F","","","","F","F","F","F","F","","","","",0,3,0,0,1,0,0,0,0,21,"NY1","PHI","NY1",0,"T","F",3,1,0,11,0,"T","F",0,0,"T","T","schuj101","wrigr102","T","T",0,0,0,0,0,0,0,0,0,"","","",0,0,0,0,0,0,0,0,0,0,0,0,0,"deanw101","F","F","F","F",0,0,0,0,0,0,0,0,0,0,F,F,"1924NY1.EVN.regular.event.csv",2164
"NY1192407042","PHI",3,0,1,0,0,"",3,1,"schuj101","?","schuj101","?","deanw101","?","deanw101","?","gowdh101","kellg101","lindf101","grohh101","jackt101","meusi101","wilsh102","younr101","","","","K/C","F","F",7,4,3,"T","T",0,"F","F",1,"F","F",0,"F","F",0,"","F","F","",0,0,"N",0,"N",0,"N",0,0,0,0,"2","","","","F","F","F","F","F","F","F","F","F","","","","F","F","F","F","F","","","","",0,2,0,0,0,0,0,0,0,22,"NY1","PHI","NY1",0,"F","F",3,1,0,12,1,"T","F",0,0,"T","T","wrigr102","holkw101","T","T",0,0,0,0,0,0,0,0,0,"","","",0,0,0,0,0,0,0,0,0,0,0,0,0,"","F","F","F","F",0,0,0,0,0,0,0,0,0,0,F,F,"1924NY1.EVN.regular.event.csv",2165
"NY1192407042","PHI",3,0,2,0,0,"",3,1,"wrigr102","?","wrigr102","?","deanw101","?","deanw101","?","gowdh101","kellg101","lindf101","grohh101","jackt101","meusi101","wilsh102","younr101","","","","S9","F","F",5,5,20,"T","T",1,"F","F",0,"F","F",0,"F","F",9,"","F","F","",0,0,"N",0,"N",0,"N",1,0,0,0,"","","","","F","F","F","F","F","F","F","F","F","","","","F","F","F","F","F","","","","",0,0,0,0,0,0,0,0,0,23,"NY1","PHI","NY1",0,"F","F",3,1,0,13,2,"T","F",0,1,"T","T","holkw101","fordh101","T","T",0,0,0,0,0,0,0,0,0,"","","",0,0,0,0,0,0,0,0,0,0,0,0,0,"younr101","F","F","F","F",0,0,0,0,0,0,0,0,0,0,F,F,"1924NY1.EVN.regular.event.csv",2166
"NY1192407042","PHI",3,0,2,0,0,"",3,1,"holkw101","?","holkw101","?","deanw101","?","deanw101","?","gowdh101","kellg101","lindf101","grohh101","jackt101","meusi101","wilsh102","younr101","wrigr102","","","13","F","F",3,6,2,"T","T",0,"F","F",1,"F","F",0,"F","F",1,"G","F","F","",0,0,"N",0,"N",0,"N",0,1,0,0,"13","","","","F","F","F","F","F","F","F","F","F","deanw101","","","F","F","F","F","F","","","","",0,3,0,0,1,0,0,0,0,24,"NY1","PHI","NY1",0,"F","T",3,1,0,14,3,"T","F",1,1,"T","T","fordh101","henlb101","T","T",5,5,23,0,0,0,0,0,0,"gowdh101","","",0,0,0,0,0,0,0,0,0,0,0,0,0,"deanw101","F","F","F","F",0,0,0,0,0,0,0,0,0,0,F,F,"1924NY1.EVN.regular.event.csv",2167
"NY1192407042","PHI",3,1,0,0,0,"",3,1,"deanw101","?","deanw101","?","mitcc102","?","mitcc102","?","henlb101","holkw101","fordh101","wrigr102","sandh101","schuj101","willc103","harpg101","","","","63","T","F",1,9,2,"T","T",0,"F","F",1,"F","F",0,"F","F",6,"G","F","F","",0,0,"N",0,"N",0,"N",0,0,0,0,"63","","","","F","F","F","F","F","F","F","F","F","","","","F","F","F","F","F","","","","",0,3,0,0,6,0,0,0,0,25,"NY1","NY1","PHI",1,"T","F",1,3,0,8,0,"T","F",0,0,"T","T","younr101","lindf101","T","T",0,0,0,0,0,0,0,0,0,"","","",0,0,0,0,0,0,0,0,0,0,0,0,0,"sandh101","F","F","F","F",0,0,0,0,0,0,0,0,0,0,F,F,"1924NY1.EVN.regular.event.csv",2168
"NY1192407042","PHI",3,1,1,0,0,"",3,1,"younr101","?","younr101","?","mitcc102","?","mitcc102","?","henlb101","holkw101","fordh101","wrigr102","sandh101","schuj101","willc103","harpg101","","","","S9","F","F",9,1,20,"T","T",1,"F","F",0,"F","F",0,"F","F",9,"","F","F","",0,0,"N",0,"N",0,"N",1,0,0,0,"","","","","F","F","F","F","F","F","F","F","F","","","","F","F","F","F","F","","","","",0,0,0,0,0,0,0,0,0,26,"NY1","NY1","PHI",1,"F","F",1,3,0,9,1,"T","F",0,1,"T","T","lindf101","wilsh102","T","T",0,0,0,0,0,0,0,0,0,"","","",0,0,0,0,0,0,0,0,0,0,0,0,0,"harpg101","F","F","F","F",0,0,0,0,0,0,0,0,0,0,F,F,"1924NY1.EVN.regular.event.csv",2169
"NY1192407042","PHI",3,1,1,0,0,"",3,1,"lindf101","?","lindf101","?","mitcc102","?","mitcc102","?","henlb101","holkw101","fordh101","wrigr102","sandh101","schuj101","willc103","harpg101","younr101","","","3/P","F","F",4,2,2,"T","T",0,"F","F",1,"F","F",0,"F","F",3,"P","F","F","",0,0,"N",0,"N",0,"N",0,1,0,0,"3","","","","F","F","F","F","F","F","F","F","F","mitcc102","","","F","F","F","F","F","","","","",0,3,0,0,0,0,0,0,0,27,"NY1","NY1","PHI",1,"F","F",1,3,0,10,2,"T","F",1,1,"T","T","wilsh102","kellg101","T","T",9,1,26,0,0,0,0,0,0,"henlb101","","",0,0,0,0,0,0,0,0,0,0,0,0,0,"holkw101","F","F","F","F",0,0,0,0,0,0,0,0,0,0,F,F,"1924NY1.EVN.regular.event.csv",2170
"NY1192407042","PHI",3,1,2,0,0,"",3,1,"wilsh102","?","wilsh102","?","mitcc102","?","mitcc102","?","henlb101","holkw101","fordh101","wrigr102","sandh101","schuj101","willc103","harpg101","younr101","","","S7.1-3(E7);B-2","F","F",8,3,20,"T","T",1,"F","F",0,"F","F",0,"F","F",7,"","F","F","",1,7,"F",0,"N",0,"N",2,3,0,0,"","","","","F","F","F","F","F","F","F","F","F","mitcc102","","","F","F","F","F","F","","","","",0,0,0,0,0,0,0,0,0,28,"NY1","NY1","PHI",1,"F","F",1,3,0,11,3,"T","F",1,6,"T","T","kellg101","meusi101","T","T",9,1,26,0,0,0,0,0,0,"henlb101","","",0,0,0,0,0,0,0,0,0,0,0,0,0,"schuj101","F","F","F","F",0,0,0,0,0,0,0,0,0,0,F,F,"1924NY1.EVN.regular.event.csv",2171
"NY1192407042","PHI",3,1,2,0,0,"",3,1,"kellg101","?","kellg101","?","mitcc102","?","mitcc102","?","henlb101","holkw101","fordh101","wrigr102","sandh101","schuj101","willc103","harpg101","","wilsh102","younr101","7/F","F","F",3,4,2,"T","T",0,"F","F",1,"F","F",0,"F","F",7,"F","F","F","",0,0,"N",0,"N",0,"N",0,0,2,3,"7","","","","F","F","F","F","F","F","F","F","F","","mitcc102","mitcc102","F","F","F","F","F","","","","",0,7,0,0,0,0,0,0,0,29,"NY1","NY1","PHI",1,"F","T",1,3,0,12,4,"T","F",6,6,"T","T","meusi101","jackt101","T","T",0,0,0,8,3,28,9,1,26,"","henlb101","henlb101",0,0,0,0,0,0,0,0,0,0,0,0,0,"schuj101","F","F","F","F",0,0,0,0,0,0,0,0,0,0,F,F,"1924NY1.EVN.regular.event.csv",2172
"NY1192407042","PHI",4,0,0,0,0,"",3,1,"fordh101","?","fordh101","?","deanw101","?","deanw101","?","gowdh101","kellg101","lindf101","grohh101","jackt101","meusi101","wilsh102","younr101","","","","53","T","F",4,7,2,"T","T",0,"F","F",1,"F","F",0,"F","F",5,"G","F","F","",0,0,"N",0,"N",0,"N",0,0,0,0,"53","","","","F","F","F","F","F","F","F","F","F","","","","F","F","F","F","F","","","","",0,3,0,0,5,0,0,0,0,30,"NY1","PHI","NY1",0,"T","F",3,1,0,15,0,"T","F",0,0,"T","T","henlb101","mitcc102","T","T",0,0,0,0,0,0,0,0,0,"","","",0,0,0,0,0,0,0,0,0,0,0,0,0,"grohh101","F","F","F","F",0,0,0,0,1,0,0,0,0,0,F,F,"1924NY1.EVN.regular.event.csv",2173
"NY1192407042","PHI",4,0,1,0,0,"",3,1,"henlb101","?","henlb101","?","deanw101","?","deanw101","?","gowdh101","kellg101","lindf101","grohh101","jackt101","meusi101","wilsh102","younr101","","","","W","F","F",2,8,14,"T","F",0,"F","F",0,"F","F",0,"F","F",0,"","F","F","",0,0,"N",0,"N",0,"N",1,0,0,0,"","","","","F","F","F","F","F","F","F","F","F","","","","F","F","F","F","F","","","","",0,0,0,0,0,0,0,0,0,31,"NY1","PHI","NY1",0,"F","F",3,1,0,16,1,"T","F",0,1,"T","T","mitcc102","sandh101","T","T",0,0,0,0,0,0,0,0,0,"","","",0,0,0,0,0,0,0,0,0,0,0,0,0,"","F","F","F","F",4,0,0,0,1,0,0,0,0,0,F,F,"1924NY1.EVN.regular.event.csv",2174
"NY1192407042","PHI",4,0,1,0,0,"",3,1,"mitcc102","?","mitcc102","?","deanw101","?","deanw101","?","gowdh101","kellg101","lindf101","grohh101","jackt101","meusi101","wilsh102","younr101","henlb101","","","S9.1-3","F","F",1,9,20,"T","T",1,"F","F",0,"F","F",0,"F","F",9,"","F","F","",0,0,"N",0,"N",0,"N",1,3,0,0,"","","","","F","F","F","F","F","F","F","F","F","deanw101","","","F","F","F","F","F","","","","",0,0,0,0,0,0,0,0,0,32,"NY1","PHI","NY1",0,"F","F",3,1,0,17,2,"T","F",1,5,"T","T","sandh101","harpg101","T","T",2,8,31,0,0,0,0,0,0,"gowdh101","","",0,0,0,0,0,0,0,0,0,0,0,0,0,"younr101","F","F","F","F",0,4,0,0,1,0,0,0,0,0,F,F,"1924NY1.EVN.regular.event.csv",2175
"NY1192407042","PHI",4,0,1,0,0,"",3,1,"sandh101","?","sandh101","?","deanw101","?","deanw101","?","gowdh101","kellg101","lindf101","grohh101","jackt101","meusi101","wilsh102","younr101","mitcc102","","henlb101","7/SF.3-H","F","F",6,1,2,"T","F",0,"F","T",1,"F","F",1,"F","F",7,"F","F","F","",0,0,"N",0,"N",0,"N",0,1,0,4,"7","","","","F","F","F","F","F","F","F","F","F","deanw101","","deanw101","F","F","F","F","F","","","","",0,7,0,0,0,0,0,0,0,33,"NY1","PHI","NY1",0,"F","F",3,1,0,18,3,"T","F",5,1,"T","T","harpg101","willc103","T","T",1,9,32,0,0,0,2,8,31,"gowdh101","","gowdh101",0,0,0,0,0,0,0,0,0,0,0,0,1,"meusi101","F","F","F","F",0,0,0,4,0,0,0,0,0,0,F,F,"1924NY1.EVN.regular.event.csv",2176
"NY1192407042","PHI",4,0,2,0,0,"",4,1,"harpg101","?","harpg101","?","deanw101","?","deanw101","?","gowdh101","kellg101","lindf101","grohh101","jackt101","meusi101","wilsh102","younr101","mitcc102","","","3/L","F","F",9,2,2,"T","T",0,"F","F",1,"F","F",0,"F","F",3,"L","F","F","",0,0,"N",0,"N",0,"N",0,1,0,0,"3","","","","F","F","F","F","F","F","F","F","F","deanw101","","","F","F","F","F","F","","","","",0,3,0,0,0,0,0,0,0,34,"NY1","PHI","NY1",0,"F","T",4,1,1,19,4,"T","F",1,1,"T","T","willc103","schuj101","T","T",1,9,32,0,0,0,0,0,0,"gowdh101","","",0,0,0,0,0,0,0,0,0,0,0,0,0,"kellg101","F","F","F","F",0,0,0,0,0,0,0,0,0,0,F,F,"1924NY1.EVN.regular.event.csv",2177
"NY1192407042","PHI",4,1,0,0,0,"",4,1,"meusi101","?","meusi101","?","mitcc102","?","mitcc102","?","henlb101","holkw101","fordh101","wrigr102","sandh101","schuj101","willc103","harpg101","","","","6/FL","T","F",7,5,2,"T","T",0,"F","F",1,"F","F",0,"F","F",6,"F","F","T","",0,0,"N",0,"N",0,"N",0,0,0,0,"6","","","","F","F","F","F","F","F","F","F","F","","","","F","F","F","F","F","","","","",0,6,0,0,0,0,0,0,0,35,"NY1","NY1","PHI",1,"T","F",1,4,0,13,0,"T","F",0,0,"T","T","jackt101","grohh101","T","T",0,0,0,0,0,0,0,0,0,"","","",0,0,0,0,0,0,0,0,0,0,0,0,0,"sandh101","F","F","F","F",0,0,0,0,0,0,0,0,0,0,F,F,"1924NY1.EVN.regular.event.csv",2178
"NY1192407042","PHI",4,1,1,0,0,"",4,1,"jackt101","?","jackt101","?","mitcc102","?","mitcc102","?","henlb101","holkw101","fordh101","wrigr102","sandh101","schuj101","willc103","harpg101","","","","9/F","F","F",6,6,2,"T","T",0,"F","F",1,"F","F",0,"F","F",9,"F","F","F","",0,0,"N",0,"N",0,"N",0,0,0,0,"9","","","","F","F","F","F","F","F","F","F","F","","","","F","F","F","F","F","","","","",0,9,0,0,0,0,0,0,0,36,"NY1","NY1","PHI",1,"F","F",1,4,0,14,1,"T","F",0,0,"T","T","grohh101","gowdh101","T","T",0,0,0,0,0,0,0,0,0,"","","",0,0,0,0,0,0,0,0,0,0,0,0,0,"harpg101","F","F","F","F",0,0,0,0,0,0,0,0,0,0,F,F,"1924NY1.EVN.regular.event.csv",2179
"NY1192407042","PHI",4,1,2,0,0,"",4,1,"grohh101","?","grohh101","?","mitcc102","?","mitcc102","?","henlb101","holkw101","fordh101","wrigr102","sandh101","schuj101","willc103","harpg101","","","","4/P","F","F",5,7,2,"T","T",0,"F","F",1,"F","F",0,"F","F",4,"P","F","F","",0,0,"N",0,"N",0,"N",0,0,0,0,"4","","","","F","F","F","F","F","F","F","F","F","","","","F","F","F","F","F","","","","",0,4,0,0,0,0,0,0,0,37,"NY1","NY1","PHI",1,"F","T",1,4,0,15,2,"T","F",0,0,"T","T","gowdh101","deanw101","T","T",0,0,0,0,0,0,0,0,0,"","","",0,0,0,0,0,0,0,0,0,0,0,0,0,"fordh101","F","F","F","F",0,0,0,0,0,0,0,0,0,0,F,F,"1924NY1.EVN.regular.event.csv",2180
"NY1192407042","PHI",5,0,0,0,0,"",4,1,"willc103","?","willc103","?","deanw101","?","deanw101","?","gowdh101","kellg101","lindf101","grohh101","jackt101","meusi101","wilsh102","younr101","","","","9/F","T","F",8,3,2,"T","T",0,"F","F",1,"F","F",0,"F","F",9,"F","F","F","",0,0,"N",0,"N",0,"N",0,0,0,0,"9","","","","F","F","F","F","F","F","F","F","F","","","","F","F","F","F","F","","","","",0,9,0,0,0,0,0,0,0,38,"NY1","PHI","NY1",0,"T","F",4,1,0,20,0,"T","F",0,0,"T","T","schuj101","wrigr102","T","T",0,0,0,0,0,0,0,0,0,"","","",0,0,0,0,0,0,0,0,0,0,0,0,0,"younr101","F","F","F","F",0,0,0,0,0,0,0,0,0,0,F,F,"1924NY1.EVN.regular.event.csv",2181
"NY1192407042","PHI",5,0,1,0,0,"",4,1,"schuj101","?","schuj101","?","deanw101","?","deanw101","?","gowdh101","kellg101","lindf101","grohh101","jackt101","meusi101","wilsh102","younr101","","","","8/F","F","F",7,4,2,"T","T",0,"F","F",1,"F","F",0,"F","F",8,"F","F","F","",0,0,"N",0,"N",0,"N",0,0,0,0,"8","","","","F","F","F","F","F","F","F","F","F","","","","F","F","F","F","F","","","","",0,8,0,0,0,0,0,0,0,39,"NY1","PHI","NY1",0,"F","F",4,1,0,21,1,"T","F",0,0,"T","T","wrigr102","holkw101","T","T",0,0,0,0,0,0,0,0,0,"","","",0,0,0,0,0,0,0,0,0,0,0,0,0,"wilsh102","F","F","F","F",0,0,0,0,0,0,0,0,0,0,F,F,"1924NY1.EVN.regular.event.csv",2182
"NY1192407042","PHI",5,0,2,0,0,"",4,1,"wrigr102","?","wrigr102","?","deanw101","?","deanw101","?","gowdh101","kellg101","lindf101","grohh101","jackt101","meusi101","wilsh102","younr101","","","","31","F","F",5,5,2,"T","T",0,"F","F",1,"F","F",0,"F","F",3,"G","F","F","",0,0,"N",0,"N",0,"N",0,0,0,0,"31","","","","F","F","F","F","F","F","F","F","F","","","","F","F","F","F","F","","","","",0,1,0,0,3,0,0,0,0,40,"NY1","PHI","NY1",0,"F","T",4,1,0,22,2,"T","F",0,0,"T","T","holkw101","fordh101","T","T",0,0,0,0,0,0,0,0,0,"","","",0,0,0,0,0,0,0,0,0,0,0,0,0,"kellg101","F","F","F","F",0,0,0,0,0,0,0,0,0,0,F,F,"1924NY1.EVN.regular.event.csv",2183
"NY1192407042","PHI",5,1,0,0,0,"",4,1,"gowdh101","?","gowdh101","?","mitcc102","?","mitcc102","?","henlb101","holkw101","fordh101","wrigr102","sandh101","schuj101","willc103","harpg101","","","","63","T","F",2,8,2,"T","T",0,"F","F",1,"F","F",0,"F","F",6,"G","F","F","",0,0,"N",0,"N",0,"N",0,0,0,0,"63","","","","F","F","F","F","F","F","F","F","F","","","","F","F","F","F","F","","","","",0,3,0,0,6,0,0,0,0,41,"NY1","NY1","PHI",1,"T","F",1,4,0,16,0,"T","F",0,0,"T","T","deanw101","younr101","T","T",0,0,0,0,0,0,0,0,0,"","","",0,0,0,0,0,0,0,0,0,0,0,0,0,"sandh101","F","F","F","F",0,0,0,0,0,0,0,0,0,0,F,F,"1924NY1.EVN.regular.event.csv",2184
"NY1192407042","PHI",5,1,1,0,0,"",4,1,"snydf101","?","snydf101","?","mitcc102","?","mitcc102","?","henlb101","holkw101","fordh101","wrigr102","sandh101","schuj101","willc103","harpg101","","","","S","F","T",11,9,20,"T","T",1,"F","F",0,"F","F",0,"F","F",0,"","F","F","",0,0,"N",0,"N",0,"N",1,0,0,0,"","","","","F","F","F","F","F","F","F","F","F","","","","F","F","F","F","F","","","","deanw101",1,0,0,0,0,0,0,0,0,42,"NY1","NY1","PHI",1,"F","F",1,4,0,17,1,"T","F",0,1,"F","F","younr101","lindf101","T","T",0,0,0,0,0,0,0,0,0,"","","",0,0,0,0,0,0,0,0,0,0,0,0,0,"","F","F","F","F",0,0,0,0,0,0,0,0,0,0,F,F,"1924NY1.EVN.regular.event.csv",2185
"NY1192407042","PHI",5,1,1,0,0,"",4,1,"younr101","?","younr101","?","mitcc102","?","mitcc102","?","henlb101","holkw101","fordh101","wrigr102","sandh101","schuj101","willc103","harpg101","oconj102","","","46(1)3/GDP","F","F",9,1,2,"T","T",0,"F","F",2,"T","F",0,"F","F",4,"G","F","F","",0,0,"N",0,"N",0,"N",0,0,0,0,"63","46","","","F","F","F","F","F","F","F","F","F","mitcc102","","","F","F","T","F","F","snydf101","","","",0,6,3,0,4,6,0,0,0,43,"NY1","NY1","PHI",1,"F","T",1,4,0,18,2,"T","F",1,0,"T","T","lindf101","wilsh102","T","T",0,9,42,0,0,0,0,0,0,"henlb101","","",0,0,0,0,0,0,0,0,0,0,0,0,0,"fordh101","T","F","F","F",0,0,0,0,0,0,0,0,0,0,F,F,"1924NY1.EVN.regular.event.csv",2186
"NY1192407042","PHI",6,0,0,0,0,"",4,1,"holkw101","?","holkw101","?","ryanr101","?","ryanr101","?","gowdh101","kellg101","lindf101","grohh101","jackt101","meusi101","wilsh102","younr101","","","","S","T","F",3,6,20,"T","T",1,"F","F",0,"F","F",0,"F","F",0,"","F","F","",0,0,"N",0,"N",0,"N",1,0,0,0,"","","","","F","F","F","F","F","F","F","F","F","","","","F","F","F","F","F","","","","",0,0,0,0,0,0,0,0,0,44,"NY1","PHI","NY1",0,"T","F",4,1,0,23,0,"T","F",0,1,"T","T","fordh101","henlb101","F","F",0,0,0,0,0,0,0,0,0,"","","",0,0,0,0,0,0,0,0,0,0,0,0,0,"","F","F","F","F",4,0,0,0,1,0,0,0,0,0,F,F,"1924NY1.EVN.regular.event.csv",2187
"NY1192407042","PHI",6,0,0,0,0,"",4,1,"fordh101","?","fordh101","?","ryanr101","?","ryanr101","?","gowdh101","kellg101","lindf101","grohh101","jackt101","meusi101","wilsh102","younr101","holkw101","","","23/SH.1-2","F","F",4,7,2,"T","F",0,"T","F",1,"F","F",0,"F","F",2,"G","T","F","",0,0,"N",0,"N",0,"N",0,2,0,0,"23","","","","F","F","F","F","F","F","F","F","F","ryanr101","","","F","F","F","F","F","","","","",0,3,0,0,2,0,0,0,0,45,"NY1","PHI","NY1",0,"F","F",4,1,0,24,1,"T","F",1,2,"T","T","henlb101","mitcc102","F","F",3,6,44,0,0,0,0,0,0,"gowdh101","","",0,0,0,0,0,0,0,0,0,0,0,0,0,"gowdh101","F","F","F","F",0,4,0,0,1,0,0,0,0,0,F,F,"1924NY1.EVN.regular.event.csv",2188
"NY1192407042","PHI",6,0,1,0,0,"",4,1,"henlb101","?","henlb101","?","ryanr101","?","ryanr101","?","gowdh101","kellg101","lindf101","grohh101","jackt101","meusi101","wilsh102","younr101","","holkw101","","6/P","F","F",2,8,2,"T","T",0,"F","F",1,"F","F",0,"F","F",6,"P","F","F","",0,0,"N",0,"N",0,"N",0,0,2,0,"6","","","","F","F","F","F","F","F","F","F","F","","ryanr101","","F","F","F","F","F","","","","",0,6,0,0,0,0,0,0,0,46,"NY1","PHI","NY1",0,"F","F",4,1,0,25,2,"T","F",2,2,"T","T","mitcc102","sandh101","F","F",0,0,0,3,6,44,0,0,0,"","gowdh101","",0,0,0,0,0,0,0,0,0,0,0,0,0,"jackt101","F","F","F","F",0,0,4,0,1,0,0,0,0,0,F,F,"1924NY1.EVN.regular.event.csv",2189
"NY1192407042","PHI",6,0,2,0,0,"",4,1,"mitcc102","?","mitcc102","?","ryanr101","?","ryanr101","?","gowdh101","kellg101","lindf101","grohh101","jackt101","meusi101","wilsh102","younr101","","holkw101","","S8.2-H","F","F",1,9,20,"T","T",1,"F","F",0,"F","F",1,"F","F",8,"","F","F","",0,0,"N",0,"N",0,"N",1,0,4,0,"","","","","F","F","F","F","F","F","F","F","F","","ryanr101","","F","F","F","F","F","","","","",0,0,0,0,0,0,0,0,0,47,"NY1","PHI","NY1",0,"F","F",4,1,0,26,3,"T","F",2,1,"T","T","sandh101","harpg101","F","F",0,0,0,3,6,44,0,0,0,"","gowdh101","",0,0,0,0,0,0,0,0,0,0,0,0,1,"wilsh102","F","F","F","F",0,0,4,0,0,0,0,0,0,0,F,F,"1924NY1.EVN.regular.event.csv",2190
"NY1192407042","PHI",6,0,2,0,0,"",5,1,"sandh101","?","sandh101","?","ryanr101","?","ryanr101","?","gowdh101","kellg101","lindf101","grohh101","jackt101","meusi101","wilsh102","younr101","mitcc102","","","HP.1-2","F","F",6,1,16,"T","F",0,"F","F",0,"F","F",0,"F","F",0,"","F","F","",0,0,"N",0,"N",0,"N",1,2,0,0,"","","","","F","F","F","F","F","F","F","F","F","ryanr101","","","F","F","F","F","F","","","","",0,0,0,0,0,0,0,0,0,48,"NY1","PHI","NY1",0,"F","F",5,1,1,27,4,"T","F",1,3,"T","T","harpg101","willc103","F","F",1,9,47,0,0,0,0,0,0,"gowdh101","","",0,0,0,0,0,0,0,0,0,0,0,0,0,"","F","F","F","F",0,0,0,0,0,0,0,0,0,0,F,F,"1924NY1.EVN.regular.event.csv",2191
"NY1192407042","PHI",6,0,2,0,0,"",5,1,"harpg101","?","harpg101","?","ryanr101","?","ryanr101","?","gowdh101","kellg101","lindf101","grohh101","jackt101","meusi101","wilsh102","younr101","sandh101","mitcc102","","8/F","F","F",9,2,2,"T","T",0,"F","F",1,"F","F",0,"F","F",8,"F","F","F","",0,0,"N",0,"N",0,"N",0,1,2,0,"8","","","","F","F","F","F","F","F","F","F","F","ryanr101","ryanr101","","F","F","F","F","F","","","","",0,8,0,0,0,0,0,0,0,49,"NY1","PHI","NY1",0,"F","T",5,1,1,28,5,"T","F",3,3,"T","T","willc103","schuj101","F","F",6,1,48,1,9,47,0,0,0,"gowdh101","gowdh101","",0,0,0,0,0,0,0,0,0,0,0,0,0,"wilsh102","F","F","F","F",0,0,0,0,0,0,0,0,0,0,F,F,"1924NY1.EVN.regular.event.csv",2192
"NY1192407042","PHI",6,1,0,0,0,"",5,1,"lindf101","?","lindf101","?","mitcc102","?","mitcc102","?","henlb101","holkw101","fordh101","wrigr102","sandh101","schuj101","willc103","harpg101","","","","13","T","F",4,2,2,"T","T",0,"F","F",1,"F","F",0,"F","F",1,"G","F","F","",0,0,"N",0,"N",0,"N",0,0,0,0,"13","","","","F","F","F","F","F","F","F","F","F","","","","F","F","F","F","F","","","","",0,3,0,0,1,0,0,0,0,50,"NY1","NY1","PHI",1,"T","F",1,5,0,19,0,"T","F",0,0,"T","T","wilsh102","kellg101","T","T",0,0,0,0,0,0,0,0,0,"","","",0,0,0,0,0,0,0,0,0,0,0,0,0,"mitcc102","F","F","F","F",0,0,0,0,0,0,0,0,0,0,F,F,"1924NY1.EVN.regular.event.csv",2193
"NY1192407042","PHI",6,1,1,0,0,"",5,1,"wilsh102","?","wilsh102","?","mitcc102","?","mitcc102","?","henlb101","holkw101","fordh101","wrigr102","sandh101","schuj101","willc103","harpg101","","","","E6/G","F","F",8,3,18,"T","T",0,"F","F",0,"F","F",0,"F","F",6,"G","F","F","",1,6,"F",0,"N",0,"N",1,0,0,0,"","","","","F","F","F","F","F","F","F","F","F","","","","F","F","F","F","F","","","","",0,0,0,0,0,0,0,0,0,51,"NY1","NY1","PHI",1,"F","F",1,5,0,20,1,"T","F",0,1,"T","T","kellg101","meusi101","T","T",0,0,0,0,0,0,0,0,0,"","","",0,0,0,0,0,0,0,0,0,0,0,0,0,"sandh101","F","F","F","T",0,0,0,0,0,0,0,0,0,0,F,F,"1924NY1.EVN.regular.event.csv",2194
"NY1192407042","PHI",6,1,1,0,0,"",5,1,"kellg101","?","kellg101","?","mitcc102","?","mitcc102","?","henlb101","holkw101","fordh101","wrigr102","sandh101","schuj101","willc103","harpg101","wilsh102","","","16(1)3/GDP","F","F",3,4,2,"T","T",0,"F","F",2,"T","F",0,"F","F",1,"G","F","F","",0,0,"N",0,"N",0,"N",0,0,0,0,"63","16","","","F","F","F","F","F","F","F","F","F","mitcc102","","","F","F","F","F","F","","","","",0,6,3,0,1,6,0,0,0,52,"NY1","NY1","PHI",1,"F","T",1,5,0,21,2,"T","F",1,0,"T","T","meusi101","jackt101","T","T",8,3,51,0,0,0,0,0,0,"henlb101","","",0,0,0,0,0,0,0,0,0,0,0,0,0,"mitcc102","T","F","F","F",0,0,0,0,0,0,0,0,0,0,F,F,"1924NY1.EVN.regular.event.csv",2195
"NY1192407042","PHI",7,0,0,0,0,"",5,1,"willc103","?","willc103","?","ryanr101","?","ryanr101","?","gowdh101","kellg101","lindf101","grohh101","jackt101","meusi101","wilsh102","younr101","","","","43","T","F",8,3,2,"T","T",0,"F","F",1,"F","F",0,"F","F",4,"G","F","F","",0,0,"N",0,"N",0,"N",0,0,0,0,"43","","","","F","F","F","F","F","F","F","F","F","","","","F","F","F","F","F","","","","",0,3,0,0,4,0,0,0,0,53,"NY1","PHI","NY1",0,"T","F",5,1,0,29,0,"T","F",0,0,"T","T","schuj101","wrigr102","F","F",0,0,0,0,0,0,0,0,0,"","","",0,0,0,0,0,0,0,0,0,0,0,0,0,"lindf101","F","F","F","F",0,0,0,0,0,0,0,0,0,0,F,F,"1924NY1.EVN.regular.event.csv",2196
"NY1192407042","PHI",7,0,1,0,0,"",5,1,"schuj101","?","schuj101","?","ryanr101","?","ryanr101","?","gowdh101","kellg101","lindf101","grohh101","jackt101","meusi101","wilsh102","younr101","","","","S","F","F",7,4,20,"T","T",1,"F","F",0,"F","F",0,"F","F",0,"","F","F","",0,0,"N",0,"N",0,"N",1,0,0,0,"","","","","F","F","F","F","F","F","F","F","F","","","","F","F","F","F","F","","","","",0,0,0,0,0,0,0,0,0,54,"NY1","PHI","NY1",0,"F","F",5,1,0,30,1,"T","F",0,1,"T","T","wrigr102","holkw101","F","F",0,0,0,0,0,0,0,0,0,"","","",0,0,0,0,0,0,0,0,0,0,0,0,0,"","F","F","F","F",0,0,0,0,0,0,0,0,0,0,F,F,"1924NY1.EVN.regular.event.csv",2197
"NY1192407042","PHI",7,0,1,0,0,"",5,1,"wrigr102","?","wrigr102","?","ryanr101","?","ryanr101","?","gowdh101","kellg101","lindf101","grohh101","jackt101","meusi101","wilsh102","younr101","schuj101","","","53.1-2","F","F",5,5,2,"T","T",0,"F","F",1,"F","F",0,"F","F",5,"G","F","F","",0,0,"N",0,"N",0,"N",0,2,0,0,"53","","","","F","F","F","F","F","F","F","F","F","ryanr101","","","F","F","F","F","F","","","","",0,3,0,0,5,0,0,0,0,55,"NY1","PHI","NY1",0,"F","F",5,1,0,31,2,"T","F",1,2,"T","T","holkw101","fordh101","F","F",7,4,54,0,0,0,0,0,0,"gowdh101","","",0,0,0,0,0,0,0,0,0,0,0,0,0,"grohh101","F","F","F","F",0,0,0,0,0,0,0,0,0,0,F,F,"1924NY1.EVN.regular.event.csv",2198
"NY1192407042","PHI",7,0,2,0,0,"",5,1,"holkw101","?","holkw101","?","ryanr101","?","ryanr101","?","gowdh101","kellg101","lindf101","grohh101","jackt101","meusi101","wilsh102","younr101","","schuj101","","S.2-3","F","F",3,6,20,"T","T",1,"F","F",0,"F","F",0,"F","F",0,"","F","F","",0,0,"N",0,"N",0,"N",1,0,3,0,"","","","","F","F","F","F","F","F","F","F","F","","ryanr101","","F","F","F","F","F","","","","",0,0,0,0,0,0,0,0,0,56,"NY1","PHI","NY1",0,"F","F",5,1,0,32,3,"T","F",2,5,"T","T","fordh101","henlb101","F","F",0,0,0,7,4,54,0,0,0,"","gowdh101","",0,0,0,0,0,0,0,0,0,0,0,0,0,"","F","F","F","F",0,0,0,0,0,0,0,0,0,0,F,F,"1924NY1.EVN.regular.event.csv",2199
"NY1192407042","PHI",7,0,2,0,0,"",5,1,"fordh101","?","fordh101","?","ryanr101","?","ryanr101","?","gowdh101","kellg101","lindf101","grohh101","jackt101","meusi101","wilsh102","younr101","holkw101","","schuj101","CSH(252)#","F","F",4,7,6,"F","F",0,"F","F",1,"F","F",0,"F","F",0,"","F","F","",0,0,"N",0,"N",0,"N",0,1,0,0,"","","","252","F","F","F","F","F","T","F","F","F","ryanr101","","ryanr101","F","F","F","F","F","","","","",0,2,0,0,2,5,0,0,0,57,"NY1","PHI","NY1",0,"F","T",5,1,0,33,4,"T","T",5,1,"T","T","henlb101","mitcc102","F","F",3,6,56,0,0,0,7,4,54,"gowdh101","","gowdh101",0,0,0,0,0,0,0,0,0,0,0,0,0,"","F","F","F","F",0,0,0,0,0,0,0,0,0,0,F,T,"1924NY1.EVN.regular.event.csv",2200
"NY1192407042","PHI",7,1,0,0,0,"",5,1,"meusi101","?","meusi101","?","mitcc102","?","mitcc102","?","henlb101","holkw101","fordh101","wrigr102","sandh101","schuj101","willc103","harpg101","","","","W","T","F",7,5,14,"T","F",0,"F","F",0,"F","F",0,"F","F",0,"","F","F","",0,0,"N",0,"N",0,"N",1,0,0,0,"","","","","F","F","F","F","F","F","F","F","F","","","","F","F","F","F","F","","","","",0,0,0,0,0,0,0,0,0,58,"NY1","NY1","PHI",1,"T","F",1,5,0,22,0,"T","F",0,1,"T","T","jackt101","grohh101","T","T",0,0,0,0,0,0,0,0,0,"","","",0,0,0,0,0,0,0,0,0,0,0,0,0,"","F","F","F","F",0,0,0,0,0,0,0,0,0,0,F,F,"1924NY1.EVN.regular.event.csv",2201
"NY1192407042","PHI",7,1,0,0,0,"",5,1,"jackt101","?","jackt101","?","mitcc102","?","mitcc102","?","henlb101","holkw101","fordh101","wrigr102","sandh101","schuj101","willc103","harpg101","meusi101","","","W.1-2","F","F",6,6,14,"T","F",0,"F","F",0,"F","F",0,"F","F",0,"","F","F","",0,0,"N",0,"N",0,"N",1,2,0,0,"","","","","F","F","F","F","F","F","F","F","F","mitcc102","","","F","F","F","F","F","","","","",0,0,0,0,0,0,0,0,0,59,"NY1","NY1","PHI",1,"F","F",1,5,0,23,1,"T","F",1,3,"T","T","grohh101","gowdh101","T","T",7,5,58,0,0,0,0,0,0,"henlb101","","",0,0,0,0,0,0,0,0,0,0,0,0,0,"","F","F","F","F",0,0,0,0,0,0,0,0,0,0,F,F,"1924NY1.EVN.regular.event.csv",2202
"NY1192407042","PHI",7,1,0,0,0,"",5,1,"grohh101","?","grohh101","?","mitcc102","?","mitcc102","?","henlb101","holkw101","fordh101","wrigr102","sandh101","schuj101","willc103","harpg101","jackt101","meusi101","","4(B)6(2)3(1)/LTP","F","F",5,7,2,"T","T",0,"F","F",3,"F","T",0,"F","F",4,"L","F","F","",0,0,"N",0,"N",0,"N",0,0,0,0,"4","63","46","","F","F","F","F","F","F","F","F","F","mitcc102","mitcc102","","F","F","F","F","F","","","","",0,4,6,3,4,6,0,0,0,60,"NY1","NY1","PHI",1,"F","T",1,5,0,24,2,"T","F",3,0,"T","T","gowdh101","ryanr101","T","T",6,6,59,7,5,58,0,0,0,"henlb101","henlb101","",0,0,0,0,0,0,0,0,0,0,0,0,0,"fordh101","F","F","F","F",0,0,0,0,0,0,0,0,0,0,F,F,"1924NY1.EVN.regular.event.csv",2203
"NY1192407042","PHI",8,0,0,0,0,"",5,1,"fordh101","?","fordh101","?","ryanr101","?","ryanr101","?","gowdh101","kellg101","lindf101","grohh101","jackt101","meusi101","wilsh102","younr101","","","","K","T","F",4,7,3,"T","T",0,"F","F",1,"F","F",0,"F","F",0,"","F","F","",0,0,"N",0,"N",0,"N",0,0,0,0,"2","","","","F","F","F","F","F","F","F","F","F","","","","F","F","F","F","F","","","","",0,2,0,0,0,0,0,0,0,61,"NY1","PHI","NY1",0,"T","F",5,1,0,33,0,"T","F",0,0,"T","T","henlb101","mitcc102","F","F",0,0,0,0,0,0,0,0,0,"","","",0,0,0,0,0,0,0,0,0,0,0,0,0,"","F","F","F","F",0,0,0,0,0,0,0,0,0,0,F,F,"1924NY1.EVN.regular.event.csv",2204
"NY1192407042","PHI",8,0,1,0,0,"",5,1,"henlb101","?","henlb101","?","ryanr101","?","ryanr101","?","gowdh101","kellg101","lindf101","grohh101","jackt101","meusi101","wilsh102","younr101","","","","63","F","F",2,8,2,"T","T",0,"F","F",1,"F","F",0,"F","F",6,"G","F","F","",0,0,"N",0,"N",0,"N",0,0,0,0,"63","","","","F","F","F","F","F","F","F","F","F","","","","F","F","F","F","F","","","","",0,3,0,0,6,0,0,0,0,62,"NY1","PHI","NY1",0,"F","F",5,1,0,34,1,"T","F",0,0,"T","T","mitcc102","sandh101","F","F",0,0,0,0,0,0,0,0,0,"","","",0,0,0,0,0,0,0,0,0,0,0,0,0,"jackt101","F","F","F","F",0,0,0,0,0,0,0,0,0,0,F,F,"1924NY1.EVN.regular.event.csv",2205
"NY1192407042","PHI",8,0,2,0,0,"",5,1,"mitcc102","?","mitcc102","?","ryanr101","?","ryanr101","?","gowdh101","kellg101","lindf101","grohh101","jackt101","meusi101","wilsh102","younr101","","","","S","F","F",1,9,20,"T","T",1,"F","F",0,"F","F",0,"F","F",0,"","F","F","",0,0,"N",0,"N",0,"N",1,0,0,0,"","","","","F","F","F","F","F","F","F","F","F","","","","F","F","F","F","F","","","","",0,0,0,0,0,0,0,0,0,63,"NY1","PHI","NY1",0,"F","F",5,1,0,35,2,"T","F",0,1,"T","T","sandh101","harpg101","F","F",0,0,0,0,0,0,0,0,0,"","","",0,0,0,0,0,0,0,0,0,0,0,0,0,"","F","F","F","F",0,0,0,0,0,0,0,0,0,0,F,F,"1924NY1.EVN.regular.event.csv",2206
"NY1192407042","PHI",8,0,2,0,0,"",5,1,"sandh101","?","sandh101","?","ryanr101","?","ryanr101","?","gowdh101","kellg101","lindf101","grohh101","jackt101","meusi101","wilsh102","younr101","mitcc102","","","2/FL","F","F",6,1,2,"T","T",0,"F","F",1,"F","F",0,"F","F",2,"F","F","T","",0,0,"N",0,"N",0,"N",0,1,0,0,"2","","","","F","F","F","F","F","F","F","F","F","ryanr101","","","F","F","F","F","F","","","","",0,2,0,0,0,0,0,0,0,64,"NY1","PHI","NY1",0,"F","T",5,1,0,36,3,"T","F",1,1,"T","T","harpg101","willc103","F","F",1,9,63,0,0,0,0,0,0,"gowdh101","","",0,0,0,0,0,0,0,0,0,0,0,0,0,"gowdh101","F","F","F","F",0,0,0,0,0,0,0,0,0,0,F,F,"1924NY1.EVN.regular.event.csv",2207
"NY1192407042","PHI",8,1,0,0,0,"",5,1,"gowdh101","?","gowdh101","?","mitcc102","?","mitcc102","?","henlb101","holkw101","fordh101","wrigr102","sandh101","schuj101","willc103","harpg101","","","","S","T","F",2,8,20,"T","T",1,"F","F",0,"F","F",0,"F","F",0,"","F","F","",0,0,"N",0,"N",0,"N",1,0,0,0,"","","","","F","F","F","F","F","F","F","F","F","","","","F","F","F","F","F","","","","",0,0,0,0,0,0,0,0,0,65,"NY1","NY1","PHI",1,"T","F",1,5,0,25,0,"T","F",0,1,"T","T","ryanr101","younr101","T","T",0,0,0,0,0,0,0,0,0,"","","",0,0,0,0,0,0,0,0,0,0,0,0,0,"","F","F","F","F",0,0,0,0,1,0,0,0,0,0,F,F,"1924NY1.EVN.regular.event.csv",2208
"NY1192407042","PHI",8,1,0,0,0,"",5,1,"ainse101","?","ainse101","?","mitcc102","?","mitcc102","?","henlb101","holkw101","fordh101","wrigr102","sandh101","schuj101","willc103","harpg101","nehfa101","","","64(1)/FO","F","T",11,9,2,"T","T",0,"F","F",1,"F","F",0,"F","F",6,"G","F","F","",0,0,"N",0,"N",0,"N",1,0,0,0,"","64","","","F","F","F","F","F","F","F","F","F","mitcc102","","","F","F","T","F","F","gowdh101","","","ryanr101",1,4,0,0,6,0,0,0,0,66,"NY1","NY1","PHI",1,"F","F",1,5,0,26,1,"T","F",1,1,"F","F","younr101","lindf101","T","T",12,8,65,0,0,0,0,0,0,"henlb101","","",0,0,0,0,0,0,0,0,0,0,0,0,0,"sandh101","T","F","F","F",0,0,0,0,1,0,0,0,0,0,F,F,"1924NY1.EVN.regular.event.csv",2209
"NY1192407042","PHI",8,1,1,0,0,"",5,1,"younr101","?","younr101","?","mitcc102","?","mitcc102","?","henlb101","holkw101","fordh101","wrigr102","sandh101","schuj101","willc103","harpg101","ainse101","","","6(1)/FO/G6M","F","F",9,1,2,"T","T",0,"F","F",1,"F","F",0,"F","F",6,"G","F","F","6M",0,0,"N",0,"N",0,"N",1,0,0,0,"","6","","","F","F","F","F","F","F","F","F","F","mitcc102","","","F","F","F","F","F","","","","",0,6,0,0,0,0,0,0,0,67,"NY1","NY1","PHI",1,"F","F",1,5,0,27,2,"T","F",1,1,"T","T","lindf101","wilsh102","T","T",0,9,66,0,0,0,0,0,0,"henlb101","","",0,0,0,0,0,0,0,0,0,0,0,0,0,"sandh101","T","F","F","F",4,0,0,0,1,0,0,0,0,0,F,F,"1924NY1.EVN.regular.event.csv",2210
"NY1192407042","PHI",8,1,2,0,0,"",5,1,"lindf101","?","lindf101","?","mitcc102","?","mitcc102","?","henlb101","holkw101","fordh101","wrigr102","sandh101","schuj101","willc103","harpg101","younr101","","","S.1-3#","F","F",4,2,20,"T","T",1,"F","F",0,"F","F",0,"F","F",0,"","F","F","",0,0,"N",0,"N",0,"N",1,3,0,0,"","","","","F","F","F","F","F","F","F","F","F","mitcc102","","","F","F","F","F","F","","","","",0,0,0,0,0,0,0,0,0,68,"NY1","NY1","PHI",1,"F","F",1,5,0,28,3,"T","F",1,5,"T","T","wilsh102","kellg101","T","T",9,1,67,0,0,0,0,0,0,"henlb101","","",0,0,0,0,0,0,0,0,0,0,0,0,0,"","F","F","F","F",3,4,0,0,1,0,0,0,0,0,F,T,"1924NY1.EVN.regular.event.csv",2211
"NY1192407042","PHI",8,1,2,0,0,"",5,1,"wilsh102","?","wilsh102","?","mitcc102","?","mitcc102","?","henlb101","holkw101","fordh101","wrigr102","sandh101","schuj101","willc103","harpg101","lindf101","","younr101","S.3-H;1-3#","F","F",8,3,20,"T","T",1,"F","F",0,"F","F",1,"F","F",0,"","F","F","",0,0,"N",0,"N",0,"N",1,3,0,4,"","","","","F","F","F","F","F","F","F","F","F","mitcc102","","mitcc102","F","F","F","F","F","","","","",0,0,0,0,0,0,0,0,0,69,"NY1","NY1","PHI",1,"F","F",1,5,0,29,4,"T","F",5,5,"T","T","kellg101","meusi101","T","T",4,2,68,0,0,0,9,1,67,"henlb101","","henlb101",0,0,0,0,0,0,0,0,0,0,0,0,1,"","F","F","F","F",1,3,0,4,0,0,0,0,0,0,F,T,"1924NY1.EVN.regular.event.csv",2212
"NY1192407042","PHI",8,1,2,0,0,"",5,2,"kellg101","?","kellg101","?","mitcc102","?","mitcc102","?","henlb101","holkw101","fordh101","wrigr102","sandh101","schuj101","willc103","harpg101","wilsh102","","lindf101","8/F","F","F",3,4,2,"T","T",0,"F","F",1,"F","F",0,"F","F",8,"F","F","F","",0,0,"N",0,"N",0,"N",0,1,0,3,"8","","","","F","F","F","F","F","F","F","F","F","mitcc102","","mitcc102","F","F","F","F","F","","","","",0,8,0,0,0,0,0,0,0,70,"NY1","NY1","PHI",1,"F","T",2,5,1,30,5,"T","F",5,5,"T","T","meusi101","jackt101","T","T",8,3,69,0,0,0,4,2,68,"henlb101","","henlb101",0,0,0,0,0,0,0,0,0,0,0,0,0,"willc103","F","F","F","F",0,1,0,3,0,0,0,0,0,0,F,F,"1924NY1.EVN.regular.event.csv",2213
"NY1192407042","PHI",9,0,0,0,0,"",5,2,"harpg101","?","harpg101","?","maune101","?","maune101","?","ainse101","kellg101","lindf101","grohh101","jackt101","meusi101","wilsh102","younr101","","","","4/P","T","F",9,2,2,"T","T",0,"F","F",1,"F","F",0,"F","F",4,"P","F","F","",0,0,"N",0,"N",0,"N",0,0,0,0,"4","","","","F","F","F","F","F","F","F","F","F","","","","F","F","F","F","F","","","","",0,4,0,0,0,0,0,0,0,71,"NY1","PHI","NY1",0,"T","F",5,2,0,37,0,"T","F",0,0,"T","T","willc103","schuj101","F","F",0,0,0,0,0,0,0,0,0,"","","",0,0,0,0,0,0,0,0,0,0,0,0,0,"lindf101","F","F","F","F",0,0,0,0,0,0,0,0,0,0,F,F,"1924NY1.EVN.regular.event.csv",2214
"NY1192407042","PHI",9,0,1,0,0,"",5,2,"willc103","?","willc103","?","maune101","?","maune101","?","ainse101","kellg101","lindf101","grohh101","jackt101","meusi101","wilsh102","younr101","","","","E4/G","F","F",8,3,18,"T","T",0,"F","F",0,"F","F",0,"F","F",4,"G","F","F","",1,4,"F",0,"N",0,"N",1,0,0,0,"","","","","F","F","F","F","F","F","F","F","F","","","","F","F","F","F","F","","","","",0,0,0,0,0,0,0,0,0,72,"NY1","PHI","NY1",0,"F","F",5,2,0,38,1,"T","F",0,1,"T","T","schuj101","wrigr102","F","F",0,0,0,0,0,0,0,0,0,"","","",0,0,0,0,0,0,0,0,0,0,0,0,0,"lindf101","F","F","F","T",0,0,0,0,0,0,0,0,0,0,F,F,"1924NY1.EVN.regular.event.csv",2215
"NY1192407042","PHI",9,0,1,0,0,"",5,2,"schuj101","?","schuj101","?","maune101","?","maune101","?","ainse101","kellg101","lindf101","grohh101","jackt101","meusi101","wilsh102","younr101","willc103","","","3(B)3(1)/LDP","F","F",7,4,2,"T","T",0,"F","F",2,"T","F",0,"F","F",3,"L","F","F","",0,0,"N",0,"N",0,"N",0,0,0,0,"3","3","","","F","F","F","F","F","F","F","F","F","maune101","","","F","F","F","F","F","","","","",0,3,3,0,0,0,0,0,0,73,"NY1","PHI","NY1",0,"F","T",5,2,0,39,2,"T","F",1,0,"T","T","wrigr102","holkw101","F","F",8,3,72,0,0,0,0,0,0,"ainse101","","",0,0,0,0,0,0,0,0,0,0,0,0,0,"kellg101","F","F","F","F",0,0,0,0,0,0,0,0,0,0,F,F,"1924NY1.EVN.regular.event.csv",2216
"NY1192407042","PHI",9,1,0,0,0,"",5,2,"meusi101","?","meusi101","?","mitcc102","?","mitcc102","?","henlb101","holkw101","fordh101","wrigr102","sandh101","schuj101","willc103","harpg101","","","","63","T","F",7,5,2,"T","T",0,"F","F",1,"F","F",0,"F","F",6,"G","F","F","",0,0,"N",0,"N",0,"N",0,0,0,0,"63","","","","F","F","F","F","F","F","F","F","F","","","","F","F","F","F","F","","","","",0,3,0,0,6,0,0,0,0,74,"NY1","NY1","PHI",1,"T","F",2,5,0,31,0,"T","F",0,0,"T","T","jackt101","grohh101","T","T",0,0,0,0,0,0,0,0,0,"","","",0,0,0,0,0,0,0,0,0,0,0,0,0,"sandh101","F","F","F","F",0,0,0,0,0,0,0,0,0,0,F,F,"1924NY1.EVN.regular.event.csv",2217
"NY1192407042","PHI",9,1,1,0,0,"",5,2,"jackt101","?","jackt101","?","mitcc102","?","mitcc102","?","henlb101","holkw101","fordh101","wrigr102","sandh101","schuj101","willc103","harpg101","","","","63","F","F",6,6,2,"T","T",0,"F","F",1,"F","F",0,"F","F",6,"G","F","F","",0,0,"N",0,"N",0,"N",0,0,0,0,"63","","","","F","F","F","F","F","F","F","F","F","","","","F","F","F","F","F","","","","",0,3,0,0,6,0,0,0,0,75,"NY1","NY1","PHI",1,"F","F",2,5,0,32,1,"T","F",0,0,"T","T","grohh101","maune101","T","T",0,0,0,0,0,0,0,0,0,"","","",0,0,0,0,0,0,0,0,0,0,0,0,0,"sandh101","F","F","F","F",0,0,0,0,0,0,0,0,0,0,F,F,"1924NY1.EVN.regular.event.csv",2218
"NY1192407042","PHI",9,1,2,0,0,"",5,2,"grohh101","?","grohh101","?","mitcc102","?","mitcc102","?","henlb101","holkw101","fordh101","wrigr102","sandh101","schuj101","willc103","harpg101","","","","S","F","F",5,7,20,"T","T",1,"F","F",0,"F","F",0,"F","F",0,"","F","F","",0,0,"N",0,"N",0,"N",1,0,0,0,"","","","","F","F","F","F","F","F","F","F","F","","","","F","F","F","F","F","","","","",0,0,0,0,0,0,0,0,0,76,"NY1","NY1","PHI",1,"F","F",2,5,0,33,2,"T","F",0,1,"T","T","maune101","ainse101","T","T",0,0,0,0,0,0,0,0,0,"","","",0,0,0,0,0,0,0,0,0,0,0,0,0,"","F","F","F","F",1,0,0,0,0,0,0,0,0,0,F,F,"1924NY1.EVN.regular.event.csv",2219
"NY1192407042","PHI",9,1,2,0,0,"",5,2,"terrb101","?","terrb101","?","mitcc102","?","mitcc102","?","henlb101","holkw101","fordh101","wrigr102","sandh101","schuj101","willc103","harpg101","grohh101","","","6/P","F","T",11,8,2,"T","T",0,"F","F",1,"F","F",0,"F","F",6,"P","F","F","",0,0,"N",0,"N",0,"N",0,1,0,0,"6","","","","F","F","F","F","F","F","F","F","F","mitcc102","","","F","T","F","F","F","","","","maune101",1,6,0,0,0,0,0,0,0,77,"NY1","NY1","PHI",1,"F","T",2,5,0,34,3,"T","F",1,1,"F","F","ainse101","younr101","T","T",5,7,76,0,0,0,0,0,0,"henlb101","","",0,0,0,0,0,0,0,0,0,0,0,0,0,"sandh101","F","F","F","F",0,1,0,0,0,0,0,0,0,0,F,F,"1924NY1.EVN.regular.event.csv",2220
"NY1192407050","PHI",1,0,0,0,0,"",0,0,"sandh101","?","sandh101","?","mcquh101","?","mcquh101","?","snydf101","kellg101","lindf101","grohh101","jackt101","meusi101","wilsh102","younr101","","","","S7","T","F",6,1,20,"T","T",1,"F","F",0,"F","F",0,"F","F",7,"","F","F","",0,0,"N",0,"N",0,"N",1,0,0,0,"","","","","F","F","F","F","F","F","F","F","F","","","","T","F","F","F","F","","","","",0,0,0,0,0,0,0,0,0,1,"NY1","PHI","NY1",0,"T","F",0,0,0,0,0,"T","F",0,1,"T","T","harpg101","willc103","T","T",0,0,0,0,0,0,0,0,0,"","","",0,0,0,0,0,0,0,0,0,0,0,0,0,"meusi101","F","F","F","F",0,0,0,0,0,0,0,0,0,0,F,F,"1924NY1.EVN.regular.event.csv",2221
"NY1192407050","PHI",1,0,0,0,0,"",0,0,"harpg101","?","harpg101","?","mcquh101","?","mcquh101","?","snydf101","kellg101","lindf101","grohh101","jackt101","meusi101","wilsh102","younr101","sandh101","","","7/F","F","F",9,2,2,"T","T",0,"F","F",1,"F","F",0,"F","F",7,"F","F","F","",0,0,"N",0,"N",0,"N",0,1,0,0,"7","","","","F","F","F","F","F","F","F","F","F","mcquh101","","","F","F","F","F","F","","","","",0,7,0,0,0,0,0,0,0,2,"NY1","PHI","NY1",0,"F","F",0,0,0,1,1,"T","F",1,1,"T","T","willc103","schuj101","T","T",6,1,1,0,0,0,0,0,0,"snydf101","","",0,0,0,0,0,0,0,0,0,0,0,0,0,"meusi101","F","F","F","F",0,0,0,0,0,0,0,0,0,0,F,F,"1924NY1.EVN.regular.event.csv",2222
"NY1192407050","PHI",1,0,1,0,0,"",0,0,"willc103","?","willc103","?","mcquh101","?","mcquh101","?","snydf101","kellg101","lindf101","grohh101","jackt101","meusi101","wilsh102","younr101","sandh101","","","K","F","F",8,3,3,"T","T",0,"F","F",1,"F","F",0,"F","F",0,"","F","F","",0,0,"N",0,"N",0,"N",0,1,0,0,"2","","","","F","F","F","F","F","F","F","F","F","mcquh101","","","F","F","F","F","F","","","","",0,2,0,0,0,0,0,0,0,3,"NY1","PHI","NY1",0,"F","F",0,0,0,2,2,"T","F",1,1,"T","T","schuj101","wrigr102","T","T",6,1,1,0,0,0,0,0,0,"snydf101","","",0,0,0,0,0,0,0,0,0,0,0,0,0,"","F","F","F","F",0,0,0,0,0,0,0,0,0,0,F,F,"1924NY1.EVN.regular.event.csv",2223
"NY1192407050","PHI",1,0,2,0,0,"",0,0,"schuj101","?","schuj101","?","mcquh101","?","mcquh101","?","snydf101","kellg101","lindf101","grohh101","jackt101","meusi101","wilsh102","younr101","sandh101","","","8/F","F","F",7,4,2,"T","T",0,"F","F",1,"F","F",0,"F","F",8,"F","F","F","",0,0,"N",0,"N",0,"N",0,1,0,0,"8","","","","F","F","F","F","F","F","F","F","F","mcquh101","","","F","F","F","F","F","","","","",0,8,0,0,0,0,0,0,0,4,"NY1","PHI","NY1",0,"F","T",0,0,0,3,3,"T","F",1,1,"T","T","wrigr102","holkw101","T","T",6,1,1,0,0,0,0,0,0,"snydf101","","",0,0,0,0,0,0,0,0,0,0,0,0,0,"wilsh102","F","F","F","F",0,0,0,0,0,0,0,0,0,0,F,F,"1924NY1.EVN.regular.event.csv",2224
"NY1192407050","PHI",1,1,0,0,0,"",0,0,"younr101","?","younr101","?","hubbb101","?","hubbb101","?","henlb101","holkw101","fordh101","wrigr102","sandh101","schuj101","willc103","harpg101","","","","D7/5","T","F",9,1,21,"T","T",2,"F","F",0,"F","F",0,"F","F",7,"","F","F","5",0,0,"N",0,"N",0,"N",2,0,0,0,"","","","","F","F","F","F","F","F","F","F","F","","","","F","F","F","F","F","","","","",0,0,0,0,0,0,0,0,0,5,"NY1","NY1","PHI",1,"T","F",0,0,0,0,0,"T","F",0,2,"T","T","lindf101","wilsh102","T","T",0,0,0,0,0,0,0,0,0,"","","",0,0,0,0,0,0,0,0,0,0,0,0,0,"schuj101","F","F","F","F",4,0,0,0,2,0,0,0,0,0,F,F,"1924NY1.EVN.regular.event.csv",2225
"NY1192407050","PHI",1,1,0,0,0,"",0,0,"lindf101","?","lindf101","?","hubbb101","?","hubbb101","?","henlb101","holkw101","fordh101","wrigr102","sandh101","schuj101","willc103","harpg101","","younr101","","S/BG23.2-3","F","F",4,2,20,"T","T",1,"F","F",0,"F","F",0,"F","F",0,"G","T","F","23",0,0,"N",0,"N",0,"N",1,0,3,0,"","","","","F","F","F","F","F","F","F","F","F","","hubbb101","","F","F","F","F","F","","","","",0,0,0,0,0,0,0,0,0,6,"NY1","NY1","PHI",1,"F","F",0,0,0,1,1,"T","F",2,5,"T","T","wilsh102","kellg101","T","T",0,0,0,9,1,5,0,0,0,"","henlb101","",0,0,0,0,0,0,0,0,0,0,0,0,0,"","F","F","F","F",4,0,4,0,2,0,0,0,0,0,F,F,"1924NY1.EVN.regular.event.csv",2226
"NY1192407050","PHI",1,1,0,0,0,"",0,0,"wilsh102","?","wilsh102","?","hubbb101","?","hubbb101","?","henlb101","holkw101","fordh101","wrigr102","sandh101","schuj101","willc103","harpg101","lindf101","","younr101","S9.3-H;1-3","F","F",8,3,20,"T","T",1,"F","F",0,"F","F",1,"F","F",9,"","F","F","",0,0,"N",0,"N",0,"N",1,3,0,4,"","","","","F","F","F","F","F","F","F","F","F","hubbb101","","hubbb101","F","F","F","F","F","","","","",0,0,0,0,0,0,0,0,0,7,"NY1","NY1","PHI",1,"F","F",0,0,0,2,2,"T","F",5,5,"T","T","kellg101","meusi101","T","T",4,2,6,0,0,0,9,1,5,"henlb101","","henlb101",0,0,0,0,0,0,0,0,0,0,0,0,1,"harpg101","F","F","F","F",0,4,0,4,1,0,0,0,0,0,F,F,"1924NY1.EVN.regular.event.csv",2227
"NY1192407050","PHI",1,1,0,0,0,"",0,1,"kellg101","?","kellg101","?","hubbb101","?","hubbb101","?","henlb101","holkw101","fordh101","wrigr102","sandh101","schuj101","willc103","harpg101","wilsh102","","lindf101","K","F","F",3,4,3,"T","T",0,"F","F",1,"F","F",0,"F","F",0,"","F","F","",0,0,"N",0,"N",0,"N",0,1,0,3,"2","","","","F","F","F","F","F","F","F","F","F","hubbb101","","hubbb101","F","F","F","F","F","","","","",0,2,0,0,0,0,0,0,0,8,"NY1","NY1","PHI",1,"F","F",1,0,1,3,3,"T","F",5,5,"T","T","meusi101","jackt101","T","T",8,3,7,0,0,0,4,2,6,"henlb101","","henlb101",0,0,0,0,0,0,0,0,0,0,0,0,0,"","F","F","F","F",0,0,0,4,1,0,0,0,0,0,F,F,"1924NY1.EVN.regular.event.csv",2228
"NY1192407050","PHI",1,1,1,0,0,"",0,1,"meusi101","?","meusi101","?","hubbb101","?","hubbb101","?","henlb101","holkw101","fordh101","wrigr102","sandh101","schuj101","willc103","harpg101","wilsh102","","lindf101","9/SF.3-H","F","F",7,5,2,"T","F",0,"F","T",1,"F","F",1,"F","F",9,"F","F","F","",0,0,"N",0,"N",0,"N",0,1,0,4,"9","","","","F","F","F","F","F","F","F","F","F","hubbb101","","hubbb101","F","F","F","F","F","","","","",0,9,0,0,0,0,0,0,0,9,"NY1","NY1","PHI",1,"F","F",1,0,1,4,4,"T","F",5,1,"T","T","jackt101","grohh101","T","T",8,3,7,0,0,0,4,2,6,"henlb101","","henlb101",0,0,0,0,0,0,0,0,0,0,0,0,1,"harpg101","F","F","F","F",0,0,0,4,0,0,0,0,0,0,F,F,"1924NY1.EVN.regular.event.csv",2229
"NY1192407050","PHI",1,1,2,0,0,"",0,2,"jackt101","?","jackt101","?","hubbb101","?","hubbb101","?","henlb101","holkw101","fordh101","wrigr102","sandh101","schuj101","willc103","harpg101","wilsh102","","","WP.1-2","F","F",6,6,9,"F","F",0,"F","F",0,"F","F",0,"T","F",0,"","F","F","",0,0,"N",0,"N",0,"N",0,2,0,0,"","","","","F","F","F","F","F","F","F","F","F","hubbb101","","","F","F","F","F","F","","","","",0,0,0,0,0,0,0,0,0,10,"NY1","NY1","PHI",1,"F","F",2,0,2,5,5,"T","F",1,2,"T","T","grohh101","snydf101","T","T",8,3,7,0,0,0,0,0,0,"henlb101","","",0,0,0,0,0,0,0,0,0,0,0,0,0,"","F","F","F","F",0,0,0,0,0,0,0,0,0,0,F,F,"1924NY1.EVN.regular.event.csv",2230
"NY1192407050","PHI",1,1,2,0,0,"",0,2,"jackt101","?","jackt101","?","hubbb101","?","hubbb101","?","henlb101","holkw101","fordh101","wrigr102","sandh101","schuj101","willc103","harpg101","","wilsh102","","K","F","F",6,6,3,"T","T",0,"F","F",1,"F","F",0,"F","F",0,"","F","F","",0,0,"N",0,"N",0,"N",0,0,2,0,"2","","","","F","F","F","F","F","F","F","F","F","","hubbb101","","F","F","F","F","F","","","","",0,2,0,0,0,0,0,0,0,11,"NY1","NY1","PHI",1,"F","T",2,0,2,5,5,"F","F",2,2,"T","T","grohh101","snydf101","T","T",0,0,0,8,3,7,0,0,0,"","henlb101","",0,0,0,0,0,0,0,0,0,0,0,0,0,"","F","F","F","F",0,0,0,0,0,0,0,0,0,0,F,F,"1924NY1.EVN.regular.event.csv",2231
"NY1192407050","PHI",2,0,0,0,0,"",0,2,"wrigr102","?","wrigr102","?","mcquh101","?","mcquh101","?","snydf101","kellg101","lindf101","grohh101","jackt101","meusi101","wilsh102","younr101","","","","S8","T","F",5,5,20,"T","T",1,"F","F",0,"F","F",0,"F","F",8,"","F","F","",0,0,"N",0,"N",0,"N",1,0,0,0,"","","","","F","F","F","F","F","F","F","F","F","","","","F","F","F","F","F","","","","",0,0,0,0,0,0,0,0,0,12,"NY1","PHI","NY1",0,"T","F",0,2,0,4,0,"T","F",0,1,"T","T","holkw101","fordh101","T","T",0,0,0,0,0,0,0,0,0,"","","",0,0,0,0,0,0,0,0,0,0,0,0,0,"wilsh102","F","F","F","F",4,0,0,0,3,0,0,0,0,0,F,F,"1924NY1.EVN.regular.event.csv",2232
"NY1192407050","PHI",2,0,0,0,0,"",0,2,"holkw101","?","holkw101","?","mcquh101","?","mcquh101","?","snydf101","kellg101","lindf101","grohh101","jackt101","meusi101","wilsh102","younr101","wrigr102","","","S9.1-2","F","F",3,6,20,"T","T",1,"F","F",0,"F","F",0,"F","F",9,"","F","F","",0,0,"N",0,"N",0,"N",1,2,0,0,"","","","","F","F","F","F","F","F","F","F","F","mcquh101","","","F","F","F","F","F","","","","",0,0,0,0,0,0,0,0,0,13,"NY1","PHI","NY1",0,"F","F",0,2,0,5,1,"T","F",1,3,"T","T","fordh101","henlb101","T","T",5,5,12,0,0,0,0,0,0,"snydf101","","",0,0,0,0,0,0,0,0,0,0,0,0,0,"younr101","F","F","F","F",4,4,0,0,3,0,0,0,0,0,F,F,"1924NY1.EVN.regular.event.csv",2233
"NY1192407050","PHI",2,0,0,0,0,"",0,2,"fordh101","?","fordh101","?","mcquh101","?","mcquh101","?","snydf101","kellg101","lindf101","grohh101","jackt101","meusi101","wilsh102","younr101","holkw101","wrigr102","","HR/F7D.2-H;1-H","F","F",4,7,23,"T","T",4,"F","F",0,"F","F",3,"F","F",0,"F","F","F","7D",0,0,"N",0,"N",0,"N",4,4,4,0,"","","","","F","F","F","F","F","F","F","F","F","mcquh101","mcquh101","","F","F","F","F","F","","","","",0,0,0,0,0,0,0,0,0,14,"NY1","PHI","NY1",0,"F","F",0,2,0,6,2,"T","F",3,0,"T","T","henlb101","hubbb101","T","T",3,6,13,5,5,12,0,0,0,"snydf101","snydf101","",0,0,0,0,0,0,0,0,0,0,0,0,3,"","F","F","F","F",4,4,4,0,0,0,0,0,0,0,F,F,"1924NY1.EVN.regular.event.csv",2234
"NY1192407050","PHI",2,0,0,0,0,"",3,2,"henlb101","?","henlb101","?","mcquh101","?","mcquh101","?","snydf101","kellg101","lindf101","grohh101","jackt101","meusi101","wilsh102","younr101","","","","7/F","F","F",2,8,2,"T","T",0,"F","F",1,"F","F",0,"F","F",7,"F","F","F","",0,0,"N",0,"N",0,"N",0,0,0,0,"7","","","","F","F","F","F","F","F","F","F","F","","","","F","F","F","F","F","","","","",0,7,0,0,0,0,0,0,0,15,"NY1","PHI","NY1",0,"F","F",3,2,3,7,3,"T","F",0,0,"T","T","hubbb101","sandh101","T","T",0,0,0,0,0,0,0,0,0,"","","",0,0,0,0,0,0,0,0,0,0,0,0,0,"meusi101","F","F","F","F",0,0,0,0,0,0,0,0,0,0,F,F,"1924NY1.EVN.regular.event.csv",2235
"NY1192407050","PHI",2,0,1,0,0,"",3,2,"hubbb101","?","hubbb101","?","mcquh101","?","mcquh101","?","snydf101","kellg101","lindf101","grohh101","jackt101","meusi101","wilsh102","younr101","","","","13","F","F",1,9,2,"T","T",0,"F","F",1,"F","F",0,"F","F",1,"G","F","F","",0,0,"N",0,"N",0,"N",0,0,0,0,"13","","","","F","F","F","F","F","F","F","F","F","","","","F","F","F","F","F","","","","",0,3,0,0,1,0,0,0,0,16,"NY1","PHI","NY1",0,"F","F",3,2,3,8,4,"T","F",0,0,"T","T","sandh101","harpg101","T","T",0,0,0,0,0,0,0,0,0,"","","",0,0,0,0,0,0,0,0,0,0,0,0,0,"mcquh101","F","F","F","F",0,0,0,0,0,0,0,0,0,0,F,F,"1924NY1.EVN.regular.event.csv",2236
"NY1192407050","PHI",2,0,2,0,0,"",3,2,"sandh101","?","sandh101","?","mcquh101","?","mcquh101","?","snydf101","kellg101","lindf101","grohh101","jackt101","meusi101","wilsh102","younr101","","","","K/C","F","F",6,1,3,"T","T",0,"F","F",1,"F","F",0,"F","F",0,"","F","F","",0,0,"N",0,"N",0,"N",0,0,0,0,"2","","","","F","F","F","F","F","F","F","F","F","","","","F","F","F","F","F","","","","",0,2,0,0,0,0,0,0,0,17,"NY1","PHI","NY1",0,"F","T",3,2,3,9,5,"T","F",0,0,"T","T","harpg101","willc103","T","T",0,0,0,0,0,0,0,0,0,"","","",0,0,0,0,0,0,0,0,0,0,0,0,0,"","F","F","F","F",0,0,0,0,0,0,0,0,0,0,F,F,"1924NY1.EVN.regular.event.csv",2237
"NY1192407050","PHI",2,1,0,0,0,"",3,2,"grohh101","?","grohh101","?","hubbb101","?","hubbb101","?","henlb101","holkw101","fordh101","wrigr102","sandh101","schuj101","willc103","harpg101","","","","T7/78","T","F",5,7,22,"T","T",3,"F","F",0,"F","F",0,"F","F",7,"","F","F","78",0,0,"N",0,"N",0,"N",3,0,0,0,"","","","","F","F","F","F","F","F","F","F","F","","","","F","F","F","F","F","","","","",0,0,0,0,0,0,0,0,0,18,"NY1","NY1","PHI",1,"T","F",2,3,0,6,0,"T","F",0,4,"T","T","snydf101","mcquh101","T","T",0,0,0,0,0,0,0,0,0,"","","",0,0,0,0,0,0,0,0,0,0,0,0,0,"schuj101","F","F","F","F",4,0,0,0,2,0,0,0,0,0,F,F,"1924NY1.EVN.regular.event.csv",2238
"NY1192407050","PHI",2,1,0,0,0,"",3,2,"snydf101","?","snydf101","?","hubbb101","?","hubbb101","?","henlb101","holkw101","fordh101","wrigr102","sandh101","schuj101","willc103","harpg101","","","grohh101","S7.3-H","F","F",2,8,20,"T","T",1,"F","F",0,"F","F",1,"F","F",7,"","F","F","",0,0,"N",0,"N",0,"N",1,0,0,4,"","","","","F","F","F","F","F","F","F","F","F","","","hubbb101","F","F","F","F","F","","","","",0,0,0,0,0,0,0,0,0,19,"NY1","NY1","PHI",1,"F","F",2,3,0,7,1,"T","F",4,1,"T","T","mcquh101","younr101","T","T",0,0,0,0,0,0,5,7,18,"","","henlb101",0,0,0,0,0,0,0,0,0,0,0,0,1,"schuj101","F","F","F","F",4,0,0,4,1,0,0,0,0,0,F,F,"1924NY1.EVN.regular.event.csv",2239
"NY1192407050","PHI",2,1,0,0,0,"",3,3,"mcquh101","?","mcquh101","?","hubbb101","?","hubbb101","?","henlb101","holkw101","fordh101","wrigr102","sandh101","schuj101","willc103","harpg101","snydf101","","","3/BP","F","F",1,9,2,"T","T",0,"F","F",1,"F","F",0,"F","F",3,"P","T","F","",0,0,"N",0,"N",0,"N",0,1,0,0,"3","","","","F","F","F","F","F","F","F","F","F","hubbb101","","","F","F","F","F","F","","","","",0,3,0,0,0,0,0,0,0,20,"NY1","NY1","PHI",1,"F","F",3,3,1,8,2,"T","F",1,1,"T","T","younr101","lindf101","T","T",2,8,19,0,0,0,0,0,0,"henlb101","","",0,0,0,0,0,0,0,0,0,0,0,0,0,"holkw101","F","F","F","F",0,4,0,0,1,0,0,0,0,0,F,F,"1924NY1.EVN.regular.event.csv",2240
"NY1192407050","PHI",2,1,1,0,0,"",3,3,"younr101","?","younr101","?","hubbb101","?","hubbb101","?","henlb101","holkw101","fordh101","wrigr102","sandh101","schuj101","willc103","harpg101","snydf101","","","S7.1-2","F","F",9,1,20,"T","T",1,"F","F",0,"F","F",0,"F","F",7,"","F","F","",0,0,"N",0,"N",0,"N",1,2,0,0,"","","","","F","F","F","F","F","F","F","F","F","hubbb101","","","F","F","F","F","F","","","","",0,0,0,0,0,0,0,0,0,21,"NY1","NY1","PHI",1,"F","F",3,3,1,9,3,"T","F",1,3,"T","T","lindf101","wilsh102","T","T",2,8,19,0,0,0,0,0,0,"henlb101","","",0,0,0,0,0,0,0,0,0,0,0,0,0,"schuj101","F","F","F","F",0,4,0,0,1,0,0,0,0,0,F,F,"1924NY1.EVN.regular.event.csv",2241
"NY1192407050","PHI",2,1,1,0,0,"",3,3,"lindf101","?","lindf101","?","hubbb101","?","hubbb101","?","henlb101","holkw101","fordh101","wrigr102","sandh101","schuj101","willc103","harpg101","younr101","snydf101","","43.2-3;1-2","F","F",4,2,2,"T","T",0,"F","F",1,"F","F",0,"F","F",4,"G","F","F","",0,0,"N",0,"N",0,"N",0,2,3,0,"43","","","","F","F","F","F","F","F","F","F","F","hubbb101","hubbb101","","F","F","F","F","F","","","","",0,3,0,0,4,0,0,0,0,22,"NY1","NY1","PHI",1,"F","F",3,3,1,10,4,"T","F",3,6,"T","T","wilsh102","kellg101","T","T",9,1,21,2,8,19,0,0,0,"henlb101","henlb101","",0,0,0,0,0,0,0,0,0,0,0,0,0,"fordh101","F","F","F","F",0,0,4,0,1,0,0,0,0,0,F,F,"1924NY1.EVN.regular.event.csv",2242
"NY1192407050","PHI",2,1,2,0,0,"",3,3,"wilsh102","?","wilsh102","?","hubbb101","?","hubbb101","?","henlb101","holkw101","fordh101","wrigr102","sandh101","schuj101","willc103","harpg101","","younr101","snydf101","S4/G4M.3-H;2-3","F","F",8,3,20,"T","T",1,"F","F",0,"F","F",1,"F","F",4,"G","F","F","4M",0,0,"N",0,"N",0,"N",1,0,3,4,"","","","","F","F","F","F","F","F","F","F","F","","hubbb101","hubbb101","F","F","F","F","F","","","","",0,0,0,0,0,0,0,0,0,23,"NY1","NY1","PHI",1,"F","F",3,3,1,11,5,"T","F",6,5,"T","T","kellg101","meusi101","T","T",0,0,0,9,1,21,2,8,19,"","henlb101","henlb101",0,0,0,0,0,0,0,0,0,0,0,0,1,"fordh101","F","F","F","F",0,0,0,4,0,0,0,0,0,0,F,F,"1924NY1.EVN.regular.event.csv",2243
"NY1192407050","PHI",2,1,2,0,0,"",3,4,"kellg101","?","kellg101","?","steir103","?","steir103","?","henlb101","holkw101","fordh101","wrigr102","sandh101","schuj101","willc103","harpg101","wilsh102","","younr101","CSH(215)","F","F",3,4,6,"F","F",0,"F","F",1,"F","F",0,"F","F",0,"","F","F","",0,0,"N",0,"N",0,"N",0,1,0,0,"","","","215","F","F","F","F","F","T","F","F","F","hubbb101","","hubbb101","F","F","F","F","F","","","","",0,5,0,0,2,1,0,0,0,24,"NY1","NY1","PHI",1,"F","T",4,3,2,12,6,"T","T",5,1,"T","T","meusi101","jackt101","F","F",8,3,23,0,0,0,9,1,21,"henlb101","","henlb101",0,0,0,0,0,0,0,0,0,0,0,0,0,"","F","F","F","F",0,0,0,0,0,0,0,0,0,0,F,F,"1924NY1.EVN.regular.event.csv",2244
"NY1192407050","PHI",3,0,0,0,0,"",3,4,"harpg101","?","harpg101","?","mcquh101","?","mcquh101","?","snydf101","kellg101","lindf101","grohh101","jackt101","meusi101","wilsh102","younr101","","","","7/L","T","F",9,2,2,"T","T",0,"F","F",1,"F","F",0,"F","F",7,"L","F","F","",0,0,"N",0,"N",0,"N",0,0,0,0,"7","","","","F","F","F","F","F","F","F","F","F","","","","F","F","F","F","F","","","","",0,7,0,0,0,0,0,0,0,25,"NY1","PHI","NY1",0,"T","F",3,4,0,10,0,"T","F",0,0,"T","T","willc103","schuj101","T","T",0,0,0,0,0,0,0,0,0,"","","",0,0,0,0,0,0,0,0,0,0,0,0,0,"meusi101","F","F","F","F",0,0,0,0,0,0,0,0,0,0,F,F,"1924NY1.EVN.regular.event.csv",2245
"NY1192407050","PHI",3,0,1,0,0,"",3,4,"willc103","?","willc103","?","mcquh101","?","mcquh101","?","snydf101","kellg101","lindf101","grohh101","jackt101","meusi101","wilsh102","younr101","","","","3/G","F","F",8,3,2,"T","T",0,"F","F",1,"F","F",0,"F","F",3,"G","F","F","",0,0,"N",0,"N",0,"N",0,0,0,0,"3","","","","F","F","F","F","F","F","F","F","F","","","","F","F","F","F","F","","","","",0,3,0,0,0,0,0,0,0,26,"NY1","PHI","NY1",0,"F","F",3,4,0,11,1,"T","F",0,0,"T","T","schuj101","wrigr102","T","T",0,0,0,0,0,0,0,0,0,"","","",0,0,0,0,0,0,0,0,0,0,0,0,0,"kellg101","F","F","F","F",0,0,0,0,0,0,0,0,0,0,F,F,"1924NY1.EVN.regular.event.csv",2246
"NY1192407050","PHI",3,0,2,0,0,"",3,4,"schuj101","?","schuj101","?","mcquh101","?","mcquh101","?","snydf101","kellg101","lindf101","grohh101","jackt101","meusi101","wilsh102","younr101","","","","7/L","F","F",7,4,2,"T","T",0,"F","F",1,"F","F",0,"F","F",7,"L","F","F","",0,0,"N",0,"N",0,"N",0,0,0,0,"7","","","","F","F","F","F","F","F","F","F","F","","","","F","F","F","F","F","","","","",0,7,0,0,0,0,0,0,0,27,"NY1","PHI","NY1",0,"F","T",3,4,0,12,2,"T","F",0,0,"T","T","wrigr102","holkw101","T","T",0,0,0,0,0,0,0,0,0,"","","",0,0,0,0,0,0,0,0,0,0,0,0,0,"meusi101","F","F","F","F",0,0,0,0,0,0,0,0,0,0,F,F,"1924NY1.EVN.regular.event.csv",2247
"NY1192407050","PHI",3,1,0,0,0,"",3,4,"kellg101","?","kellg101","?","steir103","?","steir103","?","henlb101","holkw101","fordh101","wrigr102","sandh101","schuj101","willc103","harpg101","","","","D7/5L","T","F",3,4,21,"T","T",2,"F","F",0,"F","F",0,"F","F",7,"","F","F","5L",0,0,"N",0,"N",0,"N",2,0,0,0,"","","","","F","F","F","F","F","F","F","F","F","","","","F","F","F","F","F","","","","",0,0,0,0,0,0,0,0,0,28,"NY1","NY1","PHI",1,"T","F",4,3,0,12,0,"T","F",0,2,"T","T","meusi101","jackt101","F","F",0,0,0,0,0,0,0,0,0,"","","",0,0,0,0,0,0,0,0,0,0,0,0,0,"schuj101","F","F","F","F",4,0,0,0,1,0,0,0,0,0,F,F,"1924NY1.EVN.regular.event.csv",2248
"NY1192407050","PHI",3,1,0,0,0,"",3,4,"meusi101","?","meusi101","?","steir103","?","steir103","?","henlb101","holkw101","fordh101","wrigr102","sandh101","schuj101","willc103","harpg101","","kellg101","","8/F8XD.2-3","F","F",7,5,2,"T","T",0,"F","F",1,"F","F",0,"F","F",8,"F","F","F","8XD",0,0,"N",0,"N",0,"N",0,0,3,0,"8","","","","F","F","F","F","F","F","F","F","F","","steir103","","F","F","F","F","F","","","","",0,8,0,0,0,0,0,0,0,29,"NY1","NY1","PHI",1,"F","F",4,3,0,13,1,"T","F",2,4,"T","T","jackt101","grohh101","F","F",0,0,0,3,4,28,0,0,0,"","henlb101","",0,0,0,0,0,0,0,0,0,0,0,0,0,"willc103","F","F","F","F",0,0,4,0,1,0,0,0,0,0,F,F,"1924NY1.EVN.regular.event.csv",2249
"NY1192407050","PHI",3,1,1,0,0,"",3,4,"jackt101","?","jackt101","?","steir103","?","steir103","?","henlb101","holkw101","fordh101","wrigr102","sandh101","schuj101","willc103","harpg101","","","kellg101","S7.3-H","F","F",6,6,20,"T","T",1,"F","F",0,"F","F",1,"F","F",7,"","F","F","",0,0,"N",0,"N",0,"N",1,0,0,4,"","","","","F","F","F","F","F","F","F","F","F","","","steir103","F","F","F","F","F","","","","",0,0,0,0,0,0,0,0,0,30,"NY1","NY1","PHI",1,"F","F",4,3,0,14,2,"T","F",4,1,"T","T","grohh101","snydf101","F","F",0,0,0,0,0,0,3,4,28,"","","henlb101",0,0,0,0,0,0,0,0,0,0,0,0,1,"schuj101","F","F","F","F",0,0,0,4,0,0,0,0,0,0,F,F,"1924NY1.EVN.regular.event.csv",2250
"NY1192407050","PHI",3,1,1,0,0,"",3,5,"grohh101","?","grohh101","?","steir103","?","steir103","?","henlb101","holkw101","fordh101","wrigr102","sandh101","schuj101","willc103","harpg101","jackt101","","","7/F","F","F",5,7,2,"T","T",0,"F","F",1,"F","F",0,"F","F",7,"F","F","F","",0,0,"N",0,"N",0,"N",0,1,0,0,"7","","","","F","F","F","F","F","F","F","F","F","steir103","","","F","F","F","F","F","","","","",0,7,0,0,0,0,0,0,0,31,"NY1","NY1","PHI",1,"F","F",5,3,1,15,3,"T","F",1,1,"T","T","snydf101","mcquh101","F","F",6,6,30,0,0,0,0,0,0,"henlb101","","",0,0,0,0,0,0,0,0,0,0,0,0,0,"schuj101","F","F","F","F",0,0,0,0,0,0,0,0,0,0,F,F,"1924NY1.EVN.regular.event.csv",2251
"NY1192407050","PHI",3,1,2,0,0,"",3,5,"snydf101","?","snydf101","?","steir103","?","steir103","?","henlb101","holkw101","fordh101","wrigr102","sandh101","schuj101","willc103","harpg101","jackt101","","","8/F","F","F",2,8,2,"T","T",0,"F","F",1,"F","F",0,"F","F",8,"F","F","F","",0,0,"N",0,"N",0,"N",0,1,0,0,"8","","","","F","F","F","F","F","F","F","F","F","steir103","","","F","F","F","F","F","","","","",0,8,0,0,0,0,0,0,0,32,"NY1","NY1","PHI",1,"F","T",5,3,1,16,4,"T","F",1,1,"T","T","mcquh101","younr101","F","F",6,6,30,0,0,0,0,0,0,"henlb101","","",0,0,0,0,0,0,0,0,0,0,0,0,0,"willc103","F","F","F","F",0,0,0,0,0,0,0,0,0,0,F,F,"1924NY1.EVN.regular.event.csv",2252
"NY1192407050","PHI",4,0,0,0,0,"",3,5,"wrigr102","?","wrigr102","?","mcquh101","?","mcquh101","?","snydf101","kellg101","lindf101","grohh101","jackt101","meusi101","wilsh102","younr101","","","","7/L","T","F",5,5,2,"T","T",0,"F","F",1,"F","F",0,"F","F",7,"L","F","F","",0,0,"N",0,"N",0,"N",0,0,0,0,"7","","","","F","F","F","F","F","F","F","F","F","","","","F","F","F","F","F","","","","",0,7,0,0,0,0,0,0,0,33,"NY1","PHI","NY1",0,"T","F",3,5,0,13,0,"T","F",0,0,"T","T","holkw101","fordh101","T","T",0,0,0,0,0,0,0,0,0,"","","",0,0,0,0,0,0,0,0,0,0,0,0,0,"meusi101","F","F","F","F",0,0,0,0,0,0,0,0,0,0,F,F,"1924NY1.EVN.regular.event.csv",2253
"NY1192407050","PHI",4,0,1,0,0,"",3,5,"holkw101","?","holkw101","?","mcquh101","?","mcquh101","?","snydf101","kellg101","lindf101","grohh101","jackt101","meusi101","wilsh102","younr101","","","","9/F89D","F","F",3,6,2,"T","T",0,"F","F",1,"F","F",0,"F","F",9,"F","F","F","89D",0,0,"N",0,"N",0,"N",0,0,0,0,"9","","","","F","F","F","F","F","F","F","F","F","","","","F","F","F","F","F","","","","",0,9,0,0,0,0,0,0,0,34,"NY1","PHI","NY1",0,"F","F",3,5,0,14,1,"T","F",0,0,"T","T","fordh101","henlb101","T","T",0,0,0,0,0,0,0,0,0,"","","",0,0,0,0,0,0,0,0,0,0,0,0,0,"younr101","F","F","F","F",0,0,0,0,0,0,0,0,0,0,F,F,"1924NY1.EVN.regular.event.csv",2254
"NY1192407050","PHI",4,0,2,0,0,"",3,5,"fordh101","?","fordh101","?","mcquh101","?","mcquh101","?","snydf101","kellg101","lindf101","grohh101","jackt101","meusi101","wilsh102","younr101","","","","8/L","F","F",4,7,2,"T","T",0,"F","F",1,"F","F",0,"F","F",8,"L","F","F","",0,0,"N",0,"N",0,"N",0,0,0,0,"8","","","","F","F","F","F","F","F","F","F","F","","","","F","F","F","F","F","","","","",0,8,0,0,0,0,0,0,0,35,"NY1","PHI","NY1",0,"F","T",3,5,0,15,2,"T","F",0,0,"T","T","henlb101","steir103","T","T",0,0,0,0,0,0,0,0,0,"","","",0,0,0,0,0,0,0,0,0,0,0,0,0,"wilsh102","F","F","F","F",0,0,0,0,0,0,0,0,0,0,F,F,"1924NY1.EVN.regular.event.csv",2255
"NY1192407050","PHI",4,1,0,0,0,"",3,5,"mcquh101","?","mcquh101","?","steir103","?","steir103","?","henlb101","holkw101","fordh101","wrigr102","sandh101","schuj101","willc103","harpg101","","","","W","T","F",1,9,14,"T","F",0,"F","F",0,"F","F",0,"F","F",0,"","F","F","",0,0,"N",0,"N",0,"N",1,0,0,0,"","","","","F","F","F","F","F","F","F","F","F","","","","F","F","F","F","F","","","","",0,0,0,0,0,0,0,0,0,36,"NY1","NY1","PHI",1,"T","F",5,3,0,17,0,"T","F",0,1,"T","T","younr101","lindf101","F","F",0,0,0,0,0,0,0,0,0,"","","",0,0,0,0,0,0,0,0,0,0,0,0,0,"","F","F","F","F",0,0,0,0,0,0,0,0,0,0,F,F,"1924NY1.EVN.regular.event.csv",2256
"NY1192407050","PHI",4,1,0,0,0,"",3,5,"younr101","?","younr101","?","steir103","?","steir103","?","henlb101","holkw101","fordh101","wrigr102","sandh101","schuj101","willc103","harpg101","mcquh101","","","W.1-2","F","F",9,1,14,"T","F",0,"F","F",0,"F","F",0,"F","F",0,"","F","F","",0,0,"N",0,"N",0,"N",1,2,0,0,"","","","","F","F","F","F","F","F","F","F","F","steir103","","","F","F","F","F","F","","","","",0,0,0,0,0,0,0,0,0,37,"NY1","NY1","PHI",1,"F","F",5,3,0,18,1,"T","F",1,3,"T","T","lindf101","wilsh102","F","F",1,9,36,0,0,0,0,0,0,"henlb101","","",0,0,0,0,0,0,0,0,0,0,0,0,0,"","F","F","F","F",0,0,0,0,0,0,0,0,0,0,F,F,"1924NY1.EVN.regular.event.csv",2257
"NY1192407050","PHI",4,1,0,0,0,"",3,5,"lindf101","?","lindf101","?","steir103","?","steir103","?","henlb101","holkw101","fordh101","wrigr102","sandh101","schuj101","willc103","harpg101","younr101","mcquh101","","K/C","F","F",4,2,3,"T","T",0,"F","F",1,"F","F",0,"F","F",0,"","F","F","",0,0,"N",0,"N",0,"N",0,1,2,0,"2","","","","F","F","F","F","F","F","F","F","F","steir103","steir103","","F","F","F","F","F","","","","",0,2,0,0,0,0,0,0,0,38,"NY1","NY1","PHI",1,"F","F",5,3,0,19,2,"T","F",3,3,"T","T","wilsh102","kellg101","F","F",9,1,37,1,9,36,0,0,0,"henlb101","henlb101","",0,0,0,0,0,0,0,0,0,0,0,0,0,"","F","F","F","F",0,0,0,0,0,0,0,0,0,0,F,F,"1924NY1.EVN.regular.event.csv",2258
"NY1192407050","PHI",4,1,1,0,0,"",3,5,"wilsh102","?","wilsh102","?","steir103","?","steir103","?","henlb101","holkw101","fordh101","wrigr102","sandh101","schuj101","willc103","harpg101","younr101","mcquh101","","S/G1S.2-3;1-2","F","F",8,3,20,"T","T",1,"F","F",0,"F","F",0,"F","F",0,"G","F","F","1S",0,0,"N",0,"N",0,"N",1,2,3,0,"","","","","F","F","F","F","F","F","F","F","F","steir103","steir103","","F","F","F","F","F","","","","",0,0,0,0,0,0,0,0,0,39,"NY1","NY1","PHI",1,"F","F",5,3,0,20,3,"T","F",3,7,"T","T","kellg101","meusi101","F","F",9,1,37,1,9,36,0,0,0,"henlb101","henlb101","",0,0,0,0,0,0,0,0,0,0,0,0,0,"","F","F","F","F",0,0,0,0,0,0,0,0,0,0,F,F,"1924NY1.EVN.regular.event.csv",2259
"NY1192407050","PHI",4,1,1,0,0,"",3,5,"kellg101","?","kellg101","?","steir103","?","steir103","?","henlb101","holkw101","fordh101","wrigr102","sandh101","schuj101","willc103","harpg101","wilsh102","younr101","mcquh101","6/P","F","F",3,4,2,"T","T",0,"F","F",1,"F","F",0,"F","F",6,"P","F","F","",0,0,"N",0,"N",0,"N",0,1,2,3,"6","","","","F","F","F","F","F","F","F","F","F","steir103","steir103","steir103","F","F","F","F","F","","","","",0,6,0,0,0,0,0,0,0,40,"NY1","NY1","PHI",1,"F","F",5,3,0,21,4,"T","F",7,7,"T","T","meusi101","jackt101","F","F",8,3,39,9,1,37,1,9,36,"henlb101","henlb101","henlb101",0,0,0,0,0,0,0,0,0,0,0,0,0,"sandh101","F","F","F","F",0,0,0,0,0,0,0,0,0,0,F,F,"1924NY1.EVN.regular.event.csv",2260
"NY1192407050","PHI",4,1,2,0,0,"",3,5,"meusi101","?","meusi101","?","steir103","?","steir103","?","henlb101","holkw101","fordh101","wrigr102","sandh101","schuj101","willc103","harpg101","wilsh102","younr101","mcquh101","4/P34D","F","F",7,5,2,"T","T",0,"F","F",1,"F","F",0,"F","F",4,"P","F","F","34D",0,0,"N",0,"N",0,"N",0,1,2,3,"4","","","","F","F","F","F","F","F","F","F","F","steir103","steir103","steir103","F","F","F","F","F","","","","",0,4,0,0,0,0,0,0,0,41,"NY1","NY1","PHI",1,"F","T",5,3,0,22,5,"T","F",7,7,"T","T","jackt101","grohh101","F","F",8,3,39,9,1,37,1,9,36,"henlb101","henlb101","henlb101",0,0,0,0,0,0,0,0,0,0,0,0,0,"fordh101","F","F","F","F",0,0,0,0,0,0,0,0,0,0,F,F,"1924NY1.EVN.regular.event.csv",2261
"NY1192407050","PHI",5,0,0,0,0,"",3,5,"henlb101","?","henlb101","?","mcquh101","?","mcquh101","?","snydf101","kellg101","lindf101","grohh101","jackt101","meusi101","wilsh102","younr101","","","","8/L","T","F",2,8,2,"T","T",0,"F","F",1,"F","F",0,"F","F",8,"L","F","F","",0,0,"N",0,"N",0,"N",0,0,0,0,"8","","","","F","F","F","F","F","F","F","F","F","","","","F","F","F","F","F","","","","",0,8,0,0,0,0,0,0,0,42,"NY1","PHI","NY1",0,"T","F",3,5,0,16,0,"T","F",0,0,"T","T","steir103","sandh101","T","T",0,0,0,0,0,0,0,0,0,"","","",0,0,0,0,0,0,0,0,0,0,0,0,0,"wilsh102","F","F","F","F",0,0,0,0,0,0,0,0,0,0,F,F,"1924NY1.EVN.regular.event.csv",2262
"NY1192407050","PHI",5,0,1,0,0,"",3,5,"steir103","?","steir103","?","mcquh101","?","mcquh101","?","snydf101","kellg101","lindf101","grohh101","jackt101","meusi101","wilsh102","younr101","","","","K/C","F","F",1,9,3,"T","T",0,"F","F",1,"F","F",0,"F","F",0,"","F","F","",0,0,"N",0,"N",0,"N",0,0,0,0,"2","","","","F","F","F","F","F","F","F","F","F","","","","F","F","F","F","F","","","","",0,2,0,0,0,0,0,0,0,43,"NY1","PHI","NY1",0,"F","F",3,5,0,17,1,"T","F",0,0,"F","F","sandh101","harpg101","T","T",0,0,0,0,0,0,0,0,0,"","","",0,0,0,0,0,0,0,0,0,0,0,0,0,"","F","F","F","F",0,0,0,0,0,0,0,0,0,0,F,F,"1924NY1.EVN.regular.event.csv",2263
"NY1192407050","PHI",5,0,2,0,0,"",3,5,"sandh101","?","sandh101","?","mcquh101","?","mcquh101","?","snydf101","kellg101","lindf101","grohh101","jackt101","meusi101","wilsh102","younr101","","","","W","F","F",6,1,14,"T","F",0,"F","F",0,"F","F",0,"F","F",0,"","F","F","",0,0,"N",0,"N",0,"N",1,0,0,0,"","","","","F","F","F","F","F","F","F","F","F","","","","F","F","F","F","F","","","","",0,0,0,0,0,0,0,0,0,44,"NY1","PHI","NY1",0,"F","F",3,5,0,18,2,"T","F",0,1,"T","T","harpg101","willc103","T","T",0,0,0,0,0,0,0,0,0,"","","",0,0,0,0,0,0,0,0,0,0,0,0,0,"","F","F","F","F",0,0,0,0,0,0,0,0,0,0,F,F,"1924NY1.EVN.regular.event.csv",2264
"NY1192407050","PHI",5,0,2,0,0,"",3,5,"harpg101","?","harpg101","?","mcquh101","?","mcquh101","?","snydf101","kellg101","lindf101","grohh101","jackt101","meusi101","wilsh102","younr101","sandh101","","","S7.1-2","F","F",9,2,20,"T","T",1,"F","F",0,"F","F",0,"F","F",7,"","F","F","",0,0,"N",0,"N",0,"N",1,2,0,0,"","","","","F","F","F","F","F","F","F","F","F","mcquh101","","","F","F","F","F","F","","","","",0,0,0,0,0,0,0,0,0,45,"NY1","PHI","NY1",0,"F","F",3,5,0,19,3,"T","F",1,3,"T","T","willc103","schuj101","T","T",6,1,44,0,0,0,0,0,0,"snydf101","","",0,0,0,0,0,0,0,0,0,0,0,0,0,"meusi101","F","F","F","F",0,0,0,0,0,0,0,0,0,0,F,F,"1924NY1.EVN.regular.event.csv",2265
"NY1192407050","PHI",5,0,2,0,0,"",3,5,"willc103","?","willc103","?","mcquh101","?","mcquh101","?","snydf101","kellg101","lindf101","grohh101","jackt101","meusi101","wilsh102","younr101","harpg101","sandh101","","W.2-3;1-2","F","F",8,3,14,"T","F",0,"F","F",0,"F","F",0,"F","F",0,"","F","F","",0,0,"N",0,"N",0,"N",1,2,3,0,"","","","","F","F","F","F","F","F","F","F","F","mcquh101","mcquh101","","F","F","F","F","F","","","","",0,0,0,0,0,0,0,0,0,46,"NY1","PHI","NY1",0,"F","F",3,5,0,20,4,"T","F",3,7,"T","T","schuj101","wrigr102","T","T",9,2,45,6,1,44,0,0,0,"snydf101","snydf101","",0,0,0,0,0,0,0,0,0,0,0,0,0,"","F","F","F","F",0,0,0,0,0,0,0,0,0,0,F,F,"1924NY1.EVN.regular.event.csv",2266
"NY1192407050","PHI",5,0,2,0,0,"",3,5,"schuj101","?","schuj101","?","mcquh101","?","mcquh101","?","snydf101","kellg101","lindf101","grohh101","jackt101","meusi101","wilsh102","younr101","willc103","harpg101","sandh101","9/F","F","F",7,4,2,"T","T",0,"F","F",1,"F","F",0,"F","F",9,"F","F","F","",0,0,"N",0,"N",0,"N",0,1,2,3,"9","","","","F","F","F","F","F","F","F","F","F","mcquh101","mcquh101","mcquh101","F","F","F","F","F","","","","",0,9,0,0,0,0,0,0,0,47,"NY1","PHI","NY1",0,"F","T",3,5,0,21,5,"T","F",7,7,"T","T","wrigr102","holkw101","T","T",8,3,46,9,2,45,6,1,44,"snydf101","snydf101","snydf101",0,0,0,0,0,0,0,0,0,0,0,0,0,"younr101","F","F","F","F",0,0,0,0,0,0,0,0,0,0,F,F,"1924NY1.EVN.regular.event.csv",2267
"NY1192407050","PHI",5,1,0,0,0,"",3,5,"jackt101","?","jackt101","?","steir103","?","steir103","?","henlb101","holkw101","fordh101","wrigr102","sandh101","schuj101","willc103","harpg101","","","","63","T","F",6,6,2,"T","T",0,"F","F",1,"F","F",0,"F","F",6,"G","F","F","",0,0,"N",0,"N",0,"N",0,0,0,0,"63","","","","F","F","F","F","F","F","F","F","F","","","","F","F","F","F","F","","","","",0,3,0,0,6,0,0,0,0,48,"NY1","NY1","PHI",1,"T","F",5,3,0,23,0,"T","F",0,0,"T","T","grohh101","snydf101","F","F",0,0,0,0,0,0,0,0,0,"","","",0,0,0,0,0,0,0,0,0,0,0,0,0,"sandh101","F","F","F","F",0,0,0,0,0,0,0,0,0,0,F,F,"1924NY1.EVN.regular.event.csv",2268
"NY1192407050","PHI",5,1,1,0,0,"",3,5,"grohh101","?","grohh101","?","steir103","?","steir103","?","henlb101","holkw101","fordh101","wrigr102","sandh101","schuj101","willc103","harpg101","","","","6/P","F","F",5,7,2,"T","T",0,"F","F",1,"F","F",0,"F","F",6,"P","F","F","",0,0,"N",0,"N",0,"N",0,0,0,0,"6","","","","F","F","F","F","F","F","F","F","F","","","","F","F","F","F","F","","","","",0,6,0,0,0,0,0,0,0,49,"NY1","NY1","PHI",1,"F","F",5,3,0,24,1,"T","F",0,0,"T","T","snydf101","mcquh101","F","F",0,0,0,0,0,0,0,0,0,"","","",0,0,0,0,0,0,0,0,0,0,0,0,0,"sandh101","F","F","F","F",0,0,0,0,0,0,0,0,0,0,F,F,"1924NY1.EVN.regular.event.csv",2269
"NY1192407050","PHI",5,1,2,0,0,"",3,5,"snydf101","?","snydf101","?","steir103","?","steir103","?","henlb101","holkw101","fordh101","wrigr102","sandh101","schuj101","willc103","harpg101","","","","T/89D","F","F",2,8,22,"T","T",3,"F","F",0,"F","F",0,"F","F",0,"","F","F","89D",0,0,"N",0,"N",0,"N",3,0,0,0,"","","","","F","F","F","F","F","F","F","F","F","","","","F","F","F","F","F","","","","",0,0,0,0,0,0,0,0,0,50,"NY1","NY1","PHI",1,"F","F",5,3,0,25,2,"T","F",0,4,"T","T","mcquh101","younr101","F","F",0,0,0,0,0,0,0,0,0,"","","",0,0,0,0,0,0,0,0,0,0,0,0,0,"","F","F","F","F",0,0,0,0,0,0,0,0,0,0,F,F,"1924NY1.EVN.regular.event.csv",2270
"NY1192407050","PHI",5,1,2,0,0,"",3,5,"mcquh101","?","mcquh101","?","steir103","?","steir103","?","henlb101","holkw101","fordh101","wrigr102","sandh101","schuj101","willc103","harpg101","","","snydf101","K/C","F","F",1,9,3,"T","T",0,"F","F",1,"F","F",0,"F","F",0,"","F","F","",0,0,"N",0,"N",0,"N",0,0,0,3,"2","","","","F","F","F","F","F","F","F","F","F","","","steir103","F","F","F","F","F","","","","",0,2,0,0,0,0,0,0,0,51,"NY1","NY1","PHI",1,"F","T",5,3,0,26,3,"T","F",4,4,"T","T","younr101","lindf101","F","F",0,0,0,0,0,0,2,8,50,"","","henlb101",0,0,0,0,0,0,0,0,0,0,0,0,0,"","F","F","F","F",0,0,0,0,0,0,0,0,0,0,F,F,"1924NY1.EVN.regular.event.csv",2271
"NY1192407050","PHI",6,0,0,0,0,"",3,5,"wrigr102","?","wrigr102","?","mcquh101","?","mcquh101","?","snydf101","kellg101","lindf101","grohh101","jackt101","meusi101","wilsh102","younr101","","","","43","T","F",5,5,2,"T","T",0,"F","F",1,"F","F",0,"F","F",4,"G","F","F","",0,0,"N",0,"N",0,"N",0,0,0,0,"43","","","","F","F","F","F","F","F","F","F","F","","","","F","F","F","F","F","","","","",0,3,0,0,4,0,0,0,0,52,"NY1","PHI","NY1",0,"T","F",3,5,0,22,0,"T","F",0,0,"T","T","holkw101","fordh101","T","T",0,0,0,0,0,0,0,0,0,"","","",0,0,0,0,0,0,0,0,0,0,0,0,0,"lindf101","F","F","F","F",0,0,0,0,0,0,0,0,0,0,F,F,"1924NY1.EVN.regular.event.csv",2272
"NY1192407050","PHI",6,0,1,0,0,"",3,5,"holkw101","?","holkw101","?","mcquh101","?","mcquh101","?","snydf101","kellg101","lindf101","grohh101","jackt101","meusi101","wilsh102","younr101","","","","W","F","F",3,6,14,"T","F",0,"F","F",0,"F","F",0,"F","F",0,"","F","F","",0,0,"N",0,"N",0,"N",1,0,0,0,"","","","","F","F","F","F","F","F","F","F","F","","","","F","F","F","F","F","","","","",0,0,0,0,0,0,0,0,0,53,"NY1","PHI","NY1",0,"F","F",3,5,0,23,1,"T","F",0,1,"T","T","fordh101","henlb101","T","T",0,0,0,0,0,0,0,0,0,"","","",0,0,0,0,0,0,0,0,0,0,0,0,0,"","F","F","F","F",0,0,0,0,0,0,0,0,0,0,F,F,"1924NY1.EVN.regular.event.csv",2273
"NY1192407050","PHI",6,0,1,0,0,"",3,5,"fordh101","?","fordh101","?","mcquh101","?","mcquh101","?","snydf101","kellg101","lindf101","grohh101","jackt101","meusi101","wilsh102","younr101","holkw101","","","7/F","F","F",4,7,2,"T","T",0,"F","F",1,"F","F",0,"F","F",7,"F","F","F","",0,0,"N",0,"N",0,"N",0,1,0,0,"7","","","","F","F","F","F","F","F","F","F","F","mcquh101","","","F","F","F","F","F","","","","",0,7,0,0,0,0,0,0,0,54,"NY1","PHI","NY1",0,"F","F",3,5,0,24,2,"T","F",1,1,"T","T","henlb101","steir103","T","T",3,6,53,0,0,0,0,0,0,"snydf101","","",0,0,0,0,0,0,0,0,0,0,0,0,0,"meusi101","F","F","F","F",0,0,0,0,0,0,0,0,0,0,F,F,"1924NY1.EVN.regular.event.csv",2274
"NY1192407050","PHI",6,0,2,0,0,"",3,5,"henlb101","?","henlb101","?","mcquh101","?","mcquh101","?","snydf101","kellg101","lindf101","grohh101","jackt101","meusi101","wilsh102","younr101","holkw101","","","64(1)/FO","F","F",2,8,2,"T","T",0,"F","F",1,"F","F",0,"F","F",6,"G","F","F","",0,0,"N",0,"N",0,"N",1,0,0,0,"","64","","","F","F","F","F","F","F","F","F","F","mcquh101","","","F","F","F","F","F","","","","",0,4,0,0,6,0,0,0,0,55,"NY1","PHI","NY1",0,"F","T",3,5,0,25,3,"T","F",1,1,"T","T","steir103","sandh101","T","T",3,6,53,0,0,0,0,0,0,"snydf101","","",0,0,0,0,0,0,0,0,0,0,0,0,0,"jackt101","T","F","F","F",0,0,0,0,0,0,0,0,0,0,F,F,"1924NY1.EVN.regular.event.csv",2275
"NY1192407050","PHI",6,1,0,0,0,"",3,5,"younr101","?","younr101","?","steir103","?","steir103","?","henlb101","holkw101","fordh101","wrigr102","sandh101","schuj101","willc103","harpg101","","","","43","T","F",9,1,2,"T","T",0,"F","F",1,"F","F",0,"F","F",4,"G","F","F","",0,0,"N",0,"N",0,"N",0,0,0,0,"43","","","","F","F","F","F","F","F","F","F","F","","","","F","F","F","F","F","","","","",0,3,0,0,4,0,0,0,0,56,"NY1","NY1","PHI",1,"T","F",5,3,0,27,0,"T","F",0,0,"T","T","lindf101","wilsh102","F","F",0,0,0,0,0,0,0,0,0,"","","",0,0,0,0,0,0,0,0,0,0,0,0,0,"fordh101","F","F","F","F",0,0,0,0,0,0,0,0,0,0,F,F,"1924NY1.EVN.regular.event.csv",2276
"NY1192407050","PHI",6,1,1,0,0,"",3,5,"lindf101","?","lindf101","?","steir103","?","steir103","?","henlb101","holkw101","fordh101","wrigr102","sandh101","schuj101","willc103","harpg101","","","","2/FL","F","F",4,2,2,"T","T",0,"F","F",1,"F","F",0,"F","F",2,"F","F","T","",0,0,"N",0,"N",0,"N",0,0,0,0,"2","","","","F","F","F","F","F","F","F","F","F","","","","F","F","F","F","F","","","","",0,2,0,0,0,0,0,0,0,57,"NY1","NY1","PHI",1,"F","F",5,3,0,28,1,"T","F",0,0,"T","T","wilsh102","kellg101","F","F",0,0,0,0,0,0,0,0,0,"","","",0,0,0,0,0,0,0,0,0,0,0,0,0,"henlb101","F","F","F","F",0,0,0,0,0,0,0,0,0,0,F,F,"1924NY1.EVN.regular.event.csv",2277
"NY1192407050","PHI",6,1,2,0,0,"",3,5,"wilsh102","?","wilsh102","?","steir103","?","steir103","?","henlb101","holkw101","fordh101","wrigr102","sandh101","schuj101","willc103","harpg101","","","","S9","F","F",8,3,20,"T","T",1,"F","F",0,"F","F",0,"F","F",9,"","F","F","",0,0,"N",0,"N",0,"N",1,0,0,0,"","","","","F","F","F","F","F","F","F","F","F","","","","F","F","F","F","F","","","","",0,0,0,0,0,0,0,0,0,58,"NY1","NY1","PHI",1,"F","F",5,3,0,29,2,"T","F",0,1,"T","T","kellg101","meusi101","F","F",0,0,0,0,0,0,0,0,0,"","","",0,0,0,0,0,0,0,0,0,0,0,0,0,"harpg101","F","F","F","F",0,0,0,0,0,0,0,0,0,0,F,F,"1924NY1.EVN.regular.event.csv",2278
"NY1192407050","PHI",6,1,2,0,0,"",3,5,"kellg101","?","kellg101","?","steir103","?","steir103","?","henlb101","holkw101","fordh101","wrigr102","sandh101","schuj101","willc103","harpg101","wilsh102","","","9/F","F","F",3,4,2,"T","T",0,"F","F",1,"F","F",0,"F","F",9,"F","F","F","",0,0,"N",0,"N",0,"N",0,1,0,0,"9","","","","F","F","F","F","F","F","F","F","F","steir103","","","F","F","F","F","F","","","","",0,9,0,0,0,0,0,0,0,59,"NY1","NY1","PHI",1,"F","T",5,3,0,30,3,"T","F",1,1,"T","T","meusi101","jackt101","F","F",8,3,58,0,0,0,0,0,0,"henlb101","","",0,0,0,0,0,0,0,0,0,0,0,0,0,"harpg101","F","F","F","F",0,0,0,0,0,0,0,0,0,0,F,F,"1924NY1.EVN.regular.event.csv",2279
"NY1192407050","PHI",7,0,0,0,0,"",3,5,"steir103","?","steir103","?","mcquh101","?","mcquh101","?","snydf101","kellg101","lindf101","grohh101","jackt101","meusi101","wilsh102","younr101","","","","S6/G56","T","F",1,9,20,"T","T",1,"F","F",0,"F","F",0,"F","F",6,"G","F","F","56",0,0,"N",0,"N",0,"N",1,0,0,0,"","","","","F","F","F","F","F","F","F","F","F","","","","F","F","F","F","F","","","","",0,0,0,0,0,0,0,0,0,60,"NY1","PHI","NY1",0,"T","F",3,5,0,26,0,"T","F",0,1,"F","F","sandh101","harpg101","T","T",0,0,0,0,0,0,0,0,0,"","","",0,0,0,0,0,0,0,0,0,0,0,0,0,"jackt101","F","F","F","F",4,0,0,0,2,0,0,0,0,0,F,F,"1924NY1.EVN.regular.event.csv",2280
"NY1192407050","PHI",7,0,0,0,0,"",3,5,"sandh101","?","sandh101","?","mcquh101","?","mcquh101","?","snydf101","kellg101","lindf101","grohh101","jackt101","meusi101","wilsh102","younr101","steir103","","","5/L5L","F","F",6,1,2,"T","T",0,"F","F",1,"F","F",0,"F","F",5,"L","F","F","5L",0,0,"N",0,"N",0,"N",0,1,0,0,"5","","","","F","F","F","F","F","F","F","F","F","mcquh101","","","F","F","F","F","F","","","","",0,5,0,0,0,0,0,0,0,61,"NY1","PHI","NY1",0,"F","F",3,5,0,27,1,"T","F",1,1,"T","T","harpg101","willc103","T","T",1,9,60,0,0,0,0,0,0,"snydf101","","",0,0,0,0,0,0,0,0,0,0,0,0,0,"grohh101","F","F","F","F",0,4,0,0,2,0,0,0,0,0,F,F,"1924NY1.EVN.regular.event.csv",2281
"NY1192407050","PHI",7,0,1,0,0,"",3,5,"harpg101","?","harpg101","?","mcquh101","?","mcquh101","?","snydf101","kellg101","lindf101","grohh101","jackt101","meusi101","wilsh102","younr101","steir103","","","S9.1-2","F","F",9,2,20,"T","T",1,"F","F",0,"F","F",0,"F","F",9,"","F","F","",0,0,"N",0,"N",0,"N",1,2,0,0,"","","","","F","F","F","F","F","F","F","F","F","mcquh101","","","F","F","F","F","F","","","","",0,0,0,0,0,0,0,0,0,62,"NY1","PHI","NY1",0,"F","F",3,5,0,28,2,"T","F",1,3,"T","T","willc103","schuj101","T","T",1,9,60,0,0,0,0,0,0,"snydf101","","",0,0,0,0,0,0,0,0,0,0,0,0,0,"younr101","F","F","F","F",5,4,0,0,2,0,0,0,0,0,F,F,"1924NY1.EVN.regular.event.csv",2282
"NY1192407050","PHI",7,0,1,0,0,"",3,5,"willc103","?","willc103","?","mcquh101","?","mcquh101","?","snydf101","kellg101","lindf101","grohh101","jackt101","meusi101","wilsh102","younr101","harpg101","steir103","","W.2-3;1-2","F","F",8,3,14,"T","F",0,"F","F",0,"F","F",0,"F","F",0,"","F","F","",0,0,"N",0,"N",0,"N",1,2,3,0,"","","","","F","F","F","F","F","F","F","F","F","mcquh101","mcquh101","","F","F","F","F","F","","","","",0,0,0,0,0,0,0,0,0,63,"NY1","PHI","NY1",0,"F","F",3,5,0,29,3,"T","F",3,7,"T","T","schuj101","wrigr102","T","T",9,2,62,1,9,60,0,0,0,"snydf101","snydf101","",0,0,0,0,0,0,0,0,0,0,0,0,0,"","F","F","F","F",0,5,4,0,2,0,0,0,0,0,F,F,"1924NY1.EVN.regular.event.csv",2283
"NY1192407050","PHI",7,0,1,0,0,"",3,5,"schuj101","?","schuj101","?","mcquh101","?","mcquh101","?","snydf101","kellg101","lindf101","grohh101","jackt101","meusi101","wilsh102","younr101","willc103","harpg101","steir103","4(1)/FO.3-H;2-H(E4/TH1)(NR)(UR);B-2","F","F",7,4,2,"T","T",0,"F","F",1,"F","F",1,"F","F",4,"G","F","F","",1,4,"T",0,"N",0,"N",2,0,5,4,"","4","","","F","F","F","F","F","F","F","F","F","mcquh101","mcquh101","mcquh101","F","F","F","F","F","","","","",0,4,0,0,0,0,0,0,0,64,"NY1","PHI","NY1",0,"F","F",3,5,0,30,4,"T","F",7,2,"T","T","wrigr102","holkw101","T","T",8,3,63,9,2,62,1,9,60,"snydf101","snydf101","snydf101",0,0,0,0,0,0,0,0,0,0,0,0,2,"lindf101","T","F","F","F",0,0,5,4,0,0,0,0,0,0,F,F,"1924NY1.EVN.regular.event.csv",2284
"NY1192407050","PHI",7,0,2,0,0,"",5,5,"wrigr102","?","wrigr102","?","mcquh101","?","mcquh101","?","snydf101","kellg101","lindf101","grohh101","jackt101","meusi101","wilsh102","younr101","","schuj101","","8/L","F","F",5,5,2,"T","T",0,"F","F",1,"F","F",0,"F","F",8,"L","F","F","",0,0,"N",0,"N",0,"N",0,0,2,0,"8","","","","F","F","F","F","F","F","F","F","F","","mcquh101","","F","F","F","F","F","","","","",0,8,0,0,0,0,0,0,0,65,"NY1","PHI","NY1",0,"F","T",5,5,2,31,5,"T","F",2,2,"T","T","holkw101","fordh101","T","T",0,0,0,7,4,64,0,0,0,"","snydf101","",0,0,0,0,0,0,0,0,0,0,0,0,0,"wilsh102","F","F","F","F",0,0,0,0,0,0,0,0,0,0,F,F,"1924NY1.EVN.regular.event.csv",2285
"NY1192407050","PHI",7,1,0,0,0,"",5,5,"meusi101","?","meusi101","?","steir103","?","steir103","?","henlb101","holkw101","fordh101","wrigr102","sandh101","schuj101","willc103","harpg101","","","","S8","T","F",7,5,20,"T","T",1,"F","F",0,"F","F",0,"F","F",8,"","F","F","",0,0,"N",0,"N",0,"N",1,0,0,0,"","","","","F","F","F","F","F","F","F","F","F","","","","F","F","F","F","F","","","","",0,0,0,0,0,0,0,0,0,66,"NY1","NY1","PHI",1,"T","F",5,5,0,31,0,"T","F",0,1,"T","T","jackt101","grohh101","F","F",0,0,0,0,0,0,0,0,0,"","","",0,0,0,0,0,0,0,0,0,0,0,0,0,"willc103","F","F","F","F",4,0,0,0,1,0,0,0,0,0,F,F,"1924NY1.EVN.regular.event.csv",2286
"NY1192407050","PHI",7,1,0,0,0,"",5,5,"jackt101","?","jackt101","?","steir103","?","steir103","?","henlb101","holkw101","fordh101","wrigr102","sandh101","schuj101","willc103","harpg101","meusi101","","","S8.1-3","F","F",6,6,20,"T","T",1,"F","F",0,"F","F",0,"F","F",8,"","F","F","",0,0,"N",0,"N",0,"N",1,3,0,0,"","","","","F","F","F","F","F","F","F","F","F","steir103","","","F","F","F","F","F","","","","",0,0,0,0,0,0,0,0,0,67,"NY1","NY1","PHI",1,"F","F",5,5,0,32,1,"T","F",1,5,"T","T","grohh101","snydf101","F","F",7,5,66,0,0,0,0,0,0,"henlb101","","",0,0,0,0,0,0,0,0,0,0,0,0,0,"willc103","F","F","F","F",3,4,0,0,1,0,0,0,0,0,F,F,"1924NY1.EVN.regular.event.csv",2287
"NY1192407050","PHI",7,1,0,0,0,"",5,5,"grohh101","?","grohh101","?","steir103","?","steir103","?","henlb101","holkw101","fordh101","wrigr102","sandh101","schuj101","willc103","harpg101","jackt101","","meusi101","8/SF.3-H;1-2(E8/THH)","F","F",5,7,2,"T","F",0,"F","T",1,"F","F",1,"F","F",8,"F","F","F","",1,8,"T",0,"N",0,"N",0,2,0,4,"8","","","","F","F","F","F","F","F","F","F","F","steir103","","steir103","F","F","F","F","F","","","","",0,8,0,0,0,0,0,0,0,68,"NY1","NY1","PHI",1,"F","F",5,5,0,33,2,"T","F",5,2,"T","T","snydf101","mcquh101","F","F",6,6,67,0,0,0,7,5,66,"henlb101","","henlb101",0,0,0,0,0,0,0,0,0,0,0,0,1,"willc103","F","F","F","F",0,3,0,4,0,0,0,0,0,0,F,F,"1924NY1.EVN.regular.event.csv",2288
"NY1192407050","PHI",7,1,1,0,0,"",5,6,"snydf101","?","snydf101","?","steir103","?","steir103","?","henlb101","holkw101","fordh101","wrigr102","sandh101","schuj101","willc103","harpg101","","jackt101","","63.2-3","F","F",2,8,2,"T","T",0,"F","F",1,"F","F",0,"F","F",6,"G","F","F","",0,0,"N",0,"N",0,"N",0,0,3,0,"63","","","","F","F","F","F","F","F","F","F","F","","steir103","","F","F","F","F","F","","","","",0,3,0,0,6,0,0,0,0,69,"NY1","NY1","PHI",1,"F","F",6,5,1,34,3,"T","F",2,4,"T","T","mcquh101","younr101","F","F",0,0,0,6,6,67,0,0,0,"","henlb101","",0,0,0,0,0,0,0,0,0,0,0,0,0,"sandh101","F","F","F","F",0,0,3,0,0,0,0,0,0,0,F,F,"1924NY1.EVN.regular.event.csv",2289
"NY1192407050","PHI",7,1,2,0,0,"",5,6,"terrb101","?","terrb101","?","steir103","?","steir103","?","henlb101","holkw101","fordh101","wrigr102","sandh101","schuj101","willc103","harpg101","","","jackt101","2/FL","F","T",11,9,2,"T","T",0,"F","F",1,"F","F",0,"F","F",2,"F","F","T","",0,0,"N",0,"N",0,"N",0,0,0,3,"2","","","","F","F","F","F","F","F","F","F","F","","","steir103","F","F","F","F","F","","","","mcquh101",1,2,0,0,0,0,0,0,0,70,"NY1","NY1","PHI",1,"F","T",6,5,1,35,4,"T","F",4,4,"F","F","younr101","lindf101","F","F",0,0,0,0,0,0,6,6,67,"","","henlb101",0,0,0,0,0,0,0,0,0,0,0,0,0,"henlb101","F","F","F","F",0,0,0,3,0,0,0,0,0,0,F,F,"1924NY1.EVN.regular.event.csv",2290
"NY1192407050","PHI",8,0,0,0,0,"",5,6,"holkw101","?","holkw101","?","ryanr101","?","ryanr101","?","snydf101","kellg101","lindf101","grohh101","jackt101","meusi101","wilsh102","younr101","","","","43","T","F",3,6,2,"T","T",0,"F","F",1,"F","F",0,"F","F",4,"G","F","F","",0,0,"N",0,"N",0,"N",0,0,0,0,"43","","","","F","F","F","F","F","F","F","F","F","","","","F","F","F","F","F","","","","",0,3,0,0,4,0,0,0,0,71,"NY1","PHI","NY1",0,"T","F",5,6,0,32,0,"T","F",0,0,"T","T","fordh101","henlb101","F","F",0,0,0,0,0,0,0,0,0,"","","",0,0,0,0,0,0,0,0,0,0,0,0,0,"lindf101","F","F","F","F",0,0,0,0,0,0,0,0,0,0,F,F,"1924NY1.EVN.regular.event.csv",2291
"NY1192407050","PHI",8,0,1,0,0,"",5,6,"fordh101","?","fordh101","?","ryanr101","?","ryanr101","?","snydf101","kellg101","lindf101","grohh101","jackt101","meusi101","wilsh102","younr101","","","","S/5","F","F",4,7,20,"T","T",1,"F","F",0,"F","F",0,"F","F",0,"","F","F","5",0,0,"N",0,"N",0,"N",1,0,0,0,"","","","","F","F","F","F","F","F","F","F","F","","","","F","F","F","F","F","","","","",0,0,0,0,0,0,0,0,0,72,"NY1","PHI","NY1",0,"F","F",5,6,0,33,1,"T","F",0,1,"T","T","henlb101","steir103","F","F",0,0,0,0,0,0,0,0,0,"","","",0,0,0,0,0,0,0,0,0,0,0,0,0,"","F","F","F","F",2,0,0,0,0,0,0,0,0,0,F,F,"1924NY1.EVN.regular.event.csv",2292
"NY1192407050","PHI",8,0,1,0,0,"",5,6,"henlb101","?","henlb101","?","ryanr101","?","ryanr101","?","snydf101","kellg101","lindf101","grohh101","jackt101","meusi101","wilsh102","younr101","fordh101","","","WP.1-2","F","F",2,8,9,"F","F",0,"F","F",0,"F","F",0,"T","F",0,"","F","F","",0,0,"N",0,"N",0,"N",0,2,0,0,"","","","","F","F","F","F","F","F","F","F","F","ryanr101","","","F","F","F","F","F","","","","",0,0,0,0,0,0,0,0,0,73,"NY1","PHI","NY1",0,"F","F",5,6,0,34,2,"T","F",1,2,"T","T","steir103","sandh101","F","F",4,7,72,0,0,0,0,0,0,"snydf101","","",0,0,0,0,0,0,0,0,0,0,0,0,0,"","F","F","F","F",0,2,0,0,0,0,0,0,0,0,F,F,"1924NY1.EVN.regular.event.csv",2293
"NY1192407050","PHI",8,0,1,0,0,"",5,6,"henlb101","?","henlb101","?","ryanr101","?","ryanr101","?","snydf101","kellg101","lindf101","grohh101","jackt101","meusi101","wilsh102","younr101","","fordh101","","8/F","F","F",2,8,2,"T","T",0,"F","F",1,"F","F",0,"F","F",8,"F","F","F","",0,0,"N",0,"N",0,"N",0,0,2,0,"8","","","","F","F","F","F","F","F","F","F","F","","ryanr101","","F","F","F","F","F","","","","",0,8,0,0,0,0,0,0,0,74,"NY1","PHI","NY1",0,"F","F",5,6,0,34,2,"F","F",2,2,"T","T","steir103","sandh101","F","F",0,0,0,4,7,72,0,0,0,"","snydf101","",0,0,0,0,0,0,0,0,0,0,0,0,0,"wilsh102","F","F","F","F",0,0,2,0,0,0,0,0,0,0,F,F,"1924NY1.EVN.regular.event.csv",2294
"NY1192407050","PHI",8,0,2,0,0,"",5,6,"mitcc102","?","mitcc102","?","ryanr101","?","ryanr101","?","snydf101","kellg101","lindf101","grohh101","jackt101","meusi101","wilsh102","younr101","","fordh101","","63","F","T",11,9,2,"T","T",0,"F","F",1,"F","F",0,"F","F",6,"G","F","F","",0,0,"N",0,"N",0,"N",0,0,2,0,"63","","","","F","F","F","F","F","F","F","F","F","","ryanr101","","F","F","F","F","F","","","","steir103",1,3,0,0,6,0,0,0,0,75,"NY1","PHI","NY1",0,"F","T",5,6,0,35,3,"T","F",2,2,"F","F","sandh101","harpg101","F","F",0,0,0,4,7,72,0,0,0,"","snydf101","",0,0,0,0,0,0,0,0,0,0,0,0,0,"jackt101","F","F","F","F",0,0,2,0,0,0,0,0,0,0,F,F,"1924NY1.EVN.regular.event.csv",2295
"NY1192407050","PHI",8,1,0,0,0,"",5,6,"younr101","?","younr101","?","lewib102","?","lewib102","?","henlb101","holkw101","fordh101","wrigr102","sandh101","schuj101","willc103","harpg101","","","","7/F","T","F",9,1,2,"T","T",0,"F","F",1,"F","F",0,"F","F",7,"F","F","F","",0,0,"N",0,"N",0,"N",0,0,0,0,"7","","","","F","F","F","F","F","F","F","F","F","","","","F","F","F","F","F","","","","",0,7,0,0,0,0,0,0,0,76,"NY1","NY1","PHI",1,"T","F",6,5,0,36,0,"T","F",0,0,"T","T","lindf101","wilsh102","F","F",0,0,0,0,0,0,0,0,0,"","","",0,0,0,0,0,0,0,0,0,0,0,0,0,"schuj101","F","F","F","F",0,0,0,0,0,0,0,0,0,0,F,F,"1924NY1.EVN.regular.event.csv",2296
"NY1192407050","PHI",8,1,1,0,0,"",5,6,"lindf101","?","lindf101","?","lewib102","?","lewib102","?","henlb101","holkw101","fordh101","wrigr102","sandh101","schuj101","willc103","harpg101","","","","S9","F","F",4,2,20,"T","T",1,"F","F",0,"F","F",0,"F","F",9,"","F","F","",0,0,"N",0,"N",0,"N",1,0,0,0,"","","","","F","F","F","F","F","F","F","F","F","","","","F","F","F","F","F","","","","",0,0,0,0,0,0,0,0,0,77,"NY1","NY1","PHI",1,"F","F",6,5,0,37,1,"T","F",0,1,"T","T","wilsh102","kellg101","F","F",0,0,0,0,0,0,0,0,0,"","","",0,0,0,0,0,0,0,0,0,0,0,0,0,"harpg101","F","F","F","F",0,0,0,0,0,0,0,0,0,0,F,F,"1924NY1.EVN.regular.event.csv",2297
"NY1192407050","PHI",8,1,1,0,0,"",5,6,"wilsh102","?","wilsh102","?","lewib102","?","lewib102","?","henlb101","holkw101","fordh101","wrigr102","sandh101","schuj101","willc103","harpg101","lindf101","","","46(1)/FO","F","F",8,3,2,"T","T",0,"F","F",1,"F","F",0,"F","F",4,"G","F","F","",0,0,"N",0,"N",0,"N",1,0,0,0,"","46","","","F","F","F","F","F","F","F","F","F","lewib102","","","F","F","F","F","F","","","","",0,6,0,0,4,0,0,0,0,78,"NY1","NY1","PHI",1,"F","F",6,5,0,38,2,"T","F",1,1,"T","T","kellg101","meusi101","F","F",4,2,77,0,0,0,0,0,0,"henlb101","","",0,0,0,0,0,0,0,0,0,0,0,0,0,"fordh101","T","F","F","F",0,0,0,0,0,0,0,0,0,0,F,F,"1924NY1.EVN.regular.event.csv",2298
"NY1192407050","PHI",8,1,2,0,0,"",5,6,"kellg101","?","kellg101","?","lewib102","?","lewib102","?","henlb101","holkw101","fordh101","wrigr102","sandh101","schuj101","willc103","harpg101","wilsh102","","","9/F","F","F",3,4,2,"T","T",0,"F","F",1,"F","F",0,"F","F",9,"F","F","F","",0,0,"N",0,"N",0,"N",0,1,0,0,"9","","","","F","F","F","F","F","F","F","F","F","lewib102","","","F","F","F","F","F","","","","",0,9,0,0,0,0,0,0,0,79,"NY1","NY1","PHI",1,"F","T",6,5,0,39,3,"T","F",1,1,"T","T","meusi101","jackt101","F","F",8,3,78,0,0,0,0,0,0,"henlb101","","",0,0,0,0,0,0,0,0,0,0,0,0,0,"harpg101","F","F","F","F",0,0,0,0,0,0,0,0,0,0,F,F,"1924NY1.EVN.regular.event.csv",2299
"NY1192407050","PHI",9,0,0,0,0,"",5,6,"sandh101","?","sandh101","?","ryanr101","?","ryanr101","?","snydf101","kellg101","lindf101","grohh101","jackt101","meusi101","wilsh102","younr101","","","","8/L","T","F",6,1,2,"T","T",0,"F","F",1,"F","F",0,"F","F",8,"L","F","F","",0,0,"N",0,"N",0,"N",0,0,0,0,"8","","","","F","F","F","F","F","F","F","F","F","","","","F","F","F","F","F","","","","",0,8,0,0,0,0,0,0,0,80,"NY1","PHI","NY1",0,"T","F",5,6,0,36,0,"T","F",0,0,"T","T","harpg101","willc103","F","F",0,0,0,0,0,0,0,0,0,"","","",0,0,0,0,0,0,0,0,0,0,0,0,0,"wilsh102","F","F","F","F",0,0,0,0,0,0,0,0,0,0,F,F,"1924NY1.EVN.regular.event.csv",2300
"NY1192407050","PHI",9,0,1,0,0,"",5,6,"harpg101","?","harpg101","?","ryanr101","?","ryanr101","?","snydf101","kellg101","lindf101","grohh101","jackt101","meusi101","wilsh102","younr101","","","","6/L","F","F",9,2,2,"T","T",0,"F","F",1,"F","F",0,"F","F",6,"L","F","F","",0,0,"N",0,"N",0,"N",0,0,0,0,"6","","","","F","F","F","F","F","F","F","F","F","","","","F","F","F","F","F","","","","",0,6,0,0,0,0,0,0,0,81,"NY1","PHI","NY1",0,"F","F",5,6,0,37,1,"T","F",0,0,"T","T","willc103","schuj101","F","F",0,0,0,0,0,0,0,0,0,"","","",0,0,0,0,0,0,0,0,0,0,0,0,0,"jackt101","F","F","F","F",0,0,0,0,0,0,0,0,0,0,F,F,"1924NY1.EVN.regular.event.csv",2301
"NY1192407050","PHI",9,0,2,0,0,"",5,6,"willc103","?","willc103","?","ryanr101","?","ryanr101","?","snydf101","kellg101","lindf101","grohh101","jackt101","meusi101","wilsh102","younr101","","","","5/P","F","F",8,3,2,"T","T",0,"F","F",1,"F","F",0,"F","F",5,"P","F","F","",0,0,"N",0,"N",0,"N",0,0,0,0,"5","","","","F","F","F","F","F","F","F","F","F","","","","F","T","F","F","F","","","","",0,5,0,0,0,0,0,0,0,82,"NY1","PHI","NY1",0,"F","T",5,6,0,38,2,"T","F",0,0,"T","T","schuj101","wrigr102","F","F",0,0,0,0,0,0,0,0,0,"","","",0,0,0,0,0,0,0,0,0,0,0,0,0,"grohh101","F","F","F","F",0,0,0,0,0,0,0,0,0,0,F,F,"1924NY1.EVN.regular.event.csv",2302
"NY1192407250","SLN",1,0,0,0,0,"X",0,0,"smitj106","?","smitj106","?","bentj101","?","bentj101","?","snydf101","kellg101","frisf101","grohh101","jackt101","meusi101","wilsh102","younr101","","","","S8","T","F",9,1,20,"T","T",1,"F","F",0,"F","F",0,"F","F",8,"","F","F","",0,0,"N",0,"N",0,"N",1,0,0,0,"","","","","F","F","F","F","F","F","F","F","F","","","","T","F","F","F","F","","","","",0,0,0,0,0,0,0,0,0,1,"NY1","SLN","NY1",0,"T","F",0,0,0,0,0,"T","F",0,1,"T","T","holmw101","hornr101","T","T",0,0,0,0,0,0,0,0,0,"","","",0,0,0,0,0,0,1,0,0,0,1,0,0,"wilsh102","F","F","F","F",4,0,0,0,4,0,0,0,0,0,F,F,"1924NY1.EVN.regular.event.csv",2303
"NY1192407250","SLN",1,0,0,0,0,"",0,0,"holmw101","?","holmw101","?","bentj101","?","bentj101","?","snydf101","kellg101","frisf101","grohh101","jackt101","meusi101","wilsh102","younr101","smitj106","","","D7.1-3","F","F",8,2,21,"T","T",2,"F","F",0,"F","F",0,"F","F",7,"","F","F","",0,0,"N",0,"N",0,"N",2,3,0,0,"","","","","F","F","F","F","F","F","F","F","F","bentj101","","","F","F","F","F","F","","","","",0,0,0,0,0,0,0,0,0,2,"NY1","SLN","NY1",0,"F","F",0,0,0,1,1,"T","F",1,6,"T","T","hornr101","bottj101","T","T",9,1,1,0,0,0,0,0,0,"snydf101","","",0,0,0,0,0,0,0,0,0,0,0,0,0,"meusi101","F","F","F","F",4,4,0,0,4,0,0,0,0,0,F,F,"1924NY1.EVN.regular.event.csv",2304
"NY1192407250","SLN",1,0,0,0,0,"",0,0,"hornr101","?","hornr101","?","bentj101","?","bentj101","?","snydf101","kellg101","frisf101","grohh101","jackt101","meusi101","wilsh102","younr101","","holmw101","smitj106","W","F","F",4,3,14,"T","F",0,"F","F",0,"F","F",0,"F","F",0,"","F","F","",0,0,"N",0,"N",0,"N",1,0,2,3,"","","","","F","F","F","F","F","F","F","F","F","","bentj101","bentj101","F","F","F","F","F","","","","",0,0,0,0,0,0,0,0,0,3,"NY1","SLN","NY1",0,"F","F",0,0,0,2,2,"T","F",6,7,"T","T","bottj101","bladr102","T","T",0,0,0,8,2,2,9,1,1,"","snydf101","snydf101",0,0,0,0,0,0,0,0,0,0,0,0,0,"","F","F","F","F",4,0,4,4,4,0,0,0,0,0,F,F,"1924NY1.EVN.regular.event.csv",2305
"NY1192407250","SLN",1,0,0,0,0,"",0,0,"bottj101","?","bottj101","?","bentj101","?","bentj101","?","snydf101","kellg101","frisf101","grohh101","jackt101","meusi101","wilsh102","younr101","hornr101","holmw101","smitj106","K/C","F","F",3,4,3,"T","T",0,"F","F",1,"F","F",0,"F","F",0,"","F","F","",0,0,"N",0,"N",0,"N",0,1,2,3,"2","","","","F","F","F","F","F","F","F","F","F","bentj101","bentj101","bentj101","F","F","F","F","F","","","","",0,2,0,0,0,0,0,0,0,4,"NY1","SLN","NY1",0,"F","F",0,0,0,3,3,"T","F",7,7,"T","T","bladr102","coonj103","T","T",4,3,3,8,2,2,9,1,1,"snydf101","snydf101","snydf101",0,0,0,0,0,0,0,0,0,0,0,0,0,"","F","F","F","F",0,4,4,4,4,0,0,0,0,0,F,F,"1924NY1.EVN.regular.event.csv",2306
"NY1192407250","SLN",1,0,1,0,0,"",0,0,"bladr102","?","bladr102","?","bentj101","?","bentj101","?","snydf101","kellg101","frisf101","grohh101","jackt101","meusi101","wilsh102","younr101","hornr101","holmw101","smitj106","8/SF.3-H","F","F",7,5,2,"T","F",0,"F","T",1,"F","F",1,"F","F",8,"F","F","F","",0,0,"N",0,"N",0,"N",0,1,2,4,"8","","","","F","F","F","F","F","F","F","F","F","bentj101","bentj101","bentj101","F","F","F","F","F","","","","",0,8,0,0,0,0,0,0,0,5,"NY1","SLN","NY1",0,"F","F",0,0,0,4,4,"T","F",7,3,"T","T","coonj103","gonzm101","T","T",4,3,3,8,2,2,9,1,1,"snydf101","snydf101","snydf101",0,0,0,0,0,0,0,0,0,0,0,0,1,"wilsh102","F","F","F","F",0,4,4,4,3,0,0,0,0,0,F,F,"1924NY1.EVN.regular.event.csv",2307
"NY1192407250","SLN",1,0,2,0,0,"",1,0,"coonj103","?","coonj103","?","bentj101","?","bentj101","?","snydf101","kellg101","frisf101","grohh101","jackt101","meusi101","wilsh102","younr101","hornr101","holmw101","","D7/G5L.2-H;1-H;B-3(THH)","F","F",6,6,21,"T","T",2,"F","F",0,"F","F",2,"F","F",7,"G","F","F","5L",0,0,"N",0,"N",0,"N",3,4,4,0,"","","","","F","F","F","F","F","F","F","F","F","bentj101","bentj101","","F","F","F","F","F","","","","",0,0,0,0,0,0,0,0,0,6,"NY1","SLN","NY1",0,"F","F",1,0,1,5,5,"T","F",3,4,"T","T","gonzm101","freih101","T","T",4,3,3,8,2,2,0,0,0,"snydf101","snydf101","",0,0,0,0,0,0,0,0,0,0,0,0,2,"meusi101","F","F","F","F",4,4,4,0,1,0,0,0,0,0,F,F,"1924NY1.EVN.regular.event.csv",2308
"NY1192407250","SLN",1,0,2,0,0,"",3,0,"gonzm101","?","gonzm101","?","bentj101","?","bentj101","?","snydf101","kellg101","frisf101","grohh101","jackt101","meusi101","wilsh102","younr101","","","coonj103","S7.3-H","F","F",2,7,20,"T","T",1,"F","F",0,"F","F",1,"F","F",7,"","F","F","",0,0,"N",0,"N",0,"N",1,0,0,4,"","","","","F","F","F","F","F","F","F","F","F","","","bentj101","F","F","F","F","F","","","","",0,0,0,0,0,0,0,0,0,7,"NY1","SLN","NY1",0,"F","F",3,0,3,6,6,"T","F",4,1,"T","T","freih101","hainj101","T","T",0,0,0,0,0,0,6,6,6,"","","snydf101",0,0,0,0,0,0,0,0,0,0,0,0,1,"meusi101","F","F","F","F",0,0,0,4,0,0,0,0,0,0,F,F,"1924NY1.EVN.regular.event.csv",2309
"NY1192407250","SLN",1,0,2,0,0,"",4,0,"freih101","?","freih101","?","bentj101","?","bentj101","?","snydf101","kellg101","frisf101","grohh101","jackt101","meusi101","wilsh102","younr101","gonzm101","","","9/F9D","F","F",5,8,2,"T","T",0,"F","F",1,"F","F",0,"F","F",9,"F","F","F","9D",0,0,"N",0,"N",0,"N",0,1,0,0,"9","","","","F","F","F","F","F","F","F","F","F","bentj101","","","F","F","F","F","F","","","","",0,9,0,0,0,0,0,0,0,8,"NY1","SLN","NY1",0,"F","T",4,0,4,7,7,"T","F",1,1,"T","T","hainj101","smitj106","T","T",2,7,7,0,0,0,0,0,0,"snydf101","","",0,0,0,0,0,0,0,0,0,0,0,0,0,"younr101","F","F","F","F",0,0,0,0,0,0,0,0,0,0,F,F,"1924NY1.EVN.regular.event.csv",2310
"NY1192407250","SLN",1,1,0,0,0,"",4,0,"younr101","?","younr101","?","hainj101","?","hainj101","?","gonzm101","bottj101","hornr101","freih101","coonj103","bladr102","holmw101","smitj106","","","","7/F","T","F",9,1,2,"T","T",0,"F","F",1,"F","F",0,"F","F",7,"F","F","F","",0,0,"N",0,"N",0,"N",0,0,0,0,"7","","","","F","F","F","F","F","F","F","F","F","","","","F","F","F","F","F","","","","",0,7,0,0,0,0,0,0,0,9,"NY1","NY1","SLN",1,"T","F",0,4,0,0,0,"T","F",0,0,"T","T","frisf101","wilsh102","T","T",0,0,0,0,0,0,0,0,0,"","","",0,0,0,0,0,0,0,0,0,0,0,0,0,"bladr102","F","F","F","F",0,0,0,0,0,0,0,0,0,0,F,F,"1924NY1.EVN.regular.event.csv",2311
"NY1192407250","SLN",1,1,1,0,0,"",4,0,"frisf101","?","frisf101","?","hainj101","?","hainj101","?","gonzm101","bottj101","hornr101","freih101","coonj103","bladr102","holmw101","smitj106","","","","13","F","F",4,2,2,"T","T",0,"F","F",1,"F","F",0,"F","F",1,"G","F","F","",0,0,"N",0,"N",0,"N",0,0,0,0,"13","","","","F","F","F","F","F","F","F","F","F","","","","F","F","F","F","F","","","","",0,3,0,0,1,0,0,0,0,10,"NY1","NY1","SLN",1,"F","F",0,4,0,1,1,"T","F",0,0,"T","T","wilsh102","meusi101","T","T",0,0,0,0,0,0,0,0,0,"","","",0,0,0,0,0,0,0,0,0,0,0,0,0,"hainj101","F","F","F","F",0,0,0,0,0,0,0,0,0,0,F,F,"1924NY1.EVN.regular.event.csv",2312
"NY1192407250","SLN",1,1,2,0,0,"",4,0,"wilsh102","?","wilsh102","?","hainj101","?","hainj101","?","gonzm101","bottj101","hornr101","freih101","coonj103","bladr102","holmw101","smitj106","","","","W","F","F",8,3,14,"T","F",0,"F","F",0,"F","F",0,"F","F",0,"","F","F","",0,0,"N",0,"N",0,"N",1,0,0,0,"","","","","F","F","F","F","F","F","F","F","F","","","","F","F","F","F","F","","","","",0,0,0,0,0,0,0,0,0,11,"NY1","NY1","SLN",1,"F","F",0,4,0,2,2,"T","F",0,1,"T","T","meusi101","kellg101","T","T",0,0,0,0,0,0,0,0,0,"","","",0,0,0,0,0,0,0,0,0,0,0,0,0,"","F","F","F","F",0,0,0,0,0,0,0,0,0,0,F,F,"1924NY1.EVN.regular.event.csv",2313
"NY1192407250","SLN",1,1,2,0,0,"",4,0,"meusi101","?","meusi101","?","hainj101","?","hainj101","?","gonzm101","bottj101","hornr101","freih101","coonj103","bladr102","holmw101","smitj106","wilsh102","","","S7.1-3","F","F",7,4,20,"T","T",1,"F","F",0,"F","F",0,"F","F",7,"","F","F","",0,0,"N",0,"N",0,"N",1,3,0,0,"","","","","F","F","F","F","F","F","F","F","F","hainj101","","","F","F","F","F","F","","","","",0,0,0,0,0,0,0,0,0,12,"NY1","NY1","SLN",1,"F","F",0,4,0,3,3,"T","F",1,5,"T","T","kellg101","jackt101","T","T",8,3,11,0,0,0,0,0,0,"gonzm101","","",0,0,0,0,0,0,0,0,0,0,0,0,0,"bladr102","F","F","F","F",0,0,0,0,0,0,0,0,0,0,F,F,"1924NY1.EVN.regular.event.csv",2314
"NY1192407250","SLN",1,1,2,0,0,"",4,0,"kellg101","?","kellg101","?","hainj101","?","hainj101","?","gonzm101","bottj101","hornr101","freih101","coonj103","bladr102","holmw101","smitj106","meusi101","","wilsh102","8/L8XD","F","F",3,5,2,"T","T",0,"F","F",1,"F","F",0,"F","F",8,"L","F","F","8XD",0,0,"N",0,"N",0,"N",0,1,0,3,"8","","","","F","F","F","F","F","F","F","F","F","hainj101","","hainj101","F","F","F","F","F","","","","",0,8,0,0,0,0,0,0,0,13,"NY1","NY1","SLN",1,"F","T",0,4,0,4,4,"T","F",5,5,"T","T","jackt101","grohh101","T","T",7,4,12,0,0,0,8,3,11,"gonzm101","","gonzm101",0,0,0,0,0,0,0,0,0,0,0,0,0,"holmw101","F","F","F","F",0,0,0,0,0,0,0,0,0,0,F,F,"1924NY1.EVN.regular.event.csv",2315
"NY1192407250","SLN",2,0,0,0,0,"",4,0,"hainj101","?","hainj101","?","bentj101","?","bentj101","?","snydf101","kellg101","frisf101","grohh101","jackt101","meusi101","wilsh102","younr101","","","","S7","T","F",1,9,20,"T","T",1,"F","F",0,"F","F",0,"F","F",7,"","F","F","",0,0,"N",0,"N",0,"N",1,0,0,0,"","","","","F","F","F","F","F","F","F","F","F","","","","F","F","F","F","F","","","","",0,0,0,0,0,0,0,0,0,14,"NY1","SLN","NY1",0,"T","F",4,0,0,8,0,"T","F",0,1,"T","T","smitj106","holmw101","T","T",0,0,0,0,0,0,0,0,0,"","","",0,0,0,0,0,0,0,0,0,0,0,0,0,"meusi101","F","F","F","F",0,0,0,0,1,0,0,0,0,0,F,F,"1924NY1.EVN.regular.event.csv",2316
"NY1192407250","SLN",2,0,0,0,0,"",4,0,"smitj106","?","smitj106","?","bentj101","?","bentj101","?","snydf101","kellg101","frisf101","grohh101","jackt101","meusi101","wilsh102","younr101","hainj101","","","36(1)/FO","F","F",9,1,2,"T","T",0,"F","F",1,"F","F",0,"F","F",3,"G","F","F","",0,0,"N",0,"N",0,"N",1,0,0,0,"","36","","","F","F","F","F","F","F","F","F","F","bentj101","","","F","F","F","F","F","","","","",0,6,0,0,3,0,0,0,0,15,"NY1","SLN","NY1",0,"F","F",4,0,0,9,1,"T","F",1,1,"T","T","holmw101","hornr101","T","T",1,9,14,0,0,0,0,0,0,"snydf101","","",0,0,0,0,0,0,0,0,0,0,0,0,0,"kellg101","T","F","F","F",4,0,0,0,1,0,0,0,0,0,F,F,"1924NY1.EVN.regular.event.csv",2317
"NY1192407250","SLN",2,0,1,0,0,"",4,0,"holmw101","?","holmw101","?","bentj101","?","bentj101","?","snydf101","kellg101","frisf101","grohh101","jackt101","meusi101","wilsh102","younr101","smitj106","","","W.1-2","F","F",8,2,14,"T","F",0,"F","F",0,"F","F",0,"F","F",0,"","F","F","",0,0,"N",0,"N",0,"N",1,2,0,0,"","","","","F","F","F","F","F","F","F","F","F","bentj101","","","F","F","F","F","F","","","","",0,0,0,0,0,0,0,0,0,16,"NY1","SLN","NY1",0,"F","F",4,0,0,10,2,"T","F",1,3,"T","T","hornr101","bottj101","T","T",9,1,15,0,0,0,0,0,0,"snydf101","","",0,0,0,0,0,0,0,0,0,0,0,0,0,"","F","F","F","F",0,4,0,0,1,0,0,0,0,0,F,F,"1924NY1.EVN.regular.event.csv",2318
"NY1192407250","SLN",2,0,1,0,0,"",4,0,"hornr101","?","hornr101","?","ryanr101","?","ryanr101","?","snydf101","kellg101","frisf101","grohh101","jackt101","meusi101","wilsh102","younr101","holmw101","smitj106","","9/F9D.2-3","F","F",4,3,2,"T","T",0,"F","F",1,"F","F",0,"F","F",9,"F","F","F","9D",0,0,"N",0,"N",0,"N",0,1,3,0,"9","","","","F","F","F","F","F","F","F","F","F","bentj101","bentj101","","F","F","F","F","F","","","","",0,9,0,0,0,0,0,0,0,17,"NY1","SLN","NY1",0,"F","F",4,0,0,11,3,"T","F",3,5,"T","T","bottj101","bladr102","F","F",8,2,16,9,1,15,0,0,0,"snydf101","snydf101","",0,0,0,0,0,0,0,0,0,0,0,0,0,"younr101","F","F","F","F",0,0,4,0,1,0,0,0,0,0,F,F,"1924NY1.EVN.regular.event.csv",2319
"NY1192407250","SLN",2,0,2,0,0,"",4,0,"bottj101","?","bottj101","?","ryanr101","?","ryanr101","?","snydf101","kellg101","frisf101","grohh101","jackt101","meusi101","wilsh102","younr101","holmw101","","smitj106","S7/78.3-H;1-3;BX2(74)#","F","F",3,4,20,"T","T",1,"F","F",1,"F","F",1,"F","F",7,"","F","F","78",0,0,"N",0,"N",0,"N",0,3,0,4,"74","","","","F","F","F","F","F","F","F","F","F","bentj101","","bentj101","F","F","F","F","F","","","","",0,4,0,0,7,0,0,0,0,18,"NY1","SLN","NY1",0,"F","T",4,0,0,12,4,"T","F",5,4,"T","T","bladr102","coonj103","F","F",8,2,16,0,0,0,9,1,15,"snydf101","","snydf101",0,0,0,0,0,0,0,0,0,0,0,0,1,"meusi101","F","F","F","F",0,0,0,4,0,0,0,0,0,0,F,T,"1924NY1.EVN.regular.event.csv",2320
"NY1192407250","SLN",2,1,0,0,0,"",5,0,"jackt101","?","jackt101","?","hainj101","?","hainj101","?","gonzm101","bottj101","hornr101","freih101","coonj103","bladr102","holmw101","smitj106","","","","E5/G.B-2#","T","F",6,6,18,"T","T",0,"F","F",0,"F","F",0,"F","F",5,"G","F","F","",1,5,"F",0,"N",0,"N",2,0,0,0,"","","","","F","F","F","F","F","F","F","F","F","","","","F","F","F","F","F","","","","",0,0,0,0,0,0,0,0,0,19,"NY1","NY1","SLN",1,"T","F",0,5,0,5,0,"T","F",0,2,"T","T","grohh101","snydf101","T","T",0,0,0,0,0,0,0,0,0,"","","",0,0,0,0,0,0,0,0,0,0,0,0,0,"freih101","F","F","F","T",0,0,0,0,0,0,0,0,0,0,F,T,"1924NY1.EVN.regular.event.csv",2321
"NY1192407250","SLN",2,1,0,0,0,"",5,0,"grohh101","?","grohh101","?","hainj101","?","hainj101","?","gonzm101","bottj101","hornr101","freih101","coonj103","bladr102","holmw101","smitj106","","jackt101","","7/F","F","F",5,7,2,"T","T",0,"F","F",1,"F","F",0,"F","F",7,"F","F","F","",0,0,"N",0,"N",0,"N",0,0,2,0,"7","","","","F","F","F","F","F","F","F","F","F","","hainj101","","F","F","F","F","F","","","","",0,7,0,0,0,0,0,0,0,20,"NY1","NY1","SLN",1,"F","F",0,5,0,6,1,"T","F",2,2,"T","T","snydf101","ryanr101","T","T",0,0,0,6,6,19,0,0,0,"","gonzm101","",0,0,0,0,0,0,0,0,0,0,0,0,0,"bladr102","F","F","F","F",0,0,0,0,0,0,0,0,0,0,F,F,"1924NY1.EVN.regular.event.csv",2322
"NY1192407250","SLN",2,1,1,0,0,"",5,0,"snydf101","?","snydf101","?","hainj101","?","hainj101","?","gonzm101","bottj101","hornr101","freih101","coonj103","bladr102","holmw101","smitj106","","jackt101","","K","F","F",2,8,3,"T","T",0,"F","F",1,"F","F",0,"F","F",0,"","F","F","",0,0,"N",0,"N",0,"N",0,0,2,0,"2","","","","F","F","F","F","F","F","F","F","F","","hainj101","","F","F","F","F","F","","","","",0,2,0,0,0,0,0,0,0,21,"NY1","NY1","SLN",1,"F","F",0,5,0,7,2,"T","F",2,2,"T","T","ryanr101","younr101","T","T",0,0,0,6,6,19,0,0,0,"","gonzm101","",0,0,0,0,0,0,0,0,0,0,0,0,0,"","F","F","F","F",0,0,0,0,0,0,0,0,0,0,F,F,"1924NY1.EVN.regular.event.csv",2323
"NY1192407250","SLN",2,1,2,0,0,"",5,0,"ryanr101","?","ryanr101","?","hainj101","?","hainj101","?","gonzm101","bottj101","hornr101","freih101","coonj103","bladr102","holmw101","smitj106","","jackt101","","23/G","F","F",1,9,2,"T","T",0,"F","F",1,"F","F",0,"F","F",2,"G","F","F","",0,0,"N",0,"N",0,"N",0,0,2,0,"23","","","","F","F","F","F","F","F","F","F","F","","hainj101","","F","F","F","F","F","","","","",0,3,0,0,2,0,0,0,0,22,"NY1","NY1","SLN",1,"F","T",0,5,0,8,3,"T","F",2,2,"F","F","younr101","frisf101","T","T",0,0,0,6,6,19,0,0,0,"","gonzm101","",0,0,0,0,0,0,0,0,0,0,0,0,0,"gonzm101","F","F","F","F",0,0,0,0,0,0,0,0,0,0,F,F,"1924NY1.EVN.regular.event.csv",2324
"NY1192407250","SLN",3,0,0,0,0,"",5,0,"bladr102","?","bladr102","?","ryanr101","?","ryanr101","?","snydf101","kellg101","frisf101","grohh101","jackt101","meusi101","wilsh102","younr101","","","","T9","T","F",7,5,22,"T","T",3,"F","F",0,"F","F",0,"F","F",9,"","F","F","",0,0,"N",0,"N",0,"N",3,0,0,0,"","","","","F","F","F","F","F","F","F","F","F","","","","F","F","F","F","F","","","","",0,0,0,0,0,0,0,0,0,23,"NY1","SLN","NY1",0,"T","F",5,0,0,13,0,"T","F",0,4,"T","T","coonj103","gonzm101","F","F",0,0,0,0,0,0,0,0,0,"","","",0,0,0,0,0,0,0,0,0,0,0,0,0,"younr101","F","F","F","F",4,0,0,0,1,0,0,0,0,0,F,F,"1924NY1.EVN.regular.event.csv",2325
"NY1192407250","SLN",3,0,0,0,0,"",5,0,"coonj103","?","coonj103","?","ryanr101","?","ryanr101","?","snydf101","kellg101","frisf101","grohh101","jackt101","meusi101","wilsh102","younr101","","","bladr102","7/SF.3-H","F","F",6,6,2,"T","F",0,"F","T",1,"F","F",1,"F","F",7,"F","F","F","",0,0,"N",0,"N",0,"N",0,0,0,4,"7","","","","F","F","F","F","F","F","F","F","F","","","ryanr101","F","F","F","F","F","","","","",0,7,0,0,0,0,0,0,0,24,"NY1","SLN","NY1",0,"F","F",5,0,0,14,1,"T","F",4,0,"T","T","gonzm101","freih101","F","F",0,0,0,0,0,0,7,5,23,"","","snydf101",0,0,0,0,0,0,0,0,0,0,0,0,1,"meusi101","F","F","F","F",0,0,0,4,0,0,0,0,0,0,F,F,"1924NY1.EVN.regular.event.csv",2326
"NY1192407250","SLN",3,0,1,0,0,"",6,0,"gonzm101","?","gonzm101","?","ryanr101","?","ryanr101","?","snydf101","kellg101","frisf101","grohh101","jackt101","meusi101","wilsh102","younr101","","","","53","F","F",2,7,2,"T","T",0,"F","F",1,"F","F",0,"F","F",5,"G","F","F","",0,0,"N",0,"N",0,"N",0,0,0,0,"53","","","","F","F","F","F","F","F","F","F","F","","","","F","F","F","F","F","","","","",0,3,0,0,5,0,0,0,0,25,"NY1","SLN","NY1",0,"F","F",6,0,1,15,2,"T","F",0,0,"T","T","freih101","hainj101","F","F",0,0,0,0,0,0,0,0,0,"","","",0,0,0,0,0,0,0,0,0,0,0,0,0,"grohh101","F","F","F","F",0,0,0,0,0,0,0,0,0,0,F,F,"1924NY1.EVN.regular.event.csv",2327
"NY1192407250","SLN",3,0,2,0,0,"",6,0,"freih101","?","freih101","?","ryanr101","?","ryanr101","?","snydf101","kellg101","frisf101","grohh101","jackt101","meusi101","wilsh102","younr101","","","","W","F","F",5,8,14,"T","F",0,"F","F",0,"F","F",0,"F","F",0,"","F","F","",0,0,"N",0,"N",0,"N",1,0,0,0,"","","","","F","F","F","F","F","F","F","F","F","","","","F","F","F","F","F","","","","",0,0,0,0,0,0,0,0,0,26,"NY1","SLN","NY1",0,"F","F",6,0,1,16,3,"T","F",0,1,"T","T","hainj101","smitj106","F","F",0,0,0,0,0,0,0,0,0,"","","",0,0,0,0,0,0,0,0,0,0,0,0,0,"","F","F","F","F",0,0,0,0,0,0,0,0,0,0,F,F,"1924NY1.EVN.regular.event.csv",2328
"NY1192407250","SLN",3,0,2,0,0,"",6,0,"hainj101","?","hainj101","?","ryanr101","?","ryanr101","?","snydf101","kellg101","frisf101","grohh101","jackt101","meusi101","wilsh102","younr101","freih101","","","7/F","F","F",1,9,2,"T","T",0,"F","F",1,"F","F",0,"F","F",7,"F","F","F","",0,0,"N",0,"N",0,"N",0,1,0,0,"7","","","","F","F","F","F","F","F","F","F","F","ryanr101","","","F","F","F","F","F","","","","",0,7,0,0,0,0,0,0,0,27,"NY1","SLN","NY1",0,"F","T",6,0,1,17,4,"T","F",1,1,"T","T","smitj106","holmw101","F","F",5,8,26,0,0,0,0,0,0,"snydf101","","",0,0,0,0,0,0,0,0,0,0,0,0,0,"meusi101","F","F","F","F",0,0,0,0,0,0,0,0,0,0,F,F,"1924NY1.EVN.regular.event.csv",2329
"NY1192407250","SLN",3,1,0,0,0,"",6,0,"younr101","?","younr101","?","hainj101","?","hainj101","?","gonzm101","bottj101","hornr101","freih101","coonj103","bladr102","holmw101","smitj106","","","","43","T","F",9,1,2,"T","T",0,"F","F",1,"F","F",0,"F","F",4,"G","F","F","",0,0,"N",0,"N",0,"N",0,0,0,0,"43","","","","F","F","F","F","F","F","F","F","F","","","","F","F","F","F","F","","","","",0,3,0,0,4,0,0,0,0,28,"NY1","NY1","SLN",1,"T","F",0,6,0,9,0,"T","F",0,0,"T","T","frisf101","wilsh102","T","T",0,0,0,0,0,0,0,0,0,"","","",0,0,0,0,0,0,0,0,0,0,0,0,0,"hornr101","F","F","F","F",0,0,0,0,2,0,0,0,0,0,F,F,"1924NY1.EVN.regular.event.csv",2330
"NY1192407250","SLN",3,1,1,0,0,"",6,0,"frisf101","?","frisf101","?","hainj101","?","hainj101","?","gonzm101","bottj101","hornr101","freih101","coonj103","bladr102","holmw101","smitj106","","","","9/F","F","F",4,2,2,"T","T",0,"F","F",1,"F","F",0,"F","F",9,"F","F","F","",0,0,"N",0,"N",0,"N",0,0,0,0,"9","","","","F","F","F","F","F","F","F","F","F","","","","F","F","F","F","F","","","","",0,9,0,0,0,0,0,0,0,29,"NY1","NY1","SLN",1,"F","F",0,6,0,10,1,"T","F",0,0,"T","T","wilsh102","meusi101","T","T",0,0,0,0,0,0,0,0,0,"","","",0,0,0,0,0,0,0,0,0,0,0,0,0,"smitj106","F","F","F","F",0,0,0,0,2,0,0,0,0,0,F,F,"1924NY1.EVN.regular.event.csv",2331
"NY1192407250","SLN",3,1,2,0,0,"",6,0,"wilsh102","?","wilsh102","?","hainj101","?","hainj101","?","gonzm101","bottj101","hornr101","freih101","coonj103","bladr102","holmw101","smitj106","","","","W","F","F",8,3,14,"T","F",0,"F","F",0,"F","F",0,"F","F",0,"","F","F","",0,0,"N",0,"N",0,"N",1,0,0,0,"","","","","F","F","F","F","F","F","F","F","F","","","","F","F","F","F","F","","","","",0,0,0,0,0,0,0,0,0,30,"NY1","NY1","SLN",1,"F","F",0,6,0,11,2,"T","F",0,1,"T","T","meusi101","kellg101","T","T",0,0,0,0,0,0,0,0,0,"","","",0,0,0,0,0,0,0,0,0,0,0,0,0,"","F","F","F","F",4,0,0,0,2,0,0,0,0,0,F,F,"1924NY1.EVN.regular.event.csv",2332
"NY1192407250","SLN",3,1,2,0,0,"",6,0,"meusi101","?","meusi101","?","hainj101","?","hainj101","?","gonzm101","bottj101","hornr101","freih101","coonj103","bladr102","holmw101","smitj106","wilsh102","","","W.1-2","F","F",7,4,14,"T","F",0,"F","F",0,"F","F",0,"F","F",0,"","F","F","",0,0,"N",0,"N",0,"N",1,2,0,0,"","","","","F","F","F","F","F","F","F","F","F","hainj101","","","F","F","F","F","F","","","","",0,0,0,0,0,0,0,0,0,31,"NY1","NY1","SLN",1,"F","F",0,6,0,12,3,"T","F",1,3,"T","T","kellg101","jackt101","T","T",8,3,30,0,0,0,0,0,0,"gonzm101","","",0,0,0,0,0,0,0,0,0,0,0,0,0,"","F","F","F","F",4,4,0,0,2,0,0,0,0,0,F,F,"1924NY1.EVN.regular.event.csv",2333
"NY1192407250","SLN",3,1,2,0,0,"",6,0,"kellg101","?","kellg101","?","hainj101","?","hainj101","?","gonzm101","bottj101","hornr101","freih101","coonj103","bladr102","holmw101","smitj106","meusi101","wilsh102","","S9.2-H;1-3","F","F",3,5,20,"T","T",1,"F","F",0,"F","F",1,"F","F",9,"","F","F","",0,0,"N",0,"N",0,"N",1,3,4,0,"","","","","F","F","F","F","F","F","F","F","F","hainj101","hainj101","","F","F","F","F","F","","","","",0,0,0,0,0,0,0,0,0,32,"NY1","NY1","SLN",1,"F","F",0,6,0,13,4,"T","F",3,5,"T","T","jackt101","grohh101","T","T",7,4,31,8,3,30,0,0,0,"gonzm101","gonzm101","",0,0,0,0,0,0,0,0,0,0,0,0,1,"smitj106","F","F","F","F",0,4,4,0,1,0,0,0,0,0,F,F,"1924NY1.EVN.regular.event.csv",2334
"NY1192407250","SLN",3,1,2,0,0,"",6,1,"jackt101","?","jackt101","?","hainj101","?","hainj101","?","gonzm101","bottj101","hornr101","freih101","coonj103","bladr102","holmw101","smitj106","kellg101","","meusi101","CS2(243).3-H#","F","F",6,6,6,"F","F",0,"F","F",1,"F","F",0,"F","F",0,"","F","F","",0,0,"N",0,"N",0,"N",0,0,0,4,"","243","","","F","F","F","T","F","F","F","F","F","hainj101","","hainj101","F","F","F","F","F","","","","",0,3,0,0,2,4,0,0,0,33,"NY1","NY1","SLN",1,"F","T",1,6,1,14,5,"T","T",5,0,"T","T","grohh101","snydf101","T","T",3,5,32,0,0,0,7,4,31,"gonzm101","","gonzm101",0,0,0,0,0,0,0,0,0,0,0,0,1,"","F","F","F","F",0,0,0,4,0,0,0,0,0,0,F,T,"1924NY1.EVN.regular.event.csv",2335
"NY1192407250","SLN",4,0,0,0,0,"",6,2,"smitj106","?","smitj106","?","ryanr101","?","ryanr101","?","snydf101","kellg101","frisf101","grohh101","jackt101","meusi101","wilsh102","younr101","","","","S/BG1S","T","F",9,1,20,"T","T",1,"F","F",0,"F","F",0,"F","F",0,"G","T","F","1S",0,0,"N",0,"N",0,"N",1,0,0,0,"","","","","F","F","F","F","F","F","F","F","F","","","","F","F","F","F","F","","","","",0,0,0,0,0,0,0,0,0,34,"NY1","SLN","NY1",0,"T","F",6,2,0,18,0,"T","F",0,1,"T","T","holmw101","hornr101","F","F",0,0,0,0,0,0,0,0,0,"","","",0,0,0,0,0,0,0,0,0,0,0,0,0,"","F","F","F","F",4,0,0,0,1,0,0,0,0,0,F,F,"1924NY1.EVN.regular.event.csv",2336
"NY1192407250","SLN",4,0,0,0,0,"",6,2,"holmw101","?","holmw101","?","ryanr101","?","ryanr101","?","snydf101","kellg101","frisf101","grohh101","jackt101","meusi101","wilsh102","younr101","smitj106","","","13/SH.1-2","F","F",8,2,2,"T","F",0,"T","F",1,"F","F",0,"F","F",1,"G","T","F","",0,0,"N",0,"N",0,"N",0,2,0,0,"13","","","","F","F","F","F","F","F","F","F","F","ryanr101","","","F","F","F","F","F","","","","",0,3,0,0,1,0,0,0,0,35,"NY1","SLN","NY1",0,"F","F",6,2,0,19,1,"T","F",1,2,"T","T","hornr101","bottj101","F","F",9,1,34,0,0,0,0,0,0,"snydf101","","",0,0,0,0,0,0,0,0,0,0,0,0,0,"ryanr101","F","F","F","F",0,4,0,0,1,0,0,0,0,0,F,F,"1924NY1.EVN.regular.event.csv",2337
"NY1192407250","SLN",4,0,1,0,0,"",6,2,"hornr101","?","hornr101","?","ryanr101","?","ryanr101","?","snydf101","kellg101","frisf101","grohh101","jackt101","meusi101","wilsh102","younr101","","smitj106","","7/F","F","F",4,3,2,"T","T",0,"F","F",1,"F","F",0,"F","F",7,"F","F","F","",0,0,"N",0,"N",0,"N",0,0,2,0,"7","","","","F","F","F","F","F","F","F","F","F","","ryanr101","","F","F","F","F","F","","","","",0,7,0,0,0,0,0,0,0,36,"NY1","SLN","NY1",0,"F","F",6,2,0,20,2,"T","F",2,2,"T","T","bottj101","bladr102","F","F",0,0,0,9,1,34,0,0,0,"","snydf101","",0,0,0,0,0,0,0,0,0,0,0,0,0,"meusi101","F","F","F","F",0,0,4,0,1,0,0,0,0,0,F,F,"1924NY1.EVN.regular.event.csv",2338
"NY1192407250","SLN",4,0,2,0,0,"",6,2,"bottj101","?","bottj101","?","ryanr101","?","ryanr101","?","snydf101","kellg101","frisf101","grohh101","jackt101","meusi101","wilsh102","younr101","","smitj106","","S8.2-H","F","F",3,4,20,"T","T",1,"F","F",0,"F","F",1,"F","F",8,"","F","F","",0,0,"N",0,"N",0,"N",1,0,4,0,"","","","","F","F","F","F","F","F","F","F","F","","ryanr101","","F","F","F","F","F","","","","",0,0,0,0,0,0,0,0,0,37,"NY1","SLN","NY1",0,"F","F",6,2,0,21,3,"T","F",2,1,"T","T","bladr102","coonj103","F","F",0,0,0,9,1,34,0,0,0,"","snydf101","",0,0,0,0,0,0,0,0,0,0,0,0,1,"wilsh102","F","F","F","F",0,0,4,0,0,0,0,0,0,0,F,F,"1924NY1.EVN.regular.event.csv",2339
"NY1192407250","SLN",4,0,2,0,0,"",7,2,"bladr102","?","bladr102","?","ryanr101","?","ryanr101","?","snydf101","kellg101","frisf101","grohh101","jackt101","meusi101","wilsh102","younr101","bottj101","","","K/C","F","F",7,5,3,"T","T",0,"F","F",1,"F","F",0,"F","F",0,"","F","F","",0,0,"N",0,"N",0,"N",0,1,0,0,"2","","","","F","F","F","F","F","F","F","F","F","ryanr101","","","F","F","F","F","F","","","","",0,2,0,0,0,0,0,0,0,38,"NY1","SLN","NY1",0,"F","T",7,2,1,22,4,"T","F",1,1,"T","T","coonj103","gonzm101","F","F",3,4,37,0,0,0,0,0,0,"snydf101","","",0,0,0,0,0,0,0,0,0,0,0,0,0,"","F","F","F","F",0,0,0,0,0,0,0,0,0,0,F,F,"1924NY1.EVN.regular.event.csv",2340
"NY1192407250","SLN",4,1,0,0,0,"",7,2,"jackt101","?","jackt101","?","hainj101","?","hainj101","?","gonzm101","bottj101","hornr101","freih101","coonj103","bladr102","holmw101","smitj106","","","","6/L","T","F",6,6,2,"T","T",0,"F","F",1,"F","F",0,"F","F",6,"L","F","F","",0,0,"N",0,"N",0,"N",0,0,0,0,"6","","","","F","F","F","F","F","F","F","F","F","","","","F","F","F","F","F","","","","",0,6,0,0,0,0,0,0,0,39,"NY1","NY1","SLN",1,"T","F",2,7,0,14,0,"T","F",0,0,"T","T","grohh101","snydf101","T","T",0,0,0,0,0,0,0,0,0,"","","",0,0,0,0,0,0,0,0,0,0,0,0,0,"coonj103","F","F","F","F",0,0,0,0,1,0,0,0,0,0,F,F,"1924NY1.EVN.regular.event.csv",2341
"NY1192407250","SLN",4,1,1,0,0,"",7,2,"grohh101","?","grohh101","?","hainj101","?","hainj101","?","gonzm101","bottj101","hornr101","freih101","coonj103","bladr102","holmw101","smitj106","","","","D/78","F","F",5,7,21,"T","T",2,"F","F",0,"F","F",0,"F","F",0,"","F","F","78",0,0,"N",0,"N",0,"N",2,0,0,0,"","","","","F","F","F","F","F","F","F","F","F","","","","F","F","F","F","F","","","","",0,0,0,0,0,0,0,0,0,40,"NY1","NY1","SLN",1,"F","F",2,7,0,15,1,"T","F",0,2,"T","T","snydf101","ryanr101","T","T",0,0,0,0,0,0,0,0,0,"","","",0,0,0,0,0,0,0,0,0,0,0,0,0,"","F","F","F","F",4,0,0,0,1,0,0,0,0,0,F,F,"1924NY1.EVN.regular.event.csv",2342
"NY1192407250","SLN",4,1,1,0,0,"",7,2,"snydf101","?","snydf101","?","hainj101","?","hainj101","?","gonzm101","bottj101","hornr101","freih101","coonj103","bladr102","holmw101","smitj106","","grohh101","","K","F","F",2,8,3,"T","T",0,"F","F",1,"F","F",0,"F","F",0,"","F","F","",0,0,"N",0,"N",0,"N",0,0,2,0,"2","","","","F","F","F","F","F","F","F","F","F","","hainj101","","F","F","F","F","F","","","","",0,2,0,0,0,0,0,0,0,41,"NY1","NY1","SLN",1,"F","F",2,7,0,16,2,"T","F",2,2,"T","T","ryanr101","younr101","T","T",0,0,0,5,7,40,0,0,0,"","gonzm101","",0,0,0,0,0,0,0,0,0,0,0,0,0,"","F","F","F","F",0,0,4,0,1,0,0,0,0,0,F,F,"1924NY1.EVN.regular.event.csv",2343
"NY1192407250","SLN",4,1,2,0,0,"",7,2,"soutb101","?","soutb101","?","hainj101","?","hainj101","?","gonzm101","bottj101","hornr101","freih101","coonj103","bladr102","holmw101","smitj106","","grohh101","","S8.2-H","F","T",11,9,20,"T","T",1,"F","F",0,"F","F",1,"F","F",8,"","F","F","",0,0,"N",0,"N",0,"N",1,0,4,0,"","","","","F","F","F","F","F","F","F","F","F","","hainj101","","F","F","F","F","F","","","","ryanr101",1,0,0,0,0,0,0,0,0,42,"NY1","NY1","SLN",1,"F","F",2,7,0,17,3,"T","F",2,1,"F","F","younr101","frisf101","T","T",0,0,0,5,7,40,0,0,0,"","gonzm101","",0,0,0,0,0,0,0,0,0,0,0,0,1,"holmw101","F","F","F","F",1,0,4,0,0,0,0,0,0,0,F,F,"1924NY1.EVN.regular.event.csv",2344
"NY1192407250","SLN",4,1,2,0,0,"",7,3,"younr101","?","younr101","?","hainj101","?","hainj101","?","gonzm101","bottj101","hornr101","freih101","coonj103","bladr102","holmw101","smitj106","soutb101","","","9/L","F","F",9,1,2,"T","T",0,"F","F",1,"F","F",0,"F","F",9,"L","F","F","",0,0,"N",0,"N",0,"N",0,1,0,0,"9","","","","F","F","F","F","F","F","F","F","F","hainj101","","","F","F","F","F","F","","","","",0,9,0,0,0,0,0,0,0,43,"NY1","NY1","SLN",1,"F","T",3,7,1,18,4,"T","F",1,1,"T","T","frisf101","wilsh102","T","T",0,9,42,0,0,0,0,0,0,"gonzm101","","",0,0,0,0,0,0,0,0,0,0,0,0,0,"smitj106","F","F","F","F",0,1,0,0,0,0,0,0,0,0,F,F,"1924NY1.EVN.regular.event.csv",2345
"NY1192407250","SLN",5,0,0,0,0,"",7,3,"coonj103","?","coonj103","?","maune101","?","maune101","?","snydf101","kellg101","frisf101","grohh101","jackt101","meusi101","wilsh102","younr101","","","","3/FL","T","F",6,6,2,"T","T",0,"F","F",1,"F","F",0,"F","F",3,"F","F","T","",0,0,"N",0,"N",0,"N",0,0,0,0,"3","","","","F","F","F","F","F","F","F","F","F","","","","F","F","F","F","F","","","","",0,3,0,0,0,0,0,0,0,44,"NY1","SLN","NY1",0,"T","F",7,3,0,23,0,"T","F",0,0,"T","T","gonzm101","freih101","F","F",0,0,0,0,0,0,0,0,0,"","","",0,0,0,0,0,0,0,0,0,0,0,0,0,"kellg101","F","F","F","F",0,0,0,0,0,0,0,0,0,0,F,F,"1924NY1.EVN.regular.event.csv",2346
"NY1192407250","SLN",5,0,1,0,0,"",7,3,"gonzm101","?","gonzm101","?","maune101","?","maune101","?","snydf101","kellg101","frisf101","grohh101","jackt101","meusi101","wilsh102","younr101","","","","W","F","F",2,7,14,"T","F",0,"F","F",0,"F","F",0,"F","F",0,"","F","F","",0,0,"N",0,"N",0,"N",1,0,0,0,"","","","","F","F","F","F","F","F","F","F","F","","","","F","F","F","F","F","","","","",0,0,0,0,0,0,0,0,0,45,"NY1","SLN","NY1",0,"F","F",7,3,0,24,1,"T","F",0,1,"T","T","freih101","hainj101","F","F",0,0,0,0,0,0,0,0,0,"","","",0,0,0,0,0,0,0,0,0,0,0,0,0,"","F","F","F","F",0,0,0,0,0,0,0,0,0,0,F,F,"1924NY1.EVN.regular.event.csv",2347
"NY1192407250","SLN",5,0,1,0,0,"",7,3,"freih101","?","freih101","?","maune101","?","maune101","?","snydf101","kellg101","frisf101","grohh101","jackt101","meusi101","wilsh102","younr101","gonzm101","","","64(1)3/GDP","F","F",5,8,2,"T","T",0,"F","F",2,"T","F",0,"F","F",6,"G","F","F","",0,0,"N",0,"N",0,"N",0,0,0,0,"43","64","","","F","F","F","F","F","F","F","F","F","maune101","","","F","F","F","F","F","","","","",0,4,3,0,6,4,0,0,0,46,"NY1","SLN","NY1",0,"F","T",7,3,0,25,2,"T","F",1,0,"T","T","hainj101","smitj106","F","F",2,7,45,0,0,0,0,0,0,"snydf101","","",0,0,0,0,0,0,0,0,0,0,0,0,0,"jackt101","T","F","F","F",0,0,0,0,0,0,0,0,0,0,F,F,"1924NY1.EVN.regular.event.csv",2348
"NY1192407250","SLN",5,1,0,0,0,"",7,3,"frisf101","?","frisf101","?","hainj101","?","hainj101","?","gonzm101","bottj101","hornr101","freih101","coonj103","bladr102","holmw101","smitj106","","","","S9","T","F",4,2,20,"T","T",1,"F","F",0,"F","F",0,"F","F",9,"","F","F","",0,0,"N",0,"N",0,"N",1,0,0,0,"","","","","F","F","F","F","F","F","F","F","F","","","","F","F","F","F","F","","","","",0,0,0,0,0,0,0,0,0,47,"NY1","NY1","SLN",1,"T","F",3,7,0,19,0,"T","F",0,1,"T","T","wilsh102","meusi101","T","T",0,0,0,0,0,0,0,0,0,"","","",0,0,0,0,0,0,0,0,0,0,0,0,0,"smitj106","F","F","F","F",0,0,0,0,0,0,0,0,0,0,F,F,"1924NY1.EVN.regular.event.csv",2349
"NY1192407250","SLN",5,1,0,0,0,"",7,3,"wilsh102","?","wilsh102","?","hainj101","?","hainj101","?","gonzm101","bottj101","hornr101","freih101","coonj103","bladr102","holmw101","smitj106","frisf101","","","S8/8S.1-2","F","F",8,3,20,"T","T",1,"F","F",0,"F","F",0,"F","F",8,"","F","F","8S",0,0,"N",0,"N",0,"N",1,2,0,0,"","","","","F","F","F","F","F","F","F","F","F","hainj101","","","F","F","F","F","F","","","","",0,0,0,0,0,0,0,0,0,48,"NY1","NY1","SLN",1,"F","F",3,7,0,20,1,"T","F",1,3,"T","T","meusi101","kellg101","T","T",4,2,47,0,0,0,0,0,0,"gonzm101","","",0,0,0,0,0,0,0,0,0,0,0,0,0,"holmw101","F","F","F","F",0,0,0,0,0,0,0,0,0,0,F,F,"1924NY1.EVN.regular.event.csv",2350
"NY1192407250","SLN",5,1,0,0,0,"",7,3,"meusi101","?","meusi101","?","hainj101","?","hainj101","?","gonzm101","bottj101","hornr101","freih101","coonj103","bladr102","holmw101","smitj106","wilsh102","frisf101","","PO1(23)","F","F",7,4,8,"F","F",0,"F","F",1,"F","F",0,"F","F",0,"","F","F","",0,0,"N",0,"N",0,"N",0,0,2,0,"","23","","","F","F","F","F","F","F","T","F","F","hainj101","hainj101","","F","F","F","F","F","","","","",0,3,0,0,2,0,0,0,0,49,"NY1","NY1","SLN",1,"F","F",3,7,0,21,2,"T","F",3,2,"T","T","kellg101","jackt101","T","T",8,3,48,4,2,47,0,0,0,"gonzm101","gonzm101","",0,0,0,0,0,0,0,0,0,0,0,0,0,"","F","F","F","F",0,0,0,0,0,0,0,0,0,0,F,F,"1924NY1.EVN.regular.event.csv",2351
"NY1192407250","SLN",5,1,1,0,0,"",7,3,"meusi101","?","meusi101","?","hainj101","?","hainj101","?","gonzm101","bottj101","hornr101","freih101","coonj103","bladr102","holmw101","smitj106","","frisf101","","43.2-3","F","F",7,4,2,"T","T",0,"F","F",1,"F","F",0,"F","F",4,"G","F","F","",0,0,"N",0,"N",0,"N",0,0,3,0,"43","","","","F","F","F","F","F","F","F","F","F","","hainj101","","F","F","F","F","F","","","","",0,3,0,0,4,0,0,0,0,50,"NY1","NY1","SLN",1,"F","F",3,7,0,21,2,"F","F",2,4,"T","T","kellg101","jackt101","T","T",0,0,0,4,2,47,0,0,0,"","gonzm101","",0,0,0,0,0,0,0,0,0,0,0,0,0,"hornr101","F","F","F","F",0,0,0,0,0,0,0,0,0,0,F,F,"1924NY1.EVN.regular.event.csv",2352
"NY1192407250","SLN",5,1,2,0,0,"",7,3,"kellg101","?","kellg101","?","hainj101","?","hainj101","?","gonzm101","bottj101","hornr101","freih101","coonj103","bladr102","holmw101","smitj106","","","frisf101","K","F","F",3,5,3,"T","T",0,"F","F",1,"F","F",0,"F","F",0,"","F","F","",0,0,"N",0,"N",0,"N",0,0,0,3,"2","","","","F","F","F","F","F","F","F","F","F","","","hainj101","F","F","F","F","F","","","","",0,2,0,0,0,0,0,0,0,51,"NY1","NY1","SLN",1,"F","T",3,7,0,22,3,"T","F",4,4,"T","T","jackt101","grohh101","T","T",0,0,0,0,0,0,4,2,47,"","","gonzm101",0,0,0,0,0,0,0,0,0,0,0,0,0,"","F","F","F","F",0,0,0,0,0,0,0,0,0,0,F,F,"1924NY1.EVN.regular.event.csv",2353
"NY1192407250","SLN",6,0,0,0,0,"",7,3,"hainj101","?","hainj101","?","maune101","?","maune101","?","snydf101","kellg101","frisf101","grohh101","jackt101","meusi101","wilsh102","younr101","","","","S8","T","F",1,9,20,"T","T",1,"F","F",0,"F","F",0,"F","F",8,"","F","F","",0,0,"N",0,"N",0,"N",1,0,0,0,"","","","","F","F","F","F","F","F","F","F","F","","","","F","F","F","F","F","","","","",0,0,0,0,0,0,0,0,0,52,"NY1","SLN","NY1",0,"T","F",7,3,0,26,0,"T","F",0,1,"T","T","smitj106","holmw101","F","F",0,0,0,0,0,0,0,0,0,"","","",0,0,0,0,0,0,0,0,0,0,0,0,0,"wilsh102","F","F","F","F",0,0,0,0,0,0,0,0,0,0,F,F,"1924NY1.EVN.regular.event.csv",2354
"NY1192407250","SLN",6,0,0,0,0,"",7,3,"smitj106","?","smitj106","?","maune101","?","maune101","?","snydf101","kellg101","frisf101","grohh101","jackt101","meusi101","wilsh102","younr101","hainj101","","","16(1)/FO/BG","F","F",9,1,2,"T","T",0,"F","F",1,"F","F",0,"F","F",1,"G","T","F","",0,0,"N",0,"N",0,"N",1,0,0,0,"","16","","","F","F","F","F","F","F","F","F","F","maune101","","","F","F","F","F","F","","","","",0,6,0,0,1,0,0,0,0,53,"NY1","SLN","NY1",0,"F","F",7,3,0,27,1,"T","F",1,1,"T","T","holmw101","hornr101","F","F",1,9,52,0,0,0,0,0,0,"snydf101","","",0,0,0,0,0,0,0,0,0,0,0,0,0,"maune101","T","F","F","F",0,0,0,0,0,0,0,0,0,0,F,F,"1924NY1.EVN.regular.event.csv",2355
"NY1192407250","SLN",6,0,1,0,0,"",7,3,"holmw101","?","holmw101","?","maune101","?","maune101","?","snydf101","kellg101","frisf101","grohh101","jackt101","meusi101","wilsh102","younr101","smitj106","","","CS2(24)","F","F",8,2,6,"F","F",0,"F","F",1,"F","F",0,"F","F",0,"","F","F","",0,0,"N",0,"N",0,"N",0,0,0,0,"","24","","","F","F","F","T","F","F","F","F","F","maune101","","","F","F","F","F","F","","","","",0,4,0,0,2,0,0,0,0,54,"NY1","SLN","NY1",0,"F","F",7,3,0,28,2,"T","F",1,0,"T","T","hornr101","bottj101","F","F",9,1,53,0,0,0,0,0,0,"snydf101","","",0,0,0,0,0,0,0,0,0,0,0,0,0,"","F","F","F","F",0,0,0,0,0,0,0,0,0,0,F,F,"1924NY1.EVN.regular.event.csv",2356
"NY1192407250","SLN",6,0,2,0,0,"",7,3,"holmw101","?","holmw101","?","maune101","?","maune101","?","snydf101","kellg101","frisf101","grohh101","jackt101","meusi101","wilsh102","younr101","","","","31","F","F",8,2,2,"T","T",0,"F","F",1,"F","F",0,"F","F",3,"G","F","F","",0,0,"N",0,"N",0,"N",0,0,0,0,"31","","","","F","F","F","F","F","F","F","F","F","","","","F","F","F","F","F","","","","",0,1,0,0,3,0,0,0,0,55,"NY1","SLN","NY1",0,"F","T",7,3,0,28,2,"F","F",0,0,"T","T","hornr101","bottj101","F","F",0,0,0,0,0,0,0,0,0,"","","",0,0,0,0,0,0,0,0,0,0,0,0,0,"kellg101","F","F","F","F",0,0,0,0,0,0,0,0,0,0,F,F,"1924NY1.EVN.regular.event.csv",2357
"NY1192407250","SLN",6,1,0,0,0,"",7,3,"jackt101","?","jackt101","?","hainj101","?","hainj101","?","gonzm101","bottj101","hornr101","freih101","coonj103","bladr102","holmw101","smitj106","","","","HR/F9LD","T","F",6,6,23,"T","T",4,"F","F",0,"F","F",1,"F","F",0,"F","F","F","9LD",0,0,"N",0,"N",0,"N",4,0,0,0,"","","","","F","F","F","F","F","F","F","F","F","","","","F","F","F","F","F","","","","",0,0,0,0,0,0,0,0,0,56,"NY1","NY1","SLN",1,"T","F",3,7,0,23,0,"T","F",0,0,"T","T","grohh101","snydf101","T","T",0,0,0,0,0,0,0,0,0,"","","",0,0,0,0,0,0,0,0,0,0,0,0,1,"","F","F","F","F",4,0,0,0,0,0,0,0,0,0,F,F,"1924NY1.EVN.regular.event.csv",2358
"NY1192407250","SLN",6,1,0,0,0,"",7,4,"grohh101","?","grohh101","?","hainj101","?","hainj101","?","gonzm101","bottj101","hornr101","freih101","coonj103","bladr102","holmw101","smitj106","","","","2/P2","F","F",5,7,2,"T","T",0,"F","F",1,"F","F",0,"F","F",2,"P","F","F","2",0,0,"N",0,"N",0,"N",0,0,0,0,"2","","","","F","F","F","F","F","F","F","F","F","","","","F","F","F","F","F","","","","",0,2,0,0,0,0,0,0,0,57,"NY1","NY1","SLN",1,"F","F",4,7,1,24,1,"T","F",0,0,"T","T","snydf101","maune101","T","T",0,0,0,0,0,0,0,0,0,"","","",0,0,0,0,0,0,0,0,0,0,0,0,0,"gonzm101","F","F","F","F",0,0,0,0,0,0,0,0,0,0,F,F,"1924NY1.EVN.regular.event.csv",2359
"NY1192407250","SLN",6,1,1,0,0,"",7,4,"snydf101","?","snydf101","?","hainj101","?","hainj101","?","gonzm101","bottj101","hornr101","freih101","coonj103","bladr102","holmw101","smitj106","","","","S","F","F",2,8,20,"T","T",1,"F","F",0,"F","F",0,"F","F",0,"","F","F","",0,0,"N",0,"N",0,"N",1,0,0,0,"","","","","F","F","F","F","F","F","F","F","F","","","","F","F","F","F","F","","","","",0,0,0,0,0,0,0,0,0,58,"NY1","NY1","SLN",1,"F","F",4,7,1,25,2,"T","F",0,1,"T","T","maune101","younr101","T","T",0,0,0,0,0,0,0,0,0,"","","",0,0,0,0,0,0,0,0,0,0,0,0,0,"","F","F","F","F",1,0,0,0,0,0,0,0,0,0,F,F,"1924NY1.EVN.regular.event.csv",2360
"NY1192407250","SLN",6,1,1,0,0,"",7,4,"terrb101","?","terrb101","?","hainj101","?","hainj101","?","gonzm101","bottj101","hornr101","freih101","coonj103","bladr102","holmw101","smitj106","snydf101","","","2/FL","F","T",11,9,2,"T","T",0,"F","F",1,"F","F",0,"F","F",2,"F","F","T","",0,0,"N",0,"N",0,"N",0,1,0,0,"2","","","","F","F","F","F","F","F","F","F","F","hainj101","","","F","F","F","F","F","","","","maune101",1,2,0,0,0,0,0,0,0,59,"NY1","NY1","SLN",1,"F","F",4,7,1,26,3,"T","F",1,1,"F","F","younr101","frisf101","T","T",2,8,58,0,0,0,0,0,0,"gonzm101","","",0,0,0,0,0,0,0,0,0,0,0,0,0,"gonzm101","F","F","F","F",0,1,0,0,0,0,0,0,0,0,F,F,"1924NY1.EVN.regular.event.csv",2361
"NY1192407250","SLN",6,1,2,0,0,"",7,4,"younr101","?","younr101","?","hainj101","?","hainj101","?","gonzm101","bottj101","hornr101","freih101","coonj103","bladr102","holmw101","smitj106","snydf101","","","43","F","F",9,1,2,"T","T",0,"F","F",1,"F","F",0,"F","F",4,"G","F","F","",0,0,"N",0,"N",0,"N",0,1,0,0,"43","","","","F","F","F","F","F","F","F","F","F","hainj101","","","F","F","F","F","F","","","","",0,3,0,0,4,0,0,0,0,60,"NY1","NY1","SLN",1,"F","T",4,7,1,27,4,"T","F",1,1,"T","T","frisf101","wilsh102","T","T",2,8,58,0,0,0,0,0,0,"gonzm101","","",0,0,0,0,0,0,0,0,0,0,0,0,0,"hornr101","F","F","F","F",0,1,0,0,0,0,0,0,0,0,F,F,"1924NY1.EVN.regular.event.csv",2362
"NY1192407250","SLN",7,0,0,0,0,"",7,4,"hornr101","?","hornr101","?","huntw101","?","huntw101","?","snydf101","kellg101","frisf101","grohh101","jackt101","meusi101","wilsh102","younr101","","","","W","T","F",4,3,14,"T","F",0,"F","F",0,"F","F",0,"F","F",0,"","F","F","",0,0,"N",0,"N",0,"N",1,0,0,0,"","","","","F","F","F","F","F","F","F","F","F","","","","F","F","F","F","F","","","","",0,0,0,0,0,0,0,0,0,61,"NY1","SLN","NY1",0,"T","F",7,4,0,29,0,"T","F",0,1,"T","T","bottj101","bladr102","F","F",0,0,0,0,0,0,0,0,0,"","","",0,0,0,0,0,0,0,0,0,0,0,0,0,"","F","F","F","F",4,0,0,0,3,0,0,0,0,0,F,F,"1924NY1.EVN.regular.event.csv",2363
"NY1192407250","SLN",7,0,0,0,0,"",7,4,"bottj101","?","bottj101","?","huntw101","?","huntw101","?","snydf101","kellg101","frisf101","grohh101","jackt101","meusi101","wilsh102","younr101","hornr101","","","S5/BG.1-2","F","F",3,4,20,"T","T",1,"F","F",0,"F","F",0,"F","F",5,"G","T","F","",0,0,"N",0,"N",0,"N",1,2,0,0,"","","","","F","F","F","F","F","F","F","F","F","huntw101","","","F","F","F","F","F","","","","",0,0,0,0,0,0,0,0,0,62,"NY1","SLN","NY1",0,"F","F",7,4,0,30,1,"T","F",1,3,"T","T","bladr102","coonj103","F","F",4,3,61,0,0,0,0,0,0,"snydf101","","",0,0,0,0,0,0,0,0,0,0,0,0,0,"grohh101","F","F","F","F",4,4,0,0,3,0,0,0,0,0,F,F,"1924NY1.EVN.regular.event.csv",2364
"NY1192407250","SLN",7,0,0,0,0,"",7,4,"bladr102","?","bladr102","?","huntw101","?","huntw101","?","snydf101","kellg101","frisf101","grohh101","jackt101","meusi101","wilsh102","younr101","bottj101","hornr101","","PO2(E2).2-3;1-2","F","F",7,5,8,"F","F",0,"F","F",0,"F","F",0,"F","F",0,"","F","F","",1,2,"T",0,"N",0,"N",0,2,3,0,"","","E2","","F","F","F","F","F","F","F","T","F","huntw101","huntw101","","F","F","F","F","F","","","","",0,0,0,0,0,0,0,0,0,63,"NY1","SLN","NY1",0,"F","F",7,4,0,31,2,"T","F",3,6,"T","T","coonj103","gonzm101","F","F",3,4,62,4,3,61,0,0,0,"snydf101","snydf101","",0,0,0,0,0,0,0,0,0,0,0,0,0,"","F","F","F","F",0,4,4,0,3,0,0,0,0,0,F,F,"1924NY1.EVN.regular.event.csv",2365
"NY1192407250","SLN",7,0,0,0,0,"",7,4,"bladr102","?","bladr102","?","huntw101","?","huntw101","?","snydf101","kellg101","frisf101","grohh101","jackt101","meusi101","wilsh102","younr101","","bottj101","hornr101","8/SF.3-H","F","F",7,5,2,"T","F",0,"F","T",1,"F","F",1,"F","F",8,"F","F","F","",0,0,"N",0,"N",0,"N",0,0,2,4,"8","","","","F","F","F","F","F","F","F","F","F","","huntw101","huntw101","F","F","F","F","F","","","","",0,8,0,0,0,0,0,0,0,64,"NY1","SLN","NY1",0,"F","F",7,4,0,31,2,"F","F",6,2,"T","T","coonj103","gonzm101","F","F",0,0,0,3,4,62,4,3,61,"","snydf101","snydf101",0,0,0,0,0,0,0,0,0,0,0,0,1,"wilsh102","F","F","F","F",0,0,4,4,2,0,0,0,0,0,F,F,"1924NY1.EVN.regular.event.csv",2366
"NY1192407250","SLN",7,0,1,0,0,"",8,4,"coonj103","?","coonj103","?","huntw101","?","huntw101","?","snydf101","kellg101","frisf101","grohh101","jackt101","meusi101","wilsh102","younr101","","bottj101","","S9.2-H;B-2(THH)","F","F",6,6,20,"T","T",1,"F","F",0,"F","F",1,"F","F",9,"","F","F","",0,0,"N",0,"N",0,"N",2,0,4,0,"","","","","F","F","F","F","F","F","F","F","F","","huntw101","","F","F","F","F","F","","","","",0,0,0,0,0,0,0,0,0,65,"NY1","SLN","NY1",0,"F","F",8,4,1,32,3,"T","F",2,2,"T","T","gonzm101","freih101","F","F",0,0,0,3,4,62,0,0,0,"","snydf101","",0,0,0,0,0,0,0,0,0,0,0,0,1,"younr101","F","F","F","F",5,0,4,0,1,0,0,0,0,0,F,F,"1924NY1.EVN.regular.event.csv",2367
"NY1192407250","SLN",7,0,1,0,0,"",9,4,"gonzm101","?","gonzm101","?","huntw101","?","huntw101","?","snydf101","kellg101","frisf101","grohh101","jackt101","meusi101","wilsh102","younr101","","coonj103","","8/L","F","F",2,7,2,"T","T",0,"F","F",1,"F","F",0,"F","F",8,"L","F","F","",0,0,"N",0,"N",0,"N",0,0,2,0,"8","","","","F","F","F","F","F","F","F","F","F","","huntw101","","F","F","F","F","F","","","","",0,8,0,0,0,0,0,0,0,66,"NY1","SLN","NY1",0,"F","F",9,4,2,33,4,"T","F",2,2,"T","T","freih101","hainj101","F","F",0,0,0,6,6,65,0,0,0,"","snydf101","",0,0,0,0,0,0,0,0,0,0,0,0,0,"wilsh102","F","F","F","F",0,0,5,0,1,0,0,0,0,0,F,F,"1924NY1.EVN.regular.event.csv",2368
"NY1192407250","SLN",7,0,2,0,0,"",9,4,"freih101","?","freih101","?","huntw101","?","huntw101","?","snydf101","kellg101","frisf101","grohh101","jackt101","meusi101","wilsh102","younr101","","coonj103","","SB3.2-3(PB)","F","F",5,8,4,"F","F",0,"F","F",0,"F","F",0,"F","T",0,"","F","F","",0,0,"N",0,"N",0,"N",0,0,3,0,"","","","","F","T","F","F","F","F","F","F","F","","huntw101","","F","F","F","F","F","","","","",0,0,0,0,0,0,0,0,0,67,"NY1","SLN","NY1",0,"F","F",9,4,2,34,5,"T","F",2,4,"T","T","hainj101","smitj106","F","F",0,0,0,6,6,65,0,0,0,"","snydf101","",0,0,0,0,0,0,0,0,0,0,0,0,0,"","F","F","F","F",0,0,5,0,1,0,0,0,0,0,F,F,"1924NY1.EVN.regular.event.csv",2369
"NY1192407250","SLN",7,0,2,0,0,"",9,4,"freih101","?","freih101","?","huntw101","?","huntw101","?","snydf101","kellg101","frisf101","grohh101","jackt101","meusi101","wilsh102","younr101","","","coonj103","S5.3-H(UR)","F","F",5,8,20,"T","T",1,"F","F",0,"F","F",1,"F","F",5,"","F","F","",0,0,"N",0,"N",0,"N",1,0,0,5,"","","","","F","F","F","F","F","F","F","F","F","","","huntw101","F","F","F","F","F","","","","",0,0,0,0,0,0,0,0,0,68,"NY1","SLN","NY1",0,"F","F",9,4,2,34,5,"F","F",4,1,"T","T","hainj101","smitj106","F","F",0,0,0,0,0,0,6,6,65,"","","snydf101",0,0,0,0,0,0,0,0,0,0,0,0,1,"grohh101","F","F","F","F",0,0,0,5,0,0,0,0,0,0,F,F,"1924NY1.EVN.regular.event.csv",2370
"NY1192407250","SLN",7,0,2,0,0,"",10,4,"hainj101","?","hainj101","?","huntw101","?","huntw101","?","snydf101","kellg101","frisf101","grohh101","jackt101","meusi101","wilsh102","younr101","freih101","","","S5/G.1-3","F","F",1,9,20,"T","T",1,"F","F",0,"F","F",0,"F","F",5,"G","F","F","",0,0,"N",0,"N",0,"N",1,3,0,0,"","","","","F","F","F","F","F","F","F","F","F","huntw101","","","F","F","F","F","F","","","","",0,0,0,0,0,0,0,0,0,69,"NY1","SLN","NY1",0,"F","F",10,4,3,35,6,"T","F",1,5,"T","T","smitj106","holmw101","F","F",5,8,68,0,0,0,0,0,0,"snydf101","","",0,0,0,0,0,0,0,0,0,0,0,0,0,"grohh101","F","F","F","F",0,0,0,0,0,0,0,0,0,0,F,F,"1924NY1.EVN.regular.event.csv",2371
"NY1192407250","SLN",7,0,2,0,0,"",10,4,"smitj106","?","smitj106","?","huntw101","?","huntw101","?","snydf101","kellg101","frisf101","grohh101","jackt101","meusi101","wilsh102","younr101","hainj101","","freih101","64(1)/FO","F","F",9,1,2,"T","T",0,"F","F",1,"F","F",0,"F","F",6,"G","F","F","",0,0,"N",0,"N",0,"N",1,0,0,3,"","64","","","F","F","F","F","F","F","F","F","F","huntw101","","huntw101","F","F","F","F","F","","","","",0,4,0,0,6,0,0,0,0,70,"NY1","SLN","NY1",0,"F","T",10,4,3,36,7,"T","F",5,5,"T","T","holmw101","hornr101","F","F",1,9,69,0,0,0,5,8,68,"snydf101","","snydf101",0,0,0,0,0,0,0,0,0,0,0,0,0,"jackt101","T","F","F","F",0,0,0,0,0,0,0,0,0,0,F,F,"1924NY1.EVN.regular.event.csv",2372
"NY1192407250","SLN",7,1,0,0,0,"",10,4,"frisf101","?","frisf101","?","hainj101","?","hainj101","?","gonzm101","bottj101","hornr101","freih101","coonj103","bladr102","holmw101","smitj106","","","","HR/F9D","T","F",4,2,23,"T","T",4,"F","F",0,"F","F",1,"F","F",0,"F","F","F","9D",0,0,"N",0,"N",0,"N",4,0,0,0,"","","","","F","F","F","F","F","F","F","F","F","","","","F","F","F","F","F","","","","",0,0,0,0,0,0,0,0,0,71,"NY1","NY1","SLN",1,"T","F",4,10,0,28,0,"T","F",0,0,"T","T","wilsh102","meusi101","T","T",0,0,0,0,0,0,0,0,0,"","","",0,0,0,0,0,0,0,0,0,0,0,0,1,"","F","F","F","F",4,0,0,0,0,0,0,0,0,0,F,F,"1924NY1.EVN.regular.event.csv",2373
"NY1192407250","SLN",7,1,0,0,0,"",10,5,"wilsh102","?","wilsh102","?","hainj101","?","hainj101","?","gonzm101","bottj101","hornr101","freih101","coonj103","bladr102","holmw101","smitj106","","","","D7","F","F",8,3,21,"T","T",2,"F","F",0,"F","F",0,"F","F",7,"","F","F","",0,0,"N",0,"N",0,"N",2,0,0,0,"","","","","F","F","F","F","F","F","F","F","F","","","","F","F","F","F","F","","","","",0,0,0,0,0,0,0,0,0,72,"NY1","NY1","SLN",1,"F","F",5,10,1,29,1,"T","F",0,2,"T","T","meusi101","kellg101","T","T",0,0,0,0,0,0,0,0,0,"","","",0,0,0,0,0,0,0,0,0,0,0,0,0,"bladr102","F","F","F","F",0,0,0,0,0,0,0,0,0,0,F,F,"1924NY1.EVN.regular.event.csv",2374
"NY1192407250","SLN",7,1,0,0,0,"",10,5,"meusi101","?","meusi101","?","hainj101","?","hainj101","?","gonzm101","bottj101","hornr101","freih101","coonj103","bladr102","holmw101","smitj106","","wilsh102","","63","F","F",7,4,2,"T","T",0,"F","F",1,"F","F",0,"F","F",6,"G","F","F","",0,0,"N",0,"N",0,"N",0,0,2,0,"63","","","","F","F","F","F","F","F","F","F","F","","hainj101","","F","F","F","F","F","","","","",0,3,0,0,6,0,0,0,0,73,"NY1","NY1","SLN",1,"F","F",5,10,1,30,2,"T","F",2,2,"T","T","kellg101","jackt101","T","T",0,0,0,8,3,72,0,0,0,"","gonzm101","",0,0,0,0,0,0,0,0,0,0,0,0,0,"coonj103","F","F","F","F",0,0,0,0,0,0,0,0,0,0,F,F,"1924NY1.EVN.regular.event.csv",2375
"NY1192407250","SLN",7,1,1,0,0,"",10,5,"kellg101","?","kellg101","?","hainj101","?","hainj101","?","gonzm101","bottj101","hornr101","freih101","coonj103","bladr102","holmw101","smitj106","","wilsh102","","K","F","F",3,5,3,"T","T",0,"F","F",1,"F","F",0,"F","F",0,"","F","F","",0,0,"N",0,"N",0,"N",0,0,2,0,"2","","","","F","F","F","F","F","F","F","F","F","","hainj101","","F","F","F","F","F","","","","",0,2,0,0,0,0,0,0,0,74,"NY1","NY1","SLN",1,"F","F",5,10,1,31,3,"T","F",2,2,"T","T","jackt101","grohh101","T","T",0,0,0,8,3,72,0,0,0,"","gonzm101","",0,0,0,0,0,0,0,0,0,0,0,0,0,"","F","F","F","F",0,0,0,0,0,0,0,0,0,0,F,F,"1924NY1.EVN.regular.event.csv",2376
"NY1192407250","SLN",7,1,2,0,0,"",10,5,"jackt101","?","jackt101","?","hainj101","?","hainj101","?","gonzm101","bottj101","hornr101","freih101","coonj103","bladr102","holmw101","smitj106","","wilsh102","","43","F","F",6,6,2,"T","T",0,"F","F",1,"F","F",0,"F","F",4,"G","F","F","",0,0,"N",0,"N",0,"N",0,0,2,0,"43","","","","F","F","F","F","F","F","F","F","F","","hainj101","","F","F","F","F","F","","","","",0,3,0,0,4,0,0,0,0,75,"NY1","NY1","SLN",1,"F","T",5,10,1,32,4,"T","F",2,2,"T","T","grohh101","snydf101","T","T",0,0,0,8,3,72,0,0,0,"","gonzm101","",0,0,0,0,0,0,0,0,0,0,0,0,0,"hornr101","F","F","F","F",0,0,0,0,0,0,0,0,0,0,F,F,"1924NY1.EVN.regular.event.csv",2377
"NY1192407250","SLN",8,0,0,0,0,"",10,5,"holmw101","?","holmw101","?","huntw101","?","huntw101","?","snydf101","kellg101","frisf101","grohh101","jackt101","meusi101","wilsh102","younr101","","","","43","T","F",8,2,2,"T","T",0,"F","F",1,"F","F",0,"F","F",4,"G","F","F","",0,0,"N",0,"N",0,"N",0,0,0,0,"43","","","","F","F","F","F","F","F","F","F","F","","","","F","F","F","F","F","","","","",0,3,0,0,4,0,0,0,0,76,"NY1","SLN","NY1",0,"T","F",10,5,0,37,0,"T","F",0,0,"T","T","hornr101","bottj101","F","F",0,0,0,0,0,0,0,0,0,"","","",0,0,0,0,0,0,0,0,0,0,0,0,0,"frisf101","F","F","F","F",0,0,0,0,0,0,0,0,0,0,F,F,"1924NY1.EVN.regular.event.csv",2378
"NY1192407250","SLN",8,0,1,0,0,"",10,5,"hornr101","?","hornr101","?","huntw101","?","huntw101","?","snydf101","kellg101","frisf101","grohh101","jackt101","meusi101","wilsh102","younr101","","","","2/FL","F","F",4,3,2,"T","T",0,"F","F",1,"F","F",0,"F","F",2,"F","F","T","",0,0,"N",0,"N",0,"N",0,0,0,0,"2","","","","F","F","F","F","F","F","F","F","F","","","","F","F","F","F","F","","","","",0,2,0,0,0,0,0,0,0,77,"NY1","SLN","NY1",0,"F","F",10,5,0,38,1,"T","F",0,0,"T","T","bottj101","bladr102","F","F",0,0,0,0,0,0,0,0,0,"","","",0,0,0,0,0,0,0,0,0,0,0,0,0,"snydf101","F","F","F","F",0,0,0,0,0,0,0,0,0,0,F,F,"1924NY1.EVN.regular.event.csv",2379
"NY1192407250","SLN",8,0,2,0,0,"",10,5,"bottj101","?","bottj101","?","huntw101","?","huntw101","?","snydf101","kellg101","frisf101","grohh101","jackt101","meusi101","wilsh102","younr101","","","","8/F","F","F",3,4,2,"T","T",0,"F","F",1,"F","F",0,"F","F",8,"F","F","F","",0,0,"N",0,"N",0,"N",0,0,0,0,"8","","","","F","F","F","F","F","F","F","F","F","","","","F","F","F","F","F","","","","",0,8,0,0,0,0,0,0,0,78,"NY1","SLN","NY1",0,"F","T",10,5,0,39,2,"T","F",0,0,"T","T","bladr102","coonj103","F","F",0,0,0,0,0,0,0,0,0,"","","",0,0,0,0,0,0,0,0,0,0,0,0,0,"wilsh102","F","F","F","F",0,0,0,0,0,0,0,0,0,0,F,F,"1924NY1.EVN.regular.event.csv",2380
"NY1192407250","SLN",8,1,0,0,0,"",10,5,"grohh101","?","grohh101","?","hainj101","?","hainj101","?","gonzm101","bottj101","hornr101","freih101","coonj103","bladr102","holmw101","smitj106","","","","S7","T","F",5,7,20,"T","T",1,"F","F",0,"F","F",0,"F","F",7,"","F","F","",0,0,"N",0,"N",0,"N",1,0,0,0,"","","","","F","F","F","F","F","F","F","F","F","","","","F","F","F","F","F","","","","",0,0,0,0,0,0,0,0,0,79,"NY1","NY1","SLN",1,"T","F",5,10,0,33,0,"T","F",0,1,"T","T","snydf101","huntw101","T","T",0,0,0,0,0,0,0,0,0,"","","",0,0,0,0,0,0,0,0,0,0,0,0,0,"bladr102","F","F","F","F",0,0,0,0,0,0,0,0,0,0,F,F,"1924NY1.EVN.regular.event.csv",2381
"NY1192407250","SLN",8,1,0,0,0,"",10,5,"snydf101","?","snydf101","?","hainj101","?","hainj101","?","gonzm101","bottj101","hornr101","freih101","coonj103","bladr102","holmw101","smitj106","grohh101","","","64(1)3/GDP","F","F",2,8,2,"T","T",0,"F","F",2,"T","F",0,"F","F",6,"G","F","F","",0,0,"N",0,"N",0,"N",0,0,0,0,"43","64","","","F","F","F","F","F","F","F","F","F","hainj101","","","F","F","F","F","F","","","","",0,4,3,0,6,4,0,0,0,80,"NY1","NY1","SLN",1,"F","F",5,10,0,34,1,"T","F",1,0,"T","T","huntw101","younr101","T","T",5,7,79,0,0,0,0,0,0,"gonzm101","","",0,0,0,0,0,0,0,0,0,0,0,0,0,"coonj103","T","F","F","F",0,0,0,0,0,0,0,0,0,0,F,F,"1924NY1.EVN.regular.event.csv",2382
"NY1192407250","SLN",8,1,2,0,0,"",10,5,"huntw101","?","huntw101","?","hainj101","?","hainj101","?","gonzm101","bottj101","hornr101","freih101","coonj103","bladr102","holmw101","smitj106","","","","S9","F","F",1,9,20,"T","T",1,"F","F",0,"F","F",0,"F","F",9,"","F","F","",0,0,"N",0,"N",0,"N",1,0,0,0,"","","","","F","F","F","F","F","F","F","F","F","","","","F","F","F","F","F","","","","",0,0,0,0,0,0,0,0,0,81,"NY1","NY1","SLN",1,"F","F",5,10,0,35,2,"T","F",0,1,"F","F","younr101","frisf101","T","T",0,0,0,0,0,0,0,0,0,"","","",0,0,0,0,0,0,0,0,0,0,0,0,0,"smitj106","F","F","F","F",0,0,0,0,0,0,0,0,0,0,F,F,"1924NY1.EVN.regular.event.csv",2383
"NY1192407250","SLN",8,1,2,0,0,"",10,5,"younr101","?","younr101","?","hainj101","?","hainj101","?","gonzm101","bottj101","hornr101","freih101","coonj103","bladr102","holmw101","smitj106","huntw101","","","8/F","F","F",9,1,2,"T","T",0,"F","F",1,"F","F",0,"F","F",8,"F","F","F","",0,0,"N",0,"N",0,"N",0,1,0,0,"8","","","","F","F","F","F","F","F","F","F","F","hainj101","","","F","F","F","F","F","","","","",0,8,0,0,0,0,0,0,0,82,"NY1","NY1","SLN",1,"F","T",5,10,0,36,3,"T","F",1,1,"T","T","frisf101","wilsh102","T","T",1,9,81,0,0,0,0,0,0,"gonzm101","","",0,0,0,0,0,0,0,0,0,0,0,0,0,"holmw101","F","F","F","F",0,0,0,0,0,0,0,0,0,0,F,F,"1924NY1.EVN.regular.event.csv",2384
"NY1192407250","SLN",9,0,0,0,0,"",10,5,"bladr102","?","bladr102","?","huntw101","?","huntw101","?","snydf101","kellg101","frisf101","grohh101","jackt101","meusi101","wilsh102","younr101","","","","2/FL","T","F",7,5,2,"T","T",0,"F","F",1,"F","F",0,"F","F",2,"F","F","T","",0,0,"N",0,"N",0,"N",0,0,0,0,"2","","","","F","F","F","F","F","F","F","F","F","","","","F","F","F","F","F","","","","",0,2,0,0,0,0,0,0,0,83,"NY1","SLN","NY1",0,"T","F",10,5,0,40,0,"T","F",0,0,"T","T","coonj103","gonzm101","F","F",0,0,0,0,0,0,0,0,0,"","","",0,0,0,0,0,0,0,0,0,0,0,0,0,"snydf101","F","F","F","F",0,0,0,0,3,0,0,0,0,0,F,F,"1924NY1.EVN.regular.event.csv",2385
"NY1192407250","SLN",9,0,1,0,0,"",10,5,"coonj103","?","coonj103","?","huntw101","?","huntw101","?","snydf101","kellg101","frisf101","grohh101","jackt101","meusi101","wilsh102","younr101","","","","S7","F","F",6,6,20,"T","T",1,"F","F",0,"F","F",0,"F","F",7,"","F","F","",0,0,"N",0,"N",0,"N",1,0,0,0,"","","","","F","F","F","F","F","F","F","F","F","","","","F","F","F","F","F","","","","",0,0,0,0,0,0,0,0,0,84,"NY1","SLN","NY1",0,"F","F",10,5,0,41,1,"T","F",0,1,"T","T","gonzm101","freih101","F","F",0,0,0,0,0,0,0,0,0,"","","",0,0,0,0,0,0,0,0,0,0,0,0,0,"meusi101","F","F","F","F",4,0,0,0,3,0,0,0,0,0,F,F,"1924NY1.EVN.regular.event.csv",2386
"NY1192407250","SLN",9,0,1,0,0,"",10,5,"gonzm101","?","gonzm101","?","huntw101","?","huntw101","?","snydf101","kellg101","frisf101","grohh101","jackt101","meusi101","wilsh102","younr101","coonj103","","","D7.1-3","F","F",2,7,21,"T","T",2,"F","F",0,"F","F",0,"F","F",7,"","F","F","",0,0,"N",0,"N",0,"N",2,3,0,0,"","","","","F","F","F","F","F","F","F","F","F","huntw101","","","F","F","F","F","F","","","","",0,0,0,0,0,0,0,0,0,85,"NY1","SLN","NY1",0,"F","F",10,5,0,42,2,"T","F",1,6,"T","T","freih101","hainj101","F","F",6,6,84,0,0,0,0,0,0,"snydf101","","",0,0,0,0,0,0,0,0,0,0,0,0,0,"meusi101","F","F","F","F",4,4,0,0,3,0,0,0,0,0,F,F,"1924NY1.EVN.regular.event.csv",2387
"NY1192407250","SLN",9,0,1,0,0,"",10,5,"freih101","?","freih101","?","huntw101","?","huntw101","?","snydf101","kellg101","frisf101","grohh101","jackt101","meusi101","wilsh102","younr101","","gonzm101","coonj103","W","F","F",5,8,14,"T","F",0,"F","F",0,"F","F",0,"F","F",0,"","F","F","",0,0,"N",0,"N",0,"N",1,0,2,3,"","","","","F","F","F","F","F","F","F","F","F","","huntw101","huntw101","F","F","F","F","F","","","","",0,0,0,0,0,0,0,0,0,86,"NY1","SLN","NY1",0,"F","F",10,5,0,43,3,"T","F",6,7,"T","T","hainj101","smitj106","F","F",0,0,0,2,7,85,6,6,84,"","snydf101","snydf101",0,0,0,0,0,0,0,0,0,0,0,0,0,"","F","F","F","F",4,0,4,4,3,0,0,0,0,0,F,F,"1924NY1.EVN.regular.event.csv",2388
"NY1192407250","SLN",9,0,1,0,0,"",10,5,"hainj101","?","hainj101","?","huntw101","?","huntw101","?","snydf101","kellg101","frisf101","grohh101","jackt101","meusi101","wilsh102","younr101","freih101","gonzm101","coonj103","S7.3-H;2-H;1-3","F","F",1,9,20,"T","T",1,"F","F",0,"F","F",2,"F","F",7,"","F","F","",0,0,"N",0,"N",0,"N",1,3,4,4,"","","","","F","F","F","F","F","F","F","F","F","huntw101","huntw101","huntw101","F","F","F","F","F","","","","",0,0,0,0,0,0,0,0,0,87,"NY1","SLN","NY1",0,"F","F",10,5,0,44,4,"T","F",7,5,"T","T","smitj106","holmw101","F","F",5,8,86,2,7,85,6,6,84,"snydf101","snydf101","snydf101",0,0,0,0,0,0,0,0,0,0,0,0,2,"meusi101","F","F","F","F",0,4,4,4,1,0,0,0,0,0,F,F,"1924NY1.EVN.regular.event.csv",2389
"NY1192407250","SLN",9,0,1,0,0,"",12,5,"smitj106","?","smitj106","?","huntw101","?","huntw101","?","snydf101","kellg101","frisf101","grohh101","jackt101","meusi101","wilsh102","younr101","hainj101","","freih101","64(1)/FO.3-H","F","F",9,1,2,"T","T",0,"F","F",1,"F","F",1,"F","F",6,"G","F","F","",0,0,"N",0,"N",0,"N",1,0,0,4,"","64","","","F","F","F","F","F","F","F","F","F","huntw101","","huntw101","F","F","F","F","F","","","","",0,4,0,0,6,0,0,0,0,88,"NY1","SLN","NY1",0,"F","F",12,5,2,45,5,"T","F",5,1,"T","T","holmw101","hornr101","F","F",1,9,87,0,0,0,5,8,86,"snydf101","","snydf101",0,0,0,0,0,0,0,0,0,0,0,0,1,"jackt101","T","F","F","F",0,0,0,4,0,0,0,0,0,0,F,F,"1924NY1.EVN.regular.event.csv",2390
"NY1192407250","SLN",9,0,2,0,0,"",13,5,"holmw101","?","holmw101","?","huntw101","?","huntw101","?","snydf101","kellg101","frisf101","grohh101","jackt101","meusi101","wilsh102","younr101","smitj106","","","53","F","F",8,2,2,"T","T",0,"F","F",1,"F","F",0,"F","F",5,"G","F","F","",0,0,"N",0,"N",0,"N",0,1,0,0,"53","","","","F","F","F","F","F","F","F","F","F","huntw101","","","F","F","F","F","F","","","","",0,3,0,0,5,0,0,0,0,89,"NY1","SLN","NY1",0,"F","T",13,5,3,46,6,"T","F",1,1,"T","T","hornr101","bottj101","F","F",9,1,88,0,0,0,0,0,0,"snydf101","","",0,0,0,0,0,0,0,0,0,0,0,0,0,"grohh101","F","F","F","F",0,0,0,0,0,0,0,0,0,0,F,F,"1924NY1.EVN.regular.event.csv",2391
"NY1192407250","SLN",9,1,0,0,0,"",13,5,"frisf101","?","frisf101","?","hainj101","?","hainj101","?","gonzm101","bottj101","hornr101","freih101","coonj103","bladr102","holmw101","smitj106","","","","6/L","T","F",4,2,2,"T","T",0,"F","F",1,"F","F",0,"F","F",6,"L","F","F","",0,0,"N",0,"N",0,"N",0,0,0,0,"6","","","","F","F","F","F","F","F","F","F","F","","","","F","F","F","F","F","","","","",0,6,0,0,0,0,0,0,0,90,"NY1","NY1","SLN",1,"T","F",5,13,0,37,0,"T","F",0,0,"T","T","wilsh102","meusi101","T","T",0,0,0,0,0,0,0,0,0,"","","",0,0,0,0,0,0,0,0,0,0,0,0,0,"coonj103","F","F","F","F",0,0,0,0,0,0,0,0,0,0,F,F,"1924NY1.EVN.regular.event.csv",2392
"NY1192407250","SLN",9,1,1,0,0,"",13,5,"wilsh102","?","wilsh102","?","hainj101","?","hainj101","?","gonzm101","bottj101","hornr101","freih101","coonj103","bladr102","holmw101","smitj106","","","","43","F","F",8,3,2,"T","T",0,"F","F",1,"F","F",0,"F","F",4,"G","F","F","",0,0,"N",0,"N",0,"N",0,0,0,0,"43","","","","F","F","F","F","F","F","F","F","F","","","","F","F","F","F","F","","","","",0,3,0,0,4,0,0,0,0,91,"NY1","NY1","SLN",1,"F","F",5,13,0,38,1,"T","F",0,0,"T","T","meusi101","kellg101","T","T",0,0,0,0,0,0,0,0,0,"","","",0,0,0,0,0,0,0,0,0,0,0,0,0,"hornr101","F","F","F","F",0,0,0,0,0,0,0,0,0,0,F,F,"1924NY1.EVN.regular.event.csv",2393
"NY1192407250","SLN",9,1,2,0,0,"",13,5,"meusi101","?","meusi101","?","hainj101","?","hainj101","?","gonzm101","bottj101","hornr101","freih101","coonj103","bladr102","holmw101","smitj106","","","","63","F","F",7,4,2,"T","T",0,"F","F",1,"F","F",0,"F","F",6,"G","F","F","",0,0,"N",0,"N",0,"N",0,0,0,0,"63","","","","F","F","F","F","F","F","F","F","F","","","","F","T","F","F","F","","","","",0,3,0,0,6,0,0,0,0,92,"NY1","NY1","SLN",1,"F","T",5,13,0,39,2,"T","F",0,0,"T","T","kellg101","jackt101","T","T",0,0,0,0,0,0,0,0,0,"","","",0,0,0,0,0,0,0,0,0,0,0,0,0,"coonj103","F","F","F","F",0,0,0,0,0,0,0,0,0,0,F,F,"1924NY1.EVN.regular.event.csv",2394
"NY1192407260","SLN",1,0,0,0,0,"X",0,0,"smitj106","?","smitj106","?","watsm103","?","watsm103","?","snydf101","kellg101","frisf101","grohh101","jackt101","meusi101","wilsh102","younr101","","","","S8","T","F",9,1,20,"T","T",1,"F","F",0,"F","F",0,"F","F",8,"","F","F","",0,0,"N",0,"N",0,"N",1,0,0,0,"","","","","F","F","F","F","F","F","F","F","F","","","","T","F","F","F","F","","","","",0,0,0,0,0,0,0,0,0,1,"NY1","SLN","NY1",0,"T","F",0,0,0,0,0,"T","F",0,1,"T","T","holmw101","hornr101","T","T",0,0,0,0,0,0,0,0,0,"","","",0,0,0,0,0,0,1,0,0,0,1,0,0,"wilsh102","F","F","F","F",0,0,0,0,0,0,0,0,0,0,F,F,"1924NY1.EVN.regular.event.csv",2395
"NY1192407260","SLN",1,0,0,0,0,"",0,0,"holmw101","?","holmw101","?","watsm103","?","watsm103","?","snydf101","kellg101","frisf101","grohh101","jackt101","meusi101","wilsh102","younr101","smitj106","","","64(1)3/GDP","F","F",8,2,2,"T","T",0,"F","F",2,"T","F",0,"F","F",6,"G","F","F","",0,0,"N",0,"N",0,"N",0,0,0,0,"43","64","","","F","F","F","F","F","F","F","F","F","watsm103","","","F","F","F","F","F","","","","",0,4,3,0,6,4,0,0,0,2,"NY1","SLN","NY1",0,"F","F",0,0,0,1,1,"T","F",1,0,"T","T","hornr101","bottj101","T","T",9,1,1,0,0,0,0,0,0,"snydf101","","",0,0,0,0,0,0,0,0,0,0,0,0,0,"jackt101","T","F","F","F",0,0,0,0,0,0,0,0,0,0,F,F,"1924NY1.EVN.regular.event.csv",2396
"NY1192407260","SLN",1,0,2,0,0,"",0,0,"hornr101","?","hornr101","?","watsm103","?","watsm103","?","snydf101","kellg101","frisf101","grohh101","jackt101","meusi101","wilsh102","younr101","","","","K","F","F",4,3,3,"T","T",0,"F","F",1,"F","F",0,"F","F",0,"","F","F","",0,0,"N",0,"N",0,"N",0,0,0,0,"2","","","","F","F","F","F","F","F","F","F","F","","","","F","F","F","F","F","","","","",0,2,0,0,0,0,0,0,0,3,"NY1","SLN","NY1",0,"F","T",0,0,0,2,2,"T","F",0,0,"T","T","bottj101","bladr102","T","T",0,0,0,0,0,0,0,0,0,"","","",0,0,0,0,0,0,0,0,0,0,0,0,0,"","F","F","F","F",0,0,0,0,0,0,0,0,0,0,F,F,"1924NY1.EVN.regular.event.csv",2397
"NY1192407260","SLN",1,1,0,0,0,"",0,0,"younr101","?","younr101","?","dickl101","?","dickl101","?","gonzm101","bottj101","hornr101","freih101","coonj103","bladr102","holmw101","smitj106","","","","S8","T","F",9,1,20,"T","T",1,"F","F",0,"F","F",0,"F","F",8,"","F","F","",0,0,"N",0,"N",0,"N",1,0,0,0,"","","","","F","F","F","F","F","F","F","F","F","","","","F","F","F","F","F","","","","",0,0,0,0,0,0,0,0,0,4,"NY1","NY1","SLN",1,"T","F",0,0,0,0,0,"T","F",0,1,"T","T","frisf101","wilsh102","T","T",0,0,0,0,0,0,0,0,0,"","","",0,0,0,0,0,0,0,0,0,0,0,0,0,"holmw101","F","F","F","F",0,0,0,0,0,0,0,0,0,0,F,F,"1924NY1.EVN.regular.event.csv",2398
"NY1192407260","SLN",1,1,0,0,0,"",0,0,"frisf101","?","frisf101","?","dickl101","?","dickl101","?","gonzm101","bottj101","hornr101","freih101","coonj103","bladr102","holmw101","smitj106","younr101","","","W.1-2","F","F",4,2,14,"T","F",0,"F","F",0,"F","F",0,"F","F",0,"","F","F","",0,0,"N",0,"N",0,"N",1,2,0,0,"","","","","F","F","F","F","F","F","F","F","F","dickl101","","","F","F","F","F","F","","","","",0,0,0,0,0,0,0,0,0,5,"NY1","NY1","SLN",1,"F","F",0,0,0,1,1,"T","F",1,3,"T","T","wilsh102","meusi101","T","T",9,1,4,0,0,0,0,0,0,"gonzm101","","",0,0,0,0,0,0,0,0,0,0,0,0,0,"","F","F","F","F",0,0,0,0,0,0,0,0,0,0,F,F,"1924NY1.EVN.regular.event.csv",2399
"NY1192407260","SLN",1,1,0,0,0,"",0,0,"wilsh102","?","wilsh102","?","dickl101","?","dickl101","?","gonzm101","bottj101","hornr101","freih101","coonj103","bladr102","holmw101","smitj106","frisf101","younr101","","3/FL","F","F",8,3,2,"T","T",0,"F","F",1,"F","F",0,"F","F",3,"F","F","T","",0,0,"N",0,"N",0,"N",0,1,2,0,"3","","","","F","F","F","F","F","F","F","F","F","dickl101","dickl101","","F","F","F","F","F","","","","",0,3,0,0,0,0,0,0,0,6,"NY1","NY1","SLN",1,"F","F",0,0,0,2,2,"T","F",3,3,"T","T","meusi101","kellg101","T","T",4,2,5,9,1,4,0,0,0,"gonzm101","gonzm101","",0,0,0,0,0,0,0,0,0,0,0,0,0,"bottj101","F","F","F","F",0,0,0,0,0,0,0,0,0,0,F,F,"1924NY1.EVN.regular.event.csv",2400
"NY1192407260","SLN",1,1,1,0,0,"",0,0,"meusi101","?","meusi101","?","dickl101","?","dickl101","?","gonzm101","bottj101","hornr101","freih101","coonj103","bladr102","holmw101","smitj106","frisf101","younr101","","7/F","F","F",7,4,2,"T","T",0,"F","F",1,"F","F",0,"F","F",7,"F","F","F","",0,0,"N",0,"N",0,"N",0,1,2,0,"7","","","","F","F","F","F","F","F","F","F","F","dickl101","dickl101","","F","F","F","F","F","","","","",0,7,0,0,0,0,0,0,0,7,"NY1","NY1","SLN",1,"F","F",0,0,0,3,3,"T","F",3,3,"T","T","kellg101","jackt101","T","T",4,2,5,9,1,4,0,0,0,"gonzm101","gonzm101","",0,0,0,0,0,0,0,0,0,0,0,0,0,"bladr102","F","F","F","F",0,0,0,0,0,0,0,0,0,0,F,F,"1924NY1.EVN.regular.event.csv",2401
"NY1192407260","SLN",1,1,2,0,0,"",0,0,"kellg101","?","kellg101","?","dickl101","?","dickl101","?","gonzm101","bottj101","hornr101","freih101","coonj103","bladr102","holmw101","smitj106","frisf101","younr101","","4/P4MD","F","F",3,5,2,"T","T",0,"F","F",1,"F","F",0,"F","F",4,"P","F","F","4MD",0,0,"N",0,"N",0,"N",0,1,2,0,"4","","","","F","F","F","F","F","F","F","F","F","dickl101","dickl101","","F","F","F","F","F","","","","",0,4,0,0,0,0,0,0,0,8,"NY1","NY1","SLN",1,"F","T",0,0,0,4,4,"T","F",3,3,"T","T","jackt101","grohh101","T","T",4,2,5,9,1,4,0,0,0,"gonzm101","gonzm101","",0,0,0,0,0,0,0,0,0,0,0,0,0,"hornr101","F","F","F","F",0,0,0,0,0,0,0,0,0,0,F,F,"1924NY1.EVN.regular.event.csv",2402
"NY1192407260","SLN",2,0,0,0,0,"",0,0,"bottj101","?","bottj101","?","watsm103","?","watsm103","?","snydf101","kellg101","frisf101","grohh101","jackt101","meusi101","wilsh102","younr101","","","","S9","T","F",3,4,20,"T","T",1,"F","F",0,"F","F",0,"F","F",9,"","F","F","",0,0,"N",0,"N",0,"N",1,0,0,0,"","","","","F","F","F","F","F","F","F","F","F","","","","F","F","F","F","F","","","","",0,0,0,0,0,0,0,0,0,9,"NY1","SLN","NY1",0,"T","F",0,0,0,3,0,"T","F",0,1,"T","T","bladr102","coonj103","T","T",0,0,0,0,0,0,0,0,0,"","","",0,0,0,0,0,0,0,0,0,0,0,0,0,"younr101","F","F","F","F",0,0,0,0,0,0,0,0,0,0,F,F,"1924NY1.EVN.regular.event.csv",2403
"NY1192407260","SLN",2,0,0,0,0,"",0,0,"bladr102","?","bladr102","?","watsm103","?","watsm103","?","snydf101","kellg101","frisf101","grohh101","jackt101","meusi101","wilsh102","younr101","bottj101","","","9/L9DW","F","F",7,5,2,"T","T",0,"F","F",1,"F","F",0,"F","F",9,"L","F","F","9DW",0,0,"N",0,"N",0,"N",0,1,0,0,"9","","","","F","F","F","F","F","F","F","F","F","watsm103","","","F","F","F","F","F","","","","",0,9,0,0,0,0,0,0,0,10,"NY1","SLN","NY1",0,"F","F",0,0,0,4,1,"T","F",1,1,"T","T","coonj103","gonzm101","T","T",3,4,9,0,0,0,0,0,0,"snydf101","","",0,0,0,0,0,0,0,0,0,0,0,0,0,"younr101","F","F","F","F",0,0,0,0,0,0,0,0,0,0,F,F,"1924NY1.EVN.regular.event.csv",2404
"NY1192407260","SLN",2,0,1,0,0,"",0,0,"coonj103","?","coonj103","?","watsm103","?","watsm103","?","snydf101","kellg101","frisf101","grohh101","jackt101","meusi101","wilsh102","younr101","bottj101","","","4(1)3/GDP","F","F",6,6,2,"T","T",0,"F","F",2,"T","F",0,"F","F",4,"G","F","F","",0,0,"N",0,"N",0,"N",0,0,0,0,"43","4","","","F","F","F","F","F","F","F","F","F","watsm103","","","F","F","F","F","F","","","","",0,4,3,0,4,0,0,0,0,11,"NY1","SLN","NY1",0,"F","T",0,0,0,5,2,"T","F",1,0,"T","T","gonzm101","freih101","T","T",3,4,9,0,0,0,0,0,0,"snydf101","","",0,0,0,0,0,0,0,0,0,0,0,0,0,"frisf101","T","F","F","F",0,0,0,0,0,0,0,0,0,0,F,F,"1924NY1.EVN.regular.event.csv",2405
"NY1192407260","SLN",2,1,0,0,0,"",0,0,"jackt101","?","jackt101","?","dickl101","?","dickl101","?","gonzm101","bottj101","hornr101","freih101","coonj103","bladr102","holmw101","smitj106","","","","W","T","F",6,6,14,"T","F",0,"F","F",0,"F","F",0,"F","F",0,"","F","F","",0,0,"N",0,"N",0,"N",1,0,0,0,"","","","","F","F","F","F","F","F","F","F","F","","","","F","F","F","F","F","","","","",0,0,0,0,0,0,0,0,0,12,"NY1","NY1","SLN",1,"T","F",0,0,0,5,0,"T","F",0,1,"T","T","grohh101","snydf101","T","T",0,0,0,0,0,0,0,0,0,"","","",0,0,0,0,0,0,0,0,0,0,0,0,0,"","F","F","F","F",4,0,0,0,2,0,0,0,0,0,F,F,"1924NY1.EVN.regular.event.csv",2406
"NY1192407260","SLN",2,1,0,0,0,"",0,0,"grohh101","?","grohh101","?","dickl101","?","dickl101","?","gonzm101","bottj101","hornr101","freih101","coonj103","bladr102","holmw101","smitj106","jackt101","","","S7/6.1-2","F","F",5,7,20,"T","T",1,"F","F",0,"F","F",0,"F","F",7,"","F","F","6",0,0,"N",0,"N",0,"N",1,2,0,0,"","","","","F","F","F","F","F","F","F","F","F","dickl101","","","F","F","F","F","F","","","","",0,0,0,0,0,0,0,0,0,13,"NY1","NY1","SLN",1,"F","F",0,0,0,6,1,"T","F",1,3,"T","T","snydf101","watsm103","T","T",6,6,12,0,0,0,0,0,0,"gonzm101","","",0,0,0,0,0,0,0,0,0,0,0,0,0,"bladr102","F","F","F","F",4,4,0,0,2,0,0,0,0,0,F,F,"1924NY1.EVN.regular.event.csv",2407
"NY1192407260","SLN",2,1,0,0,0,"",0,0,"snydf101","?","snydf101","?","dickl101","?","dickl101","?","gonzm101","bottj101","hornr101","freih101","coonj103","bladr102","holmw101","smitj106","grohh101","jackt101","","7/L7DW","F","F",2,8,2,"T","T",0,"F","F",1,"F","F",0,"F","F",7,"L","F","F","7DW",0,0,"N",0,"N",0,"N",0,1,2,0,"7","","","","F","F","F","F","F","F","F","F","F","dickl101","dickl101","","F","F","F","F","F","","","","",0,7,0,0,0,0,0,0,0,14,"NY1","NY1","SLN",1,"F","F",0,0,0,7,2,"T","F",3,3,"T","T","watsm103","younr101","T","T",5,7,13,6,6,12,0,0,0,"gonzm101","gonzm101","",0,0,0,0,0,0,0,0,0,0,0,0,0,"bladr102","F","F","F","F",0,4,4,0,2,0,0,0,0,0,F,F,"1924NY1.EVN.regular.event.csv",2408
"NY1192407260","SLN",2,1,1,0,0,"",0,0,"watsm103","?","watsm103","?","dickl101","?","dickl101","?","gonzm101","bottj101","hornr101","freih101","coonj103","bladr102","holmw101","smitj106","grohh101","jackt101","","43.2-3;1-2","F","F",1,9,2,"T","T",0,"F","F",1,"F","F",0,"F","F",4,"G","F","F","",0,0,"N",0,"N",0,"N",0,2,3,0,"43","","","","F","F","F","F","F","F","F","F","F","dickl101","dickl101","","F","F","F","F","F","","","","",0,3,0,0,4,0,0,0,0,15,"NY1","NY1","SLN",1,"F","F",0,0,0,8,3,"T","F",3,6,"T","T","younr101","frisf101","T","T",5,7,13,6,6,12,0,0,0,"gonzm101","gonzm101","",0,0,0,0,0,0,0,0,0,0,0,0,0,"hornr101","F","F","F","F",0,4,4,0,2,0,0,0,0,0,F,F,"1924NY1.EVN.regular.event.csv",2409
"NY1192407260","SLN",2,1,2,0,0,"",0,0,"younr101","?","younr101","?","dickl101","?","dickl101","?","gonzm101","bottj101","hornr101","freih101","coonj103","bladr102","holmw101","smitj106","","grohh101","jackt101","D7/7L.3-H;2-H","F","F",9,1,21,"T","T",2,"F","F",0,"F","F",2,"F","F",7,"","F","F","7L",0,0,"N",0,"N",0,"N",2,0,4,4,"","","","","F","F","F","F","F","F","F","F","F","","dickl101","dickl101","F","F","F","F","F","","","","",0,0,0,0,0,0,0,0,0,16,"NY1","NY1","SLN",1,"F","F",0,0,0,9,4,"T","F",6,2,"T","T","frisf101","wilsh102","T","T",0,0,0,5,7,13,6,6,12,"","gonzm101","gonzm101",0,0,0,0,0,0,0,0,0,0,0,0,2,"bladr102","F","F","F","F",0,0,4,4,0,0,0,0,0,0,F,F,"1924NY1.EVN.regular.event.csv",2410
"NY1192407260","SLN",2,1,2,0,0,"",0,2,"frisf101","?","frisf101","?","dickl101","?","dickl101","?","gonzm101","bottj101","hornr101","freih101","coonj103","bladr102","holmw101","smitj106","","younr101","","W+CS3(25)","F","F",4,2,14,"T","F",0,"F","F",1,"F","F",0,"F","F",0,"","F","F","",0,0,"N",0,"N",0,"N",1,0,0,0,"","","25","","F","F","F","F","T","F","F","F","F","","dickl101","","F","F","F","F","F","","","","",0,5,0,0,2,0,0,0,0,17,"NY1","NY1","SLN",1,"F","T",2,0,2,10,5,"T","F",2,1,"T","T","wilsh102","meusi101","T","T",0,0,0,9,1,16,0,0,0,"","gonzm101","",0,0,0,0,0,0,0,0,0,0,0,0,0,"","F","F","F","F",0,0,0,0,0,0,0,0,0,0,F,F,"1924NY1.EVN.regular.event.csv",2411
"NY1192407260","SLN",3,0,0,0,0,"",0,2,"gonzm101","?","gonzm101","?","watsm103","?","watsm103","?","snydf101","kellg101","frisf101","grohh101","jackt101","meusi101","wilsh102","younr101","","","","53","T","F",2,7,2,"T","T",0,"F","F",1,"F","F",0,"F","F",5,"G","F","F","",0,0,"N",0,"N",0,"N",0,0,0,0,"53","","","","F","F","F","F","F","F","F","F","F","","","","F","F","F","F","F","","","","",0,3,0,0,5,0,0,0,0,18,"NY1","SLN","NY1",0,"T","F",0,2,0,6,0,"T","F",0,0,"T","T","freih101","dickl101","T","T",0,0,0,0,0,0,0,0,0,"","","",0,0,0,0,0,0,0,0,0,0,0,0,0,"grohh101","F","F","F","F",0,0,0,0,0,0,0,0,0,0,F,F,"1924NY1.EVN.regular.event.csv",2412
"NY1192407260","SLN",3,0,1,0,0,"",0,2,"freih101","?","freih101","?","watsm103","?","watsm103","?","snydf101","kellg101","frisf101","grohh101","jackt101","meusi101","wilsh102","younr101","","","","63","F","F",5,8,2,"T","T",0,"F","F",1,"F","F",0,"F","F",6,"G","F","F","",0,0,"N",0,"N",0,"N",0,0,0,0,"63","","","","F","F","F","F","F","F","F","F","F","","","","F","F","F","F","F","","","","",0,3,0,0,6,0,0,0,0,19,"NY1","SLN","NY1",0,"F","F",0,2,0,7,1,"T","F",0,0,"T","T","dickl101","smitj106","T","T",0,0,0,0,0,0,0,0,0,"","","",0,0,0,0,0,0,0,0,0,0,0,0,0,"jackt101","F","F","F","F",0,0,0,0,0,0,0,0,0,0,F,F,"1924NY1.EVN.regular.event.csv",2413
"NY1192407260","SLN",3,0,2,0,0,"",0,2,"dickl101","?","dickl101","?","watsm103","?","watsm103","?","snydf101","kellg101","frisf101","grohh101","jackt101","meusi101","wilsh102","younr101","","","","8/L","F","F",1,9,2,"T","T",0,"F","F",1,"F","F",0,"F","F",8,"L","F","F","",0,0,"N",0,"N",0,"N",0,0,0,0,"8","","","","F","F","F","F","F","F","F","F","F","","","","F","F","F","F","F","","","","",0,8,0,0,0,0,0,0,0,20,"NY1","SLN","NY1",0,"F","T",0,2,0,8,2,"T","F",0,0,"T","T","smitj106","holmw101","T","T",0,0,0,0,0,0,0,0,0,"","","",0,0,0,0,0,0,0,0,0,0,0,0,0,"wilsh102","F","F","F","F",0,0,0,0,0,0,0,0,0,0,F,F,"1924NY1.EVN.regular.event.csv",2414
"NY1192407260","SLN",3,1,0,0,0,"",0,2,"wilsh102","?","wilsh102","?","dickl101","?","dickl101","?","gonzm101","bottj101","hornr101","freih101","coonj103","bladr102","holmw101","smitj106","","","","43","T","F",8,3,2,"T","T",0,"F","F",1,"F","F",0,"F","F",4,"G","F","F","",0,0,"N",0,"N",0,"N",0,0,0,0,"43","","","","F","F","F","F","F","F","F","F","F","","","","F","F","F","F","F","","","","",0,3,0,0,4,0,0,0,0,21,"NY1","NY1","SLN",1,"T","F",2,0,0,11,0,"T","F",0,0,"T","T","meusi101","kellg101","T","T",0,0,0,0,0,0,0,0,0,"","","",0,0,0,0,0,0,0,0,0,0,0,0,0,"hornr101","F","F","F","F",0,0,0,0,0,0,0,0,0,0,F,F,"1924NY1.EVN.regular.event.csv",2415
"NY1192407260","SLN",3,1,1,0,0,"",0,2,"meusi101","?","meusi101","?","dickl101","?","dickl101","?","gonzm101","bottj101","hornr101","freih101","coonj103","bladr102","holmw101","smitj106","","","","W","F","F",7,4,14,"T","F",0,"F","F",0,"F","F",0,"F","F",0,"","F","F","",0,0,"N",0,"N",0,"N",1,0,0,0,"","","","","F","F","F","F","F","F","F","F","F","","","","F","F","F","F","F","","","","",0,0,0,0,0,0,0,0,0,22,"NY1","NY1","SLN",1,"F","F",2,0,0,12,1,"T","F",0,1,"T","T","kellg101","jackt101","T","T",0,0,0,0,0,0,0,0,0,"","","",0,0,0,0,0,0,0,0,0,0,0,0,0,"","F","F","F","F",0,0,0,0,0,0,0,0,0,0,F,F,"1924NY1.EVN.regular.event.csv",2416
"NY1192407260","SLN",3,1,1,0,0,"",0,2,"kellg101","?","kellg101","?","dickl101","?","dickl101","?","gonzm101","bottj101","hornr101","freih101","coonj103","bladr102","holmw101","smitj106","meusi101","","","PO1(23)","F","F",3,5,8,"F","F",0,"F","F",1,"F","F",0,"F","F",0,"","F","F","",0,0,"N",0,"N",0,"N",0,0,0,0,"","23","","","F","F","F","F","F","F","T","F","F","dickl101","","","F","F","F","F","F","","","","",0,3,0,0,2,0,0,0,0,23,"NY1","NY1","SLN",1,"F","F",2,0,0,13,2,"T","F",1,0,"T","T","jackt101","grohh101","T","T",7,4,22,0,0,0,0,0,0,"gonzm101","","",0,0,0,0,0,0,0,0,0,0,0,0,0,"","F","F","F","F",0,0,0,0,0,0,0,0,0,0,F,F,"1924NY1.EVN.regular.event.csv",2417
"NY1192407260","SLN",3,1,2,0,0,"",0,2,"kellg101","?","kellg101","?","dickl101","?","dickl101","?","gonzm101","bottj101","hornr101","freih101","coonj103","bladr102","holmw101","smitj106","","","","W","F","F",3,5,14,"T","F",0,"F","F",0,"F","F",0,"F","F",0,"","F","F","",0,0,"N",0,"N",0,"N",1,0,0,0,"","","","","F","F","F","F","F","F","F","F","F","","","","F","F","F","F","F","","","","",0,0,0,0,0,0,0,0,0,24,"NY1","NY1","SLN",1,"F","F",2,0,0,13,2,"F","F",0,1,"T","T","jackt101","grohh101","T","T",0,0,0,0,0,0,0,0,0,"","","",0,0,0,0,0,0,0,0,0,0,0,0,0,"","F","F","F","F",0,0,0,0,0,0,0,0,0,0,F,F,"1924NY1.EVN.regular.event.csv",2418
"NY1192407260","SLN",3,1,2,0,0,"",0,2,"jackt101","?","jackt101","?","dickl101","?","dickl101","?","gonzm101","bottj101","hornr101","freih101","coonj103","bladr102","holmw101","smitj106","kellg101","","","PO1(13)","F","F",6,6,8,"F","F",0,"F","F",1,"F","F",0,"F","F",0,"","F","F","",0,0,"N",0,"N",0,"N",0,0,0,0,"","13","","","F","F","F","F","F","F","T","F","F","dickl101","","","F","F","F","F","F","","","","",0,3,0,0,1,0,0,0,0,25,"NY1","NY1","SLN",1,"F","T",2,0,0,14,3,"T","T",1,0,"T","T","grohh101","snydf101","T","T",3,5,24,0,0,0,0,0,0,"gonzm101","","",0,0,0,0,0,0,0,0,0,0,0,0,0,"","F","F","F","F",0,0,0,0,0,0,0,0,0,0,F,F,"1924NY1.EVN.regular.event.csv",2419
"NY1192407260","SLN",4,0,0,0,0,"",0,2,"smitj106","?","smitj106","?","watsm103","?","watsm103","?","snydf101","kellg101","frisf101","grohh101","jackt101","meusi101","wilsh102","younr101","","","","8/F","T","F",9,1,2,"T","T",0,"F","F",1,"F","F",0,"F","F",8,"F","F","F","",0,0,"N",0,"N",0,"N",0,0,0,0,"8","","","","F","F","F","F","F","F","F","F","F","","","","F","F","F","F","F","","","","",0,8,0,0,0,0,0,0,0,26,"NY1","SLN","NY1",0,"T","F",0,2,0,9,0,"T","F",0,0,"T","T","holmw101","hornr101","T","T",0,0,0,0,0,0,0,0,0,"","","",0,0,0,0,0,0,0,0,0,0,0,0,0,"wilsh102","F","F","F","F",0,0,0,0,0,0,0,0,0,0,F,F,"1924NY1.EVN.regular.event.csv",2420
"NY1192407260","SLN",4,0,1,0,0,"",0,2,"holmw101","?","holmw101","?","watsm103","?","watsm103","?","snydf101","kellg101","frisf101","grohh101","jackt101","meusi101","wilsh102","younr101","","","","S8/G46","F","F",8,2,20,"T","T",1,"F","F",0,"F","F",0,"F","F",8,"G","F","F","46",0,0,"N",0,"N",0,"N",1,0,0,0,"","","","","F","F","F","F","F","F","F","F","F","","","","F","F","F","F","F","","","","",0,0,0,0,0,0,0,0,0,27,"NY1","SLN","NY1",0,"F","F",0,2,0,10,1,"T","F",0,1,"T","T","hornr101","bottj101","T","T",0,0,0,0,0,0,0,0,0,"","","",0,0,0,0,0,0,0,0,0,0,0,0,0,"wilsh102","F","F","F","F",0,0,0,0,0,0,0,0,0,0,F,F,"1924NY1.EVN.regular.event.csv",2421
"NY1192407260","SLN",4,0,1,0,0,"",0,2,"hornr101","?","hornr101","?","watsm103","?","watsm103","?","snydf101","kellg101","frisf101","grohh101","jackt101","meusi101","wilsh102","younr101","holmw101","","","K","F","F",4,3,3,"T","T",0,"F","F",1,"F","F",0,"F","F",0,"","F","F","",0,0,"N",0,"N",0,"N",0,1,0,0,"2","","","","F","F","F","F","F","F","F","F","F","watsm103","","","F","F","F","F","F","","","","",0,2,0,0,0,0,0,0,0,28,"NY1","SLN","NY1",0,"F","F",0,2,0,11,2,"T","F",1,1,"T","T","bottj101","bladr102","T","T",8,2,27,0,0,0,0,0,0,"snydf101","","",0,0,0,0,0,0,0,0,0,0,0,0,0,"","F","F","F","F",0,0,0,0,0,0,0,0,0,0,F,F,"1924NY1.EVN.regular.event.csv",2422
"NY1192407260","SLN",4,0,2,0,0,"",0,2,"bottj101","?","bottj101","?","watsm103","?","watsm103","?","snydf101","kellg101","frisf101","grohh101","jackt101","meusi101","wilsh102","younr101","holmw101","","","S/G6.1-2","F","F",3,4,20,"T","T",1,"F","F",0,"F","F",0,"F","F",0,"G","F","F","6",0,0,"N",0,"N",0,"N",1,2,0,0,"","","","","F","F","F","F","F","F","F","F","F","watsm103","","","F","F","F","F","F","","","","",0,0,0,0,0,0,0,0,0,29,"NY1","SLN","NY1",0,"F","F",0,2,0,12,3,"T","F",1,3,"T","T","bladr102","coonj103","T","T",8,2,27,0,0,0,0,0,0,"snydf101","","",0,0,0,0,0,0,0,0,0,0,0,0,0,"","F","F","F","F",0,0,0,0,0,0,0,0,0,0,F,F,"1924NY1.EVN.regular.event.csv",2423
"NY1192407260","SLN",4,0,2,0,0,"",0,2,"bladr102","?","bladr102","?","watsm103","?","watsm103","?","snydf101","kellg101","frisf101","grohh101","jackt101","meusi101","wilsh102","younr101","bottj101","holmw101","","7/F","F","F",7,5,2,"T","T",0,"F","F",1,"F","F",0,"F","F",7,"F","F","F","",0,0,"N",0,"N",0,"N",0,1,2,0,"7","","","","F","F","F","F","F","F","F","F","F","watsm103","watsm103","","F","F","F","F","F","","","","",0,7,0,0,0,0,0,0,0,30,"NY1","SLN","NY1",0,"F","T",0,2,0,13,4,"T","F",3,3,"T","T","coonj103","gonzm101","T","T",3,4,29,8,2,27,0,0,0,"snydf101","snydf101","",0,0,0,0,0,0,0,0,0,0,0,0,0,"meusi101","F","F","F","F",0,0,0,0,0,0,0,0,0,0,F,F,"1924NY1.EVN.regular.event.csv",2424
"NY1192407260","SLN",4,1,0,0,0,"",0,2,"jackt101","?","jackt101","?","dickl101","?","dickl101","?","gonzm101","bottj101","hornr101","freih101","coonj103","bladr102","holmw101","smitj106","","","","43","T","F",6,6,2,"T","T",0,"F","F",1,"F","F",0,"F","F",4,"G","F","F","",0,0,"N",0,"N",0,"N",0,0,0,0,"43","","","","F","F","F","F","F","F","F","F","F","","","","F","F","F","F","F","","","","",0,3,0,0,4,0,0,0,0,31,"NY1","NY1","SLN",1,"T","F",2,0,0,14,0,"T","F",0,0,"T","T","grohh101","snydf101","T","T",0,0,0,0,0,0,0,0,0,"","","",0,0,0,0,0,0,0,0,0,0,0,0,0,"hornr101","F","F","F","F",0,0,0,0,0,0,0,0,0,0,F,F,"1924NY1.EVN.regular.event.csv",2425
"NY1192407260","SLN",4,1,1,0,0,"",0,2,"grohh101","?","grohh101","?","dickl101","?","dickl101","?","gonzm101","bottj101","hornr101","freih101","coonj103","bladr102","holmw101","smitj106","","","","8/F","F","F",5,7,2,"T","T",0,"F","F",1,"F","F",0,"F","F",8,"F","F","F","",0,0,"N",0,"N",0,"N",0,0,0,0,"8","","","","F","F","F","F","F","F","F","F","F","","","","F","F","F","F","F","","","","",0,8,0,0,0,0,0,0,0,32,"NY1","NY1","SLN",1,"F","F",2,0,0,15,1,"T","F",0,0,"T","T","snydf101","watsm103","T","T",0,0,0,0,0,0,0,0,0,"","","",0,0,0,0,0,0,0,0,0,0,0,0,0,"holmw101","F","F","F","F",0,0,0,0,0,0,0,0,0,0,F,F,"1924NY1.EVN.regular.event.csv",2426
"NY1192407260","SLN",4,1,2,0,0,"",0,2,"snydf101","?","snydf101","?","dickl101","?","dickl101","?","gonzm101","bottj101","hornr101","freih101","coonj103","bladr102","holmw101","smitj106","","","","K/C","F","F",2,8,3,"T","T",0,"F","F",1,"F","F",0,"F","F",0,"","F","F","",0,0,"N",0,"N",0,"N",0,0,0,0,"2","","","","F","F","F","F","F","F","F","F","F","","","","F","F","F","F","F","","","","",0,2,0,0,0,0,0,0,0,33,"NY1","NY1","SLN",1,"F","T",2,0,0,16,2,"T","F",0,0,"T","T","watsm103","younr101","T","T",0,0,0,0,0,0,0,0,0,"","","",0,0,0,0,0,0,0,0,0,0,0,0,0,"","F","F","F","F",0,0,0,0,0,0,0,0,0,0,F,F,"1924NY1.EVN.regular.event.csv",2427
"NY1192407260","SLN",5,0,0,0,0,"",0,2,"coonj103","?","coonj103","?","watsm103","?","watsm103","?","snydf101","kellg101","frisf101","grohh101","jackt101","meusi101","wilsh102","younr101","","","","4/P","T","F",6,6,2,"T","T",0,"F","F",1,"F","F",0,"F","F",4,"P","F","F","",0,0,"N",0,"N",0,"N",0,0,0,0,"4","","","","F","F","F","F","F","F","F","F","F","","","","F","F","F","F","F","","","","",0,4,0,0,0,0,0,0,0,34,"NY1","SLN","NY1",0,"T","F",0,2,0,14,0,"T","F",0,0,"T","T","gonzm101","freih101","T","T",0,0,0,0,0,0,0,0,0,"","","",0,0,0,0,0,0,0,0,0,0,0,0,0,"frisf101","F","F","F","F",0,0,0,0,1,0,0,0,0,0,F,F,"1924NY1.EVN.regular.event.csv",2428
"NY1192407260","SLN",5,0,1,0,0,"",0,2,"gonzm101","?","gonzm101","?","watsm103","?","watsm103","?","snydf101","kellg101","frisf101","grohh101","jackt101","meusi101","wilsh102","younr101","","","","HR/F7D","F","F",2,7,23,"T","T",4,"F","F",0,"F","F",1,"F","F",0,"F","F","F","7D",0,0,"N",0,"N",0,"N",4,0,0,0,"","","","","F","F","F","F","F","F","F","F","F","","","","F","F","F","F","F","","","","",0,0,0,0,0,0,0,0,0,35,"NY1","SLN","NY1",0,"F","F",0,2,0,15,1,"T","F",0,0,"T","T","freih101","dickl101","T","T",0,0,0,0,0,0,0,0,0,"","","",0,0,0,0,0,0,0,0,0,0,0,0,1,"","F","F","F","F",4,0,0,0,0,0,0,0,0,0,F,F,"1924NY1.EVN.regular.event.csv",2429
"NY1192407260","SLN",5,0,1,0,0,"",1,2,"freih101","?","freih101","?","watsm103","?","watsm103","?","snydf101","kellg101","frisf101","grohh101","jackt101","meusi101","wilsh102","younr101","","","","7/F","F","F",5,8,2,"T","T",0,"F","F",1,"F","F",0,"F","F",7,"F","F","F","",0,0,"N",0,"N",0,"N",0,0,0,0,"7","","","","F","F","F","F","F","F","F","F","F","","","","F","F","F","F","F","","","","",0,7,0,0,0,0,0,0,0,36,"NY1","SLN","NY1",0,"F","F",1,2,1,16,2,"T","F",0,0,"T","T","dickl101","smitj106","T","T",0,0,0,0,0,0,0,0,0,"","","",0,0,0,0,0,0,0,0,0,0,0,0,0,"meusi101","F","F","F","F",0,0,0,0,0,0,0,0,0,0,F,F,"1924NY1.EVN.regular.event.csv",2430
"NY1192407260","SLN",5,0,2,0,0,"",1,2,"dickl101","?","dickl101","?","watsm103","?","watsm103","?","snydf101","kellg101","frisf101","grohh101","jackt101","meusi101","wilsh102","younr101","","","","63","F","F",1,9,2,"T","T",0,"F","F",1,"F","F",0,"F","F",6,"G","F","F","",0,0,"N",0,"N",0,"N",0,0,0,0,"63","","","","F","F","F","F","F","F","F","F","F","","","","F","F","F","F","F","","","","",0,3,0,0,6,0,0,0,0,37,"NY1","SLN","NY1",0,"F","T",1,2,1,17,3,"T","F",0,0,"T","T","smitj106","holmw101","T","T",0,0,0,0,0,0,0,0,0,"","","",0,0,0,0,0,0,0,0,0,0,0,0,0,"jackt101","F","F","F","F",0,0,0,0,0,0,0,0,0,0,F,F,"1924NY1.EVN.regular.event.csv",2431
"NY1192407260","SLN",5,1,0,0,0,"",1,2,"watsm103","?","watsm103","?","dickl101","?","dickl101","?","gonzm101","bottj101","hornr101","freih101","coonj103","bladr102","holmw101","smitj106","","","","W","T","F",1,9,14,"T","F",0,"F","F",0,"F","F",0,"F","F",0,"","F","F","",0,0,"N",0,"N",0,"N",1,0,0,0,"","","","","F","F","F","F","F","F","F","F","F","","","","F","F","F","F","F","","","","",0,0,0,0,0,0,0,0,0,38,"NY1","NY1","SLN",1,"T","F",2,1,0,17,0,"T","F",0,1,"T","T","younr101","frisf101","T","T",0,0,0,0,0,0,0,0,0,"","","",0,0,0,0,0,0,0,0,0,0,0,0,0,"","F","F","F","F",0,0,0,0,0,0,0,0,0,0,F,F,"1924NY1.EVN.regular.event.csv",2432
"NY1192407260","SLN",5,1,0,0,0,"",1,2,"younr101","?","younr101","?","dickl101","?","dickl101","?","gonzm101","bottj101","hornr101","freih101","coonj103","bladr102","holmw101","smitj106","watsm103","","","2/FL","F","F",9,1,2,"T","T",0,"F","F",1,"F","F",0,"F","F",2,"F","F","T","",0,0,"N",0,"N",0,"N",0,1,0,0,"2","","","","F","F","F","F","F","F","F","F","F","dickl101","","","F","F","F","F","F","","","","",0,2,0,0,0,0,0,0,0,39,"NY1","NY1","SLN",1,"F","F",2,1,0,18,1,"T","F",1,1,"T","T","frisf101","wilsh102","T","T",1,9,38,0,0,0,0,0,0,"gonzm101","","",0,0,0,0,0,0,0,0,0,0,0,0,0,"gonzm101","F","F","F","F",0,0,0,0,0,0,0,0,0,0,F,F,"1924NY1.EVN.regular.event.csv",2433
"NY1192407260","SLN",5,1,1,0,0,"",1,2,"frisf101","?","frisf101","?","dickl101","?","dickl101","?","gonzm101","bottj101","hornr101","freih101","coonj103","bladr102","holmw101","smitj106","watsm103","","","S/78S.1-2","F","F",4,2,20,"T","T",1,"F","F",0,"F","F",0,"F","F",0,"","F","F","78S",0,0,"N",0,"N",0,"N",1,2,0,0,"","","","","F","F","F","F","F","F","F","F","F","dickl101","","","F","F","F","F","F","","","","",0,0,0,0,0,0,0,0,0,40,"NY1","NY1","SLN",1,"F","F",2,1,0,19,2,"T","F",1,3,"T","T","wilsh102","meusi101","T","T",1,9,38,0,0,0,0,0,0,"gonzm101","","",0,0,0,0,0,0,0,0,0,0,0,0,0,"","F","F","F","F",0,0,0,0,0,0,0,0,0,0,F,F,"1924NY1.EVN.regular.event.csv",2434
"NY1192407260","SLN",5,1,1,0,0,"",1,2,"wilsh102","?","wilsh102","?","dickl101","?","dickl101","?","gonzm101","bottj101","hornr101","freih101","coonj103","bladr102","holmw101","smitj106","frisf101","watsm103","","6(2)/FO.1-2","F","F",8,3,2,"T","T",0,"F","F",1,"F","F",0,"F","F",6,"G","F","F","",0,0,"N",0,"N",0,"N",1,2,0,0,"","","6","","F","F","F","F","F","F","F","F","F","dickl101","dickl101","","F","F","F","F","F","","","","",0,6,0,0,0,0,0,0,0,41,"NY1","NY1","SLN",1,"F","F",2,1,0,20,3,"T","F",3,3,"T","T","meusi101","kellg101","T","T",4,2,40,1,9,38,0,0,0,"gonzm101","gonzm101","",0,0,0,0,0,0,0,0,0,0,0,0,0,"coonj103","F","T","F","F",0,0,0,0,0,0,0,0,0,0,F,F,"1924NY1.EVN.regular.event.csv",2435
"NY1192407260","SLN",5,1,2,0,0,"",1,2,"meusi101","?","meusi101","?","dickl101","?","dickl101","?","gonzm101","bottj101","hornr101","freih101","coonj103","bladr102","holmw101","smitj106","wilsh102","frisf101","","9/F9S","F","F",7,4,2,"T","T",0,"F","F",1,"F","F",0,"F","F",9,"F","F","F","9S",0,0,"N",0,"N",0,"N",0,1,2,0,"9","","","","F","F","F","F","F","F","F","F","F","dickl101","dickl101","","F","F","F","F","F","","","","",0,9,0,0,0,0,0,0,0,42,"NY1","NY1","SLN",1,"F","T",2,1,0,21,4,"T","F",3,3,"T","T","kellg101","jackt101","T","T",8,3,41,4,2,40,0,0,0,"gonzm101","gonzm101","",0,0,0,0,0,0,0,0,0,0,0,0,0,"smitj106","F","F","F","F",0,0,0,0,0,0,0,0,0,0,F,F,"1924NY1.EVN.regular.event.csv",2436
"NY1192407260","SLN",6,0,0,0,0,"",1,2,"smitj106","?","smitj106","?","watsm103","?","watsm103","?","snydf101","kellg101","frisf101","grohh101","jackt101","meusi101","wilsh102","younr101","","","","43","T","F",9,1,2,"T","T",0,"F","F",1,"F","F",0,"F","F",4,"G","F","F","",0,0,"N",0,"N",0,"N",0,0,0,0,"43","","","","F","F","F","F","F","F","F","F","F","","","","F","F","F","F","F","","","","",0,3,0,0,4,0,0,0,0,43,"NY1","SLN","NY1",0,"T","F",1,2,0,18,0,"T","F",0,0,"T","T","holmw101","hornr101","T","T",0,0,0,0,0,0,0,0,0,"","","",0,0,0,0,0,0,0,0,0,0,0,0,0,"frisf101","F","F","F","F",0,0,0,0,2,0,0,0,0,0,F,F,"1924NY1.EVN.regular.event.csv",2437
"NY1192407260","SLN",6,0,1,0,0,"",1,2,"holmw101","?","holmw101","?","watsm103","?","watsm103","?","snydf101","kellg101","frisf101","grohh101","jackt101","meusi101","wilsh102","younr101","","","","S7","F","F",8,2,20,"T","T",1,"F","F",0,"F","F",0,"F","F",7,"","F","F","",0,0,"N",0,"N",0,"N",1,0,0,0,"","","","","F","F","F","F","F","F","F","F","F","","","","F","F","F","F","F","","","","",0,0,0,0,0,0,0,0,0,44,"NY1","SLN","NY1",0,"F","F",1,2,0,19,1,"T","F",0,1,"T","T","hornr101","bottj101","T","T",0,0,0,0,0,0,0,0,0,"","","",0,0,0,0,0,0,0,0,0,0,0,0,0,"meusi101","F","F","F","F",4,0,0,0,2,0,0,0,0,0,F,F,"1924NY1.EVN.regular.event.csv",2438
"NY1192407260","SLN",6,0,1,0,0,"",1,2,"hornr101","?","hornr101","?","watsm103","?","watsm103","?","snydf101","kellg101","frisf101","grohh101","jackt101","meusi101","wilsh102","younr101","holmw101","","","HR/F7D.1-H","F","F",4,3,23,"T","T",4,"F","F",0,"F","F",2,"F","F",0,"F","F","F","7D",0,0,"N",0,"N",0,"N",4,4,0,0,"","","","","F","F","F","F","F","F","F","F","F","watsm103","","","F","F","F","F","F","","","","",0,0,0,0,0,0,0,0,0,45,"NY1","SLN","NY1",0,"F","F",1,2,0,20,2,"T","F",1,0,"T","T","bottj101","bladr102","T","T",8,2,44,0,0,0,0,0,0,"snydf101","","",0,0,0,0,0,0,0,0,0,0,0,0,2,"","F","F","F","F",4,4,0,0,0,0,0,0,0,0,F,F,"1924NY1.EVN.regular.event.csv",2439
"NY1192407260","SLN",6,0,1,0,0,"",3,2,"bottj101","?","bottj101","?","watsm103","?","watsm103","?","snydf101","kellg101","frisf101","grohh101","jackt101","meusi101","wilsh102","younr101","","","","7/F7D","F","F",3,4,2,"T","T",0,"F","F",1,"F","F",0,"F","F",7,"F","F","F","7D",0,0,"N",0,"N",0,"N",0,0,0,0,"7","","","","F","F","F","F","F","F","F","F","F","","","","F","F","F","F","F","","","","",0,7,0,0,0,0,0,0,0,46,"NY1","SLN","NY1",0,"F","F",3,2,2,21,3,"T","F",0,0,"T","T","bladr102","coonj103","T","T",0,0,0,0,0,0,0,0,0,"","","",0,0,0,0,0,0,0,0,0,0,0,0,0,"meusi101","F","F","F","F",0,0,0,0,0,0,0,0,0,0,F,F,"1924NY1.EVN.regular.event.csv",2440
"NY1192407260","SLN",6,0,2,0,0,"",3,2,"bladr102","?","bladr102","?","watsm103","?","watsm103","?","snydf101","kellg101","frisf101","grohh101","jackt101","meusi101","wilsh102","younr101","","","","S4/G","F","F",7,5,20,"T","T",1,"F","F",0,"F","F",0,"F","F",4,"G","F","F","",0,0,"N",0,"N",0,"N",1,0,0,0,"","","","","F","F","F","F","F","F","F","F","F","","","","F","F","F","F","F","","","","",0,0,0,0,0,0,0,0,0,47,"NY1","SLN","NY1",0,"F","F",3,2,2,22,4,"T","F",0,1,"T","T","coonj103","gonzm101","T","T",0,0,0,0,0,0,0,0,0,"","","",0,0,0,0,0,0,0,0,0,0,0,0,0,"frisf101","F","F","F","F",0,0,0,0,0,0,0,0,0,0,F,F,"1924NY1.EVN.regular.event.csv",2441
"NY1192407260","SLN",6,0,2,0,0,"",3,2,"coonj103","?","coonj103","?","watsm103","?","watsm103","?","snydf101","kellg101","frisf101","grohh101","jackt101","meusi101","wilsh102","younr101","bladr102","","","SB2","F","F",6,6,4,"F","F",0,"F","F",0,"F","F",0,"F","F",0,"","F","F","",0,0,"N",0,"N",0,"N",0,2,0,0,"","","","","T","F","F","F","F","F","F","F","F","watsm103","","","F","F","F","F","F","","","","",0,0,0,0,0,0,0,0,0,48,"NY1","SLN","NY1",0,"F","F",3,2,2,23,5,"T","F",1,2,"T","T","gonzm101","freih101","T","T",7,5,47,0,0,0,0,0,0,"snydf101","","",0,0,0,0,0,0,0,0,0,0,0,0,0,"","F","F","F","F",0,0,0,0,0,0,0,0,0,0,F,F,"1924NY1.EVN.regular.event.csv",2442
"NY1192407260","SLN",6,0,2,0,0,"",3,2,"coonj103","?","coonj103","?","watsm103","?","watsm103","?","snydf101","kellg101","frisf101","grohh101","jackt101","meusi101","wilsh102","younr101","","bladr102","","8/F","F","F",6,6,2,"T","T",0,"F","F",1,"F","F",0,"F","F",8,"F","F","F","",0,0,"N",0,"N",0,"N",0,0,2,0,"8","","","","F","F","F","F","F","F","F","F","F","","watsm103","","F","F","F","F","F","","","","",0,8,0,0,0,0,0,0,0,49,"NY1","SLN","NY1",0,"F","T",3,2,2,23,5,"F","F",2,2,"T","T","gonzm101","freih101","T","T",0,0,0,7,5,47,0,0,0,"","snydf101","",0,0,0,0,0,0,0,0,0,0,0,0,0,"wilsh102","F","F","F","F",0,0,0,0,0,0,0,0,0,0,F,F,"1924NY1.EVN.regular.event.csv",2443
"NY1192407260","SLN",6,1,0,0,0,"",3,2,"kellg101","?","kellg101","?","dickl101","?","dickl101","?","gonzm101","bottj101","hornr101","freih101","coonj103","bladr102","holmw101","smitj106","","","","W","T","F",3,5,14,"T","F",0,"F","F",0,"F","F",0,"F","F",0,"","F","F","",0,0,"N",0,"N",0,"N",1,0,0,0,"","","","","F","F","F","F","F","F","F","F","F","","","","F","F","F","F","F","","","","",0,0,0,0,0,0,0,0,0,50,"NY1","NY1","SLN",1,"T","F",2,3,0,22,0,"T","F",0,1,"T","T","jackt101","grohh101","T","T",0,0,0,0,0,0,0,0,0,"","","",0,0,0,0,0,0,0,0,0,0,0,0,0,"","F","F","F","F",0,0,0,0,1,0,0,0,0,0,F,F,"1924NY1.EVN.regular.event.csv",2444
"NY1192407260","SLN",6,1,0,0,0,"",3,2,"jackt101","?","jackt101","?","dickl101","?","dickl101","?","gonzm101","bottj101","hornr101","freih101","coonj103","bladr102","holmw101","smitj106","kellg101","","","46(1)/FO","F","F",6,6,2,"T","T",0,"F","F",1,"F","F",0,"F","F",4,"G","F","F","",0,0,"N",0,"N",0,"N",1,0,0,0,"","46","","","F","F","F","F","F","F","F","F","F","dickl101","","","F","F","F","F","F","","","","",0,6,0,0,4,0,0,0,0,51,"NY1","NY1","SLN",1,"F","F",2,3,0,23,1,"T","F",1,1,"T","T","grohh101","snydf101","T","T",3,5,50,0,0,0,0,0,0,"gonzm101","","",0,0,0,0,0,0,0,0,0,0,0,0,0,"hornr101","T","F","F","F",4,0,0,0,1,0,0,0,0,0,F,F,"1924NY1.EVN.regular.event.csv",2445
"NY1192407260","SLN",6,1,1,0,0,"",3,2,"grohh101","?","grohh101","?","dickl101","?","dickl101","?","gonzm101","bottj101","hornr101","freih101","coonj103","bladr102","holmw101","smitj106","jackt101","","","D7/7DW.1-H","F","F",5,7,21,"T","T",2,"F","F",0,"F","F",1,"F","F",7,"","F","F","7DW",0,0,"N",0,"N",0,"N",2,4,0,0,"","","","","F","F","F","F","F","F","F","F","F","dickl101","","","F","F","F","F","F","","","","",0,0,0,0,0,0,0,0,0,52,"NY1","NY1","SLN",1,"F","F",2,3,0,24,2,"T","F",1,2,"T","T","snydf101","watsm103","T","T",6,6,51,0,0,0,0,0,0,"gonzm101","","",0,0,0,0,0,0,0,0,0,0,0,0,1,"bladr102","F","F","F","F",0,4,0,0,0,0,0,0,0,0,F,F,"1924NY1.EVN.regular.event.csv",2446
"NY1192407260","SLN",6,1,1,0,0,"",3,3,"snydf101","?","snydf101","?","dickl101","?","dickl101","?","gonzm101","bottj101","hornr101","freih101","coonj103","bladr102","holmw101","smitj106","","grohh101","","3/FL","F","F",2,8,2,"T","T",0,"F","F",1,"F","F",0,"F","F",3,"F","F","T","",0,0,"N",0,"N",0,"N",0,0,2,0,"3","","","","F","F","F","F","F","F","F","F","F","","dickl101","","F","F","F","F","F","","","","",0,3,0,0,0,0,0,0,0,53,"NY1","NY1","SLN",1,"F","F",3,3,1,25,3,"T","F",2,2,"T","T","watsm103","younr101","T","T",0,0,0,5,7,52,0,0,0,"","gonzm101","",0,0,0,0,0,0,0,0,0,0,0,0,0,"bottj101","F","F","F","F",0,0,0,0,0,0,0,0,0,0,F,F,"1924NY1.EVN.regular.event.csv",2447
"NY1192407260","SLN",6,1,2,0,0,"",3,3,"watsm103","?","watsm103","?","dickl101","?","dickl101","?","gonzm101","bottj101","hornr101","freih101","coonj103","bladr102","holmw101","smitj106","","grohh101","","43","F","F",1,9,2,"T","T",0,"F","F",1,"F","F",0,"F","F",4,"G","F","F","",0,0,"N",0,"N",0,"N",0,0,2,0,"43","","","","F","F","F","F","F","F","F","F","F","","dickl101","","F","F","F","F","F","","","","",0,3,0,0,4,0,0,0,0,54,"NY1","NY1","SLN",1,"F","T",3,3,1,26,4,"T","F",2,2,"T","T","younr101","frisf101","T","T",0,0,0,5,7,52,0,0,0,"","gonzm101","",0,0,0,0,0,0,0,0,0,0,0,0,0,"hornr101","F","F","F","F",0,0,0,0,0,0,0,0,0,0,F,F,"1924NY1.EVN.regular.event.csv",2448
"NY1192407260","SLN",7,0,0,0,0,"",3,3,"gonzm101","?","gonzm101","?","watsm103","?","watsm103","?","snydf101","kellg101","frisf101","grohh101","jackt101","meusi101","wilsh102","younr101","","","","63","T","F",2,7,2,"T","T",0,"F","F",1,"F","F",0,"F","F",6,"G","F","F","",0,0,"N",0,"N",0,"N",0,0,0,0,"63","","","","F","F","F","F","F","F","F","F","F","","","","F","F","F","F","F","","","","",0,3,0,0,6,0,0,0,0,55,"NY1","SLN","NY1",0,"T","F",3,3,0,24,0,"T","F",0,0,"T","T","freih101","dickl101","T","T",0,0,0,0,0,0,0,0,0,"","","",0,0,0,0,0,0,0,0,0,0,0,0,0,"jackt101","F","F","F","F",0,0,0,0,0,0,0,0,0,0,F,F,"1924NY1.EVN.regular.event.csv",2449
"NY1192407260","SLN",7,0,1,0,0,"",3,3,"freih101","?","freih101","?","watsm103","?","watsm103","?","snydf101","kellg101","frisf101","grohh101","jackt101","meusi101","wilsh102","younr101","","","","8/F","F","F",5,8,2,"T","T",0,"F","F",1,"F","F",0,"F","F",8,"F","F","F","",0,0,"N",0,"N",0,"N",0,0,0,0,"8","","","","F","F","F","F","F","F","F","F","F","","","","F","F","F","F","F","","","","",0,8,0,0,0,0,0,0,0,56,"NY1","SLN","NY1",0,"F","F",3,3,0,25,1,"T","F",0,0,"T","T","dickl101","smitj106","T","T",0,0,0,0,0,0,0,0,0,"","","",0,0,0,0,0,0,0,0,0,0,0,0,0,"wilsh102","F","F","F","F",0,0,0,0,0,0,0,0,0,0,F,F,"1924NY1.EVN.regular.event.csv",2450
"NY1192407260","SLN",7,0,2,0,0,"",3,3,"dickl101","?","dickl101","?","watsm103","?","watsm103","?","snydf101","kellg101","frisf101","grohh101","jackt101","meusi101","wilsh102","younr101","","","","E6/TH1","F","F",1,9,18,"T","T",0,"F","F",0,"F","F",0,"F","F",6,"G","F","F","",1,6,"T",0,"N",0,"N",1,0,0,0,"","","","","F","F","F","F","F","F","F","F","F","","","","F","F","F","F","F","","","","",0,0,0,0,0,0,0,0,0,57,"NY1","SLN","NY1",0,"F","F",3,3,0,26,2,"T","F",0,1,"T","T","smitj106","holmw101","T","T",0,0,0,0,0,0,0,0,0,"","","",0,0,0,0,0,0,0,0,0,0,0,0,0,"jackt101","F","F","F","T",0,0,0,0,0,0,0,0,0,0,F,F,"1924NY1.EVN.regular.event.csv",2451
"NY1192407260","SLN",7,0,2,0,0,"",3,3,"smitj106","?","smitj106","?","watsm103","?","watsm103","?","snydf101","kellg101","frisf101","grohh101","jackt101","meusi101","wilsh102","younr101","dickl101","","","5/P","F","F",9,1,2,"T","T",0,"F","F",1,"F","F",0,"F","F",5,"P","F","F","",0,0,"N",0,"N",0,"N",0,1,0,0,"5","","","","F","F","F","F","F","F","F","F","F","watsm103","","","F","F","F","F","F","","","","",0,5,0,0,0,0,0,0,0,58,"NY1","SLN","NY1",0,"F","T",3,3,0,27,3,"T","F",1,1,"T","T","holmw101","hornr101","T","T",1,9,57,0,0,0,0,0,0,"snydf101","","",0,0,0,0,0,0,0,0,0,0,0,0,0,"grohh101","F","F","F","F",0,0,0,0,0,0,0,0,0,0,F,F,"1924NY1.EVN.regular.event.csv",2452
"NY1192407260","SLN",7,1,0,0,0,"",3,3,"younr101","?","younr101","?","dickl101","?","dickl101","?","gonzm101","bottj101","hornr101","freih101","coonj103","bladr102","holmw101","smitj106","","","","W","T","F",9,1,14,"T","F",0,"F","F",0,"F","F",0,"F","F",0,"","F","F","",0,0,"N",0,"N",0,"N",1,0,0,0,"","","","","F","F","F","F","F","F","F","F","F","","","","F","F","F","F","F","","","","",0,0,0,0,0,0,0,0,0,59,"NY1","NY1","SLN",1,"T","F",3,3,0,27,0,"T","F",0,1,"T","T","frisf101","wilsh102","T","T",0,0,0,0,0,0,0,0,0,"","","",0,0,0,0,0,0,0,0,0,0,0,0,0,"","F","F","F","F",4,0,0,0,2,0,0,0,0,0,F,F,"1924NY1.EVN.regular.event.csv",2453
"NY1192407260","SLN",7,1,0,0,0,"",3,3,"frisf101","?","frisf101","?","dickl101","?","dickl101","?","gonzm101","bottj101","hornr101","freih101","coonj103","bladr102","holmw101","smitj106","younr101","","","S7.1-2","F","F",4,2,20,"T","T",1,"F","F",0,"F","F",0,"F","F",7,"","F","F","",0,0,"N",0,"N",0,"N",1,2,0,0,"","","","","F","F","F","F","F","F","F","F","F","dickl101","","","F","F","F","F","F","","","","",0,0,0,0,0,0,0,0,0,60,"NY1","NY1","SLN",1,"F","F",3,3,0,28,1,"T","F",1,3,"T","T","wilsh102","meusi101","T","T",9,1,59,0,0,0,0,0,0,"gonzm101","","",0,0,0,0,0,0,0,0,0,0,0,0,0,"bladr102","F","F","F","F",4,4,0,0,2,0,0,0,0,0,F,F,"1924NY1.EVN.regular.event.csv",2454
"NY1192407260","SLN",7,1,0,0,0,"",3,3,"wilsh102","?","wilsh102","?","dickl101","?","dickl101","?","gonzm101","bottj101","hornr101","freih101","coonj103","bladr102","holmw101","smitj106","frisf101","younr101","","S/BG.2-3;1-2","F","F",8,3,20,"T","T",1,"F","F",0,"F","F",0,"F","F",0,"G","T","F","",0,0,"N",0,"N",0,"N",1,2,3,0,"","","","","F","F","F","F","F","F","F","F","F","dickl101","dickl101","","F","F","F","F","F","","","","",0,0,0,0,0,0,0,0,0,61,"NY1","NY1","SLN",1,"F","F",3,3,0,29,2,"T","F",3,7,"T","T","meusi101","kellg101","T","T",4,2,60,9,1,59,0,0,0,"gonzm101","gonzm101","",0,0,0,0,0,0,0,0,0,0,0,0,0,"","F","F","F","F",0,4,4,0,2,0,0,0,0,0,F,F,"1924NY1.EVN.regular.event.csv",2455
"NY1192407260","SLN",7,1,0,0,0,"",3,3,"meusi101","?","meusi101","?","dickl101","?","dickl101","?","gonzm101","bottj101","hornr101","freih101","coonj103","bladr102","holmw101","smitj106","wilsh102","frisf101","younr101","S8/L.3-H;2-H;1-2","F","F",7,4,20,"T","T",1,"F","F",0,"F","F",2,"F","F",8,"L","F","F","",0,0,"N",0,"N",0,"N",1,2,4,4,"","","","","F","F","F","F","F","F","F","F","F","dickl101","dickl101","dickl101","F","F","F","F","F","","","","",0,0,0,0,0,0,0,0,0,62,"NY1","NY1","SLN",1,"F","F",3,3,0,30,3,"T","F",7,3,"T","T","kellg101","jackt101","T","T",8,3,61,4,2,60,9,1,59,"gonzm101","gonzm101","gonzm101",0,0,0,0,0,0,0,0,0,0,0,0,2,"holmw101","F","F","F","F",0,0,4,4,0,0,0,0,0,0,F,F,"1924NY1.EVN.regular.event.csv",2456
"NY1192407260","SLN",7,1,0,0,0,"",3,5,"kellg101","?","kellg101","?","dickl101","?","dickl101","?","gonzm101","bottj101","hornr101","freih101","coonj103","bladr102","holmw101","smitj106","meusi101","wilsh102","","4/FL","F","F",3,5,2,"T","T",0,"F","F",1,"F","F",0,"F","F",4,"F","F","T","",0,0,"N",0,"N",0,"N",0,1,2,0,"4","","","","F","F","F","F","F","F","F","F","F","dickl101","dickl101","","F","F","F","F","F","","","","",0,4,0,0,0,0,0,0,0,63,"NY1","NY1","SLN",1,"F","F",5,3,2,31,4,"T","F",3,3,"T","T","jackt101","grohh101","T","T",7,4,62,8,3,61,0,0,0,"gonzm101","gonzm101","",0,0,0,0,0,0,0,0,0,0,0,0,0,"hornr101","F","F","F","F",0,0,0,0,0,0,0,0,0,0,F,F,"1924NY1.EVN.regular.event.csv",2457
"NY1192407260","SLN",7,1,1,0,0,"",3,5,"jackt101","?","jackt101","?","dickl101","?","dickl101","?","gonzm101","bottj101","hornr101","freih101","coonj103","bladr102","holmw101","smitj106","meusi101","wilsh102","","13.2-3;1-2","F","F",6,6,2,"T","T",0,"F","F",1,"F","F",0,"F","F",1,"G","F","F","",0,0,"N",0,"N",0,"N",0,2,3,0,"13","","","","F","F","F","F","F","F","F","F","F","dickl101","dickl101","","F","F","F","F","F","","","","",0,3,0,0,1,0,0,0,0,64,"NY1","NY1","SLN",1,"F","F",5,3,2,32,5,"T","F",3,6,"T","T","grohh101","snydf101","T","T",7,4,62,8,3,61,0,0,0,"gonzm101","gonzm101","",0,0,0,0,0,0,0,0,0,0,0,0,0,"dickl101","F","F","F","F",0,0,0,0,0,0,0,0,0,0,F,F,"1924NY1.EVN.regular.event.csv",2458
"NY1192407260","SLN",7,1,2,0,0,"",3,5,"grohh101","?","grohh101","?","dickl101","?","dickl101","?","gonzm101","bottj101","hornr101","freih101","coonj103","bladr102","holmw101","smitj106","","meusi101","wilsh102","IW","F","F",5,7,15,"T","F",0,"F","F",0,"F","F",0,"F","F",0,"","F","F","",0,0,"N",0,"N",0,"N",1,0,2,3,"","","","","F","F","F","F","F","F","F","F","F","","dickl101","dickl101","F","F","F","F","F","","","","",0,0,0,0,0,0,0,0,0,65,"NY1","NY1","SLN",1,"F","F",5,3,2,33,6,"T","F",6,7,"T","T","snydf101","watsm103","T","T",0,0,0,7,4,62,8,3,61,"","gonzm101","gonzm101",0,0,0,0,0,0,0,0,0,0,0,0,0,"","F","F","F","F",0,0,0,0,0,0,0,0,0,0,F,F,"1924NY1.EVN.regular.event.csv",2459
"NY1192407260","SLN",7,1,2,0,0,"",3,5,"snydf101","?","snydf101","?","dickl101","?","dickl101","?","gonzm101","bottj101","hornr101","freih101","coonj103","bladr102","holmw101","smitj106","grohh101","meusi101","wilsh102","K/C","F","F",2,8,3,"T","T",0,"F","F",1,"F","F",0,"F","F",0,"","F","F","",0,0,"N",0,"N",0,"N",0,1,2,3,"2","","","","F","F","F","F","F","F","F","F","F","dickl101","dickl101","dickl101","F","F","F","F","F","","","","",0,2,0,0,0,0,0,0,0,66,"NY1","NY1","SLN",1,"F","T",5,3,2,34,7,"T","F",7,7,"T","T","watsm103","younr101","T","T",5,7,65,7,4,62,8,3,61,"gonzm101","gonzm101","gonzm101",0,0,0,0,0,0,0,0,0,0,0,0,0,"","F","F","F","F",0,0,0,0,0,0,0,0,0,0,F,F,"1924NY1.EVN.regular.event.csv",2460
"NY1192407260","SLN",8,0,0,0,0,"",3,5,"holmw101","?","holmw101","?","watsm103","?","watsm103","?","snydf101","kellg101","frisf101","grohh101","jackt101","meusi101","wilsh102","younr101","","","","63","T","F",8,2,2,"T","T",0,"F","F",1,"F","F",0,"F","F",6,"G","F","F","",0,0,"N",0,"N",0,"N",0,0,0,0,"63","","","","F","F","F","F","F","F","F","F","F","","","","F","F","F","F","F","","","","",0,3,0,0,6,0,0,0,0,67,"NY1","SLN","NY1",0,"T","F",3,5,0,28,0,"T","F",0,0,"T","T","hornr101","bottj101","T","T",0,0,0,0,0,0,0,0,0,"","","",0,0,0,0,0,0,0,0,0,0,0,0,0,"jackt101","F","F","F","F",0,0,0,0,1,0,0,0,0,0,F,F,"1924NY1.EVN.regular.event.csv",2461
"NY1192407260","SLN",8,0,1,0,0,"",3,5,"hornr101","?","hornr101","?","watsm103","?","watsm103","?","snydf101","kellg101","frisf101","grohh101","jackt101","meusi101","wilsh102","younr101","","","","E6/G","F","F",4,3,18,"T","T",0,"F","F",0,"F","F",0,"F","F",6,"G","F","F","",1,6,"F",0,"N",0,"N",1,0,0,0,"","","","","F","F","F","F","F","F","F","F","F","","","","F","F","F","F","F","","","","",0,0,0,0,0,0,0,0,0,68,"NY1","SLN","NY1",0,"F","F",3,5,0,29,1,"T","F",0,1,"T","T","bottj101","bladr102","T","T",0,0,0,0,0,0,0,0,0,"","","",0,0,0,0,0,0,0,0,0,0,0,0,0,"jackt101","F","F","F","T",5,0,0,0,1,0,0,0,0,0,F,F,"1924NY1.EVN.regular.event.csv",2462
"NY1192407260","SLN",8,0,1,0,0,"",3,5,"bottj101","?","bottj101","?","watsm103","?","watsm103","?","snydf101","kellg101","frisf101","grohh101","jackt101","meusi101","wilsh102","younr101","hornr101","","","S9/3.1-3","F","F",3,4,20,"T","T",1,"F","F",0,"F","F",0,"F","F",9,"","F","F","3",0,0,"N",0,"N",0,"N",1,3,0,0,"","","","","F","F","F","F","F","F","F","F","F","watsm103","","","F","F","F","F","F","","","","",0,0,0,0,0,0,0,0,0,69,"NY1","SLN","NY1",0,"F","F",3,5,0,30,2,"T","F",1,5,"T","T","bladr102","coonj103","T","T",4,3,68,0,0,0,0,0,0,"snydf101","","",0,0,0,0,0,0,0,0,0,0,0,0,0,"younr101","F","F","F","F",0,5,0,0,1,0,0,0,0,0,F,F,"1924NY1.EVN.regular.event.csv",2463
"NY1192407260","SLN",8,0,1,0,0,"",3,5,"bladr102","?","bladr102","?","watsm103","?","watsm103","?","snydf101","kellg101","frisf101","grohh101","jackt101","meusi101","wilsh102","younr101","bottj101","","hornr101","7/SF.3-H(UR)","F","F",7,5,2,"T","F",0,"F","T",1,"F","F",1,"F","F",7,"F","F","F","",0,0,"N",0,"N",0,"N",0,1,0,5,"7","","","","F","F","F","F","F","F","F","F","F","watsm103","","watsm103","F","F","F","F","F","","","","",0,7,0,0,0,0,0,0,0,70,"NY1","SLN","NY1",0,"F","F",3,5,0,31,3,"T","F",5,1,"T","T","coonj103","gonzm101","T","T",3,4,69,0,0,0,4,3,68,"snydf101","","snydf101",0,0,0,0,0,0,0,0,0,0,0,0,1,"meusi101","F","F","F","F",0,0,0,5,0,0,0,0,0,0,F,F,"1924NY1.EVN.regular.event.csv",2464
"NY1192407260","SLN",8,0,2,0,0,"",4,5,"coonj103","?","coonj103","?","watsm103","?","watsm103","?","snydf101","kellg101","frisf101","grohh101","jackt101","meusi101","wilsh102","younr101","bottj101","","","S9.1-2","F","F",6,6,20,"T","T",1,"F","F",0,"F","F",0,"F","F",9,"","F","F","",0,0,"N",0,"N",0,"N",1,2,0,0,"","","","","F","F","F","F","F","F","F","F","F","watsm103","","","F","F","F","F","F","","","","",0,0,0,0,0,0,0,0,0,71,"NY1","SLN","NY1",0,"F","F",4,5,1,32,4,"T","F",1,3,"T","T","gonzm101","freih101","T","T",3,4,69,0,0,0,0,0,0,"snydf101","","",0,0,0,0,0,0,0,0,0,0,0,0,0,"younr101","F","F","F","F",0,0,0,0,0,0,0,0,0,0,F,F,"1924NY1.EVN.regular.event.csv",2465
"NY1192407260","SLN",8,0,2,3,0,"BBBX",4,5,"gonzm101","?","gonzm101","?","watsm103","?","watsm103","?","snydf101","kellg101","frisf101","grohh101","jackt101","meusi101","wilsh102","younr101","coonj103","bottj101","","4(1)/FO","F","F",2,7,2,"T","T",0,"F","F",1,"F","F",0,"F","F",4,"G","F","F","",0,0,"N",0,"N",0,"N",1,0,2,0,"","4","","","F","F","F","F","F","F","F","F","F","watsm103","watsm103","","F","F","F","F","F","","","","",0,4,0,0,0,0,0,0,0,72,"NY1","SLN","NY1",0,"F","T",4,5,1,33,5,"T","F",3,3,"T","T","freih101","dickl101","T","T",6,6,71,3,4,69,0,0,0,"snydf101","snydf101","",3,3,0,0,0,0,1,0,0,0,1,0,0,"frisf101","T","F","F","F",0,0,0,0,0,0,0,0,0,0,F,F,"1924NY1.EVN.regular.event.csv",2466
"NY1192407260","SLN",8,1,0,0,0,"",4,5,"watsm103","?","watsm103","?","dickl101","?","dickl101","?","gonzm101","bottj101","hornr101","freih101","coonj103","bladr102","holmw101","smitj106","","","","S7","T","F",1,9,20,"T","T",1,"F","F",0,"F","F",0,"F","F",7,"","F","F","",0,0,"N",0,"N",0,"N",1,0,0,0,"","","","","F","F","F","F","F","F","F","F","F","","","","F","F","F","F","F","","","","",0,0,0,0,0,0,0,0,0,73,"NY1","NY1","SLN",1,"T","F",5,4,0,35,0,"T","F",0,1,"T","T","younr101","frisf101","T","T",0,0,0,0,0,0,0,0,0,"","","",0,0,0,0,0,0,0,0,0,0,0,0,0,"bladr102","F","F","F","F",1,0,0,0,0,0,0,0,0,0,F,F,"1924NY1.EVN.regular.event.csv",2467
"NY1192407260","SLN",8,1,0,0,0,"",4,5,"younr101","?","younr101","?","dickl101","?","dickl101","?","gonzm101","bottj101","hornr101","freih101","coonj103","bladr102","holmw101","smitj106","watsm103","","","9/F","F","F",9,1,2,"T","T",0,"F","F",1,"F","F",0,"F","F",9,"F","F","F","",0,0,"N",0,"N",0,"N",0,1,0,0,"9","","","","F","F","F","F","F","F","F","F","F","dickl101","","","F","F","F","F","F","","","","",0,9,0,0,0,0,0,0,0,74,"NY1","NY1","SLN",1,"F","F",5,4,0,36,1,"T","F",1,1,"T","T","frisf101","wilsh102","T","T",1,9,73,0,0,0,0,0,0,"gonzm101","","",0,0,0,0,0,0,0,0,0,0,0,0,0,"smitj106","F","F","F","F",0,1,0,0,0,0,0,0,0,0,F,F,"1924NY1.EVN.regular.event.csv",2468
"NY1192407260","SLN",8,1,1,0,0,"",4,5,"frisf101","?","frisf101","?","dickl101","?","dickl101","?","gonzm101","bottj101","hornr101","freih101","coonj103","bladr102","holmw101","smitj106","watsm103","","","9/F","F","F",4,2,2,"T","T",0,"F","F",1,"F","F",0,"F","F",9,"F","F","F","",0,0,"N",0,"N",0,"N",0,1,0,0,"9","","","","F","F","F","F","F","F","F","F","F","dickl101","","","F","F","F","F","F","","","","",0,9,0,0,0,0,0,0,0,75,"NY1","NY1","SLN",1,"F","F",5,4,0,37,2,"T","F",1,1,"T","T","wilsh102","meusi101","T","T",1,9,73,0,0,0,0,0,0,"gonzm101","","",0,0,0,0,0,0,0,0,0,0,0,0,0,"smitj106","F","F","F","F",0,1,0,0,0,0,0,0,0,0,F,F,"1924NY1.EVN.regular.event.csv",2469
"NY1192407260","SLN",8,1,2,0,0,"",4,5,"wilsh102","?","wilsh102","?","dickl101","?","dickl101","?","gonzm101","bottj101","hornr101","freih101","coonj103","bladr102","holmw101","smitj106","watsm103","","","9/F","F","F",8,3,2,"T","T",0,"F","F",1,"F","F",0,"F","F",9,"F","F","F","",0,0,"N",0,"N",0,"N",0,1,0,0,"9","","","","F","F","F","F","F","F","F","F","F","dickl101","","","F","F","F","F","F","","","","",0,9,0,0,0,0,0,0,0,76,"NY1","NY1","SLN",1,"F","T",5,4,0,38,3,"T","F",1,1,"T","T","meusi101","kellg101","T","T",1,9,73,0,0,0,0,0,0,"gonzm101","","",0,0,0,0,0,0,0,0,0,0,0,0,0,"smitj106","F","F","F","F",0,1,0,0,0,0,0,0,0,0,F,F,"1924NY1.EVN.regular.event.csv",2470
"NY1192407260","SLN",9,0,0,0,0,"",4,5,"muelh102","?","muelh102","?","watsm103","?","watsm103","?","snydf101","kellg101","frisf101","grohh101","jackt101","meusi101","wilsh102","younr101","","","","9/F","T","T",11,8,2,"T","T",0,"F","F",1,"F","F",0,"F","F",9,"F","F","F","",0,0,"N",0,"N",0,"N",0,0,0,0,"9","","","","F","F","F","F","F","F","F","F","F","","","","F","F","F","F","F","","","","freih101",5,9,0,0,0,0,0,0,0,77,"NY1","SLN","NY1",0,"T","F",4,5,0,34,0,"T","F",0,0,"F","F","dickl101","smitj106","T","T",0,0,0,0,0,0,0,0,0,"","","",0,0,0,0,0,0,0,0,0,0,0,0,0,"younr101","F","F","F","F",0,0,0,0,0,0,0,0,0,0,F,F,"1924NY1.EVN.regular.event.csv",2471
"NY1192407260","SLN",9,0,1,0,0,"",4,5,"flacm101","?","flacm101","?","watsm103","?","watsm103","?","snydf101","kellg101","frisf101","grohh101","jackt101","meusi101","wilsh102","younr101","","","","6/P","F","T",11,9,2,"T","T",0,"F","F",1,"F","F",0,"F","F",6,"P","F","F","",0,0,"N",0,"N",0,"N",0,0,0,0,"6","","","","F","F","F","F","F","F","F","F","F","","","","F","F","F","F","F","","","","dickl101",1,6,0,0,0,0,0,0,0,78,"NY1","SLN","NY1",0,"F","F",4,5,0,35,1,"T","F",0,0,"F","F","smitj106","holmw101","T","T",0,0,0,0,0,0,0,0,0,"","","",0,0,0,0,0,0,0,0,0,0,0,0,0,"jackt101","F","F","F","F",0,0,0,0,0,0,0,0,0,0,F,F,"1924NY1.EVN.regular.event.csv",2472
"NY1192407260","SLN",9,0,2,0,0,"",4,5,"smitj106","?","smitj106","?","watsm103","?","watsm103","?","snydf101","kellg101","frisf101","grohh101","jackt101","meusi101","wilsh102","younr101","","","","13","F","F",9,1,2,"T","T",0,"F","F",1,"F","F",0,"F","F",1,"G","F","F","",0,0,"N",0,"N",0,"N",0,0,0,0,"13","","","","F","F","F","F","F","F","F","F","F","","","","F","T","F","F","F","","","","",0,3,0,0,1,0,0,0,0,79,"NY1","SLN","NY1",0,"F","T",4,5,0,36,2,"T","F",0,0,"T","T","holmw101","hornr101","T","T",0,0,0,0,0,0,0,0,0,"","","",0,0,0,0,0,0,0,0,0,0,0,0,0,"watsm103","F","F","F","F",0,0,0,0,0,0,0,0,0,0,F,F,"1924NY1.EVN.regular.event.csv",2473
"NY1192407280","SLN",1,0,0,0,0,"",0,0,"smitj106","?","smitj106","?","mcquh101","?","mcquh101","?","snydf101","kellg101","frisf101","grohh101","jackt101","meusi101","wilsh102","soutb101","","","","W","T","F",9,1,14,"T","F",0,"F","F",0,"F","F",0,"F","F",0,"","F","F","",0,0,"N",0,"N",0,"N",1,0,0,0,"","","","","F","F","F","F","F","F","F","F","F","","","","T","F","F","F","F","","","","",0,0,0,0,0,0,0,0,0,1,"NY1","SLN","NY1",0,"T","F",0,0,0,0,0,"T","F",0,1,"T","T","holmw101","hornr101","T","T",0,0,0,0,0,0,0,0,0,"","","",0,0,0,0,0,0,0,0,0,0,0,0,0,"","F","F","F","F",0,0,0,0,0,0,0,0,0,0,F,F,"1924NY1.EVN.regular.event.csv",2474
"NY1192407280","SLN",1,0,0,0,0,"",0,0,"holmw101","?","holmw101","?","mcquh101","?","mcquh101","?","snydf101","kellg101","frisf101","grohh101","jackt101","meusi101","wilsh102","soutb101","smitj106","","","6/P","F","F",8,2,2,"T","T",0,"F","F",1,"F","F",0,"F","F",6,"P","F","F","",0,0,"N",0,"N",0,"N",0,1,0,0,"6","","","","F","F","F","F","F","F","F","F","F","mcquh101","","","F","F","F","F","F","","","","",0,6,0,0,0,0,0,0,0,2,"NY1","SLN","NY1",0,"F","F",0,0,0,1,1,"T","F",1,1,"T","T","hornr101","bottj101","T","T",9,1,1,0,0,0,0,0,0,"snydf101","","",0,0,0,0,0,0,0,0,0,0,0,0,0,"jackt101","F","F","F","F",0,0,0,0,0,0,0,0,0,0,F,F,"1924NY1.EVN.regular.event.csv",2475
"NY1192407280","SLN",1,0,1,0,0,"",0,0,"hornr101","?","hornr101","?","mcquh101","?","mcquh101","?","snydf101","kellg101","frisf101","grohh101","jackt101","meusi101","wilsh102","soutb101","smitj106","","","W.1-2","F","F",4,3,14,"T","F",0,"F","F",0,"F","F",0,"F","F",0,"","F","F","",0,0,"N",0,"N",0,"N",1,2,0,0,"","","","","F","F","F","F","F","F","F","F","F","mcquh101","","","F","F","F","F","F","","","","",0,0,0,0,0,0,0,0,0,3,"NY1","SLN","NY1",0,"F","F",0,0,0,2,2,"T","F",1,3,"T","T","bottj101","bladr102","T","T",9,1,1,0,0,0,0,0,0,"snydf101","","",0,0,0,0,0,0,0,0,0,0,0,0,0,"","F","F","F","F",0,0,0,0,0,0,0,0,0,0,F,F,"1924NY1.EVN.regular.event.csv",2476
"NY1192407280","SLN",1,0,1,0,0,"",0,0,"bottj101","?","bottj101","?","mcquh101","?","mcquh101","?","snydf101","kellg101","frisf101","grohh101","jackt101","meusi101","wilsh102","soutb101","hornr101","smitj106","","6(1)3/GDP","F","F",3,4,2,"T","T",0,"F","F",2,"T","F",0,"F","F",6,"G","F","F","",0,0,"N",0,"N",0,"N",0,0,2,0,"63","6","","","F","F","F","F","F","F","F","F","F","mcquh101","mcquh101","","F","F","F","F","F","","","","",0,6,3,0,6,0,0,0,0,4,"NY1","SLN","NY1",0,"F","T",0,0,0,3,3,"T","F",3,2,"T","T","bladr102","coonj103","T","T",4,3,3,9,1,1,0,0,0,"snydf101","snydf101","",0,0,0,0,0,0,0,0,0,0,0,0,0,"jackt101","T","F","F","F",0,0,0,0,0,0,0,0,0,0,F,F,"1924NY1.EVN.regular.event.csv",2477
"NY1192407280","SLN",1,1,0,0,0,"",0,0,"soutb101","?","soutb101","?","sotha101","?","sotha101","?","gonzm101","bottj101","hornr101","freih101","coonj103","bladr102","holmw101","smitj106","","","","63","T","F",9,1,2,"T","T",0,"F","F",1,"F","F",0,"F","F",6,"G","F","F","",0,0,"N",0,"N",0,"N",0,0,0,0,"63","","","","F","F","F","F","F","F","F","F","F","","","","F","F","F","F","F","","","","",0,3,0,0,6,0,0,0,0,5,"NY1","NY1","SLN",1,"T","F",0,0,0,0,0,"T","F",0,0,"T","T","frisf101","wilsh102","T","T",0,0,0,0,0,0,0,0,0,"","","",0,0,0,0,0,0,0,0,0,0,0,0,0,"coonj103","F","F","F","F",0,0,0,0,0,0,0,0,0,0,F,F,"1924NY1.EVN.regular.event.csv",2478
"NY1192407280","SLN",1,1,1,0,0,"",0,0,"frisf101","?","frisf101","?","sotha101","?","sotha101","?","gonzm101","bottj101","hornr101","freih101","coonj103","bladr102","holmw101","smitj106","","","","9/F","F","F",4,2,2,"T","T",0,"F","F",1,"F","F",0,"F","F",9,"F","F","F","",0,0,"N",0,"N",0,"N",0,0,0,0,"9","","","","F","F","F","F","F","F","F","F","F","","","","F","F","F","F","F","","","","",0,9,0,0,0,0,0,0,0,6,"NY1","NY1","SLN",1,"F","F",0,0,0,1,1,"T","F",0,0,"T","T","wilsh102","meusi101","T","T",0,0,0,0,0,0,0,0,0,"","","",0,0,0,0,0,0,0,0,0,0,0,0,0,"smitj106","F","F","F","F",0,0,0,0,0,0,0,0,0,0,F,F,"1924NY1.EVN.regular.event.csv",2479
"NY1192407280","SLN",1,1,2,0,0,"",0,0,"wilsh102","?","wilsh102","?","sotha101","?","sotha101","?","gonzm101","bottj101","hornr101","freih101","coonj103","bladr102","holmw101","smitj106","","","","63","F","F",8,3,2,"T","T",0,"F","F",1,"F","F",0,"F","F",6,"G","F","F","",0,0,"N",0,"N",0,"N",0,0,0,0,"63","","","","F","F","F","F","F","F","F","F","F","","","","F","F","F","F","F","","","","",0,3,0,0,6,0,0,0,0,7,"NY1","NY1","SLN",1,"F","T",0,0,0,2,2,"T","F",0,0,"T","T","meusi101","kellg101","T","T",0,0,0,0,0,0,0,0,0,"","","",0,0,0,0,0,0,0,0,0,0,0,0,0,"coonj103","F","F","F","F",0,0,0,0,0,0,0,0,0,0,F,F,"1924NY1.EVN.regular.event.csv",2480
"NY1192407280","SLN",2,0,0,0,0,"",0,0,"bladr102","?","bladr102","?","mcquh101","?","mcquh101","?","snydf101","kellg101","frisf101","grohh101","jackt101","meusi101","wilsh102","soutb101","","","","63","T","F",7,5,2,"T","T",0,"F","F",1,"F","F",0,"F","F",6,"G","F","F","",0,0,"N",0,"N",0,"N",0,0,0,0,"63","","","","F","F","F","F","F","F","F","F","F","","","","F","F","F","F","F","","","","",0,3,0,0,6,0,0,0,0,8,"NY1","SLN","NY1",0,"T","F",0,0,0,4,0,"T","F",0,0,"T","T","coonj103","gonzm101","T","T",0,0,0,0,0,0,0,0,0,"","","",0,0,0,0,0,0,0,0,0,0,0,0,0,"jackt101","F","F","F","F",0,0,0,0,1,0,0,0,0,0,F,F,"1924NY1.EVN.regular.event.csv",2481
"NY1192407280","SLN",2,0,1,0,0,"",0,0,"coonj103","?","coonj103","?","mcquh101","?","mcquh101","?","snydf101","kellg101","frisf101","grohh101","jackt101","meusi101","wilsh102","soutb101","","","","E6/TH1.B-2","F","F",6,6,18,"T","T",0,"F","F",0,"F","F",0,"F","F",6,"G","F","F","",1,6,"T",0,"N",0,"N",2,0,0,0,"","","","","F","F","F","F","F","F","F","F","F","","","","F","F","F","F","F","","","","",0,0,0,0,0,0,0,0,0,9,"NY1","SLN","NY1",0,"F","F",0,0,0,5,1,"T","F",0,2,"T","T","gonzm101","freih101","T","T",0,0,0,0,0,0,0,0,0,"","","",0,0,0,0,0,0,0,0,0,0,0,0,0,"jackt101","F","F","F","T",5,0,0,0,1,0,0,0,0,0,F,F,"1924NY1.EVN.regular.event.csv",2482
"NY1192407280","SLN",2,0,1,0,0,"",0,0,"gonzm101","?","gonzm101","?","mcquh101","?","mcquh101","?","snydf101","kellg101","frisf101","grohh101","jackt101","meusi101","wilsh102","soutb101","","coonj103","","S7.2-H(UR)","F","F",2,7,20,"T","T",1,"F","F",0,"F","F",1,"F","F",7,"","F","F","",0,0,"N",0,"N",0,"N",1,0,5,0,"","","","","F","F","F","F","F","F","F","F","F","","mcquh101","","F","F","F","F","F","","","","",0,0,0,0,0,0,0,0,0,10,"NY1","SLN","NY1",0,"F","F",0,0,0,6,2,"T","F",2,1,"T","T","freih101","sotha101","T","T",0,0,0,6,6,9,0,0,0,"","snydf101","",0,0,0,0,0,0,0,0,0,0,0,0,1,"meusi101","F","F","F","F",0,0,5,0,0,0,0,0,0,0,F,F,"1924NY1.EVN.regular.event.csv",2483
"NY1192407280","SLN",2,0,1,0,0,"",1,0,"freih101","?","freih101","?","mcquh101","?","mcquh101","?","snydf101","kellg101","frisf101","grohh101","jackt101","meusi101","wilsh102","soutb101","gonzm101","","","S9.1-3","F","F",5,8,20,"T","T",1,"F","F",0,"F","F",0,"F","F",9,"","F","F","",0,0,"N",0,"N",0,"N",1,3,0,0,"","","","","F","F","F","F","F","F","F","F","F","mcquh101","","","F","F","F","F","F","","","","",0,0,0,0,0,0,0,0,0,11,"NY1","SLN","NY1",0,"F","F",1,0,1,7,3,"T","F",1,5,"T","T","sotha101","smitj106","T","T",2,7,10,0,0,0,0,0,0,"snydf101","","",0,0,0,0,0,0,0,0,0,0,0,0,0,"soutb101","F","F","F","F",0,0,0,0,0,0,0,0,0,0,F,F,"1924NY1.EVN.regular.event.csv",2484
"NY1192407280","SLN",2,0,1,0,0,"",1,0,"sotha101","?","sotha101","?","mcquh101","?","mcquh101","?","snydf101","kellg101","frisf101","grohh101","jackt101","meusi101","wilsh102","soutb101","freih101","","gonzm101","23/SH.1-2#","F","F",1,9,2,"T","F",0,"T","F",1,"F","F",0,"F","F",2,"G","T","F","",0,0,"N",0,"N",0,"N",0,2,0,3,"23","","","","F","F","F","F","F","F","F","F","F","mcquh101","","mcquh101","F","F","F","F","F","","","","",0,3,0,0,2,0,0,0,0,12,"NY1","SLN","NY1",0,"F","F",1,0,1,8,4,"T","F",5,6,"T","T","smitj106","holmw101","T","T",5,8,11,0,0,0,2,7,10,"snydf101","","snydf101",0,0,0,0,0,0,0,0,0,0,0,0,0,"snydf101","F","F","F","F",0,0,0,0,0,0,0,0,0,0,F,T,"1924NY1.EVN.regular.event.csv",2485
"NY1192407280","SLN",2,0,2,0,0,"",1,0,"smitj106","?","smitj106","?","mcquh101","?","mcquh101","?","snydf101","kellg101","frisf101","grohh101","jackt101","meusi101","wilsh102","soutb101","","freih101","gonzm101","43","F","F",9,1,2,"T","T",0,"F","F",1,"F","F",0,"F","F",4,"G","F","F","",0,0,"N",0,"N",0,"N",0,0,2,3,"43","","","","F","F","F","F","F","F","F","F","F","","mcquh101","mcquh101","F","F","F","F","F","","","","",0,3,0,0,4,0,0,0,0,13,"NY1","SLN","NY1",0,"F","T",1,0,1,9,5,"T","F",6,6,"T","T","holmw101","hornr101","T","T",0,0,0,5,8,11,2,7,10,"","snydf101","snydf101",0,0,0,0,0,0,0,0,0,0,0,0,0,"frisf101","F","F","F","F",0,0,0,0,0,0,0,0,0,0,F,F,"1924NY1.EVN.regular.event.csv",2486
"NY1192407280","SLN",2,1,0,0,0,"",1,0,"meusi101","?","meusi101","?","sotha101","?","sotha101","?","gonzm101","bottj101","hornr101","freih101","coonj103","bladr102","holmw101","smitj106","","","","8/F8S","T","F",7,4,2,"T","T",0,"F","F",1,"F","F",0,"F","F",8,"F","F","F","8S",0,0,"N",0,"N",0,"N",0,0,0,0,"8","","","","F","F","F","F","F","F","F","F","F","","","","F","F","F","F","F","","","","",0,8,0,0,0,0,0,0,0,14,"NY1","NY1","SLN",1,"T","F",0,1,0,3,0,"T","F",0,0,"T","T","kellg101","jackt101","T","T",0,0,0,0,0,0,0,0,0,"","","",0,0,0,0,0,0,0,0,0,0,0,0,0,"holmw101","F","F","F","F",0,0,0,0,0,0,0,0,0,0,F,F,"1924NY1.EVN.regular.event.csv",2487
"NY1192407280","SLN",2,1,1,0,0,"",1,0,"kellg101","?","kellg101","?","sotha101","?","sotha101","?","gonzm101","bottj101","hornr101","freih101","coonj103","bladr102","holmw101","smitj106","","","","D7","F","F",3,5,21,"T","T",2,"F","F",0,"F","F",0,"F","F",7,"","F","F","",0,0,"N",0,"N",0,"N",2,0,0,0,"","","","","F","F","F","F","F","F","F","F","F","","","","F","F","F","F","F","","","","",0,0,0,0,0,0,0,0,0,15,"NY1","NY1","SLN",1,"F","F",0,1,0,4,1,"T","F",0,2,"T","T","jackt101","grohh101","T","T",0,0,0,0,0,0,0,0,0,"","","",0,0,0,0,0,0,0,0,0,0,0,0,0,"bladr102","F","F","F","F",0,0,0,0,0,0,0,0,0,0,F,F,"1924NY1.EVN.regular.event.csv",2488
"NY1192407280","SLN",2,1,1,0,0,"",1,0,"jackt101","?","jackt101","?","sotha101","?","sotha101","?","gonzm101","bottj101","hornr101","freih101","coonj103","bladr102","holmw101","smitj106","","kellg101","","W","F","F",6,6,14,"T","F",0,"F","F",0,"F","F",0,"F","F",0,"","F","F","",0,0,"N",0,"N",0,"N",1,0,2,0,"","","","","F","F","F","F","F","F","F","F","F","","sotha101","","F","F","F","F","F","","","","",0,0,0,0,0,0,0,0,0,16,"NY1","NY1","SLN",1,"F","F",0,1,0,5,2,"T","F",2,3,"T","T","grohh101","snydf101","T","T",0,0,0,3,5,15,0,0,0,"","gonzm101","",0,0,0,0,0,0,0,0,0,0,0,0,0,"","F","F","F","F",0,0,0,0,0,0,0,0,0,0,F,F,"1924NY1.EVN.regular.event.csv",2489
"NY1192407280","SLN",2,1,1,0,0,"",1,0,"grohh101","?","grohh101","?","sotha101","?","sotha101","?","gonzm101","bottj101","hornr101","freih101","coonj103","bladr102","holmw101","smitj106","jackt101","kellg101","","7/L","F","F",5,7,2,"T","T",0,"F","F",1,"F","F",0,"F","F",7,"L","F","F","",0,0,"N",0,"N",0,"N",0,1,2,0,"7","","","","F","F","F","F","F","F","F","F","F","sotha101","sotha101","","F","F","F","F","F","","","","",0,7,0,0,0,0,0,0,0,17,"NY1","NY1","SLN",1,"F","F",0,1,0,6,3,"T","F",3,3,"T","T","snydf101","mcquh101","T","T",6,6,16,3,5,15,0,0,0,"gonzm101","gonzm101","",0,0,0,0,0,0,0,0,0,0,0,0,0,"bladr102","F","F","F","F",0,0,0,0,0,0,0,0,0,0,F,F,"1924NY1.EVN.regular.event.csv",2490
"NY1192407280","SLN",2,1,2,0,0,"",1,0,"snydf101","?","snydf101","?","sotha101","?","sotha101","?","gonzm101","bottj101","hornr101","freih101","coonj103","bladr102","holmw101","smitj106","jackt101","kellg101","","4/P","F","F",2,8,2,"T","T",0,"F","F",1,"F","F",0,"F","F",4,"P","F","F","",0,0,"N",0,"N",0,"N",0,1,2,0,"4","","","","F","F","F","F","F","F","F","F","F","sotha101","sotha101","","F","F","F","F","F","","","","",0,4,0,0,0,0,0,0,0,18,"NY1","NY1","SLN",1,"F","T",0,1,0,7,4,"T","F",3,3,"T","T","mcquh101","soutb101","T","T",6,6,16,3,5,15,0,0,0,"gonzm101","gonzm101","",0,0,0,0,0,0,0,0,0,0,0,0,0,"hornr101","F","F","F","F",0,0,0,0,0,0,0,0,0,0,F,F,"1924NY1.EVN.regular.event.csv",2491
"NY1192407280","SLN",3,0,0,0,0,"",1,0,"holmw101","?","holmw101","?","mcquh101","?","mcquh101","?","snydf101","kellg101","frisf101","grohh101","jackt101","meusi101","wilsh102","soutb101","","","","S7","T","F",8,2,20,"T","T",1,"F","F",0,"F","F",0,"F","F",7,"","F","F","",0,0,"N",0,"N",0,"N",1,0,0,0,"","","","","F","F","F","F","F","F","F","F","F","","","","F","F","F","F","F","","","","",0,0,0,0,0,0,0,0,0,19,"NY1","SLN","NY1",0,"T","F",1,0,0,10,0,"T","F",0,1,"T","T","hornr101","bottj101","T","T",0,0,0,0,0,0,0,0,0,"","","",0,0,0,0,0,0,0,0,0,0,0,0,0,"meusi101","F","F","F","F",4,0,0,0,1,0,0,0,0,0,F,F,"1924NY1.EVN.regular.event.csv",2492
"NY1192407280","SLN",3,0,0,0,0,"",1,0,"hornr101","?","hornr101","?","mcquh101","?","mcquh101","?","snydf101","kellg101","frisf101","grohh101","jackt101","meusi101","wilsh102","soutb101","holmw101","","","S/78S.1-3","F","F",4,3,20,"T","T",1,"F","F",0,"F","F",0,"F","F",0,"","F","F","78S",0,0,"N",0,"N",0,"N",1,3,0,0,"","","","","F","F","F","F","F","F","F","F","F","mcquh101","","","F","F","F","F","F","","","","",0,0,0,0,0,0,0,0,0,20,"NY1","SLN","NY1",0,"F","F",1,0,0,11,1,"T","F",1,5,"T","T","bottj101","bladr102","T","T",8,2,19,0,0,0,0,0,0,"snydf101","","",0,0,0,0,0,0,0,0,0,0,0,0,0,"","F","F","F","F",0,4,0,0,1,0,0,0,0,0,F,F,"1924NY1.EVN.regular.event.csv",2493
"NY1192407280","SLN",3,0,0,0,0,"",1,0,"bottj101","?","bottj101","?","mcquh101","?","mcquh101","?","snydf101","kellg101","frisf101","grohh101","jackt101","meusi101","wilsh102","soutb101","hornr101","","holmw101","23/G.3-H;1-3#","F","F",3,4,2,"T","T",0,"F","F",1,"F","F",1,"F","F",2,"G","F","F","",0,0,"N",0,"N",0,"N",0,3,0,4,"23","","","","F","F","F","F","F","F","F","F","F","mcquh101","","mcquh101","F","F","F","F","F","","","","",0,3,0,0,2,0,0,0,0,21,"NY1","SLN","NY1",0,"F","F",1,0,0,12,2,"T","F",5,4,"T","T","bladr102","coonj103","T","T",4,3,20,0,0,0,8,2,19,"snydf101","","snydf101",0,0,0,0,0,0,0,0,0,0,0,0,1,"snydf101","F","F","F","F",0,0,0,4,0,0,0,0,0,0,F,T,"1924NY1.EVN.regular.event.csv",2494
"NY1192407280","SLN",3,0,1,0,0,"",2,0,"bladr102","?","bladr102","?","mcquh101","?","mcquh101","?","snydf101","kellg101","frisf101","grohh101","jackt101","meusi101","wilsh102","soutb101","","","hornr101","4/P","F","F",7,5,2,"T","T",0,"F","F",1,"F","F",0,"F","F",4,"P","F","F","",0,0,"N",0,"N",0,"N",0,0,0,3,"4","","","","F","F","F","F","F","F","F","F","F","","","mcquh101","F","F","F","F","F","","","","",0,4,0,0,0,0,0,0,0,22,"NY1","SLN","NY1",0,"F","F",2,0,1,13,3,"T","F",4,4,"T","T","coonj103","gonzm101","T","T",0,0,0,0,0,0,4,3,20,"","","snydf101",0,0,0,0,0,0,0,0,0,0,0,0,0,"frisf101","F","F","F","F",0,0,0,0,0,0,0,0,0,0,F,F,"1924NY1.EVN.regular.event.csv",2495
"NY1192407280","SLN",3,0,2,0,0,"",2,0,"coonj103","?","coonj103","?","mcquh101","?","mcquh101","?","snydf101","kellg101","frisf101","grohh101","jackt101","meusi101","wilsh102","soutb101","","","hornr101","43","F","F",6,6,2,"T","T",0,"F","F",1,"F","F",0,"F","F",4,"G","F","F","",0,0,"N",0,"N",0,"N",0,0,0,3,"43","","","","F","F","F","F","F","F","F","F","F","","","mcquh101","F","F","F","F","F","","","","",0,3,0,0,4,0,0,0,0,23,"NY1","SLN","NY1",0,"F","T",2,0,1,14,4,"T","F",4,4,"T","T","gonzm101","freih101","T","T",0,0,0,0,0,0,4,3,20,"","","snydf101",0,0,0,0,0,0,0,0,0,0,0,0,0,"frisf101","F","F","F","F",0,0,0,0,0,0,0,0,0,0,F,F,"1924NY1.EVN.regular.event.csv",2496
"NY1192407280","SLN",3,1,0,0,0,"",2,0,"mcquh101","?","mcquh101","?","sotha101","?","sotha101","?","gonzm101","bottj101","hornr101","freih101","coonj103","bladr102","holmw101","smitj106","","","","9/F","T","F",1,9,2,"T","T",0,"F","F",1,"F","F",0,"F","F",9,"F","F","F","",0,0,"N",0,"N",0,"N",0,0,0,0,"9","","","","F","F","F","F","F","F","F","F","F","","","","F","F","F","F","F","","","","",0,9,0,0,0,0,0,0,0,24,"NY1","NY1","SLN",1,"T","F",0,2,0,8,0,"T","F",0,0,"T","T","soutb101","frisf101","T","T",0,0,0,0,0,0,0,0,0,"","","",0,0,0,0,0,0,0,0,0,0,0,0,0,"smitj106","F","F","F","F",0,0,0,0,0,0,0,0,0,0,F,F,"1924NY1.EVN.regular.event.csv",2497
"NY1192407280","SLN",3,1,1,0,0,"",2,0,"soutb101","?","soutb101","?","sotha101","?","sotha101","?","gonzm101","bottj101","hornr101","freih101","coonj103","bladr102","holmw101","smitj106","","","","8/F","F","F",9,1,2,"T","T",0,"F","F",1,"F","F",0,"F","F",8,"F","F","F","",0,0,"N",0,"N",0,"N",0,0,0,0,"8","","","","F","F","F","F","F","F","F","F","F","","","","F","F","F","F","F","","","","",0,8,0,0,0,0,0,0,0,25,"NY1","NY1","SLN",1,"F","F",0,2,0,9,1,"T","F",0,0,"T","T","frisf101","wilsh102","T","T",0,0,0,0,0,0,0,0,0,"","","",0,0,0,0,0,0,0,0,0,0,0,0,0,"holmw101","F","F","F","F",0,0,0,0,0,0,0,0,0,0,F,F,"1924NY1.EVN.regular.event.csv",2498
"NY1192407280","SLN",3,1,2,0,0,"",2,0,"frisf101","?","frisf101","?","sotha101","?","sotha101","?","gonzm101","bottj101","hornr101","freih101","coonj103","bladr102","holmw101","smitj106","","","","8/F","F","F",4,2,2,"T","T",0,"F","F",1,"F","F",0,"F","F",8,"F","F","F","",0,0,"N",0,"N",0,"N",0,0,0,0,"8","","","","F","F","F","F","F","F","F","F","F","","","","F","F","F","F","F","","","","",0,8,0,0,0,0,0,0,0,26,"NY1","NY1","SLN",1,"F","T",0,2,0,10,2,"T","F",0,0,"T","T","wilsh102","meusi101","T","T",0,0,0,0,0,0,0,0,0,"","","",0,0,0,0,0,0,0,0,0,0,0,0,0,"holmw101","F","F","F","F",0,0,0,0,0,0,0,0,0,0,F,F,"1924NY1.EVN.regular.event.csv",2499
"NY1192407280","SLN",4,0,0,0,0,"",2,0,"gonzm101","?","gonzm101","?","mcquh101","?","mcquh101","?","snydf101","kellg101","frisf101","grohh101","jackt101","meusi101","wilsh102","soutb101","","","","S8","T","F",2,7,20,"T","T",1,"F","F",0,"F","F",0,"F","F",8,"","F","F","",0,0,"N",0,"N",0,"N",1,0,0,0,"","","","","F","F","F","F","F","F","F","F","F","","","","F","F","F","F","F","","","","",0,0,0,0,0,0,0,0,0,27,"NY1","SLN","NY1",0,"T","F",2,0,0,15,0,"T","F",0,1,"T","T","freih101","sotha101","T","T",0,0,0,0,0,0,0,0,0,"","","",0,0,0,0,0,0,0,0,0,0,0,0,0,"wilsh102","F","F","F","F",0,0,0,0,0,0,0,0,0,0,F,F,"1924NY1.EVN.regular.event.csv",2500
"NY1192407280","SLN",4,0,0,0,0,"",2,0,"freih101","?","freih101","?","mcquh101","?","mcquh101","?","snydf101","kellg101","frisf101","grohh101","jackt101","meusi101","wilsh102","soutb101","gonzm101","","","13/SH.1-2","F","F",5,8,2,"T","F",0,"T","F",1,"F","F",0,"F","F",1,"G","T","F","",0,0,"N",0,"N",0,"N",0,2,0,0,"13","","","","F","F","F","F","F","F","F","F","F","mcquh101","","","F","F","F","F","F","","","","",0,3,0,0,1,0,0,0,0,28,"NY1","SLN","NY1",0,"F","F",2,0,0,16,1,"T","F",1,2,"T","T","sotha101","smitj106","T","T",2,7,27,0,0,0,0,0,0,"snydf101","","",0,0,0,0,0,0,0,0,0,0,0,0,0,"mcquh101","F","F","F","F",0,0,0,0,0,0,0,0,0,0,F,F,"1924NY1.EVN.regular.event.csv",2501
"NY1192407280","SLN",4,0,1,0,0,"",2,0,"sotha101","?","sotha101","?","mcquh101","?","mcquh101","?","snydf101","kellg101","frisf101","grohh101","jackt101","meusi101","wilsh102","soutb101","","gonzm101","","13.2-3","F","F",1,9,2,"T","T",0,"F","F",1,"F","F",0,"F","F",1,"G","F","F","",0,0,"N",0,"N",0,"N",0,0,3,0,"13","","","","F","F","F","F","F","F","F","F","F","","mcquh101","","F","F","F","F","F","","","","",0,3,0,0,1,0,0,0,0,29,"NY1","SLN","NY1",0,"F","F",2,0,0,17,2,"T","F",2,4,"T","T","smitj106","holmw101","T","T",0,0,0,2,7,27,0,0,0,"","snydf101","",0,0,0,0,0,0,0,0,0,0,0,0,0,"mcquh101","F","F","F","F",0,0,0,0,0,0,0,0,0,0,F,F,"1924NY1.EVN.regular.event.csv",2502
"NY1192407280","SLN",4,0,2,0,0,"",2,0,"smitj106","?","smitj106","?","mcquh101","?","mcquh101","?","snydf101","kellg101","frisf101","grohh101","jackt101","meusi101","wilsh102","soutb101","","","gonzm101","43","F","F",9,1,2,"T","T",0,"F","F",1,"F","F",0,"F","F",4,"G","F","F","",0,0,"N",0,"N",0,"N",0,0,0,3,"43","","","","F","F","F","F","F","F","F","F","F","","","mcquh101","F","F","F","F","F","","","","",0,3,0,0,4,0,0,0,0,30,"NY1","SLN","NY1",0,"F","T",2,0,0,18,3,"T","F",4,4,"T","T","holmw101","hornr101","T","T",0,0,0,0,0,0,2,7,27,"","","snydf101",0,0,0,0,0,0,0,0,0,0,0,0,0,"frisf101","F","F","F","F",0,0,0,0,0,0,0,0,0,0,F,F,"1924NY1.EVN.regular.event.csv",2503
"NY1192407280","SLN",4,1,0,0,0,"",2,0,"wilsh102","?","wilsh102","?","sotha101","?","sotha101","?","gonzm101","bottj101","hornr101","freih101","coonj103","bladr102","holmw101","smitj106","","","","9/L","T","F",8,3,2,"T","T",0,"F","F",1,"F","F",0,"F","F",9,"L","F","F","",0,0,"N",0,"N",0,"N",0,0,0,0,"9","","","","F","F","F","F","F","F","F","F","F","","","","F","F","F","F","F","","","","",0,9,0,0,0,0,0,0,0,31,"NY1","NY1","SLN",1,"T","F",0,2,0,11,0,"T","F",0,0,"T","T","meusi101","kellg101","T","T",0,0,0,0,0,0,0,0,0,"","","",0,0,0,0,0,0,0,0,0,0,0,0,0,"smitj106","F","F","F","F",0,0,0,0,0,0,0,0,0,0,F,F,"1924NY1.EVN.regular.event.csv",2504
"NY1192407280","SLN",4,1,1,0,0,"",2,0,"meusi101","?","meusi101","?","sotha101","?","sotha101","?","gonzm101","bottj101","hornr101","freih101","coonj103","bladr102","holmw101","smitj106","","","","8/F78","F","F",7,4,2,"T","T",0,"F","F",1,"F","F",0,"F","F",8,"F","F","F","78",0,0,"N",0,"N",0,"N",0,0,0,0,"8","","","","F","F","F","F","F","F","F","F","F","","","","F","F","F","F","F","","","","",0,8,0,0,0,0,0,0,0,32,"NY1","NY1","SLN",1,"F","F",0,2,0,12,1,"T","F",0,0,"T","T","kellg101","jackt101","T","T",0,0,0,0,0,0,0,0,0,"","","",0,0,0,0,0,0,0,0,0,0,0,0,0,"holmw101","F","F","F","F",0,0,0,0,0,0,0,0,0,0,F,F,"1924NY1.EVN.regular.event.csv",2505
"NY1192407280","SLN",4,1,2,0,0,"",2,0,"kellg101","?","kellg101","?","sotha101","?","sotha101","?","gonzm101","bottj101","hornr101","freih101","coonj103","bladr102","holmw101","smitj106","","","","9/L","F","F",3,5,2,"T","T",0,"F","F",1,"F","F",0,"F","F",9,"L","F","F","",0,0,"N",0,"N",0,"N",0,0,0,0,"9","","","","F","F","F","F","F","F","F","F","F","","","","F","F","F","F","F","","","","",0,9,0,0,0,0,0,0,0,33,"NY1","NY1","SLN",1,"F","T",0,2,0,13,2,"T","F",0,0,"T","T","jackt101","grohh101","T","T",0,0,0,0,0,0,0,0,0,"","","",0,0,0,0,0,0,0,0,0,0,0,0,0,"smitj106","F","F","F","F",0,0,0,0,0,0,0,0,0,0,F,F,"1924NY1.EVN.regular.event.csv",2506
"NY1192407280","SLN",5,0,0,0,0,"",2,0,"holmw101","?","holmw101","?","mcquh101","?","mcquh101","?","snydf101","kellg101","frisf101","grohh101","jackt101","meusi101","wilsh102","soutb101","","","","W","T","F",8,2,14,"T","F",0,"F","F",0,"F","F",0,"F","F",0,"","F","F","",0,0,"N",0,"N",0,"N",1,0,0,0,"","","","","F","F","F","F","F","F","F","F","F","","","","F","F","F","F","F","","","","",0,0,0,0,0,0,0,0,0,34,"NY1","SLN","NY1",0,"T","F",2,0,0,19,0,"T","F",0,1,"T","T","hornr101","bottj101","T","T",0,0,0,0,0,0,0,0,0,"","","",0,0,0,0,0,0,0,0,0,0,0,0,0,"","F","F","F","F",4,0,0,0,1,0,0,0,0,0,F,F,"1924NY1.EVN.regular.event.csv",2507
"NY1192407280","SLN",5,0,0,0,0,"",2,0,"hornr101","?","hornr101","?","mcquh101","?","mcquh101","?","snydf101","kellg101","frisf101","grohh101","jackt101","meusi101","wilsh102","soutb101","holmw101","","","13/SH.1-2","F","F",4,3,2,"T","F",0,"T","F",1,"F","F",0,"F","F",1,"G","T","F","",0,0,"N",0,"N",0,"N",0,2,0,0,"13","","","","F","F","F","F","F","F","F","F","F","mcquh101","","","F","F","F","F","F","","","","",0,3,0,0,1,0,0,0,0,35,"NY1","SLN","NY1",0,"F","F",2,0,0,20,1,"T","F",1,2,"T","T","bottj101","bladr102","T","T",8,2,34,0,0,0,0,0,0,"snydf101","","",0,0,0,0,0,0,0,0,0,0,0,0,0,"mcquh101","F","F","F","F",0,4,0,0,1,0,0,0,0,0,F,F,"1924NY1.EVN.regular.event.csv",2508
"NY1192407280","SLN",5,0,1,0,0,"",2,0,"bottj101","?","bottj101","?","mcquh101","?","mcquh101","?","snydf101","kellg101","frisf101","grohh101","jackt101","meusi101","wilsh102","soutb101","","holmw101","","S7/78S.2-H","F","F",3,4,20,"T","T",1,"F","F",0,"F","F",1,"F","F",7,"","F","F","78S",0,0,"N",0,"N",0,"N",1,0,4,0,"","","","","F","F","F","F","F","F","F","F","F","","mcquh101","","F","F","F","F","F","","","","",0,0,0,0,0,0,0,0,0,36,"NY1","SLN","NY1",0,"F","F",2,0,0,21,2,"T","F",2,1,"T","T","bladr102","coonj103","T","T",0,0,0,8,2,34,0,0,0,"","snydf101","",0,0,0,0,0,0,0,0,0,0,0,0,1,"meusi101","F","F","F","F",0,0,4,0,0,0,0,0,0,0,F,F,"1924NY1.EVN.regular.event.csv",2509
"NY1192407280","SLN",5,0,1,0,0,"",3,0,"bladr102","?","bladr102","?","mcquh101","?","mcquh101","?","snydf101","kellg101","frisf101","grohh101","jackt101","meusi101","wilsh102","soutb101","bottj101","","","HP.1-2","F","F",7,5,16,"T","F",0,"F","F",0,"F","F",0,"F","F",0,"","F","F","",0,0,"N",0,"N",0,"N",1,2,0,0,"","","","","F","F","F","F","F","F","F","F","F","mcquh101","","","F","F","F","F","F","","","","",0,0,0,0,0,0,0,0,0,37,"NY1","SLN","NY1",0,"F","F",3,0,1,22,3,"T","F",1,3,"T","T","coonj103","gonzm101","T","T",3,4,36,0,0,0,0,0,0,"snydf101","","",0,0,0,0,0,0,0,0,0,0,0,0,0,"","F","F","F","F",0,0,0,0,0,0,0,0,0,0,F,F,"1924NY1.EVN.regular.event.csv",2510
"NY1192407280","SLN",5,0,1,0,0,"",3,0,"coonj103","?","coonj103","?","mcquh101","?","mcquh101","?","snydf101","kellg101","frisf101","grohh101","jackt101","meusi101","wilsh102","soutb101","bladr102","bottj101","","9/L9S","F","F",6,6,2,"T","T",0,"F","F",1,"F","F",0,"F","F",9,"L","F","F","9S",0,0,"N",0,"N",0,"N",0,1,2,0,"9","","","","F","F","F","F","F","F","F","F","F","mcquh101","mcquh101","","F","F","F","F","F","","","","",0,9,0,0,0,0,0,0,0,38,"NY1","SLN","NY1",0,"F","F",3,0,1,23,4,"T","F",3,3,"T","T","gonzm101","freih101","T","T",7,5,37,3,4,36,0,0,0,"snydf101","snydf101","",0,0,0,0,0,0,0,0,0,0,0,0,0,"soutb101","F","F","F","F",0,0,0,0,0,0,0,0,0,0,F,F,"1924NY1.EVN.regular.event.csv",2511
"NY1192407280","SLN",5,0,2,0,0,"",3,0,"gonzm101","?","gonzm101","?","mcquh101","?","mcquh101","?","snydf101","kellg101","frisf101","grohh101","jackt101","meusi101","wilsh102","soutb101","bladr102","bottj101","","4/P","F","F",2,7,2,"T","T",0,"F","F",1,"F","F",0,"F","F",4,"P","F","F","",0,0,"N",0,"N",0,"N",0,1,2,0,"4","","","","F","F","F","F","F","F","F","F","F","mcquh101","mcquh101","","F","F","F","F","F","","","","",0,4,0,0,0,0,0,0,0,39,"NY1","SLN","NY1",0,"F","T",3,0,1,24,5,"T","F",3,3,"T","T","freih101","sotha101","T","T",7,5,37,3,4,36,0,0,0,"snydf101","snydf101","",0,0,0,0,0,0,0,0,0,0,0,0,0,"frisf101","F","F","F","F",0,0,0,0,0,0,0,0,0,0,F,F,"1924NY1.EVN.regular.event.csv",2512
"NY1192407280","SLN",5,1,0,0,0,"",3,0,"jackt101","?","jackt101","?","sotha101","?","sotha101","?","gonzm101","bottj101","hornr101","freih101","coonj103","bladr102","holmw101","smitj106","","","","S8","T","F",6,6,20,"T","T",1,"F","F",0,"F","F",0,"F","F",8,"","F","F","",0,0,"N",0,"N",0,"N",1,0,0,0,"","","","","F","F","F","F","F","F","F","F","F","","","","F","F","F","F","F","","","","",0,0,0,0,0,0,0,0,0,40,"NY1","NY1","SLN",1,"T","F",0,3,0,14,0,"T","F",0,1,"T","T","grohh101","snydf101","T","T",0,0,0,0,0,0,0,0,0,"","","",0,0,0,0,0,0,0,0,0,0,0,0,0,"holmw101","F","F","F","F",3,0,0,0,0,0,0,0,0,0,F,F,"1924NY1.EVN.regular.event.csv",2513
"NY1192407280","SLN",5,1,0,0,0,"",3,0,"grohh101","?","grohh101","?","sotha101","?","sotha101","?","gonzm101","bottj101","hornr101","freih101","coonj103","bladr102","holmw101","smitj106","jackt101","","","8/L","F","F",5,7,2,"T","T",0,"F","F",1,"F","F",0,"F","F",8,"L","F","F","",0,0,"N",0,"N",0,"N",0,1,0,0,"8","","","","F","F","F","F","F","F","F","F","F","sotha101","","","F","F","F","F","F","","","","",0,8,0,0,0,0,0,0,0,41,"NY1","NY1","SLN",1,"F","F",0,3,0,15,1,"T","F",1,1,"T","T","snydf101","mcquh101","T","T",6,6,40,0,0,0,0,0,0,"gonzm101","","",0,0,0,0,0,0,0,0,0,0,0,0,0,"holmw101","F","F","F","F",0,3,0,0,0,0,0,0,0,0,F,F,"1924NY1.EVN.regular.event.csv",2514
"NY1192407280","SLN",5,1,1,0,0,"",3,0,"snydf101","?","snydf101","?","sotha101","?","sotha101","?","gonzm101","bottj101","hornr101","freih101","coonj103","bladr102","holmw101","smitj106","jackt101","","","S7.1-2","F","F",2,8,20,"T","T",1,"F","F",0,"F","F",0,"F","F",7,"","F","F","",0,0,"N",0,"N",0,"N",1,2,0,0,"","","","","F","F","F","F","F","F","F","F","F","sotha101","","","F","F","F","F","F","","","","",0,0,0,0,0,0,0,0,0,42,"NY1","NY1","SLN",1,"F","F",0,3,0,16,2,"T","F",1,3,"T","T","mcquh101","soutb101","T","T",6,6,40,0,0,0,0,0,0,"gonzm101","","",0,0,0,0,0,0,0,0,0,0,0,0,0,"bladr102","F","F","F","F",2,3,0,0,0,0,0,0,0,0,F,F,"1924NY1.EVN.regular.event.csv",2515
"NY1192407280","SLN",5,1,1,0,0,"",3,0,"terrb101","?","terrb101","?","sotha101","?","sotha101","?","gonzm101","bottj101","hornr101","freih101","coonj103","bladr102","holmw101","smitj106","snydf101","jackt101","","43.2-3;1-2","F","T",11,9,2,"T","T",0,"F","F",1,"F","F",0,"F","F",4,"G","F","F","",0,0,"N",0,"N",0,"N",0,2,3,0,"43","","","","F","F","F","F","F","F","F","F","F","sotha101","sotha101","","F","F","F","F","F","","","","mcquh101",1,3,0,0,4,0,0,0,0,43,"NY1","NY1","SLN",1,"F","F",0,3,0,17,3,"T","F",3,6,"F","F","soutb101","frisf101","T","T",2,8,42,6,6,40,0,0,0,"gonzm101","gonzm101","",0,0,0,0,0,0,0,0,0,0,0,0,0,"hornr101","F","F","F","F",0,2,3,0,0,0,0,0,0,0,F,F,"1924NY1.EVN.regular.event.csv",2516
"NY1192407280","SLN",5,1,2,0,0,"",3,0,"soutb101","?","soutb101","?","sotha101","?","sotha101","?","gonzm101","bottj101","hornr101","freih101","coonj103","bladr102","holmw101","smitj106","","snydf101","jackt101","63","F","F",9,1,2,"T","T",0,"F","F",1,"F","F",0,"F","F",6,"G","F","F","",0,0,"N",0,"N",0,"N",0,0,2,3,"63","","","","F","F","F","F","F","F","F","F","F","","sotha101","sotha101","F","F","F","F","F","","","","",0,3,0,0,6,0,0,0,0,44,"NY1","NY1","SLN",1,"F","T",0,3,0,18,4,"T","F",6,6,"T","T","frisf101","wilsh102","T","T",0,0,0,2,8,42,6,6,40,"","gonzm101","gonzm101",0,0,0,0,0,0,0,0,0,0,0,0,0,"coonj103","F","F","F","F",0,0,2,3,0,0,0,0,0,0,F,F,"1924NY1.EVN.regular.event.csv",2517
"NY1192407280","SLN",6,0,0,0,0,"",3,0,"freih101","?","freih101","?","cadol101","?","cadol101","?","snydf101","kellg101","frisf101","grohh101","jackt101","meusi101","wilsh102","soutb101","","","","43","T","F",5,8,2,"T","T",0,"F","F",1,"F","F",0,"F","F",4,"G","F","F","",0,0,"N",0,"N",0,"N",0,0,0,0,"43","","","","F","F","F","F","F","F","F","F","F","","","","F","F","F","F","F","","","","",0,3,0,0,4,0,0,0,0,45,"NY1","SLN","NY1",0,"T","F",3,0,0,25,0,"T","F",0,0,"T","T","sotha101","smitj106","F","F",0,0,0,0,0,0,0,0,0,"","","",0,0,0,0,0,0,0,0,0,0,0,0,0,"frisf101","F","F","F","F",0,0,0,0,0,0,0,0,0,0,F,F,"1924NY1.EVN.regular.event.csv",2518
"NY1192407280","SLN",6,0,1,0,0,"",3,0,"sotha101","?","sotha101","?","cadol101","?","cadol101","?","snydf101","kellg101","frisf101","grohh101","jackt101","meusi101","wilsh102","soutb101","","","","53","F","F",1,9,2,"T","T",0,"F","F",1,"F","F",0,"F","F",5,"G","F","F","",0,0,"N",0,"N",0,"N",0,0,0,0,"53","","","","F","F","F","F","F","F","F","F","F","","","","F","F","F","F","F","","","","",0,3,0,0,5,0,0,0,0,46,"NY1","SLN","NY1",0,"F","F",3,0,0,26,1,"T","F",0,0,"T","T","smitj106","holmw101","F","F",0,0,0,0,0,0,0,0,0,"","","",0,0,0,0,0,0,0,0,0,0,0,0,0,"grohh101","F","F","F","F",0,0,0,0,0,0,0,0,0,0,F,F,"1924NY1.EVN.regular.event.csv",2519
"NY1192407280","SLN",6,0,2,0,0,"",3,0,"smitj106","?","smitj106","?","cadol101","?","cadol101","?","snydf101","kellg101","frisf101","grohh101","jackt101","meusi101","wilsh102","soutb101","","","","S/BG2","F","F",9,1,20,"T","T",1,"F","F",0,"F","F",0,"F","F",0,"G","T","F","2",0,0,"N",0,"N",0,"N",1,0,0,0,"","","","","F","F","F","F","F","F","F","F","F","","","","F","F","F","F","F","","","","",0,0,0,0,0,0,0,0,0,47,"NY1","SLN","NY1",0,"F","F",3,0,0,27,2,"T","F",0,1,"T","T","holmw101","hornr101","F","F",0,0,0,0,0,0,0,0,0,"","","",0,0,0,0,0,0,0,0,0,0,0,0,0,"","F","F","F","F",0,0,0,0,0,0,0,0,0,0,F,F,"1924NY1.EVN.regular.event.csv",2520
"NY1192407280","SLN",6,0,2,0,0,"",3,0,"holmw101","?","holmw101","?","cadol101","?","cadol101","?","snydf101","kellg101","frisf101","grohh101","jackt101","meusi101","wilsh102","soutb101","smitj106","","","SB2","F","F",8,2,4,"F","F",0,"F","F",0,"F","F",0,"F","F",0,"","F","F","",0,0,"N",0,"N",0,"N",0,2,0,0,"","","","","T","F","F","F","F","F","F","F","F","cadol101","","","F","F","F","F","F","","","","",0,0,0,0,0,0,0,0,0,48,"NY1","SLN","NY1",0,"F","F",3,0,0,28,3,"T","F",1,2,"T","T","hornr101","bottj101","F","F",9,1,47,0,0,0,0,0,0,"snydf101","","",0,0,0,0,0,0,0,0,0,0,0,0,0,"","F","F","F","F",0,0,0,0,0,0,0,0,0,0,F,F,"1924NY1.EVN.regular.event.csv",2521
"NY1192407280","SLN",6,0,2,0,0,"",3,0,"holmw101","?","holmw101","?","cadol101","?","cadol101","?","snydf101","kellg101","frisf101","grohh101","jackt101","meusi101","wilsh102","soutb101","","smitj106","","W","F","F",8,2,14,"T","F",0,"F","F",0,"F","F",0,"F","F",0,"","F","F","",0,0,"N",0,"N",0,"N",1,0,2,0,"","","","","F","F","F","F","F","F","F","F","F","","cadol101","","F","F","F","F","F","","","","",0,0,0,0,0,0,0,0,0,49,"NY1","SLN","NY1",0,"F","F",3,0,0,28,3,"F","F",2,3,"T","T","hornr101","bottj101","F","F",0,0,0,9,1,47,0,0,0,"","snydf101","",0,0,0,0,0,0,0,0,0,0,0,0,0,"","F","F","F","F",0,0,0,0,0,0,0,0,0,0,F,F,"1924NY1.EVN.regular.event.csv",2522
"NY1192407280","SLN",6,0,2,0,0,"",3,0,"hornr101","?","hornr101","?","cadol101","?","cadol101","?","snydf101","kellg101","frisf101","grohh101","jackt101","meusi101","wilsh102","soutb101","holmw101","smitj106","","W.2-3;1-2","F","F",4,3,14,"T","F",0,"F","F",0,"F","F",0,"F","F",0,"","F","F","",0,0,"N",0,"N",0,"N",1,2,3,0,"","","","","F","F","F","F","F","F","F","F","F","cadol101","cadol101","","F","F","F","F","F","","","","",0,0,0,0,0,0,0,0,0,50,"NY1","SLN","NY1",0,"F","F",3,0,0,29,4,"T","F",3,7,"T","T","bottj101","bladr102","F","F",8,2,49,9,1,47,0,0,0,"snydf101","snydf101","",0,0,0,0,0,0,0,0,0,0,0,0,0,"","F","F","F","F",0,0,0,0,0,0,0,0,0,0,F,F,"1924NY1.EVN.regular.event.csv",2523
"NY1192407280","SLN",6,0,2,0,0,"",3,0,"bottj101","?","bottj101","?","cadol101","?","cadol101","?","snydf101","kellg101","frisf101","grohh101","jackt101","meusi101","wilsh102","soutb101","hornr101","holmw101","smitj106","K/C","F","F",3,4,3,"T","T",0,"F","F",1,"F","F",0,"F","F",0,"","F","F","",0,0,"N",0,"N",0,"N",0,1,2,3,"2","","","","F","F","F","F","F","F","F","F","F","cadol101","cadol101","cadol101","F","F","F","F","F","","","","",0,2,0,0,0,0,0,0,0,51,"NY1","SLN","NY1",0,"F","T",3,0,0,30,5,"T","F",7,7,"T","T","bladr102","coonj103","F","F",4,3,50,8,2,49,9,1,47,"snydf101","snydf101","snydf101",0,0,0,0,0,0,0,0,0,0,0,0,0,"","F","F","F","F",0,0,0,0,0,0,0,0,0,0,F,F,"1924NY1.EVN.regular.event.csv",2524
"NY1192407280","SLN",6,1,0,0,0,"",3,0,"frisf101","?","frisf101","?","sotha101","?","sotha101","?","gonzm101","bottj101","hornr101","freih101","coonj103","bladr102","holmw101","smitj106","","","","S/BG34S","T","F",4,2,20,"T","T",1,"F","F",0,"F","F",0,"F","F",0,"G","T","F","34S",0,0,"N",0,"N",0,"N",1,0,0,0,"","","","","F","F","F","F","F","F","F","F","F","","","","F","F","F","F","F","","","","",0,0,0,0,0,0,0,0,0,52,"NY1","NY1","SLN",1,"T","F",0,3,0,19,0,"T","F",0,1,"T","T","wilsh102","meusi101","T","T",0,0,0,0,0,0,0,0,0,"","","",0,0,0,0,0,0,0,0,0,0,0,0,0,"","F","F","F","F",0,0,0,0,0,0,0,0,0,0,F,F,"1924NY1.EVN.regular.event.csv",2525
"NY1192407280","SLN",6,1,0,0,0,"",3,0,"wilsh102","?","wilsh102","?","sotha101","?","sotha101","?","gonzm101","bottj101","hornr101","freih101","coonj103","bladr102","holmw101","smitj106","frisf101","","","7/F","F","F",8,3,2,"T","T",0,"F","F",1,"F","F",0,"F","F",7,"F","F","F","",0,0,"N",0,"N",0,"N",0,1,0,0,"7","","","","F","F","F","F","F","F","F","F","F","sotha101","","","F","F","F","F","F","","","","",0,7,0,0,0,0,0,0,0,53,"NY1","NY1","SLN",1,"F","F",0,3,0,20,1,"T","F",1,1,"T","T","meusi101","kellg101","T","T",4,2,52,0,0,0,0,0,0,"gonzm101","","",0,0,0,0,0,0,0,0,0,0,0,0,0,"bladr102","F","F","F","F",0,0,0,0,0,0,0,0,0,0,F,F,"1924NY1.EVN.regular.event.csv",2526
"NY1192407280","SLN",6,1,1,0,0,"",3,0,"meusi101","?","meusi101","?","sotha101","?","sotha101","?","gonzm101","bottj101","hornr101","freih101","coonj103","bladr102","holmw101","smitj106","frisf101","","","8/F8XD","F","F",7,4,2,"T","T",0,"F","F",1,"F","F",0,"F","F",8,"F","F","F","8XD",0,0,"N",0,"N",0,"N",0,1,0,0,"8","","","","F","F","F","F","F","F","F","F","F","sotha101","","","F","F","F","F","F","","","","",0,8,0,0,0,0,0,0,0,54,"NY1","NY1","SLN",1,"F","F",0,3,0,21,2,"T","F",1,1,"T","T","kellg101","jackt101","T","T",4,2,52,0,0,0,0,0,0,"gonzm101","","",0,0,0,0,0,0,0,0,0,0,0,0,0,"holmw101","F","F","F","F",0,0,0,0,0,0,0,0,0,0,F,F,"1924NY1.EVN.regular.event.csv",2527
"NY1192407280","SLN",6,1,2,0,0,"",3,0,"kellg101","?","kellg101","?","sotha101","?","sotha101","?","gonzm101","bottj101","hornr101","freih101","coonj103","bladr102","holmw101","smitj106","frisf101","","","7/F","F","F",3,5,2,"T","T",0,"F","F",1,"F","F",0,"F","F",7,"F","F","F","",0,0,"N",0,"N",0,"N",0,1,0,0,"7","","","","F","F","F","F","F","F","F","F","F","sotha101","","","F","F","F","F","F","","","","",0,7,0,0,0,0,0,0,0,55,"NY1","NY1","SLN",1,"F","T",0,3,0,22,3,"T","F",1,1,"T","T","jackt101","grohh101","T","T",4,2,52,0,0,0,0,0,0,"gonzm101","","",0,0,0,0,0,0,0,0,0,0,0,0,0,"bladr102","F","F","F","F",0,0,0,0,0,0,0,0,0,0,F,F,"1924NY1.EVN.regular.event.csv",2528
"NY1192407280","SLN",7,0,0,0,0,"",3,0,"bladr102","?","bladr102","?","cadol101","?","cadol101","?","snydf101","kellg101","frisf101","grohh101","jackt101","meusi101","wilsh102","soutb101","","","","7/F","T","F",7,5,2,"T","T",0,"F","F",1,"F","F",0,"F","F",7,"F","F","F","",0,0,"N",0,"N",0,"N",0,0,0,0,"7","","","","F","F","F","F","F","F","F","F","F","","","","F","F","F","F","F","","","","",0,7,0,0,0,0,0,0,0,56,"NY1","SLN","NY1",0,"T","F",3,0,0,31,0,"T","F",0,0,"T","T","coonj103","gonzm101","F","F",0,0,0,0,0,0,0,0,0,"","","",0,0,0,0,0,0,0,0,0,0,0,0,0,"meusi101","F","F","F","F",0,0,0,0,0,0,0,0,0,0,F,F,"1924NY1.EVN.regular.event.csv",2529
"NY1192407280","SLN",7,0,1,0,0,"",3,0,"coonj103","?","coonj103","?","cadol101","?","cadol101","?","snydf101","kellg101","frisf101","grohh101","jackt101","meusi101","wilsh102","soutb101","","","","S/6D","F","F",6,6,20,"T","T",1,"F","F",0,"F","F",0,"F","F",0,"","F","F","6D",0,0,"N",0,"N",0,"N",1,0,0,0,"","","","","F","F","F","F","F","F","F","F","F","","","","F","F","F","F","F","","","","",0,0,0,0,0,0,0,0,0,57,"NY1","SLN","NY1",0,"F","F",3,0,0,32,1,"T","F",0,1,"T","T","gonzm101","freih101","F","F",0,0,0,0,0,0,0,0,0,"","","",0,0,0,0,0,0,0,0,0,0,0,0,0,"","F","F","F","F",0,0,0,0,0,0,0,0,0,0,F,F,"1924NY1.EVN.regular.event.csv",2530
"NY1192407280","SLN",7,0,1,0,0,"",3,0,"gonzm101","?","gonzm101","?","cadol101","?","cadol101","?","snydf101","kellg101","frisf101","grohh101","jackt101","meusi101","wilsh102","soutb101","coonj103","","","SB2","F","F",2,7,4,"F","F",0,"F","F",0,"F","F",0,"F","F",0,"","F","F","",0,0,"N",0,"N",0,"N",0,2,0,0,"","","","","T","F","F","F","F","F","F","F","F","cadol101","","","F","F","F","F","F","","","","",0,0,0,0,0,0,0,0,0,58,"NY1","SLN","NY1",0,"F","F",3,0,0,33,2,"T","F",1,2,"T","T","freih101","sotha101","F","F",6,6,57,0,0,0,0,0,0,"snydf101","","",0,0,0,0,0,0,0,0,0,0,0,0,0,"","F","F","F","F",0,0,0,0,0,0,0,0,0,0,F,F,"1924NY1.EVN.regular.event.csv",2531
"NY1192407280","SLN",7,0,1,0,0,"",3,0,"gonzm101","?","gonzm101","?","cadol101","?","cadol101","?","snydf101","kellg101","frisf101","grohh101","jackt101","meusi101","wilsh102","soutb101","","coonj103","","53.2-3","F","F",2,7,2,"T","T",0,"F","F",1,"F","F",0,"F","F",5,"G","F","F","",0,0,"N",0,"N",0,"N",0,0,3,0,"53","","","","F","F","F","F","F","F","F","F","F","","cadol101","","F","F","F","F","F","","","","",0,3,0,0,5,0,0,0,0,59,"NY1","SLN","NY1",0,"F","F",3,0,0,33,2,"F","F",2,4,"T","T","freih101","sotha101","F","F",0,0,0,6,6,57,0,0,0,"","snydf101","",0,0,0,0,0,0,0,0,0,0,0,0,0,"grohh101","F","F","F","F",0,0,0,0,0,0,0,0,0,0,F,F,"1924NY1.EVN.regular.event.csv",2532
"NY1192407280","SLN",7,0,2,0,0,"",3,0,"freih101","?","freih101","?","cadol101","?","cadol101","?","snydf101","kellg101","frisf101","grohh101","jackt101","meusi101","wilsh102","soutb101","","","coonj103","3/L","F","F",5,8,2,"T","T",0,"F","F",1,"F","F",0,"F","F",3,"L","F","F","",0,0,"N",0,"N",0,"N",0,0,0,3,"3","","","","F","F","F","F","F","F","F","F","F","","","cadol101","F","F","F","F","F","","","","",0,3,0,0,0,0,0,0,0,60,"NY1","SLN","NY1",0,"F","T",3,0,0,34,3,"T","F",4,4,"T","T","sotha101","smitj106","F","F",0,0,0,0,0,0,6,6,57,"","","snydf101",0,0,0,0,0,0,0,0,0,0,0,0,0,"kellg101","F","F","F","F",0,0,0,0,0,0,0,0,0,0,F,F,"1924NY1.EVN.regular.event.csv",2533
"NY1192407280","SLN",7,1,0,0,0,"",3,0,"jackt101","?","jackt101","?","sotha101","?","sotha101","?","gonzm101","bottj101","hornr101","freih101","coonj103","bladr102","holmw101","smitj106","","","","S9","T","F",6,6,20,"T","T",1,"F","F",0,"F","F",0,"F","F",9,"","F","F","",0,0,"N",0,"N",0,"N",1,0,0,0,"","","","","F","F","F","F","F","F","F","F","F","","","","F","F","F","F","F","","","","",0,0,0,0,0,0,0,0,0,61,"NY1","NY1","SLN",1,"T","F",0,3,0,23,0,"T","F",0,1,"T","T","grohh101","snydf101","T","T",0,0,0,0,0,0,0,0,0,"","","",0,0,0,0,0,0,0,0,0,0,0,0,0,"smitj106","F","F","F","F",3,0,0,0,0,0,0,0,0,0,F,F,"1924NY1.EVN.regular.event.csv",2534
"NY1192407280","SLN",7,1,0,0,0,"",3,0,"grohh101","?","grohh101","?","sotha101","?","sotha101","?","gonzm101","bottj101","hornr101","freih101","coonj103","bladr102","holmw101","smitj106","jackt101","","","S8.1-2","F","F",5,7,20,"T","T",1,"F","F",0,"F","F",0,"F","F",8,"","F","F","",0,0,"N",0,"N",0,"N",1,2,0,0,"","","","","F","F","F","F","F","F","F","F","F","sotha101","","","F","F","F","F","F","","","","",0,0,0,0,0,0,0,0,0,62,"NY1","NY1","SLN",1,"F","F",0,3,0,24,1,"T","F",1,3,"T","T","snydf101","cadol101","T","T",6,6,61,0,0,0,0,0,0,"gonzm101","","",0,0,0,0,0,0,0,0,0,0,0,0,0,"holmw101","F","F","F","F",2,3,0,0,0,0,0,0,0,0,F,F,"1924NY1.EVN.regular.event.csv",2535
"NY1192407280","SLN",7,1,0,0,0,"",3,0,"snydf101","?","snydf101","?","sotha101","?","sotha101","?","gonzm101","bottj101","hornr101","freih101","coonj103","bladr102","holmw101","smitj106","grohh101","jackt101","","2/FL","F","F",2,8,2,"T","T",0,"F","F",1,"F","F",0,"F","F",2,"F","F","T","",0,0,"N",0,"N",0,"N",0,1,2,0,"2","","","","F","F","F","F","F","F","F","F","F","sotha101","sotha101","","F","F","F","F","F","","","","",0,2,0,0,0,0,0,0,0,63,"NY1","NY1","SLN",1,"F","F",0,3,0,25,2,"T","F",3,3,"T","T","cadol101","soutb101","T","T",5,7,62,6,6,61,0,0,0,"gonzm101","gonzm101","",0,0,0,0,0,0,0,0,0,0,0,0,0,"gonzm101","F","F","F","F",0,2,3,0,0,0,0,0,0,0,F,F,"1924NY1.EVN.regular.event.csv",2536
"NY1192407280","SLN",7,1,1,0,0,"",3,0,"bentj101","?","bentj101","?","sotha101","?","sotha101","?","gonzm101","bottj101","hornr101","freih101","coonj103","bladr102","holmw101","smitj106","grohh101","jackt101","","2/P2","F","T",11,9,2,"T","T",0,"F","F",1,"F","F",0,"F","F",2,"P","F","F","2",0,0,"N",0,"N",0,"N",0,1,2,0,"2","","","","F","F","F","F","F","F","F","F","F","sotha101","sotha101","","F","F","F","F","F","","","","cadol101",1,2,0,0,0,0,0,0,0,64,"NY1","NY1","SLN",1,"F","F",0,3,0,26,3,"T","F",3,3,"F","F","soutb101","frisf101","T","T",5,7,62,6,6,61,0,0,0,"gonzm101","gonzm101","",0,0,0,0,0,0,0,0,0,0,0,0,0,"gonzm101","F","F","F","F",0,2,3,0,0,0,0,0,0,0,F,F,"1924NY1.EVN.regular.event.csv",2537
"NY1192407280","SLN",7,1,2,0,0,"",3,0,"soutb101","?","soutb101","?","sotha101","?","sotha101","?","gonzm101","bottj101","hornr101","freih101","coonj103","bladr102","holmw101","smitj106","grohh101","jackt101","","W.2-3;1-2","F","F",9,1,14,"T","F",0,"F","F",0,"F","F",0,"F","F",0,"","F","F","",0,0,"N",0,"N",0,"N",1,2,3,0,"","","","","F","F","F","F","F","F","F","F","F","sotha101","sotha101","","F","F","F","F","F","","","","",0,0,0,0,0,0,0,0,0,65,"NY1","NY1","SLN",1,"F","F",0,3,0,27,4,"T","F",3,7,"T","T","frisf101","wilsh102","T","T",5,7,62,6,6,61,0,0,0,"gonzm101","gonzm101","",0,0,0,0,0,0,0,0,0,0,0,0,0,"","F","F","F","F",1,2,3,0,0,0,0,0,0,0,F,F,"1924NY1.EVN.regular.event.csv",2538
"NY1192407280","SLN",7,1,2,0,0,"",3,0,"frisf101","?","frisf101","?","sotha101","?","sotha101","?","gonzm101","bottj101","hornr101","freih101","coonj103","bladr102","holmw101","smitj106","soutb101","grohh101","jackt101","8/F","F","F",4,2,2,"T","T",0,"F","F",1,"F","F",0,"F","F",8,"F","F","F","",0,0,"N",0,"N",0,"N",0,1,2,3,"8","","","","F","F","F","F","F","F","F","F","F","sotha101","sotha101","sotha101","F","F","F","F","F","","","","",0,8,0,0,0,0,0,0,0,66,"NY1","NY1","SLN",1,"F","T",0,3,0,28,5,"T","F",7,7,"T","T","wilsh102","meusi101","T","T",9,1,65,5,7,62,6,6,61,"gonzm101","gonzm101","gonzm101",0,0,0,0,0,0,0,0,0,0,0,0,0,"holmw101","F","F","F","F",0,1,2,3,0,0,0,0,0,0,F,F,"1924NY1.EVN.regular.event.csv",2539
"NY1192407280","SLN",8,0,0,0,0,"",3,0,"sotha101","?","sotha101","?","maune101","?","maune101","?","snydf101","kellg101","frisf101","grohh101","jackt101","meusi101","wilsh102","soutb101","","","","S8","T","F",1,9,20,"T","T",1,"F","F",0,"F","F",0,"F","F",8,"","F","F","",0,0,"N",0,"N",0,"N",1,0,0,0,"","","","","F","F","F","F","F","F","F","F","F","","","","F","F","F","F","F","","","","",0,0,0,0,0,0,0,0,0,67,"NY1","SLN","NY1",0,"T","F",3,0,0,35,0,"T","F",0,1,"T","T","smitj106","holmw101","F","F",0,0,0,0,0,0,0,0,0,"","","",0,0,0,0,0,0,0,0,0,0,0,0,0,"wilsh102","F","F","F","F",4,0,0,0,3,0,0,0,0,0,F,F,"1924NY1.EVN.regular.event.csv",2540
"NY1192407280","SLN",8,0,0,0,0,"",3,0,"smitj106","?","smitj106","?","maune101","?","maune101","?","snydf101","kellg101","frisf101","grohh101","jackt101","meusi101","wilsh102","soutb101","sotha101","","","6/L","F","F",9,1,2,"T","T",0,"F","F",1,"F","F",0,"F","F",6,"L","F","F","",0,0,"N",0,"N",0,"N",0,1,0,0,"6","","","","F","F","F","F","F","F","F","F","F","maune101","","","F","F","F","F","F","","","","",0,6,0,0,0,0,0,0,0,68,"NY1","SLN","NY1",0,"F","F",3,0,0,36,1,"T","F",1,1,"T","T","holmw101","hornr101","F","F",1,9,67,0,0,0,0,0,0,"snydf101","","",0,0,0,0,0,0,0,0,0,0,0,0,0,"jackt101","F","F","F","F",0,4,0,0,3,0,0,0,0,0,F,F,"1924NY1.EVN.regular.event.csv",2541
"NY1192407280","SLN",8,0,1,0,0,"",3,0,"holmw101","?","holmw101","?","maune101","?","maune101","?","snydf101","kellg101","frisf101","grohh101","jackt101","meusi101","wilsh102","soutb101","sotha101","","","D/78.1-3","F","F",8,2,21,"T","T",2,"F","F",0,"F","F",0,"F","F",0,"","F","F","78",0,0,"N",0,"N",0,"N",2,3,0,0,"","","","","F","F","F","F","F","F","F","F","F","maune101","","","F","F","F","F","F","","","","",0,0,0,0,0,0,0,0,0,69,"NY1","SLN","NY1",0,"F","F",3,0,0,37,2,"T","F",1,6,"T","T","hornr101","bottj101","F","F",1,9,67,0,0,0,0,0,0,"snydf101","","",0,0,0,0,0,0,0,0,0,0,0,0,0,"","F","F","F","F",4,4,0,0,3,0,0,0,0,0,F,F,"1924NY1.EVN.regular.event.csv",2542
"NY1192407280","SLN",8,0,1,0,0,"",3,0,"hornr101","?","hornr101","?","maune101","?","maune101","?","snydf101","kellg101","frisf101","grohh101","jackt101","meusi101","wilsh102","soutb101","","holmw101","sotha101","3/P","F","F",4,3,2,"T","T",0,"F","F",1,"F","F",0,"F","F",3,"P","F","F","",0,0,"N",0,"N",0,"N",0,0,2,3,"3","","","","F","F","F","F","F","F","F","F","F","","maune101","maune101","F","F","F","F","F","","","","",0,3,0,0,0,0,0,0,0,70,"NY1","SLN","NY1",0,"F","F",3,0,0,38,3,"T","F",6,6,"T","T","bottj101","bladr102","F","F",0,0,0,8,2,69,1,9,67,"","snydf101","snydf101",0,0,0,0,0,0,0,0,0,0,0,0,0,"kellg101","F","F","F","F",0,0,4,4,3,0,0,0,0,0,F,F,"1924NY1.EVN.regular.event.csv",2543
"NY1192407280","SLN",8,0,2,0,0,"",3,0,"bottj101","?","bottj101","?","maune101","?","maune101","?","snydf101","kellg101","frisf101","grohh101","jackt101","meusi101","wilsh102","soutb101","","holmw101","sotha101","HR7/G5L/IPHR.3-H;2-H","F","F",3,4,23,"T","T",4,"F","F",0,"F","F",3,"F","F",7,"G","F","F","5L",0,0,"N",0,"N",0,"N",4,0,4,4,"","","","","F","F","F","F","F","F","F","F","F","","maune101","maune101","F","F","F","F","F","","","","",0,0,0,0,0,0,0,0,0,71,"NY1","SLN","NY1",0,"F","F",3,0,0,39,4,"T","F",6,0,"T","T","bladr102","coonj103","F","F",0,0,0,8,2,69,1,9,67,"","snydf101","snydf101",0,0,0,0,0,0,0,0,0,0,0,0,3,"meusi101","F","F","F","F",4,0,4,4,0,0,0,0,0,0,F,F,"1924NY1.EVN.regular.event.csv",2544
"NY1192407280","SLN",8,0,2,0,0,"",6,0,"bladr102","?","bladr102","?","maune101","?","maune101","?","snydf101","kellg101","frisf101","grohh101","jackt101","meusi101","wilsh102","soutb101","","","","T/78D","F","F",7,5,22,"T","T",3,"F","F",0,"F","F",0,"F","F",0,"","F","F","78D",0,0,"N",0,"N",0,"N",3,0,0,0,"","","","","F","F","F","F","F","F","F","F","F","","","","F","F","F","F","F","","","","",0,0,0,0,0,0,0,0,0,72,"NY1","SLN","NY1",0,"F","F",6,0,3,40,5,"T","F",0,4,"T","T","coonj103","gonzm101","F","F",0,0,0,0,0,0,0,0,0,"","","",0,0,0,0,0,0,0,0,0,0,0,0,0,"","F","F","F","F",0,0,0,0,0,0,0,0,0,0,F,F,"1924NY1.EVN.regular.event.csv",2545
"NY1192407280","SLN",8,0,2,0,0,"",6,0,"coonj103","?","coonj103","?","maune101","?","maune101","?","snydf101","kellg101","frisf101","grohh101","jackt101","meusi101","wilsh102","soutb101","","","bladr102","63","F","F",6,6,2,"T","T",0,"F","F",1,"F","F",0,"F","F",6,"G","F","F","",0,0,"N",0,"N",0,"N",0,0,0,3,"63","","","","F","F","F","F","F","F","F","F","F","","","maune101","F","F","F","F","F","","","","",0,3,0,0,6,0,0,0,0,73,"NY1","SLN","NY1",0,"F","T",6,0,3,41,6,"T","F",4,4,"T","T","gonzm101","freih101","F","F",0,0,0,0,0,0,7,5,72,"","","snydf101",0,0,0,0,0,0,0,0,0,0,0,0,0,"jackt101","F","F","F","F",0,0,0,0,0,0,0,0,0,0,F,F,"1924NY1.EVN.regular.event.csv",2546
"NY1192407280","SLN",8,1,0,0,0,"",6,0,"wilsh102","?","wilsh102","?","sotha101","?","sotha101","?","gonzm101","bottj101","hornr101","freih101","coonj103","bladr102","holmw101","smitj106","","","","8/F","T","F",8,3,2,"T","T",0,"F","F",1,"F","F",0,"F","F",8,"F","F","F","",0,0,"N",0,"N",0,"N",0,0,0,0,"8","","","","F","F","F","F","F","F","F","F","F","","","","F","F","F","F","F","","","","",0,8,0,0,0,0,0,0,0,74,"NY1","NY1","SLN",1,"T","F",0,6,0,29,0,"T","F",0,0,"T","T","meusi101","kellg101","T","T",0,0,0,0,0,0,0,0,0,"","","",0,0,0,0,0,0,0,0,0,0,0,0,0,"holmw101","F","F","F","F",0,0,0,0,0,0,0,0,0,0,F,F,"1924NY1.EVN.regular.event.csv",2547
"NY1192407280","SLN",8,1,1,0,0,"",6,0,"meusi101","?","meusi101","?","sotha101","?","sotha101","?","gonzm101","bottj101","hornr101","freih101","coonj103","bladr102","holmw101","smitj106","","","","63/G6M","F","F",7,4,2,"T","T",0,"F","F",1,"F","F",0,"F","F",6,"G","F","F","6M",0,0,"N",0,"N",0,"N",0,0,0,0,"63","","","","F","F","F","F","F","F","F","F","F","","","","F","F","F","F","F","","","","",0,3,0,0,6,0,0,0,0,75,"NY1","NY1","SLN",1,"F","F",0,6,0,30,1,"T","F",0,0,"T","T","kellg101","jackt101","T","T",0,0,0,0,0,0,0,0,0,"","","",0,0,0,0,0,0,0,0,0,0,0,0,0,"coonj103","F","F","F","F",0,0,0,0,0,0,0,0,0,0,F,F,"1924NY1.EVN.regular.event.csv",2548
"NY1192407280","SLN",8,1,2,0,0,"",6,0,"kellg101","?","kellg101","?","sotha101","?","sotha101","?","gonzm101","bottj101","hornr101","freih101","coonj103","bladr102","holmw101","smitj106","","","","K","F","F",3,5,3,"T","T",0,"F","F",1,"F","F",0,"F","F",0,"","F","F","",0,0,"N",0,"N",0,"N",0,0,0,0,"2","","","","F","F","F","F","F","F","F","F","F","","","","F","F","F","F","F","","","","",0,2,0,0,0,0,0,0,0,76,"NY1","NY1","SLN",1,"F","T",0,6,0,31,2,"T","F",0,0,"T","T","jackt101","grohh101","T","T",0,0,0,0,0,0,0,0,0,"","","",0,0,0,0,0,0,0,0,0,0,0,0,0,"","F","F","F","F",0,0,0,0,0,0,0,0,0,0,F,F,"1924NY1.EVN.regular.event.csv",2549
"NY1192407280","SLN",9,0,0,0,0,"",6,0,"gonzm101","?","gonzm101","?","maune101","?","maune101","?","snydf101","kellg101","frisf101","grohh101","jackt101","meusi101","wilsh102","soutb101","","","","7/F","T","F",2,7,2,"T","T",0,"F","F",1,"F","F",0,"F","F",7,"F","F","F","",0,0,"N",0,"N",0,"N",0,0,0,0,"7","","","","F","F","F","F","F","F","F","F","F","","","","F","F","F","F","F","","","","",0,7,0,0,0,0,0,0,0,77,"NY1","SLN","NY1",0,"T","F",6,0,0,42,0,"T","F",0,0,"T","T","freih101","sotha101","F","F",0,0,0,0,0,0,0,0,0,"","","",0,0,0,0,0,0,0,0,0,0,0,0,0,"meusi101","F","F","F","F",0,0,0,0,0,0,0,0,0,0,F,F,"1924NY1.EVN.regular.event.csv",2550
"NY1192407280","SLN",9,0,1,0,0,"",6,0,"freih101","?","freih101","?","maune101","?","maune101","?","snydf101","kellg101","frisf101","grohh101","jackt101","meusi101","wilsh102","soutb101","","","","9/L","F","F",5,8,2,"T","T",0,"F","F",1,"F","F",0,"F","F",9,"L","F","F","",0,0,"N",0,"N",0,"N",0,0,0,0,"9","","","","F","F","F","F","F","F","F","F","F","","","","F","F","F","F","F","","","","",0,9,0,0,0,0,0,0,0,78,"NY1","SLN","NY1",0,"F","F",6,0,0,43,1,"T","F",0,0,"T","T","sotha101","smitj106","F","F",0,0,0,0,0,0,0,0,0,"","","",0,0,0,0,0,0,0,0,0,0,0,0,0,"soutb101","F","F","F","F",0,0,0,0,0,0,0,0,0,0,F,F,"1924NY1.EVN.regular.event.csv",2551
"NY1192407280","SLN",9,0,2,0,0,"",6,0,"sotha101","?","sotha101","?","maune101","?","maune101","?","snydf101","kellg101","frisf101","grohh101","jackt101","meusi101","wilsh102","soutb101","","","","S9","F","F",1,9,20,"T","T",1,"F","F",0,"F","F",0,"F","F",9,"","F","F","",0,0,"N",0,"N",0,"N",1,0,0,0,"","","","","F","F","F","F","F","F","F","F","F","","","","F","F","F","F","F","","","","",0,0,0,0,0,0,0,0,0,79,"NY1","SLN","NY1",0,"F","F",6,0,0,44,2,"T","F",0,1,"T","T","smitj106","holmw101","F","F",0,0,0,0,0,0,0,0,0,"","","",0,0,0,0,0,0,0,0,0,0,0,0,0,"soutb101","F","F","F","F",0,0,0,0,0,0,0,0,0,0,F,F,"1924NY1.EVN.regular.event.csv",2552
"NY1192407280","SLN",9,0,2,0,0,"",6,0,"smitj106","?","smitj106","?","maune101","?","maune101","?","snydf101","kellg101","frisf101","grohh101","jackt101","meusi101","wilsh102","soutb101","sotha101","","","7/F","F","F",9,1,2,"T","T",0,"F","F",1,"F","F",0,"F","F",7,"F","F","F","",0,0,"N",0,"N",0,"N",0,1,0,0,"7","","","","F","F","F","F","F","F","F","F","F","maune101","","","F","F","F","F","F","","","","",0,7,0,0,0,0,0,0,0,80,"NY1","SLN","NY1",0,"F","T",6,0,0,45,3,"T","F",1,1,"T","T","holmw101","hornr101","F","F",1,9,79,0,0,0,0,0,0,"snydf101","","",0,0,0,0,0,0,0,0,0,0,0,0,0,"meusi101","F","F","F","F",0,0,0,0,0,0,0,0,0,0,F,F,"1924NY1.EVN.regular.event.csv",2553
"NY1192407280","SLN",9,1,0,0,0,"",6,0,"jackt101","?","jackt101","?","sotha101","?","sotha101","?","gonzm101","bottj101","hornr101","freih101","coonj103","bladr102","holmw101","smitj106","","","","43","T","F",6,6,2,"T","T",0,"F","F",1,"F","F",0,"F","F",4,"G","F","F","",0,0,"N",0,"N",0,"N",0,0,0,0,"43","","","","F","F","F","F","F","F","F","F","F","","","","F","F","F","F","F","","","","",0,3,0,0,4,0,0,0,0,81,"NY1","NY1","SLN",1,"T","F",0,6,0,32,0,"T","F",0,0,"T","T","grohh101","snydf101","T","T",0,0,0,0,0,0,0,0,0,"","","",0,0,0,0,0,0,0,0,0,0,0,0,0,"hornr101","F","F","F","F",0,0,0,0,0,0,0,0,0,0,F,F,"1924NY1.EVN.regular.event.csv",2554
"NY1192407280","SLN",9,1,1,0,0,"",6,0,"grohh101","?","grohh101","?","sotha101","?","sotha101","?","gonzm101","bottj101","hornr101","freih101","coonj103","bladr102","holmw101","smitj106","","","","53","F","F",5,7,2,"T","T",0,"F","F",1,"F","F",0,"F","F",5,"G","F","F","",0,0,"N",0,"N",0,"N",0,0,0,0,"53","","","","F","F","F","F","F","F","F","F","F","","","","F","F","F","F","F","","","","",0,3,0,0,5,0,0,0,0,82,"NY1","NY1","SLN",1,"F","F",0,6,0,33,1,"T","F",0,0,"T","T","snydf101","maune101","T","T",0,0,0,0,0,0,0,0,0,"","","",0,0,0,0,0,0,0,0,0,0,0,0,0,"freih101","F","F","F","F",0,0,0,0,0,0,0,0,0,0,F,F,"1924NY1.EVN.regular.event.csv",2555
"NY1192407280","SLN",9,1,2,0,0,"",6,0,"snydf101","?","snydf101","?","sotha101","?","sotha101","?","gonzm101","bottj101","hornr101","freih101","coonj103","bladr102","holmw101","smitj106","","","","E8/F","F","F",2,8,18,"T","T",0,"F","F",0,"F","F",0,"F","F",8,"F","F","F","",1,8,"F",0,"N",0,"N",1,0,0,0,"","","","","F","F","F","F","F","F","F","F","F","","","","F","F","F","F","F","","","","",0,0,0,0,0,0,0,0,0,83,"NY1","NY1","SLN",1,"F","F",0,6,0,34,2,"T","F",0,1,"T","T","maune101","soutb101","T","T",0,0,0,0,0,0,0,0,0,"","","",0,0,0,0,0,0,0,0,0,0,0,0,0,"holmw101","F","F","F","T",1,0,0,0,0,0,0,0,0,0,F,F,"1924NY1.EVN.regular.event.csv",2556
"NY1192407280","SLN",9,1,2,0,0,"",6,0,"oconj102","?","oconj102","?","sotha101","?","sotha101","?","gonzm101","bottj101","hornr101","freih101","coonj103","bladr102","holmw101","smitj106","snydf101","","","K/C","F","T",11,9,3,"T","T",0,"F","F",1,"F","F",0,"F","F",0,"","F","F","",0,0,"N",0,"N",0,"N",0,1,0,0,"2","","","","F","F","F","F","F","F","F","F","F","sotha101","","","F","T","F","F","F","","","","maune101",1,2,0,0,0,0,0,0,0,84,"NY1","NY1","SLN",1,"F","T",0,6,0,35,3,"T","F",1,1,"F","F","soutb101","frisf101","T","T",2,8,83,0,0,0,0,0,0,"gonzm101","","",0,0,0,0,0,0,0,0,0,0,0,0,0,"","F","F","F","F",0,1,0,0,0,0,0,0,0,0,F,F,"1924NY1.EVN.regular.event.csv",2557
"NY1192407290","SLN",1,0,0,0,0,"",0,0,"smitj106","?","smitj106","?","nehfa101","?","nehfa101","?","gowdh101","kellg101","frisf101","grohh101","jackt101","meusi101","wilsh102","soutb101","","","","K","T","F",9,1,3,"T","T",0,"F","F",1,"F","F",0,"F","F",0,"","F","F","",0,0,"N",0,"N",0,"N",0,0,0,0,"2","","","","F","F","F","F","F","F","F","F","F","","","","T","F","F","F","F","","","","",0,2,0,0,0,0,0,0,0,1,"NY1","SLN","NY1",0,"T","F",0,0,0,0,0,"T","F",0,0,"T","T","holmw101","hornr101","T","T",0,0,0,0,0,0,0,0,0,"","","",0,0,0,0,0,0,0,0,0,0,0,0,0,"","F","F","F","F",0,0,0,0,0,0,0,0,0,0,F,F,"1924NY1.EVN.regular.event.csv",2558
"NY1192407290","SLN",1,0,1,0,0,"",0,0,"holmw101","?","holmw101","?","nehfa101","?","nehfa101","?","gowdh101","kellg101","frisf101","grohh101","jackt101","meusi101","wilsh102","soutb101","","","","4/L","F","F",8,2,2,"T","T",0,"F","F",1,"F","F",0,"F","F",4,"L","F","F","",0,0,"N",0,"N",0,"N",0,0,0,0,"4","","","","F","F","F","F","F","F","F","F","F","","","","F","F","F","F","F","","","","",0,4,0,0,0,0,0,0,0,2,"NY1","SLN","NY1",0,"F","F",0,0,0,1,1,"T","F",0,0,"T","T","hornr101","bottj101","T","T",0,0,0,0,0,0,0,0,0,"","","",0,0,0,0,0,0,0,0,0,0,0,0,0,"frisf101","F","F","F","F",0,0,0,0,0,0,0,0,0,0,F,F,"1924NY1.EVN.regular.event.csv",2559
"NY1192407290","SLN",1,0,2,0,0,"",0,0,"hornr101","?","hornr101","?","nehfa101","?","nehfa101","?","gowdh101","kellg101","frisf101","grohh101","jackt101","meusi101","wilsh102","soutb101","","","","W","F","F",4,3,14,"T","F",0,"F","F",0,"F","F",0,"F","F",0,"","F","F","",0,0,"N",0,"N",0,"N",1,0,0,0,"","","","","F","F","F","F","F","F","F","F","F","","","","F","F","F","F","F","","","","",0,0,0,0,0,0,0,0,0,3,"NY1","SLN","NY1",0,"F","F",0,0,0,2,2,"T","F",0,1,"T","T","bottj101","bladr102","T","T",0,0,0,0,0,0,0,0,0,"","","",0,0,0,0,0,0,0,0,0,0,0,0,0,"","F","F","F","F",0,0,0,0,0,0,0,0,0,0,F,F,"1924NY1.EVN.regular.event.csv",2560
"NY1192407290","SLN",1,0,2,0,0,"",0,0,"bottj101","?","bottj101","?","nehfa101","?","nehfa101","?","gowdh101","kellg101","frisf101","grohh101","jackt101","meusi101","wilsh102","soutb101","hornr101","","","43","F","F",3,4,2,"T","T",0,"F","F",1,"F","F",0,"F","F",4,"G","F","F","",0,0,"N",0,"N",0,"N",0,1,0,0,"43","","","","F","F","F","F","F","F","F","F","F","nehfa101","","","F","F","F","F","F","","","","",0,3,0,0,4,0,0,0,0,4,"NY1","SLN","NY1",0,"F","T",0,0,0,3,3,"T","F",1,1,"T","T","bladr102","coonj103","T","T",4,3,3,0,0,0,0,0,0,"gowdh101","","",0,0,0,0,0,0,0,0,0,0,0,0,0,"frisf101","F","F","F","F",0,0,0,0,0,0,0,0,0,0,F,F,"1924NY1.EVN.regular.event.csv",2561
"NY1192407290","SLN",1,1,0,0,0,"",0,0,"soutb101","?","soutb101","?","stuaj101","?","stuaj101","?","gonzm101","bottj101","hornr101","freih101","coonj103","bladr102","holmw101","smitj106","","","","S/4","T","F",9,1,20,"T","T",1,"F","F",0,"F","F",0,"F","F",0,"","F","F","4",0,0,"N",0,"N",0,"N",1,0,0,0,"","","","","F","F","F","F","F","F","F","F","F","","","","F","F","F","F","F","","","","",0,0,0,0,0,0,0,0,0,5,"NY1","NY1","SLN",1,"T","F",0,0,0,0,0,"T","F",0,1,"T","T","frisf101","wilsh102","T","T",0,0,0,0,0,0,0,0,0,"","","",0,0,0,0,0,0,0,0,0,0,0,0,0,"","F","F","F","F",0,0,0,0,0,0,0,0,0,0,F,F,"1924NY1.EVN.regular.event.csv",2562
"NY1192407290","SLN",1,1,0,0,0,"",0,0,"frisf101","?","frisf101","?","stuaj101","?","stuaj101","?","gonzm101","bottj101","hornr101","freih101","coonj103","bladr102","holmw101","smitj106","soutb101","","","64(1)/FO#","F","F",4,2,2,"T","T",0,"F","F",1,"F","F",0,"F","F",6,"G","F","F","",0,0,"N",0,"N",0,"N",1,0,0,0,"","64","","","F","F","F","F","F","F","F","F","F","stuaj101","","","F","F","F","F","F","","","","",0,4,0,0,6,0,0,0,0,6,"NY1","NY1","SLN",1,"F","F",0,0,0,1,1,"T","F",1,1,"T","T","wilsh102","meusi101","T","T",9,1,5,0,0,0,0,0,0,"gonzm101","","",0,0,0,0,0,0,0,0,0,0,0,0,0,"coonj103","T","F","F","F",0,0,0,0,0,0,0,0,0,0,F,T,"1924NY1.EVN.regular.event.csv",2563
"NY1192407290","SLN",1,1,1,0,0,"",0,0,"wilsh102","?","wilsh102","?","stuaj101","?","stuaj101","?","gonzm101","bottj101","hornr101","freih101","coonj103","bladr102","holmw101","smitj106","frisf101","","","6/P","F","F",8,3,2,"T","T",0,"F","F",1,"F","F",0,"F","F",6,"P","F","F","",0,0,"N",0,"N",0,"N",0,1,0,0,"6","","","","F","F","F","F","F","F","F","F","F","stuaj101","","","F","F","F","F","F","","","","",0,6,0,0,0,0,0,0,0,7,"NY1","NY1","SLN",1,"F","F",0,0,0,2,2,"T","F",1,1,"T","T","meusi101","kellg101","T","T",4,2,6,0,0,0,0,0,0,"gonzm101","","",0,0,0,0,0,0,0,0,0,0,0,0,0,"coonj103","F","F","F","F",0,0,0,0,0,0,0,0,0,0,F,F,"1924NY1.EVN.regular.event.csv",2564
"NY1192407290","SLN",1,1,2,0,0,"",0,0,"meusi101","?","meusi101","?","stuaj101","?","stuaj101","?","gonzm101","bottj101","hornr101","freih101","coonj103","bladr102","holmw101","smitj106","frisf101","","","53","F","F",7,4,2,"T","T",0,"F","F",1,"F","F",0,"F","F",5,"G","F","F","",0,0,"N",0,"N",0,"N",0,1,0,0,"53","","","","F","F","F","F","F","F","F","F","F","stuaj101","","","F","F","F","F","F","","","","",0,3,0,0,5,0,0,0,0,8,"NY1","NY1","SLN",1,"F","T",0,0,0,3,3,"T","F",1,1,"T","T","kellg101","jackt101","T","T",4,2,6,0,0,0,0,0,0,"gonzm101","","",0,0,0,0,0,0,0,0,0,0,0,0,0,"freih101","F","F","F","F",0,0,0,0,0,0,0,0,0,0,F,F,"1924NY1.EVN.regular.event.csv",2565
"NY1192407290","SLN",2,0,0,0,0,"",0,0,"bladr102","?","bladr102","?","nehfa101","?","nehfa101","?","gowdh101","kellg101","frisf101","grohh101","jackt101","meusi101","wilsh102","soutb101","","","","S7/6","T","F",7,5,20,"T","T",1,"F","F",0,"F","F",0,"F","F",7,"","F","F","6",0,0,"N",0,"N",0,"N",1,0,0,0,"","","","","F","F","F","F","F","F","F","F","F","","","","F","F","F","F","F","","","","",0,0,0,0,0,0,0,0,0,9,"NY1","SLN","NY1",0,"T","F",0,0,0,4,0,"T","F",0,1,"T","T","coonj103","gonzm101","T","T",0,0,0,0,0,0,0,0,0,"","","",0,0,0,0,0,0,0,0,0,0,0,0,0,"meusi101","F","F","F","F",4,0,0,0,1,0,0,0,0,0,F,F,"1924NY1.EVN.regular.event.csv",2566
"NY1192407290","SLN",2,0,0,0,0,"",0,0,"coonj103","?","coonj103","?","nehfa101","?","nehfa101","?","gowdh101","kellg101","frisf101","grohh101","jackt101","meusi101","wilsh102","soutb101","bladr102","","","SB2","F","F",6,6,4,"F","F",0,"F","F",0,"F","F",0,"F","F",0,"","F","F","",0,0,"N",0,"N",0,"N",0,2,0,0,"","","","","T","F","F","F","F","F","F","F","F","nehfa101","","","F","F","F","F","F","","","","",0,0,0,0,0,0,0,0,0,10,"NY1","SLN","NY1",0,"F","F",0,0,0,5,1,"T","F",1,2,"T","T","gonzm101","freih101","T","T",7,5,9,0,0,0,0,0,0,"gowdh101","","",0,0,0,0,0,0,0,0,0,0,0,0,0,"","F","F","F","F",0,4,0,0,1,0,0,0,0,0,F,F,"1924NY1.EVN.regular.event.csv",2567
"NY1192407290","SLN",2,0,0,0,0,"",0,0,"coonj103","?","coonj103","?","nehfa101","?","nehfa101","?","gowdh101","kellg101","frisf101","grohh101","jackt101","meusi101","wilsh102","soutb101","","bladr102","","31/G3L.2-3","F","F",6,6,2,"T","T",0,"F","F",1,"F","F",0,"F","F",3,"G","F","F","3L",0,0,"N",0,"N",0,"N",0,0,3,0,"31","","","","F","F","F","F","F","F","F","F","F","","nehfa101","","F","F","F","F","F","","","","",0,1,0,0,3,0,0,0,0,11,"NY1","SLN","NY1",0,"F","F",0,0,0,5,1,"F","F",2,4,"T","T","gonzm101","freih101","T","T",0,0,0,7,5,9,0,0,0,"","gowdh101","",0,0,0,0,0,0,0,0,0,0,0,0,0,"kellg101","F","F","F","F",0,0,4,0,1,0,0,0,0,0,F,F,"1924NY1.EVN.regular.event.csv",2568
"NY1192407290","SLN",2,0,1,0,0,"",0,0,"gonzm101","?","gonzm101","?","nehfa101","?","nehfa101","?","gowdh101","kellg101","frisf101","grohh101","jackt101","meusi101","wilsh102","soutb101","","","bladr102","S7.3-H","F","F",2,7,20,"T","T",1,"F","F",0,"F","F",1,"F","F",7,"","F","F","",0,0,"N",0,"N",0,"N",1,0,0,4,"","","","","F","F","F","F","F","F","F","F","F","","","nehfa101","F","F","F","F","F","","","","",0,0,0,0,0,0,0,0,0,12,"NY1","SLN","NY1",0,"F","F",0,0,0,6,2,"T","F",4,1,"T","T","freih101","stuaj101","T","T",0,0,0,0,0,0,7,5,9,"","","gowdh101",0,0,0,0,0,0,0,0,0,0,0,0,1,"meusi101","F","F","F","F",0,0,0,4,0,0,0,0,0,0,F,F,"1924NY1.EVN.regular.event.csv",2569
"NY1192407290","SLN",2,0,1,0,0,"",1,0,"freih101","?","freih101","?","nehfa101","?","nehfa101","?","gowdh101","kellg101","frisf101","grohh101","jackt101","meusi101","wilsh102","soutb101","gonzm101","","","46(1)/FO","F","F",5,8,2,"T","T",0,"F","F",1,"F","F",0,"F","F",4,"G","F","F","",0,0,"N",0,"N",0,"N",1,0,0,0,"","46","","","F","F","F","F","F","F","F","F","F","nehfa101","","","F","F","F","F","F","","","","",0,6,0,0,4,0,0,0,0,13,"NY1","SLN","NY1",0,"F","F",1,0,1,7,3,"T","F",1,1,"T","T","stuaj101","smitj106","T","T",2,7,12,0,0,0,0,0,0,"gowdh101","","",0,0,0,0,0,0,0,0,0,0,0,0,0,"frisf101","T","F","F","F",0,0,0,0,0,0,0,0,0,0,F,F,"1924NY1.EVN.regular.event.csv",2570
"NY1192407290","SLN",2,0,2,0,0,"",1,0,"stuaj101","?","stuaj101","?","nehfa101","?","nehfa101","?","gowdh101","kellg101","frisf101","grohh101","jackt101","meusi101","wilsh102","soutb101","freih101","","","4/P","F","F",1,9,2,"T","T",0,"F","F",1,"F","F",0,"F","F",4,"P","F","F","",0,0,"N",0,"N",0,"N",0,1,0,0,"4","","","","F","F","F","F","F","F","F","F","F","nehfa101","","","F","F","F","F","F","","","","",0,4,0,0,0,0,0,0,0,14,"NY1","SLN","NY1",0,"F","T",1,0,1,8,4,"T","F",1,1,"T","T","smitj106","holmw101","T","T",5,8,13,0,0,0,0,0,0,"gowdh101","","",0,0,0,0,0,0,0,0,0,0,0,0,0,"frisf101","F","F","F","F",0,0,0,0,0,0,0,0,0,0,F,F,"1924NY1.EVN.regular.event.csv",2571
"NY1192407290","SLN",2,1,0,0,0,"",1,0,"kellg101","?","kellg101","?","stuaj101","?","stuaj101","?","gonzm101","bottj101","hornr101","freih101","coonj103","bladr102","holmw101","smitj106","","","","K","T","F",3,5,3,"T","T",0,"F","F",1,"F","F",0,"F","F",0,"","F","F","",0,0,"N",0,"N",0,"N",0,0,0,0,"2","","","","F","F","F","F","F","F","F","F","F","","","","F","F","F","F","F","","","","",0,2,0,0,0,0,0,0,0,15,"NY1","NY1","SLN",1,"T","F",0,1,0,4,0,"T","F",0,0,"T","T","jackt101","grohh101","T","T",0,0,0,0,0,0,0,0,0,"","","",0,0,0,0,0,0,0,0,0,0,0,0,0,"","F","F","F","F",0,0,0,0,0,0,0,0,0,0,F,F,"1924NY1.EVN.regular.event.csv",2572
"NY1192407290","SLN",2,1,1,0,0,"",1,0,"jackt101","?","jackt101","?","stuaj101","?","stuaj101","?","gonzm101","bottj101","hornr101","freih101","coonj103","bladr102","holmw101","smitj106","","","","K","F","F",6,6,3,"T","T",0,"F","F",1,"F","F",0,"F","F",0,"","F","F","",0,0,"N",0,"N",0,"N",0,0,0,0,"2","","","","F","F","F","F","F","F","F","F","F","","","","F","F","F","F","F","","","","",0,2,0,0,0,0,0,0,0,16,"NY1","NY1","SLN",1,"F","F",0,1,0,5,1,"T","F",0,0,"T","T","grohh101","gowdh101","T","T",0,0,0,0,0,0,0,0,0,"","","",0,0,0,0,0,0,0,0,0,0,0,0,0,"","F","F","F","F",0,0,0,0,0,0,0,0,0,0,F,F,"1924NY1.EVN.regular.event.csv",2573
"NY1192407290","SLN",2,1,2,0,0,"",1,0,"grohh101","?","grohh101","?","stuaj101","?","stuaj101","?","gonzm101","bottj101","hornr101","freih101","coonj103","bladr102","holmw101","smitj106","","","","S/4","F","F",5,7,20,"T","T",1,"F","F",0,"F","F",0,"F","F",0,"","F","F","4",0,0,"N",0,"N",0,"N",1,0,0,0,"","","","","F","F","F","F","F","F","F","F","F","","","","F","F","F","F","F","","","","",0,0,0,0,0,0,0,0,0,17,"NY1","NY1","SLN",1,"F","F",0,1,0,6,2,"T","F",0,1,"T","T","gowdh101","nehfa101","T","T",0,0,0,0,0,0,0,0,0,"","","",0,0,0,0,0,0,0,0,0,0,0,0,0,"","F","F","F","F",0,0,0,0,0,0,0,0,0,0,F,F,"1924NY1.EVN.regular.event.csv",2574
"NY1192407290","SLN",2,1,2,0,0,"",1,0,"gowdh101","?","gowdh101","?","stuaj101","?","stuaj101","?","gonzm101","bottj101","hornr101","freih101","coonj103","bladr102","holmw101","smitj106","grohh101","","","S5/G.1-2","F","F",2,8,20,"T","T",1,"F","F",0,"F","F",0,"F","F",5,"G","F","F","",0,0,"N",0,"N",0,"N",1,2,0,0,"","","","","F","F","F","F","F","F","F","F","F","stuaj101","","","F","F","F","F","F","","","","",0,0,0,0,0,0,0,0,0,18,"NY1","NY1","SLN",1,"F","F",0,1,0,7,3,"T","F",1,3,"T","T","nehfa101","soutb101","T","T",5,7,17,0,0,0,0,0,0,"gonzm101","","",0,0,0,0,0,0,0,0,0,0,0,0,0,"freih101","F","F","F","F",0,0,0,0,0,0,0,0,0,0,F,F,"1924NY1.EVN.regular.event.csv",2575
"NY1192407290","SLN",2,1,2,0,0,"",1,0,"nehfa101","?","nehfa101","?","stuaj101","?","stuaj101","?","gonzm101","bottj101","hornr101","freih101","coonj103","bladr102","holmw101","smitj106","gowdh101","grohh101","","W.2-3;1-2","F","F",1,9,14,"T","F",0,"F","F",0,"F","F",0,"F","F",0,"","F","F","",0,0,"N",0,"N",0,"N",1,2,3,0,"","","","","F","F","F","F","F","F","F","F","F","stuaj101","stuaj101","","F","F","F","F","F","","","","",0,0,0,0,0,0,0,0,0,19,"NY1","NY1","SLN",1,"F","F",0,1,0,8,4,"T","F",3,7,"T","T","soutb101","frisf101","T","T",2,8,18,5,7,17,0,0,0,"gonzm101","gonzm101","",0,0,0,0,0,0,0,0,0,0,0,0,0,"","F","F","F","F",0,0,0,0,0,0,0,0,0,0,F,F,"1924NY1.EVN.regular.event.csv",2576
"NY1192407290","SLN",2,1,2,0,0,"",1,0,"soutb101","?","soutb101","?","stuaj101","?","stuaj101","?","gonzm101","bottj101","hornr101","freih101","coonj103","bladr102","holmw101","smitj106","nehfa101","gowdh101","grohh101","9/F","F","F",9,1,2,"T","T",0,"F","F",1,"F","F",0,"F","F",9,"F","F","F","",0,0,"N",0,"N",0,"N",0,1,2,3,"9","","","","F","F","F","F","F","F","F","F","F","stuaj101","stuaj101","stuaj101","F","F","F","F","F","","","","",0,9,0,0,0,0,0,0,0,20,"NY1","NY1","SLN",1,"F","T",0,1,0,9,5,"T","F",7,7,"T","T","frisf101","wilsh102","T","T",1,9,19,2,8,18,5,7,17,"gonzm101","gonzm101","gonzm101",0,0,0,0,0,0,0,0,0,0,0,0,0,"smitj106","F","F","F","F",0,0,0,0,0,0,0,0,0,0,F,F,"1924NY1.EVN.regular.event.csv",2577
"NY1192407290","SLN",3,0,0,0,0,"",1,0,"smitj106","?","smitj106","?","nehfa101","?","nehfa101","?","gowdh101","kellg101","frisf101","grohh101","jackt101","meusi101","wilsh102","soutb101","","","","S6/G","T","F",9,1,20,"T","T",1,"F","F",0,"F","F",0,"F","F",6,"G","F","F","",0,0,"N",0,"N",0,"N",1,0,0,0,"","","","","F","F","F","F","F","F","F","F","F","","","","F","F","F","F","F","","","","",0,0,0,0,0,0,0,0,0,21,"NY1","SLN","NY1",0,"T","F",1,0,0,9,0,"T","F",0,1,"T","T","holmw101","hornr101","T","T",0,0,0,0,0,0,0,0,0,"","","",0,0,0,0,0,0,0,0,0,0,0,0,0,"jackt101","F","F","F","F",0,0,0,0,0,0,0,0,0,0,F,F,"1924NY1.EVN.regular.event.csv",2578
"NY1192407290","SLN",3,0,0,0,0,"",1,0,"holmw101","?","holmw101","?","nehfa101","?","nehfa101","?","gowdh101","kellg101","frisf101","grohh101","jackt101","meusi101","wilsh102","soutb101","smitj106","","","8/F","F","F",8,2,2,"T","T",0,"F","F",1,"F","F",0,"F","F",8,"F","F","F","",0,0,"N",0,"N",0,"N",0,1,0,0,"8","","","","F","F","F","F","F","F","F","F","F","nehfa101","","","F","F","F","F","F","","","","",0,8,0,0,0,0,0,0,0,22,"NY1","SLN","NY1",0,"F","F",1,0,0,10,1,"T","F",1,1,"T","T","hornr101","bottj101","T","T",9,1,21,0,0,0,0,0,0,"gowdh101","","",0,0,0,0,0,0,0,0,0,0,0,0,0,"wilsh102","F","F","F","F",0,0,0,0,0,0,0,0,0,0,F,F,"1924NY1.EVN.regular.event.csv",2579
"NY1192407290","SLN",3,0,1,0,0,"",1,0,"hornr101","?","hornr101","?","nehfa101","?","nehfa101","?","gowdh101","kellg101","frisf101","grohh101","jackt101","meusi101","wilsh102","soutb101","smitj106","","","8/F","F","F",4,3,2,"T","T",0,"F","F",1,"F","F",0,"F","F",8,"F","F","F","",0,0,"N",0,"N",0,"N",0,1,0,0,"8","","","","F","F","F","F","F","F","F","F","F","nehfa101","","","F","F","F","F","F","","","","",0,8,0,0,0,0,0,0,0,23,"NY1","SLN","NY1",0,"F","F",1,0,0,11,2,"T","F",1,1,"T","T","bottj101","bladr102","T","T",9,1,21,0,0,0,0,0,0,"gowdh101","","",0,0,0,0,0,0,0,0,0,0,0,0,0,"wilsh102","F","F","F","F",0,0,0,0,0,0,0,0,0,0,F,F,"1924NY1.EVN.regular.event.csv",2580
"NY1192407290","SLN",3,0,2,0,0,"",1,0,"bottj101","?","bottj101","?","nehfa101","?","nehfa101","?","gowdh101","kellg101","frisf101","grohh101","jackt101","meusi101","wilsh102","soutb101","smitj106","","","CS2(24)","F","F",3,4,6,"F","F",0,"F","F",1,"F","F",0,"F","F",0,"","F","F","",0,0,"N",0,"N",0,"N",0,0,0,0,"","24","","","F","F","F","T","F","F","F","F","F","nehfa101","","","F","F","F","F","F","","","","",0,4,0,0,2,0,0,0,0,24,"NY1","SLN","NY1",0,"F","T",1,0,0,12,3,"T","T",1,0,"T","T","bladr102","coonj103","T","T",9,1,21,0,0,0,0,0,0,"gowdh101","","",0,0,0,0,0,0,0,0,0,0,0,0,0,"","F","F","F","F",0,0,0,0,0,0,0,0,0,0,F,F,"1924NY1.EVN.regular.event.csv",2581
"NY1192407290","SLN",3,1,0,0,0,"",1,0,"frisf101","?","frisf101","?","stuaj101","?","stuaj101","?","gonzm101","bottj101","hornr101","freih101","coonj103","bladr102","holmw101","smitj106","","","","W","T","F",4,2,14,"T","F",0,"F","F",0,"F","F",0,"F","F",0,"","F","F","",0,0,"N",0,"N",0,"N",1,0,0,0,"","","","","F","F","F","F","F","F","F","F","F","","","","F","F","F","F","F","","","","",0,0,0,0,0,0,0,0,0,25,"NY1","NY1","SLN",1,"T","F",0,1,0,10,0,"T","F",0,1,"T","T","wilsh102","meusi101","T","T",0,0,0,0,0,0,0,0,0,"","","",0,0,0,0,0,0,0,0,0,0,0,0,0,"","F","F","F","F",4,0,0,0,1,0,0,0,0,0,F,F,"1924NY1.EVN.regular.event.csv",2582
"NY1192407290","SLN",3,1,0,0,0,"",1,0,"wilsh102","?","wilsh102","?","stuaj101","?","stuaj101","?","gonzm101","bottj101","hornr101","freih101","coonj103","bladr102","holmw101","smitj106","frisf101","","","9/F","F","F",8,3,2,"T","T",0,"F","F",1,"F","F",0,"F","F",9,"F","F","F","",0,0,"N",0,"N",0,"N",0,1,0,0,"9","","","","F","F","F","F","F","F","F","F","F","stuaj101","","","F","F","F","F","F","","","","",0,9,0,0,0,0,0,0,0,26,"NY1","NY1","SLN",1,"F","F",0,1,0,11,1,"T","F",1,1,"T","T","meusi101","kellg101","T","T",4,2,25,0,0,0,0,0,0,"gonzm101","","",0,0,0,0,0,0,0,0,0,0,0,0,0,"smitj106","F","F","F","F",0,4,0,0,1,0,0,0,0,0,F,F,"1924NY1.EVN.regular.event.csv",2583
"NY1192407290","SLN",3,1,1,0,0,"",1,0,"meusi101","?","meusi101","?","stuaj101","?","stuaj101","?","gonzm101","bottj101","hornr101","freih101","coonj103","bladr102","holmw101","smitj106","frisf101","","","53.1-2","F","F",7,4,2,"T","T",0,"F","F",1,"F","F",0,"F","F",5,"G","F","F","",0,0,"N",0,"N",0,"N",0,2,0,0,"53","","","","F","F","F","F","F","F","F","F","F","stuaj101","","","F","F","F","F","F","","","","",0,3,0,0,5,0,0,0,0,27,"NY1","NY1","SLN",1,"F","F",0,1,0,12,2,"T","F",1,2,"T","T","kellg101","jackt101","T","T",4,2,25,0,0,0,0,0,0,"gonzm101","","",0,0,0,0,0,0,0,0,0,0,0,0,0,"freih101","F","F","F","F",0,4,0,0,1,0,0,0,0,0,F,F,"1924NY1.EVN.regular.event.csv",2584
"NY1192407290","SLN",3,1,2,0,0,"",1,0,"kellg101","?","kellg101","?","stuaj101","?","stuaj101","?","gonzm101","bottj101","hornr101","freih101","coonj103","bladr102","holmw101","smitj106","","frisf101","","D7.2-H","F","F",3,5,21,"T","T",2,"F","F",0,"F","F",1,"F","F",7,"","F","F","",0,0,"N",0,"N",0,"N",2,0,4,0,"","","","","F","F","F","F","F","F","F","F","F","","stuaj101","","F","F","F","F","F","","","","",0,0,0,0,0,0,0,0,0,28,"NY1","NY1","SLN",1,"F","F",0,1,0,13,3,"T","F",2,2,"T","T","jackt101","grohh101","T","T",0,0,0,4,2,25,0,0,0,"","gonzm101","",0,0,0,0,0,0,0,0,0,0,0,0,1,"bladr102","F","F","F","F",0,0,4,0,0,0,0,0,0,0,F,F,"1924NY1.EVN.regular.event.csv",2585
"NY1192407290","SLN",3,1,2,0,0,"",1,1,"jackt101","?","jackt101","?","stuaj101","?","stuaj101","?","gonzm101","bottj101","hornr101","freih101","coonj103","bladr102","holmw101","smitj106","","kellg101","","9/F","F","F",6,6,2,"T","T",0,"F","F",1,"F","F",0,"F","F",9,"F","F","F","",0,0,"N",0,"N",0,"N",0,0,2,0,"9","","","","F","F","F","F","F","F","F","F","F","","stuaj101","","F","F","F","F","F","","","","",0,9,0,0,0,0,0,0,0,29,"NY1","NY1","SLN",1,"F","T",1,1,1,14,4,"T","F",2,2,"T","T","grohh101","gowdh101","T","T",0,0,0,3,5,28,0,0,0,"","gonzm101","",0,0,0,0,0,0,0,0,0,0,0,0,0,"smitj106","F","F","F","F",0,0,0,0,0,0,0,0,0,0,F,F,"1924NY1.EVN.regular.event.csv",2586
"NY1192407290","SLN",4,0,0,0,0,"",1,1,"bottj101","?","bottj101","?","nehfa101","?","nehfa101","?","gowdh101","kellg101","frisf101","grohh101","jackt101","meusi101","wilsh102","soutb101","","","","K","T","F",3,4,3,"T","T",0,"F","F",1,"F","F",0,"F","F",0,"","F","F","",0,0,"N",0,"N",0,"N",0,0,0,0,"2","","","","F","F","F","F","F","F","F","F","F","","","","F","F","F","F","F","","","","",0,2,0,0,0,0,0,0,0,30,"NY1","SLN","NY1",0,"T","F",1,1,0,12,0,"T","F",0,0,"T","T","bladr102","coonj103","T","T",0,0,0,0,0,0,0,0,0,"","","",0,0,0,0,0,0,0,0,0,0,0,0,0,"","F","F","F","F",0,0,0,0,0,0,0,0,0,0,F,F,"1924NY1.EVN.regular.event.csv",2587
"NY1192407290","SLN",4,0,1,0,0,"",1,1,"bladr102","?","bladr102","?","nehfa101","?","nehfa101","?","gowdh101","kellg101","frisf101","grohh101","jackt101","meusi101","wilsh102","soutb101","","","","S9/9S","F","F",7,5,20,"T","T",1,"F","F",0,"F","F",0,"F","F",9,"","F","F","9S",0,0,"N",0,"N",0,"N",1,0,0,0,"","","","","F","F","F","F","F","F","F","F","F","","","","F","F","F","F","F","","","","",0,0,0,0,0,0,0,0,0,31,"NY1","SLN","NY1",0,"F","F",1,1,0,13,1,"T","F",0,1,"T","T","coonj103","gonzm101","T","T",0,0,0,0,0,0,0,0,0,"","","",0,0,0,0,0,0,0,0,0,0,0,0,0,"soutb101","F","F","F","F",0,0,0,0,0,0,0,0,0,0,F,F,"1924NY1.EVN.regular.event.csv",2588
"NY1192407290","SLN",4,0,1,0,0,"",1,1,"coonj103","?","coonj103","?","nehfa101","?","nehfa101","?","gowdh101","kellg101","frisf101","grohh101","jackt101","meusi101","wilsh102","soutb101","bladr102","","","S5/BG.1-2","F","F",6,6,20,"T","T",1,"F","F",0,"F","F",0,"F","F",5,"G","T","F","",0,0,"N",0,"N",0,"N",1,2,0,0,"","","","","F","F","F","F","F","F","F","F","F","nehfa101","","","F","F","F","F","F","","","","",0,0,0,0,0,0,0,0,0,32,"NY1","SLN","NY1",0,"F","F",1,1,0,14,2,"T","F",1,3,"T","T","gonzm101","freih101","T","T",7,5,31,0,0,0,0,0,0,"gowdh101","","",0,0,0,0,0,0,0,0,0,0,0,0,0,"grohh101","F","F","F","F",0,0,0,0,0,0,0,0,0,0,F,F,"1924NY1.EVN.regular.event.csv",2589
"NY1192407290","SLN",4,0,1,0,0,"",1,1,"gonzm101","?","gonzm101","?","nehfa101","?","nehfa101","?","gowdh101","kellg101","frisf101","grohh101","jackt101","meusi101","wilsh102","soutb101","coonj103","bladr102","","CS2(24).2-3","F","F",2,7,6,"F","F",0,"F","F",1,"F","F",0,"F","F",0,"","F","F","",0,0,"N",0,"N",0,"N",0,0,3,0,"","24","","","F","F","F","T","F","F","F","F","F","nehfa101","nehfa101","","F","F","F","F","F","","","","",0,4,0,0,2,0,0,0,0,33,"NY1","SLN","NY1",0,"F","F",1,1,0,15,3,"T","F",3,4,"T","T","freih101","stuaj101","T","T",6,6,32,7,5,31,0,0,0,"gowdh101","gowdh101","",0,0,0,0,0,0,0,0,0,0,0,0,0,"","F","F","F","F",0,0,0,0,0,0,0,0,0,0,F,F,"1924NY1.EVN.regular.event.csv",2590
"NY1192407290","SLN",4,0,2,0,0,"",1,1,"gonzm101","?","gonzm101","?","nehfa101","?","nehfa101","?","gowdh101","kellg101","frisf101","grohh101","jackt101","meusi101","wilsh102","soutb101","","","bladr102","13","F","F",2,7,2,"T","T",0,"F","F",1,"F","F",0,"F","F",1,"G","F","F","",0,0,"N",0,"N",0,"N",0,0,0,3,"13","","","","F","F","F","F","F","F","F","F","F","","","nehfa101","F","F","F","F","F","","","","",0,3,0,0,1,0,0,0,0,34,"NY1","SLN","NY1",0,"F","T",1,1,0,15,3,"F","F",4,4,"T","T","freih101","stuaj101","T","T",0,0,0,0,0,0,7,5,31,"","","gowdh101",0,0,0,0,0,0,0,0,0,0,0,0,0,"nehfa101","F","F","F","F",0,0,0,0,0,0,0,0,0,0,F,F,"1924NY1.EVN.regular.event.csv",2591
"NY1192407290","SLN",4,1,0,0,0,"",1,1,"grohh101","?","grohh101","?","stuaj101","?","stuaj101","?","gonzm101","bottj101","hornr101","freih101","coonj103","bladr102","holmw101","smitj106","","","","9/F","T","F",5,7,2,"T","T",0,"F","F",1,"F","F",0,"F","F",9,"F","F","F","",0,0,"N",0,"N",0,"N",0,0,0,0,"9","","","","F","F","F","F","F","F","F","F","F","","","","F","F","F","F","F","","","","",0,9,0,0,0,0,0,0,0,35,"NY1","NY1","SLN",1,"T","F",1,1,0,15,0,"T","F",0,0,"T","T","gowdh101","nehfa101","T","T",0,0,0,0,0,0,0,0,0,"","","",0,0,0,0,0,0,0,0,0,0,0,0,0,"smitj106","F","F","F","F",0,0,0,0,1,0,0,0,0,0,F,F,"1924NY1.EVN.regular.event.csv",2592
"NY1192407290","SLN",4,1,1,0,0,"",1,1,"gowdh101","?","gowdh101","?","stuaj101","?","stuaj101","?","gonzm101","bottj101","hornr101","freih101","coonj103","bladr102","holmw101","smitj106","","","","63","F","F",2,8,2,"T","T",0,"F","F",1,"F","F",0,"F","F",6,"G","F","F","",0,0,"N",0,"N",0,"N",0,0,0,0,"63","","","","F","F","F","F","F","F","F","F","F","","","","F","F","F","F","F","","","","",0,3,0,0,6,0,0,0,0,36,"NY1","NY1","SLN",1,"F","F",1,1,0,16,1,"T","F",0,0,"T","T","nehfa101","soutb101","T","T",0,0,0,0,0,0,0,0,0,"","","",0,0,0,0,0,0,0,0,0,0,0,0,0,"coonj103","F","F","F","F",0,0,0,0,1,0,0,0,0,0,F,F,"1924NY1.EVN.regular.event.csv",2593
"NY1192407290","SLN",4,1,2,0,0,"",1,1,"nehfa101","?","nehfa101","?","stuaj101","?","stuaj101","?","gonzm101","bottj101","hornr101","freih101","coonj103","bladr102","holmw101","smitj106","","","","HR/F9D","F","F",1,9,23,"T","T",4,"F","F",0,"F","F",1,"F","F",0,"F","F","F","9D",0,0,"N",0,"N",0,"N",4,0,0,0,"","","","","F","F","F","F","F","F","F","F","F","","","","F","F","F","F","F","","","","",0,0,0,0,0,0,0,0,0,37,"NY1","NY1","SLN",1,"F","F",1,1,0,17,2,"T","F",0,0,"T","T","soutb101","frisf101","T","T",0,0,0,0,0,0,0,0,0,"","","",0,0,0,0,0,0,0,0,0,0,0,0,1,"","F","F","F","F",4,0,0,0,0,0,0,0,0,0,F,F,"1924NY1.EVN.regular.event.csv",2594
"NY1192407290","SLN",4,1,2,0,0,"",1,2,"soutb101","?","soutb101","?","stuaj101","?","stuaj101","?","gonzm101","bottj101","hornr101","freih101","coonj103","bladr102","holmw101","smitj106","","","","31","F","F",9,1,2,"T","T",0,"F","F",1,"F","F",0,"F","F",3,"G","F","F","",0,0,"N",0,"N",0,"N",0,0,0,0,"31","","","","F","F","F","F","F","F","F","F","F","","","","F","F","F","F","F","","","","",0,1,0,0,3,0,0,0,0,38,"NY1","NY1","SLN",1,"F","T",2,1,1,18,3,"T","F",0,0,"T","T","frisf101","wilsh102","T","T",0,0,0,0,0,0,0,0,0,"","","",0,0,0,0,0,0,0,0,0,0,0,0,0,"bottj101","F","F","F","F",0,0,0,0,0,0,0,0,0,0,F,F,"1924NY1.EVN.regular.event.csv",2595
"NY1192407290","SLN",5,0,0,0,0,"",1,2,"freih101","?","freih101","?","nehfa101","?","nehfa101","?","gowdh101","kellg101","frisf101","grohh101","jackt101","meusi101","wilsh102","soutb101","","","","S8/8S","T","F",5,8,20,"T","T",1,"F","F",0,"F","F",0,"F","F",8,"","F","F","8S",0,0,"N",0,"N",0,"N",1,0,0,0,"","","","","F","F","F","F","F","F","F","F","F","","","","F","F","F","F","F","","","","",0,0,0,0,0,0,0,0,0,39,"NY1","SLN","NY1",0,"T","F",1,2,0,16,0,"T","F",0,1,"T","T","stuaj101","smitj106","T","T",0,0,0,0,0,0,0,0,0,"","","",0,0,0,0,0,0,0,0,0,0,0,0,0,"wilsh102","F","F","F","F",0,0,0,0,0,0,0,0,0,0,F,F,"1924NY1.EVN.regular.event.csv",2596
"NY1192407290","SLN",5,0,0,0,0,"",1,2,"stuaj101","?","stuaj101","?","nehfa101","?","nehfa101","?","gowdh101","kellg101","frisf101","grohh101","jackt101","meusi101","wilsh102","soutb101","freih101","","","5/FL","F","F",1,9,2,"T","T",0,"F","F",1,"F","F",0,"F","F",5,"F","F","T","",0,0,"N",0,"N",0,"N",0,1,0,0,"5","","","","F","F","F","F","F","F","F","F","F","nehfa101","","","F","F","F","F","F","","","","",0,5,0,0,0,0,0,0,0,40,"NY1","SLN","NY1",0,"F","F",1,2,0,17,1,"T","F",1,1,"T","T","smitj106","holmw101","T","T",5,8,39,0,0,0,0,0,0,"gowdh101","","",0,0,0,0,0,0,0,0,0,0,0,0,0,"grohh101","F","F","F","F",0,0,0,0,0,0,0,0,0,0,F,F,"1924NY1.EVN.regular.event.csv",2597
"NY1192407290","SLN",5,0,1,0,0,"",1,2,"smitj106","?","smitj106","?","nehfa101","?","nehfa101","?","gowdh101","kellg101","frisf101","grohh101","jackt101","meusi101","wilsh102","soutb101","freih101","","","PO1(23)","F","F",9,1,8,"F","F",0,"F","F",1,"F","F",0,"F","F",0,"","F","F","",0,0,"N",0,"N",0,"N",0,0,0,0,"","23","","","F","F","F","F","F","F","T","F","F","nehfa101","","","F","F","F","F","F","","","","",0,3,0,0,2,0,0,0,0,41,"NY1","SLN","NY1",0,"F","F",1,2,0,18,2,"T","F",1,0,"T","T","holmw101","hornr101","T","T",5,8,39,0,0,0,0,0,0,"gowdh101","","",0,0,0,0,0,0,0,0,0,0,0,0,0,"","F","F","F","F",0,0,0,0,0,0,0,0,0,0,F,F,"1924NY1.EVN.regular.event.csv",2598
"NY1192407290","SLN",5,0,2,0,0,"",1,2,"smitj106","?","smitj106","?","nehfa101","?","nehfa101","?","gowdh101","kellg101","frisf101","grohh101","jackt101","meusi101","wilsh102","soutb101","","","","2","F","F",9,1,2,"T","T",0,"F","F",1,"F","F",0,"F","F",2,"F","F","F","",0,0,"N",0,"N",0,"N",0,0,0,0,"2","","","","F","F","F","F","F","F","F","F","F","","","","F","F","F","F","F","","","","",0,2,0,0,0,0,0,0,0,42,"NY1","SLN","NY1",0,"F","T",1,2,0,18,2,"F","F",0,0,"T","T","holmw101","hornr101","T","T",0,0,0,0,0,0,0,0,0,"","","",0,0,0,0,0,0,0,0,0,0,0,0,0,"gowdh101","F","F","F","F",0,0,0,0,0,0,0,0,0,0,F,F,"1924NY1.EVN.regular.event.csv",2599
"NY1192407290","SLN",5,1,0,0,0,"",1,2,"frisf101","?","frisf101","?","stuaj101","?","stuaj101","?","gonzm101","bottj101","hornr101","freih101","coonj103","bladr102","holmw101","smitj106","","","","T7","T","F",4,2,22,"T","T",3,"F","F",0,"F","F",0,"F","F",7,"","F","F","",0,0,"N",0,"N",0,"N",3,0,0,0,"","","","","F","F","F","F","F","F","F","F","F","","","","F","F","F","F","F","","","","",0,0,0,0,0,0,0,0,0,43,"NY1","NY1","SLN",1,"T","F",2,1,0,19,0,"T","F",0,4,"T","T","wilsh102","meusi101","T","T",0,0,0,0,0,0,0,0,0,"","","",0,0,0,0,0,0,0,0,0,0,0,0,0,"bladr102","F","F","F","F",4,0,0,0,1,0,0,0,0,0,F,F,"1924NY1.EVN.regular.event.csv",2600
"NY1192407290","SLN",5,1,0,0,0,"",1,2,"wilsh102","?","wilsh102","?","stuaj101","?","stuaj101","?","gonzm101","bottj101","hornr101","freih101","coonj103","bladr102","holmw101","smitj106","","","frisf101","W","F","F",8,3,14,"T","F",0,"F","F",0,"F","F",0,"F","F",0,"","F","F","",0,0,"N",0,"N",0,"N",1,0,0,3,"","","","","F","F","F","F","F","F","F","F","F","","","stuaj101","F","F","F","F","F","","","","",0,0,0,0,0,0,0,0,0,44,"NY1","NY1","SLN",1,"F","F",2,1,0,20,1,"T","F",4,5,"T","T","meusi101","kellg101","T","T",0,0,0,0,0,0,4,2,43,"","","gonzm101",0,0,0,0,0,0,0,0,0,0,0,0,0,"","F","F","F","F",0,0,0,4,1,0,0,0,0,0,F,F,"1924NY1.EVN.regular.event.csv",2601
"NY1192407290","SLN",5,1,0,0,0,"",1,2,"meusi101","?","meusi101","?","stuaj101","?","stuaj101","?","gonzm101","bottj101","hornr101","freih101","coonj103","bladr102","holmw101","smitj106","wilsh102","","frisf101","64(1)/FO/G56.3-H","F","F",7,4,2,"T","T",0,"F","F",1,"F","F",1,"F","F",6,"G","F","F","56",0,0,"N",0,"N",0,"N",1,0,0,4,"","64","","","F","F","F","F","F","F","F","F","F","stuaj101","","stuaj101","F","F","F","F","F","","","","",0,4,0,0,6,0,0,0,0,45,"NY1","NY1","SLN",1,"F","F",2,1,0,21,2,"T","F",5,1,"T","T","kellg101","jackt101","T","T",8,3,44,0,0,0,4,2,43,"gonzm101","","gonzm101",0,0,0,0,0,0,0,0,0,0,0,0,1,"coonj103","T","F","F","F",0,0,0,4,0,0,0,0,0,0,F,F,"1924NY1.EVN.regular.event.csv",2602
"NY1192407290","SLN",5,1,1,0,0,"",1,3,"kellg101","?","kellg101","?","stuaj101","?","stuaj101","?","gonzm101","bottj101","hornr101","freih101","coonj103","bladr102","holmw101","smitj106","meusi101","","","8/L","F","F",3,5,2,"T","T",0,"F","F",1,"F","F",0,"F","F",8,"L","F","F","",0,0,"N",0,"N",0,"N",0,1,0,0,"8","","","","F","F","F","F","F","F","F","F","F","stuaj101","","","F","F","F","F","F","","","","",0,8,0,0,0,0,0,0,0,46,"NY1","NY1","SLN",1,"F","F",3,1,1,22,3,"T","F",1,1,"T","T","jackt101","grohh101","T","T",7,4,45,0,0,0,0,0,0,"gonzm101","","",0,0,0,0,0,0,0,0,0,0,0,0,0,"holmw101","F","F","F","F",0,0,0,0,0,0,0,0,0,0,F,F,"1924NY1.EVN.regular.event.csv",2603
"NY1192407290","SLN",5,1,2,0,0,"",1,3,"jackt101","?","jackt101","?","stuaj101","?","stuaj101","?","gonzm101","bottj101","hornr101","freih101","coonj103","bladr102","holmw101","smitj106","meusi101","","","5/FL","F","F",6,6,2,"T","T",0,"F","F",1,"F","F",0,"F","F",5,"F","F","T","",0,0,"N",0,"N",0,"N",0,1,0,0,"5","","","","F","F","F","F","F","F","F","F","F","stuaj101","","","F","F","F","F","F","","","","",0,5,0,0,0,0,0,0,0,47,"NY1","NY1","SLN",1,"F","T",3,1,1,23,4,"T","F",1,1,"T","T","grohh101","gowdh101","T","T",7,4,45,0,0,0,0,0,0,"gonzm101","","",0,0,0,0,0,0,0,0,0,0,0,0,0,"freih101","F","F","F","F",0,0,0,0,0,0,0,0,0,0,F,F,"1924NY1.EVN.regular.event.csv",2604
"NY1192407290","SLN",6,0,0,0,0,"",1,3,"holmw101","?","holmw101","?","nehfa101","?","nehfa101","?","gowdh101","kellg101","frisf101","grohh101","jackt101","meusi101","wilsh102","soutb101","","","","4/P","T","F",8,2,2,"T","T",0,"F","F",1,"F","F",0,"F","F",4,"P","F","F","",0,0,"N",0,"N",0,"N",0,0,0,0,"4","","","","F","F","F","F","F","F","F","F","F","","","","F","F","F","F","F","","","","",0,4,0,0,0,0,0,0,0,48,"NY1","SLN","NY1",0,"T","F",1,3,0,19,0,"T","F",0,0,"T","T","hornr101","bottj101","T","T",0,0,0,0,0,0,0,0,0,"","","",0,0,0,0,0,0,0,0,0,0,0,0,0,"frisf101","F","F","F","F",0,0,0,0,0,0,0,0,0,0,F,F,"1924NY1.EVN.regular.event.csv",2605
"NY1192407290","SLN",6,0,1,0,0,"",1,3,"hornr101","?","hornr101","?","nehfa101","?","nehfa101","?","gowdh101","kellg101","frisf101","grohh101","jackt101","meusi101","wilsh102","soutb101","","","","43","F","F",4,3,2,"T","T",0,"F","F",1,"F","F",0,"F","F",4,"G","F","F","",0,0,"N",0,"N",0,"N",0,0,0,0,"43","","","","F","F","F","F","F","F","F","F","F","","","","F","F","F","F","F","","","","",0,3,0,0,4,0,0,0,0,49,"NY1","SLN","NY1",0,"F","F",1,3,0,20,1,"T","F",0,0,"T","T","bottj101","bladr102","T","T",0,0,0,0,0,0,0,0,0,"","","",0,0,0,0,0,0,0,0,0,0,0,0,0,"frisf101","F","F","F","F",0,0,0,0,0,0,0,0,0,0,F,F,"1924NY1.EVN.regular.event.csv",2606
"NY1192407290","SLN",6,0,2,0,0,"",1,3,"bottj101","?","bottj101","?","nehfa101","?","nehfa101","?","gowdh101","kellg101","frisf101","grohh101","jackt101","meusi101","wilsh102","soutb101","","","","HP","F","F",3,4,16,"T","F",0,"F","F",0,"F","F",0,"F","F",0,"","F","F","",0,0,"N",0,"N",0,"N",1,0,0,0,"","","","","F","F","F","F","F","F","F","F","F","","","","F","F","F","F","F","","","","",0,0,0,0,0,0,0,0,0,50,"NY1","SLN","NY1",0,"F","F",1,3,0,21,2,"T","F",0,1,"T","T","bladr102","coonj103","T","T",0,0,0,0,0,0,0,0,0,"","","",0,0,0,0,0,0,0,0,0,0,0,0,0,"","F","F","F","F",0,0,0,0,0,0,0,0,0,0,F,F,"1924NY1.EVN.regular.event.csv",2607
"NY1192407290","SLN",6,0,2,0,0,"",1,3,"bladr102","?","bladr102","?","nehfa101","?","nehfa101","?","gowdh101","kellg101","frisf101","grohh101","jackt101","meusi101","wilsh102","soutb101","bottj101","","","S7.1-3","F","F",7,5,20,"T","T",1,"F","F",0,"F","F",0,"F","F",7,"","F","F","",0,0,"N",0,"N",0,"N",1,3,0,0,"","","","","F","F","F","F","F","F","F","F","F","nehfa101","","","F","F","F","F","F","","","","",0,0,0,0,0,0,0,0,0,51,"NY1","SLN","NY1",0,"F","F",1,3,0,22,3,"T","F",1,5,"T","T","coonj103","gonzm101","T","T",3,4,50,0,0,0,0,0,0,"gowdh101","","",0,0,0,0,0,0,0,0,0,0,0,0,0,"meusi101","F","F","F","F",0,0,0,0,0,0,0,0,0,0,F,F,"1924NY1.EVN.regular.event.csv",2608
"NY1192407290","SLN",6,0,2,0,0,"",1,3,"coonj103","?","coonj103","?","nehfa101","?","nehfa101","?","gowdh101","kellg101","frisf101","grohh101","jackt101","meusi101","wilsh102","soutb101","bladr102","","bottj101","3/FL","F","F",6,6,2,"T","T",0,"F","F",1,"F","F",0,"F","F",3,"F","F","T","",0,0,"N",0,"N",0,"N",0,1,0,3,"3","","","","F","F","F","F","F","F","F","F","F","nehfa101","","nehfa101","F","F","F","F","F","","","","",0,3,0,0,0,0,0,0,0,52,"NY1","SLN","NY1",0,"F","T",1,3,0,23,4,"T","F",5,5,"T","T","gonzm101","freih101","T","T",7,5,51,0,0,0,3,4,50,"gowdh101","","gowdh101",0,0,0,0,0,0,0,0,0,0,0,0,0,"kellg101","F","F","F","F",0,0,0,0,0,0,0,0,0,0,F,F,"1924NY1.EVN.regular.event.csv",2609
"NY1192407290","SLN",6,1,0,0,0,"",1,3,"grohh101","?","grohh101","?","stuaj101","?","stuaj101","?","gonzm101","bottj101","hornr101","freih101","coonj103","bladr102","holmw101","smitj106","","","","6/P","T","F",5,7,2,"T","T",0,"F","F",1,"F","F",0,"F","F",6,"P","F","F","",0,0,"N",0,"N",0,"N",0,0,0,0,"6","","","","F","F","F","F","F","F","F","F","F","","","","F","F","F","F","F","","","","",0,6,0,0,0,0,0,0,0,53,"NY1","NY1","SLN",1,"T","F",3,1,0,24,0,"T","F",0,0,"T","T","gowdh101","nehfa101","T","T",0,0,0,0,0,0,0,0,0,"","","",0,0,0,0,0,0,0,0,0,0,0,0,0,"coonj103","F","F","F","F",0,0,0,0,2,0,0,0,0,0,F,F,"1924NY1.EVN.regular.event.csv",2610
"NY1192407290","SLN",6,1,1,0,0,"",1,3,"gowdh101","?","gowdh101","?","stuaj101","?","stuaj101","?","gonzm101","bottj101","hornr101","freih101","coonj103","bladr102","holmw101","smitj106","","","","D9/9DW","F","F",2,8,21,"T","T",2,"F","F",0,"F","F",0,"F","F",9,"","F","F","9DW",0,0,"N",0,"N",0,"N",2,0,0,0,"","","","","F","F","F","F","F","F","F","F","F","","","","F","F","F","F","F","","","","",0,0,0,0,0,0,0,0,0,54,"NY1","NY1","SLN",1,"F","F",3,1,0,25,1,"T","F",0,2,"T","T","nehfa101","soutb101","T","T",0,0,0,0,0,0,0,0,0,"","","",0,0,0,0,0,0,0,0,0,0,0,0,0,"smitj106","F","F","F","F",4,0,0,0,2,0,0,0,0,0,F,F,"1924NY1.EVN.regular.event.csv",2611
"NY1192407290","SLN",6,1,1,0,0,"",1,3,"nehfa101","?","nehfa101","?","stuaj101","?","stuaj101","?","gonzm101","bottj101","hornr101","freih101","coonj103","bladr102","holmw101","smitj106","","gowdh101","","HR/F9D.2-H","F","F",1,9,23,"T","T",4,"F","F",0,"F","F",2,"F","F",0,"F","F","F","9D",0,0,"N",0,"N",0,"N",4,0,4,0,"","","","","F","F","F","F","F","F","F","F","F","","stuaj101","","F","F","F","F","F","","","","",0,0,0,0,0,0,0,0,0,55,"NY1","NY1","SLN",1,"F","F",3,1,0,26,2,"T","F",2,0,"T","T","soutb101","frisf101","T","T",0,0,0,2,8,54,0,0,0,"","gonzm101","",0,0,0,0,0,0,0,0,0,0,0,0,2,"","F","F","F","F",4,0,4,0,0,0,0,0,0,0,F,F,"1924NY1.EVN.regular.event.csv",2612
"NY1192407290","SLN",6,1,1,0,0,"",1,5,"soutb101","?","soutb101","?","stuaj101","?","stuaj101","?","gonzm101","bottj101","hornr101","freih101","coonj103","bladr102","holmw101","smitj106","","","","43","F","F",9,1,2,"T","T",0,"F","F",1,"F","F",0,"F","F",4,"G","F","F","",0,0,"N",0,"N",0,"N",0,0,0,0,"43","","","","F","F","F","F","F","F","F","F","F","","","","F","F","F","F","F","","","","",0,3,0,0,4,0,0,0,0,56,"NY1","NY1","SLN",1,"F","F",5,1,2,27,3,"T","F",0,0,"T","T","frisf101","wilsh102","T","T",0,0,0,0,0,0,0,0,0,"","","",0,0,0,0,0,0,0,0,0,0,0,0,0,"hornr101","F","F","F","F",0,0,0,0,0,0,0,0,0,0,F,F,"1924NY1.EVN.regular.event.csv",2613
"NY1192407290","SLN",6,1,2,0,0,"",1,5,"frisf101","?","frisf101","?","stuaj101","?","stuaj101","?","gonzm101","bottj101","hornr101","freih101","coonj103","bladr102","holmw101","smitj106","","","","W","F","F",4,2,14,"T","F",0,"F","F",0,"F","F",0,"F","F",0,"","F","F","",0,0,"N",0,"N",0,"N",1,0,0,0,"","","","","F","F","F","F","F","F","F","F","F","","","","F","F","F","F","F","","","","",0,0,0,0,0,0,0,0,0,57,"NY1","NY1","SLN",1,"F","F",5,1,2,28,4,"T","F",0,1,"T","T","wilsh102","meusi101","T","T",0,0,0,0,0,0,0,0,0,"","","",0,0,0,0,0,0,0,0,0,0,0,0,0,"","F","F","F","F",0,0,0,0,0,0,0,0,0,0,F,F,"1924NY1.EVN.regular.event.csv",2614
"NY1192407290","SLN",6,1,2,0,0,"",1,5,"wilsh102","?","wilsh102","?","stuaj101","?","stuaj101","?","gonzm101","bottj101","hornr101","freih101","coonj103","bladr102","holmw101","smitj106","frisf101","","","CS2(26)","F","F",8,3,6,"F","F",0,"F","F",1,"F","F",0,"F","F",0,"","F","F","",0,0,"N",0,"N",0,"N",0,0,0,0,"","26","","","F","F","F","T","F","F","F","F","F","stuaj101","","","F","F","F","F","F","","","","",0,6,0,0,2,0,0,0,0,58,"NY1","NY1","SLN",1,"F","T",5,1,2,29,5,"T","T",1,0,"T","T","meusi101","kellg101","T","T",4,2,57,0,0,0,0,0,0,"gonzm101","","",0,0,0,0,0,0,0,0,0,0,0,0,0,"","F","F","F","F",0,0,0,0,0,0,0,0,0,0,F,F,"1924NY1.EVN.regular.event.csv",2615
"NY1192407290","SLN",7,0,0,0,0,"",1,5,"gonzm101","?","gonzm101","?","nehfa101","?","nehfa101","?","gowdh101","kellg101","frisf101","grohh101","jackt101","meusi101","wilsh102","soutb101","","","","9/F","T","F",2,7,2,"T","T",0,"F","F",1,"F","F",0,"F","F",9,"F","F","F","",0,0,"N",0,"N",0,"N",0,0,0,0,"9","","","","F","F","F","F","F","F","F","F","F","","","","F","F","F","F","F","","","","",0,9,0,0,0,0,0,0,0,59,"NY1","SLN","NY1",0,"T","F",1,5,0,24,0,"T","F",0,0,"T","T","freih101","stuaj101","T","T",0,0,0,0,0,0,0,0,0,"","","",0,0,0,0,0,0,0,0,0,0,0,0,0,"soutb101","F","F","F","F",0,0,0,0,0,0,0,0,0,0,F,F,"1924NY1.EVN.regular.event.csv",2616
"NY1192407290","SLN",7,0,1,0,0,"",1,5,"freih101","?","freih101","?","nehfa101","?","nehfa101","?","gowdh101","kellg101","frisf101","grohh101","jackt101","meusi101","wilsh102","soutb101","","","","13","F","F",5,8,2,"T","T",0,"F","F",1,"F","F",0,"F","F",1,"G","F","F","",0,0,"N",0,"N",0,"N",0,0,0,0,"13","","","","F","F","F","F","F","F","F","F","F","","","","F","F","F","F","F","","","","",0,3,0,0,1,0,0,0,0,60,"NY1","SLN","NY1",0,"F","F",1,5,0,25,1,"T","F",0,0,"T","T","stuaj101","smitj106","T","T",0,0,0,0,0,0,0,0,0,"","","",0,0,0,0,0,0,0,0,0,0,0,0,0,"nehfa101","F","F","F","F",0,0,0,0,0,0,0,0,0,0,F,F,"1924NY1.EVN.regular.event.csv",2617
"NY1192407290","SLN",7,0,2,0,0,"",1,5,"clemv101","?","clemv101","?","nehfa101","?","nehfa101","?","gowdh101","kellg101","frisf101","grohh101","jackt101","meusi101","wilsh102","soutb101","","","","9/F","F","T",11,9,2,"T","T",0,"F","F",1,"F","F",0,"F","F",9,"F","F","F","",0,0,"N",0,"N",0,"N",0,0,0,0,"9","","","","F","F","F","F","F","F","F","F","F","","","","F","F","F","F","F","","","","stuaj101",1,9,0,0,0,0,0,0,0,61,"NY1","SLN","NY1",0,"F","T",1,5,0,26,2,"T","F",0,0,"F","F","smitj106","holmw101","T","T",0,0,0,0,0,0,0,0,0,"","","",0,0,0,0,0,0,0,0,0,0,0,0,0,"soutb101","F","F","F","F",0,0,0,0,0,0,0,0,0,0,F,F,"1924NY1.EVN.regular.event.csv",2618
"NY1192407290","SLN",7,1,0,0,0,"",1,5,"wilsh102","?","wilsh102","?","fowlj101","?","fowlj101","?","gonzm101","bottj101","hornr101","freih101","coonj103","bladr102","holmw101","smitj106","","","","3/G","T","F",8,3,2,"T","T",0,"F","F",1,"F","F",0,"F","F",3,"G","F","F","",0,0,"N",0,"N",0,"N",0,0,0,0,"3","","","","F","F","F","F","F","F","F","F","F","","","","F","F","F","F","F","","","","",0,3,0,0,0,0,0,0,0,62,"NY1","NY1","SLN",1,"T","F",5,1,0,29,0,"T","F",0,0,"T","T","meusi101","kellg101","F","F",0,0,0,0,0,0,0,0,0,"","","",0,0,0,0,0,0,0,0,0,0,0,0,0,"bottj101","F","F","F","F",0,0,0,0,0,0,0,0,0,0,F,F,"1924NY1.EVN.regular.event.csv",2619
"NY1192407290","SLN",7,1,1,0,0,"",1,5,"meusi101","?","meusi101","?","fowlj101","?","fowlj101","?","gonzm101","bottj101","hornr101","freih101","coonj103","bladr102","holmw101","smitj106","","","","2/FL","F","F",7,4,2,"T","T",0,"F","F",1,"F","F",0,"F","F",2,"F","F","T","",0,0,"N",0,"N",0,"N",0,0,0,0,"2","","","","F","F","F","F","F","F","F","F","F","","","","F","F","F","F","F","","","","",0,2,0,0,0,0,0,0,0,63,"NY1","NY1","SLN",1,"F","F",5,1,0,30,1,"T","F",0,0,"T","T","kellg101","jackt101","F","F",0,0,0,0,0,0,0,0,0,"","","",0,0,0,0,0,0,0,0,0,0,0,0,0,"gonzm101","F","F","F","F",0,0,0,0,0,0,0,0,0,0,F,F,"1924NY1.EVN.regular.event.csv",2620
"NY1192407290","SLN",7,1,2,0,0,"",1,5,"kellg101","?","kellg101","?","fowlj101","?","fowlj101","?","gonzm101","bottj101","hornr101","freih101","coonj103","bladr102","holmw101","smitj106","","","","6/P","F","F",3,5,2,"T","T",0,"F","F",1,"F","F",0,"F","F",6,"P","F","F","",0,0,"N",0,"N",0,"N",0,0,0,0,"6","","","","F","F","F","F","F","F","F","F","F","","","","F","F","F","F","F","","","","",0,6,0,0,0,0,0,0,0,64,"NY1","NY1","SLN",1,"F","T",5,1,0,31,2,"T","F",0,0,"T","T","jackt101","grohh101","F","F",0,0,0,0,0,0,0,0,0,"","","",0,0,0,0,0,0,0,0,0,0,0,0,0,"coonj103","F","F","F","F",0,0,0,0,0,0,0,0,0,0,F,F,"1924NY1.EVN.regular.event.csv",2621
"NY1192407290","SLN",8,0,0,0,0,"",1,5,"myerh102","?","myerh102","?","nehfa101","?","nehfa101","?","gowdh101","kellg101","frisf101","grohh101","jackt101","meusi101","wilsh102","soutb101","","","","D7","T","T",11,1,21,"T","T",2,"F","F",0,"F","F",0,"F","F",7,"","F","F","",0,0,"N",0,"N",0,"N",2,0,0,0,"","","","","F","F","F","F","F","F","F","F","F","","","","F","F","F","F","F","","","","smitj106",9,0,0,0,0,0,0,0,0,65,"NY1","SLN","NY1",0,"T","F",1,5,0,27,0,"T","F",0,2,"F","F","holmw101","hornr101","T","T",0,0,0,0,0,0,0,0,0,"","","",0,0,0,0,0,0,0,0,0,0,0,0,0,"meusi101","F","F","F","F",2,0,0,0,0,0,0,0,0,0,F,F,"1924NY1.EVN.regular.event.csv",2622
"NY1192407290","SLN",8,0,0,0,0,"",1,5,"holmw101","?","holmw101","?","nehfa101","?","nehfa101","?","gowdh101","kellg101","frisf101","grohh101","jackt101","meusi101","wilsh102","soutb101","","myerh102","","3/FL","F","F",8,2,2,"T","T",0,"F","F",1,"F","F",0,"F","F",3,"F","F","T","",0,0,"N",0,"N",0,"N",0,0,2,0,"3","","","","F","F","F","F","F","F","F","F","F","","nehfa101","","F","F","F","F","F","","","","",0,3,0,0,0,0,0,0,0,66,"NY1","SLN","NY1",0,"F","F",1,5,0,28,1,"T","F",2,2,"T","T","hornr101","bottj101","T","T",0,0,0,0,1,65,0,0,0,"","gowdh101","",0,0,0,0,0,0,0,0,0,0,0,0,0,"kellg101","F","F","F","F",0,0,2,0,0,0,0,0,0,0,F,F,"1924NY1.EVN.regular.event.csv",2623
"NY1192407290","SLN",8,0,1,0,0,"",1,5,"hornr101","?","hornr101","?","nehfa101","?","nehfa101","?","gowdh101","kellg101","frisf101","grohh101","jackt101","meusi101","wilsh102","soutb101","","myerh102","","53","F","F",4,3,2,"T","T",0,"F","F",1,"F","F",0,"F","F",5,"G","F","F","",0,0,"N",0,"N",0,"N",0,0,2,0,"53","","","","F","F","F","F","F","F","F","F","F","","nehfa101","","F","F","F","F","F","","","","",0,3,0,0,5,0,0,0,0,67,"NY1","SLN","NY1",0,"F","F",1,5,0,29,2,"T","F",2,2,"T","T","bottj101","bladr102","T","T",0,0,0,0,1,65,0,0,0,"","gowdh101","",0,0,0,0,0,0,0,0,0,0,0,0,0,"grohh101","F","F","F","F",0,0,2,0,0,0,0,0,0,0,F,F,"1924NY1.EVN.regular.event.csv",2624
"NY1192407290","SLN",8,0,2,0,0,"",1,5,"bottj101","?","bottj101","?","nehfa101","?","nehfa101","?","gowdh101","kellg101","frisf101","grohh101","jackt101","meusi101","wilsh102","soutb101","","myerh102","","3/G","F","F",3,4,2,"T","T",0,"F","F",1,"F","F",0,"F","F",3,"G","F","F","",0,0,"N",0,"N",0,"N",0,0,2,0,"3","","","","F","F","F","F","F","F","F","F","F","","nehfa101","","F","F","F","F","F","","","","",0,3,0,0,0,0,0,0,0,68,"NY1","SLN","NY1",0,"F","T",1,5,0,30,3,"T","F",2,2,"T","T","bladr102","coonj103","T","T",0,0,0,0,1,65,0,0,0,"","gowdh101","",0,0,0,0,0,0,0,0,0,0,0,0,0,"kellg101","F","F","F","F",0,0,2,0,0,0,0,0,0,0,F,F,"1924NY1.EVN.regular.event.csv",2625
"NY1192407290","SLN",8,1,0,0,0,"",1,5,"jackt101","?","jackt101","?","fowlj101","?","fowlj101","?","gonzm101","bottj101","hornr101","freih101","coonj103","bladr102","holmw101","myerh102","","","","3/P","T","F",6,6,2,"T","T",0,"F","F",1,"F","F",0,"F","F",3,"P","F","F","",0,0,"N",0,"N",0,"N",0,0,0,0,"3","","","","F","F","F","F","F","F","F","F","F","","","","F","F","F","F","F","","","","",0,3,0,0,0,0,0,0,0,69,"NY1","NY1","SLN",1,"T","F",5,1,0,32,0,"T","F",0,0,"T","T","grohh101","gowdh101","F","F",0,0,0,0,0,0,0,0,0,"","","",0,0,0,0,0,0,0,0,0,0,0,0,0,"bottj101","F","F","F","F",0,0,0,0,0,0,0,0,0,0,F,F,"1924NY1.EVN.regular.event.csv",2626
"NY1192407290","SLN",8,1,1,0,0,"",1,5,"grohh101","?","grohh101","?","fowlj101","?","fowlj101","?","gonzm101","bottj101","hornr101","freih101","coonj103","bladr102","holmw101","myerh102","","","","13","F","F",5,7,2,"T","T",0,"F","F",1,"F","F",0,"F","F",1,"G","F","F","",0,0,"N",0,"N",0,"N",0,0,0,0,"13","","","","F","F","F","F","F","F","F","F","F","","","","F","F","F","F","F","","","","",0,3,0,0,1,0,0,0,0,70,"NY1","NY1","SLN",1,"F","F",5,1,0,33,1,"T","F",0,0,"T","T","gowdh101","nehfa101","F","F",0,0,0,0,0,0,0,0,0,"","","",0,0,0,0,0,0,0,0,0,0,0,0,0,"fowlj101","F","F","F","F",0,0,0,0,0,0,0,0,0,0,F,F,"1924NY1.EVN.regular.event.csv",2627
"NY1192407290","SLN",8,1,2,0,0,"",1,5,"gowdh101","?","gowdh101","?","fowlj101","?","fowlj101","?","gonzm101","bottj101","hornr101","freih101","coonj103","bladr102","holmw101","myerh102","","","","53","F","F",2,8,2,"T","T",0,"F","F",1,"F","F",0,"F","F",5,"G","F","F","",0,0,"N",0,"N",0,"N",0,0,0,0,"53","","","","F","F","F","F","F","F","F","F","F","","","","F","F","F","F","F","","","","",0,3,0,0,5,0,0,0,0,71,"NY1","NY1","SLN",1,"F","T",5,1,0,34,2,"T","F",0,0,"T","T","nehfa101","soutb101","F","F",0,0,0,0,0,0,0,0,0,"","","",0,0,0,0,0,0,0,0,0,0,0,0,0,"freih101","F","F","F","F",0,0,0,0,0,0,0,0,0,0,F,F,"1924NY1.EVN.regular.event.csv",2628
"NY1192407290","SLN",9,0,0,0,0,"",1,5,"bladr102","?","bladr102","?","nehfa101","?","nehfa101","?","gowdh101","kellg101","frisf101","grohh101","jackt101","meusi101","wilsh102","soutb101","","","","S7","T","F",7,5,20,"T","T",1,"F","F",0,"F","F",0,"F","F",7,"","F","F","",0,0,"N",0,"N",0,"N",1,0,0,0,"","","","","F","F","F","F","F","F","F","F","F","","","","F","F","F","F","F","","","","",0,0,0,0,0,0,0,0,0,72,"NY1","SLN","NY1",0,"T","F",1,5,0,31,0,"T","F",0,1,"T","T","coonj103","gonzm101","T","T",0,0,0,0,0,0,0,0,0,"","","",0,0,0,0,0,0,0,0,0,0,0,0,0,"meusi101","F","F","F","F",4,0,0,0,1,0,0,0,0,0,F,F,"1924NY1.EVN.regular.event.csv",2629
"NY1192407290","SLN",9,0,0,0,0,"",1,5,"coonj103","?","coonj103","?","nehfa101","?","nehfa101","?","gowdh101","kellg101","frisf101","grohh101","jackt101","meusi101","wilsh102","soutb101","bladr102","","","43/G34.1-2","F","F",6,6,2,"T","T",0,"F","F",1,"F","F",0,"F","F",4,"G","F","F","34",0,0,"N",0,"N",0,"N",0,2,0,0,"43","","","","F","F","F","F","F","F","F","F","F","nehfa101","","","F","F","F","F","F","","","","",0,3,0,0,4,0,0,0,0,73,"NY1","SLN","NY1",0,"F","F",1,5,0,32,1,"T","F",1,2,"T","T","gonzm101","freih101","T","T",7,5,72,0,0,0,0,0,0,"gowdh101","","",0,0,0,0,0,0,0,0,0,0,0,0,0,"frisf101","F","F","F","F",0,4,0,0,1,0,0,0,0,0,F,F,"1924NY1.EVN.regular.event.csv",2630
"NY1192407290","SLN",9,0,1,0,0,"",1,5,"gonzm101","?","gonzm101","?","nehfa101","?","nehfa101","?","gowdh101","kellg101","frisf101","grohh101","jackt101","meusi101","wilsh102","soutb101","","bladr102","","7/F7D","F","F",2,7,2,"T","T",0,"F","F",1,"F","F",0,"F","F",7,"F","F","F","7D",0,0,"N",0,"N",0,"N",0,0,2,0,"7","","","","F","F","F","F","F","F","F","F","F","","nehfa101","","F","F","F","F","F","","","","",0,7,0,0,0,0,0,0,0,74,"NY1","SLN","NY1",0,"F","F",1,5,0,33,2,"T","F",2,2,"T","T","freih101","fowlj101","T","T",0,0,0,7,5,72,0,0,0,"","gowdh101","",0,0,0,0,0,0,0,0,0,0,0,0,0,"meusi101","F","F","F","F",0,0,4,0,1,0,0,0,0,0,F,F,"1924NY1.EVN.regular.event.csv",2631
"NY1192407290","SLN",9,0,2,0,0,"",1,5,"freih101","?","freih101","?","nehfa101","?","nehfa101","?","gowdh101","kellg101","frisf101","grohh101","jackt101","meusi101","wilsh102","soutb101","","bladr102","","S9.2-H;BX2(9624)","F","F",5,8,20,"T","T",1,"F","F",1,"F","F",1,"F","F",9,"","F","F","",0,0,"N",0,"N",0,"N",0,0,4,0,"9624","","","","F","F","F","F","F","F","F","F","F","","nehfa101","","F","T","F","F","F","","","","",0,4,0,0,9,6,2,0,0,75,"NY1","SLN","NY1",0,"F","T",1,5,0,34,3,"T","F",2,0,"T","T","fowlj101","myerh102","T","T",0,0,0,7,5,72,0,0,0,"","gowdh101","",0,0,0,0,0,0,0,0,0,0,0,0,1,"soutb101","F","F","F","F",0,0,4,0,0,0,0,0,0,0,F,F,"1924NY1.EVN.regular.event.csv",2632
"NY1192407300","PIT",1,0,0,0,0,"X",0,0,"bigbc101","?","bigbc101","?","jonnc101","?","jonnc101","?","snydf101","kellg101","frisf101","grohh101","jackt101","meusi101","wilsh102","soutb101","","","","HP","T","F",7,1,16,"T","F",0,"F","F",0,"F","F",0,"F","F",0,"","F","F","",0,0,"N",0,"N",0,"N",1,0,0,0,"","","","","F","F","F","F","F","F","F","F","F","","","","T","F","F","F","F","","","","",0,0,0,0,0,0,0,0,0,1,"NY1","PIT","NY1",0,"T","F",0,0,0,0,0,"T","F",0,1,"T","T","carem101","cuylk101","T","T",0,0,0,0,0,0,0,0,0,"","","",0,0,0,0,0,0,1,0,0,0,1,0,0,"","F","F","F","F",0,0,0,0,0,0,0,0,0,0,F,F,"1924NY1.EVN.regular.event.csv",2633
"NY1192407300","PIT",1,0,0,0,0,"",0,0,"carem101","?","carem101","?","jonnc101","?","jonnc101","?","snydf101","kellg101","frisf101","grohh101","jackt101","meusi101","wilsh102","soutb101","bigbc101","","","7/F#","F","F",8,2,2,"T","T",0,"F","F",1,"F","F",0,"F","F",7,"F","F","F","",0,0,"N",0,"N",0,"N",0,1,0,0,"7","","","","F","F","F","F","F","F","F","F","F","jonnc101","","","F","F","F","F","F","","","","",0,7,0,0,0,0,0,0,0,2,"NY1","PIT","NY1",0,"F","F",0,0,0,1,1,"T","F",1,1,"T","T","cuylk101","wrigg102","T","T",7,1,1,0,0,0,0,0,0,"snydf101","","",0,0,0,0,0,0,0,0,0,0,0,0,0,"meusi101","F","F","F","F",0,0,0,0,0,0,0,0,0,0,F,T,"1924NY1.EVN.regular.event.csv",2634
"NY1192407300","PIT",1,0,1,0,0,"",0,0,"cuylk101","?","cuylk101","?","jonnc101","?","jonnc101","?","snydf101","kellg101","frisf101","grohh101","jackt101","meusi101","wilsh102","soutb101","bigbc101","","","K","F","F",9,3,3,"T","T",0,"F","F",1,"F","F",0,"F","F",0,"","F","F","",0,0,"N",0,"N",0,"N",0,1,0,0,"2","","","","F","F","F","F","F","F","F","F","F","jonnc101","","","F","F","F","F","F","","","","",0,2,0,0,0,0,0,0,0,3,"NY1","PIT","NY1",0,"F","F",0,0,0,2,2,"T","F",1,1,"T","T","wrigg102","trayp101","T","T",7,1,1,0,0,0,0,0,0,"snydf101","","",0,0,0,0,0,0,0,0,0,0,0,0,0,"","F","F","F","F",0,0,0,0,0,0,0,0,0,0,F,F,"1924NY1.EVN.regular.event.csv",2635
"NY1192407300","PIT",1,0,2,0,0,"",0,0,"wrigg102","?","wrigg102","?","jonnc101","?","jonnc101","?","snydf101","kellg101","frisf101","grohh101","jackt101","meusi101","wilsh102","soutb101","bigbc101","","","K23","F","F",6,4,3,"T","T",0,"F","F",1,"F","F",0,"F","F",0,"","F","F","",0,0,"N",0,"N",0,"N",0,1,0,0,"23","","","","F","F","F","F","F","F","F","F","F","jonnc101","","","F","F","F","F","F","","","","",0,3,0,0,2,0,0,0,0,4,"NY1","PIT","NY1",0,"F","T",0,0,0,3,3,"T","F",1,1,"T","T","trayp101","marar101","T","T",7,1,1,0,0,0,0,0,0,"snydf101","","",0,0,0,0,0,0,0,0,0,0,0,0,0,"","F","F","F","F",0,0,0,0,0,0,0,0,0,0,F,F,"1924NY1.EVN.regular.event.csv",2636
"NY1192407300","PIT",1,1,0,0,0,"",0,0,"soutb101","?","soutb101","?","coopw101","?","coopw101","?","smite106","grimc101","marar101","trayp101","wrigg102","bigbc101","carem101","cuylk101","","","","S8","T","F",9,1,20,"T","T",1,"F","F",0,"F","F",0,"F","F",8,"","F","F","",0,0,"N",0,"N",0,"N",1,0,0,0,"","","","","F","F","F","F","F","F","F","F","F","","","","F","F","F","F","F","","","","",0,0,0,0,0,0,0,0,0,5,"NY1","NY1","PIT",1,"T","F",0,0,0,0,0,"T","F",0,1,"T","T","frisf101","wilsh102","T","T",0,0,0,0,0,0,0,0,0,"","","",0,0,0,0,0,0,0,0,0,0,0,0,0,"carem101","F","F","F","F",0,0,0,0,2,0,0,0,0,0,F,F,"1924NY1.EVN.regular.event.csv",2637
"NY1192407300","PIT",1,1,0,0,0,"",0,0,"frisf101","?","frisf101","?","coopw101","?","coopw101","?","smite106","grimc101","marar101","trayp101","wrigg102","bigbc101","carem101","cuylk101","soutb101","","","46(1)/FO","F","F",4,2,2,"T","T",0,"F","F",1,"F","F",0,"F","F",4,"G","F","F","",0,0,"N",0,"N",0,"N",1,0,0,0,"","46","","","F","F","F","F","F","F","F","F","F","coopw101","","","F","F","F","F","F","","","","",0,6,0,0,4,0,0,0,0,6,"NY1","NY1","PIT",1,"F","F",0,0,0,1,1,"T","F",1,1,"T","T","wilsh102","meusi101","T","T",9,1,5,0,0,0,0,0,0,"smite106","","",0,0,0,0,0,0,0,0,0,0,0,0,0,"marar101","T","F","F","F",4,0,0,0,2,0,0,0,0,0,F,F,"1924NY1.EVN.regular.event.csv",2638
"NY1192407300","PIT",1,1,1,0,0,"",0,0,"wilsh102","?","wilsh102","?","coopw101","?","coopw101","?","smite106","grimc101","marar101","trayp101","wrigg102","bigbc101","carem101","cuylk101","frisf101","","","SB2.1-2(WP)","F","F",8,3,4,"F","F",0,"F","F",0,"F","F",0,"T","F",0,"","F","F","",0,0,"N",0,"N",0,"N",0,2,0,0,"","","","","T","F","F","F","F","F","F","F","F","coopw101","","","F","F","F","F","F","","","","",0,0,0,0,0,0,0,0,0,7,"NY1","NY1","PIT",1,"F","F",0,0,0,2,2,"T","F",1,2,"T","T","meusi101","kellg101","T","T",4,2,6,0,0,0,0,0,0,"smite106","","",0,0,0,0,0,0,0,0,0,0,0,0,0,"","F","F","F","F",0,4,0,0,2,0,0,0,0,0,F,F,"1924NY1.EVN.regular.event.csv",2639
"NY1192407300","PIT",1,1,1,0,0,"",0,0,"wilsh102","?","wilsh102","?","coopw101","?","coopw101","?","smite106","grimc101","marar101","trayp101","wrigg102","bigbc101","carem101","cuylk101","","frisf101","","D7/G5L.2-H","F","F",8,3,21,"T","T",2,"F","F",0,"F","F",1,"F","F",7,"G","F","F","5L",0,0,"N",0,"N",0,"N",2,0,4,0,"","","","","F","F","F","F","F","F","F","F","F","","coopw101","","F","F","F","F","F","","","","",0,0,0,0,0,0,0,0,0,8,"NY1","NY1","PIT",1,"F","F",0,0,0,2,2,"F","F",2,2,"T","T","meusi101","kellg101","T","T",0,0,0,4,2,6,0,0,0,"","smite106","",0,0,0,0,0,0,0,0,0,0,0,0,1,"bigbc101","F","F","F","F",4,0,4,0,1,0,0,0,0,0,F,F,"1924NY1.EVN.regular.event.csv",2640
"NY1192407300","PIT",1,1,1,0,0,"",0,1,"meusi101","?","meusi101","?","coopw101","?","coopw101","?","smite106","grimc101","marar101","trayp101","wrigg102","bigbc101","carem101","cuylk101","","wilsh102","","53.2-3","F","F",7,4,2,"T","T",0,"F","F",1,"F","F",0,"F","F",5,"G","F","F","",0,0,"N",0,"N",0,"N",0,0,3,0,"53","","","","F","F","F","F","F","F","F","F","F","","coopw101","","F","F","F","F","F","","","","",0,3,0,0,5,0,0,0,0,9,"NY1","NY1","PIT",1,"F","F",1,0,1,3,3,"T","F",2,4,"T","T","kellg101","jackt101","T","T",0,0,0,8,3,8,0,0,0,"","smite106","",0,0,0,0,0,0,0,0,0,0,0,0,0,"trayp101","F","F","F","F",0,0,4,0,1,0,0,0,0,0,F,F,"1924NY1.EVN.regular.event.csv",2641
"NY1192407300","PIT",1,1,2,0,0,"",0,1,"kellg101","?","kellg101","?","coopw101","?","coopw101","?","smite106","grimc101","marar101","trayp101","wrigg102","bigbc101","carem101","cuylk101","","","wilsh102","S/78S.3-H","F","F",3,5,20,"T","T",1,"F","F",0,"F","F",1,"F","F",0,"","F","F","78S",0,0,"N",0,"N",0,"N",1,0,0,4,"","","","","F","F","F","F","F","F","F","F","F","","","coopw101","F","F","F","F","F","","","","",0,0,0,0,0,0,0,0,0,10,"NY1","NY1","PIT",1,"F","F",1,0,1,4,4,"T","F",4,1,"T","T","jackt101","grohh101","T","T",0,0,0,0,0,0,8,3,8,"","","smite106",0,0,0,0,0,0,0,0,0,0,0,0,1,"","F","F","F","F",0,0,0,4,0,0,0,0,0,0,F,F,"1924NY1.EVN.regular.event.csv",2642
"NY1192407300","PIT",1,1,2,0,0,"",0,2,"jackt101","?","jackt101","?","coopw101","?","coopw101","?","smite106","grimc101","marar101","trayp101","wrigg102","bigbc101","carem101","cuylk101","kellg101","","","43","F","F",6,6,2,"T","T",0,"F","F",1,"F","F",0,"F","F",4,"G","F","F","",0,0,"N",0,"N",0,"N",0,1,0,0,"43","","","","F","F","F","F","F","F","F","F","F","coopw101","","","F","F","F","F","F","","","","",0,3,0,0,4,0,0,0,0,11,"NY1","NY1","PIT",1,"F","T",2,0,2,5,5,"T","F",1,1,"T","T","grohh101","snydf101","T","T",3,5,10,0,0,0,0,0,0,"smite106","","",0,0,0,0,0,0,0,0,0,0,0,0,0,"marar101","F","F","F","F",0,0,0,0,0,0,0,0,0,0,F,F,"1924NY1.EVN.regular.event.csv",2643
"NY1192407300","PIT",2,0,0,0,0,"",0,2,"trayp101","?","trayp101","?","jonnc101","?","jonnc101","?","snydf101","kellg101","frisf101","grohh101","jackt101","meusi101","wilsh102","soutb101","","","","6/P","T","F",5,5,2,"T","T",0,"F","F",1,"F","F",0,"F","F",6,"P","F","F","",0,0,"N",0,"N",0,"N",0,0,0,0,"6","","","","F","F","F","F","F","F","F","F","F","","","","F","F","F","F","F","","","","",0,6,0,0,0,0,0,0,0,12,"NY1","PIT","NY1",0,"T","F",0,2,0,4,0,"T","F",0,0,"T","T","marar101","grimc101","T","T",0,0,0,0,0,0,0,0,0,"","","",0,0,0,0,0,0,0,0,0,0,0,0,0,"jackt101","F","F","F","F",0,0,0,0,0,0,0,0,0,0,F,F,"1924NY1.EVN.regular.event.csv",2644
"NY1192407300","PIT",2,0,1,0,0,"",0,2,"marar101","?","marar101","?","jonnc101","?","jonnc101","?","snydf101","kellg101","frisf101","grohh101","jackt101","meusi101","wilsh102","soutb101","","","","9/F9D","F","F",4,6,2,"T","T",0,"F","F",1,"F","F",0,"F","F",9,"F","F","F","9D",0,0,"N",0,"N",0,"N",0,0,0,0,"9","","","","F","F","F","F","F","F","F","F","F","","","","F","F","F","F","F","","","","",0,9,0,0,0,0,0,0,0,13,"NY1","PIT","NY1",0,"F","F",0,2,0,5,1,"T","F",0,0,"T","T","grimc101","smite106","T","T",0,0,0,0,0,0,0,0,0,"","","",0,0,0,0,0,0,0,0,0,0,0,0,0,"soutb101","F","F","F","F",0,0,0,0,0,0,0,0,0,0,F,F,"1924NY1.EVN.regular.event.csv",2645
"NY1192407300","PIT",2,0,2,0,0,"",0,2,"grimc101","?","grimc101","?","jonnc101","?","jonnc101","?","snydf101","kellg101","frisf101","grohh101","jackt101","meusi101","wilsh102","soutb101","","","","63","F","F",3,7,2,"T","T",0,"F","F",1,"F","F",0,"F","F",6,"G","F","F","",0,0,"N",0,"N",0,"N",0,0,0,0,"63","","","","F","F","F","F","F","F","F","F","F","","","","F","F","F","F","F","","","","",0,3,0,0,6,0,0,0,0,14,"NY1","PIT","NY1",0,"F","T",0,2,0,6,2,"T","F",0,0,"T","T","smite106","coopw101","T","T",0,0,0,0,0,0,0,0,0,"","","",0,0,0,0,0,0,0,0,0,0,0,0,0,"jackt101","F","F","F","F",0,0,0,0,0,0,0,0,0,0,F,F,"1924NY1.EVN.regular.event.csv",2646
"NY1192407300","PIT",2,1,0,0,0,"",0,2,"grohh101","?","grohh101","?","coopw101","?","coopw101","?","smite106","grimc101","marar101","trayp101","wrigg102","bigbc101","carem101","cuylk101","","","","7/F7S","T","F",5,7,2,"T","T",0,"F","F",1,"F","F",0,"F","F",7,"F","F","F","7S",0,0,"N",0,"N",0,"N",0,0,0,0,"7","","","","F","F","F","F","F","F","F","F","F","","","","F","F","F","F","F","","","","",0,7,0,0,0,0,0,0,0,15,"NY1","NY1","PIT",1,"T","F",2,0,0,6,0,"T","F",0,0,"T","T","snydf101","jonnc101","T","T",0,0,0,0,0,0,0,0,0,"","","",0,0,0,0,0,0,0,0,0,0,0,0,0,"bigbc101","F","F","F","F",0,0,0,0,0,0,0,0,0,0,F,F,"1924NY1.EVN.regular.event.csv",2647
"NY1192407300","PIT",2,1,1,0,0,"",0,2,"snydf101","?","snydf101","?","coopw101","?","coopw101","?","smite106","grimc101","marar101","trayp101","wrigg102","bigbc101","carem101","cuylk101","","","","63","F","F",2,8,2,"T","T",0,"F","F",1,"F","F",0,"F","F",6,"G","F","F","",0,0,"N",0,"N",0,"N",0,0,0,0,"63","","","","F","F","F","F","F","F","F","F","F","","","","F","F","F","F","F","","","","",0,3,0,0,6,0,0,0,0,16,"NY1","NY1","PIT",1,"F","F",2,0,0,7,1,"T","F",0,0,"T","T","jonnc101","soutb101","T","T",0,0,0,0,0,0,0,0,0,"","","",0,0,0,0,0,0,0,0,0,0,0,0,0,"wrigg102","F","F","F","F",0,0,0,0,0,0,0,0,0,0,F,F,"1924NY1.EVN.regular.event.csv",2648
"NY1192407300","PIT",2,1,2,0,0,"",0,2,"jonnc101","?","jonnc101","?","coopw101","?","coopw101","?","smite106","grimc101","marar101","trayp101","wrigg102","bigbc101","carem101","cuylk101","","","","K/C","F","F",1,9,3,"T","T",0,"F","F",1,"F","F",0,"F","F",0,"","F","F","",0,0,"N",0,"N",0,"N",0,0,0,0,"2","","","","F","F","F","F","F","F","F","F","F","","","","F","F","F","F","F","","","","",0,2,0,0,0,0,0,0,0,17,"NY1","NY1","PIT",1,"F","T",2,0,0,8,2,"T","F",0,0,"T","T","soutb101","frisf101","T","T",0,0,0,0,0,0,0,0,0,"","","",0,0,0,0,0,0,0,0,0,0,0,0,0,"","F","F","F","F",0,0,0,0,0,0,0,0,0,0,F,F,"1924NY1.EVN.regular.event.csv",2649
"NY1192407300","PIT",3,0,0,0,0,"",0,2,"smite106","?","smite106","?","jonnc101","?","jonnc101","?","snydf101","kellg101","frisf101","grohh101","jackt101","meusi101","wilsh102","soutb101","","","","63","T","F",2,8,2,"T","T",0,"F","F",1,"F","F",0,"F","F",6,"G","F","F","",0,0,"N",0,"N",0,"N",0,0,0,0,"63","","","","F","F","F","F","F","F","F","F","F","","","","F","F","F","F","F","","","","",0,3,0,0,6,0,0,0,0,18,"NY1","PIT","NY1",0,"T","F",0,2,0,7,0,"T","F",0,0,"T","T","coopw101","bigbc101","T","T",0,0,0,0,0,0,0,0,0,"","","",0,0,0,0,0,0,0,0,0,0,0,0,0,"jackt101","F","F","F","F",0,0,0,0,1,0,0,0,0,0,F,F,"1924NY1.EVN.regular.event.csv",2650
"NY1192407300","PIT",3,0,1,0,0,"",0,2,"coopw101","?","coopw101","?","jonnc101","?","jonnc101","?","snydf101","kellg101","frisf101","grohh101","jackt101","meusi101","wilsh102","soutb101","","","","D8/L78","F","F",1,9,21,"T","T",2,"F","F",0,"F","F",0,"F","F",8,"L","F","F","78",0,0,"N",0,"N",0,"N",2,0,0,0,"","","","","F","F","F","F","F","F","F","F","F","","","","F","F","F","F","F","","","","",0,0,0,0,0,0,0,0,0,19,"NY1","PIT","NY1",0,"F","F",0,2,0,8,1,"T","F",0,2,"T","T","bigbc101","carem101","T","T",0,0,0,0,0,0,0,0,0,"","","",0,0,0,0,0,0,0,0,0,0,0,0,0,"wilsh102","F","F","F","F",4,0,0,0,1,0,0,0,0,0,F,F,"1924NY1.EVN.regular.event.csv",2651
"NY1192407300","PIT",3,0,1,0,0,"",0,2,"bigbc101","?","bigbc101","?","jonnc101","?","jonnc101","?","snydf101","kellg101","frisf101","grohh101","jackt101","meusi101","wilsh102","soutb101","","coopw101","","3/G.2-3","F","F",7,1,2,"T","T",0,"F","F",1,"F","F",0,"F","F",3,"G","F","F","",0,0,"N",0,"N",0,"N",0,0,3,0,"3","","","","F","F","F","F","F","F","F","F","F","","jonnc101","","F","F","F","F","F","","","","",0,3,0,0,0,0,0,0,0,20,"NY1","PIT","NY1",0,"F","F",0,2,0,9,2,"T","F",2,4,"T","T","carem101","cuylk101","T","T",0,0,0,1,9,19,0,0,0,"","snydf101","",0,0,0,0,0,0,0,0,0,0,0,0,0,"kellg101","F","F","F","F",0,0,4,0,1,0,0,0,0,0,F,F,"1924NY1.EVN.regular.event.csv",2652
"NY1192407300","PIT",3,0,2,0,0,"",0,2,"carem101","?","carem101","?","jonnc101","?","jonnc101","?","snydf101","kellg101","frisf101","grohh101","jackt101","meusi101","wilsh102","soutb101","","","coopw101","D7/7L.3-H","F","F",8,2,21,"T","T",2,"F","F",0,"F","F",1,"F","F",7,"","F","F","7L",0,0,"N",0,"N",0,"N",2,0,0,4,"","","","","F","F","F","F","F","F","F","F","F","","","jonnc101","F","F","F","F","F","","","","",0,0,0,0,0,0,0,0,0,21,"NY1","PIT","NY1",0,"F","F",0,2,0,10,3,"T","F",4,2,"T","T","cuylk101","wrigg102","T","T",0,0,0,0,0,0,1,9,19,"","","snydf101",0,0,0,0,0,0,0,0,0,0,0,0,1,"meusi101","F","F","F","F",0,0,0,4,0,0,0,0,0,0,F,F,"1924NY1.EVN.regular.event.csv",2653
"NY1192407300","PIT",3,0,2,0,0,"",1,2,"cuylk101","?","cuylk101","?","jonnc101","?","jonnc101","?","snydf101","kellg101","frisf101","grohh101","jackt101","meusi101","wilsh102","soutb101","","carem101","","63","F","F",9,3,2,"T","T",0,"F","F",1,"F","F",0,"F","F",6,"G","F","F","",0,0,"N",0,"N",0,"N",0,0,2,0,"63","","","","F","F","F","F","F","F","F","F","F","","jonnc101","","F","F","F","F","F","","","","",0,3,0,0,6,0,0,0,0,22,"NY1","PIT","NY1",0,"F","T",1,2,1,11,4,"T","F",2,2,"T","T","wrigg102","trayp101","T","T",0,0,0,8,2,21,0,0,0,"","snydf101","",0,0,0,0,0,0,0,0,0,0,0,0,0,"jackt101","F","F","F","F",0,0,0,0,0,0,0,0,0,0,F,F,"1924NY1.EVN.regular.event.csv",2654
"NY1192407300","PIT",3,1,0,0,0,"",1,2,"soutb101","?","soutb101","?","coopw101","?","coopw101","?","smite106","grimc101","marar101","trayp101","wrigg102","bigbc101","carem101","cuylk101","","","","2/P2","T","F",9,1,2,"T","T",0,"F","F",1,"F","F",0,"F","F",2,"P","F","F","2",0,0,"N",0,"N",0,"N",0,0,0,0,"2","","","","F","F","F","F","F","F","F","F","F","","","","F","F","F","F","F","","","","",0,2,0,0,0,0,0,0,0,23,"NY1","NY1","PIT",1,"T","F",2,1,0,9,0,"T","F",0,0,"T","T","frisf101","wilsh102","T","T",0,0,0,0,0,0,0,0,0,"","","",0,0,0,0,0,0,0,0,0,0,0,0,0,"smite106","F","F","F","F",0,0,0,0,0,0,0,0,0,0,F,F,"1924NY1.EVN.regular.event.csv",2655
"NY1192407300","PIT",3,1,1,0,0,"",1,2,"frisf101","?","frisf101","?","coopw101","?","coopw101","?","smite106","grimc101","marar101","trayp101","wrigg102","bigbc101","carem101","cuylk101","","","","S7/L","F","F",4,2,20,"T","T",1,"F","F",0,"F","F",0,"F","F",7,"L","F","F","",0,0,"N",0,"N",0,"N",1,0,0,0,"","","","","F","F","F","F","F","F","F","F","F","","","","F","F","F","F","F","","","","",0,0,0,0,0,0,0,0,0,24,"NY1","NY1","PIT",1,"F","F",2,1,0,10,1,"T","F",0,1,"T","T","wilsh102","meusi101","T","T",0,0,0,0,0,0,0,0,0,"","","",0,0,0,0,0,0,0,0,0,0,0,0,0,"bigbc101","F","F","F","F",0,0,0,0,0,0,0,0,0,0,F,F,"1924NY1.EVN.regular.event.csv",2656
"NY1192407300","PIT",3,1,1,0,0,"",1,2,"wilsh102","?","wilsh102","?","coopw101","?","coopw101","?","smite106","grimc101","marar101","trayp101","wrigg102","bigbc101","carem101","cuylk101","frisf101","","","8/F8XD","F","F",8,3,2,"T","T",0,"F","F",1,"F","F",0,"F","F",8,"F","F","F","8XD",0,0,"N",0,"N",0,"N",0,1,0,0,"8","","","","F","F","F","F","F","F","F","F","F","coopw101","","","F","F","F","F","F","","","","",0,8,0,0,0,0,0,0,0,25,"NY1","NY1","PIT",1,"F","F",2,1,0,11,2,"T","F",1,1,"T","T","meusi101","kellg101","T","T",4,2,24,0,0,0,0,0,0,"smite106","","",0,0,0,0,0,0,0,0,0,0,0,0,0,"carem101","F","F","F","F",0,0,0,0,0,0,0,0,0,0,F,F,"1924NY1.EVN.regular.event.csv",2657
"NY1192407300","PIT",3,1,2,0,0,"",1,2,"meusi101","?","meusi101","?","coopw101","?","coopw101","?","smite106","grimc101","marar101","trayp101","wrigg102","bigbc101","carem101","cuylk101","frisf101","","","CS2(24)","F","F",7,4,6,"F","F",0,"F","F",1,"F","F",0,"F","F",0,"","F","F","",0,0,"N",0,"N",0,"N",0,0,0,0,"","24","","","F","F","F","T","F","F","F","F","F","coopw101","","","F","F","F","F","F","","","","",0,4,0,0,2,0,0,0,0,26,"NY1","NY1","PIT",1,"F","T",2,1,0,12,3,"T","T",1,0,"T","T","kellg101","jackt101","T","T",4,2,24,0,0,0,0,0,0,"smite106","","",0,0,0,0,0,0,0,0,0,0,0,0,0,"","F","F","F","F",0,0,0,0,0,0,0,0,0,0,F,F,"1924NY1.EVN.regular.event.csv",2658
"NY1192407300","PIT",4,0,0,0,0,"",1,2,"wrigg102","?","wrigg102","?","jonnc101","?","jonnc101","?","snydf101","kellg101","frisf101","grohh101","jackt101","meusi101","wilsh102","soutb101","","","","53","T","F",6,4,2,"T","T",0,"F","F",1,"F","F",0,"F","F",5,"G","F","F","",0,0,"N",0,"N",0,"N",0,0,0,0,"53","","","","F","F","F","F","F","F","F","F","F","","","","F","F","F","F","F","","","","",0,3,0,0,5,0,0,0,0,27,"NY1","PIT","NY1",0,"T","F",1,2,0,12,0,"T","F",0,0,"T","T","trayp101","marar101","T","T",0,0,0,0,0,0,0,0,0,"","","",0,0,0,0,0,0,0,0,0,0,0,0,0,"grohh101","F","F","F","F",0,0,0,0,1,0,0,0,0,0,F,F,"1924NY1.EVN.regular.event.csv",2659
"NY1192407300","PIT",4,0,1,0,0,"",1,2,"trayp101","?","trayp101","?","jonnc101","?","jonnc101","?","snydf101","kellg101","frisf101","grohh101","jackt101","meusi101","wilsh102","soutb101","","","","S/89S","F","F",5,5,20,"T","T",1,"F","F",0,"F","F",0,"F","F",0,"","F","F","89S",0,0,"N",0,"N",0,"N",1,0,0,0,"","","","","F","F","F","F","F","F","F","F","F","","","","F","F","F","F","F","","","","",0,0,0,0,0,0,0,0,0,28,"NY1","PIT","NY1",0,"F","F",1,2,0,13,1,"T","F",0,1,"T","T","marar101","grimc101","T","T",0,0,0,0,0,0,0,0,0,"","","",0,0,0,0,0,0,0,0,0,0,0,0,0,"","F","F","F","F",5,0,0,0,1,0,0,0,0,0,F,F,"1924NY1.EVN.regular.event.csv",2660
"NY1192407300","PIT",4,0,1,0,0,"",1,2,"marar101","?","marar101","?","jonnc101","?","jonnc101","?","snydf101","kellg101","frisf101","grohh101","jackt101","meusi101","wilsh102","soutb101","trayp101","","","53.1-H(E3/TH3)(NR)(UR)#","F","F",4,6,2,"T","T",0,"F","F",1,"F","F",0,"F","F",5,"G","F","F","",1,3,"T",0,"N",0,"N",0,5,0,0,"53","","","","F","F","F","F","F","F","F","F","F","jonnc101","","","F","F","F","F","F","","","","",0,3,0,0,5,0,0,0,0,29,"NY1","PIT","NY1",0,"F","F",1,2,0,14,2,"T","F",1,0,"T","T","grimc101","smite106","T","T",5,5,28,0,0,0,0,0,0,"snydf101","","",0,0,0,0,0,0,0,0,0,0,0,0,1,"grohh101","F","F","F","F",0,5,0,0,0,0,0,0,0,0,F,T,"1924NY1.EVN.regular.event.csv",2661
"NY1192407300","PIT",4,0,2,0,0,"",2,2,"grimc101","?","grimc101","?","jonnc101","?","jonnc101","?","snydf101","kellg101","frisf101","grohh101","jackt101","meusi101","wilsh102","soutb101","","","","43","F","F",3,7,2,"T","T",0,"F","F",1,"F","F",0,"F","F",4,"G","F","F","",0,0,"N",0,"N",0,"N",0,0,0,0,"43","","","","F","F","F","F","F","F","F","F","F","","","","F","F","F","F","F","","","","",0,3,0,0,4,0,0,0,0,30,"NY1","PIT","NY1",0,"F","T",2,2,1,15,3,"T","F",0,0,"T","T","smite106","coopw101","T","T",0,0,0,0,0,0,0,0,0,"","","",0,0,0,0,0,0,0,0,0,0,0,0,0,"frisf101","F","F","F","F",0,0,0,0,0,0,0,0,0,0,F,F,"1924NY1.EVN.regular.event.csv",2662
"NY1192407300","PIT",4,1,0,0,0,"",2,2,"meusi101","?","meusi101","?","coopw101","?","coopw101","?","smite106","grimc101","marar101","trayp101","wrigg102","bigbc101","carem101","cuylk101","","","","9/F","T","F",7,4,2,"T","T",0,"F","F",1,"F","F",0,"F","F",9,"F","F","F","",0,0,"N",0,"N",0,"N",0,0,0,0,"9","","","","F","F","F","F","F","F","F","F","F","","","","F","F","F","F","F","","","","",0,9,0,0,0,0,0,0,0,31,"NY1","NY1","PIT",1,"T","F",2,2,0,12,0,"T","F",0,0,"T","T","kellg101","jackt101","T","T",0,0,0,0,0,0,0,0,0,"","","",0,0,0,0,0,0,0,0,0,0,0,0,0,"cuylk101","F","F","F","F",0,0,0,0,0,0,0,0,0,0,F,F,"1924NY1.EVN.regular.event.csv",2663
"NY1192407300","PIT",4,1,1,0,0,"",2,2,"kellg101","?","kellg101","?","coopw101","?","coopw101","?","smite106","grimc101","marar101","trayp101","wrigg102","bigbc101","carem101","cuylk101","","","","8/F","F","F",3,5,2,"T","T",0,"F","F",1,"F","F",0,"F","F",8,"F","F","F","",0,0,"N",0,"N",0,"N",0,0,0,0,"8","","","","F","F","F","F","F","F","F","F","F","","","","F","F","F","F","F","","","","",0,8,0,0,0,0,0,0,0,32,"NY1","NY1","PIT",1,"F","F",2,2,0,13,1,"T","F",0,0,"T","T","jackt101","grohh101","T","T",0,0,0,0,0,0,0,0,0,"","","",0,0,0,0,0,0,0,0,0,0,0,0,0,"carem101","F","F","F","F",0,0,0,0,0,0,0,0,0,0,F,F,"1924NY1.EVN.regular.event.csv",2664
"NY1192407300","PIT",4,1,2,0,0,"",2,2,"jackt101","?","jackt101","?","coopw101","?","coopw101","?","smite106","grimc101","marar101","trayp101","wrigg102","bigbc101","carem101","cuylk101","","","","K","F","F",6,6,3,"T","T",0,"F","F",1,"F","F",0,"F","F",0,"","F","F","",0,0,"N",0,"N",0,"N",0,0,0,0,"2","","","","F","F","F","F","F","F","F","F","F","","","","F","F","F","F","F","","","","",0,2,0,0,0,0,0,0,0,33,"NY1","NY1","PIT",1,"F","T",2,2,0,14,2,"T","F",0,0,"T","T","grohh101","snydf101","T","T",0,0,0,0,0,0,0,0,0,"","","",0,0,0,0,0,0,0,0,0,0,0,0,0,"","F","F","F","F",0,0,0,0,0,0,0,0,0,0,F,F,"1924NY1.EVN.regular.event.csv",2665
"NY1192407300","PIT",5,0,0,0,0,"",2,2,"smite106","?","smite106","?","jonnc101","?","jonnc101","?","snydf101","kellg101","frisf101","grohh101","jackt101","meusi101","wilsh102","soutb101","","","","31/G3L","T","F",2,8,2,"T","T",0,"F","F",1,"F","F",0,"F","F",3,"G","F","F","3L",0,0,"N",0,"N",0,"N",0,0,0,0,"31","","","","F","F","F","F","F","F","F","F","F","","","","F","F","F","F","F","","","","",0,1,0,0,3,0,0,0,0,34,"NY1","PIT","NY1",0,"T","F",2,2,0,16,0,"T","F",0,0,"T","T","coopw101","bigbc101","T","T",0,0,0,0,0,0,0,0,0,"","","",0,0,0,0,0,0,0,0,0,0,0,0,0,"kellg101","F","F","F","F",0,0,0,0,0,0,0,0,0,0,F,F,"1924NY1.EVN.regular.event.csv",2666
"NY1192407300","PIT",5,0,1,0,0,"",2,2,"coopw101","?","coopw101","?","jonnc101","?","jonnc101","?","snydf101","kellg101","frisf101","grohh101","jackt101","meusi101","wilsh102","soutb101","","","","63","F","F",1,9,2,"T","T",0,"F","F",1,"F","F",0,"F","F",6,"G","F","F","",0,0,"N",0,"N",0,"N",0,0,0,0,"63","","","","F","F","F","F","F","F","F","F","F","","","","F","F","F","F","F","","","","",0,3,0,0,6,0,0,0,0,35,"NY1","PIT","NY1",0,"F","F",2,2,0,17,1,"T","F",0,0,"T","T","bigbc101","carem101","T","T",0,0,0,0,0,0,0,0,0,"","","",0,0,0,0,0,0,0,0,0,0,0,0,0,"jackt101","F","F","F","F",0,0,0,0,0,0,0,0,0,0,F,F,"1924NY1.EVN.regular.event.csv",2667
"NY1192407300","PIT",5,0,2,0,0,"",2,2,"bigbc101","?","bigbc101","?","jonnc101","?","jonnc101","?","snydf101","kellg101","frisf101","grohh101","jackt101","meusi101","wilsh102","soutb101","","","","43","F","F",7,1,2,"T","T",0,"F","F",1,"F","F",0,"F","F",4,"G","F","F","",0,0,"N",0,"N",0,"N",0,0,0,0,"43","","","","F","F","F","F","F","F","F","F","F","","","","F","F","F","F","F","","","","",0,3,0,0,4,0,0,0,0,36,"NY1","PIT","NY1",0,"F","T",2,2,0,18,2,"T","F",0,0,"T","T","carem101","cuylk101","T","T",0,0,0,0,0,0,0,0,0,"","","",0,0,0,0,0,0,0,0,0,0,0,0,0,"frisf101","F","F","F","F",0,0,0,0,0,0,0,0,0,0,F,F,"1924NY1.EVN.regular.event.csv",2668
"NY1192407300","PIT",5,1,0,0,0,"",2,2,"grohh101","?","grohh101","?","coopw101","?","coopw101","?","smite106","grimc101","marar101","trayp101","wrigg102","bigbc101","carem101","cuylk101","","","","S7","T","F",5,7,20,"T","T",1,"F","F",0,"F","F",0,"F","F",7,"","F","F","",0,0,"N",0,"N",0,"N",1,0,0,0,"","","","","F","F","F","F","F","F","F","F","F","","","","F","F","F","F","F","","","","",0,0,0,0,0,0,0,0,0,37,"NY1","NY1","PIT",1,"T","F",2,2,0,15,0,"T","F",0,1,"T","T","snydf101","jonnc101","T","T",0,0,0,0,0,0,0,0,0,"","","",0,0,0,0,0,0,0,0,0,0,0,0,0,"bigbc101","F","F","F","F",0,0,0,0,0,0,0,0,0,0,F,F,"1924NY1.EVN.regular.event.csv",2669
"NY1192407300","PIT",5,1,0,0,0,"",2,2,"snydf101","?","snydf101","?","coopw101","?","coopw101","?","smite106","grimc101","marar101","trayp101","wrigg102","bigbc101","carem101","cuylk101","grohh101","","","64(1)3/GDP","F","F",2,8,2,"T","T",0,"F","F",2,"T","F",0,"F","F",6,"G","F","F","",0,0,"N",0,"N",0,"N",0,0,0,0,"43","64","","","F","F","F","F","F","F","F","F","F","coopw101","","","F","F","F","F","F","","","","",0,4,3,0,6,4,0,0,0,38,"NY1","NY1","PIT",1,"F","F",2,2,0,16,1,"T","F",1,0,"T","T","jonnc101","soutb101","T","T",5,7,37,0,0,0,0,0,0,"smite106","","",0,0,0,0,0,0,0,0,0,0,0,0,0,"wrigg102","T","F","F","F",0,0,0,0,0,0,0,0,0,0,F,F,"1924NY1.EVN.regular.event.csv",2670
"NY1192407300","PIT",5,1,2,0,0,"",2,2,"jonnc101","?","jonnc101","?","coopw101","?","coopw101","?","smite106","grimc101","marar101","trayp101","wrigg102","bigbc101","carem101","cuylk101","","","","K","F","F",1,9,3,"T","T",0,"F","F",1,"F","F",0,"F","F",0,"","F","F","",0,0,"N",0,"N",0,"N",0,0,0,0,"2","","","","F","F","F","F","F","F","F","F","F","","","","F","F","F","F","F","","","","",0,2,0,0,0,0,0,0,0,39,"NY1","NY1","PIT",1,"F","T",2,2,0,17,2,"T","F",0,0,"T","T","soutb101","frisf101","T","T",0,0,0,0,0,0,0,0,0,"","","",0,0,0,0,0,0,0,0,0,0,0,0,0,"","F","F","F","F",0,0,0,0,0,0,0,0,0,0,F,F,"1924NY1.EVN.regular.event.csv",2671
"NY1192407300","PIT",6,0,0,0,0,"",2,2,"carem101","?","carem101","?","jonnc101","?","jonnc101","?","snydf101","kellg101","frisf101","grohh101","jackt101","meusi101","wilsh102","soutb101","","","","9/L","T","F",8,2,2,"T","T",0,"F","F",1,"F","F",0,"F","F",9,"L","F","F","",0,0,"N",0,"N",0,"N",0,0,0,0,"9","","","","F","F","F","F","F","F","F","F","F","","","","F","F","F","F","F","","","","",0,9,0,0,0,0,0,0,0,40,"NY1","PIT","NY1",0,"T","F",2,2,0,19,0,"T","F",0,0,"T","T","cuylk101","wrigg102","T","T",0,0,0,0,0,0,0,0,0,"","","",0,0,0,0,0,0,0,0,0,0,0,0,0,"soutb101","F","F","F","F",0,0,0,0,1,0,0,0,0,0,F,F,"1924NY1.EVN.regular.event.csv",2672
"NY1192407300","PIT",6,0,1,0,0,"",2,2,"cuylk101","?","cuylk101","?","jonnc101","?","jonnc101","?","snydf101","kellg101","frisf101","grohh101","jackt101","meusi101","wilsh102","soutb101","","","","T9/L9S","F","F",9,3,22,"T","T",3,"F","F",0,"F","F",0,"F","F",9,"L","F","F","9S",0,0,"N",0,"N",0,"N",3,0,0,0,"","","","","F","F","F","F","F","F","F","F","F","","","","F","F","F","F","F","","","","",0,0,0,0,0,0,0,0,0,41,"NY1","PIT","NY1",0,"F","F",2,2,0,20,1,"T","F",0,4,"T","T","wrigg102","trayp101","T","T",0,0,0,0,0,0,0,0,0,"","","",0,0,0,0,0,0,0,0,0,0,0,0,0,"soutb101","F","F","F","F",4,0,0,0,1,0,0,0,0,0,F,F,"1924NY1.EVN.regular.event.csv",2673
"NY1192407300","PIT",6,0,1,0,0,"",2,2,"wrigg102","?","wrigg102","?","jonnc101","?","jonnc101","?","snydf101","kellg101","frisf101","grohh101","jackt101","meusi101","wilsh102","soutb101","","","cuylk101","2/FL","F","F",6,4,2,"T","T",0,"F","F",1,"F","F",0,"F","F",2,"F","F","T","",0,0,"N",0,"N",0,"N",0,0,0,3,"2","","","","F","F","F","F","F","F","F","F","F","","","jonnc101","F","F","F","F","F","","","","",0,2,0,0,0,0,0,0,0,42,"NY1","PIT","NY1",0,"F","F",2,2,0,21,2,"T","F",4,4,"T","T","trayp101","marar101","T","T",0,0,0,0,0,0,9,3,41,"","","snydf101",0,0,0,0,0,0,0,0,0,0,0,0,0,"snydf101","F","F","F","F",0,0,0,4,1,0,0,0,0,0,F,F,"1924NY1.EVN.regular.event.csv",2674
"NY1192407300","PIT",6,0,2,0,0,"",2,2,"trayp101","?","trayp101","?","jonnc101","?","jonnc101","?","snydf101","kellg101","frisf101","grohh101","jackt101","meusi101","wilsh102","soutb101","","","cuylk101","S7/G56.3-H","F","F",5,5,20,"T","T",1,"F","F",0,"F","F",1,"F","F",7,"G","F","F","56",0,0,"N",0,"N",0,"N",1,0,0,4,"","","","","F","F","F","F","F","F","F","F","F","","","jonnc101","F","F","F","F","F","","","","",0,0,0,0,0,0,0,0,0,43,"NY1","PIT","NY1",0,"F","F",2,2,0,22,3,"T","F",4,1,"T","T","marar101","grimc101","T","T",0,0,0,0,0,0,9,3,41,"","","snydf101",0,0,0,0,0,0,0,0,0,0,0,0,1,"meusi101","F","F","F","F",0,0,0,4,0,0,0,0,0,0,F,F,"1924NY1.EVN.regular.event.csv",2675
"NY1192407300","PIT",6,0,2,0,0,"",3,2,"marar101","?","marar101","?","jonnc101","?","jonnc101","?","snydf101","kellg101","frisf101","grohh101","jackt101","meusi101","wilsh102","soutb101","trayp101","","","K","F","F",4,6,3,"T","T",0,"F","F",1,"F","F",0,"F","F",0,"","F","F","",0,0,"N",0,"N",0,"N",0,1,0,0,"2","","","","F","F","F","F","F","F","F","F","F","jonnc101","","","F","F","F","F","F","","","","",0,2,0,0,0,0,0,0,0,44,"NY1","PIT","NY1",0,"F","T",3,2,1,23,4,"T","F",1,1,"T","T","grimc101","smite106","T","T",5,5,43,0,0,0,0,0,0,"snydf101","","",0,0,0,0,0,0,0,0,0,0,0,0,0,"","F","F","F","F",0,0,0,0,0,0,0,0,0,0,F,F,"1924NY1.EVN.regular.event.csv",2676
"NY1192407300","PIT",6,1,0,0,0,"",3,2,"soutb101","?","soutb101","?","coopw101","?","coopw101","?","smite106","grimc101","marar101","trayp101","wrigg102","bigbc101","carem101","cuylk101","","","","43","T","F",9,1,2,"T","T",0,"F","F",1,"F","F",0,"F","F",4,"G","F","F","",0,0,"N",0,"N",0,"N",0,0,0,0,"43","","","","F","F","F","F","F","F","F","F","F","","","","F","F","F","F","F","","","","",0,3,0,0,4,0,0,0,0,45,"NY1","NY1","PIT",1,"T","F",2,3,0,18,0,"T","F",0,0,"T","T","frisf101","wilsh102","T","T",0,0,0,0,0,0,0,0,0,"","","",0,0,0,0,0,0,0,0,0,0,0,0,0,"marar101","F","F","F","F",0,0,0,0,1,0,0,0,0,0,F,F,"1924NY1.EVN.regular.event.csv",2677
"NY1192407300","PIT",6,1,1,0,0,"",3,2,"frisf101","?","frisf101","?","coopw101","?","coopw101","?","smite106","grimc101","marar101","trayp101","wrigg102","bigbc101","carem101","cuylk101","","","","HR/L78/IPHR","F","F",4,2,23,"T","T",4,"F","F",0,"F","F",1,"F","F",0,"L","F","F","78",0,0,"N",0,"N",0,"N",4,0,0,0,"","","","","F","F","F","F","F","F","F","F","F","","","","F","F","F","F","F","","","","",0,0,0,0,0,0,0,0,0,46,"NY1","NY1","PIT",1,"F","F",2,3,0,19,1,"T","F",0,0,"T","T","wilsh102","meusi101","T","T",0,0,0,0,0,0,0,0,0,"","","",0,0,0,0,0,0,0,0,0,0,0,0,1,"","F","F","F","F",4,0,0,0,0,0,0,0,0,0,F,F,"1924NY1.EVN.regular.event.csv",2678
"NY1192407300","PIT",6,1,1,0,0,"",3,3,"wilsh102","?","wilsh102","?","coopw101","?","coopw101","?","smite106","grimc101","marar101","trayp101","wrigg102","bigbc101","carem101","cuylk101","","","","S9","F","F",8,3,20,"T","T",1,"F","F",0,"F","F",0,"F","F",9,"","F","F","",0,0,"N",0,"N",0,"N",1,0,0,0,"","","","","F","F","F","F","F","F","F","F","F","","","","F","F","F","F","F","","","","",0,0,0,0,0,0,0,0,0,47,"NY1","NY1","PIT",1,"F","F",3,3,1,20,2,"T","F",0,1,"T","T","meusi101","kellg101","T","T",0,0,0,0,0,0,0,0,0,"","","",0,0,0,0,0,0,0,0,0,0,0,0,0,"cuylk101","F","F","F","F",0,0,0,0,0,0,0,0,0,0,F,F,"1924NY1.EVN.regular.event.csv",2679
"NY1192407300","PIT",6,1,1,0,0,"",3,3,"meusi101","?","meusi101","?","coopw101","?","coopw101","?","smite106","grimc101","marar101","trayp101","wrigg102","bigbc101","carem101","cuylk101","wilsh102","","","8/F","F","F",7,4,2,"T","T",0,"F","F",1,"F","F",0,"F","F",8,"F","F","F","",0,0,"N",0,"N",0,"N",0,1,0,0,"8","","","","F","F","F","F","F","F","F","F","F","coopw101","","","F","F","F","F","F","","","","",0,8,0,0,0,0,0,0,0,48,"NY1","NY1","PIT",1,"F","F",3,3,1,21,3,"T","F",1,1,"T","T","kellg101","jackt101","T","T",8,3,47,0,0,0,0,0,0,"smite106","","",0,0,0,0,0,0,0,0,0,0,0,0,0,"carem101","F","F","F","F",0,0,0,0,0,0,0,0,0,0,F,F,"1924NY1.EVN.regular.event.csv",2680
"NY1192407300","PIT",6,1,2,0,0,"",3,3,"kellg101","?","kellg101","?","coopw101","?","coopw101","?","smite106","grimc101","marar101","trayp101","wrigg102","bigbc101","carem101","cuylk101","wilsh102","","","D7/7L.1-3","F","F",3,5,21,"T","T",2,"F","F",0,"F","F",0,"F","F",7,"","F","F","7L",0,0,"N",0,"N",0,"N",2,3,0,0,"","","","","F","F","F","F","F","F","F","F","F","coopw101","","","F","F","F","F","F","","","","",0,0,0,0,0,0,0,0,0,49,"NY1","NY1","PIT",1,"F","F",3,3,1,22,4,"T","F",1,6,"T","T","jackt101","grohh101","T","T",8,3,47,0,0,0,0,0,0,"smite106","","",0,0,0,0,0,0,0,0,0,0,0,0,0,"bigbc101","F","F","F","F",0,0,0,0,0,0,0,0,0,0,F,F,"1924NY1.EVN.regular.event.csv",2681
"NY1192407300","PIT",6,1,2,0,0,"",3,3,"jackt101","?","jackt101","?","coopw101","?","coopw101","?","smite106","grimc101","marar101","trayp101","wrigg102","bigbc101","carem101","cuylk101","","kellg101","wilsh102","8/F","F","F",6,6,2,"T","T",0,"F","F",1,"F","F",0,"F","F",8,"F","F","F","",0,0,"N",0,"N",0,"N",0,0,2,3,"8","","","","F","F","F","F","F","F","F","F","F","","coopw101","coopw101","F","F","F","F","F","","","","",0,8,0,0,0,0,0,0,0,50,"NY1","NY1","PIT",1,"F","T",3,3,1,23,5,"T","F",6,6,"T","T","grohh101","snydf101","T","T",0,0,0,3,5,49,8,3,47,"","smite106","smite106",0,0,0,0,0,0,0,0,0,0,0,0,0,"carem101","F","F","F","F",0,0,0,0,0,0,0,0,0,0,F,F,"1924NY1.EVN.regular.event.csv",2682
"NY1192407300","PIT",7,0,0,0,0,"",3,3,"grimc101","?","grimc101","?","jonnc101","?","jonnc101","?","snydf101","kellg101","frisf101","grohh101","jackt101","meusi101","wilsh102","soutb101","","","","S4/G4M","T","F",3,7,20,"T","T",1,"F","F",0,"F","F",0,"F","F",4,"G","F","F","4M",0,0,"N",0,"N",0,"N",1,0,0,0,"","","","","F","F","F","F","F","F","F","F","F","","","","F","F","F","F","F","","","","",0,0,0,0,0,0,0,0,0,51,"NY1","PIT","NY1",0,"T","F",3,3,0,24,0,"T","F",0,1,"T","T","smite106","coopw101","T","T",0,0,0,0,0,0,0,0,0,"","","",0,0,0,0,0,0,0,0,0,0,0,0,0,"frisf101","F","F","F","F",0,0,0,0,0,0,0,0,0,0,F,F,"1924NY1.EVN.regular.event.csv",2683
"NY1192407300","PIT",7,0,0,0,0,"",3,3,"smite106","?","smite106","?","jonnc101","?","jonnc101","?","snydf101","kellg101","frisf101","grohh101","jackt101","meusi101","wilsh102","soutb101","grimc101","","","36(1)3/GDP","F","F",2,8,2,"T","T",0,"F","F",2,"T","F",0,"F","F",3,"G","F","F","",0,0,"N",0,"N",0,"N",0,0,0,0,"63","36","","","F","F","F","F","F","F","F","F","F","jonnc101","","","F","F","F","F","F","","","","",0,6,3,0,3,6,0,0,0,52,"NY1","PIT","NY1",0,"F","F",3,3,0,25,1,"T","F",1,0,"T","T","coopw101","bigbc101","T","T",3,7,51,0,0,0,0,0,0,"snydf101","","",0,0,0,0,0,0,0,0,0,0,0,0,0,"kellg101","T","F","F","F",0,0,0,0,0,0,0,0,0,0,F,F,"1924NY1.EVN.regular.event.csv",2684
"NY1192407300","PIT",7,0,2,0,0,"",3,3,"coopw101","?","coopw101","?","jonnc101","?","jonnc101","?","snydf101","kellg101","frisf101","grohh101","jackt101","meusi101","wilsh102","soutb101","","","","63","F","F",1,9,2,"T","T",0,"F","F",1,"F","F",0,"F","F",6,"G","F","F","",0,0,"N",0,"N",0,"N",0,0,0,0,"63","","","","F","F","F","F","F","F","F","F","F","","","","F","F","F","F","F","","","","",0,3,0,0,6,0,0,0,0,53,"NY1","PIT","NY1",0,"F","T",3,3,0,26,2,"T","F",0,0,"T","T","bigbc101","carem101","T","T",0,0,0,0,0,0,0,0,0,"","","",0,0,0,0,0,0,0,0,0,0,0,0,0,"jackt101","F","F","F","F",0,0,0,0,0,0,0,0,0,0,F,F,"1924NY1.EVN.regular.event.csv",2685
"NY1192407300","PIT",7,1,0,0,0,"",3,3,"grohh101","?","grohh101","?","coopw101","?","coopw101","?","smite106","grimc101","marar101","trayp101","wrigg102","bigbc101","carem101","cuylk101","","","","S5/G56","T","F",5,7,20,"T","T",1,"F","F",0,"F","F",0,"F","F",5,"G","F","F","56",0,0,"N",0,"N",0,"N",1,0,0,0,"","","","","F","F","F","F","F","F","F","F","F","","","","F","F","F","F","F","","","","",0,0,0,0,0,0,0,0,0,54,"NY1","NY1","PIT",1,"T","F",3,3,0,24,0,"T","F",0,1,"T","T","snydf101","jonnc101","T","T",0,0,0,0,0,0,0,0,0,"","","",0,0,0,0,0,0,0,0,0,0,0,0,0,"trayp101","F","F","F","F",0,0,0,0,0,0,0,0,0,0,F,F,"1924NY1.EVN.regular.event.csv",2686
"NY1192407300","PIT",7,1,0,0,0,"",3,3,"snydf101","?","snydf101","?","coopw101","?","coopw101","?","smite106","grimc101","marar101","trayp101","wrigg102","bigbc101","carem101","cuylk101","grohh101","","","9/L","F","F",2,8,2,"T","T",0,"F","F",1,"F","F",0,"F","F",9,"L","F","F","",0,0,"N",0,"N",0,"N",0,1,0,0,"9","","","","F","F","F","F","F","F","F","F","F","coopw101","","","F","F","F","F","F","","","","",0,9,0,0,0,0,0,0,0,55,"NY1","NY1","PIT",1,"F","F",3,3,0,25,1,"T","F",1,1,"T","T","jonnc101","soutb101","T","T",5,7,54,0,0,0,0,0,0,"smite106","","",0,0,0,0,0,0,0,0,0,0,0,0,0,"cuylk101","F","F","F","F",0,0,0,0,0,0,0,0,0,0,F,F,"1924NY1.EVN.regular.event.csv",2687
"NY1192407300","PIT",7,1,1,0,0,"",3,3,"jonnc101","?","jonnc101","?","coopw101","?","coopw101","?","smite106","grimc101","marar101","trayp101","wrigg102","bigbc101","carem101","cuylk101","grohh101","","","16(1)3/GDP","F","F",1,9,2,"T","T",0,"F","F",2,"T","F",0,"F","F",1,"G","F","F","",0,0,"N",0,"N",0,"N",0,0,0,0,"63","16","","","F","F","F","F","F","F","F","F","F","coopw101","","","F","F","F","F","F","","","","",0,6,3,0,1,6,0,0,0,56,"NY1","NY1","PIT",1,"F","T",3,3,0,26,2,"T","F",1,0,"T","T","soutb101","frisf101","T","T",5,7,54,0,0,0,0,0,0,"smite106","","",0,0,0,0,0,0,0,0,0,0,0,0,0,"coopw101","T","F","F","F",0,0,0,0,0,0,0,0,0,0,F,F,"1924NY1.EVN.regular.event.csv",2688
"NY1192407300","PIT",8,0,0,0,0,"",3,3,"bigbc101","?","bigbc101","?","jonnc101","?","jonnc101","?","snydf101","kellg101","frisf101","grohh101","jackt101","meusi101","wilsh102","soutb101","","","","E9/F89S","T","F",7,1,18,"T","T",0,"F","F",0,"F","F",0,"F","F",9,"F","F","F","89S",1,9,"F",0,"N",0,"N",1,0,0,0,"","","","","F","F","F","F","F","F","F","F","F","","","","F","F","F","F","F","","","","",0,0,0,0,0,0,0,0,0,57,"NY1","PIT","NY1",0,"T","F",3,3,0,27,0,"T","F",0,1,"T","T","carem101","cuylk101","T","T",0,0,0,0,0,0,0,0,0,"","","",0,0,0,0,0,0,0,0,0,0,0,0,0,"soutb101","F","F","F","T",5,0,0,0,1,0,0,0,0,0,F,F,"1924NY1.EVN.regular.event.csv",2689
"NY1192407300","PIT",8,0,0,0,0,"",3,3,"carem101","?","carem101","?","jonnc101","?","jonnc101","?","snydf101","kellg101","frisf101","grohh101","jackt101","meusi101","wilsh102","soutb101","bigbc101","","","13/SH.1-2","F","F",8,2,2,"T","F",0,"T","F",1,"F","F",0,"F","F",1,"G","T","F","",0,0,"N",0,"N",0,"N",0,2,0,0,"13","","","","F","F","F","F","F","F","F","F","F","jonnc101","","","F","F","F","F","F","","","","",0,3,0,0,1,0,0,0,0,58,"NY1","PIT","NY1",0,"F","F",3,3,0,28,1,"T","F",1,2,"T","T","cuylk101","wrigg102","T","T",7,1,57,0,0,0,0,0,0,"snydf101","","",0,0,0,0,0,0,0,0,0,0,0,0,0,"jonnc101","F","F","F","F",0,5,0,0,1,0,0,0,0,0,F,F,"1924NY1.EVN.regular.event.csv",2690
"NY1192407300","PIT",8,0,1,0,0,"",3,3,"cuylk101","?","cuylk101","?","jonnc101","?","jonnc101","?","snydf101","kellg101","frisf101","grohh101","jackt101","meusi101","wilsh102","soutb101","","bigbc101","","S/L6D.2-H(UR)","F","F",9,3,20,"T","T",1,"F","F",0,"F","F",1,"F","F",0,"L","F","F","6D",0,0,"N",0,"N",0,"N",1,0,5,0,"","","","","F","F","F","F","F","F","F","F","F","","jonnc101","","F","F","F","F","F","","","","",0,0,0,0,0,0,0,0,0,59,"NY1","PIT","NY1",0,"F","F",3,3,0,29,2,"T","F",2,1,"T","T","wrigg102","trayp101","T","T",0,0,0,7,1,57,0,0,0,"","snydf101","",0,0,0,0,0,0,0,0,0,0,0,0,1,"","F","F","F","F",0,0,5,0,0,0,0,0,0,0,F,F,"1924NY1.EVN.regular.event.csv",2691
"NY1192407300","PIT",8,0,1,0,0,"",4,3,"wrigg102","?","wrigg102","?","jonnc101","?","jonnc101","?","snydf101","kellg101","frisf101","grohh101","jackt101","meusi101","wilsh102","soutb101","cuylk101","","","8/F8XD","F","F",6,4,2,"T","T",0,"F","F",1,"F","F",0,"F","F",8,"F","F","F","8XD",0,0,"N",0,"N",0,"N",0,1,0,0,"8","","","","F","F","F","F","F","F","F","F","F","jonnc101","","","F","F","F","F","F","","","","",0,8,0,0,0,0,0,0,0,60,"NY1","PIT","NY1",0,"F","F",4,3,1,30,3,"T","F",1,1,"T","T","trayp101","marar101","T","T",9,3,59,0,0,0,0,0,0,"snydf101","","",0,0,0,0,0,0,0,0,0,0,0,0,0,"wilsh102","F","F","F","F",0,0,0,0,0,0,0,0,0,0,F,F,"1924NY1.EVN.regular.event.csv",2692
"NY1192407300","PIT",8,0,2,0,0,"",4,3,"trayp101","?","trayp101","?","jonnc101","?","jonnc101","?","snydf101","kellg101","frisf101","grohh101","jackt101","meusi101","wilsh102","soutb101","cuylk101","","","8/L","F","F",5,5,2,"T","T",0,"F","F",1,"F","F",0,"F","F",8,"L","F","F","",0,0,"N",0,"N",0,"N",0,1,0,0,"8","","","","F","F","F","F","F","F","F","F","F","jonnc101","","","F","F","F","F","F","","","","",0,8,0,0,0,0,0,0,0,61,"NY1","PIT","NY1",0,"F","T",4,3,1,31,4,"T","F",1,1,"T","T","marar101","grimc101","T","T",9,3,59,0,0,0,0,0,0,"snydf101","","",0,0,0,0,0,0,0,0,0,0,0,0,0,"wilsh102","F","F","F","F",0,0,0,0,0,0,0,0,0,0,F,F,"1924NY1.EVN.regular.event.csv",2693
"NY1192407300","PIT",8,1,0,0,0,"",4,3,"soutb101","?","soutb101","?","coopw101","?","coopw101","?","smite106","grimc101","marar101","trayp101","wrigg102","bigbc101","carem101","cuylk101","","","","8/F","T","F",9,1,2,"T","T",0,"F","F",1,"F","F",0,"F","F",8,"F","F","F","",0,0,"N",0,"N",0,"N",0,0,0,0,"8","","","","F","F","F","F","F","F","F","F","F","","","","F","F","F","F","F","","","","",0,8,0,0,0,0,0,0,0,62,"NY1","NY1","PIT",1,"T","F",3,4,0,27,0,"T","F",0,0,"T","T","frisf101","wilsh102","T","T",0,0,0,0,0,0,0,0,0,"","","",0,0,0,0,0,0,0,0,0,0,0,0,0,"carem101","F","F","F","F",0,0,0,0,0,0,0,0,0,0,F,F,"1924NY1.EVN.regular.event.csv",2694
"NY1192407300","PIT",8,1,1,0,0,"",4,3,"frisf101","?","frisf101","?","coopw101","?","coopw101","?","smite106","grimc101","marar101","trayp101","wrigg102","bigbc101","carem101","cuylk101","","","","S9","F","F",4,2,20,"T","T",1,"F","F",0,"F","F",0,"F","F",9,"","F","F","",0,0,"N",0,"N",0,"N",1,0,0,0,"","","","","F","F","F","F","F","F","F","F","F","","","","F","F","F","F","F","","","","",0,0,0,0,0,0,0,0,0,63,"NY1","NY1","PIT",1,"F","F",3,4,0,28,1,"T","F",0,1,"T","T","wilsh102","meusi101","T","T",0,0,0,0,0,0,0,0,0,"","","",0,0,0,0,0,0,0,0,0,0,0,0,0,"cuylk101","F","F","F","F",0,0,0,0,0,0,0,0,0,0,F,F,"1924NY1.EVN.regular.event.csv",2695
"NY1192407300","PIT",8,1,1,0,0,"",4,3,"wilsh102","?","wilsh102","?","coopw101","?","coopw101","?","smite106","grimc101","marar101","trayp101","wrigg102","bigbc101","carem101","cuylk101","frisf101","","","SB2","F","F",8,3,4,"F","F",0,"F","F",0,"F","F",0,"F","F",0,"","F","F","",0,0,"N",0,"N",0,"N",0,2,0,0,"","","","","T","F","F","F","F","F","F","F","F","coopw101","","","F","F","F","F","F","","","","",0,0,0,0,0,0,0,0,0,64,"NY1","NY1","PIT",1,"F","F",3,4,0,29,2,"T","F",1,2,"T","T","meusi101","kellg101","T","T",4,2,63,0,0,0,0,0,0,"smite106","","",0,0,0,0,0,0,0,0,0,0,0,0,0,"","F","F","F","F",0,0,0,0,0,0,0,0,0,0,F,F,"1924NY1.EVN.regular.event.csv",2696
"NY1192407300","PIT",8,1,1,0,0,"",4,3,"wilsh102","?","wilsh102","?","coopw101","?","coopw101","?","smite106","grimc101","marar101","trayp101","wrigg102","bigbc101","carem101","cuylk101","","frisf101","","K","F","F",8,3,3,"T","T",0,"F","F",1,"F","F",0,"F","F",0,"","F","F","",0,0,"N",0,"N",0,"N",0,0,2,0,"2","","","","F","F","F","F","F","F","F","F","F","","coopw101","","F","F","F","F","F","","","","",0,2,0,0,0,0,0,0,0,65,"NY1","NY1","PIT",1,"F","F",3,4,0,29,2,"F","F",2,2,"T","T","meusi101","kellg101","T","T",0,0,0,4,2,63,0,0,0,"","smite106","",0,0,0,0,0,0,0,0,0,0,0,0,0,"","F","F","F","F",0,0,0,0,0,0,0,0,0,0,F,F,"1924NY1.EVN.regular.event.csv",2697
"NY1192407300","PIT",8,1,2,3,0,"BBBB",4,3,"meusi101","?","meusi101","?","coopw101","?","coopw101","?","smite106","grimc101","marar101","trayp101","wrigg102","bigbc101","carem101","cuylk101","","frisf101","","W","F","F",7,4,14,"T","F",0,"F","F",0,"F","F",0,"F","F",0,"","F","F","",0,0,"N",0,"N",0,"N",1,0,2,0,"","","","","F","F","F","F","F","F","F","F","F","","coopw101","","F","F","F","F","F","","","","",0,0,0,0,0,0,0,0,0,66,"NY1","NY1","PIT",1,"F","F",3,4,0,30,3,"T","F",2,3,"T","T","kellg101","jackt101","T","T",0,0,0,4,2,63,0,0,0,"","smite106","",4,4,0,0,0,0,0,0,0,0,0,0,0,"","F","F","F","F",0,0,0,0,0,0,0,0,0,0,F,F,"1924NY1.EVN.regular.event.csv",2698
"NY1192407300","PIT",8,1,2,0,0,"",4,3,"kellg101","?","kellg101","?","coopw101","?","coopw101","?","goocj101","grimc101","marar101","trayp101","wrigg102","bigbc101","carem101","cuylk101","meusi101","frisf101","","3/FL","F","F",3,5,2,"T","T",0,"F","F",1,"F","F",0,"F","F",3,"F","F","T","",0,0,"N",0,"N",0,"N",0,1,2,0,"3","","","","F","F","F","F","F","F","F","F","F","coopw101","coopw101","","F","F","F","F","F","","","","",0,3,0,0,0,0,0,0,0,67,"NY1","NY1","PIT",1,"F","T",3,4,0,31,4,"T","F",3,3,"T","T","jackt101","grohh101","T","T",7,4,66,4,2,63,0,0,0,"smite106","smite106","",0,0,0,0,0,0,0,0,0,0,0,0,0,"grimc101","F","F","F","F",0,0,0,0,0,0,0,0,0,0,F,F,"1924NY1.EVN.regular.event.csv",2699
"NY1192407300","PIT",9,0,0,0,0,"",4,3,"marar101","?","marar101","?","jonnc101","?","jonnc101","?","snydf101","kellg101","frisf101","grohh101","jackt101","meusi101","wilsh102","soutb101","","","","43","T","F",4,6,2,"T","T",0,"F","F",1,"F","F",0,"F","F",4,"G","F","F","",0,0,"N",0,"N",0,"N",0,0,0,0,"43","","","","F","F","F","F","F","F","F","F","F","","","","F","F","F","F","F","","","","",0,3,0,0,4,0,0,0,0,68,"NY1","PIT","NY1",0,"T","F",4,3,0,32,0,"T","F",0,0,"T","T","grimc101","goocj101","T","T",0,0,0,0,0,0,0,0,0,"","","",0,0,0,0,0,0,0,0,0,0,0,0,0,"frisf101","F","F","F","F",0,0,0,0,2,0,0,0,0,0,F,F,"1924NY1.EVN.regular.event.csv",2700
"NY1192407300","PIT",9,0,1,0,0,"",4,3,"grimc101","?","grimc101","?","jonnc101","?","jonnc101","?","snydf101","kellg101","frisf101","grohh101","jackt101","meusi101","wilsh102","soutb101","","","","S/G46","F","F",3,7,20,"T","T",1,"F","F",0,"F","F",0,"F","F",0,"G","F","F","46",0,0,"N",0,"N",0,"N",1,0,0,0,"","","","","F","F","F","F","F","F","F","F","F","","","","F","F","F","F","F","","","","",0,0,0,0,0,0,0,0,0,69,"NY1","PIT","NY1",0,"F","F",4,3,0,33,1,"T","F",0,1,"T","T","goocj101","coopw101","T","T",0,0,0,0,0,0,0,0,0,"","","",0,0,0,0,0,0,0,0,0,0,0,0,0,"","F","F","F","F",4,0,0,0,2,0,0,0,0,0,F,F,"1924NY1.EVN.regular.event.csv",2701
"NY1192407300","PIT",9,0,1,0,0,"",4,3,"goocj101","?","goocj101","?","jonnc101","?","jonnc101","?","snydf101","kellg101","frisf101","grohh101","jackt101","meusi101","wilsh102","soutb101","grimc101","","","T8/78D.1-H","F","F",2,8,22,"T","T",3,"F","F",0,"F","F",1,"F","F",8,"","F","F","78D",0,0,"N",0,"N",0,"N",3,4,0,0,"","","","","F","F","F","F","F","F","F","F","F","jonnc101","","","F","F","F","F","F","","","","",0,0,0,0,0,0,0,0,0,70,"NY1","PIT","NY1",0,"F","F",4,3,0,34,2,"T","F",1,4,"F","F","coopw101","bigbc101","T","T",3,7,69,0,0,0,0,0,0,"snydf101","","",0,0,0,0,0,0,0,0,0,0,0,0,1,"wilsh102","F","F","F","F",4,4,0,0,1,0,0,0,0,0,F,F,"1924NY1.EVN.regular.event.csv",2702
"NY1192407300","PIT",9,0,1,0,0,"",5,3,"coopw101","?","coopw101","?","jonnc101","?","jonnc101","?","snydf101","kellg101","frisf101","grohh101","jackt101","meusi101","wilsh102","soutb101","","","goocj101","13/SH.3-H","F","F",1,9,2,"T","F",0,"T","F",1,"F","F",1,"F","F",1,"G","T","F","",0,0,"N",0,"N",0,"N",0,0,0,4,"13","","","","F","F","F","F","F","F","F","F","F","","","jonnc101","F","F","F","F","F","","","","",0,3,0,0,1,0,0,0,0,71,"NY1","PIT","NY1",0,"F","F",5,3,1,35,3,"T","F",4,0,"T","T","bigbc101","carem101","T","T",0,0,0,0,0,0,2,8,70,"","","snydf101",0,0,0,0,0,0,0,0,0,0,0,0,1,"jonnc101","F","F","F","F",0,0,0,4,0,0,0,0,0,0,F,F,"1924NY1.EVN.regular.event.csv",2703
"NY1192407300","PIT",9,0,2,0,0,"",6,3,"bigbc101","?","bigbc101","?","jonnc101","?","jonnc101","?","snydf101","kellg101","frisf101","grohh101","jackt101","meusi101","wilsh102","soutb101","","","","43","F","F",7,1,2,"T","T",0,"F","F",1,"F","F",0,"F","F",4,"G","F","F","",0,0,"N",0,"N",0,"N",0,0,0,0,"43","","","","F","F","F","F","F","F","F","F","F","","","","F","F","F","F","F","","","","",0,3,0,0,4,0,0,0,0,72,"NY1","PIT","NY1",0,"F","T",6,3,2,36,4,"T","F",0,0,"T","T","carem101","cuylk101","T","T",0,0,0,0,0,0,0,0,0,"","","",0,0,0,0,0,0,0,0,0,0,0,0,0,"frisf101","F","F","F","F",0,0,0,0,0,0,0,0,0,0,F,F,"1924NY1.EVN.regular.event.csv",2704
"NY1192407300","PIT",9,1,0,0,0,"",6,3,"jackt101","?","jackt101","?","coopw101","?","coopw101","?","goocj101","grimc101","marar101","trayp101","wrigg102","bigbc101","carem101","cuylk101","","","","D7/7L","T","F",6,6,21,"T","T",2,"F","F",0,"F","F",0,"F","F",7,"","F","F","7L",0,0,"N",0,"N",0,"N",2,0,0,0,"","","","","F","F","F","F","F","F","F","F","F","","","","F","F","F","F","F","","","","",0,0,0,0,0,0,0,0,0,73,"NY1","NY1","PIT",1,"T","F",3,6,0,32,0,"T","F",0,2,"T","T","grohh101","snydf101","T","T",0,0,0,0,0,0,0,0,0,"","","",0,0,0,0,0,0,0,0,0,0,0,0,0,"bigbc101","F","F","F","F",3,0,0,0,0,0,0,0,0,0,F,F,"1924NY1.EVN.regular.event.csv",2705
"NY1192407300","PIT",9,1,0,0,0,"",6,3,"grohh101","?","grohh101","?","coopw101","?","coopw101","?","goocj101","grimc101","marar101","trayp101","wrigg102","bigbc101","carem101","cuylk101","","jackt101","","S9.2-3","F","F",5,7,20,"T","T",1,"F","F",0,"F","F",0,"F","F",9,"","F","F","",0,0,"N",0,"N",0,"N",1,0,3,0,"","","","","F","F","F","F","F","F","F","F","F","","coopw101","","F","F","F","F","F","","","","",0,0,0,0,0,0,0,0,0,74,"NY1","NY1","PIT",1,"F","F",3,6,0,33,1,"T","F",2,5,"T","T","snydf101","jonnc101","T","T",0,0,0,6,6,73,0,0,0,"","goocj101","",0,0,0,0,0,0,0,0,0,0,0,0,0,"cuylk101","F","F","F","F",0,0,3,0,0,0,0,0,0,0,F,F,"1924NY1.EVN.regular.event.csv",2706
"NY1192407300","PIT",9,1,0,0,0,"",6,3,"snydf101","?","snydf101","?","coopw101","?","coopw101","?","goocj101","grimc101","marar101","trayp101","wrigg102","bigbc101","carem101","cuylk101","grohh101","","jackt101","6/LDP.1X1(63)","F","F",2,8,2,"T","T",0,"F","F",2,"T","F",0,"F","F",6,"L","F","F","",0,0,"N",0,"N",0,"N",0,0,0,3,"6","63","","","F","F","F","F","F","F","F","F","F","coopw101","","coopw101","F","F","F","F","F","","","","",0,6,3,0,6,0,0,0,0,75,"NY1","NY1","PIT",1,"F","F",3,6,0,34,2,"T","F",5,4,"T","T","jonnc101","soutb101","T","T",5,7,74,0,0,0,6,6,73,"goocj101","","goocj101",0,0,0,0,0,0,0,0,0,0,0,0,0,"wrigg102","F","F","F","F",0,0,0,3,0,0,0,0,0,0,F,F,"1924NY1.EVN.regular.event.csv",2707
"NY1192407300","PIT",9,1,2,0,0,"",6,3,"gowdh101","?","gowdh101","?","coopw101","?","coopw101","?","goocj101","grimc101","marar101","trayp101","wrigg102","bigbc101","carem101","cuylk101","","","jackt101","4/P4D","F","T",11,9,2,"T","T",0,"F","F",1,"F","F",0,"F","F",4,"P","F","F","4D",0,0,"N",0,"N",0,"N",0,0,0,3,"4","","","","F","F","F","F","F","F","F","F","F","","","coopw101","F","T","F","F","F","","","","jonnc101",1,4,0,0,0,0,0,0,0,76,"NY1","NY1","PIT",1,"F","T",3,6,0,35,3,"T","F",4,4,"F","F","soutb101","frisf101","T","T",0,0,0,0,0,0,6,6,73,"","","goocj101",0,0,0,0,0,0,0,0,0,0,0,0,0,"marar101","F","F","F","F",0,0,0,3,0,0,0,0,0,0,F,F,"1924NY1.EVN.regular.event.csv",2708
"NY1192407310","PIT",1,0,0,0,0,"",0,0,"bigbc101","?","bigbc101","?","watsm103","?","watsm103","?","snydf101","kellg101","frisf101","grohh101","jackt101","meusi101","wilsh102","soutb101","","","","63","T","F",7,1,2,"T","T",0,"F","F",1,"F","F",0,"F","F",6,"G","F","F","",0,0,"N",0,"N",0,"N",0,0,0,0,"63","","","","F","F","F","F","F","F","F","F","F","","","","T","F","F","F","F","","","","",0,3,0,0,6,0,0,0,0,1,"NY1","PIT","NY1",0,"T","F",0,0,0,0,0,"T","F",0,0,"T","T","carem101","cuylk101","T","T",0,0,0,0,0,0,0,0,0,"","","",0,0,0,0,0,0,0,0,0,0,0,0,0,"jackt101","F","F","F","F",0,0,0,0,0,0,0,0,0,0,F,F,"1924NY1.EVN.regular.event.csv",2709
"NY1192407310","PIT",1,0,1,0,0,"",0,0,"carem101","?","carem101","?","watsm103","?","watsm103","?","snydf101","kellg101","frisf101","grohh101","jackt101","meusi101","wilsh102","soutb101","","","","3/G","F","F",8,2,2,"T","T",0,"F","F",1,"F","F",0,"F","F",3,"G","F","F","",0,0,"N",0,"N",0,"N",0,0,0,0,"3","","","","F","F","F","F","F","F","F","F","F","","","","F","F","F","F","F","","","","",0,3,0,0,0,0,0,0,0,2,"NY1","PIT","NY1",0,"F","F",0,0,0,1,1,"T","F",0,0,"T","T","cuylk101","wrigg102","T","T",0,0,0,0,0,0,0,0,0,"","","",0,0,0,0,0,0,0,0,0,0,0,0,0,"kellg101","F","F","F","F",0,0,0,0,0,0,0,0,0,0,F,F,"1924NY1.EVN.regular.event.csv",2710
"NY1192407310","PIT",1,0,2,0,0,"",0,0,"cuylk101","?","cuylk101","?","watsm103","?","watsm103","?","snydf101","kellg101","frisf101","grohh101","jackt101","meusi101","wilsh102","soutb101","","","","S6/G6MS","F","F",9,3,20,"T","T",1,"F","F",0,"F","F",0,"F","F",6,"G","F","F","6MS",0,0,"N",0,"N",0,"N",1,0,0,0,"","","","","F","F","F","F","F","F","F","F","F","","","","F","F","F","F","F","","","","",0,0,0,0,0,0,0,0,0,3,"NY1","PIT","NY1",0,"F","F",0,0,0,2,2,"T","F",0,1,"T","T","wrigg102","trayp101","T","T",0,0,0,0,0,0,0,0,0,"","","",0,0,0,0,0,0,0,0,0,0,0,0,0,"jackt101","F","F","F","F",0,0,0,0,0,0,0,0,0,0,F,F,"1924NY1.EVN.regular.event.csv",2711
"NY1192407310","PIT",1,0,2,0,0,"",0,0,"wrigg102","?","wrigg102","?","watsm103","?","watsm103","?","snydf101","kellg101","frisf101","grohh101","jackt101","meusi101","wilsh102","soutb101","cuylk101","","","7/F","F","F",6,4,2,"T","T",0,"F","F",1,"F","F",0,"F","F",7,"F","F","F","",0,0,"N",0,"N",0,"N",0,1,0,0,"7","","","","F","F","F","F","F","F","F","F","F","watsm103","","","F","F","F","F","F","","","","",0,7,0,0,0,0,0,0,0,4,"NY1","PIT","NY1",0,"F","T",0,0,0,3,3,"T","F",1,1,"T","T","trayp101","marar101","T","T",9,3,3,0,0,0,0,0,0,"snydf101","","",0,0,0,0,0,0,0,0,0,0,0,0,0,"meusi101","F","F","F","F",0,0,0,0,0,0,0,0,0,0,F,F,"1924NY1.EVN.regular.event.csv",2712
"NY1192407310","PIT",1,1,0,0,0,"",0,0,"soutb101","?","soutb101","?","meadl101","?","meadl101","?","smite106","grimc101","marar101","trayp101","wrigg102","bigbc101","carem101","cuylk101","","","","8/F","T","F",9,1,2,"T","T",0,"F","F",1,"F","F",0,"F","F",8,"F","F","F","",0,0,"N",0,"N",0,"N",0,0,0,0,"8","","","","F","F","F","F","F","F","F","F","F","","","","F","F","F","F","F","","","","",0,8,0,0,0,0,0,0,0,5,"NY1","NY1","PIT",1,"T","F",0,0,0,0,0,"T","F",0,0,"T","T","frisf101","wilsh102","T","T",0,0,0,0,0,0,0,0,0,"","","",0,0,0,0,0,0,0,0,0,0,0,0,0,"carem101","F","F","F","F",0,0,0,0,0,0,0,0,0,0,F,F,"1924NY1.EVN.regular.event.csv",2713
"NY1192407310","PIT",1,1,1,0,0,"",0,0,"frisf101","?","frisf101","?","meadl101","?","meadl101","?","smite106","grimc101","marar101","trayp101","wrigg102","bigbc101","carem101","cuylk101","","","","6/L","F","F",4,2,2,"T","T",0,"F","F",1,"F","F",0,"F","F",6,"L","F","F","",0,0,"N",0,"N",0,"N",0,0,0,0,"6","","","","F","F","F","F","F","F","F","F","F","","","","F","F","F","F","F","","","","",0,6,0,0,0,0,0,0,0,6,"NY1","NY1","PIT",1,"F","F",0,0,0,1,1,"T","F",0,0,"T","T","wilsh102","meusi101","T","T",0,0,0,0,0,0,0,0,0,"","","",0,0,0,0,0,0,0,0,0,0,0,0,0,"wrigg102","F","F","F","F",0,0,0,0,0,0,0,0,0,0,F,F,"1924NY1.EVN.regular.event.csv",2714
"NY1192407310","PIT",1,1,2,0,0,"",0,0,"wilsh102","?","wilsh102","?","meadl101","?","meadl101","?","smite106","grimc101","marar101","trayp101","wrigg102","bigbc101","carem101","cuylk101","","","","W","F","F",8,3,14,"T","F",0,"F","F",0,"F","F",0,"F","F",0,"","F","F","",0,0,"N",0,"N",0,"N",1,0,0,0,"","","","","F","F","F","F","F","F","F","F","F","","","","F","F","F","F","F","","","","",0,0,0,0,0,0,0,0,0,7,"NY1","NY1","PIT",1,"F","F",0,0,0,2,2,"T","F",0,1,"T","T","meusi101","kellg101","T","T",0,0,0,0,0,0,0,0,0,"","","",0,0,0,0,0,0,0,0,0,0,0,0,0,"","F","F","F","F",0,0,0,0,0,0,0,0,0,0,F,F,"1924NY1.EVN.regular.event.csv",2715
"NY1192407310","PIT",1,1,2,0,0,"",0,0,"meusi101","?","meusi101","?","meadl101","?","meadl101","?","smite106","grimc101","marar101","trayp101","wrigg102","bigbc101","carem101","cuylk101","wilsh102","","","43","F","F",7,4,2,"T","T",0,"F","F",1,"F","F",0,"F","F",4,"G","F","F","",0,0,"N",0,"N",0,"N",0,1,0,0,"43","","","","F","F","F","F","F","F","F","F","F","meadl101","","","F","F","F","F","F","","","","",0,3,0,0,4,0,0,0,0,8,"NY1","NY1","PIT",1,"F","T",0,0,0,3,3,"T","F",1,1,"T","T","kellg101","jackt101","T","T",8,3,7,0,0,0,0,0,0,"smite106","","",0,0,0,0,0,0,0,0,0,0,0,0,0,"marar101","F","F","F","F",0,0,0,0,0,0,0,0,0,0,F,F,"1924NY1.EVN.regular.event.csv",2716
"NY1192407310","PIT",2,0,0,0,0,"",0,0,"trayp101","?","trayp101","?","watsm103","?","watsm103","?","snydf101","kellg101","frisf101","grohh101","jackt101","meusi101","wilsh102","soutb101","","","","S7","T","F",5,5,20,"T","T",1,"F","F",0,"F","F",0,"F","F",7,"","F","F","",0,0,"N",0,"N",0,"N",1,0,0,0,"","","","","F","F","F","F","F","F","F","F","F","","","","F","F","F","F","F","","","","",0,0,0,0,0,0,0,0,0,9,"NY1","PIT","NY1",0,"T","F",0,0,0,4,0,"T","F",0,1,"T","T","marar101","grimc101","T","T",0,0,0,0,0,0,0,0,0,"","","",0,0,0,0,0,0,0,0,0,0,0,0,0,"meusi101","F","F","F","F",4,0,0,0,5,0,0,0,0,0,F,F,"1924NY1.EVN.regular.event.csv",2717
"NY1192407310","PIT",2,0,0,0,0,"",0,0,"marar101","?","marar101","?","watsm103","?","watsm103","?","snydf101","kellg101","frisf101","grohh101","jackt101","meusi101","wilsh102","soutb101","trayp101","","","SB2","F","F",4,6,4,"F","F",0,"F","F",0,"F","F",0,"F","F",0,"","F","F","",0,0,"N",0,"N",0,"N",0,2,0,0,"","","","","T","F","F","F","F","F","F","F","F","watsm103","","","F","F","F","F","F","","","","",0,0,0,0,0,0,0,0,0,10,"NY1","PIT","NY1",0,"F","F",0,0,0,5,1,"T","F",1,2,"T","T","grimc101","smite106","T","T",5,5,9,0,0,0,0,0,0,"snydf101","","",0,0,0,0,0,0,0,0,0,0,0,0,0,"","F","F","F","F",0,4,0,0,5,0,0,0,0,0,F,F,"1924NY1.EVN.regular.event.csv",2718
"NY1192407310","PIT",2,0,0,0,0,"",0,0,"marar101","?","marar101","?","watsm103","?","watsm103","?","snydf101","kellg101","frisf101","grohh101","jackt101","meusi101","wilsh102","soutb101","","trayp101","","W","F","F",4,6,14,"T","F",0,"F","F",0,"F","F",0,"F","F",0,"","F","F","",0,0,"N",0,"N",0,"N",1,0,2,0,"","","","","F","F","F","F","F","F","F","F","F","","watsm103","","F","F","F","F","F","","","","",0,0,0,0,0,0,0,0,0,11,"NY1","PIT","NY1",0,"F","F",0,0,0,5,1,"F","F",2,3,"T","T","grimc101","smite106","T","T",0,0,0,5,5,9,0,0,0,"","snydf101","",0,0,0,0,0,0,0,0,0,0,0,0,0,"","F","F","F","F",4,0,4,0,5,0,0,0,0,0,F,F,"1924NY1.EVN.regular.event.csv",2719
"NY1192407310","PIT",2,0,0,0,0,"",0,0,"grimc101","?","grimc101","?","watsm103","?","watsm103","?","snydf101","kellg101","frisf101","grohh101","jackt101","meusi101","wilsh102","soutb101","marar101","trayp101","","3/G.2-3;1-2","F","F",3,7,2,"T","T",0,"F","F",1,"F","F",0,"F","F",3,"G","F","F","",0,0,"N",0,"N",0,"N",0,2,3,0,"3","","","","F","F","F","F","F","F","F","F","F","watsm103","watsm103","","F","F","F","F","F","","","","",0,3,0,0,0,0,0,0,0,12,"NY1","PIT","NY1",0,"F","F",0,0,0,6,2,"T","F",3,6,"T","T","smite106","meadl101","T","T",4,6,11,5,5,9,0,0,0,"snydf101","snydf101","",0,0,0,0,0,0,0,0,0,0,0,0,0,"kellg101","F","F","F","F",0,4,4,0,5,0,0,0,0,0,F,F,"1924NY1.EVN.regular.event.csv",2720
"NY1192407310","PIT",2,0,1,0,0,"",0,0,"smite106","?","smite106","?","watsm103","?","watsm103","?","snydf101","kellg101","frisf101","grohh101","jackt101","meusi101","wilsh102","soutb101","","marar101","trayp101","D9/9DW.3-H;2-H","F","F",2,8,21,"T","T",2,"F","F",0,"F","F",2,"F","F",9,"","F","F","9DW",0,0,"N",0,"N",0,"N",2,0,4,4,"","","","","F","F","F","F","F","F","F","F","F","","watsm103","watsm103","F","F","F","F","F","","","","",0,0,0,0,0,0,0,0,0,13,"NY1","PIT","NY1",0,"F","F",0,0,0,7,3,"T","F",6,2,"T","T","meadl101","bigbc101","T","T",0,0,0,4,6,11,5,5,9,"","snydf101","snydf101",0,0,0,0,0,0,0,0,0,0,0,0,2,"soutb101","F","F","F","F",4,0,4,4,3,0,0,0,0,0,F,F,"1924NY1.EVN.regular.event.csv",2721
"NY1192407310","PIT",2,0,1,0,0,"",2,0,"meadl101","?","meadl101","?","watsm103","?","watsm103","?","snydf101","kellg101","frisf101","grohh101","jackt101","meusi101","wilsh102","soutb101","","smite106","","S9.2-3","F","F",1,9,20,"T","T",1,"F","F",0,"F","F",0,"F","F",9,"","F","F","",0,0,"N",0,"N",0,"N",1,0,3,0,"","","","","F","F","F","F","F","F","F","F","F","","watsm103","","F","F","F","F","F","","","","",0,0,0,0,0,0,0,0,0,14,"NY1","PIT","NY1",0,"F","F",2,0,2,8,4,"T","F",2,5,"T","T","bigbc101","carem101","T","T",0,0,0,2,8,13,0,0,0,"","snydf101","",0,0,0,0,0,0,0,0,0,0,0,0,0,"soutb101","F","F","F","F",4,0,4,0,3,0,0,0,0,0,F,F,"1924NY1.EVN.regular.event.csv",2722
"NY1192407310","PIT",2,0,1,0,0,"",2,0,"bigbc101","?","bigbc101","?","bentj101","?","bentj101","?","snydf101","kellg101","frisf101","grohh101","jackt101","meusi101","wilsh102","soutb101","meadl101","","smite106","4/P","F","F",7,1,2,"T","T",0,"F","F",1,"F","F",0,"F","F",4,"P","F","F","",0,0,"N",0,"N",0,"N",0,1,0,3,"4","","","","F","F","F","F","F","F","F","F","F","watsm103","","watsm103","F","F","F","F","F","","","","",0,4,0,0,0,0,0,0,0,15,"NY1","PIT","NY1",0,"F","F",2,0,2,9,5,"T","F",5,5,"T","T","carem101","cuylk101","F","F",1,9,14,0,0,0,2,8,13,"snydf101","","snydf101",0,0,0,0,0,0,0,0,0,0,0,0,0,"frisf101","F","F","F","F",0,4,0,4,3,0,0,0,0,0,F,F,"1924NY1.EVN.regular.event.csv",2723
"NY1192407310","PIT",2,0,2,0,0,"",2,0,"carem101","?","carem101","?","bentj101","?","bentj101","?","snydf101","kellg101","frisf101","grohh101","jackt101","meusi101","wilsh102","soutb101","meadl101","","smite106","S/5D.3-H;1-2","F","F",8,2,20,"T","T",1,"F","F",0,"F","F",1,"F","F",0,"","F","F","5D",0,0,"N",0,"N",0,"N",1,2,0,4,"","","","","F","F","F","F","F","F","F","F","F","watsm103","","watsm103","F","F","F","F","F","","","","",0,0,0,0,0,0,0,0,0,16,"NY1","PIT","NY1",0,"F","F",2,0,2,10,6,"T","F",5,3,"T","T","cuylk101","wrigg102","F","F",1,9,14,0,0,0,2,8,13,"snydf101","","snydf101",0,0,0,0,0,0,0,0,0,0,0,0,1,"","F","F","F","F",4,4,0,4,2,0,0,0,0,0,F,F,"1924NY1.EVN.regular.event.csv",2724
"NY1192407310","PIT",2,0,2,0,0,"",3,0,"cuylk101","?","cuylk101","?","bentj101","?","bentj101","?","snydf101","kellg101","frisf101","grohh101","jackt101","meusi101","wilsh102","soutb101","carem101","meadl101","","D7/5D.2-H;1-H","F","F",9,3,21,"T","T",2,"F","F",0,"F","F",2,"F","F",7,"","F","F","5D",0,0,"N",0,"N",0,"N",2,4,4,0,"","","","","F","F","F","F","F","F","F","F","F","bentj101","watsm103","","F","F","F","F","F","","","","",0,0,0,0,0,0,0,0,0,17,"NY1","PIT","NY1",0,"F","F",3,0,3,11,7,"T","F",3,2,"T","T","wrigg102","trayp101","F","F",8,2,16,1,9,14,0,0,0,"snydf101","snydf101","",0,0,0,0,0,0,0,0,0,0,0,0,2,"meusi101","F","F","F","F",0,4,4,0,0,0,0,0,0,0,F,F,"1924NY1.EVN.regular.event.csv",2725
"NY1192407310","PIT",2,0,2,0,0,"",5,0,"wrigg102","?","wrigg102","?","bentj101","?","bentj101","?","snydf101","kellg101","frisf101","grohh101","jackt101","meusi101","wilsh102","soutb101","","cuylk101","","2/FL","F","F",6,4,2,"T","T",0,"F","F",1,"F","F",0,"F","F",2,"F","F","T","",0,0,"N",0,"N",0,"N",0,0,2,0,"2","","","","F","F","F","F","F","F","F","F","F","","bentj101","","F","F","F","F","F","","","","",0,2,0,0,0,0,0,0,0,18,"NY1","PIT","NY1",0,"F","T",5,0,5,12,8,"T","F",2,2,"T","T","trayp101","marar101","F","F",0,0,0,9,3,17,0,0,0,"","snydf101","",0,0,0,0,0,0,0,0,0,0,0,0,0,"snydf101","F","F","F","F",0,0,0,0,0,0,0,0,0,0,F,F,"1924NY1.EVN.regular.event.csv",2726
"NY1192407310","PIT",2,1,0,0,0,"",5,0,"kellg101","?","kellg101","?","meadl101","?","meadl101","?","smite106","grimc101","marar101","trayp101","wrigg102","bigbc101","carem101","cuylk101","","","","S9","T","F",3,5,20,"T","T",1,"F","F",0,"F","F",0,"F","F",9,"","F","F","",0,0,"N",0,"N",0,"N",1,0,0,0,"","","","","F","F","F","F","F","F","F","F","F","","","","F","F","F","F","F","","","","",0,0,0,0,0,0,0,0,0,19,"NY1","NY1","PIT",1,"T","F",0,5,0,4,0,"T","F",0,1,"T","T","jackt101","grohh101","T","T",0,0,0,0,0,0,0,0,0,"","","",0,0,0,0,0,0,0,0,0,0,0,0,0,"cuylk101","F","F","F","F",0,0,0,0,0,0,0,0,0,0,F,F,"1924NY1.EVN.regular.event.csv",2727
"NY1192407310","PIT",2,1,0,0,0,"",5,0,"jackt101","?","jackt101","?","meadl101","?","meadl101","?","smite106","grimc101","marar101","trayp101","wrigg102","bigbc101","carem101","cuylk101","kellg101","","","8/F","F","F",6,6,2,"T","T",0,"F","F",1,"F","F",0,"F","F",8,"F","F","F","",0,0,"N",0,"N",0,"N",0,1,0,0,"8","","","","F","F","F","F","F","F","F","F","F","meadl101","","","F","F","F","F","F","","","","",0,8,0,0,0,0,0,0,0,20,"NY1","NY1","PIT",1,"F","F",0,5,0,5,1,"T","F",1,1,"T","T","grohh101","snydf101","T","T",3,5,19,0,0,0,0,0,0,"smite106","","",0,0,0,0,0,0,0,0,0,0,0,0,0,"carem101","F","F","F","F",0,0,0,0,0,0,0,0,0,0,F,F,"1924NY1.EVN.regular.event.csv",2728
"NY1192407310","PIT",2,1,1,0,0,"",5,0,"grohh101","?","grohh101","?","meadl101","?","meadl101","?","smite106","grimc101","marar101","trayp101","wrigg102","bigbc101","carem101","cuylk101","kellg101","","","W.1-2","F","F",5,7,14,"T","F",0,"F","F",0,"F","F",0,"F","F",0,"","F","F","",0,0,"N",0,"N",0,"N",1,2,0,0,"","","","","F","F","F","F","F","F","F","F","F","meadl101","","","F","F","F","F","F","","","","",0,0,0,0,0,0,0,0,0,21,"NY1","NY1","PIT",1,"F","F",0,5,0,6,2,"T","F",1,3,"T","T","snydf101","bentj101","T","T",3,5,19,0,0,0,0,0,0,"smite106","","",0,0,0,0,0,0,0,0,0,0,0,0,0,"","F","F","F","F",0,0,0,0,0,0,0,0,0,0,F,F,"1924NY1.EVN.regular.event.csv",2729
"NY1192407310","PIT",2,1,1,0,0,"",5,0,"snydf101","?","snydf101","?","meadl101","?","meadl101","?","smite106","grimc101","marar101","trayp101","wrigg102","bigbc101","carem101","cuylk101","grohh101","kellg101","","4/P","F","F",2,8,2,"T","T",0,"F","F",1,"F","F",0,"F","F",4,"P","F","F","",0,0,"N",0,"N",0,"N",0,1,2,0,"4","","","","F","F","F","F","F","F","F","F","F","meadl101","meadl101","","F","F","F","F","F","","","","",0,4,0,0,0,0,0,0,0,22,"NY1","NY1","PIT",1,"F","F",0,5,0,7,3,"T","F",3,3,"T","T","bentj101","soutb101","T","T",5,7,21,3,5,19,0,0,0,"smite106","smite106","",0,0,0,0,0,0,0,0,0,0,0,0,0,"marar101","F","F","F","F",0,0,0,0,0,0,0,0,0,0,F,F,"1924NY1.EVN.regular.event.csv",2730
"NY1192407310","PIT",2,1,2,0,0,"",5,0,"bentj101","?","bentj101","?","meadl101","?","meadl101","?","smite106","grimc101","marar101","trayp101","wrigg102","bigbc101","carem101","cuylk101","grohh101","kellg101","","S/G46.2-3;1-2","F","F",1,9,20,"T","T",1,"F","F",0,"F","F",0,"F","F",0,"G","F","F","46",0,0,"N",0,"N",0,"N",1,2,3,0,"","","","","F","F","F","F","F","F","F","F","F","meadl101","meadl101","","F","F","F","F","F","","","","",0,0,0,0,0,0,0,0,0,23,"NY1","NY1","PIT",1,"F","F",0,5,0,8,4,"T","F",3,7,"F","F","soutb101","frisf101","T","T",5,7,21,3,5,19,0,0,0,"smite106","smite106","",0,0,0,0,0,0,0,0,0,0,0,0,0,"","F","F","F","F",0,0,0,0,0,0,0,0,0,0,F,F,"1924NY1.EVN.regular.event.csv",2731
"NY1192407310","PIT",2,1,2,0,0,"",5,0,"soutb101","?","soutb101","?","meadl101","?","meadl101","?","smite106","grimc101","marar101","trayp101","wrigg102","bigbc101","carem101","cuylk101","bentj101","grohh101","kellg101","4(1)/FO","F","F",9,1,2,"T","T",0,"F","F",1,"F","F",0,"F","F",4,"G","F","F","",0,0,"N",0,"N",0,"N",1,0,2,3,"","4","","","F","F","F","F","F","F","F","F","F","meadl101","meadl101","meadl101","F","F","F","F","F","","","","",0,4,0,0,0,0,0,0,0,24,"NY1","NY1","PIT",1,"F","T",0,5,0,9,5,"T","F",7,7,"T","T","frisf101","wilsh102","T","T",1,9,23,5,7,21,3,5,19,"smite106","smite106","smite106",0,0,0,0,0,0,0,0,0,0,0,0,0,"marar101","T","F","F","F",0,0,0,0,0,0,0,0,0,0,F,F,"1924NY1.EVN.regular.event.csv",2732
"NY1192407310","PIT",3,0,0,0,0,"",5,0,"trayp101","?","trayp101","?","bentj101","?","bentj101","?","snydf101","kellg101","frisf101","grohh101","jackt101","meusi101","wilsh102","soutb101","","","","9/F9S","T","F",5,5,2,"T","T",0,"F","F",1,"F","F",0,"F","F",9,"F","F","F","9S",0,0,"N",0,"N",0,"N",0,0,0,0,"9","","","","F","F","F","F","F","F","F","F","F","","","","F","F","F","F","F","","","","",0,9,0,0,0,0,0,0,0,25,"NY1","PIT","NY1",0,"T","F",5,0,0,13,0,"T","F",0,0,"T","T","marar101","grimc101","F","F",0,0,0,0,0,0,0,0,0,"","","",0,0,0,0,0,0,0,0,0,0,0,0,0,"soutb101","F","F","F","F",0,0,0,0,0,0,0,0,0,0,F,F,"1924NY1.EVN.regular.event.csv",2733
"NY1192407310","PIT",3,0,1,0,0,"",5,0,"marar101","?","marar101","?","bentj101","?","bentj101","?","snydf101","kellg101","frisf101","grohh101","jackt101","meusi101","wilsh102","soutb101","","","","W","F","F",4,6,14,"T","F",0,"F","F",0,"F","F",0,"F","F",0,"","F","F","",0,0,"N",0,"N",0,"N",1,0,0,0,"","","","","F","F","F","F","F","F","F","F","F","","","","F","F","F","F","F","","","","",0,0,0,0,0,0,0,0,0,26,"NY1","PIT","NY1",0,"F","F",5,0,0,14,1,"T","F",0,1,"T","T","grimc101","smite106","F","F",0,0,0,0,0,0,0,0,0,"","","",0,0,0,0,0,0,0,0,0,0,0,0,0,"","F","F","F","F",0,0,0,0,0,0,0,0,0,0,F,F,"1924NY1.EVN.regular.event.csv",2734
"NY1192407310","PIT",3,0,1,0,0,"",5,0,"grimc101","?","grimc101","?","bentj101","?","bentj101","?","snydf101","kellg101","frisf101","grohh101","jackt101","meusi101","wilsh102","soutb101","marar101","","","S4/G.1-2","F","F",3,7,20,"T","T",1,"F","F",0,"F","F",0,"F","F",4,"G","F","F","",0,0,"N",0,"N",0,"N",1,2,0,0,"","","","","F","F","F","F","F","F","F","F","F","bentj101","","","F","F","F","F","F","","","","",0,0,0,0,0,0,0,0,0,27,"NY1","PIT","NY1",0,"F","F",5,0,0,15,2,"T","F",1,3,"T","T","smite106","meadl101","F","F",4,6,26,0,0,0,0,0,0,"snydf101","","",0,0,0,0,0,0,0,0,0,0,0,0,0,"frisf101","F","F","F","F",0,0,0,0,0,0,0,0,0,0,F,F,"1924NY1.EVN.regular.event.csv",2735
"NY1192407310","PIT",3,0,1,0,0,"",5,0,"smite106","?","smite106","?","bentj101","?","bentj101","?","snydf101","kellg101","frisf101","grohh101","jackt101","meusi101","wilsh102","soutb101","grimc101","marar101","","SB3","F","F",2,8,4,"F","F",0,"F","F",0,"F","F",0,"F","F",0,"","F","F","",0,0,"N",0,"N",0,"N",0,1,3,0,"","","","","F","T","F","F","F","F","F","F","F","bentj101","bentj101","","F","F","F","F","F","","","","",0,0,0,0,0,0,0,0,0,28,"NY1","PIT","NY1",0,"F","F",5,0,0,16,3,"T","F",3,5,"T","T","meadl101","bigbc101","F","F",3,7,27,4,6,26,0,0,0,"snydf101","snydf101","",0,0,0,0,0,0,0,0,0,0,0,0,0,"","F","F","F","F",0,0,0,0,0,0,0,0,0,0,F,F,"1924NY1.EVN.regular.event.csv",2736
"NY1192407310","PIT",3,0,1,0,0,"",5,0,"smite106","?","smite106","?","bentj101","?","bentj101","?","snydf101","kellg101","frisf101","grohh101","jackt101","meusi101","wilsh102","soutb101","grimc101","","marar101","36(1)3/GDP","F","F",2,8,2,"T","T",0,"F","F",2,"T","F",0,"F","F",3,"G","F","F","",0,0,"N",0,"N",0,"N",0,0,0,3,"63","36","","","F","F","F","F","F","F","F","F","F","bentj101","","bentj101","F","F","F","F","F","","","","",0,6,3,0,3,6,0,0,0,29,"NY1","PIT","NY1",0,"F","T",5,0,0,16,3,"F","F",5,4,"T","T","meadl101","bigbc101","F","F",3,7,27,0,0,0,4,6,26,"snydf101","","snydf101",0,0,0,0,0,0,0,0,0,0,0,0,0,"kellg101","T","F","F","F",0,0,0,0,0,0,0,0,0,0,F,F,"1924NY1.EVN.regular.event.csv",2737
"NY1192407310","PIT",3,1,0,0,0,"",5,0,"frisf101","?","frisf101","?","meadl101","?","meadl101","?","smite106","grimc101","marar101","trayp101","wrigg102","bigbc101","carem101","cuylk101","","","","63","T","F",4,2,2,"T","T",0,"F","F",1,"F","F",0,"F","F",6,"G","F","F","",0,0,"N",0,"N",0,"N",0,0,0,0,"63","","","","F","F","F","F","F","F","F","F","F","","","","F","F","F","F","F","","","","",0,3,0,0,6,0,0,0,0,30,"NY1","NY1","PIT",1,"T","F",0,5,0,10,0,"T","F",0,0,"T","T","wilsh102","meusi101","T","T",0,0,0,0,0,0,0,0,0,"","","",0,0,0,0,0,0,0,0,0,0,0,0,0,"wrigg102","F","F","F","F",0,0,0,0,0,0,0,0,0,0,F,F,"1924NY1.EVN.regular.event.csv",2738
"NY1192407310","PIT",3,1,1,0,0,"",5,0,"wilsh102","?","wilsh102","?","meadl101","?","meadl101","?","smite106","grimc101","marar101","trayp101","wrigg102","bigbc101","carem101","cuylk101","","","","K/C","F","F",8,3,3,"T","T",0,"F","F",1,"F","F",0,"F","F",0,"","F","F","",0,0,"N",0,"N",0,"N",0,0,0,0,"2","","","","F","F","F","F","F","F","F","F","F","","","","F","F","F","F","F","","","","",0,2,0,0,0,0,0,0,0,31,"NY1","NY1","PIT",1,"F","F",0,5,0,11,1,"T","F",0,0,"T","T","meusi101","kellg101","T","T",0,0,0,0,0,0,0,0,0,"","","",0,0,0,0,0,0,0,0,0,0,0,0,0,"","F","F","F","F",0,0,0,0,0,0,0,0,0,0,F,F,"1924NY1.EVN.regular.event.csv",2739
"NY1192407310","PIT",3,1,2,0,0,"",5,0,"meusi101","?","meusi101","?","meadl101","?","meadl101","?","smite106","grimc101","marar101","trayp101","wrigg102","bigbc101","carem101","cuylk101","","","","S1/BG23","F","F",7,4,20,"T","T",1,"F","F",0,"F","F",0,"F","F",1,"G","T","F","23",0,0,"N",0,"N",0,"N",1,0,0,0,"","","","","F","F","F","F","F","F","F","F","F","","","","F","F","F","F","F","","","","",0,0,0,0,0,0,0,0,0,32,"NY1","NY1","PIT",1,"F","F",0,5,0,12,2,"T","F",0,1,"T","T","kellg101","jackt101","T","T",0,0,0,0,0,0,0,0,0,"","","",0,0,0,0,0,0,0,0,0,0,0,0,0,"meadl101","F","F","F","F",0,0,0,0,0,0,0,0,0,0,F,F,"1924NY1.EVN.regular.event.csv",2740
"NY1192407310","PIT",3,1,2,0,0,"",5,0,"kellg101","?","kellg101","?","meadl101","?","meadl101","?","smite106","grimc101","marar101","trayp101","wrigg102","bigbc101","carem101","cuylk101","meusi101","","","S7.1-2","F","F",3,5,20,"T","T",1,"F","F",0,"F","F",0,"F","F",7,"","F","F","",0,0,"N",0,"N",0,"N",1,2,0,0,"","","","","F","F","F","F","F","F","F","F","F","meadl101","","","F","F","F","F","F","","","","",0,0,0,0,0,0,0,0,0,33,"NY1","NY1","PIT",1,"F","F",0,5,0,13,3,"T","F",1,3,"T","T","jackt101","grohh101","T","T",7,4,32,0,0,0,0,0,0,"smite106","","",0,0,0,0,0,0,0,0,0,0,0,0,0,"bigbc101","F","F","F","F",0,0,0,0,0,0,0,0,0,0,F,F,"1924NY1.EVN.regular.event.csv",2741
"NY1192407310","PIT",3,1,2,0,0,"",5,0,"jackt101","?","jackt101","?","meadl101","?","meadl101","?","smite106","grimc101","marar101","trayp101","wrigg102","bigbc101","carem101","cuylk101","kellg101","meusi101","","3/G","F","F",6,6,2,"T","T",0,"F","F",1,"F","F",0,"F","F",3,"G","F","F","",0,0,"N",0,"N",0,"N",0,1,2,0,"3","","","","F","F","F","F","F","F","F","F","F","meadl101","meadl101","","F","F","F","F","F","","","","",0,3,0,0,0,0,0,0,0,34,"NY1","NY1","PIT",1,"F","T",0,5,0,14,4,"T","F",3,3,"T","T","grohh101","snydf101","T","T",3,5,33,7,4,32,0,0,0,"smite106","smite106","",0,0,0,0,0,0,0,0,0,0,0,0,0,"grimc101","F","F","F","F",0,0,0,0,0,0,0,0,0,0,F,F,"1924NY1.EVN.regular.event.csv",2742
"NY1192407310","PIT",4,0,0,0,0,"",5,0,"meadl101","?","meadl101","?","bentj101","?","bentj101","?","snydf101","kellg101","frisf101","grohh101","jackt101","meusi101","wilsh102","soutb101","","","","K","T","F",1,9,3,"T","T",0,"F","F",1,"F","F",0,"F","F",0,"","F","F","",0,0,"N",0,"N",0,"N",0,0,0,0,"2","","","","F","F","F","F","F","F","F","F","F","","","","F","F","F","F","F","","","","",0,2,0,0,0,0,0,0,0,35,"NY1","PIT","NY1",0,"T","F",5,0,0,17,0,"T","F",0,0,"T","T","bigbc101","carem101","F","F",0,0,0,0,0,0,0,0,0,"","","",0,0,0,0,0,0,0,0,0,0,0,0,0,"","F","F","F","F",0,0,0,0,0,0,0,0,0,0,F,F,"1924NY1.EVN.regular.event.csv",2743
"NY1192407310","PIT",4,0,1,0,0,"",5,0,"bigbc101","?","bigbc101","?","bentj101","?","bentj101","?","snydf101","kellg101","frisf101","grohh101","jackt101","meusi101","wilsh102","soutb101","","","","9/F","F","F",7,1,2,"T","T",0,"F","F",1,"F","F",0,"F","F",9,"F","F","F","",0,0,"N",0,"N",0,"N",0,0,0,0,"9","","","","F","F","F","F","F","F","F","F","F","","","","F","F","F","F","F","","","","",0,9,0,0,0,0,0,0,0,36,"NY1","PIT","NY1",0,"F","F",5,0,0,18,1,"T","F",0,0,"T","T","carem101","cuylk101","F","F",0,0,0,0,0,0,0,0,0,"","","",0,0,0,0,0,0,0,0,0,0,0,0,0,"soutb101","F","F","F","F",0,0,0,0,0,0,0,0,0,0,F,F,"1924NY1.EVN.regular.event.csv",2744
"NY1192407310","PIT",4,0,2,0,0,"",5,0,"carem101","?","carem101","?","bentj101","?","bentj101","?","snydf101","kellg101","frisf101","grohh101","jackt101","meusi101","wilsh102","soutb101","","","","S5/BG25","F","F",8,2,20,"T","T",1,"F","F",0,"F","F",0,"F","F",5,"G","T","F","25",0,0,"N",0,"N",0,"N",1,0,0,0,"","","","","F","F","F","F","F","F","F","F","F","","","","F","F","F","F","F","","","","",0,0,0,0,0,0,0,0,0,37,"NY1","PIT","NY1",0,"F","F",5,0,0,19,2,"T","F",0,1,"T","T","cuylk101","wrigg102","F","F",0,0,0,0,0,0,0,0,0,"","","",0,0,0,0,0,0,0,0,0,0,0,0,0,"grohh101","F","F","F","F",0,0,0,0,0,0,0,0,0,0,F,F,"1924NY1.EVN.regular.event.csv",2745
"NY1192407310","PIT",4,0,2,0,0,"",5,0,"cuylk101","?","cuylk101","?","bentj101","?","bentj101","?","snydf101","kellg101","frisf101","grohh101","jackt101","meusi101","wilsh102","soutb101","carem101","","","S7.1-3","F","F",9,3,20,"T","T",1,"F","F",0,"F","F",0,"F","F",7,"","F","F","",0,0,"N",0,"N",0,"N",1,3,0,0,"","","","","F","F","F","F","F","F","F","F","F","bentj101","","","F","F","F","F","F","","","","",0,0,0,0,0,0,0,0,0,38,"NY1","PIT","NY1",0,"F","F",5,0,0,20,3,"T","F",1,5,"T","T","wrigg102","trayp101","F","F",8,2,37,0,0,0,0,0,0,"snydf101","","",0,0,0,0,0,0,0,0,0,0,0,0,0,"meusi101","F","F","F","F",0,0,0,0,0,0,0,0,0,0,F,F,"1924NY1.EVN.regular.event.csv",2746
"NY1192407310","PIT",4,0,2,0,0,"",5,0,"wrigg102","?","wrigg102","?","bentj101","?","bentj101","?","snydf101","kellg101","frisf101","grohh101","jackt101","meusi101","wilsh102","soutb101","cuylk101","","carem101","CSH(2)#","F","F",6,4,6,"F","F",0,"F","F",1,"F","F",0,"F","F",0,"","F","F","",0,0,"N",0,"N",0,"N",0,1,0,0,"","","","2","F","F","F","F","F","T","F","F","F","bentj101","","bentj101","F","F","F","F","F","","","","",0,2,0,0,0,0,0,0,0,39,"NY1","PIT","NY1",0,"F","T",5,0,0,21,4,"T","T",5,1,"T","T","trayp101","marar101","F","F",9,3,38,0,0,0,8,2,37,"snydf101","","snydf101",0,0,0,0,0,0,0,0,0,0,0,0,0,"","F","F","F","F",0,0,0,0,0,0,0,0,0,0,F,T,"1924NY1.EVN.regular.event.csv",2747
"NY1192407310","PIT",4,1,0,0,0,"",5,0,"grohh101","?","grohh101","?","meadl101","?","meadl101","?","smite106","grimc101","marar101","trayp101","wrigg102","bigbc101","carem101","cuylk101","","","","13","T","F",5,7,2,"T","T",0,"F","F",1,"F","F",0,"F","F",1,"G","F","F","",0,0,"N",0,"N",0,"N",0,0,0,0,"13","","","","F","F","F","F","F","F","F","F","F","","","","F","F","F","F","F","","","","",0,3,0,0,1,0,0,0,0,40,"NY1","NY1","PIT",1,"T","F",0,5,0,15,0,"T","F",0,0,"T","T","snydf101","bentj101","T","T",0,0,0,0,0,0,0,0,0,"","","",0,0,0,0,0,0,0,0,0,0,0,0,0,"meadl101","F","F","F","F",0,0,0,0,0,0,0,0,0,0,F,F,"1924NY1.EVN.regular.event.csv",2748
"NY1192407310","PIT",4,1,1,0,0,"",5,0,"snydf101","?","snydf101","?","meadl101","?","meadl101","?","smite106","grimc101","marar101","trayp101","wrigg102","bigbc101","carem101","cuylk101","","","","63#","F","F",2,8,2,"T","T",0,"F","F",1,"F","F",0,"F","F",6,"G","F","F","",0,0,"N",0,"N",0,"N",0,0,0,0,"63","","","","F","F","F","F","F","F","F","F","F","","","","F","F","F","F","F","","","","",0,3,0,0,6,0,0,0,0,41,"NY1","NY1","PIT",1,"F","F",0,5,0,16,1,"T","F",0,0,"T","T","bentj101","soutb101","T","T",0,0,0,0,0,0,0,0,0,"","","",0,0,0,0,0,0,0,0,0,0,0,0,0,"wrigg102","F","F","F","F",0,0,0,0,0,0,0,0,0,0,F,T,"1924NY1.EVN.regular.event.csv",2749
"NY1192407310","PIT",4,1,2,0,0,"",5,0,"bentj101","?","bentj101","?","meadl101","?","meadl101","?","smite106","grimc101","marar101","trayp101","wrigg102","bigbc101","carem101","cuylk101","","","","63","F","F",1,9,2,"T","T",0,"F","F",1,"F","F",0,"F","F",6,"G","F","F","",0,0,"N",0,"N",0,"N",0,0,0,0,"63","","","","F","F","F","F","F","F","F","F","F","","","","F","F","F","F","F","","","","",0,3,0,0,6,0,0,0,0,42,"NY1","NY1","PIT",1,"F","T",0,5,0,17,2,"T","F",0,0,"F","F","soutb101","frisf101","T","T",0,0,0,0,0,0,0,0,0,"","","",0,0,0,0,0,0,0,0,0,0,0,0,0,"wrigg102","F","F","F","F",0,0,0,0,0,0,0,0,0,0,F,F,"1924NY1.EVN.regular.event.csv",2750
"NY1192407310","PIT",5,0,0,0,0,"",5,0,"wrigg102","?","wrigg102","?","bentj101","?","bentj101","?","snydf101","kellg101","frisf101","grohh101","jackt101","meusi101","wilsh102","soutb101","","","","7/F","T","F",6,4,2,"T","T",0,"F","F",1,"F","F",0,"F","F",7,"F","F","F","",0,0,"N",0,"N",0,"N",0,0,0,0,"7","","","","F","F","F","F","F","F","F","F","F","","","","F","F","F","F","F","","","","",0,7,0,0,0,0,0,0,0,43,"NY1","PIT","NY1",0,"T","F",5,0,0,21,0,"T","F",0,0,"T","T","trayp101","marar101","F","F",0,0,0,0,0,0,0,0,0,"","","",0,0,0,0,0,0,0,0,0,0,0,0,0,"meusi101","F","F","F","F",0,0,0,0,0,0,0,0,0,0,F,F,"1924NY1.EVN.regular.event.csv",2751
"NY1192407310","PIT",5,0,1,0,0,"",5,0,"trayp101","?","trayp101","?","bentj101","?","bentj101","?","snydf101","kellg101","frisf101","grohh101","jackt101","meusi101","wilsh102","soutb101","","","","43","F","F",5,5,2,"T","T",0,"F","F",1,"F","F",0,"F","F",4,"G","F","F","",0,0,"N",0,"N",0,"N",0,0,0,0,"43","","","","F","F","F","F","F","F","F","F","F","","","","F","F","F","F","F","","","","",0,3,0,0,4,0,0,0,0,44,"NY1","PIT","NY1",0,"F","F",5,0,0,22,1,"T","F",0,0,"T","T","marar101","grimc101","F","F",0,0,0,0,0,0,0,0,0,"","","",0,0,0,0,0,0,0,0,0,0,0,0,0,"frisf101","F","F","F","F",0,0,0,0,0,0,0,0,0,0,F,F,"1924NY1.EVN.regular.event.csv",2752
"NY1192407310","PIT",5,0,2,0,0,"",5,0,"marar101","?","marar101","?","bentj101","?","bentj101","?","snydf101","kellg101","frisf101","grohh101","jackt101","meusi101","wilsh102","soutb101","","","","9/L","F","F",4,6,2,"T","T",0,"F","F",1,"F","F",0,"F","F",9,"L","F","F","",0,0,"N",0,"N",0,"N",0,0,0,0,"9","","","","F","F","F","F","F","F","F","F","F","","","","F","F","F","F","F","","","","",0,9,0,0,0,0,0,0,0,45,"NY1","PIT","NY1",0,"F","T",5,0,0,23,2,"T","F",0,0,"T","T","grimc101","smite106","F","F",0,0,0,0,0,0,0,0,0,"","","",0,0,0,0,0,0,0,0,0,0,0,0,0,"soutb101","F","F","F","F",0,0,0,0,0,0,0,0,0,0,F,F,"1924NY1.EVN.regular.event.csv",2753
"NY1192407310","PIT",5,1,0,0,0,"",5,0,"soutb101","?","soutb101","?","meadl101","?","meadl101","?","smite106","grimc101","marar101","trayp101","wrigg102","bigbc101","carem101","cuylk101","","","","5/FL","T","F",9,1,2,"T","T",0,"F","F",1,"F","F",0,"F","F",5,"F","F","T","",0,0,"N",0,"N",0,"N",0,0,0,0,"5","","","","F","F","F","F","F","F","F","F","F","","","","F","F","F","F","F","","","","",0,5,0,0,0,0,0,0,0,46,"NY1","NY1","PIT",1,"T","F",0,5,0,18,0,"T","F",0,0,"T","T","frisf101","wilsh102","T","T",0,0,0,0,0,0,0,0,0,"","","",0,0,0,0,0,0,0,0,0,0,0,0,0,"trayp101","F","F","F","F",0,0,0,0,0,0,0,0,0,0,F,F,"1924NY1.EVN.regular.event.csv",2754
"NY1192407310","PIT",5,1,1,0,0,"",5,0,"frisf101","?","frisf101","?","meadl101","?","meadl101","?","smite106","grimc101","marar101","trayp101","wrigg102","bigbc101","carem101","cuylk101","","","","6/L","F","F",4,2,2,"T","T",0,"F","F",1,"F","F",0,"F","F",6,"L","F","F","",0,0,"N",0,"N",0,"N",0,0,0,0,"6","","","","F","F","F","F","F","F","F","F","F","","","","F","F","F","F","F","","","","",0,6,0,0,0,0,0,0,0,47,"NY1","NY1","PIT",1,"F","F",0,5,0,19,1,"T","F",0,0,"T","T","wilsh102","meusi101","T","T",0,0,0,0,0,0,0,0,0,"","","",0,0,0,0,0,0,0,0,0,0,0,0,0,"wrigg102","F","F","F","F",0,0,0,0,0,0,0,0,0,0,F,F,"1924NY1.EVN.regular.event.csv",2755
"NY1192407310","PIT",5,1,2,0,0,"",5,0,"wilsh102","?","wilsh102","?","meadl101","?","meadl101","?","smite106","grimc101","marar101","trayp101","wrigg102","bigbc101","carem101","cuylk101","","","","63","F","F",8,3,2,"T","T",0,"F","F",1,"F","F",0,"F","F",6,"G","F","F","",0,0,"N",0,"N",0,"N",0,0,0,0,"63","","","","F","F","F","F","F","F","F","F","F","","","","F","F","F","F","F","","","","",0,3,0,0,6,0,0,0,0,48,"NY1","NY1","PIT",1,"F","T",0,5,0,20,2,"T","F",0,0,"T","T","meusi101","kellg101","T","T",0,0,0,0,0,0,0,0,0,"","","",0,0,0,0,0,0,0,0,0,0,0,0,0,"wrigg102","F","F","F","F",0,0,0,0,0,0,0,0,0,0,F,F,"1924NY1.EVN.regular.event.csv",2756
"NY1192407310","PIT",6,0,0,0,0,"",5,0,"grimc101","?","grimc101","?","bentj101","?","bentj101","?","snydf101","kellg101","frisf101","grohh101","jackt101","meusi101","wilsh102","soutb101","","","","43","T","F",3,7,2,"T","T",0,"F","F",1,"F","F",0,"F","F",4,"G","F","F","",0,0,"N",0,"N",0,"N",0,0,0,0,"43","","","","F","F","F","F","F","F","F","F","F","","","","F","F","F","F","F","","","","",0,3,0,0,4,0,0,0,0,49,"NY1","PIT","NY1",0,"T","F",5,0,0,24,0,"T","F",0,0,"T","T","smite106","meadl101","F","F",0,0,0,0,0,0,0,0,0,"","","",0,0,0,0,0,0,0,0,0,0,0,0,0,"frisf101","F","F","F","F",0,0,0,0,0,0,0,0,0,0,F,F,"1924NY1.EVN.regular.event.csv",2757
"NY1192407310","PIT",6,0,1,0,0,"",5,0,"smite106","?","smite106","?","bentj101","?","bentj101","?","snydf101","kellg101","frisf101","grohh101","jackt101","meusi101","wilsh102","soutb101","","","","3/G","F","F",2,8,2,"T","T",0,"F","F",1,"F","F",0,"F","F",3,"G","F","F","",0,0,"N",0,"N",0,"N",0,0,0,0,"3","","","","F","F","F","F","F","F","F","F","F","","","","F","F","F","F","F","","","","",0,3,0,0,0,0,0,0,0,50,"NY1","PIT","NY1",0,"F","F",5,0,0,25,1,"T","F",0,0,"T","T","meadl101","bigbc101","F","F",0,0,0,0,0,0,0,0,0,"","","",0,0,0,0,0,0,0,0,0,0,0,0,0,"kellg101","F","F","F","F",0,0,0,0,0,0,0,0,0,0,F,F,"1924NY1.EVN.regular.event.csv",2758
"NY1192407310","PIT",6,0,2,0,0,"",5,0,"meadl101","?","meadl101","?","bentj101","?","bentj101","?","snydf101","kellg101","frisf101","grohh101","jackt101","meusi101","wilsh102","soutb101","","","","K","F","F",1,9,3,"T","T",0,"F","F",1,"F","F",0,"F","F",0,"","F","F","",0,0,"N",0,"N",0,"N",0,0,0,0,"2","","","","F","F","F","F","F","F","F","F","F","","","","F","F","F","F","F","","","","",0,2,0,0,0,0,0,0,0,51,"NY1","PIT","NY1",0,"F","T",5,0,0,26,2,"T","F",0,0,"T","T","bigbc101","carem101","F","F",0,0,0,0,0,0,0,0,0,"","","",0,0,0,0,0,0,0,0,0,0,0,0,0,"","F","F","F","F",0,0,0,0,0,0,0,0,0,0,F,F,"1924NY1.EVN.regular.event.csv",2759
"NY1192407310","PIT",6,1,0,0,0,"",5,0,"meusi101","?","meusi101","?","meadl101","?","meadl101","?","smite106","grimc101","marar101","trayp101","wrigg102","bigbc101","carem101","cuylk101","","","","63","T","F",7,4,2,"T","T",0,"F","F",1,"F","F",0,"F","F",6,"G","F","F","",0,0,"N",0,"N",0,"N",0,0,0,0,"63","","","","F","F","F","F","F","F","F","F","F","","","","F","F","F","F","F","","","","",0,3,0,0,6,0,0,0,0,52,"NY1","NY1","PIT",1,"T","F",0,5,0,21,0,"T","F",0,0,"T","T","kellg101","jackt101","T","T",0,0,0,0,0,0,0,0,0,"","","",0,0,0,0,0,0,0,0,0,0,0,0,0,"wrigg102","F","F","F","F",0,0,0,0,0,0,0,0,0,0,F,F,"1924NY1.EVN.regular.event.csv",2760
"NY1192407310","PIT",6,1,1,0,0,"",5,0,"kellg101","?","kellg101","?","meadl101","?","meadl101","?","smite106","grimc101","marar101","trayp101","wrigg102","bigbc101","carem101","cuylk101","","","","63","F","F",3,5,2,"T","T",0,"F","F",1,"F","F",0,"F","F",6,"G","F","F","",0,0,"N",0,"N",0,"N",0,0,0,0,"63","","","","F","F","F","F","F","F","F","F","F","","","","F","F","F","F","F","","","","",0,3,0,0,6,0,0,0,0,53,"NY1","NY1","PIT",1,"F","F",0,5,0,22,1,"T","F",0,0,"T","T","jackt101","grohh101","T","T",0,0,0,0,0,0,0,0,0,"","","",0,0,0,0,0,0,0,0,0,0,0,0,0,"wrigg102","F","F","F","F",0,0,0,0,0,0,0,0,0,0,F,F,"1924NY1.EVN.regular.event.csv",2761
"NY1192407310","PIT",6,1,2,0,0,"",5,0,"jackt101","?","jackt101","?","meadl101","?","meadl101","?","smite106","grimc101","marar101","trayp101","wrigg102","bigbc101","carem101","cuylk101","","","","S7/G56","F","F",6,6,20,"T","T",1,"F","F",0,"F","F",0,"F","F",7,"G","F","F","56",0,0,"N",0,"N",0,"N",1,0,0,0,"","","","","F","F","F","F","F","F","F","F","F","","","","F","F","F","F","F","","","","",0,0,0,0,0,0,0,0,0,54,"NY1","NY1","PIT",1,"F","F",0,5,0,23,2,"T","F",0,1,"T","T","grohh101","snydf101","T","T",0,0,0,0,0,0,0,0,0,"","","",0,0,0,0,0,0,0,0,0,0,0,0,0,"bigbc101","F","F","F","F",1,0,0,0,0,0,0,0,0,0,F,F,"1924NY1.EVN.regular.event.csv",2762
"NY1192407310","PIT",6,1,2,0,0,"",5,0,"grohh101","?","grohh101","?","meadl101","?","meadl101","?","smite106","grimc101","marar101","trayp101","wrigg102","bigbc101","carem101","cuylk101","jackt101","","","6/L","F","F",5,7,2,"T","T",0,"F","F",1,"F","F",0,"F","F",6,"L","F","F","",0,0,"N",0,"N",0,"N",0,1,0,0,"6","","","","F","F","F","F","F","F","F","F","F","meadl101","","","F","T","F","F","F","","","","",0,6,0,0,0,0,0,0,0,55,"NY1","NY1","PIT",1,"F","T",0,5,0,24,3,"T","F",1,1,"T","T","snydf101","bentj101","T","T",6,6,54,0,0,0,0,0,0,"smite106","","",0,0,0,0,0,0,0,0,0,0,0,0,0,"wrigg102","F","F","F","F",0,1,0,0,0,0,0,0,0,0,F,F,"1924NY1.EVN.regular.event.csv",2763
"NY1192408010","PIT",1,0,0,0,0,"",0,0,"bigbc101","?","bigbc101","?","barnv101","?","barnv101","?","snydf101","kellg101","frisf101","grohh101","jackt101","meusi101","wilsh102","soutb101","","","","W","T","F",7,1,14,"T","F",0,"F","F",0,"F","F",0,"F","F",0,"","F","F","",0,0,"N",0,"N",0,"N",1,0,0,0,"","","","","F","F","F","F","F","F","F","F","F","","","","T","F","F","F","F","","","","",0,0,0,0,0,0,0,0,0,1,"NY1","PIT","NY1",0,"T","F",0,0,0,0,0,"T","F",0,1,"T","T","carem101","cuylk101","T","T",0,0,0,0,0,0,0,0,0,"","","",0,0,0,0,0,0,0,0,0,0,0,0,0,"","F","F","F","F",4,0,0,0,1,0,0,0,0,0,F,F,"1924NY1.EVN.regular.event.csv",2764
"NY1192408010","PIT",1,0,0,0,0,"",0,0,"carem101","?","carem101","?","barnv101","?","barnv101","?","snydf101","kellg101","frisf101","grohh101","jackt101","meusi101","wilsh102","soutb101","bigbc101","","","3/G.1-2","F","F",8,2,2,"T","T",0,"F","F",1,"F","F",0,"F","F",3,"G","F","F","",0,0,"N",0,"N",0,"N",0,2,0,0,"3","","","","F","F","F","F","F","F","F","F","F","barnv101","","","F","F","F","F","F","","","","",0,3,0,0,0,0,0,0,0,2,"NY1","PIT","NY1",0,"F","F",0,0,0,1,1,"T","F",1,2,"T","T","cuylk101","wrigg102","T","T",7,1,1,0,0,0,0,0,0,"snydf101","","",0,0,0,0,0,0,0,0,0,0,0,0,0,"kellg101","F","F","F","F",0,4,0,0,1,0,0,0,0,0,F,F,"1924NY1.EVN.regular.event.csv",2765
"NY1192408010","PIT",1,0,1,0,0,"",0,0,"cuylk101","?","cuylk101","?","barnv101","?","barnv101","?","snydf101","kellg101","frisf101","grohh101","jackt101","meusi101","wilsh102","soutb101","","bigbc101","","43.2-3","F","F",9,3,2,"T","T",0,"F","F",1,"F","F",0,"F","F",4,"G","F","F","",0,0,"N",0,"N",0,"N",0,0,3,0,"43","","","","F","F","F","F","F","F","F","F","F","","barnv101","","F","F","F","F","F","","","","",0,3,0,0,4,0,0,0,0,3,"NY1","PIT","NY1",0,"F","F",0,0,0,2,2,"T","F",2,4,"T","T","wrigg102","trayp101","T","T",0,0,0,7,1,1,0,0,0,"","snydf101","",0,0,0,0,0,0,0,0,0,0,0,0,0,"frisf101","F","F","F","F",0,0,4,0,1,0,0,0,0,0,F,F,"1924NY1.EVN.regular.event.csv",2766
"NY1192408010","PIT",1,0,2,0,0,"",0,0,"wrigg102","?","wrigg102","?","barnv101","?","barnv101","?","snydf101","kellg101","frisf101","grohh101","jackt101","meusi101","wilsh102","soutb101","","","bigbc101","S5/G.3-H","F","F",6,4,20,"T","T",1,"F","F",0,"F","F",1,"F","F",5,"G","F","F","",0,0,"N",0,"N",0,"N",1,0,0,4,"","","","","F","F","F","F","F","F","F","F","F","","","barnv101","F","F","F","F","F","","","","",0,0,0,0,0,0,0,0,0,4,"NY1","PIT","NY1",0,"F","F",0,0,0,3,3,"T","F",4,1,"T","T","trayp101","marar101","T","T",0,0,0,0,0,0,7,1,1,"","","snydf101",0,0,0,0,0,0,0,0,0,0,0,0,1,"grohh101","F","F","F","F",0,0,0,4,0,0,0,0,0,0,F,F,"1924NY1.EVN.regular.event.csv",2767
"NY1192408010","PIT",1,0,2,0,0,"",1,0,"trayp101","?","trayp101","?","barnv101","?","barnv101","?","snydf101","kellg101","frisf101","grohh101","jackt101","meusi101","wilsh102","soutb101","wrigg102","","","9/F","F","F",5,5,2,"T","T",0,"F","F",1,"F","F",0,"F","F",9,"F","F","F","",0,0,"N",0,"N",0,"N",0,1,0,0,"9","","","","F","F","F","F","F","F","F","F","F","barnv101","","","F","F","F","F","F","","","","",0,9,0,0,0,0,0,0,0,5,"NY1","PIT","NY1",0,"F","T",1,0,1,4,4,"T","F",1,1,"T","T","marar101","grimc101","T","T",6,4,4,0,0,0,0,0,0,"snydf101","","",0,0,0,0,0,0,0,0,0,0,0,0,0,"soutb101","F","F","F","F",0,0,0,0,0,0,0,0,0,0,F,F,"1924NY1.EVN.regular.event.csv",2768
"NY1192408010","PIT",1,1,0,0,0,"",1,0,"soutb101","?","soutb101","?","morrj105","?","morrj105","?","smite106","grimc101","marar101","trayp101","wrigg102","bigbc101","carem101","cuylk101","","","","S1/BG.B-2(E1/TH1)","T","F",9,1,20,"T","T",1,"F","F",0,"F","F",0,"F","F",1,"G","T","F","",1,1,"T",0,"N",0,"N",2,0,0,0,"","","","","F","F","F","F","F","F","F","F","F","","","","F","F","F","F","F","","","","",0,0,0,0,0,0,0,0,0,6,"NY1","NY1","PIT",1,"T","F",0,1,0,0,0,"T","F",0,2,"T","T","frisf101","wilsh102","T","T",0,0,0,0,0,0,0,0,0,"","","",0,0,0,0,0,0,0,0,0,0,0,0,0,"morrj105","F","F","F","F",5,0,0,0,1,0,0,0,0,0,F,F,"1924NY1.EVN.regular.event.csv",2769
"NY1192408010","PIT",1,1,0,0,0,"",1,0,"frisf101","?","frisf101","?","morrj105","?","morrj105","?","smite106","grimc101","marar101","trayp101","wrigg102","bigbc101","carem101","cuylk101","","soutb101","","8/F","F","F",4,2,2,"T","T",0,"F","F",1,"F","F",0,"F","F",8,"F","F","F","",0,0,"N",0,"N",0,"N",0,0,2,0,"8","","","","F","F","F","F","F","F","F","F","F","","morrj105","","F","F","F","F","F","","","","",0,8,0,0,0,0,0,0,0,7,"NY1","NY1","PIT",1,"F","F",0,1,0,1,1,"T","F",2,2,"T","T","wilsh102","meusi101","T","T",0,0,0,9,1,6,0,0,0,"","smite106","",0,0,0,0,0,0,0,0,0,0,0,0,0,"carem101","F","F","F","F",0,0,5,0,1,0,0,0,0,0,F,F,"1924NY1.EVN.regular.event.csv",2770
"NY1192408010","PIT",1,1,1,0,0,"",1,0,"wilsh102","?","wilsh102","?","morrj105","?","morrj105","?","smite106","grimc101","marar101","trayp101","wrigg102","bigbc101","carem101","cuylk101","","soutb101","","W+WP.2-3","F","F",8,3,14,"T","F",0,"F","F",0,"F","F",0,"T","F",0,"","F","F","",0,0,"N",0,"N",0,"N",1,0,3,0,"","","","","F","F","F","F","F","F","F","F","F","","morrj105","","F","F","F","F","F","","","","",0,0,0,0,0,0,0,0,0,8,"NY1","NY1","PIT",1,"F","F",0,1,0,2,2,"T","F",2,5,"T","T","meusi101","kellg101","T","T",0,0,0,9,1,6,0,0,0,"","smite106","",0,0,0,0,0,0,0,0,0,0,0,0,0,"","F","F","F","F",0,0,5,0,1,0,0,0,0,0,F,F,"1924NY1.EVN.regular.event.csv",2771
"NY1192408010","PIT",1,1,1,0,0,"",1,0,"meusi101","?","meusi101","?","morrj105","?","morrj105","?","smite106","grimc101","marar101","trayp101","wrigg102","bigbc101","carem101","cuylk101","wilsh102","","soutb101","9(B)46(1)/DP/SF.3-H(RBI)(UR)","F","F",7,4,2,"T","F",0,"F","T",2,"T","F",1,"F","F",9,"F","F","F","",0,0,"N",0,"N",0,"N",0,0,0,5,"9","946","","","F","F","F","F","F","F","F","F","F","morrj105","","morrj105","F","F","F","F","F","","","","",0,9,6,0,9,4,0,0,0,9,"NY1","NY1","PIT",1,"F","T",0,1,0,3,3,"T","F",5,0,"T","T","kellg101","jackt101","T","T",8,3,8,0,0,0,9,1,6,"smite106","","smite106",0,0,0,0,0,0,0,0,0,0,0,0,1,"cuylk101","F","F","F","F",0,0,0,5,0,0,0,0,0,0,F,F,"1924NY1.EVN.regular.event.csv",2772
"NY1192408010","PIT",2,0,0,0,0,"",1,1,"marar101","?","marar101","?","barnv101","?","barnv101","?","snydf101","kellg101","frisf101","grohh101","jackt101","meusi101","wilsh102","soutb101","","","","43","T","F",4,6,2,"T","T",0,"F","F",1,"F","F",0,"F","F",4,"G","F","F","",0,0,"N",0,"N",0,"N",0,0,0,0,"43","","","","F","F","F","F","F","F","F","F","F","","","","F","F","F","F","F","","","","",0,3,0,0,4,0,0,0,0,10,"NY1","PIT","NY1",0,"T","F",1,1,0,5,0,"T","F",0,0,"T","T","grimc101","smite106","T","T",0,0,0,0,0,0,0,0,0,"","","",0,0,0,0,0,0,0,0,0,0,0,0,0,"frisf101","F","F","F","F",0,0,0,0,0,0,0,0,0,0,F,F,"1924NY1.EVN.regular.event.csv",2773
"NY1192408010","PIT",2,0,1,0,0,"",1,1,"grimc101","?","grimc101","?","barnv101","?","barnv101","?","snydf101","kellg101","frisf101","grohh101","jackt101","meusi101","wilsh102","soutb101","","","","43","F","F",3,7,2,"T","T",0,"F","F",1,"F","F",0,"F","F",4,"G","F","F","",0,0,"N",0,"N",0,"N",0,0,0,0,"43","","","","F","F","F","F","F","F","F","F","F","","","","F","F","F","F","F","","","","",0,3,0,0,4,0,0,0,0,11,"NY1","PIT","NY1",0,"F","F",1,1,0,6,1,"T","F",0,0,"T","T","smite106","morrj105","T","T",0,0,0,0,0,0,0,0,0,"","","",0,0,0,0,0,0,0,0,0,0,0,0,0,"frisf101","F","F","F","F",0,0,0,0,0,0,0,0,0,0,F,F,"1924NY1.EVN.regular.event.csv",2774
"NY1192408010","PIT",2,0,2,0,0,"",1,1,"smite106","?","smite106","?","barnv101","?","barnv101","?","snydf101","kellg101","frisf101","grohh101","jackt101","meusi101","wilsh102","soutb101","","","","W","F","F",2,8,14,"T","F",0,"F","F",0,"F","F",0,"F","F",0,"","F","F","",0,0,"N",0,"N",0,"N",1,0,0,0,"","","","","F","F","F","F","F","F","F","F","F","","","","F","F","F","F","F","","","","",0,0,0,0,0,0,0,0,0,12,"NY1","PIT","NY1",0,"F","F",1,1,0,7,2,"T","F",0,1,"T","T","morrj105","bigbc101","T","T",0,0,0,0,0,0,0,0,0,"","","",0,0,0,0,0,0,0,0,0,0,0,0,0,"","F","F","F","F",0,0,0,0,0,0,0,0,0,0,F,F,"1924NY1.EVN.regular.event.csv",2775
"NY1192408010","PIT",2,0,2,0,0,"",1,1,"morrj105","?","morrj105","?","barnv101","?","barnv101","?","snydf101","kellg101","frisf101","grohh101","jackt101","meusi101","wilsh102","soutb101","smite106","","","3/L","F","F",1,9,2,"T","T",0,"F","F",1,"F","F",0,"F","F",3,"L","F","F","",0,0,"N",0,"N",0,"N",0,1,0,0,"3","","","","F","F","F","F","F","F","F","F","F","barnv101","","","F","F","F","F","F","","","","",0,3,0,0,0,0,0,0,0,13,"NY1","PIT","NY1",0,"F","T",1,1,0,8,3,"T","F",1,1,"T","T","bigbc101","carem101","T","T",2,8,12,0,0,0,0,0,0,"snydf101","","",0,0,0,0,0,0,0,0,0,0,0,0,0,"kellg101","F","F","F","F",0,0,0,0,0,0,0,0,0,0,F,F,"1924NY1.EVN.regular.event.csv",2776
"NY1192408010","PIT",2,1,0,0,0,"",1,1,"kellg101","?","kellg101","?","morrj105","?","morrj105","?","smite106","grimc101","marar101","trayp101","wrigg102","bigbc101","carem101","cuylk101","","","","63","T","F",3,5,2,"T","T",0,"F","F",1,"F","F",0,"F","F",6,"G","F","F","",0,0,"N",0,"N",0,"N",0,0,0,0,"63","","","","F","F","F","F","F","F","F","F","F","","","","F","F","F","F","F","","","","",0,3,0,0,6,0,0,0,0,14,"NY1","NY1","PIT",1,"T","F",1,1,0,4,0,"T","F",0,0,"T","T","jackt101","grohh101","T","T",0,0,0,0,0,0,0,0,0,"","","",0,0,0,0,0,0,0,0,0,0,0,0,0,"wrigg102","F","F","F","F",0,0,0,0,0,0,0,0,0,0,F,F,"1924NY1.EVN.regular.event.csv",2777
"NY1192408010","PIT",2,1,1,0,0,"",1,1,"jackt101","?","jackt101","?","morrj105","?","morrj105","?","smite106","grimc101","marar101","trayp101","wrigg102","bigbc101","carem101","cuylk101","","","","S7","F","F",6,6,20,"T","T",1,"F","F",0,"F","F",0,"F","F",7,"","F","F","",0,0,"N",0,"N",0,"N",1,0,0,0,"","","","","F","F","F","F","F","F","F","F","F","","","","F","F","F","F","F","","","","",0,0,0,0,0,0,0,0,0,15,"NY1","NY1","PIT",1,"F","F",1,1,0,5,1,"T","F",0,1,"T","T","grohh101","snydf101","T","T",0,0,0,0,0,0,0,0,0,"","","",0,0,0,0,0,0,0,0,0,0,0,0,0,"bigbc101","F","F","F","F",0,0,0,0,0,0,0,0,0,0,F,F,"1924NY1.EVN.regular.event.csv",2778
"NY1192408010","PIT",2,1,1,0,0,"",1,1,"grohh101","?","grohh101","?","morrj105","?","morrj105","?","smite106","grimc101","marar101","trayp101","wrigg102","bigbc101","carem101","cuylk101","jackt101","","","7/F","F","F",5,7,2,"T","T",0,"F","F",1,"F","F",0,"F","F",7,"F","F","F","",0,0,"N",0,"N",0,"N",0,1,0,0,"7","","","","F","F","F","F","F","F","F","F","F","morrj105","","","F","F","F","F","F","","","","",0,7,0,0,0,0,0,0,0,16,"NY1","NY1","PIT",1,"F","F",1,1,0,6,2,"T","F",1,1,"T","T","snydf101","barnv101","T","T",6,6,15,0,0,0,0,0,0,"smite106","","",0,0,0,0,0,0,0,0,0,0,0,0,0,"bigbc101","F","F","F","F",0,0,0,0,0,0,0,0,0,0,F,F,"1924NY1.EVN.regular.event.csv",2779
"NY1192408010","PIT",2,1,2,0,0,"",1,1,"snydf101","?","snydf101","?","morrj105","?","morrj105","?","smite106","grimc101","marar101","trayp101","wrigg102","bigbc101","carem101","cuylk101","jackt101","","","5/FL","F","F",2,8,2,"T","T",0,"F","F",1,"F","F",0,"F","F",5,"F","F","T","",0,0,"N",0,"N",0,"N",0,1,0,0,"5","","","","F","F","F","F","F","F","F","F","F","morrj105","","","F","F","F","F","F","","","","",0,5,0,0,0,0,0,0,0,17,"NY1","NY1","PIT",1,"F","T",1,1,0,7,3,"T","F",1,1,"T","T","barnv101","soutb101","T","T",6,6,15,0,0,0,0,0,0,"smite106","","",0,0,0,0,0,0,0,0,0,0,0,0,0,"trayp101","F","F","F","F",0,0,0,0,0,0,0,0,0,0,F,F,"1924NY1.EVN.regular.event.csv",2780
"NY1192408010","PIT",3,0,0,0,0,"",1,1,"bigbc101","?","bigbc101","?","barnv101","?","barnv101","?","snydf101","kellg101","frisf101","grohh101","jackt101","meusi101","wilsh102","soutb101","","","","9/L9D","T","F",7,1,2,"T","T",0,"F","F",1,"F","F",0,"F","F",9,"L","F","F","9D",0,0,"N",0,"N",0,"N",0,0,0,0,"9","","","","F","F","F","F","F","F","F","F","F","","","","F","F","F","F","F","","","","",0,9,0,0,0,0,0,0,0,18,"NY1","PIT","NY1",0,"T","F",1,1,0,9,0,"T","F",0,0,"T","T","carem101","cuylk101","T","T",0,0,0,0,0,0,0,0,0,"","","",0,0,0,0,0,0,0,0,0,0,0,0,0,"soutb101","F","F","F","F",0,0,0,0,0,0,0,0,0,0,F,F,"1924NY1.EVN.regular.event.csv",2781
"NY1192408010","PIT",3,0,1,0,0,"",1,1,"carem101","?","carem101","?","barnv101","?","barnv101","?","snydf101","kellg101","frisf101","grohh101","jackt101","meusi101","wilsh102","soutb101","","","","4/P4D","F","F",8,2,2,"T","T",0,"F","F",1,"F","F",0,"F","F",4,"P","F","F","4D",0,0,"N",0,"N",0,"N",0,0,0,0,"4","","","","F","F","F","F","F","F","F","F","F","","","","F","F","F","F","F","","","","",0,4,0,0,0,0,0,0,0,19,"NY1","PIT","NY1",0,"F","F",1,1,0,10,1,"T","F",0,0,"T","T","cuylk101","wrigg102","T","T",0,0,0,0,0,0,0,0,0,"","","",0,0,0,0,0,0,0,0,0,0,0,0,0,"frisf101","F","F","F","F",0,0,0,0,0,0,0,0,0,0,F,F,"1924NY1.EVN.regular.event.csv",2782
"NY1192408010","PIT",3,0,2,0,0,"",1,1,"cuylk101","?","cuylk101","?","barnv101","?","barnv101","?","snydf101","kellg101","frisf101","grohh101","jackt101","meusi101","wilsh102","soutb101","","","","S9","F","F",9,3,20,"T","T",1,"F","F",0,"F","F",0,"F","F",9,"","F","F","",0,0,"N",0,"N",0,"N",1,0,0,0,"","","","","F","F","F","F","F","F","F","F","F","","","","F","F","F","F","F","","","","",0,0,0,0,0,0,0,0,0,20,"NY1","PIT","NY1",0,"F","F",1,1,0,11,2,"T","F",0,1,"T","T","wrigg102","trayp101","T","T",0,0,0,0,0,0,0,0,0,"","","",0,0,0,0,0,0,0,0,0,0,0,0,0,"soutb101","F","F","F","F",0,0,0,0,0,0,0,0,0,0,F,F,"1924NY1.EVN.regular.event.csv",2783
"NY1192408010","PIT",3,0,2,0,0,"",1,1,"wrigg102","?","wrigg102","?","barnv101","?","barnv101","?","snydf101","kellg101","frisf101","grohh101","jackt101","meusi101","wilsh102","soutb101","cuylk101","","","8/F","F","F",6,4,2,"T","T",0,"F","F",1,"F","F",0,"F","F",8,"F","F","F","",0,0,"N",0,"N",0,"N",0,1,0,0,"8","","","","F","F","F","F","F","F","F","F","F","barnv101","","","F","F","F","F","F","","","","",0,8,0,0,0,0,0,0,0,21,"NY1","PIT","NY1",0,"F","T",1,1,0,12,3,"T","F",1,1,"T","T","trayp101","marar101","T","T",9,3,20,0,0,0,0,0,0,"snydf101","","",0,0,0,0,0,0,0,0,0,0,0,0,0,"wilsh102","F","F","F","F",0,0,0,0,0,0,0,0,0,0,F,F,"1924NY1.EVN.regular.event.csv",2784
"NY1192408010","PIT",3,1,0,0,0,"",1,1,"barnv101","?","barnv101","?","morrj105","?","morrj105","?","smite106","grimc101","marar101","trayp101","wrigg102","bigbc101","carem101","cuylk101","","","","53","T","F",1,9,2,"T","T",0,"F","F",1,"F","F",0,"F","F",5,"G","F","F","",0,0,"N",0,"N",0,"N",0,0,0,0,"53","","","","F","F","F","F","F","F","F","F","F","","","","F","F","F","F","F","","","","",0,3,0,0,5,0,0,0,0,22,"NY1","NY1","PIT",1,"T","F",1,1,0,8,0,"T","F",0,0,"T","T","soutb101","frisf101","T","T",0,0,0,0,0,0,0,0,0,"","","",0,0,0,0,0,0,0,0,0,0,0,0,0,"trayp101","F","F","F","F",0,0,0,0,1,0,0,0,0,0,F,F,"1924NY1.EVN.regular.event.csv",2785
"NY1192408010","PIT",3,1,1,0,0,"",1,1,"soutb101","?","soutb101","?","morrj105","?","morrj105","?","smite106","grimc101","marar101","trayp101","wrigg102","bigbc101","carem101","cuylk101","","","","8/F","F","F",9,1,2,"T","T",0,"F","F",1,"F","F",0,"F","F",8,"F","F","F","",0,0,"N",0,"N",0,"N",0,0,0,0,"8","","","","F","F","F","F","F","F","F","F","F","","","","F","F","F","F","F","","","","",0,8,0,0,0,0,0,0,0,23,"NY1","NY1","PIT",1,"F","F",1,1,0,9,1,"T","F",0,0,"T","T","frisf101","wilsh102","T","T",0,0,0,0,0,0,0,0,0,"","","",0,0,0,0,0,0,0,0,0,0,0,0,0,"carem101","F","F","F","F",0,0,0,0,1,0,0,0,0,0,F,F,"1924NY1.EVN.regular.event.csv",2786
"NY1192408010","PIT",3,1,2,0,0,"",1,1,"frisf101","?","frisf101","?","morrj105","?","morrj105","?","smite106","grimc101","marar101","trayp101","wrigg102","bigbc101","carem101","cuylk101","","","","S8.B-3(E8)","F","F",4,2,20,"T","T",1,"F","F",0,"F","F",0,"F","F",8,"","F","F","",1,8,"F",0,"N",0,"N",3,0,0,0,"","","","","F","F","F","F","F","F","F","F","F","","","","F","F","F","F","F","","","","",0,0,0,0,0,0,0,0,0,24,"NY1","NY1","PIT",1,"F","F",1,1,0,10,2,"T","F",0,4,"T","T","wilsh102","meusi101","T","T",0,0,0,0,0,0,0,0,0,"","","",0,0,0,0,0,0,0,0,0,0,0,0,0,"carem101","F","F","F","F",5,0,0,0,1,0,0,0,0,0,F,F,"1924NY1.EVN.regular.event.csv",2787
"NY1192408010","PIT",3,1,2,0,0,"",1,1,"wilsh102","?","wilsh102","?","morrj105","?","morrj105","?","smite106","grimc101","marar101","trayp101","wrigg102","bigbc101","carem101","cuylk101","","","frisf101","S8.3-H(UR)","F","F",8,3,20,"T","T",1,"F","F",0,"F","F",1,"F","F",8,"","F","F","",0,0,"N",0,"N",0,"N",1,0,0,5,"","","","","F","F","F","F","F","F","F","F","F","","","morrj105","F","F","F","F","F","","","","",0,0,0,0,0,0,0,0,0,25,"NY1","NY1","PIT",1,"F","F",1,1,0,11,3,"T","F",4,1,"T","T","meusi101","kellg101","T","T",0,0,0,0,0,0,4,2,24,"","","smite106",0,0,0,0,0,0,0,0,0,0,0,0,1,"carem101","F","F","F","F",0,0,0,5,0,0,0,0,0,0,F,F,"1924NY1.EVN.regular.event.csv",2788
"NY1192408010","PIT",3,1,2,0,0,"",1,2,"meusi101","?","meusi101","?","morrj105","?","morrj105","?","smite106","grimc101","marar101","trayp101","wrigg102","bigbc101","carem101","cuylk101","wilsh102","","","9/F","F","F",7,4,2,"T","T",0,"F","F",1,"F","F",0,"F","F",9,"F","F","F","",0,0,"N",0,"N",0,"N",0,1,0,0,"9","","","","F","F","F","F","F","F","F","F","F","morrj105","","","F","F","F","F","F","","","","",0,9,0,0,0,0,0,0,0,26,"NY1","NY1","PIT",1,"F","T",2,1,1,12,4,"T","F",1,1,"T","T","kellg101","jackt101","T","T",8,3,25,0,0,0,0,0,0,"smite106","","",0,0,0,0,0,0,0,0,0,0,0,0,0,"cuylk101","F","F","F","F",0,0,0,0,0,0,0,0,0,0,F,F,"1924NY1.EVN.regular.event.csv",2789
"NY1192408010","PIT",4,0,0,0,0,"",1,2,"trayp101","?","trayp101","?","barnv101","?","barnv101","?","snydf101","kellg101","frisf101","grohh101","jackt101","meusi101","wilsh102","soutb101","","","","3/P","T","F",5,5,2,"T","T",0,"F","F",1,"F","F",0,"F","F",3,"P","F","F","",0,0,"N",0,"N",0,"N",0,0,0,0,"3","","","","F","F","F","F","F","F","F","F","F","","","","F","F","F","F","F","","","","",0,3,0,0,0,0,0,0,0,27,"NY1","PIT","NY1",0,"T","F",1,2,0,13,0,"T","F",0,0,"T","T","marar101","grimc101","T","T",0,0,0,0,0,0,0,0,0,"","","",0,0,0,0,0,0,0,0,0,0,0,0,0,"kellg101","F","F","F","F",0,0,0,0,0,0,0,0,0,0,F,F,"1924NY1.EVN.regular.event.csv",2790
"NY1192408010","PIT",4,0,1,0,0,"",1,2,"marar101","?","marar101","?","barnv101","?","barnv101","?","snydf101","kellg101","frisf101","grohh101","jackt101","meusi101","wilsh102","soutb101","","","","S/G5","F","F",4,6,20,"T","T",1,"F","F",0,"F","F",0,"F","F",0,"G","F","F","5",0,0,"N",0,"N",0,"N",1,0,0,0,"","","","","F","F","F","F","F","F","F","F","F","","","","F","F","F","F","F","","","","",0,0,0,0,0,0,0,0,0,28,"NY1","PIT","NY1",0,"F","F",1,2,0,14,1,"T","F",0,1,"T","T","grimc101","smite106","T","T",0,0,0,0,0,0,0,0,0,"","","",0,0,0,0,0,0,0,0,0,0,0,0,0,"","F","F","F","F",0,0,0,0,0,0,0,0,0,0,F,F,"1924NY1.EVN.regular.event.csv",2791
"NY1192408010","PIT",4,0,1,0,0,"",1,2,"grimc101","?","grimc101","?","barnv101","?","barnv101","?","snydf101","kellg101","frisf101","grohh101","jackt101","meusi101","wilsh102","soutb101","marar101","","","7/F","F","F",3,7,2,"T","T",0,"F","F",1,"F","F",0,"F","F",7,"F","F","F","",0,0,"N",0,"N",0,"N",0,1,0,0,"7","","","","F","F","F","F","F","F","F","F","F","barnv101","","","F","F","F","F","F","","","","",0,7,0,0,0,0,0,0,0,29,"NY1","PIT","NY1",0,"F","F",1,2,0,15,2,"T","F",1,1,"T","T","smite106","morrj105","T","T",4,6,28,0,0,0,0,0,0,"snydf101","","",0,0,0,0,0,0,0,0,0,0,0,0,0,"meusi101","F","F","F","F",0,0,0,0,0,0,0,0,0,0,F,F,"1924NY1.EVN.regular.event.csv",2792
"NY1192408010","PIT",4,0,2,0,0,"",1,2,"smite106","?","smite106","?","barnv101","?","barnv101","?","snydf101","kellg101","frisf101","grohh101","jackt101","meusi101","wilsh102","soutb101","marar101","","","SB2","F","F",2,8,4,"F","F",0,"F","F",0,"F","F",0,"F","F",0,"","F","F","",0,0,"N",0,"N",0,"N",0,2,0,0,"","","","","T","F","F","F","F","F","F","F","F","barnv101","","","F","F","F","F","F","","","","",0,0,0,0,0,0,0,0,0,30,"NY1","PIT","NY1",0,"F","F",1,2,0,16,3,"T","F",1,2,"T","T","morrj105","bigbc101","T","T",4,6,28,0,0,0,0,0,0,"snydf101","","",0,0,0,0,0,0,0,0,0,0,0,0,0,"","F","F","F","F",0,0,0,0,0,0,0,0,0,0,F,F,"1924NY1.EVN.regular.event.csv",2793
"NY1192408010","PIT",4,0,2,0,0,"",1,2,"smite106","?","smite106","?","barnv101","?","barnv101","?","snydf101","kellg101","frisf101","grohh101","jackt101","meusi101","wilsh102","soutb101","","marar101","","7/L","F","F",2,8,2,"T","T",0,"F","F",1,"F","F",0,"F","F",7,"L","F","F","",0,0,"N",0,"N",0,"N",0,0,2,0,"7","","","","F","F","F","F","F","F","F","F","F","","barnv101","","F","F","F","F","F","","","","",0,7,0,0,0,0,0,0,0,31,"NY1","PIT","NY1",0,"F","T",1,2,0,16,3,"F","F",2,2,"T","T","morrj105","bigbc101","T","T",0,0,0,4,6,28,0,0,0,"","snydf101","",0,0,0,0,0,0,0,0,0,0,0,0,0,"meusi101","F","F","F","F",0,0,0,0,0,0,0,0,0,0,F,F,"1924NY1.EVN.regular.event.csv",2794
"NY1192408010","PIT",4,1,0,0,0,"",1,2,"kellg101","?","kellg101","?","morrj105","?","morrj105","?","smite106","grimc101","marar101","trayp101","wrigg102","bigbc101","carem101","cuylk101","","","","13","T","F",3,5,2,"T","T",0,"F","F",1,"F","F",0,"F","F",1,"G","F","F","",0,0,"N",0,"N",0,"N",0,0,0,0,"13","","","","F","F","F","F","F","F","F","F","F","","","","F","F","F","F","F","","","","",0,3,0,0,1,0,0,0,0,32,"NY1","NY1","PIT",1,"T","F",2,1,0,13,0,"T","F",0,0,"T","T","jackt101","grohh101","T","T",0,0,0,0,0,0,0,0,0,"","","",0,0,0,0,0,0,0,0,0,0,0,0,0,"morrj105","F","F","F","F",0,0,0,0,0,0,0,0,0,0,F,F,"1924NY1.EVN.regular.event.csv",2795
"NY1192408010","PIT",4,1,1,0,0,"",1,2,"jackt101","?","jackt101","?","morrj105","?","morrj105","?","smite106","grimc101","marar101","trayp101","wrigg102","bigbc101","carem101","cuylk101","","","","8/F8XD","F","F",6,6,2,"T","T",0,"F","F",1,"F","F",0,"F","F",8,"F","F","F","8XD",0,0,"N",0,"N",0,"N",0,0,0,0,"8","","","","F","F","F","F","F","F","F","F","F","","","","F","F","F","F","F","","","","",0,8,0,0,0,0,0,0,0,33,"NY1","NY1","PIT",1,"F","F",2,1,0,14,1,"T","F",0,0,"T","T","grohh101","snydf101","T","T",0,0,0,0,0,0,0,0,0,"","","",0,0,0,0,0,0,0,0,0,0,0,0,0,"carem101","F","F","F","F",0,0,0,0,0,0,0,0,0,0,F,F,"1924NY1.EVN.regular.event.csv",2796
"NY1192408010","PIT",4,1,2,0,0,"",1,2,"grohh101","?","grohh101","?","morrj105","?","morrj105","?","smite106","grimc101","marar101","trayp101","wrigg102","bigbc101","carem101","cuylk101","","","","5/FL","F","F",5,7,2,"T","T",0,"F","F",1,"F","F",0,"F","F",5,"F","F","T","",0,0,"N",0,"N",0,"N",0,0,0,0,"5","","","","F","F","F","F","F","F","F","F","F","","","","F","F","F","F","F","","","","",0,5,0,0,0,0,0,0,0,34,"NY1","NY1","PIT",1,"F","T",2,1,0,15,2,"T","F",0,0,"T","T","snydf101","barnv101","T","T",0,0,0,0,0,0,0,0,0,"","","",0,0,0,0,0,0,0,0,0,0,0,0,0,"trayp101","F","F","F","F",0,0,0,0,0,0,0,0,0,0,F,F,"1924NY1.EVN.regular.event.csv",2797
"NY1192408010","PIT",5,0,0,0,0,"",1,2,"morrj105","?","morrj105","?","barnv101","?","barnv101","?","snydf101","kellg101","frisf101","grohh101","jackt101","meusi101","wilsh102","soutb101","","","","63","T","F",1,9,2,"T","T",0,"F","F",1,"F","F",0,"F","F",6,"G","F","F","",0,0,"N",0,"N",0,"N",0,0,0,0,"63","","","","F","F","F","F","F","F","F","F","F","","","","F","F","F","F","F","","","","",0,3,0,0,6,0,0,0,0,35,"NY1","PIT","NY1",0,"T","F",1,2,0,17,0,"T","F",0,0,"T","T","bigbc101","carem101","T","T",0,0,0,0,0,0,0,0,0,"","","",0,0,0,0,0,0,0,0,0,0,0,0,0,"jackt101","F","F","F","F",0,0,0,0,0,0,0,0,0,0,F,F,"1924NY1.EVN.regular.event.csv",2798
"NY1192408010","PIT",5,0,1,0,0,"",1,2,"bigbc101","?","bigbc101","?","barnv101","?","barnv101","?","snydf101","kellg101","frisf101","grohh101","jackt101","meusi101","wilsh102","soutb101","","","","W","F","F",7,1,14,"T","F",0,"F","F",0,"F","F",0,"F","F",0,"","F","F","",0,0,"N",0,"N",0,"N",1,0,0,0,"","","","","F","F","F","F","F","F","F","F","F","","","","F","F","F","F","F","","","","",0,0,0,0,0,0,0,0,0,36,"NY1","PIT","NY1",0,"F","F",1,2,0,18,1,"T","F",0,1,"T","T","carem101","cuylk101","T","T",0,0,0,0,0,0,0,0,0,"","","",0,0,0,0,0,0,0,0,0,0,0,0,0,"","F","F","F","F",0,0,0,0,0,0,0,0,0,0,F,F,"1924NY1.EVN.regular.event.csv",2799
"NY1192408010","PIT",5,0,1,0,0,"",1,2,"carem101","?","carem101","?","barnv101","?","barnv101","?","snydf101","kellg101","frisf101","grohh101","jackt101","meusi101","wilsh102","soutb101","bigbc101","","","K","F","F",8,2,3,"T","T",0,"F","F",1,"F","F",0,"F","F",0,"","F","F","",0,0,"N",0,"N",0,"N",0,1,0,0,"2","","","","F","F","F","F","F","F","F","F","F","barnv101","","","F","F","F","F","F","","","","",0,2,0,0,0,0,0,0,0,37,"NY1","PIT","NY1",0,"F","F",1,2,0,19,2,"T","F",1,1,"T","T","cuylk101","wrigg102","T","T",7,1,36,0,0,0,0,0,0,"snydf101","","",0,0,0,0,0,0,0,0,0,0,0,0,0,"","F","F","F","F",0,0,0,0,0,0,0,0,0,0,F,F,"1924NY1.EVN.regular.event.csv",2800
"NY1192408010","PIT",5,0,2,0,0,"",1,2,"cuylk101","?","cuylk101","?","barnv101","?","barnv101","?","snydf101","kellg101","frisf101","grohh101","jackt101","meusi101","wilsh102","soutb101","bigbc101","","","4/P34D","F","F",9,3,2,"T","T",0,"F","F",1,"F","F",0,"F","F",4,"P","F","F","34D",0,0,"N",0,"N",0,"N",0,1,0,0,"4","","","","F","F","F","F","F","F","F","F","F","barnv101","","","F","F","F","F","F","","","","",0,4,0,0,0,0,0,0,0,38,"NY1","PIT","NY1",0,"F","T",1,2,0,20,3,"T","F",1,1,"T","T","wrigg102","trayp101","T","T",7,1,36,0,0,0,0,0,0,"snydf101","","",0,0,0,0,0,0,0,0,0,0,0,0,0,"frisf101","F","F","F","F",0,0,0,0,0,0,0,0,0,0,F,F,"1924NY1.EVN.regular.event.csv",2801
"NY1192408010","PIT",5,1,0,0,0,"",1,2,"snydf101","?","snydf101","?","morrj105","?","morrj105","?","smite106","grimc101","marar101","trayp101","wrigg102","bigbc101","carem101","cuylk101","","","","K","T","F",2,8,3,"T","T",0,"F","F",1,"F","F",0,"F","F",0,"","F","F","",0,0,"N",0,"N",0,"N",0,0,0,0,"2","","","","F","F","F","F","F","F","F","F","F","","","","F","F","F","F","F","","","","",0,2,0,0,0,0,0,0,0,39,"NY1","NY1","PIT",1,"T","F",2,1,0,16,0,"T","F",0,0,"T","T","barnv101","soutb101","T","T",0,0,0,0,0,0,0,0,0,"","","",0,0,0,0,0,0,0,0,0,0,0,0,0,"","F","F","F","F",0,0,0,0,0,0,0,0,0,0,F,F,"1924NY1.EVN.regular.event.csv",2802
"NY1192408010","PIT",5,1,1,0,0,"",1,2,"barnv101","?","barnv101","?","morrj105","?","morrj105","?","smite106","grimc101","marar101","trayp101","wrigg102","bigbc101","carem101","cuylk101","","","","9/L","F","F",1,9,2,"T","T",0,"F","F",1,"F","F",0,"F","F",9,"L","F","F","",0,0,"N",0,"N",0,"N",0,0,0,0,"9","","","","F","F","F","F","F","F","F","F","F","","","","F","F","F","F","F","","","","",0,9,0,0,0,0,0,0,0,40,"NY1","NY1","PIT",1,"F","F",2,1,0,17,1,"T","F",0,0,"T","T","soutb101","frisf101","T","T",0,0,0,0,0,0,0,0,0,"","","",0,0,0,0,0,0,0,0,0,0,0,0,0,"cuylk101","F","F","F","F",0,0,0,0,0,0,0,0,0,0,F,F,"1924NY1.EVN.regular.event.csv",2803
"NY1192408010","PIT",5,1,2,0,0,"",1,2,"soutb101","?","soutb101","?","morrj105","?","morrj105","?","smite106","grimc101","marar101","trayp101","wrigg102","bigbc101","carem101","cuylk101","","","","9/F","F","F",9,1,2,"T","T",0,"F","F",1,"F","F",0,"F","F",9,"F","F","F","",0,0,"N",0,"N",0,"N",0,0,0,0,"9","","","","F","F","F","F","F","F","F","F","F","","","","F","F","F","F","F","","","","",0,9,0,0,0,0,0,0,0,41,"NY1","NY1","PIT",1,"F","T",2,1,0,18,2,"T","F",0,0,"T","T","frisf101","wilsh102","T","T",0,0,0,0,0,0,0,0,0,"","","",0,0,0,0,0,0,0,0,0,0,0,0,0,"cuylk101","F","F","F","F",0,0,0,0,0,0,0,0,0,0,F,F,"1924NY1.EVN.regular.event.csv",2804
"NY1192408010","PIT",6,0,0,0,0,"",1,2,"wrigg102","?","wrigg102","?","barnv101","?","barnv101","?","snydf101","kellg101","frisf101","grohh101","jackt101","meusi101","wilsh102","soutb101","","","","63","T","F",6,4,2,"T","T",0,"F","F",1,"F","F",0,"F","F",6,"G","F","F","",0,0,"N",0,"N",0,"N",0,0,0,0,"63","","","","F","F","F","F","F","F","F","F","F","","","","F","F","F","F","F","","","","",0,3,0,0,6,0,0,0,0,42,"NY1","PIT","NY1",0,"T","F",1,2,0,21,0,"T","F",0,0,"T","T","trayp101","marar101","T","T",0,0,0,0,0,0,0,0,0,"","","",0,0,0,0,0,0,0,0,0,0,0,0,0,"jackt101","F","F","F","F",0,0,0,0,0,0,0,0,0,0,F,F,"1924NY1.EVN.regular.event.csv",2805
"NY1192408010","PIT",6,0,1,0,0,"",1,2,"trayp101","?","trayp101","?","barnv101","?","barnv101","?","snydf101","kellg101","frisf101","grohh101","jackt101","meusi101","wilsh102","soutb101","","","","63","F","F",5,5,2,"T","T",0,"F","F",1,"F","F",0,"F","F",6,"G","F","F","",0,0,"N",0,"N",0,"N",0,0,0,0,"63","","","","F","F","F","F","F","F","F","F","F","","","","F","F","F","F","F","","","","",0,3,0,0,6,0,0,0,0,43,"NY1","PIT","NY1",0,"F","F",1,2,0,22,1,"T","F",0,0,"T","T","marar101","grimc101","T","T",0,0,0,0,0,0,0,0,0,"","","",0,0,0,0,0,0,0,0,0,0,0,0,0,"jackt101","F","F","F","F",0,0,0,0,0,0,0,0,0,0,F,F,"1924NY1.EVN.regular.event.csv",2806
"NY1192408010","PIT",6,0,2,0,0,"",1,2,"marar101","?","marar101","?","barnv101","?","barnv101","?","snydf101","kellg101","frisf101","grohh101","jackt101","meusi101","wilsh102","soutb101","","","","S9/9D","F","F",4,6,20,"T","T",1,"F","F",0,"F","F",0,"F","F",9,"","F","F","9D",0,0,"N",0,"N",0,"N",1,0,0,0,"","","","","F","F","F","F","F","F","F","F","F","","","","F","F","F","F","F","","","","",0,0,0,0,0,0,0,0,0,44,"NY1","PIT","NY1",0,"F","F",1,2,0,23,2,"T","F",0,1,"T","T","grimc101","smite106","T","T",0,0,0,0,0,0,0,0,0,"","","",0,0,0,0,0,0,0,0,0,0,0,0,0,"soutb101","F","F","F","F",0,0,0,0,0,0,0,0,0,0,F,F,"1924NY1.EVN.regular.event.csv",2807
"NY1192408010","PIT",6,0,2,0,0,"",1,2,"grimc101","?","grimc101","?","barnv101","?","barnv101","?","snydf101","kellg101","frisf101","grohh101","jackt101","meusi101","wilsh102","soutb101","marar101","","","S9.1-3","F","F",3,7,20,"T","T",1,"F","F",0,"F","F",0,"F","F",9,"","F","F","",0,0,"N",0,"N",0,"N",1,3,0,0,"","","","","F","F","F","F","F","F","F","F","F","barnv101","","","F","F","F","F","F","","","","",0,0,0,0,0,0,0,0,0,45,"NY1","PIT","NY1",0,"F","F",1,2,0,24,3,"T","F",1,5,"T","T","smite106","morrj105","T","T",4,6,44,0,0,0,0,0,0,"snydf101","","",0,0,0,0,0,0,0,0,0,0,0,0,0,"soutb101","F","F","F","F",0,0,0,0,0,0,0,0,0,0,F,F,"1924NY1.EVN.regular.event.csv",2808
"NY1192408010","PIT",6,0,2,0,0,"",1,2,"smite106","?","smite106","?","barnv101","?","barnv101","?","snydf101","kellg101","frisf101","grohh101","jackt101","meusi101","wilsh102","soutb101","grimc101","","marar101","6/P","F","F",2,8,2,"T","T",0,"F","F",1,"F","F",0,"F","F",6,"P","F","F","",0,0,"N",0,"N",0,"N",0,1,0,3,"6","","","","F","F","F","F","F","F","F","F","F","barnv101","","barnv101","F","F","F","F","F","","","","",0,6,0,0,0,0,0,0,0,46,"NY1","PIT","NY1",0,"F","T",1,2,0,25,4,"T","F",5,5,"T","T","morrj105","bigbc101","T","T",3,7,45,0,0,0,4,6,44,"snydf101","","snydf101",0,0,0,0,0,0,0,0,0,0,0,0,0,"jackt101","F","F","F","F",0,0,0,0,0,0,0,0,0,0,F,F,"1924NY1.EVN.regular.event.csv",2809
"NY1192408010","PIT",6,1,0,0,0,"",1,2,"frisf101","?","frisf101","?","morrj105","?","morrj105","?","smite106","grimc101","marar101","trayp101","wrigg102","bigbc101","carem101","cuylk101","","","","63","T","F",4,2,2,"T","T",0,"F","F",1,"F","F",0,"F","F",6,"G","F","F","",0,0,"N",0,"N",0,"N",0,0,0,0,"63","","","","F","F","F","F","F","F","F","F","F","","","","F","F","F","F","F","","","","",0,3,0,0,6,0,0,0,0,47,"NY1","NY1","PIT",1,"T","F",2,1,0,19,0,"T","F",0,0,"T","T","wilsh102","meusi101","T","T",0,0,0,0,0,0,0,0,0,"","","",0,0,0,0,0,0,0,0,0,0,0,0,0,"wrigg102","F","F","F","F",0,0,0,0,1,0,0,0,0,0,F,F,"1924NY1.EVN.regular.event.csv",2810
"NY1192408010","PIT",6,1,1,0,0,"",1,2,"wilsh102","?","wilsh102","?","morrj105","?","morrj105","?","smite106","grimc101","marar101","trayp101","wrigg102","bigbc101","carem101","cuylk101","","","","S9","F","F",8,3,20,"T","T",1,"F","F",0,"F","F",0,"F","F",9,"","F","F","",0,0,"N",0,"N",0,"N",1,0,0,0,"","","","","F","F","F","F","F","F","F","F","F","","","","F","F","F","F","F","","","","",0,0,0,0,0,0,0,0,0,48,"NY1","NY1","PIT",1,"F","F",2,1,0,20,1,"T","F",0,1,"T","T","meusi101","kellg101","T","T",0,0,0,0,0,0,0,0,0,"","","",0,0,0,0,0,0,0,0,0,0,0,0,0,"cuylk101","F","F","F","F",4,0,0,0,1,0,0,0,0,0,F,F,"1924NY1.EVN.regular.event.csv",2811
"NY1192408010","PIT",6,1,1,0,0,"",1,2,"meusi101","?","meusi101","?","morrj105","?","morrj105","?","smite106","grimc101","marar101","trayp101","wrigg102","bigbc101","carem101","cuylk101","wilsh102","","","PB.1-2","F","F",7,4,10,"F","F",0,"F","F",0,"F","F",0,"F","T",0,"","F","F","",0,0,"N",0,"N",0,"N",0,2,0,0,"","","","","F","F","F","F","F","F","F","F","F","morrj105","","","F","F","F","F","F","","","","",0,0,0,0,0,0,0,0,0,49,"NY1","NY1","PIT",1,"F","F",2,1,0,21,2,"T","F",1,2,"T","T","kellg101","jackt101","T","T",8,3,48,0,0,0,0,0,0,"smite106","","",0,0,0,0,0,0,0,0,0,0,0,0,0,"","F","F","F","F",0,4,0,0,1,0,0,0,0,0,F,F,"1924NY1.EVN.regular.event.csv",2812
"NY1192408010","PIT",6,1,1,0,0,"",1,2,"meusi101","?","meusi101","?","morrj105","?","morrj105","?","smite106","grimc101","marar101","trayp101","wrigg102","bigbc101","carem101","cuylk101","","wilsh102","","W","F","F",7,4,14,"T","F",0,"F","F",0,"F","F",0,"F","F",0,"","F","F","",0,0,"N",0,"N",0,"N",1,0,2,0,"","","","","F","F","F","F","F","F","F","F","F","","morrj105","","F","F","F","F","F","","","","",0,0,0,0,0,0,0,0,0,50,"NY1","NY1","PIT",1,"F","F",2,1,0,21,2,"F","F",2,3,"T","T","kellg101","jackt101","T","T",0,0,0,8,3,48,0,0,0,"","smite106","",0,0,0,0,0,0,0,0,0,0,0,0,0,"","F","F","F","F",3,0,4,0,1,0,0,0,0,0,F,F,"1924NY1.EVN.regular.event.csv",2813
"NY1192408010","PIT",6,1,1,0,0,"",1,2,"kellg101","?","kellg101","?","morrj105","?","morrj105","?","smite106","grimc101","marar101","trayp101","wrigg102","bigbc101","carem101","cuylk101","meusi101","wilsh102","","K","F","F",3,5,3,"T","T",0,"F","F",1,"F","F",0,"F","F",0,"","F","F","",0,0,"N",0,"N",0,"N",0,1,2,0,"2","","","","F","F","F","F","F","F","F","F","F","morrj105","morrj105","","F","F","F","F","F","","","","",0,2,0,0,0,0,0,0,0,51,"NY1","NY1","PIT",1,"F","F",2,1,0,22,3,"T","F",3,3,"T","T","jackt101","grohh101","T","T",7,4,50,8,3,48,0,0,0,"smite106","smite106","",0,0,0,0,0,0,0,0,0,0,0,0,0,"","F","F","F","F",0,3,4,0,1,0,0,0,0,0,F,F,"1924NY1.EVN.regular.event.csv",2814
"NY1192408010","PIT",6,1,2,0,0,"",1,2,"jackt101","?","jackt101","?","morrj105","?","morrj105","?","smite106","grimc101","marar101","trayp101","wrigg102","bigbc101","carem101","cuylk101","meusi101","wilsh102","","S7/L78S.2-H;1-3;B-2(TH3)","F","F",6,6,20,"T","T",1,"F","F",0,"F","F",1,"F","F",7,"L","F","F","78S",0,0,"N",0,"N",0,"N",2,3,4,0,"","","","","F","F","F","F","F","F","F","F","F","morrj105","morrj105","","F","F","F","F","F","","","","",0,0,0,0,0,0,0,0,0,52,"NY1","NY1","PIT",1,"F","F",2,1,0,23,4,"T","F",3,6,"T","T","grohh101","snydf101","T","T",7,4,50,8,3,48,0,0,0,"smite106","smite106","",0,0,0,0,0,0,0,0,0,0,0,0,1,"bigbc101","F","F","F","F",2,3,4,0,0,0,0,0,0,0,F,F,"1924NY1.EVN.regular.event.csv",2815
"NY1192408010","PIT",6,1,2,0,0,"",1,3,"grohh101","?","grohh101","?","morrj105","?","morrj105","?","smite106","grimc101","marar101","trayp101","wrigg102","bigbc101","carem101","cuylk101","","jackt101","meusi101","63","F","F",5,7,2,"T","T",0,"F","F",1,"F","F",0,"F","F",6,"G","F","F","",0,0,"N",0,"N",0,"N",0,0,2,3,"63","","","","F","F","F","F","F","F","F","F","F","","morrj105","morrj105","F","F","F","F","F","","","","",0,3,0,0,6,0,0,0,0,53,"NY1","NY1","PIT",1,"F","T",3,1,1,24,5,"T","F",6,6,"T","T","snydf101","barnv101","T","T",0,0,0,6,6,52,7,4,50,"","smite106","smite106",0,0,0,0,0,0,0,0,0,0,0,0,0,"wrigg102","F","F","F","F",0,0,2,3,0,0,0,0,0,0,F,F,"1924NY1.EVN.regular.event.csv",2816
"NY1192408010","PIT",7,0,0,0,0,"",1,3,"moore102","?","moore102","?","barnv101","?","barnv101","?","snydf101","kellg101","frisf101","grohh101","jackt101","meusi101","wilsh102","soutb101","","","","S1/G1S","T","T",11,9,20,"T","T",1,"F","F",0,"F","F",0,"F","F",1,"G","F","F","1S",0,0,"N",0,"N",0,"N",1,0,0,0,"","","","","F","F","F","F","F","F","F","F","F","","","","F","F","F","F","F","","","","morrj105",1,0,0,0,0,0,0,0,0,54,"NY1","PIT","NY1",0,"T","F",1,3,0,26,0,"T","F",0,1,"F","F","bigbc101","carem101","T","T",0,0,0,0,0,0,0,0,0,"","","",0,0,0,0,0,0,0,0,0,0,0,0,0,"barnv101","F","F","F","F",0,0,0,0,0,0,0,0,0,0,F,F,"1924NY1.EVN.regular.event.csv",2817
"NY1192408010","PIT",7,0,0,0,0,"",1,3,"bigbc101","?","bigbc101","?","barnv101","?","barnv101","?","snydf101","kellg101","frisf101","grohh101","jackt101","meusi101","wilsh102","soutb101","moore102","","","26(1)/FO/BG","F","F",7,1,2,"T","T",0,"F","F",1,"F","F",0,"F","F",2,"G","T","F","",0,0,"N",0,"N",0,"N",1,0,0,0,"","26","","","F","F","F","F","F","F","F","F","F","barnv101","","","F","F","F","F","F","","","","",0,6,0,0,2,0,0,0,0,55,"NY1","PIT","NY1",0,"F","F",1,3,0,27,1,"T","F",1,1,"T","T","carem101","cuylk101","T","T",0,9,54,0,0,0,0,0,0,"snydf101","","",0,0,0,0,0,0,0,0,0,0,0,0,0,"snydf101","T","F","F","F",0,0,0,0,0,0,0,0,0,0,F,F,"1924NY1.EVN.regular.event.csv",2818
"NY1192408010","PIT",7,0,1,0,0,"",1,3,"carem101","?","carem101","?","barnv101","?","barnv101","?","snydf101","kellg101","frisf101","grohh101","jackt101","meusi101","wilsh102","soutb101","bigbc101","","","9/F","F","F",8,2,2,"T","T",0,"F","F",1,"F","F",0,"F","F",9,"F","F","F","",0,0,"N",0,"N",0,"N",0,1,0,0,"9","","","","F","F","F","F","F","F","F","F","F","barnv101","","","F","F","F","F","F","","","","",0,9,0,0,0,0,0,0,0,56,"NY1","PIT","NY1",0,"F","F",1,3,0,28,2,"T","F",1,1,"T","T","cuylk101","wrigg102","T","T",7,1,55,0,0,0,0,0,0,"snydf101","","",0,0,0,0,0,0,0,0,0,0,0,0,0,"soutb101","F","F","F","F",0,0,0,0,0,0,0,0,0,0,F,F,"1924NY1.EVN.regular.event.csv",2819
"NY1192408010","PIT",7,0,2,0,0,"",1,3,"cuylk101","?","cuylk101","?","barnv101","?","barnv101","?","snydf101","kellg101","frisf101","grohh101","jackt101","meusi101","wilsh102","soutb101","bigbc101","","","64(1)/FO","F","F",9,3,2,"T","T",0,"F","F",1,"F","F",0,"F","F",6,"G","F","F","",0,0,"N",0,"N",0,"N",1,0,0,0,"","64","","","F","F","F","F","F","F","F","F","F","barnv101","","","F","F","F","F","F","","","","",0,4,0,0,6,0,0,0,0,57,"NY1","PIT","NY1",0,"F","T",1,3,0,29,3,"T","F",1,1,"T","T","wrigg102","trayp101","T","T",7,1,55,0,0,0,0,0,0,"snydf101","","",0,0,0,0,0,0,0,0,0,0,0,0,0,"jackt101","T","F","F","F",1,0,0,0,0,0,0,0,0,0,F,F,"1924NY1.EVN.regular.event.csv",2820
"NY1192408010","PIT",7,1,0,0,0,"",1,3,"snydf101","?","snydf101","?","stona101","?","stona101","?","smite106","grimc101","marar101","trayp101","wrigg102","bigbc101","carem101","cuylk101","","","","53","T","F",2,8,2,"T","T",0,"F","F",1,"F","F",0,"F","F",5,"G","F","F","",0,0,"N",0,"N",0,"N",0,0,0,0,"53","","","","F","F","F","F","F","F","F","F","F","","","","F","F","F","F","F","","","","",0,3,0,0,5,0,0,0,0,58,"NY1","NY1","PIT",1,"T","F",3,1,0,25,0,"T","F",0,0,"T","T","barnv101","soutb101","F","F",0,0,0,0,0,0,0,0,0,"","","",0,0,0,0,0,0,0,0,0,0,0,0,0,"trayp101","F","F","F","F",0,0,0,0,0,0,0,0,0,0,F,F,"1924NY1.EVN.regular.event.csv",2821
"NY1192408010","PIT",7,1,1,0,0,"",1,3,"barnv101","?","barnv101","?","stona101","?","stona101","?","smite106","grimc101","marar101","trayp101","wrigg102","bigbc101","carem101","cuylk101","","","","8/F","F","F",1,9,2,"T","T",0,"F","F",1,"F","F",0,"F","F",8,"F","F","F","",0,0,"N",0,"N",0,"N",0,0,0,0,"8","","","","F","F","F","F","F","F","F","F","F","","","","F","F","F","F","F","","","","",0,8,0,0,0,0,0,0,0,59,"NY1","NY1","PIT",1,"F","F",3,1,0,26,1,"T","F",0,0,"T","T","soutb101","frisf101","F","F",0,0,0,0,0,0,0,0,0,"","","",0,0,0,0,0,0,0,0,0,0,0,0,0,"carem101","F","F","F","F",0,0,0,0,0,0,0,0,0,0,F,F,"1924NY1.EVN.regular.event.csv",2822
"NY1192408010","PIT",7,1,2,0,0,"",1,3,"soutb101","?","soutb101","?","stona101","?","stona101","?","smite106","grimc101","marar101","trayp101","wrigg102","bigbc101","carem101","cuylk101","","","","S3/BG3S","F","F",9,1,20,"T","T",1,"F","F",0,"F","F",0,"F","F",3,"G","T","F","3S",0,0,"N",0,"N",0,"N",1,0,0,0,"","","","","F","F","F","F","F","F","F","F","F","","","","F","F","F","F","F","","","","",0,0,0,0,0,0,0,0,0,60,"NY1","NY1","PIT",1,"F","F",3,1,0,27,2,"T","F",0,1,"T","T","frisf101","wilsh102","F","F",0,0,0,0,0,0,0,0,0,"","","",0,0,0,0,0,0,0,0,0,0,0,0,0,"grimc101","F","F","F","F",0,0,0,0,0,0,0,0,0,0,F,F,"1924NY1.EVN.regular.event.csv",2823
"NY1192408010","PIT",7,1,2,0,0,"",1,3,"frisf101","?","frisf101","?","stona101","?","stona101","?","smite106","grimc101","marar101","trayp101","wrigg102","bigbc101","carem101","cuylk101","soutb101","","","43","F","F",4,2,2,"T","T",0,"F","F",1,"F","F",0,"F","F",4,"G","F","F","",0,0,"N",0,"N",0,"N",0,1,0,0,"43","","","","F","F","F","F","F","F","F","F","F","stona101","","","F","F","F","F","F","","","","",0,3,0,0,4,0,0,0,0,61,"NY1","NY1","PIT",1,"F","T",3,1,0,28,3,"T","F",1,1,"T","T","wilsh102","meusi101","F","F",9,1,60,0,0,0,0,0,0,"smite106","","",0,0,0,0,0,0,0,0,0,0,0,0,0,"marar101","F","F","F","F",0,0,0,0,0,0,0,0,0,0,F,F,"1924NY1.EVN.regular.event.csv",2824
"NY1192408010","PIT",8,0,0,0,0,"",1,3,"wrigg102","?","wrigg102","?","barnv101","?","barnv101","?","snydf101","kellg101","frisf101","grohh101","jackt101","meusi101","wilsh102","soutb101","","","","S8","T","F",6,4,20,"T","T",1,"F","F",0,"F","F",0,"F","F",8,"","F","F","",0,0,"N",0,"N",0,"N",1,0,0,0,"","","","","F","F","F","F","F","F","F","F","F","","","","F","F","F","F","F","","","","",0,0,0,0,0,0,0,0,0,62,"NY1","PIT","NY1",0,"T","F",1,3,0,30,0,"T","F",0,1,"T","T","trayp101","marar101","T","T",0,0,0,0,0,0,0,0,0,"","","",0,0,0,0,0,0,0,0,0,0,0,0,0,"wilsh102","F","F","F","F",0,0,0,0,0,0,0,0,0,0,F,F,"1924NY1.EVN.regular.event.csv",2825
"NY1192408010","PIT",8,0,0,0,0,"",1,3,"trayp101","?","trayp101","?","barnv101","?","barnv101","?","snydf101","kellg101","frisf101","grohh101","jackt101","meusi101","wilsh102","soutb101","wrigg102","","","96(1)/FO","F","F",5,5,2,"T","T",0,"F","F",1,"F","F",0,"F","F",9,"G","F","F","",0,0,"N",0,"N",0,"N",1,0,0,0,"","96","","","F","F","F","F","F","F","F","F","F","barnv101","","","F","F","F","F","F","","","","",0,6,0,0,9,0,0,0,0,63,"NY1","PIT","NY1",0,"F","F",1,3,0,31,1,"T","F",1,1,"T","T","marar101","grimc101","T","T",6,4,62,0,0,0,0,0,0,"snydf101","","",0,0,0,0,0,0,0,0,0,0,0,0,0,"soutb101","T","F","F","F",0,0,0,0,0,0,0,0,0,0,F,F,"1924NY1.EVN.regular.event.csv",2826
"NY1192408010","PIT",8,0,1,0,0,"",1,3,"marar101","?","marar101","?","barnv101","?","barnv101","?","snydf101","kellg101","frisf101","grohh101","jackt101","meusi101","wilsh102","soutb101","trayp101","","","SB2","F","F",4,6,4,"F","F",0,"F","F",0,"F","F",0,"F","F",0,"","F","F","",0,0,"N",0,"N",0,"N",0,2,0,0,"","","","","T","F","F","F","F","F","F","F","F","barnv101","","","F","F","F","F","F","","","","",0,0,0,0,0,0,0,0,0,64,"NY1","PIT","NY1",0,"F","F",1,3,0,32,2,"T","F",1,2,"T","T","grimc101","smite106","T","T",5,5,63,0,0,0,0,0,0,"snydf101","","",0,0,0,0,0,0,0,0,0,0,0,0,0,"","F","F","F","F",0,0,0,0,0,0,0,0,0,0,F,F,"1924NY1.EVN.regular.event.csv",2827
"NY1192408010","PIT",8,0,1,0,0,"",1,3,"marar101","?","marar101","?","barnv101","?","barnv101","?","snydf101","kellg101","frisf101","grohh101","jackt101","meusi101","wilsh102","soutb101","","trayp101","","4/P34D/DP.2X2(46)","F","F",4,6,2,"T","T",0,"F","F",2,"T","F",0,"F","F",4,"P","F","F","34D",0,0,"N",0,"N",0,"N",0,0,0,0,"4","","46","","F","F","F","F","F","F","F","F","F","","barnv101","","F","F","F","F","F","","","","",0,4,6,0,4,0,0,0,0,65,"NY1","PIT","NY1",0,"F","T",1,3,0,32,2,"F","F",2,0,"T","T","grimc101","smite106","T","T",0,0,0,5,5,63,0,0,0,"","snydf101","",0,0,0,0,0,0,0,0,0,0,0,0,0,"frisf101","F","F","F","F",0,0,0,0,0,0,0,0,0,0,F,F,"1924NY1.EVN.regular.event.csv",2828
"NY1192408010","PIT",8,1,0,0,0,"",1,3,"wilsh102","?","wilsh102","?","stona101","?","stona101","?","smite106","grimc101","marar101","trayp101","wrigg102","bigbc101","carem101","cuylk101","","","","K","T","F",8,3,3,"T","T",0,"F","F",1,"F","F",0,"F","F",0,"","F","F","",0,0,"N",0,"N",0,"N",0,0,0,0,"2","","","","F","F","F","F","F","F","F","F","F","","","","F","F","F","F","F","","","","",0,2,0,0,0,0,0,0,0,66,"NY1","NY1","PIT",1,"T","F",3,1,0,29,0,"T","F",0,0,"T","T","meusi101","kellg101","F","F",0,0,0,0,0,0,0,0,0,"","","",0,0,0,0,0,0,0,0,0,0,0,0,0,"","F","F","F","F",0,0,0,0,0,0,0,0,0,0,F,F,"1924NY1.EVN.regular.event.csv",2829
"NY1192408010","PIT",8,1,1,0,0,"",1,3,"meusi101","?","meusi101","?","stona101","?","stona101","?","smite106","grimc101","marar101","trayp101","wrigg102","bigbc101","carem101","cuylk101","","","","13","F","F",7,4,2,"T","T",0,"F","F",1,"F","F",0,"F","F",1,"G","F","F","",0,0,"N",0,"N",0,"N",0,0,0,0,"13","","","","F","F","F","F","F","F","F","F","F","","","","F","F","F","F","F","","","","",0,3,0,0,1,0,0,0,0,67,"NY1","NY1","PIT",1,"F","F",3,1,0,30,1,"T","F",0,0,"T","T","kellg101","jackt101","F","F",0,0,0,0,0,0,0,0,0,"","","",0,0,0,0,0,0,0,0,0,0,0,0,0,"stona101","F","F","F","F",0,0,0,0,0,0,0,0,0,0,F,F,"1924NY1.EVN.regular.event.csv",2830
"NY1192408010","PIT",8,1,2,0,0,"",1,3,"kellg101","?","kellg101","?","stona101","?","stona101","?","smite106","grimc101","marar101","trayp101","wrigg102","bigbc101","carem101","cuylk101","","","","63","F","F",3,5,2,"T","T",0,"F","F",1,"F","F",0,"F","F",6,"G","F","F","",0,0,"N",0,"N",0,"N",0,0,0,0,"63","","","","F","F","F","F","F","F","F","F","F","","","","F","F","F","F","F","","","","",0,3,0,0,6,0,0,0,0,68,"NY1","NY1","PIT",1,"F","T",3,1,0,31,2,"T","F",0,0,"T","T","jackt101","grohh101","F","F",0,0,0,0,0,0,0,0,0,"","","",0,0,0,0,0,0,0,0,0,0,0,0,0,"wrigg102","F","F","F","F",0,0,0,0,0,0,0,0,0,0,F,F,"1924NY1.EVN.regular.event.csv",2831
"NY1192408010","PIT",9,0,0,0,0,"",1,3,"grimc101","?","grimc101","?","barnv101","?","barnv101","?","snydf101","kellg101","frisf101","grohh101","jackt101","meusi101","wilsh102","soutb101","","","","43","T","F",3,7,2,"T","T",0,"F","F",1,"F","F",0,"F","F",4,"G","F","F","",0,0,"N",0,"N",0,"N",0,0,0,0,"43","","","","F","F","F","F","F","F","F","F","F","","","","F","F","F","F","F","","","","",0,3,0,0,4,0,0,0,0,69,"NY1","PIT","NY1",0,"T","F",1,3,0,33,0,"T","F",0,0,"T","T","smite106","stona101","T","T",0,0,0,0,0,0,0,0,0,"","","",0,0,0,0,0,0,0,0,0,0,0,0,0,"frisf101","F","F","F","F",0,0,0,0,0,0,0,0,0,0,F,F,"1924NY1.EVN.regular.event.csv",2832
"NY1192408010","PIT",9,0,1,0,0,"",1,3,"smite106","?","smite106","?","barnv101","?","barnv101","?","snydf101","kellg101","frisf101","grohh101","jackt101","meusi101","wilsh102","soutb101","","","","8/F8XD","F","F",2,8,2,"T","T",0,"F","F",1,"F","F",0,"F","F",8,"F","F","F","8XD",0,0,"N",0,"N",0,"N",0,0,0,0,"8","","","","F","F","F","F","F","F","F","F","F","","","","F","F","F","F","F","","","","",0,8,0,0,0,0,0,0,0,70,"NY1","PIT","NY1",0,"F","F",1,3,0,34,1,"T","F",0,0,"T","T","stona101","bigbc101","T","T",0,0,0,0,0,0,0,0,0,"","","",0,0,0,0,0,0,0,0,0,0,0,0,0,"wilsh102","F","F","F","F",0,0,0,0,0,0,0,0,0,0,F,F,"1924NY1.EVN.regular.event.csv",2833
"NY1192408010","PIT",9,0,2,0,0,"",1,3,"barnc102","?","barnc102","?","barnv101","?","barnv101","?","snydf101","kellg101","frisf101","grohh101","jackt101","meusi101","wilsh102","soutb101","","","","31","F","T",11,9,2,"T","T",0,"F","F",1,"F","F",0,"F","F",3,"G","F","F","",0,0,"N",0,"N",0,"N",0,0,0,0,"31","","","","F","F","F","F","F","F","F","F","F","","","","F","T","F","F","F","","","","stona101",1,1,0,0,3,0,0,0,0,71,"NY1","PIT","NY1",0,"F","T",1,3,0,35,2,"T","F",0,0,"F","F","bigbc101","carem101","T","T",0,0,0,0,0,0,0,0,0,"","","",0,0,0,0,0,0,0,0,0,0,0,0,0,"kellg101","F","F","F","F",0,0,0,0,0,0,0,0,0,0,F,F,"1924NY1.EVN.regular.event.csv",2834
"NY1192408020","PIT",1,0,0,0,0,"",0,0,"bigbc101","?","bigbc101","?","mcquh101","?","mcquh101","?","snydf101","kellg101","frisf101","grohh101","jackt101","meusi101","wilsh102","soutb101","","","","W","T","F",7,1,14,"T","F",0,"F","F",0,"F","F",0,"F","F",0,"","F","F","",0,0,"N",0,"N",0,"N",1,0,0,0,"","","","","F","F","F","F","F","F","F","F","F","","","","T","F","F","F","F","","","","",0,0,0,0,0,0,0,0,0,1,"NY1","PIT","NY1",0,"T","F",0,0,0,0,0,"T","F",0,1,"T","T","carem101","cuylk101","T","T",0,0,0,0,0,0,0,0,0,"","","",0,0,0,0,0,0,0,0,0,0,0,0,0,"","F","F","F","F",0,0,0,0,0,0,0,0,0,0,F,F,"1924NY1.EVN.regular.event.csv",2835
"NY1192408020","PIT",1,0,0,0,0,"",0,0,"carem101","?","carem101","?","mcquh101","?","mcquh101","?","snydf101","kellg101","frisf101","grohh101","jackt101","meusi101","wilsh102","soutb101","bigbc101","","","6/P","F","F",8,2,2,"T","T",0,"F","F",1,"F","F",0,"F","F",6,"P","F","F","",0,0,"N",0,"N",0,"N",0,1,0,0,"6","","","","F","F","F","F","F","F","F","F","F","mcquh101","","","F","F","F","F","F","","","","",0,6,0,0,0,0,0,0,0,2,"NY1","PIT","NY1",0,"F","F",0,0,0,1,1,"T","F",1,1,"T","T","cuylk101","wrigg102","T","T",7,1,1,0,0,0,0,0,0,"snydf101","","",0,0,0,0,0,0,0,0,0,0,0,0,0,"jackt101","F","F","F","F",0,0,0,0,0,0,0,0,0,0,F,F,"1924NY1.EVN.regular.event.csv",2836
"NY1192408020","PIT",1,0,1,0,0,"",0,0,"cuylk101","?","cuylk101","?","mcquh101","?","mcquh101","?","snydf101","kellg101","frisf101","grohh101","jackt101","meusi101","wilsh102","soutb101","bigbc101","","","K+CS2(24)/DP/C","F","F",9,3,3,"T","T",0,"F","F",2,"T","F",0,"F","F",0,"","F","F","",0,0,"N",0,"N",0,"N",0,0,0,0,"2","24","","","F","F","F","T","F","F","F","F","F","mcquh101","","","F","F","F","F","F","","","","",0,2,4,0,2,0,0,0,0,3,"NY1","PIT","NY1",0,"F","T",0,0,0,2,2,"T","F",1,0,"T","T","wrigg102","trayp101","T","T",7,1,1,0,0,0,0,0,0,"snydf101","","",0,0,0,0,0,0,0,0,0,0,0,0,0,"","F","F","F","F",0,0,0,0,0,0,0,0,0,0,F,F,"1924NY1.EVN.regular.event.csv",2837
"NY1192408020","PIT",1,1,0,0,0,"",0,0,"soutb101","?","soutb101","?","pfefj101","?","pfefj101","?","smite106","grimc101","marar101","trayp101","wrigg102","bigbc101","carem101","cuylk101","","","","K","T","F",9,1,3,"T","T",0,"F","F",1,"F","F",0,"F","F",0,"","F","F","",0,0,"N",0,"N",0,"N",0,0,0,0,"2","","","","F","F","F","F","F","F","F","F","F","","","","F","F","F","F","F","","","","",0,2,0,0,0,0,0,0,0,4,"NY1","NY1","PIT",1,"T","F",0,0,0,0,0,"T","F",0,0,"T","T","frisf101","wilsh102","T","T",0,0,0,0,0,0,0,0,0,"","","",0,0,0,0,0,0,0,0,0,0,0,0,0,"","F","F","F","F",0,0,0,0,0,0,0,0,0,0,F,F,"1924NY1.EVN.regular.event.csv",2838
"NY1192408020","PIT",1,1,1,0,0,"",0,0,"frisf101","?","frisf101","?","pfefj101","?","pfefj101","?","smite106","grimc101","marar101","trayp101","wrigg102","bigbc101","carem101","cuylk101","","","","43","F","F",4,2,2,"T","T",0,"F","F",1,"F","F",0,"F","F",4,"G","F","F","",0,0,"N",0,"N",0,"N",0,0,0,0,"43","","","","F","F","F","F","F","F","F","F","F","","","","F","F","F","F","F","","","","",0,3,0,0,4,0,0,0,0,5,"NY1","NY1","PIT",1,"F","F",0,0,0,1,1,"T","F",0,0,"T","T","wilsh102","meusi101","T","T",0,0,0,0,0,0,0,0,0,"","","",0,0,0,0,0,0,0,0,0,0,0,0,0,"marar101","F","F","F","F",0,0,0,0,0,0,0,0,0,0,F,F,"1924NY1.EVN.regular.event.csv",2839
"NY1192408020","PIT",1,1,2,0,0,"",0,0,"wilsh102","?","wilsh102","?","pfefj101","?","pfefj101","?","smite106","grimc101","marar101","trayp101","wrigg102","bigbc101","carem101","cuylk101","","","","43","F","F",8,3,2,"T","T",0,"F","F",1,"F","F",0,"F","F",4,"G","F","F","",0,0,"N",0,"N",0,"N",0,0,0,0,"43","","","","F","F","F","F","F","F","F","F","F","","","","F","F","F","F","F","","","","",0,3,0,0,4,0,0,0,0,6,"NY1","NY1","PIT",1,"F","T",0,0,0,2,2,"T","F",0,0,"T","T","meusi101","kellg101","T","T",0,0,0,0,0,0,0,0,0,"","","",0,0,0,0,0,0,0,0,0,0,0,0,0,"marar101","F","F","F","F",0,0,0,0,0,0,0,0,0,0,F,F,"1924NY1.EVN.regular.event.csv",2840
"NY1192408020","PIT",2,0,0,0,0,"",0,0,"wrigg102","?","wrigg102","?","mcquh101","?","mcquh101","?","snydf101","kellg101","frisf101","grohh101","jackt101","meusi101","wilsh102","soutb101","","","","7/F7D","T","F",6,4,2,"T","T",0,"F","F",1,"F","F",0,"F","F",7,"F","F","F","7D",0,0,"N",0,"N",0,"N",0,0,0,0,"7","","","","F","F","F","F","F","F","F","F","F","","","","F","F","F","F","F","","","","",0,7,0,0,0,0,0,0,0,7,"NY1","PIT","NY1",0,"T","F",0,0,0,3,0,"T","F",0,0,"T","T","trayp101","marar101","T","T",0,0,0,0,0,0,0,0,0,"","","",0,0,0,0,0,0,0,0,0,0,0,0,0,"meusi101","F","F","F","F",0,0,0,0,0,0,0,0,0,0,F,F,"1924NY1.EVN.regular.event.csv",2841
"NY1192408020","PIT",2,0,1,0,0,"X",0,0,"trayp101","?","trayp101","?","mcquh101","?","mcquh101","?","snydf101","kellg101","frisf101","grohh101","jackt101","meusi101","wilsh102","soutb101","","","","S9","F","F",5,5,20,"T","T",1,"F","F",0,"F","F",0,"F","F",9,"","F","F","",0,0,"N",0,"N",0,"N",1,0,0,0,"","","","","F","F","F","F","F","F","F","F","F","","","","F","F","F","F","F","","","","",0,0,0,0,0,0,0,0,0,8,"NY1","PIT","NY1",0,"F","F",0,0,0,4,1,"T","F",0,1,"T","T","marar101","grimc101","T","T",0,0,0,0,0,0,0,0,0,"","","",0,0,0,0,0,0,1,0,0,0,1,0,0,"soutb101","F","F","F","F",0,0,0,0,0,0,0,0,0,0,F,F,"1924NY1.EVN.regular.event.csv",2842
"NY1192408020","PIT",2,0,1,0,0,"",0,0,"marar101","?","marar101","?","mcquh101","?","mcquh101","?","snydf101","kellg101","frisf101","grohh101","jackt101","meusi101","wilsh102","soutb101","trayp101","","","SB2","F","F",4,6,4,"F","F",0,"F","F",0,"F","F",0,"F","F",0,"","F","F","",0,0,"N",0,"N",0,"N",0,2,0,0,"","","","","T","F","F","F","F","F","F","F","F","mcquh101","","","F","F","F","F","F","","","","",0,0,0,0,0,0,0,0,0,9,"NY1","PIT","NY1",0,"F","F",0,0,0,5,2,"T","F",1,2,"T","T","grimc101","smite106","T","T",5,5,8,0,0,0,0,0,0,"snydf101","","",0,0,0,0,0,0,0,0,0,0,0,0,0,"","F","F","F","F",0,0,0,0,0,0,0,0,0,0,F,F,"1924NY1.EVN.regular.event.csv",2843
"NY1192408020","PIT",2,0,1,0,0,"",0,0,"marar101","?","marar101","?","mcquh101","?","mcquh101","?","snydf101","kellg101","frisf101","grohh101","jackt101","meusi101","wilsh102","soutb101","","trayp101","","13/SH.2-3","F","F",4,6,2,"T","F",0,"T","F",1,"F","F",0,"F","F",1,"G","T","F","",0,0,"N",0,"N",0,"N",0,0,3,0,"13","","","","F","F","F","F","F","F","F","F","F","","mcquh101","","F","F","F","F","F","","","","",0,3,0,0,1,0,0,0,0,10,"NY1","PIT","NY1",0,"F","F",0,0,0,5,2,"F","F",2,4,"T","T","grimc101","smite106","T","T",0,0,0,5,5,8,0,0,0,"","snydf101","",0,0,0,0,0,0,0,0,0,0,0,0,0,"mcquh101","F","F","F","F",0,0,0,0,0,0,0,0,0,0,F,F,"1924NY1.EVN.regular.event.csv",2844
"NY1192408020","PIT",2,0,2,0,0,"",0,0,"grimc101","?","grimc101","?","mcquh101","?","mcquh101","?","snydf101","kellg101","frisf101","grohh101","jackt101","meusi101","wilsh102","soutb101","","","trayp101","8/F","F","F",3,7,2,"T","T",0,"F","F",1,"F","F",0,"F","F",8,"F","F","F","",0,0,"N",0,"N",0,"N",0,0,0,3,"8","","","","F","F","F","F","F","F","F","F","F","","","mcquh101","F","F","F","F","F","","","","",0,8,0,0,0,0,0,0,0,11,"NY1","PIT","NY1",0,"F","T",0,0,0,6,3,"T","F",4,4,"T","T","smite106","pfefj101","T","T",0,0,0,0,0,0,5,5,8,"","","snydf101",0,0,0,0,0,0,0,0,0,0,0,0,0,"wilsh102","F","F","F","F",0,0,0,0,0,0,0,0,0,0,F,F,"1924NY1.EVN.regular.event.csv",2845
"NY1192408020","PIT",2,1,0,0,0,"X",0,0,"meusi101","?","meusi101","?","pfefj101","?","pfefj101","?","smite106","grimc101","marar101","trayp101","wrigg102","bigbc101","carem101","cuylk101","","","","S7","T","F",7,4,20,"T","T",1,"F","F",0,"F","F",0,"F","F",7,"","F","F","",0,0,"N",0,"N",0,"N",1,0,0,0,"","","","","F","F","F","F","F","F","F","F","F","","","","F","F","F","F","F","","","","",0,0,0,0,0,0,0,0,0,12,"NY1","NY1","PIT",1,"T","F",0,0,0,3,0,"T","F",0,1,"T","T","kellg101","jackt101","T","T",0,0,0,0,0,0,0,0,0,"","","",0,0,0,0,0,0,1,0,0,0,1,0,0,"bigbc101","F","F","F","F",4,0,0,0,2,0,0,0,0,0,F,F,"1924NY1.EVN.regular.event.csv",2846
"NY1192408020","PIT",2,1,0,0,0,"",0,0,"kellg101","?","kellg101","?","pfefj101","?","pfefj101","?","smite106","grimc101","marar101","trayp101","wrigg102","bigbc101","carem101","cuylk101","meusi101","","","8/F","F","F",3,5,2,"T","T",0,"F","F",1,"F","F",0,"F","F",8,"F","F","F","",0,0,"N",0,"N",0,"N",0,1,0,0,"8","","","","F","F","F","F","F","F","F","F","F","pfefj101","","","F","F","F","F","F","","","","",0,8,0,0,0,0,0,0,0,13,"NY1","NY1","PIT",1,"F","F",0,0,0,4,1,"T","F",1,1,"T","T","jackt101","grohh101","T","T",7,4,12,0,0,0,0,0,0,"smite106","","",0,0,0,0,0,0,0,0,0,0,0,0,0,"carem101","F","F","F","F",0,4,0,0,2,0,0,0,0,0,F,F,"1924NY1.EVN.regular.event.csv",2847
"NY1192408020","PIT",2,1,1,0,0,"",0,0,"jackt101","?","jackt101","?","pfefj101","?","pfefj101","?","smite106","grimc101","marar101","trayp101","wrigg102","bigbc101","carem101","cuylk101","meusi101","","","2/P2","F","F",6,6,2,"T","T",0,"F","F",1,"F","F",0,"F","F",2,"P","F","F","2",0,0,"N",0,"N",0,"N",0,1,0,0,"2","","","","F","F","F","F","F","F","F","F","F","pfefj101","","","F","F","F","F","F","","","","",0,2,0,0,0,0,0,0,0,14,"NY1","NY1","PIT",1,"F","F",0,0,0,5,2,"T","F",1,1,"T","T","grohh101","snydf101","T","T",7,4,12,0,0,0,0,0,0,"smite106","","",0,0,0,0,0,0,0,0,0,0,0,0,0,"smite106","F","F","F","F",0,4,0,0,2,0,0,0,0,0,F,F,"1924NY1.EVN.regular.event.csv",2848
"NY1192408020","PIT",2,1,2,0,0,"",0,0,"grohh101","?","grohh101","?","pfefj101","?","pfefj101","?","smite106","grimc101","marar101","trayp101","wrigg102","bigbc101","carem101","cuylk101","meusi101","","","SB2.1-2(PB)","F","F",5,7,4,"F","F",0,"F","F",0,"F","F",0,"F","T",0,"","F","F","",0,0,"N",0,"N",0,"N",0,2,0,0,"","","","","T","F","F","F","F","F","F","F","F","pfefj101","","","F","F","F","F","F","","","","",0,0,0,0,0,0,0,0,0,15,"NY1","NY1","PIT",1,"F","F",0,0,0,6,3,"T","F",1,2,"T","T","snydf101","mcquh101","T","T",7,4,12,0,0,0,0,0,0,"smite106","","",0,0,0,0,0,0,0,0,0,0,0,0,0,"","F","F","F","F",0,4,0,0,2,0,0,0,0,0,F,F,"1924NY1.EVN.regular.event.csv",2849
"NY1192408020","PIT",2,1,2,0,0,"",0,0,"grohh101","?","grohh101","?","pfefj101","?","pfefj101","?","smite106","grimc101","marar101","trayp101","wrigg102","bigbc101","carem101","cuylk101","","meusi101","","W","F","F",5,7,14,"T","F",0,"F","F",0,"F","F",0,"F","F",0,"","F","F","",0,0,"N",0,"N",0,"N",1,0,2,0,"","","","","F","F","F","F","F","F","F","F","F","","pfefj101","","F","F","F","F","F","","","","",0,0,0,0,0,0,0,0,0,16,"NY1","NY1","PIT",1,"F","F",0,0,0,6,3,"F","F",2,3,"T","T","snydf101","mcquh101","T","T",0,0,0,7,4,12,0,0,0,"","smite106","",0,0,0,0,0,0,0,0,0,0,0,0,0,"","F","F","F","F",5,0,4,0,2,0,0,0,0,0,F,F,"1924NY1.EVN.regular.event.csv",2850
"NY1192408020","PIT",2,1,2,0,0,"",0,0,"snydf101","?","snydf101","?","pfefj101","?","pfefj101","?","smite106","grimc101","marar101","trayp101","wrigg102","bigbc101","carem101","cuylk101","grohh101","meusi101","","S7.2-H;1-2","F","F",2,8,20,"T","T",1,"F","F",0,"F","F",1,"F","F",7,"","F","F","",0,0,"N",0,"N",0,"N",1,2,4,0,"","","","","F","F","F","F","F","F","F","F","F","pfefj101","pfefj101","","F","F","F","F","F","","","","",0,0,0,0,0,0,0,0,0,17,"NY1","NY1","PIT",1,"F","F",0,0,0,7,4,"T","F",3,3,"T","T","mcquh101","soutb101","T","T",5,7,16,7,4,12,0,0,0,"smite106","smite106","",0,0,0,0,0,0,0,0,0,0,0,0,1,"bigbc101","F","F","F","F",0,5,4,0,1,0,0,0,0,0,F,F,"1924NY1.EVN.regular.event.csv",2851
"NY1192408020","PIT",2,1,2,0,0,"",0,1,"mcquh101","?","mcquh101","?","pfefj101","?","pfefj101","?","smite106","grimc101","marar101","trayp101","wrigg102","bigbc101","carem101","cuylk101","snydf101","grohh101","","E6/G.2-H(NR)(UR);1-2","F","F",1,9,18,"T","T",0,"F","F",0,"F","F",0,"F","F",6,"G","F","F","",1,6,"F",0,"N",0,"N",1,2,5,0,"","","","","F","F","F","F","F","F","F","F","F","pfefj101","pfefj101","","F","F","F","F","F","","","","",0,0,0,0,0,0,0,0,0,18,"NY1","NY1","PIT",1,"F","F",1,0,1,8,5,"T","F",3,3,"T","T","soutb101","frisf101","T","T",2,8,17,5,7,16,0,0,0,"smite106","smite106","",0,0,0,0,0,0,0,0,0,0,0,0,1,"wrigg102","F","F","F","T",0,0,5,0,0,0,0,0,0,0,F,F,"1924NY1.EVN.regular.event.csv",2852
"NY1192408020","PIT",2,1,2,0,0,"",0,2,"soutb101","?","soutb101","?","pfefj101","?","pfefj101","?","smite106","grimc101","marar101","trayp101","wrigg102","bigbc101","carem101","cuylk101","mcquh101","snydf101","","7/L","F","F",9,1,2,"T","T",0,"F","F",1,"F","F",0,"F","F",7,"L","F","F","",0,0,"N",0,"N",0,"N",0,1,2,0,"7","","","","F","F","F","F","F","F","F","F","F","pfefj101","pfefj101","","F","F","F","F","F","","","","",0,7,0,0,0,0,0,0,0,19,"NY1","NY1","PIT",1,"F","T",2,0,2,9,6,"T","F",3,3,"T","T","frisf101","wilsh102","T","T",1,9,18,2,8,17,0,0,0,"smite106","smite106","",0,0,0,0,0,0,0,0,0,0,0,0,0,"bigbc101","F","F","F","F",0,0,0,0,0,0,0,0,0,0,F,F,"1924NY1.EVN.regular.event.csv",2853
"NY1192408020","PIT",3,0,0,0,0,"",0,2,"smite106","?","smite106","?","mcquh101","?","mcquh101","?","snydf101","kellg101","frisf101","grohh101","jackt101","meusi101","wilsh102","soutb101","","","","6/L","T","F",2,8,2,"T","T",0,"F","F",1,"F","F",0,"F","F",6,"L","F","F","",0,0,"N",0,"N",0,"N",0,0,0,0,"6","","","","F","F","F","F","F","F","F","F","F","","","","F","F","F","F","F","","","","",0,6,0,0,0,0,0,0,0,20,"NY1","PIT","NY1",0,"T","F",0,2,0,7,0,"T","F",0,0,"T","T","pfefj101","bigbc101","T","T",0,0,0,0,0,0,0,0,0,"","","",0,0,0,0,0,0,0,0,0,0,0,0,0,"jackt101","F","F","F","F",0,0,0,0,0,0,0,0,0,0,F,F,"1924NY1.EVN.regular.event.csv",2854
"NY1192408020","PIT",3,0,1,0,0,"",0,2,"pfefj101","?","pfefj101","?","mcquh101","?","mcquh101","?","snydf101","kellg101","frisf101","grohh101","jackt101","meusi101","wilsh102","soutb101","","","","63","F","F",1,9,2,"T","T",0,"F","F",1,"F","F",0,"F","F",6,"G","F","F","",0,0,"N",0,"N",0,"N",0,0,0,0,"63","","","","F","F","F","F","F","F","F","F","F","","","","F","F","F","F","F","","","","",0,3,0,0,6,0,0,0,0,21,"NY1","PIT","NY1",0,"F","F",0,2,0,8,1,"T","F",0,0,"T","T","bigbc101","carem101","T","T",0,0,0,0,0,0,0,0,0,"","","",0,0,0,0,0,0,0,0,0,0,0,0,0,"jackt101","F","F","F","F",0,0,0,0,0,0,0,0,0,0,F,F,"1924NY1.EVN.regular.event.csv",2855
"NY1192408020","PIT",3,0,2,0,0,"",0,2,"bigbc101","?","bigbc101","?","mcquh101","?","mcquh101","?","snydf101","kellg101","frisf101","grohh101","jackt101","meusi101","wilsh102","soutb101","","","","43","F","F",7,1,2,"T","T",0,"F","F",1,"F","F",0,"F","F",4,"G","F","F","",0,0,"N",0,"N",0,"N",0,0,0,0,"43","","","","F","F","F","F","F","F","F","F","F","","","","F","F","F","F","F","","","","",0,3,0,0,4,0,0,0,0,22,"NY1","PIT","NY1",0,"F","T",0,2,0,9,2,"T","F",0,0,"T","T","carem101","cuylk101","T","T",0,0,0,0,0,0,0,0,0,"","","",0,0,0,0,0,0,0,0,0,0,0,0,0,"frisf101","F","F","F","F",0,0,0,0,0,0,0,0,0,0,F,F,"1924NY1.EVN.regular.event.csv",2856
"NY1192408020","PIT",3,1,0,0,0,"",0,2,"frisf101","?","frisf101","?","pfefj101","?","pfefj101","?","smite106","grimc101","marar101","trayp101","wrigg102","bigbc101","carem101","cuylk101","","","","13","T","F",4,2,2,"T","T",0,"F","F",1,"F","F",0,"F","F",1,"G","F","F","",0,0,"N",0,"N",0,"N",0,0,0,0,"13","","","","F","F","F","F","F","F","F","F","F","","","","F","F","F","F","F","","","","",0,3,0,0,1,0,0,0,0,23,"NY1","NY1","PIT",1,"T","F",2,0,0,10,0,"T","F",0,0,"T","T","wilsh102","meusi101","T","T",0,0,0,0,0,0,0,0,0,"","","",0,0,0,0,0,0,0,0,0,0,0,0,0,"pfefj101","F","F","F","F",0,0,0,0,0,0,0,0,0,0,F,F,"1924NY1.EVN.regular.event.csv",2857
"NY1192408020","PIT",3,1,1,0,0,"",0,2,"wilsh102","?","wilsh102","?","pfefj101","?","pfefj101","?","smite106","grimc101","marar101","trayp101","wrigg102","bigbc101","carem101","cuylk101","","","","13","F","F",8,3,2,"T","T",0,"F","F",1,"F","F",0,"F","F",1,"G","F","F","",0,0,"N",0,"N",0,"N",0,0,0,0,"13","","","","F","F","F","F","F","F","F","F","F","","","","F","F","F","F","F","","","","",0,3,0,0,1,0,0,0,0,24,"NY1","NY1","PIT",1,"F","F",2,0,0,11,1,"T","F",0,0,"T","T","meusi101","kellg101","T","T",0,0,0,0,0,0,0,0,0,"","","",0,0,0,0,0,0,0,0,0,0,0,0,0,"pfefj101","F","F","F","F",0,0,0,0,0,0,0,0,0,0,F,F,"1924NY1.EVN.regular.event.csv",2858
"NY1192408020","PIT",3,1,2,0,0,"",0,2,"meusi101","?","meusi101","?","pfefj101","?","pfefj101","?","smite106","grimc101","marar101","trayp101","wrigg102","bigbc101","carem101","cuylk101","","","","8/F8XDW","F","F",7,4,2,"T","T",0,"F","F",1,"F","F",0,"F","F",8,"F","F","F","8XDW",0,0,"N",0,"N",0,"N",0,0,0,0,"8","","","","F","F","F","F","F","F","F","F","F","","","","F","F","F","F","F","","","","",0,8,0,0,0,0,0,0,0,25,"NY1","NY1","PIT",1,"F","T",2,0,0,12,2,"T","F",0,0,"T","T","kellg101","jackt101","T","T",0,0,0,0,0,0,0,0,0,"","","",0,0,0,0,0,0,0,0,0,0,0,0,0,"carem101","F","F","F","F",0,0,0,0,0,0,0,0,0,0,F,F,"1924NY1.EVN.regular.event.csv",2859
"NY1192408020","PIT",4,0,0,3,2,"CBBFBB",0,2,"carem101","?","carem101","?","mcquh101","?","mcquh101","?","snydf101","kellg101","frisf101","grohh101","jackt101","meusi101","wilsh102","soutb101","","","","W","T","F",8,2,14,"T","F",0,"F","F",0,"F","F",0,"F","F",0,"","F","F","",0,0,"N",0,"N",0,"N",1,0,0,0,"","","","","F","F","F","F","F","F","F","F","F","","","","F","F","F","F","F","","","","",0,0,0,0,0,0,0,0,0,26,"NY1","PIT","NY1",0,"T","F",0,2,0,10,0,"T","F",0,1,"T","T","cuylk101","wrigg102","T","T",0,0,0,0,0,0,0,0,0,"","","",4,4,0,0,0,0,2,1,0,1,0,0,0,"","F","F","F","F",4,0,0,0,2,0,0,0,0,0,F,F,"1924NY1.EVN.regular.event.csv",2860
"NY1192408020","PIT",4,0,0,0,0,"",0,2,"cuylk101","?","cuylk101","?","mcquh101","?","mcquh101","?","snydf101","kellg101","frisf101","grohh101","jackt101","meusi101","wilsh102","soutb101","carem101","","","D9/L9DW.1-H","F","F",9,3,21,"T","T",2,"F","F",0,"F","F",1,"F","F",9,"L","F","F","9DW",0,0,"N",0,"N",0,"N",2,4,0,0,"","","","","F","F","F","F","F","F","F","F","F","mcquh101","","","F","F","F","F","F","","","","",0,0,0,0,0,0,0,0,0,27,"NY1","PIT","NY1",0,"F","F",0,2,0,11,1,"T","F",1,2,"T","T","wrigg102","trayp101","T","T",8,2,26,0,0,0,0,0,0,"snydf101","","",0,0,0,0,0,0,0,0,0,0,0,0,1,"soutb101","F","F","F","F",4,4,0,0,1,0,0,0,0,0,F,F,"1924NY1.EVN.regular.event.csv",2861
"NY1192408020","PIT",4,0,0,0,0,"",1,2,"wrigg102","?","wrigg102","?","mcquh101","?","mcquh101","?","snydf101","kellg101","frisf101","grohh101","jackt101","meusi101","wilsh102","soutb101","","cuylk101","","W","F","F",6,4,14,"T","F",0,"F","F",0,"F","F",0,"F","F",0,"","F","F","",0,0,"N",0,"N",0,"N",1,0,2,0,"","","","","F","F","F","F","F","F","F","F","F","","mcquh101","","F","F","F","F","F","","","","",0,0,0,0,0,0,0,0,0,28,"NY1","PIT","NY1",0,"F","F",1,2,1,12,2,"T","F",2,3,"T","T","trayp101","marar101","T","T",0,0,0,9,3,27,0,0,0,"","snydf101","",0,0,0,0,0,0,0,0,0,0,0,0,0,"","F","F","F","F",0,0,4,0,1,0,0,0,0,0,F,F,"1924NY1.EVN.regular.event.csv",2862
"NY1192408020","PIT",4,0,0,0,0,"",1,2,"trayp101","?","trayp101","?","mcquh101","?","mcquh101","?","snydf101","kellg101","frisf101","grohh101","jackt101","meusi101","wilsh102","soutb101","wrigg102","cuylk101","","46(1)/FO.2-3","F","F",5,5,2,"T","T",0,"F","F",1,"F","F",0,"F","F",4,"G","F","F","",0,0,"N",0,"N",0,"N",1,0,3,0,"","46","","","F","F","F","F","F","F","F","F","F","mcquh101","mcquh101","","F","F","F","F","F","","","","",0,6,0,0,4,0,0,0,0,29,"NY1","PIT","NY1",0,"F","F",1,2,1,13,3,"T","F",3,5,"T","T","marar101","grimc101","T","T",6,4,28,9,3,27,0,0,0,"snydf101","snydf101","",0,0,0,0,0,0,0,0,0,0,0,0,0,"frisf101","T","F","F","F",0,0,4,0,1,0,0,0,0,0,F,F,"1924NY1.EVN.regular.event.csv",2863
"NY1192408020","PIT",4,0,1,0,0,"",1,2,"marar101","?","marar101","?","mcquh101","?","mcquh101","?","snydf101","kellg101","frisf101","grohh101","jackt101","meusi101","wilsh102","soutb101","trayp101","","cuylk101","SBH;SB2","F","F",4,6,4,"F","F",0,"F","F",0,"F","F",0,"F","F",0,"","F","F","",0,0,"N",0,"N",0,"N",0,2,0,4,"","","","","T","F","T","F","F","F","F","F","F","mcquh101","","mcquh101","F","F","F","F","F","","","","",0,0,0,0,0,0,0,0,0,30,"NY1","PIT","NY1",0,"F","F",1,2,1,14,4,"T","F",5,2,"T","T","grimc101","smite106","T","T",5,5,29,0,0,0,9,3,27,"snydf101","","snydf101",0,0,0,0,0,0,0,0,0,0,0,0,1,"","F","F","F","F",0,0,0,4,0,0,0,0,0,0,F,F,"1924NY1.EVN.regular.event.csv",2864
"NY1192408020","PIT",4,0,1,0,0,"",2,2,"marar101","?","marar101","?","mcquh101","?","mcquh101","?","snydf101","kellg101","frisf101","grohh101","jackt101","meusi101","wilsh102","soutb101","","trayp101","","FC5.2X3(5E4);B-1#","F","F",4,6,19,"T","T",0,"F","F",0,"F","F",0,"F","F",5,"G","F","F","",1,4,"D",0,"N",0,"N",1,0,3,0,"","","5E4","","F","F","F","F","F","F","F","F","F","","mcquh101","","F","F","F","F","F","","","","",0,0,0,0,5,0,0,0,0,31,"NY1","PIT","NY1",0,"F","F",2,2,2,14,4,"F","F",2,5,"T","T","grimc101","smite106","T","T",0,0,0,5,5,29,0,0,0,"","snydf101","",0,0,0,0,0,0,0,0,0,0,0,0,0,"grohh101","F","F","F","F",0,0,0,0,0,0,0,0,0,0,F,T,"1924NY1.EVN.regular.event.csv",2865
"NY1192408020","PIT",4,0,1,0,0,"",2,2,"grimc101","?","grimc101","?","mcquh101","?","mcquh101","?","snydf101","kellg101","frisf101","grohh101","jackt101","meusi101","wilsh102","soutb101","marar101","","trayp101","46(1)3/GDP","F","F",3,7,2,"T","T",0,"F","F",2,"T","F",0,"F","F",4,"G","F","F","",0,0,"N",0,"N",0,"N",0,0,0,3,"63","46","","","F","F","F","F","F","F","F","F","F","mcquh101","","mcquh101","F","F","F","F","F","","","","",0,6,3,0,4,6,0,0,0,32,"NY1","PIT","NY1",0,"F","T",2,2,2,15,5,"T","F",5,4,"T","T","smite106","pfefj101","T","T",4,6,31,0,0,0,5,5,29,"snydf101","","snydf101",0,0,0,0,0,0,0,0,0,0,0,0,0,"frisf101","T","F","F","F",0,0,0,0,0,0,0,0,0,0,F,F,"1924NY1.EVN.regular.event.csv",2866
"NY1192408020","PIT",4,1,0,0,0,"",2,2,"kellg101","?","kellg101","?","pfefj101","?","pfefj101","?","smite106","grimc101","marar101","trayp101","wrigg102","bigbc101","carem101","cuylk101","","","","7/F7DW","T","F",3,5,2,"T","T",0,"F","F",1,"F","F",0,"F","F",7,"F","F","F","7DW",0,0,"N",0,"N",0,"N",0,0,0,0,"7","","","","F","F","F","F","F","F","F","F","F","","","","F","F","F","F","F","","","","",0,7,0,0,0,0,0,0,0,33,"NY1","NY1","PIT",1,"T","F",2,2,0,13,0,"T","F",0,0,"T","T","jackt101","grohh101","T","T",0,0,0,0,0,0,0,0,0,"","","",0,0,0,0,0,0,0,0,0,0,0,0,0,"bigbc101","F","F","F","F",0,0,0,0,0,0,0,0,0,0,F,F,"1924NY1.EVN.regular.event.csv",2867
"NY1192408020","PIT",4,1,1,0,0,"",2,2,"jackt101","?","jackt101","?","pfefj101","?","pfefj101","?","smite106","grimc101","marar101","trayp101","wrigg102","bigbc101","carem101","cuylk101","","","","7/F","F","F",6,6,2,"T","T",0,"F","F",1,"F","F",0,"F","F",7,"F","F","F","",0,0,"N",0,"N",0,"N",0,0,0,0,"7","","","","F","F","F","F","F","F","F","F","F","","","","F","F","F","F","F","","","","",0,7,0,0,0,0,0,0,0,34,"NY1","NY1","PIT",1,"F","F",2,2,0,14,1,"T","F",0,0,"T","T","grohh101","snydf101","T","T",0,0,0,0,0,0,0,0,0,"","","",0,0,0,0,0,0,0,0,0,0,0,0,0,"bigbc101","F","F","F","F",0,0,0,0,0,0,0,0,0,0,F,F,"1924NY1.EVN.regular.event.csv",2868
"NY1192408020","PIT",4,1,2,0,0,"",2,2,"grohh101","?","grohh101","?","pfefj101","?","pfefj101","?","smite106","grimc101","marar101","trayp101","wrigg102","bigbc101","carem101","cuylk101","","","","6/P","F","F",5,7,2,"T","T",0,"F","F",1,"F","F",0,"F","F",6,"P","F","F","",0,0,"N",0,"N",0,"N",0,0,0,0,"6","","","","F","F","F","F","F","F","F","F","F","","","","F","F","F","F","F","","","","",0,6,0,0,0,0,0,0,0,35,"NY1","NY1","PIT",1,"F","T",2,2,0,15,2,"T","F",0,0,"T","T","snydf101","mcquh101","T","T",0,0,0,0,0,0,0,0,0,"","","",0,0,0,0,0,0,0,0,0,0,0,0,0,"wrigg102","F","F","F","F",0,0,0,0,0,0,0,0,0,0,F,F,"1924NY1.EVN.regular.event.csv",2869
"NY1192408020","PIT",5,0,0,0,0,"",2,2,"smite106","?","smite106","?","mcquh101","?","mcquh101","?","snydf101","kellg101","frisf101","grohh101","jackt101","meusi101","wilsh102","soutb101","","","","23/G","T","F",2,8,2,"T","T",0,"F","F",1,"F","F",0,"F","F",2,"G","F","F","",0,0,"N",0,"N",0,"N",0,0,0,0,"23","","","","F","F","F","F","F","F","F","F","F","","","","F","F","F","F","F","","","","",0,3,0,0,2,0,0,0,0,36,"NY1","PIT","NY1",0,"T","F",2,2,0,16,0,"T","F",0,0,"T","T","pfefj101","bigbc101","T","T",0,0,0,0,0,0,0,0,0,"","","",0,0,0,0,0,0,0,0,0,0,0,0,0,"snydf101","F","F","F","F",0,0,0,0,4,0,0,0,0,0,F,F,"1924NY1.EVN.regular.event.csv",2870
"NY1192408020","PIT",5,0,1,0,0,"",2,2,"pfefj101","?","pfefj101","?","mcquh101","?","mcquh101","?","snydf101","kellg101","frisf101","grohh101","jackt101","meusi101","wilsh102","soutb101","","","","S8","F","F",1,9,20,"T","T",1,"F","F",0,"F","F",0,"F","F",8,"","F","F","",0,0,"N",0,"N",0,"N",1,0,0,0,"","","","","F","F","F","F","F","F","F","F","F","","","","F","F","F","F","F","","","","",0,0,0,0,0,0,0,0,0,37,"NY1","PIT","NY1",0,"F","F",2,2,0,17,1,"T","F",0,1,"T","T","bigbc101","carem101","T","T",0,0,0,0,0,0,0,0,0,"","","",0,0,0,0,0,0,0,0,0,0,0,0,0,"wilsh102","F","F","F","F",0,0,0,0,4,0,0,0,0,0,F,F,"1924NY1.EVN.regular.event.csv",2871
"NY1192408020","PIT",5,0,1,0,0,"",2,2,"bigbc101","?","bigbc101","?","mcquh101","?","mcquh101","?","snydf101","kellg101","frisf101","grohh101","jackt101","meusi101","wilsh102","soutb101","pfefj101","","","54(1)/FO","F","F",7,1,2,"T","T",0,"F","F",1,"F","F",0,"F","F",5,"G","F","F","",0,0,"N",0,"N",0,"N",1,0,0,0,"","54","","","F","F","F","F","F","F","F","F","F","mcquh101","","","F","F","F","F","F","","","","",0,4,0,0,5,0,0,0,0,38,"NY1","PIT","NY1",0,"F","F",2,2,0,18,2,"T","F",1,1,"T","T","carem101","cuylk101","T","T",1,9,37,0,0,0,0,0,0,"snydf101","","",0,0,0,0,0,0,0,0,0,0,0,0,0,"grohh101","T","F","F","F",4,0,0,0,4,0,0,0,0,0,F,F,"1924NY1.EVN.regular.event.csv",2872
"NY1192408020","PIT",5,0,2,0,0,"",2,2,"carem101","?","carem101","?","mcquh101","?","mcquh101","?","snydf101","kellg101","frisf101","grohh101","jackt101","meusi101","wilsh102","soutb101","bigbc101","","","D9/9L.1-3","F","F",8,2,21,"T","T",2,"F","F",0,"F","F",0,"F","F",9,"","F","F","9L",0,0,"N",0,"N",0,"N",2,3,0,0,"","","","","F","F","F","F","F","F","F","F","F","mcquh101","","","F","F","F","F","F","","","","",0,0,0,0,0,0,0,0,0,39,"NY1","PIT","NY1",0,"F","F",2,2,0,19,3,"T","F",1,6,"T","T","cuylk101","wrigg102","T","T",7,1,38,0,0,0,0,0,0,"snydf101","","",0,0,0,0,0,0,0,0,0,0,0,0,0,"soutb101","F","F","F","F",4,4,0,0,4,0,0,0,0,0,F,F,"1924NY1.EVN.regular.event.csv",2873
"NY1192408020","PIT",5,0,2,0,0,"",2,2,"cuylk101","?","cuylk101","?","mcquh101","?","mcquh101","?","snydf101","kellg101","frisf101","grohh101","jackt101","meusi101","wilsh102","soutb101","","carem101","bigbc101","W","F","F",9,3,14,"T","F",0,"F","F",0,"F","F",0,"F","F",0,"","F","F","",0,0,"N",0,"N",0,"N",1,0,2,3,"","","","","F","F","F","F","F","F","F","F","F","","mcquh101","mcquh101","F","F","F","F","F","","","","",0,0,0,0,0,0,0,0,0,40,"NY1","PIT","NY1",0,"F","F",2,2,0,20,4,"T","F",6,7,"T","T","wrigg102","trayp101","T","T",0,0,0,8,2,39,7,1,38,"","snydf101","snydf101",0,0,0,0,0,0,0,0,0,0,0,0,0,"","F","F","F","F",4,0,4,4,4,0,0,0,0,0,F,F,"1924NY1.EVN.regular.event.csv",2874
"NY1192408020","PIT",5,0,2,0,0,"",2,2,"wrigg102","?","wrigg102","?","mcquh101","?","mcquh101","?","snydf101","kellg101","frisf101","grohh101","jackt101","meusi101","wilsh102","soutb101","cuylk101","carem101","bigbc101","T/78.3-H;2-H;1-H","F","F",6,4,22,"T","T",3,"F","F",0,"F","F",3,"F","F",0,"","F","F","78",0,0,"N",0,"N",0,"N",3,4,4,4,"","","","","F","F","F","F","F","F","F","F","F","mcquh101","mcquh101","mcquh101","F","F","F","F","F","","","","",0,0,0,0,0,0,0,0,0,41,"NY1","PIT","NY1",0,"F","F",2,2,0,21,5,"T","F",7,4,"T","T","trayp101","marar101","T","T",9,3,40,8,2,39,7,1,38,"snydf101","snydf101","snydf101",0,0,0,0,0,0,0,0,0,0,0,0,3,"","F","F","F","F",4,4,4,4,1,0,0,0,0,0,F,F,"1924NY1.EVN.regular.event.csv",2875
"NY1192408020","PIT",5,0,2,0,0,"",5,2,"trayp101","?","trayp101","?","mcquh101","?","mcquh101","?","snydf101","kellg101","frisf101","grohh101","jackt101","meusi101","wilsh102","soutb101","","","wrigg102","D/89.3-H","F","F",5,5,21,"T","T",2,"F","F",0,"F","F",1,"F","F",0,"","F","F","89",0,0,"N",0,"N",0,"N",2,0,0,4,"","","","","F","F","F","F","F","F","F","F","F","","","mcquh101","F","F","F","F","F","","","","",0,0,0,0,0,0,0,0,0,42,"NY1","PIT","NY1",0,"F","F",5,2,3,22,6,"T","F",4,2,"T","T","marar101","grimc101","T","T",0,0,0,0,0,0,6,4,41,"","","snydf101",0,0,0,0,0,0,0,0,0,0,0,0,1,"","F","F","F","F",0,0,0,4,0,0,0,0,0,0,F,F,"1924NY1.EVN.regular.event.csv",2876
"NY1192408020","PIT",5,0,2,0,0,"",6,2,"marar101","?","marar101","?","mcquh101","?","mcquh101","?","snydf101","kellg101","frisf101","grohh101","jackt101","meusi101","wilsh102","soutb101","","trayp101","","53","F","F",4,6,2,"T","T",0,"F","F",1,"F","F",0,"F","F",5,"G","F","F","",0,0,"N",0,"N",0,"N",0,0,2,0,"53","","","","F","F","F","F","F","F","F","F","F","","mcquh101","","F","F","F","F","F","","","","",0,3,0,0,5,0,0,0,0,43,"NY1","PIT","NY1",0,"F","T",6,2,4,23,7,"T","F",2,2,"T","T","grimc101","smite106","T","T",0,0,0,5,5,42,0,0,0,"","snydf101","",0,0,0,0,0,0,0,0,0,0,0,0,0,"grohh101","F","F","F","F",0,0,0,0,0,0,0,0,0,0,F,F,"1924NY1.EVN.regular.event.csv",2877
"NY1192408020","PIT",5,1,0,0,0,"X",6,2,"snydf101","?","snydf101","?","pfefj101","?","pfefj101","?","smite106","grimc101","marar101","trayp101","wrigg102","bigbc101","carem101","cuylk101","","","","S9","T","F",2,8,20,"T","T",1,"F","F",0,"F","F",0,"F","F",9,"","F","F","",0,0,"N",0,"N",0,"N",1,0,0,0,"","","","","F","F","F","F","F","F","F","F","F","","","","F","F","F","F","F","","","","",0,0,0,0,0,0,0,0,0,44,"NY1","NY1","PIT",1,"T","F",2,6,0,16,0,"T","F",0,1,"T","T","mcquh101","soutb101","T","T",0,0,0,0,0,0,0,0,0,"","","",0,0,0,0,0,0,1,0,0,0,1,0,0,"cuylk101","F","F","F","F",5,0,0,0,1,0,0,0,0,0,F,F,"1924NY1.EVN.regular.event.csv",2878
"NY1192408020","PIT",5,1,0,0,0,"",6,2,"terrb101","?","terrb101","?","pfefj101","?","pfefj101","?","smite106","grimc101","marar101","trayp101","wrigg102","bigbc101","carem101","cuylk101","snydf101","","","FLE2","F","T",11,9,13,"F","F",0,"F","F",0,"F","F",0,"F","F",2,"P","F","T","",1,2,"F",0,"N",0,"N",0,1,0,0,"","","","","F","F","F","F","F","F","F","F","F","pfefj101","","","F","F","F","F","F","","","","mcquh101",1,0,0,0,0,0,0,0,0,45,"NY1","NY1","PIT",1,"F","F",2,6,0,17,1,"T","F",1,1,"F","F","soutb101","frisf101","T","T",2,8,44,0,0,0,0,0,0,"smite106","","",0,0,0,0,0,0,0,0,0,0,0,0,0,"smite106","F","F","F","F",0,5,0,0,1,0,0,0,0,0,F,F,"1924NY1.EVN.regular.event.csv",2879
"NY1192408020","PIT",5,1,0,0,0,"",6,2,"terrb101","?","terrb101","?","pfefj101","?","pfefj101","?","smite106","grimc101","marar101","trayp101","wrigg102","bigbc101","carem101","cuylk101","snydf101","","","W.1-2","F","T",11,9,14,"T","F",0,"F","F",0,"F","F",0,"F","F",0,"","F","F","",0,0,"N",0,"N",0,"N",1,2,0,0,"","","","","F","F","F","F","F","F","F","F","F","pfefj101","","","F","F","F","F","F","","","","mcquh101",1,0,0,0,0,0,0,0,0,46,"NY1","NY1","PIT",1,"F","F",2,6,0,17,1,"F","F",1,3,"F","F","soutb101","frisf101","T","T",2,8,44,0,0,0,0,0,0,"smite106","","",0,0,0,0,0,0,0,0,0,0,0,0,0,"","F","F","F","F",3,5,0,0,1,0,0,0,0,0,F,F,"1924NY1.EVN.regular.event.csv",2880
"NY1192408020","PIT",5,1,0,0,0,"",6,2,"soutb101","?","soutb101","?","pfefj101","?","pfefj101","?","smite106","grimc101","marar101","trayp101","wrigg102","bigbc101","carem101","cuylk101","terrb101","snydf101","","5/FL","F","F",9,1,2,"T","T",0,"F","F",1,"F","F",0,"F","F",5,"F","F","T","",0,0,"N",0,"N",0,"N",0,1,2,0,"5","","","","F","F","F","F","F","F","F","F","F","pfefj101","pfefj101","","F","F","F","F","F","","","","",0,5,0,0,0,0,0,0,0,47,"NY1","NY1","PIT",1,"F","F",2,6,0,18,2,"T","F",3,3,"T","T","frisf101","wilsh102","T","T",0,9,46,2,8,44,0,0,0,"smite106","smite106","",0,0,0,0,0,0,0,0,0,0,0,0,0,"trayp101","F","F","F","F",0,3,5,0,1,0,0,0,0,0,F,F,"1924NY1.EVN.regular.event.csv",2881
"NY1192408020","PIT",5,1,1,0,0,"",6,2,"frisf101","?","frisf101","?","pfefj101","?","pfefj101","?","smite106","grimc101","marar101","trayp101","wrigg102","bigbc101","carem101","cuylk101","terrb101","snydf101","","S8.2-H(UR);1-3;BX2(856)#","F","F",4,2,20,"T","T",1,"F","F",1,"F","F",1,"F","F",8,"","F","F","",0,0,"N",0,"N",0,"N",0,3,5,0,"856","","","","F","F","F","F","F","F","F","F","F","pfefj101","pfefj101","","F","F","F","F","F","","","","",0,6,0,0,8,5,0,0,0,48,"NY1","NY1","PIT",1,"F","F",2,6,0,19,3,"T","F",3,4,"T","T","wilsh102","meusi101","T","T",0,9,46,2,8,44,0,0,0,"smite106","smite106","",0,0,0,0,0,0,0,0,0,0,0,0,1,"carem101","F","F","F","F",0,3,5,0,0,0,0,0,0,0,F,T,"1924NY1.EVN.regular.event.csv",2882
"NY1192408020","PIT",5,1,2,0,0,"",6,3,"wilsh102","?","wilsh102","?","pfefj101","?","pfefj101","?","smite106","grimc101","marar101","trayp101","wrigg102","bigbc101","carem101","cuylk101","","","terrb101","63","F","F",8,3,2,"T","T",0,"F","F",1,"F","F",0,"F","F",6,"G","F","F","",0,0,"N",0,"N",0,"N",0,0,0,3,"63","","","","F","F","F","F","F","F","F","F","F","","","pfefj101","F","F","F","F","F","","","","",0,3,0,0,6,0,0,0,0,49,"NY1","NY1","PIT",1,"F","T",3,6,1,20,4,"T","F",4,4,"T","T","meusi101","kellg101","T","T",0,0,0,0,0,0,0,9,46,"","","smite106",0,0,0,0,0,0,0,0,0,0,0,0,0,"wrigg102","F","F","F","F",0,0,0,3,0,0,0,0,0,0,F,F,"1924NY1.EVN.regular.event.csv",2883
"NY1192408020","PIT",6,0,0,0,0,"",6,3,"grimc101","?","grimc101","?","ryanr101","?","ryanr101","?","snydf101","kellg101","frisf101","grohh101","jackt101","meusi101","wilsh102","soutb101","","","","5/L","T","F",3,7,2,"T","T",0,"F","F",1,"F","F",0,"F","F",5,"L","F","F","",0,0,"N",0,"N",0,"N",0,0,0,0,"5","","","","F","F","F","F","F","F","F","F","F","","","","F","F","F","F","F","","","","",0,5,0,0,0,0,0,0,0,50,"NY1","PIT","NY1",0,"T","F",6,3,0,24,0,"T","F",0,0,"T","T","smite106","pfefj101","F","F",0,0,0,0,0,0,0,0,0,"","","",0,0,0,0,0,0,0,0,0,0,0,0,0,"grohh101","F","F","F","F",0,0,0,0,0,0,0,0,0,0,F,F,"1924NY1.EVN.regular.event.csv",2884
"NY1192408020","PIT",6,0,1,0,0,"",6,3,"smite106","?","smite106","?","ryanr101","?","ryanr101","?","snydf101","kellg101","frisf101","grohh101","jackt101","meusi101","wilsh102","soutb101","","","","31","F","F",2,8,2,"T","T",0,"F","F",1,"F","F",0,"F","F",3,"G","F","F","",0,0,"N",0,"N",0,"N",0,0,0,0,"31","","","","F","F","F","F","F","F","F","F","F","","","","F","F","F","F","F","","","","",0,1,0,0,3,0,0,0,0,51,"NY1","PIT","NY1",0,"F","F",6,3,0,25,1,"T","F",0,0,"T","T","pfefj101","bigbc101","F","F",0,0,0,0,0,0,0,0,0,"","","",0,0,0,0,0,0,0,0,0,0,0,0,0,"kellg101","F","F","F","F",0,0,0,0,0,0,0,0,0,0,F,F,"1924NY1.EVN.regular.event.csv",2885
"NY1192408020","PIT",6,0,2,0,0,"",6,3,"pfefj101","?","pfefj101","?","ryanr101","?","ryanr101","?","snydf101","kellg101","frisf101","grohh101","jackt101","meusi101","wilsh102","soutb101","","","","K/C","F","F",1,9,3,"T","T",0,"F","F",1,"F","F",0,"F","F",0,"","F","F","",0,0,"N",0,"N",0,"N",0,0,0,0,"2","","","","F","F","F","F","F","F","F","F","F","","","","F","F","F","F","F","","","","",0,2,0,0,0,0,0,0,0,52,"NY1","PIT","NY1",0,"F","T",6,3,0,26,2,"T","F",0,0,"T","T","bigbc101","carem101","F","F",0,0,0,0,0,0,0,0,0,"","","",0,0,0,0,0,0,0,0,0,0,0,0,0,"","F","F","F","F",0,0,0,0,0,0,0,0,0,0,F,F,"1924NY1.EVN.regular.event.csv",2886
"NY1192408020","PIT",6,1,0,0,0,"X",6,3,"meusi101","?","meusi101","?","pfefj101","?","pfefj101","?","smite106","grimc101","marar101","trayp101","wrigg102","bigbc101","carem101","cuylk101","","","","HR/F7D","T","F",7,4,23,"T","T",4,"F","F",0,"F","F",1,"F","F",0,"F","F","F","7D",0,0,"N",0,"N",0,"N",4,0,0,0,"","","","","F","F","F","F","F","F","F","F","F","","","","F","F","F","F","F","","","","",0,0,0,0,0,0,0,0,0,53,"NY1","NY1","PIT",1,"T","F",3,6,0,21,0,"T","F",0,0,"T","T","kellg101","jackt101","T","T",0,0,0,0,0,0,0,0,0,"","","",0,0,0,0,0,0,1,0,0,0,1,0,1,"","F","F","F","F",4,0,0,0,2,0,0,0,0,0,F,F,"1924NY1.EVN.regular.event.csv",2887
"NY1192408020","PIT",6,1,0,0,0,"",6,4,"kellg101","?","kellg101","?","pfefj101","?","pfefj101","?","smite106","grimc101","marar101","trayp101","wrigg102","bigbc101","carem101","cuylk101","","","","53","F","F",3,5,2,"T","T",0,"F","F",1,"F","F",0,"F","F",5,"G","F","F","",0,0,"N",0,"N",0,"N",0,0,0,0,"53","","","","F","F","F","F","F","F","F","F","F","","","","F","F","F","F","F","","","","",0,3,0,0,5,0,0,0,0,54,"NY1","NY1","PIT",1,"F","F",4,6,1,22,1,"T","F",0,0,"T","T","jackt101","grohh101","T","T",0,0,0,0,0,0,0,0,0,"","","",0,0,0,0,0,0,0,0,0,0,0,0,0,"trayp101","F","F","F","F",0,0,0,0,2,0,0,0,0,0,F,F,"1924NY1.EVN.regular.event.csv",2888
"NY1192408020","PIT",6,1,1,0,0,"",6,4,"jackt101","?","jackt101","?","pfefj101","?","pfefj101","?","smite106","grimc101","marar101","trayp101","wrigg102","bigbc101","carem101","cuylk101","","","","S/6D","F","F",6,6,20,"T","T",1,"F","F",0,"F","F",0,"F","F",0,"","F","F","6D",0,0,"N",0,"N",0,"N",1,0,0,0,"","","","","F","F","F","F","F","F","F","F","F","","","","F","F","F","F","F","","","","",0,0,0,0,0,0,0,0,0,55,"NY1","NY1","PIT",1,"F","F",4,6,1,23,2,"T","F",0,1,"T","T","grohh101","snydf101","T","T",0,0,0,0,0,0,0,0,0,"","","",0,0,0,0,0,0,0,0,0,0,0,0,0,"","F","F","F","F",4,0,0,0,2,0,0,0,0,0,F,F,"1924NY1.EVN.regular.event.csv",2889
"NY1192408020","PIT",6,1,1,0,0,"",6,4,"grohh101","?","grohh101","?","pfefj101","?","pfefj101","?","smite106","grimc101","marar101","trayp101","wrigg102","bigbc101","carem101","cuylk101","jackt101","","","S/78S.1-2","F","F",5,7,20,"T","T",1,"F","F",0,"F","F",0,"F","F",0,"","F","F","78S",0,0,"N",0,"N",0,"N",1,2,0,0,"","","","","F","F","F","F","F","F","F","F","F","pfefj101","","","F","F","F","F","F","","","","",0,0,0,0,0,0,0,0,0,56,"NY1","NY1","PIT",1,"F","F",4,6,1,24,3,"T","F",1,3,"T","T","snydf101","ryanr101","T","T",6,6,55,0,0,0,0,0,0,"smite106","","",0,0,0,0,0,0,0,0,0,0,0,0,0,"","F","F","F","F",4,4,0,0,2,0,0,0,0,0,F,F,"1924NY1.EVN.regular.event.csv",2890
"NY1192408020","PIT",6,1,1,0,0,"",6,4,"snydf101","?","snydf101","?","pfefj101","?","pfefj101","?","smite106","grimc101","marar101","trayp101","wrigg102","bigbc101","carem101","cuylk101","grohh101","jackt101","","5/P","F","F",2,8,2,"T","T",0,"F","F",1,"F","F",0,"F","F",5,"P","F","F","",0,0,"N",0,"N",0,"N",0,1,2,0,"5","","","","F","F","F","F","F","F","F","F","F","pfefj101","pfefj101","","F","F","F","F","F","","","","",0,5,0,0,0,0,0,0,0,57,"NY1","NY1","PIT",1,"F","F",4,6,1,25,4,"T","F",3,3,"T","T","ryanr101","soutb101","T","T",5,7,56,6,6,55,0,0,0,"smite106","smite106","",0,0,0,0,0,0,0,0,0,0,0,0,0,"trayp101","F","F","F","F",0,4,4,0,2,0,0,0,0,0,F,F,"1924NY1.EVN.regular.event.csv",2891
"NY1192408020","PIT",6,1,2,0,0,"",6,4,"bentj101","?","bentj101","?","pfefj101","?","pfefj101","?","smite106","grimc101","marar101","trayp101","wrigg102","bigbc101","carem101","cuylk101","grohh101","jackt101","","S7.2-H;1-3(E7/THH)","F","T",11,9,20,"T","T",1,"F","F",0,"F","F",1,"F","F",7,"","F","F","",1,7,"T",0,"N",0,"N",1,3,4,0,"","","","","F","F","F","F","F","F","F","F","F","pfefj101","pfefj101","","F","F","F","F","F","","","","ryanr101",1,0,0,0,0,0,0,0,0,58,"NY1","NY1","PIT",1,"F","F",4,6,1,26,5,"T","F",3,5,"F","F","soutb101","frisf101","T","T",5,7,56,6,6,55,0,0,0,"smite106","smite106","",0,0,0,0,0,0,0,0,0,0,0,0,1,"bigbc101","F","F","F","F",2,4,4,0,1,0,0,0,0,0,F,F,"1924NY1.EVN.regular.event.csv",2892
"NY1192408020","PIT",6,1,2,0,0,"",6,5,"soutb101","?","soutb101","?","kremr101","?","kremr101","?","smite106","grimc101","marar101","trayp101","wrigg102","bigbc101","carem101","cuylk101","nehfa101","","grohh101","SBH;SB2","F","F",9,1,4,"F","F",0,"F","F",0,"F","F",0,"F","F",0,"","F","F","",0,0,"N",0,"N",0,"N",0,2,0,4,"","","","","T","F","T","F","F","F","F","F","F","pfefj101","","pfefj101","F","F","T","F","F","bentj101","","","",0,0,0,0,0,0,0,0,0,59,"NY1","NY1","PIT",1,"F","F",5,6,2,27,6,"T","F",5,2,"T","T","frisf101","wilsh102","F","F",0,9,58,0,0,0,5,7,56,"smite106","","smite106",0,0,0,0,0,0,0,0,0,0,0,0,1,"","F","F","F","F",0,2,0,4,0,0,0,0,0,0,F,F,"1924NY1.EVN.regular.event.csv",2893
"NY1192408020","PIT",6,1,2,0,0,"",6,6,"soutb101","?","soutb101","?","kremr101","?","kremr101","?","smite106","grimc101","marar101","trayp101","wrigg102","bigbc101","carem101","cuylk101","","nehfa101","","43","F","F",9,1,2,"T","T",0,"F","F",1,"F","F",0,"F","F",4,"G","F","F","",0,0,"N",0,"N",0,"N",0,0,2,0,"43","","","","F","F","F","F","F","F","F","F","F","","pfefj101","","F","F","F","F","F","","","","",0,3,0,0,4,0,0,0,0,60,"NY1","NY1","PIT",1,"F","T",6,6,3,27,6,"F","F",2,2,"T","T","frisf101","wilsh102","F","F",0,0,0,0,9,58,0,0,0,"","smite106","",0,0,0,0,0,0,0,0,0,0,0,0,0,"marar101","F","F","F","F",0,0,2,0,0,0,0,0,0,0,F,F,"1924NY1.EVN.regular.event.csv",2894
"NY1192408020","PIT",7,0,0,0,0,"",6,6,"bigbc101","?","bigbc101","?","deanw101","?","deanw101","?","snydf101","kellg101","frisf101","grohh101","jackt101","meusi101","wilsh102","soutb101","","","","6/P","T","F",7,1,2,"T","T",0,"F","F",1,"F","F",0,"F","F",6,"P","F","F","",0,0,"N",0,"N",0,"N",0,0,0,0,"6","","","","F","F","F","F","F","F","F","F","F","","","","F","F","F","F","F","","","","",0,6,0,0,0,0,0,0,0,61,"NY1","PIT","NY1",0,"T","F",6,6,0,27,0,"T","F",0,0,"T","T","carem101","cuylk101","F","F",0,0,0,0,0,0,0,0,0,"","","",0,0,0,0,0,0,0,0,0,0,0,0,0,"jackt101","F","F","F","F",0,0,0,0,0,0,0,0,0,0,F,F,"1924NY1.EVN.regular.event.csv",2895
"NY1192408020","PIT",7,0,1,0,0,"",6,6,"carem101","?","carem101","?","deanw101","?","deanw101","?","snydf101","kellg101","frisf101","grohh101","jackt101","meusi101","wilsh102","soutb101","","","","6/P","F","F",8,2,2,"T","T",0,"F","F",1,"F","F",0,"F","F",6,"P","F","F","",0,0,"N",0,"N",0,"N",0,0,0,0,"6","","","","F","F","F","F","F","F","F","F","F","","","","F","F","F","F","F","","","","",0,6,0,0,0,0,0,0,0,62,"NY1","PIT","NY1",0,"F","F",6,6,0,28,1,"T","F",0,0,"T","T","cuylk101","wrigg102","F","F",0,0,0,0,0,0,0,0,0,"","","",0,0,0,0,0,0,0,0,0,0,0,0,0,"jackt101","F","F","F","F",0,0,0,0,0,0,0,0,0,0,F,F,"1924NY1.EVN.regular.event.csv",2896
"NY1192408020","PIT",7,0,2,0,0,"",6,6,"cuylk101","?","cuylk101","?","deanw101","?","deanw101","?","snydf101","kellg101","frisf101","grohh101","jackt101","meusi101","wilsh102","soutb101","","","","W","F","F",9,3,14,"T","F",0,"F","F",0,"F","F",0,"F","F",0,"","F","F","",0,0,"N",0,"N",0,"N",1,0,0,0,"","","","","F","F","F","F","F","F","F","F","F","","","","F","F","F","F","F","","","","",0,0,0,0,0,0,0,0,0,63,"NY1","PIT","NY1",0,"F","F",6,6,0,29,2,"T","F",0,1,"T","T","wrigg102","trayp101","F","F",0,0,0,0,0,0,0,0,0,"","","",0,0,0,0,0,0,0,0,0,0,0,0,0,"","F","F","F","F",0,0,0,0,0,0,0,0,0,0,F,F,"1924NY1.EVN.regular.event.csv",2897
"NY1192408020","PIT",7,0,2,0,0,"",6,6,"wrigg102","?","wrigg102","?","deanw101","?","deanw101","?","snydf101","kellg101","frisf101","grohh101","jackt101","meusi101","wilsh102","soutb101","cuylk101","","","CS2(24)","F","F",6,4,6,"F","F",0,"F","F",1,"F","F",0,"F","F",0,"","F","F","",0,0,"N",0,"N",0,"N",0,0,0,0,"","24","","","F","F","F","T","F","F","F","F","F","deanw101","","","F","F","F","F","F","","","","",0,4,0,0,2,0,0,0,0,64,"NY1","PIT","NY1",0,"F","T",6,6,0,30,3,"T","T",1,0,"T","T","trayp101","marar101","F","F",9,3,63,0,0,0,0,0,0,"snydf101","","",0,0,0,0,0,0,0,0,0,0,0,0,0,"","F","F","F","F",0,0,0,0,0,0,0,0,0,0,F,F,"1924NY1.EVN.regular.event.csv",2898
"NY1192408020","PIT",7,1,0,0,0,"",6,6,"frisf101","?","frisf101","?","kremr101","?","kremr101","?","smite106","grimc101","marar101","trayp101","wrigg102","bigbc101","muelw102","barnc102","","","","3/G","T","F",4,2,2,"T","T",0,"F","F",1,"F","F",0,"F","F",3,"G","F","F","",0,0,"N",0,"N",0,"N",0,0,0,0,"3","","","","F","F","F","F","F","F","F","F","F","","","","F","F","F","F","F","","","","",0,3,0,0,0,0,0,0,0,65,"NY1","NY1","PIT",1,"T","F",6,6,0,28,0,"T","F",0,0,"T","T","wilsh102","meusi101","F","F",0,0,0,0,0,0,0,0,0,"","","",0,0,0,0,0,0,0,0,0,0,0,0,0,"grimc101","F","F","F","F",0,0,0,0,0,0,0,0,0,0,F,F,"1924NY1.EVN.regular.event.csv",2899
"NY1192408020","PIT",7,1,1,0,0,"",6,6,"wilsh102","?","wilsh102","?","kremr101","?","kremr101","?","smite106","grimc101","marar101","trayp101","wrigg102","bigbc101","muelw102","barnc102","","","","9/F","F","F",8,3,2,"T","T",0,"F","F",1,"F","F",0,"F","F",9,"F","F","F","",0,0,"N",0,"N",0,"N",0,0,0,0,"9","","","","F","F","F","F","F","F","F","F","F","","","","F","F","F","F","F","","","","",0,9,0,0,0,0,0,0,0,66,"NY1","NY1","PIT",1,"F","F",6,6,0,29,1,"T","F",0,0,"T","T","meusi101","kellg101","F","F",0,0,0,0,0,0,0,0,0,"","","",0,0,0,0,0,0,0,0,0,0,0,0,0,"barnc102","F","F","F","F",0,0,0,0,0,0,0,0,0,0,F,F,"1924NY1.EVN.regular.event.csv",2900
"NY1192408020","PIT",7,1,2,0,0,"",6,6,"meusi101","?","meusi101","?","kremr101","?","kremr101","?","smite106","grimc101","marar101","trayp101","wrigg102","bigbc101","muelw102","barnc102","","","","S7","F","F",7,4,20,"T","T",1,"F","F",0,"F","F",0,"F","F",7,"","F","F","",0,0,"N",0,"N",0,"N",1,0,0,0,"","","","","F","F","F","F","F","F","F","F","F","","","","F","F","F","F","F","","","","",0,0,0,0,0,0,0,0,0,67,"NY1","NY1","PIT",1,"F","F",6,6,0,30,2,"T","F",0,1,"T","T","kellg101","jackt101","F","F",0,0,0,0,0,0,0,0,0,"","","",0,0,0,0,0,0,0,0,0,0,0,0,0,"bigbc101","F","F","F","F",0,0,0,0,0,0,0,0,0,0,F,F,"1924NY1.EVN.regular.event.csv",2901
"NY1192408020","PIT",7,1,2,0,0,"",6,6,"kellg101","?","kellg101","?","kremr101","?","kremr101","?","smite106","grimc101","marar101","trayp101","wrigg102","bigbc101","muelw102","barnc102","meusi101","","","64(1)/FO","F","F",3,5,2,"T","T",0,"F","F",1,"F","F",0,"F","F",6,"G","F","F","",0,0,"N",0,"N",0,"N",1,0,0,0,"","64","","","F","F","F","F","F","F","F","F","F","kremr101","","","F","F","F","F","F","","","","",0,4,0,0,6,0,0,0,0,68,"NY1","NY1","PIT",1,"F","T",6,6,0,31,3,"T","F",1,1,"T","T","jackt101","grohh101","F","F",7,4,67,0,0,0,0,0,0,"smite106","","",0,0,0,0,0,0,0,0,0,0,0,0,0,"wrigg102","T","F","F","F",0,0,0,0,0,0,0,0,0,0,F,F,"1924NY1.EVN.regular.event.csv",2902
"NY1192408020","PIT",8,0,0,0,0,"",6,6,"wrigg102","?","wrigg102","?","deanw101","?","deanw101","?","snydf101","kellg101","frisf101","grohh101","jackt101","meusi101","wilsh102","soutb101","","","","8/F","T","F",6,4,2,"T","T",0,"F","F",1,"F","F",0,"F","F",8,"F","F","F","",0,0,"N",0,"N",0,"N",0,0,0,0,"8","","","","F","F","F","F","F","F","F","F","F","","","","F","F","F","F","F","","","","",0,8,0,0,0,0,0,0,0,69,"NY1","PIT","NY1",0,"T","F",6,6,0,30,0,"T","F",0,0,"T","T","trayp101","marar101","F","F",0,0,0,0,0,0,0,0,0,"","","",0,0,0,0,0,0,0,0,0,0,0,0,0,"wilsh102","F","F","F","F",0,0,0,0,1,0,0,0,0,0,F,F,"1924NY1.EVN.regular.event.csv",2903
"NY1192408020","PIT",8,0,1,0,0,"",6,6,"trayp101","?","trayp101","?","deanw101","?","deanw101","?","snydf101","kellg101","frisf101","grohh101","jackt101","meusi101","wilsh102","soutb101","","","","S6/G.B-2(E6/TH1)#","F","F",5,5,20,"T","T",1,"F","F",0,"F","F",0,"F","F",6,"G","F","F","",1,6,"T",0,"N",0,"N",2,0,0,0,"","","","","F","F","F","F","F","F","F","F","F","","","","F","F","F","F","F","","","","",0,0,0,0,0,0,0,0,0,70,"NY1","PIT","NY1",0,"F","F",6,6,0,31,1,"T","F",0,2,"T","T","marar101","grimc101","F","F",0,0,0,0,0,0,0,0,0,"","","",0,0,0,0,0,0,0,0,0,0,0,0,0,"jackt101","F","F","F","F",4,0,0,0,1,0,0,0,0,0,F,T,"1924NY1.EVN.regular.event.csv",2904
"NY1192408020","PIT",8,0,1,0,0,"",6,6,"marar101","?","marar101","?","deanw101","?","deanw101","?","snydf101","kellg101","frisf101","grohh101","jackt101","meusi101","wilsh102","soutb101","","trayp101","","D7.2-H","F","F",4,6,21,"T","T",2,"F","F",0,"F","F",1,"F","F",7,"","F","F","",0,0,"N",0,"N",0,"N",2,0,4,0,"","","","","F","F","F","F","F","F","F","F","F","","deanw101","","F","F","F","F","F","","","","",0,0,0,0,0,0,0,0,0,71,"NY1","PIT","NY1",0,"F","F",6,6,0,32,2,"T","F",2,2,"T","T","grimc101","smite106","F","F",0,0,0,5,5,70,0,0,0,"","snydf101","",0,0,0,0,0,0,0,0,0,0,0,0,1,"meusi101","F","F","F","F",0,0,4,0,0,0,0,0,0,0,F,F,"1924NY1.EVN.regular.event.csv",2905
"NY1192408020","PIT",8,0,1,0,0,"",7,6,"grimc101","?","grimc101","?","deanw101","?","deanw101","?","snydf101","kellg101","frisf101","grohh101","jackt101","meusi101","wilsh102","soutb101","","marar101","","43.2-3","F","F",3,7,2,"T","T",0,"F","F",1,"F","F",0,"F","F",4,"G","F","F","",0,0,"N",0,"N",0,"N",0,0,3,0,"43","","","","F","F","F","F","F","F","F","F","F","","deanw101","","F","F","F","F","F","","","","",0,3,0,0,4,0,0,0,0,72,"NY1","PIT","NY1",0,"F","F",7,6,1,33,3,"T","F",2,4,"T","T","smite106","kremr101","F","F",0,0,0,4,6,71,0,0,0,"","snydf101","",0,0,0,0,0,0,0,0,0,0,0,0,0,"frisf101","F","F","F","F",0,0,0,0,0,0,0,0,0,0,F,F,"1924NY1.EVN.regular.event.csv",2906
"NY1192408020","PIT",8,0,2,0,0,"X",7,6,"smite106","?","smite106","?","deanw101","?","deanw101","?","snydf101","kellg101","frisf101","grohh101","jackt101","meusi101","wilsh102","soutb101","","","marar101","7/F","F","F",2,8,2,"T","T",0,"F","F",1,"F","F",0,"F","F",7,"F","F","F","",0,0,"N",0,"N",0,"N",0,0,0,3,"7","","","","F","F","F","F","F","F","F","F","F","","","deanw101","F","F","F","F","F","","","","",0,7,0,0,0,0,0,0,0,73,"NY1","PIT","NY1",0,"F","T",7,6,1,34,4,"T","F",4,4,"T","T","kremr101","bigbc101","F","F",0,0,0,0,0,0,4,6,71,"","","snydf101",0,0,0,0,0,0,1,0,0,0,1,0,0,"meusi101","F","F","F","F",0,0,0,0,0,0,0,0,0,0,F,F,"1924NY1.EVN.regular.event.csv",2907
"NY1192408020","PIT",8,1,0,0,0,"X",7,6,"jackt101","?","jackt101","?","kremr101","?","kremr101","?","smite106","grimc101","marar101","trayp101","wrigg102","bigbc101","muelw102","barnc102","","","","9/F","T","F",6,6,2,"T","T",0,"F","F",1,"F","F",0,"F","F",9,"F","F","F","",0,0,"N",0,"N",0,"N",0,0,0,0,"9","","","","F","F","F","F","F","F","F","F","F","","","","F","F","F","F","F","","","","",0,9,0,0,0,0,0,0,0,74,"NY1","NY1","PIT",1,"T","F",6,7,0,32,0,"T","F",0,0,"T","T","grohh101","snydf101","F","F",0,0,0,0,0,0,0,0,0,"","","",0,0,0,0,0,0,1,0,0,0,1,0,0,"barnc102","F","F","F","F",0,0,0,0,0,0,0,0,0,0,F,F,"1924NY1.EVN.regular.event.csv",2908
"NY1192408020","PIT",8,1,1,0,0,"",7,6,"grohh101","?","grohh101","?","kremr101","?","kremr101","?","smite106","grimc101","marar101","trayp101","wrigg102","bigbc101","muelw102","barnc102","","","","3/FL","F","F",5,7,2,"T","T",0,"F","F",1,"F","F",0,"F","F",3,"F","F","T","",0,0,"N",0,"N",0,"N",0,0,0,0,"3","","","","F","F","F","F","F","F","F","F","F","","","","F","F","F","F","F","","","","",0,3,0,0,0,0,0,0,0,75,"NY1","NY1","PIT",1,"F","F",6,7,0,33,1,"T","F",0,0,"T","T","snydf101","deanw101","F","F",0,0,0,0,0,0,0,0,0,"","","",0,0,0,0,0,0,0,0,0,0,0,0,0,"grimc101","F","F","F","F",0,0,0,0,0,0,0,0,0,0,F,F,"1924NY1.EVN.regular.event.csv",2909
"NY1192408020","PIT",8,1,2,0,0,"",7,6,"snydf101","?","snydf101","?","kremr101","?","kremr101","?","smite106","grimc101","marar101","trayp101","wrigg102","bigbc101","muelw102","barnc102","","","","53","F","F",2,8,2,"T","T",0,"F","F",1,"F","F",0,"F","F",5,"G","F","F","",0,0,"N",0,"N",0,"N",0,0,0,0,"53","","","","F","F","F","F","F","F","F","F","F","","","","F","F","F","F","F","","","","",0,3,0,0,5,0,0,0,0,76,"NY1","NY1","PIT",1,"F","T",6,7,0,34,2,"T","F",0,0,"T","T","deanw101","soutb101","F","F",0,0,0,0,0,0,0,0,0,"","","",0,0,0,0,0,0,0,0,0,0,0,0,0,"trayp101","F","F","F","F",0,0,0,0,0,0,0,0,0,0,F,F,"1924NY1.EVN.regular.event.csv",2910
"NY1192408020","PIT",9,0,0,0,0,"",7,6,"kremr101","?","kremr101","?","deanw101","?","deanw101","?","snydf101","kellg101","frisf101","grohh101","jackt101","meusi101","wilsh102","soutb101","","","","S8","T","F",1,9,20,"T","T",1,"F","F",0,"F","F",0,"F","F",8,"","F","F","",0,0,"N",0,"N",0,"N",1,0,0,0,"","","","","F","F","F","F","F","F","F","F","F","","","","F","F","F","F","F","","","","",0,0,0,0,0,0,0,0,0,77,"NY1","PIT","NY1",0,"T","F",7,6,0,35,0,"T","F",0,1,"F","F","bigbc101","muelw102","F","F",0,0,0,0,0,0,0,0,0,"","","",0,0,0,0,0,0,0,0,0,0,0,0,0,"wilsh102","F","F","F","F",2,0,0,0,0,0,0,0,0,0,F,F,"1924NY1.EVN.regular.event.csv",2911
"NY1192408020","PIT",9,0,0,0,0,"",7,6,"bigbc101","?","bigbc101","?","deanw101","?","deanw101","?","snydf101","kellg101","frisf101","grohh101","jackt101","meusi101","wilsh102","soutb101","kremr101","","","53/SH.1-2","F","F",7,1,2,"T","F",0,"T","F",1,"F","F",0,"F","F",5,"G","T","F","",0,0,"N",0,"N",0,"N",0,2,0,0,"53","","","","F","F","F","F","F","F","F","F","F","deanw101","","","F","F","F","F","F","","","","",0,3,0,0,5,0,0,0,0,78,"NY1","PIT","NY1",0,"F","F",7,6,0,36,1,"T","F",1,2,"T","T","muelw102","barnc102","F","F",1,9,77,0,0,0,0,0,0,"snydf101","","",0,0,0,0,0,0,0,0,0,0,0,0,0,"grohh101","F","F","F","F",0,2,0,0,0,0,0,0,0,0,F,F,"1924NY1.EVN.regular.event.csv",2912
"NY1192408020","PIT",9,0,1,0,0,"",7,6,"muelw102","?","muelw102","?","deanw101","?","deanw101","?","snydf101","kellg101","frisf101","grohh101","jackt101","meusi101","wilsh102","soutb101","","kremr101","","53","F","F",8,2,2,"T","T",0,"F","F",1,"F","F",0,"F","F",5,"G","F","F","",0,0,"N",0,"N",0,"N",0,0,2,0,"53","","","","F","F","F","F","F","F","F","F","F","","deanw101","","F","F","F","F","F","","","","",0,3,0,0,5,0,0,0,0,79,"NY1","PIT","NY1",0,"F","F",7,6,0,37,2,"T","F",2,2,"F","F","barnc102","wrigg102","F","F",0,0,0,1,9,77,0,0,0,"","snydf101","",0,0,0,0,0,0,0,0,0,0,0,0,0,"grohh101","F","F","F","F",0,0,2,0,0,0,0,0,0,0,F,F,"1924NY1.EVN.regular.event.csv",2913
"NY1192408020","PIT",9,0,2,0,0,"",7,6,"barnc102","?","barnc102","?","deanw101","?","deanw101","?","snydf101","kellg101","frisf101","grohh101","jackt101","meusi101","wilsh102","soutb101","","kremr101","","43","F","F",9,3,2,"T","T",0,"F","F",1,"F","F",0,"F","F",4,"G","F","F","",0,0,"N",0,"N",0,"N",0,0,2,0,"43","","","","F","F","F","F","F","F","F","F","F","","deanw101","","F","F","F","F","F","","","","",0,3,0,0,4,0,0,0,0,80,"NY1","PIT","NY1",0,"F","T",7,6,0,38,3,"T","F",2,2,"F","F","wrigg102","trayp101","F","F",0,0,0,1,9,77,0,0,0,"","snydf101","",0,0,0,0,0,0,0,0,0,0,0,0,0,"frisf101","F","F","F","F",0,0,2,0,0,0,0,0,0,0,F,F,"1924NY1.EVN.regular.event.csv",2914
"NY1192408020","PIT",9,1,0,0,0,"",7,6,"gowdh101","?","gowdh101","?","kremr101","?","kremr101","?","smite106","grimc101","marar101","trayp101","wrigg102","bigbc101","muelw102","barnc102","","","","6/P56D","T","T",11,9,2,"T","T",0,"F","F",1,"F","F",0,"F","F",6,"P","F","F","56D",0,0,"N",0,"N",0,"N",0,0,0,0,"6","","","","F","F","F","F","F","F","F","F","F","","","","F","F","F","F","F","","","","deanw101",1,6,0,0,0,0,0,0,0,81,"NY1","NY1","PIT",1,"T","F",6,7,0,35,0,"T","F",0,0,"F","F","soutb101","frisf101","F","F",0,0,0,0,0,0,0,0,0,"","","",0,0,0,0,0,0,0,0,0,0,0,0,0,"wrigg102","F","F","F","F",0,0,0,0,0,0,0,0,0,0,F,F,"1924NY1.EVN.regular.event.csv",2915
"NY1192408020","PIT",9,1,1,0,0,"",7,6,"soutb101","?","soutb101","?","kremr101","?","kremr101","?","smite106","grimc101","marar101","trayp101","wrigg102","bigbc101","muelw102","barnc102","","","","K","F","F",9,1,3,"T","T",0,"F","F",1,"F","F",0,"F","F",0,"","F","F","",0,0,"N",0,"N",0,"N",0,0,0,0,"2","","","","F","F","F","F","F","F","F","F","F","","","","F","F","F","F","F","","","","",0,2,0,0,0,0,0,0,0,82,"NY1","NY1","PIT",1,"F","F",6,7,0,36,1,"T","F",0,0,"T","T","frisf101","wilsh102","F","F",0,0,0,0,0,0,0,0,0,"","","",0,0,0,0,0,0,0,0,0,0,0,0,0,"","F","F","F","F",0,0,0,0,0,0,0,0,0,0,F,F,"1924NY1.EVN.regular.event.csv",2916
"NY1192408020","PIT",9,1,2,0,0,"",7,6,"frisf101","?","frisf101","?","kremr101","?","kremr101","?","smite106","grimc101","marar101","trayp101","wrigg102","bigbc101","muelw102","barnc102","","","","2/FL","F","F",4,2,2,"T","T",0,"F","F",1,"F","F",0,"F","F",2,"F","F","T","",0,0,"N",0,"N",0,"N",0,0,0,0,"2","","","","F","F","F","F","F","F","F","F","F","","","","F","T","F","F","F","","","","",0,2,0,0,0,0,0,0,0,83,"NY1","NY1","PIT",1,"F","T",6,7,0,37,2,"T","F",0,0,"T","T","wilsh102","meusi101","F","F",0,0,0,0,0,0,0,0,0,"","","",0,0,0,0,0,0,0,0,0,0,0,0,0,"smite106","F","F","F","F",0,0,0,0,0,0,0,0,0,0,F,F,"1924NY1.EVN.regular.event.csv",2917
"NY1192408041","CHN",1,0,0,0,0,"",0,0,"statj101","?","statj101","?","bentj101","?","bentj101","?","snydf101","kellg101","frisf101","grohh101","jackt101","meusi101","wilsh102","oconj102","","","","8/F","T","F",8,1,2,"T","T",0,"F","F",1,"F","F",0,"F","F",8,"F","F","F","",0,0,"N",0,"N",0,"N",0,0,0,0,"8","","","","F","F","F","F","F","F","F","F","F","","","","T","F","F","F","F","","","","",0,8,0,0,0,0,0,0,0,1,"NY1","CHN","NY1",0,"T","F",0,0,0,0,0,"T","F",0,0,"T","T","adams101","grang102","T","T",0,0,0,0,0,0,0,0,0,"","","",0,0,0,0,0,0,0,0,0,0,0,0,0,"wilsh102","F","F","F","F",0,0,0,0,0,0,0,0,0,0,F,F,"1924NY1.EVN.regular.event.csv",2918
"NY1192408041","CHN",1,0,1,0,0,"",0,0,"adams101","?","adams101","?","bentj101","?","bentj101","?","snydf101","kellg101","frisf101","grohh101","jackt101","meusi101","wilsh102","oconj102","","","","S","F","F",6,2,20,"T","T",1,"F","F",0,"F","F",0,"F","F",0,"","F","F","",0,0,"N",0,"N",0,"N",1,0,0,0,"","","","","F","F","F","F","F","F","F","F","F","","","","F","F","F","F","F","","","","",0,0,0,0,0,0,0,0,0,2,"NY1","CHN","NY1",0,"F","F",0,0,0,1,1,"T","F",0,1,"T","T","grang102","hartg103","T","T",0,0,0,0,0,0,0,0,0,"","","",0,0,0,0,0,0,0,0,0,0,0,0,0,"","F","F","F","F",0,0,0,0,0,0,0,0,0,0,F,F,"1924NY1.EVN.regular.event.csv",2919
"NY1192408041","CHN",1,0,1,0,0,"",0,0,"grang102","?","grang102","?","bentj101","?","bentj101","?","snydf101","kellg101","frisf101","grohh101","jackt101","meusi101","wilsh102","oconj102","adams101","","","K","F","F",4,3,3,"T","T",0,"F","F",1,"F","F",0,"F","F",0,"","F","F","",0,0,"N",0,"N",0,"N",0,1,0,0,"2","","","","F","F","F","F","F","F","F","F","F","bentj101","","","F","F","F","F","F","","","","",0,2,0,0,0,0,0,0,0,3,"NY1","CHN","NY1",0,"F","F",0,0,0,2,2,"T","F",1,1,"T","T","hartg103","fribb101","T","T",6,2,2,0,0,0,0,0,0,"snydf101","","",0,0,0,0,0,0,0,0,0,0,0,0,0,"","F","F","F","F",0,0,0,0,0,0,0,0,0,0,F,F,"1924NY1.EVN.regular.event.csv",2920
"NY1192408041","CHN",1,0,2,0,0,"",0,0,"hartg103","?","hartg103","?","bentj101","?","bentj101","?","snydf101","kellg101","frisf101","grohh101","jackt101","meusi101","wilsh102","oconj102","adams101","","","SB2#","F","F",2,4,4,"F","F",0,"F","F",0,"F","F",0,"F","F",0,"","F","F","",0,0,"N",0,"N",0,"N",0,2,0,0,"","","","","T","F","F","F","F","F","F","F","F","bentj101","","","F","F","F","F","F","","","","",0,0,0,0,0,0,0,0,0,4,"NY1","CHN","NY1",0,"F","F",0,0,0,3,3,"T","F",1,2,"T","T","fribb101","grigd101","T","T",6,2,2,0,0,0,0,0,0,"snydf101","","",0,0,0,0,0,0,0,0,0,0,0,0,0,"","F","F","F","F",0,0,0,0,0,0,0,0,0,0,F,T,"1924NY1.EVN.regular.event.csv",2921
"NY1192408041","CHN",1,0,2,0,0,"",0,0,"hartg103","?","hartg103","?","bentj101","?","bentj101","?","snydf101","kellg101","frisf101","grohh101","jackt101","meusi101","wilsh102","oconj102","","adams101","","6/P","F","F",2,4,2,"T","T",0,"F","F",1,"F","F",0,"F","F",6,"P","F","F","",0,0,"N",0,"N",0,"N",0,0,2,0,"6","","","","F","F","F","F","F","F","F","F","F","","bentj101","","F","F","F","F","F","","","","",0,6,0,0,0,0,0,0,0,5,"NY1","CHN","NY1",0,"F","T",0,0,0,3,3,"F","F",2,2,"T","T","fribb101","grigd101","T","T",0,0,0,6,2,2,0,0,0,"","snydf101","",0,0,0,0,0,0,0,0,0,0,0,0,0,"jackt101","F","F","F","F",0,0,0,0,0,0,0,0,0,0,F,F,"1924NY1.EVN.regular.event.csv",2922
"NY1192408041","CHN",1,1,0,0,0,"",0,0,"oconj102","?","oconj102","?","keenv101","?","keenv101","?","hartg103","cotth101","grang102","fribb101","adams101","grigd101","statj101","vogeo101","","","","W","T","F",9,1,14,"T","F",0,"F","F",0,"F","F",0,"F","F",0,"","F","F","",0,0,"N",0,"N",0,"N",1,0,0,0,"","","","","F","F","F","F","F","F","F","F","F","","","","F","F","F","F","F","","","","",0,0,0,0,0,0,0,0,0,6,"NY1","NY1","CHN",1,"T","F",0,0,0,0,0,"T","F",0,1,"T","T","frisf101","wilsh102","T","T",0,0,0,0,0,0,0,0,0,"","","",0,0,0,0,0,0,0,0,0,0,0,0,0,"","F","F","F","F",0,0,0,0,0,0,0,0,0,0,F,F,"1924NY1.EVN.regular.event.csv",2923
"NY1192408041","CHN",1,1,0,0,0,"",0,0,"frisf101","?","frisf101","?","keenv101","?","keenv101","?","hartg103","cotth101","grang102","fribb101","adams101","grigd101","statj101","vogeo101","oconj102","","","FC3.1X3(3E6)(6565);B-2","F","F",4,2,19,"T","T",0,"F","F",1,"F","F",0,"F","F",3,"G","F","F","",1,6,"D",0,"N",0,"N",2,0,0,0,"","6565","","","F","F","F","F","F","F","F","F","F","keenv101","","","F","F","F","F","F","","","","",0,5,0,0,3,6,5,0,0,7,"NY1","NY1","CHN",1,"F","F",0,0,0,1,1,"T","F",1,2,"T","T","wilsh102","meusi101","T","T",9,1,6,0,0,0,0,0,0,"hartg103","","",0,0,0,0,0,0,0,0,0,0,0,0,0,"cotth101","F","F","F","F",0,0,0,0,0,0,0,0,0,0,F,F,"1924NY1.EVN.regular.event.csv",2924
"NY1192408041","CHN",1,1,1,0,0,"",0,0,"wilsh102","?","wilsh102","?","keenv101","?","keenv101","?","hartg103","cotth101","grang102","fribb101","adams101","grigd101","statj101","vogeo101","","frisf101","","K","F","F",8,3,3,"T","T",0,"F","F",1,"F","F",0,"F","F",0,"","F","F","",0,0,"N",0,"N",0,"N",0,0,2,0,"2","","","","F","F","F","F","F","F","F","F","F","","keenv101","","F","F","F","F","F","","","","",0,2,0,0,0,0,0,0,0,8,"NY1","NY1","CHN",1,"F","F",0,0,0,2,2,"T","F",2,2,"T","T","meusi101","kellg101","T","T",0,0,0,4,2,7,0,0,0,"","hartg103","",0,0,0,0,0,0,0,0,0,0,0,0,0,"","F","F","F","F",0,0,0,0,0,0,0,0,0,0,F,F,"1924NY1.EVN.regular.event.csv",2925
"NY1192408041","CHN",1,1,2,0,0,"",0,0,"meusi101","?","meusi101","?","keenv101","?","keenv101","?","hartg103","cotth101","grang102","fribb101","adams101","grigd101","statj101","vogeo101","","frisf101","","2/P","F","F",7,4,2,"T","T",0,"F","F",1,"F","F",0,"F","F",2,"P","F","F","",0,0,"N",0,"N",0,"N",0,0,2,0,"2","","","","F","F","F","F","F","F","F","F","F","","keenv101","","F","F","F","F","F","","","","",0,2,0,0,0,0,0,0,0,9,"NY1","NY1","CHN",1,"F","T",0,0,0,3,3,"T","F",2,2,"T","T","kellg101","jackt101","T","T",0,0,0,4,2,7,0,0,0,"","hartg103","",0,0,0,0,0,0,0,0,0,0,0,0,0,"hartg103","F","F","F","F",0,0,0,0,0,0,0,0,0,0,F,F,"1924NY1.EVN.regular.event.csv",2926
"NY1192408041","CHN",2,0,0,0,0,"",0,0,"fribb101","?","fribb101","?","bentj101","?","bentj101","?","snydf101","kellg101","frisf101","grohh101","jackt101","meusi101","wilsh102","oconj102","","","","W","T","F",5,5,14,"T","F",0,"F","F",0,"F","F",0,"F","F",0,"","F","F","",0,0,"N",0,"N",0,"N",1,0,0,0,"","","","","F","F","F","F","F","F","F","F","F","","","","F","F","F","F","F","","","","",0,0,0,0,0,0,0,0,0,10,"NY1","CHN","NY1",0,"T","F",0,0,0,4,0,"T","F",0,1,"T","T","grigd101","vogeo101","T","T",0,0,0,0,0,0,0,0,0,"","","",0,0,0,0,0,0,0,0,0,0,0,0,0,"","F","F","F","F",0,0,0,0,0,0,0,0,0,0,F,F,"1924NY1.EVN.regular.event.csv",2927
"NY1192408041","CHN",2,0,0,0,0,"",0,0,"grigd101","?","grigd101","?","bentj101","?","bentj101","?","snydf101","kellg101","frisf101","grohh101","jackt101","meusi101","wilsh102","oconj102","fribb101","","","16(1)3/GDP","F","F",7,6,2,"T","T",0,"F","F",2,"T","F",0,"F","F",1,"G","F","F","",0,0,"N",0,"N",0,"N",0,0,0,0,"63","16","","","F","F","F","F","F","F","F","F","F","bentj101","","","F","F","F","F","F","","","","",0,6,3,0,1,6,0,0,0,11,"NY1","CHN","NY1",0,"F","F",0,0,0,5,1,"T","F",1,0,"T","T","vogeo101","cotth101","T","T",5,5,10,0,0,0,0,0,0,"snydf101","","",0,0,0,0,0,0,0,0,0,0,0,0,0,"bentj101","T","F","F","F",0,0,0,0,0,0,0,0,0,0,F,F,"1924NY1.EVN.regular.event.csv",2928
"NY1192408041","CHN",2,0,2,0,0,"",0,0,"vogeo101","?","vogeo101","?","bentj101","?","bentj101","?","snydf101","kellg101","frisf101","grohh101","jackt101","meusi101","wilsh102","oconj102","","","","K","F","F",9,7,3,"T","T",0,"F","F",1,"F","F",0,"F","F",0,"","F","F","",0,0,"N",0,"N",0,"N",0,0,0,0,"2","","","","F","F","F","F","F","F","F","F","F","","","","F","F","F","F","F","","","","",0,2,0,0,0,0,0,0,0,12,"NY1","CHN","NY1",0,"F","T",0,0,0,6,2,"T","F",0,0,"T","T","cotth101","keenv101","T","T",0,0,0,0,0,0,0,0,0,"","","",0,0,0,0,0,0,0,0,0,0,0,0,0,"","F","F","F","F",0,0,0,0,0,0,0,0,0,0,F,F,"1924NY1.EVN.regular.event.csv",2929
"NY1192408041","CHN",2,1,0,0,0,"",0,0,"kellg101","?","kellg101","?","keenv101","?","keenv101","?","hartg103","cotth101","grang102","fribb101","adams101","grigd101","statj101","vogeo101","","","","E6/G#","T","F",3,5,18,"T","T",0,"F","F",0,"F","F",0,"F","F",6,"G","F","F","",1,6,"F",0,"N",0,"N",1,0,0,0,"","","","","F","F","F","F","F","F","F","F","F","","","","F","F","F","F","F","","","","",0,0,0,0,0,0,0,0,0,13,"NY1","NY1","CHN",1,"T","F",0,0,0,4,0,"T","F",0,1,"T","T","jackt101","grohh101","T","T",0,0,0,0,0,0,0,0,0,"","","",0,0,0,0,0,0,0,0,0,0,0,0,0,"adams101","F","F","F","T",5,0,0,0,3,0,0,0,0,0,F,T,"1924NY1.EVN.regular.event.csv",2930
"NY1192408041","CHN",2,1,0,0,0,"",0,0,"jackt101","?","jackt101","?","keenv101","?","keenv101","?","hartg103","cotth101","grang102","fribb101","adams101","grigd101","statj101","vogeo101","kellg101","","","S.1-3","F","F",6,6,20,"T","T",1,"F","F",0,"F","F",0,"F","F",0,"","F","F","",0,0,"N",0,"N",0,"N",1,3,0,0,"","","","","F","F","F","F","F","F","F","F","F","keenv101","","","F","F","F","F","F","","","","",0,0,0,0,0,0,0,0,0,14,"NY1","NY1","CHN",1,"F","F",0,0,0,5,1,"T","F",1,5,"T","T","grohh101","snydf101","T","T",3,5,13,0,0,0,0,0,0,"hartg103","","",0,0,0,0,0,0,0,0,0,0,0,0,0,"","F","F","F","F",5,5,0,0,3,0,0,0,0,0,F,F,"1924NY1.EVN.regular.event.csv",2931
"NY1192408041","CHN",2,1,0,0,0,"",0,0,"grohh101","?","grohh101","?","keenv101","?","keenv101","?","hartg103","cotth101","grang102","fribb101","adams101","grigd101","statj101","vogeo101","jackt101","","kellg101","S.3-H(UR);1-3","F","F",5,7,20,"T","T",1,"F","F",0,"F","F",1,"F","F",0,"","F","F","",0,0,"N",0,"N",0,"N",1,3,0,5,"","","","","F","F","F","F","F","F","F","F","F","keenv101","","keenv101","F","F","F","F","F","","","","",0,0,0,0,0,0,0,0,0,15,"NY1","NY1","CHN",1,"F","F",0,0,0,6,2,"T","F",5,5,"T","T","snydf101","bentj101","T","T",6,6,14,0,0,0,3,5,13,"hartg103","","hartg103",0,0,0,0,0,0,0,0,0,0,0,0,1,"","F","F","F","F",5,5,0,5,2,0,0,0,0,0,F,F,"1924NY1.EVN.regular.event.csv",2932
"NY1192408041","CHN",2,1,0,0,0,"",0,1,"snydf101","?","snydf101","?","keenv101","?","keenv101","?","hartg103","cotth101","grang102","fribb101","adams101","grigd101","statj101","vogeo101","grohh101","","jackt101","E5/G.3-H(NR)(UR);1-2","F","F",2,8,18,"T","T",0,"F","F",0,"F","F",0,"F","F",5,"G","F","F","",1,5,"F",0,"N",0,"N",1,2,0,5,"","","","","F","F","F","F","F","F","F","F","F","keenv101","","keenv101","F","F","F","F","F","","","","",0,0,0,0,0,0,0,0,0,16,"NY1","NY1","CHN",1,"F","F",1,0,1,7,3,"T","F",5,3,"T","T","bentj101","oconj102","T","T",5,7,15,0,0,0,6,6,14,"hartg103","","hartg103",0,0,0,0,0,0,0,0,0,0,0,0,1,"fribb101","F","F","F","T",0,5,0,5,1,0,0,0,0,0,F,F,"1924NY1.EVN.regular.event.csv",2933
"NY1192408041","CHN",2,1,0,0,0,"",0,2,"bentj101","?","bentj101","?","keenv101","?","keenv101","?","hartg103","cotth101","grang102","fribb101","adams101","grigd101","statj101","vogeo101","snydf101","grohh101","","9/F9D.2-3","F","F",1,9,2,"T","T",0,"F","F",1,"F","F",0,"F","F",9,"F","F","F","9D",0,0,"N",0,"N",0,"N",0,1,3,0,"9","","","","F","F","F","F","F","F","F","F","F","keenv101","keenv101","","F","F","F","F","F","","","","",0,9,0,0,0,0,0,0,0,17,"NY1","NY1","CHN",1,"F","F",2,0,2,8,4,"T","F",3,5,"T","T","oconj102","frisf101","T","T",2,8,16,5,7,15,0,0,0,"hartg103","hartg103","",0,0,0,0,0,0,0,0,0,0,0,0,0,"vogeo101","F","F","F","F",0,0,5,0,1,0,0,0,0,0,F,F,"1924NY1.EVN.regular.event.csv",2934
"NY1192408041","CHN",2,1,1,0,0,"",0,2,"oconj102","?","oconj102","?","keenv101","?","keenv101","?","hartg103","cotth101","grang102","fribb101","adams101","grigd101","statj101","vogeo101","snydf101","","grohh101","9/SF.3-H(UR)","F","F",9,1,2,"T","F",0,"F","T",1,"F","F",1,"F","F",9,"F","F","F","",0,0,"N",0,"N",0,"N",0,1,0,5,"9","","","","F","F","F","F","F","F","F","F","F","keenv101","","keenv101","F","F","F","F","F","","","","",0,9,0,0,0,0,0,0,0,18,"NY1","NY1","CHN",1,"F","F",2,0,2,9,5,"T","F",5,1,"T","T","frisf101","wilsh102","T","T",2,8,16,0,0,0,5,7,15,"hartg103","","hartg103",0,0,0,0,0,0,0,0,0,0,0,0,1,"vogeo101","F","F","F","F",0,0,0,5,0,0,0,0,0,0,F,F,"1924NY1.EVN.regular.event.csv",2935
"NY1192408041","CHN",2,1,2,0,0,"",0,3,"frisf101","?","frisf101","?","keenv101","?","keenv101","?","hartg103","cotth101","grang102","fribb101","adams101","grigd101","statj101","vogeo101","snydf101","","","W.1-2","F","F",4,2,14,"T","F",0,"F","F",0,"F","F",0,"F","F",0,"","F","F","",0,0,"N",0,"N",0,"N",1,2,0,0,"","","","","F","F","F","F","F","F","F","F","F","keenv101","","","F","F","F","F","F","","","","",0,0,0,0,0,0,0,0,0,19,"NY1","NY1","CHN",1,"F","F",3,0,3,10,6,"T","F",1,3,"T","T","wilsh102","meusi101","T","T",2,8,16,0,0,0,0,0,0,"hartg103","","",0,0,0,0,0,0,0,0,0,0,0,0,0,"","F","F","F","F",0,0,0,0,0,0,0,0,0,0,F,F,"1924NY1.EVN.regular.event.csv",2936
"NY1192408041","CHN",2,1,2,0,0,"",0,3,"wilsh102","?","wilsh102","?","keenv101","?","keenv101","?","hartg103","cotth101","grang102","fribb101","adams101","grigd101","statj101","vogeo101","frisf101","snydf101","","8/F","F","F",8,3,2,"T","T",0,"F","F",1,"F","F",0,"F","F",8,"F","F","F","",0,0,"N",0,"N",0,"N",0,1,2,0,"8","","","","F","F","F","F","F","F","F","F","F","keenv101","keenv101","","F","F","F","F","F","","","","",0,8,0,0,0,0,0,0,0,20,"NY1","NY1","CHN",1,"F","T",3,0,3,11,7,"T","F",3,3,"T","T","meusi101","kellg101","T","T",4,2,19,2,8,16,0,0,0,"hartg103","hartg103","",0,0,0,0,0,0,0,0,0,0,0,0,0,"statj101","F","F","F","F",0,0,0,0,0,0,0,0,0,0,F,F,"1924NY1.EVN.regular.event.csv",2937
"NY1192408041","CHN",3,0,0,0,0,"",0,3,"cotth101","?","cotth101","?","bentj101","?","bentj101","?","snydf101","kellg101","frisf101","grohh101","jackt101","meusi101","wilsh102","oconj102","","","","8/F","T","F",3,8,2,"T","T",0,"F","F",1,"F","F",0,"F","F",8,"F","F","F","",0,0,"N",0,"N",0,"N",0,0,0,0,"8","","","","F","F","F","F","F","F","F","F","F","","","","F","F","F","F","F","","","","",0,8,0,0,0,0,0,0,0,21,"NY1","CHN","NY1",0,"T","F",0,3,0,7,0,"T","F",0,0,"T","T","keenv101","statj101","T","T",0,0,0,0,0,0,0,0,0,"","","",0,0,0,0,0,0,0,0,0,0,0,0,0,"wilsh102","F","F","F","F",0,0,0,0,0,0,0,0,0,0,F,F,"1924NY1.EVN.regular.event.csv",2938
"NY1192408041","CHN",3,0,1,0,0,"",0,3,"keenv101","?","keenv101","?","bentj101","?","bentj101","?","snydf101","kellg101","frisf101","grohh101","jackt101","meusi101","wilsh102","oconj102","","","","3/FL","F","F",1,9,2,"T","T",0,"F","F",1,"F","F",0,"F","F",3,"F","F","T","",0,0,"N",0,"N",0,"N",0,0,0,0,"3","","","","F","F","F","F","F","F","F","F","F","","","","F","F","F","F","F","","","","",0,3,0,0,0,0,0,0,0,22,"NY1","CHN","NY1",0,"F","F",0,3,0,8,1,"T","F",0,0,"T","T","statj101","adams101","T","T",0,0,0,0,0,0,0,0,0,"","","",0,0,0,0,0,0,0,0,0,0,0,0,0,"kellg101","F","F","F","F",0,0,0,0,0,0,0,0,0,0,F,F,"1924NY1.EVN.regular.event.csv",2939
"NY1192408041","CHN",3,0,2,0,0,"",0,3,"statj101","?","statj101","?","bentj101","?","bentj101","?","snydf101","kellg101","frisf101","grohh101","jackt101","meusi101","wilsh102","oconj102","","","","43","F","F",8,1,2,"T","T",0,"F","F",1,"F","F",0,"F","F",4,"G","F","F","",0,0,"N",0,"N",0,"N",0,0,0,0,"43","","","","F","F","F","F","F","F","F","F","F","","","","F","F","F","F","F","","","","",0,3,0,0,4,0,0,0,0,23,"NY1","CHN","NY1",0,"F","T",0,3,0,9,2,"T","F",0,0,"T","T","adams101","grang102","T","T",0,0,0,0,0,0,0,0,0,"","","",0,0,0,0,0,0,0,0,0,0,0,0,0,"frisf101","F","F","F","F",0,0,0,0,0,0,0,0,0,0,F,F,"1924NY1.EVN.regular.event.csv",2940
"NY1192408041","CHN",3,1,0,0,0,"",0,3,"meusi101","?","meusi101","?","keenv101","?","keenv101","?","hartg103","cotth101","grang102","fribb101","adams101","grigd101","statj101","vogeo101","","","","S","T","F",7,4,20,"T","T",1,"F","F",0,"F","F",0,"F","F",0,"","F","F","",0,0,"N",0,"N",0,"N",1,0,0,0,"","","","","F","F","F","F","F","F","F","F","F","","","","F","F","F","F","F","","","","",0,0,0,0,0,0,0,0,0,24,"NY1","NY1","CHN",1,"T","F",3,0,0,12,0,"T","F",0,1,"T","T","kellg101","jackt101","T","T",0,0,0,0,0,0,0,0,0,"","","",0,0,0,0,0,0,0,0,0,0,0,0,0,"","F","F","F","F",0,0,0,0,0,0,0,0,0,0,F,F,"1924NY1.EVN.regular.event.csv",2941
"NY1192408041","CHN",3,1,0,0,0,"",0,3,"kellg101","?","kellg101","?","keenv101","?","keenv101","?","hartg103","cotth101","grang102","fribb101","adams101","grigd101","statj101","vogeo101","meusi101","","","64(1)/FO","F","F",3,5,2,"T","T",0,"F","F",1,"F","F",0,"F","F",6,"G","F","F","",0,0,"N",0,"N",0,"N",1,0,0,0,"","64","","","F","F","F","F","F","F","F","F","F","keenv101","","","F","F","F","F","F","","","","",0,4,0,0,6,0,0,0,0,25,"NY1","NY1","CHN",1,"F","F",3,0,0,13,1,"T","F",1,1,"T","T","jackt101","grohh101","T","T",7,4,24,0,0,0,0,0,0,"hartg103","","",0,0,0,0,0,0,0,0,0,0,0,0,0,"adams101","T","F","F","F",0,0,0,0,0,0,0,0,0,0,F,F,"1924NY1.EVN.regular.event.csv",2942
"NY1192408041","CHN",3,1,1,0,0,"",0,3,"jackt101","?","jackt101","?","keenv101","?","keenv101","?","hartg103","cotth101","grang102","fribb101","adams101","grigd101","statj101","vogeo101","kellg101","","","K","F","F",6,6,3,"T","T",0,"F","F",1,"F","F",0,"F","F",0,"","F","F","",0,0,"N",0,"N",0,"N",0,1,0,0,"2","","","","F","F","F","F","F","F","F","F","F","keenv101","","","F","F","F","F","F","","","","",0,2,0,0,0,0,0,0,0,26,"NY1","NY1","CHN",1,"F","F",3,0,0,14,2,"T","F",1,1,"T","T","grohh101","snydf101","T","T",3,5,25,0,0,0,0,0,0,"hartg103","","",0,0,0,0,0,0,0,0,0,0,0,0,0,"","F","F","F","F",0,0,0,0,0,0,0,0,0,0,F,F,"1924NY1.EVN.regular.event.csv",2943
"NY1192408041","CHN",3,1,2,0,0,"",0,3,"grohh101","?","grohh101","?","keenv101","?","keenv101","?","hartg103","cotth101","grang102","fribb101","adams101","grigd101","statj101","vogeo101","kellg101","","","4/FL","F","F",5,7,2,"T","T",0,"F","F",1,"F","F",0,"F","F",4,"F","F","T","",0,0,"N",0,"N",0,"N",0,1,0,0,"4","","","","F","F","F","F","F","F","F","F","F","keenv101","","","F","F","F","F","F","","","","",0,4,0,0,0,0,0,0,0,27,"NY1","NY1","CHN",1,"F","T",3,0,0,15,3,"T","F",1,1,"T","T","snydf101","bentj101","T","T",3,5,25,0,0,0,0,0,0,"hartg103","","",0,0,0,0,0,0,0,0,0,0,0,0,0,"grang102","F","F","F","F",0,0,0,0,0,0,0,0,0,0,F,F,"1924NY1.EVN.regular.event.csv",2944
"NY1192408041","CHN",4,0,0,0,0,"",0,3,"adams101","?","adams101","?","bentj101","?","bentj101","?","snydf101","kellg101","frisf101","grohh101","jackt101","meusi101","wilsh102","oconj102","","","","8/F","T","F",6,2,2,"T","T",0,"F","F",1,"F","F",0,"F","F",8,"F","F","F","",0,0,"N",0,"N",0,"N",0,0,0,0,"8","","","","F","F","F","F","F","F","F","F","F","","","","F","F","F","F","F","","","","",0,8,0,0,0,0,0,0,0,28,"NY1","CHN","NY1",0,"T","F",0,3,0,10,0,"T","F",0,0,"T","T","grang102","hartg103","T","T",0,0,0,0,0,0,0,0,0,"","","",0,0,0,0,0,0,0,0,0,0,0,0,0,"wilsh102","F","F","F","F",0,0,0,0,0,0,0,0,0,0,F,F,"1924NY1.EVN.regular.event.csv",2945
"NY1192408041","CHN",4,0,1,0,0,"",0,3,"grang102","?","grang102","?","bentj101","?","bentj101","?","snydf101","kellg101","frisf101","grohh101","jackt101","meusi101","wilsh102","oconj102","","","","43","F","F",4,3,2,"T","T",0,"F","F",1,"F","F",0,"F","F",4,"G","F","F","",0,0,"N",0,"N",0,"N",0,0,0,0,"43","","","","F","F","F","F","F","F","F","F","F","","","","F","F","F","F","F","","","","",0,3,0,0,4,0,0,0,0,29,"NY1","CHN","NY1",0,"F","F",0,3,0,11,1,"T","F",0,0,"T","T","hartg103","fribb101","T","T",0,0,0,0,0,0,0,0,0,"","","",0,0,0,0,0,0,0,0,0,0,0,0,0,"frisf101","F","F","F","F",0,0,0,0,0,0,0,0,0,0,F,F,"1924NY1.EVN.regular.event.csv",2946
"NY1192408041","CHN",4,0,2,0,0,"",0,3,"hartg103","?","hartg103","?","bentj101","?","bentj101","?","snydf101","kellg101","frisf101","grohh101","jackt101","meusi101","wilsh102","oconj102","","","","S","F","F",2,4,20,"T","T",1,"F","F",0,"F","F",0,"F","F",0,"","F","F","",0,0,"N",0,"N",0,"N",1,0,0,0,"","","","","F","F","F","F","F","F","F","F","F","","","","F","F","F","F","F","","","","",0,0,0,0,0,0,0,0,0,30,"NY1","CHN","NY1",0,"F","F",0,3,0,12,2,"T","F",0,1,"T","T","fribb101","grigd101","T","T",0,0,0,0,0,0,0,0,0,"","","",0,0,0,0,0,0,0,0,0,0,0,0,0,"","F","F","F","F",0,0,0,0,0,0,0,0,0,0,F,F,"1924NY1.EVN.regular.event.csv",2947
"NY1192408041","CHN",4,0,2,0,0,"",0,3,"fribb101","?","fribb101","?","bentj101","?","bentj101","?","snydf101","kellg101","frisf101","grohh101","jackt101","meusi101","wilsh102","oconj102","hartg103","","","64(1)/FO","F","F",5,5,2,"T","T",0,"F","F",1,"F","F",0,"F","F",6,"G","F","F","",0,0,"N",0,"N",0,"N",1,0,0,0,"","64","","","F","F","F","F","F","F","F","F","F","bentj101","","","F","F","F","F","F","","","","",0,4,0,0,6,0,0,0,0,31,"NY1","CHN","NY1",0,"F","T",0,3,0,13,3,"T","F",1,1,"T","T","grigd101","vogeo101","T","T",2,4,30,0,0,0,0,0,0,"snydf101","","",0,0,0,0,0,0,0,0,0,0,0,0,0,"jackt101","T","F","F","F",0,0,0,0,0,0,0,0,0,0,F,F,"1924NY1.EVN.regular.event.csv",2948
"NY1192408041","CHN",4,1,0,0,0,"",0,3,"snydf101","?","snydf101","?","keenv101","?","keenv101","?","hartg103","cotth101","grang102","fribb101","adams101","grigd101","statj101","vogeo101","","","","63","T","F",2,8,2,"T","T",0,"F","F",1,"F","F",0,"F","F",6,"G","F","F","",0,0,"N",0,"N",0,"N",0,0,0,0,"63","","","","F","F","F","F","F","F","F","F","F","","","","F","F","F","F","F","","","","",0,3,0,0,6,0,0,0,0,32,"NY1","NY1","CHN",1,"T","F",3,0,0,16,0,"T","F",0,0,"T","T","bentj101","oconj102","T","T",0,0,0,0,0,0,0,0,0,"","","",0,0,0,0,0,0,0,0,0,0,0,0,0,"adams101","F","F","F","F",0,0,0,0,0,0,0,0,0,0,F,F,"1924NY1.EVN.regular.event.csv",2949
"NY1192408041","CHN",4,1,1,0,0,"",0,3,"bentj101","?","bentj101","?","keenv101","?","keenv101","?","hartg103","cotth101","grang102","fribb101","adams101","grigd101","statj101","vogeo101","","","","43","F","F",1,9,2,"T","T",0,"F","F",1,"F","F",0,"F","F",4,"G","F","F","",0,0,"N",0,"N",0,"N",0,0,0,0,"43","","","","F","F","F","F","F","F","F","F","F","","","","F","F","F","F","F","","","","",0,3,0,0,4,0,0,0,0,33,"NY1","NY1","CHN",1,"F","F",3,0,0,17,1,"T","F",0,0,"T","T","oconj102","frisf101","T","T",0,0,0,0,0,0,0,0,0,"","","",0,0,0,0,0,0,0,0,0,0,0,0,0,"grang102","F","F","F","F",0,0,0,0,0,0,0,0,0,0,F,F,"1924NY1.EVN.regular.event.csv",2950
"NY1192408041","CHN",4,1,2,0,0,"",0,3,"oconj102","?","oconj102","?","keenv101","?","keenv101","?","hartg103","cotth101","grang102","fribb101","adams101","grigd101","statj101","vogeo101","","","","W","F","F",9,1,14,"T","F",0,"F","F",0,"F","F",0,"F","F",0,"","F","F","",0,0,"N",0,"N",0,"N",1,0,0,0,"","","","","F","F","F","F","F","F","F","F","F","","","","F","F","F","F","F","","","","",0,0,0,0,0,0,0,0,0,34,"NY1","NY1","CHN",1,"F","F",3,0,0,18,2,"T","F",0,1,"T","T","frisf101","wilsh102","T","T",0,0,0,0,0,0,0,0,0,"","","",0,0,0,0,0,0,0,0,0,0,0,0,0,"","F","F","F","F",0,0,0,0,0,0,0,0,0,0,F,F,"1924NY1.EVN.regular.event.csv",2951
"NY1192408041","CHN",4,1,2,0,0,"",0,3,"frisf101","?","frisf101","?","keenv101","?","keenv101","?","hartg103","cotth101","grang102","fribb101","adams101","grigd101","statj101","vogeo101","oconj102","","","5/L","F","F",4,2,2,"T","T",0,"F","F",1,"F","F",0,"F","F",5,"L","F","F","",0,0,"N",0,"N",0,"N",0,1,0,0,"5","","","","F","F","F","F","F","F","F","F","F","keenv101","","","F","F","F","F","F","","","","",0,5,0,0,0,0,0,0,0,35,"NY1","NY1","CHN",1,"F","T",3,0,0,19,3,"T","F",1,1,"T","T","wilsh102","meusi101","T","T",9,1,34,0,0,0,0,0,0,"hartg103","","",0,0,0,0,0,0,0,0,0,0,0,0,0,"fribb101","F","F","F","F",0,0,0,0,0,0,0,0,0,0,F,F,"1924NY1.EVN.regular.event.csv",2952
"NY1192408041","CHN",5,0,0,0,0,"",0,3,"grigd101","?","grigd101","?","bentj101","?","bentj101","?","snydf101","kellg101","frisf101","grohh101","jackt101","meusi101","wilsh102","oconj102","","","","K","T","F",7,6,3,"T","T",0,"F","F",1,"F","F",0,"F","F",0,"","F","F","",0,0,"N",0,"N",0,"N",0,0,0,0,"2","","","","F","F","F","F","F","F","F","F","F","","","","F","F","F","F","F","","","","",0,2,0,0,0,0,0,0,0,36,"NY1","CHN","NY1",0,"T","F",0,3,0,14,0,"T","F",0,0,"T","T","vogeo101","cotth101","T","T",0,0,0,0,0,0,0,0,0,"","","",0,0,0,0,0,0,0,0,0,0,0,0,0,"","F","F","F","F",0,0,0,0,0,0,0,0,0,0,F,F,"1924NY1.EVN.regular.event.csv",2953
"NY1192408041","CHN",5,0,1,0,0,"",0,3,"vogeo101","?","vogeo101","?","bentj101","?","bentj101","?","snydf101","kellg101","frisf101","grohh101","jackt101","meusi101","wilsh102","oconj102","","","","S","F","F",9,7,20,"T","T",1,"F","F",0,"F","F",0,"F","F",0,"","F","F","",0,0,"N",0,"N",0,"N",1,0,0,0,"","","","","F","F","F","F","F","F","F","F","F","","","","F","F","F","F","F","","","","",0,0,0,0,0,0,0,0,0,37,"NY1","CHN","NY1",0,"F","F",0,3,0,15,1,"T","F",0,1,"T","T","cotth101","keenv101","T","T",0,0,0,0,0,0,0,0,0,"","","",0,0,0,0,0,0,0,0,0,0,0,0,0,"","F","F","F","F",0,0,0,0,0,0,0,0,0,0,F,F,"1924NY1.EVN.regular.event.csv",2954
"NY1192408041","CHN",5,0,1,0,0,"",0,3,"cotth101","?","cotth101","?","bentj101","?","bentj101","?","snydf101","kellg101","frisf101","grohh101","jackt101","meusi101","wilsh102","oconj102","vogeo101","","","7/F","F","F",3,8,2,"T","T",0,"F","F",1,"F","F",0,"F","F",7,"F","F","F","",0,0,"N",0,"N",0,"N",0,1,0,0,"7","","","","F","F","F","F","F","F","F","F","F","bentj101","","","F","F","F","F","F","","","","",0,7,0,0,0,0,0,0,0,38,"NY1","CHN","NY1",0,"F","F",0,3,0,16,2,"T","F",1,1,"T","T","keenv101","statj101","T","T",9,7,37,0,0,0,0,0,0,"snydf101","","",0,0,0,0,0,0,0,0,0,0,0,0,0,"meusi101","F","F","F","F",0,0,0,0,0,0,0,0,0,0,F,F,"1924NY1.EVN.regular.event.csv",2955
"NY1192408041","CHN",5,0,2,0,0,"",0,3,"keenv101","?","keenv101","?","bentj101","?","bentj101","?","snydf101","kellg101","frisf101","grohh101","jackt101","meusi101","wilsh102","oconj102","vogeo101","","","K","F","F",1,9,3,"T","T",0,"F","F",1,"F","F",0,"F","F",0,"","F","F","",0,0,"N",0,"N",0,"N",0,1,0,0,"2","","","","F","F","F","F","F","F","F","F","F","bentj101","","","F","F","F","F","F","","","","",0,2,0,0,0,0,0,0,0,39,"NY1","CHN","NY1",0,"F","T",0,3,0,17,3,"T","F",1,1,"T","T","statj101","adams101","T","T",9,7,37,0,0,0,0,0,0,"snydf101","","",0,0,0,0,0,0,0,0,0,0,0,0,0,"","F","F","F","F",0,0,0,0,0,0,0,0,0,0,F,F,"1924NY1.EVN.regular.event.csv",2956
"NY1192408041","CHN",5,1,0,0,0,"",0,3,"wilsh102","?","wilsh102","?","keenv101","?","keenv101","?","hartg103","cotth101","grang102","fribb101","adams101","grigd101","statj101","vogeo101","","","","S","T","F",8,3,20,"T","T",1,"F","F",0,"F","F",0,"F","F",0,"","F","F","",0,0,"N",0,"N",0,"N",1,0,0,0,"","","","","F","F","F","F","F","F","F","F","F","","","","F","F","F","F","F","","","","",0,0,0,0,0,0,0,0,0,40,"NY1","NY1","CHN",1,"T","F",3,0,0,20,0,"T","F",0,1,"T","T","meusi101","kellg101","T","T",0,0,0,0,0,0,0,0,0,"","","",0,0,0,0,0,0,0,0,0,0,0,0,0,"","F","F","F","F",0,0,0,0,0,0,0,0,0,0,F,F,"1924NY1.EVN.regular.event.csv",2957
"NY1192408041","CHN",5,1,0,0,0,"",0,3,"meusi101","?","meusi101","?","keenv101","?","keenv101","?","hartg103","cotth101","grang102","fribb101","adams101","grigd101","statj101","vogeo101","wilsh102","","","K","F","F",7,4,3,"T","T",0,"F","F",1,"F","F",0,"F","F",0,"","F","F","",0,0,"N",0,"N",0,"N",0,1,0,0,"2","","","","F","F","F","F","F","F","F","F","F","keenv101","","","F","F","F","F","F","","","","",0,2,0,0,0,0,0,0,0,41,"NY1","NY1","CHN",1,"F","F",3,0,0,21,1,"T","F",1,1,"T","T","kellg101","jackt101","T","T",8,3,40,0,0,0,0,0,0,"hartg103","","",0,0,0,0,0,0,0,0,0,0,0,0,0,"","F","F","F","F",0,0,0,0,0,0,0,0,0,0,F,F,"1924NY1.EVN.regular.event.csv",2958
"NY1192408041","CHN",5,1,1,0,0,"",0,3,"kellg101","?","kellg101","?","keenv101","?","keenv101","?","hartg103","cotth101","grang102","fribb101","adams101","grigd101","statj101","vogeo101","wilsh102","","","2/FL","F","F",3,5,2,"T","T",0,"F","F",1,"F","F",0,"F","F",2,"F","F","T","",0,0,"N",0,"N",0,"N",0,1,0,0,"2","","","","F","F","F","F","F","F","F","F","F","keenv101","","","F","F","F","F","F","","","","",0,2,0,0,0,0,0,0,0,42,"NY1","NY1","CHN",1,"F","F",3,0,0,22,2,"T","F",1,1,"T","T","jackt101","grohh101","T","T",8,3,40,0,0,0,0,0,0,"hartg103","","",0,0,0,0,0,0,0,0,0,0,0,0,0,"hartg103","F","F","F","F",0,0,0,0,0,0,0,0,0,0,F,F,"1924NY1.EVN.regular.event.csv",2959
"NY1192408041","CHN",5,1,2,0,0,"",0,3,"jackt101","?","jackt101","?","keenv101","?","keenv101","?","hartg103","cotth101","grang102","fribb101","adams101","grigd101","statj101","vogeo101","wilsh102","","","S7.1X3(75)","F","F",6,6,20,"T","T",1,"F","F",1,"F","F",0,"F","F",7,"","F","F","",0,0,"N",0,"N",0,"N",1,0,0,0,"","75","","","F","F","F","F","F","F","F","F","F","keenv101","","","F","F","F","F","F","","","","",0,5,0,0,7,0,0,0,0,43,"NY1","NY1","CHN",1,"F","T",3,0,0,23,3,"T","F",1,1,"T","T","grohh101","snydf101","T","T",8,3,40,0,0,0,0,0,0,"hartg103","","",0,0,0,0,0,0,0,0,0,0,0,0,0,"grigd101","F","F","F","F",0,0,0,0,0,0,0,0,0,0,F,F,"1924NY1.EVN.regular.event.csv",2960
"NY1192408041","CHN",6,0,0,0,0,"",0,3,"statj101","?","statj101","?","bentj101","?","bentj101","?","snydf101","kellg101","frisf101","grohh101","jackt101","meusi101","wilsh102","oconj102","","","","63","T","F",8,1,2,"T","T",0,"F","F",1,"F","F",0,"F","F",6,"G","F","F","",0,0,"N",0,"N",0,"N",0,0,0,0,"63","","","","F","F","F","F","F","F","F","F","F","","","","F","F","F","F","F","","","","",0,3,0,0,6,0,0,0,0,44,"NY1","CHN","NY1",0,"T","F",0,3,0,18,0,"T","F",0,0,"T","T","adams101","grang102","T","T",0,0,0,0,0,0,0,0,0,"","","",0,0,0,0,0,0,0,0,0,0,0,0,0,"jackt101","F","F","F","F",0,0,0,0,0,0,0,0,0,0,F,F,"1924NY1.EVN.regular.event.csv",2961
"NY1192408041","CHN",6,0,1,0,0,"",0,3,"adams101","?","adams101","?","bentj101","?","bentj101","?","snydf101","kellg101","frisf101","grohh101","jackt101","meusi101","wilsh102","oconj102","","","","W","F","F",6,2,14,"T","F",0,"F","F",0,"F","F",0,"F","F",0,"","F","F","",0,0,"N",0,"N",0,"N",1,0,0,0,"","","","","F","F","F","F","F","F","F","F","F","","","","F","F","F","F","F","","","","",0,0,0,0,0,0,0,0,0,45,"NY1","CHN","NY1",0,"F","F",0,3,0,19,1,"T","F",0,1,"T","T","grang102","hartg103","T","T",0,0,0,0,0,0,0,0,0,"","","",0,0,0,0,0,0,0,0,0,0,0,0,0,"","F","F","F","F",0,0,0,0,0,0,0,0,0,0,F,F,"1924NY1.EVN.regular.event.csv",2962
"NY1192408041","CHN",6,0,1,0,0,"",0,3,"grang102","?","grang102","?","bentj101","?","bentj101","?","snydf101","kellg101","frisf101","grohh101","jackt101","meusi101","wilsh102","oconj102","adams101","","","64(1)/FO","F","F",4,3,2,"T","T",0,"F","F",1,"F","F",0,"F","F",6,"G","F","F","",0,0,"N",0,"N",0,"N",1,0,0,0,"","64","","","F","F","F","F","F","F","F","F","F","bentj101","","","F","F","F","F","F","","","","",0,4,0,0,6,0,0,0,0,46,"NY1","CHN","NY1",0,"F","F",0,3,0,20,2,"T","F",1,1,"T","T","hartg103","fribb101","T","T",6,2,45,0,0,0,0,0,0,"snydf101","","",0,0,0,0,0,0,0,0,0,0,0,0,0,"jackt101","T","F","F","F",0,0,0,0,0,0,0,0,0,0,F,F,"1924NY1.EVN.regular.event.csv",2963
"NY1192408041","CHN",6,0,2,0,0,"",0,3,"hartg103","?","hartg103","?","bentj101","?","bentj101","?","snydf101","kellg101","frisf101","grohh101","jackt101","meusi101","wilsh102","oconj102","grang102","","","54(1)/FO","F","F",2,4,2,"T","T",0,"F","F",1,"F","F",0,"F","F",5,"G","F","F","",0,0,"N",0,"N",0,"N",1,0,0,0,"","54","","","F","F","F","F","F","F","F","F","F","bentj101","","","F","F","F","F","F","","","","",0,4,0,0,5,0,0,0,0,47,"NY1","CHN","NY1",0,"F","T",0,3,0,21,3,"T","F",1,1,"T","T","fribb101","grigd101","T","T",4,3,46,0,0,0,0,0,0,"snydf101","","",0,0,0,0,0,0,0,0,0,0,0,0,0,"grohh101","T","F","F","F",0,0,0,0,0,0,0,0,0,0,F,F,"1924NY1.EVN.regular.event.csv",2964
"NY1192408041","CHN",6,1,0,0,0,"",0,3,"grohh101","?","grohh101","?","keenv101","?","keenv101","?","hartg103","cotth101","grang102","fribb101","adams101","grigd101","statj101","vogeo101","","","","S/BG","T","F",5,7,20,"T","T",1,"F","F",0,"F","F",0,"F","F",0,"G","T","F","",0,0,"N",0,"N",0,"N",1,0,0,0,"","","","","F","F","F","F","F","F","F","F","F","","","","F","F","F","F","F","","","","",0,0,0,0,0,0,0,0,0,48,"NY1","NY1","CHN",1,"T","F",3,0,0,24,0,"T","F",0,1,"T","T","snydf101","bentj101","T","T",0,0,0,0,0,0,0,0,0,"","","",0,0,0,0,0,0,0,0,0,0,0,0,0,"","F","F","F","F",0,0,0,0,2,0,0,0,0,0,F,F,"1924NY1.EVN.regular.event.csv",2965
"NY1192408041","CHN",6,1,0,0,0,"",0,3,"snydf101","?","snydf101","?","keenv101","?","keenv101","?","hartg103","cotth101","grang102","fribb101","adams101","grigd101","statj101","vogeo101","grohh101","","","54(1)/FO#","F","F",2,8,2,"T","T",0,"F","F",1,"F","F",0,"F","F",5,"G","F","F","",0,0,"N",0,"N",0,"N",1,0,0,0,"","54","","","F","F","F","F","F","F","F","F","F","keenv101","","","F","F","F","F","F","","","","",0,4,0,0,5,0,0,0,0,49,"NY1","NY1","CHN",1,"F","F",3,0,0,25,1,"T","F",1,1,"T","T","bentj101","oconj102","T","T",5,7,48,0,0,0,0,0,0,"hartg103","","",0,0,0,0,0,0,0,0,0,0,0,0,0,"fribb101","T","F","F","F",4,0,0,0,2,0,0,0,0,0,F,T,"1924NY1.EVN.regular.event.csv",2966
"NY1192408041","CHN",6,1,1,0,0,"",0,3,"bentj101","?","bentj101","?","keenv101","?","keenv101","?","hartg103","cotth101","grang102","fribb101","adams101","grigd101","statj101","vogeo101","snydf101","","","S7.1-2","F","F",1,9,20,"T","T",1,"F","F",0,"F","F",0,"F","F",7,"","F","F","",0,0,"N",0,"N",0,"N",1,2,0,0,"","","","","F","F","F","F","F","F","F","F","F","keenv101","","","F","F","F","F","F","","","","",0,0,0,0,0,0,0,0,0,50,"NY1","NY1","CHN",1,"F","F",3,0,0,26,2,"T","F",1,3,"T","T","oconj102","frisf101","T","T",2,8,49,0,0,0,0,0,0,"hartg103","","",0,0,0,0,0,0,0,0,0,0,0,0,0,"grigd101","F","F","F","F",4,4,0,0,2,0,0,0,0,0,F,F,"1924NY1.EVN.regular.event.csv",2967
"NY1192408041","CHN",6,1,1,0,0,"",0,3,"oconj102","?","oconj102","?","keenv101","?","keenv101","?","hartg103","cotth101","grang102","fribb101","adams101","grigd101","statj101","vogeo101","bentj101","snydf101","","S9/G3L.2-H;1-3","F","F",9,1,20,"T","T",1,"F","F",0,"F","F",1,"F","F",9,"G","F","F","3L",0,0,"N",0,"N",0,"N",1,3,4,0,"","","","","F","F","F","F","F","F","F","F","F","keenv101","keenv101","","F","F","F","F","F","","","","",0,0,0,0,0,0,0,0,0,51,"NY1","NY1","CHN",1,"F","F",3,0,0,27,3,"T","F",3,5,"T","T","frisf101","wilsh102","T","T",1,9,50,2,8,49,0,0,0,"hartg103","hartg103","",0,0,0,0,0,0,0,0,0,0,0,0,1,"vogeo101","F","F","F","F",0,4,4,0,1,0,0,0,0,0,F,F,"1924NY1.EVN.regular.event.csv",2968
"NY1192408041","CHN",6,1,1,0,0,"",0,4,"frisf101","?","frisf101","?","keenv101","?","keenv101","?","hartg103","cotth101","grang102","fribb101","adams101","grigd101","statj101","vogeo101","oconj102","","bentj101","9/SF.3-H","F","F",4,2,2,"T","F",0,"F","T",1,"F","F",1,"F","F",9,"F","F","F","",0,0,"N",0,"N",0,"N",0,1,0,4,"9","","","","F","F","F","F","F","F","F","F","F","keenv101","","keenv101","F","F","F","F","F","","","","",0,9,0,0,0,0,0,0,0,52,"NY1","NY1","CHN",1,"F","F",4,0,1,28,4,"T","F",5,1,"T","T","wilsh102","meusi101","T","T",9,1,51,0,0,0,1,9,50,"hartg103","","hartg103",0,0,0,0,0,0,0,0,0,0,0,0,1,"vogeo101","F","F","F","F",0,0,0,4,0,0,0,0,0,0,F,F,"1924NY1.EVN.regular.event.csv",2969
"NY1192408041","CHN",6,1,2,0,0,"",0,5,"wilsh102","?","wilsh102","?","keenv101","?","keenv101","?","hartg103","cotth101","grang102","fribb101","adams101","grigd101","statj101","vogeo101","oconj102","","","S7.1X3(75)","F","F",8,3,20,"T","T",1,"F","F",1,"F","F",0,"F","F",7,"","F","F","",0,0,"N",0,"N",0,"N",1,0,0,0,"","75","","","F","F","F","F","F","F","F","F","F","keenv101","","","F","F","F","F","F","","","","",0,5,0,0,7,0,0,0,0,53,"NY1","NY1","CHN",1,"F","T",5,0,2,29,5,"T","F",1,1,"T","T","meusi101","kellg101","T","T",9,1,51,0,0,0,0,0,0,"hartg103","","",0,0,0,0,0,0,0,0,0,0,0,0,0,"grigd101","F","F","F","F",0,0,0,0,0,0,0,0,0,0,F,F,"1924NY1.EVN.regular.event.csv",2970
"NY1192408041","CHN",7,0,0,0,0,"",0,5,"fribb101","?","fribb101","?","bentj101","?","bentj101","?","snydf101","kellg101","frisf101","grohh101","jackt101","meusi101","wilsh102","oconj102","","","","43","T","F",5,5,2,"T","T",0,"F","F",1,"F","F",0,"F","F",4,"G","F","F","",0,0,"N",0,"N",0,"N",0,0,0,0,"43","","","","F","F","F","F","F","F","F","F","F","","","","F","F","F","F","F","","","","",0,3,0,0,4,0,0,0,0,54,"NY1","CHN","NY1",0,"T","F",0,5,0,22,0,"T","F",0,0,"T","T","grigd101","vogeo101","T","T",0,0,0,0,0,0,0,0,0,"","","",0,0,0,0,0,0,0,0,0,0,0,0,0,"frisf101","F","F","F","F",0,0,0,0,0,0,0,0,0,0,F,F,"1924NY1.EVN.regular.event.csv",2971
"NY1192408041","CHN",7,0,1,0,0,"",0,5,"grigd101","?","grigd101","?","bentj101","?","bentj101","?","snydf101","kellg101","frisf101","grohh101","jackt101","meusi101","wilsh102","oconj102","","","","43","F","F",7,6,2,"T","T",0,"F","F",1,"F","F",0,"F","F",4,"G","F","F","",0,0,"N",0,"N",0,"N",0,0,0,0,"43","","","","F","F","F","F","F","F","F","F","F","","","","F","F","F","F","F","","","","",0,3,0,0,4,0,0,0,0,55,"NY1","CHN","NY1",0,"F","F",0,5,0,23,1,"T","F",0,0,"T","T","vogeo101","cotth101","T","T",0,0,0,0,0,0,0,0,0,"","","",0,0,0,0,0,0,0,0,0,0,0,0,0,"frisf101","F","F","F","F",0,0,0,0,0,0,0,0,0,0,F,F,"1924NY1.EVN.regular.event.csv",2972
"NY1192408041","CHN",7,0,2,0,0,"",0,5,"vogeo101","?","vogeo101","?","bentj101","?","bentj101","?","snydf101","kellg101","frisf101","grohh101","jackt101","meusi101","wilsh102","oconj102","","","","4/P","F","F",9,7,2,"T","T",0,"F","F",1,"F","F",0,"F","F",4,"P","F","F","",0,0,"N",0,"N",0,"N",0,0,0,0,"4","","","","F","F","F","F","F","F","F","F","F","","","","F","F","F","F","F","","","","",0,4,0,0,0,0,0,0,0,56,"NY1","CHN","NY1",0,"F","T",0,5,0,24,2,"T","F",0,0,"T","T","cotth101","keenv101","T","T",0,0,0,0,0,0,0,0,0,"","","",0,0,0,0,0,0,0,0,0,0,0,0,0,"frisf101","F","F","F","F",0,0,0,0,0,0,0,0,0,0,F,F,"1924NY1.EVN.regular.event.csv",2973
"NY1192408041","CHN",7,1,0,0,0,"",0,5,"meusi101","?","meusi101","?","keenv101","?","keenv101","?","hartg103","cotth101","grang102","fribb101","adams101","grigd101","statj101","vogeo101","","","","43","T","F",7,4,2,"T","T",0,"F","F",1,"F","F",0,"F","F",4,"G","F","F","",0,0,"N",0,"N",0,"N",0,0,0,0,"43","","","","F","F","F","F","F","F","F","F","F","","","","F","F","F","F","F","","","","",0,3,0,0,4,0,0,0,0,57,"NY1","NY1","CHN",1,"T","F",5,0,0,30,0,"T","F",0,0,"T","T","kellg101","jackt101","T","T",0,0,0,0,0,0,0,0,0,"","","",0,0,0,0,0,0,0,0,0,0,0,0,0,"grang102","F","F","F","F",0,0,0,0,0,0,0,0,0,0,F,F,"1924NY1.EVN.regular.event.csv",2974
"NY1192408041","CHN",7,1,1,0,0,"",0,5,"kellg101","?","kellg101","?","keenv101","?","keenv101","?","hartg103","cotth101","grang102","fribb101","adams101","grigd101","statj101","vogeo101","","","","7/L","F","F",3,5,2,"T","T",0,"F","F",1,"F","F",0,"F","F",7,"L","F","F","",0,0,"N",0,"N",0,"N",0,0,0,0,"7","","","","F","F","F","F","F","F","F","F","F","","","","F","F","F","F","F","","","","",0,7,0,0,0,0,0,0,0,58,"NY1","NY1","CHN",1,"F","F",5,0,0,31,1,"T","F",0,0,"T","T","jackt101","grohh101","T","T",0,0,0,0,0,0,0,0,0,"","","",0,0,0,0,0,0,0,0,0,0,0,0,0,"grigd101","F","F","F","F",0,0,0,0,0,0,0,0,0,0,F,F,"1924NY1.EVN.regular.event.csv",2975
"NY1192408041","CHN",7,1,2,0,0,"",0,5,"jackt101","?","jackt101","?","keenv101","?","keenv101","?","hartg103","cotth101","grang102","fribb101","adams101","grigd101","statj101","vogeo101","","","","7/F","F","F",6,6,2,"T","T",0,"F","F",1,"F","F",0,"F","F",7,"F","F","F","",0,0,"N",0,"N",0,"N",0,0,0,0,"7","","","","F","F","F","F","F","F","F","F","F","","","","F","F","F","F","F","","","","",0,7,0,0,0,0,0,0,0,59,"NY1","NY1","CHN",1,"F","T",5,0,0,32,2,"T","F",0,0,"T","T","grohh101","snydf101","T","T",0,0,0,0,0,0,0,0,0,"","","",0,0,0,0,0,0,0,0,0,0,0,0,0,"grigd101","F","F","F","F",0,0,0,0,0,0,0,0,0,0,F,F,"1924NY1.EVN.regular.event.csv",2976
"NY1192408041","CHN",8,0,0,0,0,"",0,5,"cotth101","?","cotth101","?","bentj101","?","bentj101","?","snydf101","kellg101","frisf101","grohh101","jackt101","meusi101","wilsh102","oconj102","","","","HR/F9D","T","F",3,8,23,"T","T",4,"F","F",0,"F","F",1,"F","F",0,"F","F","F","9D",0,0,"N",0,"N",0,"N",4,0,0,0,"","","","","F","F","F","F","F","F","F","F","F","","","","F","F","F","F","F","","","","",0,0,0,0,0,0,0,0,0,60,"NY1","CHN","NY1",0,"T","F",0,5,0,25,0,"T","F",0,0,"T","T","keenv101","statj101","T","T",0,0,0,0,0,0,0,0,0,"","","",0,0,0,0,0,0,0,0,0,0,0,0,1,"","F","F","F","F",4,0,0,0,0,0,0,0,0,0,F,F,"1924NY1.EVN.regular.event.csv",2977
"NY1192408041","CHN",8,0,0,0,0,"",1,5,"barrb104","?","barrb104","?","bentj101","?","bentj101","?","snydf101","kellg101","frisf101","grohh101","jackt101","meusi101","wilsh102","oconj102","","","","K","F","T",11,9,3,"T","T",0,"F","F",1,"F","F",0,"F","F",0,"","F","F","",0,0,"N",0,"N",0,"N",0,0,0,0,"2","","","","F","F","F","F","F","F","F","F","F","","","","F","F","F","F","F","","","","keenv101",1,2,0,0,0,0,0,0,0,61,"NY1","CHN","NY1",0,"F","F",1,5,1,26,1,"T","F",0,0,"F","F","statj101","adams101","T","T",0,0,0,0,0,0,0,0,0,"","","",0,0,0,0,0,0,0,0,0,0,0,0,0,"","F","F","F","F",0,0,0,0,0,0,0,0,0,0,F,F,"1924NY1.EVN.regular.event.csv",2978
"NY1192408041","CHN",8,0,1,0,0,"",1,5,"statj101","?","statj101","?","bentj101","?","bentj101","?","snydf101","kellg101","frisf101","grohh101","jackt101","meusi101","wilsh102","oconj102","","","","S","F","F",8,1,20,"T","T",1,"F","F",0,"F","F",0,"F","F",0,"","F","F","",0,0,"N",0,"N",0,"N",1,0,0,0,"","","","","F","F","F","F","F","F","F","F","F","","","","F","F","F","F","F","","","","",0,0,0,0,0,0,0,0,0,62,"NY1","CHN","NY1",0,"F","F",1,5,1,27,2,"T","F",0,1,"T","T","adams101","grang102","T","T",0,0,0,0,0,0,0,0,0,"","","",0,0,0,0,0,0,0,0,0,0,0,0,0,"","F","F","F","F",1,0,0,0,0,0,0,0,0,0,F,F,"1924NY1.EVN.regular.event.csv",2979
"NY1192408041","CHN",8,0,1,0,0,"",1,5,"adams101","?","adams101","?","bentj101","?","bentj101","?","snydf101","kellg101","frisf101","grohh101","jackt101","meusi101","wilsh102","oconj102","statj101","","","7/F","F","F",6,2,2,"T","T",0,"F","F",1,"F","F",0,"F","F",7,"F","F","F","",0,0,"N",0,"N",0,"N",0,1,0,0,"7","","","","F","F","F","F","F","F","F","F","F","bentj101","","","F","F","F","F","F","","","","",0,7,0,0,0,0,0,0,0,63,"NY1","CHN","NY1",0,"F","F",1,5,1,28,3,"T","F",1,1,"T","T","grang102","hartg103","T","T",8,1,62,0,0,0,0,0,0,"snydf101","","",0,0,0,0,0,0,0,0,0,0,0,0,0,"meusi101","F","F","F","F",0,1,0,0,0,0,0,0,0,0,F,F,"1924NY1.EVN.regular.event.csv",2980
"NY1192408041","CHN",8,0,2,0,0,"",1,5,"grang102","?","grang102","?","bentj101","?","bentj101","?","snydf101","kellg101","frisf101","grohh101","jackt101","meusi101","wilsh102","oconj102","statj101","","","5/P","F","F",4,3,2,"T","T",0,"F","F",1,"F","F",0,"F","F",5,"P","F","F","",0,0,"N",0,"N",0,"N",0,1,0,0,"5","","","","F","F","F","F","F","F","F","F","F","bentj101","","","F","F","F","F","F","","","","",0,5,0,0,0,0,0,0,0,64,"NY1","CHN","NY1",0,"F","T",1,5,1,29,4,"T","F",1,1,"T","T","hartg103","fribb101","T","T",8,1,62,0,0,0,0,0,0,"snydf101","","",0,0,0,0,0,0,0,0,0,0,0,0,0,"grohh101","F","F","F","F",0,1,0,0,0,0,0,0,0,0,F,F,"1924NY1.EVN.regular.event.csv",2981
"NY1192408041","CHN",8,1,0,0,0,"",1,5,"grohh101","?","grohh101","?","wheer101","?","wheer101","?","hartg103","cotth101","grang102","fribb101","adams101","grigd101","statj101","vogeo101","","","","8/F","T","F",5,7,2,"T","T",0,"F","F",1,"F","F",0,"F","F",8,"F","F","F","",0,0,"N",0,"N",0,"N",0,0,0,0,"8","","","","F","F","F","F","F","F","F","F","F","","","","F","F","F","F","F","","","","",0,8,0,0,0,0,0,0,0,65,"NY1","NY1","CHN",1,"T","F",5,1,0,33,0,"T","F",0,0,"T","T","snydf101","bentj101","F","F",0,0,0,0,0,0,0,0,0,"","","",0,0,0,0,0,0,0,0,0,0,0,0,0,"statj101","F","F","F","F",0,0,0,0,0,0,0,0,0,0,F,F,"1924NY1.EVN.regular.event.csv",2982
"NY1192408041","CHN",8,1,1,0,0,"",1,5,"snydf101","?","snydf101","?","wheer101","?","wheer101","?","hartg103","cotth101","grang102","fribb101","adams101","grigd101","statj101","vogeo101","","","","7/L","F","F",2,8,2,"T","T",0,"F","F",1,"F","F",0,"F","F",7,"L","F","F","",0,0,"N",0,"N",0,"N",0,0,0,0,"7","","","","F","F","F","F","F","F","F","F","F","","","","F","F","F","F","F","","","","",0,7,0,0,0,0,0,0,0,66,"NY1","NY1","CHN",1,"F","F",5,1,0,34,1,"T","F",0,0,"T","T","bentj101","oconj102","F","F",0,0,0,0,0,0,0,0,0,"","","",0,0,0,0,0,0,0,0,0,0,0,0,0,"grigd101","F","F","F","F",0,0,0,0,0,0,0,0,0,0,F,F,"1924NY1.EVN.regular.event.csv",2983
"NY1192408041","CHN",8,1,2,0,0,"",1,5,"bentj101","?","bentj101","?","wheer101","?","wheer101","?","hartg103","cotth101","grang102","fribb101","adams101","grigd101","statj101","vogeo101","","","","S","F","F",1,9,20,"T","T",1,"F","F",0,"F","F",0,"F","F",0,"","F","F","",0,0,"N",0,"N",0,"N",1,0,0,0,"","","","","F","F","F","F","F","F","F","F","F","","","","F","F","F","F","F","","","","",0,0,0,0,0,0,0,0,0,67,"NY1","NY1","CHN",1,"F","F",5,1,0,35,2,"T","F",0,1,"T","T","oconj102","frisf101","F","F",0,0,0,0,0,0,0,0,0,"","","",0,0,0,0,0,0,0,0,0,0,0,0,0,"","F","F","F","F",0,0,0,0,0,0,0,0,0,0,F,F,"1924NY1.EVN.regular.event.csv",2984
"NY1192408041","CHN",8,1,2,0,0,"",1,5,"oconj102","?","oconj102","?","wheer101","?","wheer101","?","hartg103","cotth101","grang102","fribb101","adams101","grigd101","statj101","vogeo101","bentj101","","","9/F","F","F",9,1,2,"T","T",0,"F","F",1,"F","F",0,"F","F",9,"F","F","F","",0,0,"N",0,"N",0,"N",0,1,0,0,"9","","","","F","F","F","F","F","F","F","F","F","wheer101","","","F","F","F","F","F","","","","",0,9,0,0,0,0,0,0,0,68,"NY1","NY1","CHN",1,"F","T",5,1,0,36,3,"T","F",1,1,"T","T","frisf101","wilsh102","F","F",1,9,67,0,0,0,0,0,0,"hartg103","","",0,0,0,0,0,0,0,0,0,0,0,0,0,"vogeo101","F","F","F","F",0,0,0,0,0,0,0,0,0,0,F,F,"1924NY1.EVN.regular.event.csv",2985
"NY1192408041","CHN",9,0,0,0,0,"",1,5,"hartg103","?","hartg103","?","bentj101","?","bentj101","?","snydf101","kellg101","frisf101","grohh101","jackt101","meusi101","wilsh102","oconj102","","","","5/L","T","F",2,4,2,"T","T",0,"F","F",1,"F","F",0,"F","F",5,"L","F","F","",0,0,"N",0,"N",0,"N",0,0,0,0,"5","","","","F","F","F","F","F","F","F","F","F","","","","F","F","F","F","F","","","","",0,5,0,0,0,0,0,0,0,69,"NY1","CHN","NY1",0,"T","F",1,5,0,30,0,"T","F",0,0,"T","T","fribb101","grigd101","T","T",0,0,0,0,0,0,0,0,0,"","","",0,0,0,0,0,0,0,0,0,0,0,0,0,"grohh101","F","F","F","F",0,0,0,0,0,0,0,0,0,0,F,F,"1924NY1.EVN.regular.event.csv",2986
"NY1192408041","CHN",9,0,1,0,0,"",1,5,"fribb101","?","fribb101","?","bentj101","?","bentj101","?","snydf101","kellg101","frisf101","grohh101","jackt101","meusi101","wilsh102","oconj102","","","","9/L","F","F",5,5,2,"T","T",0,"F","F",1,"F","F",0,"F","F",9,"L","F","F","",0,0,"N",0,"N",0,"N",0,0,0,0,"9","","","","F","F","F","F","F","F","F","F","F","","","","F","F","F","F","F","","","","",0,9,0,0,0,0,0,0,0,70,"NY1","CHN","NY1",0,"F","F",1,5,0,31,1,"T","F",0,0,"T","T","grigd101","vogeo101","T","T",0,0,0,0,0,0,0,0,0,"","","",0,0,0,0,0,0,0,0,0,0,0,0,0,"oconj102","F","F","F","F",0,0,0,0,0,0,0,0,0,0,F,F,"1924NY1.EVN.regular.event.csv",2987
"NY1192408041","CHN",9,0,2,0,0,"",1,5,"grigd101","?","grigd101","?","bentj101","?","bentj101","?","snydf101","kellg101","frisf101","grohh101","jackt101","meusi101","wilsh102","oconj102","","","","S","F","F",7,6,20,"T","T",1,"F","F",0,"F","F",0,"F","F",0,"","F","F","",0,0,"N",0,"N",0,"N",1,0,0,0,"","","","","F","F","F","F","F","F","F","F","F","","","","F","F","F","F","F","","","","",0,0,0,0,0,0,0,0,0,71,"NY1","CHN","NY1",0,"F","F",1,5,0,32,2,"T","F",0,1,"T","T","vogeo101","cotth101","T","T",0,0,0,0,0,0,0,0,0,"","","",0,0,0,0,0,0,0,0,0,0,0,0,0,"","F","F","F","F",1,0,0,0,0,0,0,0,0,0,F,F,"1924NY1.EVN.regular.event.csv",2988
"NY1192408041","CHN",9,0,2,0,0,"",1,5,"vogeo101","?","vogeo101","?","bentj101","?","bentj101","?","snydf101","kellg101","frisf101","grohh101","jackt101","meusi101","wilsh102","oconj102","grigd101","","","7/L","F","F",9,7,2,"T","T",0,"F","F",1,"F","F",0,"F","F",7,"L","F","F","",0,0,"N",0,"N",0,"N",0,1,0,0,"7","","","","F","F","F","F","F","F","F","F","F","bentj101","","","F","T","F","F","F","","","","",0,7,0,0,0,0,0,0,0,72,"NY1","CHN","NY1",0,"F","T",1,5,0,33,3,"T","F",1,1,"T","T","cotth101","wheer101","T","T",7,6,71,0,0,0,0,0,0,"snydf101","","",0,0,0,0,0,0,0,0,0,0,0,0,0,"meusi101","F","F","F","F",0,1,0,0,0,0,0,0,0,0,F,F,"1924NY1.EVN.regular.event.csv",2989
"NY1192408042","CHN",1,0,0,0,0,"",0,0,"statj101","?","statj101","?","jonnc101","?","jonnc101","?","gowdh101","kellg101","frisf101","grohh101","jackt101","meusi101","wilsh102","oconj102","","","","4/P","T","F",8,1,2,"T","T",0,"F","F",1,"F","F",0,"F","F",4,"P","F","F","",0,0,"N",0,"N",0,"N",0,0,0,0,"4","","","","F","F","F","F","F","F","F","F","F","","","","T","F","F","F","F","","","","",0,4,0,0,0,0,0,0,0,1,"NY1","CHN","NY1",0,"T","F",0,0,0,0,0,"T","F",0,0,"T","T","adams101","grang102","T","T",0,0,0,0,0,0,0,0,0,"","","",0,0,0,0,0,0,0,0,0,0,0,0,0,"frisf101","F","F","F","F",0,0,0,0,0,0,0,0,0,0,F,F,"1924NY1.EVN.regular.event.csv",2990
"NY1192408042","CHN",1,0,1,0,0,"",0,0,"adams101","?","adams101","?","jonnc101","?","jonnc101","?","gowdh101","kellg101","frisf101","grohh101","jackt101","meusi101","wilsh102","oconj102","","","","K","F","F",6,2,3,"T","T",0,"F","F",1,"F","F",0,"F","F",0,"","F","F","",0,0,"N",0,"N",0,"N",0,0,0,0,"2","","","","F","F","F","F","F","F","F","F","F","","","","F","F","F","F","F","","","","",0,2,0,0,0,0,0,0,0,2,"NY1","CHN","NY1",0,"F","F",0,0,0,1,1,"T","F",0,0,"T","T","grang102","hartg103","T","T",0,0,0,0,0,0,0,0,0,"","","",0,0,0,0,0,0,0,0,0,0,0,0,0,"","F","F","F","F",0,0,0,0,0,0,0,0,0,0,F,F,"1924NY1.EVN.regular.event.csv",2991
"NY1192408042","CHN",1,0,2,0,0,"",0,0,"grang102","?","grang102","?","jonnc101","?","jonnc101","?","gowdh101","kellg101","frisf101","grohh101","jackt101","meusi101","wilsh102","oconj102","","","","53","F","F",4,3,2,"T","T",0,"F","F",1,"F","F",0,"F","F",5,"G","F","F","",0,0,"N",0,"N",0,"N",0,0,0,0,"53","","","","F","F","F","F","F","F","F","F","F","","","","F","F","F","F","F","","","","",0,3,0,0,5,0,0,0,0,3,"NY1","CHN","NY1",0,"F","T",0,0,0,2,2,"T","F",0,0,"T","T","hartg103","fribb101","T","T",0,0,0,0,0,0,0,0,0,"","","",0,0,0,0,0,0,0,0,0,0,0,0,0,"grohh101","F","F","F","F",0,0,0,0,0,0,0,0,0,0,F,F,"1924NY1.EVN.regular.event.csv",2992
"NY1192408042","CHN",1,1,0,0,0,"",0,0,"oconj102","?","oconj102","?","blaks101","?","blaks101","?","hartg103","cotth101","grang102","fribb101","adams101","grigd101","statj101","heatc101","","","","W","T","F",9,1,14,"T","F",0,"F","F",0,"F","F",0,"F","F",0,"","F","F","",0,0,"N",0,"N",0,"N",1,0,0,0,"","","","","F","F","F","F","F","F","F","F","F","","","","F","F","F","F","F","","","","",0,0,0,0,0,0,0,0,0,4,"NY1","NY1","CHN",1,"T","F",0,0,0,0,0,"T","F",0,1,"T","T","frisf101","wilsh102","T","T",0,0,0,0,0,0,0,0,0,"","","",0,0,0,0,0,0,0,0,0,0,0,0,0,"","F","F","F","F",0,0,0,0,0,0,0,0,0,0,F,F,"1924NY1.EVN.regular.event.csv",2993
"NY1192408042","CHN",1,1,0,0,0,"",0,0,"frisf101","?","frisf101","?","blaks101","?","blaks101","?","hartg103","cotth101","grang102","fribb101","adams101","grigd101","statj101","heatc101","oconj102","","","36(1)/FO","F","F",4,2,2,"T","T",0,"F","F",1,"F","F",0,"F","F",3,"G","F","F","",0,0,"N",0,"N",0,"N",1,0,0,0,"","36","","","F","F","F","F","F","F","F","F","F","blaks101","","","F","F","F","F","F","","","","",0,6,0,0,3,0,0,0,0,5,"NY1","NY1","CHN",1,"F","F",0,0,0,1,1,"T","F",1,1,"T","T","wilsh102","meusi101","T","T",9,1,4,0,0,0,0,0,0,"hartg103","","",0,0,0,0,0,0,0,0,0,0,0,0,0,"cotth101","T","F","F","F",0,0,0,0,0,0,0,0,0,0,F,F,"1924NY1.EVN.regular.event.csv",2994
"NY1192408042","CHN",1,1,1,0,0,"",0,0,"wilsh102","?","wilsh102","?","blaks101","?","blaks101","?","hartg103","cotth101","grang102","fribb101","adams101","grigd101","statj101","heatc101","frisf101","","","63.1-2","F","F",8,3,2,"T","T",0,"F","F",1,"F","F",0,"F","F",6,"G","F","F","",0,0,"N",0,"N",0,"N",0,2,0,0,"63","","","","F","F","F","F","F","F","F","F","F","blaks101","","","F","F","F","F","F","","","","",0,3,0,0,6,0,0,0,0,6,"NY1","NY1","CHN",1,"F","F",0,0,0,2,2,"T","F",1,2,"T","T","meusi101","kellg101","T","T",4,2,5,0,0,0,0,0,0,"hartg103","","",0,0,0,0,0,0,0,0,0,0,0,0,0,"adams101","F","F","F","F",0,0,0,0,0,0,0,0,0,0,F,F,"1924NY1.EVN.regular.event.csv",2995
"NY1192408042","CHN",1,1,2,0,0,"",0,0,"meusi101","?","meusi101","?","blaks101","?","blaks101","?","hartg103","cotth101","grang102","fribb101","adams101","grigd101","statj101","heatc101","","frisf101","","63","F","F",7,4,2,"T","T",0,"F","F",1,"F","F",0,"F","F",6,"G","F","F","",0,0,"N",0,"N",0,"N",0,0,2,0,"63","","","","F","F","F","F","F","F","F","F","F","","blaks101","","F","F","F","F","F","","","","",0,3,0,0,6,0,0,0,0,7,"NY1","NY1","CHN",1,"F","T",0,0,0,3,3,"T","F",2,2,"T","T","kellg101","jackt101","T","T",0,0,0,4,2,5,0,0,0,"","hartg103","",0,0,0,0,0,0,0,0,0,0,0,0,0,"adams101","F","F","F","F",0,0,0,0,0,0,0,0,0,0,F,F,"1924NY1.EVN.regular.event.csv",2996
"NY1192408042","CHN",2,0,0,0,0,"",0,0,"hartg103","?","hartg103","?","jonnc101","?","jonnc101","?","gowdh101","kellg101","frisf101","grohh101","jackt101","meusi101","wilsh102","oconj102","","","","63","T","F",2,4,2,"T","T",0,"F","F",1,"F","F",0,"F","F",6,"G","F","F","",0,0,"N",0,"N",0,"N",0,0,0,0,"63","","","","F","F","F","F","F","F","F","F","F","","","","F","F","F","F","F","","","","",0,3,0,0,6,0,0,0,0,8,"NY1","CHN","NY1",0,"T","F",0,0,0,3,0,"T","F",0,0,"T","T","fribb101","grigd101","T","T",0,0,0,0,0,0,0,0,0,"","","",0,0,0,0,0,0,0,0,0,0,0,0,0,"jackt101","F","F","F","F",0,0,0,0,0,0,0,0,0,0,F,F,"1924NY1.EVN.regular.event.csv",2997
"NY1192408042","CHN",2,0,1,0,0,"",0,0,"fribb101","?","fribb101","?","jonnc101","?","jonnc101","?","gowdh101","kellg101","frisf101","grohh101","jackt101","meusi101","wilsh102","oconj102","","","","9/F","F","F",5,5,2,"T","T",0,"F","F",1,"F","F",0,"F","F",9,"F","F","F","",0,0,"N",0,"N",0,"N",0,0,0,0,"9","","","","F","F","F","F","F","F","F","F","F","","","","F","F","F","F","F","","","","",0,9,0,0,0,0,0,0,0,9,"NY1","CHN","NY1",0,"F","F",0,0,0,4,1,"T","F",0,0,"T","T","grigd101","heatc101","T","T",0,0,0,0,0,0,0,0,0,"","","",0,0,0,0,0,0,0,0,0,0,0,0,0,"oconj102","F","F","F","F",0,0,0,0,0,0,0,0,0,0,F,F,"1924NY1.EVN.regular.event.csv",2998
"NY1192408042","CHN",2,0,2,0,0,"",0,0,"grigd101","?","grigd101","?","jonnc101","?","jonnc101","?","gowdh101","kellg101","frisf101","grohh101","jackt101","meusi101","wilsh102","oconj102","","","","3/G","F","F",7,6,2,"T","T",0,"F","F",1,"F","F",0,"F","F",3,"G","F","F","",0,0,"N",0,"N",0,"N",0,0,0,0,"3","","","","F","F","F","F","F","F","F","F","F","","","","F","F","F","F","F","","","","",0,3,0,0,0,0,0,0,0,10,"NY1","CHN","NY1",0,"F","T",0,0,0,5,2,"T","F",0,0,"T","T","heatc101","cotth101","T","T",0,0,0,0,0,0,0,0,0,"","","",0,0,0,0,0,0,0,0,0,0,0,0,0,"kellg101","F","F","F","F",0,0,0,0,0,0,0,0,0,0,F,F,"1924NY1.EVN.regular.event.csv",2999
"NY1192408042","CHN",2,1,0,0,0,"",0,0,"kellg101","?","kellg101","?","blaks101","?","blaks101","?","hartg103","cotth101","grang102","fribb101","adams101","grigd101","statj101","heatc101","","","","S6/G56","T","F",3,5,20,"T","T",1,"F","F",0,"F","F",0,"F","F",6,"G","F","F","56",0,0,"N",0,"N",0,"N",1,0,0,0,"","","","","F","F","F","F","F","F","F","F","F","","","","F","F","F","F","F","","","","",0,0,0,0,0,0,0,0,0,11,"NY1","NY1","CHN",1,"T","F",0,0,0,4,0,"T","F",0,1,"T","T","jackt101","grohh101","T","T",0,0,0,0,0,0,0,0,0,"","","",0,0,0,0,0,0,0,0,0,0,0,0,0,"adams101","F","F","F","F",4,0,0,0,2,0,0,0,0,0,F,F,"1924NY1.EVN.regular.event.csv",3000
"NY1192408042","CHN",2,1,0,0,0,"",0,0,"jackt101","?","jackt101","?","blaks101","?","blaks101","?","hartg103","cotth101","grang102","fribb101","adams101","grigd101","statj101","heatc101","kellg101","","","K+SB2","F","F",6,6,3,"T","T",0,"F","F",1,"F","F",0,"F","F",0,"","F","F","",0,0,"N",0,"N",0,"N",0,2,0,0,"2","","","","T","F","F","F","F","F","F","F","F","blaks101","","","F","F","F","F","F","","","","",0,2,0,0,0,0,0,0,0,12,"NY1","NY1","CHN",1,"F","F",0,0,0,5,1,"T","F",1,2,"T","T","grohh101","gowdh101","T","T",3,5,11,0,0,0,0,0,0,"hartg103","","",0,0,0,0,0,0,0,0,0,0,0,0,0,"","F","F","F","F",0,4,0,0,2,0,0,0,0,0,F,F,"1924NY1.EVN.regular.event.csv",3001
"NY1192408042","CHN",2,1,1,0,0,"",0,0,"grohh101","?","grohh101","?","blaks101","?","blaks101","?","hartg103","cotth101","grang102","fribb101","adams101","grigd101","statj101","heatc101","","kellg101","","S6/G6S.2-3","F","F",5,7,20,"T","T",1,"F","F",0,"F","F",0,"F","F",6,"G","F","F","6S",0,0,"N",0,"N",0,"N",1,0,3,0,"","","","","F","F","F","F","F","F","F","F","F","","blaks101","","F","F","F","F","F","","","","",0,0,0,0,0,0,0,0,0,13,"NY1","NY1","CHN",1,"F","F",0,0,0,6,2,"T","F",2,5,"T","T","gowdh101","jonnc101","T","T",0,0,0,3,5,11,0,0,0,"","hartg103","",0,0,0,0,0,0,0,0,0,0,0,0,0,"adams101","F","F","F","F",4,0,4,0,2,0,0,0,0,0,F,F,"1924NY1.EVN.regular.event.csv",3002
"NY1192408042","CHN",2,1,1,0,0,"",0,0,"gowdh101","?","gowdh101","?","blaks101","?","blaks101","?","hartg103","cotth101","grang102","fribb101","adams101","grigd101","statj101","heatc101","grohh101","","kellg101","31.3-H;1-2#","F","F",2,8,2,"T","T",0,"F","F",1,"F","F",1,"F","F",3,"G","F","F","",0,0,"N",0,"N",0,"N",0,2,0,4,"31","","","","F","F","F","F","F","F","F","F","F","blaks101","","blaks101","F","F","F","F","F","","","","",0,1,0,0,3,0,0,0,0,14,"NY1","NY1","CHN",1,"F","F",0,0,0,7,3,"T","F",5,2,"T","T","jonnc101","oconj102","T","T",5,7,13,0,0,0,3,5,11,"hartg103","","hartg103",0,0,0,0,0,0,0,0,0,0,0,0,1,"cotth101","F","F","F","F",0,4,0,4,1,0,0,0,0,0,F,T,"1924NY1.EVN.regular.event.csv",3003
"NY1192408042","CHN",2,1,2,3,2,"",0,1,"jonnc101","?","jonnc101","?","blaks101","?","blaks101","?","hartg103","cotth101","grang102","fribb101","adams101","grigd101","statj101","heatc101","","grohh101","","S9/G3L.2-H","F","F",1,9,20,"T","T",1,"F","F",0,"F","F",1,"F","F",9,"G","F","F","3L",0,0,"N",0,"N",0,"N",1,0,4,0,"","","","","F","F","F","F","F","F","F","F","F","","blaks101","","F","F","F","F","F","","","","",0,0,0,0,0,0,0,0,0,15,"NY1","NY1","CHN",1,"F","F",1,0,1,8,4,"T","F",2,1,"T","T","oconj102","frisf101","T","T",0,0,0,5,7,13,0,0,0,"","hartg103","",0,0,0,0,0,0,0,0,0,0,0,0,1,"heatc101","F","F","F","F",0,0,4,0,0,0,0,0,0,0,F,F,"1924NY1.EVN.regular.event.csv",3004
"NY1192408042","CHN",2,1,2,0,0,"",0,2,"oconj102","?","oconj102","?","blaks101","?","blaks101","?","hartg103","cotth101","grang102","fribb101","adams101","grigd101","statj101","heatc101","jonnc101","","","43","F","F",9,1,2,"T","T",0,"F","F",1,"F","F",0,"F","F",4,"G","F","F","",0,0,"N",0,"N",0,"N",0,1,0,0,"43","","","","F","F","F","F","F","F","F","F","F","blaks101","","","F","F","F","F","F","","","","",0,3,0,0,4,0,0,0,0,16,"NY1","NY1","CHN",1,"F","T",2,0,2,9,5,"T","F",1,1,"T","T","frisf101","wilsh102","T","T",1,9,15,0,0,0,0,0,0,"hartg103","","",0,0,0,0,0,0,0,0,0,0,0,0,0,"grang102","F","F","F","F",0,0,0,0,0,0,0,0,0,0,F,F,"1924NY1.EVN.regular.event.csv",3005
"NY1192408042","CHN",3,0,0,0,0,"",0,2,"heatc101","?","heatc101","?","jonnc101","?","jonnc101","?","gowdh101","kellg101","frisf101","grohh101","jackt101","meusi101","wilsh102","oconj102","","","","W","T","F",9,7,14,"T","F",0,"F","F",0,"F","F",0,"F","F",0,"","F","F","",0,0,"N",0,"N",0,"N",1,0,0,0,"","","","","F","F","F","F","F","F","F","F","F","","","","F","F","F","F","F","","","","",0,0,0,0,0,0,0,0,0,17,"NY1","CHN","NY1",0,"T","F",0,2,0,6,0,"T","F",0,1,"T","T","cotth101","blaks101","T","T",0,0,0,0,0,0,0,0,0,"","","",0,0,0,0,0,0,0,0,0,0,0,0,0,"","F","F","F","F",5,0,0,0,3,0,0,0,0,0,F,F,"1924NY1.EVN.regular.event.csv",3006
"NY1192408042","CHN",3,0,0,0,0,"",0,2,"cotth101","?","cotth101","?","jonnc101","?","jonnc101","?","gowdh101","kellg101","frisf101","grohh101","jackt101","meusi101","wilsh102","oconj102","heatc101","","","E6/P5D.1-2","F","F",3,8,18,"T","T",0,"F","F",0,"F","F",0,"F","F",6,"P","F","F","5D",1,6,"F",0,"N",0,"N",1,2,0,0,"","","","","F","F","F","F","F","F","F","F","F","jonnc101","","","F","F","F","F","F","","","","",0,0,0,0,0,0,0,0,0,18,"NY1","CHN","NY1",0,"F","F",0,2,0,7,1,"T","F",1,3,"T","T","blaks101","statj101","T","T",9,7,17,0,0,0,0,0,0,"gowdh101","","",0,0,0,0,0,0,0,0,0,0,0,0,0,"jackt101","F","F","F","T",5,5,0,0,3,0,0,0,0,0,F,F,"1924NY1.EVN.regular.event.csv",3007
"NY1192408042","CHN",3,0,0,0,0,"",0,2,"blaks101","?","blaks101","?","jonnc101","?","jonnc101","?","gowdh101","kellg101","frisf101","grohh101","jackt101","meusi101","wilsh102","oconj102","cotth101","heatc101","","153/SH.2-3;1-2","F","F",1,9,2,"T","F",0,"T","F",1,"F","F",0,"F","F",1,"G","T","F","",0,0,"N",0,"N",0,"N",0,2,3,0,"153","","","","F","F","F","F","F","F","F","F","F","jonnc101","jonnc101","","F","F","F","F","F","","","","",0,3,0,0,1,5,0,0,0,19,"NY1","CHN","NY1",0,"F","F",0,2,0,8,2,"T","F",3,6,"T","T","statj101","adams101","T","T",3,8,18,9,7,17,0,0,0,"gowdh101","gowdh101","",0,0,0,0,0,0,0,0,0,0,0,0,0,"jonnc101","F","F","F","F",0,5,5,0,3,0,0,0,0,0,F,F,"1924NY1.EVN.regular.event.csv",3008
"NY1192408042","CHN",3,0,1,0,0,"",0,2,"statj101","?","statj101","?","jonnc101","?","jonnc101","?","gowdh101","kellg101","frisf101","grohh101","jackt101","meusi101","wilsh102","oconj102","","cotth101","heatc101","43.3-H(UR);2-3","F","F",8,1,2,"T","T",0,"F","F",1,"F","F",1,"F","F",4,"G","F","F","",0,0,"N",0,"N",0,"N",0,0,3,5,"43","","","","F","F","F","F","F","F","F","F","F","","jonnc101","jonnc101","F","F","F","F","F","","","","",0,3,0,0,4,0,0,0,0,20,"NY1","CHN","NY1",0,"F","F",0,2,0,9,3,"T","F",6,4,"T","T","adams101","grang102","T","T",0,0,0,3,8,18,9,7,17,"","gowdh101","gowdh101",0,0,0,0,0,0,0,0,0,0,0,0,1,"frisf101","F","F","F","F",0,0,5,5,2,0,0,0,0,0,F,F,"1924NY1.EVN.regular.event.csv",3009
"NY1192408042","CHN",3,0,2,0,0,"",1,2,"adams101","?","adams101","?","jonnc101","?","jonnc101","?","gowdh101","kellg101","frisf101","grohh101","jackt101","meusi101","wilsh102","oconj102","","","cotth101","D7.3-H(UR)","F","F",6,2,21,"T","T",2,"F","F",0,"F","F",1,"F","F",7,"","F","F","",0,0,"N",0,"N",0,"N",2,0,0,5,"","","","","F","F","F","F","F","F","F","F","F","","","jonnc101","F","F","F","F","F","","","","",0,0,0,0,0,0,0,0,0,21,"NY1","CHN","NY1",0,"F","F",1,2,1,10,4,"T","F",4,2,"T","T","grang102","hartg103","T","T",0,0,0,0,0,0,3,8,18,"","","gowdh101",0,0,0,0,0,0,0,0,0,0,0,0,1,"meusi101","F","F","F","F",5,0,0,5,1,0,0,0,0,0,F,F,"1924NY1.EVN.regular.event.csv",3010
"NY1192408042","CHN",3,0,2,0,0,"",2,2,"grang102","?","grang102","?","jonnc101","?","jonnc101","?","gowdh101","kellg101","frisf101","grohh101","jackt101","meusi101","wilsh102","oconj102","","adams101","","S9.2-H(UR)","F","F",4,3,20,"T","T",1,"F","F",0,"F","F",1,"F","F",9,"","F","F","",0,0,"N",0,"N",0,"N",1,0,5,0,"","","","","F","F","F","F","F","F","F","F","F","","jonnc101","","F","F","F","F","F","","","","",0,0,0,0,0,0,0,0,0,22,"NY1","CHN","NY1",0,"F","F",2,2,2,11,5,"T","F",2,1,"T","T","hartg103","fribb101","T","T",0,0,0,6,2,21,0,0,0,"","gowdh101","",0,0,0,0,0,0,0,0,0,0,0,0,1,"oconj102","F","F","F","F",0,0,5,0,0,0,0,0,0,0,F,F,"1924NY1.EVN.regular.event.csv",3011
"NY1192408042","CHN",3,0,2,0,0,"",3,2,"hartg103","?","hartg103","?","jonnc101","?","jonnc101","?","gowdh101","kellg101","frisf101","grohh101","jackt101","meusi101","wilsh102","oconj102","grang102","","","S8.1-3;BX2(854)","F","F",2,4,20,"T","T",1,"F","F",1,"F","F",0,"F","F",8,"","F","F","",0,0,"N",0,"N",0,"N",0,3,0,0,"854","","","","F","F","F","F","F","F","F","F","F","jonnc101","","","F","F","F","F","F","","","","",0,4,0,0,8,5,0,0,0,23,"NY1","CHN","NY1",0,"F","T",3,2,3,12,6,"T","F",1,4,"T","T","fribb101","grigd101","T","T",4,3,22,0,0,0,0,0,0,"gowdh101","","",0,0,0,0,0,0,0,0,0,0,0,0,0,"wilsh102","F","F","F","F",0,0,0,0,0,0,0,0,0,0,F,F,"1924NY1.EVN.regular.event.csv",3012
"NY1192408042","CHN",3,1,0,0,0,"",3,2,"frisf101","?","frisf101","?","blaks101","?","blaks101","?","hartg103","cotth101","grang102","fribb101","adams101","grigd101","statj101","heatc101","","","","K/C","T","F",4,2,3,"T","T",0,"F","F",1,"F","F",0,"F","F",0,"","F","F","",0,0,"N",0,"N",0,"N",0,0,0,0,"2","","","","F","F","F","F","F","F","F","F","F","","","","F","F","F","F","F","","","","",0,2,0,0,0,0,0,0,0,24,"NY1","NY1","CHN",1,"T","F",2,3,0,10,0,"T","F",0,0,"T","T","wilsh102","meusi101","T","T",0,0,0,0,0,0,0,0,0,"","","",0,0,0,0,0,0,0,0,0,0,0,0,0,"","F","F","F","F",0,0,0,0,0,0,0,0,0,0,F,F,"1924NY1.EVN.regular.event.csv",3013
"NY1192408042","CHN",3,1,1,0,0,"",3,2,"wilsh102","?","wilsh102","?","blaks101","?","blaks101","?","hartg103","cotth101","grang102","fribb101","adams101","grigd101","statj101","heatc101","","","","63","F","F",8,3,2,"T","T",0,"F","F",1,"F","F",0,"F","F",6,"G","F","F","",0,0,"N",0,"N",0,"N",0,0,0,0,"63","","","","F","F","F","F","F","F","F","F","F","","","","F","F","F","F","F","","","","",0,3,0,0,6,0,0,0,0,25,"NY1","NY1","CHN",1,"F","F",2,3,0,11,1,"T","F",0,0,"T","T","meusi101","kellg101","T","T",0,0,0,0,0,0,0,0,0,"","","",0,0,0,0,0,0,0,0,0,0,0,0,0,"adams101","F","F","F","F",0,0,0,0,0,0,0,0,0,0,F,F,"1924NY1.EVN.regular.event.csv",3014
"NY1192408042","CHN",3,1,2,0,0,"",3,2,"meusi101","?","meusi101","?","blaks101","?","blaks101","?","hartg103","cotth101","grang102","fribb101","adams101","grigd101","statj101","heatc101","","","","S6/G56","F","F",7,4,20,"T","T",1,"F","F",0,"F","F",0,"F","F",6,"G","F","F","56",0,0,"N",0,"N",0,"N",1,0,0,0,"","","","","F","F","F","F","F","F","F","F","F","","","","F","F","F","F","F","","","","",0,0,0,0,0,0,0,0,0,26,"NY1","NY1","CHN",1,"F","F",2,3,0,12,2,"T","F",0,1,"T","T","kellg101","jackt101","T","T",0,0,0,0,0,0,0,0,0,"","","",0,0,0,0,0,0,0,0,0,0,0,0,0,"adams101","F","F","F","F",0,0,0,0,0,0,0,0,0,0,F,F,"1924NY1.EVN.regular.event.csv",3015
"NY1192408042","CHN",3,1,2,0,0,"",3,2,"kellg101","?","kellg101","?","blaks101","?","blaks101","?","hartg103","cotth101","grang102","fribb101","adams101","grigd101","statj101","heatc101","meusi101","","","CS2(24)","F","F",3,5,6,"F","F",0,"F","F",1,"F","F",0,"F","F",0,"","F","F","",0,0,"N",0,"N",0,"N",0,0,0,0,"","24","","","F","F","F","T","F","F","F","F","F","blaks101","","","F","F","F","F","F","","","","",0,4,0,0,2,0,0,0,0,27,"NY1","NY1","CHN",1,"F","T",2,3,0,13,3,"T","T",1,0,"T","T","jackt101","grohh101","T","T",7,4,26,0,0,0,0,0,0,"hartg103","","",0,0,0,0,0,0,0,0,0,0,0,0,0,"","F","F","F","F",0,0,0,0,0,0,0,0,0,0,F,F,"1924NY1.EVN.regular.event.csv",3016
"NY1192408042","CHN",4,0,0,0,0,"",3,2,"fribb101","?","fribb101","?","jonnc101","?","jonnc101","?","gowdh101","kellg101","frisf101","grohh101","jackt101","meusi101","wilsh102","oconj102","","","","K/C","T","F",5,5,3,"T","T",0,"F","F",1,"F","F",0,"F","F",0,"","F","F","",0,0,"N",0,"N",0,"N",0,0,0,0,"2","","","","F","F","F","F","F","F","F","F","F","","","","F","F","F","F","F","","","","",0,2,0,0,0,0,0,0,0,28,"NY1","CHN","NY1",0,"T","F",3,2,0,13,0,"T","F",0,0,"T","T","grigd101","heatc101","T","T",0,0,0,0,0,0,0,0,0,"","","",0,0,0,0,0,0,0,0,0,0,0,0,0,"","F","F","F","F",0,0,0,0,0,0,0,0,0,0,F,F,"1924NY1.EVN.regular.event.csv",3017
"NY1192408042","CHN",4,0,1,0,0,"",3,2,"grigd101","?","grigd101","?","jonnc101","?","jonnc101","?","gowdh101","kellg101","frisf101","grohh101","jackt101","meusi101","wilsh102","oconj102","","","","43","F","F",7,6,2,"T","T",0,"F","F",1,"F","F",0,"F","F",4,"G","F","F","",0,0,"N",0,"N",0,"N",0,0,0,0,"43","","","","F","F","F","F","F","F","F","F","F","","","","F","F","F","F","F","","","","",0,3,0,0,4,0,0,0,0,29,"NY1","CHN","NY1",0,"F","F",3,2,0,14,1,"T","F",0,0,"T","T","heatc101","cotth101","T","T",0,0,0,0,0,0,0,0,0,"","","",0,0,0,0,0,0,0,0,0,0,0,0,0,"frisf101","F","F","F","F",0,0,0,0,0,0,0,0,0,0,F,F,"1924NY1.EVN.regular.event.csv",3018
"NY1192408042","CHN",4,0,2,0,0,"",3,2,"heatc101","?","heatc101","?","jonnc101","?","jonnc101","?","gowdh101","kellg101","frisf101","grohh101","jackt101","meusi101","wilsh102","oconj102","","","","13","F","F",9,7,2,"T","T",0,"F","F",1,"F","F",0,"F","F",1,"G","F","F","",0,0,"N",0,"N",0,"N",0,0,0,0,"13","","","","F","F","F","F","F","F","F","F","F","","","","F","F","F","F","F","","","","",0,3,0,0,1,0,0,0,0,30,"NY1","CHN","NY1",0,"F","T",3,2,0,15,2,"T","F",0,0,"T","T","cotth101","blaks101","T","T",0,0,0,0,0,0,0,0,0,"","","",0,0,0,0,0,0,0,0,0,0,0,0,0,"jonnc101","F","F","F","F",0,0,0,0,0,0,0,0,0,0,F,F,"1924NY1.EVN.regular.event.csv",3019
"NY1192408042","CHN",4,1,0,0,0,"",3,2,"kellg101","?","kellg101","?","blaks101","?","blaks101","?","hartg103","cotth101","grang102","fribb101","adams101","grigd101","statj101","heatc101","","","","53","T","F",3,5,2,"T","T",0,"F","F",1,"F","F",0,"F","F",5,"G","F","F","",0,0,"N",0,"N",0,"N",0,0,0,0,"53","","","","F","F","F","F","F","F","F","F","F","","","","F","F","F","F","F","","","","",0,3,0,0,5,0,0,0,0,31,"NY1","NY1","CHN",1,"T","F",2,3,0,13,0,"T","F",0,0,"T","T","jackt101","grohh101","T","T",0,0,0,0,0,0,0,0,0,"","","",0,0,0,0,0,0,0,0,0,0,0,0,0,"fribb101","F","F","F","F",0,0,0,0,0,0,0,0,0,0,F,F,"1924NY1.EVN.regular.event.csv",3020
"NY1192408042","CHN",4,1,1,0,0,"",3,2,"jackt101","?","jackt101","?","blaks101","?","blaks101","?","hartg103","cotth101","grang102","fribb101","adams101","grigd101","statj101","heatc101","","","","53","F","F",6,6,2,"T","T",0,"F","F",1,"F","F",0,"F","F",5,"G","F","F","",0,0,"N",0,"N",0,"N",0,0,0,0,"53","","","","F","F","F","F","F","F","F","F","F","","","","F","F","F","F","F","","","","",0,3,0,0,5,0,0,0,0,32,"NY1","NY1","CHN",1,"F","F",2,3,0,14,1,"T","F",0,0,"T","T","grohh101","gowdh101","T","T",0,0,0,0,0,0,0,0,0,"","","",0,0,0,0,0,0,0,0,0,0,0,0,0,"fribb101","F","F","F","F",0,0,0,0,0,0,0,0,0,0,F,F,"1924NY1.EVN.regular.event.csv",3021
"NY1192408042","CHN",4,1,2,0,0,"",3,2,"grohh101","?","grohh101","?","blaks101","?","blaks101","?","hartg103","cotth101","grang102","fribb101","adams101","grigd101","statj101","heatc101","","","","3/L","F","F",5,7,2,"T","T",0,"F","F",1,"F","F",0,"F","F",3,"L","F","F","",0,0,"N",0,"N",0,"N",0,0,0,0,"3","","","","F","F","F","F","F","F","F","F","F","","","","F","F","F","F","F","","","","",0,3,0,0,0,0,0,0,0,33,"NY1","NY1","CHN",1,"F","T",2,3,0,15,2,"T","F",0,0,"T","T","gowdh101","jonnc101","T","T",0,0,0,0,0,0,0,0,0,"","","",0,0,0,0,0,0,0,0,0,0,0,0,0,"cotth101","F","F","F","F",0,0,0,0,0,0,0,0,0,0,F,F,"1924NY1.EVN.regular.event.csv",3022
"NY1192408042","CHN",5,0,0,0,0,"",3,2,"cotth101","?","cotth101","?","jonnc101","?","jonnc101","?","gowdh101","kellg101","frisf101","grohh101","jackt101","meusi101","wilsh102","oconj102","","","","7/F","T","F",3,8,2,"T","T",0,"F","F",1,"F","F",0,"F","F",7,"F","F","F","",0,0,"N",0,"N",0,"N",0,0,0,0,"7","","","","F","F","F","F","F","F","F","F","F","","","","F","F","F","F","F","","","","",0,7,0,0,0,0,0,0,0,34,"NY1","CHN","NY1",0,"T","F",3,2,0,16,0,"T","F",0,0,"T","T","blaks101","statj101","T","T",0,0,0,0,0,0,0,0,0,"","","",0,0,0,0,0,0,0,0,0,0,0,0,0,"meusi101","F","F","F","F",0,0,0,0,0,0,0,0,0,0,F,F,"1924NY1.EVN.regular.event.csv",3023
"NY1192408042","CHN",5,0,1,0,0,"",3,2,"blaks101","?","blaks101","?","jonnc101","?","jonnc101","?","gowdh101","kellg101","frisf101","grohh101","jackt101","meusi101","wilsh102","oconj102","","","","E6/G","F","F",1,9,18,"T","T",0,"F","F",0,"F","F",0,"F","F",6,"G","F","F","",1,6,"F",0,"N",0,"N",1,0,0,0,"","","","","F","F","F","F","F","F","F","F","F","","","","F","F","F","F","F","","","","",0,0,0,0,0,0,0,0,0,35,"NY1","CHN","NY1",0,"F","F",3,2,0,17,1,"T","F",0,1,"T","T","statj101","adams101","T","T",0,0,0,0,0,0,0,0,0,"","","",0,0,0,0,0,0,0,0,0,0,0,0,0,"jackt101","F","F","F","T",0,0,0,0,0,0,0,0,0,0,F,F,"1924NY1.EVN.regular.event.csv",3024
"NY1192408042","CHN",5,0,1,0,0,"",3,2,"statj101","?","statj101","?","jonnc101","?","jonnc101","?","gowdh101","kellg101","frisf101","grohh101","jackt101","meusi101","wilsh102","oconj102","blaks101","","","8/F","F","F",8,1,2,"T","T",0,"F","F",1,"F","F",0,"F","F",8,"F","F","F","",0,0,"N",0,"N",0,"N",0,1,0,0,"8","","","","F","F","F","F","F","F","F","F","F","jonnc101","","","F","F","F","F","F","","","","",0,8,0,0,0,0,0,0,0,36,"NY1","CHN","NY1",0,"F","F",3,2,0,18,2,"T","F",1,1,"T","T","adams101","grang102","T","T",1,9,35,0,0,0,0,0,0,"gowdh101","","",0,0,0,0,0,0,0,0,0,0,0,0,0,"wilsh102","F","F","F","F",0,0,0,0,0,0,0,0,0,0,F,F,"1924NY1.EVN.regular.event.csv",3025
"NY1192408042","CHN",5,0,2,0,0,"",3,2,"adams101","?","adams101","?","jonnc101","?","jonnc101","?","gowdh101","kellg101","frisf101","grohh101","jackt101","meusi101","wilsh102","oconj102","blaks101","","","7/F","F","F",6,2,2,"T","T",0,"F","F",1,"F","F",0,"F","F",7,"F","F","F","",0,0,"N",0,"N",0,"N",0,1,0,0,"7","","","","F","F","F","F","F","F","F","F","F","jonnc101","","","F","F","F","F","F","","","","",0,7,0,0,0,0,0,0,0,37,"NY1","CHN","NY1",0,"F","T",3,2,0,19,3,"T","F",1,1,"T","T","grang102","hartg103","T","T",1,9,35,0,0,0,0,0,0,"gowdh101","","",0,0,0,0,0,0,0,0,0,0,0,0,0,"meusi101","F","F","F","F",0,0,0,0,0,0,0,0,0,0,F,F,"1924NY1.EVN.regular.event.csv",3026
"NY1192408042","CHN",5,1,0,0,0,"",3,2,"gowdh101","?","gowdh101","?","blaks101","?","blaks101","?","hartg103","cotth101","grang102","fribb101","adams101","grigd101","statj101","heatc101","","","","S9","T","F",2,8,20,"T","T",1,"F","F",0,"F","F",0,"F","F",9,"","F","F","",0,0,"N",0,"N",0,"N",1,0,0,0,"","","","","F","F","F","F","F","F","F","F","F","","","","F","F","F","F","F","","","","",0,0,0,0,0,0,0,0,0,38,"NY1","NY1","CHN",1,"T","F",2,3,0,16,0,"T","F",0,1,"T","T","jonnc101","oconj102","T","T",0,0,0,0,0,0,0,0,0,"","","",0,0,0,0,0,0,0,0,0,0,0,0,0,"heatc101","F","F","F","F",0,0,0,0,0,0,0,0,0,0,F,F,"1924NY1.EVN.regular.event.csv",3027
"NY1192408042","CHN",5,1,0,0,0,"",3,2,"jonnc101","?","jonnc101","?","blaks101","?","blaks101","?","hartg103","cotth101","grang102","fribb101","adams101","grigd101","statj101","heatc101","gowdh101","","","K","F","F",1,9,3,"T","T",0,"F","F",1,"F","F",0,"F","F",0,"","F","F","",0,0,"N",0,"N",0,"N",0,1,0,0,"2","","","","F","F","F","F","F","F","F","F","F","blaks101","","","F","F","F","F","F","","","","",0,2,0,0,0,0,0,0,0,39,"NY1","NY1","CHN",1,"F","F",2,3,0,17,1,"T","F",1,1,"T","T","oconj102","frisf101","T","T",2,8,38,0,0,0,0,0,0,"hartg103","","",0,0,0,0,0,0,0,0,0,0,0,0,0,"","F","F","F","F",0,0,0,0,0,0,0,0,0,0,F,F,"1924NY1.EVN.regular.event.csv",3028
"NY1192408042","CHN",5,1,1,0,0,"",3,2,"oconj102","?","oconj102","?","blaks101","?","blaks101","?","hartg103","cotth101","grang102","fribb101","adams101","grigd101","statj101","heatc101","gowdh101","","","K","F","F",9,1,3,"T","T",0,"F","F",1,"F","F",0,"F","F",0,"","F","F","",0,0,"N",0,"N",0,"N",0,1,0,0,"2","","","","F","F","F","F","F","F","F","F","F","blaks101","","","F","F","F","F","F","","","","",0,2,0,0,0,0,0,0,0,40,"NY1","NY1","CHN",1,"F","F",2,3,0,18,2,"T","F",1,1,"T","T","frisf101","wilsh102","T","T",2,8,38,0,0,0,0,0,0,"hartg103","","",0,0,0,0,0,0,0,0,0,0,0,0,0,"","F","F","F","F",0,0,0,0,0,0,0,0,0,0,F,F,"1924NY1.EVN.regular.event.csv",3029
"NY1192408042","CHN",5,1,2,0,0,"",3,2,"frisf101","?","frisf101","?","blaks101","?","blaks101","?","hartg103","cotth101","grang102","fribb101","adams101","grigd101","statj101","heatc101","gowdh101","","","9/F","F","F",4,2,2,"T","T",0,"F","F",1,"F","F",0,"F","F",9,"F","F","F","",0,0,"N",0,"N",0,"N",0,1,0,0,"9","","","","F","F","F","F","F","F","F","F","F","blaks101","","","F","F","F","F","F","","","","",0,9,0,0,0,0,0,0,0,41,"NY1","NY1","CHN",1,"F","T",2,3,0,19,3,"T","F",1,1,"T","T","wilsh102","meusi101","T","T",2,8,38,0,0,0,0,0,0,"hartg103","","",0,0,0,0,0,0,0,0,0,0,0,0,0,"heatc101","F","F","F","F",0,0,0,0,0,0,0,0,0,0,F,F,"1924NY1.EVN.regular.event.csv",3030
"NY1192408042","CHN",6,0,0,0,0,"",3,2,"grang102","?","grang102","?","jonnc101","?","jonnc101","?","gowdh101","kellg101","frisf101","grohh101","jackt101","meusi101","wilsh102","oconj102","","","","S9","T","F",4,3,20,"T","T",1,"F","F",0,"F","F",0,"F","F",9,"","F","F","",0,0,"N",0,"N",0,"N",1,0,0,0,"","","","","F","F","F","F","F","F","F","F","F","","","","F","F","F","F","F","","","","",0,0,0,0,0,0,0,0,0,42,"NY1","CHN","NY1",0,"T","F",3,2,0,20,0,"T","F",0,1,"T","T","hartg103","fribb101","T","T",0,0,0,0,0,0,0,0,0,"","","",0,0,0,0,0,0,0,0,0,0,0,0,0,"oconj102","F","F","F","F",0,0,0,0,0,0,0,0,0,0,F,F,"1924NY1.EVN.regular.event.csv",3031
"NY1192408042","CHN",6,0,0,0,0,"",3,2,"hartg103","?","hartg103","?","jonnc101","?","jonnc101","?","gowdh101","kellg101","frisf101","grohh101","jackt101","meusi101","wilsh102","oconj102","grang102","","","9/F.1-2(E9/TH1)","F","F",2,4,2,"T","T",0,"F","F",1,"F","F",0,"F","F",9,"F","F","F","",1,9,"T",0,"N",0,"N",0,2,0,0,"9","","","","F","F","F","F","F","F","F","F","F","jonnc101","","","F","F","F","F","F","","","","",0,9,0,0,0,0,0,0,0,43,"NY1","CHN","NY1",0,"F","F",3,2,0,21,1,"T","F",1,2,"T","T","fribb101","grigd101","T","T",4,3,42,0,0,0,0,0,0,"gowdh101","","",0,0,0,0,0,0,0,0,0,0,0,0,0,"oconj102","F","F","F","F",0,0,0,0,0,0,0,0,0,0,F,F,"1924NY1.EVN.regular.event.csv",3032
"NY1192408042","CHN",6,0,1,0,0,"",3,2,"fribb101","?","fribb101","?","jonnc101","?","jonnc101","?","gowdh101","kellg101","frisf101","grohh101","jackt101","meusi101","wilsh102","oconj102","","grang102","","3/G.2-3","F","F",5,5,2,"T","T",0,"F","F",1,"F","F",0,"F","F",3,"G","F","F","",0,0,"N",0,"N",0,"N",0,0,3,0,"3","","","","F","F","F","F","F","F","F","F","F","","jonnc101","","F","F","F","F","F","","","","",0,3,0,0,0,0,0,0,0,44,"NY1","CHN","NY1",0,"F","F",3,2,0,22,2,"T","F",2,4,"T","T","grigd101","heatc101","T","T",0,0,0,4,3,42,0,0,0,"","gowdh101","",0,0,0,0,0,0,0,0,0,0,0,0,0,"kellg101","F","F","F","F",0,0,0,0,0,0,0,0,0,0,F,F,"1924NY1.EVN.regular.event.csv",3033
"NY1192408042","CHN",6,0,2,0,0,"",3,2,"grigd101","?","grigd101","?","jonnc101","?","jonnc101","?","gowdh101","kellg101","frisf101","grohh101","jackt101","meusi101","wilsh102","oconj102","","","grang102","8/F","F","F",7,6,2,"T","T",0,"F","F",1,"F","F",0,"F","F",8,"F","F","F","",0,0,"N",0,"N",0,"N",0,0,0,3,"8","","","","F","F","F","F","F","F","F","F","F","","","jonnc101","F","F","F","F","F","","","","",0,8,0,0,0,0,0,0,0,45,"NY1","CHN","NY1",0,"F","T",3,2,0,23,3,"T","F",4,4,"T","T","heatc101","cotth101","T","T",0,0,0,0,0,0,4,3,42,"","","gowdh101",0,0,0,0,0,0,0,0,0,0,0,0,0,"wilsh102","F","F","F","F",0,0,0,0,0,0,0,0,0,0,F,F,"1924NY1.EVN.regular.event.csv",3034
"NY1192408042","CHN",6,1,0,0,0,"",3,2,"wilsh102","?","wilsh102","?","blaks101","?","blaks101","?","hartg103","cotth101","grang102","fribb101","adams101","grigd101","statj101","heatc101","","","","4/P","T","F",8,3,2,"T","T",0,"F","F",1,"F","F",0,"F","F",4,"P","F","F","",0,0,"N",0,"N",0,"N",0,0,0,0,"4","","","","F","F","F","F","F","F","F","F","F","","","","F","F","F","F","F","","","","",0,4,0,0,0,0,0,0,0,46,"NY1","NY1","CHN",1,"T","F",2,3,0,20,0,"T","F",0,0,"T","T","meusi101","kellg101","T","T",0,0,0,0,0,0,0,0,0,"","","",0,0,0,0,0,0,0,0,0,0,0,0,0,"grang102","F","F","F","F",0,0,0,0,0,0,0,0,0,0,F,F,"1924NY1.EVN.regular.event.csv",3035
"NY1192408042","CHN",6,1,1,0,0,"",3,2,"meusi101","?","meusi101","?","blaks101","?","blaks101","?","hartg103","cotth101","grang102","fribb101","adams101","grigd101","statj101","heatc101","","","","6/L","F","F",7,4,2,"T","T",0,"F","F",1,"F","F",0,"F","F",6,"L","F","F","",0,0,"N",0,"N",0,"N",0,0,0,0,"6","","","","F","F","F","F","F","F","F","F","F","","","","F","F","F","F","F","","","","",0,6,0,0,0,0,0,0,0,47,"NY1","NY1","CHN",1,"F","F",2,3,0,21,1,"T","F",0,0,"T","T","kellg101","jackt101","T","T",0,0,0,0,0,0,0,0,0,"","","",0,0,0,0,0,0,0,0,0,0,0,0,0,"adams101","F","F","F","F",0,0,0,0,0,0,0,0,0,0,F,F,"1924NY1.EVN.regular.event.csv",3036
"NY1192408042","CHN",6,1,2,0,0,"",3,2,"kellg101","?","kellg101","?","blaks101","?","blaks101","?","hartg103","cotth101","grang102","fribb101","adams101","grigd101","statj101","heatc101","","","","53","F","F",3,5,2,"T","T",0,"F","F",1,"F","F",0,"F","F",5,"G","F","F","",0,0,"N",0,"N",0,"N",0,0,0,0,"53","","","","F","F","F","F","F","F","F","F","F","","","","F","F","F","F","F","","","","",0,3,0,0,5,0,0,0,0,48,"NY1","NY1","CHN",1,"F","T",2,3,0,22,2,"T","F",0,0,"T","T","jackt101","grohh101","T","T",0,0,0,0,0,0,0,0,0,"","","",0,0,0,0,0,0,0,0,0,0,0,0,0,"fribb101","F","F","F","F",0,0,0,0,0,0,0,0,0,0,F,F,"1924NY1.EVN.regular.event.csv",3037
"NY1192408042","CHN",7,0,0,0,0,"",3,2,"heatc101","?","heatc101","?","jonnc101","?","jonnc101","?","gowdh101","kellg101","frisf101","grohh101","jackt101","meusi101","wilsh102","oconj102","","","","W","T","F",9,7,14,"T","F",0,"F","F",0,"F","F",0,"F","F",0,"","F","F","",0,0,"N",0,"N",0,"N",1,0,0,0,"","","","","F","F","F","F","F","F","F","F","F","","","","F","F","F","F","F","","","","",0,0,0,0,0,0,0,0,0,49,"NY1","CHN","NY1",0,"T","F",3,2,0,24,0,"T","F",0,1,"T","T","cotth101","blaks101","T","T",0,0,0,0,0,0,0,0,0,"","","",0,0,0,0,0,0,0,0,0,0,0,0,0,"","F","F","F","F",0,0,0,0,2,0,0,0,0,0,F,F,"1924NY1.EVN.regular.event.csv",3038
"NY1192408042","CHN",7,0,0,0,0,"",3,2,"cotth101","?","cotth101","?","jonnc101","?","jonnc101","?","gowdh101","kellg101","frisf101","grohh101","jackt101","meusi101","wilsh102","oconj102","heatc101","","","2/FL","F","F",3,8,2,"T","T",0,"F","F",1,"F","F",0,"F","F",2,"F","F","T","",0,0,"N",0,"N",0,"N",0,1,0,0,"2","","","","F","F","F","F","F","F","F","F","F","jonnc101","","","F","F","F","F","F","","","","",0,2,0,0,0,0,0,0,0,50,"NY1","CHN","NY1",0,"F","F",3,2,0,25,1,"T","F",1,1,"T","T","blaks101","statj101","T","T",9,7,49,0,0,0,0,0,0,"gowdh101","","",0,0,0,0,0,0,0,0,0,0,0,0,0,"gowdh101","F","F","F","F",0,0,0,0,2,0,0,0,0,0,F,F,"1924NY1.EVN.regular.event.csv",3039
"NY1192408042","CHN",7,0,1,0,0,"",3,2,"blaks101","?","blaks101","?","jonnc101","?","jonnc101","?","gowdh101","kellg101","frisf101","grohh101","jackt101","meusi101","wilsh102","oconj102","heatc101","","","54(1)/FO.B-2(E4/TH1)","F","F",1,9,2,"T","T",0,"F","F",1,"F","F",0,"F","F",5,"G","F","F","",1,4,"T",0,"N",0,"N",2,0,0,0,"","54","","","F","F","F","F","F","F","F","F","F","jonnc101","","","F","F","F","F","F","","","","",0,4,0,0,5,0,0,0,0,51,"NY1","CHN","NY1",0,"F","F",3,2,0,26,2,"T","F",1,2,"T","T","statj101","adams101","T","T",9,7,49,0,0,0,0,0,0,"gowdh101","","",0,0,0,0,0,0,0,0,0,0,0,0,0,"grohh101","T","F","F","F",4,0,0,0,2,0,0,0,0,0,F,F,"1924NY1.EVN.regular.event.csv",3040
"NY1192408042","CHN",7,0,2,0,0,"",3,2,"statj101","?","statj101","?","jonnc101","?","jonnc101","?","gowdh101","kellg101","frisf101","grohh101","jackt101","meusi101","wilsh102","oconj102","","blaks101","","WP.2-3","F","F",8,1,9,"F","F",0,"F","F",0,"F","F",0,"T","F",0,"","F","F","",0,0,"N",0,"N",0,"N",0,0,3,0,"","","","","F","F","F","F","F","F","F","F","F","","jonnc101","","F","F","F","F","F","","","","",0,0,0,0,0,0,0,0,0,52,"NY1","CHN","NY1",0,"F","F",3,2,0,27,3,"T","F",2,4,"T","T","adams101","grang102","T","T",0,0,0,1,9,51,0,0,0,"","gowdh101","",0,0,0,0,0,0,0,0,0,0,0,0,0,"","F","F","F","F",0,0,4,0,2,0,0,0,0,0,F,F,"1924NY1.EVN.regular.event.csv",3041
"NY1192408042","CHN",7,0,2,0,0,"",3,2,"statj101","?","statj101","?","jonnc101","?","jonnc101","?","gowdh101","kellg101","frisf101","grohh101","jackt101","meusi101","wilsh102","oconj102","","","blaks101","HR/F9D.3-H","F","F",8,1,23,"T","T",4,"F","F",0,"F","F",2,"F","F",0,"F","F","F","9D",0,0,"N",0,"N",0,"N",4,0,0,4,"","","","","F","F","F","F","F","F","F","F","F","","","jonnc101","F","F","F","F","F","","","","",0,0,0,0,0,0,0,0,0,53,"NY1","CHN","NY1",0,"F","F",3,2,0,27,3,"F","F",4,0,"T","T","adams101","grang102","T","T",0,0,0,0,0,0,1,9,51,"","","gowdh101",0,0,0,0,0,0,0,0,0,0,0,0,2,"","F","F","F","F",4,0,0,4,0,0,0,0,0,0,F,F,"1924NY1.EVN.regular.event.csv",3042
"NY1192408042","CHN",7,0,2,0,0,"",5,2,"adams101","?","adams101","?","jonnc101","?","jonnc101","?","gowdh101","kellg101","frisf101","grohh101","jackt101","meusi101","wilsh102","oconj102","","","","63","F","F",6,2,2,"T","T",0,"F","F",1,"F","F",0,"F","F",6,"G","F","F","",0,0,"N",0,"N",0,"N",0,0,0,0,"63","","","","F","F","F","F","F","F","F","F","F","","","","F","F","F","F","F","","","","",0,3,0,0,6,0,0,0,0,54,"NY1","CHN","NY1",0,"F","T",5,2,2,28,4,"T","F",0,0,"T","T","grang102","hartg103","T","T",0,0,0,0,0,0,0,0,0,"","","",0,0,0,0,0,0,0,0,0,0,0,0,0,"jackt101","F","F","F","F",0,0,0,0,0,0,0,0,0,0,F,F,"1924NY1.EVN.regular.event.csv",3043
"NY1192408042","CHN",7,1,0,0,0,"",5,2,"jackt101","?","jackt101","?","blaks101","?","blaks101","?","hartg103","cotth101","grang102","fribb101","adams101","grigd101","statj101","heatc101","","","","43","T","F",6,6,2,"T","T",0,"F","F",1,"F","F",0,"F","F",4,"G","F","F","",0,0,"N",0,"N",0,"N",0,0,0,0,"43","","","","F","F","F","F","F","F","F","F","F","","","","F","F","F","F","F","","","","",0,3,0,0,4,0,0,0,0,55,"NY1","NY1","CHN",1,"T","F",2,5,0,23,0,"T","F",0,0,"T","T","grohh101","gowdh101","T","T",0,0,0,0,0,0,0,0,0,"","","",0,0,0,0,0,0,0,0,0,0,0,0,0,"grang102","F","F","F","F",0,0,0,0,0,0,0,0,0,0,F,F,"1924NY1.EVN.regular.event.csv",3044
"NY1192408042","CHN",7,1,1,0,0,"",5,2,"grohh101","?","grohh101","?","blaks101","?","blaks101","?","hartg103","cotth101","grang102","fribb101","adams101","grigd101","statj101","heatc101","","","","43","F","F",5,7,2,"T","T",0,"F","F",1,"F","F",0,"F","F",4,"G","F","F","",0,0,"N",0,"N",0,"N",0,0,0,0,"43","","","","F","F","F","F","F","F","F","F","F","","","","F","F","F","F","F","","","","",0,3,0,0,4,0,0,0,0,56,"NY1","NY1","CHN",1,"F","F",2,5,0,24,1,"T","F",0,0,"T","T","gowdh101","jonnc101","T","T",0,0,0,0,0,0,0,0,0,"","","",0,0,0,0,0,0,0,0,0,0,0,0,0,"grang102","F","F","F","F",0,0,0,0,0,0,0,0,0,0,F,F,"1924NY1.EVN.regular.event.csv",3045
"NY1192408042","CHN",7,1,2,0,0,"",5,2,"gowdh101","?","gowdh101","?","blaks101","?","blaks101","?","hartg103","cotth101","grang102","fribb101","adams101","grigd101","statj101","heatc101","","","","7/F","F","F",2,8,2,"T","T",0,"F","F",1,"F","F",0,"F","F",7,"F","F","F","",0,0,"N",0,"N",0,"N",0,0,0,0,"7","","","","F","F","F","F","F","F","F","F","F","","","","F","F","F","F","F","","","","",0,7,0,0,0,0,0,0,0,57,"NY1","NY1","CHN",1,"F","T",2,5,0,25,2,"T","F",0,0,"T","T","jonnc101","oconj102","T","T",0,0,0,0,0,0,0,0,0,"","","",0,0,0,0,0,0,0,0,0,0,0,0,0,"grigd101","F","F","F","F",0,0,0,0,0,0,0,0,0,0,F,F,"1924NY1.EVN.regular.event.csv",3046
"NY1192408042","CHN",8,0,0,0,0,"",5,2,"grang102","?","grang102","?","jonnc101","?","jonnc101","?","gowdh101","kellg101","frisf101","grohh101","jackt101","meusi101","wilsh102","oconj102","","","","8/F","T","F",4,3,2,"T","T",0,"F","F",1,"F","F",0,"F","F",8,"F","F","F","",0,0,"N",0,"N",0,"N",0,0,0,0,"8","","","","F","F","F","F","F","F","F","F","F","","","","F","F","F","F","F","","","","",0,8,0,0,0,0,0,0,0,58,"NY1","CHN","NY1",0,"T","F",5,2,0,29,0,"T","F",0,0,"T","T","hartg103","fribb101","T","T",0,0,0,0,0,0,0,0,0,"","","",0,0,0,0,0,0,0,0,0,0,0,0,0,"wilsh102","F","F","F","F",0,0,0,0,0,0,0,0,0,0,F,F,"1924NY1.EVN.regular.event.csv",3047
"NY1192408042","CHN",8,0,1,0,0,"",5,2,"hartg103","?","hartg103","?","jonnc101","?","jonnc101","?","gowdh101","kellg101","frisf101","grohh101","jackt101","meusi101","wilsh102","oconj102","","","","D7","F","F",2,4,21,"T","T",2,"F","F",0,"F","F",0,"F","F",7,"","F","F","",0,0,"N",0,"N",0,"N",2,0,0,0,"","","","","F","F","F","F","F","F","F","F","F","","","","F","F","F","F","F","","","","",0,0,0,0,0,0,0,0,0,59,"NY1","CHN","NY1",0,"F","F",5,2,0,30,1,"T","F",0,2,"T","T","fribb101","grigd101","T","T",0,0,0,0,0,0,0,0,0,"","","",0,0,0,0,0,0,0,0,0,0,0,0,0,"meusi101","F","F","F","F",3,0,0,0,0,0,0,0,0,0,F,F,"1924NY1.EVN.regular.event.csv",3048
"NY1192408042","CHN",8,0,1,0,0,"",5,2,"fribb101","?","fribb101","?","jonnc101","?","jonnc101","?","gowdh101","kellg101","frisf101","grohh101","jackt101","meusi101","wilsh102","oconj102","","hartg103","","S/G1S.2-3","F","F",5,5,20,"T","T",1,"F","F",0,"F","F",0,"F","F",0,"G","F","F","1S",0,0,"N",0,"N",0,"N",1,0,3,0,"","","","","F","F","F","F","F","F","F","F","F","","jonnc101","","F","F","F","F","F","","","","",0,0,0,0,0,0,0,0,0,60,"NY1","CHN","NY1",0,"F","F",5,2,0,31,2,"T","F",2,5,"T","T","grigd101","heatc101","T","T",0,0,0,2,4,59,0,0,0,"","gowdh101","",0,0,0,0,0,0,0,0,0,0,0,0,0,"","F","F","F","F",0,0,3,0,0,0,0,0,0,0,F,F,"1924NY1.EVN.regular.event.csv",3049
"NY1192408042","CHN",8,0,1,0,0,"",5,2,"grigd101","?","grigd101","?","jonnc101","?","jonnc101","?","gowdh101","kellg101","frisf101","grohh101","jackt101","meusi101","wilsh102","oconj102","fribb101","","hartg103","6/P","F","F",7,6,2,"T","T",0,"F","F",1,"F","F",0,"F","F",6,"P","F","F","",0,0,"N",0,"N",0,"N",0,1,0,3,"6","","","","F","F","F","F","F","F","F","F","F","jonnc101","","jonnc101","F","F","F","F","F","","","","",0,6,0,0,0,0,0,0,0,61,"NY1","CHN","NY1",0,"F","F",5,2,0,32,3,"T","F",5,5,"T","T","heatc101","cotth101","T","T",5,5,60,0,0,0,2,4,59,"gowdh101","","gowdh101",0,0,0,0,0,0,0,0,0,0,0,0,0,"jackt101","F","F","F","F",0,0,0,3,0,0,0,0,0,0,F,F,"1924NY1.EVN.regular.event.csv",3050
"NY1192408042","CHN",8,0,2,0,0,"",5,2,"heatc101","?","heatc101","?","jonnc101","?","jonnc101","?","gowdh101","kellg101","frisf101","grohh101","jackt101","meusi101","wilsh102","oconj102","fribb101","","hartg103","64(1)/FO","F","F",9,7,2,"T","T",0,"F","F",1,"F","F",0,"F","F",6,"G","F","F","",0,0,"N",0,"N",0,"N",1,0,0,3,"","64","","","F","F","F","F","F","F","F","F","F","jonnc101","","jonnc101","F","F","F","F","F","","","","",0,4,0,0,6,0,0,0,0,62,"NY1","CHN","NY1",0,"F","T",5,2,0,33,4,"T","F",5,5,"T","T","cotth101","blaks101","T","T",5,5,60,0,0,0,2,4,59,"gowdh101","","gowdh101",0,0,0,0,0,0,0,0,0,0,0,0,0,"jackt101","T","F","F","F",1,0,0,3,0,0,0,0,0,0,F,F,"1924NY1.EVN.regular.event.csv",3051
"NY1192408042","CHN",8,1,0,0,0,"",5,2,"terrb101","?","terrb101","?","blaks101","?","blaks101","?","hartg103","cotth101","grang102","fribb101","adams101","grigd101","statj101","heatc101","","","","7/F","T","T",11,9,2,"T","T",0,"F","F",1,"F","F",0,"F","F",7,"F","F","F","",0,0,"N",0,"N",0,"N",0,0,0,0,"7","","","","F","F","F","F","F","F","F","F","F","","","","F","F","F","F","F","","","","jonnc101",1,7,0,0,0,0,0,0,0,63,"NY1","NY1","CHN",1,"T","F",2,5,0,26,0,"T","F",0,0,"F","F","oconj102","frisf101","T","T",0,0,0,0,0,0,0,0,0,"","","",0,0,0,0,0,0,0,0,0,0,0,0,0,"grigd101","F","F","F","F",0,0,0,0,0,0,0,0,0,0,F,F,"1924NY1.EVN.regular.event.csv",3052
"NY1192408042","CHN",8,1,1,0,0,"",5,2,"oconj102","?","oconj102","?","blaks101","?","blaks101","?","hartg103","cotth101","grang102","fribb101","adams101","grigd101","statj101","heatc101","","","","9/F","F","F",9,1,2,"T","T",0,"F","F",1,"F","F",0,"F","F",9,"F","F","F","",0,0,"N",0,"N",0,"N",0,0,0,0,"9","","","","F","F","F","F","F","F","F","F","F","","","","F","F","F","F","F","","","","",0,9,0,0,0,0,0,0,0,64,"NY1","NY1","CHN",1,"F","F",2,5,0,27,1,"T","F",0,0,"T","T","frisf101","wilsh102","T","T",0,0,0,0,0,0,0,0,0,"","","",0,0,0,0,0,0,0,0,0,0,0,0,0,"heatc101","F","F","F","F",0,0,0,0,0,0,0,0,0,0,F,F,"1924NY1.EVN.regular.event.csv",3053
"NY1192408042","CHN",8,1,2,0,0,"",5,2,"frisf101","?","frisf101","?","blaks101","?","blaks101","?","hartg103","cotth101","grang102","fribb101","adams101","grigd101","statj101","heatc101","","","","W","F","F",4,2,14,"T","F",0,"F","F",0,"F","F",0,"F","F",0,"","F","F","",0,0,"N",0,"N",0,"N",1,0,0,0,"","","","","F","F","F","F","F","F","F","F","F","","","","F","F","F","F","F","","","","",0,0,0,0,0,0,0,0,0,65,"NY1","NY1","CHN",1,"F","F",2,5,0,28,2,"T","F",0,1,"T","T","wilsh102","meusi101","T","T",0,0,0,0,0,0,0,0,0,"","","",0,0,0,0,0,0,0,0,0,0,0,0,0,"","F","F","F","F",1,0,0,0,0,0,0,0,0,0,F,F,"1924NY1.EVN.regular.event.csv",3054
"NY1192408042","CHN",8,1,2,0,0,"",5,2,"wilsh102","?","wilsh102","?","blaks101","?","blaks101","?","hartg103","cotth101","grang102","fribb101","adams101","grigd101","statj101","heatc101","frisf101","","","K","F","F",8,3,3,"T","T",0,"F","F",1,"F","F",0,"F","F",0,"","F","F","",0,0,"N",0,"N",0,"N",0,1,0,0,"2","","","","F","F","F","F","F","F","F","F","F","blaks101","","","F","F","F","F","F","","","","",0,2,0,0,0,0,0,0,0,66,"NY1","NY1","CHN",1,"F","T",2,5,0,29,3,"T","F",1,1,"T","T","meusi101","kellg101","T","T",4,2,65,0,0,0,0,0,0,"hartg103","","",0,0,0,0,0,0,0,0,0,0,0,0,0,"","F","F","F","F",0,1,0,0,0,0,0,0,0,0,F,F,"1924NY1.EVN.regular.event.csv",3055
"NY1192408042","CHN",9,0,0,0,0,"",5,2,"cotth101","?","cotth101","?","ryanr101","?","ryanr101","?","gowdh101","kellg101","frisf101","grohh101","jackt101","meusi101","wilsh102","oconj102","","","","143","T","F",3,8,2,"T","T",0,"F","F",1,"F","F",0,"F","F",1,"G","F","F","",0,0,"N",0,"N",0,"N",0,0,0,0,"143","","","","F","F","F","F","F","F","F","F","F","","","","F","F","F","F","F","","","","",0,3,0,0,1,4,0,0,0,67,"NY1","CHN","NY1",0,"T","F",5,2,0,34,0,"T","F",0,0,"T","T","blaks101","statj101","F","F",0,0,0,0,0,0,0,0,0,"","","",0,0,0,0,0,0,0,0,0,0,0,0,0,"ryanr101","F","F","F","F",0,0,0,0,0,0,0,0,0,0,F,F,"1924NY1.EVN.regular.event.csv",3056
"NY1192408042","CHN",9,0,1,0,0,"",5,2,"blaks101","?","blaks101","?","ryanr101","?","ryanr101","?","gowdh101","kellg101","frisf101","grohh101","jackt101","meusi101","wilsh102","oconj102","","","","43","F","F",1,9,2,"T","T",0,"F","F",1,"F","F",0,"F","F",4,"G","F","F","",0,0,"N",0,"N",0,"N",0,0,0,0,"43","","","","F","F","F","F","F","F","F","F","F","","","","F","F","F","F","F","","","","",0,3,0,0,4,0,0,0,0,68,"NY1","CHN","NY1",0,"F","F",5,2,0,35,1,"T","F",0,0,"T","T","statj101","adams101","F","F",0,0,0,0,0,0,0,0,0,"","","",0,0,0,0,0,0,0,0,0,0,0,0,0,"frisf101","F","F","F","F",0,0,0,0,0,0,0,0,0,0,F,F,"1924NY1.EVN.regular.event.csv",3057
"NY1192408042","CHN",9,0,2,0,0,"",5,2,"statj101","?","statj101","?","ryanr101","?","ryanr101","?","gowdh101","kellg101","frisf101","grohh101","jackt101","meusi101","wilsh102","oconj102","","","","K/C","F","F",8,1,3,"T","T",0,"F","F",1,"F","F",0,"F","F",0,"","F","F","",0,0,"N",0,"N",0,"N",0,0,0,0,"2","","","","F","F","F","F","F","F","F","F","F","","","","F","F","F","F","F","","","","",0,2,0,0,0,0,0,0,0,69,"NY1","CHN","NY1",0,"F","T",5,2,0,36,2,"T","F",0,0,"T","T","adams101","grang102","F","F",0,0,0,0,0,0,0,0,0,"","","",0,0,0,0,0,0,0,0,0,0,0,0,0,"","F","F","F","F",0,0,0,0,0,0,0,0,0,0,F,F,"1924NY1.EVN.regular.event.csv",3058
"NY1192408042","CHN",9,1,0,0,0,"",5,2,"meusi101","?","meusi101","?","blaks101","?","blaks101","?","hartg103","cotth101","grang102","fribb101","adams101","grigd101","statj101","heatc101","","","","4/L","T","F",7,4,2,"T","T",0,"F","F",1,"F","F",0,"F","F",4,"L","F","F","",0,0,"N",0,"N",0,"N",0,0,0,0,"4","","","","F","F","F","F","F","F","F","F","F","","","","F","F","F","F","F","","","","",0,4,0,0,0,0,0,0,0,70,"NY1","NY1","CHN",1,"T","F",2,5,0,30,0,"T","F",0,0,"T","T","kellg101","jackt101","T","T",0,0,0,0,0,0,0,0,0,"","","",0,0,0,0,0,0,0,0,0,0,0,0,0,"grang102","F","F","F","F",0,0,0,0,0,0,0,0,0,0,F,F,"1924NY1.EVN.regular.event.csv",3059
"NY1192408042","CHN",9,1,1,0,0,"",5,2,"kellg101","?","kellg101","?","blaks101","?","blaks101","?","hartg103","cotth101","grang102","fribb101","adams101","grigd101","statj101","heatc101","","","","HP","F","F",3,5,16,"T","F",0,"F","F",0,"F","F",0,"F","F",0,"","F","F","",0,0,"N",0,"N",0,"N",1,0,0,0,"","","","","F","F","F","F","F","F","F","F","F","","","","F","F","F","F","F","","","","",0,0,0,0,0,0,0,0,0,71,"NY1","NY1","CHN",1,"F","F",2,5,0,31,1,"T","F",0,1,"T","T","jackt101","grohh101","T","T",0,0,0,0,0,0,0,0,0,"","","",0,0,0,0,0,0,0,0,0,0,0,0,0,"","F","F","F","F",0,0,0,0,0,0,0,0,0,0,F,F,"1924NY1.EVN.regular.event.csv",3060
"NY1192408042","CHN",9,1,1,0,0,"",5,2,"jackt101","?","jackt101","?","blaks101","?","blaks101","?","hartg103","cotth101","grang102","fribb101","adams101","grigd101","statj101","heatc101","kellg101","","","2/FL","F","F",6,6,2,"T","T",0,"F","F",1,"F","F",0,"F","F",2,"F","F","T","",0,0,"N",0,"N",0,"N",0,1,0,0,"2","","","","F","F","F","F","F","F","F","F","F","blaks101","","","F","F","F","F","F","","","","",0,2,0,0,0,0,0,0,0,72,"NY1","NY1","CHN",1,"F","F",2,5,0,32,2,"T","F",1,1,"T","T","grohh101","gowdh101","T","T",3,5,71,0,0,0,0,0,0,"hartg103","","",0,0,0,0,0,0,0,0,0,0,0,0,0,"hartg103","F","F","F","F",0,0,0,0,0,0,0,0,0,0,F,F,"1924NY1.EVN.regular.event.csv",3061
"NY1192408042","CHN",9,1,2,0,0,"",5,2,"grohh101","?","grohh101","?","blaks101","?","blaks101","?","hartg103","cotth101","grang102","fribb101","adams101","grigd101","statj101","heatc101","kellg101","","","54(1)/FO","F","F",5,7,2,"T","T",0,"F","F",1,"F","F",0,"F","F",5,"G","F","F","",0,0,"N",0,"N",0,"N",1,0,0,0,"","54","","","F","F","F","F","F","F","F","F","F","blaks101","","","F","T","F","F","F","","","","",0,4,0,0,5,0,0,0,0,73,"NY1","NY1","CHN",1,"F","T",2,5,0,33,3,"T","F",1,1,"T","T","gowdh101","ryanr101","T","T",3,5,71,0,0,0,0,0,0,"hartg103","","",0,0,0,0,0,0,0,0,0,0,0,0,0,"fribb101","T","F","F","F",1,0,0,0,0,0,0,0,0,0,F,F,"1924NY1.EVN.regular.event.csv",3062
"NY1192408050","CHN",1,0,0,0,0,"",0,0,"statj101","?","statj101","?","deanw101","?","deanw101","?","gowdh101","terrb101","frisf101","grohh101","jackt101","meusi101","wilsh102","oconj102","","","","8/F","T","F",8,1,2,"T","T",0,"F","F",1,"F","F",0,"F","F",8,"F","F","F","",0,0,"N",0,"N",0,"N",0,0,0,0,"8","","","","F","F","F","F","F","F","F","F","F","","","","T","F","F","F","F","","","","",0,8,0,0,0,0,0,0,0,1,"NY1","CHN","NY1",0,"T","F",0,0,0,0,0,"T","F",0,0,"T","T","adams101","grang102","T","T",0,0,0,0,0,0,0,0,0,"","","",0,0,0,0,0,0,0,0,0,0,0,0,0,"wilsh102","F","F","F","F",0,0,0,0,0,0,0,0,0,0,F,F,"1924NY1.EVN.regular.event.csv",3063
"NY1192408050","CHN",1,0,1,0,0,"",0,0,"adams101","?","adams101","?","deanw101","?","deanw101","?","gowdh101","terrb101","frisf101","grohh101","jackt101","meusi101","wilsh102","oconj102","","","","53","F","F",6,2,2,"T","T",0,"F","F",1,"F","F",0,"F","F",5,"G","F","F","",0,0,"N",0,"N",0,"N",0,0,0,0,"53","","","","F","F","F","F","F","F","F","F","F","","","","F","F","F","F","F","","","","",0,3,0,0,5,0,0,0,0,2,"NY1","CHN","NY1",0,"F","F",0,0,0,1,1,"T","F",0,0,"T","T","grang102","hartg103","T","T",0,0,0,0,0,0,0,0,0,"","","",0,0,0,0,0,0,0,0,0,0,0,0,0,"grohh101","F","F","F","F",0,0,0,0,0,0,0,0,0,0,F,F,"1924NY1.EVN.regular.event.csv",3064
"NY1192408050","CHN",1,0,2,0,0,"",0,0,"grang102","?","grang102","?","deanw101","?","deanw101","?","gowdh101","terrb101","frisf101","grohh101","jackt101","meusi101","wilsh102","oconj102","","","","S6/G6S","F","F",4,3,20,"T","T",1,"F","F",0,"F","F",0,"F","F",6,"G","F","F","6S",0,0,"N",0,"N",0,"N",1,0,0,0,"","","","","F","F","F","F","F","F","F","F","F","","","","F","F","F","F","F","","","","",0,0,0,0,0,0,0,0,0,3,"NY1","CHN","NY1",0,"F","F",0,0,0,2,2,"T","F",0,1,"T","T","hartg103","fribb101","T","T",0,0,0,0,0,0,0,0,0,"","","",0,0,0,0,0,0,0,0,0,0,0,0,0,"jackt101","F","F","F","F",0,0,0,0,0,0,0,0,0,0,F,F,"1924NY1.EVN.regular.event.csv",3065
"NY1192408050","CHN",1,0,2,0,0,"",0,0,"hartg103","?","hartg103","?","deanw101","?","deanw101","?","gowdh101","terrb101","frisf101","grohh101","jackt101","meusi101","wilsh102","oconj102","grang102","","","CS2(24)","F","F",2,4,6,"F","F",0,"F","F",1,"F","F",0,"F","F",0,"","F","F","",0,0,"N",0,"N",0,"N",0,0,0,0,"","24","","","F","F","F","T","F","F","F","F","F","deanw101","","","F","F","F","F","F","","","","",0,4,0,0,2,0,0,0,0,4,"NY1","CHN","NY1",0,"F","T",0,0,0,3,3,"T","T",1,0,"T","T","fribb101","grigd101","T","T",4,3,3,0,0,0,0,0,0,"gowdh101","","",0,0,0,0,0,0,0,0,0,0,0,0,0,"","F","F","F","F",0,0,0,0,0,0,0,0,0,0,F,F,"1924NY1.EVN.regular.event.csv",3066
"NY1192408050","CHN",1,1,0,0,0,"",0,0,"oconj102","?","oconj102","?","bushg101","?","bushg101","?","hartg103","cotth101","grang102","fribb101","adams101","grigd101","statj101","heatc101","","","","43","T","F",9,1,2,"T","T",0,"F","F",1,"F","F",0,"F","F",4,"G","F","F","",0,0,"N",0,"N",0,"N",0,0,0,0,"43","","","","F","F","F","F","F","F","F","F","F","","","","F","F","F","F","F","","","","",0,3,0,0,4,0,0,0,0,5,"NY1","NY1","CHN",1,"T","F",0,0,0,0,0,"T","F",0,0,"T","T","frisf101","wilsh102","T","T",0,0,0,0,0,0,0,0,0,"","","",0,0,0,0,0,0,0,0,0,0,0,0,0,"grang102","F","F","F","F",0,0,0,0,0,0,0,0,0,0,F,F,"1924NY1.EVN.regular.event.csv",3067
"NY1192408050","CHN",1,1,1,0,0,"",0,0,"frisf101","?","frisf101","?","bushg101","?","bushg101","?","hartg103","cotth101","grang102","fribb101","adams101","grigd101","statj101","heatc101","","","","K","F","F",4,2,3,"T","T",0,"F","F",1,"F","F",0,"F","F",0,"","F","F","",0,0,"N",0,"N",0,"N",0,0,0,0,"2","","","","F","F","F","F","F","F","F","F","F","","","","F","F","F","F","F","","","","",0,2,0,0,0,0,0,0,0,6,"NY1","NY1","CHN",1,"F","F",0,0,0,1,1,"T","F",0,0,"T","T","wilsh102","meusi101","T","T",0,0,0,0,0,0,0,0,0,"","","",0,0,0,0,0,0,0,0,0,0,0,0,0,"","F","F","F","F",0,0,0,0,0,0,0,0,0,0,F,F,"1924NY1.EVN.regular.event.csv",3068
"NY1192408050","CHN",1,1,2,0,0,"",0,0,"wilsh102","?","wilsh102","?","bushg101","?","bushg101","?","hartg103","cotth101","grang102","fribb101","adams101","grigd101","statj101","heatc101","","","","2/P","F","F",8,3,2,"T","T",0,"F","F",1,"F","F",0,"F","F",2,"P","F","F","",0,0,"N",0,"N",0,"N",0,0,0,0,"2","","","","F","F","F","F","F","F","F","F","F","","","","F","F","F","F","F","","","","",0,2,0,0,0,0,0,0,0,7,"NY1","NY1","CHN",1,"F","T",0,0,0,2,2,"T","F",0,0,"T","T","meusi101","terrb101","T","T",0,0,0,0,0,0,0,0,0,"","","",0,0,0,0,0,0,0,0,0,0,0,0,0,"hartg103","F","F","F","F",0,0,0,0,0,0,0,0,0,0,F,F,"1924NY1.EVN.regular.event.csv",3069
"NY1192408050","CHN",2,0,0,0,0,"",0,0,"hartg103","?","hartg103","?","deanw101","?","deanw101","?","gowdh101","terrb101","frisf101","grohh101","jackt101","meusi101","wilsh102","oconj102","","","","43","T","F",2,4,2,"T","T",0,"F","F",1,"F","F",0,"F","F",4,"G","F","F","",0,0,"N",0,"N",0,"N",0,0,0,0,"43","","","","F","F","F","F","F","F","F","F","F","","","","F","F","F","F","F","","","","",0,3,0,0,4,0,0,0,0,8,"NY1","CHN","NY1",0,"T","F",0,0,0,3,0,"T","F",0,0,"T","T","fribb101","grigd101","T","T",0,0,0,0,0,0,0,0,0,"","","",0,0,0,0,0,0,0,0,0,0,0,0,0,"frisf101","F","F","F","F",0,0,0,0,0,0,0,0,0,0,F,F,"1924NY1.EVN.regular.event.csv",3070
"NY1192408050","CHN",2,0,1,0,0,"",0,0,"fribb101","?","fribb101","?","deanw101","?","deanw101","?","gowdh101","terrb101","frisf101","grohh101","jackt101","meusi101","wilsh102","oconj102","","","","63","F","F",5,5,2,"T","T",0,"F","F",1,"F","F",0,"F","F",6,"G","F","F","",0,0,"N",0,"N",0,"N",0,0,0,0,"63","","","","F","F","F","F","F","F","F","F","F","","","","F","F","F","F","F","","","","",0,3,0,0,6,0,0,0,0,9,"NY1","CHN","NY1",0,"F","F",0,0,0,4,1,"T","F",0,0,"T","T","grigd101","heatc101","T","T",0,0,0,0,0,0,0,0,0,"","","",0,0,0,0,0,0,0,0,0,0,0,0,0,"jackt101","F","F","F","F",0,0,0,0,0,0,0,0,0,0,F,F,"1924NY1.EVN.regular.event.csv",3071
"NY1192408050","CHN",2,0,2,0,0,"",0,0,"grigd101","?","grigd101","?","deanw101","?","deanw101","?","gowdh101","terrb101","frisf101","grohh101","jackt101","meusi101","wilsh102","oconj102","","","","13","F","F",7,6,2,"T","T",0,"F","F",1,"F","F",0,"F","F",1,"G","F","F","",0,0,"N",0,"N",0,"N",0,0,0,0,"13","","","","F","F","F","F","F","F","F","F","F","","","","F","F","F","F","F","","","","",0,3,0,0,1,0,0,0,0,10,"NY1","CHN","NY1",0,"F","T",0,0,0,5,2,"T","F",0,0,"T","T","heatc101","cotth101","T","T",0,0,0,0,0,0,0,0,0,"","","",0,0,0,0,0,0,0,0,0,0,0,0,0,"deanw101","F","F","F","F",0,0,0,0,0,0,0,0,0,0,F,F,"1924NY1.EVN.regular.event.csv",3072
"NY1192408050","CHN",2,1,0,0,0,"",0,0,"meusi101","?","meusi101","?","bushg101","?","bushg101","?","hartg103","cotth101","grang102","fribb101","adams101","grigd101","statj101","heatc101","","","","53","T","F",7,4,2,"T","T",0,"F","F",1,"F","F",0,"F","F",5,"G","F","F","",0,0,"N",0,"N",0,"N",0,0,0,0,"53","","","","F","F","F","F","F","F","F","F","F","","","","F","F","F","F","F","","","","",0,3,0,0,5,0,0,0,0,11,"NY1","NY1","CHN",1,"T","F",0,0,0,3,0,"T","F",0,0,"T","T","terrb101","jackt101","T","T",0,0,0,0,0,0,0,0,0,"","","",0,0,0,0,0,0,0,0,0,0,0,0,0,"fribb101","F","F","F","F",0,0,0,0,0,0,0,0,0,0,F,F,"1924NY1.EVN.regular.event.csv",3073
"NY1192408050","CHN",2,1,1,0,0,"",0,0,"terrb101","?","terrb101","?","bushg101","?","bushg101","?","hartg103","cotth101","grang102","fribb101","adams101","grigd101","statj101","heatc101","","","","K","F","F",3,5,3,"T","T",0,"F","F",1,"F","F",0,"F","F",0,"","F","F","",0,0,"N",0,"N",0,"N",0,0,0,0,"2","","","","F","F","F","F","F","F","F","F","F","","","","F","F","F","F","F","","","","",0,2,0,0,0,0,0,0,0,12,"NY1","NY1","CHN",1,"F","F",0,0,0,4,1,"T","F",0,0,"T","T","jackt101","grohh101","T","T",0,0,0,0,0,0,0,0,0,"","","",0,0,0,0,0,0,0,0,0,0,0,0,0,"","F","F","F","F",0,0,0,0,0,0,0,0,0,0,F,F,"1924NY1.EVN.regular.event.csv",3074
"NY1192408050","CHN",2,1,2,0,0,"",0,0,"jackt101","?","jackt101","?","bushg101","?","bushg101","?","hartg103","cotth101","grang102","fribb101","adams101","grigd101","statj101","heatc101","","","","63","F","F",6,6,2,"T","T",0,"F","F",1,"F","F",0,"F","F",6,"G","F","F","",0,0,"N",0,"N",0,"N",0,0,0,0,"63","","","","F","F","F","F","F","F","F","F","F","","","","F","F","F","F","F","","","","",0,3,0,0,6,0,0,0,0,13,"NY1","NY1","CHN",1,"F","T",0,0,0,5,2,"T","F",0,0,"T","T","grohh101","gowdh101","T","T",0,0,0,0,0,0,0,0,0,"","","",0,0,0,0,0,0,0,0,0,0,0,0,0,"adams101","F","F","F","F",0,0,0,0,0,0,0,0,0,0,F,F,"1924NY1.EVN.regular.event.csv",3075
"NY1192408050","CHN",3,0,0,0,0,"",0,0,"heatc101","?","heatc101","?","deanw101","?","deanw101","?","gowdh101","terrb101","frisf101","grohh101","jackt101","meusi101","wilsh102","oconj102","","","","63","T","F",9,7,2,"T","T",0,"F","F",1,"F","F",0,"F","F",6,"G","F","F","",0,0,"N",0,"N",0,"N",0,0,0,0,"63","","","","F","F","F","F","F","F","F","F","F","","","","F","F","F","F","F","","","","",0,3,0,0,6,0,0,0,0,14,"NY1","CHN","NY1",0,"T","F",0,0,0,6,0,"T","F",0,0,"T","T","cotth101","bushg101","T","T",0,0,0,0,0,0,0,0,0,"","","",0,0,0,0,0,0,0,0,0,0,0,0,0,"jackt101","F","F","F","F",0,0,0,0,0,0,0,0,0,0,F,F,"1924NY1.EVN.regular.event.csv",3076
"NY1192408050","CHN",3,0,1,0,0,"",0,0,"cotth101","?","cotth101","?","deanw101","?","deanw101","?","gowdh101","terrb101","frisf101","grohh101","jackt101","meusi101","wilsh102","oconj102","","","","43","F","F",3,8,2,"T","T",0,"F","F",1,"F","F",0,"F","F",4,"G","F","F","",0,0,"N",0,"N",0,"N",0,0,0,0,"43","","","","F","F","F","F","F","F","F","F","F","","","","F","F","F","F","F","","","","",0,3,0,0,4,0,0,0,0,15,"NY1","CHN","NY1",0,"F","F",0,0,0,7,1,"T","F",0,0,"T","T","bushg101","statj101","T","T",0,0,0,0,0,0,0,0,0,"","","",0,0,0,0,0,0,0,0,0,0,0,0,0,"frisf101","F","F","F","F",0,0,0,0,0,0,0,0,0,0,F,F,"1924NY1.EVN.regular.event.csv",3077
"NY1192408050","CHN",3,0,2,0,0,"",0,0,"bushg101","?","bushg101","?","deanw101","?","deanw101","?","gowdh101","terrb101","frisf101","grohh101","jackt101","meusi101","wilsh102","oconj102","","","","8/F","F","F",1,9,2,"T","T",0,"F","F",1,"F","F",0,"F","F",8,"F","F","F","",0,0,"N",0,"N",0,"N",0,0,0,0,"8","","","","F","F","F","F","F","F","F","F","F","","","","F","F","F","F","F","","","","",0,8,0,0,0,0,0,0,0,16,"NY1","CHN","NY1",0,"F","T",0,0,0,8,2,"T","F",0,0,"T","T","statj101","adams101","T","T",0,0,0,0,0,0,0,0,0,"","","",0,0,0,0,0,0,0,0,0,0,0,0,0,"wilsh102","F","F","F","F",0,0,0,0,0,0,0,0,0,0,F,F,"1924NY1.EVN.regular.event.csv",3078
"NY1192408050","CHN",3,1,0,0,0,"",0,0,"grohh101","?","grohh101","?","bushg101","?","bushg101","?","hartg103","cotth101","grang102","fribb101","adams101","grigd101","statj101","heatc101","","","","S9","T","F",5,7,20,"T","T",1,"F","F",0,"F","F",0,"F","F",9,"","F","F","",0,0,"N",0,"N",0,"N",1,0,0,0,"","","","","F","F","F","F","F","F","F","F","F","","","","F","F","F","F","F","","","","",0,0,0,0,0,0,0,0,0,17,"NY1","NY1","CHN",1,"T","F",0,0,0,6,0,"T","F",0,1,"T","T","gowdh101","deanw101","T","T",0,0,0,0,0,0,0,0,0,"","","",0,0,0,0,0,0,0,0,0,0,0,0,0,"heatc101","F","F","F","F",0,0,0,0,0,0,0,0,0,0,F,F,"1924NY1.EVN.regular.event.csv",3079
"NY1192408050","CHN",3,1,0,0,0,"",0,0,"gowdh101","?","gowdh101","?","bushg101","?","bushg101","?","hartg103","cotth101","grang102","fribb101","adams101","grigd101","statj101","heatc101","grohh101","","","53.1-2","F","F",2,8,2,"T","T",0,"F","F",1,"F","F",0,"F","F",5,"G","F","F","",0,0,"N",0,"N",0,"N",0,2,0,0,"53","","","","F","F","F","F","F","F","F","F","F","bushg101","","","F","F","F","F","F","","","","",0,3,0,0,5,0,0,0,0,18,"NY1","NY1","CHN",1,"F","F",0,0,0,7,1,"T","F",1,2,"T","T","deanw101","oconj102","T","T",5,7,17,0,0,0,0,0,0,"hartg103","","",0,0,0,0,0,0,0,0,0,0,0,0,0,"fribb101","F","F","F","F",0,0,0,0,0,0,0,0,0,0,F,F,"1924NY1.EVN.regular.event.csv",3080
"NY1192408050","CHN",3,1,1,0,0,"",0,0,"deanw101","?","deanw101","?","bushg101","?","bushg101","?","hartg103","cotth101","grang102","fribb101","adams101","grigd101","statj101","heatc101","","grohh101","","9/F9D.2-3","F","F",1,9,2,"T","T",0,"F","F",1,"F","F",0,"F","F",9,"F","F","F","9D",0,0,"N",0,"N",0,"N",0,0,3,0,"9","","","","F","F","F","F","F","F","F","F","F","","bushg101","","F","F","F","F","F","","","","",0,9,0,0,0,0,0,0,0,19,"NY1","NY1","CHN",1,"F","F",0,0,0,8,2,"T","F",2,4,"T","T","oconj102","frisf101","T","T",0,0,0,5,7,17,0,0,0,"","hartg103","",0,0,0,0,0,0,0,0,0,0,0,0,0,"heatc101","F","F","F","F",0,0,0,0,0,0,0,0,0,0,F,F,"1924NY1.EVN.regular.event.csv",3081
"NY1192408050","CHN",3,1,2,0,0,"",0,0,"oconj102","?","oconj102","?","bushg101","?","bushg101","?","hartg103","cotth101","grang102","fribb101","adams101","grigd101","statj101","heatc101","","","grohh101","3/P","F","F",9,1,2,"T","T",0,"F","F",1,"F","F",0,"F","F",3,"P","F","F","",0,0,"N",0,"N",0,"N",0,0,0,3,"3","","","","F","F","F","F","F","F","F","F","F","","","bushg101","F","F","F","F","F","","","","",0,3,0,0,0,0,0,0,0,20,"NY1","NY1","CHN",1,"F","T",0,0,0,9,3,"T","F",4,4,"T","T","frisf101","wilsh102","T","T",0,0,0,0,0,0,5,7,17,"","","hartg103",0,0,0,0,0,0,0,0,0,0,0,0,0,"cotth101","F","F","F","F",0,0,0,0,0,0,0,0,0,0,F,F,"1924NY1.EVN.regular.event.csv",3082
"NY1192408050","CHN",4,0,0,0,0,"",0,0,"statj101","?","statj101","?","deanw101","?","deanw101","?","gowdh101","terrb101","frisf101","grohh101","jackt101","meusi101","wilsh102","oconj102","","","","4/P#","T","F",8,1,2,"T","T",0,"F","F",1,"F","F",0,"F","F",4,"P","F","F","",0,0,"N",0,"N",0,"N",0,0,0,0,"4","","","","F","F","F","F","F","F","F","F","F","","","","F","F","F","F","F","","","","",0,4,0,0,0,0,0,0,0,21,"NY1","CHN","NY1",0,"T","F",0,0,0,9,0,"T","F",0,0,"T","T","adams101","grang102","T","T",0,0,0,0,0,0,0,0,0,"","","",0,0,0,0,0,0,0,0,0,0,0,0,0,"frisf101","F","F","F","F",0,0,0,0,0,0,0,0,0,0,F,T,"1924NY1.EVN.regular.event.csv",3083
"NY1192408050","CHN",4,0,1,0,0,"",0,0,"adams101","?","adams101","?","deanw101","?","deanw101","?","gowdh101","terrb101","frisf101","grohh101","jackt101","meusi101","wilsh102","oconj102","","","","S4/G","F","F",6,2,20,"T","T",1,"F","F",0,"F","F",0,"F","F",4,"G","F","F","",0,0,"N",0,"N",0,"N",1,0,0,0,"","","","","F","F","F","F","F","F","F","F","F","","","","F","F","F","F","F","","","","",0,0,0,0,0,0,0,0,0,22,"NY1","CHN","NY1",0,"F","F",0,0,0,10,1,"T","F",0,1,"T","T","grang102","hartg103","T","T",0,0,0,0,0,0,0,0,0,"","","",0,0,0,0,0,0,0,0,0,0,0,0,0,"frisf101","F","F","F","F",0,0,0,0,0,0,0,0,0,0,F,F,"1924NY1.EVN.regular.event.csv",3084
"NY1192408050","CHN",4,0,1,0,0,"",0,0,"grang102","?","grang102","?","deanw101","?","deanw101","?","gowdh101","terrb101","frisf101","grohh101","jackt101","meusi101","wilsh102","oconj102","adams101","","","CS2(24)","F","F",4,3,6,"F","F",0,"F","F",1,"F","F",0,"F","F",0,"","F","F","",0,0,"N",0,"N",0,"N",0,0,0,0,"","24","","","F","F","F","T","F","F","F","F","F","deanw101","","","F","F","F","F","F","","","","",0,4,0,0,2,0,0,0,0,23,"NY1","CHN","NY1",0,"F","F",0,0,0,11,2,"T","F",1,0,"T","T","hartg103","fribb101","T","T",6,2,22,0,0,0,0,0,0,"gowdh101","","",0,0,0,0,0,0,0,0,0,0,0,0,0,"","F","F","F","F",0,0,0,0,0,0,0,0,0,0,F,F,"1924NY1.EVN.regular.event.csv",3085
"NY1192408050","CHN",4,0,2,0,0,"",0,0,"grang102","?","grang102","?","deanw101","?","deanw101","?","gowdh101","terrb101","frisf101","grohh101","jackt101","meusi101","wilsh102","oconj102","","","","43","F","F",4,3,2,"T","T",0,"F","F",1,"F","F",0,"F","F",4,"G","F","F","",0,0,"N",0,"N",0,"N",0,0,0,0,"43","","","","F","F","F","F","F","F","F","F","F","","","","F","F","F","F","F","","","","",0,3,0,0,4,0,0,0,0,24,"NY1","CHN","NY1",0,"F","T",0,0,0,11,2,"F","F",0,0,"T","T","hartg103","fribb101","T","T",0,0,0,0,0,0,0,0,0,"","","",0,0,0,0,0,0,0,0,0,0,0,0,0,"frisf101","F","F","F","F",0,0,0,0,0,0,0,0,0,0,F,F,"1924NY1.EVN.regular.event.csv",3086
"NY1192408050","CHN",4,1,0,0,0,"",0,0,"frisf101","?","frisf101","?","bushg101","?","bushg101","?","hartg103","cotth101","grang102","fribb101","adams101","grigd101","statj101","heatc101","","","","8/F","T","F",4,2,2,"T","T",0,"F","F",1,"F","F",0,"F","F",8,"F","F","F","",0,0,"N",0,"N",0,"N",0,0,0,0,"8","","","","F","F","F","F","F","F","F","F","F","","","","F","F","F","F","F","","","","",0,8,0,0,0,0,0,0,0,25,"NY1","NY1","CHN",1,"T","F",0,0,0,10,0,"T","F",0,0,"T","T","wilsh102","meusi101","T","T",0,0,0,0,0,0,0,0,0,"","","",0,0,0,0,0,0,0,0,0,0,0,0,0,"statj101","F","F","F","F",0,0,0,0,0,0,0,0,0,0,F,F,"1924NY1.EVN.regular.event.csv",3087
"NY1192408050","CHN",4,1,1,0,0,"",0,0,"wilsh102","?","wilsh102","?","bushg101","?","bushg101","?","hartg103","cotth101","grang102","fribb101","adams101","grigd101","statj101","heatc101","","","","8/F","F","F",8,3,2,"T","T",0,"F","F",1,"F","F",0,"F","F",8,"F","F","F","",0,0,"N",0,"N",0,"N",0,0,0,0,"8","","","","F","F","F","F","F","F","F","F","F","","","","F","F","F","F","F","","","","",0,8,0,0,0,0,0,0,0,26,"NY1","NY1","CHN",1,"F","F",0,0,0,11,1,"T","F",0,0,"T","T","meusi101","terrb101","T","T",0,0,0,0,0,0,0,0,0,"","","",0,0,0,0,0,0,0,0,0,0,0,0,0,"statj101","F","F","F","F",0,0,0,0,0,0,0,0,0,0,F,F,"1924NY1.EVN.regular.event.csv",3088
"NY1192408050","CHN",4,1,2,0,0,"",0,0,"meusi101","?","meusi101","?","bushg101","?","bushg101","?","hartg103","cotth101","grang102","fribb101","adams101","grigd101","statj101","heatc101","","","","K/C","F","F",7,4,3,"T","T",0,"F","F",1,"F","F",0,"F","F",0,"","F","F","",0,0,"N",0,"N",0,"N",0,0,0,0,"2","","","","F","F","F","F","F","F","F","F","F","","","","F","F","F","F","F","","","","",0,2,0,0,0,0,0,0,0,27,"NY1","NY1","CHN",1,"F","T",0,0,0,12,2,"T","F",0,0,"T","T","terrb101","jackt101","T","T",0,0,0,0,0,0,0,0,0,"","","",0,0,0,0,0,0,0,0,0,0,0,0,0,"","F","F","F","F",0,0,0,0,0,0,0,0,0,0,F,F,"1924NY1.EVN.regular.event.csv",3089
"NY1192408050","CHN",5,0,0,0,0,"",0,0,"hartg103","?","hartg103","?","deanw101","?","deanw101","?","gowdh101","terrb101","frisf101","grohh101","jackt101","meusi101","wilsh102","oconj102","","","","43","T","F",2,4,2,"T","T",0,"F","F",1,"F","F",0,"F","F",4,"G","F","F","",0,0,"N",0,"N",0,"N",0,0,0,0,"43","","","","F","F","F","F","F","F","F","F","F","","","","F","F","F","F","F","","","","",0,3,0,0,4,0,0,0,0,28,"NY1","CHN","NY1",0,"T","F",0,0,0,12,0,"T","F",0,0,"T","T","fribb101","grigd101","T","T",0,0,0,0,0,0,0,0,0,"","","",0,0,0,0,0,0,0,0,0,0,0,0,0,"frisf101","F","F","F","F",0,0,0,0,0,0,0,0,0,0,F,F,"1924NY1.EVN.regular.event.csv",3090
"NY1192408050","CHN",5,0,1,0,0,"",0,0,"fribb101","?","fribb101","?","deanw101","?","deanw101","?","gowdh101","terrb101","frisf101","grohh101","jackt101","meusi101","wilsh102","oconj102","","","","43","F","F",5,5,2,"T","T",0,"F","F",1,"F","F",0,"F","F",4,"G","F","F","",0,0,"N",0,"N",0,"N",0,0,0,0,"43","","","","F","F","F","F","F","F","F","F","F","","","","F","F","F","F","F","","","","",0,3,0,0,4,0,0,0,0,29,"NY1","CHN","NY1",0,"F","F",0,0,0,13,1,"T","F",0,0,"T","T","grigd101","heatc101","T","T",0,0,0,0,0,0,0,0,0,"","","",0,0,0,0,0,0,0,0,0,0,0,0,0,"frisf101","F","F","F","F",0,0,0,0,0,0,0,0,0,0,F,F,"1924NY1.EVN.regular.event.csv",3091
"NY1192408050","CHN",5,0,2,0,0,"",0,0,"grigd101","?","grigd101","?","deanw101","?","deanw101","?","gowdh101","terrb101","frisf101","grohh101","jackt101","meusi101","wilsh102","oconj102","","","","3/G","F","F",7,6,2,"T","T",0,"F","F",1,"F","F",0,"F","F",3,"G","F","F","",0,0,"N",0,"N",0,"N",0,0,0,0,"3","","","","F","F","F","F","F","F","F","F","F","","","","F","F","F","F","F","","","","",0,3,0,0,0,0,0,0,0,30,"NY1","CHN","NY1",0,"F","T",0,0,0,14,2,"T","F",0,0,"T","T","heatc101","cotth101","T","T",0,0,0,0,0,0,0,0,0,"","","",0,0,0,0,0,0,0,0,0,0,0,0,0,"terrb101","F","F","F","F",0,0,0,0,0,0,0,0,0,0,F,F,"1924NY1.EVN.regular.event.csv",3092
"NY1192408050","CHN",5,1,0,0,0,"",0,0,"terrb101","?","terrb101","?","bushg101","?","bushg101","?","hartg103","cotth101","grang102","fribb101","adams101","grigd101","statj101","heatc101","","","","13","T","F",3,5,2,"T","T",0,"F","F",1,"F","F",0,"F","F",1,"G","F","F","",0,0,"N",0,"N",0,"N",0,0,0,0,"13","","","","F","F","F","F","F","F","F","F","F","","","","F","F","F","F","F","","","","",0,3,0,0,1,0,0,0,0,31,"NY1","NY1","CHN",1,"T","F",0,0,0,13,0,"T","F",0,0,"T","T","jackt101","grohh101","T","T",0,0,0,0,0,0,0,0,0,"","","",0,0,0,0,0,0,0,0,0,0,0,0,0,"bushg101","F","F","F","F",0,0,0,0,0,0,0,0,0,0,F,F,"1924NY1.EVN.regular.event.csv",3093
"NY1192408050","CHN",5,1,1,0,0,"",0,0,"jackt101","?","jackt101","?","bushg101","?","bushg101","?","hartg103","cotth101","grang102","fribb101","adams101","grigd101","statj101","heatc101","","","","6/P5D","F","F",6,6,2,"T","T",0,"F","F",1,"F","F",0,"F","F",6,"P","F","F","5D",0,0,"N",0,"N",0,"N",0,0,0,0,"6","","","","F","F","F","F","F","F","F","F","F","","","","F","F","F","F","F","","","","",0,6,0,0,0,0,0,0,0,32,"NY1","NY1","CHN",1,"F","F",0,0,0,14,1,"T","F",0,0,"T","T","grohh101","gowdh101","T","T",0,0,0,0,0,0,0,0,0,"","","",0,0,0,0,0,0,0,0,0,0,0,0,0,"adams101","F","F","F","F",0,0,0,0,0,0,0,0,0,0,F,F,"1924NY1.EVN.regular.event.csv",3094
"NY1192408050","CHN",5,1,2,0,0,"",0,0,"grohh101","?","grohh101","?","bushg101","?","bushg101","?","hartg103","cotth101","grang102","fribb101","adams101","grigd101","statj101","heatc101","","","","S8","F","F",5,7,20,"T","T",1,"F","F",0,"F","F",0,"F","F",8,"","F","F","",0,0,"N",0,"N",0,"N",1,0,0,0,"","","","","F","F","F","F","F","F","F","F","F","","","","F","F","F","F","F","","","","",0,0,0,0,0,0,0,0,0,33,"NY1","NY1","CHN",1,"F","F",0,0,0,15,2,"T","F",0,1,"T","T","gowdh101","deanw101","T","T",0,0,0,0,0,0,0,0,0,"","","",0,0,0,0,0,0,0,0,0,0,0,0,0,"statj101","F","F","F","F",0,0,0,0,0,0,0,0,0,0,F,F,"1924NY1.EVN.regular.event.csv",3095
"NY1192408050","CHN",5,1,2,0,0,"",0,0,"gowdh101","?","gowdh101","?","bushg101","?","bushg101","?","hartg103","cotth101","grang102","fribb101","adams101","grigd101","statj101","heatc101","grohh101","","","8/F","F","F",2,8,2,"T","T",0,"F","F",1,"F","F",0,"F","F",8,"F","F","F","",0,0,"N",0,"N",0,"N",0,1,0,0,"8","","","","F","F","F","F","F","F","F","F","F","bushg101","","","F","F","F","F","F","","","","",0,8,0,0,0,0,0,0,0,34,"NY1","NY1","CHN",1,"F","T",0,0,0,16,3,"T","F",1,1,"T","T","deanw101","oconj102","T","T",5,7,33,0,0,0,0,0,0,"hartg103","","",0,0,0,0,0,0,0,0,0,0,0,0,0,"statj101","F","F","F","F",0,0,0,0,0,0,0,0,0,0,F,F,"1924NY1.EVN.regular.event.csv",3096
"NY1192408050","CHN",6,0,0,0,0,"",0,0,"heatc101","?","heatc101","?","deanw101","?","deanw101","?","gowdh101","terrb101","frisf101","grohh101","jackt101","meusi101","wilsh102","oconj102","","","","K/C","T","F",9,7,3,"T","T",0,"F","F",1,"F","F",0,"F","F",0,"","F","F","",0,0,"N",0,"N",0,"N",0,0,0,0,"2","","","","F","F","F","F","F","F","F","F","F","","","","F","F","F","F","F","","","","",0,2,0,0,0,0,0,0,0,35,"NY1","CHN","NY1",0,"T","F",0,0,0,15,0,"T","F",0,0,"T","T","cotth101","bushg101","T","T",0,0,0,0,0,0,0,0,0,"","","",0,0,0,0,0,0,0,0,0,0,0,0,0,"","F","F","F","F",0,0,0,0,0,0,0,0,0,0,F,F,"1924NY1.EVN.regular.event.csv",3097
"NY1192408050","CHN",6,0,1,0,0,"",0,0,"cotth101","?","cotth101","?","deanw101","?","deanw101","?","gowdh101","terrb101","frisf101","grohh101","jackt101","meusi101","wilsh102","oconj102","","","","S9","F","F",3,8,20,"T","T",1,"F","F",0,"F","F",0,"F","F",9,"","F","F","",0,0,"N",0,"N",0,"N",1,0,0,0,"","","","","F","F","F","F","F","F","F","F","F","","","","F","F","F","F","F","","","","",0,0,0,0,0,0,0,0,0,36,"NY1","CHN","NY1",0,"F","F",0,0,0,16,1,"T","F",0,1,"T","T","bushg101","statj101","T","T",0,0,0,0,0,0,0,0,0,"","","",0,0,0,0,0,0,0,0,0,0,0,0,0,"oconj102","F","F","F","F",0,0,0,0,0,0,0,0,0,0,F,F,"1924NY1.EVN.regular.event.csv",3098
"NY1192408050","CHN",6,0,1,0,0,"",0,0,"bushg101","?","bushg101","?","deanw101","?","deanw101","?","gowdh101","terrb101","frisf101","grohh101","jackt101","meusi101","wilsh102","oconj102","cotth101","","","14(1)3/GDP","F","F",1,9,2,"T","T",0,"F","F",2,"T","F",0,"F","F",1,"G","F","F","",0,0,"N",0,"N",0,"N",0,0,0,0,"43","14","","","F","F","F","F","F","F","F","F","F","deanw101","","","F","F","F","F","F","","","","",0,4,3,0,1,4,0,0,0,37,"NY1","CHN","NY1",0,"F","T",0,0,0,17,2,"T","F",1,0,"T","T","statj101","adams101","T","T",3,8,36,0,0,0,0,0,0,"gowdh101","","",0,0,0,0,0,0,0,0,0,0,0,0,0,"deanw101","T","F","F","F",0,0,0,0,0,0,0,0,0,0,F,F,"1924NY1.EVN.regular.event.csv",3099
"NY1192408050","CHN",6,1,0,0,0,"",0,0,"deanw101","?","deanw101","?","bushg101","?","bushg101","?","hartg103","cotth101","grang102","fribb101","adams101","grigd101","statj101","heatc101","","","","3/G","T","F",1,9,2,"T","T",0,"F","F",1,"F","F",0,"F","F",3,"G","F","F","",0,0,"N",0,"N",0,"N",0,0,0,0,"3","","","","F","F","F","F","F","F","F","F","F","","","","F","F","F","F","F","","","","",0,3,0,0,0,0,0,0,0,38,"NY1","NY1","CHN",1,"T","F",0,0,0,17,0,"T","F",0,0,"T","T","oconj102","frisf101","T","T",0,0,0,0,0,0,0,0,0,"","","",0,0,0,0,0,0,0,0,0,0,0,0,0,"cotth101","F","F","F","F",0,0,0,0,0,0,0,0,0,0,F,F,"1924NY1.EVN.regular.event.csv",3100
"NY1192408050","CHN",6,1,1,0,0,"",0,0,"oconj102","?","oconj102","?","bushg101","?","bushg101","?","hartg103","cotth101","grang102","fribb101","adams101","grigd101","statj101","heatc101","","","","43/G4S","F","F",9,1,2,"T","T",0,"F","F",1,"F","F",0,"F","F",4,"G","F","F","4S",0,0,"N",0,"N",0,"N",0,0,0,0,"43","","","","F","F","F","F","F","F","F","F","F","","","","F","F","F","F","F","","","","",0,3,0,0,4,0,0,0,0,39,"NY1","NY1","CHN",1,"F","F",0,0,0,18,1,"T","F",0,0,"T","T","frisf101","wilsh102","T","T",0,0,0,0,0,0,0,0,0,"","","",0,0,0,0,0,0,0,0,0,0,0,0,0,"grang102","F","F","F","F",0,0,0,0,0,0,0,0,0,0,F,F,"1924NY1.EVN.regular.event.csv",3101
"NY1192408050","CHN",6,1,2,0,0,"",0,0,"frisf101","?","frisf101","?","bushg101","?","bushg101","?","hartg103","cotth101","grang102","fribb101","adams101","grigd101","statj101","heatc101","","","","9/F9DW","F","F",4,2,2,"T","T",0,"F","F",1,"F","F",0,"F","F",9,"F","F","F","9DW",0,0,"N",0,"N",0,"N",0,0,0,0,"9","","","","F","F","F","F","F","F","F","F","F","","","","F","F","F","F","F","","","","",0,9,0,0,0,0,0,0,0,40,"NY1","NY1","CHN",1,"F","T",0,0,0,19,2,"T","F",0,0,"T","T","wilsh102","meusi101","T","T",0,0,0,0,0,0,0,0,0,"","","",0,0,0,0,0,0,0,0,0,0,0,0,0,"heatc101","F","F","F","F",0,0,0,0,0,0,0,0,0,0,F,F,"1924NY1.EVN.regular.event.csv",3102
"NY1192408050","CHN",7,0,0,0,0,"",0,0,"statj101","?","statj101","?","deanw101","?","deanw101","?","gowdh101","terrb101","frisf101","grohh101","jackt101","meusi101","wilsh102","oconj102","","","","8/L","T","F",8,1,2,"T","T",0,"F","F",1,"F","F",0,"F","F",8,"L","F","F","",0,0,"N",0,"N",0,"N",0,0,0,0,"8","","","","F","F","F","F","F","F","F","F","F","","","","F","F","F","F","F","","","","",0,8,0,0,0,0,0,0,0,41,"NY1","CHN","NY1",0,"T","F",0,0,0,18,0,"T","F",0,0,"T","T","adams101","grang102","T","T",0,0,0,0,0,0,0,0,0,"","","",0,0,0,0,0,0,0,0,0,0,0,0,0,"wilsh102","F","F","F","F",0,0,0,0,0,0,0,0,0,0,F,F,"1924NY1.EVN.regular.event.csv",3103
"NY1192408050","CHN",7,0,1,0,0,"",0,0,"adams101","?","adams101","?","deanw101","?","deanw101","?","gowdh101","terrb101","frisf101","grohh101","jackt101","meusi101","wilsh102","oconj102","","","","W","F","F",6,2,14,"T","F",0,"F","F",0,"F","F",0,"F","F",0,"","F","F","",0,0,"N",0,"N",0,"N",1,0,0,0,"","","","","F","F","F","F","F","F","F","F","F","","","","F","F","F","F","F","","","","",0,0,0,0,0,0,0,0,0,42,"NY1","CHN","NY1",0,"F","F",0,0,0,19,1,"T","F",0,1,"T","T","grang102","hartg103","T","T",0,0,0,0,0,0,0,0,0,"","","",0,0,0,0,0,0,0,0,0,0,0,0,0,"","F","F","F","F",0,0,0,0,0,0,0,0,0,0,F,F,"1924NY1.EVN.regular.event.csv",3104
"NY1192408050","CHN",7,0,1,0,0,"",0,0,"grang102","?","grang102","?","deanw101","?","deanw101","?","gowdh101","terrb101","frisf101","grohh101","jackt101","meusi101","wilsh102","oconj102","adams101","","","4/P","F","F",4,3,2,"T","T",0,"F","F",1,"F","F",0,"F","F",4,"P","F","F","",0,0,"N",0,"N",0,"N",0,1,0,0,"4","","","","F","F","F","F","F","F","F","F","F","deanw101","","","F","F","F","F","F","","","","",0,4,0,0,0,0,0,0,0,43,"NY1","CHN","NY1",0,"F","F",0,0,0,20,2,"T","F",1,1,"T","T","hartg103","fribb101","T","T",6,2,42,0,0,0,0,0,0,"gowdh101","","",0,0,0,0,0,0,0,0,0,0,0,0,0,"frisf101","F","F","F","F",0,0,0,0,0,0,0,0,0,0,F,F,"1924NY1.EVN.regular.event.csv",3105
"NY1192408050","CHN",7,0,2,0,0,"",0,0,"hartg103","?","hartg103","?","deanw101","?","deanw101","?","gowdh101","terrb101","frisf101","grohh101","jackt101","meusi101","wilsh102","oconj102","adams101","","","S/5.1-2","F","F",2,4,20,"T","T",1,"F","F",0,"F","F",0,"F","F",0,"","F","F","5",0,0,"N",0,"N",0,"N",1,2,0,0,"","","","","F","F","F","F","F","F","F","F","F","deanw101","","","F","F","F","F","F","","","","",0,0,0,0,0,0,0,0,0,44,"NY1","CHN","NY1",0,"F","F",0,0,0,21,3,"T","F",1,3,"T","T","fribb101","grigd101","T","T",6,2,42,0,0,0,0,0,0,"gowdh101","","",0,0,0,0,0,0,0,0,0,0,0,0,0,"","F","F","F","F",0,0,0,0,0,0,0,0,0,0,F,F,"1924NY1.EVN.regular.event.csv",3106
"NY1192408050","CHN",7,0,2,0,0,"",0,0,"fribb101","?","fribb101","?","deanw101","?","deanw101","?","gowdh101","terrb101","frisf101","grohh101","jackt101","meusi101","wilsh102","oconj102","hartg103","adams101","","8/L","F","F",5,5,2,"T","T",0,"F","F",1,"F","F",0,"F","F",8,"L","F","F","",0,0,"N",0,"N",0,"N",0,1,2,0,"8","","","","F","F","F","F","F","F","F","F","F","deanw101","deanw101","","F","F","F","F","F","","","","",0,8,0,0,0,0,0,0,0,45,"NY1","CHN","NY1",0,"F","T",0,0,0,22,4,"T","F",3,3,"T","T","grigd101","heatc101","T","T",2,4,44,6,2,42,0,0,0,"gowdh101","gowdh101","",0,0,0,0,0,0,0,0,0,0,0,0,0,"wilsh102","F","F","F","F",0,0,0,0,0,0,0,0,0,0,F,F,"1924NY1.EVN.regular.event.csv",3107
"NY1192408050","CHN",7,1,0,0,0,"",0,0,"wilsh102","?","wilsh102","?","bushg101","?","bushg101","?","hartg103","cotth101","grang102","fribb101","adams101","grigd101","statj101","heatc101","","","","E8/L","T","F",8,3,18,"T","T",0,"F","F",0,"F","F",0,"F","F",8,"L","F","F","",1,8,"F",0,"N",0,"N",1,0,0,0,"","","","","F","F","F","F","F","F","F","F","F","","","","F","F","F","F","F","","","","",0,0,0,0,0,0,0,0,0,46,"NY1","NY1","CHN",1,"T","F",0,0,0,20,0,"T","F",0,1,"T","T","meusi101","terrb101","T","T",0,0,0,0,0,0,0,0,0,"","","",0,0,0,0,0,0,0,0,0,0,0,0,0,"statj101","F","F","F","T",5,0,0,0,1,0,0,0,0,0,F,F,"1924NY1.EVN.regular.event.csv",3108
"NY1192408050","CHN",7,1,0,0,0,"",0,0,"meusi101","?","meusi101","?","bushg101","?","bushg101","?","hartg103","cotth101","grang102","fribb101","adams101","grigd101","statj101","heatc101","wilsh102","","","S5/G5S.1-2","F","F",7,4,20,"T","T",1,"F","F",0,"F","F",0,"F","F",5,"G","F","F","5S",0,0,"N",0,"N",0,"N",1,2,0,0,"","","","","F","F","F","F","F","F","F","F","F","bushg101","","","F","F","F","F","F","","","","",0,0,0,0,0,0,0,0,0,47,"NY1","NY1","CHN",1,"F","F",0,0,0,21,1,"T","F",1,3,"T","T","terrb101","jackt101","T","T",8,3,46,0,0,0,0,0,0,"hartg103","","",0,0,0,0,0,0,0,0,0,0,0,0,0,"fribb101","F","F","F","F",0,5,0,0,1,0,0,0,0,0,F,F,"1924NY1.EVN.regular.event.csv",3109
"NY1192408050","CHN",7,1,0,0,0,"",0,0,"terrb101","?","terrb101","?","bushg101","?","bushg101","?","hartg103","cotth101","grang102","fribb101","adams101","grigd101","statj101","heatc101","meusi101","wilsh102","","46(1)/FO.2-H(E6/TH1)(NR)(UR);B-2","F","F",3,5,2,"T","T",0,"F","F",1,"F","F",0,"F","F",4,"G","F","F","",1,6,"T",0,"N",0,"N",2,0,5,0,"","46","","","F","F","F","F","F","F","F","F","F","bushg101","bushg101","","F","F","F","F","F","","","","",0,6,0,0,4,0,0,0,0,48,"NY1","NY1","CHN",1,"F","F",0,0,0,22,2,"T","F",3,2,"T","T","jackt101","grohh101","T","T",7,4,47,8,3,46,0,0,0,"hartg103","hartg103","",0,0,0,0,0,0,0,0,0,0,0,0,1,"grang102","T","F","F","F",0,0,5,0,0,0,0,0,0,0,F,F,"1924NY1.EVN.regular.event.csv",3110
"NY1192408050","CHN",7,1,1,0,0,"",0,1,"jackt101","?","jackt101","?","bushg101","?","bushg101","?","hartg103","cotth101","grang102","fribb101","adams101","grigd101","statj101","heatc101","","terrb101","","9/F.2-3","F","F",6,6,2,"T","T",0,"F","F",1,"F","F",0,"F","F",9,"F","F","F","",0,0,"N",0,"N",0,"N",0,0,3,0,"9","","","","F","F","F","F","F","F","F","F","F","","bushg101","","F","F","F","F","F","","","","",0,9,0,0,0,0,0,0,0,49,"NY1","NY1","CHN",1,"F","F",1,0,1,23,3,"T","F",2,4,"T","T","grohh101","gowdh101","T","T",0,0,0,3,5,48,0,0,0,"","hartg103","",0,0,0,0,0,0,0,0,0,0,0,0,0,"heatc101","F","F","F","F",0,0,0,0,0,0,0,0,0,0,F,F,"1924NY1.EVN.regular.event.csv",3111
"NY1192408050","CHN",7,1,2,0,0,"",0,1,"grohh101","?","grohh101","?","bushg101","?","bushg101","?","hartg103","cotth101","grang102","fribb101","adams101","grigd101","statj101","heatc101","","","terrb101","13","F","F",5,7,2,"T","T",0,"F","F",1,"F","F",0,"F","F",1,"G","F","F","",0,0,"N",0,"N",0,"N",0,0,0,3,"13","","","","F","F","F","F","F","F","F","F","F","","","bushg101","F","F","F","F","F","","","","",0,3,0,0,1,0,0,0,0,50,"NY1","NY1","CHN",1,"F","T",1,0,1,24,4,"T","F",4,4,"T","T","gowdh101","deanw101","T","T",0,0,0,0,0,0,3,5,48,"","","hartg103",0,0,0,0,0,0,0,0,0,0,0,0,0,"bushg101","F","F","F","F",0,0,0,0,0,0,0,0,0,0,F,F,"1924NY1.EVN.regular.event.csv",3112
"NY1192408050","CHN",8,0,0,0,0,"",0,1,"grigd101","?","grigd101","?","deanw101","?","deanw101","?","gowdh101","terrb101","frisf101","grohh101","jackt101","meusi101","wilsh102","oconj102","","","","2/FL","T","F",7,6,2,"T","T",0,"F","F",1,"F","F",0,"F","F",2,"F","F","T","",0,0,"N",0,"N",0,"N",0,0,0,0,"2","","","","F","F","F","F","F","F","F","F","F","","","","F","F","F","F","F","","","","",0,2,0,0,0,0,0,0,0,51,"NY1","CHN","NY1",0,"T","F",0,1,0,23,0,"T","F",0,0,"T","T","heatc101","cotth101","T","T",0,0,0,0,0,0,0,0,0,"","","",0,0,0,0,0,0,0,0,0,0,0,0,0,"gowdh101","F","F","F","F",0,0,0,0,1,0,0,0,0,0,F,F,"1924NY1.EVN.regular.event.csv",3113
"NY1192408050","CHN",8,0,1,0,0,"",0,1,"heatc101","?","heatc101","?","deanw101","?","deanw101","?","gowdh101","terrb101","frisf101","grohh101","jackt101","meusi101","wilsh102","oconj102","","","","S9","F","F",9,7,20,"T","T",1,"F","F",0,"F","F",0,"F","F",9,"","F","F","",0,0,"N",0,"N",0,"N",1,0,0,0,"","","","","F","F","F","F","F","F","F","F","F","","","","F","F","F","F","F","","","","",0,0,0,0,0,0,0,0,0,52,"NY1","CHN","NY1",0,"F","F",0,1,0,24,1,"T","F",0,1,"T","T","cotth101","bushg101","T","T",0,0,0,0,0,0,0,0,0,"","","",0,0,0,0,0,0,0,0,0,0,0,0,0,"oconj102","F","F","F","F",4,0,0,0,1,0,0,0,0,0,F,F,"1924NY1.EVN.regular.event.csv",3114
"NY1192408050","CHN",8,0,1,0,0,"",0,1,"cotth101","?","cotth101","?","deanw101","?","deanw101","?","gowdh101","terrb101","frisf101","grohh101","jackt101","meusi101","wilsh102","oconj102","heatc101","","","8/F","F","F",3,8,2,"T","T",0,"F","F",1,"F","F",0,"F","F",8,"F","F","F","",0,0,"N",0,"N",0,"N",0,1,0,0,"8","","","","F","F","F","F","F","F","F","F","F","deanw101","","","F","F","F","F","F","","","","",0,8,0,0,0,0,0,0,0,53,"NY1","CHN","NY1",0,"F","F",0,1,0,25,2,"T","F",1,1,"T","T","bushg101","statj101","T","T",9,7,52,0,0,0,0,0,0,"gowdh101","","",0,0,0,0,0,0,0,0,0,0,0,0,0,"wilsh102","F","F","F","F",0,4,0,0,1,0,0,0,0,0,F,F,"1924NY1.EVN.regular.event.csv",3115
"NY1192408050","CHN",8,0,2,0,0,"",0,1,"bushg101","?","bushg101","?","deanw101","?","deanw101","?","gowdh101","terrb101","frisf101","grohh101","jackt101","meusi101","wilsh102","oconj102","heatc101","","","D/L78.1-H","F","F",1,9,21,"T","T",2,"F","F",0,"F","F",1,"F","F",0,"L","F","F","78",0,0,"N",0,"N",0,"N",2,4,0,0,"","","","","F","F","F","F","F","F","F","F","F","deanw101","","","F","F","F","F","F","","","","",0,0,0,0,0,0,0,0,0,54,"NY1","CHN","NY1",0,"F","F",0,1,0,26,3,"T","F",1,2,"T","T","statj101","adams101","T","T",9,7,52,0,0,0,0,0,0,"gowdh101","","",0,0,0,0,0,0,0,0,0,0,0,0,1,"","F","F","F","F",0,4,0,0,0,0,0,0,0,0,F,F,"1924NY1.EVN.regular.event.csv",3116
"NY1192408050","CHN",8,0,2,0,0,"",1,1,"statj101","?","statj101","?","deanw101","?","deanw101","?","gowdh101","terrb101","frisf101","grohh101","jackt101","meusi101","wilsh102","oconj102","","bushg101","","7/F","F","F",8,1,2,"T","T",0,"F","F",1,"F","F",0,"F","F",7,"F","F","F","",0,0,"N",0,"N",0,"N",0,0,2,0,"7","","","","F","F","F","F","F","F","F","F","F","","deanw101","","F","F","F","F","F","","","","",0,7,0,0,0,0,0,0,0,55,"NY1","CHN","NY1",0,"F","T",1,1,1,27,4,"T","F",2,2,"T","T","adams101","grang102","T","T",0,0,0,1,9,54,0,0,0,"","gowdh101","",0,0,0,0,0,0,0,0,0,0,0,0,0,"meusi101","F","F","F","F",0,0,0,0,0,0,0,0,0,0,F,F,"1924NY1.EVN.regular.event.csv",3117
"NY1192408050","CHN",8,1,0,0,0,"",1,1,"gowdh101","?","gowdh101","?","bushg101","?","bushg101","?","hartg103","cotth101","grang102","fribb101","adams101","grigd101","statj101","heatc101","","","","6/P","T","F",2,8,2,"T","T",0,"F","F",1,"F","F",0,"F","F",6,"P","F","F","",0,0,"N",0,"N",0,"N",0,0,0,0,"6","","","","F","F","F","F","F","F","F","F","F","","","","F","F","F","F","F","","","","",0,6,0,0,0,0,0,0,0,56,"NY1","NY1","CHN",1,"T","F",1,1,0,25,0,"T","F",0,0,"T","T","deanw101","oconj102","T","T",0,0,0,0,0,0,0,0,0,"","","",0,0,0,0,0,0,0,0,0,0,0,0,0,"adams101","F","F","F","F",0,0,0,0,0,0,0,0,0,0,F,F,"1924NY1.EVN.regular.event.csv",3118
"NY1192408050","CHN",8,1,1,0,0,"",1,1,"deanw101","?","deanw101","?","bushg101","?","bushg101","?","hartg103","cotth101","grang102","fribb101","adams101","grigd101","statj101","heatc101","","","","9/L9D","F","F",1,9,2,"T","T",0,"F","F",1,"F","F",0,"F","F",9,"L","F","F","9D",0,0,"N",0,"N",0,"N",0,0,0,0,"9","","","","F","F","F","F","F","F","F","F","F","","","","F","F","F","F","F","","","","",0,9,0,0,0,0,0,0,0,57,"NY1","NY1","CHN",1,"F","F",1,1,0,26,1,"T","F",0,0,"T","T","oconj102","frisf101","T","T",0,0,0,0,0,0,0,0,0,"","","",0,0,0,0,0,0,0,0,0,0,0,0,0,"heatc101","F","F","F","F",0,0,0,0,0,0,0,0,0,0,F,F,"1924NY1.EVN.regular.event.csv",3119
"NY1192408050","CHN",8,1,2,0,0,"",1,1,"oconj102","?","oconj102","?","bushg101","?","bushg101","?","hartg103","cotth101","grang102","fribb101","adams101","grigd101","statj101","heatc101","","","","W","F","F",9,1,14,"T","F",0,"F","F",0,"F","F",0,"F","F",0,"","F","F","",0,0,"N",0,"N",0,"N",1,0,0,0,"","","","","F","F","F","F","F","F","F","F","F","","","","F","F","F","F","F","","","","",0,0,0,0,0,0,0,0,0,58,"NY1","NY1","CHN",1,"F","F",1,1,0,27,2,"T","F",0,1,"T","T","frisf101","wilsh102","T","T",0,0,0,0,0,0,0,0,0,"","","",0,0,0,0,0,0,0,0,0,0,0,0,0,"","F","F","F","F",0,0,0,0,0,0,0,0,0,0,F,F,"1924NY1.EVN.regular.event.csv",3120
"NY1192408050","CHN",8,1,2,0,0,"",1,1,"frisf101","?","frisf101","?","bushg101","?","bushg101","?","hartg103","cotth101","grang102","fribb101","adams101","grigd101","statj101","heatc101","oconj102","","","3/G","F","F",4,2,2,"T","T",0,"F","F",1,"F","F",0,"F","F",3,"G","F","F","",0,0,"N",0,"N",0,"N",0,1,0,0,"3","","","","F","F","F","F","F","F","F","F","F","bushg101","","","F","F","F","F","F","","","","",0,3,0,0,0,0,0,0,0,59,"NY1","NY1","CHN",1,"F","T",1,1,0,28,3,"T","F",1,1,"T","T","wilsh102","meusi101","T","T",9,1,58,0,0,0,0,0,0,"hartg103","","",0,0,0,0,0,0,0,0,0,0,0,0,0,"cotth101","F","F","F","F",0,0,0,0,0,0,0,0,0,0,F,F,"1924NY1.EVN.regular.event.csv",3121
"NY1192408050","CHN",9,0,0,0,0,"",1,1,"adams101","?","adams101","?","deanw101","?","deanw101","?","gowdh101","terrb101","frisf101","grohh101","jackt101","meusi101","wilsh102","oconj102","","","","7/F","T","F",6,2,2,"T","T",0,"F","F",1,"F","F",0,"F","F",7,"F","F","F","",0,0,"N",0,"N",0,"N",0,0,0,0,"7","","","","F","F","F","F","F","F","F","F","F","","","","F","F","F","F","F","","","","",0,7,0,0,0,0,0,0,0,60,"NY1","CHN","NY1",0,"T","F",1,1,0,28,0,"T","F",0,0,"T","T","grang102","hartg103","T","T",0,0,0,0,0,0,0,0,0,"","","",0,0,0,0,0,0,0,0,0,0,0,0,0,"meusi101","F","F","F","F",0,0,0,0,0,0,0,0,0,0,F,F,"1924NY1.EVN.regular.event.csv",3122
"NY1192408050","CHN",9,0,1,0,0,"",1,1,"grang102","?","grang102","?","deanw101","?","deanw101","?","gowdh101","terrb101","frisf101","grohh101","jackt101","meusi101","wilsh102","oconj102","","","","S8","F","F",4,3,20,"T","T",1,"F","F",0,"F","F",0,"F","F",8,"","F","F","",0,0,"N",0,"N",0,"N",1,0,0,0,"","","","","F","F","F","F","F","F","F","F","F","","","","F","F","F","F","F","","","","",0,0,0,0,0,0,0,0,0,61,"NY1","CHN","NY1",0,"F","F",1,1,0,29,1,"T","F",0,1,"T","T","hartg103","fribb101","T","T",0,0,0,0,0,0,0,0,0,"","","",0,0,0,0,0,0,0,0,0,0,0,0,0,"wilsh102","F","F","F","F",0,0,0,0,0,0,0,0,0,0,F,F,"1924NY1.EVN.regular.event.csv",3123
"NY1192408050","CHN",9,0,1,0,0,"",1,1,"hartg103","?","hartg103","?","deanw101","?","deanw101","?","gowdh101","terrb101","frisf101","grohh101","jackt101","meusi101","wilsh102","oconj102","grang102","","","8/F.1-2(E8/TH1)","F","F",2,4,2,"T","T",0,"F","F",1,"F","F",0,"F","F",8,"F","F","F","",1,8,"T",0,"N",0,"N",0,2,0,0,"8","","","","F","F","F","F","F","F","F","F","F","deanw101","","","F","F","F","F","F","","","","",0,8,0,0,0,0,0,0,0,62,"NY1","CHN","NY1",0,"F","F",1,1,0,30,2,"T","F",1,2,"T","T","fribb101","grigd101","T","T",4,3,61,0,0,0,0,0,0,"gowdh101","","",0,0,0,0,0,0,0,0,0,0,0,0,0,"wilsh102","F","F","F","F",0,0,0,0,0,0,0,0,0,0,F,F,"1924NY1.EVN.regular.event.csv",3124
"NY1192408050","CHN",9,0,2,0,0,"",1,1,"fribb101","?","fribb101","?","deanw101","?","deanw101","?","gowdh101","terrb101","frisf101","grohh101","jackt101","meusi101","wilsh102","oconj102","","grang102","","63","F","F",5,5,2,"T","T",0,"F","F",1,"F","F",0,"F","F",6,"G","F","F","",0,0,"N",0,"N",0,"N",0,0,2,0,"63","","","","F","F","F","F","F","F","F","F","F","","deanw101","","F","F","F","F","F","","","","",0,3,0,0,6,0,0,0,0,63,"NY1","CHN","NY1",0,"F","T",1,1,0,31,3,"T","F",2,2,"T","T","grigd101","heatc101","T","T",0,0,0,4,3,61,0,0,0,"","gowdh101","",0,0,0,0,0,0,0,0,0,0,0,0,0,"jackt101","F","F","F","F",0,0,0,0,0,0,0,0,0,0,F,F,"1924NY1.EVN.regular.event.csv",3125
"NY1192408050","CHN",9,1,0,0,0,"",1,1,"wilsh102","?","wilsh102","?","bushg101","?","bushg101","?","hartg103","cotth101","grang102","fribb101","adams101","grigd101","statj101","heatc101","","","","23/G2","T","F",8,3,2,"T","T",0,"F","F",1,"F","F",0,"F","F",2,"G","F","F","2",0,0,"N",0,"N",0,"N",0,0,0,0,"23","","","","F","F","F","F","F","F","F","F","F","","","","F","F","F","F","F","","","","",0,3,0,0,2,0,0,0,0,64,"NY1","NY1","CHN",1,"T","F",1,1,0,29,0,"T","F",0,0,"T","T","meusi101","terrb101","T","T",0,0,0,0,0,0,0,0,0,"","","",0,0,0,0,0,0,0,0,0,0,0,0,0,"hartg103","F","F","F","F",0,0,0,0,0,0,0,0,0,0,F,F,"1924NY1.EVN.regular.event.csv",3126
"NY1192408050","CHN",9,1,1,0,0,"",1,1,"meusi101","?","meusi101","?","bushg101","?","bushg101","?","hartg103","cotth101","grang102","fribb101","adams101","grigd101","statj101","heatc101","","","","S7","F","F",7,4,20,"T","T",1,"F","F",0,"F","F",0,"F","F",7,"","F","F","",0,0,"N",0,"N",0,"N",1,0,0,0,"","","","","F","F","F","F","F","F","F","F","F","","","","F","F","F","F","F","","","","",0,0,0,0,0,0,0,0,0,65,"NY1","NY1","CHN",1,"F","F",1,1,0,30,1,"T","F",0,1,"T","T","terrb101","jackt101","T","T",0,0,0,0,0,0,0,0,0,"","","",0,0,0,0,0,0,0,0,0,0,0,0,0,"grigd101","F","F","F","F",0,0,0,0,0,0,0,0,0,0,F,F,"1924NY1.EVN.regular.event.csv",3127
"NY1192408050","CHN",9,1,1,0,0,"",1,1,"terrb101","?","terrb101","?","bushg101","?","bushg101","?","hartg103","cotth101","grang102","fribb101","adams101","grigd101","statj101","heatc101","meusi101","","","8/F8XD.1-2","F","F",3,5,2,"T","T",0,"F","F",1,"F","F",0,"F","F",8,"F","F","F","8XD",0,0,"N",0,"N",0,"N",0,2,0,0,"8","","","","F","F","F","F","F","F","F","F","F","bushg101","","","F","F","F","F","F","","","","",0,8,0,0,0,0,0,0,0,66,"NY1","NY1","CHN",1,"F","F",1,1,0,31,2,"T","F",1,2,"T","T","jackt101","grohh101","T","T",7,4,65,0,0,0,0,0,0,"hartg103","","",0,0,0,0,0,0,0,0,0,0,0,0,0,"statj101","F","F","F","F",0,0,0,0,0,0,0,0,0,0,F,F,"1924NY1.EVN.regular.event.csv",3128
"NY1192408050","CHN",9,1,2,0,0,"",1,1,"jackt101","?","jackt101","?","bushg101","?","bushg101","?","hartg103","cotth101","grang102","fribb101","adams101","grigd101","statj101","heatc101","","meusi101","","63","F","F",6,6,2,"T","T",0,"F","F",1,"F","F",0,"F","F",6,"G","F","F","",0,0,"N",0,"N",0,"N",0,0,2,0,"63","","","","F","F","F","F","F","F","F","F","F","","bushg101","","F","F","F","F","F","","","","",0,3,0,0,6,0,0,0,0,67,"NY1","NY1","CHN",1,"F","T",1,1,0,32,3,"T","F",2,2,"T","T","grohh101","gowdh101","T","T",0,0,0,7,4,65,0,0,0,"","hartg103","",0,0,0,0,0,0,0,0,0,0,0,0,0,"adams101","F","F","F","F",0,0,0,0,0,0,0,0,0,0,F,F,"1924NY1.EVN.regular.event.csv",3129
"NY1192408050","CHN",10,0,0,0,0,"",1,1,"grigd101","?","grigd101","?","deanw101","?","deanw101","?","gowdh101","terrb101","frisf101","grohh101","jackt101","meusi101","wilsh102","oconj102","","","","31","T","F",7,6,2,"T","T",0,"F","F",1,"F","F",0,"F","F",3,"G","F","F","",0,0,"N",0,"N",0,"N",0,0,0,0,"31","","","","F","F","F","F","F","F","F","F","F","","","","F","F","F","F","F","","","","",0,1,0,0,3,0,0,0,0,68,"NY1","CHN","NY1",0,"T","F",1,1,0,32,0,"T","F",0,0,"T","T","heatc101","cotth101","T","T",0,0,0,0,0,0,0,0,0,"","","",0,0,0,0,0,0,0,0,0,0,0,0,0,"terrb101","F","F","F","F",0,0,0,0,0,0,0,0,0,0,F,F,"1924NY1.EVN.regular.event.csv",3130
"NY1192408050","CHN",10,0,1,0,0,"",1,1,"heatc101","?","heatc101","?","deanw101","?","deanw101","?","gowdh101","terrb101","frisf101","grohh101","jackt101","meusi101","wilsh102","oconj102","","","","8/F","F","F",9,7,2,"T","T",0,"F","F",1,"F","F",0,"F","F",8,"F","F","F","",0,0,"N",0,"N",0,"N",0,0,0,0,"8","","","","F","F","F","F","F","F","F","F","F","","","","F","F","F","F","F","","","","",0,8,0,0,0,0,0,0,0,69,"NY1","CHN","NY1",0,"F","F",1,1,0,33,1,"T","F",0,0,"T","T","cotth101","bushg101","T","T",0,0,0,0,0,0,0,0,0,"","","",0,0,0,0,0,0,0,0,0,0,0,0,0,"wilsh102","F","F","F","F",0,0,0,0,0,0,0,0,0,0,F,F,"1924NY1.EVN.regular.event.csv",3131
"NY1192408050","CHN",10,0,2,0,0,"",1,1,"cotth101","?","cotth101","?","deanw101","?","deanw101","?","gowdh101","terrb101","frisf101","grohh101","jackt101","meusi101","wilsh102","oconj102","","","","7/F7S","F","F",3,8,2,"T","T",0,"F","F",1,"F","F",0,"F","F",7,"F","F","F","7S",0,0,"N",0,"N",0,"N",0,0,0,0,"7","","","","F","F","F","F","F","F","F","F","F","","","","F","F","F","F","F","","","","",0,7,0,0,0,0,0,0,0,70,"NY1","CHN","NY1",0,"F","T",1,1,0,34,2,"T","F",0,0,"T","T","bushg101","statj101","T","T",0,0,0,0,0,0,0,0,0,"","","",0,0,0,0,0,0,0,0,0,0,0,0,0,"meusi101","F","F","F","F",0,0,0,0,0,0,0,0,0,0,F,F,"1924NY1.EVN.regular.event.csv",3132
"NY1192408050","CHN",10,1,0,0,0,"",1,1,"grohh101","?","grohh101","?","bushg101","?","bushg101","?","hartg103","cotth101","grang102","fribb101","adams101","grigd101","statj101","heatc101","","","","W","T","F",5,7,14,"T","F",0,"F","F",0,"F","F",0,"F","F",0,"","F","F","",0,0,"N",0,"N",0,"N",1,0,0,0,"","","","","F","F","F","F","F","F","F","F","F","","","","F","F","F","F","F","","","","",0,0,0,0,0,0,0,0,0,71,"NY1","NY1","CHN",1,"T","F",1,1,0,33,0,"T","F",0,1,"T","T","gowdh101","deanw101","T","T",0,0,0,0,0,0,0,0,0,"","","",0,0,0,0,0,0,0,0,0,0,0,0,0,"","F","F","F","F",5,0,0,0,1,0,0,0,0,0,F,F,"1924NY1.EVN.regular.event.csv",3133
"NY1192408050","CHN",10,1,0,0,0,"",1,1,"gowdh101","?","gowdh101","?","bushg101","?","bushg101","?","hartg103","cotth101","grang102","fribb101","adams101","grigd101","statj101","heatc101","grohh101","","","W.1-2","F","F",2,8,14,"T","F",0,"F","F",0,"F","F",0,"F","F",0,"","F","F","",0,0,"N",0,"N",0,"N",1,2,0,0,"","","","","F","F","F","F","F","F","F","F","F","bushg101","","","F","F","F","F","F","","","","",0,0,0,0,0,0,0,0,0,72,"NY1","NY1","CHN",1,"F","F",1,1,0,34,1,"T","F",1,3,"T","T","deanw101","oconj102","T","T",5,7,71,0,0,0,0,0,0,"hartg103","","",0,0,0,0,0,0,0,0,0,0,0,0,0,"","F","F","F","F",0,5,0,0,1,0,0,0,0,0,F,F,"1924NY1.EVN.regular.event.csv",3134
"NY1192408050","CHN",10,1,0,0,0,"",1,1,"deanw101","?","deanw101","?","bushg101","?","bushg101","?","hartg103","cotth101","grang102","fribb101","adams101","grigd101","statj101","heatc101","soutb101","grohh101","","2/BP2","F","F",1,9,2,"T","T",0,"F","F",1,"F","F",0,"F","F",2,"P","T","F","2",0,0,"N",0,"N",0,"N",0,1,2,0,"2","","","","F","F","F","F","F","F","F","F","F","bushg101","bushg101","","F","F","T","F","F","gowdh101","","","",0,2,0,0,0,0,0,0,0,73,"NY1","NY1","CHN",1,"F","F",1,1,0,35,2,"T","F",3,3,"T","T","oconj102","frisf101","T","T",0,8,72,5,7,71,0,0,0,"hartg103","hartg103","",0,0,0,0,0,0,0,0,0,0,0,0,0,"hartg103","F","F","F","F",0,0,5,0,1,0,0,0,0,0,F,F,"1924NY1.EVN.regular.event.csv",3135
"NY1192408050","CHN",10,1,1,0,0,"",1,1,"oconj102","?","oconj102","?","bushg101","?","bushg101","?","hartg103","cotth101","grang102","fribb101","adams101","grigd101","statj101","heatc101","soutb101","grohh101","","6(1)/FO.2-H(E6/TH1)(NR)(UR)","F","F",9,1,2,"T","T",0,"F","F",1,"F","F",0,"F","F",6,"G","F","F","",1,6,"T",0,"N",0,"N",1,0,5,0,"","6","","","F","F","F","F","F","F","F","F","F","bushg101","bushg101","","F","T","F","F","F","","","","",0,6,0,0,0,0,0,0,0,74,"NY1","NY1","CHN",1,"F","T",1,1,0,36,3,"T","F",3,1,"T","T","frisf101","wilsh102","T","T",0,8,72,5,7,71,0,0,0,"hartg103","hartg103","",0,0,0,0,0,0,0,0,0,0,0,0,1,"adams101","T","F","F","F",1,0,5,0,0,0,0,0,0,0,F,F,"1924NY1.EVN.regular.event.csv",3136
"NY1192408060","CHN",1,0,0,0,0,"",0,0,"statj101","?","statj101","?","mcquh101","?","mcquh101","?","snydf101","terrb101","lindf101","grohh101","frisf101","meusi101","wilsh102","oconj102","","","","W","T","F",8,1,14,"T","F",0,"F","F",0,"F","F",0,"F","F",0,"","F","F","",0,0,"N",0,"N",0,"N",1,0,0,0,"","","","","F","F","F","F","F","F","F","F","F","","","","T","F","F","F","F","","","","",0,0,0,0,0,0,0,0,0,1,"NY1","CHN","NY1",0,"T","F",0,0,0,0,0,"T","F",0,1,"T","T","adams101","grang102","T","T",0,0,0,0,0,0,0,0,0,"","","",0,0,0,0,0,0,0,0,0,0,0,0,0,"","F","F","F","F",0,0,0,0,0,0,0,0,0,0,F,F,"1924NY1.EVN.regular.event.csv",3137
"NY1192408060","CHN",1,0,0,0,0,"",0,0,"adams101","?","adams101","?","mcquh101","?","mcquh101","?","snydf101","terrb101","lindf101","grohh101","frisf101","meusi101","wilsh102","oconj102","statj101","","","64(1)/FO","F","F",6,2,2,"T","T",0,"F","F",1,"F","F",0,"F","F",6,"G","F","F","",0,0,"N",0,"N",0,"N",1,0,0,0,"","64","","","F","F","F","F","F","F","F","F","F","mcquh101","","","F","F","F","F","F","","","","",0,4,0,0,6,0,0,0,0,2,"NY1","CHN","NY1",0,"F","F",0,0,0,1,1,"T","F",1,1,"T","T","grang102","hartg103","T","T",8,1,1,0,0,0,0,0,0,"snydf101","","",0,0,0,0,0,0,0,0,0,0,0,0,0,"frisf101","T","F","F","F",0,0,0,0,0,0,0,0,0,0,F,F,"1924NY1.EVN.regular.event.csv",3138
"NY1192408060","CHN",1,0,1,0,0,"",0,0,"grang102","?","grang102","?","mcquh101","?","mcquh101","?","snydf101","terrb101","lindf101","grohh101","frisf101","meusi101","wilsh102","oconj102","adams101","","","3/G.1-2","F","F",4,3,2,"T","T",0,"F","F",1,"F","F",0,"F","F",3,"G","F","F","",0,0,"N",0,"N",0,"N",0,2,0,0,"3","","","","F","F","F","F","F","F","F","F","F","mcquh101","","","F","F","F","F","F","","","","",0,3,0,0,0,0,0,0,0,3,"NY1","CHN","NY1",0,"F","F",0,0,0,2,2,"T","F",1,2,"T","T","hartg103","fribb101","T","T",6,2,2,0,0,0,0,0,0,"snydf101","","",0,0,0,0,0,0,0,0,0,0,0,0,0,"terrb101","F","F","F","F",0,0,0,0,0,0,0,0,0,0,F,F,"1924NY1.EVN.regular.event.csv",3139
"NY1192408060","CHN",1,0,2,0,0,"",0,0,"hartg103","?","hartg103","?","mcquh101","?","mcquh101","?","snydf101","terrb101","lindf101","grohh101","frisf101","meusi101","wilsh102","oconj102","","adams101","","8/F","F","F",2,4,2,"T","T",0,"F","F",1,"F","F",0,"F","F",8,"F","F","F","",0,0,"N",0,"N",0,"N",0,0,2,0,"8","","","","F","F","F","F","F","F","F","F","F","","mcquh101","","F","F","F","F","F","","","","",0,8,0,0,0,0,0,0,0,4,"NY1","CHN","NY1",0,"F","T",0,0,0,3,3,"T","F",2,2,"T","T","fribb101","grigd101","T","T",0,0,0,6,2,2,0,0,0,"","snydf101","",0,0,0,0,0,0,0,0,0,0,0,0,0,"wilsh102","F","F","F","F",0,0,0,0,0,0,0,0,0,0,F,F,"1924NY1.EVN.regular.event.csv",3140
"NY1192408060","CHN",1,1,0,0,0,"",0,0,"oconj102","?","oconj102","?","kauft101","?","kauft101","?","hartg103","cotth101","grang102","fribb101","adams101","grigd101","statj101","heatc101","","","","W","T","F",9,1,14,"T","F",0,"F","F",0,"F","F",0,"F","F",0,"","F","F","",0,0,"N",0,"N",0,"N",1,0,0,0,"","","","","F","F","F","F","F","F","F","F","F","","","","F","F","F","F","F","","","","",0,0,0,0,0,0,0,0,0,5,"NY1","NY1","CHN",1,"T","F",0,0,0,0,0,"T","F",0,1,"T","T","frisf101","wilsh102","T","T",0,0,0,0,0,0,0,0,0,"","","",0,0,0,0,0,0,0,0,0,0,0,0,0,"","F","F","F","F",4,0,0,0,5,0,0,0,0,0,F,F,"1924NY1.EVN.regular.event.csv",3141
"NY1192408060","CHN",1,1,0,0,0,"",0,0,"frisf101","?","frisf101","?","kauft101","?","kauft101","?","hartg103","cotth101","grang102","fribb101","adams101","grigd101","statj101","heatc101","oconj102","","","W.1-2","F","F",6,2,14,"T","F",0,"F","F",0,"F","F",0,"F","F",0,"","F","F","",0,0,"N",0,"N",0,"N",1,2,0,0,"","","","","F","F","F","F","F","F","F","F","F","kauft101","","","F","F","F","F","F","","","","",0,0,0,0,0,0,0,0,0,6,"NY1","NY1","CHN",1,"F","F",0,0,0,1,1,"T","F",1,3,"T","T","wilsh102","meusi101","T","T",9,1,5,0,0,0,0,0,0,"hartg103","","",0,0,0,0,0,0,0,0,0,0,0,0,0,"","F","F","F","F",4,4,0,0,5,0,0,0,0,0,F,F,"1924NY1.EVN.regular.event.csv",3142
"NY1192408060","CHN",1,1,0,0,0,"",0,0,"wilsh102","?","wilsh102","?","kauft101","?","kauft101","?","hartg103","cotth101","grang102","fribb101","adams101","grigd101","statj101","heatc101","frisf101","oconj102","","9/F9D.2-3","F","F",8,3,2,"T","T",0,"F","F",1,"F","F",0,"F","F",9,"F","F","F","9D",0,0,"N",0,"N",0,"N",0,1,3,0,"9","","","","F","F","F","F","F","F","F","F","F","kauft101","kauft101","","F","F","F","F","F","","","","",0,9,0,0,0,0,0,0,0,7,"NY1","NY1","CHN",1,"F","F",0,0,0,2,2,"T","F",3,5,"T","T","meusi101","terrb101","T","T",6,2,6,9,1,5,0,0,0,"hartg103","hartg103","",0,0,0,0,0,0,0,0,0,0,0,0,0,"heatc101","F","F","F","F",0,4,4,0,5,0,0,0,0,0,F,F,"1924NY1.EVN.regular.event.csv",3143
"NY1192408060","CHN",1,1,1,0,0,"",0,0,"meusi101","?","meusi101","?","kauft101","?","kauft101","?","hartg103","cotth101","grang102","fribb101","adams101","grigd101","statj101","heatc101","frisf101","","oconj102","S9/L.3-H;1-2","F","F",7,4,20,"T","T",1,"F","F",0,"F","F",1,"F","F",9,"L","F","F","",0,0,"N",0,"N",0,"N",1,2,0,4,"","","","","F","F","F","F","F","F","F","F","F","kauft101","","kauft101","F","F","F","F","F","","","","",0,0,0,0,0,0,0,0,0,8,"NY1","NY1","CHN",1,"F","F",0,0,0,3,3,"T","F",5,3,"T","T","terrb101","lindf101","T","T",6,2,6,0,0,0,9,1,5,"hartg103","","hartg103",0,0,0,0,0,0,0,0,0,0,0,0,1,"heatc101","F","F","F","F",0,4,0,4,4,0,0,0,0,0,F,F,"1924NY1.EVN.regular.event.csv",3144
"NY1192408060","CHN",1,1,1,0,0,"",0,1,"terrb101","?","terrb101","?","kauft101","?","kauft101","?","hartg103","cotth101","grang102","fribb101","adams101","grigd101","statj101","heatc101","meusi101","frisf101","","46(1)/FO.2-3","F","F",3,5,2,"T","T",0,"F","F",1,"F","F",0,"F","F",4,"G","F","F","",0,0,"N",0,"N",0,"N",1,0,3,0,"","46","","","F","F","F","F","F","F","F","F","F","kauft101","kauft101","","F","F","F","F","F","","","","",0,6,0,0,4,0,0,0,0,9,"NY1","NY1","CHN",1,"F","F",1,0,1,4,4,"T","F",3,5,"T","T","lindf101","grohh101","T","T",7,4,8,6,2,6,0,0,0,"hartg103","hartg103","",0,0,0,0,0,0,0,0,0,0,0,0,0,"grang102","T","F","F","F",4,0,4,0,4,0,0,0,0,0,F,F,"1924NY1.EVN.regular.event.csv",3145
"NY1192408060","CHN",1,1,2,0,0,"",0,1,"lindf101","?","lindf101","?","kauft101","?","kauft101","?","hartg103","cotth101","grang102","fribb101","adams101","grigd101","statj101","heatc101","terrb101","","frisf101","SB2","F","F",4,6,4,"F","F",0,"F","F",0,"F","F",0,"F","F",0,"","F","F","",0,0,"N",0,"N",0,"N",0,2,0,3,"","","","","T","F","F","F","F","F","F","F","F","kauft101","","kauft101","F","F","F","F","F","","","","",0,0,0,0,0,0,0,0,0,10,"NY1","NY1","CHN",1,"F","F",1,0,1,5,5,"T","F",5,6,"T","T","grohh101","snydf101","T","T",3,5,9,0,0,0,6,2,6,"hartg103","","hartg103",0,0,0,0,0,0,0,0,0,0,0,0,0,"","F","F","F","F",0,4,0,4,4,0,0,0,0,0,F,F,"1924NY1.EVN.regular.event.csv",3146
"NY1192408060","CHN",1,1,2,0,0,"",0,1,"lindf101","?","lindf101","?","kauft101","?","kauft101","?","hartg103","cotth101","grang102","fribb101","adams101","grigd101","statj101","heatc101","","terrb101","frisf101","S6/G56.3-H;2-3","F","F",4,6,20,"T","T",1,"F","F",0,"F","F",1,"F","F",6,"G","F","F","56",0,0,"N",0,"N",0,"N",1,0,3,4,"","","","","F","F","F","F","F","F","F","F","F","","kauft101","kauft101","F","F","F","F","F","","","","",0,0,0,0,0,0,0,0,0,11,"NY1","NY1","CHN",1,"F","F",1,0,1,5,5,"F","F",6,5,"T","T","grohh101","snydf101","T","T",0,0,0,3,5,9,6,2,6,"","hartg103","hartg103",0,0,0,0,0,0,0,0,0,0,0,0,1,"adams101","F","F","F","F",5,0,4,4,3,0,0,0,0,0,F,F,"1924NY1.EVN.regular.event.csv",3147
"NY1192408060","CHN",1,1,2,0,0,"",0,2,"grohh101","?","grohh101","?","kauft101","?","kauft101","?","hartg103","cotth101","grang102","fribb101","adams101","grigd101","statj101","heatc101","lindf101","","terrb101","S8/L.3-H;1-H(E8/TH3)(NR)(UR);B-3(THH)","F","F",5,7,20,"T","T",1,"F","F",0,"F","F",1,"F","F",8,"L","F","F","",1,8,"T",0,"N",0,"N",3,5,0,4,"","","","","F","F","F","F","F","F","F","F","F","kauft101","","kauft101","F","F","F","F","F","","","","",0,0,0,0,0,0,0,0,0,12,"NY1","NY1","CHN",1,"F","F",2,0,2,6,6,"T","F",5,4,"T","T","snydf101","mcquh101","T","T",4,6,11,0,0,0,3,5,9,"hartg103","","hartg103",0,0,0,0,0,0,0,0,0,0,0,0,2,"statj101","F","F","F","F",5,5,0,4,1,0,0,0,0,0,F,F,"1924NY1.EVN.regular.event.csv",3148
"NY1192408060","CHN",1,1,2,0,0,"",0,4,"snydf101","?","snydf101","?","kauft101","?","kauft101","?","hartg103","cotth101","grang102","fribb101","adams101","grigd101","statj101","heatc101","","","grohh101","6E3.3-H(NR)(UR)","F","F",2,8,2,"T","T",0,"F","F",0,"F","F",0,"F","F",6,"G","F","F","",1,3,"D",0,"N",0,"N",1,0,0,5,"6E3","","","","F","F","F","F","F","F","F","F","F","","","kauft101","F","F","F","F","F","","","","",0,0,0,0,6,0,0,0,0,13,"NY1","NY1","CHN",1,"F","F",4,0,4,7,7,"T","F",4,1,"T","T","mcquh101","oconj102","T","T",0,0,0,0,0,0,5,7,12,"","","hartg103",0,0,0,0,0,0,0,0,0,0,0,0,1,"adams101","F","F","F","T",0,0,0,5,0,0,0,0,0,0,F,F,"1924NY1.EVN.regular.event.csv",3149
"NY1192408060","CHN",1,1,2,0,0,"",0,5,"mcquh101","?","mcquh101","?","kauft101","?","kauft101","?","hartg103","cotth101","grang102","fribb101","adams101","grigd101","statj101","heatc101","snydf101","","","K","F","F",1,9,3,"T","T",0,"F","F",1,"F","F",0,"F","F",0,"","F","F","",0,0,"N",0,"N",0,"N",0,1,0,0,"2","","","","F","F","F","F","F","F","F","F","F","kauft101","","","F","F","F","F","F","","","","",0,2,0,0,0,0,0,0,0,14,"NY1","NY1","CHN",1,"F","T",5,0,5,8,8,"T","F",1,1,"T","T","oconj102","frisf101","T","T",2,8,13,0,0,0,0,0,0,"hartg103","","",0,0,0,0,0,0,0,0,0,0,0,0,0,"","F","F","F","F",0,0,0,0,0,0,0,0,0,0,F,F,"1924NY1.EVN.regular.event.csv",3150
"NY1192408060","CHN",2,0,0,0,0,"",0,5,"fribb101","?","fribb101","?","mcquh101","?","mcquh101","?","snydf101","terrb101","lindf101","grohh101","frisf101","meusi101","wilsh102","oconj102","","","","53#","T","F",5,5,2,"T","T",0,"F","F",1,"F","F",0,"F","F",5,"G","F","F","",0,0,"N",0,"N",0,"N",0,0,0,0,"53","","","","F","F","F","F","F","F","F","F","F","","","","F","F","F","F","F","","","","",0,3,0,0,5,0,0,0,0,15,"NY1","CHN","NY1",0,"T","F",0,5,0,4,0,"T","F",0,0,"T","T","grigd101","heatc101","T","T",0,0,0,0,0,0,0,0,0,"","","",0,0,0,0,0,0,0,0,0,0,0,0,0,"grohh101","F","F","F","F",0,0,0,0,0,0,0,0,0,0,F,T,"1924NY1.EVN.regular.event.csv",3151
"NY1192408060","CHN",2,0,1,0,0,"",0,5,"grigd101","?","grigd101","?","mcquh101","?","mcquh101","?","snydf101","terrb101","lindf101","grohh101","frisf101","meusi101","wilsh102","oconj102","","","","13","F","F",7,6,2,"T","T",0,"F","F",1,"F","F",0,"F","F",1,"G","F","F","",0,0,"N",0,"N",0,"N",0,0,0,0,"13","","","","F","F","F","F","F","F","F","F","F","","","","F","F","F","F","F","","","","",0,3,0,0,1,0,0,0,0,16,"NY1","CHN","NY1",0,"F","F",0,5,0,5,1,"T","F",0,0,"T","T","heatc101","cotth101","T","T",0,0,0,0,0,0,0,0,0,"","","",0,0,0,0,0,0,0,0,0,0,0,0,0,"mcquh101","F","F","F","F",0,0,0,0,0,0,0,0,0,0,F,F,"1924NY1.EVN.regular.event.csv",3152
"NY1192408060","CHN",2,0,2,0,0,"",0,5,"heatc101","?","heatc101","?","mcquh101","?","mcquh101","?","snydf101","terrb101","lindf101","grohh101","frisf101","meusi101","wilsh102","oconj102","","","","7/L","F","F",9,7,2,"T","T",0,"F","F",1,"F","F",0,"F","F",7,"L","F","F","",0,0,"N",0,"N",0,"N",0,0,0,0,"7","","","","F","F","F","F","F","F","F","F","F","","","","F","F","F","F","F","","","","",0,7,0,0,0,0,0,0,0,17,"NY1","CHN","NY1",0,"F","T",0,5,0,6,2,"T","F",0,0,"T","T","cotth101","kauft101","T","T",0,0,0,0,0,0,0,0,0,"","","",0,0,0,0,0,0,0,0,0,0,0,0,0,"meusi101","F","F","F","F",0,0,0,0,0,0,0,0,0,0,F,F,"1924NY1.EVN.regular.event.csv",3153
"NY1192408060","CHN",2,1,0,0,0,"",0,5,"oconj102","?","oconj102","?","wheer101","?","wheer101","?","hartg103","cotth101","grang102","fribb101","adams101","grigd101","statj101","heatc101","","","","3/G","T","F",9,1,2,"T","T",0,"F","F",1,"F","F",0,"F","F",3,"G","F","F","",0,0,"N",0,"N",0,"N",0,0,0,0,"3","","","","F","F","F","F","F","F","F","F","F","","","","F","F","F","F","F","","","","",0,3,0,0,0,0,0,0,0,18,"NY1","NY1","CHN",1,"T","F",5,0,0,9,0,"T","F",0,0,"T","T","frisf101","wilsh102","F","F",0,0,0,0,0,0,0,0,0,"","","",0,0,0,0,0,0,0,0,0,0,0,0,0,"cotth101","F","F","F","F",0,0,0,0,0,0,0,0,0,0,F,F,"1924NY1.EVN.regular.event.csv",3154
"NY1192408060","CHN",2,1,1,0,0,"",0,5,"frisf101","?","frisf101","?","wheer101","?","wheer101","?","hartg103","cotth101","grang102","fribb101","adams101","grigd101","statj101","heatc101","","","","5/FL","F","F",6,2,2,"T","T",0,"F","F",1,"F","F",0,"F","F",5,"F","F","T","",0,0,"N",0,"N",0,"N",0,0,0,0,"5","","","","F","F","F","F","F","F","F","F","F","","","","F","F","F","F","F","","","","",0,5,0,0,0,0,0,0,0,19,"NY1","NY1","CHN",1,"F","F",5,0,0,10,1,"T","F",0,0,"T","T","wilsh102","meusi101","F","F",0,0,0,0,0,0,0,0,0,"","","",0,0,0,0,0,0,0,0,0,0,0,0,0,"fribb101","F","F","F","F",0,0,0,0,0,0,0,0,0,0,F,F,"1924NY1.EVN.regular.event.csv",3155
"NY1192408060","CHN",2,1,2,0,0,"",0,5,"wilsh102","?","wilsh102","?","wheer101","?","wheer101","?","hartg103","cotth101","grang102","fribb101","adams101","grigd101","statj101","heatc101","","","","13","F","F",8,3,2,"T","T",0,"F","F",1,"F","F",0,"F","F",1,"G","F","F","",0,0,"N",0,"N",0,"N",0,0,0,0,"13","","","","F","F","F","F","F","F","F","F","F","","","","F","F","F","F","F","","","","",0,3,0,0,1,0,0,0,0,20,"NY1","NY1","CHN",1,"F","T",5,0,0,11,2,"T","F",0,0,"T","T","meusi101","terrb101","F","F",0,0,0,0,0,0,0,0,0,"","","",0,0,0,0,0,0,0,0,0,0,0,0,0,"wheer101","F","F","F","F",0,0,0,0,0,0,0,0,0,0,F,F,"1924NY1.EVN.regular.event.csv",3156
"NY1192408060","CHN",3,0,0,0,0,"",0,5,"cotth101","?","cotth101","?","mcquh101","?","mcquh101","?","snydf101","terrb101","lindf101","grohh101","frisf101","meusi101","wilsh102","oconj102","","","","6/L","T","F",3,8,2,"T","T",0,"F","F",1,"F","F",0,"F","F",6,"L","F","F","",0,0,"N",0,"N",0,"N",0,0,0,0,"6","","","","F","F","F","F","F","F","F","F","F","","","","F","F","F","F","F","","","","",0,6,0,0,0,0,0,0,0,21,"NY1","CHN","NY1",0,"T","F",0,5,0,7,0,"T","F",0,0,"T","T","wheer101","statj101","T","T",0,0,0,0,0,0,0,0,0,"","","",0,0,0,0,0,0,0,0,0,0,0,0,0,"frisf101","F","F","F","F",0,0,0,0,0,0,0,0,0,0,F,F,"1924NY1.EVN.regular.event.csv",3157
"NY1192408060","CHN",3,0,1,0,0,"",0,5,"wheer101","?","wheer101","?","mcquh101","?","mcquh101","?","snydf101","terrb101","lindf101","grohh101","frisf101","meusi101","wilsh102","oconj102","","","","2/FL","F","F",1,9,2,"T","T",0,"F","F",1,"F","F",0,"F","F",2,"F","F","T","",0,0,"N",0,"N",0,"N",0,0,0,0,"2","","","","F","F","F","F","F","F","F","F","F","","","","F","F","F","F","F","","","","",0,2,0,0,0,0,0,0,0,22,"NY1","CHN","NY1",0,"F","F",0,5,0,8,1,"T","F",0,0,"F","F","statj101","adams101","T","T",0,0,0,0,0,0,0,0,0,"","","",0,0,0,0,0,0,0,0,0,0,0,0,0,"snydf101","F","F","F","F",0,0,0,0,0,0,0,0,0,0,F,F,"1924NY1.EVN.regular.event.csv",3158
"NY1192408060","CHN",3,0,2,0,0,"",0,5,"statj101","?","statj101","?","mcquh101","?","mcquh101","?","snydf101","terrb101","lindf101","grohh101","frisf101","meusi101","wilsh102","oconj102","","","","W","F","F",8,1,14,"T","F",0,"F","F",0,"F","F",0,"F","F",0,"","F","F","",0,0,"N",0,"N",0,"N",1,0,0,0,"","","","","F","F","F","F","F","F","F","F","F","","","","F","F","F","F","F","","","","",0,0,0,0,0,0,0,0,0,23,"NY1","CHN","NY1",0,"F","F",0,5,0,9,2,"T","F",0,1,"T","T","adams101","grang102","T","T",0,0,0,0,0,0,0,0,0,"","","",0,0,0,0,0,0,0,0,0,0,0,0,0,"","F","F","F","F",0,0,0,0,0,0,0,0,0,0,F,F,"1924NY1.EVN.regular.event.csv",3159
"NY1192408060","CHN",3,0,2,0,0,"",0,5,"adams101","?","adams101","?","mcquh101","?","mcquh101","?","snydf101","terrb101","lindf101","grohh101","frisf101","meusi101","wilsh102","oconj102","statj101","","","54(1)/FO","F","F",6,2,2,"T","T",0,"F","F",1,"F","F",0,"F","F",5,"G","F","F","",0,0,"N",0,"N",0,"N",1,0,0,0,"","54","","","F","F","F","F","F","F","F","F","F","mcquh101","","","F","F","F","F","F","","","","",0,4,0,0,5,0,0,0,0,24,"NY1","CHN","NY1",0,"F","T",0,5,0,10,3,"T","F",1,1,"T","T","grang102","hartg103","T","T",8,1,23,0,0,0,0,0,0,"snydf101","","",0,0,0,0,0,0,0,0,0,0,0,0,0,"grohh101","T","F","F","F",0,0,0,0,0,0,0,0,0,0,F,F,"1924NY1.EVN.regular.event.csv",3160
"NY1192408060","CHN",3,1,0,0,0,"",0,5,"meusi101","?","meusi101","?","wheer101","?","wheer101","?","hartg103","cotth101","grang102","fribb101","adams101","grigd101","statj101","heatc101","","","","9/F","T","F",7,4,2,"T","T",0,"F","F",1,"F","F",0,"F","F",9,"F","F","F","",0,0,"N",0,"N",0,"N",0,0,0,0,"9","","","","F","F","F","F","F","F","F","F","F","","","","F","F","F","F","F","","","","",0,9,0,0,0,0,0,0,0,25,"NY1","NY1","CHN",1,"T","F",5,0,0,12,0,"T","F",0,0,"T","T","terrb101","lindf101","F","F",0,0,0,0,0,0,0,0,0,"","","",0,0,0,0,0,0,0,0,0,0,0,0,0,"heatc101","F","F","F","F",0,0,0,0,0,0,0,0,0,0,F,F,"1924NY1.EVN.regular.event.csv",3161
"NY1192408060","CHN",3,1,1,0,0,"",0,5,"terrb101","?","terrb101","?","wheer101","?","wheer101","?","hartg103","cotth101","grang102","fribb101","adams101","grigd101","statj101","heatc101","","","","7/F","F","F",3,5,2,"T","T",0,"F","F",1,"F","F",0,"F","F",7,"F","F","F","",0,0,"N",0,"N",0,"N",0,0,0,0,"7","","","","F","F","F","F","F","F","F","F","F","","","","F","F","F","F","F","","","","",0,7,0,0,0,0,0,0,0,26,"NY1","NY1","CHN",1,"F","F",5,0,0,13,1,"T","F",0,0,"T","T","lindf101","grohh101","F","F",0,0,0,0,0,0,0,0,0,"","","",0,0,0,0,0,0,0,0,0,0,0,0,0,"grigd101","F","F","F","F",0,0,0,0,0,0,0,0,0,0,F,F,"1924NY1.EVN.regular.event.csv",3162
"NY1192408060","CHN",3,1,2,0,0,"",0,5,"lindf101","?","lindf101","?","wheer101","?","wheer101","?","hartg103","cotth101","grang102","fribb101","adams101","grigd101","statj101","heatc101","","","","6/P","F","F",4,6,2,"T","T",0,"F","F",1,"F","F",0,"F","F",6,"P","F","F","",0,0,"N",0,"N",0,"N",0,0,0,0,"6","","","","F","F","F","F","F","F","F","F","F","","","","F","F","F","F","F","","","","",0,6,0,0,0,0,0,0,0,27,"NY1","NY1","CHN",1,"F","T",5,0,0,14,2,"T","F",0,0,"T","T","grohh101","snydf101","F","F",0,0,0,0,0,0,0,0,0,"","","",0,0,0,0,0,0,0,0,0,0,0,0,0,"adams101","F","F","F","F",0,0,0,0,0,0,0,0,0,0,F,F,"1924NY1.EVN.regular.event.csv",3163
"NY1192408060","CHN",4,0,0,0,0,"",0,5,"grang102","?","grang102","?","mcquh101","?","mcquh101","?","snydf101","terrb101","lindf101","grohh101","frisf101","meusi101","wilsh102","oconj102","","","","8/F","T","F",4,3,2,"T","T",0,"F","F",1,"F","F",0,"F","F",8,"F","F","F","",0,0,"N",0,"N",0,"N",0,0,0,0,"8","","","","F","F","F","F","F","F","F","F","F","","","","F","F","F","F","F","","","","",0,8,0,0,0,0,0,0,0,28,"NY1","CHN","NY1",0,"T","F",0,5,0,11,0,"T","F",0,0,"T","T","hartg103","fribb101","T","T",0,0,0,0,0,0,0,0,0,"","","",0,0,0,0,0,0,0,0,0,0,0,0,0,"wilsh102","F","F","F","F",0,0,0,0,0,0,0,0,0,0,F,F,"1924NY1.EVN.regular.event.csv",3164
"NY1192408060","CHN",4,0,1,0,0,"",0,5,"hartg103","?","hartg103","?","mcquh101","?","mcquh101","?","snydf101","terrb101","lindf101","grohh101","frisf101","meusi101","wilsh102","oconj102","","","","D7","F","F",2,4,21,"T","T",2,"F","F",0,"F","F",0,"F","F",7,"","F","F","",0,0,"N",0,"N",0,"N",2,0,0,0,"","","","","F","F","F","F","F","F","F","F","F","","","","F","F","F","F","F","","","","",0,0,0,0,0,0,0,0,0,29,"NY1","CHN","NY1",0,"F","F",0,5,0,12,1,"T","F",0,2,"T","T","fribb101","grigd101","T","T",0,0,0,0,0,0,0,0,0,"","","",0,0,0,0,0,0,0,0,0,0,0,0,0,"meusi101","F","F","F","F",0,0,0,0,0,0,0,0,0,0,F,F,"1924NY1.EVN.regular.event.csv",3165
"NY1192408060","CHN",4,0,1,0,0,"",0,5,"fribb101","?","fribb101","?","mcquh101","?","mcquh101","?","snydf101","terrb101","lindf101","grohh101","frisf101","meusi101","wilsh102","oconj102","","hartg103","","7/F","F","F",5,5,2,"T","T",0,"F","F",1,"F","F",0,"F","F",7,"F","F","F","",0,0,"N",0,"N",0,"N",0,0,2,0,"7","","","","F","F","F","F","F","F","F","F","F","","mcquh101","","F","F","F","F","F","","","","",0,7,0,0,0,0,0,0,0,30,"NY1","CHN","NY1",0,"F","F",0,5,0,13,2,"T","F",2,2,"T","T","grigd101","heatc101","T","T",0,0,0,2,4,29,0,0,0,"","snydf101","",0,0,0,0,0,0,0,0,0,0,0,0,0,"meusi101","F","F","F","F",0,0,0,0,0,0,0,0,0,0,F,F,"1924NY1.EVN.regular.event.csv",3166
"NY1192408060","CHN",4,0,2,0,0,"",0,5,"grigd101","?","grigd101","?","mcquh101","?","mcquh101","?","snydf101","terrb101","lindf101","grohh101","frisf101","meusi101","wilsh102","oconj102","","hartg103","","7/F","F","F",7,6,2,"T","T",0,"F","F",1,"F","F",0,"F","F",7,"F","F","F","",0,0,"N",0,"N",0,"N",0,0,2,0,"7","","","","F","F","F","F","F","F","F","F","F","","mcquh101","","F","F","F","F","F","","","","",0,7,0,0,0,0,0,0,0,31,"NY1","CHN","NY1",0,"F","T",0,5,0,14,3,"T","F",2,2,"T","T","heatc101","cotth101","T","T",0,0,0,2,4,29,0,0,0,"","snydf101","",0,0,0,0,0,0,0,0,0,0,0,0,0,"meusi101","F","F","F","F",0,0,0,0,0,0,0,0,0,0,F,F,"1924NY1.EVN.regular.event.csv",3167
"NY1192408060","CHN",4,1,0,0,0,"",0,5,"grohh101","?","grohh101","?","wheer101","?","wheer101","?","hartg103","cotth101","grang102","fribb101","adams101","grigd101","statj101","heatc101","","","","6/P","T","F",5,7,2,"T","T",0,"F","F",1,"F","F",0,"F","F",6,"P","F","F","",0,0,"N",0,"N",0,"N",0,0,0,0,"6","","","","F","F","F","F","F","F","F","F","F","","","","F","F","F","F","F","","","","",0,6,0,0,0,0,0,0,0,32,"NY1","NY1","CHN",1,"T","F",5,0,0,15,0,"T","F",0,0,"T","T","snydf101","mcquh101","F","F",0,0,0,0,0,0,0,0,0,"","","",0,0,0,0,0,0,0,0,0,0,0,0,0,"adams101","F","F","F","F",0,0,0,0,0,0,0,0,0,0,F,F,"1924NY1.EVN.regular.event.csv",3168
"NY1192408060","CHN",4,1,1,0,0,"",0,5,"snydf101","?","snydf101","?","wheer101","?","wheer101","?","hartg103","cotth101","grang102","fribb101","adams101","grigd101","statj101","heatc101","","","","7/L","F","F",2,8,2,"T","T",0,"F","F",1,"F","F",0,"F","F",7,"L","F","F","",0,0,"N",0,"N",0,"N",0,0,0,0,"7","","","","F","F","F","F","F","F","F","F","F","","","","F","F","F","F","F","","","","",0,7,0,0,0,0,0,0,0,33,"NY1","NY1","CHN",1,"F","F",5,0,0,16,1,"T","F",0,0,"T","T","mcquh101","oconj102","F","F",0,0,0,0,0,0,0,0,0,"","","",0,0,0,0,0,0,0,0,0,0,0,0,0,"grigd101","F","F","F","F",0,0,0,0,0,0,0,0,0,0,F,F,"1924NY1.EVN.regular.event.csv",3169
"NY1192408060","CHN",4,1,2,0,0,"",0,5,"mcquh101","?","mcquh101","?","wheer101","?","wheer101","?","hartg103","cotth101","grang102","fribb101","adams101","grigd101","statj101","heatc101","","","","E5/TH1.B-2","F","F",1,9,18,"T","T",0,"F","F",0,"F","F",0,"F","F",5,"G","F","F","",1,5,"T",0,"N",0,"N",2,0,0,0,"","","","","F","F","F","F","F","F","F","F","F","","","","F","F","F","F","F","","","","",0,0,0,0,0,0,0,0,0,34,"NY1","NY1","CHN",1,"F","F",5,0,0,17,2,"T","F",0,2,"T","T","oconj102","frisf101","F","F",0,0,0,0,0,0,0,0,0,"","","",0,0,0,0,0,0,0,0,0,0,0,0,0,"fribb101","F","F","F","T",0,0,0,0,0,0,0,0,0,0,F,F,"1924NY1.EVN.regular.event.csv",3170
"NY1192408060","CHN",4,1,2,0,0,"",0,5,"oconj102","?","oconj102","?","wheer101","?","wheer101","?","hartg103","cotth101","grang102","fribb101","adams101","grigd101","statj101","heatc101","","mcquh101","","8/F","F","F",9,1,2,"T","T",0,"F","F",1,"F","F",0,"F","F",8,"F","F","F","",0,0,"N",0,"N",0,"N",0,0,2,0,"8","","","","F","F","F","F","F","F","F","F","F","","wheer101","","F","F","F","F","F","","","","",0,8,0,0,0,0,0,0,0,35,"NY1","NY1","CHN",1,"F","T",5,0,0,18,3,"T","F",2,2,"T","T","frisf101","wilsh102","F","F",0,0,0,1,9,34,0,0,0,"","hartg103","",0,0,0,0,0,0,0,0,0,0,0,0,0,"statj101","F","F","F","F",0,0,0,0,0,0,0,0,0,0,F,F,"1924NY1.EVN.regular.event.csv",3171
"NY1192408060","CHN",5,0,0,0,0,"",0,5,"heatc101","?","heatc101","?","mcquh101","?","mcquh101","?","snydf101","terrb101","lindf101","grohh101","frisf101","meusi101","wilsh102","oconj102","","","","7/F","T","F",9,7,2,"T","T",0,"F","F",1,"F","F",0,"F","F",7,"F","F","F","",0,0,"N",0,"N",0,"N",0,0,0,0,"7","","","","F","F","F","F","F","F","F","F","F","","","","F","F","F","F","F","","","","",0,7,0,0,0,0,0,0,0,36,"NY1","CHN","NY1",0,"T","F",0,5,0,15,0,"T","F",0,0,"T","T","cotth101","wheer101","T","T",0,0,0,0,0,0,0,0,0,"","","",0,0,0,0,0,0,0,0,0,0,0,0,0,"meusi101","F","F","F","F",0,0,0,0,1,0,0,0,0,0,F,F,"1924NY1.EVN.regular.event.csv",3172
"NY1192408060","CHN",5,0,1,0,0,"",0,5,"cotth101","?","cotth101","?","mcquh101","?","mcquh101","?","snydf101","terrb101","lindf101","grohh101","frisf101","meusi101","wilsh102","oconj102","","","","HR/F9D","F","F",3,8,23,"T","T",4,"F","F",0,"F","F",1,"F","F",0,"F","F","F","9D",0,0,"N",0,"N",0,"N",4,0,0,0,"","","","","F","F","F","F","F","F","F","F","F","","","","F","F","F","F","F","","","","",0,0,0,0,0,0,0,0,0,37,"NY1","CHN","NY1",0,"F","F",0,5,0,16,1,"T","F",0,0,"T","T","wheer101","statj101","T","T",0,0,0,0,0,0,0,0,0,"","","",0,0,0,0,0,0,0,0,0,0,0,0,1,"","F","F","F","F",4,0,0,0,0,0,0,0,0,0,F,F,"1924NY1.EVN.regular.event.csv",3173
"NY1192408060","CHN",5,0,1,0,0,"",1,5,"wheer101","?","wheer101","?","mcquh101","?","mcquh101","?","snydf101","terrb101","lindf101","grohh101","frisf101","meusi101","wilsh102","oconj102","","","","S8","F","F",1,9,20,"T","T",1,"F","F",0,"F","F",0,"F","F",8,"","F","F","",0,0,"N",0,"N",0,"N",1,0,0,0,"","","","","F","F","F","F","F","F","F","F","F","","","","F","F","F","F","F","","","","",0,0,0,0,0,0,0,0,0,38,"NY1","CHN","NY1",0,"F","F",1,5,1,17,2,"T","F",0,1,"F","F","statj101","adams101","T","T",0,0,0,0,0,0,0,0,0,"","","",0,0,0,0,0,0,0,0,0,0,0,0,0,"wilsh102","F","F","F","F",0,0,0,0,0,0,0,0,0,0,F,F,"1924NY1.EVN.regular.event.csv",3174
"NY1192408060","CHN",5,0,1,0,0,"",1,5,"statj101","?","statj101","?","mcquh101","?","mcquh101","?","snydf101","terrb101","lindf101","grohh101","frisf101","meusi101","wilsh102","oconj102","wheer101","","","13/SH.1-2#","F","F",8,1,2,"T","F",0,"T","F",1,"F","F",0,"F","F",1,"G","T","F","",0,0,"N",0,"N",0,"N",0,2,0,0,"13","","","","F","F","F","F","F","F","F","F","F","mcquh101","","","F","F","F","F","F","","","","",0,3,0,0,1,0,0,0,0,39,"NY1","CHN","NY1",0,"F","F",1,5,1,18,3,"T","F",1,2,"T","T","adams101","grang102","T","T",1,9,38,0,0,0,0,0,0,"snydf101","","",0,0,0,0,0,0,0,0,0,0,0,0,0,"mcquh101","F","F","F","F",0,0,0,0,0,0,0,0,0,0,F,T,"1924NY1.EVN.regular.event.csv",3175
"NY1192408060","CHN",5,0,2,0,0,"",1,5,"adams101","?","adams101","?","mcquh101","?","mcquh101","?","snydf101","terrb101","lindf101","grohh101","frisf101","meusi101","wilsh102","oconj102","","wheer101","","8/F","F","F",6,2,2,"T","T",0,"F","F",1,"F","F",0,"F","F",8,"F","F","F","",0,0,"N",0,"N",0,"N",0,0,2,0,"8","","","","F","F","F","F","F","F","F","F","F","","mcquh101","","F","F","F","F","F","","","","",0,8,0,0,0,0,0,0,0,40,"NY1","CHN","NY1",0,"F","T",1,5,1,19,4,"T","F",2,2,"T","T","grang102","hartg103","T","T",0,0,0,1,9,38,0,0,0,"","snydf101","",0,0,0,0,0,0,0,0,0,0,0,0,0,"wilsh102","F","F","F","F",0,0,0,0,0,0,0,0,0,0,F,F,"1924NY1.EVN.regular.event.csv",3176
"NY1192408060","CHN",5,1,0,0,0,"",1,5,"frisf101","?","frisf101","?","wheer101","?","wheer101","?","hartg103","cotth101","grang102","fribb101","adams101","grigd101","statj101","heatc101","","","","W","T","F",6,2,14,"T","F",0,"F","F",0,"F","F",0,"F","F",0,"","F","F","",0,0,"N",0,"N",0,"N",1,0,0,0,"","","","","F","F","F","F","F","F","F","F","F","","","","F","F","F","F","F","","","","",0,0,0,0,0,0,0,0,0,41,"NY1","NY1","CHN",1,"T","F",5,1,0,19,0,"T","F",0,1,"T","T","wilsh102","meusi101","F","F",0,0,0,0,0,0,0,0,0,"","","",0,0,0,0,0,0,0,0,0,0,0,0,0,"","F","F","F","F",0,0,0,0,0,0,0,0,0,0,F,F,"1924NY1.EVN.regular.event.csv",3177
"NY1192408060","CHN",5,1,0,0,0,"",1,5,"wilsh102","?","wilsh102","?","wheer101","?","wheer101","?","hartg103","cotth101","grang102","fribb101","adams101","grigd101","statj101","heatc101","frisf101","","","46(1)3/GDP","F","F",8,3,2,"T","T",0,"F","F",2,"T","F",0,"F","F",4,"G","F","F","",0,0,"N",0,"N",0,"N",0,0,0,0,"63","46","","","F","F","F","F","F","F","F","F","F","wheer101","","","F","F","F","F","F","","","","",0,6,3,0,4,6,0,0,0,42,"NY1","NY1","CHN",1,"F","F",5,1,0,20,1,"T","F",1,0,"T","T","meusi101","terrb101","F","F",6,2,41,0,0,0,0,0,0,"hartg103","","",0,0,0,0,0,0,0,0,0,0,0,0,0,"grang102","T","F","F","F",0,0,0,0,0,0,0,0,0,0,F,F,"1924NY1.EVN.regular.event.csv",3178
"NY1192408060","CHN",5,1,2,0,0,"",1,5,"meusi101","?","meusi101","?","wheer101","?","wheer101","?","hartg103","cotth101","grang102","fribb101","adams101","grigd101","statj101","heatc101","","","","63","F","F",7,4,2,"T","T",0,"F","F",1,"F","F",0,"F","F",6,"G","F","F","",0,0,"N",0,"N",0,"N",0,0,0,0,"63","","","","F","F","F","F","F","F","F","F","F","","","","F","F","F","F","F","","","","",0,3,0,0,6,0,0,0,0,43,"NY1","NY1","CHN",1,"F","T",5,1,0,21,2,"T","F",0,0,"T","T","terrb101","lindf101","F","F",0,0,0,0,0,0,0,0,0,"","","",0,0,0,0,0,0,0,0,0,0,0,0,0,"adams101","F","F","F","F",0,0,0,0,0,0,0,0,0,0,F,F,"1924NY1.EVN.regular.event.csv",3179
"NY1192408060","CHN",6,0,0,0,0,"X",1,5,"grang102","?","grang102","?","mcquh101","?","mcquh101","?","snydf101","terrb101","lindf101","grohh101","frisf101","meusi101","wilsh102","oconj102","","","","HR/F9D","T","F",4,3,23,"T","T",4,"F","F",0,"F","F",1,"F","F",0,"F","F","F","9D",0,0,"N",0,"N",0,"N",4,0,0,0,"","","","","F","F","F","F","F","F","F","F","F","","","","F","F","F","F","F","","","","",0,0,0,0,0,0,0,0,0,44,"NY1","CHN","NY1",0,"T","F",1,5,0,20,0,"T","F",0,0,"T","T","hartg103","fribb101","T","T",0,0,0,0,0,0,0,0,0,"","","",0,0,0,0,0,0,1,0,0,0,1,0,1,"","F","F","F","F",4,0,0,0,0,0,0,0,0,0,F,F,"1924NY1.EVN.regular.event.csv",3180
"NY1192408060","CHN",6,0,0,0,0,"",2,5,"hartg103","?","hartg103","?","mcquh101","?","mcquh101","?","snydf101","terrb101","lindf101","grohh101","frisf101","meusi101","wilsh102","oconj102","","","","K","F","F",2,4,3,"T","T",0,"F","F",1,"F","F",0,"F","F",0,"","F","F","",0,0,"N",0,"N",0,"N",0,0,0,0,"2","","","","F","F","F","F","F","F","F","F","F","","","","F","F","F","F","F","","","","",0,2,0,0,0,0,0,0,0,45,"NY1","CHN","NY1",0,"F","F",2,5,1,21,1,"T","F",0,0,"T","T","fribb101","grigd101","T","T",0,0,0,0,0,0,0,0,0,"","","",0,0,0,0,0,0,0,0,0,0,0,0,0,"","F","F","F","F",0,0,0,0,0,0,0,0,0,0,F,F,"1924NY1.EVN.regular.event.csv",3181
"NY1192408060","CHN",6,0,1,0,0,"",2,5,"fribb101","?","fribb101","?","mcquh101","?","mcquh101","?","snydf101","terrb101","lindf101","grohh101","frisf101","meusi101","wilsh102","oconj102","","","","3/P","F","F",5,5,2,"T","T",0,"F","F",1,"F","F",0,"F","F",3,"P","F","F","",0,0,"N",0,"N",0,"N",0,0,0,0,"3","","","","F","F","F","F","F","F","F","F","F","","","","F","F","F","F","F","","","","",0,3,0,0,0,0,0,0,0,46,"NY1","CHN","NY1",0,"F","F",2,5,1,22,2,"T","F",0,0,"T","T","grigd101","heatc101","T","T",0,0,0,0,0,0,0,0,0,"","","",0,0,0,0,0,0,0,0,0,0,0,0,0,"terrb101","F","F","F","F",0,0,0,0,0,0,0,0,0,0,F,F,"1924NY1.EVN.regular.event.csv",3182
"NY1192408060","CHN",6,0,2,0,0,"",2,5,"grigd101","?","grigd101","?","mcquh101","?","mcquh101","?","snydf101","terrb101","lindf101","grohh101","frisf101","meusi101","wilsh102","oconj102","","","","W","F","F",7,6,14,"T","F",0,"F","F",0,"F","F",0,"F","F",0,"","F","F","",0,0,"N",0,"N",0,"N",1,0,0,0,"","","","","F","F","F","F","F","F","F","F","F","","","","F","F","F","F","F","","","","",0,0,0,0,0,0,0,0,0,47,"NY1","CHN","NY1",0,"F","F",2,5,1,23,3,"T","F",0,1,"T","T","heatc101","cotth101","T","T",0,0,0,0,0,0,0,0,0,"","","",0,0,0,0,0,0,0,0,0,0,0,0,0,"","F","F","F","F",0,0,0,0,0,0,0,0,0,0,F,F,"1924NY1.EVN.regular.event.csv",3183
"NY1192408060","CHN",6,0,2,0,0,"",2,5,"heatc101","?","heatc101","?","mcquh101","?","mcquh101","?","snydf101","terrb101","lindf101","grohh101","frisf101","meusi101","wilsh102","oconj102","grigd101","","","S4/G4S.1-2","F","F",9,7,20,"T","T",1,"F","F",0,"F","F",0,"F","F",4,"G","F","F","4S",0,0,"N",0,"N",0,"N",1,2,0,0,"","","","","F","F","F","F","F","F","F","F","F","mcquh101","","","F","F","F","F","F","","","","",0,0,0,0,0,0,0,0,0,48,"NY1","CHN","NY1",0,"F","F",2,5,1,24,4,"T","F",1,3,"T","T","cotth101","wheer101","T","T",7,6,47,0,0,0,0,0,0,"snydf101","","",0,0,0,0,0,0,0,0,0,0,0,0,0,"lindf101","F","F","F","F",0,0,0,0,0,0,0,0,0,0,F,F,"1924NY1.EVN.regular.event.csv",3184
"NY1192408060","CHN",6,0,2,0,0,"",2,5,"cotth101","?","cotth101","?","mcquh101","?","mcquh101","?","snydf101","terrb101","lindf101","grohh101","frisf101","meusi101","wilsh102","oconj102","heatc101","grigd101","","7/F","F","F",3,8,2,"T","T",0,"F","F",1,"F","F",0,"F","F",7,"F","F","F","",0,0,"N",0,"N",0,"N",0,1,2,0,"7","","","","F","F","F","F","F","F","F","F","F","mcquh101","mcquh101","","F","F","F","F","F","","","","",0,7,0,0,0,0,0,0,0,49,"NY1","CHN","NY1",0,"F","T",2,5,1,25,5,"T","F",3,3,"T","T","wheer101","statj101","T","T",9,7,48,7,6,47,0,0,0,"snydf101","snydf101","",0,0,0,0,0,0,0,0,0,0,0,0,0,"meusi101","F","F","F","F",0,0,0,0,0,0,0,0,0,0,F,F,"1924NY1.EVN.regular.event.csv",3185
"NY1192408060","CHN",6,1,0,0,0,"",2,5,"terrb101","?","terrb101","?","wheer101","?","wheer101","?","hartg103","cotth101","grang102","fribb101","adams101","grigd101","statj101","heatc101","","","","5/P","T","F",3,5,2,"T","T",0,"F","F",1,"F","F",0,"F","F",5,"P","F","F","",0,0,"N",0,"N",0,"N",0,0,0,0,"5","","","","F","F","F","F","F","F","F","F","F","","","","F","F","F","F","F","","","","",0,5,0,0,0,0,0,0,0,50,"NY1","NY1","CHN",1,"T","F",5,2,0,22,0,"T","F",0,0,"T","T","lindf101","grohh101","F","F",0,0,0,0,0,0,0,0,0,"","","",0,0,0,0,0,0,0,0,0,0,0,0,0,"fribb101","F","F","F","F",0,0,0,0,0,0,0,0,0,0,F,F,"1924NY1.EVN.regular.event.csv",3186
"NY1192408060","CHN",6,1,1,0,0,"",2,5,"lindf101","?","lindf101","?","wheer101","?","wheer101","?","hartg103","cotth101","grang102","fribb101","adams101","grigd101","statj101","heatc101","","","","53","F","F",4,6,2,"T","T",0,"F","F",1,"F","F",0,"F","F",5,"G","F","F","",0,0,"N",0,"N",0,"N",0,0,0,0,"53","","","","F","F","F","F","F","F","F","F","F","","","","F","F","F","F","F","","","","",0,3,0,0,5,0,0,0,0,51,"NY1","NY1","CHN",1,"F","F",5,2,0,23,1,"T","F",0,0,"T","T","grohh101","snydf101","F","F",0,0,0,0,0,0,0,0,0,"","","",0,0,0,0,0,0,0,0,0,0,0,0,0,"fribb101","F","F","F","F",0,0,0,0,0,0,0,0,0,0,F,F,"1924NY1.EVN.regular.event.csv",3187
"NY1192408060","CHN",6,1,2,0,0,"",2,5,"grohh101","?","grohh101","?","wheer101","?","wheer101","?","hartg103","cotth101","grang102","fribb101","adams101","grigd101","statj101","heatc101","","","","53","F","F",5,7,2,"T","T",0,"F","F",1,"F","F",0,"F","F",5,"G","F","F","",0,0,"N",0,"N",0,"N",0,0,0,0,"53","","","","F","F","F","F","F","F","F","F","F","","","","F","F","F","F","F","","","","",0,3,0,0,5,0,0,0,0,52,"NY1","NY1","CHN",1,"F","T",5,2,0,24,2,"T","F",0,0,"T","T","snydf101","mcquh101","F","F",0,0,0,0,0,0,0,0,0,"","","",0,0,0,0,0,0,0,0,0,0,0,0,0,"fribb101","F","F","F","F",0,0,0,0,0,0,0,0,0,0,F,F,"1924NY1.EVN.regular.event.csv",3188
"NY1192408060","CHN",7,0,0,0,0,"",2,5,"wheer101","?","wheer101","?","mcquh101","?","mcquh101","?","snydf101","terrb101","lindf101","grohh101","frisf101","meusi101","wilsh102","oconj102","","","","43#","T","F",1,9,2,"T","T",0,"F","F",1,"F","F",0,"F","F",4,"G","F","F","",0,0,"N",0,"N",0,"N",0,0,0,0,"43","","","","F","F","F","F","F","F","F","F","F","","","","F","F","F","F","F","","","","",0,3,0,0,4,0,0,0,0,53,"NY1","CHN","NY1",0,"T","F",2,5,0,26,0,"T","F",0,0,"F","F","statj101","adams101","T","T",0,0,0,0,0,0,0,0,0,"","","",0,0,0,0,0,0,0,0,0,0,0,0,0,"lindf101","F","F","F","F",0,0,0,0,0,0,0,0,0,0,F,T,"1924NY1.EVN.regular.event.csv",3189
"NY1192408060","CHN",7,0,1,0,0,"",2,5,"statj101","?","statj101","?","mcquh101","?","mcquh101","?","snydf101","terrb101","lindf101","grohh101","frisf101","meusi101","wilsh102","oconj102","","","","9/F","F","F",8,1,2,"T","T",0,"F","F",1,"F","F",0,"F","F",9,"F","F","F","",0,0,"N",0,"N",0,"N",0,0,0,0,"9","","","","F","F","F","F","F","F","F","F","F","","","","F","F","F","F","F","","","","",0,9,0,0,0,0,0,0,0,54,"NY1","CHN","NY1",0,"F","F",2,5,0,27,1,"T","F",0,0,"T","T","adams101","grang102","T","T",0,0,0,0,0,0,0,0,0,"","","",0,0,0,0,0,0,0,0,0,0,0,0,0,"oconj102","F","F","F","F",0,0,0,0,0,0,0,0,0,0,F,F,"1924NY1.EVN.regular.event.csv",3190
"NY1192408060","CHN",7,0,2,0,0,"",2,5,"adams101","?","adams101","?","mcquh101","?","mcquh101","?","snydf101","terrb101","lindf101","grohh101","frisf101","meusi101","wilsh102","oconj102","","","","W","F","F",6,2,14,"T","F",0,"F","F",0,"F","F",0,"F","F",0,"","F","F","",0,0,"N",0,"N",0,"N",1,0,0,0,"","","","","F","F","F","F","F","F","F","F","F","","","","F","F","F","F","F","","","","",0,0,0,0,0,0,0,0,0,55,"NY1","CHN","NY1",0,"F","F",2,5,0,28,2,"T","F",0,1,"T","T","grang102","hartg103","T","T",0,0,0,0,0,0,0,0,0,"","","",0,0,0,0,0,0,0,0,0,0,0,0,0,"","F","F","F","F",0,0,0,0,0,0,0,0,0,0,F,F,"1924NY1.EVN.regular.event.csv",3191
"NY1192408060","CHN",7,0,2,0,0,"",2,5,"grang102","?","grang102","?","mcquh101","?","mcquh101","?","snydf101","terrb101","lindf101","grohh101","frisf101","meusi101","wilsh102","oconj102","adams101","","","3/G","F","F",4,3,2,"T","T",0,"F","F",1,"F","F",0,"F","F",3,"G","F","F","",0,0,"N",0,"N",0,"N",0,1,0,0,"3","","","","F","F","F","F","F","F","F","F","F","mcquh101","","","F","F","F","F","F","","","","",0,3,0,0,0,0,0,0,0,56,"NY1","CHN","NY1",0,"F","T",2,5,0,29,3,"T","F",1,1,"T","T","hartg103","fribb101","T","T",6,2,55,0,0,0,0,0,0,"snydf101","","",0,0,0,0,0,0,0,0,0,0,0,0,0,"terrb101","F","F","F","F",0,0,0,0,0,0,0,0,0,0,F,F,"1924NY1.EVN.regular.event.csv",3192
"NY1192408060","CHN",7,1,0,0,0,"",2,5,"snydf101","?","snydf101","?","wheer101","?","wheer101","?","hartg103","cotth101","grang102","fribb101","adams101","grigd101","statj101","heatc101","","","","63","T","F",2,8,2,"T","T",0,"F","F",1,"F","F",0,"F","F",6,"G","F","F","",0,0,"N",0,"N",0,"N",0,0,0,0,"63","","","","F","F","F","F","F","F","F","F","F","","","","F","F","F","F","F","","","","",0,3,0,0,6,0,0,0,0,57,"NY1","NY1","CHN",1,"T","F",5,2,0,25,0,"T","F",0,0,"T","T","mcquh101","oconj102","F","F",0,0,0,0,0,0,0,0,0,"","","",0,0,0,0,0,0,0,0,0,0,0,0,0,"adams101","F","F","F","F",0,0,0,0,0,0,0,0,0,0,F,F,"1924NY1.EVN.regular.event.csv",3193
"NY1192408060","CHN",7,1,1,0,0,"",2,5,"mcquh101","?","mcquh101","?","wheer101","?","wheer101","?","hartg103","cotth101","grang102","fribb101","adams101","grigd101","statj101","heatc101","","","","31","F","F",1,9,2,"T","T",0,"F","F",1,"F","F",0,"F","F",3,"G","F","F","",0,0,"N",0,"N",0,"N",0,0,0,0,"31","","","","F","F","F","F","F","F","F","F","F","","","","F","F","F","F","F","","","","",0,1,0,0,3,0,0,0,0,58,"NY1","NY1","CHN",1,"F","F",5,2,0,26,1,"T","F",0,0,"T","T","oconj102","frisf101","F","F",0,0,0,0,0,0,0,0,0,"","","",0,0,0,0,0,0,0,0,0,0,0,0,0,"cotth101","F","F","F","F",0,0,0,0,0,0,0,0,0,0,F,F,"1924NY1.EVN.regular.event.csv",3194
"NY1192408060","CHN",7,1,2,0,0,"",2,5,"oconj102","?","oconj102","?","wheer101","?","wheer101","?","hartg103","cotth101","grang102","fribb101","adams101","grigd101","statj101","heatc101","","","","D9","F","F",9,1,21,"T","T",2,"F","F",0,"F","F",0,"F","F",9,"","F","F","",0,0,"N",0,"N",0,"N",2,0,0,0,"","","","","F","F","F","F","F","F","F","F","F","","","","F","F","F","F","F","","","","",0,0,0,0,0,0,0,0,0,59,"NY1","NY1","CHN",1,"F","F",5,2,0,27,2,"T","F",0,2,"T","T","frisf101","wilsh102","F","F",0,0,0,0,0,0,0,0,0,"","","",0,0,0,0,0,0,0,0,0,0,0,0,0,"heatc101","F","F","F","F",0,0,0,0,0,0,0,0,0,0,F,F,"1924NY1.EVN.regular.event.csv",3195
"NY1192408060","CHN",7,1,2,0,0,"",2,5,"frisf101","?","frisf101","?","wheer101","?","wheer101","?","hartg103","cotth101","grang102","fribb101","adams101","grigd101","statj101","heatc101","","oconj102","","43","F","F",6,2,2,"T","T",0,"F","F",1,"F","F",0,"F","F",4,"G","F","F","",0,0,"N",0,"N",0,"N",0,0,2,0,"43","","","","F","F","F","F","F","F","F","F","F","","wheer101","","F","F","F","F","F","","","","",0,3,0,0,4,0,0,0,0,60,"NY1","NY1","CHN",1,"F","T",5,2,0,28,3,"T","F",2,2,"T","T","wilsh102","meusi101","F","F",0,0,0,9,1,59,0,0,0,"","hartg103","",0,0,0,0,0,0,0,0,0,0,0,0,0,"grang102","F","F","F","F",0,0,0,0,0,0,0,0,0,0,F,F,"1924NY1.EVN.regular.event.csv",3196
"NY1192408060","CHN",8,0,0,0,0,"",2,5,"hartg103","?","hartg103","?","mcquh101","?","mcquh101","?","snydf101","terrb101","lindf101","grohh101","frisf101","meusi101","wilsh102","oconj102","","","","8/F","T","F",2,4,2,"T","T",0,"F","F",1,"F","F",0,"F","F",8,"F","F","F","",0,0,"N",0,"N",0,"N",0,0,0,0,"8","","","","F","F","F","F","F","F","F","F","F","","","","F","F","F","F","F","","","","",0,8,0,0,0,0,0,0,0,61,"NY1","CHN","NY1",0,"T","F",2,5,0,30,0,"T","F",0,0,"T","T","fribb101","grigd101","T","T",0,0,0,0,0,0,0,0,0,"","","",0,0,0,0,0,0,0,0,0,0,0,0,0,"wilsh102","F","F","F","F",0,0,0,0,0,0,0,0,0,0,F,F,"1924NY1.EVN.regular.event.csv",3197
"NY1192408060","CHN",8,0,1,0,0,"",2,5,"fribb101","?","fribb101","?","mcquh101","?","mcquh101","?","snydf101","terrb101","lindf101","grohh101","frisf101","meusi101","wilsh102","oconj102","","","","4/FL","F","F",5,5,2,"T","T",0,"F","F",1,"F","F",0,"F","F",4,"F","F","T","",0,0,"N",0,"N",0,"N",0,0,0,0,"4","","","","F","F","F","F","F","F","F","F","F","","","","F","F","F","F","F","","","","",0,4,0,0,0,0,0,0,0,62,"NY1","CHN","NY1",0,"F","F",2,5,0,31,1,"T","F",0,0,"T","T","grigd101","heatc101","T","T",0,0,0,0,0,0,0,0,0,"","","",0,0,0,0,0,0,0,0,0,0,0,0,0,"lindf101","F","F","F","F",0,0,0,0,0,0,0,0,0,0,F,F,"1924NY1.EVN.regular.event.csv",3198
"NY1192408060","CHN",8,0,2,0,0,"",2,5,"grigd101","?","grigd101","?","mcquh101","?","mcquh101","?","snydf101","terrb101","lindf101","grohh101","frisf101","meusi101","wilsh102","oconj102","","","","E4/G","F","F",7,6,18,"T","T",0,"F","F",0,"F","F",0,"F","F",4,"G","F","F","",1,4,"F",0,"N",0,"N",1,0,0,0,"","","","","F","F","F","F","F","F","F","F","F","","","","F","F","F","F","F","","","","",0,0,0,0,0,0,0,0,0,63,"NY1","CHN","NY1",0,"F","F",2,5,0,32,2,"T","F",0,1,"T","T","heatc101","cotth101","T","T",0,0,0,0,0,0,0,0,0,"","","",0,0,0,0,0,0,0,0,0,0,0,0,0,"lindf101","F","F","F","T",0,0,0,0,0,0,0,0,0,0,F,F,"1924NY1.EVN.regular.event.csv",3199
"NY1192408060","CHN",8,0,2,0,0,"",2,5,"heatc101","?","heatc101","?","mcquh101","?","mcquh101","?","snydf101","terrb101","lindf101","grohh101","frisf101","meusi101","wilsh102","oconj102","grigd101","","","S8.1-2","F","F",9,7,20,"T","T",1,"F","F",0,"F","F",0,"F","F",8,"","F","F","",0,0,"N",0,"N",0,"N",1,2,0,0,"","","","","F","F","F","F","F","F","F","F","F","mcquh101","","","F","F","F","F","F","","","","",0,0,0,0,0,0,0,0,0,64,"NY1","CHN","NY1",0,"F","F",2,5,0,33,3,"T","F",1,3,"T","T","cotth101","wheer101","T","T",7,6,63,0,0,0,0,0,0,"snydf101","","",0,0,0,0,0,0,0,0,0,0,0,0,0,"wilsh102","F","F","F","F",0,0,0,0,0,0,0,0,0,0,F,F,"1924NY1.EVN.regular.event.csv",3200
"NY1192408060","CHN",8,0,2,0,0,"",2,5,"cotth101","?","cotth101","?","mcquh101","?","mcquh101","?","snydf101","terrb101","lindf101","grohh101","frisf101","meusi101","wilsh102","oconj102","heatc101","grigd101","","43","F","F",3,8,2,"T","T",0,"F","F",1,"F","F",0,"F","F",4,"G","F","F","",0,0,"N",0,"N",0,"N",0,1,2,0,"43","","","","F","F","F","F","F","F","F","F","F","mcquh101","mcquh101","","F","F","F","F","F","","","","",0,3,0,0,4,0,0,0,0,65,"NY1","CHN","NY1",0,"F","T",2,5,0,34,4,"T","F",3,3,"T","T","wheer101","statj101","T","T",9,7,64,7,6,63,0,0,0,"snydf101","snydf101","",0,0,0,0,0,0,0,0,0,0,0,0,0,"lindf101","F","F","F","F",0,0,0,0,0,0,0,0,0,0,F,F,"1924NY1.EVN.regular.event.csv",3201
"NY1192408060","CHN",8,1,0,0,0,"",2,5,"wilsh102","?","wilsh102","?","wheer101","?","wheer101","?","hartg103","cotth101","grang102","fribb101","adams101","grigd101","statj101","heatc101","","","","8/F","T","F",8,3,2,"T","T",0,"F","F",1,"F","F",0,"F","F",8,"F","F","F","",0,0,"N",0,"N",0,"N",0,0,0,0,"8","","","","F","F","F","F","F","F","F","F","F","","","","F","F","F","F","F","","","","",0,8,0,0,0,0,0,0,0,66,"NY1","NY1","CHN",1,"T","F",5,2,0,29,0,"T","F",0,0,"T","T","meusi101","terrb101","F","F",0,0,0,0,0,0,0,0,0,"","","",0,0,0,0,0,0,0,0,0,0,0,0,0,"statj101","F","F","F","F",0,0,0,0,0,0,0,0,0,0,F,F,"1924NY1.EVN.regular.event.csv",3202
"NY1192408060","CHN",8,1,1,0,0,"",2,5,"meusi101","?","meusi101","?","wheer101","?","wheer101","?","hartg103","cotth101","grang102","fribb101","adams101","grigd101","statj101","heatc101","","","","63","F","F",7,4,2,"T","T",0,"F","F",1,"F","F",0,"F","F",6,"G","F","F","",0,0,"N",0,"N",0,"N",0,0,0,0,"63","","","","F","F","F","F","F","F","F","F","F","","","","F","F","F","F","F","","","","",0,3,0,0,6,0,0,0,0,67,"NY1","NY1","CHN",1,"F","F",5,2,0,30,1,"T","F",0,0,"T","T","terrb101","lindf101","F","F",0,0,0,0,0,0,0,0,0,"","","",0,0,0,0,0,0,0,0,0,0,0,0,0,"adams101","F","F","F","F",0,0,0,0,0,0,0,0,0,0,F,F,"1924NY1.EVN.regular.event.csv",3203
"NY1192408060","CHN",8,1,2,0,0,"",2,5,"terrb101","?","terrb101","?","wheer101","?","wheer101","?","hartg103","cotth101","grang102","fribb101","adams101","grigd101","statj101","heatc101","","","","6/P","F","F",3,5,2,"T","T",0,"F","F",1,"F","F",0,"F","F",6,"P","F","F","",0,0,"N",0,"N",0,"N",0,0,0,0,"6","","","","F","F","F","F","F","F","F","F","F","","","","F","F","F","F","F","","","","",0,6,0,0,0,0,0,0,0,68,"NY1","NY1","CHN",1,"F","T",5,2,0,31,2,"T","F",0,0,"T","T","lindf101","grohh101","F","F",0,0,0,0,0,0,0,0,0,"","","",0,0,0,0,0,0,0,0,0,0,0,0,0,"adams101","F","F","F","F",0,0,0,0,0,0,0,0,0,0,F,F,"1924NY1.EVN.regular.event.csv",3204
"NY1192408060","CHN",9,0,0,0,0,"",2,5,"hollc101","?","hollc101","?","mcquh101","?","mcquh101","?","snydf101","terrb101","lindf101","grohh101","frisf101","meusi101","wilsh102","oconj102","","","","3/FL","T","T",11,9,2,"T","T",0,"F","F",1,"F","F",0,"F","F",3,"F","F","T","",0,0,"N",0,"N",0,"N",0,0,0,0,"3","","","","F","F","F","F","F","F","F","F","F","","","","F","F","F","F","F","","","","wheer101",1,3,0,0,0,0,0,0,0,69,"NY1","CHN","NY1",0,"T","F",2,5,0,35,0,"T","F",0,0,"F","F","statj101","adams101","T","T",0,0,0,0,0,0,0,0,0,"","","",0,0,0,0,0,0,0,0,0,0,0,0,0,"terrb101","F","F","F","F",0,0,0,0,0,0,0,0,0,0,F,F,"1924NY1.EVN.regular.event.csv",3205
"NY1192408060","CHN",9,0,1,0,0,"",2,5,"statj101","?","statj101","?","mcquh101","?","mcquh101","?","snydf101","terrb101","lindf101","grohh101","frisf101","meusi101","wilsh102","oconj102","","","","S/3","F","F",8,1,20,"T","T",1,"F","F",0,"F","F",0,"F","F",0,"","F","F","3",0,0,"N",0,"N",0,"N",1,0,0,0,"","","","","F","F","F","F","F","F","F","F","F","","","","F","F","F","F","F","","","","",0,0,0,0,0,0,0,0,0,70,"NY1","CHN","NY1",0,"F","F",2,5,0,36,1,"T","F",0,1,"T","T","adams101","grang102","T","T",0,0,0,0,0,0,0,0,0,"","","",0,0,0,0,0,0,0,0,0,0,0,0,0,"","F","F","F","F",0,0,0,0,0,0,0,0,0,0,F,F,"1924NY1.EVN.regular.event.csv",3206
"NY1192408060","CHN",9,0,1,0,0,"",2,5,"adams101","?","adams101","?","mcquh101","?","mcquh101","?","snydf101","terrb101","lindf101","grohh101","frisf101","meusi101","wilsh102","oconj102","statj101","","","16(1)/FO","F","F",6,2,2,"T","T",0,"F","F",1,"F","F",0,"F","F",1,"G","F","F","",0,0,"N",0,"N",0,"N",1,0,0,0,"","16","","","F","F","F","F","F","F","F","F","F","mcquh101","","","F","F","F","F","F","","","","",0,6,0,0,1,0,0,0,0,71,"NY1","CHN","NY1",0,"F","F",2,5,0,37,2,"T","F",1,1,"T","T","grang102","hartg103","T","T",8,1,70,0,0,0,0,0,0,"snydf101","","",0,0,0,0,0,0,0,0,0,0,0,0,0,"mcquh101","T","F","F","F",3,0,0,0,0,0,0,0,0,0,F,F,"1924NY1.EVN.regular.event.csv",3207
"NY1192408060","CHN",9,0,2,0,0,"",2,5,"grang102","?","grang102","?","mcquh101","?","mcquh101","?","snydf101","terrb101","lindf101","grohh101","frisf101","meusi101","wilsh102","oconj102","adams101","","","D9.1-3","F","F",4,3,21,"T","T",2,"F","F",0,"F","F",0,"F","F",9,"","F","F","",0,0,"N",0,"N",0,"N",2,3,0,0,"","","","","F","F","F","F","F","F","F","F","F","mcquh101","","","F","F","F","F","F","","","","",0,0,0,0,0,0,0,0,0,72,"NY1","CHN","NY1",0,"F","F",2,5,0,38,3,"T","F",1,6,"T","T","hartg103","fribb101","T","T",6,2,71,0,0,0,0,0,0,"snydf101","","",0,0,0,0,0,0,0,0,0,0,0,0,0,"oconj102","F","F","F","F",2,3,0,0,0,0,0,0,0,0,F,F,"1924NY1.EVN.regular.event.csv",3208
"NY1192408060","CHN",9,0,2,0,0,"",2,5,"hartg103","?","hartg103","?","mcquh101","?","mcquh101","?","snydf101","terrb101","lindf101","grohh101","frisf101","meusi101","wilsh102","oconj102","","grang102","adams101","9/F","F","F",2,4,2,"T","T",0,"F","F",1,"F","F",0,"F","F",9,"F","F","F","",0,0,"N",0,"N",0,"N",0,0,2,3,"9","","","","F","F","F","F","F","F","F","F","F","","mcquh101","mcquh101","F","T","F","F","F","","","","",0,9,0,0,0,0,0,0,0,73,"NY1","CHN","NY1",0,"F","T",2,5,0,39,4,"T","F",6,6,"T","T","fribb101","grigd101","T","T",0,0,0,4,3,72,6,2,71,"","snydf101","snydf101",0,0,0,0,0,0,0,0,0,0,0,0,0,"oconj102","F","F","F","F",0,0,2,3,0,0,0,0,0,0,F,F,"1924NY1.EVN.regular.event.csv",3209
"NY1192408070","CHN",1,0,0,0,0,"",0,0,"statj101","?","statj101","?","nehfa101","?","nehfa101","?","snydf101","terrb101","lindf101","grohh101","frisf101","meusi101","wilsh102","oconj102","","","","8/F","T","F",8,1,2,"T","T",0,"F","F",1,"F","F",0,"F","F",8,"F","F","F","",0,0,"N",0,"N",0,"N",0,0,0,0,"8","","","","F","F","F","F","F","F","F","F","F","","","","T","F","F","F","F","","","","",0,8,0,0,0,0,0,0,0,1,"NY1","CHN","NY1",0,"T","F",0,0,0,0,0,"T","F",0,0,"T","T","adams101","grang102","T","T",0,0,0,0,0,0,0,0,0,"","","",0,0,0,0,0,0,0,0,0,0,0,0,0,"wilsh102","F","F","F","F",0,0,0,0,0,0,0,0,0,0,F,F,"1924NY1.EVN.regular.event.csv",3210
"NY1192408070","CHN",1,0,1,0,0,"",0,0,"adams101","?","adams101","?","nehfa101","?","nehfa101","?","snydf101","terrb101","lindf101","grohh101","frisf101","meusi101","wilsh102","oconj102","","","","7/F","F","F",6,2,2,"T","T",0,"F","F",1,"F","F",0,"F","F",7,"F","F","F","",0,0,"N",0,"N",0,"N",0,0,0,0,"7","","","","F","F","F","F","F","F","F","F","F","","","","F","F","F","F","F","","","","",0,7,0,0,0,0,0,0,0,2,"NY1","CHN","NY1",0,"F","F",0,0,0,1,1,"T","F",0,0,"T","T","grang102","hartg103","T","T",0,0,0,0,0,0,0,0,0,"","","",0,0,0,0,0,0,0,0,0,0,0,0,0,"meusi101","F","F","F","F",0,0,0,0,0,0,0,0,0,0,F,F,"1924NY1.EVN.regular.event.csv",3211
"NY1192408070","CHN",1,0,2,0,0,"",0,0,"grang102","?","grang102","?","nehfa101","?","nehfa101","?","snydf101","terrb101","lindf101","grohh101","frisf101","meusi101","wilsh102","oconj102","","","","9/F9D","F","F",4,3,2,"T","T",0,"F","F",1,"F","F",0,"F","F",9,"F","F","F","9D",0,0,"N",0,"N",0,"N",0,0,0,0,"9","","","","F","F","F","F","F","F","F","F","F","","","","F","F","F","F","F","","","","",0,9,0,0,0,0,0,0,0,3,"NY1","CHN","NY1",0,"F","T",0,0,0,2,2,"T","F",0,0,"T","T","hartg103","fribb101","T","T",0,0,0,0,0,0,0,0,0,"","","",0,0,0,0,0,0,0,0,0,0,0,0,0,"oconj102","F","F","F","F",0,0,0,0,0,0,0,0,0,0,F,F,"1924NY1.EVN.regular.event.csv",3212
"NY1192408070","CHN",1,1,0,0,0,"",0,0,"oconj102","?","oconj102","?","blaks101","?","blaks101","?","hartg103","cotth101","grang102","fribb101","adams101","grigd101","statj101","vogeo101","","","","K/C","T","F",9,1,3,"T","T",0,"F","F",1,"F","F",0,"F","F",0,"","F","F","",0,0,"N",0,"N",0,"N",0,0,0,0,"2","","","","F","F","F","F","F","F","F","F","F","","","","F","F","F","F","F","","","","",0,2,0,0,0,0,0,0,0,4,"NY1","NY1","CHN",1,"T","F",0,0,0,0,0,"T","F",0,0,"T","T","frisf101","wilsh102","T","T",0,0,0,0,0,0,0,0,0,"","","",0,0,0,0,0,0,0,0,0,0,0,0,0,"","F","F","F","F",0,0,0,0,0,0,0,0,0,0,F,F,"1924NY1.EVN.regular.event.csv",3213
"NY1192408070","CHN",1,1,1,0,0,"",0,0,"frisf101","?","frisf101","?","blaks101","?","blaks101","?","hartg103","cotth101","grang102","fribb101","adams101","grigd101","statj101","vogeo101","","","","63","F","F",6,2,2,"T","T",0,"F","F",1,"F","F",0,"F","F",6,"G","F","F","",0,0,"N",0,"N",0,"N",0,0,0,0,"63","","","","F","F","F","F","F","F","F","F","F","","","","F","F","F","F","F","","","","",0,3,0,0,6,0,0,0,0,5,"NY1","NY1","CHN",1,"F","F",0,0,0,1,1,"T","F",0,0,"T","T","wilsh102","meusi101","T","T",0,0,0,0,0,0,0,0,0,"","","",0,0,0,0,0,0,0,0,0,0,0,0,0,"adams101","F","F","F","F",0,0,0,0,0,0,0,0,0,0,F,F,"1924NY1.EVN.regular.event.csv",3214
"NY1192408070","CHN",1,1,2,0,0,"",0,0,"wilsh102","?","wilsh102","?","blaks101","?","blaks101","?","hartg103","cotth101","grang102","fribb101","adams101","grigd101","statj101","vogeo101","","","","43","F","F",8,3,2,"T","T",0,"F","F",1,"F","F",0,"F","F",4,"G","F","F","",0,0,"N",0,"N",0,"N",0,0,0,0,"43","","","","F","F","F","F","F","F","F","F","F","","","","F","F","F","F","F","","","","",0,3,0,0,4,0,0,0,0,6,"NY1","NY1","CHN",1,"F","T",0,0,0,2,2,"T","F",0,0,"T","T","meusi101","terrb101","T","T",0,0,0,0,0,0,0,0,0,"","","",0,0,0,0,0,0,0,0,0,0,0,0,0,"grang102","F","F","F","F",0,0,0,0,0,0,0,0,0,0,F,F,"1924NY1.EVN.regular.event.csv",3215
"NY1192408070","CHN",2,0,0,0,0,"",0,0,"hartg103","?","hartg103","?","nehfa101","?","nehfa101","?","snydf101","terrb101","lindf101","grohh101","frisf101","meusi101","wilsh102","oconj102","","","","S4/G","T","F",2,4,20,"T","T",1,"F","F",0,"F","F",0,"F","F",4,"G","F","F","",0,0,"N",0,"N",0,"N",1,0,0,0,"","","","","F","F","F","F","F","F","F","F","F","","","","F","F","F","F","F","","","","",0,0,0,0,0,0,0,0,0,7,"NY1","CHN","NY1",0,"T","F",0,0,0,3,0,"T","F",0,1,"T","T","fribb101","grigd101","T","T",0,0,0,0,0,0,0,0,0,"","","",0,0,0,0,0,0,0,0,0,0,0,0,0,"lindf101","F","F","F","F",4,0,0,0,1,0,0,0,0,0,F,F,"1924NY1.EVN.regular.event.csv",3216
"NY1192408070","CHN",2,0,0,0,0,"",0,0,"fribb101","?","fribb101","?","nehfa101","?","nehfa101","?","snydf101","terrb101","lindf101","grohh101","frisf101","meusi101","wilsh102","oconj102","hartg103","","","S9.1-3","F","F",5,5,20,"T","T",1,"F","F",0,"F","F",0,"F","F",9,"","F","F","",0,0,"N",0,"N",0,"N",1,3,0,0,"","","","","F","F","F","F","F","F","F","F","F","nehfa101","","","F","F","F","F","F","","","","",0,0,0,0,0,0,0,0,0,8,"NY1","CHN","NY1",0,"F","F",0,0,0,4,1,"T","F",1,5,"T","T","grigd101","vogeo101","T","T",2,4,7,0,0,0,0,0,0,"snydf101","","",0,0,0,0,0,0,0,0,0,0,0,0,0,"oconj102","F","F","F","F",0,4,0,0,1,0,0,0,0,0,F,F,"1924NY1.EVN.regular.event.csv",3217
"NY1192408070","CHN",2,0,0,0,0,"",0,0,"grigd101","?","grigd101","?","nehfa101","?","nehfa101","?","snydf101","terrb101","lindf101","grohh101","frisf101","meusi101","wilsh102","oconj102","fribb101","","hartg103","W.1-2","F","F",7,6,14,"T","F",0,"F","F",0,"F","F",0,"F","F",0,"","F","F","",0,0,"N",0,"N",0,"N",1,2,0,3,"","","","","F","F","F","F","F","F","F","F","F","nehfa101","","nehfa101","F","F","F","F","F","","","","",0,0,0,0,0,0,0,0,0,9,"NY1","CHN","NY1",0,"F","F",0,0,0,5,2,"T","F",5,7,"T","T","vogeo101","cotth101","T","T",5,5,8,0,0,0,2,4,7,"snydf101","","snydf101",0,0,0,0,0,0,0,0,0,0,0,0,0,"","F","F","F","F",0,0,0,4,1,0,0,0,0,0,F,F,"1924NY1.EVN.regular.event.csv",3218
"NY1192408070","CHN",2,0,0,0,0,"",0,0,"vogeo101","?","vogeo101","?","nehfa101","?","nehfa101","?","snydf101","terrb101","lindf101","grohh101","frisf101","meusi101","wilsh102","oconj102","grigd101","fribb101","hartg103","7/F7D/SF.3-H","F","F",9,7,2,"T","F",0,"F","T",1,"F","F",1,"F","F",7,"F","F","F","7D",0,0,"N",0,"N",0,"N",0,1,2,4,"7","","","","F","F","F","F","F","F","F","F","F","nehfa101","nehfa101","nehfa101","F","F","F","F","F","","","","",0,7,0,0,0,0,0,0,0,10,"NY1","CHN","NY1",0,"F","F",0,0,0,6,3,"T","F",7,3,"T","T","cotth101","blaks101","T","T",7,6,9,5,5,8,2,4,7,"snydf101","snydf101","snydf101",0,0,0,0,0,0,0,0,0,0,0,0,1,"meusi101","F","F","F","F",0,0,0,4,0,0,0,0,0,0,F,F,"1924NY1.EVN.regular.event.csv",3219
"NY1192408070","CHN",2,0,1,0,0,"",1,0,"cotth101","?","cotth101","?","nehfa101","?","nehfa101","?","snydf101","terrb101","lindf101","grohh101","frisf101","meusi101","wilsh102","oconj102","grigd101","fribb101","","4/LDP.1X1(43)","F","F",3,8,2,"T","T",0,"F","F",2,"T","F",0,"F","F",4,"L","F","F","",0,0,"N",0,"N",0,"N",0,0,2,0,"4","43","","","F","F","F","F","F","F","F","F","F","nehfa101","nehfa101","","F","F","F","F","F","","","","",0,4,3,0,4,0,0,0,0,11,"NY1","CHN","NY1",0,"F","T",1,0,1,7,4,"T","F",3,2,"T","T","blaks101","statj101","T","T",7,6,9,5,5,8,0,0,0,"snydf101","snydf101","",0,0,0,0,0,0,0,0,0,0,0,0,0,"lindf101","F","F","F","F",0,0,0,0,0,0,0,0,0,0,F,F,"1924NY1.EVN.regular.event.csv",3220
"NY1192408070","CHN",2,1,0,0,0,"",1,0,"meusi101","?","meusi101","?","blaks101","?","blaks101","?","hartg103","cotth101","grang102","fribb101","adams101","grigd101","statj101","vogeo101","","","","7/F","T","F",7,4,2,"T","T",0,"F","F",1,"F","F",0,"F","F",7,"F","F","F","",0,0,"N",0,"N",0,"N",0,0,0,0,"7","","","","F","F","F","F","F","F","F","F","F","","","","F","F","F","F","F","","","","",0,7,0,0,0,0,0,0,0,12,"NY1","NY1","CHN",1,"T","F",0,1,0,3,0,"T","F",0,0,"T","T","terrb101","lindf101","T","T",0,0,0,0,0,0,0,0,0,"","","",0,0,0,0,0,0,0,0,0,0,0,0,0,"grigd101","F","F","F","F",0,0,0,0,0,0,0,0,0,0,F,F,"1924NY1.EVN.regular.event.csv",3221
"NY1192408070","CHN",2,1,1,0,0,"",1,0,"terrb101","?","terrb101","?","blaks101","?","blaks101","?","hartg103","cotth101","grang102","fribb101","adams101","grigd101","statj101","vogeo101","","","","63","F","F",3,5,2,"T","T",0,"F","F",1,"F","F",0,"F","F",6,"G","F","F","",0,0,"N",0,"N",0,"N",0,0,0,0,"63","","","","F","F","F","F","F","F","F","F","F","","","","F","F","F","F","F","","","","",0,3,0,0,6,0,0,0,0,13,"NY1","NY1","CHN",1,"F","F",0,1,0,4,1,"T","F",0,0,"T","T","lindf101","grohh101","T","T",0,0,0,0,0,0,0,0,0,"","","",0,0,0,0,0,0,0,0,0,0,0,0,0,"adams101","F","F","F","F",0,0,0,0,0,0,0,0,0,0,F,F,"1924NY1.EVN.regular.event.csv",3222
"NY1192408070","CHN",2,1,2,0,0,"",1,0,"lindf101","?","lindf101","?","blaks101","?","blaks101","?","hartg103","cotth101","grang102","fribb101","adams101","grigd101","statj101","vogeo101","","","","13","F","F",4,6,2,"T","T",0,"F","F",1,"F","F",0,"F","F",1,"G","F","F","",0,0,"N",0,"N",0,"N",0,0,0,0,"13","","","","F","F","F","F","F","F","F","F","F","","","","F","F","F","F","F","","","","",0,3,0,0,1,0,0,0,0,14,"NY1","NY1","CHN",1,"F","T",0,1,0,5,2,"T","F",0,0,"T","T","grohh101","snydf101","T","T",0,0,0,0,0,0,0,0,0,"","","",0,0,0,0,0,0,0,0,0,0,0,0,0,"blaks101","F","F","F","F",0,0,0,0,0,0,0,0,0,0,F,F,"1924NY1.EVN.regular.event.csv",3223
"NY1192408070","CHN",3,0,0,0,0,"",1,0,"blaks101","?","blaks101","?","nehfa101","?","nehfa101","?","snydf101","terrb101","lindf101","grohh101","frisf101","meusi101","wilsh102","oconj102","","","","3/G#","T","F",1,9,2,"T","T",0,"F","F",1,"F","F",0,"F","F",3,"G","F","F","",0,0,"N",0,"N",0,"N",0,0,0,0,"3","","","","F","F","F","F","F","F","F","F","F","","","","F","F","F","F","F","","","","",0,3,0,0,0,0,0,0,0,15,"NY1","CHN","NY1",0,"T","F",1,0,0,8,0,"T","F",0,0,"T","T","statj101","adams101","T","T",0,0,0,0,0,0,0,0,0,"","","",0,0,0,0,0,0,0,0,0,0,0,0,0,"terrb101","F","F","F","F",0,0,0,0,0,0,0,0,0,0,F,T,"1924NY1.EVN.regular.event.csv",3224
"NY1192408070","CHN",3,0,1,0,0,"",1,0,"statj101","?","statj101","?","nehfa101","?","nehfa101","?","snydf101","terrb101","lindf101","grohh101","frisf101","meusi101","wilsh102","oconj102","","","","13","F","F",8,1,2,"T","T",0,"F","F",1,"F","F",0,"F","F",1,"G","F","F","",0,0,"N",0,"N",0,"N",0,0,0,0,"13","","","","F","F","F","F","F","F","F","F","F","","","","F","F","F","F","F","","","","",0,3,0,0,1,0,0,0,0,16,"NY1","CHN","NY1",0,"F","F",1,0,0,9,1,"T","F",0,0,"T","T","adams101","grang102","T","T",0,0,0,0,0,0,0,0,0,"","","",0,0,0,0,0,0,0,0,0,0,0,0,0,"nehfa101","F","F","F","F",0,0,0,0,0,0,0,0,0,0,F,F,"1924NY1.EVN.regular.event.csv",3225
"NY1192408070","CHN",3,0,2,0,0,"",1,0,"adams101","?","adams101","?","nehfa101","?","nehfa101","?","snydf101","terrb101","lindf101","grohh101","frisf101","meusi101","wilsh102","oconj102","","","","W","F","F",6,2,14,"T","F",0,"F","F",0,"F","F",0,"F","F",0,"","F","F","",0,0,"N",0,"N",0,"N",1,0,0,0,"","","","","F","F","F","F","F","F","F","F","F","","","","F","F","F","F","F","","","","",0,0,0,0,0,0,0,0,0,17,"NY1","CHN","NY1",0,"F","F",1,0,0,10,2,"T","F",0,1,"T","T","grang102","hartg103","T","T",0,0,0,0,0,0,0,0,0,"","","",0,0,0,0,0,0,0,0,0,0,0,0,0,"","F","F","F","F",0,0,0,0,0,0,0,0,0,0,F,F,"1924NY1.EVN.regular.event.csv",3226
"NY1192408070","CHN",3,0,2,0,0,"",1,0,"grang102","?","grang102","?","nehfa101","?","nehfa101","?","snydf101","terrb101","lindf101","grohh101","frisf101","meusi101","wilsh102","oconj102","adams101","","","43","F","F",4,3,2,"T","T",0,"F","F",1,"F","F",0,"F","F",4,"G","F","F","",0,0,"N",0,"N",0,"N",0,1,0,0,"43","","","","F","F","F","F","F","F","F","F","F","nehfa101","","","F","F","F","F","F","","","","",0,3,0,0,4,0,0,0,0,18,"NY1","CHN","NY1",0,"F","T",1,0,0,11,3,"T","F",1,1,"T","T","hartg103","fribb101","T","T",6,2,17,0,0,0,0,0,0,"snydf101","","",0,0,0,0,0,0,0,0,0,0,0,0,0,"lindf101","F","F","F","F",0,0,0,0,0,0,0,0,0,0,F,F,"1924NY1.EVN.regular.event.csv",3227
"NY1192408070","CHN",3,1,0,0,0,"",1,0,"grohh101","?","grohh101","?","blaks101","?","blaks101","?","hartg103","cotth101","grang102","fribb101","adams101","grigd101","statj101","vogeo101","","","","6/L","T","F",5,7,2,"T","T",0,"F","F",1,"F","F",0,"F","F",6,"L","F","F","",0,0,"N",0,"N",0,"N",0,0,0,0,"6","","","","F","F","F","F","F","F","F","F","F","","","","F","F","F","F","F","","","","",0,6,0,0,0,0,0,0,0,19,"NY1","NY1","CHN",1,"T","F",0,1,0,6,0,"T","F",0,0,"T","T","snydf101","nehfa101","T","T",0,0,0,0,0,0,0,0,0,"","","",0,0,0,0,0,0,0,0,0,0,0,0,0,"adams101","F","F","F","F",0,0,0,0,0,0,0,0,0,0,F,F,"1924NY1.EVN.regular.event.csv",3228
"NY1192408070","CHN",3,1,1,0,0,"",1,0,"snydf101","?","snydf101","?","blaks101","?","blaks101","?","hartg103","cotth101","grang102","fribb101","adams101","grigd101","statj101","vogeo101","","","","S7/L","F","F",2,8,20,"T","T",1,"F","F",0,"F","F",0,"F","F",7,"L","F","F","",0,0,"N",0,"N",0,"N",1,0,0,0,"","","","","F","F","F","F","F","F","F","F","F","","","","F","F","F","F","F","","","","",0,0,0,0,0,0,0,0,0,20,"NY1","NY1","CHN",1,"F","F",0,1,0,7,1,"T","F",0,1,"T","T","nehfa101","oconj102","T","T",0,0,0,0,0,0,0,0,0,"","","",0,0,0,0,0,0,0,0,0,0,0,0,0,"grigd101","F","F","F","F",0,0,0,0,0,0,0,0,0,0,F,F,"1924NY1.EVN.regular.event.csv",3229
"NY1192408070","CHN",3,1,1,0,0,"",1,0,"nehfa101","?","nehfa101","?","blaks101","?","blaks101","?","hartg103","cotth101","grang102","fribb101","adams101","grigd101","statj101","vogeo101","snydf101","","","4(1)3/GDP/RINT","F","F",1,9,2,"T","T",0,"F","F",2,"T","F",0,"F","F",4,"G","F","F","",0,0,"N",0,"N",0,"N",0,0,0,0,"43","4","","","F","F","F","F","F","F","F","F","F","blaks101","","","F","F","F","F","F","","","","",0,4,3,0,4,0,0,0,0,21,"NY1","NY1","CHN",1,"F","T",0,1,0,8,2,"T","F",1,0,"T","T","oconj102","frisf101","T","T",2,8,20,0,0,0,0,0,0,"hartg103","","",0,0,0,0,0,0,0,0,0,0,0,0,0,"grang102","T","F","F","F",0,0,0,0,0,0,0,0,0,0,F,F,"1924NY1.EVN.regular.event.csv",3230
"NY1192408070","CHN",4,0,0,0,0,"",1,0,"hartg103","?","hartg103","?","nehfa101","?","nehfa101","?","snydf101","terrb101","lindf101","grohh101","frisf101","meusi101","wilsh102","oconj102","","","","K","T","F",2,4,3,"T","T",0,"F","F",1,"F","F",0,"F","F",0,"","F","F","",0,0,"N",0,"N",0,"N",0,0,0,0,"2","","","","F","F","F","F","F","F","F","F","F","","","","F","F","F","F","F","","","","",0,2,0,0,0,0,0,0,0,22,"NY1","CHN","NY1",0,"T","F",1,0,0,12,0,"T","F",0,0,"T","T","fribb101","grigd101","T","T",0,0,0,0,0,0,0,0,0,"","","",0,0,0,0,0,0,0,0,0,0,0,0,0,"","F","F","F","F",0,0,0,0,0,0,0,0,0,0,F,F,"1924NY1.EVN.regular.event.csv",3231
"NY1192408070","CHN",4,0,1,0,0,"",1,0,"fribb101","?","fribb101","?","nehfa101","?","nehfa101","?","snydf101","terrb101","lindf101","grohh101","frisf101","meusi101","wilsh102","oconj102","","","","S8","F","F",5,5,20,"T","T",1,"F","F",0,"F","F",0,"F","F",8,"","F","F","",0,0,"N",0,"N",0,"N",1,0,0,0,"","","","","F","F","F","F","F","F","F","F","F","","","","F","F","F","F","F","","","","",0,0,0,0,0,0,0,0,0,23,"NY1","CHN","NY1",0,"F","F",1,0,0,13,1,"T","F",0,1,"T","T","grigd101","vogeo101","T","T",0,0,0,0,0,0,0,0,0,"","","",0,0,0,0,0,0,0,0,0,0,0,0,0,"wilsh102","F","F","F","F",0,0,0,0,0,0,0,0,0,0,F,F,"1924NY1.EVN.regular.event.csv",3232
"NY1192408070","CHN",4,0,1,0,0,"",1,0,"grigd101","?","grigd101","?","nehfa101","?","nehfa101","?","snydf101","terrb101","lindf101","grohh101","frisf101","meusi101","wilsh102","oconj102","fribb101","","","K/C","F","F",7,6,3,"T","T",0,"F","F",1,"F","F",0,"F","F",0,"","F","F","",0,0,"N",0,"N",0,"N",0,1,0,0,"2","","","","F","F","F","F","F","F","F","F","F","nehfa101","","","F","F","F","F","F","","","","",0,2,0,0,0,0,0,0,0,24,"NY1","CHN","NY1",0,"F","F",1,0,0,14,2,"T","F",1,1,"T","T","vogeo101","cotth101","T","T",5,5,23,0,0,0,0,0,0,"snydf101","","",0,0,0,0,0,0,0,0,0,0,0,0,0,"","F","F","F","F",0,0,0,0,0,0,0,0,0,0,F,F,"1924NY1.EVN.regular.event.csv",3233
"NY1192408070","CHN",4,0,2,0,0,"",1,0,"vogeo101","?","vogeo101","?","nehfa101","?","nehfa101","?","snydf101","terrb101","lindf101","grohh101","frisf101","meusi101","wilsh102","oconj102","fribb101","","","8/F","F","F",9,7,2,"T","T",0,"F","F",1,"F","F",0,"F","F",8,"F","F","F","",0,0,"N",0,"N",0,"N",0,1,0,0,"8","","","","F","F","F","F","F","F","F","F","F","nehfa101","","","F","F","F","F","F","","","","",0,8,0,0,0,0,0,0,0,25,"NY1","CHN","NY1",0,"F","T",1,0,0,15,3,"T","F",1,1,"T","T","cotth101","blaks101","T","T",5,5,23,0,0,0,0,0,0,"snydf101","","",0,0,0,0,0,0,0,0,0,0,0,0,0,"wilsh102","F","F","F","F",0,0,0,0,0,0,0,0,0,0,F,F,"1924NY1.EVN.regular.event.csv",3234
"NY1192408070","CHN",4,1,0,0,0,"",1,0,"oconj102","?","oconj102","?","blaks101","?","blaks101","?","hartg103","cotth101","grang102","fribb101","adams101","grigd101","statj101","vogeo101","","","","S9/L9S","T","F",9,1,20,"T","T",1,"F","F",0,"F","F",0,"F","F",9,"L","F","F","9S",0,0,"N",0,"N",0,"N",1,0,0,0,"","","","","F","F","F","F","F","F","F","F","F","","","","F","F","F","F","F","","","","",0,0,0,0,0,0,0,0,0,26,"NY1","NY1","CHN",1,"T","F",0,1,0,9,0,"T","F",0,1,"T","T","frisf101","wilsh102","T","T",0,0,0,0,0,0,0,0,0,"","","",0,0,0,0,0,0,0,0,0,0,0,0,0,"vogeo101","F","F","F","F",4,0,0,0,1,0,0,0,0,0,F,F,"1924NY1.EVN.regular.event.csv",3235
"NY1192408070","CHN",4,1,0,0,0,"",1,0,"frisf101","?","frisf101","?","blaks101","?","blaks101","?","hartg103","cotth101","grang102","fribb101","adams101","grigd101","statj101","vogeo101","oconj102","","","S7.1-2","F","F",6,2,20,"T","T",1,"F","F",0,"F","F",0,"F","F",7,"","F","F","",0,0,"N",0,"N",0,"N",1,2,0,0,"","","","","F","F","F","F","F","F","F","F","F","blaks101","","","F","F","F","F","F","","","","",0,0,0,0,0,0,0,0,0,27,"NY1","NY1","CHN",1,"F","F",0,1,0,10,1,"T","F",1,3,"T","T","wilsh102","meusi101","T","T",9,1,26,0,0,0,0,0,0,"hartg103","","",0,0,0,0,0,0,0,0,0,0,0,0,0,"grigd101","F","F","F","F",0,4,0,0,1,0,0,0,0,0,F,F,"1924NY1.EVN.regular.event.csv",3236
"NY1192408070","CHN",4,1,0,0,0,"",1,0,"wilsh102","?","wilsh102","?","blaks101","?","blaks101","?","hartg103","cotth101","grang102","fribb101","adams101","grigd101","statj101","vogeo101","frisf101","oconj102","","8/F8XD.2-3;1-2","F","F",8,3,2,"T","T",0,"F","F",1,"F","F",0,"F","F",8,"F","F","F","8XD",0,0,"N",0,"N",0,"N",0,2,3,0,"8","","","","F","F","F","F","F","F","F","F","F","blaks101","blaks101","","F","F","F","F","F","","","","",0,8,0,0,0,0,0,0,0,28,"NY1","NY1","CHN",1,"F","F",0,1,0,11,2,"T","F",3,6,"T","T","meusi101","terrb101","T","T",6,2,27,9,1,26,0,0,0,"hartg103","hartg103","",0,0,0,0,0,0,0,0,0,0,0,0,0,"statj101","F","F","F","F",0,0,4,0,1,0,0,0,0,0,F,F,"1924NY1.EVN.regular.event.csv",3237
"NY1192408070","CHN",4,1,1,0,0,"",1,0,"meusi101","?","meusi101","?","blaks101","?","blaks101","?","hartg103","cotth101","grang102","fribb101","adams101","grigd101","statj101","vogeo101","","frisf101","oconj102","9/F9D/SF.3-H;2-3(THH)","F","F",7,4,2,"T","F",0,"F","T",1,"F","F",1,"F","F",9,"F","F","F","9D",0,0,"N",0,"N",0,"N",0,0,3,4,"9","","","","F","F","F","F","F","F","F","F","F","","blaks101","blaks101","F","F","F","F","F","","","","",0,9,0,0,0,0,0,0,0,29,"NY1","NY1","CHN",1,"F","F",0,1,0,12,3,"T","F",6,4,"T","T","terrb101","lindf101","T","T",0,0,0,6,2,27,9,1,26,"","hartg103","hartg103",0,0,0,0,0,0,0,0,0,0,0,0,1,"vogeo101","F","F","F","F",0,0,0,4,0,0,0,0,0,0,F,F,"1924NY1.EVN.regular.event.csv",3238
"NY1192408070","CHN",4,1,2,0,0,"",1,1,"terrb101","?","terrb101","?","blaks101","?","blaks101","?","hartg103","cotth101","grang102","fribb101","adams101","grigd101","statj101","vogeo101","","","frisf101","7/F","F","F",3,5,2,"T","T",0,"F","F",1,"F","F",0,"F","F",7,"F","F","F","",0,0,"N",0,"N",0,"N",0,0,0,3,"7","","","","F","F","F","F","F","F","F","F","F","","","blaks101","F","F","F","F","F","","","","",0,7,0,0,0,0,0,0,0,30,"NY1","NY1","CHN",1,"F","T",1,1,1,13,4,"T","F",4,4,"T","T","lindf101","grohh101","T","T",0,0,0,0,0,0,6,2,27,"","","hartg103",0,0,0,0,0,0,0,0,0,0,0,0,0,"grigd101","F","F","F","F",0,0,0,0,0,0,0,0,0,0,F,F,"1924NY1.EVN.regular.event.csv",3239
"NY1192408070","CHN",5,0,0,0,0,"",1,1,"cotth101","?","cotth101","?","nehfa101","?","nehfa101","?","snydf101","terrb101","lindf101","grohh101","frisf101","meusi101","wilsh102","oconj102","","","","K","T","F",3,8,3,"T","T",0,"F","F",1,"F","F",0,"F","F",0,"","F","F","",0,0,"N",0,"N",0,"N",0,0,0,0,"2","","","","F","F","F","F","F","F","F","F","F","","","","F","F","F","F","F","","","","",0,2,0,0,0,0,0,0,0,31,"NY1","CHN","NY1",0,"T","F",1,1,0,16,0,"T","F",0,0,"T","T","blaks101","statj101","T","T",0,0,0,0,0,0,0,0,0,"","","",0,0,0,0,0,0,0,0,0,0,0,0,0,"","F","F","F","F",0,0,0,0,0,0,0,0,0,0,F,F,"1924NY1.EVN.regular.event.csv",3240
"NY1192408070","CHN",5,0,1,0,0,"",1,1,"blaks101","?","blaks101","?","nehfa101","?","nehfa101","?","snydf101","terrb101","lindf101","grohh101","frisf101","meusi101","wilsh102","oconj102","","","","53","F","F",1,9,2,"T","T",0,"F","F",1,"F","F",0,"F","F",5,"G","F","F","",0,0,"N",0,"N",0,"N",0,0,0,0,"53","","","","F","F","F","F","F","F","F","F","F","","","","F","F","F","F","F","","","","",0,3,0,0,5,0,0,0,0,32,"NY1","CHN","NY1",0,"F","F",1,1,0,17,1,"T","F",0,0,"T","T","statj101","adams101","T","T",0,0,0,0,0,0,0,0,0,"","","",0,0,0,0,0,0,0,0,0,0,0,0,0,"grohh101","F","F","F","F",0,0,0,0,0,0,0,0,0,0,F,F,"1924NY1.EVN.regular.event.csv",3241
"NY1192408070","CHN",5,0,2,0,0,"",1,1,"statj101","?","statj101","?","nehfa101","?","nehfa101","?","snydf101","terrb101","lindf101","grohh101","frisf101","meusi101","wilsh102","oconj102","","","","3/G","F","F",8,1,2,"T","T",0,"F","F",1,"F","F",0,"F","F",3,"G","F","F","",0,0,"N",0,"N",0,"N",0,0,0,0,"3","","","","F","F","F","F","F","F","F","F","F","","","","F","F","F","F","F","","","","",0,3,0,0,0,0,0,0,0,33,"NY1","CHN","NY1",0,"F","T",1,1,0,18,2,"T","F",0,0,"T","T","adams101","grang102","T","T",0,0,0,0,0,0,0,0,0,"","","",0,0,0,0,0,0,0,0,0,0,0,0,0,"terrb101","F","F","F","F",0,0,0,0,0,0,0,0,0,0,F,F,"1924NY1.EVN.regular.event.csv",3242
"NY1192408070","CHN",5,1,0,0,0,"",1,1,"lindf101","?","lindf101","?","blaks101","?","blaks101","?","hartg103","cotth101","grang102","fribb101","adams101","grigd101","statj101","vogeo101","","","","W","T","F",4,6,14,"T","F",0,"F","F",0,"F","F",0,"F","F",0,"","F","F","",0,0,"N",0,"N",0,"N",1,0,0,0,"","","","","F","F","F","F","F","F","F","F","F","","","","F","F","F","F","F","","","","",0,0,0,0,0,0,0,0,0,34,"NY1","NY1","CHN",1,"T","F",1,1,0,14,0,"T","F",0,1,"T","T","grohh101","snydf101","T","T",0,0,0,0,0,0,0,0,0,"","","",0,0,0,0,0,0,0,0,0,0,0,0,0,"","F","F","F","F",4,0,0,0,2,0,0,0,0,0,F,F,"1924NY1.EVN.regular.event.csv",3243
"NY1192408070","CHN",5,1,0,0,0,"",1,1,"grohh101","?","grohh101","?","blaks101","?","blaks101","?","hartg103","cotth101","grang102","fribb101","adams101","grigd101","statj101","vogeo101","lindf101","","","S9/3.1-3","F","F",5,7,20,"T","T",1,"F","F",0,"F","F",0,"F","F",9,"","F","F","3",0,0,"N",0,"N",0,"N",1,3,0,0,"","","","","F","F","F","F","F","F","F","F","F","blaks101","","","F","F","F","F","F","","","","",0,0,0,0,0,0,0,0,0,35,"NY1","NY1","CHN",1,"F","F",1,1,0,15,1,"T","F",1,5,"T","T","snydf101","nehfa101","T","T",4,6,34,0,0,0,0,0,0,"hartg103","","",0,0,0,0,0,0,0,0,0,0,0,0,0,"vogeo101","F","F","F","F",4,4,0,0,2,0,0,0,0,0,F,F,"1924NY1.EVN.regular.event.csv",3244
"NY1192408070","CHN",5,1,0,0,0,"",1,1,"snydf101","?","snydf101","?","blaks101","?","blaks101","?","hartg103","cotth101","grang102","fribb101","adams101","grigd101","statj101","vogeo101","grohh101","","lindf101","8/SF.3-H","F","F",2,8,2,"T","F",0,"F","T",1,"F","F",1,"F","F",8,"F","F","F","",0,0,"N",0,"N",0,"N",0,1,0,4,"8","","","","F","F","F","F","F","F","F","F","F","blaks101","","blaks101","F","F","F","F","F","","","","",0,8,0,0,0,0,0,0,0,36,"NY1","NY1","CHN",1,"F","F",1,1,0,16,2,"T","F",5,1,"T","T","nehfa101","oconj102","T","T",5,7,35,0,0,0,4,6,34,"hartg103","","hartg103",0,0,0,0,0,0,0,0,0,0,0,0,1,"statj101","F","F","F","F",0,4,0,4,1,0,0,0,0,0,F,F,"1924NY1.EVN.regular.event.csv",3245
"NY1192408070","CHN",5,1,1,0,0,"",1,2,"nehfa101","?","nehfa101","?","blaks101","?","blaks101","?","hartg103","cotth101","grang102","fribb101","adams101","grigd101","statj101","vogeo101","grohh101","","","13/SH.1-2#","F","F",1,9,2,"T","F",0,"T","F",1,"F","F",0,"F","F",1,"G","T","F","",0,0,"N",0,"N",0,"N",0,2,0,0,"13","","","","F","F","F","F","F","F","F","F","F","blaks101","","","F","F","F","F","F","","","","",0,3,0,0,1,0,0,0,0,37,"NY1","NY1","CHN",1,"F","F",2,1,1,17,3,"T","F",1,2,"T","T","oconj102","frisf101","T","T",5,7,35,0,0,0,0,0,0,"hartg103","","",0,0,0,0,0,0,0,0,0,0,0,0,0,"blaks101","F","F","F","F",0,4,0,0,1,0,0,0,0,0,F,T,"1924NY1.EVN.regular.event.csv",3246
"NY1192408070","CHN",5,1,2,0,0,"",1,2,"oconj102","?","oconj102","?","blaks101","?","blaks101","?","hartg103","cotth101","grang102","fribb101","adams101","grigd101","statj101","vogeo101","","grohh101","","S8/L78S.2-H","F","F",9,1,20,"T","T",1,"F","F",0,"F","F",1,"F","F",8,"L","F","F","78S",0,0,"N",0,"N",0,"N",1,0,4,0,"","","","","F","F","F","F","F","F","F","F","F","","blaks101","","F","F","F","F","F","","","","",0,0,0,0,0,0,0,0,0,38,"NY1","NY1","CHN",1,"F","F",2,1,1,18,4,"T","F",2,1,"T","T","frisf101","wilsh102","T","T",0,0,0,5,7,35,0,0,0,"","hartg103","",0,0,0,0,0,0,0,0,0,0,0,0,1,"statj101","F","F","F","F",0,0,4,0,0,0,0,0,0,0,F,F,"1924NY1.EVN.regular.event.csv",3247
"NY1192408070","CHN",5,1,2,0,0,"",1,3,"frisf101","?","frisf101","?","blaks101","?","blaks101","?","hartg103","cotth101","grang102","fribb101","adams101","grigd101","statj101","vogeo101","oconj102","","","PO1(136)","F","F",6,2,8,"F","F",0,"F","F",1,"F","F",0,"F","F",0,"","F","F","",0,0,"N",0,"N",0,"N",0,0,0,0,"","136","","","F","F","F","F","F","F","T","F","F","blaks101","","","F","F","F","F","F","","","","",0,6,0,0,1,3,0,0,0,39,"NY1","NY1","CHN",1,"F","T",3,1,2,19,5,"T","T",1,0,"T","T","wilsh102","meusi101","T","T",9,1,38,0,0,0,0,0,0,"hartg103","","",0,0,0,0,0,0,0,0,0,0,0,0,0,"","F","F","F","F",0,0,0,0,0,0,0,0,0,0,F,F,"1924NY1.EVN.regular.event.csv",3248
"NY1192408070","CHN",6,0,0,0,0,"",1,3,"adams101","?","adams101","?","nehfa101","?","nehfa101","?","snydf101","terrb101","lindf101","grohh101","frisf101","meusi101","wilsh102","oconj102","","","","53","T","F",6,2,2,"T","T",0,"F","F",1,"F","F",0,"F","F",5,"G","F","F","",0,0,"N",0,"N",0,"N",0,0,0,0,"53","","","","F","F","F","F","F","F","F","F","F","","","","F","F","F","F","F","","","","",0,3,0,0,5,0,0,0,0,40,"NY1","CHN","NY1",0,"T","F",1,3,0,19,0,"T","F",0,0,"T","T","grang102","hartg103","T","T",0,0,0,0,0,0,0,0,0,"","","",0,0,0,0,0,0,0,0,0,0,0,0,0,"grohh101","F","F","F","F",0,0,0,0,0,0,0,0,0,0,F,F,"1924NY1.EVN.regular.event.csv",3249
"NY1192408070","CHN",6,0,1,0,0,"",1,3,"grang102","?","grang102","?","nehfa101","?","nehfa101","?","snydf101","terrb101","lindf101","grohh101","frisf101","meusi101","wilsh102","oconj102","","","","9/F","F","F",4,3,2,"T","T",0,"F","F",1,"F","F",0,"F","F",9,"F","F","F","",0,0,"N",0,"N",0,"N",0,0,0,0,"9","","","","F","F","F","F","F","F","F","F","F","","","","F","F","F","F","F","","","","",0,9,0,0,0,0,0,0,0,41,"NY1","CHN","NY1",0,"F","F",1,3,0,20,1,"T","F",0,0,"T","T","hartg103","fribb101","T","T",0,0,0,0,0,0,0,0,0,"","","",0,0,0,0,0,0,0,0,0,0,0,0,0,"oconj102","F","F","F","F",0,0,0,0,0,0,0,0,0,0,F,F,"1924NY1.EVN.regular.event.csv",3250
"NY1192408070","CHN",6,0,2,0,0,"",1,3,"hartg103","?","hartg103","?","nehfa101","?","nehfa101","?","snydf101","terrb101","lindf101","grohh101","frisf101","meusi101","wilsh102","oconj102","","","","53","F","F",2,4,2,"T","T",0,"F","F",1,"F","F",0,"F","F",5,"G","F","F","",0,0,"N",0,"N",0,"N",0,0,0,0,"53","","","","F","F","F","F","F","F","F","F","F","","","","F","F","F","F","F","","","","",0,3,0,0,5,0,0,0,0,42,"NY1","CHN","NY1",0,"F","T",1,3,0,21,2,"T","F",0,0,"T","T","fribb101","grigd101","T","T",0,0,0,0,0,0,0,0,0,"","","",0,0,0,0,0,0,0,0,0,0,0,0,0,"grohh101","F","F","F","F",0,0,0,0,0,0,0,0,0,0,F,F,"1924NY1.EVN.regular.event.csv",3251
"NY1192408070","CHN",6,1,0,0,0,"",1,3,"frisf101","?","frisf101","?","blaks101","?","blaks101","?","hartg103","cotth101","grang102","fribb101","adams101","grigd101","statj101","vogeo101","","","","W","T","F",6,2,14,"T","F",0,"F","F",0,"F","F",0,"F","F",0,"","F","F","",0,0,"N",0,"N",0,"N",1,0,0,0,"","","","","F","F","F","F","F","F","F","F","F","","","","F","F","F","F","F","","","","",0,0,0,0,0,0,0,0,0,43,"NY1","NY1","CHN",1,"T","F",3,1,0,19,0,"T","F",0,1,"T","T","wilsh102","meusi101","T","T",0,0,0,0,0,0,0,0,0,"","","",0,0,0,0,0,0,0,0,0,0,0,0,0,"","F","F","F","F",0,0,0,0,0,0,0,0,0,0,F,F,"1924NY1.EVN.regular.event.csv",3252
"NY1192408070","CHN",6,1,0,0,0,"",1,3,"wilsh102","?","wilsh102","?","blaks101","?","blaks101","?","hartg103","cotth101","grang102","fribb101","adams101","grigd101","statj101","vogeo101","frisf101","","","64(1)3/GDP","F","F",8,3,2,"T","T",0,"F","F",2,"T","F",0,"F","F",6,"G","F","F","",0,0,"N",0,"N",0,"N",0,0,0,0,"43","64","","","F","F","F","F","F","F","F","F","F","blaks101","","","F","F","F","F","F","","","","",0,4,3,0,6,4,0,0,0,44,"NY1","NY1","CHN",1,"F","F",3,1,0,20,1,"T","F",1,0,"T","T","meusi101","terrb101","T","T",6,2,43,0,0,0,0,0,0,"hartg103","","",0,0,0,0,0,0,0,0,0,0,0,0,0,"adams101","T","F","F","F",0,0,0,0,0,0,0,0,0,0,F,F,"1924NY1.EVN.regular.event.csv",3253
"NY1192408070","CHN",6,1,2,0,0,"",1,3,"meusi101","?","meusi101","?","blaks101","?","blaks101","?","hartg103","cotth101","grang102","fribb101","adams101","grigd101","statj101","vogeo101","","","","8/L","F","F",7,4,2,"T","T",0,"F","F",1,"F","F",0,"F","F",8,"L","F","F","",0,0,"N",0,"N",0,"N",0,0,0,0,"8","","","","F","F","F","F","F","F","F","F","F","","","","F","F","F","F","F","","","","",0,8,0,0,0,0,0,0,0,45,"NY1","NY1","CHN",1,"F","T",3,1,0,21,2,"T","F",0,0,"T","T","terrb101","lindf101","T","T",0,0,0,0,0,0,0,0,0,"","","",0,0,0,0,0,0,0,0,0,0,0,0,0,"statj101","F","F","F","F",0,0,0,0,0,0,0,0,0,0,F,F,"1924NY1.EVN.regular.event.csv",3254
"NY1192408070","CHN",7,0,0,0,0,"",1,3,"fribb101","?","fribb101","?","nehfa101","?","nehfa101","?","snydf101","terrb101","lindf101","grohh101","frisf101","meusi101","wilsh102","oconj102","","","","D9/L9DW","T","F",5,5,21,"T","T",2,"F","F",0,"F","F",0,"F","F",9,"L","F","F","9DW",0,0,"N",0,"N",0,"N",2,0,0,0,"","","","","F","F","F","F","F","F","F","F","F","","","","F","F","F","F","F","","","","",0,0,0,0,0,0,0,0,0,46,"NY1","CHN","NY1",0,"T","F",1,3,0,22,0,"T","F",0,2,"T","T","grigd101","vogeo101","T","T",0,0,0,0,0,0,0,0,0,"","","",0,0,0,0,0,0,0,0,0,0,0,0,0,"oconj102","F","F","F","F",4,0,0,0,2,0,0,0,0,0,F,F,"1924NY1.EVN.regular.event.csv",3255
"NY1192408070","CHN",7,0,0,0,0,"",1,3,"grigd101","?","grigd101","?","nehfa101","?","nehfa101","?","snydf101","terrb101","lindf101","grohh101","frisf101","meusi101","wilsh102","oconj102","","fribb101","","S9.2-3","F","F",7,6,20,"T","T",1,"F","F",0,"F","F",0,"F","F",9,"","F","F","",0,0,"N",0,"N",0,"N",1,0,3,0,"","","","","F","F","F","F","F","F","F","F","F","","nehfa101","","F","F","F","F","F","","","","",0,0,0,0,0,0,0,0,0,47,"NY1","CHN","NY1",0,"F","F",1,3,0,23,1,"T","F",2,5,"T","T","vogeo101","cotth101","T","T",0,0,0,5,5,46,0,0,0,"","snydf101","",0,0,0,0,0,0,0,0,0,0,0,0,0,"oconj102","F","F","F","F",4,0,4,0,2,0,0,0,0,0,F,F,"1924NY1.EVN.regular.event.csv",3256
"NY1192408070","CHN",7,0,0,0,0,"",1,3,"vogeo101","?","vogeo101","?","nehfa101","?","nehfa101","?","snydf101","terrb101","lindf101","grohh101","frisf101","meusi101","wilsh102","oconj102","grigd101","","fribb101","4/P","F","F",9,7,2,"T","T",0,"F","F",1,"F","F",0,"F","F",4,"P","F","F","",0,0,"N",0,"N",0,"N",0,1,0,3,"4","","","","F","F","F","F","F","F","F","F","F","nehfa101","","nehfa101","F","F","F","F","F","","","","",0,4,0,0,0,0,0,0,0,48,"NY1","CHN","NY1",0,"F","F",1,3,0,24,2,"T","F",5,5,"T","T","cotth101","blaks101","T","T",7,6,47,0,0,0,5,5,46,"snydf101","","snydf101",0,0,0,0,0,0,0,0,0,0,0,0,0,"lindf101","F","F","F","F",0,4,0,4,2,0,0,0,0,0,F,F,"1924NY1.EVN.regular.event.csv",3257
"NY1192408070","CHN",7,0,1,0,0,"",1,3,"cotth101","?","cotth101","?","nehfa101","?","nehfa101","?","snydf101","terrb101","lindf101","grohh101","frisf101","meusi101","wilsh102","oconj102","grigd101","","fribb101","K/C","F","F",3,8,3,"T","T",0,"F","F",1,"F","F",0,"F","F",0,"","F","F","",0,0,"N",0,"N",0,"N",0,1,0,3,"2","","","","F","F","F","F","F","F","F","F","F","nehfa101","","nehfa101","F","F","F","F","F","","","","",0,2,0,0,0,0,0,0,0,49,"NY1","CHN","NY1",0,"F","F",1,3,0,25,3,"T","F",5,5,"T","T","blaks101","statj101","T","T",7,6,47,0,0,0,5,5,46,"snydf101","","snydf101",0,0,0,0,0,0,0,0,0,0,0,0,0,"","F","F","F","F",0,4,0,4,2,0,0,0,0,0,F,F,"1924NY1.EVN.regular.event.csv",3258
"NY1192408070","CHN",7,0,2,0,0,"",1,3,"millh103","?","millh103","?","nehfa101","?","nehfa101","?","snydf101","terrb101","lindf101","grohh101","frisf101","meusi101","wilsh102","oconj102","grigd101","","fribb101","S7/G56.3-H;1-2","F","T",11,9,20,"T","T",1,"F","F",0,"F","F",1,"F","F",7,"G","F","F","56",0,0,"N",0,"N",0,"N",1,2,0,4,"","","","","F","F","F","F","F","F","F","F","F","nehfa101","","nehfa101","F","F","F","F","F","","","","blaks101",1,0,0,0,0,0,0,0,0,50,"NY1","CHN","NY1",0,"F","F",1,3,0,26,4,"T","F",5,3,"F","F","statj101","adams101","T","T",7,6,47,0,0,0,5,5,46,"snydf101","","snydf101",0,0,0,0,0,0,0,0,0,0,0,0,1,"meusi101","F","F","F","F",2,4,0,4,1,0,0,0,0,0,F,F,"1924NY1.EVN.regular.event.csv",3259
"NY1192408070","CHN",7,0,2,0,0,"",2,3,"statj101","?","statj101","?","nehfa101","?","nehfa101","?","snydf101","terrb101","lindf101","grohh101","frisf101","meusi101","wilsh102","oconj102","kauft101","grigd101","","S7.2-H;1-2","F","F",8,1,20,"T","T",1,"F","F",0,"F","F",1,"F","F",7,"","F","F","",0,0,"N",0,"N",0,"N",1,2,4,0,"","","","","F","F","F","F","F","F","F","F","F","nehfa101","nehfa101","","F","F","T","F","F","millh103","","","",0,0,0,0,0,0,0,0,0,51,"NY1","CHN","NY1",0,"F","F",2,3,1,27,5,"T","F",3,3,"T","T","adams101","grang102","T","T",0,9,50,7,6,47,0,0,0,"snydf101","snydf101","",0,0,0,0,0,0,0,0,0,0,0,0,1,"meusi101","F","F","F","F",0,2,4,0,0,0,0,0,0,0,F,F,"1924NY1.EVN.regular.event.csv",3260
"NY1192408070","CHN",7,0,2,0,0,"",3,3,"adams101","?","adams101","?","nehfa101","?","nehfa101","?","snydf101","terrb101","lindf101","grohh101","frisf101","meusi101","wilsh102","oconj102","statj101","kauft101","","64(1)/FO","F","F",6,2,2,"T","T",0,"F","F",1,"F","F",0,"F","F",6,"G","F","F","",0,0,"N",0,"N",0,"N",1,0,2,0,"","64","","","F","F","F","F","F","F","F","F","F","nehfa101","nehfa101","","F","F","F","F","F","","","","",0,4,0,0,6,0,0,0,0,52,"NY1","CHN","NY1",0,"F","T",3,3,2,28,6,"T","F",3,3,"T","T","grang102","hartg103","T","T",8,1,51,0,9,50,0,0,0,"snydf101","snydf101","",0,0,0,0,0,0,0,0,0,0,0,0,0,"frisf101","T","F","F","F",1,0,2,0,0,0,0,0,0,0,F,F,"1924NY1.EVN.regular.event.csv",3261
"NY1192408070","CHN",7,1,0,0,0,"",3,3,"terrb101","?","terrb101","?","jacoe101","?","jacoe101","?","hartg103","cotth101","grang102","fribb101","adams101","grigd101","statj101","vogeo101","","","","S6/G56","T","F",3,5,20,"T","T",1,"F","F",0,"F","F",0,"F","F",6,"G","F","F","56",0,0,"N",0,"N",0,"N",1,0,0,0,"","","","","F","F","F","F","F","F","F","F","F","","","","F","F","F","F","F","","","","",0,0,0,0,0,0,0,0,0,53,"NY1","NY1","CHN",1,"T","F",3,3,0,22,0,"T","F",0,1,"T","T","lindf101","grohh101","F","F",0,0,0,0,0,0,0,0,0,"","","",0,0,0,0,0,0,0,0,0,0,0,0,0,"adams101","F","F","F","F",4,0,0,0,2,0,0,0,0,0,F,F,"1924NY1.EVN.regular.event.csv",3262
"NY1192408070","CHN",7,1,0,0,0,"",3,3,"lindf101","?","lindf101","?","jacoe101","?","jacoe101","?","hartg103","cotth101","grang102","fribb101","adams101","grigd101","statj101","vogeo101","terrb101","","","D9/3D.1-3","F","F",4,6,21,"T","T",2,"F","F",0,"F","F",0,"F","F",9,"","F","F","3D",0,0,"N",0,"N",0,"N",2,3,0,0,"","","","","F","F","F","F","F","F","F","F","F","jacoe101","","","F","F","F","F","F","","","","",0,0,0,0,0,0,0,0,0,54,"NY1","NY1","CHN",1,"F","F",3,3,0,23,1,"T","F",1,6,"T","T","grohh101","snydf101","F","F",3,5,53,0,0,0,0,0,0,"hartg103","","",0,0,0,0,0,0,0,0,0,0,0,0,0,"vogeo101","F","F","F","F",4,4,0,0,2,0,0,0,0,0,F,F,"1924NY1.EVN.regular.event.csv",3263
"NY1192408070","CHN",7,1,0,0,0,"",3,3,"grohh101","?","grohh101","?","jacoe101","?","jacoe101","?","hartg103","cotth101","grang102","fribb101","adams101","grigd101","statj101","vogeo101","","lindf101","terrb101","S8.3-H;2-H;B-2(E8/THH)","F","F",5,7,20,"T","T",1,"F","F",0,"F","F",2,"F","F",8,"","F","F","",1,8,"T",0,"N",0,"N",2,0,4,4,"","","","","F","F","F","F","F","F","F","F","F","","jacoe101","jacoe101","F","F","F","F","F","","","","",0,0,0,0,0,0,0,0,0,55,"NY1","NY1","CHN",1,"F","F",3,3,0,24,2,"T","F",6,2,"T","T","snydf101","nehfa101","F","F",0,0,0,4,6,54,3,5,53,"","hartg103","hartg103",0,0,0,0,0,0,0,0,0,0,0,0,2,"statj101","F","F","F","F",0,0,4,4,0,0,0,0,0,0,F,F,"1924NY1.EVN.regular.event.csv",3264
"NY1192408070","CHN",7,1,0,0,0,"",3,5,"snydf101","?","snydf101","?","jacoe101","?","jacoe101","?","hartg103","cotth101","grang102","fribb101","adams101","grigd101","statj101","vogeo101","","grohh101","","43.2-3","F","F",2,8,2,"T","T",0,"F","F",1,"F","F",0,"F","F",4,"G","F","F","",0,0,"N",0,"N",0,"N",0,0,3,0,"43","","","","F","F","F","F","F","F","F","F","F","","jacoe101","","F","F","F","F","F","","","","",0,3,0,0,4,0,0,0,0,56,"NY1","NY1","CHN",1,"F","F",5,3,2,25,3,"T","F",2,4,"T","T","nehfa101","oconj102","F","F",0,0,0,5,7,55,0,0,0,"","hartg103","",0,0,0,0,0,0,0,0,0,0,0,0,0,"grang102","F","F","F","F",0,0,0,0,0,0,0,0,0,0,F,F,"1924NY1.EVN.regular.event.csv",3265
"NY1192408070","CHN",7,1,1,0,0,"",3,5,"nehfa101","?","nehfa101","?","jacoe101","?","jacoe101","?","hartg103","cotth101","grang102","fribb101","adams101","grigd101","statj101","vogeo101","","","grohh101","3/L","F","F",1,9,2,"T","T",0,"F","F",1,"F","F",0,"F","F",3,"L","F","F","",0,0,"N",0,"N",0,"N",0,0,0,3,"3","","","","F","F","F","F","F","F","F","F","F","","","jacoe101","F","F","F","F","F","","","","",0,3,0,0,0,0,0,0,0,57,"NY1","NY1","CHN",1,"F","F",5,3,2,26,4,"T","F",4,4,"T","T","oconj102","frisf101","F","F",0,0,0,0,0,0,5,7,55,"","","hartg103",0,0,0,0,0,0,0,0,0,0,0,0,0,"cotth101","F","F","F","F",0,0,0,0,0,0,0,0,0,0,F,F,"1924NY1.EVN.regular.event.csv",3266
"NY1192408070","CHN",7,1,2,0,0,"",3,5,"oconj102","?","oconj102","?","jacoe101","?","jacoe101","?","hartg103","cotth101","grang102","fribb101","adams101","grigd101","statj101","vogeo101","","","grohh101","3/P","F","F",9,1,2,"T","T",0,"F","F",1,"F","F",0,"F","F",3,"P","F","F","",0,0,"N",0,"N",0,"N",0,0,0,3,"3","","","","F","F","F","F","F","F","F","F","F","","","jacoe101","F","F","F","F","F","","","","",0,3,0,0,0,0,0,0,0,58,"NY1","NY1","CHN",1,"F","T",5,3,2,27,5,"T","F",4,4,"T","T","frisf101","wilsh102","F","F",0,0,0,0,0,0,5,7,55,"","","hartg103",0,0,0,0,0,0,0,0,0,0,0,0,0,"cotth101","F","F","F","F",0,0,0,0,0,0,0,0,0,0,F,F,"1924NY1.EVN.regular.event.csv",3267
"NY1192408070","CHN",8,0,0,0,0,"",3,5,"grang102","?","grang102","?","nehfa101","?","nehfa101","?","snydf101","terrb101","lindf101","grohh101","frisf101","meusi101","wilsh102","oconj102","","","","43","T","F",4,3,2,"T","T",0,"F","F",1,"F","F",0,"F","F",4,"G","F","F","",0,0,"N",0,"N",0,"N",0,0,0,0,"43","","","","F","F","F","F","F","F","F","F","F","","","","F","F","F","F","F","","","","",0,3,0,0,4,0,0,0,0,59,"NY1","CHN","NY1",0,"T","F",3,5,0,29,0,"T","F",0,0,"T","T","hartg103","fribb101","T","T",0,0,0,0,0,0,0,0,0,"","","",0,0,0,0,0,0,0,0,0,0,0,0,0,"lindf101","F","F","F","F",0,0,0,0,0,0,0,0,0,0,F,F,"1924NY1.EVN.regular.event.csv",3268
"NY1192408070","CHN",8,0,1,0,0,"",3,5,"hartg103","?","hartg103","?","nehfa101","?","nehfa101","?","snydf101","terrb101","lindf101","grohh101","frisf101","meusi101","wilsh102","oconj102","","","","6/P","F","F",2,4,2,"T","T",0,"F","F",1,"F","F",0,"F","F",6,"P","F","F","",0,0,"N",0,"N",0,"N",0,0,0,0,"6","","","","F","F","F","F","F","F","F","F","F","","","","F","F","F","F","F","","","","",0,6,0,0,0,0,0,0,0,60,"NY1","CHN","NY1",0,"F","F",3,5,0,30,1,"T","F",0,0,"T","T","fribb101","grigd101","T","T",0,0,0,0,0,0,0,0,0,"","","",0,0,0,0,0,0,0,0,0,0,0,0,0,"frisf101","F","F","F","F",0,0,0,0,0,0,0,0,0,0,F,F,"1924NY1.EVN.regular.event.csv",3269
"NY1192408070","CHN",8,0,2,0,0,"",3,5,"fribb101","?","fribb101","?","nehfa101","?","nehfa101","?","snydf101","terrb101","lindf101","grohh101","frisf101","meusi101","wilsh102","oconj102","","","","63","F","F",5,5,2,"T","T",0,"F","F",1,"F","F",0,"F","F",6,"G","F","F","",0,0,"N",0,"N",0,"N",0,0,0,0,"63","","","","F","F","F","F","F","F","F","F","F","","","","F","F","F","F","F","","","","",0,3,0,0,6,0,0,0,0,61,"NY1","CHN","NY1",0,"F","T",3,5,0,31,2,"T","F",0,0,"T","T","grigd101","vogeo101","T","T",0,0,0,0,0,0,0,0,0,"","","",0,0,0,0,0,0,0,0,0,0,0,0,0,"frisf101","F","F","F","F",0,0,0,0,0,0,0,0,0,0,F,F,"1924NY1.EVN.regular.event.csv",3270
"NY1192408070","CHN",8,1,0,0,0,"",3,5,"frisf101","?","frisf101","?","jacoe101","?","jacoe101","?","hartg103","cotth101","grang102","fribb101","adams101","grigd101","statj101","vogeo101","","","","W","T","F",6,2,14,"T","F",0,"F","F",0,"F","F",0,"F","F",0,"","F","F","",0,0,"N",0,"N",0,"N",1,0,0,0,"","","","","F","F","F","F","F","F","F","F","F","","","","F","F","F","F","F","","","","",0,0,0,0,0,0,0,0,0,62,"NY1","NY1","CHN",1,"T","F",5,3,0,28,0,"T","F",0,1,"T","T","wilsh102","meusi101","F","F",0,0,0,0,0,0,0,0,0,"","","",0,0,0,0,0,0,0,0,0,0,0,0,0,"","F","F","F","F",0,0,0,0,0,0,0,0,0,0,F,F,"1924NY1.EVN.regular.event.csv",3271
"NY1192408070","CHN",8,1,0,0,0,"",3,5,"wilsh102","?","wilsh102","?","jacoe101","?","jacoe101","?","hartg103","cotth101","grang102","fribb101","adams101","grigd101","statj101","vogeo101","frisf101","","","6/P","F","F",8,3,2,"T","T",0,"F","F",1,"F","F",0,"F","F",6,"P","F","F","",0,0,"N",0,"N",0,"N",0,1,0,0,"6","","","","F","F","F","F","F","F","F","F","F","jacoe101","","","F","F","F","F","F","","","","",0,6,0,0,0,0,0,0,0,63,"NY1","NY1","CHN",1,"F","F",5,3,0,29,1,"T","F",1,1,"T","T","meusi101","terrb101","F","F",6,2,62,0,0,0,0,0,0,"hartg103","","",0,0,0,0,0,0,0,0,0,0,0,0,0,"adams101","F","F","F","F",0,0,0,0,0,0,0,0,0,0,F,F,"1924NY1.EVN.regular.event.csv",3272
"NY1192408070","CHN",8,1,1,0,0,"",3,5,"meusi101","?","meusi101","?","jacoe101","?","jacoe101","?","hartg103","cotth101","grang102","fribb101","adams101","grigd101","statj101","vogeo101","frisf101","","","8/L","F","F",7,4,2,"T","T",0,"F","F",1,"F","F",0,"F","F",8,"L","F","F","",0,0,"N",0,"N",0,"N",0,1,0,0,"8","","","","F","F","F","F","F","F","F","F","F","jacoe101","","","F","F","F","F","F","","","","",0,8,0,0,0,0,0,0,0,64,"NY1","NY1","CHN",1,"F","F",5,3,0,30,2,"T","F",1,1,"T","T","terrb101","lindf101","F","F",6,2,62,0,0,0,0,0,0,"hartg103","","",0,0,0,0,0,0,0,0,0,0,0,0,0,"statj101","F","F","F","F",0,0,0,0,0,0,0,0,0,0,F,F,"1924NY1.EVN.regular.event.csv",3273
"NY1192408070","CHN",8,1,2,0,0,"",3,5,"terrb101","?","terrb101","?","jacoe101","?","jacoe101","?","hartg103","cotth101","grang102","fribb101","adams101","grigd101","statj101","vogeo101","frisf101","","","S8.1-3(TH2)","F","F",3,5,20,"T","T",1,"F","F",0,"F","F",0,"F","F",8,"","F","F","",0,0,"N",0,"N",0,"N",1,3,0,0,"","","","","F","F","F","F","F","F","F","F","F","jacoe101","","","F","F","F","F","F","","","","",0,0,0,0,0,0,0,0,0,65,"NY1","NY1","CHN",1,"F","F",5,3,0,31,3,"T","F",1,5,"T","T","lindf101","grohh101","F","F",6,2,62,0,0,0,0,0,0,"hartg103","","",0,0,0,0,0,0,0,0,0,0,0,0,0,"statj101","F","F","F","F",0,0,0,0,0,0,0,0,0,0,F,F,"1924NY1.EVN.regular.event.csv",3274
"NY1192408070","CHN",8,1,2,0,0,"",3,5,"lindf101","?","lindf101","?","jacoe101","?","jacoe101","?","hartg103","cotth101","grang102","fribb101","adams101","grigd101","statj101","vogeo101","terrb101","","frisf101","3/G","F","F",4,6,2,"T","T",0,"F","F",1,"F","F",0,"F","F",3,"G","F","F","",0,0,"N",0,"N",0,"N",0,1,0,3,"3","","","","F","F","F","F","F","F","F","F","F","jacoe101","","jacoe101","F","F","F","F","F","","","","",0,3,0,0,0,0,0,0,0,66,"NY1","NY1","CHN",1,"F","T",5,3,0,32,4,"T","F",5,5,"T","T","grohh101","snydf101","F","F",3,5,65,0,0,0,6,2,62,"hartg103","","hartg103",0,0,0,0,0,0,0,0,0,0,0,0,0,"cotth101","F","F","F","F",0,0,0,0,0,0,0,0,0,0,F,F,"1924NY1.EVN.regular.event.csv",3275
"NY1192408070","CHN",9,0,0,0,0,"",3,5,"grigd101","?","grigd101","?","nehfa101","?","nehfa101","?","snydf101","terrb101","lindf101","grohh101","frisf101","meusi101","wilsh102","oconj102","","","","S7","T","F",7,6,20,"T","T",1,"F","F",0,"F","F",0,"F","F",7,"","F","F","",0,0,"N",0,"N",0,"N",1,0,0,0,"","","","","F","F","F","F","F","F","F","F","F","","","","F","F","F","F","F","","","","",0,0,0,0,0,0,0,0,0,67,"NY1","CHN","NY1",0,"T","F",3,5,0,32,0,"T","F",0,1,"T","T","vogeo101","cotth101","T","T",0,0,0,0,0,0,0,0,0,"","","",0,0,0,0,0,0,0,0,0,0,0,0,0,"meusi101","F","F","F","F",0,0,0,0,0,0,0,0,0,0,F,F,"1924NY1.EVN.regular.event.csv",3276
"NY1192408070","CHN",9,0,0,0,0,"",3,5,"vogeo101","?","vogeo101","?","nehfa101","?","nehfa101","?","snydf101","terrb101","lindf101","grohh101","frisf101","meusi101","wilsh102","oconj102","grigd101","","","4/P","F","F",9,7,2,"T","T",0,"F","F",1,"F","F",0,"F","F",4,"P","F","F","",0,0,"N",0,"N",0,"N",0,1,0,0,"4","","","","F","F","F","F","F","F","F","F","F","nehfa101","","","F","F","F","F","F","","","","",0,4,0,0,0,0,0,0,0,68,"NY1","CHN","NY1",0,"F","F",3,5,0,33,1,"T","F",1,1,"T","T","cotth101","jacoe101","T","T",7,6,67,0,0,0,0,0,0,"snydf101","","",0,0,0,0,0,0,0,0,0,0,0,0,0,"lindf101","F","F","F","F",0,0,0,0,0,0,0,0,0,0,F,F,"1924NY1.EVN.regular.event.csv",3277
"NY1192408070","CHN",9,0,1,0,0,"",3,5,"cotth101","?","cotth101","?","nehfa101","?","nehfa101","?","snydf101","terrb101","lindf101","grohh101","frisf101","meusi101","wilsh102","oconj102","grigd101","","","46(1)3/GDP","F","F",3,8,2,"T","T",0,"F","F",2,"T","F",0,"F","F",4,"G","F","F","",0,0,"N",0,"N",0,"N",0,0,0,0,"63","46","","","F","F","F","F","F","F","F","F","F","nehfa101","","","F","T","F","F","F","","","","",0,6,3,0,4,6,0,0,0,69,"NY1","CHN","NY1",0,"F","T",3,5,0,34,2,"T","F",1,0,"T","T","jacoe101","statj101","T","T",7,6,67,0,0,0,0,0,0,"snydf101","","",0,0,0,0,0,0,0,0,0,0,0,0,0,"lindf101","T","F","F","F",0,0,0,0,0,0,0,0,0,0,F,F,"1924NY1.EVN.regular.event.csv",3278
"NY1192408080","CIN",1,0,0,0,0,"",0,0,"bohns101","?","bohns101","?","barnv101","?","barnv101","?","snydf101","kellg101","frisf101","grohh101","jackt101","meusi101","wilsh102","oconj102","","","","53","T","F",4,1,2,"T","T",0,"F","F",1,"F","F",0,"F","F",5,"G","F","F","",0,0,"N",0,"N",0,"N",0,0,0,0,"53","","","","F","F","F","F","F","F","F","F","F","","","","T","F","F","F","F","","","","",0,3,0,0,5,0,0,0,0,1,"NY1","CIN","NY1",0,"T","F",0,0,0,0,0,"T","F",0,0,"T","T","daubj101","rouse101","T","T",0,0,0,0,0,0,0,0,0,"","","",0,0,0,0,0,0,0,0,0,0,0,0,0,"grohh101","F","F","F","F",0,0,0,0,0,0,0,0,0,0,F,F,"1924NY1.EVN.regular.event.csv",3279
"NY1192408080","CIN",1,0,1,0,0,"",0,0,"daubj101","?","daubj101","?","barnv101","?","barnv101","?","snydf101","kellg101","frisf101","grohh101","jackt101","meusi101","wilsh102","oconj102","","","","S","F","F",3,2,20,"T","T",1,"F","F",0,"F","F",0,"F","F",0,"","F","F","",0,0,"N",0,"N",0,"N",1,0,0,0,"","","","","F","F","F","F","F","F","F","F","F","","","","F","F","F","F","F","","","","",0,0,0,0,0,0,0,0,0,2,"NY1","CIN","NY1",0,"F","F",0,0,0,1,1,"T","F",0,1,"T","T","rouse101","walkc101","T","T",0,0,0,0,0,0,0,0,0,"","","",0,0,0,0,0,0,0,0,0,0,0,0,0,"","F","F","F","F",0,0,0,0,0,0,0,0,0,0,F,F,"1924NY1.EVN.regular.event.csv",3280
"NY1192408080","CIN",1,0,1,0,0,"",0,0,"rouse101","?","rouse101","?","barnv101","?","barnv101","?","snydf101","kellg101","frisf101","grohh101","jackt101","meusi101","wilsh102","oconj102","daubj101","","","S5/BG5S.1-2","F","F",8,3,20,"T","T",1,"F","F",0,"F","F",0,"F","F",5,"G","T","F","5S",0,0,"N",0,"N",0,"N",1,2,0,0,"","","","","F","F","F","F","F","F","F","F","F","barnv101","","","F","F","F","F","F","","","","",0,0,0,0,0,0,0,0,0,3,"NY1","CIN","NY1",0,"F","F",0,0,0,2,2,"T","F",1,3,"T","T","walkc101","duncp101","T","T",3,2,2,0,0,0,0,0,0,"snydf101","","",0,0,0,0,0,0,0,0,0,0,0,0,0,"grohh101","F","F","F","F",0,0,0,0,0,0,0,0,0,0,F,F,"1924NY1.EVN.regular.event.csv",3281
"NY1192408080","CIN",1,0,1,0,0,"",0,0,"walkc101","?","walkc101","?","barnv101","?","barnv101","?","snydf101","kellg101","frisf101","grohh101","jackt101","meusi101","wilsh102","oconj102","rouse101","daubj101","","3/G.2-3;1-2#","F","F",9,4,2,"T","T",0,"F","F",1,"F","F",0,"F","F",3,"G","F","F","",0,0,"N",0,"N",0,"N",0,2,3,0,"3","","","","F","F","F","F","F","F","F","F","F","barnv101","barnv101","","F","F","F","F","F","","","","",0,3,0,0,0,0,0,0,0,4,"NY1","CIN","NY1",0,"F","F",0,0,0,3,3,"T","F",3,6,"T","T","duncp101","pineb101","T","T",8,3,3,3,2,2,0,0,0,"snydf101","snydf101","",0,0,0,0,0,0,0,0,0,0,0,0,0,"kellg101","F","F","F","F",0,0,0,0,0,0,0,0,0,0,F,T,"1924NY1.EVN.regular.event.csv",3282
"NY1192408080","CIN",1,0,2,0,0,"",0,0,"duncp101","?","duncp101","?","barnv101","?","barnv101","?","snydf101","kellg101","frisf101","grohh101","jackt101","meusi101","wilsh102","oconj102","","rouse101","daubj101","31","F","F",7,5,2,"T","T",0,"F","F",1,"F","F",0,"F","F",3,"G","F","F","",0,0,"N",0,"N",0,"N",0,0,2,3,"31","","","","F","F","F","F","F","F","F","F","F","","barnv101","barnv101","F","F","F","F","F","","","","",0,1,0,0,3,0,0,0,0,5,"NY1","CIN","NY1",0,"F","T",0,0,0,4,4,"T","F",6,6,"T","T","pineb101","cavei101","T","T",0,0,0,8,3,3,3,2,2,"","snydf101","snydf101",0,0,0,0,0,0,0,0,0,0,0,0,0,"kellg101","F","F","F","F",0,0,0,0,0,0,0,0,0,0,F,F,"1924NY1.EVN.regular.event.csv",3283
"NY1192408080","CIN",1,1,0,0,0,"",0,0,"oconj102","?","oconj102","?","bentr102","?","bentr102","?","hargb101","daubj101","bohns101","pineb101","cavei101","duncp101","rouse101","walkc101","","","","S/BG3S","T","F",9,1,20,"T","T",1,"F","F",0,"F","F",0,"F","F",0,"G","T","F","3S",0,0,"N",0,"N",0,"N",1,0,0,0,"","","","","F","F","F","F","F","F","F","F","F","","","","F","F","F","F","F","","","","",0,0,0,0,0,0,0,0,0,6,"NY1","NY1","CIN",1,"T","F",0,0,0,0,0,"T","F",0,1,"T","T","frisf101","wilsh102","T","T",0,0,0,0,0,0,0,0,0,"","","",0,0,0,0,0,0,0,0,0,0,0,0,0,"","F","F","F","F",4,0,0,0,1,0,0,0,0,0,F,F,"1924NY1.EVN.regular.event.csv",3284
"NY1192408080","CIN",1,1,0,0,0,"",0,0,"frisf101","?","frisf101","?","bentr102","?","bentr102","?","hargb101","daubj101","bohns101","pineb101","cavei101","duncp101","rouse101","walkc101","oconj102","","","SB2","F","F",4,2,4,"F","F",0,"F","F",0,"F","F",0,"F","F",0,"","F","F","",0,0,"N",0,"N",0,"N",0,2,0,0,"","","","","T","F","F","F","F","F","F","F","F","bentr102","","","F","F","F","F","F","","","","",0,0,0,0,0,0,0,0,0,7,"NY1","NY1","CIN",1,"F","F",0,0,0,1,1,"T","F",1,2,"T","T","wilsh102","meusi101","T","T",9,1,6,0,0,0,0,0,0,"hargb101","","",0,0,0,0,0,0,0,0,0,0,0,0,0,"","F","F","F","F",0,4,0,0,1,0,0,0,0,0,F,F,"1924NY1.EVN.regular.event.csv",3285
"NY1192408080","CIN",1,1,0,0,0,"",0,0,"frisf101","?","frisf101","?","bentr102","?","bentr102","?","hargb101","daubj101","bohns101","pineb101","cavei101","duncp101","rouse101","walkc101","","oconj102","","S8.2-H","F","F",4,2,20,"T","T",1,"F","F",0,"F","F",1,"F","F",8,"","F","F","",0,0,"N",0,"N",0,"N",1,0,4,0,"","","","","F","F","F","F","F","F","F","F","F","","bentr102","","F","F","F","F","F","","","","",0,0,0,0,0,0,0,0,0,8,"NY1","NY1","CIN",1,"F","F",0,0,0,1,1,"F","F",2,1,"T","T","wilsh102","meusi101","T","T",0,0,0,9,1,6,0,0,0,"","hargb101","",0,0,0,0,0,0,0,0,0,0,0,0,1,"rouse101","F","F","F","F",0,0,4,0,0,0,0,0,0,0,F,F,"1924NY1.EVN.regular.event.csv",3286
"NY1192408080","CIN",1,1,0,0,0,"",0,1,"wilsh102","?","wilsh102","?","bentr102","?","bentr102","?","hargb101","daubj101","bohns101","pineb101","cavei101","duncp101","rouse101","walkc101","frisf101","","","36(1)3/GDP","F","F",8,3,2,"T","T",0,"F","F",2,"T","F",0,"F","F",3,"G","F","F","",0,0,"N",0,"N",0,"N",0,0,0,0,"63","36","","","F","F","F","F","F","F","F","F","F","bentr102","","","F","F","F","F","F","","","","",0,6,3,0,3,6,0,0,0,9,"NY1","NY1","CIN",1,"F","F",1,0,1,2,2,"T","F",1,0,"T","T","meusi101","kellg101","T","T",4,2,8,0,0,0,0,0,0,"hargb101","","",0,0,0,0,0,0,0,0,0,0,0,0,0,"daubj101","T","F","F","F",0,0,0,0,0,0,0,0,0,0,F,F,"1924NY1.EVN.regular.event.csv",3287
"NY1192408080","CIN",1,1,2,0,0,"",0,1,"meusi101","?","meusi101","?","bentr102","?","bentr102","?","hargb101","daubj101","bohns101","pineb101","cavei101","duncp101","rouse101","walkc101","","","","9/F","F","F",7,4,2,"T","T",0,"F","F",1,"F","F",0,"F","F",9,"F","F","F","",0,0,"N",0,"N",0,"N",0,0,0,0,"9","","","","F","F","F","F","F","F","F","F","F","","","","F","F","F","F","F","","","","",0,9,0,0,0,0,0,0,0,10,"NY1","NY1","CIN",1,"F","T",1,0,1,3,3,"T","F",0,0,"T","T","kellg101","jackt101","T","T",0,0,0,0,0,0,0,0,0,"","","",0,0,0,0,0,0,0,0,0,0,0,0,0,"walkc101","F","F","F","F",0,0,0,0,0,0,0,0,0,0,F,F,"1924NY1.EVN.regular.event.csv",3288
"NY1192408080","CIN",2,0,0,0,0,"",0,1,"pineb101","?","pineb101","?","barnv101","?","barnv101","?","snydf101","kellg101","frisf101","grohh101","jackt101","meusi101","wilsh102","oconj102","","","","6/L","T","F",5,6,2,"T","T",0,"F","F",1,"F","F",0,"F","F",6,"L","F","F","",0,0,"N",0,"N",0,"N",0,0,0,0,"6","","","","F","F","F","F","F","F","F","F","F","","","","F","F","F","F","F","","","","",0,6,0,0,0,0,0,0,0,11,"NY1","CIN","NY1",0,"T","F",0,1,0,5,0,"T","F",0,0,"T","T","cavei101","hargb101","T","T",0,0,0,0,0,0,0,0,0,"","","",0,0,0,0,0,0,0,0,0,0,0,0,0,"jackt101","F","F","F","F",0,0,0,0,0,0,0,0,0,0,F,F,"1924NY1.EVN.regular.event.csv",3289
"NY1192408080","CIN",2,0,1,0,0,"",0,1,"cavei101","?","cavei101","?","barnv101","?","barnv101","?","snydf101","kellg101","frisf101","grohh101","jackt101","meusi101","wilsh102","oconj102","","","","K","F","F",6,7,3,"T","T",0,"F","F",1,"F","F",0,"F","F",0,"","F","F","",0,0,"N",0,"N",0,"N",0,0,0,0,"2","","","","F","F","F","F","F","F","F","F","F","","","","F","F","F","F","F","","","","",0,2,0,0,0,0,0,0,0,12,"NY1","CIN","NY1",0,"F","F",0,1,0,6,1,"T","F",0,0,"T","T","hargb101","bentr102","T","T",0,0,0,0,0,0,0,0,0,"","","",0,0,0,0,0,0,0,0,0,0,0,0,0,"","F","F","F","F",0,0,0,0,0,0,0,0,0,0,F,F,"1924NY1.EVN.regular.event.csv",3290
"NY1192408080","CIN",2,0,2,0,0,"",0,1,"hargb101","?","hargb101","?","barnv101","?","barnv101","?","snydf101","kellg101","frisf101","grohh101","jackt101","meusi101","wilsh102","oconj102","","","","31","F","F",2,8,2,"T","T",0,"F","F",1,"F","F",0,"F","F",3,"G","F","F","",0,0,"N",0,"N",0,"N",0,0,0,0,"31","","","","F","F","F","F","F","F","F","F","F","","","","F","F","F","F","F","","","","",0,1,0,0,3,0,0,0,0,13,"NY1","CIN","NY1",0,"F","T",0,1,0,7,2,"T","F",0,0,"T","T","bentr102","bohns101","T","T",0,0,0,0,0,0,0,0,0,"","","",0,0,0,0,0,0,0,0,0,0,0,0,0,"kellg101","F","F","F","F",0,0,0,0,0,0,0,0,0,0,F,F,"1924NY1.EVN.regular.event.csv",3291
"NY1192408080","CIN",2,1,0,0,0,"",0,1,"kellg101","?","kellg101","?","bentr102","?","bentr102","?","hargb101","daubj101","bohns101","pineb101","cavei101","duncp101","rouse101","walkc101","","","","S","T","F",3,5,20,"T","T",1,"F","F",0,"F","F",0,"F","F",0,"","F","F","",0,0,"N",0,"N",0,"N",1,0,0,0,"","","","","F","F","F","F","F","F","F","F","F","","","","F","F","F","F","F","","","","",0,0,0,0,0,0,0,0,0,14,"NY1","NY1","CIN",1,"T","F",1,0,0,4,0,"T","F",0,1,"T","T","jackt101","grohh101","T","T",0,0,0,0,0,0,0,0,0,"","","",0,0,0,0,0,0,0,0,0,0,0,0,0,"","F","F","F","F",4,0,0,0,1,0,0,0,0,0,F,F,"1924NY1.EVN.regular.event.csv",3292
"NY1192408080","CIN",2,1,0,0,0,"",0,1,"jackt101","?","jackt101","?","bentr102","?","bentr102","?","hargb101","daubj101","bohns101","pineb101","cavei101","duncp101","rouse101","walkc101","kellg101","","","4/P","F","F",6,6,2,"T","T",0,"F","F",1,"F","F",0,"F","F",4,"P","F","F","",0,0,"N",0,"N",0,"N",0,1,0,0,"4","","","","F","F","F","F","F","F","F","F","F","bentr102","","","F","F","F","F","F","","","","",0,4,0,0,0,0,0,0,0,15,"NY1","NY1","CIN",1,"F","F",1,0,0,5,1,"T","F",1,1,"T","T","grohh101","snydf101","T","T",3,5,14,0,0,0,0,0,0,"hargb101","","",0,0,0,0,0,0,0,0,0,0,0,0,0,"bohns101","F","F","F","F",0,4,0,0,1,0,0,0,0,0,F,F,"1924NY1.EVN.regular.event.csv",3293
"NY1192408080","CIN",2,1,1,0,0,"",0,1,"grohh101","?","grohh101","?","bentr102","?","bentr102","?","hargb101","daubj101","bohns101","pineb101","cavei101","duncp101","rouse101","walkc101","kellg101","","","D.1-H","F","F",5,7,21,"T","T",2,"F","F",0,"F","F",1,"F","F",0,"","F","F","",0,0,"N",0,"N",0,"N",2,4,0,0,"","","","","F","F","F","F","F","F","F","F","F","bentr102","","","F","F","F","F","F","","","","",0,0,0,0,0,0,0,0,0,16,"NY1","NY1","CIN",1,"F","F",1,0,0,6,2,"T","F",1,2,"T","T","snydf101","barnv101","T","T",3,5,14,0,0,0,0,0,0,"hargb101","","",0,0,0,0,0,0,0,0,0,0,0,0,1,"","F","F","F","F",0,4,0,0,0,0,0,0,0,0,F,F,"1924NY1.EVN.regular.event.csv",3294
"NY1192408080","CIN",2,1,1,0,0,"",0,2,"snydf101","?","snydf101","?","bentr102","?","bentr102","?","hargb101","daubj101","bohns101","pineb101","cavei101","duncp101","rouse101","walkc101","","grohh101","","53","F","F",2,8,2,"T","T",0,"F","F",1,"F","F",0,"F","F",5,"G","F","F","",0,0,"N",0,"N",0,"N",0,0,2,0,"53","","","","F","F","F","F","F","F","F","F","F","","bentr102","","F","F","F","F","F","","","","",0,3,0,0,5,0,0,0,0,17,"NY1","NY1","CIN",1,"F","F",2,0,1,7,3,"T","F",2,2,"T","T","barnv101","oconj102","T","T",0,0,0,5,7,16,0,0,0,"","hargb101","",0,0,0,0,0,0,0,0,0,0,0,0,0,"pineb101","F","F","F","F",0,0,0,0,0,0,0,0,0,0,F,F,"1924NY1.EVN.regular.event.csv",3295
"NY1192408080","CIN",2,1,2,0,0,"",0,2,"barnv101","?","barnv101","?","bentr102","?","bentr102","?","hargb101","daubj101","bohns101","pineb101","cavei101","duncp101","rouse101","walkc101","","grohh101","","53","F","F",1,9,2,"T","T",0,"F","F",1,"F","F",0,"F","F",5,"G","F","F","",0,0,"N",0,"N",0,"N",0,0,2,0,"53","","","","F","F","F","F","F","F","F","F","F","","bentr102","","F","F","F","F","F","","","","",0,3,0,0,5,0,0,0,0,18,"NY1","NY1","CIN",1,"F","T",2,0,1,8,4,"T","F",2,2,"T","T","oconj102","frisf101","T","T",0,0,0,5,7,16,0,0,0,"","hargb101","",0,0,0,0,0,0,0,0,0,0,0,0,0,"pineb101","F","F","F","F",0,0,0,0,0,0,0,0,0,0,F,F,"1924NY1.EVN.regular.event.csv",3296
"NY1192408080","CIN",3,0,0,0,0,"",0,2,"bentr102","?","bentr102","?","barnv101","?","barnv101","?","snydf101","kellg101","frisf101","grohh101","jackt101","meusi101","wilsh102","oconj102","","","","S","T","F",1,9,20,"T","T",1,"F","F",0,"F","F",0,"F","F",0,"","F","F","",0,0,"N",0,"N",0,"N",1,0,0,0,"","","","","F","F","F","F","F","F","F","F","F","","","","F","F","F","F","F","","","","",0,0,0,0,0,0,0,0,0,19,"NY1","CIN","NY1",0,"T","F",0,2,0,8,0,"T","F",0,1,"T","T","bohns101","daubj101","T","T",0,0,0,0,0,0,0,0,0,"","","",0,0,0,0,0,0,0,0,0,0,0,0,0,"","F","F","F","F",0,0,0,0,0,0,0,0,0,0,F,F,"1924NY1.EVN.regular.event.csv",3297
"NY1192408080","CIN",3,0,0,0,0,"",0,2,"bohns101","?","bohns101","?","barnv101","?","barnv101","?","snydf101","kellg101","frisf101","grohh101","jackt101","meusi101","wilsh102","oconj102","bentr102","","","3/G.1-2","F","F",4,1,2,"T","T",0,"F","F",1,"F","F",0,"F","F",3,"G","F","F","",0,0,"N",0,"N",0,"N",0,2,0,0,"3","","","","F","F","F","F","F","F","F","F","F","barnv101","","","F","F","F","F","F","","","","",0,3,0,0,0,0,0,0,0,20,"NY1","CIN","NY1",0,"F","F",0,2,0,9,1,"T","F",1,2,"T","T","daubj101","rouse101","T","T",1,9,19,0,0,0,0,0,0,"snydf101","","",0,0,0,0,0,0,0,0,0,0,0,0,0,"kellg101","F","F","F","F",0,0,0,0,0,0,0,0,0,0,F,F,"1924NY1.EVN.regular.event.csv",3298
"NY1192408080","CIN",3,0,1,0,0,"",0,2,"daubj101","?","daubj101","?","barnv101","?","barnv101","?","snydf101","kellg101","frisf101","grohh101","jackt101","meusi101","wilsh102","oconj102","","bentr102","","43.2-3","F","F",3,2,2,"T","T",0,"F","F",1,"F","F",0,"F","F",4,"G","F","F","",0,0,"N",0,"N",0,"N",0,0,3,0,"43","","","","F","F","F","F","F","F","F","F","F","","barnv101","","F","F","F","F","F","","","","",0,3,0,0,4,0,0,0,0,21,"NY1","CIN","NY1",0,"F","F",0,2,0,10,2,"T","F",2,4,"T","T","rouse101","walkc101","T","T",0,0,0,1,9,19,0,0,0,"","snydf101","",0,0,0,0,0,0,0,0,0,0,0,0,0,"frisf101","F","F","F","F",0,0,0,0,0,0,0,0,0,0,F,F,"1924NY1.EVN.regular.event.csv",3299
"NY1192408080","CIN",3,0,2,0,0,"",0,2,"rouse101","?","rouse101","?","barnv101","?","barnv101","?","snydf101","kellg101","frisf101","grohh101","jackt101","meusi101","wilsh102","oconj102","","","bentr102","8/L","F","F",8,3,2,"T","T",0,"F","F",1,"F","F",0,"F","F",8,"L","F","F","",0,0,"N",0,"N",0,"N",0,0,0,3,"8","","","","F","F","F","F","F","F","F","F","F","","","barnv101","F","F","F","F","F","","","","",0,8,0,0,0,0,0,0,0,22,"NY1","CIN","NY1",0,"F","T",0,2,0,11,3,"T","F",4,4,"T","T","walkc101","duncp101","T","T",0,0,0,0,0,0,1,9,19,"","","snydf101",0,0,0,0,0,0,0,0,0,0,0,0,0,"wilsh102","F","F","F","F",0,0,0,0,0,0,0,0,0,0,F,F,"1924NY1.EVN.regular.event.csv",3300
"NY1192408080","CIN",3,1,0,0,0,"",0,2,"oconj102","?","oconj102","?","bentr102","?","bentr102","?","hargb101","daubj101","bohns101","pineb101","cavei101","duncp101","rouse101","walkc101","","","","E3/G","T","F",9,1,18,"T","T",0,"F","F",0,"F","F",0,"F","F",3,"G","F","F","",1,3,"F",0,"N",0,"N",1,0,0,0,"","","","","F","F","F","F","F","F","F","F","F","","","","F","F","F","F","F","","","","",0,0,0,0,0,0,0,0,0,23,"NY1","NY1","CIN",1,"T","F",2,0,0,9,0,"T","F",0,1,"T","T","frisf101","wilsh102","T","T",0,0,0,0,0,0,0,0,0,"","","",0,0,0,0,0,0,0,0,0,0,0,0,0,"daubj101","F","F","F","T",0,0,0,0,0,0,0,0,0,0,F,F,"1924NY1.EVN.regular.event.csv",3301
"NY1192408080","CIN",3,1,0,0,0,"",0,2,"frisf101","?","frisf101","?","bentr102","?","bentr102","?","hargb101","daubj101","bohns101","pineb101","cavei101","duncp101","rouse101","walkc101","oconj102","","","6(1)3/GDP","F","F",4,2,2,"T","T",0,"F","F",2,"T","F",0,"F","F",6,"G","F","F","",0,0,"N",0,"N",0,"N",0,0,0,0,"63","6","","","F","F","F","F","F","F","F","F","F","bentr102","","","F","F","F","F","F","","","","",0,6,3,0,6,0,0,0,0,24,"NY1","NY1","CIN",1,"F","F",2,0,0,10,1,"T","F",1,0,"T","T","wilsh102","meusi101","T","T",9,1,23,0,0,0,0,0,0,"hargb101","","",0,0,0,0,0,0,0,0,0,0,0,0,0,"cavei101","T","F","F","F",0,0,0,0,0,0,0,0,0,0,F,F,"1924NY1.EVN.regular.event.csv",3302
"NY1192408080","CIN",3,1,2,0,0,"",0,2,"wilsh102","?","wilsh102","?","bentr102","?","bentr102","?","hargb101","daubj101","bohns101","pineb101","cavei101","duncp101","rouse101","walkc101","","","","K","F","F",8,3,3,"T","T",0,"F","F",1,"F","F",0,"F","F",0,"","F","F","",0,0,"N",0,"N",0,"N",0,0,0,0,"2","","","","F","F","F","F","F","F","F","F","F","","","","F","F","F","F","F","","","","",0,2,0,0,0,0,0,0,0,25,"NY1","NY1","CIN",1,"F","T",2,0,0,11,2,"T","F",0,0,"T","T","meusi101","kellg101","T","T",0,0,0,0,0,0,0,0,0,"","","",0,0,0,0,0,0,0,0,0,0,0,0,0,"","F","F","F","F",0,0,0,0,0,0,0,0,0,0,F,F,"1924NY1.EVN.regular.event.csv",3303
"NY1192408080","CIN",4,0,0,0,0,"",0,2,"walkc101","?","walkc101","?","barnv101","?","barnv101","?","snydf101","kellg101","frisf101","grohh101","jackt101","meusi101","wilsh102","oconj102","","","","8/F","T","F",9,4,2,"T","T",0,"F","F",1,"F","F",0,"F","F",8,"F","F","F","",0,0,"N",0,"N",0,"N",0,0,0,0,"8","","","","F","F","F","F","F","F","F","F","F","","","","F","F","F","F","F","","","","",0,8,0,0,0,0,0,0,0,26,"NY1","CIN","NY1",0,"T","F",0,2,0,12,0,"T","F",0,0,"T","T","duncp101","pineb101","T","T",0,0,0,0,0,0,0,0,0,"","","",0,0,0,0,0,0,0,0,0,0,0,0,0,"wilsh102","F","F","F","F",0,0,0,0,0,0,0,0,0,0,F,F,"1924NY1.EVN.regular.event.csv",3304
"NY1192408080","CIN",4,0,1,0,0,"",0,2,"duncp101","?","duncp101","?","barnv101","?","barnv101","?","snydf101","kellg101","frisf101","grohh101","jackt101","meusi101","wilsh102","oconj102","","","","D","F","F",7,5,21,"T","T",2,"F","F",0,"F","F",0,"F","F",0,"","F","F","",0,0,"N",0,"N",0,"N",2,0,0,0,"","","","","F","F","F","F","F","F","F","F","F","","","","F","F","F","F","F","","","","",0,0,0,0,0,0,0,0,0,27,"NY1","CIN","NY1",0,"F","F",0,2,0,13,1,"T","F",0,2,"T","T","pineb101","cavei101","T","T",0,0,0,0,0,0,0,0,0,"","","",0,0,0,0,0,0,0,0,0,0,0,0,0,"","F","F","F","F",0,0,0,0,0,0,0,0,0,0,F,F,"1924NY1.EVN.regular.event.csv",3305
"NY1192408080","CIN",4,0,1,0,0,"",0,2,"pineb101","?","pineb101","?","barnv101","?","barnv101","?","snydf101","kellg101","frisf101","grohh101","jackt101","meusi101","wilsh102","oconj102","","duncp101","","43.2-3","F","F",5,6,2,"T","T",0,"F","F",1,"F","F",0,"F","F",4,"G","F","F","",0,0,"N",0,"N",0,"N",0,0,3,0,"43","","","","F","F","F","F","F","F","F","F","F","","barnv101","","F","F","F","F","F","","","","",0,3,0,0,4,0,0,0,0,28,"NY1","CIN","NY1",0,"F","F",0,2,0,14,2,"T","F",2,4,"T","T","cavei101","hargb101","T","T",0,0,0,7,5,27,0,0,0,"","snydf101","",0,0,0,0,0,0,0,0,0,0,0,0,0,"frisf101","F","F","F","F",0,0,0,0,0,0,0,0,0,0,F,F,"1924NY1.EVN.regular.event.csv",3306
"NY1192408080","CIN",4,0,2,0,0,"",0,2,"cavei101","?","cavei101","?","barnv101","?","barnv101","?","snydf101","kellg101","frisf101","grohh101","jackt101","meusi101","wilsh102","oconj102","","","duncp101","63","F","F",6,7,2,"T","T",0,"F","F",1,"F","F",0,"F","F",6,"G","F","F","",0,0,"N",0,"N",0,"N",0,0,0,3,"63","","","","F","F","F","F","F","F","F","F","F","","","barnv101","F","F","F","F","F","","","","",0,3,0,0,6,0,0,0,0,29,"NY1","CIN","NY1",0,"F","T",0,2,0,15,3,"T","F",4,4,"T","T","hargb101","bentr102","T","T",0,0,0,0,0,0,7,5,27,"","","snydf101",0,0,0,0,0,0,0,0,0,0,0,0,0,"jackt101","F","F","F","F",0,0,0,0,0,0,0,0,0,0,F,F,"1924NY1.EVN.regular.event.csv",3307
"NY1192408080","CIN",4,1,0,0,0,"",0,2,"meusi101","?","meusi101","?","bentr102","?","bentr102","?","hargb101","daubj101","bohns101","pineb101","cavei101","duncp101","rouse101","walkc101","","","","S","T","F",7,4,20,"T","T",1,"F","F",0,"F","F",0,"F","F",0,"","F","F","",0,0,"N",0,"N",0,"N",1,0,0,0,"","","","","F","F","F","F","F","F","F","F","F","","","","F","F","F","F","F","","","","",0,0,0,0,0,0,0,0,0,30,"NY1","NY1","CIN",1,"T","F",2,0,0,12,0,"T","F",0,1,"T","T","kellg101","jackt101","T","T",0,0,0,0,0,0,0,0,0,"","","",0,0,0,0,0,0,0,0,0,0,0,0,0,"","F","F","F","F",5,0,0,0,4,0,0,0,0,0,F,F,"1924NY1.EVN.regular.event.csv",3308
"NY1192408080","CIN",4,1,0,0,0,"",0,2,"kellg101","?","kellg101","?","bentr102","?","bentr102","?","hargb101","daubj101","bohns101","pineb101","cavei101","duncp101","rouse101","walkc101","meusi101","","","FC6.1X2(6E4)","F","F",3,5,19,"T","T",0,"F","F",0,"F","F",0,"F","F",6,"G","F","F","",1,4,"D",0,"N",0,"N",1,2,0,0,"","6E4","","","F","F","F","F","F","F","F","F","F","bentr102","","","F","F","F","F","F","","","","",0,0,0,0,6,0,0,0,0,31,"NY1","NY1","CIN",1,"F","F",2,0,0,13,1,"T","F",1,3,"T","T","jackt101","grohh101","T","T",7,4,30,0,0,0,0,0,0,"hargb101","","",0,0,0,0,0,0,0,0,0,0,0,0,0,"cavei101","F","F","F","F",4,5,0,0,4,0,0,0,0,0,F,F,"1924NY1.EVN.regular.event.csv",3309
"NY1192408080","CIN",4,1,0,0,0,"",0,2,"jackt101","?","jackt101","?","bentr102","?","bentr102","?","hargb101","daubj101","bohns101","pineb101","cavei101","duncp101","rouse101","walkc101","kellg101","meusi101","","S1/BG25.2-3;1-2","F","F",6,6,20,"T","T",1,"F","F",0,"F","F",0,"F","F",1,"G","T","F","25",0,0,"N",0,"N",0,"N",1,2,3,0,"","","","","F","F","F","F","F","F","F","F","F","bentr102","bentr102","","F","F","F","F","F","","","","",0,0,0,0,0,0,0,0,0,32,"NY1","NY1","CIN",1,"F","F",2,0,0,14,2,"T","F",3,7,"T","T","grohh101","snydf101","T","T",3,5,31,7,4,30,0,0,0,"hargb101","hargb101","",0,0,0,0,0,0,0,0,0,0,0,0,0,"bentr102","F","F","F","F",5,4,5,0,4,0,0,0,0,0,F,F,"1924NY1.EVN.regular.event.csv",3310
"NY1192408080","CIN",4,1,0,0,0,"",0,2,"grohh101","?","grohh101","?","bentr102","?","bentr102","?","hargb101","daubj101","bohns101","pineb101","cavei101","duncp101","rouse101","walkc101","jackt101","kellg101","meusi101","4/P","F","F",5,7,2,"T","T",0,"F","F",1,"F","F",0,"F","F",4,"P","F","F","",0,0,"N",0,"N",0,"N",0,1,2,3,"4","","","","F","F","F","F","F","F","F","F","F","bentr102","bentr102","bentr102","F","F","F","F","F","","","","",0,4,0,0,0,0,0,0,0,33,"NY1","NY1","CIN",1,"F","F",2,0,0,15,3,"T","F",7,7,"T","T","snydf101","barnv101","T","T",6,6,32,3,5,31,7,4,30,"hargb101","hargb101","hargb101",0,0,0,0,0,0,0,0,0,0,0,0,0,"bohns101","F","F","F","F",0,5,4,5,4,0,0,0,0,0,F,F,"1924NY1.EVN.regular.event.csv",3311
"NY1192408080","CIN",4,1,1,0,0,"",0,2,"snydf101","?","snydf101","?","bentr102","?","bentr102","?","hargb101","daubj101","bohns101","pineb101","cavei101","duncp101","rouse101","walkc101","jackt101","kellg101","meusi101","S/78S.3-H(UR);2-H;1-2","F","F",2,8,20,"T","T",1,"F","F",0,"F","F",2,"F","F",0,"","F","F","78S",0,0,"N",0,"N",0,"N",1,2,4,5,"","","","","F","F","F","F","F","F","F","F","F","bentr102","bentr102","bentr102","F","F","F","F","F","","","","",0,0,0,0,0,0,0,0,0,34,"NY1","NY1","CIN",1,"F","F",2,0,0,16,4,"T","F",7,3,"T","T","barnv101","oconj102","T","T",6,6,32,3,5,31,7,4,30,"hargb101","hargb101","hargb101",0,0,0,0,0,0,0,0,0,0,0,0,2,"","F","F","F","F",5,5,4,5,2,0,0,0,0,0,F,F,"1924NY1.EVN.regular.event.csv",3312
"NY1192408080","CIN",4,1,1,0,0,"",0,4,"barnv101","?","barnv101","?","bentr102","?","bentr102","?","hargb101","daubj101","bohns101","pineb101","cavei101","duncp101","rouse101","walkc101","snydf101","jackt101","","3/G.2-3;1-2#","F","F",1,9,2,"T","T",0,"F","F",1,"F","F",0,"F","F",3,"G","F","F","",0,0,"N",0,"N",0,"N",0,2,3,0,"3","","","","F","F","F","F","F","F","F","F","F","bentr102","bentr102","","F","F","F","F","F","","","","",0,3,0,0,0,0,0,0,0,35,"NY1","NY1","CIN",1,"F","F",4,0,2,17,5,"T","F",3,6,"T","T","oconj102","frisf101","T","T",2,8,34,6,6,32,0,0,0,"hargb101","hargb101","",0,0,0,0,0,0,0,0,0,0,0,0,0,"daubj101","F","F","F","F",0,5,5,0,2,0,0,0,0,0,F,T,"1924NY1.EVN.regular.event.csv",3313
"NY1192408080","CIN",4,1,2,0,0,"",0,4,"oconj102","?","oconj102","?","bentr102","?","bentr102","?","hargb101","daubj101","bohns101","pineb101","cavei101","duncp101","rouse101","walkc101","","snydf101","jackt101","S.3-H(UR);2-H(UR)","F","F",9,1,20,"T","T",1,"F","F",0,"F","F",2,"F","F",0,"","F","F","",0,0,"N",0,"N",0,"N",1,0,5,5,"","","","","F","F","F","F","F","F","F","F","F","","bentr102","bentr102","F","F","F","F","F","","","","",0,0,0,0,0,0,0,0,0,36,"NY1","NY1","CIN",1,"F","F",4,0,2,18,6,"T","F",6,1,"T","T","frisf101","wilsh102","T","T",0,0,0,2,8,34,6,6,32,"","hargb101","hargb101",0,0,0,0,0,0,0,0,0,0,0,0,2,"","F","F","F","F",0,0,5,5,0,0,0,0,0,0,F,F,"1924NY1.EVN.regular.event.csv",3314
"NY1192408080","CIN",4,1,2,0,0,"",0,6,"frisf101","?","frisf101","?","bentr102","?","bentr102","?","hargb101","daubj101","bohns101","pineb101","cavei101","duncp101","rouse101","walkc101","oconj102","","","CS2(26)#","F","F",4,2,6,"F","F",0,"F","F",1,"F","F",0,"F","F",0,"","F","F","",0,0,"N",0,"N",0,"N",0,0,0,0,"","26","","","F","F","F","T","F","F","F","F","F","bentr102","","","F","F","F","F","F","","","","",0,6,0,0,2,0,0,0,0,37,"NY1","NY1","CIN",1,"F","T",6,0,4,19,7,"T","T",1,0,"T","T","wilsh102","meusi101","T","T",9,1,36,0,0,0,0,0,0,"hargb101","","",0,0,0,0,0,0,0,0,0,0,0,0,0,"","F","F","F","F",0,0,0,0,0,0,0,0,0,0,F,T,"1924NY1.EVN.regular.event.csv",3315
"NY1192408080","CIN",5,0,0,0,0,"",0,6,"hargb101","?","hargb101","?","barnv101","?","barnv101","?","snydf101","kellg101","frisf101","grohh101","jackt101","meusi101","wilsh102","oconj102","","","","S/G4","T","F",2,8,20,"T","T",1,"F","F",0,"F","F",0,"F","F",0,"G","F","F","4",0,0,"N",0,"N",0,"N",1,0,0,0,"","","","","F","F","F","F","F","F","F","F","F","","","","F","F","F","F","F","","","","",0,0,0,0,0,0,0,0,0,38,"NY1","CIN","NY1",0,"T","F",0,6,0,16,0,"T","F",0,1,"T","T","bentr102","bohns101","T","T",0,0,0,0,0,0,0,0,0,"","","",0,0,0,0,0,0,0,0,0,0,0,0,0,"","F","F","F","F",0,0,0,0,0,0,0,0,0,0,F,F,"1924NY1.EVN.regular.event.csv",3316
"NY1192408080","CIN",5,0,0,0,0,"",0,6,"shorc101","?","shorc101","?","barnv101","?","barnv101","?","snydf101","kellg101","frisf101","grohh101","jackt101","meusi101","wilsh102","oconj102","hargb101","","","36(1)/FO","F","T",11,9,2,"T","T",0,"F","F",1,"F","F",0,"F","F",3,"G","F","F","",0,0,"N",0,"N",0,"N",1,0,0,0,"","36","","","F","F","F","F","F","F","F","F","F","barnv101","","","F","F","F","F","F","","","","bentr102",1,6,0,0,3,0,0,0,0,39,"NY1","CIN","NY1",0,"F","F",0,6,0,17,1,"T","F",1,1,"F","F","bohns101","daubj101","T","T",2,8,38,0,0,0,0,0,0,"snydf101","","",0,0,0,0,0,0,0,0,0,0,0,0,0,"kellg101","T","F","F","F",0,0,0,0,0,0,0,0,0,0,F,F,"1924NY1.EVN.regular.event.csv",3317
"NY1192408080","CIN",5,0,1,0,0,"",0,6,"bohns101","?","bohns101","?","barnv101","?","barnv101","?","snydf101","kellg101","frisf101","grohh101","jackt101","meusi101","wilsh102","oconj102","shorc101","","","64(1)/FO","F","F",4,1,2,"T","T",0,"F","F",1,"F","F",0,"F","F",6,"G","F","F","",0,0,"N",0,"N",0,"N",1,0,0,0,"","64","","","F","F","F","F","F","F","F","F","F","barnv101","","","F","F","F","F","F","","","","",0,4,0,0,6,0,0,0,0,40,"NY1","CIN","NY1",0,"F","F",0,6,0,18,2,"T","F",1,1,"T","T","daubj101","rouse101","T","T",0,9,39,0,0,0,0,0,0,"snydf101","","",0,0,0,0,0,0,0,0,0,0,0,0,0,"jackt101","T","F","F","F",1,0,0,0,0,0,0,0,0,0,F,F,"1924NY1.EVN.regular.event.csv",3318
"NY1192408080","CIN",5,0,2,0,0,"",0,6,"daubj101","?","daubj101","?","barnv101","?","barnv101","?","snydf101","kellg101","frisf101","grohh101","jackt101","meusi101","wilsh102","oconj102","bohns101","","","43","F","F",3,2,2,"T","T",0,"F","F",1,"F","F",0,"F","F",4,"G","F","F","",0,0,"N",0,"N",0,"N",0,1,0,0,"43","","","","F","F","F","F","F","F","F","F","F","barnv101","","","F","F","F","F","F","","","","",0,3,0,0,4,0,0,0,0,41,"NY1","CIN","NY1",0,"F","T",0,6,0,19,3,"T","F",1,1,"T","T","rouse101","walkc101","T","T",4,1,40,0,0,0,0,0,0,"snydf101","","",0,0,0,0,0,0,0,0,0,0,0,0,0,"frisf101","F","F","F","F",0,1,0,0,0,0,0,0,0,0,F,F,"1924NY1.EVN.regular.event.csv",3319
"NY1192408080","CIN",5,1,0,0,0,"",0,6,"frisf101","?","frisf101","?","sheet102","?","sheet102","?","hargb101","daubj101","bohns101","pineb101","cavei101","duncp101","rouse101","walkc101","","","","S","T","F",4,2,20,"T","T",1,"F","F",0,"F","F",0,"F","F",0,"","F","F","",0,0,"N",0,"N",0,"N",1,0,0,0,"","","","","F","F","F","F","F","F","F","F","F","","","","F","F","F","F","F","","","","",0,0,0,0,0,0,0,0,0,42,"NY1","NY1","CIN",1,"T","F",6,0,0,19,0,"T","F",0,1,"T","T","wilsh102","meusi101","F","F",0,0,0,0,0,0,0,0,0,"","","",0,0,0,0,0,0,0,0,0,0,0,0,0,"","F","F","F","F",4,0,0,0,2,0,0,0,0,0,F,F,"1924NY1.EVN.regular.event.csv",3320
"NY1192408080","CIN",5,1,0,0,0,"",0,6,"wilsh102","?","wilsh102","?","sheet102","?","sheet102","?","hargb101","daubj101","bohns101","pineb101","cavei101","duncp101","rouse101","walkc101","frisf101","","","2/FL","F","F",8,3,2,"T","T",0,"F","F",1,"F","F",0,"F","F",2,"F","F","T","",0,0,"N",0,"N",0,"N",0,1,0,0,"2","","","","F","F","F","F","F","F","F","F","F","sheet102","","","F","F","F","F","F","","","","",0,2,0,0,0,0,0,0,0,43,"NY1","NY1","CIN",1,"F","F",6,0,0,20,1,"T","F",1,1,"T","T","meusi101","kellg101","F","F",4,2,42,0,0,0,0,0,0,"hargb101","","",0,0,0,0,0,0,0,0,0,0,0,0,0,"hargb101","F","F","F","F",0,4,0,0,2,0,0,0,0,0,F,F,"1924NY1.EVN.regular.event.csv",3321
"NY1192408080","CIN",5,1,1,0,0,"",0,6,"meusi101","?","meusi101","?","sheet102","?","sheet102","?","hargb101","daubj101","bohns101","pineb101","cavei101","duncp101","rouse101","walkc101","frisf101","","","S8/L8S.1-2","F","F",7,4,20,"T","T",1,"F","F",0,"F","F",0,"F","F",8,"L","F","F","8S",0,0,"N",0,"N",0,"N",1,2,0,0,"","","","","F","F","F","F","F","F","F","F","F","sheet102","","","F","F","F","F","F","","","","",0,0,0,0,0,0,0,0,0,44,"NY1","NY1","CIN",1,"F","F",6,0,0,21,2,"T","F",1,3,"T","T","kellg101","jackt101","F","F",4,2,42,0,0,0,0,0,0,"hargb101","","",0,0,0,0,0,0,0,0,0,0,0,0,0,"rouse101","F","F","F","F",4,4,0,0,2,0,0,0,0,0,F,F,"1924NY1.EVN.regular.event.csv",3322
"NY1192408080","CIN",5,1,1,0,0,"",0,6,"kellg101","?","kellg101","?","sheet102","?","sheet102","?","hargb101","daubj101","bohns101","pineb101","cavei101","duncp101","rouse101","walkc101","meusi101","frisf101","","BK.2-3;1-2","F","F",3,5,11,"F","F",0,"F","F",0,"F","F",0,"F","F",0,"","F","F","",0,0,"N",0,"N",0,"N",0,2,3,0,"","","","","F","F","F","F","F","F","F","F","F","sheet102","sheet102","","F","F","F","F","F","","","","",0,0,0,0,0,0,0,0,0,45,"NY1","NY1","CIN",1,"F","F",6,0,0,22,3,"T","F",3,6,"T","T","jackt101","grohh101","F","F",7,4,44,4,2,42,0,0,0,"hargb101","hargb101","",0,0,0,0,0,0,0,0,0,0,0,0,0,"","F","F","F","F",0,4,4,0,2,0,0,0,0,0,F,F,"1924NY1.EVN.regular.event.csv",3323
"NY1192408080","CIN",5,1,1,0,0,"",0,6,"kellg101","?","kellg101","?","sheet102","?","sheet102","?","hargb101","daubj101","bohns101","pineb101","cavei101","duncp101","rouse101","walkc101","","meusi101","frisf101","7/L/SF.3-H","F","F",3,5,2,"T","F",0,"F","T",1,"F","F",1,"F","F",7,"L","F","F","",0,0,"N",0,"N",0,"N",0,0,2,4,"7","","","","F","F","F","F","F","F","F","F","F","","sheet102","sheet102","F","F","F","F","F","","","","",0,7,0,0,0,0,0,0,0,46,"NY1","NY1","CIN",1,"F","F",6,0,0,22,3,"F","F",6,2,"T","T","jackt101","grohh101","F","F",0,0,0,7,4,44,4,2,42,"","hargb101","hargb101",0,0,0,0,0,0,0,0,0,0,0,0,1,"duncp101","F","F","F","F",0,0,4,4,1,0,0,0,0,0,F,F,"1924NY1.EVN.regular.event.csv",3324
"NY1192408080","CIN",5,1,2,0,0,"",0,7,"jackt101","?","jackt101","?","sheet102","?","sheet102","?","hargb101","daubj101","bohns101","pineb101","cavei101","duncp101","rouse101","walkc101","","meusi101","","S7.2-H","F","F",6,6,20,"T","T",1,"F","F",0,"F","F",1,"F","F",7,"","F","F","",0,0,"N",0,"N",0,"N",1,0,4,0,"","","","","F","F","F","F","F","F","F","F","F","","sheet102","","F","F","F","F","F","","","","",0,0,0,0,0,0,0,0,0,47,"NY1","NY1","CIN",1,"F","F",7,0,1,23,4,"T","F",2,1,"T","T","grohh101","snydf101","F","F",0,0,0,7,4,44,0,0,0,"","hargb101","",0,0,0,0,0,0,0,0,0,0,0,0,1,"duncp101","F","F","F","F",2,0,4,0,0,0,0,0,0,0,F,F,"1924NY1.EVN.regular.event.csv",3325
"NY1192408080","CIN",5,1,2,0,0,"",0,8,"grohh101","?","grohh101","?","sheet102","?","sheet102","?","hargb101","daubj101","bohns101","pineb101","cavei101","duncp101","rouse101","walkc101","lindf101","","","SB2","F","F",5,7,4,"F","F",0,"F","F",0,"F","F",0,"F","F",0,"","F","F","",0,0,"N",0,"N",0,"N",0,2,0,0,"","","","","T","F","F","F","F","F","F","F","F","sheet102","","","F","F","T","F","F","jackt101","","","",0,0,0,0,0,0,0,0,0,48,"NY1","NY1","CIN",1,"F","F",8,0,2,24,5,"T","F",1,2,"T","T","snydf101","barnv101","F","F",0,6,47,0,0,0,0,0,0,"hargb101","","",0,0,0,0,0,0,0,0,0,0,0,0,0,"","F","F","F","F",0,2,0,0,0,0,0,0,0,0,F,F,"1924NY1.EVN.regular.event.csv",3326
"NY1192408080","CIN",5,1,2,0,0,"",0,8,"grohh101","?","grohh101","?","sheet102","?","sheet102","?","hargb101","daubj101","bohns101","pineb101","cavei101","duncp101","rouse101","walkc101","","lindf101","","63","F","F",5,7,2,"T","T",0,"F","F",1,"F","F",0,"F","F",6,"G","F","F","",0,0,"N",0,"N",0,"N",0,0,2,0,"63","","","","F","F","F","F","F","F","F","F","F","","sheet102","","F","F","F","F","F","","","","",0,3,0,0,6,0,0,0,0,49,"NY1","NY1","CIN",1,"F","T",8,0,2,24,5,"F","F",2,2,"T","T","snydf101","barnv101","F","F",0,0,0,0,6,47,0,0,0,"","hargb101","",0,0,0,0,0,0,0,0,0,0,0,0,0,"cavei101","F","F","F","F",0,0,2,0,0,0,0,0,0,0,F,F,"1924NY1.EVN.regular.event.csv",3327
"NY1192408080","CIN",6,0,0,0,0,"",0,8,"rouse101","?","rouse101","?","barnv101","?","barnv101","?","snydf101","kellg101","lindf101","grohh101","frisf101","meusi101","wilsh102","oconj102","","","","43","T","F",8,3,2,"T","T",0,"F","F",1,"F","F",0,"F","F",4,"G","F","F","",0,0,"N",0,"N",0,"N",0,0,0,0,"43","","","","F","F","F","F","F","F","F","F","F","","","","F","F","F","F","F","","","","",0,3,0,0,4,0,0,0,0,50,"NY1","CIN","NY1",0,"T","F",0,8,0,20,0,"T","F",0,0,"T","T","walkc101","duncp101","T","T",0,0,0,0,0,0,0,0,0,"","","",0,0,0,0,0,0,0,0,0,0,0,0,0,"lindf101","F","F","F","F",0,0,0,0,0,0,0,0,0,0,F,F,"1924NY1.EVN.regular.event.csv",3328
"NY1192408080","CIN",6,0,1,0,0,"",0,8,"walkc101","?","walkc101","?","barnv101","?","barnv101","?","snydf101","kellg101","lindf101","grohh101","frisf101","meusi101","wilsh102","oconj102","","","","3/FL","F","F",9,4,2,"T","T",0,"F","F",1,"F","F",0,"F","F",3,"F","F","T","",0,0,"N",0,"N",0,"N",0,0,0,0,"3","","","","F","F","F","F","F","F","F","F","F","","","","F","F","F","F","F","","","","",0,3,0,0,0,0,0,0,0,51,"NY1","CIN","NY1",0,"F","F",0,8,0,21,1,"T","F",0,0,"T","T","duncp101","pineb101","T","T",0,0,0,0,0,0,0,0,0,"","","",0,0,0,0,0,0,0,0,0,0,0,0,0,"kellg101","F","F","F","F",0,0,0,0,0,0,0,0,0,0,F,F,"1924NY1.EVN.regular.event.csv",3329
"NY1192408080","CIN",6,0,2,0,0,"",0,8,"duncp101","?","duncp101","?","barnv101","?","barnv101","?","snydf101","kellg101","lindf101","grohh101","frisf101","meusi101","wilsh102","oconj102","","","","53","F","F",7,5,2,"T","T",0,"F","F",1,"F","F",0,"F","F",5,"G","F","F","",0,0,"N",0,"N",0,"N",0,0,0,0,"53","","","","F","F","F","F","F","F","F","F","F","","","","F","F","F","F","F","","","","",0,3,0,0,5,0,0,0,0,52,"NY1","CIN","NY1",0,"F","T",0,8,0,22,2,"T","F",0,0,"T","T","pineb101","cavei101","T","T",0,0,0,0,0,0,0,0,0,"","","",0,0,0,0,0,0,0,0,0,0,0,0,0,"grohh101","F","F","F","F",0,0,0,0,0,0,0,0,0,0,F,F,"1924NY1.EVN.regular.event.csv",3330
"NY1192408080","CIN",6,1,0,0,0,"",0,8,"snydf101","?","snydf101","?","sheet102","?","sheet102","?","sanbg101","daubj101","bohns101","pineb101","cavei101","duncp101","rouse101","walkc101","","","","7/F","T","F",2,8,2,"T","T",0,"F","F",1,"F","F",0,"F","F",7,"F","F","F","",0,0,"N",0,"N",0,"N",0,0,0,0,"7","","","","F","F","F","F","F","F","F","F","F","","","","F","F","F","F","F","","","","",0,7,0,0,0,0,0,0,0,53,"NY1","NY1","CIN",1,"T","F",8,0,0,25,0,"T","F",0,0,"T","T","barnv101","oconj102","F","F",0,0,0,0,0,0,0,0,0,"","","",0,0,0,0,0,0,0,0,0,0,0,0,0,"duncp101","F","F","F","F",0,0,0,0,0,0,0,0,0,0,F,F,"1924NY1.EVN.regular.event.csv",3331
"NY1192408080","CIN",6,1,1,0,0,"",0,8,"barnv101","?","barnv101","?","sheet102","?","sheet102","?","sanbg101","daubj101","bohns101","pineb101","cavei101","duncp101","rouse101","walkc101","","","","3/P","F","F",1,9,2,"T","T",0,"F","F",1,"F","F",0,"F","F",3,"P","F","F","",0,0,"N",0,"N",0,"N",0,0,0,0,"3","","","","F","F","F","F","F","F","F","F","F","","","","F","F","F","F","F","","","","",0,3,0,0,0,0,0,0,0,54,"NY1","NY1","CIN",1,"F","F",8,0,0,26,1,"T","F",0,0,"T","T","oconj102","frisf101","F","F",0,0,0,0,0,0,0,0,0,"","","",0,0,0,0,0,0,0,0,0,0,0,0,0,"daubj101","F","F","F","F",0,0,0,0,0,0,0,0,0,0,F,F,"1924NY1.EVN.regular.event.csv",3332
"NY1192408080","CIN",6,1,2,0,0,"",0,8,"oconj102","?","oconj102","?","sheet102","?","sheet102","?","sanbg101","daubj101","bohns101","pineb101","cavei101","duncp101","rouse101","walkc101","","","","K","F","F",9,1,3,"T","T",0,"F","F",1,"F","F",0,"F","F",0,"","F","F","",0,0,"N",0,"N",0,"N",0,0,0,0,"2","","","","F","F","F","F","F","F","F","F","F","","","","F","F","F","F","F","","","","",0,2,0,0,0,0,0,0,0,55,"NY1","NY1","CIN",1,"F","T",8,0,0,27,2,"T","F",0,0,"T","T","frisf101","wilsh102","F","F",0,0,0,0,0,0,0,0,0,"","","",0,0,0,0,0,0,0,0,0,0,0,0,0,"","F","F","F","F",0,0,0,0,0,0,0,0,0,0,F,F,"1924NY1.EVN.regular.event.csv",3333
"NY1192408080","CIN",7,0,0,0,0,"",0,8,"pineb101","?","pineb101","?","barnv101","?","barnv101","?","snydf101","kellg101","lindf101","grohh101","frisf101","meusi101","wilsh102","oconj102","","","","13","T","F",5,6,2,"T","T",0,"F","F",1,"F","F",0,"F","F",1,"G","F","F","",0,0,"N",0,"N",0,"N",0,0,0,0,"13","","","","F","F","F","F","F","F","F","F","F","","","","F","F","F","F","F","","","","",0,3,0,0,1,0,0,0,0,56,"NY1","CIN","NY1",0,"T","F",0,8,0,23,0,"T","F",0,0,"T","T","cavei101","sanbg101","T","T",0,0,0,0,0,0,0,0,0,"","","",0,0,0,0,0,0,0,0,0,0,0,0,0,"barnv101","F","F","F","F",0,0,0,0,0,0,0,0,0,0,F,F,"1924NY1.EVN.regular.event.csv",3334
"NY1192408080","CIN",7,0,1,0,0,"",0,8,"cavei101","?","cavei101","?","barnv101","?","barnv101","?","snydf101","kellg101","lindf101","grohh101","frisf101","meusi101","wilsh102","oconj102","","","","63","F","F",6,7,2,"T","T",0,"F","F",1,"F","F",0,"F","F",6,"G","F","F","",0,0,"N",0,"N",0,"N",0,0,0,0,"63","","","","F","F","F","F","F","F","F","F","F","","","","F","F","F","F","F","","","","",0,3,0,0,6,0,0,0,0,57,"NY1","CIN","NY1",0,"F","F",0,8,0,24,1,"T","F",0,0,"T","T","sanbg101","sheet102","T","T",0,0,0,0,0,0,0,0,0,"","","",0,0,0,0,0,0,0,0,0,0,0,0,0,"frisf101","F","F","F","F",0,0,0,0,0,0,0,0,0,0,F,F,"1924NY1.EVN.regular.event.csv",3335
"NY1192408080","CIN",7,0,2,0,0,"",0,8,"sanbg101","?","sanbg101","?","barnv101","?","barnv101","?","snydf101","kellg101","lindf101","grohh101","frisf101","meusi101","wilsh102","oconj102","","","","63","F","F",2,8,2,"T","T",0,"F","F",1,"F","F",0,"F","F",6,"G","F","F","",0,0,"N",0,"N",0,"N",0,0,0,0,"63","","","","F","F","F","F","F","F","F","F","F","","","","F","F","F","F","F","","","","",0,3,0,0,6,0,0,0,0,58,"NY1","CIN","NY1",0,"F","T",0,8,0,25,2,"T","F",0,0,"F","F","sheet102","bohns101","T","T",0,0,0,0,0,0,0,0,0,"","","",0,0,0,0,0,0,0,0,0,0,0,0,0,"frisf101","F","F","F","F",0,0,0,0,0,0,0,0,0,0,F,F,"1924NY1.EVN.regular.event.csv",3336
"NY1192408080","CIN",7,1,0,0,0,"",0,8,"frisf101","?","frisf101","?","sheet102","?","sheet102","?","sanbg101","daubj101","bohns101","pineb101","cavei101","duncp101","rouse101","walkc101","","","","43","T","F",6,2,2,"T","T",0,"F","F",1,"F","F",0,"F","F",4,"G","F","F","",0,0,"N",0,"N",0,"N",0,0,0,0,"43","","","","F","F","F","F","F","F","F","F","F","","","","F","F","F","F","F","","","","",0,3,0,0,4,0,0,0,0,59,"NY1","NY1","CIN",1,"T","F",8,0,0,28,0,"T","F",0,0,"T","T","wilsh102","meusi101","F","F",0,0,0,0,0,0,0,0,0,"","","",0,0,0,0,0,0,0,0,0,0,0,0,0,"bohns101","F","F","F","F",0,0,0,0,0,0,0,0,0,0,F,F,"1924NY1.EVN.regular.event.csv",3337
"NY1192408080","CIN",7,1,1,0,0,"",0,8,"wilsh102","?","wilsh102","?","sheet102","?","sheet102","?","sanbg101","daubj101","bohns101","pineb101","cavei101","duncp101","rouse101","walkc101","","","","5/P","F","F",8,3,2,"T","T",0,"F","F",1,"F","F",0,"F","F",5,"P","F","F","",0,0,"N",0,"N",0,"N",0,0,0,0,"5","","","","F","F","F","F","F","F","F","F","F","","","","F","F","F","F","F","","","","",0,5,0,0,0,0,0,0,0,60,"NY1","NY1","CIN",1,"F","F",8,0,0,29,1,"T","F",0,0,"T","T","meusi101","kellg101","F","F",0,0,0,0,0,0,0,0,0,"","","",0,0,0,0,0,0,0,0,0,0,0,0,0,"pineb101","F","F","F","F",0,0,0,0,0,0,0,0,0,0,F,F,"1924NY1.EVN.regular.event.csv",3338
"NY1192408080","CIN",7,1,2,0,0,"",0,8,"meusi101","?","meusi101","?","sheet102","?","sheet102","?","sanbg101","daubj101","bohns101","pineb101","cavei101","duncp101","rouse101","walkc101","","","","6/P","F","F",7,4,2,"T","T",0,"F","F",1,"F","F",0,"F","F",6,"P","F","F","",0,0,"N",0,"N",0,"N",0,0,0,0,"6","","","","F","F","F","F","F","F","F","F","F","","","","F","F","F","F","F","","","","",0,6,0,0,0,0,0,0,0,61,"NY1","NY1","CIN",1,"F","T",8,0,0,30,2,"T","F",0,0,"T","T","kellg101","lindf101","F","F",0,0,0,0,0,0,0,0,0,"","","",0,0,0,0,0,0,0,0,0,0,0,0,0,"cavei101","F","F","F","F",0,0,0,0,0,0,0,0,0,0,F,F,"1924NY1.EVN.regular.event.csv",3339
"NY1192408080","CIN",8,0,0,0,0,"",0,8,"sheet102","?","sheet102","?","barnv101","?","barnv101","?","snydf101","kellg101","lindf101","grohh101","frisf101","meusi101","wilsh102","oconj102","","","","63","T","F",1,9,2,"T","T",0,"F","F",1,"F","F",0,"F","F",6,"G","F","F","",0,0,"N",0,"N",0,"N",0,0,0,0,"63","","","","F","F","F","F","F","F","F","F","F","","","","F","F","F","F","F","","","","",0,3,0,0,6,0,0,0,0,62,"NY1","CIN","NY1",0,"T","F",0,8,0,26,0,"T","F",0,0,"F","F","bohns101","daubj101","T","T",0,0,0,0,0,0,0,0,0,"","","",0,0,0,0,0,0,0,0,0,0,0,0,0,"frisf101","F","F","F","F",0,0,0,0,0,0,0,0,0,0,F,F,"1924NY1.EVN.regular.event.csv",3340
"NY1192408080","CIN",8,0,1,0,0,"",0,8,"bohns101","?","bohns101","?","barnv101","?","barnv101","?","snydf101","kellg101","lindf101","grohh101","frisf101","meusi101","wilsh102","oconj102","","","","53","F","F",4,1,2,"T","T",0,"F","F",1,"F","F",0,"F","F",5,"G","F","F","",0,0,"N",0,"N",0,"N",0,0,0,0,"53","","","","F","F","F","F","F","F","F","F","F","","","","F","F","F","F","F","","","","",0,3,0,0,5,0,0,0,0,63,"NY1","CIN","NY1",0,"F","F",0,8,0,27,1,"T","F",0,0,"T","T","daubj101","rouse101","T","T",0,0,0,0,0,0,0,0,0,"","","",0,0,0,0,0,0,0,0,0,0,0,0,0,"grohh101","F","F","F","F",0,0,0,0,0,0,0,0,0,0,F,F,"1924NY1.EVN.regular.event.csv",3341
"NY1192408080","CIN",8,0,2,0,0,"",0,8,"daubj101","?","daubj101","?","barnv101","?","barnv101","?","snydf101","kellg101","lindf101","grohh101","frisf101","meusi101","wilsh102","oconj102","","","","7/F","F","F",3,2,2,"T","T",0,"F","F",1,"F","F",0,"F","F",7,"F","F","F","",0,0,"N",0,"N",0,"N",0,0,0,0,"7","","","","F","F","F","F","F","F","F","F","F","","","","F","F","F","F","F","","","","",0,7,0,0,0,0,0,0,0,64,"NY1","CIN","NY1",0,"F","T",0,8,0,28,2,"T","F",0,0,"T","T","rouse101","walkc101","T","T",0,0,0,0,0,0,0,0,0,"","","",0,0,0,0,0,0,0,0,0,0,0,0,0,"meusi101","F","F","F","F",0,0,0,0,0,0,0,0,0,0,F,F,"1924NY1.EVN.regular.event.csv",3342
"NY1192408080","CIN",8,1,0,0,0,"",0,8,"terrb101","?","terrb101","?","sheet102","?","sheet102","?","sanbg101","daubj101","bohns101","pineb101","cavei101","duncp101","rouse101","walkc101","","","","63","T","T",11,5,2,"T","T",0,"F","F",1,"F","F",0,"F","F",6,"G","F","F","",0,0,"N",0,"N",0,"N",0,0,0,0,"63","","","","F","F","F","F","F","F","F","F","F","","","","F","F","F","F","F","","","","kellg101",3,3,0,0,6,0,0,0,0,65,"NY1","NY1","CIN",1,"T","F",8,0,0,31,0,"T","F",0,0,"F","F","lindf101","grohh101","F","F",0,0,0,0,0,0,0,0,0,"","","",0,0,0,0,0,0,0,0,0,0,0,0,0,"cavei101","F","F","F","F",0,0,0,0,0,0,0,0,0,0,F,F,"1924NY1.EVN.regular.event.csv",3343
"NY1192408080","CIN",8,1,1,0,0,"",0,8,"lindf101","?","lindf101","?","sheet102","?","sheet102","?","sanbg101","daubj101","bohns101","pineb101","cavei101","duncp101","rouse101","walkc101","","","","S/BG","F","F",4,6,20,"T","T",1,"F","F",0,"F","F",0,"F","F",0,"G","T","F","",0,0,"N",0,"N",0,"N",1,0,0,0,"","","","","F","F","F","F","F","F","F","F","F","","","","F","F","F","F","F","","","","",0,0,0,0,0,0,0,0,0,66,"NY1","NY1","CIN",1,"F","F",8,0,0,32,1,"T","F",0,1,"F","F","grohh101","snydf101","F","F",0,0,0,0,0,0,0,0,0,"","","",0,0,0,0,0,0,0,0,0,0,0,0,0,"","F","F","F","F",3,0,0,0,0,0,0,0,0,0,F,F,"1924NY1.EVN.regular.event.csv",3344
"NY1192408080","CIN",8,1,1,0,0,"",0,8,"grohh101","?","grohh101","?","sheet102","?","sheet102","?","sanbg101","daubj101","bohns101","pineb101","cavei101","duncp101","rouse101","walkc101","lindf101","","","D7.1-3","F","F",5,7,21,"T","T",2,"F","F",0,"F","F",0,"F","F",7,"","F","F","",0,0,"N",0,"N",0,"N",2,3,0,0,"","","","","F","F","F","F","F","F","F","F","F","sheet102","","","F","F","F","F","F","","","","",0,0,0,0,0,0,0,0,0,67,"NY1","NY1","CIN",1,"F","F",8,0,0,33,2,"T","F",1,6,"T","T","snydf101","barnv101","F","F",4,6,66,0,0,0,0,0,0,"sanbg101","","",0,0,0,0,0,0,0,0,0,0,0,0,0,"duncp101","F","F","F","F",2,3,0,0,0,0,0,0,0,0,F,F,"1924NY1.EVN.regular.event.csv",3345
"NY1192408080","CIN",8,1,1,0,0,"",0,8,"gowdh101","?","gowdh101","?","sheet102","?","sheet102","?","sanbg101","daubj101","bohns101","pineb101","cavei101","duncp101","rouse101","walkc101","","grohh101","lindf101","13","F","T",11,8,2,"T","T",0,"F","F",1,"F","F",0,"F","F",1,"G","F","F","",0,0,"N",0,"N",0,"N",0,0,2,3,"13","","","","F","F","F","F","F","F","F","F","F","","sheet102","sheet102","F","F","F","F","F","","","","snydf101",2,3,0,0,1,0,0,0,0,68,"NY1","NY1","CIN",1,"F","F",8,0,0,34,3,"T","F",6,6,"F","F","barnv101","oconj102","F","F",0,0,0,5,7,67,4,6,66,"","sanbg101","sanbg101",0,0,0,0,0,0,0,0,0,0,0,0,0,"sheet102","F","F","F","F",0,0,2,3,0,0,0,0,0,0,F,F,"1924NY1.EVN.regular.event.csv",3346
"NY1192408080","CIN",8,1,2,0,0,"",0,8,"barnv101","?","barnv101","?","sheet102","?","sheet102","?","sanbg101","daubj101","bohns101","pineb101","cavei101","duncp101","rouse101","walkc101","","grohh101","lindf101","K","F","F",1,9,3,"T","T",0,"F","F",1,"F","F",0,"F","F",0,"","F","F","",0,0,"N",0,"N",0,"N",0,0,2,3,"2","","","","F","F","F","F","F","F","F","F","F","","sheet102","sheet102","F","F","F","F","F","","","","",0,2,0,0,0,0,0,0,0,69,"NY1","NY1","CIN",1,"F","T",8,0,0,35,4,"T","F",6,6,"T","T","oconj102","frisf101","F","F",0,0,0,5,7,67,4,6,66,"","sanbg101","sanbg101",0,0,0,0,0,0,0,0,0,0,0,0,0,"","F","F","F","F",0,0,2,3,0,0,0,0,0,0,F,F,"1924NY1.EVN.regular.event.csv",3347
"NY1192408080","CIN",9,0,0,0,0,"",0,8,"rouse101","?","rouse101","?","barnv101","?","barnv101","?","gowdh101","terrb101","lindf101","grohh101","frisf101","meusi101","wilsh102","oconj102","","","","S","T","F",8,3,20,"T","T",1,"F","F",0,"F","F",0,"F","F",0,"","F","F","",0,0,"N",0,"N",0,"N",1,0,0,0,"","","","","F","F","F","F","F","F","F","F","F","","","","F","F","F","F","F","","","","",0,0,0,0,0,0,0,0,0,70,"NY1","CIN","NY1",0,"T","F",0,8,0,29,0,"T","F",0,1,"T","T","walkc101","duncp101","T","T",0,0,0,0,0,0,0,0,0,"","","",0,0,0,0,0,0,0,0,0,0,0,0,0,"","F","F","F","F",5,0,0,0,3,0,0,0,0,0,F,F,"1924NY1.EVN.regular.event.csv",3348
"NY1192408080","CIN",9,0,0,0,0,"",0,8,"walkc101","?","walkc101","?","barnv101","?","barnv101","?","gowdh101","terrb101","lindf101","grohh101","frisf101","meusi101","wilsh102","oconj102","rouse101","","","E3/G.1-3","F","F",9,4,18,"T","T",0,"F","F",0,"F","F",0,"F","F",3,"G","F","F","",1,3,"F",0,"N",0,"N",1,3,0,0,"","","","","F","F","F","F","F","F","F","F","F","barnv101","","","F","F","F","F","F","","","","",0,0,0,0,0,0,0,0,0,71,"NY1","CIN","NY1",0,"F","F",0,8,0,30,1,"T","F",1,5,"T","T","duncp101","pineb101","T","T",8,3,70,0,0,0,0,0,0,"gowdh101","","",0,0,0,0,0,0,0,0,0,0,0,0,0,"terrb101","F","F","F","T",0,5,0,0,3,0,0,0,0,0,F,F,"1924NY1.EVN.regular.event.csv",3349
"NY1192408080","CIN",9,0,0,0,0,"",0,8,"duncp101","?","duncp101","?","barnv101","?","barnv101","?","gowdh101","terrb101","lindf101","grohh101","frisf101","meusi101","wilsh102","oconj102","walkc101","","rouse101","46(1)/FO.3-H(UR)","F","F",7,5,2,"T","T",0,"F","F",1,"F","F",1,"F","F",4,"G","F","F","",0,0,"N",0,"N",0,"N",1,0,0,5,"","46","","","F","F","F","F","F","F","F","F","F","barnv101","","barnv101","F","F","F","F","F","","","","",0,6,0,0,4,0,0,0,0,72,"NY1","CIN","NY1",0,"F","F",0,8,0,31,2,"T","F",5,1,"T","T","pineb101","cavei101","T","T",9,4,71,0,0,0,8,3,70,"gowdh101","","gowdh101",0,0,0,0,0,0,0,0,0,0,0,0,1,"lindf101","T","F","F","F",5,0,0,5,2,0,0,0,0,0,F,F,"1924NY1.EVN.regular.event.csv",3350
"NY1192408080","CIN",9,0,1,0,0,"",1,8,"pineb101","?","pineb101","?","barnv101","?","barnv101","?","gowdh101","terrb101","lindf101","grohh101","frisf101","meusi101","wilsh102","oconj102","duncp101","","","6/P","F","F",5,6,2,"T","T",0,"F","F",1,"F","F",0,"F","F",6,"P","F","F","",0,0,"N",0,"N",0,"N",0,1,0,0,"6","","","","F","F","F","F","F","F","F","F","F","barnv101","","","F","F","F","F","F","","","","",0,6,0,0,0,0,0,0,0,73,"NY1","CIN","NY1",0,"F","F",1,8,1,32,3,"T","F",1,1,"T","T","cavei101","sanbg101","T","T",7,5,72,0,0,0,0,0,0,"gowdh101","","",0,0,0,0,0,0,0,0,0,0,0,0,0,"frisf101","F","F","F","F",0,5,0,0,2,0,0,0,0,0,F,F,"1924NY1.EVN.regular.event.csv",3351
"NY1192408080","CIN",9,0,2,0,0,"",1,8,"cavei101","?","cavei101","?","barnv101","?","barnv101","?","gowdh101","terrb101","lindf101","grohh101","frisf101","meusi101","wilsh102","oconj102","duncp101","","","D.1-H(UR)","F","F",6,7,21,"T","T",2,"F","F",0,"F","F",1,"F","F",0,"","F","F","",0,0,"N",0,"N",0,"N",2,5,0,0,"","","","","F","F","F","F","F","F","F","F","F","barnv101","","","F","F","F","F","F","","","","",0,0,0,0,0,0,0,0,0,74,"NY1","CIN","NY1",0,"F","F",1,8,1,33,4,"T","F",1,2,"T","T","sanbg101","sheet102","T","T",7,5,72,0,0,0,0,0,0,"gowdh101","","",0,0,0,0,0,0,0,0,0,0,0,0,1,"","F","F","F","F",5,5,0,0,1,0,0,0,0,0,F,F,"1924NY1.EVN.regular.event.csv",3352
"NY1192408080","CIN",9,0,2,0,0,"",2,8,"sanbg101","?","sanbg101","?","barnv101","?","barnv101","?","gowdh101","terrb101","lindf101","grohh101","frisf101","meusi101","wilsh102","oconj102","","cavei101","","S.2-H(UR)","F","F",2,8,20,"T","T",1,"F","F",0,"F","F",1,"F","F",0,"","F","F","",0,0,"N",0,"N",0,"N",1,0,5,0,"","","","","F","F","F","F","F","F","F","F","F","","barnv101","","F","F","F","F","F","","","","",0,0,0,0,0,0,0,0,0,75,"NY1","CIN","NY1",0,"F","F",2,8,2,34,5,"T","F",2,1,"F","F","sheet102","bohns101","T","T",0,0,0,6,7,74,0,0,0,"","gowdh101","",0,0,0,0,0,0,0,0,0,0,0,0,1,"","F","F","F","F",0,0,5,0,0,0,0,0,0,0,F,F,"1924NY1.EVN.regular.event.csv",3353
"NY1192408080","CIN",9,0,2,0,0,"",3,8,"bresr101","?","bresr101","?","barnv101","?","barnv101","?","gowdh101","terrb101","lindf101","grohh101","frisf101","meusi101","wilsh102","oconj102","sanbg101","","","S.1-2","F","T",11,9,20,"T","T",1,"F","F",0,"F","F",0,"F","F",0,"","F","F","",0,0,"N",0,"N",0,"N",1,2,0,0,"","","","","F","F","F","F","F","F","F","F","F","barnv101","","","F","F","F","F","F","","","","sheet102",1,0,0,0,0,0,0,0,0,76,"NY1","CIN","NY1",0,"F","F",3,8,3,35,6,"T","F",1,3,"F","F","bohns101","daubj101","T","T",2,8,75,0,0,0,0,0,0,"gowdh101","","",0,0,0,0,0,0,0,0,0,0,0,0,0,"","F","F","F","F",1,0,0,0,0,0,0,0,0,0,F,F,"1924NY1.EVN.regular.event.csv",3354
"NY1192408080","CIN",9,0,2,0,0,"",3,8,"bohns101","?","bohns101","?","barnv101","?","barnv101","?","gowdh101","terrb101","lindf101","grohh101","frisf101","meusi101","wilsh102","oconj102","bresr101","fowlb101","","5(2)/FO","F","F",4,1,2,"T","T",0,"F","F",1,"F","F",0,"F","F",5,"G","F","F","",0,0,"N",0,"N",0,"N",1,1,0,0,"","","5","","F","F","F","F","F","F","F","F","F","barnv101","barnv101","","F","T","F","T","F","","sanbg101","","",0,5,0,0,0,0,0,0,0,77,"NY1","CIN","NY1",0,"F","T",3,8,3,36,7,"T","F",3,1,"T","T","daubj101","rouse101","T","T",0,9,76,0,8,75,0,0,0,"gowdh101","gowdh101","",0,0,0,0,0,0,0,0,0,0,0,0,0,"grohh101","F","T","F","F",1,1,0,0,0,0,0,0,0,0,F,F,"1924NY1.EVN.regular.event.csv",3355
"NY1192408090","CIN",1,0,0,0,0,"",0,0,"crith101","?","crith101","?","ryanr101","?","ryanr101","?","snydf101","kellg101","frisf101","grohh101","jackt101","meusi101","wilsh102","oconj102","","","","53","T","F",4,1,2,"T","T",0,"F","F",1,"F","F",0,"F","F",5,"G","F","F","",0,0,"N",0,"N",0,"N",0,0,0,0,"53","","","","F","F","F","F","F","F","F","F","F","","","","T","F","F","F","F","","","","",0,3,0,0,5,0,0,0,0,1,"NY1","CIN","NY1",0,"T","F",0,0,0,0,0,"T","F",0,0,"T","T","daubj101","rouse101","T","T",0,0,0,0,0,0,0,0,0,"","","",0,0,0,0,0,0,0,0,0,0,0,0,0,"grohh101","F","F","F","F",0,0,0,0,0,0,0,0,0,0,F,F,"1924NY1.EVN.regular.event.csv",3356
"NY1192408090","CIN",1,0,1,0,0,"",0,0,"daubj101","?","daubj101","?","ryanr101","?","ryanr101","?","snydf101","kellg101","frisf101","grohh101","jackt101","meusi101","wilsh102","oconj102","","","","43","F","F",3,2,2,"T","T",0,"F","F",1,"F","F",0,"F","F",4,"G","F","F","",0,0,"N",0,"N",0,"N",0,0,0,0,"43","","","","F","F","F","F","F","F","F","F","F","","","","F","F","F","F","F","","","","",0,3,0,0,4,0,0,0,0,2,"NY1","CIN","NY1",0,"F","F",0,0,0,1,1,"T","F",0,0,"T","T","rouse101","walkc101","T","T",0,0,0,0,0,0,0,0,0,"","","",0,0,0,0,0,0,0,0,0,0,0,0,0,"frisf101","F","F","F","F",0,0,0,0,0,0,0,0,0,0,F,F,"1924NY1.EVN.regular.event.csv",3357
"NY1192408090","CIN",1,0,2,0,0,"",0,0,"rouse101","?","rouse101","?","ryanr101","?","ryanr101","?","snydf101","kellg101","frisf101","grohh101","jackt101","meusi101","wilsh102","oconj102","","","","7/F","F","F",8,3,2,"T","T",0,"F","F",1,"F","F",0,"F","F",7,"F","F","F","",0,0,"N",0,"N",0,"N",0,0,0,0,"7","","","","F","F","F","F","F","F","F","F","F","","","","F","F","F","F","F","","","","",0,7,0,0,0,0,0,0,0,3,"NY1","CIN","NY1",0,"F","T",0,0,0,2,2,"T","F",0,0,"T","T","walkc101","duncp101","T","T",0,0,0,0,0,0,0,0,0,"","","",0,0,0,0,0,0,0,0,0,0,0,0,0,"meusi101","F","F","F","F",0,0,0,0,0,0,0,0,0,0,F,F,"1924NY1.EVN.regular.event.csv",3358
"NY1192408090","CIN",1,1,0,0,0,"",0,0,"oconj102","?","oconj102","?","luqud101","?","luqud101","?","hargb101","daubj101","crith101","pineb101","cavei101","duncp101","rouse101","walkc101","","","","K","T","F",9,1,3,"T","T",0,"F","F",1,"F","F",0,"F","F",0,"","F","F","",0,0,"N",0,"N",0,"N",0,0,0,0,"2","","","","F","F","F","F","F","F","F","F","F","","","","F","F","F","F","F","","","","",0,2,0,0,0,0,0,0,0,4,"NY1","NY1","CIN",1,"T","F",0,0,0,0,0,"T","F",0,0,"T","T","frisf101","wilsh102","T","T",0,0,0,0,0,0,0,0,0,"","","",0,0,0,0,0,0,0,0,0,0,0,0,0,"","F","F","F","F",0,0,0,0,1,0,0,0,0,0,F,F,"1924NY1.EVN.regular.event.csv",3359
"NY1192408090","CIN",1,1,1,0,0,"",0,0,"frisf101","?","frisf101","?","luqud101","?","luqud101","?","hargb101","daubj101","crith101","pineb101","cavei101","duncp101","rouse101","walkc101","","","","D7","F","F",4,2,21,"T","T",2,"F","F",0,"F","F",0,"F","F",7,"","F","F","",0,0,"N",0,"N",0,"N",2,0,0,0,"","","","","F","F","F","F","F","F","F","F","F","","","","F","F","F","F","F","","","","",0,0,0,0,0,0,0,0,0,5,"NY1","NY1","CIN",1,"F","F",0,0,0,1,1,"T","F",0,2,"T","T","wilsh102","meusi101","T","T",0,0,0,0,0,0,0,0,0,"","","",0,0,0,0,0,0,0,0,0,0,0,0,0,"duncp101","F","F","F","F",4,0,0,0,1,0,0,0,0,0,F,F,"1924NY1.EVN.regular.event.csv",3360
"NY1192408090","CIN",1,1,1,0,0,"",0,0,"wilsh102","?","wilsh102","?","luqud101","?","luqud101","?","hargb101","daubj101","crith101","pineb101","cavei101","duncp101","rouse101","walkc101","","frisf101","","K","F","F",8,3,3,"T","T",0,"F","F",1,"F","F",0,"F","F",0,"","F","F","",0,0,"N",0,"N",0,"N",0,0,2,0,"2","","","","F","F","F","F","F","F","F","F","F","","luqud101","","F","F","F","F","F","","","","",0,2,0,0,0,0,0,0,0,6,"NY1","NY1","CIN",1,"F","F",0,0,0,2,2,"T","F",2,2,"T","T","meusi101","kellg101","T","T",0,0,0,4,2,5,0,0,0,"","hargb101","",0,0,0,0,0,0,0,0,0,0,0,0,0,"","F","F","F","F",0,0,4,0,1,0,0,0,0,0,F,F,"1924NY1.EVN.regular.event.csv",3361
"NY1192408090","CIN",1,1,2,0,0,"",0,0,"meusi101","?","meusi101","?","luqud101","?","luqud101","?","hargb101","daubj101","crith101","pineb101","cavei101","duncp101","rouse101","walkc101","","frisf101","","S8/F8S.2-H;B-2(THH)","F","F",7,4,20,"T","T",1,"F","F",0,"F","F",1,"F","F",8,"F","F","F","8S",0,0,"N",0,"N",0,"N",2,0,4,0,"","","","","F","F","F","F","F","F","F","F","F","","luqud101","","F","F","F","F","F","","","","",0,0,0,0,0,0,0,0,0,7,"NY1","NY1","CIN",1,"F","F",0,0,0,3,3,"T","F",2,2,"T","T","kellg101","jackt101","T","T",0,0,0,4,2,5,0,0,0,"","hargb101","",0,0,0,0,0,0,0,0,0,0,0,0,1,"rouse101","F","F","F","F",0,0,4,0,0,0,0,0,0,0,F,F,"1924NY1.EVN.regular.event.csv",3362
"NY1192408090","CIN",1,1,2,0,0,"",0,1,"kellg101","?","kellg101","?","luqud101","?","luqud101","?","hargb101","daubj101","crith101","pineb101","cavei101","duncp101","rouse101","walkc101","","meusi101","","43","F","F",3,5,2,"T","T",0,"F","F",1,"F","F",0,"F","F",4,"G","F","F","",0,0,"N",0,"N",0,"N",0,0,2,0,"43","","","","F","F","F","F","F","F","F","F","F","","luqud101","","F","F","F","F","F","","","","",0,3,0,0,4,0,0,0,0,8,"NY1","NY1","CIN",1,"F","T",1,0,1,4,4,"T","F",2,2,"T","T","jackt101","grohh101","T","T",0,0,0,7,4,7,0,0,0,"","hargb101","",0,0,0,0,0,0,0,0,0,0,0,0,0,"crith101","F","F","F","F",0,0,0,0,0,0,0,0,0,0,F,F,"1924NY1.EVN.regular.event.csv",3363
"NY1192408090","CIN",2,0,0,0,0,"",0,1,"walkc101","?","walkc101","?","ryanr101","?","ryanr101","?","snydf101","kellg101","frisf101","grohh101","jackt101","meusi101","wilsh102","oconj102","","","","43","T","F",9,4,2,"T","T",0,"F","F",1,"F","F",0,"F","F",4,"G","F","F","",0,0,"N",0,"N",0,"N",0,0,0,0,"43","","","","F","F","F","F","F","F","F","F","F","","","","F","F","F","F","F","","","","",0,3,0,0,4,0,0,0,0,9,"NY1","CIN","NY1",0,"T","F",0,1,0,3,0,"T","F",0,0,"T","T","duncp101","pineb101","T","T",0,0,0,0,0,0,0,0,0,"","","",0,0,0,0,0,0,0,0,0,0,0,0,0,"frisf101","F","F","F","F",0,0,0,0,0,0,0,0,0,0,F,F,"1924NY1.EVN.regular.event.csv",3364
"NY1192408090","CIN",2,0,1,0,0,"",0,1,"duncp101","?","duncp101","?","ryanr101","?","ryanr101","?","snydf101","kellg101","frisf101","grohh101","jackt101","meusi101","wilsh102","oconj102","","","","63","F","F",7,5,2,"T","T",0,"F","F",1,"F","F",0,"F","F",6,"G","F","F","",0,0,"N",0,"N",0,"N",0,0,0,0,"63","","","","F","F","F","F","F","F","F","F","F","","","","F","F","F","F","F","","","","",0,3,0,0,6,0,0,0,0,10,"NY1","CIN","NY1",0,"F","F",0,1,0,4,1,"T","F",0,0,"T","T","pineb101","cavei101","T","T",0,0,0,0,0,0,0,0,0,"","","",0,0,0,0,0,0,0,0,0,0,0,0,0,"jackt101","F","F","F","F",0,0,0,0,0,0,0,0,0,0,F,F,"1924NY1.EVN.regular.event.csv",3365
"NY1192408090","CIN",2,0,2,0,0,"",0,1,"pineb101","?","pineb101","?","ryanr101","?","ryanr101","?","snydf101","kellg101","frisf101","grohh101","jackt101","meusi101","wilsh102","oconj102","","","","8/F","F","F",5,6,2,"T","T",0,"F","F",1,"F","F",0,"F","F",8,"F","F","F","",0,0,"N",0,"N",0,"N",0,0,0,0,"8","","","","F","F","F","F","F","F","F","F","F","","","","F","F","F","F","F","","","","",0,8,0,0,0,0,0,0,0,11,"NY1","CIN","NY1",0,"F","T",0,1,0,5,2,"T","F",0,0,"T","T","cavei101","hargb101","T","T",0,0,0,0,0,0,0,0,0,"","","",0,0,0,0,0,0,0,0,0,0,0,0,0,"wilsh102","F","F","F","F",0,0,0,0,0,0,0,0,0,0,F,F,"1924NY1.EVN.regular.event.csv",3366
"NY1192408090","CIN",2,1,0,0,0,"",0,1,"jackt101","?","jackt101","?","luqud101","?","luqud101","?","hargb101","daubj101","crith101","pineb101","cavei101","duncp101","rouse101","walkc101","","","","63","T","F",6,6,2,"T","T",0,"F","F",1,"F","F",0,"F","F",6,"G","F","F","",0,0,"N",0,"N",0,"N",0,0,0,0,"63","","","","F","F","F","F","F","F","F","F","F","","","","F","F","F","F","F","","","","",0,3,0,0,6,0,0,0,0,12,"NY1","NY1","CIN",1,"T","F",1,0,0,5,0,"T","F",0,0,"T","T","grohh101","snydf101","T","T",0,0,0,0,0,0,0,0,0,"","","",0,0,0,0,0,0,0,0,0,0,0,0,0,"cavei101","F","F","F","F",0,0,0,0,0,0,0,0,0,0,F,F,"1924NY1.EVN.regular.event.csv",3367
"NY1192408090","CIN",2,1,1,0,0,"",0,1,"grohh101","?","grohh101","?","luqud101","?","luqud101","?","hargb101","daubj101","crith101","pineb101","cavei101","duncp101","rouse101","walkc101","","","","63","F","F",5,7,2,"T","T",0,"F","F",1,"F","F",0,"F","F",6,"G","F","F","",0,0,"N",0,"N",0,"N",0,0,0,0,"63","","","","F","F","F","F","F","F","F","F","F","","","","F","F","F","F","F","","","","",0,3,0,0,6,0,0,0,0,13,"NY1","NY1","CIN",1,"F","F",1,0,0,6,1,"T","F",0,0,"T","T","snydf101","ryanr101","T","T",0,0,0,0,0,0,0,0,0,"","","",0,0,0,0,0,0,0,0,0,0,0,0,0,"cavei101","F","F","F","F",0,0,0,0,0,0,0,0,0,0,F,F,"1924NY1.EVN.regular.event.csv",3368
"NY1192408090","CIN",2,1,2,0,0,"",0,1,"snydf101","?","snydf101","?","luqud101","?","luqud101","?","hargb101","daubj101","crith101","pineb101","cavei101","duncp101","rouse101","walkc101","","","","53","F","F",2,8,2,"T","T",0,"F","F",1,"F","F",0,"F","F",5,"G","F","F","",0,0,"N",0,"N",0,"N",0,0,0,0,"53","","","","F","F","F","F","F","F","F","F","F","","","","F","F","F","F","F","","","","",0,3,0,0,5,0,0,0,0,14,"NY1","NY1","CIN",1,"F","T",1,0,0,7,2,"T","F",0,0,"T","T","ryanr101","oconj102","T","T",0,0,0,0,0,0,0,0,0,"","","",0,0,0,0,0,0,0,0,0,0,0,0,0,"pineb101","F","F","F","F",0,0,0,0,0,0,0,0,0,0,F,F,"1924NY1.EVN.regular.event.csv",3369
"NY1192408090","CIN",3,0,0,0,0,"",0,1,"cavei101","?","cavei101","?","ryanr101","?","ryanr101","?","snydf101","kellg101","frisf101","grohh101","jackt101","meusi101","wilsh102","oconj102","","","","W","T","F",6,7,14,"T","F",0,"F","F",0,"F","F",0,"F","F",0,"","F","F","",0,0,"N",0,"N",0,"N",1,0,0,0,"","","","","F","F","F","F","F","F","F","F","F","","","","F","F","F","F","F","","","","",0,0,0,0,0,0,0,0,0,15,"NY1","CIN","NY1",0,"T","F",0,1,0,6,0,"T","F",0,1,"T","T","hargb101","luqud101","T","T",0,0,0,0,0,0,0,0,0,"","","",0,0,0,0,0,0,0,0,0,0,0,0,0,"","F","F","F","F",0,0,0,0,0,0,0,0,0,0,F,F,"1924NY1.EVN.regular.event.csv",3370
"NY1192408090","CIN",3,0,0,0,0,"",0,1,"hargb101","?","hargb101","?","ryanr101","?","ryanr101","?","snydf101","kellg101","frisf101","grohh101","jackt101","meusi101","wilsh102","oconj102","cavei101","","","63.1-2","F","F",2,8,2,"T","T",0,"F","F",1,"F","F",0,"F","F",6,"G","F","F","",0,0,"N",0,"N",0,"N",0,2,0,0,"63","","","","F","F","F","F","F","F","F","F","F","ryanr101","","","F","F","F","F","F","","","","",0,3,0,0,6,0,0,0,0,16,"NY1","CIN","NY1",0,"F","F",0,1,0,7,1,"T","F",1,2,"T","T","luqud101","crith101","T","T",6,7,15,0,0,0,0,0,0,"snydf101","","",0,0,0,0,0,0,0,0,0,0,0,0,0,"jackt101","F","F","F","F",0,0,0,0,0,0,0,0,0,0,F,F,"1924NY1.EVN.regular.event.csv",3371
"NY1192408090","CIN",3,0,1,0,0,"",0,1,"luqud101","?","luqud101","?","ryanr101","?","ryanr101","?","snydf101","kellg101","frisf101","grohh101","jackt101","meusi101","wilsh102","oconj102","","cavei101","","2/FL","F","F",1,9,2,"T","T",0,"F","F",1,"F","F",0,"F","F",2,"F","F","T","",0,0,"N",0,"N",0,"N",0,0,2,0,"2","","","","F","F","F","F","F","F","F","F","F","","ryanr101","","F","F","F","F","F","","","","",0,2,0,0,0,0,0,0,0,17,"NY1","CIN","NY1",0,"F","F",0,1,0,8,2,"T","F",2,2,"T","T","crith101","daubj101","T","T",0,0,0,6,7,15,0,0,0,"","snydf101","",0,0,0,0,0,0,0,0,0,0,0,0,0,"snydf101","F","F","F","F",0,0,0,0,0,0,0,0,0,0,F,F,"1924NY1.EVN.regular.event.csv",3372
"NY1192408090","CIN",3,0,2,0,0,"",0,1,"crith101","?","crith101","?","ryanr101","?","ryanr101","?","snydf101","kellg101","frisf101","grohh101","jackt101","meusi101","wilsh102","oconj102","","cavei101","","63#","F","F",4,1,2,"T","T",0,"F","F",1,"F","F",0,"F","F",6,"G","F","F","",0,0,"N",0,"N",0,"N",0,0,2,0,"63","","","","F","F","F","F","F","F","F","F","F","","ryanr101","","F","F","F","F","F","","","","",0,3,0,0,6,0,0,0,0,18,"NY1","CIN","NY1",0,"F","T",0,1,0,9,3,"T","F",2,2,"T","T","daubj101","rouse101","T","T",0,0,0,6,7,15,0,0,0,"","snydf101","",0,0,0,0,0,0,0,0,0,0,0,0,0,"jackt101","F","F","F","F",0,0,0,0,0,0,0,0,0,0,F,T,"1924NY1.EVN.regular.event.csv",3373
"NY1192408090","CIN",3,1,0,0,0,"",0,1,"ryanr101","?","ryanr101","?","luqud101","?","luqud101","?","hargb101","daubj101","crith101","pineb101","cavei101","duncp101","rouse101","walkc101","","","","K","T","F",1,9,3,"T","T",0,"F","F",1,"F","F",0,"F","F",0,"","F","F","",0,0,"N",0,"N",0,"N",0,0,0,0,"2","","","","F","F","F","F","F","F","F","F","F","","","","F","F","F","F","F","","","","",0,2,0,0,0,0,0,0,0,19,"NY1","NY1","CIN",1,"T","F",1,0,0,8,0,"T","F",0,0,"T","T","oconj102","frisf101","T","T",0,0,0,0,0,0,0,0,0,"","","",0,0,0,0,0,0,0,0,0,0,0,0,0,"","F","F","F","F",0,0,0,0,0,0,0,0,0,0,F,F,"1924NY1.EVN.regular.event.csv",3374
"NY1192408090","CIN",3,1,1,0,0,"",0,1,"oconj102","?","oconj102","?","luqud101","?","luqud101","?","hargb101","daubj101","crith101","pineb101","cavei101","duncp101","rouse101","walkc101","","","","W","F","F",9,1,14,"T","F",0,"F","F",0,"F","F",0,"F","F",0,"","F","F","",0,0,"N",0,"N",0,"N",1,0,0,0,"","","","","F","F","F","F","F","F","F","F","F","","","","F","F","F","F","F","","","","",0,0,0,0,0,0,0,0,0,20,"NY1","NY1","CIN",1,"F","F",1,0,0,9,1,"T","F",0,1,"T","T","frisf101","wilsh102","T","T",0,0,0,0,0,0,0,0,0,"","","",0,0,0,0,0,0,0,0,0,0,0,0,0,"","F","F","F","F",0,0,0,0,0,0,0,0,0,0,F,F,"1924NY1.EVN.regular.event.csv",3375
"NY1192408090","CIN",3,1,1,0,0,"",0,1,"frisf101","?","frisf101","?","luqud101","?","luqud101","?","hargb101","daubj101","crith101","pineb101","cavei101","duncp101","rouse101","walkc101","oconj102","","","W.1-2","F","F",4,2,14,"T","F",0,"F","F",0,"F","F",0,"F","F",0,"","F","F","",0,0,"N",0,"N",0,"N",1,2,0,0,"","","","","F","F","F","F","F","F","F","F","F","luqud101","","","F","F","F","F","F","","","","",0,0,0,0,0,0,0,0,0,21,"NY1","NY1","CIN",1,"F","F",1,0,0,10,2,"T","F",1,3,"T","T","wilsh102","meusi101","T","T",9,1,20,0,0,0,0,0,0,"hargb101","","",0,0,0,0,0,0,0,0,0,0,0,0,0,"","F","F","F","F",0,0,0,0,0,0,0,0,0,0,F,F,"1924NY1.EVN.regular.event.csv",3376
"NY1192408090","CIN",3,1,1,0,0,"",0,1,"wilsh102","?","wilsh102","?","luqud101","?","luqud101","?","hargb101","daubj101","crith101","pineb101","cavei101","duncp101","rouse101","walkc101","frisf101","oconj102","","4/P","F","F",8,3,2,"T","T",0,"F","F",1,"F","F",0,"F","F",4,"P","F","F","",0,0,"N",0,"N",0,"N",0,1,2,0,"4","","","","F","F","F","F","F","F","F","F","F","luqud101","luqud101","","F","F","F","F","F","","","","",0,4,0,0,0,0,0,0,0,22,"NY1","NY1","CIN",1,"F","F",1,0,0,11,3,"T","F",3,3,"T","T","meusi101","kellg101","T","T",4,2,21,9,1,20,0,0,0,"hargb101","hargb101","",0,0,0,0,0,0,0,0,0,0,0,0,0,"crith101","F","F","F","F",0,0,0,0,0,0,0,0,0,0,F,F,"1924NY1.EVN.regular.event.csv",3377
"NY1192408090","CIN",3,1,2,0,0,"",0,1,"meusi101","?","meusi101","?","luqud101","?","luqud101","?","hargb101","daubj101","crith101","pineb101","cavei101","duncp101","rouse101","walkc101","frisf101","oconj102","","2/FL","F","F",7,4,2,"T","T",0,"F","F",1,"F","F",0,"F","F",2,"F","F","T","",0,0,"N",0,"N",0,"N",0,1,2,0,"2","","","","F","F","F","F","F","F","F","F","F","luqud101","luqud101","","F","F","F","F","F","","","","",0,2,0,0,0,0,0,0,0,23,"NY1","NY1","CIN",1,"F","T",1,0,0,12,4,"T","F",3,3,"T","T","kellg101","jackt101","T","T",4,2,21,9,1,20,0,0,0,"hargb101","hargb101","",0,0,0,0,0,0,0,0,0,0,0,0,0,"hargb101","F","F","F","F",0,0,0,0,0,0,0,0,0,0,F,F,"1924NY1.EVN.regular.event.csv",3378
"NY1192408090","CIN",4,0,0,0,0,"",0,1,"daubj101","?","daubj101","?","ryanr101","?","ryanr101","?","snydf101","kellg101","frisf101","grohh101","jackt101","meusi101","wilsh102","oconj102","","","","S/L","T","F",3,2,20,"T","T",1,"F","F",0,"F","F",0,"F","F",0,"L","F","F","",0,0,"N",0,"N",0,"N",1,0,0,0,"","","","","F","F","F","F","F","F","F","F","F","","","","F","F","F","F","F","","","","",0,0,0,0,0,0,0,0,0,24,"NY1","CIN","NY1",0,"T","F",0,1,0,10,0,"T","F",0,1,"T","T","rouse101","walkc101","T","T",0,0,0,0,0,0,0,0,0,"","","",0,0,0,0,0,0,0,0,0,0,0,0,0,"","F","F","F","F",0,0,0,0,0,0,0,0,0,0,F,F,"1924NY1.EVN.regular.event.csv",3379
"NY1192408090","CIN",4,0,0,0,0,"",0,1,"rouse101","?","rouse101","?","ryanr101","?","ryanr101","?","snydf101","kellg101","frisf101","grohh101","jackt101","meusi101","wilsh102","oconj102","daubj101","","","7/F","F","F",8,3,2,"T","T",0,"F","F",1,"F","F",0,"F","F",7,"F","F","F","",0,0,"N",0,"N",0,"N",0,1,0,0,"7","","","","F","F","F","F","F","F","F","F","F","ryanr101","","","F","F","F","F","F","","","","",0,7,0,0,0,0,0,0,0,25,"NY1","CIN","NY1",0,"F","F",0,1,0,11,1,"T","F",1,1,"T","T","walkc101","duncp101","T","T",3,2,24,0,0,0,0,0,0,"snydf101","","",0,0,0,0,0,0,0,0,0,0,0,0,0,"meusi101","F","F","F","F",0,0,0,0,0,0,0,0,0,0,F,F,"1924NY1.EVN.regular.event.csv",3380
"NY1192408090","CIN",4,0,1,0,0,"",0,1,"walkc101","?","walkc101","?","ryanr101","?","ryanr101","?","snydf101","kellg101","frisf101","grohh101","jackt101","meusi101","wilsh102","oconj102","daubj101","","","9/F","F","F",9,4,2,"T","T",0,"F","F",1,"F","F",0,"F","F",9,"F","F","F","",0,0,"N",0,"N",0,"N",0,1,0,0,"9","","","","F","F","F","F","F","F","F","F","F","ryanr101","","","F","F","F","F","F","","","","",0,9,0,0,0,0,0,0,0,26,"NY1","CIN","NY1",0,"F","F",0,1,0,12,2,"T","F",1,1,"T","T","duncp101","pineb101","T","T",3,2,24,0,0,0,0,0,0,"snydf101","","",0,0,0,0,0,0,0,0,0,0,0,0,0,"oconj102","F","F","F","F",0,0,0,0,0,0,0,0,0,0,F,F,"1924NY1.EVN.regular.event.csv",3381
"NY1192408090","CIN",4,0,2,0,0,"",0,1,"duncp101","?","duncp101","?","ryanr101","?","ryanr101","?","snydf101","kellg101","frisf101","grohh101","jackt101","meusi101","wilsh102","oconj102","daubj101","","","64(1)/FO","F","F",7,5,2,"T","T",0,"F","F",1,"F","F",0,"F","F",6,"G","F","F","",0,0,"N",0,"N",0,"N",1,0,0,0,"","64","","","F","F","F","F","F","F","F","F","F","ryanr101","","","F","F","F","F","F","","","","",0,4,0,0,6,0,0,0,0,27,"NY1","CIN","NY1",0,"F","T",0,1,0,13,3,"T","F",1,1,"T","T","pineb101","cavei101","T","T",3,2,24,0,0,0,0,0,0,"snydf101","","",0,0,0,0,0,0,0,0,0,0,0,0,0,"jackt101","T","F","F","F",0,0,0,0,0,0,0,0,0,0,F,F,"1924NY1.EVN.regular.event.csv",3382
"NY1192408090","CIN",4,1,0,0,0,"",0,1,"kellg101","?","kellg101","?","luqud101","?","luqud101","?","hargb101","daubj101","crith101","pineb101","cavei101","duncp101","rouse101","walkc101","","","","63","T","F",3,5,2,"T","T",0,"F","F",1,"F","F",0,"F","F",6,"G","F","F","",0,0,"N",0,"N",0,"N",0,0,0,0,"63","","","","F","F","F","F","F","F","F","F","F","","","","F","F","F","F","F","","","","",0,3,0,0,6,0,0,0,0,28,"NY1","NY1","CIN",1,"T","F",1,0,0,13,0,"T","F",0,0,"T","T","jackt101","grohh101","T","T",0,0,0,0,0,0,0,0,0,"","","",0,0,0,0,0,0,0,0,0,0,0,0,0,"cavei101","F","F","F","F",0,0,0,0,0,0,0,0,0,0,F,F,"1924NY1.EVN.regular.event.csv",3383
"NY1192408090","CIN",4,1,1,0,0,"",0,1,"jackt101","?","jackt101","?","luqud101","?","luqud101","?","hargb101","daubj101","crith101","pineb101","cavei101","duncp101","rouse101","walkc101","","","","63","F","F",6,6,2,"T","T",0,"F","F",1,"F","F",0,"F","F",6,"G","F","F","",0,0,"N",0,"N",0,"N",0,0,0,0,"63","","","","F","F","F","F","F","F","F","F","F","","","","F","F","F","F","F","","","","",0,3,0,0,6,0,0,0,0,29,"NY1","NY1","CIN",1,"F","F",1,0,0,14,1,"T","F",0,0,"T","T","grohh101","snydf101","T","T",0,0,0,0,0,0,0,0,0,"","","",0,0,0,0,0,0,0,0,0,0,0,0,0,"cavei101","F","F","F","F",0,0,0,0,0,0,0,0,0,0,F,F,"1924NY1.EVN.regular.event.csv",3384
"NY1192408090","CIN",4,1,2,0,0,"",0,1,"grohh101","?","grohh101","?","luqud101","?","luqud101","?","hargb101","daubj101","crith101","pineb101","cavei101","duncp101","rouse101","walkc101","","","","4/L","F","F",5,7,2,"T","T",0,"F","F",1,"F","F",0,"F","F",4,"L","F","F","",0,0,"N",0,"N",0,"N",0,0,0,0,"4","","","","F","F","F","F","F","F","F","F","F","","","","F","F","F","F","F","","","","",0,4,0,0,0,0,0,0,0,30,"NY1","NY1","CIN",1,"F","T",1,0,0,15,2,"T","F",0,0,"T","T","snydf101","ryanr101","T","T",0,0,0,0,0,0,0,0,0,"","","",0,0,0,0,0,0,0,0,0,0,0,0,0,"crith101","F","F","F","F",0,0,0,0,0,0,0,0,0,0,F,F,"1924NY1.EVN.regular.event.csv",3385
"NY1192408090","CIN",5,0,0,0,0,"",0,1,"pineb101","?","pineb101","?","ryanr101","?","ryanr101","?","snydf101","kellg101","frisf101","grohh101","jackt101","meusi101","wilsh102","oconj102","","","","3/P","T","F",5,6,2,"T","T",0,"F","F",1,"F","F",0,"F","F",3,"P","F","F","",0,0,"N",0,"N",0,"N",0,0,0,0,"3","","","","F","F","F","F","F","F","F","F","F","","","","F","F","F","F","F","","","","",0,3,0,0,0,0,0,0,0,31,"NY1","CIN","NY1",0,"T","F",0,1,0,14,0,"T","F",0,0,"T","T","cavei101","hargb101","T","T",0,0,0,0,0,0,0,0,0,"","","",0,0,0,0,0,0,0,0,0,0,0,0,0,"kellg101","F","F","F","F",0,0,0,0,0,0,0,0,0,0,F,F,"1924NY1.EVN.regular.event.csv",3386
"NY1192408090","CIN",5,0,1,0,0,"",0,1,"cavei101","?","cavei101","?","ryanr101","?","ryanr101","?","snydf101","kellg101","frisf101","grohh101","jackt101","meusi101","wilsh102","oconj102","","","","S","F","F",6,7,20,"T","T",1,"F","F",0,"F","F",0,"F","F",0,"","F","F","",0,0,"N",0,"N",0,"N",1,0,0,0,"","","","","F","F","F","F","F","F","F","F","F","","","","F","F","F","F","F","","","","",0,0,0,0,0,0,0,0,0,32,"NY1","CIN","NY1",0,"F","F",0,1,0,15,1,"T","F",0,1,"T","T","hargb101","luqud101","T","T",0,0,0,0,0,0,0,0,0,"","","",0,0,0,0,0,0,0,0,0,0,0,0,0,"","F","F","F","F",0,0,0,0,0,0,0,0,0,0,F,F,"1924NY1.EVN.regular.event.csv",3387
"NY1192408090","CIN",5,0,1,0,0,"",0,1,"hargb101","?","hargb101","?","ryanr101","?","ryanr101","?","snydf101","kellg101","frisf101","grohh101","jackt101","meusi101","wilsh102","oconj102","cavei101","","","54(1)/FO","F","F",2,8,2,"T","T",0,"F","F",1,"F","F",0,"F","F",5,"G","F","F","",0,0,"N",0,"N",0,"N",1,0,0,0,"","54","","","F","F","F","F","F","F","F","F","F","ryanr101","","","F","F","F","F","F","","","","",0,4,0,0,5,0,0,0,0,33,"NY1","CIN","NY1",0,"F","F",0,1,0,16,2,"T","F",1,1,"T","T","luqud101","crith101","T","T",6,7,32,0,0,0,0,0,0,"snydf101","","",0,0,0,0,0,0,0,0,0,0,0,0,0,"grohh101","T","F","F","F",0,0,0,0,0,0,0,0,0,0,F,F,"1924NY1.EVN.regular.event.csv",3388
"NY1192408090","CIN",5,0,2,0,0,"",0,1,"luqud101","?","luqud101","?","ryanr101","?","ryanr101","?","snydf101","kellg101","frisf101","grohh101","jackt101","meusi101","wilsh102","oconj102","hargb101","","","53","F","F",1,9,2,"T","T",0,"F","F",1,"F","F",0,"F","F",5,"G","F","F","",0,0,"N",0,"N",0,"N",0,1,0,0,"53","","","","F","F","F","F","F","F","F","F","F","ryanr101","","","F","F","F","F","F","","","","",0,3,0,0,5,0,0,0,0,34,"NY1","CIN","NY1",0,"F","T",0,1,0,17,3,"T","F",1,1,"T","T","crith101","daubj101","T","T",2,8,33,0,0,0,0,0,0,"snydf101","","",0,0,0,0,0,0,0,0,0,0,0,0,0,"grohh101","F","F","F","F",0,0,0,0,0,0,0,0,0,0,F,F,"1924NY1.EVN.regular.event.csv",3389
"NY1192408090","CIN",5,1,0,0,0,"",0,1,"snydf101","?","snydf101","?","luqud101","?","luqud101","?","hargb101","daubj101","crith101","pineb101","cavei101","duncp101","rouse101","walkc101","","","","7/F","T","F",2,8,2,"T","T",0,"F","F",1,"F","F",0,"F","F",7,"F","F","F","",0,0,"N",0,"N",0,"N",0,0,0,0,"7","","","","F","F","F","F","F","F","F","F","F","","","","F","F","F","F","F","","","","",0,7,0,0,0,0,0,0,0,35,"NY1","NY1","CIN",1,"T","F",1,0,0,16,0,"T","F",0,0,"T","T","ryanr101","oconj102","T","T",0,0,0,0,0,0,0,0,0,"","","",0,0,0,0,0,0,0,0,0,0,0,0,0,"duncp101","F","F","F","F",0,0,0,0,0,0,0,0,0,0,F,F,"1924NY1.EVN.regular.event.csv",3390
"NY1192408090","CIN",5,1,1,0,0,"",0,1,"ryanr101","?","ryanr101","?","luqud101","?","luqud101","?","hargb101","daubj101","crith101","pineb101","cavei101","duncp101","rouse101","walkc101","","","","13","F","F",1,9,2,"T","T",0,"F","F",1,"F","F",0,"F","F",1,"G","F","F","",0,0,"N",0,"N",0,"N",0,0,0,0,"13","","","","F","F","F","F","F","F","F","F","F","","","","F","F","F","F","F","","","","",0,3,0,0,1,0,0,0,0,36,"NY1","NY1","CIN",1,"F","F",1,0,0,17,1,"T","F",0,0,"T","T","oconj102","frisf101","T","T",0,0,0,0,0,0,0,0,0,"","","",0,0,0,0,0,0,0,0,0,0,0,0,0,"luqud101","F","F","F","F",0,0,0,0,0,0,0,0,0,0,F,F,"1924NY1.EVN.regular.event.csv",3391
"NY1192408090","CIN",5,1,2,0,0,"",0,1,"oconj102","?","oconj102","?","luqud101","?","luqud101","?","hargb101","daubj101","crith101","pineb101","cavei101","duncp101","rouse101","walkc101","","","","S1/G1S.B-2(E1/TH1)","F","F",9,1,20,"T","T",1,"F","F",0,"F","F",0,"F","F",1,"G","F","F","1S",1,1,"T",0,"N",0,"N",2,0,0,0,"","","","","F","F","F","F","F","F","F","F","F","","","","F","F","F","F","F","","","","",0,0,0,0,0,0,0,0,0,37,"NY1","NY1","CIN",1,"F","F",1,0,0,18,2,"T","F",0,2,"T","T","frisf101","wilsh102","T","T",0,0,0,0,0,0,0,0,0,"","","",0,0,0,0,0,0,0,0,0,0,0,0,0,"luqud101","F","F","F","F",0,0,0,0,0,0,0,0,0,0,F,F,"1924NY1.EVN.regular.event.csv",3392
"NY1192408090","CIN",5,1,2,0,0,"",0,1,"frisf101","?","frisf101","?","luqud101","?","luqud101","?","hargb101","daubj101","crith101","pineb101","cavei101","duncp101","rouse101","walkc101","","oconj102","","W","F","F",4,2,14,"T","F",0,"F","F",0,"F","F",0,"F","F",0,"","F","F","",0,0,"N",0,"N",0,"N",1,0,2,0,"","","","","F","F","F","F","F","F","F","F","F","","luqud101","","F","F","F","F","F","","","","",0,0,0,0,0,0,0,0,0,38,"NY1","NY1","CIN",1,"F","F",1,0,0,19,3,"T","F",2,3,"T","T","wilsh102","meusi101","T","T",0,0,0,9,1,37,0,0,0,"","hargb101","",0,0,0,0,0,0,0,0,0,0,0,0,0,"","F","F","F","F",0,0,0,0,0,0,0,0,0,0,F,F,"1924NY1.EVN.regular.event.csv",3393
"NY1192408090","CIN",5,1,2,0,0,"",0,1,"wilsh102","?","wilsh102","?","luqud101","?","luqud101","?","hargb101","daubj101","crith101","pineb101","cavei101","duncp101","rouse101","walkc101","frisf101","oconj102","","64(1)/FO","F","F",8,3,2,"T","T",0,"F","F",1,"F","F",0,"F","F",6,"G","F","F","",0,0,"N",0,"N",0,"N",1,0,2,0,"","64","","","F","F","F","F","F","F","F","F","F","luqud101","luqud101","","F","F","F","F","F","","","","",0,4,0,0,6,0,0,0,0,39,"NY1","NY1","CIN",1,"F","T",1,0,0,20,4,"T","F",3,3,"T","T","meusi101","kellg101","T","T",4,2,38,9,1,37,0,0,0,"hargb101","hargb101","",0,0,0,0,0,0,0,0,0,0,0,0,0,"cavei101","T","F","F","F",0,0,0,0,0,0,0,0,0,0,F,F,"1924NY1.EVN.regular.event.csv",3394
"NY1192408090","CIN",6,0,0,0,0,"",0,1,"crith101","?","crith101","?","ryanr101","?","ryanr101","?","snydf101","kellg101","frisf101","grohh101","jackt101","meusi101","wilsh102","oconj102","","","","53","T","F",4,1,2,"T","T",0,"F","F",1,"F","F",0,"F","F",5,"G","F","F","",0,0,"N",0,"N",0,"N",0,0,0,0,"53","","","","F","F","F","F","F","F","F","F","F","","","","F","F","F","F","F","","","","",0,3,0,0,5,0,0,0,0,40,"NY1","CIN","NY1",0,"T","F",0,1,0,18,0,"T","F",0,0,"T","T","daubj101","rouse101","T","T",0,0,0,0,0,0,0,0,0,"","","",0,0,0,0,0,0,0,0,0,0,0,0,0,"grohh101","F","F","F","F",0,0,0,0,2,0,0,0,0,0,F,F,"1924NY1.EVN.regular.event.csv",3395
"NY1192408090","CIN",6,0,1,0,0,"",0,1,"daubj101","?","daubj101","?","ryanr101","?","ryanr101","?","snydf101","kellg101","frisf101","grohh101","jackt101","meusi101","wilsh102","oconj102","","","","S","F","F",3,2,20,"T","T",1,"F","F",0,"F","F",0,"F","F",0,"","F","F","",0,0,"N",0,"N",0,"N",1,0,0,0,"","","","","F","F","F","F","F","F","F","F","F","","","","F","F","F","F","F","","","","",0,0,0,0,0,0,0,0,0,41,"NY1","CIN","NY1",0,"F","F",0,1,0,19,1,"T","F",0,1,"T","T","rouse101","walkc101","T","T",0,0,0,0,0,0,0,0,0,"","","",0,0,0,0,0,0,0,0,0,0,0,0,0,"","F","F","F","F",4,0,0,0,2,0,0,0,0,0,F,F,"1924NY1.EVN.regular.event.csv",3396
"NY1192408090","CIN",6,0,1,0,0,"",0,1,"rouse101","?","rouse101","?","ryanr101","?","ryanr101","?","snydf101","kellg101","frisf101","grohh101","jackt101","meusi101","wilsh102","oconj102","daubj101","","","343.1-2#","F","F",8,3,2,"T","T",0,"F","F",1,"F","F",0,"F","F",3,"G","F","F","",0,0,"N",0,"N",0,"N",0,2,0,0,"343","","","","F","F","F","F","F","F","F","F","F","ryanr101","","","F","F","F","F","F","","","","",0,3,0,0,3,4,0,0,0,42,"NY1","CIN","NY1",0,"F","F",0,1,0,20,2,"T","F",1,2,"T","T","walkc101","duncp101","T","T",3,2,41,0,0,0,0,0,0,"snydf101","","",0,0,0,0,0,0,0,0,0,0,0,0,0,"kellg101","F","F","F","F",0,4,0,0,2,0,0,0,0,0,F,T,"1924NY1.EVN.regular.event.csv",3397
"NY1192408090","CIN",6,0,2,0,0,"",0,1,"walkc101","?","walkc101","?","ryanr101","?","ryanr101","?","snydf101","kellg101","frisf101","grohh101","jackt101","meusi101","wilsh102","oconj102","","daubj101","","S.2-H","F","F",9,4,20,"T","T",1,"F","F",0,"F","F",1,"F","F",0,"","F","F","",0,0,"N",0,"N",0,"N",1,0,4,0,"","","","","F","F","F","F","F","F","F","F","F","","ryanr101","","F","F","F","F","F","","","","",0,0,0,0,0,0,0,0,0,43,"NY1","CIN","NY1",0,"F","F",0,1,0,21,3,"T","F",2,1,"T","T","duncp101","pineb101","T","T",0,0,0,3,2,41,0,0,0,"","snydf101","",0,0,0,0,0,0,0,0,0,0,0,0,1,"","F","F","F","F",4,0,4,0,1,0,0,0,0,0,F,F,"1924NY1.EVN.regular.event.csv",3398
"NY1192408090","CIN",6,0,2,0,0,"",1,1,"duncp101","?","duncp101","?","ryanr101","?","ryanr101","?","snydf101","kellg101","frisf101","grohh101","jackt101","meusi101","wilsh102","oconj102","walkc101","","","WP.1-2","F","F",7,5,9,"F","F",0,"F","F",0,"F","F",0,"T","F",0,"","F","F","",0,0,"N",0,"N",0,"N",0,2,0,0,"","","","","F","F","F","F","F","F","F","F","F","ryanr101","","","F","F","F","F","F","","","","",0,0,0,0,0,0,0,0,0,44,"NY1","CIN","NY1",0,"F","F",1,1,1,22,4,"T","F",1,2,"T","T","pineb101","cavei101","T","T",9,4,43,0,0,0,0,0,0,"snydf101","","",0,0,0,0,0,0,0,0,0,0,0,0,0,"","F","F","F","F",0,4,0,0,1,0,0,0,0,0,F,F,"1924NY1.EVN.regular.event.csv",3399
"NY1192408090","CIN",6,0,2,0,0,"",1,1,"duncp101","?","duncp101","?","ryanr101","?","ryanr101","?","snydf101","kellg101","frisf101","grohh101","jackt101","meusi101","wilsh102","oconj102","","walkc101","","S8.2-H;BX2(813)","F","F",7,5,20,"T","T",1,"F","F",1,"F","F",1,"F","F",8,"","F","F","",0,0,"N",0,"N",0,"N",0,0,4,0,"813","","","","F","F","F","F","F","F","F","F","F","","ryanr101","","F","F","F","F","F","","","","",0,3,0,0,8,1,0,0,0,45,"NY1","CIN","NY1",0,"F","T",1,1,1,22,4,"F","F",2,0,"T","T","pineb101","cavei101","T","T",0,0,0,9,4,43,0,0,0,"","snydf101","",0,0,0,0,0,0,0,0,0,0,0,0,1,"wilsh102","F","F","F","F",0,0,4,0,0,0,0,0,0,0,F,F,"1924NY1.EVN.regular.event.csv",3400
"NY1192408090","CIN",6,1,0,0,0,"",2,1,"meusi101","?","meusi101","?","luqud101","?","luqud101","?","hargb101","daubj101","crith101","pineb101","cavei101","duncp101","rouse101","walkc101","","","","W","T","F",7,4,14,"T","F",0,"F","F",0,"F","F",0,"F","F",0,"","F","F","",0,0,"N",0,"N",0,"N",1,0,0,0,"","","","","F","F","F","F","F","F","F","F","F","","","","F","F","F","F","F","","","","",0,0,0,0,0,0,0,0,0,46,"NY1","NY1","CIN",1,"T","F",1,2,0,21,0,"T","F",0,1,"T","T","kellg101","jackt101","T","T",0,0,0,0,0,0,0,0,0,"","","",0,0,0,0,0,0,0,0,0,0,0,0,0,"","F","F","F","F",0,0,0,0,0,0,0,0,0,0,F,F,"1924NY1.EVN.regular.event.csv",3401
"NY1192408090","CIN",6,1,0,0,0,"",2,1,"kellg101","?","kellg101","?","luqud101","?","luqud101","?","hargb101","daubj101","crith101","pineb101","cavei101","duncp101","rouse101","walkc101","meusi101","","","CS2(26)","F","F",3,5,6,"F","F",0,"F","F",1,"F","F",0,"F","F",0,"","F","F","",0,0,"N",0,"N",0,"N",0,0,0,0,"","26","","","F","F","F","T","F","F","F","F","F","luqud101","","","F","F","F","F","F","","","","",0,6,0,0,2,0,0,0,0,47,"NY1","NY1","CIN",1,"F","F",1,2,0,22,1,"T","F",1,0,"T","T","jackt101","grohh101","T","T",7,4,46,0,0,0,0,0,0,"hargb101","","",0,0,0,0,0,0,0,0,0,0,0,0,0,"","F","F","F","F",0,0,0,0,0,0,0,0,0,0,F,F,"1924NY1.EVN.regular.event.csv",3402
"NY1192408090","CIN",6,1,1,0,0,"",2,1,"kellg101","?","kellg101","?","luqud101","?","luqud101","?","hargb101","daubj101","crith101","pineb101","cavei101","duncp101","rouse101","walkc101","","","","53","F","F",3,5,2,"T","T",0,"F","F",1,"F","F",0,"F","F",5,"G","F","F","",0,0,"N",0,"N",0,"N",0,0,0,0,"53","","","","F","F","F","F","F","F","F","F","F","","","","F","F","F","F","F","","","","",0,3,0,0,5,0,0,0,0,48,"NY1","NY1","CIN",1,"F","F",1,2,0,22,1,"F","F",0,0,"T","T","jackt101","grohh101","T","T",0,0,0,0,0,0,0,0,0,"","","",0,0,0,0,0,0,0,0,0,0,0,0,0,"pineb101","F","F","F","F",0,0,0,0,0,0,0,0,0,0,F,F,"1924NY1.EVN.regular.event.csv",3403
"NY1192408090","CIN",6,1,2,0,0,"",2,1,"jackt101","?","jackt101","?","luqud101","?","luqud101","?","hargb101","daubj101","crith101","pineb101","cavei101","duncp101","rouse101","walkc101","","","","53","F","F",6,6,2,"T","T",0,"F","F",1,"F","F",0,"F","F",5,"G","F","F","",0,0,"N",0,"N",0,"N",0,0,0,0,"53","","","","F","F","F","F","F","F","F","F","F","","","","F","F","F","F","F","","","","",0,3,0,0,5,0,0,0,0,49,"NY1","NY1","CIN",1,"F","T",1,2,0,23,2,"T","F",0,0,"T","T","grohh101","snydf101","T","T",0,0,0,0,0,0,0,0,0,"","","",0,0,0,0,0,0,0,0,0,0,0,0,0,"pineb101","F","F","F","F",0,0,0,0,0,0,0,0,0,0,F,F,"1924NY1.EVN.regular.event.csv",3404
"NY1192408090","CIN",7,0,0,0,0,"",2,1,"pineb101","?","pineb101","?","ryanr101","?","ryanr101","?","snydf101","kellg101","frisf101","grohh101","jackt101","meusi101","wilsh102","oconj102","","","","S8","T","F",5,6,20,"T","T",1,"F","F",0,"F","F",0,"F","F",8,"","F","F","",0,0,"N",0,"N",0,"N",1,0,0,0,"","","","","F","F","F","F","F","F","F","F","F","","","","F","F","F","F","F","","","","",0,0,0,0,0,0,0,0,0,50,"NY1","CIN","NY1",0,"T","F",2,1,0,23,0,"T","F",0,1,"T","T","cavei101","hargb101","T","T",0,0,0,0,0,0,0,0,0,"","","",0,0,0,0,0,0,0,0,0,0,0,0,0,"wilsh102","F","F","F","F",0,0,0,0,0,0,0,0,0,0,F,F,"1924NY1.EVN.regular.event.csv",3405
"NY1192408090","CIN",7,0,0,0,0,"",2,1,"cavei101","?","cavei101","?","ryanr101","?","ryanr101","?","snydf101","kellg101","frisf101","grohh101","jackt101","meusi101","wilsh102","oconj102","pineb101","","","163/G46.1-2","F","F",6,7,2,"T","T",0,"F","F",1,"F","F",0,"F","F",1,"G","F","F","46",0,0,"N",0,"N",0,"N",0,2,0,0,"163","","","","F","F","F","F","F","F","F","F","F","ryanr101","","","F","F","F","F","F","","","","",0,3,0,0,1,6,0,0,0,51,"NY1","CIN","NY1",0,"F","F",2,1,0,24,1,"T","F",1,2,"T","T","hargb101","luqud101","T","T",5,6,50,0,0,0,0,0,0,"snydf101","","",0,0,0,0,0,0,0,0,0,0,0,0,0,"ryanr101","F","F","F","F",0,0,0,0,0,0,0,0,0,0,F,F,"1924NY1.EVN.regular.event.csv",3406
"NY1192408090","CIN",7,0,1,0,0,"",2,1,"hargb101","?","hargb101","?","ryanr101","?","ryanr101","?","snydf101","kellg101","frisf101","grohh101","jackt101","meusi101","wilsh102","oconj102","","pineb101","","4/P89S.2-3","F","F",2,8,2,"T","T",0,"F","F",1,"F","F",0,"F","F",4,"P","F","F","89S",0,0,"N",0,"N",0,"N",0,0,3,0,"4","","","","F","F","F","F","F","F","F","F","F","","ryanr101","","F","F","F","F","F","","","","",0,4,0,0,0,0,0,0,0,52,"NY1","CIN","NY1",0,"F","F",2,1,0,25,2,"T","F",2,4,"T","T","luqud101","crith101","T","T",0,0,0,5,6,50,0,0,0,"","snydf101","",0,0,0,0,0,0,0,0,0,0,0,0,0,"frisf101","F","F","F","F",0,0,0,0,0,0,0,0,0,0,F,F,"1924NY1.EVN.regular.event.csv",3407
"NY1192408090","CIN",7,0,2,0,0,"",2,1,"luqud101","?","luqud101","?","ryanr101","?","ryanr101","?","snydf101","kellg101","frisf101","grohh101","jackt101","meusi101","wilsh102","oconj102","","","pineb101","2/FL","F","F",1,9,2,"T","T",0,"F","F",1,"F","F",0,"F","F",2,"F","F","T","",0,0,"N",0,"N",0,"N",0,0,0,3,"2","","","","F","F","F","F","F","F","F","F","F","","","ryanr101","F","F","F","F","F","","","","",0,2,0,0,0,0,0,0,0,53,"NY1","CIN","NY1",0,"F","T",2,1,0,26,3,"T","F",4,4,"T","T","crith101","daubj101","T","T",0,0,0,0,0,0,5,6,50,"","","snydf101",0,0,0,0,0,0,0,0,0,0,0,0,0,"snydf101","F","F","F","F",0,0,0,0,0,0,0,0,0,0,F,F,"1924NY1.EVN.regular.event.csv",3408
"NY1192408090","CIN",7,1,0,0,0,"",2,1,"grohh101","?","grohh101","?","luqud101","?","luqud101","?","hargb101","daubj101","crith101","pineb101","cavei101","duncp101","rouse101","walkc101","","","","53","T","F",5,7,2,"T","T",0,"F","F",1,"F","F",0,"F","F",5,"G","F","F","",0,0,"N",0,"N",0,"N",0,0,0,0,"53","","","","F","F","F","F","F","F","F","F","F","","","","F","F","F","F","F","","","","",0,3,0,0,5,0,0,0,0,54,"NY1","NY1","CIN",1,"T","F",1,2,0,24,0,"T","F",0,0,"T","T","snydf101","ryanr101","T","T",0,0,0,0,0,0,0,0,0,"","","",0,0,0,0,0,0,0,0,0,0,0,0,0,"pineb101","F","F","F","F",0,0,0,0,3,0,0,0,0,0,F,F,"1924NY1.EVN.regular.event.csv",3409
"NY1192408090","CIN",7,1,1,0,0,"",2,1,"snydf101","?","snydf101","?","luqud101","?","luqud101","?","hargb101","daubj101","crith101","pineb101","cavei101","duncp101","rouse101","walkc101","","","","S","F","F",2,8,20,"T","T",1,"F","F",0,"F","F",0,"F","F",0,"","F","F","",0,0,"N",0,"N",0,"N",1,0,0,0,"","","","","F","F","F","F","F","F","F","F","F","","","","F","F","F","F","F","","","","",0,0,0,0,0,0,0,0,0,55,"NY1","NY1","CIN",1,"F","F",1,2,0,25,1,"T","F",0,1,"T","T","ryanr101","oconj102","T","T",0,0,0,0,0,0,0,0,0,"","","",0,0,0,0,0,0,0,0,0,0,0,0,0,"","F","F","F","F",4,0,0,0,3,0,0,0,0,0,F,F,"1924NY1.EVN.regular.event.csv",3410
"NY1192408090","CIN",7,1,1,0,0,"",2,1,"terrb101","?","terrb101","?","luqud101","?","luqud101","?","hargb101","daubj101","crith101","pineb101","cavei101","duncp101","rouse101","walkc101","lindf101","","","S7/78S.1-3","F","T",11,9,20,"T","T",1,"F","F",0,"F","F",0,"F","F",7,"","F","F","78S",0,0,"N",0,"N",0,"N",1,3,0,0,"","","","","F","F","F","F","F","F","F","F","F","luqud101","","","F","F","T","F","F","snydf101","","","ryanr101",1,0,0,0,0,0,0,0,0,56,"NY1","NY1","CIN",1,"F","F",1,2,0,26,2,"T","F",1,5,"F","F","oconj102","frisf101","T","T",12,8,55,0,0,0,0,0,0,"hargb101","","",0,0,0,0,0,0,0,0,0,0,0,0,0,"duncp101","F","F","F","F",0,4,0,0,3,0,0,0,0,0,F,F,"1924NY1.EVN.regular.event.csv",3411
"NY1192408090","CIN",7,1,1,0,0,"",2,1,"oconj102","?","oconj102","?","luqud101","?","luqud101","?","hargb101","daubj101","crith101","pineb101","cavei101","duncp101","rouse101","walkc101","terrb101","","lindf101","FC3.1X3(3252);B-2","F","F",9,1,19,"T","T",0,"F","F",1,"F","F",0,"F","F",3,"G","F","F","",0,0,"N",0,"N",0,"N",2,0,0,3,"","3252","","","F","F","F","F","F","F","F","F","F","luqud101","","luqud101","F","F","F","F","F","","","","",0,2,0,0,3,2,5,0,0,57,"NY1","NY1","CIN",1,"F","F",1,2,0,27,3,"T","F",5,6,"T","T","frisf101","wilsh102","T","T",0,9,56,0,0,0,0,8,55,"hargb101","","hargb101",0,0,0,0,0,0,0,0,0,0,0,0,0,"daubj101","F","F","F","F",4,0,0,4,3,0,0,0,0,0,F,F,"1924NY1.EVN.regular.event.csv",3412
"NY1192408090","CIN",7,1,2,0,0,"",2,1,"frisf101","?","frisf101","?","luqud101","?","luqud101","?","hargb101","daubj101","crith101","pineb101","cavei101","duncp101","rouse101","walkc101","","oconj102","lindf101","IW","F","F",4,2,15,"T","F",0,"F","F",0,"F","F",0,"F","F",0,"","F","F","",0,0,"N",0,"N",0,"N",1,0,2,3,"","","","","F","F","F","F","F","F","F","F","F","","luqud101","luqud101","F","F","F","F","F","","","","",0,0,0,0,0,0,0,0,0,58,"NY1","NY1","CIN",1,"F","F",1,2,0,28,4,"T","F",6,7,"T","T","wilsh102","meusi101","T","T",0,0,0,9,1,57,0,8,55,"","hargb101","hargb101",0,0,0,0,0,0,0,0,0,0,0,0,0,"","F","F","F","F",4,0,4,4,3,0,0,0,0,0,F,F,"1924NY1.EVN.regular.event.csv",3413
"NY1192408090","CIN",7,1,2,0,2,"",2,1,"wilsh102","?","wilsh102","?","luqud101","?","luqud101","?","hargb101","daubj101","crith101","pineb101","cavei101","duncp101","rouse101","walkc101","frisf101","oconj102","lindf101","D/L89.3-H;2-H;1-H","F","F",8,3,21,"T","T",2,"F","F",0,"F","F",3,"F","F",0,"L","F","F","89",0,0,"N",0,"N",0,"N",2,4,4,4,"","","","","F","F","F","F","F","F","F","F","F","luqud101","luqud101","luqud101","F","F","F","F","F","","","","",0,0,0,0,0,0,0,0,0,59,"NY1","NY1","CIN",1,"F","F",1,2,0,29,5,"T","F",7,2,"T","T","meusi101","kellg101","T","T",4,2,58,9,1,57,0,8,55,"hargb101","hargb101","hargb101",0,0,0,0,0,0,0,0,0,0,0,0,3,"","F","F","F","F",2,4,4,4,0,0,0,0,0,0,F,F,"1924NY1.EVN.regular.event.csv",3414
"NY1192408090","CIN",7,1,2,0,0,"",2,4,"meusi101","?","meusi101","?","luqud101","?","luqud101","?","hargb101","daubj101","crith101","pineb101","cavei101","duncp101","rouse101","walkc101","","wilsh102","","63","F","F",7,4,2,"T","T",0,"F","F",1,"F","F",0,"F","F",6,"G","F","F","",0,0,"N",0,"N",0,"N",0,0,2,0,"63","","","","F","F","F","F","F","F","F","F","F","","luqud101","","F","F","F","F","F","","","","",0,3,0,0,6,0,0,0,0,60,"NY1","NY1","CIN",1,"F","T",4,2,3,30,6,"T","F",2,2,"T","T","kellg101","jackt101","T","T",0,0,0,8,3,59,0,0,0,"","hargb101","",0,0,0,0,0,0,0,0,0,0,0,0,0,"cavei101","F","F","F","F",0,0,2,0,0,0,0,0,0,0,F,F,"1924NY1.EVN.regular.event.csv",3415
"NY1192408090","CIN",8,0,0,0,0,"",2,4,"crith101","?","crith101","?","bentj101","?","bentj101","?","gowdh101","kellg101","frisf101","grohh101","jackt101","meusi101","wilsh102","oconj102","","","","3/FL","T","F",4,1,2,"T","T",0,"F","F",1,"F","F",0,"F","F",3,"F","F","T","",0,0,"N",0,"N",0,"N",0,0,0,0,"3","","","","F","F","F","F","F","F","F","F","F","","","","F","F","F","F","F","","","","",0,3,0,0,0,0,0,0,0,61,"NY1","CIN","NY1",0,"T","F",2,4,0,27,0,"T","F",0,0,"T","T","daubj101","rouse101","F","F",0,0,0,0,0,0,0,0,0,"","","",0,0,0,0,0,0,0,0,0,0,0,0,0,"kellg101","F","F","F","F",0,0,0,0,0,0,0,0,0,0,F,F,"1924NY1.EVN.regular.event.csv",3416
"NY1192408090","CIN",8,0,1,0,0,"",2,4,"bresr101","?","bresr101","?","bentj101","?","bentj101","?","gowdh101","kellg101","frisf101","grohh101","jackt101","meusi101","wilsh102","oconj102","","","","S9","F","T",11,2,20,"T","T",1,"F","F",0,"F","F",0,"F","F",9,"","F","F","",0,0,"N",0,"N",0,"N",1,0,0,0,"","","","","F","F","F","F","F","F","F","F","F","","","","F","F","F","F","F","","","","daubj101",3,0,0,0,0,0,0,0,0,62,"NY1","CIN","NY1",0,"F","F",2,4,0,28,1,"T","F",0,1,"F","F","rouse101","walkc101","F","F",0,0,0,0,0,0,0,0,0,"","","",0,0,0,0,0,0,0,0,0,0,0,0,0,"oconj102","F","F","F","F",2,0,0,0,0,0,0,0,0,0,F,F,"1924NY1.EVN.regular.event.csv",3417
"NY1192408090","CIN",8,0,1,0,0,"",2,4,"rouse101","?","rouse101","?","bentj101","?","bentj101","?","gowdh101","kellg101","frisf101","grohh101","jackt101","meusi101","wilsh102","oconj102","bresr101","","","E4/G.1-2","F","F",8,3,18,"T","T",0,"F","F",0,"F","F",0,"F","F",4,"G","F","F","",1,4,"F",0,"N",0,"N",1,2,0,0,"","","","","F","F","F","F","F","F","F","F","F","bentj101","","","F","F","F","F","F","","","","",0,0,0,0,0,0,0,0,0,63,"NY1","CIN","NY1",0,"F","F",2,4,0,29,2,"T","F",1,3,"T","T","walkc101","duncp101","F","F",0,2,62,0,0,0,0,0,0,"gowdh101","","",0,0,0,0,0,0,0,0,0,0,0,0,0,"frisf101","F","F","F","T",0,2,0,0,0,0,0,0,0,0,F,F,"1924NY1.EVN.regular.event.csv",3418
"NY1192408090","CIN",8,0,1,0,0,"",2,4,"burng101","?","burng101","?","bentj101","?","bentj101","?","gowdh101","kellg101","frisf101","grohh101","jackt101","meusi101","wilsh102","oconj102","rouse101","bresr101","","2/FL","F","T",11,4,2,"T","T",0,"F","F",1,"F","F",0,"F","F",2,"F","F","T","",0,0,"N",0,"N",0,"N",0,1,2,0,"2","","","","F","F","F","F","F","F","F","F","F","bentj101","bentj101","","F","F","F","F","F","","","","walkc101",9,2,0,0,0,0,0,0,0,64,"NY1","CIN","NY1",0,"F","F",2,4,0,30,3,"T","F",3,3,"F","F","duncp101","pineb101","F","F",8,3,63,11,2,62,0,0,0,"gowdh101","gowdh101","",0,0,0,0,0,0,0,0,0,0,0,0,0,"gowdh101","F","F","F","F",0,0,2,0,0,0,0,0,0,0,F,F,"1924NY1.EVN.regular.event.csv",3419
"NY1192408090","CIN",8,0,2,0,0,"",2,4,"duncp101","?","duncp101","?","bentj101","?","bentj101","?","gowdh101","kellg101","frisf101","grohh101","jackt101","meusi101","wilsh102","oconj102","rouse101","bresr101","","64(1)/FO","F","F",7,5,2,"T","T",0,"F","F",1,"F","F",0,"F","F",6,"G","F","F","",0,0,"N",0,"N",0,"N",1,0,2,0,"","64","","","F","F","F","F","F","F","F","F","F","bentj101","bentj101","","F","F","F","F","F","","","","",0,4,0,0,6,0,0,0,0,65,"NY1","CIN","NY1",0,"F","T",2,4,0,31,4,"T","F",3,3,"T","T","pineb101","cavei101","F","F",8,3,63,0,2,62,0,0,0,"gowdh101","gowdh101","",0,0,0,0,0,0,0,0,0,0,0,0,0,"jackt101","T","F","F","F",1,0,2,0,0,0,0,0,0,0,F,F,"1924NY1.EVN.regular.event.csv",3420
"NY1192408090","CIN",8,1,0,0,0,"",2,4,"kellg101","?","kellg101","?","luqud101","?","luqud101","?","hargb101","bresr101","crith101","pineb101","cavei101","duncp101","rouse101","burng101","","","","4/L","T","F",3,5,2,"T","T",0,"F","F",1,"F","F",0,"F","F",4,"L","F","F","",0,0,"N",0,"N",0,"N",0,0,0,0,"4","","","","F","F","F","F","F","F","F","F","F","","","","F","F","F","F","F","","","","",0,4,0,0,0,0,0,0,0,66,"NY1","NY1","CIN",1,"T","F",4,2,0,31,0,"T","F",0,0,"T","T","jackt101","grohh101","T","T",0,0,0,0,0,0,0,0,0,"","","",0,0,0,0,0,0,0,0,0,0,0,0,0,"crith101","F","F","F","F",0,0,0,0,0,0,0,0,0,0,F,F,"1924NY1.EVN.regular.event.csv",3421
"NY1192408090","CIN",8,1,1,0,0,"",2,4,"jackt101","?","jackt101","?","luqud101","?","luqud101","?","hargb101","bresr101","crith101","pineb101","cavei101","duncp101","rouse101","burng101","","","","K","F","F",6,6,3,"T","T",0,"F","F",1,"F","F",0,"F","F",0,"","F","F","",0,0,"N",0,"N",0,"N",0,0,0,0,"2","","","","F","F","F","F","F","F","F","F","F","","","","F","F","F","F","F","","","","",0,2,0,0,0,0,0,0,0,67,"NY1","NY1","CIN",1,"F","F",4,2,0,32,1,"T","F",0,0,"T","T","grohh101","gowdh101","T","T",0,0,0,0,0,0,0,0,0,"","","",0,0,0,0,0,0,0,0,0,0,0,0,0,"","F","F","F","F",0,0,0,0,0,0,0,0,0,0,F,F,"1924NY1.EVN.regular.event.csv",3422
"NY1192408090","CIN",8,1,2,0,0,"",2,4,"grohh101","?","grohh101","?","luqud101","?","luqud101","?","hargb101","bresr101","crith101","pineb101","cavei101","duncp101","rouse101","burng101","","","","8/F","F","F",5,7,2,"T","T",0,"F","F",1,"F","F",0,"F","F",8,"F","F","F","",0,0,"N",0,"N",0,"N",0,0,0,0,"8","","","","F","F","F","F","F","F","F","F","F","","","","F","F","F","F","F","","","","",0,8,0,0,0,0,0,0,0,68,"NY1","NY1","CIN",1,"F","T",4,2,0,33,2,"T","F",0,0,"T","T","gowdh101","bentj101","T","T",0,0,0,0,0,0,0,0,0,"","","",0,0,0,0,0,0,0,0,0,0,0,0,0,"rouse101","F","F","F","F",0,0,0,0,0,0,0,0,0,0,F,F,"1924NY1.EVN.regular.event.csv",3423
"NY1192408090","CIN",9,0,0,0,0,"",2,4,"pineb101","?","pineb101","?","bentj101","?","bentj101","?","gowdh101","kellg101","frisf101","grohh101","jackt101","meusi101","wilsh102","oconj102","","","","8/F","T","F",5,6,2,"T","T",0,"F","F",1,"F","F",0,"F","F",8,"F","F","F","",0,0,"N",0,"N",0,"N",0,0,0,0,"8","","","","F","F","F","F","F","F","F","F","F","","","","F","F","F","F","F","","","","",0,8,0,0,0,0,0,0,0,69,"NY1","CIN","NY1",0,"T","F",2,4,0,32,0,"T","F",0,0,"T","T","cavei101","hargb101","F","F",0,0,0,0,0,0,0,0,0,"","","",0,0,0,0,0,0,0,0,0,0,0,0,0,"wilsh102","F","F","F","F",0,0,0,0,0,0,0,0,0,0,F,F,"1924NY1.EVN.regular.event.csv",3424
"NY1192408090","CIN",9,0,1,0,0,"",2,4,"cavei101","?","cavei101","?","bentj101","?","bentj101","?","gowdh101","kellg101","frisf101","grohh101","jackt101","meusi101","wilsh102","oconj102","","","","8/F","F","F",6,7,2,"T","T",0,"F","F",1,"F","F",0,"F","F",8,"F","F","F","",0,0,"N",0,"N",0,"N",0,0,0,0,"8","","","","F","F","F","F","F","F","F","F","F","","","","F","F","F","F","F","","","","",0,8,0,0,0,0,0,0,0,70,"NY1","CIN","NY1",0,"F","F",2,4,0,33,1,"T","F",0,0,"T","T","hargb101","luqud101","F","F",0,0,0,0,0,0,0,0,0,"","","",0,0,0,0,0,0,0,0,0,0,0,0,0,"wilsh102","F","F","F","F",0,0,0,0,0,0,0,0,0,0,F,F,"1924NY1.EVN.regular.event.csv",3425
"NY1192408090","CIN",9,0,2,0,0,"",2,4,"hargb101","?","hargb101","?","bentj101","?","bentj101","?","gowdh101","kellg101","frisf101","grohh101","jackt101","meusi101","wilsh102","oconj102","","","","9/F","F","F",2,8,2,"T","T",0,"F","F",1,"F","F",0,"F","F",9,"F","F","F","",0,0,"N",0,"N",0,"N",0,0,0,0,"9","","","","F","F","F","F","F","F","F","F","F","","","","F","T","F","F","F","","","","",0,9,0,0,0,0,0,0,0,71,"NY1","CIN","NY1",0,"F","T",2,4,0,34,2,"T","F",0,0,"T","T","luqud101","crith101","F","F",0,0,0,0,0,0,0,0,0,"","","",0,0,0,0,0,0,0,0,0,0,0,0,0,"oconj102","F","F","F","F",0,0,0,0,0,0,0,0,0,0,F,F,"1924NY1.EVN.regular.event.csv",3426
"NY1192408110","CIN",1,0,0,0,0,"",0,0,"crith101","?","crith101","?","watsm103","?","watsm103","?","snydf101","kellg101","frisf101","grohh101","jackt101","meusi101","wilsh102","oconj102","","","","W","T","F",4,1,14,"T","F",0,"F","F",0,"F","F",0,"F","F",0,"","F","F","",0,0,"N",0,"N",0,"N",1,0,0,0,"","","","","F","F","F","F","F","F","F","F","F","","","","T","F","F","F","F","","","","",0,0,0,0,0,0,0,0,0,1,"NY1","CIN","NY1",0,"T","F",0,0,0,0,0,"T","F",0,1,"T","T","daubj101","rouse101","T","T",0,0,0,0,0,0,0,0,0,"","","",0,0,0,0,0,0,0,0,0,0,0,0,0,"","F","F","F","F",0,0,0,0,0,0,0,0,0,0,F,F,"1924NY1.EVN.regular.event.csv",3427
"NY1192408110","CIN",1,0,0,0,0,"",0,0,"daubj101","?","daubj101","?","watsm103","?","watsm103","?","snydf101","kellg101","frisf101","grohh101","jackt101","meusi101","wilsh102","oconj102","crith101","","","43.1-2","F","F",3,2,2,"T","T",0,"F","F",1,"F","F",0,"F","F",4,"G","F","F","",0,0,"N",0,"N",0,"N",0,2,0,0,"43","","","","F","F","F","F","F","F","F","F","F","watsm103","","","F","F","F","F","F","","","","",0,3,0,0,4,0,0,0,0,2,"NY1","CIN","NY1",0,"F","F",0,0,0,1,1,"T","F",1,2,"T","T","rouse101","walkc101","T","T",4,1,1,0,0,0,0,0,0,"snydf101","","",0,0,0,0,0,0,0,0,0,0,0,0,0,"frisf101","F","F","F","F",0,0,0,0,0,0,0,0,0,0,F,F,"1924NY1.EVN.regular.event.csv",3428
"NY1192408110","CIN",1,0,1,0,0,"",0,0,"rouse101","?","rouse101","?","watsm103","?","watsm103","?","snydf101","kellg101","frisf101","grohh101","jackt101","meusi101","wilsh102","oconj102","","crith101","","43.2-3","F","F",8,3,2,"T","T",0,"F","F",1,"F","F",0,"F","F",4,"G","F","F","",0,0,"N",0,"N",0,"N",0,0,3,0,"43","","","","F","F","F","F","F","F","F","F","F","","watsm103","","F","F","F","F","F","","","","",0,3,0,0,4,0,0,0,0,3,"NY1","CIN","NY1",0,"F","F",0,0,0,2,2,"T","F",2,4,"T","T","walkc101","burng101","T","T",0,0,0,4,1,1,0,0,0,"","snydf101","",0,0,0,0,0,0,0,0,0,0,0,0,0,"frisf101","F","F","F","F",0,0,0,0,0,0,0,0,0,0,F,F,"1924NY1.EVN.regular.event.csv",3429
"NY1192408110","CIN",1,0,2,0,0,"",0,0,"walkc101","?","walkc101","?","watsm103","?","watsm103","?","snydf101","kellg101","frisf101","grohh101","jackt101","meusi101","wilsh102","oconj102","","","crith101","43","F","F",9,4,2,"T","T",0,"F","F",1,"F","F",0,"F","F",4,"G","F","F","",0,0,"N",0,"N",0,"N",0,0,0,3,"43","","","","F","F","F","F","F","F","F","F","F","","","watsm103","F","F","F","F","F","","","","",0,3,0,0,4,0,0,0,0,4,"NY1","CIN","NY1",0,"F","T",0,0,0,3,3,"T","F",4,4,"T","T","burng101","pineb101","T","T",0,0,0,0,0,0,4,1,1,"","","snydf101",0,0,0,0,0,0,0,0,0,0,0,0,0,"frisf101","F","F","F","F",0,0,0,0,0,0,0,0,0,0,F,F,"1924NY1.EVN.regular.event.csv",3430
"NY1192408110","CIN",1,1,0,0,0,"",0,0,"oconj102","?","oconj102","?","maysc101","?","maysc101","?","hargb101","daubj101","crith101","pineb101","cavei101","burng101","rouse101","walkc101","","","","53","T","F",9,1,2,"T","T",0,"F","F",1,"F","F",0,"F","F",5,"G","F","F","",0,0,"N",0,"N",0,"N",0,0,0,0,"53","","","","F","F","F","F","F","F","F","F","F","","","","F","F","F","F","F","","","","",0,3,0,0,5,0,0,0,0,5,"NY1","NY1","CIN",1,"T","F",0,0,0,0,0,"T","F",0,0,"T","T","frisf101","wilsh102","T","T",0,0,0,0,0,0,0,0,0,"","","",0,0,0,0,0,0,0,0,0,0,0,0,0,"pineb101","F","F","F","F",0,0,0,0,0,0,0,0,0,0,F,F,"1924NY1.EVN.regular.event.csv",3431
"NY1192408110","CIN",1,1,1,0,0,"",0,0,"frisf101","?","frisf101","?","maysc101","?","maysc101","?","hargb101","daubj101","crith101","pineb101","cavei101","burng101","rouse101","walkc101","","","","S8","F","F",4,2,20,"T","T",1,"F","F",0,"F","F",0,"F","F",8,"","F","F","",0,0,"N",0,"N",0,"N",1,0,0,0,"","","","","F","F","F","F","F","F","F","F","F","","","","F","F","F","F","F","","","","",0,0,0,0,0,0,0,0,0,6,"NY1","NY1","CIN",1,"F","F",0,0,0,1,1,"T","F",0,1,"T","T","wilsh102","meusi101","T","T",0,0,0,0,0,0,0,0,0,"","","",0,0,0,0,0,0,0,0,0,0,0,0,0,"rouse101","F","F","F","F",0,0,0,0,0,0,0,0,0,0,F,F,"1924NY1.EVN.regular.event.csv",3432
"NY1192408110","CIN",1,1,1,0,0,"",0,0,"wilsh102","?","wilsh102","?","maysc101","?","maysc101","?","hargb101","daubj101","crith101","pineb101","cavei101","burng101","rouse101","walkc101","frisf101","","","3/G.1-2","F","F",8,3,2,"T","T",0,"F","F",1,"F","F",0,"F","F",3,"G","F","F","",0,0,"N",0,"N",0,"N",0,2,0,0,"3","","","","F","F","F","F","F","F","F","F","F","maysc101","","","F","F","F","F","F","","","","",0,3,0,0,0,0,0,0,0,7,"NY1","NY1","CIN",1,"F","F",0,0,0,2,2,"T","F",1,2,"T","T","meusi101","kellg101","T","T",4,2,6,0,0,0,0,0,0,"hargb101","","",0,0,0,0,0,0,0,0,0,0,0,0,0,"daubj101","F","F","F","F",0,0,0,0,0,0,0,0,0,0,F,F,"1924NY1.EVN.regular.event.csv",3433
"NY1192408110","CIN",1,1,2,0,0,"",0,0,"meusi101","?","meusi101","?","maysc101","?","maysc101","?","hargb101","daubj101","crith101","pineb101","cavei101","burng101","rouse101","walkc101","","frisf101","","43","F","F",7,4,2,"T","T",0,"F","F",1,"F","F",0,"F","F",4,"G","F","F","",0,0,"N",0,"N",0,"N",0,0,2,0,"43","","","","F","F","F","F","F","F","F","F","F","","maysc101","","F","F","F","F","F","","","","",0,3,0,0,4,0,0,0,0,8,"NY1","NY1","CIN",1,"F","T",0,0,0,3,3,"T","F",2,2,"T","T","kellg101","jackt101","T","T",0,0,0,4,2,6,0,0,0,"","hargb101","",0,0,0,0,0,0,0,0,0,0,0,0,0,"crith101","F","F","F","F",0,0,0,0,0,0,0,0,0,0,F,F,"1924NY1.EVN.regular.event.csv",3434
"NY1192408110","CIN",2,0,0,0,0,"",0,0,"burng101","?","burng101","?","watsm103","?","watsm103","?","snydf101","kellg101","frisf101","grohh101","jackt101","meusi101","wilsh102","oconj102","","","","13","T","F",7,5,2,"T","T",0,"F","F",1,"F","F",0,"F","F",1,"G","F","F","",0,0,"N",0,"N",0,"N",0,0,0,0,"13","","","","F","F","F","F","F","F","F","F","F","","","","F","F","F","F","F","","","","",0,3,0,0,1,0,0,0,0,9,"NY1","CIN","NY1",0,"T","F",0,0,0,4,0,"T","F",0,0,"T","T","pineb101","cavei101","T","T",0,0,0,0,0,0,0,0,0,"","","",0,0,0,0,0,0,0,0,0,0,0,0,0,"watsm103","F","F","F","F",0,0,0,0,0,0,0,0,0,0,F,F,"1924NY1.EVN.regular.event.csv",3435
"NY1192408110","CIN",2,0,1,0,0,"",0,0,"pineb101","?","pineb101","?","watsm103","?","watsm103","?","snydf101","kellg101","frisf101","grohh101","jackt101","meusi101","wilsh102","oconj102","","","","8/L89D","F","F",5,6,2,"T","T",0,"F","F",1,"F","F",0,"F","F",8,"L","F","F","89D",0,0,"N",0,"N",0,"N",0,0,0,0,"8","","","","F","F","F","F","F","F","F","F","F","","","","F","F","F","F","F","","","","",0,8,0,0,0,0,0,0,0,10,"NY1","CIN","NY1",0,"F","F",0,0,0,5,1,"T","F",0,0,"T","T","cavei101","hargb101","T","T",0,0,0,0,0,0,0,0,0,"","","",0,0,0,0,0,0,0,0,0,0,0,0,0,"wilsh102","F","F","F","F",0,0,0,0,0,0,0,0,0,0,F,F,"1924NY1.EVN.regular.event.csv",3436
"NY1192408110","CIN",2,0,2,0,0,"",0,0,"cavei101","?","cavei101","?","watsm103","?","watsm103","?","snydf101","kellg101","frisf101","grohh101","jackt101","meusi101","wilsh102","oconj102","","","","43","F","F",6,7,2,"T","T",0,"F","F",1,"F","F",0,"F","F",4,"G","F","F","",0,0,"N",0,"N",0,"N",0,0,0,0,"43","","","","F","F","F","F","F","F","F","F","F","","","","F","F","F","F","F","","","","",0,3,0,0,4,0,0,0,0,11,"NY1","CIN","NY1",0,"F","T",0,0,0,6,2,"T","F",0,0,"T","T","hargb101","maysc101","T","T",0,0,0,0,0,0,0,0,0,"","","",0,0,0,0,0,0,0,0,0,0,0,0,0,"frisf101","F","F","F","F",0,0,0,0,0,0,0,0,0,0,F,F,"1924NY1.EVN.regular.event.csv",3437
"NY1192408110","CIN",2,1,0,0,0,"",0,0,"kellg101","?","kellg101","?","maysc101","?","maysc101","?","hargb101","daubj101","crith101","pineb101","cavei101","burng101","rouse101","walkc101","","","","K","T","F",3,5,3,"T","T",0,"F","F",1,"F","F",0,"F","F",0,"","F","F","",0,0,"N",0,"N",0,"N",0,0,0,0,"2","","","","F","F","F","F","F","F","F","F","F","","","","F","F","F","F","F","","","","",0,2,0,0,0,0,0,0,0,12,"NY1","NY1","CIN",1,"T","F",0,0,0,4,0,"T","F",0,0,"T","T","jackt101","grohh101","T","T",0,0,0,0,0,0,0,0,0,"","","",0,0,0,0,0,0,0,0,0,0,0,0,0,"","F","F","F","F",0,0,0,0,0,0,0,0,0,0,F,F,"1924NY1.EVN.regular.event.csv",3438
"NY1192408110","CIN",2,1,1,0,0,"",0,0,"jackt101","?","jackt101","?","maysc101","?","maysc101","?","hargb101","daubj101","crith101","pineb101","cavei101","burng101","rouse101","walkc101","","","","2/P","F","F",6,6,2,"T","T",0,"F","F",1,"F","F",0,"F","F",2,"P","F","F","",0,0,"N",0,"N",0,"N",0,0,0,0,"2","","","","F","F","F","F","F","F","F","F","F","","","","F","F","F","F","F","","","","",0,2,0,0,0,0,0,0,0,13,"NY1","NY1","CIN",1,"F","F",0,0,0,5,1,"T","F",0,0,"T","T","grohh101","snydf101","T","T",0,0,0,0,0,0,0,0,0,"","","",0,0,0,0,0,0,0,0,0,0,0,0,0,"hargb101","F","F","F","F",0,0,0,0,0,0,0,0,0,0,F,F,"1924NY1.EVN.regular.event.csv",3439
"NY1192408110","CIN",2,1,2,0,0,"",0,0,"grohh101","?","grohh101","?","maysc101","?","maysc101","?","hargb101","daubj101","crith101","pineb101","cavei101","burng101","rouse101","walkc101","","","","S4/G4S","F","F",5,7,20,"T","T",1,"F","F",0,"F","F",0,"F","F",4,"G","F","F","4S",0,0,"N",0,"N",0,"N",1,0,0,0,"","","","","F","F","F","F","F","F","F","F","F","","","","F","F","F","F","F","","","","",0,0,0,0,0,0,0,0,0,14,"NY1","NY1","CIN",1,"F","F",0,0,0,6,2,"T","F",0,1,"T","T","snydf101","watsm103","T","T",0,0,0,0,0,0,0,0,0,"","","",0,0,0,0,0,0,0,0,0,0,0,0,0,"crith101","F","F","F","F",0,0,0,0,0,0,0,0,0,0,F,F,"1924NY1.EVN.regular.event.csv",3440
"NY1192408110","CIN",2,1,2,0,0,"",0,0,"snydf101","?","snydf101","?","maysc101","?","maysc101","?","hargb101","daubj101","crith101","pineb101","cavei101","burng101","rouse101","walkc101","grohh101","","","13","F","F",2,8,2,"T","T",0,"F","F",1,"F","F",0,"F","F",1,"G","F","F","",0,0,"N",0,"N",0,"N",0,1,0,0,"13","","","","F","F","F","F","F","F","F","F","F","maysc101","","","F","F","F","F","F","","","","",0,3,0,0,1,0,0,0,0,15,"NY1","NY1","CIN",1,"F","T",0,0,0,7,3,"T","F",1,1,"T","T","watsm103","oconj102","T","T",5,7,14,0,0,0,0,0,0,"hargb101","","",0,0,0,0,0,0,0,0,0,0,0,0,0,"maysc101","F","F","F","F",0,0,0,0,0,0,0,0,0,0,F,F,"1924NY1.EVN.regular.event.csv",3441
"NY1192408110","CIN",3,0,0,0,0,"",0,0,"hargb101","?","hargb101","?","watsm103","?","watsm103","?","snydf101","kellg101","frisf101","grohh101","jackt101","meusi101","wilsh102","oconj102","","","","53","T","F",2,8,2,"T","T",0,"F","F",1,"F","F",0,"F","F",5,"G","F","F","",0,0,"N",0,"N",0,"N",0,0,0,0,"53","","","","F","F","F","F","F","F","F","F","F","","","","F","F","F","F","F","","","","",0,3,0,0,5,0,0,0,0,16,"NY1","CIN","NY1",0,"T","F",0,0,0,7,0,"T","F",0,0,"T","T","maysc101","crith101","T","T",0,0,0,0,0,0,0,0,0,"","","",0,0,0,0,0,0,0,0,0,0,0,0,0,"grohh101","F","F","F","F",0,0,0,0,0,0,0,0,0,0,F,F,"1924NY1.EVN.regular.event.csv",3442
"NY1192408110","CIN",3,0,1,0,0,"",0,0,"maysc101","?","maysc101","?","watsm103","?","watsm103","?","snydf101","kellg101","frisf101","grohh101","jackt101","meusi101","wilsh102","oconj102","","","","53","F","F",1,9,2,"T","T",0,"F","F",1,"F","F",0,"F","F",5,"G","F","F","",0,0,"N",0,"N",0,"N",0,0,0,0,"53","","","","F","F","F","F","F","F","F","F","F","","","","F","F","F","F","F","","","","",0,3,0,0,5,0,0,0,0,17,"NY1","CIN","NY1",0,"F","F",0,0,0,8,1,"T","F",0,0,"T","T","crith101","daubj101","T","T",0,0,0,0,0,0,0,0,0,"","","",0,0,0,0,0,0,0,0,0,0,0,0,0,"grohh101","F","F","F","F",0,0,0,0,0,0,0,0,0,0,F,F,"1924NY1.EVN.regular.event.csv",3443
"NY1192408110","CIN",3,0,2,0,0,"",0,0,"crith101","?","crith101","?","watsm103","?","watsm103","?","snydf101","kellg101","frisf101","grohh101","jackt101","meusi101","wilsh102","oconj102","","","","43","F","F",4,1,2,"T","T",0,"F","F",1,"F","F",0,"F","F",4,"G","F","F","",0,0,"N",0,"N",0,"N",0,0,0,0,"43","","","","F","F","F","F","F","F","F","F","F","","","","F","F","F","F","F","","","","",0,3,0,0,4,0,0,0,0,18,"NY1","CIN","NY1",0,"F","T",0,0,0,9,2,"T","F",0,0,"T","T","daubj101","rouse101","T","T",0,0,0,0,0,0,0,0,0,"","","",0,0,0,0,0,0,0,0,0,0,0,0,0,"frisf101","F","F","F","F",0,0,0,0,0,0,0,0,0,0,F,F,"1924NY1.EVN.regular.event.csv",3444
"NY1192408110","CIN",3,1,0,0,0,"",0,0,"watsm103","?","watsm103","?","maysc101","?","maysc101","?","hargb101","daubj101","crith101","pineb101","cavei101","burng101","rouse101","walkc101","","","","K/C","T","F",1,9,3,"T","T",0,"F","F",1,"F","F",0,"F","F",0,"","F","F","",0,0,"N",0,"N",0,"N",0,0,0,0,"2","","","","F","F","F","F","F","F","F","F","F","","","","F","F","F","F","F","","","","",0,2,0,0,0,0,0,0,0,19,"NY1","NY1","CIN",1,"T","F",0,0,0,8,0,"T","F",0,0,"T","T","oconj102","frisf101","T","T",0,0,0,0,0,0,0,0,0,"","","",0,0,0,0,0,0,0,0,0,0,0,0,0,"","F","F","F","F",0,0,0,0,1,0,0,0,0,0,F,F,"1924NY1.EVN.regular.event.csv",3445
"NY1192408110","CIN",3,1,1,0,0,"",0,0,"oconj102","?","oconj102","?","maysc101","?","maysc101","?","hargb101","daubj101","crith101","pineb101","cavei101","burng101","rouse101","walkc101","","","","S7/F7S","F","F",9,1,20,"T","T",1,"F","F",0,"F","F",0,"F","F",7,"F","F","F","7S",0,0,"N",0,"N",0,"N",1,0,0,0,"","","","","F","F","F","F","F","F","F","F","F","","","","F","F","F","F","F","","","","",0,0,0,0,0,0,0,0,0,20,"NY1","NY1","CIN",1,"F","F",0,0,0,9,1,"T","F",0,1,"T","T","frisf101","wilsh102","T","T",0,0,0,0,0,0,0,0,0,"","","",0,0,0,0,0,0,0,0,0,0,0,0,0,"burng101","F","F","F","F",4,0,0,0,1,0,0,0,0,0,F,F,"1924NY1.EVN.regular.event.csv",3446
"NY1192408110","CIN",3,1,1,0,0,"",0,0,"frisf101","?","frisf101","?","maysc101","?","maysc101","?","hargb101","daubj101","crith101","pineb101","cavei101","burng101","rouse101","walkc101","oconj102","","","43.1-2","F","F",4,2,2,"T","T",0,"F","F",1,"F","F",0,"F","F",4,"G","F","F","",0,0,"N",0,"N",0,"N",0,2,0,0,"43","","","","F","F","F","F","F","F","F","F","F","maysc101","","","F","F","F","F","F","","","","",0,3,0,0,4,0,0,0,0,21,"NY1","NY1","CIN",1,"F","F",0,0,0,10,2,"T","F",1,2,"T","T","wilsh102","meusi101","T","T",9,1,20,0,0,0,0,0,0,"hargb101","","",0,0,0,0,0,0,0,0,0,0,0,0,0,"crith101","F","F","F","F",0,4,0,0,1,0,0,0,0,0,F,F,"1924NY1.EVN.regular.event.csv",3447
"NY1192408110","CIN",3,1,2,0,0,"",0,0,"wilsh102","?","wilsh102","?","maysc101","?","maysc101","?","hargb101","daubj101","crith101","pineb101","cavei101","burng101","rouse101","walkc101","","oconj102","","S8.2-H","F","F",8,3,20,"T","T",1,"F","F",0,"F","F",1,"F","F",8,"","F","F","",0,0,"N",0,"N",0,"N",1,0,4,0,"","","","","F","F","F","F","F","F","F","F","F","","maysc101","","F","F","F","F","F","","","","",0,0,0,0,0,0,0,0,0,22,"NY1","NY1","CIN",1,"F","F",0,0,0,11,3,"T","F",2,1,"T","T","meusi101","kellg101","T","T",0,0,0,9,1,20,0,0,0,"","hargb101","",0,0,0,0,0,0,0,0,0,0,0,0,1,"rouse101","F","F","F","F",0,0,4,0,0,0,0,0,0,0,F,F,"1924NY1.EVN.regular.event.csv",3448
"NY1192408110","CIN",3,1,2,0,0,"",0,1,"meusi101","?","meusi101","?","maysc101","?","maysc101","?","hargb101","daubj101","crith101","pineb101","cavei101","burng101","rouse101","walkc101","wilsh102","","","46(1)/FO","F","F",7,4,2,"T","T",0,"F","F",1,"F","F",0,"F","F",4,"G","F","F","",0,0,"N",0,"N",0,"N",1,0,0,0,"","46","","","F","F","F","F","F","F","F","F","F","maysc101","","","F","F","F","F","F","","","","",0,6,0,0,4,0,0,0,0,23,"NY1","NY1","CIN",1,"F","T",1,0,1,12,4,"T","F",1,1,"T","T","kellg101","jackt101","T","T",8,3,22,0,0,0,0,0,0,"hargb101","","",0,0,0,0,0,0,0,0,0,0,0,0,0,"crith101","T","F","F","F",0,0,0,0,0,0,0,0,0,0,F,F,"1924NY1.EVN.regular.event.csv",3449
"NY1192408110","CIN",4,0,0,0,0,"",0,1,"daubj101","?","daubj101","?","watsm103","?","watsm103","?","snydf101","kellg101","frisf101","grohh101","jackt101","meusi101","wilsh102","oconj102","","","","8/F","T","F",3,2,2,"T","T",0,"F","F",1,"F","F",0,"F","F",8,"F","F","F","",0,0,"N",0,"N",0,"N",0,0,0,0,"8","","","","F","F","F","F","F","F","F","F","F","","","","F","F","F","F","F","","","","",0,8,0,0,0,0,0,0,0,24,"NY1","CIN","NY1",0,"T","F",0,1,0,10,0,"T","F",0,0,"T","T","rouse101","walkc101","T","T",0,0,0,0,0,0,0,0,0,"","","",0,0,0,0,0,0,0,0,0,0,0,0,0,"wilsh102","F","F","F","F",0,0,0,0,1,0,0,0,0,0,F,F,"1924NY1.EVN.regular.event.csv",3450
"NY1192408110","CIN",4,0,1,0,0,"",0,1,"rouse101","?","rouse101","?","watsm103","?","watsm103","?","snydf101","kellg101","frisf101","grohh101","jackt101","meusi101","wilsh102","oconj102","","","","8/F","F","F",8,3,2,"T","T",0,"F","F",1,"F","F",0,"F","F",8,"F","F","F","",0,0,"N",0,"N",0,"N",0,0,0,0,"8","","","","F","F","F","F","F","F","F","F","F","","","","F","F","F","F","F","","","","",0,8,0,0,0,0,0,0,0,25,"NY1","CIN","NY1",0,"F","F",0,1,0,11,1,"T","F",0,0,"T","T","walkc101","burng101","T","T",0,0,0,0,0,0,0,0,0,"","","",0,0,0,0,0,0,0,0,0,0,0,0,0,"wilsh102","F","F","F","F",0,0,0,0,1,0,0,0,0,0,F,F,"1924NY1.EVN.regular.event.csv",3451
"NY1192408110","CIN",4,0,2,0,0,"",0,1,"walkc101","?","walkc101","?","watsm103","?","watsm103","?","snydf101","kellg101","frisf101","grohh101","jackt101","meusi101","wilsh102","oconj102","","","","D7/7D","F","F",9,4,21,"T","T",2,"F","F",0,"F","F",0,"F","F",7,"","F","F","7D",0,0,"N",0,"N",0,"N",2,0,0,0,"","","","","F","F","F","F","F","F","F","F","F","","","","F","F","F","F","F","","","","",0,0,0,0,0,0,0,0,0,26,"NY1","CIN","NY1",0,"F","F",0,1,0,12,2,"T","F",0,2,"T","T","burng101","pineb101","T","T",0,0,0,0,0,0,0,0,0,"","","",0,0,0,0,0,0,0,0,0,0,0,0,0,"meusi101","F","F","F","F",5,0,0,0,1,0,0,0,0,0,F,F,"1924NY1.EVN.regular.event.csv",3452
"NY1192408110","CIN",4,0,2,0,0,"",0,1,"burng101","?","burng101","?","watsm103","?","watsm103","?","snydf101","kellg101","frisf101","grohh101","jackt101","meusi101","wilsh102","oconj102","","walkc101","","E6/TH1.2-H(NR)(UR)","F","F",7,5,18,"T","T",0,"F","F",0,"F","F",0,"F","F",6,"G","F","F","",1,6,"T",0,"N",0,"N",1,0,5,0,"","","","","F","F","F","F","F","F","F","F","F","","watsm103","","F","F","F","F","F","","","","",0,0,0,0,0,0,0,0,0,27,"NY1","CIN","NY1",0,"F","F",0,1,0,13,3,"T","F",2,1,"T","T","pineb101","cavei101","T","T",0,0,0,9,4,26,0,0,0,"","snydf101","",0,0,0,0,0,0,0,0,0,0,0,0,1,"jackt101","F","F","F","T",0,0,5,0,0,0,0,0,0,0,F,F,"1924NY1.EVN.regular.event.csv",3453
"NY1192408110","CIN",4,0,2,0,0,"",1,1,"pineb101","?","pineb101","?","watsm103","?","watsm103","?","snydf101","kellg101","frisf101","grohh101","jackt101","meusi101","wilsh102","oconj102","burng101","","","S7.1-3","F","F",5,6,20,"T","T",1,"F","F",0,"F","F",0,"F","F",7,"","F","F","",0,0,"N",0,"N",0,"N",1,3,0,0,"","","","","F","F","F","F","F","F","F","F","F","watsm103","","","F","F","F","F","F","","","","",0,0,0,0,0,0,0,0,0,28,"NY1","CIN","NY1",0,"F","F",1,1,1,14,4,"T","F",1,5,"T","T","cavei101","hargb101","T","T",7,5,27,0,0,0,0,0,0,"snydf101","","",0,0,0,0,0,0,0,0,0,0,0,0,0,"meusi101","F","F","F","F",0,0,0,0,0,0,0,0,0,0,F,F,"1924NY1.EVN.regular.event.csv",3454
"NY1192408110","CIN",4,0,2,0,0,"",1,1,"cavei101","?","cavei101","?","watsm103","?","watsm103","?","snydf101","kellg101","frisf101","grohh101","jackt101","meusi101","wilsh102","oconj102","pineb101","","burng101","OA.3X3(5E2);1-2","F","F",6,7,12,"F","F",0,"F","F",0,"F","F",0,"F","F",0,"","F","F","",1,2,"D",0,"N",0,"N",0,2,0,3,"","","","5E2","F","F","F","F","F","F","F","F","F","watsm103","","watsm103","F","F","F","F","F","","","","",0,0,0,0,5,0,0,0,0,29,"NY1","CIN","NY1",0,"F","F",1,1,1,15,5,"T","F",5,6,"T","T","hargb101","maysc101","T","T",5,6,28,0,0,0,7,5,27,"snydf101","","snydf101",0,0,0,0,0,0,0,0,0,0,0,0,0,"","F","F","F","F",0,0,0,0,0,0,0,0,0,0,F,F,"1924NY1.EVN.regular.event.csv",3455
"NY1192408110","CIN",4,0,2,0,0,"",1,1,"cavei101","?","cavei101","?","watsm103","?","watsm103","?","snydf101","kellg101","frisf101","grohh101","jackt101","meusi101","wilsh102","oconj102","","pineb101","burng101","7/F","F","F",6,7,2,"T","T",0,"F","F",1,"F","F",0,"F","F",7,"F","F","F","",0,0,"N",0,"N",0,"N",0,0,2,3,"7","","","","F","F","F","F","F","F","F","F","F","","watsm103","watsm103","F","F","F","F","F","","","","",0,7,0,0,0,0,0,0,0,30,"NY1","CIN","NY1",0,"F","T",1,1,1,15,5,"F","F",6,6,"T","T","hargb101","maysc101","T","T",0,0,0,5,6,28,7,5,27,"","snydf101","snydf101",0,0,0,0,0,0,0,0,0,0,0,0,0,"meusi101","F","F","F","F",0,0,0,0,0,0,0,0,0,0,F,F,"1924NY1.EVN.regular.event.csv",3456
"NY1192408110","CIN",4,1,0,0,0,"",1,1,"kellg101","?","kellg101","?","maysc101","?","maysc101","?","hargb101","daubj101","crith101","pineb101","cavei101","burng101","rouse101","walkc101","","","","53","T","F",3,5,2,"T","T",0,"F","F",1,"F","F",0,"F","F",5,"G","F","F","",0,0,"N",0,"N",0,"N",0,0,0,0,"53","","","","F","F","F","F","F","F","F","F","F","","","","F","F","F","F","F","","","","",0,3,0,0,5,0,0,0,0,31,"NY1","NY1","CIN",1,"T","F",1,1,0,13,0,"T","F",0,0,"T","T","jackt101","grohh101","T","T",0,0,0,0,0,0,0,0,0,"","","",0,0,0,0,0,0,0,0,0,0,0,0,0,"pineb101","F","F","F","F",0,0,0,0,0,0,0,0,0,0,F,F,"1924NY1.EVN.regular.event.csv",3457
"NY1192408110","CIN",4,1,1,0,0,"",1,1,"jackt101","?","jackt101","?","maysc101","?","maysc101","?","hargb101","daubj101","crith101","pineb101","cavei101","burng101","rouse101","walkc101","","","","K","F","F",6,6,3,"T","T",0,"F","F",1,"F","F",0,"F","F",0,"","F","F","",0,0,"N",0,"N",0,"N",0,0,0,0,"2","","","","F","F","F","F","F","F","F","F","F","","","","F","F","F","F","F","","","","",0,2,0,0,0,0,0,0,0,32,"NY1","NY1","CIN",1,"F","F",1,1,0,14,1,"T","F",0,0,"T","T","grohh101","snydf101","T","T",0,0,0,0,0,0,0,0,0,"","","",0,0,0,0,0,0,0,0,0,0,0,0,0,"","F","F","F","F",0,0,0,0,0,0,0,0,0,0,F,F,"1924NY1.EVN.regular.event.csv",3458
"NY1192408110","CIN",4,1,2,0,0,"",1,1,"grohh101","?","grohh101","?","maysc101","?","maysc101","?","hargb101","daubj101","crith101","pineb101","cavei101","burng101","rouse101","walkc101","","","","63","F","F",5,7,2,"T","T",0,"F","F",1,"F","F",0,"F","F",6,"G","F","F","",0,0,"N",0,"N",0,"N",0,0,0,0,"63","","","","F","F","F","F","F","F","F","F","F","","","","F","F","F","F","F","","","","",0,3,0,0,6,0,0,0,0,33,"NY1","NY1","CIN",1,"F","T",1,1,0,15,2,"T","F",0,0,"T","T","snydf101","watsm103","T","T",0,0,0,0,0,0,0,0,0,"","","",0,0,0,0,0,0,0,0,0,0,0,0,0,"cavei101","F","F","F","F",0,0,0,0,0,0,0,0,0,0,F,F,"1924NY1.EVN.regular.event.csv",3459
"NY1192408110","CIN",5,0,0,0,0,"",1,1,"hargb101","?","hargb101","?","watsm103","?","watsm103","?","snydf101","kellg101","frisf101","grohh101","jackt101","meusi101","wilsh102","oconj102","","","","3/G","T","F",2,8,2,"T","T",0,"F","F",1,"F","F",0,"F","F",3,"G","F","F","",0,0,"N",0,"N",0,"N",0,0,0,0,"3","","","","F","F","F","F","F","F","F","F","F","","","","F","F","F","F","F","","","","",0,3,0,0,0,0,0,0,0,34,"NY1","CIN","NY1",0,"T","F",1,1,0,16,0,"T","F",0,0,"T","T","maysc101","crith101","T","T",0,0,0,0,0,0,0,0,0,"","","",0,0,0,0,0,0,0,0,0,0,0,0,0,"kellg101","F","F","F","F",0,0,0,0,0,0,0,0,0,0,F,F,"1924NY1.EVN.regular.event.csv",3460
"NY1192408110","CIN",5,0,1,0,0,"",1,1,"maysc101","?","maysc101","?","watsm103","?","watsm103","?","snydf101","kellg101","frisf101","grohh101","jackt101","meusi101","wilsh102","oconj102","","","","K","F","F",1,9,3,"T","T",0,"F","F",1,"F","F",0,"F","F",0,"","F","F","",0,0,"N",0,"N",0,"N",0,0,0,0,"2","","","","F","F","F","F","F","F","F","F","F","","","","F","F","F","F","F","","","","",0,2,0,0,0,0,0,0,0,35,"NY1","CIN","NY1",0,"F","F",1,1,0,17,1,"T","F",0,0,"T","T","crith101","daubj101","T","T",0,0,0,0,0,0,0,0,0,"","","",0,0,0,0,0,0,0,0,0,0,0,0,0,"","F","F","F","F",0,0,0,0,0,0,0,0,0,0,F,F,"1924NY1.EVN.regular.event.csv",3461
"NY1192408110","CIN",5,0,2,0,0,"",1,1,"crith101","?","crith101","?","watsm103","?","watsm103","?","snydf101","kellg101","frisf101","grohh101","jackt101","meusi101","wilsh102","oconj102","","","","43","F","F",4,1,2,"T","T",0,"F","F",1,"F","F",0,"F","F",4,"G","F","F","",0,0,"N",0,"N",0,"N",0,0,0,0,"43","","","","F","F","F","F","F","F","F","F","F","","","","F","F","F","F","F","","","","",0,3,0,0,4,0,0,0,0,36,"NY1","CIN","NY1",0,"F","T",1,1,0,18,2,"T","F",0,0,"T","T","daubj101","rouse101","T","T",0,0,0,0,0,0,0,0,0,"","","",0,0,0,0,0,0,0,0,0,0,0,0,0,"frisf101","F","F","F","F",0,0,0,0,0,0,0,0,0,0,F,F,"1924NY1.EVN.regular.event.csv",3462
"NY1192408110","CIN",5,1,0,0,0,"",1,1,"snydf101","?","snydf101","?","maysc101","?","maysc101","?","hargb101","daubj101","crith101","pineb101","cavei101","burng101","rouse101","walkc101","","","","63","T","F",2,8,2,"T","T",0,"F","F",1,"F","F",0,"F","F",6,"G","F","F","",0,0,"N",0,"N",0,"N",0,0,0,0,"63","","","","F","F","F","F","F","F","F","F","F","","","","F","F","F","F","F","","","","",0,3,0,0,6,0,0,0,0,37,"NY1","NY1","CIN",1,"T","F",1,1,0,16,0,"T","F",0,0,"T","T","watsm103","oconj102","T","T",0,0,0,0,0,0,0,0,0,"","","",0,0,0,0,0,0,0,0,0,0,0,0,0,"cavei101","F","F","F","F",0,0,0,0,0,0,0,0,0,0,F,F,"1924NY1.EVN.regular.event.csv",3463
"NY1192408110","CIN",5,1,1,0,0,"",1,1,"watsm103","?","watsm103","?","maysc101","?","maysc101","?","hargb101","daubj101","crith101","pineb101","cavei101","burng101","rouse101","walkc101","","","","7/F7D","F","F",1,9,2,"T","T",0,"F","F",1,"F","F",0,"F","F",7,"F","F","F","7D",0,0,"N",0,"N",0,"N",0,0,0,0,"7","","","","F","F","F","F","F","F","F","F","F","","","","F","F","F","F","F","","","","",0,7,0,0,0,0,0,0,0,38,"NY1","NY1","CIN",1,"F","F",1,1,0,17,1,"T","F",0,0,"T","T","oconj102","frisf101","T","T",0,0,0,0,0,0,0,0,0,"","","",0,0,0,0,0,0,0,0,0,0,0,0,0,"burng101","F","F","F","F",0,0,0,0,0,0,0,0,0,0,F,F,"1924NY1.EVN.regular.event.csv",3464
"NY1192408110","CIN",5,1,2,0,0,"",1,1,"oconj102","?","oconj102","?","maysc101","?","maysc101","?","hargb101","daubj101","crith101","pineb101","cavei101","burng101","rouse101","walkc101","","","","43","F","F",9,1,2,"T","T",0,"F","F",1,"F","F",0,"F","F",4,"G","F","F","",0,0,"N",0,"N",0,"N",0,0,0,0,"43","","","","F","F","F","F","F","F","F","F","F","","","","F","F","F","F","F","","","","",0,3,0,0,4,0,0,0,0,39,"NY1","NY1","CIN",1,"F","T",1,1,0,18,2,"T","F",0,0,"T","T","frisf101","wilsh102","T","T",0,0,0,0,0,0,0,0,0,"","","",0,0,0,0,0,0,0,0,0,0,0,0,0,"crith101","F","F","F","F",0,0,0,0,0,0,0,0,0,0,F,F,"1924NY1.EVN.regular.event.csv",3465
"NY1192408110","CIN",6,0,0,0,0,"",1,1,"daubj101","?","daubj101","?","watsm103","?","watsm103","?","snydf101","kellg101","frisf101","grohh101","jackt101","meusi101","wilsh102","oconj102","","","","S9","T","F",3,2,20,"T","T",1,"F","F",0,"F","F",0,"F","F",9,"","F","F","",0,0,"N",0,"N",0,"N",1,0,0,0,"","","","","F","F","F","F","F","F","F","F","F","","","","F","F","F","F","F","","","","",0,0,0,0,0,0,0,0,0,40,"NY1","CIN","NY1",0,"T","F",1,1,0,19,0,"T","F",0,1,"T","T","rouse101","walkc101","T","T",0,0,0,0,0,0,0,0,0,"","","",0,0,0,0,0,0,0,0,0,0,0,0,0,"oconj102","F","F","F","F",4,0,0,0,1,0,0,0,0,0,F,F,"1924NY1.EVN.regular.event.csv",3466
"NY1192408110","CIN",6,0,0,0,0,"",1,1,"rouse101","?","rouse101","?","watsm103","?","watsm103","?","snydf101","kellg101","frisf101","grohh101","jackt101","meusi101","wilsh102","oconj102","daubj101","","","S/BG25.1-2","F","F",8,3,20,"T","T",1,"F","F",0,"F","F",0,"F","F",0,"G","T","F","25",0,0,"N",0,"N",0,"N",1,2,0,0,"","","","","F","F","F","F","F","F","F","F","F","watsm103","","","F","F","F","F","F","","","","",0,0,0,0,0,0,0,0,0,41,"NY1","CIN","NY1",0,"F","F",1,1,0,20,1,"T","F",1,3,"T","T","walkc101","burng101","T","T",3,2,40,0,0,0,0,0,0,"snydf101","","",0,0,0,0,0,0,0,0,0,0,0,0,0,"","F","F","F","F",0,4,0,0,1,0,0,0,0,0,F,F,"1924NY1.EVN.regular.event.csv",3467
"NY1192408110","CIN",6,0,0,0,0,"",1,1,"walkc101","?","walkc101","?","watsm103","?","watsm103","?","snydf101","kellg101","frisf101","grohh101","jackt101","meusi101","wilsh102","oconj102","rouse101","daubj101","","3/BG/SH.2-3;1-2","F","F",9,4,2,"T","F",0,"T","F",1,"F","F",0,"F","F",3,"G","T","F","",0,0,"N",0,"N",0,"N",0,2,3,0,"3","","","","F","F","F","F","F","F","F","F","F","watsm103","watsm103","","F","F","F","F","F","","","","",0,3,0,0,0,0,0,0,0,42,"NY1","CIN","NY1",0,"F","F",1,1,0,21,2,"T","F",3,6,"T","T","burng101","pineb101","T","T",8,3,41,3,2,40,0,0,0,"snydf101","snydf101","",0,0,0,0,0,0,0,0,0,0,0,0,0,"kellg101","F","F","F","F",0,0,4,0,1,0,0,0,0,0,F,F,"1924NY1.EVN.regular.event.csv",3468
"NY1192408110","CIN",6,0,1,0,0,"",1,1,"burng101","?","burng101","?","watsm103","?","watsm103","?","snydf101","kellg101","frisf101","grohh101","jackt101","meusi101","wilsh102","oconj102","","rouse101","daubj101","S6/G1.3-H;2-3","F","F",7,5,20,"T","T",1,"F","F",0,"F","F",1,"F","F",6,"G","F","F","1",0,0,"N",0,"N",0,"N",1,0,3,4,"","","","","F","F","F","F","F","F","F","F","F","","watsm103","watsm103","F","F","F","F","F","","","","",0,0,0,0,0,0,0,0,0,43,"NY1","CIN","NY1",0,"F","F",1,1,0,22,3,"T","F",6,5,"T","T","pineb101","cavei101","T","T",0,0,0,8,3,41,3,2,40,"","snydf101","snydf101",0,0,0,0,0,0,0,0,0,0,0,0,1,"jackt101","F","F","F","F",0,0,0,4,0,0,0,0,0,0,F,F,"1924NY1.EVN.regular.event.csv",3469
"NY1192408110","CIN",6,0,1,0,0,"",2,1,"pineb101","?","pineb101","?","watsm103","?","watsm103","?","snydf101","kellg101","frisf101","grohh101","jackt101","meusi101","wilsh102","oconj102","burng101","","rouse101","6/L","F","F",5,6,2,"T","T",0,"F","F",1,"F","F",0,"F","F",6,"L","F","F","",0,0,"N",0,"N",0,"N",0,1,0,3,"6","","","","F","F","F","F","F","F","F","F","F","watsm103","","watsm103","F","F","F","F","F","","","","",0,6,0,0,0,0,0,0,0,44,"NY1","CIN","NY1",0,"F","F",2,1,1,23,4,"T","F",5,5,"T","T","cavei101","hargb101","T","T",7,5,43,0,0,0,8,3,41,"snydf101","","snydf101",0,0,0,0,0,0,0,0,0,0,0,0,0,"jackt101","F","F","F","F",0,0,0,0,0,0,0,0,0,0,F,F,"1924NY1.EVN.regular.event.csv",3470
"NY1192408110","CIN",6,0,2,0,0,"",2,1,"cavei101","?","cavei101","?","watsm103","?","watsm103","?","snydf101","kellg101","frisf101","grohh101","jackt101","meusi101","wilsh102","oconj102","burng101","","rouse101","63","F","F",6,7,2,"T","T",0,"F","F",1,"F","F",0,"F","F",6,"G","F","F","",0,0,"N",0,"N",0,"N",0,1,0,3,"63","","","","F","F","F","F","F","F","F","F","F","watsm103","","watsm103","F","F","F","F","F","","","","",0,3,0,0,6,0,0,0,0,45,"NY1","CIN","NY1",0,"F","T",2,1,1,24,5,"T","F",5,5,"T","T","hargb101","maysc101","T","T",7,5,43,0,0,0,8,3,41,"snydf101","","snydf101",0,0,0,0,0,0,0,0,0,0,0,0,0,"jackt101","F","F","F","F",0,0,0,0,0,0,0,0,0,0,F,F,"1924NY1.EVN.regular.event.csv",3471
"NY1192408110","CIN",6,1,0,0,0,"",2,1,"frisf101","?","frisf101","?","maysc101","?","maysc101","?","hargb101","daubj101","crith101","pineb101","cavei101","burng101","rouse101","walkc101","","","","D/G6","T","F",4,2,21,"T","T",2,"F","F",0,"F","F",0,"F","F",0,"G","F","F","6",0,0,"N",0,"N",0,"N",2,0,0,0,"","","","","F","F","F","F","F","F","F","F","F","","","","F","F","F","F","F","","","","",0,0,0,0,0,0,0,0,0,46,"NY1","NY1","CIN",1,"T","F",1,2,0,19,0,"T","F",0,2,"T","T","wilsh102","meusi101","T","T",0,0,0,0,0,0,0,0,0,"","","",0,0,0,0,0,0,0,0,0,0,0,0,0,"","F","F","F","F",4,0,0,0,3,0,0,0,0,0,F,F,"1924NY1.EVN.regular.event.csv",3472
"NY1192408110","CIN",6,1,0,0,0,"",2,1,"wilsh102","?","wilsh102","?","maysc101","?","maysc101","?","hargb101","daubj101","crith101","pineb101","cavei101","burng101","rouse101","walkc101","","frisf101","","7/F7L","F","F",8,3,2,"T","T",0,"F","F",1,"F","F",0,"F","F",7,"F","F","F","7L",0,0,"N",0,"N",0,"N",0,0,2,0,"7","","","","F","F","F","F","F","F","F","F","F","","maysc101","","F","F","F","F","F","","","","",0,7,0,0,0,0,0,0,0,47,"NY1","NY1","CIN",1,"F","F",1,2,0,20,1,"T","F",2,2,"T","T","meusi101","kellg101","T","T",0,0,0,4,2,46,0,0,0,"","hargb101","",0,0,0,0,0,0,0,0,0,0,0,0,0,"burng101","F","F","F","F",0,0,4,0,3,0,0,0,0,0,F,F,"1924NY1.EVN.regular.event.csv",3473
"NY1192408110","CIN",6,1,1,0,0,"",2,1,"meusi101","?","meusi101","?","maysc101","?","maysc101","?","hargb101","daubj101","crith101","pineb101","cavei101","burng101","rouse101","walkc101","","frisf101","","W","F","F",7,4,14,"T","F",0,"F","F",0,"F","F",0,"F","F",0,"","F","F","",0,0,"N",0,"N",0,"N",1,0,2,0,"","","","","F","F","F","F","F","F","F","F","F","","maysc101","","F","F","F","F","F","","","","",0,0,0,0,0,0,0,0,0,48,"NY1","NY1","CIN",1,"F","F",1,2,0,21,2,"T","F",2,3,"T","T","kellg101","jackt101","T","T",0,0,0,4,2,46,0,0,0,"","hargb101","",0,0,0,0,0,0,0,0,0,0,0,0,0,"","F","F","F","F",4,0,4,0,3,0,0,0,0,0,F,F,"1924NY1.EVN.regular.event.csv",3474
"NY1192408110","CIN",6,1,1,0,0,"",2,1,"kellg101","?","kellg101","?","maysc101","?","maysc101","?","hargb101","daubj101","crith101","pineb101","cavei101","burng101","rouse101","walkc101","meusi101","frisf101","","13.2-3;1-2","F","F",3,5,2,"T","T",0,"F","F",1,"F","F",0,"F","F",1,"G","F","F","",0,0,"N",0,"N",0,"N",0,2,3,0,"13","","","","F","F","F","F","F","F","F","F","F","maysc101","maysc101","","F","F","F","F","F","","","","",0,3,0,0,1,0,0,0,0,49,"NY1","NY1","CIN",1,"F","F",1,2,0,22,3,"T","F",3,6,"T","T","jackt101","grohh101","T","T",7,4,48,4,2,46,0,0,0,"hargb101","hargb101","",0,0,0,0,0,0,0,0,0,0,0,0,0,"maysc101","F","F","F","F",0,4,4,0,3,0,0,0,0,0,F,F,"1924NY1.EVN.regular.event.csv",3475
"NY1192408110","CIN",6,1,2,2,0,"BBX",2,1,"jackt101","?","jackt101","?","maysc101","?","maysc101","?","hargb101","daubj101","crith101","pineb101","cavei101","burng101","rouse101","walkc101","","meusi101","frisf101","S9/9LS.3-H;2-H","F","F",6,6,20,"T","T",1,"F","F",0,"F","F",2,"F","F",9,"","F","F","9LS",0,0,"N",0,"N",0,"N",1,0,4,4,"","","","","F","F","F","F","F","F","F","F","F","","maysc101","maysc101","F","F","F","F","F","","","","",0,0,0,0,0,0,0,0,0,50,"NY1","NY1","CIN",1,"F","F",1,2,0,23,4,"T","F",6,1,"T","T","grohh101","snydf101","T","T",0,0,0,7,4,48,4,2,46,"","hargb101","hargb101",2,2,0,0,0,0,1,0,0,0,1,0,2,"walkc101","F","F","F","F",4,0,4,4,1,0,0,0,0,0,F,F,"1924NY1.EVN.regular.event.csv",3476
"NY1192408110","CIN",6,1,2,0,0,"",2,3,"grohh101","?","grohh101","?","maysc101","?","maysc101","?","hargb101","daubj101","crith101","pineb101","cavei101","burng101","rouse101","walkc101","jackt101","","","SB2","F","F",5,7,4,"F","F",0,"F","F",0,"F","F",0,"F","F",0,"","F","F","",0,0,"N",0,"N",0,"N",0,2,0,0,"","","","","T","F","F","F","F","F","F","F","F","maysc101","","","F","F","F","F","F","","","","",0,0,0,0,0,0,0,0,0,51,"NY1","NY1","CIN",1,"F","F",3,2,2,24,5,"T","F",1,2,"T","T","snydf101","watsm103","T","T",6,6,50,0,0,0,0,0,0,"hargb101","","",0,0,0,0,0,0,0,0,0,0,0,0,0,"","F","F","F","F",0,4,0,0,1,0,0,0,0,0,F,F,"1924NY1.EVN.regular.event.csv",3477
"NY1192408110","CIN",6,1,2,0,0,"",2,3,"grohh101","?","grohh101","?","maysc101","?","maysc101","?","hargb101","daubj101","crith101","pineb101","cavei101","burng101","rouse101","walkc101","","jackt101","","HP","F","F",5,7,16,"T","F",0,"F","F",0,"F","F",0,"F","F",0,"","F","F","",0,0,"N",0,"N",0,"N",1,0,2,0,"","","","","F","F","F","F","F","F","F","F","F","","maysc101","","F","F","F","F","F","","","","",0,0,0,0,0,0,0,0,0,52,"NY1","NY1","CIN",1,"F","F",3,2,2,24,5,"F","F",2,3,"T","T","snydf101","watsm103","T","T",0,0,0,6,6,50,0,0,0,"","hargb101","",0,0,0,0,0,0,0,0,0,0,0,0,0,"","F","F","F","F",0,0,4,0,1,0,0,0,0,0,F,F,"1924NY1.EVN.regular.event.csv",3478
"NY1192408110","CIN",6,1,2,0,0,"",2,3,"snydf101","?","snydf101","?","maysc101","?","maysc101","?","hargb101","daubj101","crith101","pineb101","cavei101","burng101","rouse101","walkc101","grohh101","jackt101","","S7/G56.2-H;1X3(75)","F","F",2,8,20,"T","T",1,"F","F",1,"F","F",1,"F","F",7,"G","F","F","56",0,0,"N",0,"N",0,"N",1,0,4,0,"","75","","","F","F","F","F","F","F","F","F","F","maysc101","maysc101","","F","F","F","F","F","","","","",0,5,0,0,7,0,0,0,0,53,"NY1","NY1","CIN",1,"F","T",3,2,2,25,6,"T","F",3,1,"T","T","watsm103","oconj102","T","T",5,7,52,6,6,50,0,0,0,"hargb101","hargb101","",0,0,0,0,0,0,0,0,0,0,0,0,1,"burng101","F","F","F","F",0,0,4,0,0,0,0,0,0,0,F,F,"1924NY1.EVN.regular.event.csv",3479
"NY1192408110","CIN",7,0,0,0,0,"",2,4,"hargb101","?","hargb101","?","watsm103","?","watsm103","?","snydf101","kellg101","frisf101","grohh101","jackt101","meusi101","wilsh102","oconj102","","","","13","T","F",2,8,2,"T","T",0,"F","F",1,"F","F",0,"F","F",1,"G","F","F","",0,0,"N",0,"N",0,"N",0,0,0,0,"13","","","","F","F","F","F","F","F","F","F","F","","","","F","F","F","F","F","","","","",0,3,0,0,1,0,0,0,0,54,"NY1","CIN","NY1",0,"T","F",2,4,0,25,0,"T","F",0,0,"T","T","maysc101","crith101","T","T",0,0,0,0,0,0,0,0,0,"","","",0,0,0,0,0,0,0,0,0,0,0,0,0,"watsm103","F","F","F","F",0,0,0,0,0,0,0,0,0,0,F,F,"1924NY1.EVN.regular.event.csv",3480
"NY1192408110","CIN",7,0,1,0,0,"",2,4,"shorc101","?","shorc101","?","watsm103","?","watsm103","?","snydf101","kellg101","frisf101","grohh101","jackt101","meusi101","wilsh102","oconj102","","","","9/F","F","T",11,9,2,"T","T",0,"F","F",1,"F","F",0,"F","F",9,"F","F","F","",0,0,"N",0,"N",0,"N",0,0,0,0,"9","","","","F","F","F","F","F","F","F","F","F","","","","F","F","F","F","F","","","","maysc101",1,9,0,0,0,0,0,0,0,55,"NY1","CIN","NY1",0,"F","F",2,4,0,26,1,"T","F",0,0,"F","F","crith101","daubj101","T","T",0,0,0,0,0,0,0,0,0,"","","",0,0,0,0,0,0,0,0,0,0,0,0,0,"oconj102","F","F","F","F",0,0,0,0,0,0,0,0,0,0,F,F,"1924NY1.EVN.regular.event.csv",3481
"NY1192408110","CIN",7,0,2,0,0,"",2,4,"crith101","?","crith101","?","watsm103","?","watsm103","?","snydf101","kellg101","frisf101","grohh101","jackt101","meusi101","wilsh102","oconj102","","","","63","F","F",4,1,2,"T","T",0,"F","F",1,"F","F",0,"F","F",6,"G","F","F","",0,0,"N",0,"N",0,"N",0,0,0,0,"63","","","","F","F","F","F","F","F","F","F","F","","","","F","F","F","F","F","","","","",0,3,0,0,6,0,0,0,0,56,"NY1","CIN","NY1",0,"F","T",2,4,0,27,2,"T","F",0,0,"T","T","daubj101","rouse101","T","T",0,0,0,0,0,0,0,0,0,"","","",0,0,0,0,0,0,0,0,0,0,0,0,0,"jackt101","F","F","F","F",0,0,0,0,0,0,0,0,0,0,F,F,"1924NY1.EVN.regular.event.csv",3482
"NY1192408110","CIN",7,1,0,0,0,"",2,4,"watsm103","?","watsm103","?","bentr102","?","bentr102","?","hargb101","daubj101","crith101","pineb101","cavei101","burng101","rouse101","walkc101","","","","3/P","T","F",1,9,2,"T","T",0,"F","F",1,"F","F",0,"F","F",3,"P","F","F","",0,0,"N",0,"N",0,"N",0,0,0,0,"3","","","","F","F","F","F","F","F","F","F","F","","","","F","F","F","F","F","","","","",0,3,0,0,0,0,0,0,0,57,"NY1","NY1","CIN",1,"T","F",4,2,0,26,0,"T","F",0,0,"T","T","oconj102","frisf101","F","F",0,0,0,0,0,0,0,0,0,"","","",0,0,0,0,0,0,0,0,0,0,0,0,0,"daubj101","F","F","F","F",0,0,0,0,0,0,0,0,0,0,F,F,"1924NY1.EVN.regular.event.csv",3483
"NY1192408110","CIN",7,1,1,0,0,"",2,4,"oconj102","?","oconj102","?","bentr102","?","bentr102","?","hargb101","daubj101","crith101","pineb101","cavei101","burng101","rouse101","walkc101","","","","K","F","F",9,1,3,"T","T",0,"F","F",1,"F","F",0,"F","F",0,"","F","F","",0,0,"N",0,"N",0,"N",0,0,0,0,"2","","","","F","F","F","F","F","F","F","F","F","","","","F","F","F","F","F","","","","",0,2,0,0,0,0,0,0,0,58,"NY1","NY1","CIN",1,"F","F",4,2,0,27,1,"T","F",0,0,"T","T","frisf101","wilsh102","F","F",0,0,0,0,0,0,0,0,0,"","","",0,0,0,0,0,0,0,0,0,0,0,0,0,"","F","F","F","F",0,0,0,0,0,0,0,0,0,0,F,F,"1924NY1.EVN.regular.event.csv",3484
"NY1192408110","CIN",7,1,2,0,0,"",2,4,"frisf101","?","frisf101","?","bentr102","?","bentr102","?","hargb101","daubj101","crith101","pineb101","cavei101","burng101","rouse101","walkc101","","","","3/FL","F","F",4,2,2,"T","T",0,"F","F",1,"F","F",0,"F","F",3,"F","F","T","",0,0,"N",0,"N",0,"N",0,0,0,0,"3","","","","F","F","F","F","F","F","F","F","F","","","","F","F","F","F","F","","","","",0,3,0,0,0,0,0,0,0,59,"NY1","NY1","CIN",1,"F","T",4,2,0,28,2,"T","F",0,0,"T","T","wilsh102","meusi101","F","F",0,0,0,0,0,0,0,0,0,"","","",0,0,0,0,0,0,0,0,0,0,0,0,0,"daubj101","F","F","F","F",0,0,0,0,0,0,0,0,0,0,F,F,"1924NY1.EVN.regular.event.csv",3485
"NY1192408110","CIN",8,0,0,0,0,"",2,4,"daubj101","?","daubj101","?","watsm103","?","watsm103","?","snydf101","kellg101","frisf101","grohh101","jackt101","meusi101","wilsh102","oconj102","","","","S8/L","T","F",3,2,20,"T","T",1,"F","F",0,"F","F",0,"F","F",8,"L","F","F","",0,0,"N",0,"N",0,"N",1,0,0,0,"","","","","F","F","F","F","F","F","F","F","F","","","","F","F","F","F","F","","","","",0,0,0,0,0,0,0,0,0,60,"NY1","CIN","NY1",0,"T","F",2,4,0,28,0,"T","F",0,1,"T","T","rouse101","walkc101","T","T",0,0,0,0,0,0,0,0,0,"","","",0,0,0,0,0,0,0,0,0,0,0,0,0,"wilsh102","F","F","F","F",0,0,0,0,0,0,0,0,0,0,F,F,"1924NY1.EVN.regular.event.csv",3486
"NY1192408110","CIN",8,0,0,0,0,"",2,4,"rouse101","?","rouse101","?","watsm103","?","watsm103","?","snydf101","kellg101","frisf101","grohh101","jackt101","meusi101","wilsh102","oconj102","daubj101","","","63.1-2","F","F",8,3,2,"T","T",0,"F","F",1,"F","F",0,"F","F",6,"G","F","F","",0,0,"N",0,"N",0,"N",0,2,0,0,"63","","","","F","F","F","F","F","F","F","F","F","watsm103","","","F","F","F","F","F","","","","",0,3,0,0,6,0,0,0,0,61,"NY1","CIN","NY1",0,"F","F",2,4,0,29,1,"T","F",1,2,"T","T","walkc101","burng101","T","T",3,2,60,0,0,0,0,0,0,"snydf101","","",0,0,0,0,0,0,0,0,0,0,0,0,0,"jackt101","F","F","F","F",0,0,0,0,0,0,0,0,0,0,F,F,"1924NY1.EVN.regular.event.csv",3487
"NY1192408110","CIN",8,0,1,0,0,"",2,4,"walkc101","?","walkc101","?","watsm103","?","watsm103","?","snydf101","kellg101","frisf101","grohh101","jackt101","meusi101","wilsh102","oconj102","","daubj101","","9/L9S","F","F",9,4,2,"T","T",0,"F","F",1,"F","F",0,"F","F",9,"L","F","F","9S",0,0,"N",0,"N",0,"N",0,0,2,0,"9","","","","F","F","F","F","F","F","F","F","F","","watsm103","","F","F","F","F","F","","","","",0,9,0,0,0,0,0,0,0,62,"NY1","CIN","NY1",0,"F","F",2,4,0,30,2,"T","F",2,2,"T","T","burng101","pineb101","T","T",0,0,0,3,2,60,0,0,0,"","snydf101","",0,0,0,0,0,0,0,0,0,0,0,0,0,"oconj102","F","F","F","F",0,0,0,0,0,0,0,0,0,0,F,F,"1924NY1.EVN.regular.event.csv",3488
"NY1192408110","CIN",8,0,2,0,0,"",2,4,"burng101","?","burng101","?","watsm103","?","watsm103","?","snydf101","kellg101","frisf101","grohh101","jackt101","meusi101","wilsh102","oconj102","","daubj101","","4/L4M","F","F",7,5,2,"T","T",0,"F","F",1,"F","F",0,"F","F",4,"L","F","F","4M",0,0,"N",0,"N",0,"N",0,0,2,0,"4","","","","F","F","F","F","F","F","F","F","F","","watsm103","","F","F","F","F","F","","","","",0,4,0,0,0,0,0,0,0,63,"NY1","CIN","NY1",0,"F","T",2,4,0,31,3,"T","F",2,2,"T","T","pineb101","cavei101","T","T",0,0,0,3,2,60,0,0,0,"","snydf101","",0,0,0,0,0,0,0,0,0,0,0,0,0,"frisf101","F","F","F","F",0,0,0,0,0,0,0,0,0,0,F,F,"1924NY1.EVN.regular.event.csv",3489
"NY1192408110","CIN",8,1,0,0,0,"",2,4,"wilsh102","?","wilsh102","?","bentr102","?","bentr102","?","hargb101","daubj101","crith101","pineb101","cavei101","burng101","rouse101","walkc101","","","","S9","T","F",8,3,20,"T","T",1,"F","F",0,"F","F",0,"F","F",9,"","F","F","",0,0,"N",0,"N",0,"N",1,0,0,0,"","","","","F","F","F","F","F","F","F","F","F","","","","F","F","F","F","F","","","","",0,0,0,0,0,0,0,0,0,64,"NY1","NY1","CIN",1,"T","F",4,2,0,29,0,"T","F",0,1,"T","T","meusi101","kellg101","F","F",0,0,0,0,0,0,0,0,0,"","","",0,0,0,0,0,0,0,0,0,0,0,0,0,"walkc101","F","F","F","F",0,0,0,0,0,0,0,0,0,0,F,F,"1924NY1.EVN.regular.event.csv",3490
"NY1192408110","CIN",8,1,0,0,0,"",2,4,"meusi101","?","meusi101","?","bentr102","?","bentr102","?","hargb101","daubj101","crith101","pineb101","cavei101","burng101","rouse101","walkc101","wilsh102","","","46(1)/FO","F","F",7,4,2,"T","T",0,"F","F",1,"F","F",0,"F","F",4,"G","F","F","",0,0,"N",0,"N",0,"N",1,0,0,0,"","46","","","F","F","F","F","F","F","F","F","F","bentr102","","","F","F","F","F","F","","","","",0,6,0,0,4,0,0,0,0,65,"NY1","NY1","CIN",1,"F","F",4,2,0,30,1,"T","F",1,1,"T","T","kellg101","jackt101","F","F",8,3,64,0,0,0,0,0,0,"hargb101","","",0,0,0,0,0,0,0,0,0,0,0,0,0,"crith101","T","F","F","F",0,0,0,0,0,0,0,0,0,0,F,F,"1924NY1.EVN.regular.event.csv",3491
"NY1192408110","CIN",8,1,1,0,0,"",2,4,"kellg101","?","kellg101","?","bentr102","?","bentr102","?","hargb101","daubj101","crith101","pineb101","cavei101","burng101","rouse101","walkc101","meusi101","","","9/F","F","F",3,5,2,"T","T",0,"F","F",1,"F","F",0,"F","F",9,"F","F","F","",0,0,"N",0,"N",0,"N",0,1,0,0,"9","","","","F","F","F","F","F","F","F","F","F","bentr102","","","F","F","F","F","F","","","","",0,9,0,0,0,0,0,0,0,66,"NY1","NY1","CIN",1,"F","F",4,2,0,31,2,"T","F",1,1,"T","T","jackt101","grohh101","F","F",7,4,65,0,0,0,0,0,0,"hargb101","","",0,0,0,0,0,0,0,0,0,0,0,0,0,"walkc101","F","F","F","F",0,0,0,0,0,0,0,0,0,0,F,F,"1924NY1.EVN.regular.event.csv",3492
"NY1192408110","CIN",8,1,2,0,0,"",2,4,"jackt101","?","jackt101","?","bentr102","?","bentr102","?","hargb101","daubj101","crith101","pineb101","cavei101","burng101","rouse101","walkc101","meusi101","","","9/F","F","F",6,6,2,"T","T",0,"F","F",1,"F","F",0,"F","F",9,"F","F","F","",0,0,"N",0,"N",0,"N",0,1,0,0,"9","","","","F","F","F","F","F","F","F","F","F","bentr102","","","F","F","F","F","F","","","","",0,9,0,0,0,0,0,0,0,67,"NY1","NY1","CIN",1,"F","T",4,2,0,32,3,"T","F",1,1,"T","T","grohh101","snydf101","F","F",7,4,65,0,0,0,0,0,0,"hargb101","","",0,0,0,0,0,0,0,0,0,0,0,0,0,"walkc101","F","F","F","F",0,0,0,0,0,0,0,0,0,0,F,F,"1924NY1.EVN.regular.event.csv",3493
"NY1192408110","CIN",9,0,0,0,0,"",2,4,"pineb101","?","pineb101","?","watsm103","?","watsm103","?","snydf101","kellg101","frisf101","grohh101","jackt101","meusi101","wilsh102","oconj102","","","","9/F","T","F",5,6,2,"T","T",0,"F","F",1,"F","F",0,"F","F",9,"F","F","F","",0,0,"N",0,"N",0,"N",0,0,0,0,"9","","","","F","F","F","F","F","F","F","F","F","","","","F","F","F","F","F","","","","",0,9,0,0,0,0,0,0,0,68,"NY1","CIN","NY1",0,"T","F",2,4,0,32,0,"T","F",0,0,"T","T","cavei101","hargb101","T","T",0,0,0,0,0,0,0,0,0,"","","",0,0,0,0,0,0,0,0,0,0,0,0,0,"oconj102","F","F","F","F",0,0,0,0,0,0,0,0,0,0,F,F,"1924NY1.EVN.regular.event.csv",3494
"NY1192408110","CIN",9,0,1,0,0,"",2,4,"cavei101","?","cavei101","?","watsm103","?","watsm103","?","snydf101","kellg101","frisf101","grohh101","jackt101","meusi101","wilsh102","oconj102","","","","S8","F","F",6,7,20,"T","T",1,"F","F",0,"F","F",0,"F","F",8,"","F","F","",0,0,"N",0,"N",0,"N",1,0,0,0,"","","","","F","F","F","F","F","F","F","F","F","","","","F","F","F","F","F","","","","",0,0,0,0,0,0,0,0,0,69,"NY1","CIN","NY1",0,"F","F",2,4,0,33,1,"T","F",0,1,"T","T","hargb101","bentr102","T","T",0,0,0,0,0,0,0,0,0,"","","",0,0,0,0,0,0,0,0,0,0,0,0,0,"wilsh102","F","F","F","F",3,0,0,0,0,0,0,0,0,0,F,F,"1924NY1.EVN.regular.event.csv",3495
"NY1192408110","CIN",9,0,1,0,0,"",2,4,"hargb101","?","hargb101","?","watsm103","?","watsm103","?","snydf101","kellg101","frisf101","grohh101","jackt101","meusi101","wilsh102","oconj102","bohns101","","","S9.1-3","F","F",2,8,20,"T","T",1,"F","F",0,"F","F",0,"F","F",9,"","F","F","",0,0,"N",0,"N",0,"N",1,3,0,0,"","","","","F","F","F","F","F","F","F","F","F","watsm103","","","F","F","T","F","F","cavei101","","","",0,0,0,0,0,0,0,0,0,70,"NY1","CIN","NY1",0,"F","F",2,4,0,34,2,"T","F",1,5,"T","T","bentr102","crith101","T","T",0,7,69,0,0,0,0,0,0,"snydf101","","",0,0,0,0,0,0,0,0,0,0,0,0,0,"oconj102","F","F","F","F",0,3,0,0,0,0,0,0,0,0,F,F,"1924NY1.EVN.regular.event.csv",3496
"NY1192408110","CIN",9,0,1,0,0,"",2,4,"duncp101","?","duncp101","?","watsm103","?","watsm103","?","snydf101","kellg101","frisf101","grohh101","jackt101","meusi101","wilsh102","oconj102","fowlb101","","bohns101","14(1)3/GDP","F","T",11,9,2,"T","T",0,"F","F",2,"T","F",0,"F","F",1,"G","F","F","",0,0,"N",0,"N",0,"N",0,0,0,3,"43","14","","","F","F","F","F","F","F","F","F","F","watsm103","","watsm103","F","T","T","F","F","hargb101","","","bentr102",1,4,3,0,1,4,0,0,0,71,"NY1","CIN","NY1",0,"F","T",2,4,0,35,3,"T","F",5,4,"F","F","crith101","daubj101","T","T",12,8,70,0,0,0,12,7,69,"snydf101","","snydf101",0,0,0,0,0,0,0,0,0,0,0,0,0,"watsm103","T","F","F","F",0,0,0,3,0,0,0,0,0,0,F,F,"1924NY1.EVN.regular.event.csv",3497
"NY1192409080","BRO",1,0,0,0,0,"",0,0,"higha101","?","higha101","?","nehfa101","?","nehfa101","?","gowdh101","terrb101","frisf101","grohh101","jackt101","wilsh102","kellg101","younr101","","","","7/L","T","F",4,1,2,"T","T",0,"F","F",1,"F","F",0,"F","F",7,"L","F","F","",0,0,"N",0,"N",0,"N",0,0,0,0,"7","","","","F","F","F","F","F","F","F","F","F","","","","T","F","F","F","F","","","","",0,7,0,0,0,0,0,0,0,1,"NY1","BRO","NY1",0,"T","F",0,0,0,0,0,"T","F",0,0,"T","T","mitcj101","wheaz101","T","T",0,0,0,0,0,0,0,0,0,"","","",0,0,0,0,0,0,0,0,0,0,0,0,0,"wilsh102","F","F","F","F",0,0,0,0,0,0,0,0,0,0,F,F,"1924NY1.EVN.regular.event.csv",3498
"NY1192409080","BRO",1,0,1,0,0,"",0,0,"mitcj101","?","mitcj101","?","nehfa101","?","nehfa101","?","gowdh101","terrb101","frisf101","grohh101","jackt101","wilsh102","kellg101","younr101","","","","9/F","F","F",6,2,2,"T","T",0,"F","F",1,"F","F",0,"F","F",9,"F","F","F","",0,0,"N",0,"N",0,"N",0,0,0,0,"9","","","","F","F","F","F","F","F","F","F","F","","","","F","F","F","F","F","","","","",0,9,0,0,0,0,0,0,0,2,"NY1","BRO","NY1",0,"F","F",0,0,0,1,1,"T","F",0,0,"T","T","wheaz101","fourj101","T","T",0,0,0,0,0,0,0,0,0,"","","",0,0,0,0,0,0,0,0,0,0,0,0,0,"younr101","F","F","F","F",0,0,0,0,0,0,0,0,0,0,F,F,"1924NY1.EVN.regular.event.csv",3499
"NY1192409080","BRO",1,0,2,0,0,"",0,0,"wheaz101","?","wheaz101","?","nehfa101","?","nehfa101","?","gowdh101","terrb101","frisf101","grohh101","jackt101","wilsh102","kellg101","younr101","","","","W","F","F",7,3,14,"T","F",0,"F","F",0,"F","F",0,"F","F",0,"","F","F","",0,0,"N",0,"N",0,"N",1,0,0,0,"","","","","F","F","F","F","F","F","F","F","F","","","","F","F","F","F","F","","","","",0,0,0,0,0,0,0,0,0,3,"NY1","BRO","NY1",0,"F","F",0,0,0,2,2,"T","F",0,1,"T","T","fourj101","browe102","T","T",0,0,0,0,0,0,0,0,0,"","","",0,0,0,0,0,0,0,0,0,0,0,0,0,"","F","F","F","F",0,0,0,0,0,0,0,0,0,0,F,F,"1924NY1.EVN.regular.event.csv",3500
"NY1192409080","BRO",1,0,2,0,0,"",0,0,"fourj101","?","fourj101","?","nehfa101","?","nehfa101","?","gowdh101","terrb101","frisf101","grohh101","jackt101","wilsh102","kellg101","younr101","wheaz101","","","46(1)/FO","F","F",3,4,2,"T","T",0,"F","F",1,"F","F",0,"F","F",4,"G","F","F","",0,0,"N",0,"N",0,"N",1,0,0,0,"","46","","","F","F","F","F","F","F","F","F","F","nehfa101","","","F","F","F","F","F","","","","",0,6,0,0,4,0,0,0,0,4,"NY1","BRO","NY1",0,"F","T",0,0,0,3,3,"T","F",1,1,"T","T","browe102","stocm101","T","T",7,3,3,0,0,0,0,0,0,"gowdh101","","",0,0,0,0,0,0,0,0,0,0,0,0,0,"frisf101","T","F","F","F",0,0,0,0,0,0,0,0,0,0,F,F,"1924NY1.EVN.regular.event.csv",3501
"NY1192409080","BRO",1,1,0,0,0,"",0,0,"grohh101","?","grohh101","?","vancd101","?","vancd101","?","debeh101","fourj101","higha101","stocm101","mitcj101","wheaz101","browe102","grift102","","","","4/P","T","F",5,1,2,"T","T",0,"F","F",1,"F","F",0,"F","F",4,"P","F","F","",0,0,"N",0,"N",0,"N",0,0,0,0,"4","","","","F","F","F","F","F","F","F","F","F","","","","F","F","F","F","F","","","","",0,4,0,0,0,0,0,0,0,5,"NY1","NY1","BRO",1,"T","F",0,0,0,0,0,"T","F",0,0,"T","T","frisf101","younr101","T","T",0,0,0,0,0,0,0,0,0,"","","",0,0,0,0,0,0,0,0,0,0,0,0,0,"higha101","F","F","F","F",0,0,0,0,0,0,0,0,0,0,F,F,"1924NY1.EVN.regular.event.csv",3502
"NY1192409080","BRO",1,1,1,0,0,"",0,0,"frisf101","?","frisf101","?","vancd101","?","vancd101","?","debeh101","fourj101","higha101","stocm101","mitcj101","wheaz101","browe102","grift102","","","","K","F","F",4,2,3,"T","T",0,"F","F",1,"F","F",0,"F","F",0,"","F","F","",0,0,"N",0,"N",0,"N",0,0,0,0,"2","","","","F","F","F","F","F","F","F","F","F","","","","F","F","F","F","F","","","","",0,2,0,0,0,0,0,0,0,6,"NY1","NY1","BRO",1,"F","F",0,0,0,1,1,"T","F",0,0,"T","T","younr101","kellg101","T","T",0,0,0,0,0,0,0,0,0,"","","",0,0,0,0,0,0,0,0,0,0,0,0,0,"","F","F","F","F",0,0,0,0,0,0,0,0,0,0,F,F,"1924NY1.EVN.regular.event.csv",3503
"NY1192409080","BRO",1,1,2,0,0,"",0,0,"younr101","?","younr101","?","vancd101","?","vancd101","?","debeh101","fourj101","higha101","stocm101","mitcj101","wheaz101","browe102","grift102","","","","K/C","F","F",9,3,3,"T","T",0,"F","F",1,"F","F",0,"F","F",0,"","F","F","",0,0,"N",0,"N",0,"N",0,0,0,0,"2","","","","F","F","F","F","F","F","F","F","F","","","","F","F","F","F","F","","","","",0,2,0,0,0,0,0,0,0,7,"NY1","NY1","BRO",1,"F","T",0,0,0,2,2,"T","F",0,0,"T","T","kellg101","terrb101","T","T",0,0,0,0,0,0,0,0,0,"","","",0,0,0,0,0,0,0,0,0,0,0,0,0,"","F","F","F","F",0,0,0,0,0,0,0,0,0,0,F,F,"1924NY1.EVN.regular.event.csv",3504
"NY1192409080","BRO",2,0,0,0,0,"",0,0,"browe102","?","browe102","?","nehfa101","?","nehfa101","?","gowdh101","terrb101","frisf101","grohh101","jackt101","wilsh102","kellg101","younr101","","","","6/P78S","T","F",8,5,2,"T","T",0,"F","F",1,"F","F",0,"F","F",6,"P","F","F","78S",0,0,"N",0,"N",0,"N",0,0,0,0,"6","","","","F","F","F","F","F","F","F","F","F","","","","F","F","F","F","F","","","","",0,6,0,0,0,0,0,0,0,8,"NY1","BRO","NY1",0,"T","F",0,0,0,4,0,"T","F",0,0,"T","T","stocm101","grift102","T","T",0,0,0,0,0,0,0,0,0,"","","",0,0,0,0,0,0,0,0,0,0,0,0,0,"jackt101","F","F","F","F",0,0,0,0,0,0,0,0,0,0,F,F,"1924NY1.EVN.regular.event.csv",3505
"NY1192409080","BRO",2,0,1,0,0,"",0,0,"stocm101","?","stocm101","?","nehfa101","?","nehfa101","?","gowdh101","terrb101","frisf101","grohh101","jackt101","wilsh102","kellg101","younr101","","","","53","F","F",5,6,2,"T","T",0,"F","F",1,"F","F",0,"F","F",5,"G","F","F","",0,0,"N",0,"N",0,"N",0,0,0,0,"53","","","","F","F","F","F","F","F","F","F","F","","","","F","F","F","F","F","","","","",0,3,0,0,5,0,0,0,0,9,"NY1","BRO","NY1",0,"F","F",0,0,0,5,1,"T","F",0,0,"T","T","grift102","debeh101","T","T",0,0,0,0,0,0,0,0,0,"","","",0,0,0,0,0,0,0,0,0,0,0,0,0,"grohh101","F","F","F","F",0,0,0,0,0,0,0,0,0,0,F,F,"1924NY1.EVN.regular.event.csv",3506
"NY1192409080","BRO",2,0,2,0,0,"",0,0,"grift102","?","grift102","?","nehfa101","?","nehfa101","?","gowdh101","terrb101","frisf101","grohh101","jackt101","wilsh102","kellg101","younr101","","","","4/P4MD","F","F",9,7,2,"T","T",0,"F","F",1,"F","F",0,"F","F",4,"P","F","F","4MD",0,0,"N",0,"N",0,"N",0,0,0,0,"4","","","","F","F","F","F","F","F","F","F","F","","","","F","F","F","F","F","","","","",0,4,0,0,0,0,0,0,0,10,"NY1","BRO","NY1",0,"F","T",0,0,0,6,2,"T","F",0,0,"T","T","debeh101","vancd101","T","T",0,0,0,0,0,0,0,0,0,"","","",0,0,0,0,0,0,0,0,0,0,0,0,0,"frisf101","F","F","F","F",0,0,0,0,0,0,0,0,0,0,F,F,"1924NY1.EVN.regular.event.csv",3507
"NY1192409080","BRO",2,1,0,0,0,"",0,0,"kellg101","?","kellg101","?","vancd101","?","vancd101","?","debeh101","fourj101","higha101","stocm101","mitcj101","wheaz101","browe102","grift102","","","","8/F","T","F",8,4,2,"T","T",0,"F","F",1,"F","F",0,"F","F",8,"F","F","F","",0,0,"N",0,"N",0,"N",0,0,0,0,"8","","","","F","F","F","F","F","F","F","F","F","","","","F","F","F","F","F","","","","",0,8,0,0,0,0,0,0,0,11,"NY1","NY1","BRO",1,"T","F",0,0,0,3,0,"T","F",0,0,"T","T","terrb101","wilsh102","T","T",0,0,0,0,0,0,0,0,0,"","","",0,0,0,0,0,0,0,0,0,0,0,0,0,"browe102","F","F","F","F",0,0,0,0,0,0,0,0,0,0,F,F,"1924NY1.EVN.regular.event.csv",3508
"NY1192409080","BRO",2,1,1,0,0,"",0,0,"terrb101","?","terrb101","?","vancd101","?","vancd101","?","debeh101","fourj101","higha101","stocm101","mitcj101","wheaz101","browe102","grift102","","","","K/C","F","F",3,5,3,"T","T",0,"F","F",1,"F","F",0,"F","F",0,"","F","F","",0,0,"N",0,"N",0,"N",0,0,0,0,"2","","","","F","F","F","F","F","F","F","F","F","","","","F","F","F","F","F","","","","",0,2,0,0,0,0,0,0,0,12,"NY1","NY1","BRO",1,"F","F",0,0,0,4,1,"T","F",0,0,"T","T","wilsh102","jackt101","T","T",0,0,0,0,0,0,0,0,0,"","","",0,0,0,0,0,0,0,0,0,0,0,0,0,"","F","F","F","F",0,0,0,0,0,0,0,0,0,0,F,F,"1924NY1.EVN.regular.event.csv",3509
"NY1192409080","BRO",2,1,2,0,0,"",0,0,"wilsh102","?","wilsh102","?","vancd101","?","vancd101","?","debeh101","fourj101","higha101","stocm101","mitcj101","wheaz101","browe102","grift102","","","","8/L8XD","F","F",7,6,2,"T","T",0,"F","F",1,"F","F",0,"F","F",8,"L","F","F","8XD",0,0,"N",0,"N",0,"N",0,0,0,0,"8","","","","F","F","F","F","F","F","F","F","F","","","","F","F","F","F","F","","","","",0,8,0,0,0,0,0,0,0,13,"NY1","NY1","BRO",1,"F","T",0,0,0,5,2,"T","F",0,0,"T","T","jackt101","gowdh101","T","T",0,0,0,0,0,0,0,0,0,"","","",0,0,0,0,0,0,0,0,0,0,0,0,0,"browe102","F","F","F","F",0,0,0,0,0,0,0,0,0,0,F,F,"1924NY1.EVN.regular.event.csv",3510
"NY1192409080","BRO",3,0,0,0,0,"",0,0,"debeh101","?","debeh101","?","nehfa101","?","nehfa101","?","gowdh101","terrb101","frisf101","grohh101","jackt101","wilsh102","kellg101","younr101","","","","S7","T","F",2,8,20,"T","T",1,"F","F",0,"F","F",0,"F","F",7,"","F","F","",0,0,"N",0,"N",0,"N",1,0,0,0,"","","","","F","F","F","F","F","F","F","F","F","","","","F","F","F","F","F","","","","",0,0,0,0,0,0,0,0,0,14,"NY1","BRO","NY1",0,"T","F",0,0,0,7,0,"T","F",0,1,"T","T","vancd101","higha101","T","T",0,0,0,0,0,0,0,0,0,"","","",0,0,0,0,0,0,0,0,0,0,0,0,0,"wilsh102","F","F","F","F",0,0,0,0,0,0,0,0,0,0,F,F,"1924NY1.EVN.regular.event.csv",3511
"NY1192409080","BRO",3,0,0,0,0,"",0,0,"vancd101","?","vancd101","?","nehfa101","?","nehfa101","?","gowdh101","terrb101","frisf101","grohh101","jackt101","wilsh102","kellg101","younr101","debeh101","","","14/SH.1-2","F","F",1,9,2,"T","F",0,"T","F",1,"F","F",0,"F","F",1,"G","T","F","",0,0,"N",0,"N",0,"N",0,2,0,0,"14","","","","F","F","F","F","F","F","F","F","F","nehfa101","","","F","F","F","F","F","","","","",0,4,0,0,1,0,0,0,0,15,"NY1","BRO","NY1",0,"F","F",0,0,0,8,1,"T","F",1,2,"T","T","higha101","mitcj101","T","T",2,8,14,0,0,0,0,0,0,"gowdh101","","",0,0,0,0,0,0,0,0,0,0,0,0,0,"nehfa101","F","F","F","F",0,0,0,0,0,0,0,0,0,0,F,F,"1924NY1.EVN.regular.event.csv",3512
"NY1192409080","BRO",3,0,1,0,0,"",0,0,"higha101","?","higha101","?","nehfa101","?","nehfa101","?","gowdh101","terrb101","frisf101","grohh101","jackt101","wilsh102","kellg101","younr101","","debeh101","","43.2-3","F","F",4,1,2,"T","T",0,"F","F",1,"F","F",0,"F","F",4,"G","F","F","",0,0,"N",0,"N",0,"N",0,0,3,0,"43","","","","F","F","F","F","F","F","F","F","F","","nehfa101","","F","F","F","F","F","","","","",0,3,0,0,4,0,0,0,0,16,"NY1","BRO","NY1",0,"F","F",0,0,0,9,2,"T","F",2,4,"T","T","mitcj101","wheaz101","T","T",0,0,0,2,8,14,0,0,0,"","gowdh101","",0,0,0,0,0,0,0,0,0,0,0,0,0,"frisf101","F","F","F","F",0,0,0,0,0,0,0,0,0,0,F,F,"1924NY1.EVN.regular.event.csv",3513
"NY1192409080","BRO",3,0,2,0,0,"",0,0,"mitcj101","?","mitcj101","?","nehfa101","?","nehfa101","?","gowdh101","terrb101","frisf101","grohh101","jackt101","wilsh102","kellg101","younr101","","","debeh101","53","F","F",6,2,2,"T","T",0,"F","F",1,"F","F",0,"F","F",5,"G","F","F","",0,0,"N",0,"N",0,"N",0,0,0,3,"53","","","","F","F","F","F","F","F","F","F","F","","","nehfa101","F","F","F","F","F","","","","",0,3,0,0,5,0,0,0,0,17,"NY1","BRO","NY1",0,"F","T",0,0,0,10,3,"T","F",4,4,"T","T","wheaz101","fourj101","T","T",0,0,0,0,0,0,2,8,14,"","","gowdh101",0,0,0,0,0,0,0,0,0,0,0,0,0,"grohh101","F","F","F","F",0,0,0,0,0,0,0,0,0,0,F,F,"1924NY1.EVN.regular.event.csv",3514
"NY1192409080","BRO",3,1,0,0,0,"",0,0,"jackt101","?","jackt101","?","vancd101","?","vancd101","?","debeh101","fourj101","higha101","stocm101","mitcj101","wheaz101","browe102","grift102","","","","T7/7DW","T","F",6,7,22,"T","T",3,"F","F",0,"F","F",0,"F","F",7,"","F","F","7DW",0,0,"N",0,"N",0,"N",3,0,0,0,"","","","","F","F","F","F","F","F","F","F","F","","","","F","F","F","F","F","","","","",0,0,0,0,0,0,0,0,0,18,"NY1","NY1","BRO",1,"T","F",0,0,0,6,0,"T","F",0,4,"T","T","gowdh101","nehfa101","T","T",0,0,0,0,0,0,0,0,0,"","","",0,0,0,0,0,0,0,0,0,0,0,0,0,"wheaz101","F","F","F","F",4,0,0,0,1,0,0,0,0,0,F,F,"1924NY1.EVN.regular.event.csv",3515
"NY1192409080","BRO",3,1,0,0,0,"",0,0,"gowdh101","?","gowdh101","?","vancd101","?","vancd101","?","debeh101","fourj101","higha101","stocm101","mitcj101","wheaz101","browe102","grift102","","","jackt101","S9/L.3-H","F","F",2,8,20,"T","T",1,"F","F",0,"F","F",1,"F","F",9,"L","F","F","",0,0,"N",0,"N",0,"N",1,0,0,4,"","","","","F","F","F","F","F","F","F","F","F","","","vancd101","F","F","F","F","F","","","","",0,0,0,0,0,0,0,0,0,19,"NY1","NY1","BRO",1,"F","F",0,0,0,7,1,"T","F",4,1,"T","T","nehfa101","grohh101","T","T",0,0,0,0,0,0,6,7,18,"","","debeh101",0,0,0,0,0,0,0,0,0,0,0,0,1,"grift102","F","F","F","F",0,0,0,4,0,0,0,0,0,0,F,F,"1924NY1.EVN.regular.event.csv",3516
"NY1192409080","BRO",3,1,0,0,0,"",0,1,"nehfa101","?","nehfa101","?","vancd101","?","vancd101","?","debeh101","fourj101","higha101","stocm101","mitcj101","wheaz101","browe102","grift102","gowdh101","","","14/SH.1-2#","F","F",1,9,2,"T","F",0,"T","F",1,"F","F",0,"F","F",1,"G","T","F","",0,0,"N",0,"N",0,"N",0,2,0,0,"14","","","","F","F","F","F","F","F","F","F","F","vancd101","","","F","F","F","F","F","","","","",0,4,0,0,1,0,0,0,0,20,"NY1","NY1","BRO",1,"F","F",1,0,1,8,2,"T","F",1,2,"T","T","grohh101","frisf101","T","T",2,8,19,0,0,0,0,0,0,"debeh101","","",0,0,0,0,0,0,0,0,0,0,0,0,0,"vancd101","F","F","F","F",0,0,0,0,0,0,0,0,0,0,F,T,"1924NY1.EVN.regular.event.csv",3517
"NY1192409080","BRO",3,1,1,0,0,"",0,1,"grohh101","?","grohh101","?","vancd101","?","vancd101","?","debeh101","fourj101","higha101","stocm101","mitcj101","wheaz101","browe102","grift102","","gowdh101","","9/L","F","F",5,1,2,"T","T",0,"F","F",1,"F","F",0,"F","F",9,"L","F","F","",0,0,"N",0,"N",0,"N",0,0,2,0,"9","","","","F","F","F","F","F","F","F","F","F","","vancd101","","F","F","F","F","F","","","","",0,9,0,0,0,0,0,0,0,21,"NY1","NY1","BRO",1,"F","F",1,0,1,9,3,"T","F",2,2,"T","T","frisf101","younr101","T","T",0,0,0,2,8,19,0,0,0,"","debeh101","",0,0,0,0,0,0,0,0,0,0,0,0,0,"grift102","F","F","F","F",0,0,0,0,0,0,0,0,0,0,F,F,"1924NY1.EVN.regular.event.csv",3518
"NY1192409080","BRO",3,1,2,0,0,"",0,1,"frisf101","?","frisf101","?","vancd101","?","vancd101","?","debeh101","fourj101","higha101","stocm101","mitcj101","wheaz101","browe102","grift102","","gowdh101","","9/F","F","F",4,2,2,"T","T",0,"F","F",1,"F","F",0,"F","F",9,"F","F","F","",0,0,"N",0,"N",0,"N",0,0,2,0,"9","","","","F","F","F","F","F","F","F","F","F","","vancd101","","F","F","F","F","F","","","","",0,9,0,0,0,0,0,0,0,22,"NY1","NY1","BRO",1,"F","T",1,0,1,10,4,"T","F",2,2,"T","T","younr101","kellg101","T","T",0,0,0,2,8,19,0,0,0,"","debeh101","",0,0,0,0,0,0,0,0,0,0,0,0,0,"grift102","F","F","F","F",0,0,0,0,0,0,0,0,0,0,F,F,"1924NY1.EVN.regular.event.csv",3519
"NY1192409080","BRO",4,0,0,0,0,"",0,1,"wheaz101","?","wheaz101","?","nehfa101","?","nehfa101","?","gowdh101","terrb101","frisf101","grohh101","jackt101","wilsh102","kellg101","younr101","","","","D7","T","F",7,3,21,"T","T",2,"F","F",0,"F","F",0,"F","F",7,"","F","F","",0,0,"N",0,"N",0,"N",2,0,0,0,"","","","","F","F","F","F","F","F","F","F","F","","","","F","F","F","F","F","","","","",0,0,0,0,0,0,0,0,0,23,"NY1","BRO","NY1",0,"T","F",0,1,0,11,0,"T","F",0,2,"T","T","fourj101","browe102","T","T",0,0,0,0,0,0,0,0,0,"","","",0,0,0,0,0,0,0,0,0,0,0,0,0,"wilsh102","F","F","F","F",4,0,0,0,1,0,0,0,0,0,F,F,"1924NY1.EVN.regular.event.csv",3520
"NY1192409080","BRO",4,0,0,0,0,"",0,1,"fourj101","?","fourj101","?","nehfa101","?","nehfa101","?","gowdh101","terrb101","frisf101","grohh101","jackt101","wilsh102","kellg101","younr101","","wheaz101","","31.2-3","F","F",3,4,2,"T","T",0,"F","F",1,"F","F",0,"F","F",3,"G","F","F","",0,0,"N",0,"N",0,"N",0,0,3,0,"31","","","","F","F","F","F","F","F","F","F","F","","nehfa101","","F","F","F","F","F","","","","",0,1,0,0,3,0,0,0,0,24,"NY1","BRO","NY1",0,"F","F",0,1,0,12,1,"T","F",2,4,"T","T","browe102","stocm101","T","T",0,0,0,7,3,23,0,0,0,"","gowdh101","",0,0,0,0,0,0,0,0,0,0,0,0,0,"terrb101","F","F","F","F",0,0,4,0,1,0,0,0,0,0,F,F,"1924NY1.EVN.regular.event.csv",3521
"NY1192409080","BRO",4,0,1,0,0,"",0,1,"browe102","?","browe102","?","nehfa101","?","nehfa101","?","gowdh101","terrb101","frisf101","grohh101","jackt101","wilsh102","kellg101","younr101","","","wheaz101","S9.3-H","F","F",8,5,20,"T","T",1,"F","F",0,"F","F",1,"F","F",9,"","F","F","",0,0,"N",0,"N",0,"N",1,0,0,4,"","","","","F","F","F","F","F","F","F","F","F","","","nehfa101","F","F","F","F","F","","","","",0,0,0,0,0,0,0,0,0,25,"NY1","BRO","NY1",0,"F","F",0,1,0,13,2,"T","F",4,1,"T","T","stocm101","grift102","T","T",0,0,0,0,0,0,7,3,23,"","","gowdh101",0,0,0,0,0,0,0,0,0,0,0,0,1,"younr101","F","F","F","F",0,0,0,4,0,0,0,0,0,0,F,F,"1924NY1.EVN.regular.event.csv",3522
"NY1192409080","BRO",4,0,1,0,0,"",1,1,"stocm101","?","stocm101","?","nehfa101","?","nehfa101","?","gowdh101","terrb101","frisf101","grohh101","jackt101","wilsh102","kellg101","younr101","browe102","","","4(1)/FO","F","F",5,6,2,"T","T",0,"F","F",1,"F","F",0,"F","F",4,"G","F","F","",0,0,"N",0,"N",0,"N",1,0,0,0,"","4","","","F","F","F","F","F","F","F","F","F","nehfa101","","","F","F","F","F","F","","","","",0,4,0,0,0,0,0,0,0,26,"NY1","BRO","NY1",0,"F","F",1,1,1,14,3,"T","F",1,1,"T","T","grift102","debeh101","T","T",8,5,25,0,0,0,0,0,0,"gowdh101","","",0,0,0,0,0,0,0,0,0,0,0,0,0,"frisf101","T","F","F","F",0,0,0,0,0,0,0,0,0,0,F,F,"1924NY1.EVN.regular.event.csv",3523
"NY1192409080","BRO",4,0,2,0,0,"",1,1,"grift102","?","grift102","?","nehfa101","?","nehfa101","?","gowdh101","terrb101","frisf101","grohh101","jackt101","wilsh102","kellg101","younr101","stocm101","","","CS2(26)","F","F",9,7,6,"F","F",0,"F","F",1,"F","F",0,"F","F",0,"","F","F","",0,0,"N",0,"N",0,"N",0,0,0,0,"","26","","","F","F","F","T","F","F","F","F","F","nehfa101","","","F","F","F","F","F","","","","",0,6,0,0,2,0,0,0,0,27,"NY1","BRO","NY1",0,"F","T",1,1,1,15,4,"T","T",1,0,"T","T","debeh101","vancd101","T","T",5,6,26,0,0,0,0,0,0,"gowdh101","","",0,0,0,0,0,0,0,0,0,0,0,0,0,"","F","F","F","F",0,0,0,0,0,0,0,0,0,0,F,F,"1924NY1.EVN.regular.event.csv",3524
"NY1192409080","BRO",4,1,0,0,0,"",1,1,"younr101","?","younr101","?","vancd101","?","vancd101","?","debeh101","fourj101","higha101","stocm101","mitcj101","wheaz101","browe102","grift102","","","","D8/F78S","T","F",9,3,21,"T","T",2,"F","F",0,"F","F",0,"F","F",8,"F","F","F","78S",0,0,"N",0,"N",0,"N",2,0,0,0,"","","","","F","F","F","F","F","F","F","F","F","","","","F","F","F","F","F","","","","",0,0,0,0,0,0,0,0,0,28,"NY1","NY1","BRO",1,"T","F",1,1,0,11,0,"T","F",0,2,"T","T","kellg101","terrb101","T","T",0,0,0,0,0,0,0,0,0,"","","",0,0,0,0,0,0,0,0,0,0,0,0,0,"browe102","F","F","F","F",4,0,0,0,1,0,0,0,0,0,F,F,"1924NY1.EVN.regular.event.csv",3525
"NY1192409080","BRO",4,1,0,0,0,"",1,1,"kellg101","?","kellg101","?","vancd101","?","vancd101","?","debeh101","fourj101","higha101","stocm101","mitcj101","wheaz101","browe102","grift102","","younr101","","2/FL","F","F",8,4,2,"T","T",0,"F","F",1,"F","F",0,"F","F",2,"F","F","T","",0,0,"N",0,"N",0,"N",0,0,2,0,"2","","","","F","F","F","F","F","F","F","F","F","","vancd101","","F","F","F","F","F","","","","",0,2,0,0,0,0,0,0,0,29,"NY1","NY1","BRO",1,"F","F",1,1,0,12,1,"T","F",2,2,"T","T","terrb101","wilsh102","T","T",0,0,0,9,3,28,0,0,0,"","debeh101","",0,0,0,0,0,0,0,0,0,0,0,0,0,"debeh101","F","F","F","F",0,0,4,0,1,0,0,0,0,0,F,F,"1924NY1.EVN.regular.event.csv",3526
"NY1192409080","BRO",4,1,1,0,0,"",1,1,"terrb101","?","terrb101","?","vancd101","?","vancd101","?","debeh101","fourj101","higha101","stocm101","mitcj101","wheaz101","browe102","grift102","","younr101","","S3/G3S.2-3","F","F",3,5,20,"T","T",1,"F","F",0,"F","F",0,"F","F",3,"G","F","F","3S",0,0,"N",0,"N",0,"N",1,0,3,0,"","","","","F","F","F","F","F","F","F","F","F","","vancd101","","F","F","F","F","F","","","","",0,0,0,0,0,0,0,0,0,30,"NY1","NY1","BRO",1,"F","F",1,1,0,13,2,"T","F",2,5,"T","T","wilsh102","jackt101","T","T",0,0,0,9,3,28,0,0,0,"","debeh101","",0,0,0,0,0,0,0,0,0,0,0,0,0,"fourj101","F","F","F","F",0,0,4,0,1,0,0,0,0,0,F,F,"1924NY1.EVN.regular.event.csv",3527
"NY1192409080","BRO",4,1,1,0,0,"",1,1,"wilsh102","?","wilsh102","?","vancd101","?","vancd101","?","debeh101","fourj101","higha101","stocm101","mitcj101","wheaz101","browe102","grift102","terrb101","","younr101","9/SF.3-H","F","F",7,6,2,"T","F",0,"F","T",1,"F","F",1,"F","F",9,"F","F","F","",0,0,"N",0,"N",0,"N",0,1,0,4,"9","","","","F","F","F","F","F","F","F","F","F","vancd101","","vancd101","F","F","F","F","F","","","","",0,9,0,0,0,0,0,0,0,31,"NY1","NY1","BRO",1,"F","F",1,1,0,14,3,"T","F",5,1,"T","T","jackt101","gowdh101","T","T",3,5,30,0,0,0,9,3,28,"debeh101","","debeh101",0,0,0,0,0,0,0,0,0,0,0,0,1,"grift102","F","F","F","F",0,0,0,4,0,0,0,0,0,0,F,F,"1924NY1.EVN.regular.event.csv",3528
"NY1192409080","BRO",4,1,2,0,0,"",1,2,"jackt101","?","jackt101","?","vancd101","?","vancd101","?","debeh101","fourj101","higha101","stocm101","mitcj101","wheaz101","browe102","grift102","terrb101","","","5/P","F","F",6,7,2,"T","T",0,"F","F",1,"F","F",0,"F","F",5,"P","F","F","",0,0,"N",0,"N",0,"N",0,1,0,0,"5","","","","F","F","F","F","F","F","F","F","F","vancd101","","","F","F","F","F","F","","","","",0,5,0,0,0,0,0,0,0,32,"NY1","NY1","BRO",1,"F","T",2,1,1,15,4,"T","F",1,1,"T","T","gowdh101","nehfa101","T","T",3,5,30,0,0,0,0,0,0,"debeh101","","",0,0,0,0,0,0,0,0,0,0,0,0,0,"stocm101","F","F","F","F",0,0,0,0,0,0,0,0,0,0,F,F,"1924NY1.EVN.regular.event.csv",3529
"NY1192409080","BRO",5,0,0,0,0,"",1,2,"grift102","?","grift102","?","nehfa101","?","nehfa101","?","gowdh101","terrb101","frisf101","grohh101","jackt101","wilsh102","kellg101","younr101","","","","S9","T","F",9,7,20,"T","T",1,"F","F",0,"F","F",0,"F","F",9,"","F","F","",0,0,"N",0,"N",0,"N",1,0,0,0,"","","","","F","F","F","F","F","F","F","F","F","","","","F","F","F","F","F","","","","",0,0,0,0,0,0,0,0,0,33,"NY1","BRO","NY1",0,"T","F",1,2,0,15,0,"T","F",0,1,"T","T","debeh101","vancd101","T","T",0,0,0,0,0,0,0,0,0,"","","",0,0,0,0,0,0,0,0,0,0,0,0,0,"younr101","F","F","F","F",4,0,0,0,2,0,0,0,0,0,F,F,"1924NY1.EVN.regular.event.csv",3530
"NY1192409080","BRO",5,0,0,0,0,"",1,2,"debeh101","?","debeh101","?","nehfa101","?","nehfa101","?","gowdh101","terrb101","frisf101","grohh101","jackt101","wilsh102","kellg101","younr101","grift102","","","HR/F7D.1-H","F","F",2,8,23,"T","T",4,"F","F",0,"F","F",2,"F","F",0,"F","F","F","7D",0,0,"N",0,"N",0,"N",4,4,0,0,"","","","","F","F","F","F","F","F","F","F","F","nehfa101","","","F","F","F","F","F","","","","",0,0,0,0,0,0,0,0,0,34,"NY1","BRO","NY1",0,"F","F",1,2,0,16,1,"T","F",1,0,"T","T","vancd101","higha101","T","T",9,7,33,0,0,0,0,0,0,"gowdh101","","",0,0,0,0,0,0,0,0,0,0,0,0,2,"","F","F","F","F",4,4,0,0,0,0,0,0,0,0,F,F,"1924NY1.EVN.regular.event.csv",3531
"NY1192409080","BRO",5,0,0,0,0,"",3,2,"vancd101","?","vancd101","?","nehfa101","?","nehfa101","?","gowdh101","terrb101","frisf101","grohh101","jackt101","wilsh102","kellg101","younr101","","","","5E3","F","F",1,9,2,"T","T",0,"F","F",0,"F","F",0,"F","F",5,"G","F","F","",1,3,"D",0,"N",0,"N",1,0,0,0,"5E3","","","","F","F","F","F","F","F","F","F","F","","","","F","F","F","F","F","","","","",0,0,0,0,5,0,0,0,0,35,"NY1","BRO","NY1",0,"F","F",3,2,2,17,2,"T","F",0,1,"T","T","higha101","mitcj101","T","T",0,0,0,0,0,0,0,0,0,"","","",0,0,0,0,0,0,0,0,0,0,0,0,0,"grohh101","F","F","F","T",0,0,0,0,0,0,0,0,0,0,F,F,"1924NY1.EVN.regular.event.csv",3532
"NY1192409080","BRO",5,0,0,0,0,"",3,2,"higha101","?","higha101","?","nehfa101","?","nehfa101","?","gowdh101","terrb101","frisf101","grohh101","jackt101","wilsh102","kellg101","younr101","vancd101","","","W.1-2","F","F",4,1,14,"T","F",0,"F","F",0,"F","F",0,"F","F",0,"","F","F","",0,0,"N",0,"N",0,"N",1,2,0,0,"","","","","F","F","F","F","F","F","F","F","F","nehfa101","","","F","F","F","F","F","","","","",0,0,0,0,0,0,0,0,0,36,"NY1","BRO","NY1",0,"F","F",3,2,2,18,3,"T","F",1,3,"T","T","mitcj101","wheaz101","T","T",1,9,35,0,0,0,0,0,0,"gowdh101","","",0,0,0,0,0,0,0,0,0,0,0,0,0,"","F","F","F","F",3,0,0,0,0,0,0,0,0,0,F,F,"1924NY1.EVN.regular.event.csv",3533
"NY1192409080","BRO",5,0,0,0,0,"",3,2,"mitcj101","?","mitcj101","?","nehfa101","?","nehfa101","?","gowdh101","terrb101","frisf101","grohh101","jackt101","wilsh102","kellg101","younr101","higha101","vancd101","","15(2)/FO/BG.1-2","F","F",6,2,2,"T","T",0,"F","F",1,"F","F",0,"F","F",1,"G","T","F","",0,0,"N",0,"N",0,"N",1,2,0,0,"","","15","","F","F","F","F","F","F","F","F","F","nehfa101","nehfa101","","F","F","F","F","F","","","","",0,5,0,0,1,0,0,0,0,37,"NY1","BRO","NY1",0,"F","F",3,2,2,19,4,"T","F",3,3,"T","T","wheaz101","fourj101","T","T",4,1,36,1,9,35,0,0,0,"gowdh101","gowdh101","",0,0,0,0,0,0,0,0,0,0,0,0,0,"nehfa101","F","T","F","F",0,3,0,0,0,0,0,0,0,0,F,F,"1924NY1.EVN.regular.event.csv",3534
"NY1192409080","BRO",5,0,1,0,0,"",3,2,"wheaz101","?","wheaz101","?","nehfa101","?","nehfa101","?","gowdh101","terrb101","frisf101","grohh101","jackt101","wilsh102","kellg101","younr101","mitcj101","higha101","","46(1)/FO.2-3","F","F",7,3,2,"T","T",0,"F","F",1,"F","F",0,"F","F",4,"G","F","F","",0,0,"N",0,"N",0,"N",1,0,3,0,"","46","","","F","F","F","F","F","F","F","F","F","nehfa101","nehfa101","","F","F","F","F","F","","","","",0,6,0,0,4,0,0,0,0,38,"NY1","BRO","NY1",0,"F","F",3,2,2,20,5,"T","F",3,5,"T","T","fourj101","browe102","T","T",6,2,37,4,1,36,0,0,0,"gowdh101","gowdh101","",0,0,0,0,0,0,0,0,0,0,0,0,0,"frisf101","T","F","F","F",0,0,3,0,0,0,0,0,0,0,F,F,"1924NY1.EVN.regular.event.csv",3535
"NY1192409080","BRO",5,0,2,0,0,"",3,2,"johnj107","?","johnj107","?","nehfa101","?","nehfa101","?","gowdh101","terrb101","frisf101","grohh101","jackt101","wilsh102","kellg101","younr101","wheaz101","","higha101","64(1)/FO","F","T",11,4,2,"T","T",0,"F","F",1,"F","F",0,"F","F",6,"G","F","F","",0,0,"N",0,"N",0,"N",1,0,0,3,"","64","","","F","F","F","F","F","F","F","F","F","nehfa101","","nehfa101","F","F","F","F","F","","","","fourj101",3,4,0,0,6,0,0,0,0,39,"NY1","BRO","NY1",0,"F","T",3,2,2,21,6,"T","F",5,5,"F","F","browe102","stocm101","T","T",7,3,38,0,0,0,4,1,36,"gowdh101","","gowdh101",0,0,0,0,0,0,0,0,0,0,0,0,0,"jackt101","T","F","F","F",1,0,0,3,0,0,0,0,0,0,F,F,"1924NY1.EVN.regular.event.csv",3536
"NY1192409080","BRO",5,1,0,0,0,"",3,2,"gowdh101","?","gowdh101","?","vancd101","?","vancd101","?","debeh101","johnj107","higha101","stocm101","mitcj101","wheaz101","browe102","grift102","","","","D7/7DW","T","F",2,8,21,"T","T",2,"F","F",0,"F","F",0,"F","F",7,"","F","F","7DW",0,0,"N",0,"N",0,"N",2,0,0,0,"","","","","F","F","F","F","F","F","F","F","F","","","","F","F","F","F","F","","","","",0,0,0,0,0,0,0,0,0,40,"NY1","NY1","BRO",1,"T","F",2,3,0,16,0,"T","F",0,2,"T","T","nehfa101","grohh101","T","T",0,0,0,0,0,0,0,0,0,"","","",0,0,0,0,0,0,0,0,0,0,0,0,0,"wheaz101","F","F","F","F",0,0,0,0,0,0,0,0,0,0,F,F,"1924NY1.EVN.regular.event.csv",3537
"NY1192409080","BRO",5,1,0,0,0,"",3,2,"nehfa101","?","nehfa101","?","vancd101","?","vancd101","?","debeh101","johnj107","higha101","stocm101","mitcj101","wheaz101","browe102","grift102","","soutb101","","13/SH.2-3","F","F",1,9,2,"T","F",0,"T","F",1,"F","F",0,"F","F",1,"G","T","F","",0,0,"N",0,"N",0,"N",0,0,3,0,"13","","","","F","F","F","F","F","F","F","F","F","","vancd101","","F","F","F","T","F","","gowdh101","","",0,3,0,0,1,0,0,0,0,41,"NY1","NY1","BRO",1,"F","F",2,3,0,17,1,"T","F",2,4,"T","T","grohh101","frisf101","T","T",0,0,0,0,8,40,0,0,0,"","debeh101","",0,0,0,0,0,0,0,0,0,0,0,0,0,"vancd101","F","F","F","F",0,0,0,0,0,0,0,0,0,0,F,F,"1924NY1.EVN.regular.event.csv",3538
"NY1192409080","BRO",5,1,1,0,0,"",3,2,"grohh101","?","grohh101","?","vancd101","?","vancd101","?","debeh101","johnj107","higha101","stocm101","mitcj101","wheaz101","browe102","grift102","","","soutb101","FC5/DP.3XH(525);BX2(54)#","F","F",5,1,19,"T","T",0,"F","F",2,"T","F",0,"F","F",5,"G","F","F","",0,0,"N",0,"N",0,"N",0,0,0,0,"54","","","525","F","F","F","F","F","F","F","F","F","","","vancd101","F","F","F","F","F","","","","",0,5,4,0,5,2,5,0,0,42,"NY1","NY1","BRO",1,"F","T",2,3,0,18,2,"T","F",4,0,"T","T","frisf101","younr101","T","T",0,0,0,0,0,0,0,8,40,"","","debeh101",0,0,0,0,0,0,0,0,0,0,0,0,0,"stocm101","F","F","F","F",0,0,0,0,0,0,0,0,0,0,F,T,"1924NY1.EVN.regular.event.csv",3539
"NY1192409080","BRO",6,0,0,0,0,"",3,2,"browe102","?","browe102","?","nehfa101","?","nehfa101","?","snydf101","terrb101","frisf101","grohh101","jackt101","wilsh102","kellg101","younr101","","","","8/F","T","F",8,5,2,"T","T",0,"F","F",1,"F","F",0,"F","F",8,"F","F","F","",0,0,"N",0,"N",0,"N",0,0,0,0,"8","","","","F","F","F","F","F","F","F","F","F","","","","F","F","F","F","F","","","","",0,8,0,0,0,0,0,0,0,43,"NY1","BRO","NY1",0,"T","F",3,2,0,22,0,"T","F",0,0,"T","T","stocm101","grift102","T","T",0,0,0,0,0,0,0,0,0,"","","",0,0,0,0,0,0,0,0,0,0,0,0,0,"kellg101","F","F","F","F",0,0,0,0,0,0,0,0,0,0,F,F,"1924NY1.EVN.regular.event.csv",3540
"NY1192409080","BRO",6,0,1,0,0,"",3,2,"stocm101","?","stocm101","?","nehfa101","?","nehfa101","?","snydf101","terrb101","frisf101","grohh101","jackt101","wilsh102","kellg101","younr101","","","","53","F","F",5,6,2,"T","T",0,"F","F",1,"F","F",0,"F","F",5,"G","F","F","",0,0,"N",0,"N",0,"N",0,0,0,0,"53","","","","F","F","F","F","F","F","F","F","F","","","","F","F","F","F","F","","","","",0,3,0,0,5,0,0,0,0,44,"NY1","BRO","NY1",0,"F","F",3,2,0,23,1,"T","F",0,0,"T","T","grift102","debeh101","T","T",0,0,0,0,0,0,0,0,0,"","","",0,0,0,0,0,0,0,0,0,0,0,0,0,"grohh101","F","F","F","F",0,0,0,0,0,0,0,0,0,0,F,F,"1924NY1.EVN.regular.event.csv",3541
"NY1192409080","BRO",6,0,2,0,0,"",3,2,"grift102","?","grift102","?","nehfa101","?","nehfa101","?","snydf101","terrb101","frisf101","grohh101","jackt101","wilsh102","kellg101","younr101","","","","43","F","F",9,7,2,"T","T",0,"F","F",1,"F","F",0,"F","F",4,"G","F","F","",0,0,"N",0,"N",0,"N",0,0,0,0,"43","","","","F","F","F","F","F","F","F","F","F","","","","F","F","F","F","F","","","","",0,3,0,0,4,0,0,0,0,45,"NY1","BRO","NY1",0,"F","T",3,2,0,24,2,"T","F",0,0,"T","T","debeh101","vancd101","T","T",0,0,0,0,0,0,0,0,0,"","","",0,0,0,0,0,0,0,0,0,0,0,0,0,"frisf101","F","F","F","F",0,0,0,0,0,0,0,0,0,0,F,F,"1924NY1.EVN.regular.event.csv",3542
"NY1192409080","BRO",6,1,0,3,0,"BBBB",3,2,"frisf101","?","frisf101","?","vancd101","?","vancd101","?","debeh101","johnj107","higha101","stocm101","mitcj101","wheaz101","browe102","grift102","","","","W","T","F",4,2,14,"T","F",0,"F","F",0,"F","F",0,"F","F",0,"","F","F","",0,0,"N",0,"N",0,"N",1,0,0,0,"","","","","F","F","F","F","F","F","F","F","F","","","","F","F","F","F","F","","","","",0,0,0,0,0,0,0,0,0,46,"NY1","NY1","BRO",1,"T","F",2,3,0,19,0,"T","F",0,1,"T","T","younr101","kellg101","T","T",0,0,0,0,0,0,0,0,0,"","","",4,4,0,0,0,0,0,0,0,0,0,0,0,"","F","F","F","F",0,0,0,0,0,0,0,0,0,0,F,F,"1924NY1.EVN.regular.event.csv",3543
"NY1192409080","BRO",6,1,0,3,0,"BBBB",3,2,"younr101","?","younr101","?","vancd101","?","vancd101","?","debeh101","johnj107","higha101","stocm101","mitcj101","wheaz101","browe102","grift102","frisf101","","","W.1-2","F","F",9,3,14,"T","F",0,"F","F",0,"F","F",0,"F","F",0,"","F","F","",0,0,"N",0,"N",0,"N",1,2,0,0,"","","","","F","F","F","F","F","F","F","F","F","vancd101","","","F","F","F","F","F","","","","",0,0,0,0,0,0,0,0,0,47,"NY1","NY1","BRO",1,"F","F",2,3,0,20,1,"T","F",1,3,"T","T","kellg101","terrb101","T","T",4,2,46,0,0,0,0,0,0,"debeh101","","",4,4,0,0,0,0,0,0,0,0,0,0,0,"","F","F","F","F",0,0,0,0,0,0,0,0,0,0,F,F,"1924NY1.EVN.regular.event.csv",3544
"NY1192409080","BRO",6,1,0,0,0,"",3,2,"kellg101","?","kellg101","?","vancd101","?","vancd101","?","debeh101","johnj107","higha101","stocm101","mitcj101","wheaz101","browe102","grift102","younr101","frisf101","","3/BP/FL","F","F",8,4,2,"T","T",0,"F","F",1,"F","F",0,"F","F",3,"P","T","T","",0,0,"N",0,"N",0,"N",0,1,2,0,"3","","","","F","F","F","F","F","F","F","F","F","vancd101","vancd101","","F","F","F","F","F","","","","",0,3,0,0,0,0,0,0,0,48,"NY1","NY1","BRO",1,"F","F",2,3,0,21,2,"T","F",3,3,"T","T","terrb101","wilsh102","T","T",9,3,47,4,2,46,0,0,0,"debeh101","debeh101","",0,0,0,0,0,0,0,0,0,0,0,0,0,"johnj107","F","F","F","F",0,0,0,0,0,0,0,0,0,0,F,F,"1924NY1.EVN.regular.event.csv",3545
"NY1192409080","BRO",6,1,1,0,0,"",3,2,"terrb101","?","terrb101","?","vancd101","?","vancd101","?","debeh101","johnj107","higha101","stocm101","mitcj101","wheaz101","browe102","grift102","younr101","frisf101","","CS3(25).1-2","F","F",3,5,6,"F","F",0,"F","F",1,"F","F",0,"F","F",0,"","F","F","",0,0,"N",0,"N",0,"N",0,2,0,0,"","","25","","F","F","F","F","T","F","F","F","F","vancd101","vancd101","","F","F","F","F","F","","","","",0,5,0,0,2,0,0,0,0,49,"NY1","NY1","BRO",1,"F","F",2,3,0,22,3,"T","F",3,2,"T","T","wilsh102","jackt101","T","T",9,3,47,4,2,46,0,0,0,"debeh101","debeh101","",0,0,0,0,0,0,0,0,0,0,0,0,0,"","F","F","F","F",0,0,0,0,0,0,0,0,0,0,F,F,"1924NY1.EVN.regular.event.csv",3546
"NY1192409080","BRO",6,1,2,0,0,"",3,2,"terrb101","?","terrb101","?","vancd101","?","vancd101","?","debeh101","johnj107","higha101","stocm101","mitcj101","wheaz101","browe102","grift102","","younr101","","W","F","F",3,5,14,"T","F",0,"F","F",0,"F","F",0,"F","F",0,"","F","F","",0,0,"N",0,"N",0,"N",1,0,2,0,"","","","","F","F","F","F","F","F","F","F","F","","vancd101","","F","F","F","F","F","","","","",0,0,0,0,0,0,0,0,0,50,"NY1","NY1","BRO",1,"F","F",2,3,0,22,3,"F","F",2,3,"T","T","wilsh102","jackt101","T","T",0,0,0,9,3,47,0,0,0,"","debeh101","",0,0,0,0,0,0,0,0,0,0,0,0,0,"","F","F","F","F",0,0,0,0,0,0,0,0,0,0,F,F,"1924NY1.EVN.regular.event.csv",3547
"NY1192409080","BRO",6,1,2,0,0,"",3,2,"wilsh102","?","wilsh102","?","vancd101","?","vancd101","?","debeh101","johnj107","higha101","stocm101","mitcj101","wheaz101","browe102","grift102","terrb101","younr101","","4/P","F","F",7,6,2,"T","T",0,"F","F",1,"F","F",0,"F","F",4,"P","F","F","",0,0,"N",0,"N",0,"N",0,1,2,0,"4","","","","F","F","F","F","F","F","F","F","F","vancd101","vancd101","","F","F","F","F","F","","","","",0,4,0,0,0,0,0,0,0,51,"NY1","NY1","BRO",1,"F","T",2,3,0,23,4,"T","F",3,3,"T","T","jackt101","snydf101","T","T",3,5,50,9,3,47,0,0,0,"debeh101","debeh101","",0,0,0,0,0,0,0,0,0,0,0,0,0,"higha101","F","F","F","F",0,0,0,0,0,0,0,0,0,0,F,F,"1924NY1.EVN.regular.event.csv",3548
"NY1192409080","BRO",7,0,0,0,0,"",3,2,"debeh101","?","debeh101","?","nehfa101","?","nehfa101","?","snydf101","terrb101","frisf101","grohh101","jackt101","wilsh102","kellg101","younr101","","","","W","T","F",2,8,14,"T","F",0,"F","F",0,"F","F",0,"F","F",0,"","F","F","",0,0,"N",0,"N",0,"N",1,0,0,0,"","","","","F","F","F","F","F","F","F","F","F","","","","F","F","F","F","F","","","","",0,0,0,0,0,0,0,0,0,52,"NY1","BRO","NY1",0,"T","F",3,2,0,25,0,"T","F",0,1,"T","T","vancd101","higha101","T","T",0,0,0,0,0,0,0,0,0,"","","",0,0,0,0,0,0,0,0,0,0,0,0,0,"","F","F","F","F",4,0,0,0,2,0,0,0,0,0,F,F,"1924NY1.EVN.regular.event.csv",3549
"NY1192409080","BRO",7,0,0,0,0,"",3,2,"vancd101","?","vancd101","?","nehfa101","?","nehfa101","?","snydf101","terrb101","frisf101","grohh101","jackt101","wilsh102","kellg101","younr101","debeh101","","","54/SH.1-2","F","F",1,9,2,"T","F",0,"T","F",1,"F","F",0,"F","F",5,"G","T","F","",0,0,"N",0,"N",0,"N",0,2,0,0,"54","","","","F","F","F","F","F","F","F","F","F","nehfa101","","","F","F","F","F","F","","","","",0,4,0,0,5,0,0,0,0,53,"NY1","BRO","NY1",0,"F","F",3,2,0,26,1,"T","F",1,2,"T","T","higha101","mitcj101","T","T",2,8,52,0,0,0,0,0,0,"snydf101","","",0,0,0,0,0,0,0,0,0,0,0,0,0,"grohh101","F","F","F","F",0,4,0,0,2,0,0,0,0,0,F,F,"1924NY1.EVN.regular.event.csv",3550
"NY1192409080","BRO",7,0,1,0,0,"",3,2,"higha101","?","higha101","?","nehfa101","?","nehfa101","?","snydf101","terrb101","frisf101","grohh101","jackt101","wilsh102","kellg101","younr101","","debeh101","","T7/7D.2-H","F","F",4,1,22,"T","T",3,"F","F",0,"F","F",1,"F","F",7,"","F","F","7D",0,0,"N",0,"N",0,"N",3,0,4,0,"","","","","F","F","F","F","F","F","F","F","F","","nehfa101","","F","F","F","F","F","","","","",0,0,0,0,0,0,0,0,0,54,"NY1","BRO","NY1",0,"F","F",3,2,0,27,2,"T","F",2,4,"T","T","mitcj101","wheaz101","T","T",0,0,0,2,8,52,0,0,0,"","snydf101","",0,0,0,0,0,0,0,0,0,0,0,0,1,"wilsh102","F","F","F","F",4,0,4,0,1,0,0,0,0,0,F,F,"1924NY1.EVN.regular.event.csv",3551
"NY1192409080","BRO",7,0,1,0,0,"",4,2,"mitcj101","?","mitcj101","?","nehfa101","?","nehfa101","?","snydf101","terrb101","frisf101","grohh101","jackt101","wilsh102","kellg101","younr101","","","higha101","53","F","F",6,2,2,"T","T",0,"F","F",1,"F","F",0,"F","F",5,"G","F","F","",0,0,"N",0,"N",0,"N",0,0,0,3,"53","","","","F","F","F","F","F","F","F","F","F","","","nehfa101","F","F","F","F","F","","","","",0,3,0,0,5,0,0,0,0,55,"NY1","BRO","NY1",0,"F","F",4,2,1,28,3,"T","F",4,4,"T","T","wheaz101","johnj107","T","T",0,0,0,0,0,0,4,1,54,"","","snydf101",0,0,0,0,0,0,0,0,0,0,0,0,0,"grohh101","F","F","F","F",0,0,0,4,1,0,0,0,0,0,F,F,"1924NY1.EVN.regular.event.csv",3552
"NY1192409080","BRO",7,0,2,0,0,"",4,2,"wheaz101","?","wheaz101","?","nehfa101","?","nehfa101","?","snydf101","terrb101","frisf101","grohh101","jackt101","wilsh102","kellg101","younr101","","","higha101","S9.3-H","F","F",7,3,20,"T","T",1,"F","F",0,"F","F",1,"F","F",9,"","F","F","",0,0,"N",0,"N",0,"N",1,0,0,4,"","","","","F","F","F","F","F","F","F","F","F","","","nehfa101","F","F","F","F","F","","","","",0,0,0,0,0,0,0,0,0,56,"NY1","BRO","NY1",0,"F","F",4,2,1,29,4,"T","F",4,1,"T","T","johnj107","browe102","T","T",0,0,0,0,0,0,4,1,54,"","","snydf101",0,0,0,0,0,0,0,0,0,0,0,0,1,"younr101","F","F","F","F",0,0,0,4,0,0,0,0,0,0,F,F,"1924NY1.EVN.regular.event.csv",3553
"NY1192409080","BRO",7,0,2,0,0,"",5,2,"johnj107","?","johnj107","?","nehfa101","?","nehfa101","?","snydf101","terrb101","frisf101","grohh101","jackt101","wilsh102","kellg101","younr101","wheaz101","","","64(1)/FO","F","F",3,4,2,"T","T",0,"F","F",1,"F","F",0,"F","F",6,"G","F","F","",0,0,"N",0,"N",0,"N",1,0,0,0,"","64","","","F","F","F","F","F","F","F","F","F","nehfa101","","","F","F","F","F","F","","","","",0,4,0,0,6,0,0,0,0,57,"NY1","BRO","NY1",0,"F","T",5,2,2,30,5,"T","F",1,1,"F","F","browe102","stocm101","T","T",7,3,56,0,0,0,0,0,0,"snydf101","","",0,0,0,0,0,0,0,0,0,0,0,0,0,"jackt101","T","F","F","F",0,0,0,0,0,0,0,0,0,0,F,F,"1924NY1.EVN.regular.event.csv",3554
"NY1192409080","BRO",7,1,0,0,0,"",5,2,"jackt101","?","jackt101","?","vancd101","?","vancd101","?","debeh101","johnj107","higha101","stocm101","mitcj101","wheaz101","browe102","grift102","","","","6/P","T","F",6,7,2,"T","T",0,"F","F",1,"F","F",0,"F","F",6,"P","F","F","",0,0,"N",0,"N",0,"N",0,0,0,0,"6","","","","F","F","F","F","F","F","F","F","F","","","","F","F","F","F","F","","","","",0,6,0,0,0,0,0,0,0,58,"NY1","NY1","BRO",1,"T","F",2,5,0,24,0,"T","F",0,0,"T","T","snydf101","nehfa101","T","T",0,0,0,0,0,0,0,0,0,"","","",0,0,0,0,0,0,0,0,0,0,0,0,0,"mitcj101","F","F","F","F",0,0,0,0,0,0,0,0,0,0,F,F,"1924NY1.EVN.regular.event.csv",3555
"NY1192409080","BRO",7,1,1,0,0,"",5,2,"snydf101","?","snydf101","?","vancd101","?","vancd101","?","debeh101","johnj107","higha101","stocm101","mitcj101","wheaz101","browe102","grift102","","","","K","F","F",2,8,3,"T","T",0,"F","F",1,"F","F",0,"F","F",0,"","F","F","",0,0,"N",0,"N",0,"N",0,0,0,0,"2","","","","F","F","F","F","F","F","F","F","F","","","","F","F","F","F","F","","","","",0,2,0,0,0,0,0,0,0,59,"NY1","NY1","BRO",1,"F","F",2,5,0,25,1,"T","F",0,0,"F","F","nehfa101","grohh101","T","T",0,0,0,0,0,0,0,0,0,"","","",0,0,0,0,0,0,0,0,0,0,0,0,0,"","F","F","F","F",0,0,0,0,0,0,0,0,0,0,F,F,"1924NY1.EVN.regular.event.csv",3556
"NY1192409080","BRO",7,1,2,0,0,"",5,2,"oconj102","?","oconj102","?","vancd101","?","vancd101","?","debeh101","johnj107","higha101","stocm101","mitcj101","wheaz101","browe102","grift102","","","","K","F","T",11,9,3,"T","T",0,"F","F",1,"F","F",0,"F","F",0,"","F","F","",0,0,"N",0,"N",0,"N",0,0,0,0,"2","","","","F","F","F","F","F","F","F","F","F","","","","F","F","F","F","F","","","","nehfa101",1,2,0,0,0,0,0,0,0,60,"NY1","NY1","BRO",1,"F","T",2,5,0,26,2,"T","F",0,0,"F","F","grohh101","frisf101","T","T",0,0,0,0,0,0,0,0,0,"","","",0,0,0,0,0,0,0,0,0,0,0,0,0,"","F","F","F","F",0,0,0,0,0,0,0,0,0,0,F,F,"1924NY1.EVN.regular.event.csv",3557
"NY1192409080","BRO",8,0,0,0,0,"",5,2,"browe102","?","browe102","?","ryanr101","?","ryanr101","?","snydf101","terrb101","frisf101","grohh101","jackt101","wilsh102","kellg101","younr101","","","","5/P","T","F",8,5,2,"T","T",0,"F","F",1,"F","F",0,"F","F",5,"P","F","F","",0,0,"N",0,"N",0,"N",0,0,0,0,"5","","","","F","F","F","F","F","F","F","F","F","","","","F","F","F","F","F","","","","",0,5,0,0,0,0,0,0,0,61,"NY1","BRO","NY1",0,"T","F",5,2,0,31,0,"T","F",0,0,"T","T","stocm101","grift102","F","F",0,0,0,0,0,0,0,0,0,"","","",0,0,0,0,0,0,0,0,0,0,0,0,0,"grohh101","F","F","F","F",0,0,0,0,1,0,0,0,0,0,F,F,"1924NY1.EVN.regular.event.csv",3558
"NY1192409080","BRO",8,0,1,0,0,"",5,2,"stocm101","?","stocm101","?","ryanr101","?","ryanr101","?","snydf101","terrb101","frisf101","grohh101","jackt101","wilsh102","kellg101","younr101","","","","S1/G","F","F",5,6,20,"T","T",1,"F","F",0,"F","F",0,"F","F",1,"G","F","F","",0,0,"N",0,"N",0,"N",1,0,0,0,"","","","","F","F","F","F","F","F","F","F","F","","","","F","F","F","F","F","","","","",0,0,0,0,0,0,0,0,0,62,"NY1","BRO","NY1",0,"F","F",5,2,0,32,1,"T","F",0,1,"T","T","grift102","debeh101","F","F",0,0,0,0,0,0,0,0,0,"","","",0,0,0,0,0,0,0,0,0,0,0,0,0,"ryanr101","F","F","F","F",4,0,0,0,1,0,0,0,0,0,F,F,"1924NY1.EVN.regular.event.csv",3559
"NY1192409080","BRO",8,0,1,0,0,"",5,2,"grift102","?","grift102","?","ryanr101","?","ryanr101","?","snydf101","terrb101","frisf101","grohh101","jackt101","wilsh102","kellg101","younr101","stocm101","","","9/L","F","F",9,7,2,"T","T",0,"F","F",1,"F","F",0,"F","F",9,"L","F","F","",0,0,"N",0,"N",0,"N",0,1,0,0,"9","","","","F","F","F","F","F","F","F","F","F","ryanr101","","","F","F","F","F","F","","","","",0,9,0,0,0,0,0,0,0,63,"NY1","BRO","NY1",0,"F","F",5,2,0,33,2,"T","F",1,1,"T","T","debeh101","vancd101","F","F",5,6,62,0,0,0,0,0,0,"snydf101","","",0,0,0,0,0,0,0,0,0,0,0,0,0,"younr101","F","F","F","F",0,4,0,0,1,0,0,0,0,0,F,F,"1924NY1.EVN.regular.event.csv",3560
"NY1192409080","BRO",8,0,2,0,0,"",5,2,"debeh101","?","debeh101","?","ryanr101","?","ryanr101","?","snydf101","terrb101","frisf101","grohh101","jackt101","wilsh102","kellg101","younr101","stocm101","","","S/G6.1-3","F","F",2,8,20,"T","T",1,"F","F",0,"F","F",0,"F","F",0,"G","F","F","6",0,0,"N",0,"N",0,"N",1,3,0,0,"","","","","F","F","F","F","F","F","F","F","F","ryanr101","","","F","F","F","F","F","","","","",0,0,0,0,0,0,0,0,0,64,"NY1","BRO","NY1",0,"F","F",5,2,0,34,3,"T","F",1,5,"T","T","vancd101","higha101","F","F",5,6,62,0,0,0,0,0,0,"snydf101","","",0,0,0,0,0,0,0,0,0,0,0,0,0,"","F","F","F","F",0,4,0,0,1,0,0,0,0,0,F,F,"1924NY1.EVN.regular.event.csv",3561
"NY1192409080","BRO",8,0,2,0,0,"",5,2,"vancd101","?","vancd101","?","ryanr101","?","ryanr101","?","snydf101","terrb101","frisf101","grohh101","jackt101","wilsh102","kellg101","younr101","debeh101","","stocm101","BK.3-H;1-2","F","F",1,9,11,"F","F",0,"F","F",0,"F","F",0,"F","F",0,"","F","F","",0,0,"N",0,"N",0,"N",0,2,0,4,"","","","","F","F","F","F","F","F","F","F","F","ryanr101","","ryanr101","F","F","F","F","F","","","","",0,0,0,0,0,0,0,0,0,65,"NY1","BRO","NY1",0,"F","F",5,2,0,35,4,"T","F",5,2,"T","T","higha101","mitcj101","F","F",2,8,64,0,0,0,5,6,62,"snydf101","","snydf101",0,0,0,0,0,0,0,0,0,0,0,0,1,"","F","F","F","F",0,0,0,4,0,0,0,0,0,0,F,F,"1924NY1.EVN.regular.event.csv",3562
"NY1192409080","BRO",8,0,2,0,0,"",6,2,"vancd101","?","vancd101","?","ryanr101","?","ryanr101","?","snydf101","terrb101","frisf101","grohh101","jackt101","wilsh102","kellg101","younr101","","debeh101","","K","F","F",1,9,3,"T","T",0,"F","F",1,"F","F",0,"F","F",0,"","F","F","",0,0,"N",0,"N",0,"N",0,0,2,0,"2","","","","F","F","F","F","F","F","F","F","F","","ryanr101","","F","F","F","F","F","","","","",0,2,0,0,0,0,0,0,0,66,"NY1","BRO","NY1",0,"F","T",6,2,1,35,4,"F","F",2,2,"T","T","higha101","mitcj101","F","F",0,0,0,2,8,64,0,0,0,"","snydf101","",0,0,0,0,0,0,0,0,0,0,0,0,0,"","F","F","F","F",0,0,0,0,0,0,0,0,0,0,F,F,"1924NY1.EVN.regular.event.csv",3563
"NY1192409080","BRO",8,1,0,0,0,"",6,2,"grohh101","?","grohh101","?","vancd101","?","vancd101","?","debeh101","johnj107","higha101","stocm101","mitcj101","wheaz101","browe102","grift102","","","","E6/TH1","T","F",5,1,18,"T","T",0,"F","F",0,"F","F",0,"F","F",6,"G","F","F","",1,6,"T",0,"N",0,"N",1,0,0,0,"","","","","F","F","F","F","F","F","F","F","F","","","","F","F","F","F","F","","","","",0,0,0,0,0,0,0,0,0,67,"NY1","NY1","BRO",1,"T","F",2,6,0,27,0,"T","F",0,1,"T","T","frisf101","younr101","T","T",0,0,0,0,0,0,0,0,0,"","","",0,0,0,0,0,0,0,0,0,0,0,0,0,"mitcj101","F","F","F","T",0,0,0,0,0,0,0,0,0,0,F,F,"1924NY1.EVN.regular.event.csv",3564
"NY1192409080","BRO",8,1,0,0,0,"",6,2,"frisf101","?","frisf101","?","vancd101","?","vancd101","?","debeh101","johnj107","higha101","stocm101","mitcj101","wheaz101","browe102","grift102","grohh101","","","36(1)/FO","F","F",4,2,2,"T","T",0,"F","F",1,"F","F",0,"F","F",3,"G","F","F","",0,0,"N",0,"N",0,"N",1,0,0,0,"","36","","","F","F","F","F","F","F","F","F","F","vancd101","","","F","F","F","F","F","","","","",0,6,0,0,3,0,0,0,0,68,"NY1","NY1","BRO",1,"F","F",2,6,0,28,1,"T","F",1,1,"T","T","younr101","kellg101","T","T",5,1,67,0,0,0,0,0,0,"debeh101","","",0,0,0,0,0,0,0,0,0,0,0,0,0,"johnj107","T","F","F","F",0,0,0,0,0,0,0,0,0,0,F,F,"1924NY1.EVN.regular.event.csv",3565
"NY1192409080","BRO",8,1,1,0,0,"",6,2,"younr101","?","younr101","?","vancd101","?","vancd101","?","debeh101","johnj107","higha101","stocm101","mitcj101","wheaz101","browe102","grift102","frisf101","","","K","F","F",9,3,3,"T","T",0,"F","F",1,"F","F",0,"F","F",0,"","F","F","",0,0,"N",0,"N",0,"N",0,1,0,0,"2","","","","F","F","F","F","F","F","F","F","F","vancd101","","","F","F","F","F","F","","","","",0,2,0,0,0,0,0,0,0,69,"NY1","NY1","BRO",1,"F","F",2,6,0,29,2,"T","F",1,1,"T","T","kellg101","terrb101","T","T",4,2,68,0,0,0,0,0,0,"debeh101","","",0,0,0,0,0,0,0,0,0,0,0,0,0,"","F","F","F","F",0,0,0,0,0,0,0,0,0,0,F,F,"1924NY1.EVN.regular.event.csv",3566
"NY1192409080","BRO",8,1,2,0,0,"",6,2,"kellg101","?","kellg101","?","vancd101","?","vancd101","?","debeh101","johnj107","higha101","stocm101","mitcj101","wheaz101","browe102","grift102","frisf101","","","4/P","F","F",8,4,2,"T","T",0,"F","F",1,"F","F",0,"F","F",4,"P","F","F","",0,0,"N",0,"N",0,"N",0,1,0,0,"4","","","","F","F","F","F","F","F","F","F","F","vancd101","","","F","F","F","F","F","","","","",0,4,0,0,0,0,0,0,0,70,"NY1","NY1","BRO",1,"F","T",2,6,0,30,3,"T","F",1,1,"T","T","terrb101","wilsh102","T","T",4,2,68,0,0,0,0,0,0,"debeh101","","",0,0,0,0,0,0,0,0,0,0,0,0,0,"higha101","F","F","F","F",0,0,0,0,0,0,0,0,0,0,F,F,"1924NY1.EVN.regular.event.csv",3567
"NY1192409080","BRO",9,0,0,0,0,"",6,2,"higha101","?","higha101","?","ryanr101","?","ryanr101","?","snydf101","terrb101","frisf101","grohh101","jackt101","wilsh102","kellg101","younr101","","","","T9","T","F",4,1,22,"T","T",3,"F","F",0,"F","F",0,"F","F",9,"","F","F","",0,0,"N",0,"N",0,"N",3,0,0,0,"","","","","F","F","F","F","F","F","F","F","F","","","","F","F","F","F","F","","","","",0,0,0,0,0,0,0,0,0,71,"NY1","BRO","NY1",0,"T","F",6,2,0,36,0,"T","F",0,4,"T","T","mitcj101","wheaz101","F","F",0,0,0,0,0,0,0,0,0,"","","",0,0,0,0,0,0,0,0,0,0,0,0,0,"younr101","F","F","F","F",0,0,0,0,1,0,0,0,0,0,F,F,"1924NY1.EVN.regular.event.csv",3568
"NY1192409080","BRO",9,0,0,0,0,"",6,2,"mitcj101","?","mitcj101","?","ryanr101","?","ryanr101","?","snydf101","terrb101","frisf101","grohh101","jackt101","wilsh102","kellg101","younr101","","","higha101","K/C","F","F",6,2,3,"T","T",0,"F","F",1,"F","F",0,"F","F",0,"","F","F","",0,0,"N",0,"N",0,"N",0,0,0,3,"2","","","","F","F","F","F","F","F","F","F","F","","","ryanr101","F","F","F","F","F","","","","",0,2,0,0,0,0,0,0,0,72,"NY1","BRO","NY1",0,"F","F",6,2,0,37,1,"T","F",4,4,"T","T","wheaz101","johnj107","F","F",0,0,0,0,0,0,4,1,71,"","","snydf101",0,0,0,0,0,0,0,0,0,0,0,0,0,"","F","F","F","F",0,0,0,0,1,0,0,0,0,0,F,F,"1924NY1.EVN.regular.event.csv",3569
"NY1192409080","BRO",9,0,1,0,0,"",6,2,"wheaz101","?","wheaz101","?","ryanr101","?","ryanr101","?","snydf101","terrb101","frisf101","grohh101","jackt101","wilsh102","kellg101","younr101","","","higha101","FC4.3XH(425);B-3","F","F",7,3,19,"T","T",0,"F","F",1,"F","F",0,"F","F",4,"G","F","F","",0,0,"N",0,"N",0,"N",3,0,0,0,"","","","425","F","F","F","F","F","F","F","F","F","","","ryanr101","F","F","F","F","F","","","","",0,5,0,0,4,2,0,0,0,73,"NY1","BRO","NY1",0,"F","F",6,2,0,38,2,"T","F",4,4,"T","T","johnj107","browe102","F","F",0,0,0,0,0,0,4,1,71,"","","snydf101",0,0,0,0,0,0,0,0,0,0,0,0,0,"frisf101","F","F","F","F",4,0,0,0,1,0,0,0,0,0,F,F,"1924NY1.EVN.regular.event.csv",3570
"NY1192409080","BRO",9,0,2,0,0,"",6,2,"johnj107","?","johnj107","?","ryanr101","?","ryanr101","?","snydf101","terrb101","frisf101","grohh101","jackt101","wilsh102","kellg101","younr101","","","wheaz101","S4/G.3-H;B-2(E4/TH1)","F","F",3,4,20,"T","T",1,"F","F",0,"F","F",1,"F","F",4,"G","F","F","",1,4,"T",0,"N",0,"N",2,0,0,4,"","","","","F","F","F","F","F","F","F","F","F","","","ryanr101","F","F","F","F","F","","","","",0,0,0,0,0,0,0,0,0,74,"NY1","BRO","NY1",0,"F","F",6,2,0,39,3,"T","F",4,2,"F","F","browe102","stocm101","F","F",0,0,0,0,0,0,7,3,73,"","","snydf101",0,0,0,0,0,0,0,0,0,0,0,0,1,"frisf101","F","F","F","F",0,0,0,4,0,0,0,0,0,0,F,F,"1924NY1.EVN.regular.event.csv",3571
"NY1192409080","BRO",9,0,2,0,0,"",7,2,"browe102","?","browe102","?","ryanr101","?","ryanr101","?","snydf101","terrb101","frisf101","grohh101","jackt101","wilsh102","kellg101","younr101","","johnj107","","43","F","F",8,5,2,"T","T",0,"F","F",1,"F","F",0,"F","F",4,"G","F","F","",0,0,"N",0,"N",0,"N",0,0,2,0,"43","","","","F","F","F","F","F","F","F","F","F","","ryanr101","","F","F","F","F","F","","","","",0,3,0,0,4,0,0,0,0,75,"NY1","BRO","NY1",0,"F","T",7,2,1,40,4,"T","F",2,2,"T","T","stocm101","grift102","F","F",0,0,0,3,4,74,0,0,0,"","snydf101","",0,0,0,0,0,0,0,0,0,0,0,0,0,"frisf101","F","F","F","F",0,0,0,0,0,0,0,0,0,0,F,F,"1924NY1.EVN.regular.event.csv",3572
"NY1192409080","BRO",9,1,0,0,0,"",7,2,"terrb101","?","terrb101","?","vancd101","?","vancd101","?","debeh101","johnj107","higha101","stocm101","mitcj101","wheaz101","browe102","grift102","","","","7/F","T","F",3,5,2,"T","T",0,"F","F",1,"F","F",0,"F","F",7,"F","F","F","",0,0,"N",0,"N",0,"N",0,0,0,0,"7","","","","F","F","F","F","F","F","F","F","F","","","","F","F","F","F","F","","","","",0,7,0,0,0,0,0,0,0,76,"NY1","NY1","BRO",1,"T","F",2,7,0,31,0,"T","F",0,0,"T","T","wilsh102","jackt101","T","T",0,0,0,0,0,0,0,0,0,"","","",0,0,0,0,0,0,0,0,0,0,0,0,0,"wheaz101","F","F","F","F",0,0,0,0,0,0,0,0,0,0,F,F,"1924NY1.EVN.regular.event.csv",3573
"NY1192409080","BRO",9,1,1,0,0,"",7,2,"wilsh102","?","wilsh102","?","vancd101","?","vancd101","?","debeh101","johnj107","higha101","stocm101","mitcj101","wheaz101","browe102","grift102","","","","9/F","F","F",7,6,2,"T","T",0,"F","F",1,"F","F",0,"F","F",9,"F","F","F","",0,0,"N",0,"N",0,"N",0,0,0,0,"9","","","","F","F","F","F","F","F","F","F","F","","","","F","F","F","F","F","","","","",0,9,0,0,0,0,0,0,0,77,"NY1","NY1","BRO",1,"F","F",2,7,0,32,1,"T","F",0,0,"T","T","jackt101","snydf101","T","T",0,0,0,0,0,0,0,0,0,"","","",0,0,0,0,0,0,0,0,0,0,0,0,0,"grift102","F","F","F","F",0,0,0,0,0,0,0,0,0,0,F,F,"1924NY1.EVN.regular.event.csv",3574
"NY1192409080","BRO",9,1,2,0,0,"",7,2,"jackt101","?","jackt101","?","vancd101","?","vancd101","?","debeh101","johnj107","higha101","stocm101","mitcj101","wheaz101","browe102","grift102","","","","S5/G","F","F",6,7,20,"T","T",1,"F","F",0,"F","F",0,"F","F",5,"G","F","F","",0,0,"N",0,"N",0,"N",1,0,0,0,"","","","","F","F","F","F","F","F","F","F","F","","","","F","F","F","F","F","","","","",0,0,0,0,0,0,0,0,0,78,"NY1","NY1","BRO",1,"F","F",2,7,0,33,2,"T","F",0,1,"T","T","snydf101","ryanr101","T","T",0,0,0,0,0,0,0,0,0,"","","",0,0,0,0,0,0,0,0,0,0,0,0,0,"stocm101","F","F","F","F",2,0,0,0,0,0,0,0,0,0,F,F,"1924NY1.EVN.regular.event.csv",3575
"NY1192409080","BRO",9,1,2,0,0,"",7,2,"snydf101","?","snydf101","?","vancd101","?","vancd101","?","debeh101","johnj107","higha101","stocm101","mitcj101","wheaz101","browe102","grift102","jackt101","","","DI.1-2","F","F",2,8,5,"F","F",0,"F","F",0,"F","F",0,"F","F",0,"","F","F","",0,0,"N",0,"N",0,"N",0,2,0,0,"","","","","F","F","F","F","F","F","F","F","F","vancd101","","","F","F","F","F","F","","","","",0,0,0,0,0,0,0,0,0,79,"NY1","NY1","BRO",1,"F","F",2,7,0,34,3,"T","F",1,2,"F","F","ryanr101","grohh101","T","T",6,7,78,0,0,0,0,0,0,"debeh101","","",0,0,0,0,0,0,0,0,0,0,0,0,0,"","F","F","F","F",0,2,0,0,0,0,0,0,0,0,F,F,"1924NY1.EVN.regular.event.csv",3576
"NY1192409080","BRO",9,1,2,0,0,"",7,2,"snydf101","?","snydf101","?","vancd101","?","vancd101","?","debeh101","johnj107","higha101","stocm101","mitcj101","wheaz101","browe102","grift102","","jackt101","","43","F","F",2,8,2,"T","T",0,"F","F",1,"F","F",0,"F","F",4,"G","F","F","",0,0,"N",0,"N",0,"N",0,0,2,0,"43","","","","F","F","F","F","F","F","F","F","F","","vancd101","","F","T","F","F","F","","","","",0,3,0,0,4,0,0,0,0,80,"NY1","NY1","BRO",1,"F","T",2,7,0,34,3,"F","F",2,2,"F","F","ryanr101","grohh101","T","T",0,0,0,6,7,78,0,0,0,"","debeh101","",0,0,0,0,0,0,0,0,0,0,0,0,0,"higha101","F","F","F","F",0,0,2,0,0,0,0,0,0,0,F,F,"1924NY1.EVN.regular.event.csv",3577
"NY1192409101","BSN",1,0,0,0,0,"",0,0,"thomh102","?","thomh102","?","barnv101","?","barnv101","?","gowdh101","kellg101","frisf101","grohh101","jackt101","meusi101","wilsh102","younr101","","","","53","T","F",8,1,2,"T","T",0,"F","F",1,"F","F",0,"F","F",5,"G","F","F","",0,0,"N",0,"N",0,"N",0,0,0,0,"53","","","","F","F","F","F","F","F","F","F","F","","","","T","F","F","F","F","","","","",0,3,0,0,5,0,0,0,0,1,"NY1","BSN","NY1",0,"T","F",0,0,0,0,0,"T","F",0,0,"T","T","wilsf101","stenc101","T","T",0,0,0,0,0,0,0,0,0,"","","",0,0,0,0,0,0,0,0,0,0,0,0,0,"grohh101","F","F","F","F",0,0,0,0,0,0,0,0,0,0,F,F,"1924NY1.EVN.regular.event.csv",3578
"NY1192409101","BSN",1,0,1,0,0,"",0,0,"wilsf101","?","wilsf101","?","barnv101","?","barnv101","?","gowdh101","kellg101","frisf101","grohh101","jackt101","meusi101","wilsh102","younr101","","","","S","F","F",7,2,20,"T","T",1,"F","F",0,"F","F",0,"F","F",0,"","F","F","",0,0,"N",0,"N",0,"N",1,0,0,0,"","","","","F","F","F","F","F","F","F","F","F","","","","F","F","F","F","F","","","","",0,0,0,0,0,0,0,0,0,2,"NY1","BSN","NY1",0,"F","F",0,0,0,1,1,"T","F",0,1,"T","T","stenc101","mcins101","T","T",0,0,0,0,0,0,0,0,0,"","","",0,0,0,0,0,0,0,0,0,0,0,0,0,"","F","F","F","F",0,0,0,0,0,0,0,0,0,0,F,F,"1924NY1.EVN.regular.event.csv",3579
"NY1192409101","BSN",1,0,1,0,0,"",0,0,"stenc101","?","stenc101","?","barnv101","?","barnv101","?","gowdh101","kellg101","frisf101","grohh101","jackt101","meusi101","wilsh102","younr101","wilsf101","","","CS2(26)","F","F",9,3,6,"F","F",0,"F","F",1,"F","F",0,"F","F",0,"","F","F","",0,0,"N",0,"N",0,"N",0,0,0,0,"","26","","","F","F","F","T","F","F","F","F","F","barnv101","","","F","F","F","F","F","","","","",0,6,0,0,2,0,0,0,0,3,"NY1","BSN","NY1",0,"F","F",0,0,0,2,2,"T","F",1,0,"T","T","mcins101","tierc101","T","T",7,2,2,0,0,0,0,0,0,"gowdh101","","",0,0,0,0,0,0,0,0,0,0,0,0,0,"","F","F","F","F",0,0,0,0,0,0,0,0,0,0,F,F,"1924NY1.EVN.regular.event.csv",3580
"NY1192409101","BSN",1,0,2,0,0,"",0,0,"stenc101","?","stenc101","?","barnv101","?","barnv101","?","gowdh101","kellg101","frisf101","grohh101","jackt101","meusi101","wilsh102","younr101","","","","K","F","F",9,3,3,"T","T",0,"F","F",1,"F","F",0,"F","F",0,"","F","F","",0,0,"N",0,"N",0,"N",0,0,0,0,"2","","","","F","F","F","F","F","F","F","F","F","","","","F","F","F","F","F","","","","",0,2,0,0,0,0,0,0,0,4,"NY1","BSN","NY1",0,"F","T",0,0,0,2,2,"F","F",0,0,"T","T","mcins101","tierc101","T","T",0,0,0,0,0,0,0,0,0,"","","",0,0,0,0,0,0,0,0,0,0,0,0,0,"","F","F","F","F",0,0,0,0,0,0,0,0,0,0,F,F,"1924NY1.EVN.regular.event.csv",3581
"NY1192409101","BSN",1,1,0,0,0,"",0,0,"grohh101","?","grohh101","?","coonj101","?","coonj101","?","gibsf101","mcins101","tierc101","padge101","smitb110","wilsf101","thomh102","stenc101","","","","63","T","F",5,1,2,"T","T",0,"F","F",1,"F","F",0,"F","F",6,"G","F","F","",0,0,"N",0,"N",0,"N",0,0,0,0,"63","","","","F","F","F","F","F","F","F","F","F","","","","F","F","F","F","F","","","","",0,3,0,0,6,0,0,0,0,5,"NY1","NY1","BSN",1,"T","F",0,0,0,0,0,"T","F",0,0,"T","T","frisf101","younr101","T","T",0,0,0,0,0,0,0,0,0,"","","",0,0,0,0,0,0,0,0,0,0,0,0,0,"smitb110","F","F","F","F",0,0,0,0,3,0,0,0,0,0,F,F,"1924NY1.EVN.regular.event.csv",3582
"NY1192409101","BSN",1,1,1,0,0,"",0,0,"frisf101","?","frisf101","?","coonj101","?","coonj101","?","gibsf101","mcins101","tierc101","padge101","smitb110","wilsf101","thomh102","stenc101","","","","S","F","F",4,2,20,"T","T",1,"F","F",0,"F","F",0,"F","F",0,"","F","F","",0,0,"N",0,"N",0,"N",1,0,0,0,"","","","","F","F","F","F","F","F","F","F","F","","","","F","F","F","F","F","","","","",0,0,0,0,0,0,0,0,0,6,"NY1","NY1","BSN",1,"F","F",0,0,0,1,1,"T","F",0,1,"T","T","younr101","kellg101","T","T",0,0,0,0,0,0,0,0,0,"","","",0,0,0,0,0,0,0,0,0,0,0,0,0,"","F","F","F","F",4,0,0,0,3,0,0,0,0,0,F,F,"1924NY1.EVN.regular.event.csv",3583
"NY1192409101","BSN",1,1,1,0,0,"",0,0,"younr101","?","younr101","?","coonj101","?","coonj101","?","gibsf101","mcins101","tierc101","padge101","smitb110","wilsf101","thomh102","stenc101","frisf101","","","HR/F9D.1-H","F","F",9,3,23,"T","T",4,"F","F",0,"F","F",2,"F","F",0,"F","F","F","9D",0,0,"N",0,"N",0,"N",4,4,0,0,"","","","","F","F","F","F","F","F","F","F","F","coonj101","","","F","F","F","F","F","","","","",0,0,0,0,0,0,0,0,0,7,"NY1","NY1","BSN",1,"F","F",0,0,0,2,2,"T","F",1,0,"T","T","kellg101","meusi101","T","T",4,2,6,0,0,0,0,0,0,"gibsf101","","",0,0,0,0,0,0,0,0,0,0,0,0,2,"","F","F","F","F",4,4,0,0,1,0,0,0,0,0,F,F,"1924NY1.EVN.regular.event.csv",3584
"NY1192409101","BSN",1,1,1,0,0,"",0,2,"kellg101","?","kellg101","?","coonj101","?","coonj101","?","gibsf101","mcins101","tierc101","padge101","smitb110","wilsf101","thomh102","stenc101","","","","D","F","F",3,4,21,"T","T",2,"F","F",0,"F","F",0,"F","F",0,"","F","F","",0,0,"N",0,"N",0,"N",2,0,0,0,"","","","","F","F","F","F","F","F","F","F","F","","","","F","F","F","F","F","","","","",0,0,0,0,0,0,0,0,0,8,"NY1","NY1","BSN",1,"F","F",2,0,2,3,3,"T","F",0,2,"T","T","meusi101","wilsh102","T","T",0,0,0,0,0,0,0,0,0,"","","",0,0,0,0,0,0,0,0,0,0,0,0,0,"","F","F","F","F",4,0,0,0,1,0,0,0,0,0,F,F,"1924NY1.EVN.regular.event.csv",3585
"NY1192409101","BSN",1,1,1,0,0,"",0,2,"meusi101","?","meusi101","?","coonj101","?","coonj101","?","gibsf101","mcins101","tierc101","padge101","smitb110","wilsf101","thomh102","stenc101","","kellg101","","S.2-H","F","F",7,5,20,"T","T",1,"F","F",0,"F","F",1,"F","F",0,"","F","F","",0,0,"N",0,"N",0,"N",1,0,4,0,"","","","","F","F","F","F","F","F","F","F","F","","coonj101","","F","F","F","F","F","","","","",0,0,0,0,0,0,0,0,0,9,"NY1","NY1","BSN",1,"F","F",2,0,2,4,4,"T","F",2,1,"T","T","wilsh102","jackt101","T","T",0,0,0,3,4,8,0,0,0,"","gibsf101","",0,0,0,0,0,0,0,0,0,0,0,0,1,"","F","F","F","F",0,0,4,0,0,0,0,0,0,0,F,F,"1924NY1.EVN.regular.event.csv",3586
"NY1192409101","BSN",1,1,1,0,0,"",0,3,"wilsh102","?","wilsh102","?","coonj101","?","coonj101","?","gibsf101","mcins101","tierc101","padge101","smitb110","wilsf101","thomh102","stenc101","meusi101","","","W.1-2","F","F",8,6,14,"T","F",0,"F","F",0,"F","F",0,"F","F",0,"","F","F","",0,0,"N",0,"N",0,"N",1,2,0,0,"","","","","F","F","F","F","F","F","F","F","F","coonj101","","","F","F","F","F","F","","","","",0,0,0,0,0,0,0,0,0,10,"NY1","NY1","BSN",1,"F","F",3,0,3,5,5,"T","F",1,3,"T","T","jackt101","gowdh101","T","T",7,5,9,0,0,0,0,0,0,"gibsf101","","",0,0,0,0,0,0,0,0,0,0,0,0,0,"","F","F","F","F",0,0,0,0,0,0,0,0,0,0,F,F,"1924NY1.EVN.regular.event.csv",3587
"NY1192409101","BSN",1,1,1,0,0,"",0,3,"jackt101","?","jackt101","?","coonj101","?","coonj101","?","gibsf101","mcins101","tierc101","padge101","smitb110","wilsf101","thomh102","stenc101","wilsh102","meusi101","","K","F","F",6,7,3,"T","T",0,"F","F",1,"F","F",0,"F","F",0,"","F","F","",0,0,"N",0,"N",0,"N",0,1,2,0,"2","","","","F","F","F","F","F","F","F","F","F","coonj101","coonj101","","F","F","F","F","F","","","","",0,2,0,0,0,0,0,0,0,11,"NY1","NY1","BSN",1,"F","F",3,0,3,6,6,"T","F",3,3,"T","T","gowdh101","barnv101","T","T",8,6,10,7,5,9,0,0,0,"gibsf101","gibsf101","",0,0,0,0,0,0,0,0,0,0,0,0,0,"","F","F","F","F",0,0,0,0,0,0,0,0,0,0,F,F,"1924NY1.EVN.regular.event.csv",3588
"NY1192409101","BSN",1,1,2,0,0,"",0,3,"gowdh101","?","gowdh101","?","coonj101","?","coonj101","?","gibsf101","mcins101","tierc101","padge101","smitb110","wilsf101","thomh102","stenc101","wilsh102","meusi101","","SB3;SB2#","F","F",2,8,4,"F","F",0,"F","F",0,"F","F",0,"F","F",0,"","F","F","",0,0,"N",0,"N",0,"N",0,2,3,0,"","","","","T","T","F","F","F","F","F","F","F","coonj101","coonj101","","F","F","F","F","F","","","","",0,0,0,0,0,0,0,0,0,12,"NY1","NY1","BSN",1,"F","F",3,0,3,7,7,"T","F",3,6,"T","T","barnv101","grohh101","T","T",8,6,10,7,5,9,0,0,0,"gibsf101","gibsf101","",0,0,0,0,0,0,0,0,0,0,0,0,0,"","F","F","F","F",0,0,0,0,0,0,0,0,0,0,F,T,"1924NY1.EVN.regular.event.csv",3589
"NY1192409101","BSN",1,1,2,0,0,"",0,3,"gowdh101","?","gowdh101","?","coonj101","?","coonj101","?","gibsf101","mcins101","tierc101","padge101","smitb110","wilsf101","thomh102","stenc101","","wilsh102","meusi101","W","F","F",2,8,14,"T","F",0,"F","F",0,"F","F",0,"F","F",0,"","F","F","",0,0,"N",0,"N",0,"N",1,0,2,3,"","","","","F","F","F","F","F","F","F","F","F","","coonj101","coonj101","F","F","F","F","F","","","","",0,0,0,0,0,0,0,0,0,13,"NY1","NY1","BSN",1,"F","F",3,0,3,7,7,"F","F",6,7,"T","T","barnv101","grohh101","T","T",0,0,0,8,6,10,7,5,9,"","gibsf101","gibsf101",0,0,0,0,0,0,0,0,0,0,0,0,0,"","F","F","F","F",0,0,0,0,0,0,0,0,0,0,F,F,"1924NY1.EVN.regular.event.csv",3590
"NY1192409101","BSN",1,1,2,0,0,"",0,3,"barnv101","?","barnv101","?","coonj101","?","coonj101","?","gibsf101","mcins101","tierc101","padge101","smitb110","wilsf101","thomh102","stenc101","gowdh101","wilsh102","meusi101","46(1)/FO","F","F",1,9,2,"T","T",0,"F","F",1,"F","F",0,"F","F",4,"G","F","F","",0,0,"N",0,"N",0,"N",1,0,2,3,"","46","","","F","F","F","F","F","F","F","F","F","coonj101","coonj101","coonj101","F","F","F","F","F","","","","",0,6,0,0,4,0,0,0,0,14,"NY1","NY1","BSN",1,"F","T",3,0,3,8,8,"T","F",7,7,"T","T","grohh101","frisf101","T","T",2,8,13,8,6,10,7,5,9,"gibsf101","gibsf101","gibsf101",0,0,0,0,0,0,0,0,0,0,0,0,0,"tierc101","T","F","F","F",0,0,0,0,0,0,0,0,0,0,F,F,"1924NY1.EVN.regular.event.csv",3591
"NY1192409101","BSN",2,0,0,0,0,"",0,3,"mcins101","?","mcins101","?","barnv101","?","barnv101","?","gowdh101","kellg101","frisf101","grohh101","jackt101","meusi101","wilsh102","younr101","","","","63","T","F",3,4,2,"T","T",0,"F","F",1,"F","F",0,"F","F",6,"G","F","F","",0,0,"N",0,"N",0,"N",0,0,0,0,"63","","","","F","F","F","F","F","F","F","F","F","","","","F","F","F","F","F","","","","",0,3,0,0,6,0,0,0,0,15,"NY1","BSN","NY1",0,"T","F",0,3,0,3,0,"T","F",0,0,"T","T","tierc101","gibsf101","T","T",0,0,0,0,0,0,0,0,0,"","","",0,0,0,0,0,0,0,0,0,0,0,0,0,"jackt101","F","F","F","F",0,0,0,0,0,0,0,0,0,0,F,F,"1924NY1.EVN.regular.event.csv",3592
"NY1192409101","BSN",2,0,1,0,0,"",0,3,"tierc101","?","tierc101","?","barnv101","?","barnv101","?","gowdh101","kellg101","frisf101","grohh101","jackt101","meusi101","wilsh102","younr101","","","","D8","F","F",4,5,21,"T","T",2,"F","F",0,"F","F",0,"F","F",8,"","F","F","",0,0,"N",0,"N",0,"N",2,0,0,0,"","","","","F","F","F","F","F","F","F","F","F","","","","F","F","F","F","F","","","","",0,0,0,0,0,0,0,0,0,16,"NY1","BSN","NY1",0,"F","F",0,3,0,4,1,"T","F",0,2,"T","T","gibsf101","smitb110","T","T",0,0,0,0,0,0,0,0,0,"","","",0,0,0,0,0,0,0,0,0,0,0,0,0,"wilsh102","F","F","F","F",0,0,0,0,0,0,0,0,0,0,F,F,"1924NY1.EVN.regular.event.csv",3593
"NY1192409101","BSN",2,0,1,0,0,"",0,3,"gibsf101","?","gibsf101","?","barnv101","?","barnv101","?","gowdh101","kellg101","frisf101","grohh101","jackt101","meusi101","wilsh102","younr101","","tierc101","","3/G.2-3","F","F",2,6,2,"T","T",0,"F","F",1,"F","F",0,"F","F",3,"G","F","F","",0,0,"N",0,"N",0,"N",0,0,3,0,"3","","","","F","F","F","F","F","F","F","F","F","","barnv101","","F","F","F","F","F","","","","",0,3,0,0,0,0,0,0,0,17,"NY1","BSN","NY1",0,"F","F",0,3,0,5,2,"T","F",2,4,"T","T","smitb110","padge101","T","T",0,0,0,4,5,16,0,0,0,"","gowdh101","",0,0,0,0,0,0,0,0,0,0,0,0,0,"kellg101","F","F","F","F",0,0,0,0,0,0,0,0,0,0,F,F,"1924NY1.EVN.regular.event.csv",3594
"NY1192409101","BSN",2,0,2,0,0,"",0,3,"smitb110","?","smitb110","?","barnv101","?","barnv101","?","gowdh101","kellg101","frisf101","grohh101","jackt101","meusi101","wilsh102","younr101","","","tierc101","63","F","F",6,7,2,"T","T",0,"F","F",1,"F","F",0,"F","F",6,"G","F","F","",0,0,"N",0,"N",0,"N",0,0,0,3,"63","","","","F","F","F","F","F","F","F","F","F","","","barnv101","F","F","F","F","F","","","","",0,3,0,0,6,0,0,0,0,18,"NY1","BSN","NY1",0,"F","T",0,3,0,6,3,"T","F",4,4,"T","T","padge101","coonj101","T","T",0,0,0,0,0,0,4,5,16,"","","gowdh101",0,0,0,0,0,0,0,0,0,0,0,0,0,"jackt101","F","F","F","F",0,0,0,0,0,0,0,0,0,0,F,F,"1924NY1.EVN.regular.event.csv",3595
"NY1192409101","BSN",2,1,0,0,0,"",0,3,"grohh101","?","grohh101","?","coonj101","?","coonj101","?","gibsf101","mcins101","tierc101","padge101","smitb110","wilsf101","thomh102","stenc101","","","","8/F","T","F",5,1,2,"T","T",0,"F","F",1,"F","F",0,"F","F",8,"F","F","F","",0,0,"N",0,"N",0,"N",0,0,0,0,"8","","","","F","F","F","F","F","F","F","F","F","","","","F","F","F","F","F","","","","",0,8,0,0,0,0,0,0,0,19,"NY1","NY1","BSN",1,"T","F",3,0,0,9,0,"T","F",0,0,"T","T","frisf101","younr101","T","T",0,0,0,0,0,0,0,0,0,"","","",0,0,0,0,0,0,0,0,0,0,0,0,0,"thomh102","F","F","F","F",0,0,0,0,0,0,0,0,0,0,F,F,"1924NY1.EVN.regular.event.csv",3596
"NY1192409101","BSN",2,1,1,0,0,"",0,3,"frisf101","?","frisf101","?","coonj101","?","coonj101","?","gibsf101","mcins101","tierc101","padge101","smitb110","wilsf101","thomh102","stenc101","","","","S","F","F",4,2,20,"T","T",1,"F","F",0,"F","F",0,"F","F",0,"","F","F","",0,0,"N",0,"N",0,"N",1,0,0,0,"","","","","F","F","F","F","F","F","F","F","F","","","","F","F","F","F","F","","","","",0,0,0,0,0,0,0,0,0,20,"NY1","NY1","BSN",1,"F","F",3,0,0,10,1,"T","F",0,1,"T","T","younr101","kellg101","T","T",0,0,0,0,0,0,0,0,0,"","","",0,0,0,0,0,0,0,0,0,0,0,0,0,"","F","F","F","F",0,0,0,0,0,0,0,0,0,0,F,F,"1924NY1.EVN.regular.event.csv",3597
"NY1192409101","BSN",2,1,1,0,0,"",0,3,"younr101","?","younr101","?","coonj101","?","coonj101","?","gibsf101","mcins101","tierc101","padge101","smitb110","wilsf101","thomh102","stenc101","frisf101","","","SB2","F","F",9,3,4,"F","F",0,"F","F",0,"F","F",0,"F","F",0,"","F","F","",0,0,"N",0,"N",0,"N",0,2,0,0,"","","","","T","F","F","F","F","F","F","F","F","coonj101","","","F","F","F","F","F","","","","",0,0,0,0,0,0,0,0,0,21,"NY1","NY1","BSN",1,"F","F",3,0,0,11,2,"T","F",1,2,"T","T","kellg101","meusi101","T","T",4,2,20,0,0,0,0,0,0,"gibsf101","","",0,0,0,0,0,0,0,0,0,0,0,0,0,"","F","F","F","F",0,0,0,0,0,0,0,0,0,0,F,F,"1924NY1.EVN.regular.event.csv",3598
"NY1192409101","BSN",2,1,1,0,0,"",0,3,"younr101","?","younr101","?","coonj101","?","coonj101","?","gibsf101","mcins101","tierc101","padge101","smitb110","wilsf101","thomh102","stenc101","","frisf101","","K","F","F",9,3,3,"T","T",0,"F","F",1,"F","F",0,"F","F",0,"","F","F","",0,0,"N",0,"N",0,"N",0,0,2,0,"2","","","","F","F","F","F","F","F","F","F","F","","coonj101","","F","F","F","F","F","","","","",0,2,0,0,0,0,0,0,0,22,"NY1","NY1","BSN",1,"F","F",3,0,0,11,2,"F","F",2,2,"T","T","kellg101","meusi101","T","T",0,0,0,4,2,20,0,0,0,"","gibsf101","",0,0,0,0,0,0,0,0,0,0,0,0,0,"","F","F","F","F",0,0,0,0,0,0,0,0,0,0,F,F,"1924NY1.EVN.regular.event.csv",3599
"NY1192409101","BSN",2,1,2,0,0,"",0,3,"kellg101","?","kellg101","?","coonj101","?","coonj101","?","gibsf101","mcins101","tierc101","padge101","smitb110","wilsf101","thomh102","stenc101","","frisf101","","63","F","F",3,4,2,"T","T",0,"F","F",1,"F","F",0,"F","F",6,"G","F","F","",0,0,"N",0,"N",0,"N",0,0,2,0,"63","","","","F","F","F","F","F","F","F","F","F","","coonj101","","F","F","F","F","F","","","","",0,3,0,0,6,0,0,0,0,23,"NY1","NY1","BSN",1,"F","T",3,0,0,12,3,"T","F",2,2,"T","T","meusi101","wilsh102","T","T",0,0,0,4,2,20,0,0,0,"","gibsf101","",0,0,0,0,0,0,0,0,0,0,0,0,0,"smitb110","F","F","F","F",0,0,0,0,0,0,0,0,0,0,F,F,"1924NY1.EVN.regular.event.csv",3600
"NY1192409101","BSN",3,0,0,0,0,"",0,3,"padge101","?","padge101","?","barnv101","?","barnv101","?","gowdh101","kellg101","frisf101","grohh101","jackt101","meusi101","wilsh102","younr101","","","","E6/G","T","F",5,8,18,"T","T",0,"F","F",0,"F","F",0,"F","F",6,"G","F","F","",1,6,"F",0,"N",0,"N",1,0,0,0,"","","","","F","F","F","F","F","F","F","F","F","","","","F","F","F","F","F","","","","",0,0,0,0,0,0,0,0,0,24,"NY1","BSN","NY1",0,"T","F",0,3,0,7,0,"T","F",0,1,"T","T","coonj101","thomh102","T","T",0,0,0,0,0,0,0,0,0,"","","",0,0,0,0,0,0,0,0,0,0,0,0,0,"jackt101","F","F","F","T",0,0,0,0,0,0,0,0,0,0,F,F,"1924NY1.EVN.regular.event.csv",3601
"NY1192409101","BSN",3,0,0,0,0,"",0,3,"coonj101","?","coonj101","?","barnv101","?","barnv101","?","gowdh101","kellg101","frisf101","grohh101","jackt101","meusi101","wilsh102","younr101","padge101","","","S5.1-2","F","F",1,9,20,"T","T",1,"F","F",0,"F","F",0,"F","F",5,"","F","F","",0,0,"N",0,"N",0,"N",1,2,0,0,"","","","","F","F","F","F","F","F","F","F","F","barnv101","","","F","F","F","F","F","","","","",0,0,0,0,0,0,0,0,0,25,"NY1","BSN","NY1",0,"F","F",0,3,0,8,1,"T","F",1,3,"T","T","thomh102","wilsf101","T","T",5,8,24,0,0,0,0,0,0,"gowdh101","","",0,0,0,0,0,0,0,0,0,0,0,0,0,"grohh101","F","F","F","F",0,0,0,0,0,0,0,0,0,0,F,F,"1924NY1.EVN.regular.event.csv",3602
"NY1192409101","BSN",3,0,0,0,0,"",0,3,"thomh102","?","thomh102","?","barnv101","?","barnv101","?","gowdh101","kellg101","frisf101","grohh101","jackt101","meusi101","wilsh102","younr101","coonj101","padge101","","7/F","F","F",8,1,2,"T","T",0,"F","F",1,"F","F",0,"F","F",7,"F","F","F","",0,0,"N",0,"N",0,"N",0,1,2,0,"7","","","","F","F","F","F","F","F","F","F","F","barnv101","barnv101","","F","F","F","F","F","","","","",0,7,0,0,0,0,0,0,0,26,"NY1","BSN","NY1",0,"F","F",0,3,0,9,2,"T","F",3,3,"T","T","wilsf101","stenc101","T","T",1,9,25,5,8,24,0,0,0,"gowdh101","gowdh101","",0,0,0,0,0,0,0,0,0,0,0,0,0,"meusi101","F","F","F","F",0,0,0,0,0,0,0,0,0,0,F,F,"1924NY1.EVN.regular.event.csv",3603
"NY1192409101","BSN",3,0,1,0,0,"",0,3,"wilsf101","?","wilsf101","?","barnv101","?","barnv101","?","gowdh101","kellg101","frisf101","grohh101","jackt101","meusi101","wilsh102","younr101","coonj101","padge101","","43.2-3;1-2","F","F",7,2,2,"T","T",0,"F","F",1,"F","F",0,"F","F",4,"G","F","F","",0,0,"N",0,"N",0,"N",0,2,3,0,"43","","","","F","F","F","F","F","F","F","F","F","barnv101","barnv101","","F","F","F","F","F","","","","",0,3,0,0,4,0,0,0,0,27,"NY1","BSN","NY1",0,"F","F",0,3,0,10,3,"T","F",3,6,"T","T","stenc101","mcins101","T","T",1,9,25,5,8,24,0,0,0,"gowdh101","gowdh101","",0,0,0,0,0,0,0,0,0,0,0,0,0,"frisf101","F","F","F","F",0,0,0,0,0,0,0,0,0,0,F,F,"1924NY1.EVN.regular.event.csv",3604
"NY1192409101","BSN",3,0,2,0,0,"",0,3,"stenc101","?","stenc101","?","barnv101","?","barnv101","?","gowdh101","kellg101","frisf101","grohh101","jackt101","meusi101","wilsh102","younr101","","coonj101","padge101","7/F","F","F",9,3,2,"T","T",0,"F","F",1,"F","F",0,"F","F",7,"F","F","F","",0,0,"N",0,"N",0,"N",0,0,2,3,"7","","","","F","F","F","F","F","F","F","F","F","","barnv101","barnv101","F","F","F","F","F","","","","",0,7,0,0,0,0,0,0,0,28,"NY1","BSN","NY1",0,"F","T",0,3,0,11,4,"T","F",6,6,"T","T","mcins101","tierc101","T","T",0,0,0,1,9,25,5,8,24,"","gowdh101","gowdh101",0,0,0,0,0,0,0,0,0,0,0,0,0,"meusi101","F","F","F","F",0,0,0,0,0,0,0,0,0,0,F,F,"1924NY1.EVN.regular.event.csv",3605
"NY1192409101","BSN",3,1,0,0,0,"",0,3,"meusi101","?","meusi101","?","coonj101","?","coonj101","?","gibsf101","mcins101","tierc101","padge101","smitb110","wilsf101","thomh102","stenc101","","","","S","T","F",7,5,20,"T","T",1,"F","F",0,"F","F",0,"F","F",0,"","F","F","",0,0,"N",0,"N",0,"N",1,0,0,0,"","","","","F","F","F","F","F","F","F","F","F","","","","F","F","F","F","F","","","","",0,0,0,0,0,0,0,0,0,29,"NY1","NY1","BSN",1,"T","F",3,0,0,13,0,"T","F",0,1,"T","T","wilsh102","jackt101","T","T",0,0,0,0,0,0,0,0,0,"","","",0,0,0,0,0,0,0,0,0,0,0,0,0,"","F","F","F","F",4,0,0,0,5,0,0,0,0,0,F,F,"1924NY1.EVN.regular.event.csv",3606
"NY1192409101","BSN",3,1,0,0,0,"",0,3,"wilsh102","?","wilsh102","?","coonj101","?","coonj101","?","gibsf101","mcins101","tierc101","padge101","smitb110","wilsf101","thomh102","stenc101","meusi101","","","S.1-3","F","F",8,6,20,"T","T",1,"F","F",0,"F","F",0,"F","F",0,"","F","F","",0,0,"N",0,"N",0,"N",1,3,0,0,"","","","","F","F","F","F","F","F","F","F","F","coonj101","","","F","F","F","F","F","","","","",0,0,0,0,0,0,0,0,0,30,"NY1","NY1","BSN",1,"F","F",3,0,0,14,1,"T","F",1,5,"T","T","jackt101","gowdh101","T","T",7,5,29,0,0,0,0,0,0,"gibsf101","","",0,0,0,0,0,0,0,0,0,0,0,0,0,"","F","F","F","F",4,4,0,0,5,0,0,0,0,0,F,F,"1924NY1.EVN.regular.event.csv",3607
"NY1192409101","BSN",3,1,0,0,0,"",0,3,"jackt101","?","jackt101","?","coonj101","?","coonj101","?","gibsf101","mcins101","tierc101","padge101","smitb110","wilsf101","thomh102","stenc101","wilsh102","","meusi101","SB2","F","F",6,7,4,"F","F",0,"F","F",0,"F","F",0,"F","F",0,"","F","F","",0,0,"N",0,"N",0,"N",0,2,0,3,"","","","","T","F","F","F","F","F","F","F","F","coonj101","","coonj101","F","F","F","F","F","","","","",0,0,0,0,0,0,0,0,0,31,"NY1","NY1","BSN",1,"F","F",3,0,0,15,2,"T","F",5,6,"T","T","gowdh101","barnv101","T","T",8,6,30,0,0,0,7,5,29,"gibsf101","","gibsf101",0,0,0,0,0,0,0,0,0,0,0,0,0,"","F","F","F","F",0,4,0,4,5,0,0,0,0,0,F,F,"1924NY1.EVN.regular.event.csv",3608
"NY1192409101","BSN",3,1,0,0,0,"",0,3,"jackt101","?","jackt101","?","coonj101","?","coonj101","?","gibsf101","mcins101","tierc101","padge101","smitb110","wilsf101","thomh102","stenc101","","wilsh102","meusi101","E5/TH1.3-H(NR);2-3","F","F",6,7,18,"T","T",0,"F","F",0,"F","F",0,"F","F",5,"G","F","F","",1,5,"T",0,"N",0,"N",1,0,3,4,"","","","","F","F","F","F","F","F","F","F","F","","coonj101","coonj101","F","F","F","F","F","","","","",0,0,0,0,0,0,0,0,0,32,"NY1","NY1","BSN",1,"F","F",3,0,0,15,2,"F","F",6,5,"T","T","gowdh101","barnv101","T","T",0,0,0,8,6,30,7,5,29,"","gibsf101","gibsf101",0,0,0,0,0,0,0,0,0,0,0,0,1,"padge101","F","F","F","T",5,0,4,4,4,0,0,0,0,0,F,F,"1924NY1.EVN.regular.event.csv",3609
"NY1192409101","BSN",3,1,0,0,0,"",0,4,"gowdh101","?","gowdh101","?","coonj101","?","coonj101","?","gibsf101","mcins101","tierc101","padge101","smitb110","wilsf101","thomh102","stenc101","jackt101","","wilsh102","S.3-H;1-2","F","F",2,8,20,"T","T",1,"F","F",0,"F","F",1,"F","F",0,"","F","F","",0,0,"N",0,"N",0,"N",1,2,0,4,"","","","","F","F","F","F","F","F","F","F","F","coonj101","","coonj101","F","F","F","F","F","","","","",0,0,0,0,0,0,0,0,0,33,"NY1","NY1","BSN",1,"F","F",4,0,1,16,3,"T","F",5,3,"T","T","barnv101","grohh101","T","T",6,7,32,0,0,0,8,6,30,"gibsf101","","gibsf101",0,0,0,0,0,0,0,0,0,0,0,0,1,"","F","F","F","F",4,5,0,4,3,0,0,0,0,0,F,F,"1924NY1.EVN.regular.event.csv",3610
"NY1192409101","BSN",3,1,0,0,0,"",0,5,"barnv101","?","barnv101","?","mcnat101","?","mcnat101","?","gibsf101","mcins101","tierc101","padge101","smitb110","wilsf101","thomh102","stenc101","gowdh101","jackt101","","53/SH.2-3;1-2","F","F",1,9,2,"T","F",0,"T","F",1,"F","F",0,"F","F",5,"G","T","F","",0,0,"N",0,"N",0,"N",0,2,3,0,"53","","","","F","F","F","F","F","F","F","F","F","coonj101","coonj101","","F","F","F","F","F","","","","",0,3,0,0,5,0,0,0,0,34,"NY1","NY1","BSN",1,"F","F",5,0,2,17,4,"T","F",3,6,"T","T","grohh101","frisf101","F","F",2,8,33,6,7,32,0,0,0,"gibsf101","gibsf101","",0,0,0,0,0,0,0,0,0,0,0,0,0,"padge101","F","F","F","F",0,4,5,0,3,0,0,0,0,0,F,F,"1924NY1.EVN.regular.event.csv",3611
"NY1192409101","BSN",3,1,1,0,0,"",0,5,"grohh101","?","grohh101","?","mcnat101","?","mcnat101","?","gibsf101","mcins101","tierc101","padge101","smitb110","wilsf101","thomh102","stenc101","","gowdh101","jackt101","FC6.3-H(UR);2-3","F","F",5,1,19,"T","T",0,"F","F",0,"F","F",1,"F","F",6,"G","F","F","",0,0,"N",0,"N",0,"N",1,0,3,5,"","","","","F","F","F","F","F","F","F","F","F","","coonj101","coonj101","F","F","F","F","F","","","","",0,0,0,0,0,0,0,0,0,35,"NY1","NY1","BSN",1,"F","F",5,0,2,18,5,"T","F",6,5,"T","T","frisf101","younr101","F","F",0,0,0,2,8,33,6,7,32,"","gibsf101","gibsf101",0,0,0,0,0,0,0,0,0,0,0,0,1,"smitb110","F","F","F","F",5,0,4,5,2,0,0,0,0,0,F,F,"1924NY1.EVN.regular.event.csv",3612
"NY1192409101","BSN",3,1,1,0,0,"",0,6,"frisf101","?","frisf101","?","mcnat101","?","mcnat101","?","gibsf101","mcins101","tierc101","padge101","smitb110","wilsf101","thomh102","stenc101","grohh101","","gowdh101","S.3-H;1-2","F","F",4,2,20,"T","T",1,"F","F",0,"F","F",1,"F","F",0,"","F","F","",0,0,"N",0,"N",0,"N",1,2,0,4,"","","","","F","F","F","F","F","F","F","F","F","mcnat101","","coonj101","F","F","F","F","F","","","","",0,0,0,0,0,0,0,0,0,36,"NY1","NY1","BSN",1,"F","F",6,0,3,19,6,"T","F",5,3,"T","T","younr101","kellg101","F","F",5,1,35,0,0,0,2,8,33,"gibsf101","","gibsf101",0,0,0,0,0,0,0,0,0,0,0,0,1,"","F","F","F","F",0,5,0,4,1,0,0,0,0,0,F,F,"1924NY1.EVN.regular.event.csv",3613
"NY1192409101","BSN",3,1,1,0,0,"",0,7,"younr101","?","younr101","?","mcnat101","?","mcnat101","?","gibsf101","mcins101","tierc101","padge101","smitb110","wilsf101","thomh102","stenc101","frisf101","grohh101","","W.2-3;1-2","F","F",9,3,14,"T","F",0,"F","F",0,"F","F",0,"F","F",0,"","F","F","",0,0,"N",0,"N",0,"N",1,2,3,0,"","","","","F","F","F","F","F","F","F","F","F","mcnat101","mcnat101","","F","F","F","F","F","","","","",0,0,0,0,0,0,0,0,0,37,"NY1","NY1","BSN",1,"F","F",7,0,4,20,7,"T","F",3,7,"T","T","kellg101","meusi101","F","F",4,2,36,5,1,35,0,0,0,"gibsf101","gibsf101","",0,0,0,0,0,0,0,0,0,0,0,0,0,"","F","F","F","F",0,0,5,0,1,0,0,0,0,0,F,F,"1924NY1.EVN.regular.event.csv",3614
"NY1192409101","BSN",3,1,1,0,0,"",0,7,"kellg101","?","kellg101","?","mcnat101","?","mcnat101","?","gibsf101","mcins101","tierc101","padge101","smitb110","wilsf101","thomh102","stenc101","younr101","frisf101","grohh101","3/FL","F","F",3,4,2,"T","T",0,"F","F",1,"F","F",0,"F","F",3,"F","F","T","",0,0,"N",0,"N",0,"N",0,1,2,3,"3","","","","F","F","F","F","F","F","F","F","F","mcnat101","mcnat101","mcnat101","F","F","F","F","F","","","","",0,3,0,0,0,0,0,0,0,38,"NY1","NY1","BSN",1,"F","F",7,0,4,21,8,"T","F",7,7,"T","T","meusi101","wilsh102","F","F",9,3,37,4,2,36,5,1,35,"gibsf101","gibsf101","gibsf101",0,0,0,0,0,0,0,0,0,0,0,0,0,"mcins101","F","F","F","F",0,0,0,5,1,0,0,0,0,0,F,F,"1924NY1.EVN.regular.event.csv",3615
"NY1192409101","BSN",3,1,2,0,0,"",0,7,"meusi101","?","meusi101","?","mcnat101","?","mcnat101","?","gibsf101","mcins101","tierc101","padge101","smitb110","wilsf101","thomh102","stenc101","younr101","frisf101","grohh101","S.3-H(UR);2-3;1-2","F","F",7,5,20,"T","T",1,"F","F",0,"F","F",1,"F","F",0,"","F","F","",0,0,"N",0,"N",0,"N",1,2,3,5,"","","","","F","F","F","F","F","F","F","F","F","mcnat101","mcnat101","mcnat101","F","F","F","F","F","","","","",0,0,0,0,0,0,0,0,0,39,"NY1","NY1","BSN",1,"F","F",7,0,4,22,9,"T","F",7,7,"T","T","wilsh102","jackt101","F","F",9,3,37,4,2,36,5,1,35,"gibsf101","gibsf101","gibsf101",0,0,0,0,0,0,0,0,0,0,0,0,1,"","F","F","F","F",0,0,0,5,0,0,0,0,0,0,F,F,"1924NY1.EVN.regular.event.csv",3616
"NY1192409101","BSN",3,1,2,0,0,"",0,8,"wilsh102","?","wilsh102","?","mcnat101","?","mcnat101","?","gibsf101","mcins101","tierc101","padge101","smitb110","wilsf101","thomh102","stenc101","meusi101","younr101","frisf101","64(1)/FO","F","F",8,6,2,"T","T",0,"F","F",1,"F","F",0,"F","F",6,"G","F","F","",0,0,"N",0,"N",0,"N",1,0,2,3,"","64","","","F","F","F","F","F","F","F","F","F","mcnat101","mcnat101","mcnat101","F","F","F","F","F","","","","",0,4,0,0,6,0,0,0,0,40,"NY1","NY1","BSN",1,"F","T",8,0,5,23,10,"T","F",7,7,"T","T","jackt101","gowdh101","F","F",7,5,39,9,3,37,4,2,36,"gibsf101","gibsf101","gibsf101",0,0,0,0,0,0,0,0,0,0,0,0,0,"smitb110","T","F","F","F",0,0,0,0,0,0,0,0,0,0,F,F,"1924NY1.EVN.regular.event.csv",3617
"NY1192409101","BSN",4,0,0,0,0,"",0,8,"mcins101","?","mcins101","?","barnv101","?","barnv101","?","gowdh101","kellg101","frisf101","grohh101","jackt101","meusi101","wilsh102","younr101","","","","7/L","T","F",3,4,2,"T","T",0,"F","F",1,"F","F",0,"F","F",7,"L","F","F","",0,0,"N",0,"N",0,"N",0,0,0,0,"7","","","","F","F","F","F","F","F","F","F","F","","","","F","F","F","F","F","","","","",0,7,0,0,0,0,0,0,0,41,"NY1","BSN","NY1",0,"T","F",0,8,0,12,0,"T","F",0,0,"T","T","tierc101","gibsf101","T","T",0,0,0,0,0,0,0,0,0,"","","",0,0,0,0,0,0,0,0,0,0,0,0,0,"meusi101","F","F","F","F",0,0,0,0,0,0,0,0,0,0,F,F,"1924NY1.EVN.regular.event.csv",3618
"NY1192409101","BSN",4,0,1,0,0,"",0,8,"tierc101","?","tierc101","?","barnv101","?","barnv101","?","gowdh101","kellg101","frisf101","grohh101","jackt101","meusi101","wilsh102","younr101","","","","8/F","F","F",4,5,2,"T","T",0,"F","F",1,"F","F",0,"F","F",8,"F","F","F","",0,0,"N",0,"N",0,"N",0,0,0,0,"8","","","","F","F","F","F","F","F","F","F","F","","","","F","F","F","F","F","","","","",0,8,0,0,0,0,0,0,0,42,"NY1","BSN","NY1",0,"F","F",0,8,0,13,1,"T","F",0,0,"T","T","gibsf101","smitb110","T","T",0,0,0,0,0,0,0,0,0,"","","",0,0,0,0,0,0,0,0,0,0,0,0,0,"wilsh102","F","F","F","F",0,0,0,0,0,0,0,0,0,0,F,F,"1924NY1.EVN.regular.event.csv",3619
"NY1192409101","BSN",4,0,2,0,0,"",0,8,"gibsf101","?","gibsf101","?","barnv101","?","barnv101","?","gowdh101","kellg101","frisf101","grohh101","jackt101","meusi101","wilsh102","younr101","","","","E1/G","F","F",2,6,18,"T","T",0,"F","F",0,"F","F",0,"F","F",1,"G","F","F","",1,1,"F",0,"N",0,"N",1,0,0,0,"","","","","F","F","F","F","F","F","F","F","F","","","","F","F","F","F","F","","","","",0,0,0,0,0,0,0,0,0,43,"NY1","BSN","NY1",0,"F","F",0,8,0,14,2,"T","F",0,1,"T","T","smitb110","padge101","T","T",0,0,0,0,0,0,0,0,0,"","","",0,0,0,0,0,0,0,0,0,0,0,0,0,"barnv101","F","F","F","T",0,0,0,0,0,0,0,0,0,0,F,F,"1924NY1.EVN.regular.event.csv",3620
"NY1192409101","BSN",4,0,2,0,0,"",0,8,"smitb110","?","smitb110","?","barnv101","?","barnv101","?","gowdh101","kellg101","frisf101","grohh101","jackt101","meusi101","wilsh102","younr101","gibsf101","","","54(1)/FO","F","F",6,7,2,"T","T",0,"F","F",1,"F","F",0,"F","F",5,"G","F","F","",0,0,"N",0,"N",0,"N",1,0,0,0,"","54","","","F","F","F","F","F","F","F","F","F","barnv101","","","F","F","F","F","F","","","","",0,4,0,0,5,0,0,0,0,44,"NY1","BSN","NY1",0,"F","T",0,8,0,15,3,"T","F",1,1,"T","T","padge101","mcnat101","T","T",2,6,43,0,0,0,0,0,0,"gowdh101","","",0,0,0,0,0,0,0,0,0,0,0,0,0,"grohh101","T","F","F","F",0,0,0,0,0,0,0,0,0,0,F,F,"1924NY1.EVN.regular.event.csv",3621
"NY1192409101","BSN",4,1,0,0,0,"",0,8,"jackt101","?","jackt101","?","mcnat101","?","mcnat101","?","gibsf101","mcins101","tierc101","padge101","smitb110","wilsf101","thomh102","stenc101","","","","23/G","T","F",6,7,2,"T","T",0,"F","F",1,"F","F",0,"F","F",2,"G","F","F","",0,0,"N",0,"N",0,"N",0,0,0,0,"23","","","","F","F","F","F","F","F","F","F","F","","","","F","F","F","F","F","","","","",0,3,0,0,2,0,0,0,0,45,"NY1","NY1","BSN",1,"T","F",8,0,0,24,0,"T","F",0,0,"T","T","gowdh101","barnv101","F","F",0,0,0,0,0,0,0,0,0,"","","",0,0,0,0,0,0,0,0,0,0,0,0,0,"gibsf101","F","F","F","F",0,0,0,0,3,0,0,0,0,0,F,F,"1924NY1.EVN.regular.event.csv",3622
"NY1192409101","BSN",4,1,1,0,0,"",0,8,"gowdh101","?","gowdh101","?","mcnat101","?","mcnat101","?","gibsf101","mcins101","tierc101","padge101","smitb110","wilsf101","thomh102","stenc101","","","","63","F","F",2,8,2,"T","T",0,"F","F",1,"F","F",0,"F","F",6,"G","F","F","",0,0,"N",0,"N",0,"N",0,0,0,0,"63","","","","F","F","F","F","F","F","F","F","F","","","","F","F","F","F","F","","","","",0,3,0,0,6,0,0,0,0,46,"NY1","NY1","BSN",1,"F","F",8,0,0,25,1,"T","F",0,0,"T","T","barnv101","grohh101","F","F",0,0,0,0,0,0,0,0,0,"","","",0,0,0,0,0,0,0,0,0,0,0,0,0,"smitb110","F","F","F","F",0,0,0,0,3,0,0,0,0,0,F,F,"1924NY1.EVN.regular.event.csv",3623
"NY1192409101","BSN",4,1,2,0,0,"",0,8,"barnv101","?","barnv101","?","mcnat101","?","mcnat101","?","gibsf101","mcins101","tierc101","padge101","smitb110","wilsf101","thomh102","stenc101","","","","S","F","F",1,9,20,"T","T",1,"F","F",0,"F","F",0,"F","F",0,"","F","F","",0,0,"N",0,"N",0,"N",1,0,0,0,"","","","","F","F","F","F","F","F","F","F","F","","","","F","F","F","F","F","","","","",0,0,0,0,0,0,0,0,0,47,"NY1","NY1","BSN",1,"F","F",8,0,0,26,2,"T","F",0,1,"T","T","grohh101","frisf101","F","F",0,0,0,0,0,0,0,0,0,"","","",0,0,0,0,0,0,0,0,0,0,0,0,0,"","F","F","F","F",4,0,0,0,3,0,0,0,0,0,F,F,"1924NY1.EVN.regular.event.csv",3624
"NY1192409101","BSN",4,1,2,0,0,"",0,8,"grohh101","?","grohh101","?","mcnat101","?","mcnat101","?","gibsf101","mcins101","tierc101","padge101","smitb110","wilsf101","thomh102","stenc101","barnv101","","","S.1-2#","F","F",5,1,20,"T","T",1,"F","F",0,"F","F",0,"F","F",0,"","F","F","",0,0,"N",0,"N",0,"N",1,2,0,0,"","","","","F","F","F","F","F","F","F","F","F","mcnat101","","","F","F","F","F","F","","","","",0,0,0,0,0,0,0,0,0,48,"NY1","NY1","BSN",1,"F","F",8,0,0,27,3,"T","F",1,3,"T","T","frisf101","younr101","F","F",1,9,47,0,0,0,0,0,0,"gibsf101","","",0,0,0,0,0,0,0,0,0,0,0,0,0,"","F","F","F","F",4,4,0,0,3,0,0,0,0,0,F,T,"1924NY1.EVN.regular.event.csv",3625
"NY1192409101","BSN",4,1,2,0,0,"",0,8,"frisf101","?","frisf101","?","mcnat101","?","mcnat101","?","gibsf101","mcins101","tierc101","padge101","smitb110","wilsf101","thomh102","stenc101","grohh101","barnv101","","HR/L9LD.2-H;1-H","F","F",4,2,23,"T","T",4,"F","F",0,"F","F",3,"F","F",0,"L","F","F","9LD",0,0,"N",0,"N",0,"N",4,4,4,0,"","","","","F","F","F","F","F","F","F","F","F","mcnat101","mcnat101","","F","F","F","F","F","","","","",0,0,0,0,0,0,0,0,0,49,"NY1","NY1","BSN",1,"F","F",8,0,0,28,4,"T","F",3,0,"T","T","younr101","kellg101","F","F",5,1,48,1,9,47,0,0,0,"gibsf101","gibsf101","",0,0,0,0,0,0,0,0,0,0,0,0,3,"","F","F","F","F",4,4,4,0,0,0,0,0,0,0,F,F,"1924NY1.EVN.regular.event.csv",3626
"NY1192409101","BSN",4,1,2,0,0,"",0,11,"younr101","?","younr101","?","mcnat101","?","mcnat101","?","gibsf101","mcins101","tierc101","padge101","smitb110","wilsf101","thomh102","stenc101","","","","43","F","F",9,3,2,"T","T",0,"F","F",1,"F","F",0,"F","F",4,"G","F","F","",0,0,"N",0,"N",0,"N",0,0,0,0,"43","","","","F","F","F","F","F","F","F","F","F","","","","F","F","F","F","F","","","","",0,3,0,0,4,0,0,0,0,50,"NY1","NY1","BSN",1,"F","T",11,0,3,29,5,"T","F",0,0,"T","T","kellg101","meusi101","F","F",0,0,0,0,0,0,0,0,0,"","","",0,0,0,0,0,0,0,0,0,0,0,0,0,"tierc101","F","F","F","F",0,0,0,0,0,0,0,0,0,0,F,F,"1924NY1.EVN.regular.event.csv",3627
"NY1192409101","BSN",5,0,0,0,0,"",0,11,"padge101","?","padge101","?","barnv101","?","barnv101","?","gowdh101","kellg101","frisf101","grohh101","jackt101","meusi101","wilsh102","younr101","","","","8/F","T","F",5,8,2,"T","T",0,"F","F",1,"F","F",0,"F","F",8,"F","F","F","",0,0,"N",0,"N",0,"N",0,0,0,0,"8","","","","F","F","F","F","F","F","F","F","F","","","","F","F","F","F","F","","","","",0,8,0,0,0,0,0,0,0,51,"NY1","BSN","NY1",0,"T","F",0,11,0,16,0,"T","F",0,0,"T","T","mcnat101","thomh102","T","T",0,0,0,0,0,0,0,0,0,"","","",0,0,0,0,0,0,0,0,0,0,0,0,0,"wilsh102","F","F","F","F",0,0,0,0,0,0,0,0,0,0,F,F,"1924NY1.EVN.regular.event.csv",3628
"NY1192409101","BSN",5,0,1,0,0,"",0,11,"power101","?","power101","?","barnv101","?","barnv101","?","gowdh101","kellg101","frisf101","grohh101","jackt101","meusi101","wilsh102","younr101","","","","W","F","T",11,9,14,"T","F",0,"F","F",0,"F","F",0,"F","F",0,"","F","F","",0,0,"N",0,"N",0,"N",1,0,0,0,"","","","","F","F","F","F","F","F","F","F","F","","","","F","F","F","F","F","","","","mcnat101",1,0,0,0,0,0,0,0,0,52,"NY1","BSN","NY1",0,"F","F",0,11,0,17,1,"T","F",0,1,"F","F","thomh102","wilsf101","T","T",0,0,0,0,0,0,0,0,0,"","","",0,0,0,0,0,0,0,0,0,0,0,0,0,"","F","F","F","F",1,0,0,0,0,0,0,0,0,0,F,F,"1924NY1.EVN.regular.event.csv",3629
"NY1192409101","BSN",5,0,1,0,0,"",0,11,"thomh102","?","thomh102","?","barnv101","?","barnv101","?","gowdh101","kellg101","frisf101","grohh101","jackt101","meusi101","wilsh102","younr101","power101","","","8/F","F","F",8,1,2,"T","T",0,"F","F",1,"F","F",0,"F","F",8,"F","F","F","",0,0,"N",0,"N",0,"N",0,1,0,0,"8","","","","F","F","F","F","F","F","F","F","F","barnv101","","","F","F","F","F","F","","","","",0,8,0,0,0,0,0,0,0,53,"NY1","BSN","NY1",0,"F","F",0,11,0,18,2,"T","F",1,1,"T","T","wilsf101","stenc101","T","T",0,9,52,0,0,0,0,0,0,"gowdh101","","",0,0,0,0,0,0,0,0,0,0,0,0,0,"wilsh102","F","F","F","F",0,1,0,0,0,0,0,0,0,0,F,F,"1924NY1.EVN.regular.event.csv",3630
"NY1192409101","BSN",5,0,2,0,0,"",0,11,"wilsf101","?","wilsf101","?","barnv101","?","barnv101","?","gowdh101","kellg101","frisf101","grohh101","jackt101","meusi101","wilsh102","younr101","power101","","","43","F","F",7,2,2,"T","T",0,"F","F",1,"F","F",0,"F","F",4,"G","F","F","",0,0,"N",0,"N",0,"N",0,1,0,0,"43","","","","F","F","F","F","F","F","F","F","F","barnv101","","","F","F","F","F","F","","","","",0,3,0,0,4,0,0,0,0,54,"NY1","BSN","NY1",0,"F","T",0,11,0,19,3,"T","F",1,1,"T","T","stenc101","mcins101","T","T",0,9,52,0,0,0,0,0,0,"gowdh101","","",0,0,0,0,0,0,0,0,0,0,0,0,0,"frisf101","F","F","F","F",0,1,0,0,0,0,0,0,0,0,F,F,"1924NY1.EVN.regular.event.csv",3631
"NY1192409101","BSN",5,1,0,0,0,"",0,11,"kellg101","?","kellg101","?","muicj101","?","muicj101","?","gibsf101","mcins101","tierc101","padge101","smitb110","wilsf101","thomh102","stenc101","","","","E5/TH1","T","F",3,4,18,"T","T",0,"F","F",0,"F","F",0,"F","F",5,"G","F","F","",1,5,"T",0,"N",0,"N",1,0,0,0,"","","","","F","F","F","F","F","F","F","F","F","","","","F","F","F","F","F","","","","",0,0,0,0,0,0,0,0,0,55,"NY1","NY1","BSN",1,"T","F",11,0,0,30,0,"T","F",0,1,"T","T","meusi101","wilsh102","F","F",0,0,0,0,0,0,0,0,0,"","","",0,0,0,0,0,0,0,0,0,0,0,0,0,"padge101","F","F","F","T",5,0,0,0,4,0,0,0,0,0,F,F,"1924NY1.EVN.regular.event.csv",3632
"NY1192409101","BSN",5,1,0,0,0,"",0,11,"meusi101","?","meusi101","?","muicj101","?","muicj101","?","gibsf101","mcins101","tierc101","padge101","smitb110","wilsf101","thomh102","stenc101","kellg101","","","WP.1-2","F","F",7,5,9,"F","F",0,"F","F",0,"F","F",0,"T","F",0,"","F","F","",0,0,"N",0,"N",0,"N",0,2,0,0,"","","","","F","F","F","F","F","F","F","F","F","muicj101","","","F","F","F","F","F","","","","",0,0,0,0,0,0,0,0,0,56,"NY1","NY1","BSN",1,"F","F",11,0,0,31,1,"T","F",1,2,"T","T","wilsh102","jackt101","F","F",3,4,55,0,0,0,0,0,0,"gibsf101","","",0,0,0,0,0,0,0,0,0,0,0,0,0,"","F","F","F","F",0,5,0,0,4,0,0,0,0,0,F,F,"1924NY1.EVN.regular.event.csv",3633
"NY1192409101","BSN",5,1,0,0,0,"",0,11,"meusi101","?","meusi101","?","muicj101","?","muicj101","?","gibsf101","mcins101","tierc101","padge101","smitb110","wilsf101","thomh102","stenc101","","kellg101","","4/P","F","F",7,5,2,"T","T",0,"F","F",1,"F","F",0,"F","F",4,"P","F","F","",0,0,"N",0,"N",0,"N",0,0,2,0,"4","","","","F","F","F","F","F","F","F","F","F","","muicj101","","F","F","F","F","F","","","","",0,4,0,0,0,0,0,0,0,57,"NY1","NY1","BSN",1,"F","F",11,0,0,31,1,"F","F",2,2,"T","T","wilsh102","jackt101","F","F",0,0,0,3,4,55,0,0,0,"","gibsf101","",0,0,0,0,0,0,0,0,0,0,0,0,0,"tierc101","F","F","F","F",0,0,5,0,4,0,0,0,0,0,F,F,"1924NY1.EVN.regular.event.csv",3634
"NY1192409101","BSN",5,1,1,0,0,"",0,11,"wilsh102","?","wilsh102","?","muicj101","?","muicj101","?","gibsf101","mcins101","tierc101","padge101","smitb110","wilsf101","thomh102","stenc101","","kellg101","","S.2-H(UR)","F","F",8,6,20,"T","T",1,"F","F",0,"F","F",1,"F","F",0,"","F","F","",0,0,"N",0,"N",0,"N",1,0,5,0,"","","","","F","F","F","F","F","F","F","F","F","","muicj101","","F","F","F","F","F","","","","",0,0,0,0,0,0,0,0,0,58,"NY1","NY1","BSN",1,"F","F",11,0,0,32,2,"T","F",2,1,"T","T","jackt101","gowdh101","F","F",0,0,0,3,4,55,0,0,0,"","gibsf101","",0,0,0,0,0,0,0,0,0,0,0,0,1,"","F","F","F","F",4,0,5,0,3,0,0,0,0,0,F,F,"1924NY1.EVN.regular.event.csv",3635
"NY1192409101","BSN",5,1,1,0,0,"",0,12,"lindf101","?","lindf101","?","muicj101","?","muicj101","?","gibsf101","mcins101","tierc101","padge101","smitb110","wilsf101","thomh102","stenc101","wilsh102","","","S.1-2#","F","T",11,7,20,"T","T",1,"F","F",0,"F","F",0,"F","F",0,"","F","F","",0,0,"N",0,"N",0,"N",1,2,0,0,"","","","","F","F","F","F","F","F","F","F","F","muicj101","","","F","F","F","F","F","","","","jackt101",6,0,0,0,0,0,0,0,0,59,"NY1","NY1","BSN",1,"F","F",12,0,1,33,3,"T","F",1,3,"F","F","gowdh101","barnv101","F","F",8,6,58,0,0,0,0,0,0,"gibsf101","","",0,0,0,0,0,0,0,0,0,0,0,0,0,"","F","F","F","F",4,4,0,0,3,0,0,0,0,0,F,T,"1924NY1.EVN.regular.event.csv",3636
"NY1192409101","BSN",5,1,1,0,0,"",0,12,"gowdh101","?","gowdh101","?","muicj101","?","muicj101","?","gibsf101","mcins101","tierc101","padge101","smitb110","wilsf101","thomh102","stenc101","lindf101","wilsh102","","HR/F7D.2-H;1-H","F","F",2,8,23,"T","T",4,"F","F",0,"F","F",3,"F","F",0,"F","F","F","7D",0,0,"N",0,"N",0,"N",4,4,4,0,"","","","","F","F","F","F","F","F","F","F","F","muicj101","muicj101","","F","F","F","F","F","","","","",0,0,0,0,0,0,0,0,0,60,"NY1","NY1","BSN",1,"F","F",12,0,1,34,4,"T","F",3,0,"T","T","barnv101","grohh101","F","F",0,7,59,8,6,58,0,0,0,"gibsf101","gibsf101","",0,0,0,0,0,0,0,0,0,0,0,0,3,"","F","F","F","F",4,4,4,0,0,0,0,0,0,0,F,F,"1924NY1.EVN.regular.event.csv",3637
"NY1192409101","BSN",5,1,1,0,0,"",0,15,"barnv101","?","barnv101","?","muicj101","?","muicj101","?","gibsf101","mcins101","tierc101","padge101","smitb110","wilsf101","thomh102","stenc101","","","","7/F","F","F",1,9,2,"T","T",0,"F","F",1,"F","F",0,"F","F",7,"F","F","F","",0,0,"N",0,"N",0,"N",0,0,0,0,"7","","","","F","F","F","F","F","F","F","F","F","","","","F","F","F","F","F","","","","",0,7,0,0,0,0,0,0,0,61,"NY1","NY1","BSN",1,"F","F",15,0,4,35,5,"T","F",0,0,"T","T","grohh101","frisf101","F","F",0,0,0,0,0,0,0,0,0,"","","",0,0,0,0,0,0,0,0,0,0,0,0,0,"wilsf101","F","F","F","F",0,0,0,0,0,0,0,0,0,0,F,F,"1924NY1.EVN.regular.event.csv",3638
"NY1192409101","BSN",5,1,2,0,0,"",0,15,"grohh101","?","grohh101","?","muicj101","?","muicj101","?","gibsf101","mcins101","tierc101","padge101","smitb110","wilsf101","thomh102","stenc101","","","","7/F","F","F",5,1,2,"T","T",0,"F","F",1,"F","F",0,"F","F",7,"F","F","F","",0,0,"N",0,"N",0,"N",0,0,0,0,"7","","","","F","F","F","F","F","F","F","F","F","","","","F","F","F","F","F","","","","",0,7,0,0,0,0,0,0,0,62,"NY1","NY1","BSN",1,"F","T",15,0,4,36,6,"T","F",0,0,"T","T","frisf101","younr101","F","F",0,0,0,0,0,0,0,0,0,"","","",0,0,0,0,0,0,0,0,0,0,0,0,0,"wilsf101","F","F","F","F",0,0,0,0,0,0,0,0,0,0,F,F,"1924NY1.EVN.regular.event.csv",3639
"NY1192409101","BSN",6,0,0,0,0,"",0,15,"stenc101","?","stenc101","?","barnv101","?","barnv101","?","hartg102","kellg101","lindf101","grohh101","frisf101","meusi101","wilsh102","oconj102","","","","S","T","F",9,3,20,"T","T",1,"F","F",0,"F","F",0,"F","F",0,"","F","F","",0,0,"N",0,"N",0,"N",1,0,0,0,"","","","","F","F","F","F","F","F","F","F","F","","","","F","F","F","F","F","","","","",0,0,0,0,0,0,0,0,0,63,"NY1","BSN","NY1",0,"T","F",0,15,0,20,0,"T","F",0,1,"T","T","mcins101","tierc101","T","T",0,0,0,0,0,0,0,0,0,"","","",0,0,0,0,0,0,0,0,0,0,0,0,0,"","F","F","F","F",2,0,0,0,0,0,0,0,0,0,F,F,"1924NY1.EVN.regular.event.csv",3640
"NY1192409101","BSN",6,0,0,0,0,"",0,15,"mcins101","?","mcins101","?","barnv101","?","barnv101","?","hartg102","kellg101","lindf101","grohh101","frisf101","meusi101","wilsh102","oconj102","stenc101","","","7/F","F","F",3,4,2,"T","T",0,"F","F",1,"F","F",0,"F","F",7,"F","F","F","",0,0,"N",0,"N",0,"N",0,1,0,0,"7","","","","F","F","F","F","F","F","F","F","F","barnv101","","","F","F","F","F","F","","","","",0,7,0,0,0,0,0,0,0,64,"NY1","BSN","NY1",0,"F","F",0,15,0,21,1,"T","F",1,1,"T","T","tierc101","gibsf101","T","T",9,3,63,0,0,0,0,0,0,"hartg102","","",0,0,0,0,0,0,0,0,0,0,0,0,0,"meusi101","F","F","F","F",0,2,0,0,0,0,0,0,0,0,F,F,"1924NY1.EVN.regular.event.csv",3641
"NY1192409101","BSN",6,0,1,0,0,"",0,15,"tierc101","?","tierc101","?","barnv101","?","barnv101","?","hartg102","kellg101","lindf101","grohh101","frisf101","meusi101","wilsh102","oconj102","stenc101","","","53.1-2","F","F",4,5,2,"T","T",0,"F","F",1,"F","F",0,"F","F",5,"G","F","F","",0,0,"N",0,"N",0,"N",0,2,0,0,"53","","","","F","F","F","F","F","F","F","F","F","barnv101","","","F","F","F","F","F","","","","",0,3,0,0,5,0,0,0,0,65,"NY1","BSN","NY1",0,"F","F",0,15,0,22,2,"T","F",1,2,"T","T","gibsf101","smitb110","T","T",9,3,63,0,0,0,0,0,0,"hartg102","","",0,0,0,0,0,0,0,0,0,0,0,0,0,"grohh101","F","F","F","F",0,2,0,0,0,0,0,0,0,0,F,F,"1924NY1.EVN.regular.event.csv",3642
"NY1192409101","BSN",6,0,2,0,0,"",0,15,"gibsf101","?","gibsf101","?","barnv101","?","barnv101","?","hartg102","kellg101","lindf101","grohh101","frisf101","meusi101","wilsh102","oconj102","","stenc101","","K","F","F",2,6,3,"T","T",0,"F","F",1,"F","F",0,"F","F",0,"","F","F","",0,0,"N",0,"N",0,"N",0,0,2,0,"2","","","","F","F","F","F","F","F","F","F","F","","barnv101","","F","F","F","F","F","","","","",0,2,0,0,0,0,0,0,0,66,"NY1","BSN","NY1",0,"F","T",0,15,0,23,3,"T","F",2,2,"T","T","smitb110","padge101","T","T",0,0,0,9,3,63,0,0,0,"","hartg102","",0,0,0,0,0,0,0,0,0,0,0,0,0,"","F","F","F","F",0,0,2,0,0,0,0,0,0,0,F,F,"1924NY1.EVN.regular.event.csv",3643
"NY1192409101","BSN",6,1,0,0,0,"",0,15,"frisf101","?","frisf101","?","muicj101","?","muicj101","?","cousd101","mcins101","tierc101","padge101","smitb110","wilsf101","thomh102","stenc101","","","","S","T","F",6,2,20,"T","T",1,"F","F",0,"F","F",0,"F","F",0,"","F","F","",0,0,"N",0,"N",0,"N",1,0,0,0,"","","","","F","F","F","F","F","F","F","F","F","","","","F","F","F","F","F","","","","",0,0,0,0,0,0,0,0,0,67,"NY1","NY1","BSN",1,"T","F",15,0,0,37,0,"T","F",0,1,"T","T","oconj102","kellg101","F","F",0,0,0,0,0,0,0,0,0,"","","",0,0,0,0,0,0,0,0,0,0,0,0,0,"","F","F","F","F",0,0,0,0,3,0,0,0,0,0,F,F,"1924NY1.EVN.regular.event.csv",3644
"NY1192409101","BSN",6,1,0,0,0,"",0,15,"oconj102","?","oconj102","?","muicj101","?","muicj101","?","cousd101","mcins101","tierc101","padge101","smitb110","wilsf101","thomh102","stenc101","frisf101","","","36(1)/FO","F","F",9,3,2,"T","T",0,"F","F",1,"F","F",0,"F","F",3,"G","F","F","",0,0,"N",0,"N",0,"N",1,0,0,0,"","36","","","F","F","F","F","F","F","F","F","F","muicj101","","","F","F","F","F","F","","","","",0,6,0,0,3,0,0,0,0,68,"NY1","NY1","BSN",1,"F","F",15,0,0,38,1,"T","F",1,1,"F","F","kellg101","meusi101","F","F",6,2,67,0,0,0,0,0,0,"cousd101","","",0,0,0,0,0,0,0,0,0,0,0,0,0,"mcins101","T","F","F","F",4,0,0,0,3,0,0,0,0,0,F,F,"1924NY1.EVN.regular.event.csv",3645
"NY1192409101","BSN",6,1,1,0,0,"",0,15,"kellg101","?","kellg101","?","muicj101","?","muicj101","?","cousd101","mcins101","tierc101","padge101","smitb110","wilsf101","thomh102","stenc101","oconj102","","","T.1-H","F","F",3,4,22,"T","T",3,"F","F",0,"F","F",1,"F","F",0,"","F","F","",0,0,"N",0,"N",0,"N",3,4,0,0,"","","","","F","F","F","F","F","F","F","F","F","muicj101","","","F","F","F","F","F","","","","",0,0,0,0,0,0,0,0,0,69,"NY1","NY1","BSN",1,"F","F",15,0,0,39,2,"T","F",1,4,"T","T","meusi101","wilsh102","F","F",9,3,68,0,0,0,0,0,0,"cousd101","","",0,0,0,0,0,0,0,0,0,0,0,0,1,"","F","F","F","F",4,4,0,0,2,0,0,0,0,0,F,F,"1924NY1.EVN.regular.event.csv",3646
"NY1192409101","BSN",6,1,1,0,0,"",0,16,"meusi101","?","meusi101","?","muicj101","?","muicj101","?","cousd101","mcins101","tierc101","padge101","smitb110","wilsf101","thomh102","stenc101","","","kellg101","S.3-H","F","F",7,5,20,"T","T",1,"F","F",0,"F","F",1,"F","F",0,"","F","F","",0,0,"N",0,"N",0,"N",1,0,0,4,"","","","","F","F","F","F","F","F","F","F","F","","","muicj101","F","F","F","F","F","","","","",0,0,0,0,0,0,0,0,0,70,"NY1","NY1","BSN",1,"F","F",16,0,1,40,3,"T","F",4,1,"T","T","wilsh102","lindf101","F","F",0,0,0,0,0,0,3,4,69,"","","cousd101",0,0,0,0,0,0,0,0,0,0,0,0,1,"","F","F","F","F",0,0,0,4,1,0,0,0,0,0,F,F,"1924NY1.EVN.regular.event.csv",3647
"NY1192409101","BSN",6,1,1,0,0,"",0,17,"wilsh102","?","wilsh102","?","muicj101","?","muicj101","?","cousd101","mcins101","tierc101","padge101","smitb110","wilsf101","thomh102","stenc101","meusi101","","","64(1)/FO","F","F",8,6,2,"T","T",0,"F","F",1,"F","F",0,"F","F",6,"G","F","F","",0,0,"N",0,"N",0,"N",1,0,0,0,"","64","","","F","F","F","F","F","F","F","F","F","muicj101","","","F","F","F","F","F","","","","",0,4,0,0,6,0,0,0,0,71,"NY1","NY1","BSN",1,"F","F",17,0,2,41,4,"T","F",1,1,"T","T","lindf101","hartg102","F","F",7,5,70,0,0,0,0,0,0,"cousd101","","",0,0,0,0,0,0,0,0,0,0,0,0,0,"smitb110","T","F","F","F",4,0,0,0,1,0,0,0,0,0,F,F,"1924NY1.EVN.regular.event.csv",3648
"NY1192409101","BSN",6,1,2,0,0,"",0,17,"lindf101","?","lindf101","?","muicj101","?","muicj101","?","cousd101","mcins101","tierc101","padge101","smitb110","wilsf101","thomh102","stenc101","wilsh102","","","T8.1-H;BXH(862)","F","F",4,7,22,"T","T",3,"F","F",1,"F","F",1,"F","F",8,"","F","F","",0,0,"N",0,"N",0,"N",0,4,0,0,"862","","","","F","F","F","F","F","F","F","F","F","muicj101","","","F","F","F","F","F","","","","",0,2,0,0,8,6,0,0,0,72,"NY1","NY1","BSN",1,"F","T",17,0,2,42,5,"T","F",1,0,"F","F","hartg102","barnv101","F","F",8,6,71,0,0,0,0,0,0,"cousd101","","",0,0,0,0,0,0,0,0,0,0,0,0,1,"thomh102","F","F","F","F",0,4,0,0,0,0,0,0,0,0,F,F,"1924NY1.EVN.regular.event.csv",3649
"NY1192409101","BSN",7,0,0,0,0,"",0,18,"smitb110","?","smitb110","?","barnv101","?","barnv101","?","hartg102","terrb101","lindf101","grohh101","frisf101","meusi101","wilsh102","oconj102","","","","53","T","F",6,7,2,"T","T",0,"F","F",1,"F","F",0,"F","F",5,"G","F","F","",0,0,"N",0,"N",0,"N",0,0,0,0,"53","","","","F","F","F","F","F","F","F","F","F","","","","F","F","F","F","F","","","","",0,3,0,0,5,0,0,0,0,73,"NY1","BSN","NY1",0,"T","F",0,18,0,24,0,"T","F",0,0,"T","T","padge101","muicj101","T","T",0,0,0,0,0,0,0,0,0,"","","",0,0,0,0,0,0,0,0,0,0,0,0,0,"grohh101","F","F","F","F",0,0,0,0,0,0,0,0,0,0,F,F,"1924NY1.EVN.regular.event.csv",3650
"NY1192409101","BSN",7,0,1,0,0,"",0,18,"padge101","?","padge101","?","barnv101","?","barnv101","?","hartg102","terrb101","lindf101","grohh101","frisf101","meusi101","wilsh102","oconj102","","","","63","F","F",5,8,2,"T","T",0,"F","F",1,"F","F",0,"F","F",6,"G","F","F","",0,0,"N",0,"N",0,"N",0,0,0,0,"63","","","","F","F","F","F","F","F","F","F","F","","","","F","F","F","F","F","","","","",0,3,0,0,6,0,0,0,0,74,"NY1","BSN","NY1",0,"F","F",0,18,0,25,1,"T","F",0,0,"T","T","muicj101","thomh102","T","T",0,0,0,0,0,0,0,0,0,"","","",0,0,0,0,0,0,0,0,0,0,0,0,0,"frisf101","F","F","F","F",0,0,0,0,0,0,0,0,0,0,F,F,"1924NY1.EVN.regular.event.csv",3651
"NY1192409101","BSN",7,0,2,0,0,"",0,18,"muicj101","?","muicj101","?","barnv101","?","barnv101","?","hartg102","terrb101","lindf101","grohh101","frisf101","meusi101","wilsh102","oconj102","","","","K","F","F",1,9,3,"T","T",0,"F","F",1,"F","F",0,"F","F",0,"","F","F","",0,0,"N",0,"N",0,"N",0,0,0,0,"2","","","","F","F","F","F","F","F","F","F","F","","","","F","F","F","F","F","","","","",0,2,0,0,0,0,0,0,0,75,"NY1","BSN","NY1",0,"F","T",0,18,0,26,2,"T","F",0,0,"F","F","thomh102","wilsf101","T","T",0,0,0,0,0,0,0,0,0,"","","",0,0,0,0,0,0,0,0,0,0,0,0,0,"","F","F","F","F",0,0,0,0,0,0,0,0,0,0,F,F,"1924NY1.EVN.regular.event.csv",3652
"NY1192409101","BSN",7,1,0,0,0,"",0,18,"hartg102","?","hartg102","?","muicj101","?","muicj101","?","cousd101","mcins101","tierc101","padge101","smitb110","wilsf101","thomh102","stenc101","","","","D","T","F",2,8,21,"T","T",2,"F","F",0,"F","F",0,"F","F",0,"","F","F","",0,0,"N",0,"N",0,"N",2,0,0,0,"","","","","F","F","F","F","F","F","F","F","F","","","","F","F","F","F","F","","","","",0,0,0,0,0,0,0,0,0,76,"NY1","NY1","BSN",1,"T","F",18,0,0,43,0,"T","F",0,2,"F","F","barnv101","grohh101","F","F",0,0,0,0,0,0,0,0,0,"","","",0,0,0,0,0,0,0,0,0,0,0,0,0,"","F","F","F","F",0,0,0,0,2,0,0,0,0,0,F,F,"1924NY1.EVN.regular.event.csv",3653
"NY1192409101","BSN",7,1,0,0,0,"",0,18,"bentj101","?","bentj101","?","muicj101","?","muicj101","?","cousd101","mcins101","tierc101","padge101","smitb110","wilsf101","thomh102","stenc101","","hartg102","","4/LDP.2X2(46)","F","T",11,9,2,"T","T",0,"F","F",2,"T","F",0,"F","F",4,"L","F","F","",0,0,"N",0,"N",0,"N",0,0,0,0,"4","","46","","F","F","F","F","F","F","F","F","F","","muicj101","","F","F","F","F","F","","","","barnv101",1,4,6,0,4,0,0,0,0,77,"NY1","NY1","BSN",1,"F","F",18,0,0,44,1,"T","F",2,0,"F","F","grohh101","frisf101","F","F",0,0,0,2,8,76,0,0,0,"","cousd101","",0,0,0,0,0,0,0,0,0,0,0,0,0,"tierc101","F","F","F","F",0,0,0,0,2,0,0,0,0,0,F,F,"1924NY1.EVN.regular.event.csv",3654
"NY1192409101","BSN",7,1,2,0,0,"",0,18,"grohh101","?","grohh101","?","muicj101","?","muicj101","?","cousd101","mcins101","tierc101","padge101","smitb110","wilsf101","thomh102","stenc101","","","","W","F","F",5,1,14,"T","F",0,"F","F",0,"F","F",0,"F","F",0,"","F","F","",0,0,"N",0,"N",0,"N",1,0,0,0,"","","","","F","F","F","F","F","F","F","F","F","","","","F","F","F","F","F","","","","",0,0,0,0,0,0,0,0,0,78,"NY1","NY1","BSN",1,"F","F",18,0,0,45,2,"T","F",0,1,"T","T","frisf101","oconj102","F","F",0,0,0,0,0,0,0,0,0,"","","",0,0,0,0,0,0,0,0,0,0,0,0,0,"","F","F","F","F",4,0,0,0,2,0,0,0,0,0,F,F,"1924NY1.EVN.regular.event.csv",3655
"NY1192409101","BSN",7,1,2,0,0,"",0,18,"frisf101","?","frisf101","?","muicj101","?","muicj101","?","cousd101","mcins101","tierc101","padge101","smitb110","wilsf101","thomh102","stenc101","grohh101","","","S.1-2#","F","F",6,2,20,"T","T",1,"F","F",0,"F","F",0,"F","F",0,"","F","F","",0,0,"N",0,"N",0,"N",1,2,0,0,"","","","","F","F","F","F","F","F","F","F","F","muicj101","","","F","F","F","F","F","","","","",0,0,0,0,0,0,0,0,0,79,"NY1","NY1","BSN",1,"F","F",18,0,0,46,3,"T","F",1,3,"T","T","oconj102","terrb101","F","F",5,1,78,0,0,0,0,0,0,"cousd101","","",0,0,0,0,0,0,0,0,0,0,0,0,0,"","F","F","F","F",4,4,0,0,2,0,0,0,0,0,F,T,"1924NY1.EVN.regular.event.csv",3656
"NY1192409101","BSN",7,1,2,0,0,"",0,18,"oconj102","?","oconj102","?","muicj101","?","muicj101","?","cousd101","mcins101","tierc101","padge101","smitb110","wilsf101","thomh102","stenc101","frisf101","grohh101","","T.2-H;1-H","F","F",9,3,22,"T","T",3,"F","F",0,"F","F",2,"F","F",0,"","F","F","",0,0,"N",0,"N",0,"N",3,4,4,0,"","","","","F","F","F","F","F","F","F","F","F","muicj101","muicj101","","F","F","F","F","F","","","","",0,0,0,0,0,0,0,0,0,80,"NY1","NY1","BSN",1,"F","F",18,0,0,47,4,"T","F",3,4,"F","F","terrb101","meusi101","F","F",6,2,79,5,1,78,0,0,0,"cousd101","cousd101","",0,0,0,0,0,0,0,0,0,0,0,0,2,"","F","F","F","F",3,4,4,0,0,0,0,0,0,0,F,F,"1924NY1.EVN.regular.event.csv",3657
"NY1192409101","BSN",7,1,2,0,0,"",0,20,"terrb101","?","terrb101","?","muicj101","?","muicj101","?","cousd101","mcins101","tierc101","padge101","smitb110","wilsf101","thomh102","stenc101","","","oconj102","7/F","F","F",3,4,2,"T","T",0,"F","F",1,"F","F",0,"F","F",7,"F","F","F","",0,0,"N",0,"N",0,"N",0,0,0,3,"7","","","","F","F","F","F","F","F","F","F","F","","","muicj101","F","F","F","F","F","","","","",0,7,0,0,0,0,0,0,0,81,"NY1","NY1","BSN",1,"F","T",20,0,2,48,5,"T","F",4,4,"F","F","meusi101","wilsh102","F","F",0,0,0,0,0,0,9,3,80,"","","cousd101",0,0,0,0,0,0,0,0,0,0,0,0,0,"wilsf101","F","F","F","F",0,0,0,3,0,0,0,0,0,0,F,F,"1924NY1.EVN.regular.event.csv",3658
"NY1192409101","BSN",8,0,0,0,0,"",0,20,"thomh102","?","thomh102","?","huntw101","?","huntw101","?","hartg102","terrb101","lindf101","grohh101","frisf101","meusi101","wilsh102","oconj102","","","","S","T","F",8,1,20,"T","T",1,"F","F",0,"F","F",0,"F","F",0,"","F","F","",0,0,"N",0,"N",0,"N",1,0,0,0,"","","","","F","F","F","F","F","F","F","F","F","","","","F","F","F","F","F","","","","",0,0,0,0,0,0,0,0,0,82,"NY1","BSN","NY1",0,"T","F",0,20,0,27,0,"T","F",0,1,"T","T","wilsf101","stenc101","F","F",0,0,0,0,0,0,0,0,0,"","","",0,0,0,0,0,0,0,0,0,0,0,0,0,"","F","F","F","F",4,0,0,0,1,0,0,0,0,0,F,F,"1924NY1.EVN.regular.event.csv",3659
"NY1192409101","BSN",8,0,0,0,0,"",0,20,"wilsf101","?","wilsf101","?","huntw101","?","huntw101","?","hartg102","terrb101","lindf101","grohh101","frisf101","meusi101","wilsh102","oconj102","thomh102","","","S.1-2#","F","F",7,2,20,"T","T",1,"F","F",0,"F","F",0,"F","F",0,"","F","F","",0,0,"N",0,"N",0,"N",1,2,0,0,"","","","","F","F","F","F","F","F","F","F","F","huntw101","","","F","F","F","F","F","","","","",0,0,0,0,0,0,0,0,0,83,"NY1","BSN","NY1",0,"F","F",0,20,0,28,1,"T","F",1,3,"T","T","stenc101","mcins101","F","F",8,1,82,0,0,0,0,0,0,"hartg102","","",0,0,0,0,0,0,0,0,0,0,0,0,0,"","F","F","F","F",0,4,0,0,1,0,0,0,0,0,F,T,"1924NY1.EVN.regular.event.csv",3660
"NY1192409101","BSN",8,0,0,0,0,"",0,20,"stenc101","?","stenc101","?","huntw101","?","huntw101","?","hartg102","terrb101","lindf101","grohh101","frisf101","meusi101","wilsh102","oconj102","wilsf101","thomh102","","S.2-H;1-2","F","F",9,3,20,"T","T",1,"F","F",0,"F","F",1,"F","F",0,"","F","F","",0,0,"N",0,"N",0,"N",1,2,4,0,"","","","","F","F","F","F","F","F","F","F","F","huntw101","huntw101","","F","F","F","F","F","","","","",0,0,0,0,0,0,0,0,0,84,"NY1","BSN","NY1",0,"F","F",0,20,0,29,2,"T","F",3,3,"T","T","mcins101","tierc101","F","F",7,2,83,8,1,82,0,0,0,"hartg102","hartg102","",0,0,0,0,0,0,0,0,0,0,0,0,1,"","F","F","F","F",0,0,4,0,0,0,0,0,0,0,F,F,"1924NY1.EVN.regular.event.csv",3661
"NY1192409101","BSN",8,0,0,0,0,"",1,20,"mcins101","?","mcins101","?","huntw101","?","huntw101","?","hartg102","terrb101","lindf101","grohh101","frisf101","meusi101","wilsh102","oconj102","stenc101","wilsf101","","8/F","F","F",3,4,2,"T","T",0,"F","F",1,"F","F",0,"F","F",8,"F","F","F","",0,0,"N",0,"N",0,"N",0,1,2,0,"8","","","","F","F","F","F","F","F","F","F","F","huntw101","huntw101","","F","F","F","F","F","","","","",0,8,0,0,0,0,0,0,0,85,"NY1","BSN","NY1",0,"F","F",1,20,1,30,3,"T","F",3,3,"T","T","tierc101","cousd101","F","F",9,3,84,7,2,83,0,0,0,"hartg102","hartg102","",0,0,0,0,0,0,0,0,0,0,0,0,0,"wilsh102","F","F","F","F",0,0,0,0,0,0,0,0,0,0,F,F,"1924NY1.EVN.regular.event.csv",3662
"NY1192409101","BSN",8,0,1,0,0,"",1,20,"tierc101","?","tierc101","?","huntw101","?","huntw101","?","hartg102","terrb101","lindf101","grohh101","frisf101","meusi101","wilsh102","oconj102","stenc101","wilsf101","","5/FL","F","F",4,5,2,"T","T",0,"F","F",1,"F","F",0,"F","F",5,"F","F","T","",0,0,"N",0,"N",0,"N",0,1,2,0,"5","","","","F","F","F","F","F","F","F","F","F","huntw101","huntw101","","F","F","F","F","F","","","","",0,5,0,0,0,0,0,0,0,86,"NY1","BSN","NY1",0,"F","F",1,20,1,31,4,"T","F",3,3,"T","T","cousd101","smitb110","F","F",9,3,84,7,2,83,0,0,0,"hartg102","hartg102","",0,0,0,0,0,0,0,0,0,0,0,0,0,"grohh101","F","F","F","F",0,0,0,0,0,0,0,0,0,0,F,F,"1924NY1.EVN.regular.event.csv",3663
"NY1192409101","BSN",8,0,2,0,0,"",1,20,"cousd101","?","cousd101","?","huntw101","?","huntw101","?","hartg102","terrb101","lindf101","grohh101","frisf101","meusi101","wilsh102","oconj102","stenc101","wilsf101","","E4/G.2-3;1-2#","F","F",2,6,18,"T","T",0,"F","F",0,"F","F",0,"F","F",4,"G","F","F","",1,4,"F",0,"N",0,"N",1,2,3,0,"","","","","F","F","F","F","F","F","F","F","F","huntw101","huntw101","","F","F","F","F","F","","","","",0,0,0,0,0,0,0,0,0,87,"NY1","BSN","NY1",0,"F","F",1,20,1,32,5,"T","F",3,7,"F","F","smitb110","padge101","F","F",9,3,84,7,2,83,0,0,0,"hartg102","hartg102","",0,0,0,0,0,0,0,0,0,0,0,0,0,"lindf101","F","F","F","T",0,0,0,0,0,0,0,0,0,0,F,T,"1924NY1.EVN.regular.event.csv",3664
"NY1192409101","BSN",8,0,2,0,0,"",1,20,"smitb110","?","smitb110","?","huntw101","?","huntw101","?","hartg102","terrb101","lindf101","grohh101","frisf101","meusi101","wilsh102","oconj102","cousd101","stenc101","wilsf101","64(1)/FO","F","F",6,7,2,"T","T",0,"F","F",1,"F","F",0,"F","F",6,"G","F","F","",0,0,"N",0,"N",0,"N",1,0,2,3,"","64","","","F","F","F","F","F","F","F","F","F","huntw101","huntw101","huntw101","F","F","F","F","F","","","","",0,4,0,0,6,0,0,0,0,88,"NY1","BSN","NY1",0,"F","T",1,20,1,33,6,"T","F",7,7,"T","T","padge101","muicj101","F","F",2,6,87,9,3,84,7,2,83,"hartg102","hartg102","hartg102",0,0,0,0,0,0,0,0,0,0,0,0,0,"frisf101","T","F","F","F",0,0,0,0,0,0,0,0,0,0,F,F,"1924NY1.EVN.regular.event.csv",3665
"NY1192409101","BSN",8,1,0,0,0,"",1,20,"meusi101","?","meusi101","?","muicj101","?","muicj101","?","cousd101","mcins101","tierc101","padge101","smitb110","wilsf101","thomh102","stenc101","","","","D","T","F",7,5,21,"T","T",2,"F","F",0,"F","F",0,"F","F",0,"","F","F","",0,0,"N",0,"N",0,"N",2,0,0,0,"","","","","F","F","F","F","F","F","F","F","F","","","","F","F","F","F","F","","","","",0,0,0,0,0,0,0,0,0,89,"NY1","NY1","BSN",1,"T","F",20,1,0,49,0,"T","F",0,2,"T","T","wilsh102","lindf101","F","F",0,0,0,0,0,0,0,0,0,"","","",0,0,0,0,0,0,0,0,0,0,0,0,0,"","F","F","F","F",4,0,0,0,2,0,0,0,0,0,F,F,"1924NY1.EVN.regular.event.csv",3666
"NY1192409101","BSN",8,1,0,0,0,"",1,20,"wilsh102","?","wilsh102","?","muicj101","?","muicj101","?","cousd101","mcins101","tierc101","padge101","smitb110","wilsf101","thomh102","stenc101","","meusi101","","S.2-3","F","F",8,6,20,"T","T",1,"F","F",0,"F","F",0,"F","F",0,"","F","F","",0,0,"N",0,"N",0,"N",1,0,3,0,"","","","","F","F","F","F","F","F","F","F","F","","muicj101","","F","F","F","F","F","","","","",0,0,0,0,0,0,0,0,0,90,"NY1","NY1","BSN",1,"F","F",20,1,0,50,1,"T","F",2,5,"T","T","lindf101","hartg102","F","F",0,0,0,7,5,89,0,0,0,"","cousd101","",0,0,0,0,0,0,0,0,0,0,0,0,0,"","F","F","F","F",4,0,4,0,2,0,0,0,0,0,F,F,"1924NY1.EVN.regular.event.csv",3667
"NY1192409101","BSN",8,1,0,0,0,"",1,20,"lindf101","?","lindf101","?","muicj101","?","muicj101","?","cousd101","mcins101","tierc101","padge101","smitb110","wilsf101","thomh102","stenc101","wilsh102","","meusi101","4/P","F","F",4,7,2,"T","T",0,"F","F",1,"F","F",0,"F","F",4,"P","F","F","",0,0,"N",0,"N",0,"N",0,1,0,3,"4","","","","F","F","F","F","F","F","F","F","F","muicj101","","muicj101","F","F","F","F","F","","","","",0,4,0,0,0,0,0,0,0,91,"NY1","NY1","BSN",1,"F","F",20,1,0,51,2,"T","F",5,5,"F","F","hartg102","huntw101","F","F",8,6,90,0,0,0,7,5,89,"cousd101","","cousd101",0,0,0,0,0,0,0,0,0,0,0,0,0,"tierc101","F","F","F","F",0,4,0,4,2,0,0,0,0,0,F,F,"1924NY1.EVN.regular.event.csv",3668
"NY1192409101","BSN",8,1,1,0,0,"",1,20,"hartg102","?","hartg102","?","muicj101","?","muicj101","?","cousd101","mcins101","tierc101","padge101","smitb110","wilsf101","thomh102","stenc101","wilsh102","","meusi101","S.3-H;1-2#","F","F",2,8,20,"T","T",1,"F","F",0,"F","F",1,"F","F",0,"","F","F","",0,0,"N",0,"N",0,"N",1,2,0,4,"","","","","F","F","F","F","F","F","F","F","F","muicj101","","muicj101","F","F","F","F","F","","","","",0,0,0,0,0,0,0,0,0,92,"NY1","NY1","BSN",1,"F","F",20,1,0,52,3,"T","F",5,3,"F","F","huntw101","grohh101","F","F",8,6,90,0,0,0,7,5,89,"cousd101","","cousd101",0,0,0,0,0,0,0,0,0,0,0,0,1,"","F","F","F","F",0,4,0,4,1,0,0,0,0,0,F,T,"1924NY1.EVN.regular.event.csv",3669
"NY1192409101","BSN",8,1,1,0,0,"",1,21,"huntw101","?","huntw101","?","muicj101","?","muicj101","?","cousd101","mcins101","tierc101","padge101","smitb110","wilsf101","thomh102","stenc101","hartg102","wilsh102","","S.2-H;1-2","F","F",1,9,20,"T","T",1,"F","F",0,"F","F",1,"F","F",0,"","F","F","",0,0,"N",0,"N",0,"N",1,2,4,0,"","","","","F","F","F","F","F","F","F","F","F","muicj101","muicj101","","F","F","F","F","F","","","","",0,0,0,0,0,0,0,0,0,93,"NY1","NY1","BSN",1,"F","F",21,1,1,53,4,"T","F",3,3,"F","F","grohh101","frisf101","F","F",2,8,92,8,6,90,0,0,0,"cousd101","cousd101","",0,0,0,0,0,0,0,0,0,0,0,0,1,"","F","F","F","F",0,0,4,0,0,0,0,0,0,0,F,F,"1924NY1.EVN.regular.event.csv",3670
"NY1192409101","BSN",8,1,1,0,0,"",1,22,"grohh101","?","grohh101","?","muicj101","?","muicj101","?","cousd101","mcins101","tierc101","padge101","smitb110","wilsf101","thomh102","stenc101","huntw101","hartg102","","34/SH.2-3;1-2","F","F",5,1,2,"T","F",0,"T","F",1,"F","F",0,"F","F",3,"G","T","F","",0,0,"N",0,"N",0,"N",0,2,3,0,"34","","","","F","F","F","F","F","F","F","F","F","muicj101","muicj101","","F","F","F","F","F","","","","",0,4,0,0,3,0,0,0,0,94,"NY1","NY1","BSN",1,"F","F",22,1,2,54,5,"T","F",3,6,"T","T","frisf101","oconj102","F","F",1,9,93,2,8,92,0,0,0,"cousd101","cousd101","",0,0,0,0,0,0,0,0,0,0,0,0,0,"mcins101","F","F","F","F",0,0,0,0,0,0,0,0,0,0,F,F,"1924NY1.EVN.regular.event.csv",3671
"NY1192409101","BSN",8,1,2,0,0,"",1,22,"frisf101","?","frisf101","?","muicj101","?","muicj101","?","cousd101","mcins101","tierc101","padge101","smitb110","wilsf101","thomh102","stenc101","","huntw101","hartg102","13/BG1S","F","F",6,2,2,"T","T",0,"F","F",1,"F","F",0,"F","F",1,"G","T","F","1S",0,0,"N",0,"N",0,"N",0,0,2,3,"13","","","","F","F","F","F","F","F","F","F","F","","muicj101","muicj101","F","F","F","F","F","","","","",0,3,0,0,1,0,0,0,0,95,"NY1","NY1","BSN",1,"F","T",22,1,2,55,6,"T","F",6,6,"T","T","oconj102","terrb101","F","F",0,0,0,1,9,93,2,8,92,"","cousd101","cousd101",0,0,0,0,0,0,0,0,0,0,0,0,0,"muicj101","F","F","F","F",0,0,0,0,0,0,0,0,0,0,F,F,"1924NY1.EVN.regular.event.csv",3672
"NY1192409101","BSN",9,0,0,0,0,"",1,22,"padge101","?","padge101","?","huntw101","?","huntw101","?","hartg102","terrb101","lindf101","grohh101","frisf101","meusi101","wilsh102","oconj102","","","","13","T","F",5,8,2,"T","T",0,"F","F",1,"F","F",0,"F","F",1,"G","F","F","",0,0,"N",0,"N",0,"N",0,0,0,0,"13","","","","F","F","F","F","F","F","F","F","F","","","","F","F","F","F","F","","","","",0,3,0,0,1,0,0,0,0,96,"NY1","BSN","NY1",0,"T","F",1,22,0,34,0,"T","F",0,0,"T","T","muicj101","thomh102","F","F",0,0,0,0,0,0,0,0,0,"","","",0,0,0,0,0,0,0,0,0,0,0,0,0,"huntw101","F","F","F","F",0,0,0,0,0,0,0,0,0,0,F,F,"1924NY1.EVN.regular.event.csv",3673
"NY1192409101","BSN",9,0,1,0,0,"",1,22,"cunnb102","?","cunnb102","?","huntw101","?","huntw101","?","hartg102","terrb101","lindf101","grohh101","frisf101","meusi101","wilsh102","oconj102","","","","K","F","T",11,9,3,"T","T",0,"F","F",1,"F","F",0,"F","F",0,"","F","F","",0,0,"N",0,"N",0,"N",0,0,0,0,"2","","","","F","F","F","F","F","F","F","F","F","","","","F","F","F","F","F","","","","muicj101",1,2,0,0,0,0,0,0,0,97,"NY1","BSN","NY1",0,"F","F",1,22,0,35,1,"T","F",0,0,"F","F","thomh102","wilsf101","F","F",0,0,0,0,0,0,0,0,0,"","","",0,0,0,0,0,0,0,0,0,0,0,0,0,"","F","F","F","F",0,0,0,0,0,0,0,0,0,0,F,F,"1924NY1.EVN.regular.event.csv",3674
"NY1192409101","BSN",9,0,2,0,0,"",1,22,"thomh102","?","thomh102","?","huntw101","?","huntw101","?","hartg102","terrb101","lindf101","grohh101","frisf101","meusi101","wilsh102","oconj102","","","","8/F","F","F",8,1,2,"T","T",0,"F","F",1,"F","F",0,"F","F",8,"F","F","F","",0,0,"N",0,"N",0,"N",0,0,0,0,"8","","","","F","F","F","F","F","F","F","F","F","","","","F","T","F","F","F","","","","",0,8,0,0,0,0,0,0,0,98,"NY1","BSN","NY1",0,"F","T",1,22,0,36,2,"T","F",0,0,"T","T","wilsf101","stenc101","F","F",0,0,0,0,0,0,0,0,0,"","","",0,0,0,0,0,0,0,0,0,0,0,0,0,"wilsh102","F","F","F","F",0,0,0,0,0,0,0,0,0,0,F,F,"1924NY1.EVN.regular.event.csv",3675
"NY1192409102","BSN",1,0,0,0,0,"",0,0,"bancd101","?","bancd101","?","mcquh101","?","mcquh101","?","gowdh101","kellg101","frisf101","grohh101","jackt101","meusi101","wilsh102","younr101","","","","13#","T","F",6,1,2,"T","T",0,"F","F",1,"F","F",0,"F","F",1,"G","F","F","",0,0,"N",0,"N",0,"N",0,0,0,0,"13","","","","F","F","F","F","F","F","F","F","F","","","","T","F","F","F","F","","","","",0,3,0,0,1,0,0,0,0,1,"NY1","BSN","NY1",0,"T","F",0,0,0,0,0,"T","F",0,0,"T","T","wilsf101","stenc101","T","T",0,0,0,0,0,0,0,0,0,"","","",0,0,0,0,0,0,0,0,0,0,0,0,0,"mcquh101","F","F","F","F",0,0,0,0,0,0,0,0,0,0,F,T,"1924NY1.EVN.regular.event.csv",3676
"NY1192409102","BSN",1,0,1,0,0,"",0,0,"wilsf101","?","wilsf101","?","mcquh101","?","mcquh101","?","gowdh101","kellg101","frisf101","grohh101","jackt101","meusi101","wilsh102","younr101","","","","6/P","F","F",7,2,2,"T","T",0,"F","F",1,"F","F",0,"F","F",6,"P","F","F","",0,0,"N",0,"N",0,"N",0,0,0,0,"6","","","","F","F","F","F","F","F","F","F","F","","","","F","F","F","F","F","","","","",0,6,0,0,0,0,0,0,0,2,"NY1","BSN","NY1",0,"F","F",0,0,0,1,1,"T","F",0,0,"T","T","stenc101","mcins101","T","T",0,0,0,0,0,0,0,0,0,"","","",0,0,0,0,0,0,0,0,0,0,0,0,0,"jackt101","F","F","F","F",0,0,0,0,0,0,0,0,0,0,F,F,"1924NY1.EVN.regular.event.csv",3677
"NY1192409102","BSN",1,0,2,0,0,"",0,0,"stenc101","?","stenc101","?","mcquh101","?","mcquh101","?","gowdh101","kellg101","frisf101","grohh101","jackt101","meusi101","wilsh102","younr101","","","","43","F","F",9,3,2,"T","T",0,"F","F",1,"F","F",0,"F","F",4,"G","F","F","",0,0,"N",0,"N",0,"N",0,0,0,0,"43","","","","F","F","F","F","F","F","F","F","F","","","","F","F","F","F","F","","","","",0,3,0,0,4,0,0,0,0,3,"NY1","BSN","NY1",0,"F","T",0,0,0,2,2,"T","F",0,0,"T","T","mcins101","tierc101","T","T",0,0,0,0,0,0,0,0,0,"","","",0,0,0,0,0,0,0,0,0,0,0,0,0,"frisf101","F","F","F","F",0,0,0,0,0,0,0,0,0,0,F,F,"1924NY1.EVN.regular.event.csv",3678
"NY1192409102","BSN",1,1,0,0,0,"",0,0,"grohh101","?","grohh101","?","genej101","?","genej101","?","gibsf101","mcins101","tierc101","padge101","bancd101","wilsf101","thomh102","stenc101","","","","S","T","F",5,1,20,"T","T",1,"F","F",0,"F","F",0,"F","F",0,"","F","F","",0,0,"N",0,"N",0,"N",1,0,0,0,"","","","","F","F","F","F","F","F","F","F","F","","","","F","F","F","F","F","","","","",0,0,0,0,0,0,0,0,0,4,"NY1","NY1","BSN",1,"T","F",0,0,0,0,0,"T","F",0,1,"T","T","frisf101","younr101","T","T",0,0,0,0,0,0,0,0,0,"","","",0,0,0,0,0,0,0,0,0,0,0,0,0,"","F","F","F","F",4,0,0,0,2,0,0,0,0,0,F,F,"1924NY1.EVN.regular.event.csv",3679
"NY1192409102","BSN",1,1,0,0,0,"",0,0,"frisf101","?","frisf101","?","genej101","?","genej101","?","gibsf101","mcins101","tierc101","padge101","bancd101","wilsf101","thomh102","stenc101","grohh101","","","8/F","F","F",4,2,2,"T","T",0,"F","F",1,"F","F",0,"F","F",8,"F","F","F","",0,0,"N",0,"N",0,"N",0,1,0,0,"8","","","","F","F","F","F","F","F","F","F","F","genej101","","","F","F","F","F","F","","","","",0,8,0,0,0,0,0,0,0,5,"NY1","NY1","BSN",1,"F","F",0,0,0,1,1,"T","F",1,1,"T","T","younr101","kellg101","T","T",5,1,4,0,0,0,0,0,0,"gibsf101","","",0,0,0,0,0,0,0,0,0,0,0,0,0,"thomh102","F","F","F","F",0,4,0,0,2,0,0,0,0,0,F,F,"1924NY1.EVN.regular.event.csv",3680
"NY1192409102","BSN",1,1,1,0,0,"",0,0,"younr101","?","younr101","?","genej101","?","genej101","?","gibsf101","mcins101","tierc101","padge101","bancd101","wilsf101","thomh102","stenc101","grohh101","","","W.1-2","F","F",9,3,14,"T","F",0,"F","F",0,"F","F",0,"F","F",0,"","F","F","",0,0,"N",0,"N",0,"N",1,2,0,0,"","","","","F","F","F","F","F","F","F","F","F","genej101","","","F","F","F","F","F","","","","",0,0,0,0,0,0,0,0,0,6,"NY1","NY1","BSN",1,"F","F",0,0,0,2,2,"T","F",1,3,"T","T","kellg101","meusi101","T","T",5,1,4,0,0,0,0,0,0,"gibsf101","","",0,0,0,0,0,0,0,0,0,0,0,0,0,"","F","F","F","F",4,4,0,0,2,0,0,0,0,0,F,F,"1924NY1.EVN.regular.event.csv",3681
"NY1192409102","BSN",1,1,1,0,0,"",0,0,"kellg101","?","kellg101","?","genej101","?","genej101","?","gibsf101","mcins101","tierc101","padge101","bancd101","wilsf101","thomh102","stenc101","younr101","grohh101","","8/L","F","F",3,4,2,"T","T",0,"F","F",1,"F","F",0,"F","F",8,"L","F","F","",0,0,"N",0,"N",0,"N",0,1,2,0,"8","","","","F","F","F","F","F","F","F","F","F","genej101","genej101","","F","F","F","F","F","","","","",0,8,0,0,0,0,0,0,0,7,"NY1","NY1","BSN",1,"F","F",0,0,0,3,3,"T","F",3,3,"T","T","meusi101","wilsh102","T","T",9,3,6,5,1,4,0,0,0,"gibsf101","gibsf101","",0,0,0,0,0,0,0,0,0,0,0,0,0,"thomh102","F","F","F","F",0,4,4,0,2,0,0,0,0,0,F,F,"1924NY1.EVN.regular.event.csv",3682
"NY1192409102","BSN",1,1,2,0,0,"",0,0,"meusi101","?","meusi101","?","genej101","?","genej101","?","gibsf101","mcins101","tierc101","padge101","bancd101","wilsf101","thomh102","stenc101","younr101","grohh101","","S.2-H;1-3","F","F",7,5,20,"T","T",1,"F","F",0,"F","F",1,"F","F",0,"","F","F","",0,0,"N",0,"N",0,"N",1,3,4,0,"","","","","F","F","F","F","F","F","F","F","F","genej101","genej101","","F","F","F","F","F","","","","",0,0,0,0,0,0,0,0,0,8,"NY1","NY1","BSN",1,"F","F",0,0,0,4,4,"T","F",3,5,"T","T","wilsh102","jackt101","T","T",9,3,6,5,1,4,0,0,0,"gibsf101","gibsf101","",0,0,0,0,0,0,0,0,0,0,0,0,1,"","F","F","F","F",0,4,4,0,1,0,0,0,0,0,F,F,"1924NY1.EVN.regular.event.csv",3683
"NY1192409102","BSN",1,1,2,0,0,"",0,1,"wilsh102","?","wilsh102","?","genej101","?","genej101","?","gibsf101","mcins101","tierc101","padge101","bancd101","wilsf101","thomh102","stenc101","meusi101","","younr101","S.3-H;1-2","F","F",8,6,20,"T","T",1,"F","F",0,"F","F",1,"F","F",0,"","F","F","",0,0,"N",0,"N",0,"N",1,2,0,4,"","","","","F","F","F","F","F","F","F","F","F","genej101","","genej101","F","F","F","F","F","","","","",0,0,0,0,0,0,0,0,0,9,"NY1","NY1","BSN",1,"F","F",1,0,1,5,5,"T","F",5,3,"T","T","jackt101","gowdh101","T","T",7,5,8,0,0,0,9,3,6,"gibsf101","","gibsf101",0,0,0,0,0,0,0,0,0,0,0,0,1,"","F","F","F","F",0,0,0,4,0,0,0,0,0,0,F,F,"1924NY1.EVN.regular.event.csv",3684
"NY1192409102","BSN",1,1,2,0,0,"",0,2,"jackt101","?","jackt101","?","genej101","?","genej101","?","gibsf101","mcins101","tierc101","padge101","bancd101","wilsf101","thomh102","stenc101","wilsh102","meusi101","","1/L","F","F",6,7,2,"T","T",0,"F","F",1,"F","F",0,"F","F",1,"L","F","F","",0,0,"N",0,"N",0,"N",0,1,2,0,"1","","","","F","F","F","F","F","F","F","F","F","genej101","genej101","","F","F","F","F","F","","","","",0,1,0,0,0,0,0,0,0,10,"NY1","NY1","BSN",1,"F","T",2,0,2,6,6,"T","F",3,3,"T","T","gowdh101","mcquh101","T","T",8,6,9,7,5,8,0,0,0,"gibsf101","gibsf101","",0,0,0,0,0,0,0,0,0,0,0,0,0,"genej101","F","F","F","F",0,0,0,0,0,0,0,0,0,0,F,F,"1924NY1.EVN.regular.event.csv",3685
"NY1192409102","BSN",2,0,0,0,0,"",0,2,"mcins101","?","mcins101","?","mcquh101","?","mcquh101","?","gowdh101","kellg101","frisf101","grohh101","jackt101","meusi101","wilsh102","younr101","","","","63","T","F",3,4,2,"T","T",0,"F","F",1,"F","F",0,"F","F",6,"G","F","F","",0,0,"N",0,"N",0,"N",0,0,0,0,"63","","","","F","F","F","F","F","F","F","F","F","","","","F","F","F","F","F","","","","",0,3,0,0,6,0,0,0,0,11,"NY1","BSN","NY1",0,"T","F",0,2,0,3,0,"T","F",0,0,"T","T","tierc101","gibsf101","T","T",0,0,0,0,0,0,0,0,0,"","","",0,0,0,0,0,0,0,0,0,0,0,0,0,"jackt101","F","F","F","F",0,0,0,0,0,0,0,0,0,0,F,F,"1924NY1.EVN.regular.event.csv",3686
"NY1192409102","BSN",2,0,1,0,0,"",0,2,"tierc101","?","tierc101","?","mcquh101","?","mcquh101","?","gowdh101","kellg101","frisf101","grohh101","jackt101","meusi101","wilsh102","younr101","","","","S","F","F",4,5,20,"T","T",1,"F","F",0,"F","F",0,"F","F",0,"","F","F","",0,0,"N",0,"N",0,"N",1,0,0,0,"","","","","F","F","F","F","F","F","F","F","F","","","","F","F","F","F","F","","","","",0,0,0,0,0,0,0,0,0,12,"NY1","BSN","NY1",0,"F","F",0,2,0,4,1,"T","F",0,1,"T","T","gibsf101","thomh102","T","T",0,0,0,0,0,0,0,0,0,"","","",0,0,0,0,0,0,0,0,0,0,0,0,0,"","F","F","F","F",0,0,0,0,0,0,0,0,0,0,F,F,"1924NY1.EVN.regular.event.csv",3687
"NY1192409102","BSN",2,0,1,0,0,"",0,2,"gibsf101","?","gibsf101","?","mcquh101","?","mcquh101","?","gowdh101","kellg101","frisf101","grohh101","jackt101","meusi101","wilsh102","younr101","tierc101","","","9/F","F","F",2,6,2,"T","T",0,"F","F",1,"F","F",0,"F","F",9,"F","F","F","",0,0,"N",0,"N",0,"N",0,1,0,0,"9","","","","F","F","F","F","F","F","F","F","F","mcquh101","","","F","F","F","F","F","","","","",0,9,0,0,0,0,0,0,0,13,"NY1","BSN","NY1",0,"F","F",0,2,0,5,2,"T","F",1,1,"T","T","thomh102","padge101","T","T",4,5,12,0,0,0,0,0,0,"gowdh101","","",0,0,0,0,0,0,0,0,0,0,0,0,0,"younr101","F","F","F","F",0,0,0,0,0,0,0,0,0,0,F,F,"1924NY1.EVN.regular.event.csv",3688
"NY1192409102","BSN",2,0,2,0,0,"",0,2,"thomh102","?","thomh102","?","mcquh101","?","mcquh101","?","gowdh101","kellg101","frisf101","grohh101","jackt101","meusi101","wilsh102","younr101","tierc101","","","46(1)/FO","F","F",8,7,2,"T","T",0,"F","F",1,"F","F",0,"F","F",4,"G","F","F","",0,0,"N",0,"N",0,"N",1,0,0,0,"","46","","","F","F","F","F","F","F","F","F","F","mcquh101","","","F","F","F","F","F","","","","",0,6,0,0,4,0,0,0,0,14,"NY1","BSN","NY1",0,"F","T",0,2,0,6,3,"T","F",1,1,"T","T","padge101","genej101","T","T",4,5,12,0,0,0,0,0,0,"gowdh101","","",0,0,0,0,0,0,0,0,0,0,0,0,0,"frisf101","T","F","F","F",0,0,0,0,0,0,0,0,0,0,F,F,"1924NY1.EVN.regular.event.csv",3689
"NY1192409102","BSN",2,1,0,0,0,"",0,2,"gowdh101","?","gowdh101","?","genej101","?","genej101","?","gibsf101","mcins101","tierc101","padge101","bancd101","wilsf101","thomh102","stenc101","","","","W","T","F",2,8,14,"T","F",0,"F","F",0,"F","F",0,"F","F",0,"","F","F","",0,0,"N",0,"N",0,"N",1,0,0,0,"","","","","F","F","F","F","F","F","F","F","F","","","","F","F","F","F","F","","","","",0,0,0,0,0,0,0,0,0,15,"NY1","NY1","BSN",1,"T","F",2,0,0,7,0,"T","F",0,1,"T","T","mcquh101","grohh101","T","T",0,0,0,0,0,0,0,0,0,"","","",0,0,0,0,0,0,0,0,0,0,0,0,0,"","F","F","F","F",0,0,0,0,0,0,0,0,0,0,F,F,"1924NY1.EVN.regular.event.csv",3690
"NY1192409102","BSN",2,1,0,0,0,"",0,2,"mcquh101","?","mcquh101","?","genej101","?","genej101","?","gibsf101","mcins101","tierc101","padge101","bancd101","wilsf101","thomh102","stenc101","gowdh101","","","56(1)3/BG/GDP","F","F",1,9,2,"T","T",0,"F","F",2,"T","F",0,"F","F",5,"G","T","F","",0,0,"N",0,"N",0,"N",0,0,0,0,"63","56","","","F","F","F","F","F","F","F","F","F","genej101","","","F","F","F","F","F","","","","",0,6,3,0,5,6,0,0,0,16,"NY1","NY1","BSN",1,"F","F",2,0,0,8,1,"T","F",1,0,"T","T","grohh101","frisf101","T","T",2,8,15,0,0,0,0,0,0,"gibsf101","","",0,0,0,0,0,0,0,0,0,0,0,0,0,"padge101","T","F","F","F",0,0,0,0,0,0,0,0,0,0,F,F,"1924NY1.EVN.regular.event.csv",3691
"NY1192409102","BSN",2,1,2,0,0,"",0,2,"grohh101","?","grohh101","?","genej101","?","genej101","?","gibsf101","mcins101","tierc101","padge101","bancd101","wilsf101","thomh102","stenc101","","","","W","F","F",5,1,14,"T","F",0,"F","F",0,"F","F",0,"F","F",0,"","F","F","",0,0,"N",0,"N",0,"N",1,0,0,0,"","","","","F","F","F","F","F","F","F","F","F","","","","F","F","F","F","F","","","","",0,0,0,0,0,0,0,0,0,17,"NY1","NY1","BSN",1,"F","F",2,0,0,9,2,"T","F",0,1,"T","T","frisf101","younr101","T","T",0,0,0,0,0,0,0,0,0,"","","",0,0,0,0,0,0,0,0,0,0,0,0,0,"","F","F","F","F",0,0,0,0,0,0,0,0,0,0,F,F,"1924NY1.EVN.regular.event.csv",3692
"NY1192409102","BSN",2,1,2,0,0,"",0,2,"frisf101","?","frisf101","?","genej101","?","genej101","?","gibsf101","mcins101","tierc101","padge101","bancd101","wilsf101","thomh102","stenc101","grohh101","","","S6/G.1-2","F","F",4,2,20,"T","T",1,"F","F",0,"F","F",0,"F","F",6,"G","F","F","",0,0,"N",0,"N",0,"N",1,2,0,0,"","","","","F","F","F","F","F","F","F","F","F","genej101","","","F","F","F","F","F","","","","",0,0,0,0,0,0,0,0,0,18,"NY1","NY1","BSN",1,"F","F",2,0,0,10,3,"T","F",1,3,"T","T","younr101","kellg101","T","T",5,1,17,0,0,0,0,0,0,"gibsf101","","",0,0,0,0,0,0,0,0,0,0,0,0,0,"bancd101","F","F","F","F",0,0,0,0,0,0,0,0,0,0,F,F,"1924NY1.EVN.regular.event.csv",3693
"NY1192409102","BSN",2,1,2,0,0,"",0,2,"younr101","?","younr101","?","genej101","?","genej101","?","gibsf101","mcins101","tierc101","padge101","bancd101","wilsf101","thomh102","stenc101","frisf101","grohh101","","13","F","F",9,3,2,"T","T",0,"F","F",1,"F","F",0,"F","F",1,"G","F","F","",0,0,"N",0,"N",0,"N",0,1,2,0,"13","","","","F","F","F","F","F","F","F","F","F","genej101","genej101","","F","F","F","F","F","","","","",0,3,0,0,1,0,0,0,0,19,"NY1","NY1","BSN",1,"F","T",2,0,0,11,4,"T","F",3,3,"T","T","kellg101","meusi101","T","T",4,2,18,5,1,17,0,0,0,"gibsf101","gibsf101","",0,0,0,0,0,0,0,0,0,0,0,0,0,"genej101","F","F","F","F",0,0,0,0,0,0,0,0,0,0,F,F,"1924NY1.EVN.regular.event.csv",3694
"NY1192409102","BSN",3,0,0,0,0,"",0,2,"padge101","?","padge101","?","mcquh101","?","mcquh101","?","gowdh101","kellg101","frisf101","grohh101","jackt101","meusi101","wilsh102","younr101","","","","D","T","F",5,8,21,"T","T",2,"F","F",0,"F","F",0,"F","F",0,"","F","F","",0,0,"N",0,"N",0,"N",2,0,0,0,"","","","","F","F","F","F","F","F","F","F","F","","","","F","F","F","F","F","","","","",0,0,0,0,0,0,0,0,0,20,"NY1","BSN","NY1",0,"T","F",0,2,0,7,0,"T","F",0,2,"T","T","genej101","bancd101","T","T",0,0,0,0,0,0,0,0,0,"","","",0,0,0,0,0,0,0,0,0,0,0,0,0,"","F","F","F","F",0,0,0,0,0,0,0,0,0,0,F,F,"1924NY1.EVN.regular.event.csv",3695
"NY1192409102","BSN",3,0,0,0,0,"",0,2,"genej101","?","genej101","?","mcquh101","?","mcquh101","?","gowdh101","kellg101","frisf101","grohh101","jackt101","meusi101","wilsh102","younr101","","padge101","","FC1.2X3(1);B-2(E1/TH1)","F","F",1,9,19,"T","T",0,"F","F",1,"F","F",0,"F","F",1,"G","F","F","",1,1,"T",0,"N",0,"N",2,0,0,0,"","","1","","F","F","F","F","F","F","F","F","F","","mcquh101","","F","F","F","F","F","","","","",0,1,0,0,0,0,0,0,0,21,"NY1","BSN","NY1",0,"F","F",0,2,0,8,1,"T","F",2,2,"T","T","bancd101","wilsf101","T","T",0,0,0,5,8,20,0,0,0,"","gowdh101","",0,0,0,0,0,0,0,0,0,0,0,0,0,"mcquh101","F","F","F","F",0,0,0,0,0,0,0,0,0,0,F,F,"1924NY1.EVN.regular.event.csv",3696
"NY1192409102","BSN",3,0,1,0,0,"",0,2,"bancd101","?","bancd101","?","mcquh101","?","mcquh101","?","gowdh101","kellg101","frisf101","grohh101","jackt101","meusi101","wilsh102","younr101","","genej101","","3/LDP.2X2(36)","F","F",6,1,2,"T","T",0,"F","F",2,"T","F",0,"F","F",3,"L","F","F","",0,0,"N",0,"N",0,"N",0,0,0,0,"3","","36","","F","F","F","F","F","F","F","F","F","","mcquh101","","F","F","F","F","F","","","","",0,3,6,0,3,0,0,0,0,22,"NY1","BSN","NY1",0,"F","T",0,2,0,9,2,"T","F",2,0,"T","T","wilsf101","stenc101","T","T",0,0,0,1,9,21,0,0,0,"","gowdh101","",0,0,0,0,0,0,0,0,0,0,0,0,0,"kellg101","F","F","F","F",0,0,0,0,0,0,0,0,0,0,F,F,"1924NY1.EVN.regular.event.csv",3697
"NY1192409102","BSN",3,1,0,0,0,"",0,2,"kellg101","?","kellg101","?","genej101","?","genej101","?","gibsf101","mcins101","tierc101","padge101","bancd101","wilsf101","thomh102","stenc101","","","","S","T","F",3,4,20,"T","T",1,"F","F",0,"F","F",0,"F","F",0,"","F","F","",0,0,"N",0,"N",0,"N",1,0,0,0,"","","","","F","F","F","F","F","F","F","F","F","","","","F","F","F","F","F","","","","",0,0,0,0,0,0,0,0,0,23,"NY1","NY1","BSN",1,"T","F",2,0,0,12,0,"T","F",0,1,"T","T","meusi101","wilsh102","T","T",0,0,0,0,0,0,0,0,0,"","","",0,0,0,0,0,0,0,0,0,0,0,0,0,"","F","F","F","F",0,0,0,0,2,0,0,0,0,0,F,F,"1924NY1.EVN.regular.event.csv",3698
"NY1192409102","BSN",3,1,0,0,0,"",0,2,"meusi101","?","meusi101","?","genej101","?","genej101","?","gibsf101","mcins101","tierc101","padge101","bancd101","wilsf101","thomh102","stenc101","kellg101","","","54(1)/FO#","F","F",7,5,2,"T","T",0,"F","F",1,"F","F",0,"F","F",5,"G","F","F","",0,0,"N",0,"N",0,"N",1,0,0,0,"","54","","","F","F","F","F","F","F","F","F","F","genej101","","","F","F","F","F","F","","","","",0,4,0,0,5,0,0,0,0,24,"NY1","NY1","BSN",1,"F","F",2,0,0,13,1,"T","F",1,1,"T","T","wilsh102","jackt101","T","T",3,4,23,0,0,0,0,0,0,"gibsf101","","",0,0,0,0,0,0,0,0,0,0,0,0,0,"padge101","T","F","F","F",4,0,0,0,2,0,0,0,0,0,F,T,"1924NY1.EVN.regular.event.csv",3699
"NY1192409102","BSN",3,1,1,0,0,"",0,2,"wilsh102","?","wilsh102","?","genej101","?","genej101","?","gibsf101","mcins101","tierc101","padge101","bancd101","wilsf101","thomh102","stenc101","meusi101","","","8/F","F","F",8,6,2,"T","T",0,"F","F",1,"F","F",0,"F","F",8,"F","F","F","",0,0,"N",0,"N",0,"N",0,1,0,0,"8","","","","F","F","F","F","F","F","F","F","F","genej101","","","F","F","F","F","F","","","","",0,8,0,0,0,0,0,0,0,25,"NY1","NY1","BSN",1,"F","F",2,0,0,14,2,"T","F",1,1,"T","T","jackt101","gowdh101","T","T",7,5,24,0,0,0,0,0,0,"gibsf101","","",0,0,0,0,0,0,0,0,0,0,0,0,0,"thomh102","F","F","F","F",0,4,0,0,2,0,0,0,0,0,F,F,"1924NY1.EVN.regular.event.csv",3700
"NY1192409102","BSN",3,1,2,0,0,"",0,2,"jackt101","?","jackt101","?","genej101","?","genej101","?","gibsf101","mcins101","tierc101","padge101","bancd101","wilsf101","thomh102","stenc101","meusi101","","","HR/F7D.1-H","F","F",6,7,23,"T","T",4,"F","F",0,"F","F",2,"F","F",0,"F","F","F","7D",0,0,"N",0,"N",0,"N",4,4,0,0,"","","","","F","F","F","F","F","F","F","F","F","genej101","","","F","F","F","F","F","","","","",0,0,0,0,0,0,0,0,0,26,"NY1","NY1","BSN",1,"F","F",2,0,0,15,3,"T","F",1,0,"T","T","gowdh101","mcquh101","T","T",7,5,24,0,0,0,0,0,0,"gibsf101","","",0,0,0,0,0,0,0,0,0,0,0,0,2,"","F","F","F","F",4,4,0,0,0,0,0,0,0,0,F,F,"1924NY1.EVN.regular.event.csv",3701
"NY1192409102","BSN",3,1,2,0,0,"",0,4,"gowdh101","?","gowdh101","?","genej101","?","genej101","?","gibsf101","mcins101","tierc101","padge101","bancd101","wilsf101","thomh102","stenc101","","","","7/F","F","F",2,8,2,"T","T",0,"F","F",1,"F","F",0,"F","F",7,"F","F","F","",0,0,"N",0,"N",0,"N",0,0,0,0,"7","","","","F","F","F","F","F","F","F","F","F","","","","F","F","F","F","F","","","","",0,7,0,0,0,0,0,0,0,27,"NY1","NY1","BSN",1,"F","T",4,0,2,16,4,"T","F",0,0,"T","T","mcquh101","grohh101","T","T",0,0,0,0,0,0,0,0,0,"","","",0,0,0,0,0,0,0,0,0,0,0,0,0,"wilsf101","F","F","F","F",0,0,0,0,0,0,0,0,0,0,F,F,"1924NY1.EVN.regular.event.csv",3702
"NY1192409102","BSN",4,0,0,0,0,"",0,4,"wilsf101","?","wilsf101","?","mcquh101","?","mcquh101","?","gowdh101","kellg101","frisf101","grohh101","jackt101","meusi101","wilsh102","younr101","","","","6/P","T","F",7,2,2,"T","T",0,"F","F",1,"F","F",0,"F","F",6,"P","F","F","",0,0,"N",0,"N",0,"N",0,0,0,0,"6","","","","F","F","F","F","F","F","F","F","F","","","","F","F","F","F","F","","","","",0,6,0,0,0,0,0,0,0,28,"NY1","BSN","NY1",0,"T","F",0,4,0,10,0,"T","F",0,0,"T","T","stenc101","mcins101","T","T",0,0,0,0,0,0,0,0,0,"","","",0,0,0,0,0,0,0,0,0,0,0,0,0,"jackt101","F","F","F","F",0,0,0,0,0,0,0,0,0,0,F,F,"1924NY1.EVN.regular.event.csv",3703
"NY1192409102","BSN",4,0,1,0,0,"",0,4,"stenc101","?","stenc101","?","mcquh101","?","mcquh101","?","gowdh101","kellg101","frisf101","grohh101","jackt101","meusi101","wilsh102","younr101","","","","3/L","F","F",9,3,2,"T","T",0,"F","F",1,"F","F",0,"F","F",3,"L","F","F","",0,0,"N",0,"N",0,"N",0,0,0,0,"3","","","","F","F","F","F","F","F","F","F","F","","","","F","F","F","F","F","","","","",0,3,0,0,0,0,0,0,0,29,"NY1","BSN","NY1",0,"F","F",0,4,0,11,1,"T","F",0,0,"T","T","mcins101","tierc101","T","T",0,0,0,0,0,0,0,0,0,"","","",0,0,0,0,0,0,0,0,0,0,0,0,0,"kellg101","F","F","F","F",0,0,0,0,0,0,0,0,0,0,F,F,"1924NY1.EVN.regular.event.csv",3704
"NY1192409102","BSN",4,0,2,0,0,"",0,4,"mcins101","?","mcins101","?","mcquh101","?","mcquh101","?","gowdh101","kellg101","frisf101","grohh101","jackt101","meusi101","wilsh102","younr101","","","","9/F","F","F",3,4,2,"T","T",0,"F","F",1,"F","F",0,"F","F",9,"F","F","F","",0,0,"N",0,"N",0,"N",0,0,0,0,"9","","","","F","F","F","F","F","F","F","F","F","","","","F","F","F","F","F","","","","",0,9,0,0,0,0,0,0,0,30,"NY1","BSN","NY1",0,"F","T",0,4,0,12,2,"T","F",0,0,"T","T","tierc101","gibsf101","T","T",0,0,0,0,0,0,0,0,0,"","","",0,0,0,0,0,0,0,0,0,0,0,0,0,"younr101","F","F","F","F",0,0,0,0,0,0,0,0,0,0,F,F,"1924NY1.EVN.regular.event.csv",3705
"NY1192409102","BSN",4,1,0,0,0,"",0,4,"mcquh101","?","mcquh101","?","genej101","?","genej101","?","gibsf101","mcins101","tierc101","padge101","bancd101","wilsf101","thomh102","stenc101","","","","8/F","T","F",1,9,2,"T","T",0,"F","F",1,"F","F",0,"F","F",8,"F","F","F","",0,0,"N",0,"N",0,"N",0,0,0,0,"8","","","","F","F","F","F","F","F","F","F","F","","","","F","F","F","F","F","","","","",0,8,0,0,0,0,0,0,0,31,"NY1","NY1","BSN",1,"T","F",4,0,0,17,0,"T","F",0,0,"T","T","grohh101","frisf101","T","T",0,0,0,0,0,0,0,0,0,"","","",0,0,0,0,0,0,0,0,0,0,0,0,0,"thomh102","F","F","F","F",0,0,0,0,1,0,0,0,0,0,F,F,"1924NY1.EVN.regular.event.csv",3706
"NY1192409102","BSN",4,1,1,0,0,"",0,4,"grohh101","?","grohh101","?","genej101","?","genej101","?","gibsf101","mcins101","tierc101","padge101","bancd101","wilsf101","thomh102","stenc101","","","","W","F","F",5,1,14,"T","F",0,"F","F",0,"F","F",0,"F","F",0,"","F","F","",0,0,"N",0,"N",0,"N",1,0,0,0,"","","","","F","F","F","F","F","F","F","F","F","","","","F","F","F","F","F","","","","",0,0,0,0,0,0,0,0,0,32,"NY1","NY1","BSN",1,"F","F",4,0,0,18,1,"T","F",0,1,"T","T","frisf101","younr101","T","T",0,0,0,0,0,0,0,0,0,"","","",0,0,0,0,0,0,0,0,0,0,0,0,0,"","F","F","F","F",5,0,0,0,1,0,0,0,0,0,F,F,"1924NY1.EVN.regular.event.csv",3707
"NY1192409102","BSN",4,1,1,0,0,"",0,4,"frisf101","?","frisf101","?","genej101","?","genej101","?","gibsf101","mcins101","tierc101","padge101","bancd101","wilsf101","thomh102","stenc101","grohh101","","","8/F","F","F",4,2,2,"T","T",0,"F","F",1,"F","F",0,"F","F",8,"F","F","F","",0,0,"N",0,"N",0,"N",0,1,0,0,"8","","","","F","F","F","F","F","F","F","F","F","genej101","","","F","F","F","F","F","","","","",0,8,0,0,0,0,0,0,0,33,"NY1","NY1","BSN",1,"F","F",4,0,0,19,2,"T","F",1,1,"T","T","younr101","kellg101","T","T",5,1,32,0,0,0,0,0,0,"gibsf101","","",0,0,0,0,0,0,0,0,0,0,0,0,0,"thomh102","F","F","F","F",0,5,0,0,1,0,0,0,0,0,F,F,"1924NY1.EVN.regular.event.csv",3708
"NY1192409102","BSN",4,1,2,0,0,"",0,4,"younr101","?","younr101","?","genej101","?","genej101","?","gibsf101","mcins101","tierc101","padge101","bancd101","wilsf101","thomh102","stenc101","grohh101","","","SB2.1-3(E2/TH2)","F","F",9,3,4,"F","F",0,"F","F",0,"F","F",0,"F","F",0,"","F","F","",1,2,"T",0,"N",0,"N",0,3,0,0,"","","","","T","F","F","F","F","F","F","F","F","genej101","","","F","F","F","F","F","","","","",0,0,0,0,0,0,0,0,0,34,"NY1","NY1","BSN",1,"F","F",4,0,0,20,3,"T","F",1,4,"T","T","kellg101","meusi101","T","T",5,1,32,0,0,0,0,0,0,"gibsf101","","",0,0,0,0,0,0,0,0,0,0,0,0,0,"","F","F","F","F",0,5,0,0,1,0,0,0,0,0,F,F,"1924NY1.EVN.regular.event.csv",3709
"NY1192409102","BSN",4,1,2,0,0,"",0,4,"younr101","?","younr101","?","genej101","?","genej101","?","gibsf101","mcins101","tierc101","padge101","bancd101","wilsf101","thomh102","stenc101","","","grohh101","S5/G.3-H(UR)","F","F",9,3,20,"T","T",1,"F","F",0,"F","F",1,"F","F",5,"G","F","F","",0,0,"N",0,"N",0,"N",1,0,0,5,"","","","","F","F","F","F","F","F","F","F","F","","","genej101","F","F","F","F","F","","","","",0,0,0,0,0,0,0,0,0,35,"NY1","NY1","BSN",1,"F","F",4,0,0,20,3,"F","F",4,1,"T","T","kellg101","meusi101","T","T",0,0,0,0,0,0,5,1,32,"","","gibsf101",0,0,0,0,0,0,0,0,0,0,0,0,1,"padge101","F","F","F","F",0,0,0,5,0,0,0,0,0,0,F,F,"1924NY1.EVN.regular.event.csv",3710
"NY1192409102","BSN",4,1,2,0,0,"",0,5,"kellg101","?","kellg101","?","genej101","?","genej101","?","gibsf101","mcins101","tierc101","padge101","bancd101","wilsf101","thomh102","stenc101","younr101","","","SB2","F","F",3,4,4,"F","F",0,"F","F",0,"F","F",0,"F","F",0,"","F","F","",0,0,"N",0,"N",0,"N",0,2,0,0,"","","","","T","F","F","F","F","F","F","F","F","genej101","","","F","F","F","F","F","","","","",0,0,0,0,0,0,0,0,0,36,"NY1","NY1","BSN",1,"F","F",5,0,1,21,4,"T","F",1,2,"T","T","meusi101","wilsh102","T","T",9,3,35,0,0,0,0,0,0,"gibsf101","","",0,0,0,0,0,0,0,0,0,0,0,0,0,"","F","F","F","F",0,0,0,0,0,0,0,0,0,0,F,F,"1924NY1.EVN.regular.event.csv",3711
"NY1192409102","BSN",4,1,2,0,0,"",0,5,"kellg101","?","kellg101","?","genej101","?","genej101","?","gibsf101","mcins101","tierc101","padge101","bancd101","wilsf101","thomh102","stenc101","","younr101","","6/L","F","F",3,4,2,"T","T",0,"F","F",1,"F","F",0,"F","F",6,"L","F","F","",0,0,"N",0,"N",0,"N",0,0,2,0,"6","","","","F","F","F","F","F","F","F","F","F","","genej101","","F","F","F","F","F","","","","",0,6,0,0,0,0,0,0,0,37,"NY1","NY1","BSN",1,"F","T",5,0,1,21,4,"F","F",2,2,"T","T","meusi101","wilsh102","T","T",0,0,0,9,3,35,0,0,0,"","gibsf101","",0,0,0,0,0,0,0,0,0,0,0,0,0,"bancd101","F","F","F","F",0,0,0,0,0,0,0,0,0,0,F,F,"1924NY1.EVN.regular.event.csv",3712
"NY1192409102","BSN",5,0,0,0,0,"",0,5,"tierc101","?","tierc101","?","mcquh101","?","mcquh101","?","gowdh101","kellg101","frisf101","grohh101","jackt101","meusi101","wilsh102","younr101","","","","W","T","F",4,5,14,"T","F",0,"F","F",0,"F","F",0,"F","F",0,"","F","F","",0,0,"N",0,"N",0,"N",1,0,0,0,"","","","","F","F","F","F","F","F","F","F","F","","","","F","F","F","F","F","","","","",0,0,0,0,0,0,0,0,0,38,"NY1","BSN","NY1",0,"T","F",0,5,0,13,0,"T","F",0,1,"T","T","gibsf101","thomh102","T","T",0,0,0,0,0,0,0,0,0,"","","",0,0,0,0,0,0,0,0,0,0,0,0,0,"","F","F","F","F",0,0,0,0,0,0,0,0,0,0,F,F,"1924NY1.EVN.regular.event.csv",3713
"NY1192409102","BSN",5,0,0,0,0,"",0,5,"gibsf101","?","gibsf101","?","mcquh101","?","mcquh101","?","gowdh101","kellg101","frisf101","grohh101","jackt101","meusi101","wilsh102","younr101","tierc101","","","K","F","F",2,6,3,"T","T",0,"F","F",1,"F","F",0,"F","F",0,"","F","F","",0,0,"N",0,"N",0,"N",0,1,0,0,"2","","","","F","F","F","F","F","F","F","F","F","mcquh101","","","F","F","F","F","F","","","","",0,2,0,0,0,0,0,0,0,39,"NY1","BSN","NY1",0,"F","F",0,5,0,14,1,"T","F",1,1,"T","T","thomh102","padge101","T","T",4,5,38,0,0,0,0,0,0,"gowdh101","","",0,0,0,0,0,0,0,0,0,0,0,0,0,"","F","F","F","F",0,0,0,0,0,0,0,0,0,0,F,F,"1924NY1.EVN.regular.event.csv",3714
"NY1192409102","BSN",5,0,1,0,0,"",0,5,"thomh102","?","thomh102","?","mcquh101","?","mcquh101","?","gowdh101","kellg101","frisf101","grohh101","jackt101","meusi101","wilsh102","younr101","tierc101","","","13.1-2","F","F",8,7,2,"T","T",0,"F","F",1,"F","F",0,"F","F",1,"G","F","F","",0,0,"N",0,"N",0,"N",0,2,0,0,"13","","","","F","F","F","F","F","F","F","F","F","mcquh101","","","F","F","F","F","F","","","","",0,3,0,0,1,0,0,0,0,40,"NY1","BSN","NY1",0,"F","F",0,5,0,15,2,"T","F",1,2,"T","T","padge101","genej101","T","T",4,5,38,0,0,0,0,0,0,"gowdh101","","",0,0,0,0,0,0,0,0,0,0,0,0,0,"mcquh101","F","F","F","F",0,0,0,0,0,0,0,0,0,0,F,F,"1924NY1.EVN.regular.event.csv",3715
"NY1192409102","BSN",5,0,2,0,0,"",0,5,"padge101","?","padge101","?","mcquh101","?","mcquh101","?","gowdh101","kellg101","frisf101","grohh101","jackt101","meusi101","wilsh102","younr101","","tierc101","","53","F","F",5,8,2,"T","T",0,"F","F",1,"F","F",0,"F","F",5,"G","F","F","",0,0,"N",0,"N",0,"N",0,0,2,0,"53","","","","F","F","F","F","F","F","F","F","F","","mcquh101","","F","F","F","F","F","","","","",0,3,0,0,5,0,0,0,0,41,"NY1","BSN","NY1",0,"F","T",0,5,0,16,3,"T","F",2,2,"T","T","genej101","bancd101","T","T",0,0,0,4,5,38,0,0,0,"","gowdh101","",0,0,0,0,0,0,0,0,0,0,0,0,0,"grohh101","F","F","F","F",0,0,0,0,0,0,0,0,0,0,F,F,"1924NY1.EVN.regular.event.csv",3716
"NY1192409102","BSN",5,1,0,0,0,"",0,5,"meusi101","?","meusi101","?","genej101","?","genej101","?","gibsf101","mcins101","tierc101","padge101","bancd101","wilsf101","thomh102","stenc101","","","","5/FL","T","F",7,5,2,"T","T",0,"F","F",1,"F","F",0,"F","F",5,"F","F","T","",0,0,"N",0,"N",0,"N",0,0,0,0,"5","","","","F","F","F","F","F","F","F","F","F","","","","F","F","F","F","F","","","","",0,5,0,0,0,0,0,0,0,42,"NY1","NY1","BSN",1,"T","F",5,0,0,22,0,"T","F",0,0,"T","T","wilsh102","jackt101","T","T",0,0,0,0,0,0,0,0,0,"","","",0,0,0,0,0,0,0,0,0,0,0,0,0,"padge101","F","F","F","F",0,0,0,0,3,0,0,0,0,0,F,F,"1924NY1.EVN.regular.event.csv",3717
"NY1192409102","BSN",5,1,1,0,0,"",0,5,"wilsh102","?","wilsh102","?","genej101","?","genej101","?","gibsf101","mcins101","tierc101","padge101","bancd101","wilsf101","thomh102","stenc101","","","","W","F","F",8,6,14,"T","F",0,"F","F",0,"F","F",0,"F","F",0,"","F","F","",0,0,"N",0,"N",0,"N",1,0,0,0,"","","","","F","F","F","F","F","F","F","F","F","","","","F","F","F","F","F","","","","",0,0,0,0,0,0,0,0,0,43,"NY1","NY1","BSN",1,"F","F",5,0,0,23,1,"T","F",0,1,"T","T","jackt101","gowdh101","T","T",0,0,0,0,0,0,0,0,0,"","","",0,0,0,0,0,0,0,0,0,0,0,0,0,"","F","F","F","F",4,0,0,0,3,0,0,0,0,0,F,F,"1924NY1.EVN.regular.event.csv",3718
"NY1192409102","BSN",5,1,1,0,0,"",0,5,"jackt101","?","jackt101","?","genej101","?","genej101","?","gibsf101","mcins101","tierc101","padge101","bancd101","wilsf101","thomh102","stenc101","wilsh102","","","W.1-2","F","F",6,7,14,"T","F",0,"F","F",0,"F","F",0,"F","F",0,"","F","F","",0,0,"N",0,"N",0,"N",1,2,0,0,"","","","","F","F","F","F","F","F","F","F","F","genej101","","","F","F","F","F","F","","","","",0,0,0,0,0,0,0,0,0,44,"NY1","NY1","BSN",1,"F","F",5,0,0,24,2,"T","F",1,3,"T","T","gowdh101","mcquh101","T","T",8,6,43,0,0,0,0,0,0,"gibsf101","","",0,0,0,0,0,0,0,0,0,0,0,0,0,"","F","F","F","F",4,4,0,0,3,0,0,0,0,0,F,F,"1924NY1.EVN.regular.event.csv",3719
"NY1192409102","BSN",5,1,1,0,0,"",0,5,"gowdh101","?","gowdh101","?","genej101","?","genej101","?","gibsf101","mcins101","tierc101","padge101","bancd101","wilsf101","thomh102","stenc101","jackt101","wilsh102","","S.2-3;1-2","F","F",2,8,20,"T","T",1,"F","F",0,"F","F",0,"F","F",0,"","F","F","",0,0,"N",0,"N",0,"N",1,2,3,0,"","","","","F","F","F","F","F","F","F","F","F","genej101","genej101","","F","F","F","F","F","","","","",0,0,0,0,0,0,0,0,0,45,"NY1","NY1","BSN",1,"F","F",5,0,0,25,3,"T","F",3,7,"T","T","mcquh101","grohh101","T","T",6,7,44,8,6,43,0,0,0,"gibsf101","gibsf101","",0,0,0,0,0,0,0,0,0,0,0,0,0,"","F","F","F","F",5,4,4,0,3,0,0,0,0,0,F,F,"1924NY1.EVN.regular.event.csv",3720
"NY1192409102","BSN",5,1,1,0,0,"",0,5,"mcquh101","?","mcquh101","?","genej101","?","genej101","?","gibsf101","mcins101","tierc101","padge101","bancd101","wilsf101","thomh102","stenc101","gowdh101","jackt101","wilsh102","FC6.3-H;2-H(NR);1X3(6E4)","F","F",1,9,19,"T","T",0,"F","F",0,"F","F",1,"F","F",6,"G","F","F","",1,4,"D",0,"N",0,"N",1,3,4,4,"","6E4","","","F","F","F","F","F","F","F","F","F","genej101","genej101","genej101","F","F","F","F","F","","","","",0,0,0,0,6,0,0,0,0,46,"NY1","NY1","BSN",1,"F","F",5,0,0,26,4,"T","F",7,5,"T","T","grohh101","frisf101","T","T",2,8,45,6,7,44,8,6,43,"gibsf101","gibsf101","gibsf101",0,0,0,0,0,0,0,0,0,0,0,0,2,"bancd101","F","F","F","F",0,5,4,4,1,0,0,0,0,0,F,F,"1924NY1.EVN.regular.event.csv",3721
"NY1192409102","BSN",5,1,1,0,0,"",0,7,"grohh101","?","grohh101","?","genej101","?","genej101","?","gibsf101","mcins101","tierc101","padge101","bancd101","wilsf101","thomh102","stenc101","mcquh101","","gowdh101","S7.3-H(UR);1-2","F","F",5,1,20,"T","T",1,"F","F",0,"F","F",1,"F","F",7,"","F","F","",0,0,"N",0,"N",0,"N",1,2,0,5,"","","","","F","F","F","F","F","F","F","F","F","genej101","","genej101","F","F","F","F","F","","","","",0,0,0,0,0,0,0,0,0,47,"NY1","NY1","BSN",1,"F","F",7,0,2,27,5,"T","F",5,3,"T","T","frisf101","younr101","T","T",1,9,46,0,0,0,2,8,45,"gibsf101","","gibsf101",0,0,0,0,0,0,0,0,0,0,0,0,1,"wilsf101","F","F","F","F",0,0,0,5,0,0,0,0,0,0,F,F,"1924NY1.EVN.regular.event.csv",3722
"NY1192409102","BSN",5,1,1,0,0,"",0,8,"frisf101","?","frisf101","?","yeara101","?","yeara101","?","gibsf101","mcins101","tierc101","padge101","bancd101","wilsf101","thomh102","stenc101","grohh101","mcquh101","","6/P","F","F",4,2,2,"T","T",0,"F","F",1,"F","F",0,"F","F",6,"P","F","F","",0,0,"N",0,"N",0,"N",0,1,2,0,"6","","","","F","F","F","F","F","F","F","F","F","genej101","genej101","","F","F","F","F","F","","","","",0,6,0,0,0,0,0,0,0,48,"NY1","NY1","BSN",1,"F","F",8,0,3,28,6,"T","F",3,3,"T","T","younr101","kellg101","F","F",5,1,47,1,9,46,0,0,0,"gibsf101","gibsf101","",0,0,0,0,0,0,0,0,0,0,0,0,0,"bancd101","F","F","F","F",0,0,0,0,0,0,0,0,0,0,F,F,"1924NY1.EVN.regular.event.csv",3723
"NY1192409102","BSN",5,1,2,0,0,"",0,8,"younr101","?","younr101","?","yeara101","?","yeara101","?","gibsf101","mcins101","tierc101","padge101","bancd101","wilsf101","thomh102","stenc101","grohh101","mcquh101","","3/G","F","F",9,3,2,"T","T",0,"F","F",1,"F","F",0,"F","F",3,"G","F","F","",0,0,"N",0,"N",0,"N",0,1,2,0,"3","","","","F","F","F","F","F","F","F","F","F","genej101","genej101","","F","F","F","F","F","","","","",0,3,0,0,0,0,0,0,0,49,"NY1","NY1","BSN",1,"F","T",8,0,3,29,7,"T","F",3,3,"T","T","kellg101","meusi101","F","F",5,1,47,1,9,46,0,0,0,"gibsf101","gibsf101","",0,0,0,0,0,0,0,0,0,0,0,0,0,"mcins101","F","F","F","F",0,0,0,0,0,0,0,0,0,0,F,F,"1924NY1.EVN.regular.event.csv",3724
"NY1192409102","BSN",6,0,0,0,0,"",0,8,"yeara101","?","yeara101","?","mcquh101","?","mcquh101","?","gowdh101","kellg101","frisf101","grohh101","jackt101","meusi101","wilsh102","younr101","","","","43","T","F",1,9,2,"T","T",0,"F","F",1,"F","F",0,"F","F",4,"G","F","F","",0,0,"N",0,"N",0,"N",0,0,0,0,"43","","","","F","F","F","F","F","F","F","F","F","","","","F","F","F","F","F","","","","",0,3,0,0,4,0,0,0,0,50,"NY1","BSN","NY1",0,"T","F",0,8,0,17,0,"T","F",0,0,"F","F","bancd101","wilsf101","T","T",0,0,0,0,0,0,0,0,0,"","","",0,0,0,0,0,0,0,0,0,0,0,0,0,"frisf101","F","F","F","F",0,0,0,0,0,0,0,0,0,0,F,F,"1924NY1.EVN.regular.event.csv",3725
"NY1192409102","BSN",6,0,1,0,0,"",0,8,"bancd101","?","bancd101","?","mcquh101","?","mcquh101","?","gowdh101","kellg101","frisf101","grohh101","jackt101","meusi101","wilsh102","younr101","","","","8/F","F","F",6,1,2,"T","T",0,"F","F",1,"F","F",0,"F","F",8,"F","F","F","",0,0,"N",0,"N",0,"N",0,0,0,0,"8","","","","F","F","F","F","F","F","F","F","F","","","","F","F","F","F","F","","","","",0,8,0,0,0,0,0,0,0,51,"NY1","BSN","NY1",0,"F","F",0,8,0,18,1,"T","F",0,0,"T","T","wilsf101","stenc101","T","T",0,0,0,0,0,0,0,0,0,"","","",0,0,0,0,0,0,0,0,0,0,0,0,0,"wilsh102","F","F","F","F",0,0,0,0,0,0,0,0,0,0,F,F,"1924NY1.EVN.regular.event.csv",3726
"NY1192409102","BSN",6,0,2,0,0,"",0,8,"wilsf101","?","wilsf101","?","mcquh101","?","mcquh101","?","gowdh101","kellg101","frisf101","grohh101","jackt101","meusi101","wilsh102","younr101","","","","S9.BX2(9363)#","F","F",7,2,20,"T","T",1,"F","F",1,"F","F",0,"F","F",9,"","F","F","",0,0,"N",0,"N",0,"N",0,0,0,0,"9363","","","","F","F","F","F","F","F","F","F","F","","","","F","F","F","F","F","","","","",0,3,0,0,9,3,6,0,0,52,"NY1","BSN","NY1",0,"F","T",0,8,0,19,2,"T","F",0,0,"T","T","stenc101","mcins101","T","T",0,0,0,0,0,0,0,0,0,"","","",0,0,0,0,0,0,0,0,0,0,0,0,0,"younr101","F","F","F","F",0,0,0,0,0,0,0,0,0,0,F,T,"1924NY1.EVN.regular.event.csv",3727
"NY1192409102","BSN",6,1,0,0,0,"",0,8,"kellg101","?","kellg101","?","yeara101","?","yeara101","?","gibsf101","mcins101","tierc101","padge101","bancd101","wilsf101","thomh102","stenc101","","","","8/F","T","F",3,4,2,"T","T",0,"F","F",1,"F","F",0,"F","F",8,"F","F","F","",0,0,"N",0,"N",0,"N",0,0,0,0,"8","","","","F","F","F","F","F","F","F","F","F","","","","F","F","F","F","F","","","","",0,8,0,0,0,0,0,0,0,53,"NY1","NY1","BSN",1,"T","F",8,0,0,30,0,"T","F",0,0,"T","T","meusi101","wilsh102","F","F",0,0,0,0,0,0,0,0,0,"","","",0,0,0,0,0,0,0,0,0,0,0,0,0,"thomh102","F","F","F","F",0,0,0,0,0,0,0,0,0,0,F,F,"1924NY1.EVN.regular.event.csv",3728
"NY1192409102","BSN",6,1,1,0,0,"",0,8,"meusi101","?","meusi101","?","yeara101","?","yeara101","?","gibsf101","mcins101","tierc101","padge101","bancd101","wilsf101","thomh102","stenc101","","","","6/P","F","F",7,5,2,"T","T",0,"F","F",1,"F","F",0,"F","F",6,"P","F","F","",0,0,"N",0,"N",0,"N",0,0,0,0,"6","","","","F","F","F","F","F","F","F","F","F","","","","F","F","F","F","F","","","","",0,6,0,0,0,0,0,0,0,54,"NY1","NY1","BSN",1,"F","F",8,0,0,31,1,"T","F",0,0,"T","T","wilsh102","jackt101","F","F",0,0,0,0,0,0,0,0,0,"","","",0,0,0,0,0,0,0,0,0,0,0,0,0,"bancd101","F","F","F","F",0,0,0,0,0,0,0,0,0,0,F,F,"1924NY1.EVN.regular.event.csv",3729
"NY1192409102","BSN",6,1,2,0,0,"",0,8,"wilsh102","?","wilsh102","?","yeara101","?","yeara101","?","gibsf101","mcins101","tierc101","padge101","bancd101","wilsf101","thomh102","stenc101","","","","K/C","F","F",8,6,3,"T","T",0,"F","F",1,"F","F",0,"F","F",0,"","F","F","",0,0,"N",0,"N",0,"N",0,0,0,0,"2","","","","F","F","F","F","F","F","F","F","F","","","","F","F","F","F","F","","","","",0,2,0,0,0,0,0,0,0,55,"NY1","NY1","BSN",1,"F","T",8,0,0,32,2,"T","F",0,0,"T","T","jackt101","gowdh101","F","F",0,0,0,0,0,0,0,0,0,"","","",0,0,0,0,0,0,0,0,0,0,0,0,0,"","F","F","F","F",0,0,0,0,0,0,0,0,0,0,F,F,"1924NY1.EVN.regular.event.csv",3730
"NY1192409102","BSN",7,0,0,0,0,"",0,8,"stenc101","?","stenc101","?","mcquh101","?","mcquh101","?","gowdh101","kellg101","frisf101","grohh101","jackt101","meusi101","wilsh102","younr101","","","","7/F","T","F",9,3,2,"T","T",0,"F","F",1,"F","F",0,"F","F",7,"F","F","F","",0,0,"N",0,"N",0,"N",0,0,0,0,"7","","","","F","F","F","F","F","F","F","F","F","","","","F","F","F","F","F","","","","",0,7,0,0,0,0,0,0,0,56,"NY1","BSN","NY1",0,"T","F",0,8,0,20,0,"T","F",0,0,"T","T","mcins101","tierc101","T","T",0,0,0,0,0,0,0,0,0,"","","",0,0,0,0,0,0,0,0,0,0,0,0,0,"meusi101","F","F","F","F",0,0,0,0,0,0,0,0,0,0,F,F,"1924NY1.EVN.regular.event.csv",3731
"NY1192409102","BSN",7,0,1,0,0,"",0,8,"mcins101","?","mcins101","?","mcquh101","?","mcquh101","?","gowdh101","kellg101","frisf101","grohh101","jackt101","meusi101","wilsh102","younr101","","","","43","F","F",3,4,2,"T","T",0,"F","F",1,"F","F",0,"F","F",4,"G","F","F","",0,0,"N",0,"N",0,"N",0,0,0,0,"43","","","","F","F","F","F","F","F","F","F","F","","","","F","F","F","F","F","","","","",0,3,0,0,4,0,0,0,0,57,"NY1","BSN","NY1",0,"F","F",0,8,0,21,1,"T","F",0,0,"T","T","tierc101","gibsf101","T","T",0,0,0,0,0,0,0,0,0,"","","",0,0,0,0,0,0,0,0,0,0,0,0,0,"frisf101","F","F","F","F",0,0,0,0,0,0,0,0,0,0,F,F,"1924NY1.EVN.regular.event.csv",3732
"NY1192409102","BSN",7,0,2,0,0,"",0,8,"tierc101","?","tierc101","?","mcquh101","?","mcquh101","?","gowdh101","kellg101","frisf101","grohh101","jackt101","meusi101","wilsh102","younr101","","","","43","F","F",4,5,2,"T","T",0,"F","F",1,"F","F",0,"F","F",4,"G","F","F","",0,0,"N",0,"N",0,"N",0,0,0,0,"43","","","","F","F","F","F","F","F","F","F","F","","","","F","F","F","F","F","","","","",0,3,0,0,4,0,0,0,0,58,"NY1","BSN","NY1",0,"F","T",0,8,0,22,2,"T","F",0,0,"T","T","gibsf101","thomh102","T","T",0,0,0,0,0,0,0,0,0,"","","",0,0,0,0,0,0,0,0,0,0,0,0,0,"frisf101","F","F","F","F",0,0,0,0,0,0,0,0,0,0,F,F,"1924NY1.EVN.regular.event.csv",3733
"NY1192409102","BSN",7,1,0,0,0,"",0,8,"jackt101","?","jackt101","?","yeara101","?","yeara101","?","gibsf101","mcins101","tierc101","padge101","bancd101","wilsf101","thomh102","stenc101","","","","13","T","F",6,7,2,"T","T",0,"F","F",1,"F","F",0,"F","F",1,"G","F","F","",0,0,"N",0,"N",0,"N",0,0,0,0,"13","","","","F","F","F","F","F","F","F","F","F","","","","F","F","F","F","F","","","","",0,3,0,0,1,0,0,0,0,59,"NY1","NY1","BSN",1,"T","F",8,0,0,33,0,"T","F",0,0,"T","T","gowdh101","mcquh101","F","F",0,0,0,0,0,0,0,0,0,"","","",0,0,0,0,0,0,0,0,0,0,0,0,0,"yeara101","F","F","F","F",0,0,0,0,0,0,0,0,0,0,F,F,"1924NY1.EVN.regular.event.csv",3734
"NY1192409102","BSN",7,1,1,0,0,"",0,8,"gowdh101","?","gowdh101","?","yeara101","?","yeara101","?","gibsf101","mcins101","tierc101","padge101","bancd101","wilsf101","thomh102","stenc101","","","","8/F","F","F",2,8,2,"T","T",0,"F","F",1,"F","F",0,"F","F",8,"F","F","F","",0,0,"N",0,"N",0,"N",0,0,0,0,"8","","","","F","F","F","F","F","F","F","F","F","","","","F","F","F","F","F","","","","",0,8,0,0,0,0,0,0,0,60,"NY1","NY1","BSN",1,"F","F",8,0,0,34,1,"T","F",0,0,"T","T","mcquh101","grohh101","F","F",0,0,0,0,0,0,0,0,0,"","","",0,0,0,0,0,0,0,0,0,0,0,0,0,"thomh102","F","F","F","F",0,0,0,0,0,0,0,0,0,0,F,F,"1924NY1.EVN.regular.event.csv",3735
"NY1192409102","BSN",7,1,2,0,0,"",0,8,"mcquh101","?","mcquh101","?","yeara101","?","yeara101","?","gibsf101","mcins101","tierc101","padge101","bancd101","wilsf101","thomh102","stenc101","","","","9/F","F","F",1,9,2,"T","T",0,"F","F",1,"F","F",0,"F","F",9,"F","F","F","",0,0,"N",0,"N",0,"N",0,0,0,0,"9","","","","F","F","F","F","F","F","F","F","F","","","","F","F","F","F","F","","","","",0,9,0,0,0,0,0,0,0,61,"NY1","NY1","BSN",1,"F","T",8,0,0,35,2,"T","F",0,0,"T","T","grohh101","frisf101","F","F",0,0,0,0,0,0,0,0,0,"","","",0,0,0,0,0,0,0,0,0,0,0,0,0,"stenc101","F","F","F","F",0,0,0,0,0,0,0,0,0,0,F,F,"1924NY1.EVN.regular.event.csv",3736
"NY1192409102","BSN",8,0,0,0,0,"",0,8,"gibsf101","?","gibsf101","?","mcquh101","?","mcquh101","?","gowdh101","kellg101","lindf101","grohh101","frisf101","meusi101","wilsh102","younr101","","","","K","T","F",2,6,3,"T","T",0,"F","F",1,"F","F",0,"F","F",0,"","F","F","",0,0,"N",0,"N",0,"N",0,0,0,0,"2","","","","F","F","F","F","F","F","F","F","F","","","","F","F","F","F","F","","","","",0,2,0,0,0,0,0,0,0,62,"NY1","BSN","NY1",0,"T","F",0,8,0,23,0,"T","F",0,0,"T","T","thomh102","padge101","T","T",0,0,0,0,0,0,0,0,0,"","","",0,0,0,0,0,0,0,0,0,0,0,0,0,"","F","F","F","F",0,0,0,0,0,0,0,0,0,0,F,F,"1924NY1.EVN.regular.event.csv",3737
"NY1192409102","BSN",8,0,1,0,0,"",0,8,"thomh102","?","thomh102","?","mcquh101","?","mcquh101","?","gowdh101","kellg101","lindf101","grohh101","frisf101","meusi101","wilsh102","younr101","","","","2/FL","F","F",8,7,2,"T","T",0,"F","F",1,"F","F",0,"F","F",2,"F","F","T","",0,0,"N",0,"N",0,"N",0,0,0,0,"2","","","","F","F","F","F","F","F","F","F","F","","","","F","F","F","F","F","","","","",0,2,0,0,0,0,0,0,0,63,"NY1","BSN","NY1",0,"F","F",0,8,0,24,1,"T","F",0,0,"T","T","padge101","yeara101","T","T",0,0,0,0,0,0,0,0,0,"","","",0,0,0,0,0,0,0,0,0,0,0,0,0,"gowdh101","F","F","F","F",0,0,0,0,0,0,0,0,0,0,F,F,"1924NY1.EVN.regular.event.csv",3738
"NY1192409102","BSN",8,0,2,0,0,"",0,8,"padge101","?","padge101","?","mcquh101","?","mcquh101","?","gowdh101","kellg101","lindf101","grohh101","frisf101","meusi101","wilsh102","younr101","","","","6/P","F","F",5,8,2,"T","T",0,"F","F",1,"F","F",0,"F","F",6,"P","F","F","",0,0,"N",0,"N",0,"N",0,0,0,0,"6","","","","F","F","F","F","F","F","F","F","F","","","","F","F","F","F","F","","","","",0,6,0,0,0,0,0,0,0,64,"NY1","BSN","NY1",0,"F","T",0,8,0,25,2,"T","F",0,0,"T","T","yeara101","bancd101","T","T",0,0,0,0,0,0,0,0,0,"","","",0,0,0,0,0,0,0,0,0,0,0,0,0,"frisf101","F","F","F","F",0,0,0,0,0,0,0,0,0,0,F,F,"1924NY1.EVN.regular.event.csv",3739
"NY1192409102","BSN",8,1,0,0,0,"",0,8,"grohh101","?","grohh101","?","yeara101","?","yeara101","?","gibsf101","mcins101","tierc101","padge101","bancd101","wilsf101","thomh102","stenc101","","","","8/F","T","F",5,1,2,"T","T",0,"F","F",1,"F","F",0,"F","F",8,"F","F","F","",0,0,"N",0,"N",0,"N",0,0,0,0,"8","","","","F","F","F","F","F","F","F","F","F","","","","F","F","F","F","F","","","","",0,8,0,0,0,0,0,0,0,65,"NY1","NY1","BSN",1,"T","F",8,0,0,36,0,"T","F",0,0,"T","T","frisf101","younr101","F","F",0,0,0,0,0,0,0,0,0,"","","",0,0,0,0,0,0,0,0,0,0,0,0,0,"thomh102","F","F","F","F",0,0,0,0,0,0,0,0,0,0,F,F,"1924NY1.EVN.regular.event.csv",3740
"NY1192409102","BSN",8,1,1,0,0,"",0,8,"frisf101","?","frisf101","?","yeara101","?","yeara101","?","gibsf101","mcins101","tierc101","padge101","bancd101","wilsf101","thomh102","stenc101","","","","43","F","F",6,2,2,"T","T",0,"F","F",1,"F","F",0,"F","F",4,"G","F","F","",0,0,"N",0,"N",0,"N",0,0,0,0,"43","","","","F","F","F","F","F","F","F","F","F","","","","F","F","F","F","F","","","","",0,3,0,0,4,0,0,0,0,66,"NY1","NY1","BSN",1,"F","F",8,0,0,37,1,"T","F",0,0,"T","T","younr101","kellg101","F","F",0,0,0,0,0,0,0,0,0,"","","",0,0,0,0,0,0,0,0,0,0,0,0,0,"tierc101","F","F","F","F",0,0,0,0,0,0,0,0,0,0,F,F,"1924NY1.EVN.regular.event.csv",3741
"NY1192409102","BSN",8,1,2,0,0,"",0,8,"younr101","?","younr101","?","yeara101","?","yeara101","?","gibsf101","mcins101","tierc101","padge101","bancd101","wilsf101","thomh102","stenc101","","","","W","F","F",9,3,14,"T","F",0,"F","F",0,"F","F",0,"F","F",0,"","F","F","",0,0,"N",0,"N",0,"N",1,0,0,0,"","","","","F","F","F","F","F","F","F","F","F","","","","F","F","F","F","F","","","","",0,0,0,0,0,0,0,0,0,67,"NY1","NY1","BSN",1,"F","F",8,0,0,38,2,"T","F",0,1,"T","T","kellg101","meusi101","F","F",0,0,0,0,0,0,0,0,0,"","","",0,0,0,0,0,0,0,0,0,0,0,0,0,"","F","F","F","F",1,0,0,0,0,0,0,0,0,0,F,F,"1924NY1.EVN.regular.event.csv",3742
"NY1192409102","BSN",8,1,2,0,0,"",0,8,"kellg101","?","kellg101","?","yeara101","?","yeara101","?","gibsf101","mcins101","tierc101","padge101","bancd101","wilsf101","thomh102","stenc101","younr101","","","53","F","F",3,4,2,"T","T",0,"F","F",1,"F","F",0,"F","F",5,"G","F","F","",0,0,"N",0,"N",0,"N",0,1,0,0,"53","","","","F","F","F","F","F","F","F","F","F","yeara101","","","F","F","F","F","F","","","","",0,3,0,0,5,0,0,0,0,68,"NY1","NY1","BSN",1,"F","T",8,0,0,39,3,"T","F",1,1,"T","T","meusi101","wilsh102","F","F",9,3,67,0,0,0,0,0,0,"gibsf101","","",0,0,0,0,0,0,0,0,0,0,0,0,0,"padge101","F","F","F","F",0,1,0,0,0,0,0,0,0,0,F,F,"1924NY1.EVN.regular.event.csv",3743
"NY1192409102","BSN",9,0,0,0,0,"",0,8,"power101","?","power101","?","mcquh101","?","mcquh101","?","gowdh101","kellg101","lindf101","grohh101","frisf101","meusi101","wilsh102","younr101","","","","K","T","T",11,9,3,"T","T",0,"F","F",1,"F","F",0,"F","F",0,"","F","F","",0,0,"N",0,"N",0,"N",0,0,0,0,"2","","","","F","F","F","F","F","F","F","F","F","","","","F","F","F","F","F","","","","yeara101",1,2,0,0,0,0,0,0,0,69,"NY1","BSN","NY1",0,"T","F",0,8,0,26,0,"T","F",0,0,"F","F","bancd101","wilsf101","T","T",0,0,0,0,0,0,0,0,0,"","","",0,0,0,0,0,0,0,0,0,0,0,0,0,"","F","F","F","F",0,0,0,0,0,0,0,0,0,0,F,F,"1924NY1.EVN.regular.event.csv",3744
"NY1192409102","BSN",9,0,1,0,0,"",0,8,"bancd101","?","bancd101","?","mcquh101","?","mcquh101","?","gowdh101","kellg101","lindf101","grohh101","frisf101","meusi101","wilsh102","younr101","","","","5/L","F","F",6,1,2,"T","T",0,"F","F",1,"F","F",0,"F","F",5,"L","F","F","",0,0,"N",0,"N",0,"N",0,0,0,0,"5","","","","F","F","F","F","F","F","F","F","F","","","","F","F","F","F","F","","","","",0,5,0,0,0,0,0,0,0,70,"NY1","BSN","NY1",0,"F","F",0,8,0,27,1,"T","F",0,0,"T","T","wilsf101","stenc101","T","T",0,0,0,0,0,0,0,0,0,"","","",0,0,0,0,0,0,0,0,0,0,0,0,0,"grohh101","F","F","F","F",0,0,0,0,0,0,0,0,0,0,F,F,"1924NY1.EVN.regular.event.csv",3745
"NY1192409102","BSN",9,0,2,0,0,"",0,8,"wilsf101","?","wilsf101","?","mcquh101","?","mcquh101","?","gowdh101","kellg101","lindf101","grohh101","frisf101","meusi101","wilsh102","younr101","","","","43","F","F",7,2,2,"T","T",0,"F","F",1,"F","F",0,"F","F",4,"G","F","F","",0,0,"N",0,"N",0,"N",0,0,0,0,"43","","","","F","F","F","F","F","F","F","F","F","","","","F","T","F","F","F","","","","",0,3,0,0,4,0,0,0,0,71,"NY1","BSN","NY1",0,"F","T",0,8,0,28,2,"T","F",0,0,"T","T","stenc101","mcins101","T","T",0,0,0,0,0,0,0,0,0,"","","",0,0,0,0,0,0,0,0,0,0,0,0,0,"lindf101","F","F","F","F",0,0,0,0,0,0,0,0,0,0,F,F,"1924NY1.EVN.regular.event.csv",3746
"NY1192409120","SLN",1,0,0,0,0,"",0,0,"smitj106","?","smitj106","?","watsm103","?","watsm103","?","gowdh101","kellg101","frisf101","grohh101","jackt101","meusi101","wilsh102","younr101","","","","S/G46","T","F",9,1,20,"T","T",1,"F","F",0,"F","F",0,"F","F",0,"G","F","F","46",0,0,"N",0,"N",0,"N",1,0,0,0,"","","","","F","F","F","F","F","F","F","F","F","","","","T","F","F","F","F","","","","",0,0,0,0,0,0,0,0,0,1,"NY1","SLN","NY1",0,"T","F",0,0,0,0,0,"T","F",0,1,"T","T","topos101","hornr101","T","T",0,0,0,0,0,0,0,0,0,"","","",0,0,0,0,0,0,0,0,0,0,0,0,0,"","F","F","F","F",4,0,0,0,1,0,0,0,0,0,F,F,"1924NY1.EVN.regular.event.csv",3747
"NY1192409120","SLN",1,0,0,0,0,"",0,0,"topos101","?","topos101","?","watsm103","?","watsm103","?","gowdh101","kellg101","frisf101","grohh101","jackt101","meusi101","wilsh102","younr101","smitj106","","","43.1-2","F","F",5,2,2,"T","T",0,"F","F",1,"F","F",0,"F","F",4,"G","F","F","",0,0,"N",0,"N",0,"N",0,2,0,0,"43","","","","F","F","F","F","F","F","F","F","F","watsm103","","","F","F","F","F","F","","","","",0,3,0,0,4,0,0,0,0,2,"NY1","SLN","NY1",0,"F","F",0,0,0,1,1,"T","F",1,2,"T","T","hornr101","bottj101","T","T",9,1,1,0,0,0,0,0,0,"gowdh101","","",0,0,0,0,0,0,0,0,0,0,0,0,0,"frisf101","F","F","F","F",0,4,0,0,1,0,0,0,0,0,F,F,"1924NY1.EVN.regular.event.csv",3748
"NY1192409120","SLN",1,0,1,0,0,"",0,0,"hornr101","?","hornr101","?","watsm103","?","watsm103","?","gowdh101","kellg101","frisf101","grohh101","jackt101","meusi101","wilsh102","younr101","","smitj106","","W","F","F",4,3,14,"T","F",0,"F","F",0,"F","F",0,"F","F",0,"","F","F","",0,0,"N",0,"N",0,"N",1,0,2,0,"","","","","F","F","F","F","F","F","F","F","F","","watsm103","","F","F","F","F","F","","","","",0,0,0,0,0,0,0,0,0,3,"NY1","SLN","NY1",0,"F","F",0,0,0,2,2,"T","F",2,3,"T","T","bottj101","hafec101","T","T",0,0,0,9,1,1,0,0,0,"","gowdh101","",0,0,0,0,0,0,0,0,0,0,0,0,0,"","F","F","F","F",0,0,4,0,1,0,0,0,0,0,F,F,"1924NY1.EVN.regular.event.csv",3749
"NY1192409120","SLN",1,0,1,0,0,"",0,0,"bottj101","?","bottj101","?","watsm103","?","watsm103","?","gowdh101","kellg101","frisf101","grohh101","jackt101","meusi101","wilsh102","younr101","hornr101","smitj106","","S9.2-H;1-3;B-2(E9)","F","F",3,4,20,"T","T",1,"F","F",0,"F","F",1,"F","F",9,"","F","F","",1,9,"F",0,"N",0,"N",2,3,4,0,"","","","","F","F","F","F","F","F","F","F","F","watsm103","watsm103","","F","F","F","F","F","","","","",0,0,0,0,0,0,0,0,0,4,"NY1","SLN","NY1",0,"F","F",0,0,0,3,3,"T","F",3,6,"T","T","hafec101","doutt101","T","T",4,3,3,9,1,1,0,0,0,"gowdh101","gowdh101","",0,0,0,0,0,0,0,0,0,0,0,0,1,"younr101","F","F","F","F",0,0,4,0,0,0,0,0,0,0,F,F,"1924NY1.EVN.regular.event.csv",3750
"NY1192409120","SLN",1,0,1,0,0,"",1,0,"hafec101","?","hafec101","?","ryanr101","?","ryanr101","?","gowdh101","kellg101","frisf101","grohh101","jackt101","meusi101","wilsh102","younr101","","bottj101","hornr101","K/C","F","F",7,5,3,"T","T",0,"F","F",1,"F","F",0,"F","F",0,"","F","F","",0,0,"N",0,"N",0,"N",0,0,2,3,"2","","","","F","F","F","F","F","F","F","F","F","","watsm103","watsm103","F","F","F","F","F","","","","",0,2,0,0,0,0,0,0,0,5,"NY1","SLN","NY1",0,"F","F",1,0,1,4,4,"T","F",6,6,"T","T","doutt101","gonzm101","F","F",0,0,0,3,4,4,4,3,3,"","gowdh101","gowdh101",0,0,0,0,0,0,0,0,0,0,0,0,0,"","F","F","F","F",0,0,0,0,0,0,0,0,0,0,F,F,"1924NY1.EVN.regular.event.csv",3751
"NY1192409120","SLN",1,0,2,0,0,"",1,0,"doutt101","?","doutt101","?","ryanr101","?","ryanr101","?","gowdh101","kellg101","frisf101","grohh101","jackt101","meusi101","wilsh102","younr101","","bottj101","hornr101","8/L#","F","F",8,6,2,"T","T",0,"F","F",1,"F","F",0,"F","F",8,"L","F","F","",0,0,"N",0,"N",0,"N",0,0,2,3,"8","","","","F","F","F","F","F","F","F","F","F","","watsm103","watsm103","F","F","F","F","F","","","","",0,8,0,0,0,0,0,0,0,6,"NY1","SLN","NY1",0,"F","T",1,0,1,5,5,"T","F",6,6,"T","T","gonzm101","thevt101","F","F",0,0,0,3,4,4,4,3,3,"","gowdh101","gowdh101",0,0,0,0,0,0,0,0,0,0,0,0,0,"wilsh102","F","F","F","F",0,0,0,0,0,0,0,0,0,0,F,T,"1924NY1.EVN.regular.event.csv",3752
"NY1192409120","SLN",1,1,0,0,0,"",1,0,"grohh101","?","grohh101","?","sherb101","?","sherb101","?","gonzm101","bottj101","hornr101","topos101","thevt101","hafec101","doutt101","smitj106","","","","9/L89S","T","F",5,1,2,"T","T",0,"F","F",1,"F","F",0,"F","F",9,"L","F","F","89S",0,0,"N",0,"N",0,"N",0,0,0,0,"9","","","","F","F","F","F","F","F","F","F","F","","","","F","F","F","F","F","","","","",0,9,0,0,0,0,0,0,0,7,"NY1","NY1","SLN",1,"T","F",0,1,0,0,0,"T","F",0,0,"T","T","frisf101","younr101","T","T",0,0,0,0,0,0,0,0,0,"","","",0,0,0,0,0,0,0,0,0,0,0,0,0,"smitj106","F","F","F","F",0,0,0,0,0,0,0,0,0,0,F,F,"1924NY1.EVN.regular.event.csv",3753
"NY1192409120","SLN",1,1,1,0,0,"",1,0,"frisf101","?","frisf101","?","sherb101","?","sherb101","?","gonzm101","bottj101","hornr101","topos101","thevt101","hafec101","doutt101","smitj106","","","","7/F#","F","F",4,2,2,"T","T",0,"F","F",1,"F","F",0,"F","F",7,"F","F","F","",0,0,"N",0,"N",0,"N",0,0,0,0,"7","","","","F","F","F","F","F","F","F","F","F","","","","F","F","F","F","F","","","","",0,7,0,0,0,0,0,0,0,8,"NY1","NY1","SLN",1,"F","F",0,1,0,1,1,"T","F",0,0,"T","T","younr101","kellg101","T","T",0,0,0,0,0,0,0,0,0,"","","",0,0,0,0,0,0,0,0,0,0,0,0,0,"hafec101","F","F","F","F",0,0,0,0,0,0,0,0,0,0,F,T,"1924NY1.EVN.regular.event.csv",3754
"NY1192409120","SLN",1,1,2,0,0,"",1,0,"younr101","?","younr101","?","sherb101","?","sherb101","?","gonzm101","bottj101","hornr101","topos101","thevt101","hafec101","doutt101","smitj106","","","","S8","F","F",9,3,20,"T","T",1,"F","F",0,"F","F",0,"F","F",8,"","F","F","",0,0,"N",0,"N",0,"N",1,0,0,0,"","","","","F","F","F","F","F","F","F","F","F","","","","F","F","F","F","F","","","","",0,0,0,0,0,0,0,0,0,9,"NY1","NY1","SLN",1,"F","F",0,1,0,2,2,"T","F",0,1,"T","T","kellg101","meusi101","T","T",0,0,0,0,0,0,0,0,0,"","","",0,0,0,0,0,0,0,0,0,0,0,0,0,"doutt101","F","F","F","F",0,0,0,0,0,0,0,0,0,0,F,F,"1924NY1.EVN.regular.event.csv",3755
"NY1192409120","SLN",1,1,2,0,0,"",1,0,"kellg101","?","kellg101","?","sherb101","?","sherb101","?","gonzm101","bottj101","hornr101","topos101","thevt101","hafec101","doutt101","smitj106","younr101","","","W.1-2","F","F",3,4,14,"T","F",0,"F","F",0,"F","F",0,"F","F",0,"","F","F","",0,0,"N",0,"N",0,"N",1,2,0,0,"","","","","F","F","F","F","F","F","F","F","F","sherb101","","","F","F","F","F","F","","","","",0,0,0,0,0,0,0,0,0,10,"NY1","NY1","SLN",1,"F","F",0,1,0,3,3,"T","F",1,3,"T","T","meusi101","wilsh102","T","T",9,3,9,0,0,0,0,0,0,"gonzm101","","",0,0,0,0,0,0,0,0,0,0,0,0,0,"","F","F","F","F",0,0,0,0,0,0,0,0,0,0,F,F,"1924NY1.EVN.regular.event.csv",3756
"NY1192409120","SLN",1,1,2,0,0,"",1,0,"meusi101","?","meusi101","?","sherb101","?","sherb101","?","gonzm101","bottj101","hornr101","topos101","thevt101","hafec101","doutt101","smitj106","kellg101","younr101","","46(1)/FO","F","F",7,5,2,"T","T",0,"F","F",1,"F","F",0,"F","F",4,"G","F","F","",0,0,"N",0,"N",0,"N",1,0,2,0,"","46","","","F","F","F","F","F","F","F","F","F","sherb101","sherb101","","F","F","F","F","F","","","","",0,6,0,0,4,0,0,0,0,11,"NY1","NY1","SLN",1,"F","T",0,1,0,4,4,"T","F",3,3,"T","T","wilsh102","jackt101","T","T",3,4,10,9,3,9,0,0,0,"gonzm101","gonzm101","",0,0,0,0,0,0,0,0,0,0,0,0,0,"hornr101","T","F","F","F",0,0,0,0,0,0,0,0,0,0,F,F,"1924NY1.EVN.regular.event.csv",3757
"NY1192409120","SLN",2,0,0,0,0,"",1,0,"gonzm101","?","gonzm101","?","ryanr101","?","ryanr101","?","gowdh101","kellg101","frisf101","grohh101","jackt101","meusi101","wilsh102","younr101","","","","S9","T","F",2,7,20,"T","T",1,"F","F",0,"F","F",0,"F","F",9,"","F","F","",0,0,"N",0,"N",0,"N",1,0,0,0,"","","","","F","F","F","F","F","F","F","F","F","","","","F","F","F","F","F","","","","",0,0,0,0,0,0,0,0,0,12,"NY1","SLN","NY1",0,"T","F",1,0,0,6,0,"T","F",0,1,"T","T","thevt101","sherb101","F","F",0,0,0,0,0,0,0,0,0,"","","",0,0,0,0,0,0,0,0,0,0,0,0,0,"younr101","F","F","F","F",0,0,0,0,0,0,0,0,0,0,F,F,"1924NY1.EVN.regular.event.csv",3758
"NY1192409120","SLN",2,0,0,0,0,"",1,0,"thevt101","?","thevt101","?","ryanr101","?","ryanr101","?","gowdh101","kellg101","frisf101","grohh101","jackt101","meusi101","wilsh102","younr101","gonzm101","","","7/F","F","F",6,8,2,"T","T",0,"F","F",1,"F","F",0,"F","F",7,"F","F","F","",0,0,"N",0,"N",0,"N",0,1,0,0,"7","","","","F","F","F","F","F","F","F","F","F","ryanr101","","","F","F","F","F","F","","","","",0,7,0,0,0,0,0,0,0,13,"NY1","SLN","NY1",0,"F","F",1,0,0,7,1,"T","F",1,1,"T","T","sherb101","smitj106","F","F",2,7,12,0,0,0,0,0,0,"gowdh101","","",0,0,0,0,0,0,0,0,0,0,0,0,0,"meusi101","F","F","F","F",0,0,0,0,0,0,0,0,0,0,F,F,"1924NY1.EVN.regular.event.csv",3759
"NY1192409120","SLN",2,0,1,0,0,"",1,0,"sherb101","?","sherb101","?","ryanr101","?","ryanr101","?","gowdh101","kellg101","frisf101","grohh101","jackt101","meusi101","wilsh102","younr101","gonzm101","","","4/P","F","F",1,9,2,"T","T",0,"F","F",1,"F","F",0,"F","F",4,"P","F","F","",0,0,"N",0,"N",0,"N",0,1,0,0,"4","","","","F","F","F","F","F","F","F","F","F","ryanr101","","","F","F","F","F","F","","","","",0,4,0,0,0,0,0,0,0,14,"NY1","SLN","NY1",0,"F","F",1,0,0,8,2,"T","F",1,1,"T","T","smitj106","topos101","F","F",2,7,12,0,0,0,0,0,0,"gowdh101","","",0,0,0,0,0,0,0,0,0,0,0,0,0,"frisf101","F","F","F","F",0,0,0,0,0,0,0,0,0,0,F,F,"1924NY1.EVN.regular.event.csv",3760
"NY1192409120","SLN",2,0,2,0,0,"",1,0,"smitj106","?","smitj106","?","ryanr101","?","ryanr101","?","gowdh101","kellg101","frisf101","grohh101","jackt101","meusi101","wilsh102","younr101","gonzm101","","","46(1)/FO","F","F",9,1,2,"T","T",0,"F","F",1,"F","F",0,"F","F",4,"G","F","F","",0,0,"N",0,"N",0,"N",1,0,0,0,"","46","","","F","F","F","F","F","F","F","F","F","ryanr101","","","F","F","F","F","F","","","","",0,6,0,0,4,0,0,0,0,15,"NY1","SLN","NY1",0,"F","T",1,0,0,9,3,"T","F",1,1,"T","T","topos101","hornr101","F","F",2,7,12,0,0,0,0,0,0,"gowdh101","","",0,0,0,0,0,0,0,0,0,0,0,0,0,"frisf101","T","F","F","F",0,0,0,0,0,0,0,0,0,0,F,F,"1924NY1.EVN.regular.event.csv",3761
"NY1192409120","SLN",2,1,0,0,0,"",1,0,"wilsh102","?","wilsh102","?","sherb101","?","sherb101","?","gonzm101","bottj101","hornr101","topos101","thevt101","hafec101","doutt101","smitj106","","","","K/C","T","F",8,6,3,"T","T",0,"F","F",1,"F","F",0,"F","F",0,"","F","F","",0,0,"N",0,"N",0,"N",0,0,0,0,"2","","","","F","F","F","F","F","F","F","F","F","","","","F","F","F","F","F","","","","",0,2,0,0,0,0,0,0,0,16,"NY1","NY1","SLN",1,"T","F",0,1,0,5,0,"T","F",0,0,"T","T","jackt101","gowdh101","T","T",0,0,0,0,0,0,0,0,0,"","","",0,0,0,0,0,0,0,0,0,0,0,0,0,"","F","F","F","F",0,0,0,0,0,0,0,0,0,0,F,F,"1924NY1.EVN.regular.event.csv",3762
"NY1192409120","SLN",2,1,1,0,0,"",1,0,"jackt101","?","jackt101","?","sherb101","?","sherb101","?","gonzm101","bottj101","hornr101","topos101","thevt101","hafec101","doutt101","smitj106","","","","S/BG25","F","F",6,7,20,"T","T",1,"F","F",0,"F","F",0,"F","F",0,"G","T","F","25",0,0,"N",0,"N",0,"N",1,0,0,0,"","","","","F","F","F","F","F","F","F","F","F","","","","F","F","F","F","F","","","","",0,0,0,0,0,0,0,0,0,17,"NY1","NY1","SLN",1,"F","F",0,1,0,6,1,"T","F",0,1,"T","T","gowdh101","ryanr101","T","T",0,0,0,0,0,0,0,0,0,"","","",0,0,0,0,0,0,0,0,0,0,0,0,0,"","F","F","F","F",0,0,0,0,0,0,0,0,0,0,F,F,"1924NY1.EVN.regular.event.csv",3763
"NY1192409120","SLN",2,1,1,0,0,"",1,0,"gowdh101","?","gowdh101","?","sherb101","?","sherb101","?","gonzm101","bottj101","hornr101","topos101","thevt101","hafec101","doutt101","smitj106","jackt101","","","9/F#","F","F",2,8,2,"T","T",0,"F","F",1,"F","F",0,"F","F",9,"F","F","F","",0,0,"N",0,"N",0,"N",0,1,0,0,"9","","","","F","F","F","F","F","F","F","F","F","sherb101","","","F","F","F","F","F","","","","",0,9,0,0,0,0,0,0,0,18,"NY1","NY1","SLN",1,"F","F",0,1,0,7,2,"T","F",1,1,"T","T","ryanr101","grohh101","T","T",6,7,17,0,0,0,0,0,0,"gonzm101","","",0,0,0,0,0,0,0,0,0,0,0,0,0,"smitj106","F","F","F","F",0,0,0,0,0,0,0,0,0,0,F,T,"1924NY1.EVN.regular.event.csv",3764
"NY1192409120","SLN",2,1,2,0,0,"",1,0,"ryanr101","?","ryanr101","?","sherb101","?","sherb101","?","gonzm101","bottj101","hornr101","topos101","thevt101","hafec101","doutt101","smitj106","jackt101","","","K","F","F",1,9,3,"T","T",0,"F","F",1,"F","F",0,"F","F",0,"","F","F","",0,0,"N",0,"N",0,"N",0,1,0,0,"2","","","","F","F","F","F","F","F","F","F","F","sherb101","","","F","F","F","F","F","","","","",0,2,0,0,0,0,0,0,0,19,"NY1","NY1","SLN",1,"F","T",0,1,0,8,3,"T","F",1,1,"F","F","grohh101","frisf101","T","T",6,7,17,0,0,0,0,0,0,"gonzm101","","",0,0,0,0,0,0,0,0,0,0,0,0,0,"","F","F","F","F",0,0,0,0,0,0,0,0,0,0,F,F,"1924NY1.EVN.regular.event.csv",3765
"NY1192409120","SLN",3,0,0,0,0,"",1,0,"topos101","?","topos101","?","ryanr101","?","ryanr101","?","gowdh101","kellg101","frisf101","grohh101","jackt101","meusi101","wilsh102","younr101","","","","W","T","F",5,2,14,"T","F",0,"F","F",0,"F","F",0,"F","F",0,"","F","F","",0,0,"N",0,"N",0,"N",1,0,0,0,"","","","","F","F","F","F","F","F","F","F","F","","","","F","F","F","F","F","","","","",0,0,0,0,0,0,0,0,0,20,"NY1","SLN","NY1",0,"T","F",1,0,0,10,0,"T","F",0,1,"T","T","hornr101","bottj101","F","F",0,0,0,0,0,0,0,0,0,"","","",0,0,0,0,0,0,0,0,0,0,0,0,0,"","F","F","F","F",4,0,0,0,4,0,0,0,0,0,F,F,"1924NY1.EVN.regular.event.csv",3766
"NY1192409120","SLN",3,0,0,0,0,"",1,0,"hornr101","?","hornr101","?","ryanr101","?","ryanr101","?","gowdh101","kellg101","frisf101","grohh101","jackt101","meusi101","wilsh102","younr101","topos101","","","9/F9DW","F","F",4,3,2,"T","T",0,"F","F",1,"F","F",0,"F","F",9,"F","F","F","9DW",0,0,"N",0,"N",0,"N",0,1,0,0,"9","","","","F","F","F","F","F","F","F","F","F","ryanr101","","","F","F","F","F","F","","","","",0,9,0,0,0,0,0,0,0,21,"NY1","SLN","NY1",0,"F","F",1,0,0,11,1,"T","F",1,1,"T","T","bottj101","hafec101","F","F",5,2,20,0,0,0,0,0,0,"gowdh101","","",0,0,0,0,0,0,0,0,0,0,0,0,0,"younr101","F","F","F","F",0,4,0,0,4,0,0,0,0,0,F,F,"1924NY1.EVN.regular.event.csv",3767
"NY1192409120","SLN",3,0,1,0,0,"",1,0,"bottj101","?","bottj101","?","ryanr101","?","ryanr101","?","gowdh101","kellg101","frisf101","grohh101","jackt101","meusi101","wilsh102","younr101","topos101","","","S9.1-3","F","F",3,4,20,"T","T",1,"F","F",0,"F","F",0,"F","F",9,"","F","F","",0,0,"N",0,"N",0,"N",1,3,0,0,"","","","","F","F","F","F","F","F","F","F","F","ryanr101","","","F","F","F","F","F","","","","",0,0,0,0,0,0,0,0,0,22,"NY1","SLN","NY1",0,"F","F",1,0,0,12,2,"T","F",1,5,"T","T","hafec101","doutt101","F","F",5,2,20,0,0,0,0,0,0,"gowdh101","","",0,0,0,0,0,0,0,0,0,0,0,0,0,"younr101","F","F","F","F",4,4,0,0,4,0,0,0,0,0,F,F,"1924NY1.EVN.regular.event.csv",3768
"NY1192409120","SLN",3,0,1,0,0,"",1,0,"hafec101","?","hafec101","?","ryanr101","?","ryanr101","?","gowdh101","kellg101","frisf101","grohh101","jackt101","meusi101","wilsh102","younr101","bottj101","","coonj103","S7/5D.3-H;1-3","F","F",7,5,20,"T","T",1,"F","F",0,"F","F",1,"F","F",7,"","F","F","5D",0,0,"N",0,"N",0,"N",1,3,0,4,"","","","","F","F","F","F","F","F","F","F","F","ryanr101","","ryanr101","F","F","F","F","T","","","topos101","",0,0,0,0,0,0,0,0,0,23,"NY1","SLN","NY1",0,"F","F",1,0,0,13,3,"T","F",5,5,"T","T","doutt101","gonzm101","F","F",3,4,22,0,0,0,0,2,20,"gowdh101","","gowdh101",0,0,0,0,0,0,0,0,0,0,0,0,1,"meusi101","F","F","F","F",4,4,0,4,3,0,0,0,0,0,F,F,"1924NY1.EVN.regular.event.csv",3769
"NY1192409120","SLN",3,0,1,0,0,"",2,0,"doutt101","?","doutt101","?","ryanr101","?","ryanr101","?","gowdh101","kellg101","frisf101","grohh101","jackt101","meusi101","wilsh102","younr101","hafec101","","bottj101","SB2","F","F",8,6,4,"F","F",0,"F","F",0,"F","F",0,"F","F",0,"","F","F","",0,0,"N",0,"N",0,"N",0,2,0,3,"","","","","T","F","F","F","F","F","F","F","F","ryanr101","","ryanr101","F","F","F","F","F","","","","",0,0,0,0,0,0,0,0,0,24,"NY1","SLN","NY1",0,"F","F",2,0,1,14,4,"T","F",5,6,"T","T","gonzm101","thevt101","F","F",7,5,23,0,0,0,3,4,22,"gowdh101","","gowdh101",0,0,0,0,0,0,0,0,0,0,0,0,0,"","F","F","F","F",0,4,0,4,3,0,0,0,0,0,F,F,"1924NY1.EVN.regular.event.csv",3770
"NY1192409120","SLN",3,0,1,0,0,"",2,0,"doutt101","?","doutt101","?","ryanr101","?","ryanr101","?","gowdh101","kellg101","frisf101","grohh101","jackt101","meusi101","wilsh102","younr101","","hafec101","bottj101","W","F","F",8,6,14,"T","F",0,"F","F",0,"F","F",0,"F","F",0,"","F","F","",0,0,"N",0,"N",0,"N",1,0,2,3,"","","","","F","F","F","F","F","F","F","F","F","","ryanr101","ryanr101","F","F","F","F","F","","","","",0,0,0,0,0,0,0,0,0,25,"NY1","SLN","NY1",0,"F","F",2,0,1,14,4,"F","F",6,7,"T","T","gonzm101","thevt101","F","F",0,0,0,7,5,23,3,4,22,"","gowdh101","gowdh101",0,0,0,0,0,0,0,0,0,0,0,0,0,"","F","F","F","F",4,0,4,4,3,0,0,0,0,0,F,F,"1924NY1.EVN.regular.event.csv",3771
"NY1192409120","SLN",3,0,1,0,0,"",2,0,"gonzm101","?","gonzm101","?","ryanr101","?","ryanr101","?","gowdh101","kellg101","frisf101","grohh101","jackt101","meusi101","wilsh102","younr101","doutt101","hafec101","bottj101","S8/G46.3-H;2-H;1-3","F","F",2,7,20,"T","T",1,"F","F",0,"F","F",2,"F","F",8,"G","F","F","46",0,0,"N",0,"N",0,"N",1,3,4,4,"","","","","F","F","F","F","F","F","F","F","F","ryanr101","ryanr101","ryanr101","F","F","F","F","F","","","","",0,0,0,0,0,0,0,0,0,26,"NY1","SLN","NY1",0,"F","F",2,0,1,15,5,"T","F",7,5,"T","T","thevt101","sherb101","F","F",8,6,25,7,5,23,3,4,22,"gowdh101","gowdh101","gowdh101",0,0,0,0,0,0,0,0,0,0,0,0,2,"wilsh102","F","F","F","F",1,4,4,4,1,0,0,0,0,0,F,F,"1924NY1.EVN.regular.event.csv",3772
"NY1192409120","SLN",3,0,1,0,0,"",4,0,"thevt101","?","thevt101","?","ryanr101","?","ryanr101","?","gowdh101","kellg101","frisf101","grohh101","jackt101","meusi101","wilsh102","younr101","gonzm101","","doutt101","8/F8D/SF.3-H","F","F",6,8,2,"T","F",0,"F","T",1,"F","F",1,"F","F",8,"F","F","F","8D",0,0,"N",0,"N",0,"N",0,1,0,4,"8","","","","F","F","F","F","F","F","F","F","F","ryanr101","","ryanr101","F","F","F","F","F","","","","",0,8,0,0,0,0,0,0,0,27,"NY1","SLN","NY1",0,"F","F",4,0,3,16,6,"T","F",5,1,"T","T","sherb101","smitj106","F","F",2,7,26,0,0,0,8,6,25,"gowdh101","","gowdh101",0,0,0,0,0,0,0,0,0,0,0,0,1,"wilsh102","F","F","F","F",0,1,0,4,0,0,0,0,0,0,F,F,"1924NY1.EVN.regular.event.csv",3773
"NY1192409120","SLN",3,0,2,0,0,"",5,0,"sherb101","?","sherb101","?","ryanr101","?","ryanr101","?","gowdh101","kellg101","frisf101","grohh101","jackt101","meusi101","wilsh102","younr101","gonzm101","","","7/F","F","F",1,9,2,"T","T",0,"F","F",1,"F","F",0,"F","F",7,"F","F","F","",0,0,"N",0,"N",0,"N",0,1,0,0,"7","","","","F","F","F","F","F","F","F","F","F","ryanr101","","","F","F","F","F","F","","","","",0,7,0,0,0,0,0,0,0,28,"NY1","SLN","NY1",0,"F","T",5,0,4,17,7,"T","F",1,1,"T","T","smitj106","coonj103","F","F",2,7,26,0,0,0,0,0,0,"gowdh101","","",0,0,0,0,0,0,0,0,0,0,0,0,0,"meusi101","F","F","F","F",0,1,0,0,0,0,0,0,0,0,F,F,"1924NY1.EVN.regular.event.csv",3774
"NY1192409120","SLN",3,1,0,0,0,"",5,0,"grohh101","?","grohh101","?","sherb101","?","sherb101","?","gonzm101","bottj101","hornr101","coonj103","thevt101","hafec101","doutt101","smitj106","","","","S7/5","T","F",5,1,20,"T","T",1,"F","F",0,"F","F",0,"F","F",7,"","F","F","5",0,0,"N",0,"N",0,"N",1,0,0,0,"","","","","F","F","F","F","F","F","F","F","F","","","","F","F","F","F","F","","","","",0,0,0,0,0,0,0,0,0,29,"NY1","NY1","SLN",1,"T","F",0,5,0,9,0,"T","F",0,1,"T","T","frisf101","younr101","T","T",0,0,0,0,0,0,0,0,0,"","","",0,0,0,0,0,0,0,0,0,0,0,0,0,"hafec101","F","F","F","F",2,0,0,0,0,0,0,0,0,0,F,F,"1924NY1.EVN.regular.event.csv",3775
"NY1192409120","SLN",3,1,0,0,0,"",5,0,"frisf101","?","frisf101","?","sherb101","?","sherb101","?","gonzm101","bottj101","hornr101","coonj103","thevt101","hafec101","doutt101","smitj106","grohh101","","","3/FL","F","F",4,2,2,"T","T",0,"F","F",1,"F","F",0,"F","F",3,"F","F","T","",0,0,"N",0,"N",0,"N",0,1,0,0,"3","","","","F","F","F","F","F","F","F","F","F","sherb101","","","F","F","F","F","F","","","","",0,3,0,0,0,0,0,0,0,30,"NY1","NY1","SLN",1,"F","F",0,5,0,10,1,"T","F",1,1,"T","T","younr101","kellg101","T","T",5,1,29,0,0,0,0,0,0,"gonzm101","","",0,0,0,0,0,0,0,0,0,0,0,0,0,"bottj101","F","F","F","F",0,2,0,0,0,0,0,0,0,0,F,F,"1924NY1.EVN.regular.event.csv",3776
"NY1192409120","SLN",3,1,1,0,0,"",5,0,"younr101","?","younr101","?","sherb101","?","sherb101","?","gonzm101","bottj101","hornr101","coonj103","thevt101","hafec101","doutt101","smitj106","grohh101","","","8/F","F","F",9,3,2,"T","T",0,"F","F",1,"F","F",0,"F","F",8,"F","F","F","",0,0,"N",0,"N",0,"N",0,1,0,0,"8","","","","F","F","F","F","F","F","F","F","F","sherb101","","","F","F","F","F","F","","","","",0,8,0,0,0,0,0,0,0,31,"NY1","NY1","SLN",1,"F","F",0,5,0,11,2,"T","F",1,1,"T","T","kellg101","meusi101","T","T",5,1,29,0,0,0,0,0,0,"gonzm101","","",0,0,0,0,0,0,0,0,0,0,0,0,0,"doutt101","F","F","F","F",0,2,0,0,0,0,0,0,0,0,F,F,"1924NY1.EVN.regular.event.csv",3777
"NY1192409120","SLN",3,1,2,0,0,"",5,0,"kellg101","?","kellg101","?","sherb101","?","sherb101","?","gonzm101","bottj101","hornr101","coonj103","thevt101","hafec101","doutt101","smitj106","grohh101","","","S7.1-2","F","F",3,4,20,"T","T",1,"F","F",0,"F","F",0,"F","F",7,"","F","F","",0,0,"N",0,"N",0,"N",1,2,0,0,"","","","","F","F","F","F","F","F","F","F","F","sherb101","","","F","F","F","F","F","","","","",0,0,0,0,0,0,0,0,0,32,"NY1","NY1","SLN",1,"F","F",0,5,0,12,3,"T","F",1,3,"T","T","meusi101","wilsh102","T","T",5,1,29,0,0,0,0,0,0,"gonzm101","","",0,0,0,0,0,0,0,0,0,0,0,0,0,"hafec101","F","F","F","F",1,2,0,0,0,0,0,0,0,0,F,F,"1924NY1.EVN.regular.event.csv",3778
"NY1192409120","SLN",3,1,2,0,0,"",5,0,"meusi101","?","meusi101","?","sherb101","?","sherb101","?","gonzm101","bottj101","hornr101","coonj103","thevt101","hafec101","doutt101","smitj106","kellg101","grohh101","","K","F","F",7,5,3,"T","T",0,"F","F",1,"F","F",0,"F","F",0,"","F","F","",0,0,"N",0,"N",0,"N",0,1,2,0,"2","","","","F","F","F","F","F","F","F","F","F","sherb101","sherb101","","F","F","F","F","F","","","","",0,2,0,0,0,0,0,0,0,33,"NY1","NY1","SLN",1,"F","T",0,5,0,13,4,"T","F",3,3,"T","T","wilsh102","jackt101","T","T",3,4,32,5,1,29,0,0,0,"gonzm101","gonzm101","",0,0,0,0,0,0,0,0,0,0,0,0,0,"","F","F","F","F",0,1,2,0,0,0,0,0,0,0,F,F,"1924NY1.EVN.regular.event.csv",3779
"NY1192409120","SLN",4,0,0,0,0,"",5,0,"smitj106","?","smitj106","?","jonnc101","?","jonnc101","?","gowdh101","kellg101","frisf101","grohh101","jackt101","meusi101","wilsh102","younr101","","","","2/FL","T","F",9,1,2,"T","T",0,"F","F",1,"F","F",0,"F","F",2,"F","F","T","",0,0,"N",0,"N",0,"N",0,0,0,0,"2","","","","F","F","F","F","F","F","F","F","F","","","","F","F","F","F","F","","","","",0,2,0,0,0,0,0,0,0,34,"NY1","SLN","NY1",0,"T","F",5,0,0,18,0,"T","F",0,0,"T","T","coonj103","hornr101","F","F",0,0,0,0,0,0,0,0,0,"","","",0,0,0,0,0,0,0,0,0,0,0,0,0,"gowdh101","F","F","F","F",0,0,0,0,0,0,0,0,0,0,F,F,"1924NY1.EVN.regular.event.csv",3780
"NY1192409120","SLN",4,0,1,0,0,"",5,0,"coonj103","?","coonj103","?","jonnc101","?","jonnc101","?","gowdh101","kellg101","frisf101","grohh101","jackt101","meusi101","wilsh102","younr101","","","","S/G5S","F","F",5,2,20,"T","T",1,"F","F",0,"F","F",0,"F","F",0,"G","F","F","5S",0,0,"N",0,"N",0,"N",1,0,0,0,"","","","","F","F","F","F","F","F","F","F","F","","","","F","F","F","F","F","","","","",0,0,0,0,0,0,0,0,0,35,"NY1","SLN","NY1",0,"F","F",5,0,0,19,1,"T","F",0,1,"F","F","hornr101","bottj101","F","F",0,0,0,0,0,0,0,0,0,"","","",0,0,0,0,0,0,0,0,0,0,0,0,0,"","F","F","F","F",0,0,0,0,0,0,0,0,0,0,F,F,"1924NY1.EVN.regular.event.csv",3781
"NY1192409120","SLN",4,0,1,0,0,"",5,0,"hornr101","?","hornr101","?","jonnc101","?","jonnc101","?","gowdh101","kellg101","frisf101","grohh101","jackt101","meusi101","wilsh102","younr101","coonj103","","","SB2.1-2(WP)#","F","F",4,3,4,"F","F",0,"F","F",0,"F","F",0,"T","F",0,"","F","F","",0,0,"N",0,"N",0,"N",0,2,0,0,"","","","","T","F","F","F","F","F","F","F","F","jonnc101","","","F","F","F","F","F","","","","",0,0,0,0,0,0,0,0,0,36,"NY1","SLN","NY1",0,"F","F",5,0,0,20,2,"T","F",1,2,"T","T","bottj101","hafec101","F","F",5,2,35,0,0,0,0,0,0,"gowdh101","","",0,0,0,0,0,0,0,0,0,0,0,0,0,"","F","F","F","F",0,0,0,0,0,0,0,0,0,0,F,T,"1924NY1.EVN.regular.event.csv",3782
"NY1192409120","SLN",4,0,1,0,0,"",5,0,"hornr101","?","hornr101","?","jonnc101","?","jonnc101","?","gowdh101","kellg101","frisf101","grohh101","jackt101","meusi101","wilsh102","younr101","","coonj103","","63.2-3","F","F",4,3,2,"T","T",0,"F","F",1,"F","F",0,"F","F",6,"G","F","F","",0,0,"N",0,"N",0,"N",0,0,3,0,"63","","","","F","F","F","F","F","F","F","F","F","","jonnc101","","F","F","F","F","F","","","","",0,3,0,0,6,0,0,0,0,37,"NY1","SLN","NY1",0,"F","F",5,0,0,20,2,"F","F",2,4,"T","T","bottj101","hafec101","F","F",0,0,0,5,2,35,0,0,0,"","gowdh101","",0,0,0,0,0,0,0,0,0,0,0,0,0,"jackt101","F","F","F","F",0,0,0,0,0,0,0,0,0,0,F,F,"1924NY1.EVN.regular.event.csv",3783
"NY1192409120","SLN",4,0,2,0,0,"",5,0,"bottj101","?","bottj101","?","jonnc101","?","jonnc101","?","gowdh101","kellg101","frisf101","grohh101","jackt101","meusi101","wilsh102","younr101","","","coonj103","63","F","F",3,4,2,"T","T",0,"F","F",1,"F","F",0,"F","F",6,"G","F","F","",0,0,"N",0,"N",0,"N",0,0,0,3,"63","","","","F","F","F","F","F","F","F","F","F","","","jonnc101","F","F","F","F","F","","","","",0,3,0,0,6,0,0,0,0,38,"NY1","SLN","NY1",0,"F","T",5,0,0,21,3,"T","F",4,4,"T","T","hafec101","doutt101","F","F",0,0,0,0,0,0,5,2,35,"","","gowdh101",0,0,0,0,0,0,0,0,0,0,0,0,0,"jackt101","F","F","F","F",0,0,0,0,0,0,0,0,0,0,F,F,"1924NY1.EVN.regular.event.csv",3784
"NY1192409120","SLN",4,1,0,0,0,"",5,0,"wilsh102","?","wilsh102","?","sherb101","?","sherb101","?","gonzm101","bottj101","hornr101","coonj103","thevt101","hafec101","doutt101","smitj106","","","","S9","T","F",8,6,20,"T","T",1,"F","F",0,"F","F",0,"F","F",9,"","F","F","",0,0,"N",0,"N",0,"N",1,0,0,0,"","","","","F","F","F","F","F","F","F","F","F","","","","F","F","F","F","F","","","","",0,0,0,0,0,0,0,0,0,39,"NY1","NY1","SLN",1,"T","F",0,5,0,14,0,"T","F",0,1,"T","T","jackt101","gowdh101","T","T",0,0,0,0,0,0,0,0,0,"","","",0,0,0,0,0,0,0,0,0,0,0,0,0,"smitj106","F","F","F","F",0,0,0,0,0,0,0,0,0,0,F,F,"1924NY1.EVN.regular.event.csv",3785
"NY1192409120","SLN",4,1,0,0,0,"",5,0,"jackt101","?","jackt101","?","sherb101","?","sherb101","?","gonzm101","bottj101","hornr101","coonj103","thevt101","hafec101","doutt101","smitj106","wilsh102","","","K","F","F",6,7,3,"T","T",0,"F","F",1,"F","F",0,"F","F",0,"","F","F","",0,0,"N",0,"N",0,"N",0,1,0,0,"2","","","","F","F","F","F","F","F","F","F","F","sherb101","","","F","F","F","F","F","","","","",0,2,0,0,0,0,0,0,0,40,"NY1","NY1","SLN",1,"F","F",0,5,0,15,1,"T","F",1,1,"T","T","gowdh101","jonnc101","T","T",8,6,39,0,0,0,0,0,0,"gonzm101","","",0,0,0,0,0,0,0,0,0,0,0,0,0,"","F","F","F","F",0,0,0,0,0,0,0,0,0,0,F,F,"1924NY1.EVN.regular.event.csv",3786
"NY1192409120","SLN",4,1,1,0,0,"",5,0,"gowdh101","?","gowdh101","?","sherb101","?","sherb101","?","gonzm101","bottj101","hornr101","coonj103","thevt101","hafec101","doutt101","smitj106","wilsh102","","","16(1)3/GDP","F","F",2,8,2,"T","T",0,"F","F",2,"T","F",0,"F","F",1,"G","F","F","",0,0,"N",0,"N",0,"N",0,0,0,0,"63","16","","","F","F","F","F","F","F","F","F","F","sherb101","","","F","F","F","F","F","","","","",0,6,3,0,1,6,0,0,0,41,"NY1","NY1","SLN",1,"F","T",0,5,0,16,2,"T","F",1,0,"T","T","jonnc101","grohh101","T","T",8,6,39,0,0,0,0,0,0,"gonzm101","","",0,0,0,0,0,0,0,0,0,0,0,0,0,"sherb101","T","F","F","F",0,0,0,0,0,0,0,0,0,0,F,F,"1924NY1.EVN.regular.event.csv",3787
"NY1192409120","SLN",5,0,0,0,0,"",5,0,"hafec101","?","hafec101","?","jonnc101","?","jonnc101","?","gowdh101","kellg101","frisf101","grohh101","jackt101","meusi101","wilsh102","younr101","","","","5/P","T","F",7,5,2,"T","T",0,"F","F",1,"F","F",0,"F","F",5,"P","F","F","",0,0,"N",0,"N",0,"N",0,0,0,0,"5","","","","F","F","F","F","F","F","F","F","F","","","","F","F","F","F","F","","","","",0,5,0,0,0,0,0,0,0,42,"NY1","SLN","NY1",0,"T","F",5,0,0,22,0,"T","F",0,0,"T","T","doutt101","gonzm101","F","F",0,0,0,0,0,0,0,0,0,"","","",0,0,0,0,0,0,0,0,0,0,0,0,0,"grohh101","F","F","F","F",0,0,0,0,0,0,0,0,0,0,F,F,"1924NY1.EVN.regular.event.csv",3788
"NY1192409120","SLN",5,0,1,0,0,"",5,0,"doutt101","?","doutt101","?","jonnc101","?","jonnc101","?","gowdh101","kellg101","frisf101","grohh101","jackt101","meusi101","wilsh102","younr101","","","","4/P34D","F","F",8,6,2,"T","T",0,"F","F",1,"F","F",0,"F","F",4,"P","F","F","34D",0,0,"N",0,"N",0,"N",0,0,0,0,"4","","","","F","F","F","F","F","F","F","F","F","","","","F","F","F","F","F","","","","",0,4,0,0,0,0,0,0,0,43,"NY1","SLN","NY1",0,"F","F",5,0,0,23,1,"T","F",0,0,"T","T","gonzm101","thevt101","F","F",0,0,0,0,0,0,0,0,0,"","","",0,0,0,0,0,0,0,0,0,0,0,0,0,"frisf101","F","F","F","F",0,0,0,0,0,0,0,0,0,0,F,F,"1924NY1.EVN.regular.event.csv",3789
"NY1192409120","SLN",5,0,2,0,0,"",5,0,"gonzm101","?","gonzm101","?","jonnc101","?","jonnc101","?","gowdh101","kellg101","frisf101","grohh101","jackt101","meusi101","wilsh102","younr101","","","","6/P","F","F",2,7,2,"T","T",0,"F","F",1,"F","F",0,"F","F",6,"P","F","F","",0,0,"N",0,"N",0,"N",0,0,0,0,"6","","","","F","F","F","F","F","F","F","F","F","","","","F","F","F","F","F","","","","",0,6,0,0,0,0,0,0,0,44,"NY1","SLN","NY1",0,"F","T",5,0,0,24,2,"T","F",0,0,"T","T","thevt101","sherb101","F","F",0,0,0,0,0,0,0,0,0,"","","",0,0,0,0,0,0,0,0,0,0,0,0,0,"jackt101","F","F","F","F",0,0,0,0,0,0,0,0,0,0,F,F,"1924NY1.EVN.regular.event.csv",3790
"NY1192409120","SLN",5,1,0,0,0,"",5,0,"soutb101","?","soutb101","?","sherb101","?","sherb101","?","gonzm101","bottj101","hornr101","coonj103","thevt101","hafec101","doutt101","smitj106","","","","K/C","T","T",11,9,3,"T","T",0,"F","F",1,"F","F",0,"F","F",0,"","F","F","",0,0,"N",0,"N",0,"N",0,0,0,0,"2","","","","F","F","F","F","F","F","F","F","F","","","","F","F","F","F","F","","","","jonnc101",1,2,0,0,0,0,0,0,0,45,"NY1","NY1","SLN",1,"T","F",0,5,0,17,0,"T","F",0,0,"F","F","grohh101","frisf101","T","T",0,0,0,0,0,0,0,0,0,"","","",0,0,0,0,0,0,0,0,0,0,0,0,0,"","F","F","F","F",0,0,0,0,0,0,0,0,0,0,F,F,"1924NY1.EVN.regular.event.csv",3791
"NY1192409120","SLN",5,1,1,0,0,"",5,0,"grohh101","?","grohh101","?","sherb101","?","sherb101","?","gonzm101","bottj101","hornr101","coonj103","thevt101","hafec101","doutt101","smitj106","","","","S/6D","F","F",5,1,20,"T","T",1,"F","F",0,"F","F",0,"F","F",0,"","F","F","6D",0,0,"N",0,"N",0,"N",1,0,0,0,"","","","","F","F","F","F","F","F","F","F","F","","","","F","F","F","F","F","","","","",0,0,0,0,0,0,0,0,0,46,"NY1","NY1","SLN",1,"F","F",0,5,0,18,1,"T","F",0,1,"T","T","frisf101","younr101","T","T",0,0,0,0,0,0,0,0,0,"","","",0,0,0,0,0,0,0,0,0,0,0,0,0,"","F","F","F","F",2,0,0,0,0,0,0,0,0,0,F,F,"1924NY1.EVN.regular.event.csv",3792
"NY1192409120","SLN",5,1,1,0,0,"",5,0,"frisf101","?","frisf101","?","sherb101","?","sherb101","?","gonzm101","bottj101","hornr101","coonj103","thevt101","hafec101","doutt101","smitj106","grohh101","","","S9.1-2","F","F",4,2,20,"T","T",1,"F","F",0,"F","F",0,"F","F",9,"","F","F","",0,0,"N",0,"N",0,"N",1,2,0,0,"","","","","F","F","F","F","F","F","F","F","F","sherb101","","","F","F","F","F","F","","","","",0,0,0,0,0,0,0,0,0,47,"NY1","NY1","SLN",1,"F","F",0,5,0,19,2,"T","F",1,3,"T","T","younr101","kellg101","T","T",5,1,46,0,0,0,0,0,0,"gonzm101","","",0,0,0,0,0,0,0,0,0,0,0,0,0,"smitj106","F","F","F","F",1,2,0,0,0,0,0,0,0,0,F,F,"1924NY1.EVN.regular.event.csv",3793
"NY1192409120","SLN",5,1,1,0,0,"",5,0,"younr101","?","younr101","?","sherb101","?","sherb101","?","gonzm101","bottj101","hornr101","coonj103","thevt101","hafec101","doutt101","smitj106","frisf101","grohh101","","4/P","F","F",9,3,2,"T","T",0,"F","F",1,"F","F",0,"F","F",4,"P","F","F","",0,0,"N",0,"N",0,"N",0,1,2,0,"4","","","","F","F","F","F","F","F","F","F","F","sherb101","sherb101","","F","F","F","F","F","","","","",0,4,0,0,0,0,0,0,0,48,"NY1","NY1","SLN",1,"F","F",0,5,0,20,3,"T","F",3,3,"T","T","kellg101","meusi101","T","T",4,2,47,5,1,46,0,0,0,"gonzm101","gonzm101","",0,0,0,0,0,0,0,0,0,0,0,0,0,"hornr101","F","F","F","F",0,1,2,0,0,0,0,0,0,0,F,F,"1924NY1.EVN.regular.event.csv",3794
"NY1192409120","SLN",5,1,2,0,0,"",5,0,"kellg101","?","kellg101","?","sherb101","?","sherb101","?","gonzm101","bottj101","hornr101","coonj103","thevt101","hafec101","doutt101","smitj106","frisf101","grohh101","","9/F9D","F","F",3,4,2,"T","T",0,"F","F",1,"F","F",0,"F","F",9,"F","F","F","9D",0,0,"N",0,"N",0,"N",0,1,2,0,"9","","","","F","F","F","F","F","F","F","F","F","sherb101","sherb101","","F","F","F","F","F","","","","",0,9,0,0,0,0,0,0,0,49,"NY1","NY1","SLN",1,"F","T",0,5,0,21,4,"T","F",3,3,"T","T","meusi101","wilsh102","T","T",4,2,47,5,1,46,0,0,0,"gonzm101","gonzm101","",0,0,0,0,0,0,0,0,0,0,0,0,0,"smitj106","F","F","F","F",0,1,2,0,0,0,0,0,0,0,F,F,"1924NY1.EVN.regular.event.csv",3795
"NY1192409120","SLN",6,0,0,0,0,"",5,0,"thevt101","?","thevt101","?","maune101","?","maune101","?","gowdh101","kellg101","frisf101","grohh101","jackt101","meusi101","wilsh102","younr101","","","","4/P","T","F",6,8,2,"T","T",0,"F","F",1,"F","F",0,"F","F",4,"P","F","F","",0,0,"N",0,"N",0,"N",0,0,0,0,"4","","","","F","F","F","F","F","F","F","F","F","","","","F","F","F","F","F","","","","",0,4,0,0,0,0,0,0,0,50,"NY1","SLN","NY1",0,"T","F",5,0,0,25,0,"T","F",0,0,"T","T","sherb101","smitj106","F","F",0,0,0,0,0,0,0,0,0,"","","",0,0,0,0,0,0,0,0,0,0,0,0,0,"frisf101","F","F","F","F",0,0,0,0,0,0,0,0,0,0,F,F,"1924NY1.EVN.regular.event.csv",3796
"NY1192409120","SLN",6,0,1,0,0,"",5,0,"sherb101","?","sherb101","?","maune101","?","maune101","?","gowdh101","kellg101","frisf101","grohh101","jackt101","meusi101","wilsh102","younr101","","","","43","F","F",1,9,2,"T","T",0,"F","F",1,"F","F",0,"F","F",4,"G","F","F","",0,0,"N",0,"N",0,"N",0,0,0,0,"43","","","","F","F","F","F","F","F","F","F","F","","","","F","F","F","F","F","","","","",0,3,0,0,4,0,0,0,0,51,"NY1","SLN","NY1",0,"F","F",5,0,0,26,1,"T","F",0,0,"T","T","smitj106","coonj103","F","F",0,0,0,0,0,0,0,0,0,"","","",0,0,0,0,0,0,0,0,0,0,0,0,0,"frisf101","F","F","F","F",0,0,0,0,0,0,0,0,0,0,F,F,"1924NY1.EVN.regular.event.csv",3797
"NY1192409120","SLN",6,0,2,0,0,"",5,0,"smitj106","?","smitj106","?","maune101","?","maune101","?","gowdh101","kellg101","frisf101","grohh101","jackt101","meusi101","wilsh102","younr101","","","","63","F","F",9,1,2,"T","T",0,"F","F",1,"F","F",0,"F","F",6,"G","F","F","",0,0,"N",0,"N",0,"N",0,0,0,0,"63","","","","F","F","F","F","F","F","F","F","F","","","","F","F","F","F","F","","","","",0,3,0,0,6,0,0,0,0,52,"NY1","SLN","NY1",0,"F","T",5,0,0,27,2,"T","F",0,0,"T","T","coonj103","hornr101","F","F",0,0,0,0,0,0,0,0,0,"","","",0,0,0,0,0,0,0,0,0,0,0,0,0,"jackt101","F","F","F","F",0,0,0,0,0,0,0,0,0,0,F,F,"1924NY1.EVN.regular.event.csv",3798
"NY1192409120","SLN",6,1,0,0,0,"",5,0,"meusi101","?","meusi101","?","sherb101","?","sherb101","?","gonzm101","bottj101","hornr101","coonj103","thevt101","hafec101","doutt101","smitj106","","","","S8","T","F",7,5,20,"T","T",1,"F","F",0,"F","F",0,"F","F",8,"","F","F","",0,0,"N",0,"N",0,"N",1,0,0,0,"","","","","F","F","F","F","F","F","F","F","F","","","","F","F","F","F","F","","","","",0,0,0,0,0,0,0,0,0,53,"NY1","NY1","SLN",1,"T","F",0,5,0,22,0,"T","F",0,1,"T","T","wilsh102","jackt101","T","T",0,0,0,0,0,0,0,0,0,"","","",0,0,0,0,0,0,0,0,0,0,0,0,0,"doutt101","F","F","F","F",0,0,0,0,1,0,0,0,0,0,F,F,"1924NY1.EVN.regular.event.csv",3799
"NY1192409120","SLN",6,1,0,0,0,"",5,0,"wilsh102","?","wilsh102","?","sherb101","?","sherb101","?","gonzm101","bottj101","hornr101","coonj103","thevt101","hafec101","doutt101","smitj106","meusi101","","","46(1)3/GDP","F","F",8,6,2,"T","T",0,"F","F",2,"T","F",0,"F","F",4,"G","F","F","",0,0,"N",0,"N",0,"N",0,0,0,0,"63","46","","","F","F","F","F","F","F","F","F","F","sherb101","","","F","F","F","F","F","","","","",0,6,3,0,4,6,0,0,0,54,"NY1","NY1","SLN",1,"F","F",0,5,0,23,1,"T","F",1,0,"T","T","jackt101","gowdh101","T","T",7,5,53,0,0,0,0,0,0,"gonzm101","","",0,0,0,0,0,0,0,0,0,0,0,0,0,"hornr101","T","F","F","F",0,0,0,0,1,0,0,0,0,0,F,F,"1924NY1.EVN.regular.event.csv",3800
"NY1192409120","SLN",6,1,2,0,0,"X",5,0,"jackt101","?","jackt101","?","sherb101","?","sherb101","?","gonzm101","bottj101","hornr101","coonj103","thevt101","hafec101","doutt101","smitj106","","","","HR/F7D","F","F",6,7,23,"T","T",4,"F","F",0,"F","F",1,"F","F",0,"F","F","F","7D",0,0,"N",0,"N",0,"N",4,0,0,0,"","","","","F","F","F","F","F","F","F","F","F","","","","F","F","F","F","F","","","","",0,0,0,0,0,0,0,0,0,55,"NY1","NY1","SLN",1,"F","F",0,5,0,24,2,"T","F",0,0,"T","T","gowdh101","maune101","T","T",0,0,0,0,0,0,0,0,0,"","","",0,0,0,0,0,0,1,0,0,0,1,0,1,"","F","F","F","F",4,0,0,0,0,0,0,0,0,0,F,F,"1924NY1.EVN.regular.event.csv",3801
"NY1192409120","SLN",6,1,2,0,0,"",5,1,"gowdh101","?","gowdh101","?","sherb101","?","sherb101","?","gonzm101","bottj101","hornr101","coonj103","thevt101","hafec101","doutt101","smitj106","","","","7/F","F","F",2,8,2,"T","T",0,"F","F",1,"F","F",0,"F","F",7,"F","F","F","",0,0,"N",0,"N",0,"N",0,0,0,0,"7","","","","F","F","F","F","F","F","F","F","F","","","","F","F","F","F","F","","","","",0,7,0,0,0,0,0,0,0,56,"NY1","NY1","SLN",1,"F","T",1,5,1,25,3,"T","F",0,0,"T","T","maune101","grohh101","T","T",0,0,0,0,0,0,0,0,0,"","","",0,0,0,0,0,0,0,0,0,0,0,0,0,"hafec101","F","F","F","F",0,0,0,0,0,0,0,0,0,0,F,F,"1924NY1.EVN.regular.event.csv",3802
"NY1192409120","SLN",7,0,0,0,0,"",5,1,"coonj103","?","coonj103","?","maune101","?","maune101","?","gowdh101","kellg101","frisf101","grohh101","jackt101","meusi101","wilsh102","younr101","","","","8/F","T","F",5,2,2,"T","T",0,"F","F",1,"F","F",0,"F","F",8,"F","F","F","",0,0,"N",0,"N",0,"N",0,0,0,0,"8","","","","F","F","F","F","F","F","F","F","F","","","","F","F","F","F","F","","","","",0,8,0,0,0,0,0,0,0,57,"NY1","SLN","NY1",0,"T","F",5,1,0,28,0,"T","F",0,0,"F","F","hornr101","bottj101","F","F",0,0,0,0,0,0,0,0,0,"","","",0,0,0,0,0,0,0,0,0,0,0,0,0,"wilsh102","F","F","F","F",0,0,0,0,0,0,0,0,0,0,F,F,"1924NY1.EVN.regular.event.csv",3803
"NY1192409120","SLN",7,0,1,0,0,"",5,1,"hornr101","?","hornr101","?","maune101","?","maune101","?","gowdh101","kellg101","frisf101","grohh101","jackt101","meusi101","wilsh102","younr101","","","","43","F","F",4,3,2,"T","T",0,"F","F",1,"F","F",0,"F","F",4,"G","F","F","",0,0,"N",0,"N",0,"N",0,0,0,0,"43","","","","F","F","F","F","F","F","F","F","F","","","","F","F","F","F","F","","","","",0,3,0,0,4,0,0,0,0,58,"NY1","SLN","NY1",0,"F","F",5,1,0,29,1,"T","F",0,0,"T","T","bottj101","hafec101","F","F",0,0,0,0,0,0,0,0,0,"","","",0,0,0,0,0,0,0,0,0,0,0,0,0,"frisf101","F","F","F","F",0,0,0,0,0,0,0,0,0,0,F,F,"1924NY1.EVN.regular.event.csv",3804
"NY1192409120","SLN",7,0,2,0,0,"",5,1,"bottj101","?","bottj101","?","maune101","?","maune101","?","gowdh101","kellg101","frisf101","grohh101","jackt101","meusi101","wilsh102","younr101","","","","S9","F","F",3,4,20,"T","T",1,"F","F",0,"F","F",0,"F","F",9,"","F","F","",0,0,"N",0,"N",0,"N",1,0,0,0,"","","","","F","F","F","F","F","F","F","F","F","","","","F","F","F","F","F","","","","",0,0,0,0,0,0,0,0,0,59,"NY1","SLN","NY1",0,"F","F",5,1,0,30,2,"T","F",0,1,"T","T","hafec101","doutt101","F","F",0,0,0,0,0,0,0,0,0,"","","",0,0,0,0,0,0,0,0,0,0,0,0,0,"younr101","F","F","F","F",1,0,0,0,0,0,0,0,0,0,F,F,"1924NY1.EVN.regular.event.csv",3805
"NY1192409120","SLN",7,0,2,0,0,"",5,1,"hafec101","?","hafec101","?","maune101","?","maune101","?","gowdh101","kellg101","frisf101","grohh101","jackt101","meusi101","wilsh102","younr101","bottj101","","","8/L","F","F",7,5,2,"T","T",0,"F","F",1,"F","F",0,"F","F",8,"L","F","F","",0,0,"N",0,"N",0,"N",0,1,0,0,"8","","","","F","F","F","F","F","F","F","F","F","maune101","","","F","F","F","F","F","","","","",0,8,0,0,0,0,0,0,0,60,"NY1","SLN","NY1",0,"F","T",5,1,0,31,3,"T","F",1,1,"T","T","doutt101","gonzm101","F","F",3,4,59,0,0,0,0,0,0,"gowdh101","","",0,0,0,0,0,0,0,0,0,0,0,0,0,"wilsh102","F","F","F","F",0,1,0,0,0,0,0,0,0,0,F,F,"1924NY1.EVN.regular.event.csv",3806
"NY1192409120","SLN",7,1,0,0,0,"",5,1,"hartg102","?","hartg102","?","sherb101","?","sherb101","?","gonzm101","bottj101","hornr101","coonj103","thevt101","hafec101","doutt101","smitj106","","","","4/P","T","T",11,9,2,"T","T",0,"F","F",1,"F","F",0,"F","F",4,"P","F","F","",0,0,"N",0,"N",0,"N",0,0,0,0,"4","","","","F","F","F","F","F","F","F","F","F","","","","F","F","F","F","F","","","","maune101",1,4,0,0,0,0,0,0,0,61,"NY1","NY1","SLN",1,"T","F",1,5,0,26,0,"T","F",0,0,"F","F","grohh101","frisf101","T","T",0,0,0,0,0,0,0,0,0,"","","",0,0,0,0,0,0,0,0,0,0,0,0,0,"hornr101","F","F","F","F",0,0,0,0,0,0,0,0,0,0,F,F,"1924NY1.EVN.regular.event.csv",3807
"NY1192409120","SLN",7,1,1,0,0,"",5,1,"grohh101","?","grohh101","?","sherb101","?","sherb101","?","gonzm101","bottj101","hornr101","coonj103","thevt101","hafec101","doutt101","smitj106","","","","S7/7S","F","F",5,1,20,"T","T",1,"F","F",0,"F","F",0,"F","F",7,"","F","F","7S",0,0,"N",0,"N",0,"N",1,0,0,0,"","","","","F","F","F","F","F","F","F","F","F","","","","F","F","F","F","F","","","","",0,0,0,0,0,0,0,0,0,62,"NY1","NY1","SLN",1,"F","F",1,5,0,27,1,"T","F",0,1,"T","T","frisf101","younr101","T","T",0,0,0,0,0,0,0,0,0,"","","",0,0,0,0,0,0,0,0,0,0,0,0,0,"hafec101","F","F","F","F",2,0,0,0,0,0,0,0,0,0,F,F,"1924NY1.EVN.regular.event.csv",3808
"NY1192409120","SLN",7,1,1,0,0,"",5,1,"frisf101","?","frisf101","?","sherb101","?","sherb101","?","gonzm101","bottj101","hornr101","coonj103","thevt101","hafec101","doutt101","smitj106","grohh101","","","9/F","F","F",4,2,2,"T","T",0,"F","F",1,"F","F",0,"F","F",9,"F","F","F","",0,0,"N",0,"N",0,"N",0,1,0,0,"9","","","","F","F","F","F","F","F","F","F","F","sherb101","","","F","F","F","F","F","","","","",0,9,0,0,0,0,0,0,0,63,"NY1","NY1","SLN",1,"F","F",1,5,0,28,2,"T","F",1,1,"T","T","younr101","kellg101","T","T",5,1,62,0,0,0,0,0,0,"gonzm101","","",0,0,0,0,0,0,0,0,0,0,0,0,0,"smitj106","F","F","F","F",0,2,0,0,0,0,0,0,0,0,F,F,"1924NY1.EVN.regular.event.csv",3809
"NY1192409120","SLN",7,1,2,0,0,"",5,1,"younr101","?","younr101","?","sherb101","?","sherb101","?","gonzm101","bottj101","hornr101","coonj103","thevt101","hafec101","doutt101","smitj106","grohh101","","","S9.1-2","F","F",9,3,20,"T","T",1,"F","F",0,"F","F",0,"F","F",9,"","F","F","",0,0,"N",0,"N",0,"N",1,2,0,0,"","","","","F","F","F","F","F","F","F","F","F","sherb101","","","F","F","F","F","F","","","","",0,0,0,0,0,0,0,0,0,64,"NY1","NY1","SLN",1,"F","F",1,5,0,29,3,"T","F",1,3,"T","T","kellg101","meusi101","T","T",5,1,62,0,0,0,0,0,0,"gonzm101","","",0,0,0,0,0,0,0,0,0,0,0,0,0,"smitj106","F","F","F","F",1,2,0,0,0,0,0,0,0,0,F,F,"1924NY1.EVN.regular.event.csv",3810
"NY1192409120","SLN",7,1,2,0,0,"",5,1,"kellg101","?","kellg101","?","sherb101","?","sherb101","?","gonzm101","bottj101","hornr101","coonj103","thevt101","hafec101","doutt101","smitj106","younr101","grohh101","","3/P","F","F",3,4,2,"T","T",0,"F","F",1,"F","F",0,"F","F",3,"P","F","F","",0,0,"N",0,"N",0,"N",0,1,2,0,"3","","","","F","F","F","F","F","F","F","F","F","sherb101","sherb101","","F","F","F","F","F","","","","",0,3,0,0,0,0,0,0,0,65,"NY1","NY1","SLN",1,"F","T",1,5,0,30,4,"T","F",3,3,"T","T","meusi101","wilsh102","T","T",9,3,64,5,1,62,0,0,0,"gonzm101","gonzm101","",0,0,0,0,0,0,0,0,0,0,0,0,0,"bottj101","F","F","F","F",0,1,2,0,0,0,0,0,0,0,F,F,"1924NY1.EVN.regular.event.csv",3811
"NY1192409120","SLN",8,0,0,0,0,"",5,1,"doutt101","?","doutt101","?","huntw101","?","huntw101","?","gowdh101","kellg101","frisf101","grohh101","jackt101","meusi101","wilsh102","younr101","","","","63","T","F",8,6,2,"T","T",0,"F","F",1,"F","F",0,"F","F",6,"G","F","F","",0,0,"N",0,"N",0,"N",0,0,0,0,"63","","","","F","F","F","F","F","F","F","F","F","","","","F","F","F","F","F","","","","",0,3,0,0,6,0,0,0,0,66,"NY1","SLN","NY1",0,"T","F",5,1,0,32,0,"T","F",0,0,"T","T","gonzm101","thevt101","F","F",0,0,0,0,0,0,0,0,0,"","","",0,0,0,0,0,0,0,0,0,0,0,0,0,"jackt101","F","F","F","F",0,0,0,0,0,0,0,0,0,0,F,F,"1924NY1.EVN.regular.event.csv",3812
"NY1192409120","SLN",8,0,1,0,0,"",5,1,"gonzm101","?","gonzm101","?","huntw101","?","huntw101","?","gowdh101","kellg101","frisf101","grohh101","jackt101","meusi101","wilsh102","younr101","","","","6/P","F","F",2,7,2,"T","T",0,"F","F",1,"F","F",0,"F","F",6,"P","F","F","",0,0,"N",0,"N",0,"N",0,0,0,0,"6","","","","F","F","F","F","F","F","F","F","F","","","","F","F","F","F","F","","","","",0,6,0,0,0,0,0,0,0,67,"NY1","SLN","NY1",0,"F","F",5,1,0,33,1,"T","F",0,0,"T","T","thevt101","sherb101","F","F",0,0,0,0,0,0,0,0,0,"","","",0,0,0,0,0,0,0,0,0,0,0,0,0,"jackt101","F","F","F","F",0,0,0,0,0,0,0,0,0,0,F,F,"1924NY1.EVN.regular.event.csv",3813
"NY1192409120","SLN",8,0,2,0,0,"",5,1,"thevt101","?","thevt101","?","huntw101","?","huntw101","?","gowdh101","kellg101","frisf101","grohh101","jackt101","meusi101","wilsh102","younr101","","","","7/F","F","F",6,8,2,"T","T",0,"F","F",1,"F","F",0,"F","F",7,"F","F","F","",0,0,"N",0,"N",0,"N",0,0,0,0,"7","","","","F","F","F","F","F","F","F","F","F","","","","F","F","F","F","F","","","","",0,7,0,0,0,0,0,0,0,68,"NY1","SLN","NY1",0,"F","T",5,1,0,34,2,"T","F",0,0,"T","T","sherb101","smitj106","F","F",0,0,0,0,0,0,0,0,0,"","","",0,0,0,0,0,0,0,0,0,0,0,0,0,"meusi101","F","F","F","F",0,0,0,0,0,0,0,0,0,0,F,F,"1924NY1.EVN.regular.event.csv",3814
"NY1192409120","SLN",8,1,0,0,0,"",5,1,"meusi101","?","meusi101","?","sherb101","?","sherb101","?","gonzm101","bottj101","hornr101","coonj103","thevt101","hafec101","doutt101","smitj106","","","","6/P56D","T","F",7,5,2,"T","T",0,"F","F",1,"F","F",0,"F","F",6,"P","F","F","56D",0,0,"N",0,"N",0,"N",0,0,0,0,"6","","","","F","F","F","F","F","F","F","F","F","","","","F","F","F","F","F","","","","",0,6,0,0,0,0,0,0,0,69,"NY1","NY1","SLN",1,"T","F",1,5,0,31,0,"T","F",0,0,"T","T","wilsh102","jackt101","T","T",0,0,0,0,0,0,0,0,0,"","","",0,0,0,0,0,0,0,0,0,0,0,0,0,"thevt101","F","F","F","F",0,0,0,0,0,0,0,0,0,0,F,F,"1924NY1.EVN.regular.event.csv",3815
"NY1192409120","SLN",8,1,1,0,0,"",5,1,"wilsh102","?","wilsh102","?","sherb101","?","sherb101","?","gonzm101","bottj101","hornr101","coonj103","thevt101","hafec101","doutt101","smitj106","","","","4/P","F","F",8,6,2,"T","T",0,"F","F",1,"F","F",0,"F","F",4,"P","F","F","",0,0,"N",0,"N",0,"N",0,0,0,0,"4","","","","F","F","F","F","F","F","F","F","F","","","","F","F","F","F","F","","","","",0,4,0,0,0,0,0,0,0,70,"NY1","NY1","SLN",1,"F","F",1,5,0,32,1,"T","F",0,0,"T","T","jackt101","gowdh101","T","T",0,0,0,0,0,0,0,0,0,"","","",0,0,0,0,0,0,0,0,0,0,0,0,0,"hornr101","F","F","F","F",0,0,0,0,0,0,0,0,0,0,F,F,"1924NY1.EVN.regular.event.csv",3816
"NY1192409120","SLN",8,1,2,0,0,"",5,1,"jackt101","?","jackt101","?","sherb101","?","sherb101","?","gonzm101","bottj101","hornr101","coonj103","thevt101","hafec101","doutt101","smitj106","","","","S7","F","F",6,7,20,"T","T",1,"F","F",0,"F","F",0,"F","F",7,"","F","F","",0,0,"N",0,"N",0,"N",1,0,0,0,"","","","","F","F","F","F","F","F","F","F","F","","","","F","F","F","F","F","","","","",0,0,0,0,0,0,0,0,0,71,"NY1","NY1","SLN",1,"F","F",1,5,0,33,2,"T","F",0,1,"T","T","gowdh101","huntw101","T","T",0,0,0,0,0,0,0,0,0,"","","",0,0,0,0,0,0,0,0,0,0,0,0,0,"hafec101","F","F","F","F",0,0,0,0,0,0,0,0,0,0,F,F,"1924NY1.EVN.regular.event.csv",3817
"NY1192409120","SLN",8,1,2,0,0,"",5,1,"gowdh101","?","gowdh101","?","sherb101","?","sherb101","?","gonzm101","bottj101","hornr101","coonj103","thevt101","hafec101","doutt101","smitj106","jackt101","","","3/G","F","F",2,8,2,"T","T",0,"F","F",1,"F","F",0,"F","F",3,"G","F","F","",0,0,"N",0,"N",0,"N",0,1,0,0,"3","","","","F","F","F","F","F","F","F","F","F","sherb101","","","F","F","F","F","F","","","","",0,3,0,0,0,0,0,0,0,72,"NY1","NY1","SLN",1,"F","T",1,5,0,34,3,"T","F",1,1,"T","T","huntw101","grohh101","T","T",6,7,71,0,0,0,0,0,0,"gonzm101","","",0,0,0,0,0,0,0,0,0,0,0,0,0,"bottj101","F","F","F","F",0,0,0,0,0,0,0,0,0,0,F,F,"1924NY1.EVN.regular.event.csv",3818
"NY1192409120","SLN",9,0,0,0,0,"",5,1,"sherb101","?","sherb101","?","huntw101","?","huntw101","?","gowdh101","kellg101","frisf101","grohh101","jackt101","meusi101","wilsh102","younr101","","","","W","T","F",1,9,14,"T","F",0,"F","F",0,"F","F",0,"F","F",0,"","F","F","",0,0,"N",0,"N",0,"N",1,0,0,0,"","","","","F","F","F","F","F","F","F","F","F","","","","F","F","F","F","F","","","","",0,0,0,0,0,0,0,0,0,73,"NY1","SLN","NY1",0,"T","F",5,1,0,35,0,"T","F",0,1,"T","T","smitj106","coonj103","F","F",0,0,0,0,0,0,0,0,0,"","","",0,0,0,0,0,0,0,0,0,0,0,0,0,"","F","F","F","F",2,0,0,0,0,0,0,0,0,0,F,F,"1924NY1.EVN.regular.event.csv",3819
"NY1192409120","SLN",9,0,0,0,0,"",5,1,"smitj106","?","smitj106","?","huntw101","?","huntw101","?","gowdh101","kellg101","frisf101","grohh101","jackt101","meusi101","wilsh102","younr101","sherb101","","","13/SH.1-2","F","F",9,1,2,"T","F",0,"T","F",1,"F","F",0,"F","F",1,"G","T","F","",0,0,"N",0,"N",0,"N",0,2,0,0,"13","","","","F","F","F","F","F","F","F","F","F","huntw101","","","F","F","F","F","F","","","","",0,3,0,0,1,0,0,0,0,74,"NY1","SLN","NY1",0,"F","F",5,1,0,36,1,"T","F",1,2,"T","T","coonj103","hornr101","F","F",1,9,73,0,0,0,0,0,0,"gowdh101","","",0,0,0,0,0,0,0,0,0,0,0,0,0,"huntw101","F","F","F","F",0,2,0,0,0,0,0,0,0,0,F,F,"1924NY1.EVN.regular.event.csv",3820
"NY1192409120","SLN",9,0,1,0,0,"",5,1,"coonj103","?","coonj103","?","huntw101","?","huntw101","?","gowdh101","kellg101","frisf101","grohh101","jackt101","meusi101","wilsh102","younr101","","sherb101","","53.2-2","F","F",5,2,2,"T","T",0,"F","F",1,"F","F",0,"F","F",5,"G","F","F","",0,0,"N",0,"N",0,"N",0,0,2,0,"53","","","","F","F","F","F","F","F","F","F","F","","huntw101","","F","F","F","F","F","","","","",0,3,0,0,5,0,0,0,0,75,"NY1","SLN","NY1",0,"F","F",5,1,0,37,2,"T","F",2,2,"F","F","hornr101","bottj101","F","F",0,0,0,1,9,73,0,0,0,"","gowdh101","",0,0,0,0,0,0,0,0,0,0,0,0,0,"grohh101","F","F","F","F",0,0,2,0,0,0,0,0,0,0,F,F,"1924NY1.EVN.regular.event.csv",3821
"NY1192409120","SLN",9,0,2,0,0,"",5,1,"hornr101","?","hornr101","?","huntw101","?","huntw101","?","gowdh101","kellg101","frisf101","grohh101","jackt101","meusi101","wilsh102","younr101","","sherb101","","3/FL","F","F",4,3,2,"T","T",0,"F","F",1,"F","F",0,"F","F",3,"F","F","T","",0,0,"N",0,"N",0,"N",0,0,2,0,"3","","","","F","F","F","F","F","F","F","F","F","","huntw101","","F","F","F","F","F","","","","",0,3,0,0,0,0,0,0,0,76,"NY1","SLN","NY1",0,"F","T",5,1,0,38,3,"T","F",2,2,"T","T","bottj101","hafec101","F","F",0,0,0,1,9,73,0,0,0,"","gowdh101","",0,0,0,0,0,0,0,0,0,0,0,0,0,"kellg101","F","F","F","F",0,0,2,0,0,0,0,0,0,0,F,F,"1924NY1.EVN.regular.event.csv",3822
"NY1192409120","SLN",9,1,0,0,0,"",5,1,"lindf101","?","lindf101","?","sherb101","?","sherb101","?","gonzm101","bottj101","hornr101","coonj103","thevt101","hafec101","doutt101","smitj106","","","","K23","T","T",11,9,3,"T","T",0,"F","F",1,"F","F",0,"F","F",0,"","F","F","",0,0,"N",0,"N",0,"N",0,0,0,0,"23","","","","F","F","F","F","F","F","F","F","F","","","","F","F","F","F","F","","","","huntw101",1,3,0,0,2,0,0,0,0,77,"NY1","NY1","SLN",1,"T","F",1,5,0,35,0,"T","F",0,0,"F","F","grohh101","frisf101","T","T",0,0,0,0,0,0,0,0,0,"","","",0,0,0,0,0,0,0,0,0,0,0,0,0,"","F","F","F","F",0,0,0,0,0,0,0,0,0,0,F,F,"1924NY1.EVN.regular.event.csv",3823
"NY1192409120","SLN",9,1,1,0,0,"",5,1,"grohh101","?","grohh101","?","sherb101","?","sherb101","?","gonzm101","bottj101","hornr101","coonj103","thevt101","hafec101","doutt101","smitj106","","","","3/FL","F","F",5,1,2,"T","T",0,"F","F",1,"F","F",0,"F","F",3,"F","F","T","",0,0,"N",0,"N",0,"N",0,0,0,0,"3","","","","F","F","F","F","F","F","F","F","F","","","","F","F","F","F","F","","","","",0,3,0,0,0,0,0,0,0,78,"NY1","NY1","SLN",1,"F","F",1,5,0,36,1,"T","F",0,0,"T","T","frisf101","younr101","T","T",0,0,0,0,0,0,0,0,0,"","","",0,0,0,0,0,0,0,0,0,0,0,0,0,"bottj101","F","F","F","F",0,0,0,0,0,0,0,0,0,0,F,F,"1924NY1.EVN.regular.event.csv",3824
"NY1192409120","SLN",9,1,2,0,0,"",5,1,"frisf101","?","frisf101","?","sherb101","?","sherb101","?","gonzm101","bottj101","hornr101","coonj103","thevt101","hafec101","doutt101","smitj106","","","","S8","F","F",4,2,20,"T","T",1,"F","F",0,"F","F",0,"F","F",8,"","F","F","",0,0,"N",0,"N",0,"N",1,0,0,0,"","","","","F","F","F","F","F","F","F","F","F","","","","F","F","F","F","F","","","","",0,0,0,0,0,0,0,0,0,79,"NY1","NY1","SLN",1,"F","F",1,5,0,37,2,"T","F",0,1,"T","T","younr101","kellg101","T","T",0,0,0,0,0,0,0,0,0,"","","",0,0,0,0,0,0,0,0,0,0,0,0,0,"doutt101","F","F","F","F",2,0,0,0,0,0,0,0,0,0,F,F,"1924NY1.EVN.regular.event.csv",3825
"NY1192409120","SLN",9,1,2,0,0,"",5,1,"younr101","?","younr101","?","sherb101","?","sherb101","?","gonzm101","bottj101","hornr101","coonj103","thevt101","hafec101","doutt101","smitj106","frisf101","","","DI.1-2","F","F",9,3,5,"F","F",0,"F","F",0,"F","F",0,"F","F",0,"","F","F","",0,0,"N",0,"N",0,"N",0,2,0,0,"","","","","F","F","F","F","F","F","F","F","F","sherb101","","","F","F","F","F","F","","","","",0,0,0,0,0,0,0,0,0,80,"NY1","NY1","SLN",1,"F","F",1,5,0,38,3,"T","F",1,2,"T","T","kellg101","meusi101","T","T",4,2,79,0,0,0,0,0,0,"gonzm101","","",0,0,0,0,0,0,0,0,0,0,0,0,0,"","F","F","F","F",0,2,0,0,0,0,0,0,0,0,F,F,"1924NY1.EVN.regular.event.csv",3826
"NY1192409120","SLN",9,1,2,0,0,"",5,1,"younr101","?","younr101","?","sherb101","?","sherb101","?","gonzm101","bottj101","hornr101","coonj103","thevt101","hafec101","doutt101","smitj106","","frisf101","","53","F","F",9,3,2,"T","T",0,"F","F",1,"F","F",0,"F","F",5,"G","F","F","",0,0,"N",0,"N",0,"N",0,0,2,0,"53","","","","F","F","F","F","F","F","F","F","F","","sherb101","","F","T","F","F","F","","","","",0,3,0,0,5,0,0,0,0,81,"NY1","NY1","SLN",1,"F","T",1,5,0,38,3,"F","F",2,2,"T","T","kellg101","meusi101","T","T",0,0,0,4,2,79,0,0,0,"","gonzm101","",0,0,0,0,0,0,0,0,0,0,0,0,0,"coonj103","F","F","F","F",0,0,2,0,0,0,0,0,0,0,F,F,"1924NY1.EVN.regular.event.csv",3827
"NY1192409130","SLN",1,0,0,0,0,"",0,0,"smitj106","?","smitj106","?","bentj101","?","bentj101","?","gowdh101","terrb101","frisf101","grohh101","jackt101","wilsh102","kellg101","younr101","","","","43","T","F",9,1,2,"T","T",0,"F","F",1,"F","F",0,"F","F",4,"G","F","F","",0,0,"N",0,"N",0,"N",0,0,0,0,"43","","","","F","F","F","F","F","F","F","F","F","","","","T","F","F","F","F","","","","",0,3,0,0,4,0,0,0,0,1,"NY1","SLN","NY1",0,"T","F",0,0,0,0,0,"T","F",0,0,"T","T","bladr102","hornr101","T","T",0,0,0,0,0,0,0,0,0,"","","",0,0,0,0,0,0,0,0,0,0,0,0,0,"frisf101","F","F","F","F",0,0,0,0,0,0,0,0,0,0,F,F,"1924NY1.EVN.regular.event.csv",3828
"NY1192409130","SLN",1,0,1,0,0,"",0,0,"bladr102","?","bladr102","?","bentj101","?","bentj101","?","gowdh101","terrb101","frisf101","grohh101","jackt101","wilsh102","kellg101","younr101","","","","63","F","F",7,2,2,"T","T",0,"F","F",1,"F","F",0,"F","F",6,"G","F","F","",0,0,"N",0,"N",0,"N",0,0,0,0,"63","","","","F","F","F","F","F","F","F","F","F","","","","F","F","F","F","F","","","","",0,3,0,0,6,0,0,0,0,2,"NY1","SLN","NY1",0,"F","F",0,0,0,1,1,"T","F",0,0,"T","T","hornr101","bottj101","T","T",0,0,0,0,0,0,0,0,0,"","","",0,0,0,0,0,0,0,0,0,0,0,0,0,"jackt101","F","F","F","F",0,0,0,0,0,0,0,0,0,0,F,F,"1924NY1.EVN.regular.event.csv",3829
"NY1192409130","SLN",1,0,2,0,0,"",0,0,"hornr101","?","hornr101","?","bentj101","?","bentj101","?","gowdh101","terrb101","frisf101","grohh101","jackt101","wilsh102","kellg101","younr101","","","","W","F","F",4,3,14,"T","F",0,"F","F",0,"F","F",0,"F","F",0,"","F","F","",0,0,"N",0,"N",0,"N",1,0,0,0,"","","","","F","F","F","F","F","F","F","F","F","","","","F","F","F","F","F","","","","",0,0,0,0,0,0,0,0,0,3,"NY1","SLN","NY1",0,"F","F",0,0,0,2,2,"T","F",0,1,"T","T","bottj101","doutt101","T","T",0,0,0,0,0,0,0,0,0,"","","",0,0,0,0,0,0,0,0,0,0,0,0,0,"","F","F","F","F",0,0,0,0,0,0,0,0,0,0,F,F,"1924NY1.EVN.regular.event.csv",3830
"NY1192409130","SLN",1,0,2,0,0,"",0,0,"bottj101","?","bottj101","?","bentj101","?","bentj101","?","gowdh101","terrb101","frisf101","grohh101","jackt101","wilsh102","kellg101","younr101","hornr101","","","43","F","F",3,4,2,"T","T",0,"F","F",1,"F","F",0,"F","F",4,"G","F","F","",0,0,"N",0,"N",0,"N",0,1,0,0,"43","","","","F","F","F","F","F","F","F","F","F","bentj101","","","F","F","F","F","F","","","","",0,3,0,0,4,0,0,0,0,4,"NY1","SLN","NY1",0,"F","T",0,0,0,3,3,"T","F",1,1,"T","T","doutt101","coonj103","T","T",4,3,3,0,0,0,0,0,0,"gowdh101","","",0,0,0,0,0,0,0,0,0,0,0,0,0,"frisf101","F","F","F","F",0,0,0,0,0,0,0,0,0,0,F,F,"1924NY1.EVN.regular.event.csv",3831
"NY1192409130","SLN",1,1,0,0,0,"",0,0,"grohh101","?","grohh101","?","sotha101","?","sotha101","?","gonzm101","bottj101","hornr101","coonj103","thevt101","bladr102","doutt101","smitj106","","","","43","T","F",5,1,2,"T","T",0,"F","F",1,"F","F",0,"F","F",4,"G","F","F","",0,0,"N",0,"N",0,"N",0,0,0,0,"43","","","","F","F","F","F","F","F","F","F","F","","","","F","F","F","F","F","","","","",0,3,0,0,4,0,0,0,0,5,"NY1","NY1","SLN",1,"T","F",0,0,0,0,0,"T","F",0,0,"T","T","frisf101","younr101","T","T",0,0,0,0,0,0,0,0,0,"","","",0,0,0,0,0,0,0,0,0,0,0,0,0,"hornr101","F","F","F","F",0,0,0,0,0,0,0,0,0,0,F,F,"1924NY1.EVN.regular.event.csv",3832
"NY1192409130","SLN",1,1,1,0,0,"",0,0,"frisf101","?","frisf101","?","sotha101","?","sotha101","?","gonzm101","bottj101","hornr101","coonj103","thevt101","bladr102","doutt101","smitj106","","","","S5/BG","F","F",4,2,20,"T","T",1,"F","F",0,"F","F",0,"F","F",5,"G","T","F","",0,0,"N",0,"N",0,"N",1,0,0,0,"","","","","F","F","F","F","F","F","F","F","F","","","","F","F","F","F","F","","","","",0,0,0,0,0,0,0,0,0,6,"NY1","NY1","SLN",1,"F","F",0,0,0,1,1,"T","F",0,1,"T","T","younr101","kellg101","T","T",0,0,0,0,0,0,0,0,0,"","","",0,0,0,0,0,0,0,0,0,0,0,0,0,"coonj103","F","F","F","F",0,0,0,0,0,0,0,0,0,0,F,F,"1924NY1.EVN.regular.event.csv",3833
"NY1192409130","SLN",1,1,1,0,0,"",0,0,"younr101","?","younr101","?","sotha101","?","sotha101","?","gonzm101","bottj101","hornr101","coonj103","thevt101","bladr102","doutt101","smitj106","frisf101","","","W.1-2","F","F",9,3,14,"T","F",0,"F","F",0,"F","F",0,"F","F",0,"","F","F","",0,0,"N",0,"N",0,"N",1,2,0,0,"","","","","F","F","F","F","F","F","F","F","F","sotha101","","","F","F","F","F","F","","","","",0,0,0,0,0,0,0,0,0,7,"NY1","NY1","SLN",1,"F","F",0,0,0,2,2,"T","F",1,3,"T","T","kellg101","terrb101","T","T",4,2,6,0,0,0,0,0,0,"gonzm101","","",0,0,0,0,0,0,0,0,0,0,0,0,0,"","F","F","F","F",0,0,0,0,0,0,0,0,0,0,F,F,"1924NY1.EVN.regular.event.csv",3834
"NY1192409130","SLN",1,1,1,0,0,"",0,0,"kellg101","?","kellg101","?","sotha101","?","sotha101","?","gonzm101","bottj101","hornr101","coonj103","thevt101","bladr102","doutt101","smitj106","younr101","frisf101","","9/F.2-3","F","F",8,4,2,"T","T",0,"F","F",1,"F","F",0,"F","F",9,"F","F","F","",0,0,"N",0,"N",0,"N",0,1,3,0,"9","","","","F","F","F","F","F","F","F","F","F","sotha101","sotha101","","F","F","F","F","F","","","","",0,9,0,0,0,0,0,0,0,8,"NY1","NY1","SLN",1,"F","F",0,0,0,3,3,"T","F",3,5,"T","T","terrb101","wilsh102","T","T",9,3,7,4,2,6,0,0,0,"gonzm101","gonzm101","",0,0,0,0,0,0,0,0,0,0,0,0,0,"smitj106","F","F","F","F",0,0,0,0,0,0,0,0,0,0,F,F,"1924NY1.EVN.regular.event.csv",3835
"NY1192409130","SLN",1,1,2,0,0,"",0,0,"terrb101","?","terrb101","?","sotha101","?","sotha101","?","gonzm101","bottj101","hornr101","coonj103","thevt101","bladr102","doutt101","smitj106","younr101","","frisf101","CS2(243)","F","F",3,5,6,"F","F",0,"F","F",1,"F","F",0,"F","F",0,"","F","F","",0,0,"N",0,"N",0,"N",0,0,0,3,"","243","","","F","F","F","T","F","F","F","F","F","sotha101","","sotha101","F","F","F","F","F","","","","",0,3,0,0,2,4,0,0,0,9,"NY1","NY1","SLN",1,"F","T",0,0,0,4,4,"T","T",5,4,"T","T","wilsh102","jackt101","T","T",9,3,7,0,0,0,4,2,6,"gonzm101","","gonzm101",0,0,0,0,0,0,0,0,0,0,0,0,0,"","F","F","F","F",0,0,0,0,0,0,0,0,0,0,F,F,"1924NY1.EVN.regular.event.csv",3836
"NY1192409130","SLN",2,0,0,0,0,"",0,0,"doutt101","?","doutt101","?","bentj101","?","bentj101","?","gowdh101","terrb101","frisf101","grohh101","jackt101","wilsh102","kellg101","younr101","","","","9/F","T","F",8,5,2,"T","T",0,"F","F",1,"F","F",0,"F","F",9,"F","F","F","",0,0,"N",0,"N",0,"N",0,0,0,0,"9","","","","F","F","F","F","F","F","F","F","F","","","","F","F","F","F","F","","","","",0,9,0,0,0,0,0,0,0,10,"NY1","SLN","NY1",0,"T","F",0,0,0,4,0,"T","F",0,0,"T","T","coonj103","gonzm101","T","T",0,0,0,0,0,0,0,0,0,"","","",0,0,0,0,0,0,0,0,0,0,0,0,0,"younr101","F","F","F","F",0,0,0,0,0,0,0,0,0,0,F,F,"1924NY1.EVN.regular.event.csv",3837
"NY1192409130","SLN",2,0,1,0,0,"",0,0,"coonj103","?","coonj103","?","bentj101","?","bentj101","?","gowdh101","terrb101","frisf101","grohh101","jackt101","wilsh102","kellg101","younr101","","","","8/F","F","F",5,6,2,"T","T",0,"F","F",1,"F","F",0,"F","F",8,"F","F","F","",0,0,"N",0,"N",0,"N",0,0,0,0,"8","","","","F","F","F","F","F","F","F","F","F","","","","F","F","F","F","F","","","","",0,8,0,0,0,0,0,0,0,11,"NY1","SLN","NY1",0,"F","F",0,0,0,5,1,"T","F",0,0,"T","T","gonzm101","thevt101","T","T",0,0,0,0,0,0,0,0,0,"","","",0,0,0,0,0,0,0,0,0,0,0,0,0,"kellg101","F","F","F","F",0,0,0,0,0,0,0,0,0,0,F,F,"1924NY1.EVN.regular.event.csv",3838
"NY1192409130","SLN",2,0,2,0,0,"",0,0,"gonzm101","?","gonzm101","?","bentj101","?","bentj101","?","gowdh101","terrb101","frisf101","grohh101","jackt101","wilsh102","kellg101","younr101","","","","7/L","F","F",2,7,2,"T","T",0,"F","F",1,"F","F",0,"F","F",7,"L","F","F","",0,0,"N",0,"N",0,"N",0,0,0,0,"7","","","","F","F","F","F","F","F","F","F","F","","","","F","F","F","F","F","","","","",0,7,0,0,0,0,0,0,0,12,"NY1","SLN","NY1",0,"F","T",0,0,0,6,2,"T","F",0,0,"T","T","thevt101","sotha101","T","T",0,0,0,0,0,0,0,0,0,"","","",0,0,0,0,0,0,0,0,0,0,0,0,0,"wilsh102","F","F","F","F",0,0,0,0,0,0,0,0,0,0,F,F,"1924NY1.EVN.regular.event.csv",3839
"NY1192409130","SLN",2,1,0,0,0,"",0,0,"terrb101","?","terrb101","?","sotha101","?","sotha101","?","gonzm101","bottj101","hornr101","coonj103","thevt101","bladr102","doutt101","smitj106","","","","43","T","F",3,5,2,"T","T",0,"F","F",1,"F","F",0,"F","F",4,"G","F","F","",0,0,"N",0,"N",0,"N",0,0,0,0,"43","","","","F","F","F","F","F","F","F","F","F","","","","F","F","F","F","F","","","","",0,3,0,0,4,0,0,0,0,13,"NY1","NY1","SLN",1,"T","F",0,0,0,4,0,"T","F",0,0,"T","T","wilsh102","jackt101","T","T",0,0,0,0,0,0,0,0,0,"","","",0,0,0,0,0,0,0,0,0,0,0,0,0,"hornr101","F","F","F","F",0,0,0,0,1,0,0,0,0,0,F,F,"1924NY1.EVN.regular.event.csv",3840
"NY1192409130","SLN",2,1,1,0,0,"",0,0,"wilsh102","?","wilsh102","?","sotha101","?","sotha101","?","gonzm101","bottj101","hornr101","coonj103","thevt101","bladr102","doutt101","smitj106","","","","T8/8XD","F","F",7,6,22,"T","T",3,"F","F",0,"F","F",0,"F","F",8,"","F","F","8XD",0,0,"N",0,"N",0,"N",3,0,0,0,"","","","","F","F","F","F","F","F","F","F","F","","","","F","F","F","F","F","","","","",0,0,0,0,0,0,0,0,0,14,"NY1","NY1","SLN",1,"F","F",0,0,0,5,1,"T","F",0,4,"T","T","jackt101","gowdh101","T","T",0,0,0,0,0,0,0,0,0,"","","",0,0,0,0,0,0,0,0,0,0,0,0,0,"doutt101","F","F","F","F",4,0,0,0,1,0,0,0,0,0,F,F,"1924NY1.EVN.regular.event.csv",3841
"NY1192409130","SLN",2,1,1,0,0,"",0,0,"jackt101","?","jackt101","?","sotha101","?","sotha101","?","gonzm101","bottj101","hornr101","coonj103","thevt101","bladr102","doutt101","smitj106","","","wilsh102","7/F78XD/SF.3-H","F","F",6,7,2,"T","F",0,"F","T",1,"F","F",1,"F","F",7,"F","F","F","78XD",0,0,"N",0,"N",0,"N",0,0,0,4,"7","","","","F","F","F","F","F","F","F","F","F","","","sotha101","F","F","F","F","F","","","","",0,7,0,0,0,0,0,0,0,15,"NY1","NY1","SLN",1,"F","F",0,0,0,6,2,"T","F",4,0,"T","T","gowdh101","bentj101","T","T",0,0,0,0,0,0,7,6,14,"","","gonzm101",0,0,0,0,0,0,0,0,0,0,0,0,1,"bladr102","F","F","F","F",0,0,0,4,0,0,0,0,0,0,F,F,"1924NY1.EVN.regular.event.csv",3842
"NY1192409130","SLN",2,1,2,0,0,"",0,1,"gowdh101","?","gowdh101","?","sotha101","?","sotha101","?","gonzm101","bottj101","hornr101","coonj103","thevt101","bladr102","doutt101","smitj106","","","","S/78S","F","F",2,8,20,"T","T",1,"F","F",0,"F","F",0,"F","F",0,"","F","F","78S",0,0,"N",0,"N",0,"N",1,0,0,0,"","","","","F","F","F","F","F","F","F","F","F","","","","F","F","F","F","F","","","","",0,0,0,0,0,0,0,0,0,16,"NY1","NY1","SLN",1,"F","F",1,0,1,7,3,"T","F",0,1,"T","T","bentj101","grohh101","T","T",0,0,0,0,0,0,0,0,0,"","","",0,0,0,0,0,0,0,0,0,0,0,0,0,"","F","F","F","F",0,0,0,0,0,0,0,0,0,0,F,F,"1924NY1.EVN.regular.event.csv",3843
"NY1192409130","SLN",2,1,2,0,0,"",0,1,"bentj101","?","bentj101","?","sotha101","?","sotha101","?","gonzm101","bottj101","hornr101","coonj103","thevt101","bladr102","doutt101","smitj106","gowdh101","","","K/C","F","F",1,9,3,"T","T",0,"F","F",1,"F","F",0,"F","F",0,"","F","F","",0,0,"N",0,"N",0,"N",0,1,0,0,"2","","","","F","F","F","F","F","F","F","F","F","sotha101","","","F","F","F","F","F","","","","",0,2,0,0,0,0,0,0,0,17,"NY1","NY1","SLN",1,"F","T",1,0,1,8,4,"T","F",1,1,"T","T","grohh101","frisf101","T","T",2,8,16,0,0,0,0,0,0,"gonzm101","","",0,0,0,0,0,0,0,0,0,0,0,0,0,"","F","F","F","F",0,0,0,0,0,0,0,0,0,0,F,F,"1924NY1.EVN.regular.event.csv",3844
"NY1192409130","SLN",3,0,0,0,0,"",0,1,"thevt101","?","thevt101","?","bentj101","?","bentj101","?","gowdh101","terrb101","frisf101","grohh101","jackt101","wilsh102","kellg101","younr101","","","","S8","T","F",6,8,20,"T","T",1,"F","F",0,"F","F",0,"F","F",8,"","F","F","",0,0,"N",0,"N",0,"N",1,0,0,0,"","","","","F","F","F","F","F","F","F","F","F","","","","F","F","F","F","F","","","","",0,0,0,0,0,0,0,0,0,18,"NY1","SLN","NY1",0,"T","F",0,1,0,7,0,"T","F",0,1,"T","T","sotha101","smitj106","T","T",0,0,0,0,0,0,0,0,0,"","","",0,0,0,0,0,0,0,0,0,0,0,0,0,"kellg101","F","F","F","F",0,0,0,0,0,0,0,0,0,0,F,F,"1924NY1.EVN.regular.event.csv",3845
"NY1192409130","SLN",3,0,0,0,0,"",0,1,"sotha101","?","sotha101","?","bentj101","?","bentj101","?","gowdh101","terrb101","frisf101","grohh101","jackt101","wilsh102","kellg101","younr101","thevt101","","","K","F","F",1,9,3,"T","T",0,"F","F",1,"F","F",0,"F","F",0,"","F","F","",0,0,"N",0,"N",0,"N",0,1,0,0,"2","","","","F","F","F","F","F","F","F","F","F","bentj101","","","F","F","F","F","F","","","","",0,2,0,0,0,0,0,0,0,19,"NY1","SLN","NY1",0,"F","F",0,1,0,8,1,"T","F",1,1,"T","T","smitj106","bladr102","T","T",6,8,18,0,0,0,0,0,0,"gowdh101","","",0,0,0,0,0,0,0,0,0,0,0,0,0,"","F","F","F","F",0,0,0,0,0,0,0,0,0,0,F,F,"1924NY1.EVN.regular.event.csv",3846
"NY1192409130","SLN",3,0,1,0,0,"",0,1,"smitj106","?","smitj106","?","bentj101","?","bentj101","?","gowdh101","terrb101","frisf101","grohh101","jackt101","wilsh102","kellg101","younr101","thevt101","","","K","F","F",9,1,3,"T","T",0,"F","F",1,"F","F",0,"F","F",0,"","F","F","",0,0,"N",0,"N",0,"N",0,1,0,0,"2","","","","F","F","F","F","F","F","F","F","F","bentj101","","","F","F","F","F","F","","","","",0,2,0,0,0,0,0,0,0,20,"NY1","SLN","NY1",0,"F","F",0,1,0,9,2,"T","F",1,1,"T","T","bladr102","hornr101","T","T",6,8,18,0,0,0,0,0,0,"gowdh101","","",0,0,0,0,0,0,0,0,0,0,0,0,0,"","F","F","F","F",0,0,0,0,0,0,0,0,0,0,F,F,"1924NY1.EVN.regular.event.csv",3847
"NY1192409130","SLN",3,0,2,0,0,"",0,1,"bladr102","?","bladr102","?","bentj101","?","bentj101","?","gowdh101","terrb101","frisf101","grohh101","jackt101","wilsh102","kellg101","younr101","thevt101","","","CS2(26)#","F","F",7,2,6,"F","F",0,"F","F",1,"F","F",0,"F","F",0,"","F","F","",0,0,"N",0,"N",0,"N",0,0,0,0,"","26","","","F","F","F","T","F","F","F","F","F","bentj101","","","F","F","F","F","F","","","","",0,6,0,0,2,0,0,0,0,21,"NY1","SLN","NY1",0,"F","T",0,1,0,10,3,"T","T",1,0,"T","T","hornr101","bottj101","T","T",6,8,18,0,0,0,0,0,0,"gowdh101","","",0,0,0,0,0,0,0,0,0,0,0,0,0,"","F","F","F","F",0,0,0,0,0,0,0,0,0,0,F,T,"1924NY1.EVN.regular.event.csv",3848
"NY1192409130","SLN",3,1,0,0,0,"",0,1,"grohh101","?","grohh101","?","sotha101","?","sotha101","?","gonzm101","bottj101","hornr101","coonj103","thevt101","bladr102","doutt101","smitj106","","","","S7/G5L","T","F",5,1,20,"T","T",1,"F","F",0,"F","F",0,"F","F",7,"G","F","F","5L",0,0,"N",0,"N",0,"N",1,0,0,0,"","","","","F","F","F","F","F","F","F","F","F","","","","F","F","F","F","F","","","","",0,0,0,0,0,0,0,0,0,22,"NY1","NY1","SLN",1,"T","F",1,0,0,9,0,"T","F",0,1,"T","T","frisf101","younr101","T","T",0,0,0,0,0,0,0,0,0,"","","",0,0,0,0,0,0,0,0,0,0,0,0,0,"bladr102","F","F","F","F",4,0,0,0,3,0,0,0,0,0,F,F,"1924NY1.EVN.regular.event.csv",3849
"NY1192409130","SLN",3,1,0,0,0,"",0,1,"frisf101","?","frisf101","?","sotha101","?","sotha101","?","gonzm101","bottj101","hornr101","coonj103","thevt101","bladr102","doutt101","smitj106","grohh101","","","5/P","F","F",4,2,2,"T","T",0,"F","F",1,"F","F",0,"F","F",5,"P","F","F","",0,0,"N",0,"N",0,"N",0,1,0,0,"5","","","","F","F","F","F","F","F","F","F","F","sotha101","","","F","F","F","F","F","","","","",0,5,0,0,0,0,0,0,0,23,"NY1","NY1","SLN",1,"F","F",1,0,0,10,1,"T","F",1,1,"T","T","younr101","kellg101","T","T",5,1,22,0,0,0,0,0,0,"gonzm101","","",0,0,0,0,0,0,0,0,0,0,0,0,0,"coonj103","F","F","F","F",0,4,0,0,3,0,0,0,0,0,F,F,"1924NY1.EVN.regular.event.csv",3850
"NY1192409130","SLN",3,1,1,0,0,"",0,1,"younr101","?","younr101","?","sotha101","?","sotha101","?","gonzm101","bottj101","hornr101","coonj103","thevt101","bladr102","doutt101","smitj106","grohh101","","","S9.1-2","F","F",9,3,20,"T","T",1,"F","F",0,"F","F",0,"F","F",9,"","F","F","",0,0,"N",0,"N",0,"N",1,2,0,0,"","","","","F","F","F","F","F","F","F","F","F","sotha101","","","F","F","F","F","F","","","","",0,0,0,0,0,0,0,0,0,24,"NY1","NY1","SLN",1,"F","F",1,0,0,11,2,"T","F",1,3,"T","T","kellg101","terrb101","T","T",5,1,22,0,0,0,0,0,0,"gonzm101","","",0,0,0,0,0,0,0,0,0,0,0,0,0,"smitj106","F","F","F","F",4,4,0,0,3,0,0,0,0,0,F,F,"1924NY1.EVN.regular.event.csv",3851
"NY1192409130","SLN",3,1,1,0,0,"",0,1,"kellg101","?","kellg101","?","sotha101","?","sotha101","?","gonzm101","bottj101","hornr101","coonj103","thevt101","bladr102","doutt101","smitj106","younr101","grohh101","","HR/L7D.2-H;1-H","F","F",8,4,23,"T","T",4,"F","F",0,"F","F",3,"F","F",0,"L","F","F","7D",0,0,"N",0,"N",0,"N",4,4,4,0,"","","","","F","F","F","F","F","F","F","F","F","sotha101","sotha101","","F","F","F","F","F","","","","",0,0,0,0,0,0,0,0,0,25,"NY1","NY1","SLN",1,"F","F",1,0,0,12,3,"T","F",3,0,"T","T","terrb101","wilsh102","T","T",9,3,24,5,1,22,0,0,0,"gonzm101","gonzm101","",0,0,0,0,0,0,0,0,0,0,0,0,3,"","F","F","F","F",4,4,4,0,0,0,0,0,0,0,F,F,"1924NY1.EVN.regular.event.csv",3852
"NY1192409130","SLN",3,1,1,0,0,"",0,4,"terrb101","?","terrb101","?","sotha101","?","sotha101","?","gonzm101","bottj101","hornr101","coonj103","thevt101","bladr102","doutt101","smitj106","","","","W","F","F",3,5,14,"T","F",0,"F","F",0,"F","F",0,"F","F",0,"","F","F","",0,0,"N",0,"N",0,"N",1,0,0,0,"","","","","F","F","F","F","F","F","F","F","F","","","","F","F","F","F","F","","","","",0,0,0,0,0,0,0,0,0,26,"NY1","NY1","SLN",1,"F","F",4,0,3,13,4,"T","F",0,1,"T","T","wilsh102","jackt101","T","T",0,0,0,0,0,0,0,0,0,"","","",0,0,0,0,0,0,0,0,0,0,0,0,0,"","F","F","F","F",0,0,0,0,0,0,0,0,0,0,F,F,"1924NY1.EVN.regular.event.csv",3853
"NY1192409130","SLN",3,1,1,0,0,"",0,4,"wilsh102","?","wilsh102","?","sotha101","?","sotha101","?","gonzm101","bottj101","hornr101","coonj103","thevt101","bladr102","doutt101","smitj106","terrb101","","","46(1)/FO","F","F",7,6,2,"T","T",0,"F","F",1,"F","F",0,"F","F",4,"G","F","F","",0,0,"N",0,"N",0,"N",1,0,0,0,"","46","","","F","F","F","F","F","F","F","F","F","sotha101","","","F","F","F","F","F","","","","",0,6,0,0,4,0,0,0,0,27,"NY1","NY1","SLN",1,"F","F",4,0,3,14,5,"T","F",1,1,"T","T","jackt101","gowdh101","T","T",3,5,26,0,0,0,0,0,0,"gonzm101","","",0,0,0,0,0,0,0,0,0,0,0,0,0,"hornr101","T","F","F","F",0,0,0,0,0,0,0,0,0,0,F,F,"1924NY1.EVN.regular.event.csv",3854
"NY1192409130","SLN",3,1,2,0,0,"",0,4,"jackt101","?","jackt101","?","sotha101","?","sotha101","?","gonzm101","bottj101","hornr101","coonj103","thevt101","bladr102","doutt101","smitj106","wilsh102","","","S7.1-2","F","F",6,7,20,"T","T",1,"F","F",0,"F","F",0,"F","F",7,"","F","F","",0,0,"N",0,"N",0,"N",1,2,0,0,"","","","","F","F","F","F","F","F","F","F","F","sotha101","","","F","F","F","F","F","","","","",0,0,0,0,0,0,0,0,0,28,"NY1","NY1","SLN",1,"F","F",4,0,3,15,6,"T","F",1,3,"T","T","gowdh101","bentj101","T","T",7,6,27,0,0,0,0,0,0,"gonzm101","","",0,0,0,0,0,0,0,0,0,0,0,0,0,"bladr102","F","F","F","F",0,0,0,0,0,0,0,0,0,0,F,F,"1924NY1.EVN.regular.event.csv",3855
"NY1192409130","SLN",3,1,2,0,0,"",0,4,"gowdh101","?","gowdh101","?","sotha101","?","sotha101","?","gonzm101","bottj101","hornr101","coonj103","thevt101","bladr102","doutt101","smitj106","jackt101","wilsh102","","W.2-3;1-2","F","F",2,8,14,"T","F",0,"F","F",0,"F","F",0,"F","F",0,"","F","F","",0,0,"N",0,"N",0,"N",1,2,3,0,"","","","","F","F","F","F","F","F","F","F","F","sotha101","sotha101","","F","F","F","F","F","","","","",0,0,0,0,0,0,0,0,0,29,"NY1","NY1","SLN",1,"F","F",4,0,3,16,7,"T","F",3,7,"T","T","bentj101","grohh101","T","T",6,7,28,7,6,27,0,0,0,"gonzm101","gonzm101","",0,0,0,0,0,0,0,0,0,0,0,0,0,"","F","F","F","F",0,0,0,0,0,0,0,0,0,0,F,F,"1924NY1.EVN.regular.event.csv",3856
"NY1192409130","SLN",3,1,2,0,0,"",0,4,"bentj101","?","bentj101","?","sotha101","?","sotha101","?","gonzm101","bottj101","hornr101","coonj103","thevt101","bladr102","doutt101","smitj106","gowdh101","jackt101","wilsh102","K","F","F",1,9,3,"T","T",0,"F","F",1,"F","F",0,"F","F",0,"","F","F","",0,0,"N",0,"N",0,"N",0,1,2,3,"2","","","","F","F","F","F","F","F","F","F","F","sotha101","sotha101","sotha101","F","F","F","F","F","","","","",0,2,0,0,0,0,0,0,0,30,"NY1","NY1","SLN",1,"F","T",4,0,3,17,8,"T","F",7,7,"T","T","grohh101","frisf101","T","T",2,8,29,6,7,28,7,6,27,"gonzm101","gonzm101","gonzm101",0,0,0,0,0,0,0,0,0,0,0,0,0,"","F","F","F","F",0,0,0,0,0,0,0,0,0,0,F,F,"1924NY1.EVN.regular.event.csv",3857
"NY1192409130","SLN",4,0,0,0,0,"",0,4,"bladr102","?","bladr102","?","bentj101","?","bentj101","?","gowdh101","terrb101","frisf101","grohh101","jackt101","wilsh102","kellg101","younr101","","","","9/F","T","F",7,2,2,"T","T",0,"F","F",1,"F","F",0,"F","F",9,"F","F","F","",0,0,"N",0,"N",0,"N",0,0,0,0,"9","","","","F","F","F","F","F","F","F","F","F","","","","F","F","F","F","F","","","","",0,9,0,0,0,0,0,0,0,31,"NY1","SLN","NY1",0,"T","F",0,4,0,10,0,"T","F",0,0,"T","T","hornr101","bottj101","T","T",0,0,0,0,0,0,0,0,0,"","","",0,0,0,0,0,0,0,0,0,0,0,0,0,"younr101","F","F","F","F",0,0,0,0,1,0,0,0,0,0,F,F,"1924NY1.EVN.regular.event.csv",3858
"NY1192409130","SLN",4,0,1,0,0,"",0,4,"hornr101","?","hornr101","?","bentj101","?","bentj101","?","gowdh101","terrb101","frisf101","grohh101","jackt101","wilsh102","kellg101","younr101","","","","8/L8XD","F","F",4,3,2,"T","T",0,"F","F",1,"F","F",0,"F","F",8,"L","F","F","8XD",0,0,"N",0,"N",0,"N",0,0,0,0,"8","","","","F","F","F","F","F","F","F","F","F","","","","F","F","F","F","F","","","","",0,8,0,0,0,0,0,0,0,32,"NY1","SLN","NY1",0,"F","F",0,4,0,11,1,"T","F",0,0,"T","T","bottj101","doutt101","T","T",0,0,0,0,0,0,0,0,0,"","","",0,0,0,0,0,0,0,0,0,0,0,0,0,"kellg101","F","F","F","F",0,0,0,0,1,0,0,0,0,0,F,F,"1924NY1.EVN.regular.event.csv",3859
"NY1192409130","SLN",4,0,2,0,0,"",0,4,"bottj101","?","bottj101","?","bentj101","?","bentj101","?","gowdh101","terrb101","frisf101","grohh101","jackt101","wilsh102","kellg101","younr101","","","","HR/L9D","F","F",3,4,23,"T","T",4,"F","F",0,"F","F",1,"F","F",0,"L","F","F","9D",0,0,"N",0,"N",0,"N",4,0,0,0,"","","","","F","F","F","F","F","F","F","F","F","","","","F","F","F","F","F","","","","",0,0,0,0,0,0,0,0,0,33,"NY1","SLN","NY1",0,"F","F",0,4,0,12,2,"T","F",0,0,"T","T","doutt101","coonj103","T","T",0,0,0,0,0,0,0,0,0,"","","",0,0,0,0,0,0,0,0,0,0,0,0,1,"","F","F","F","F",4,0,0,0,0,0,0,0,0,0,F,F,"1924NY1.EVN.regular.event.csv",3860
"NY1192409130","SLN",4,0,2,0,0,"",1,4,"doutt101","?","doutt101","?","bentj101","?","bentj101","?","gowdh101","terrb101","frisf101","grohh101","jackt101","wilsh102","kellg101","younr101","","","","13/G-","F","F",8,5,2,"T","T",0,"F","F",1,"F","F",0,"F","F",1,"G","F","F","",0,0,"N",0,"N",0,"N",0,0,0,0,"13","","","","F","F","F","F","F","F","F","F","F","","","","F","F","F","F","F","","","","",0,3,0,0,1,0,0,0,0,34,"NY1","SLN","NY1",0,"F","T",1,4,1,13,3,"T","F",0,0,"T","T","coonj103","gonzm101","T","T",0,0,0,0,0,0,0,0,0,"","","",0,0,0,0,0,0,0,0,0,0,0,0,0,"bentj101","F","F","F","F",0,0,0,0,0,0,0,0,0,0,F,F,"1924NY1.EVN.regular.event.csv",3861
"NY1192409130","SLN",4,1,0,0,0,"",1,4,"grohh101","?","grohh101","?","sotha101","?","sotha101","?","gonzm101","bottj101","hornr101","coonj103","thevt101","bladr102","doutt101","smitj106","","","","3/P","T","F",5,1,2,"T","T",0,"F","F",1,"F","F",0,"F","F",3,"P","F","F","",0,0,"N",0,"N",0,"N",0,0,0,0,"3","","","","F","F","F","F","F","F","F","F","F","","","","F","F","F","F","F","","","","",0,3,0,0,0,0,0,0,0,35,"NY1","NY1","SLN",1,"T","F",4,1,0,18,0,"T","F",0,0,"T","T","frisf101","younr101","T","T",0,0,0,0,0,0,0,0,0,"","","",0,0,0,0,0,0,0,0,0,0,0,0,0,"bottj101","F","F","F","F",0,0,0,0,0,0,0,0,0,0,F,F,"1924NY1.EVN.regular.event.csv",3862
"NY1192409130","SLN",4,1,1,0,0,"",1,4,"frisf101","?","frisf101","?","sotha101","?","sotha101","?","gonzm101","bottj101","hornr101","coonj103","thevt101","bladr102","doutt101","smitj106","","","","8/F","F","F",4,2,2,"T","T",0,"F","F",1,"F","F",0,"F","F",8,"F","F","F","",0,0,"N",0,"N",0,"N",0,0,0,0,"8","","","","F","F","F","F","F","F","F","F","F","","","","F","F","F","F","F","","","","",0,8,0,0,0,0,0,0,0,36,"NY1","NY1","SLN",1,"F","F",4,1,0,19,1,"T","F",0,0,"T","T","younr101","kellg101","T","T",0,0,0,0,0,0,0,0,0,"","","",0,0,0,0,0,0,0,0,0,0,0,0,0,"doutt101","F","F","F","F",0,0,0,0,0,0,0,0,0,0,F,F,"1924NY1.EVN.regular.event.csv",3863
"NY1192409130","SLN",4,1,2,0,0,"",1,4,"younr101","?","younr101","?","sotha101","?","sotha101","?","gonzm101","bottj101","hornr101","coonj103","thevt101","bladr102","doutt101","smitj106","","","","HP","F","F",9,3,16,"T","F",0,"F","F",0,"F","F",0,"F","F",0,"","F","F","",0,0,"N",0,"N",0,"N",1,0,0,0,"","","","","F","F","F","F","F","F","F","F","F","","","","F","F","F","F","F","","","","",0,0,0,0,0,0,0,0,0,37,"NY1","NY1","SLN",1,"F","F",4,1,0,20,2,"T","F",0,1,"T","T","kellg101","terrb101","T","T",0,0,0,0,0,0,0,0,0,"","","",0,0,0,0,0,0,0,0,0,0,0,0,0,"","F","F","F","F",0,0,0,0,0,0,0,0,0,0,F,F,"1924NY1.EVN.regular.event.csv",3864
"NY1192409130","SLN",4,1,2,0,0,"",1,4,"kellg101","?","kellg101","?","sotha101","?","sotha101","?","gonzm101","bottj101","hornr101","coonj103","thevt101","bladr102","doutt101","smitj106","younr101","","","SB2.1-2(PB)","F","F",8,4,4,"F","F",0,"F","F",0,"F","F",0,"F","T",0,"","F","F","",0,0,"N",0,"N",0,"N",0,2,0,0,"","","","","T","F","F","F","F","F","F","F","F","sotha101","","","F","F","F","F","F","","","","",0,0,0,0,0,0,0,0,0,38,"NY1","NY1","SLN",1,"F","F",4,1,0,21,3,"T","F",1,2,"T","T","terrb101","wilsh102","T","T",9,3,37,0,0,0,0,0,0,"gonzm101","","",0,0,0,0,0,0,0,0,0,0,0,0,0,"","F","F","F","F",0,0,0,0,0,0,0,0,0,0,F,F,"1924NY1.EVN.regular.event.csv",3865
"NY1192409130","SLN",4,1,2,0,0,"",1,4,"kellg101","?","kellg101","?","sotha101","?","sotha101","?","gonzm101","bottj101","hornr101","coonj103","thevt101","bladr102","doutt101","smitj106","","younr101","","8/F","F","F",8,4,2,"T","T",0,"F","F",1,"F","F",0,"F","F",8,"F","F","F","",0,0,"N",0,"N",0,"N",0,0,2,0,"8","","","","F","F","F","F","F","F","F","F","F","","sotha101","","F","F","F","F","F","","","","",0,8,0,0,0,0,0,0,0,39,"NY1","NY1","SLN",1,"F","T",4,1,0,21,3,"F","F",2,2,"T","T","terrb101","wilsh102","T","T",0,0,0,9,3,37,0,0,0,"","gonzm101","",0,0,0,0,0,0,0,0,0,0,0,0,0,"doutt101","F","F","F","F",0,0,0,0,0,0,0,0,0,0,F,F,"1924NY1.EVN.regular.event.csv",3866
"NY1192409130","SLN",5,0,0,0,0,"",1,4,"coonj103","?","coonj103","?","bentj101","?","bentj101","?","gowdh101","terrb101","frisf101","grohh101","jackt101","wilsh102","kellg101","younr101","","","","4/L","T","F",5,6,2,"T","T",0,"F","F",1,"F","F",0,"F","F",4,"L","F","F","",0,0,"N",0,"N",0,"N",0,0,0,0,"4","","","","F","F","F","F","F","F","F","F","F","","","","F","F","F","F","F","","","","",0,4,0,0,0,0,0,0,0,40,"NY1","SLN","NY1",0,"T","F",1,4,0,14,0,"T","F",0,0,"T","T","gonzm101","thevt101","T","T",0,0,0,0,0,0,0,0,0,"","","",0,0,0,0,0,0,0,0,0,0,0,0,0,"frisf101","F","F","F","F",0,0,0,0,0,0,0,0,0,0,F,F,"1924NY1.EVN.regular.event.csv",3867
"NY1192409130","SLN",5,0,1,0,0,"",1,4,"gonzm101","?","gonzm101","?","bentj101","?","bentj101","?","gowdh101","terrb101","frisf101","grohh101","jackt101","wilsh102","kellg101","younr101","","","","9/L","F","F",2,7,2,"T","T",0,"F","F",1,"F","F",0,"F","F",9,"L","F","F","",0,0,"N",0,"N",0,"N",0,0,0,0,"9","","","","F","F","F","F","F","F","F","F","F","","","","F","F","F","F","F","","","","",0,9,0,0,0,0,0,0,0,41,"NY1","SLN","NY1",0,"F","F",1,4,0,15,1,"T","F",0,0,"T","T","thevt101","sotha101","T","T",0,0,0,0,0,0,0,0,0,"","","",0,0,0,0,0,0,0,0,0,0,0,0,0,"younr101","F","F","F","F",0,0,0,0,0,0,0,0,0,0,F,F,"1924NY1.EVN.regular.event.csv",3868
"NY1192409130","SLN",5,0,2,0,0,"",1,4,"thevt101","?","thevt101","?","bentj101","?","bentj101","?","gowdh101","terrb101","frisf101","grohh101","jackt101","wilsh102","kellg101","younr101","","","","3/FL","F","F",6,8,2,"T","T",0,"F","F",1,"F","F",0,"F","F",3,"F","F","T","",0,0,"N",0,"N",0,"N",0,0,0,0,"3","","","","F","F","F","F","F","F","F","F","F","","","","F","F","F","F","F","","","","",0,3,0,0,0,0,0,0,0,42,"NY1","SLN","NY1",0,"F","T",1,4,0,16,2,"T","F",0,0,"T","T","sotha101","smitj106","T","T",0,0,0,0,0,0,0,0,0,"","","",0,0,0,0,0,0,0,0,0,0,0,0,0,"terrb101","F","F","F","F",0,0,0,0,0,0,0,0,0,0,F,F,"1924NY1.EVN.regular.event.csv",3869
"NY1192409130","SLN",5,1,0,0,0,"",1,4,"terrb101","?","terrb101","?","sotha101","?","sotha101","?","gonzm101","bottj101","hornr101","coonj103","thevt101","bladr102","doutt101","smitj106","","","","9/F","T","F",3,5,2,"T","T",0,"F","F",1,"F","F",0,"F","F",9,"F","F","F","",0,0,"N",0,"N",0,"N",0,0,0,0,"9","","","","F","F","F","F","F","F","F","F","F","","","","F","F","F","F","F","","","","",0,9,0,0,0,0,0,0,0,43,"NY1","NY1","SLN",1,"T","F",4,1,0,22,0,"T","F",0,0,"T","T","wilsh102","jackt101","T","T",0,0,0,0,0,0,0,0,0,"","","",0,0,0,0,0,0,0,0,0,0,0,0,0,"smitj106","F","F","F","F",0,0,0,0,0,0,0,0,0,0,F,F,"1924NY1.EVN.regular.event.csv",3870
"NY1192409130","SLN",5,1,1,0,0,"",1,4,"wilsh102","?","wilsh102","?","sotha101","?","sotha101","?","gonzm101","bottj101","hornr101","coonj103","thevt101","bladr102","doutt101","smitj106","","","","W","F","F",7,6,14,"T","F",0,"F","F",0,"F","F",0,"F","F",0,"","F","F","",0,0,"N",0,"N",0,"N",1,0,0,0,"","","","","F","F","F","F","F","F","F","F","F","","","","F","F","F","F","F","","","","",0,0,0,0,0,0,0,0,0,44,"NY1","NY1","SLN",1,"F","F",4,1,0,23,1,"T","F",0,1,"T","T","jackt101","gowdh101","T","T",0,0,0,0,0,0,0,0,0,"","","",0,0,0,0,0,0,0,0,0,0,0,0,0,"","F","F","F","F",1,0,0,0,0,0,0,0,0,0,F,F,"1924NY1.EVN.regular.event.csv",3871
"NY1192409130","SLN",5,1,1,0,0,"",1,4,"jackt101","?","jackt101","?","sotha101","?","sotha101","?","gonzm101","bottj101","hornr101","coonj103","thevt101","bladr102","doutt101","smitj106","wilsh102","","","3/P","F","F",6,7,2,"T","T",0,"F","F",1,"F","F",0,"F","F",3,"P","F","F","",0,0,"N",0,"N",0,"N",0,1,0,0,"3","","","","F","F","F","F","F","F","F","F","F","sotha101","","","F","F","F","F","F","","","","",0,3,0,0,0,0,0,0,0,45,"NY1","NY1","SLN",1,"F","F",4,1,0,24,2,"T","F",1,1,"T","T","gowdh101","bentj101","T","T",7,6,44,0,0,0,0,0,0,"gonzm101","","",0,0,0,0,0,0,0,0,0,0,0,0,0,"bottj101","F","F","F","F",0,1,0,0,0,0,0,0,0,0,F,F,"1924NY1.EVN.regular.event.csv",3872
"NY1192409130","SLN",5,1,2,0,0,"",1,4,"gowdh101","?","gowdh101","?","sotha101","?","sotha101","?","gonzm101","bottj101","hornr101","coonj103","thevt101","bladr102","doutt101","smitj106","wilsh102","","","5/FL","F","F",2,8,2,"T","T",0,"F","F",1,"F","F",0,"F","F",5,"F","F","T","",0,0,"N",0,"N",0,"N",0,1,0,0,"5","","","","F","F","F","F","F","F","F","F","F","sotha101","","","F","F","F","F","F","","","","",0,5,0,0,0,0,0,0,0,46,"NY1","NY1","SLN",1,"F","T",4,1,0,25,3,"T","F",1,1,"T","T","bentj101","grohh101","T","T",7,6,44,0,0,0,0,0,0,"gonzm101","","",0,0,0,0,0,0,0,0,0,0,0,0,0,"coonj103","F","F","F","F",0,1,0,0,0,0,0,0,0,0,F,F,"1924NY1.EVN.regular.event.csv",3873
"NY1192409130","SLN",6,0,0,0,0,"",1,4,"myerh102","?","myerh102","?","bentj101","?","bentj101","?","gowdh101","terrb101","frisf101","grohh101","jackt101","wilsh102","kellg101","younr101","","","","13","T","T",11,9,2,"T","T",0,"F","F",1,"F","F",0,"F","F",1,"G","F","F","",0,0,"N",0,"N",0,"N",0,0,0,0,"13","","","","F","F","F","F","F","F","F","F","F","","","","F","F","F","F","F","","","","sotha101",1,3,0,0,1,0,0,0,0,47,"NY1","SLN","NY1",0,"T","F",1,4,0,17,0,"T","F",0,0,"F","F","smitj106","bladr102","T","T",0,0,0,0,0,0,0,0,0,"","","",0,0,0,0,0,0,0,0,0,0,0,0,0,"bentj101","F","F","F","F",0,0,0,0,0,0,0,0,0,0,F,F,"1924NY1.EVN.regular.event.csv",3874
"NY1192409130","SLN",6,0,1,0,0,"",1,4,"clemv101","?","clemv101","?","bentj101","?","bentj101","?","gowdh101","terrb101","frisf101","grohh101","jackt101","wilsh102","kellg101","younr101","","","","W","F","T",11,1,14,"T","F",0,"F","F",0,"F","F",0,"F","F",0,"","F","F","",0,0,"N",0,"N",0,"N",1,0,0,0,"","","","","F","F","F","F","F","F","F","F","F","","","","F","F","F","F","F","","","","smitj106",9,0,0,0,0,0,0,0,0,48,"NY1","SLN","NY1",0,"F","F",1,4,0,18,1,"T","F",0,1,"F","F","bladr102","hornr101","T","T",0,0,0,0,0,0,0,0,0,"","","",0,0,0,0,0,0,0,0,0,0,0,0,0,"","F","F","F","F",1,0,0,0,0,0,0,0,0,0,F,F,"1924NY1.EVN.regular.event.csv",3875
"NY1192409130","SLN",6,0,1,0,0,"",1,4,"bladr102","?","bladr102","?","bentj101","?","bentj101","?","gowdh101","terrb101","frisf101","grohh101","jackt101","wilsh102","kellg101","younr101","stuaj101","","","8/F","F","F",7,2,2,"T","T",0,"F","F",1,"F","F",0,"F","F",8,"F","F","F","",0,0,"N",0,"N",0,"N",0,1,0,0,"8","","","","F","F","F","F","F","F","F","F","F","bentj101","","","F","F","T","F","F","clemv101","","","",0,8,0,0,0,0,0,0,0,49,"NY1","SLN","NY1",0,"F","F",1,4,0,19,2,"T","F",1,1,"T","T","hornr101","bottj101","T","T",0,1,48,0,0,0,0,0,0,"gowdh101","","",0,0,0,0,0,0,0,0,0,0,0,0,0,"kellg101","F","F","F","F",0,1,0,0,0,0,0,0,0,0,F,F,"1924NY1.EVN.regular.event.csv",3876
"NY1192409130","SLN",6,0,2,0,0,"",1,4,"hornr101","?","hornr101","?","bentj101","?","bentj101","?","gowdh101","terrb101","frisf101","grohh101","jackt101","wilsh102","kellg101","younr101","stuaj101","","","9/F","F","F",4,3,2,"T","T",0,"F","F",1,"F","F",0,"F","F",9,"F","F","F","",0,0,"N",0,"N",0,"N",0,1,0,0,"9","","","","F","F","F","F","F","F","F","F","F","bentj101","","","F","F","F","F","F","","","","",0,9,0,0,0,0,0,0,0,50,"NY1","SLN","NY1",0,"F","T",1,4,0,20,3,"T","F",1,1,"T","T","bottj101","doutt101","T","T",0,1,48,0,0,0,0,0,0,"gowdh101","","",0,0,0,0,0,0,0,0,0,0,0,0,0,"younr101","F","F","F","F",0,1,0,0,0,0,0,0,0,0,F,F,"1924NY1.EVN.regular.event.csv",3877
"NY1192409130","SLN",6,1,0,0,0,"",1,4,"bentj101","?","bentj101","?","bellh101","?","bellh101","?","gonzm101","bottj101","hornr101","coonj103","thevt101","bladr102","doutt101","myerh102","","","","63","T","F",1,9,2,"T","T",0,"F","F",1,"F","F",0,"F","F",6,"G","F","F","",0,0,"N",0,"N",0,"N",0,0,0,0,"63","","","","F","F","F","F","F","F","F","F","F","","","","F","F","F","F","F","","","","",0,3,0,0,6,0,0,0,0,51,"NY1","NY1","SLN",1,"T","F",4,1,0,26,0,"T","F",0,0,"T","T","grohh101","frisf101","F","F",0,0,0,0,0,0,0,0,0,"","","",0,0,0,0,0,0,0,0,0,0,0,0,0,"thevt101","F","F","F","F",0,0,0,0,6,0,0,0,0,0,F,F,"1924NY1.EVN.regular.event.csv",3878
"NY1192409130","SLN",6,1,1,0,0,"",1,4,"grohh101","?","grohh101","?","bellh101","?","bellh101","?","gonzm101","bottj101","hornr101","coonj103","thevt101","bladr102","doutt101","myerh102","","","","3/G","F","F",5,1,2,"T","T",0,"F","F",1,"F","F",0,"F","F",3,"G","F","F","",0,0,"N",0,"N",0,"N",0,0,0,0,"3","","","","F","F","F","F","F","F","F","F","F","","","","F","F","F","F","F","","","","",0,3,0,0,0,0,0,0,0,52,"NY1","NY1","SLN",1,"F","F",4,1,0,27,1,"T","F",0,0,"T","T","frisf101","younr101","F","F",0,0,0,0,0,0,0,0,0,"","","",0,0,0,0,0,0,0,0,0,0,0,0,0,"bottj101","F","F","F","F",0,0,0,0,6,0,0,0,0,0,F,F,"1924NY1.EVN.regular.event.csv",3879
"NY1192409130","SLN",6,1,2,0,0,"",1,4,"frisf101","?","frisf101","?","bellh101","?","bellh101","?","gonzm101","bottj101","hornr101","coonj103","thevt101","bladr102","doutt101","myerh102","","","","S8","F","F",4,2,20,"T","T",1,"F","F",0,"F","F",0,"F","F",8,"","F","F","",0,0,"N",0,"N",0,"N",1,0,0,0,"","","","","F","F","F","F","F","F","F","F","F","","","","F","F","F","F","F","","","","",0,0,0,0,0,0,0,0,0,53,"NY1","NY1","SLN",1,"F","F",4,1,0,28,2,"T","F",0,1,"T","T","younr101","kellg101","F","F",0,0,0,0,0,0,0,0,0,"","","",0,0,0,0,0,0,0,0,0,0,0,0,0,"doutt101","F","F","F","F",4,0,0,0,6,0,0,0,0,0,F,F,"1924NY1.EVN.regular.event.csv",3880
"NY1192409130","SLN",6,1,2,0,0,"",1,4,"younr101","?","younr101","?","bellh101","?","bellh101","?","gonzm101","bottj101","hornr101","coonj103","thevt101","bladr102","doutt101","myerh102","frisf101","","","S4/BG.1-3(E4/TH1);B-2","F","F",9,3,20,"T","T",1,"F","F",0,"F","F",0,"F","F",4,"G","T","F","",1,4,"T",0,"N",0,"N",2,3,0,0,"","","","","F","F","F","F","F","F","F","F","F","bellh101","","","F","F","F","F","F","","","","",0,0,0,0,0,0,0,0,0,54,"NY1","NY1","SLN",1,"F","F",4,1,0,29,3,"T","F",1,6,"T","T","kellg101","terrb101","F","F",4,2,53,0,0,0,0,0,0,"gonzm101","","",0,0,0,0,0,0,0,0,0,0,0,0,0,"hornr101","F","F","F","F",4,4,0,0,6,0,0,0,0,0,F,F,"1924NY1.EVN.regular.event.csv",3881
"NY1192409130","SLN",6,1,2,0,0,"",1,4,"kellg101","?","kellg101","?","bellh101","?","bellh101","?","gonzm101","bottj101","hornr101","coonj103","thevt101","bladr102","doutt101","myerh102","","younr101","frisf101","W","F","F",8,4,14,"T","F",0,"F","F",0,"F","F",0,"F","F",0,"","F","F","",0,0,"N",0,"N",0,"N",1,0,2,3,"","","","","F","F","F","F","F","F","F","F","F","","bellh101","bellh101","F","F","F","F","F","","","","",0,0,0,0,0,0,0,0,0,55,"NY1","NY1","SLN",1,"F","F",4,1,0,30,4,"T","F",6,7,"T","T","terrb101","wilsh102","F","F",0,0,0,9,3,54,4,2,53,"","gonzm101","gonzm101",0,0,0,0,0,0,0,0,0,0,0,0,0,"","F","F","F","F",4,0,4,4,6,0,0,0,0,0,F,F,"1924NY1.EVN.regular.event.csv",3882
"NY1192409130","SLN",6,1,2,0,0,"",1,4,"terrb101","?","terrb101","?","bellh101","?","bellh101","?","gonzm101","bottj101","hornr101","coonj103","thevt101","bladr102","doutt101","myerh102","kellg101","younr101","frisf101","D/78.3-H;2-H;1-H","F","F",3,5,21,"T","T",2,"F","F",0,"F","F",3,"F","F",0,"","F","F","78",0,0,"N",0,"N",0,"N",2,4,4,4,"","","","","F","F","F","F","F","F","F","F","F","bellh101","bellh101","bellh101","F","F","F","F","F","","","","",0,0,0,0,0,0,0,0,0,56,"NY1","NY1","SLN",1,"F","F",4,1,0,31,5,"T","F",7,2,"T","T","wilsh102","jackt101","F","F",8,4,55,9,3,54,4,2,53,"gonzm101","gonzm101","gonzm101",0,0,0,0,0,0,0,0,0,0,0,0,3,"","F","F","F","F",4,4,4,4,3,0,0,0,0,0,F,F,"1924NY1.EVN.regular.event.csv",3883
"NY1192409130","SLN",6,1,2,0,0,"",1,7,"wilsh102","?","wilsh102","?","bellh101","?","bellh101","?","gonzm101","bottj101","hornr101","coonj103","thevt101","bladr102","doutt101","myerh102","","terrb101","","W","F","F",7,6,14,"T","F",0,"F","F",0,"F","F",0,"F","F",0,"","F","F","",0,0,"N",0,"N",0,"N",1,0,2,0,"","","","","F","F","F","F","F","F","F","F","F","","bellh101","","F","F","F","F","F","","","","",0,0,0,0,0,0,0,0,0,57,"NY1","NY1","SLN",1,"F","F",7,1,3,32,6,"T","F",2,3,"T","T","jackt101","gowdh101","F","F",0,0,0,3,5,56,0,0,0,"","gonzm101","",0,0,0,0,0,0,0,0,0,0,0,0,0,"","F","F","F","F",4,0,4,0,3,0,0,0,0,0,F,F,"1924NY1.EVN.regular.event.csv",3884
"NY1192409130","SLN",6,1,2,0,0,"",1,7,"jackt101","?","jackt101","?","rhemf101","?","rhemf101","?","gonzm101","bottj101","hornr101","coonj103","thevt101","bladr102","doutt101","myerh102","wilsh102","terrb101","","D7/G5L.2-H;1-3","F","F",6,7,21,"T","T",2,"F","F",0,"F","F",1,"F","F",7,"G","F","F","5L",0,0,"N",0,"N",0,"N",2,3,4,0,"","","","","F","F","F","F","F","F","F","F","F","bellh101","bellh101","","F","F","F","F","F","","","","",0,0,0,0,0,0,0,0,0,58,"NY1","NY1","SLN",1,"F","F",7,1,3,33,7,"T","F",3,6,"T","T","gowdh101","bentj101","F","F",7,6,57,3,5,56,0,0,0,"gonzm101","gonzm101","",0,0,0,0,0,0,0,0,0,0,0,0,1,"bladr102","F","F","F","F",4,4,4,0,2,0,0,0,0,0,F,F,"1924NY1.EVN.regular.event.csv",3885
"NY1192409130","SLN",6,1,2,0,0,"",1,8,"gowdh101","?","gowdh101","?","rhemf101","?","rhemf101","?","gonzm101","bottj101","hornr101","coonj103","thevt101","bladr102","doutt101","myerh102","","jackt101","wilsh102","S8/89S.3-H;2-H","F","F",2,8,20,"T","T",1,"F","F",0,"F","F",2,"F","F",8,"","F","F","89S",0,0,"N",0,"N",0,"N",1,0,4,4,"","","","","F","F","F","F","F","F","F","F","F","","rhemf101","bellh101","F","F","F","F","F","","","","",0,0,0,0,0,0,0,0,0,59,"NY1","NY1","SLN",1,"F","F",8,1,4,34,8,"T","F",6,1,"T","T","bentj101","grohh101","F","F",0,0,0,6,7,58,7,6,57,"","gonzm101","gonzm101",0,0,0,0,0,0,0,0,0,0,0,0,2,"doutt101","F","F","F","F",2,0,4,4,0,0,0,0,0,0,F,F,"1924NY1.EVN.regular.event.csv",3886
"NY1192409130","SLN",6,1,2,0,0,"",1,10,"bentj101","?","bentj101","?","rhemf101","?","rhemf101","?","gonzm101","bottj101","hornr101","coonj103","thevt101","bladr102","doutt101","myerh102","gowdh101","","","SB2","F","F",1,9,4,"F","F",0,"F","F",0,"F","F",0,"F","F",0,"","F","F","",0,0,"N",0,"N",0,"N",0,2,0,0,"","","","","T","F","F","F","F","F","F","F","F","rhemf101","","","F","F","F","F","F","","","","",0,0,0,0,0,0,0,0,0,60,"NY1","NY1","SLN",1,"F","F",10,1,6,35,9,"T","F",1,2,"T","T","grohh101","frisf101","F","F",2,8,59,0,0,0,0,0,0,"gonzm101","","",0,0,0,0,0,0,0,0,0,0,0,0,0,"","F","F","F","F",0,2,0,0,0,0,0,0,0,0,F,F,"1924NY1.EVN.regular.event.csv",3887
"NY1192409130","SLN",6,1,2,0,0,"",1,10,"bentj101","?","bentj101","?","rhemf101","?","rhemf101","?","gonzm101","bottj101","hornr101","coonj103","thevt101","bladr102","doutt101","myerh102","","gowdh101","","K","F","F",1,9,3,"T","T",0,"F","F",1,"F","F",0,"F","F",0,"","F","F","",0,0,"N",0,"N",0,"N",0,0,2,0,"2","","","","F","F","F","F","F","F","F","F","F","","rhemf101","","F","F","F","F","F","","","","",0,2,0,0,0,0,0,0,0,61,"NY1","NY1","SLN",1,"F","T",10,1,6,35,9,"F","F",2,2,"T","T","grohh101","frisf101","F","F",0,0,0,2,8,59,0,0,0,"","gonzm101","",0,0,0,0,0,0,0,0,0,0,0,0,0,"","F","F","F","F",0,0,2,0,0,0,0,0,0,0,F,F,"1924NY1.EVN.regular.event.csv",3888
"NY1192409130","SLN",7,0,0,0,0,"",1,10,"bottj101","?","bottj101","?","bentj101","?","bentj101","?","gowdh101","terrb101","lindf101","grohh101","frisf101","wilsh102","kellg101","younr101","","","","K/C","T","F",3,4,3,"T","T",0,"F","F",1,"F","F",0,"F","F",0,"","F","F","",0,0,"N",0,"N",0,"N",0,0,0,0,"2","","","","F","F","F","F","F","F","F","F","F","","","","F","F","F","F","F","","","","",0,2,0,0,0,0,0,0,0,62,"NY1","SLN","NY1",0,"T","F",1,10,0,21,0,"T","F",0,0,"T","T","doutt101","coonj103","T","T",0,0,0,0,0,0,0,0,0,"","","",0,0,0,0,0,0,0,0,0,0,0,0,0,"","F","F","F","F",0,0,0,0,0,0,0,0,0,0,F,F,"1924NY1.EVN.regular.event.csv",3889
"NY1192409130","SLN",7,0,1,0,0,"",1,10,"doutt101","?","doutt101","?","bentj101","?","bentj101","?","gowdh101","terrb101","lindf101","grohh101","frisf101","wilsh102","kellg101","younr101","","","","S7","F","F",8,5,20,"T","T",1,"F","F",0,"F","F",0,"F","F",7,"","F","F","",0,0,"N",0,"N",0,"N",1,0,0,0,"","","","","F","F","F","F","F","F","F","F","F","","","","F","F","F","F","F","","","","",0,0,0,0,0,0,0,0,0,63,"NY1","SLN","NY1",0,"F","F",1,10,0,22,1,"T","F",0,1,"T","T","coonj103","gonzm101","T","T",0,0,0,0,0,0,0,0,0,"","","",0,0,0,0,0,0,0,0,0,0,0,0,0,"wilsh102","F","F","F","F",0,0,0,0,0,0,0,0,0,0,F,F,"1924NY1.EVN.regular.event.csv",3890
"NY1192409130","SLN",7,0,1,0,0,"",1,10,"coonj103","?","coonj103","?","bentj101","?","bentj101","?","gowdh101","terrb101","lindf101","grohh101","frisf101","wilsh102","kellg101","younr101","doutt101","","","13.1-2","F","F",5,6,2,"T","T",0,"F","F",1,"F","F",0,"F","F",1,"G","F","F","",0,0,"N",0,"N",0,"N",0,2,0,0,"13","","","","F","F","F","F","F","F","F","F","F","bentj101","","","F","F","F","F","F","","","","",0,3,0,0,1,0,0,0,0,64,"NY1","SLN","NY1",0,"F","F",1,10,0,23,2,"T","F",1,2,"T","T","gonzm101","thevt101","T","T",8,5,63,0,0,0,0,0,0,"gowdh101","","",0,0,0,0,0,0,0,0,0,0,0,0,0,"bentj101","F","F","F","F",0,0,0,0,0,0,0,0,0,0,F,F,"1924NY1.EVN.regular.event.csv",3891
"NY1192409130","SLN",7,0,2,0,0,"",1,10,"gonzm101","?","gonzm101","?","bentj101","?","bentj101","?","gowdh101","terrb101","lindf101","grohh101","frisf101","wilsh102","kellg101","younr101","","doutt101","","63","F","F",2,7,2,"T","T",0,"F","F",1,"F","F",0,"F","F",6,"G","F","F","",0,0,"N",0,"N",0,"N",0,0,2,0,"63","","","","F","F","F","F","F","F","F","F","F","","bentj101","","F","F","F","F","F","","","","",0,3,0,0,6,0,0,0,0,65,"NY1","SLN","NY1",0,"F","T",1,10,0,24,3,"T","F",2,2,"T","T","thevt101","myerh102","T","T",0,0,0,8,5,63,0,0,0,"","gowdh101","",0,0,0,0,0,0,0,0,0,0,0,0,0,"frisf101","F","F","F","F",0,0,0,0,0,0,0,0,0,0,F,F,"1924NY1.EVN.regular.event.csv",3892
"NY1192409130","SLN",7,1,0,0,0,"",1,10,"grohh101","?","grohh101","?","rhemf101","?","rhemf101","?","gonzm101","bottj101","hornr101","coonj103","thevt101","bladr102","doutt101","myerh102","","","","43","T","F",5,1,2,"T","T",0,"F","F",1,"F","F",0,"F","F",4,"G","F","F","",0,0,"N",0,"N",0,"N",0,0,0,0,"43","","","","F","F","F","F","F","F","F","F","F","","","","F","F","F","F","F","","","","",0,3,0,0,4,0,0,0,0,66,"NY1","NY1","SLN",1,"T","F",10,1,0,36,0,"T","F",0,0,"T","T","frisf101","younr101","F","F",0,0,0,0,0,0,0,0,0,"","","",0,0,0,0,0,0,0,0,0,0,0,0,0,"hornr101","F","F","F","F",0,0,0,0,0,0,0,0,0,0,F,F,"1924NY1.EVN.regular.event.csv",3893
"NY1192409130","SLN",7,1,1,0,0,"",1,10,"frisf101","?","frisf101","?","rhemf101","?","rhemf101","?","gonzm101","bottj101","hornr101","coonj103","thevt101","bladr102","doutt101","myerh102","","","","S8","F","F",6,2,20,"T","T",1,"F","F",0,"F","F",0,"F","F",8,"","F","F","",0,0,"N",0,"N",0,"N",1,0,0,0,"","","","","F","F","F","F","F","F","F","F","F","","","","F","F","F","F","F","","","","",0,0,0,0,0,0,0,0,0,67,"NY1","NY1","SLN",1,"F","F",10,1,0,37,1,"T","F",0,1,"T","T","younr101","kellg101","F","F",0,0,0,0,0,0,0,0,0,"","","",0,0,0,0,0,0,0,0,0,0,0,0,0,"doutt101","F","F","F","F",0,0,0,0,0,0,0,0,0,0,F,F,"1924NY1.EVN.regular.event.csv",3894
"NY1192409130","SLN",7,1,1,0,0,"",1,10,"younr101","?","younr101","?","rhemf101","?","rhemf101","?","gonzm101","bottj101","hornr101","coonj103","thevt101","bladr102","doutt101","myerh102","frisf101","","","S8.1-2","F","F",9,3,20,"T","T",1,"F","F",0,"F","F",0,"F","F",8,"","F","F","",0,0,"N",0,"N",0,"N",1,2,0,0,"","","","","F","F","F","F","F","F","F","F","F","rhemf101","","","F","F","F","F","F","","","","",0,0,0,0,0,0,0,0,0,68,"NY1","NY1","SLN",1,"F","F",10,1,0,38,2,"T","F",1,3,"T","T","kellg101","terrb101","F","F",6,2,67,0,0,0,0,0,0,"gonzm101","","",0,0,0,0,0,0,0,0,0,0,0,0,0,"doutt101","F","F","F","F",2,0,0,0,0,0,0,0,0,0,F,F,"1924NY1.EVN.regular.event.csv",3895
"NY1192409130","SLN",7,1,1,0,0,"",1,10,"oconj102","?","oconj102","?","rhemf101","?","rhemf101","?","gonzm101","bottj101","hornr101","coonj103","thevt101","bladr102","doutt101","myerh102","soutb101","frisf101","","PO2(14354)","F","T",11,4,8,"F","F",0,"F","F",1,"F","F",0,"F","F",0,"","F","F","",0,0,"N",0,"N",0,"N",0,1,0,0,"","","14354","","F","F","F","F","F","F","F","T","F","rhemf101","rhemf101","","F","F","T","F","F","younr101","","","kellg101",8,4,0,0,1,4,3,5,0,69,"NY1","NY1","SLN",1,"F","F",10,1,0,39,3,"T","F",3,1,"F","F","terrb101","wilsh102","F","F",12,3,68,6,2,67,0,0,0,"gonzm101","gonzm101","",0,0,0,0,0,0,0,0,0,0,0,0,0,"","F","F","F","F",0,2,0,0,0,0,0,0,0,0,F,F,"1924NY1.EVN.regular.event.csv",3896
"NY1192409130","SLN",7,1,2,0,0,"",1,10,"oconj102","?","oconj102","?","rhemf101","?","rhemf101","?","gonzm101","bottj101","hornr101","coonj103","thevt101","bladr102","doutt101","myerh102","soutb101","","","W.1-2","F","T",11,4,14,"T","F",0,"F","F",0,"F","F",0,"F","F",0,"","F","F","",0,0,"N",0,"N",0,"N",1,2,0,0,"","","","","F","F","F","F","F","F","F","F","F","rhemf101","","","F","F","F","F","F","","","","kellg101",8,0,0,0,0,0,0,0,0,70,"NY1","NY1","SLN",1,"F","F",10,1,0,39,3,"F","F",1,3,"F","F","terrb101","wilsh102","F","F",12,3,68,0,0,0,0,0,0,"gonzm101","","",0,0,0,0,0,0,0,0,0,0,0,0,0,"","F","F","F","F",1,2,0,0,0,0,0,0,0,0,F,F,"1924NY1.EVN.regular.event.csv",3897
"NY1192409130","SLN",7,1,2,0,0,"",1,10,"terrb101","?","terrb101","?","rhemf101","?","rhemf101","?","gonzm101","bottj101","hornr101","coonj103","thevt101","bladr102","doutt101","myerh102","oconj102","soutb101","","K","F","F",3,5,3,"T","T",0,"F","F",1,"F","F",0,"F","F",0,"","F","F","",0,0,"N",0,"N",0,"N",0,1,2,0,"2","","","","F","F","F","F","F","F","F","F","F","rhemf101","rhemf101","","F","F","F","F","F","","","","",0,2,0,0,0,0,0,0,0,71,"NY1","NY1","SLN",1,"F","T",10,1,0,40,4,"T","F",3,3,"T","T","wilsh102","lindf101","F","F",0,4,70,0,3,68,0,0,0,"gonzm101","gonzm101","",0,0,0,0,0,0,0,0,0,0,0,0,0,"","F","F","F","F",0,1,2,0,0,0,0,0,0,0,F,F,"1924NY1.EVN.regular.event.csv",3898
"NY1192409130","SLN",8,0,0,0,0,"",1,10,"thevt101","?","thevt101","?","bentj101","?","bentj101","?","hartg102","terrb101","lindf101","grohh101","frisf101","wilsh102","oconj102","soutb101","","","","D9","T","F",6,8,21,"T","T",2,"F","F",0,"F","F",0,"F","F",9,"","F","F","",0,0,"N",0,"N",0,"N",2,0,0,0,"","","","","F","F","F","F","F","F","F","F","F","","","","F","F","F","F","F","","","","",0,0,0,0,0,0,0,0,0,72,"NY1","SLN","NY1",0,"T","F",1,10,0,25,0,"T","F",0,2,"T","T","myerh102","rhemf101","T","T",0,0,0,0,0,0,0,0,0,"","","",0,0,0,0,0,0,0,0,0,0,0,0,0,"soutb101","F","F","F","F",4,0,0,0,1,0,0,0,0,0,F,F,"1924NY1.EVN.regular.event.csv",3899
"NY1192409130","SLN",8,0,0,0,0,"",1,10,"myerh102","?","myerh102","?","bentj101","?","bentj101","?","hartg102","terrb101","lindf101","grohh101","frisf101","wilsh102","oconj102","soutb101","","thevt101","","8/F","F","F",9,9,2,"T","T",0,"F","F",1,"F","F",0,"F","F",8,"F","F","F","",0,0,"N",0,"N",0,"N",0,0,2,0,"8","","","","F","F","F","F","F","F","F","F","F","","bentj101","","F","F","F","F","F","","","","",0,8,0,0,0,0,0,0,0,73,"NY1","SLN","NY1",0,"F","F",1,10,0,26,1,"T","F",2,2,"F","F","rhemf101","bladr102","T","T",0,0,0,6,8,72,0,0,0,"","hartg102","",0,0,0,0,0,0,0,0,0,0,0,0,0,"oconj102","F","F","F","F",0,0,4,0,1,0,0,0,0,0,F,F,"1924NY1.EVN.regular.event.csv",3900
"NY1192409130","SLN",8,0,1,0,0,"",1,10,"rhemf101","?","rhemf101","?","bentj101","?","bentj101","?","hartg102","terrb101","lindf101","grohh101","frisf101","wilsh102","oconj102","soutb101","","thevt101","","W","F","F",1,1,14,"T","F",0,"F","F",0,"F","F",0,"F","F",0,"","F","F","",0,0,"N",0,"N",0,"N",1,0,2,0,"","","","","F","F","F","F","F","F","F","F","F","","bentj101","","F","F","F","F","F","","","","",0,0,0,0,0,0,0,0,0,74,"NY1","SLN","NY1",0,"F","F",1,10,0,27,2,"T","F",2,3,"F","F","bladr102","hornr101","T","T",0,0,0,6,8,72,0,0,0,"","hartg102","",0,0,0,0,0,0,0,0,0,0,0,0,0,"","F","F","F","F",0,0,4,0,1,0,0,0,0,0,F,F,"1924NY1.EVN.regular.event.csv",3901
"NY1192409130","SLN",8,0,1,0,0,"",1,10,"bladr102","?","bladr102","?","bentj101","?","bentj101","?","hartg102","terrb101","lindf101","grohh101","frisf101","wilsh102","oconj102","soutb101","rhemf101","thevt101","","S7/L.2-H;1-2","F","F",7,2,20,"T","T",1,"F","F",0,"F","F",1,"F","F",7,"L","F","F","",0,0,"N",0,"N",0,"N",1,2,4,0,"","","","","F","F","F","F","F","F","F","F","F","bentj101","bentj101","","F","F","F","F","F","","","","",0,0,0,0,0,0,0,0,0,75,"NY1","SLN","NY1",0,"F","F",1,10,0,28,3,"T","F",3,3,"T","T","hornr101","bottj101","T","T",1,1,74,6,8,72,0,0,0,"hartg102","hartg102","",0,0,0,0,0,0,0,0,0,0,0,0,1,"wilsh102","F","F","F","F",0,0,4,0,0,0,0,0,0,0,F,F,"1924NY1.EVN.regular.event.csv",3902
"NY1192409130","SLN",8,0,1,0,0,"",2,10,"hornr101","?","hornr101","?","bentj101","?","bentj101","?","hartg102","terrb101","lindf101","grohh101","frisf101","wilsh102","oconj102","soutb101","bladr102","rhemf101","","16(1)/FO.2-3","F","F",4,3,2,"T","T",0,"F","F",1,"F","F",0,"F","F",1,"G","F","F","",0,0,"N",0,"N",0,"N",1,0,3,0,"","16","","","F","F","F","F","F","F","F","F","F","bentj101","bentj101","","F","F","F","F","F","","","","",0,6,0,0,1,0,0,0,0,76,"NY1","SLN","NY1",0,"F","F",2,10,1,29,4,"T","F",3,5,"T","T","bottj101","doutt101","T","T",7,2,75,1,1,74,0,0,0,"hartg102","hartg102","",0,0,0,0,0,0,0,0,0,0,0,0,0,"bentj101","T","F","F","F",0,0,0,0,0,0,0,0,0,0,F,F,"1924NY1.EVN.regular.event.csv",3903
"NY1192409130","SLN",8,0,2,0,0,"",2,10,"bottj101","?","bottj101","?","bentj101","?","bentj101","?","hartg102","terrb101","lindf101","grohh101","frisf101","wilsh102","oconj102","soutb101","hornr101","","rhemf101","K","F","F",3,4,3,"T","T",0,"F","F",1,"F","F",0,"F","F",0,"","F","F","",0,0,"N",0,"N",0,"N",0,1,0,3,"2","","","","F","F","F","F","F","F","F","F","F","bentj101","","bentj101","F","F","F","F","F","","","","",0,2,0,0,0,0,0,0,0,77,"NY1","SLN","NY1",0,"F","T",2,10,1,30,5,"T","F",5,5,"T","T","doutt101","coonj103","T","T",4,3,76,0,0,0,1,1,74,"hartg102","","hartg102",0,0,0,0,0,0,0,0,0,0,0,0,0,"","F","F","F","F",0,0,0,0,0,0,0,0,0,0,F,F,"1924NY1.EVN.regular.event.csv",3904
"NY1192409130","SLN",8,1,0,0,0,"",2,10,"wilsh102","?","wilsh102","?","rhemf101","?","rhemf101","?","gonzm101","bottj101","hornr101","coonj103","thevt101","bladr102","doutt101","myerh102","","","","W","T","F",7,6,14,"T","F",0,"F","F",0,"F","F",0,"F","F",0,"","F","F","",0,0,"N",0,"N",0,"N",1,0,0,0,"","","","","F","F","F","F","F","F","F","F","F","","","","F","F","F","F","F","","","","",0,0,0,0,0,0,0,0,0,78,"NY1","NY1","SLN",1,"T","F",10,2,0,41,0,"T","F",0,1,"T","T","lindf101","hartg102","F","F",0,0,0,0,0,0,0,0,0,"","","",0,0,0,0,0,0,0,0,0,0,0,0,0,"","F","F","F","F",0,0,0,0,2,0,0,0,0,0,F,F,"1924NY1.EVN.regular.event.csv",3905
"NY1192409130","SLN",8,1,0,0,0,"",2,10,"lindf101","?","lindf101","?","rhemf101","?","rhemf101","?","gonzm101","bottj101","hornr101","coonj103","thevt101","bladr102","doutt101","myerh102","wilsh102","","","FC3.1X3(E3/TH2)(656)","F","F",4,7,19,"T","T",0,"F","F",1,"F","F",0,"F","F",3,"G","F","F","",1,3,"T",0,"N",0,"N",1,0,0,0,"","656","","","F","F","F","F","F","F","F","F","F","rhemf101","","","F","F","F","F","F","","","","",0,6,0,0,6,5,0,0,0,79,"NY1","NY1","SLN",1,"F","F",10,2,0,42,1,"T","F",1,1,"F","F","hartg102","bentj101","F","F",7,6,78,0,0,0,0,0,0,"gonzm101","","",0,0,0,0,0,0,0,0,0,0,0,0,0,"bottj101","F","F","F","F",4,0,0,0,2,0,0,0,0,0,F,F,"1924NY1.EVN.regular.event.csv",3906
"NY1192409130","SLN",8,1,1,0,0,"",2,10,"hartg102","?","hartg102","?","rhemf101","?","rhemf101","?","gonzm101","bottj101","hornr101","coonj103","thevt101","bladr102","doutt101","myerh102","lindf101","","","W.1-2","F","F",2,8,14,"T","F",0,"F","F",0,"F","F",0,"F","F",0,"","F","F","",0,0,"N",0,"N",0,"N",1,2,0,0,"","","","","F","F","F","F","F","F","F","F","F","rhemf101","","","F","F","F","F","F","","","","",0,0,0,0,0,0,0,0,0,80,"NY1","NY1","SLN",1,"F","F",10,2,0,43,2,"T","F",1,3,"F","F","bentj101","grohh101","F","F",4,7,79,0,0,0,0,0,0,"gonzm101","","",0,0,0,0,0,0,0,0,0,0,0,0,0,"","F","F","F","F",4,4,0,0,2,0,0,0,0,0,F,F,"1924NY1.EVN.regular.event.csv",3907
"NY1192409130","SLN",8,1,1,0,0,"",2,10,"bentj101","?","bentj101","?","rhemf101","?","rhemf101","?","gonzm101","bottj101","hornr101","coonj103","thevt101","bladr102","doutt101","myerh102","hartg102","lindf101","","5/L","F","F",1,9,2,"T","T",0,"F","F",1,"F","F",0,"F","F",5,"L","F","F","",0,0,"N",0,"N",0,"N",0,1,2,0,"5","","","","F","F","F","F","F","F","F","F","F","rhemf101","rhemf101","","F","F","F","F","F","","","","",0,5,0,0,0,0,0,0,0,81,"NY1","NY1","SLN",1,"F","F",10,2,0,44,3,"T","F",3,3,"T","T","grohh101","frisf101","F","F",2,8,80,4,7,79,0,0,0,"gonzm101","gonzm101","",0,0,0,0,0,0,0,0,0,0,0,0,0,"coonj103","F","F","F","F",0,4,4,0,2,0,0,0,0,0,F,F,"1924NY1.EVN.regular.event.csv",3908
"NY1192409130","SLN",8,1,2,0,0,"",2,10,"grohh101","?","grohh101","?","rhemf101","?","rhemf101","?","gonzm101","bottj101","hornr101","coonj103","thevt101","bladr102","doutt101","myerh102","hartg102","lindf101","","SB3;SB2","F","F",5,1,4,"F","F",0,"F","F",0,"F","F",0,"F","F",0,"","F","F","",0,0,"N",0,"N",0,"N",0,2,3,0,"","","","","T","T","F","F","F","F","F","F","F","rhemf101","rhemf101","","F","F","F","F","F","","","","",0,0,0,0,0,0,0,0,0,82,"NY1","NY1","SLN",1,"F","F",10,2,0,45,4,"T","F",3,6,"T","T","frisf101","soutb101","F","F",2,8,80,4,7,79,0,0,0,"gonzm101","gonzm101","",0,0,0,0,0,0,0,0,0,0,0,0,0,"","F","F","F","F",0,4,4,0,2,0,0,0,0,0,F,F,"1924NY1.EVN.regular.event.csv",3909
"NY1192409130","SLN",8,1,2,0,0,"",2,10,"grohh101","?","grohh101","?","rhemf101","?","rhemf101","?","gonzm101","bottj101","hornr101","coonj103","thevt101","bladr102","doutt101","myerh102","","hartg102","lindf101","S9/F9LS.3-H;2-H","F","F",5,1,20,"T","T",1,"F","F",0,"F","F",2,"F","F",9,"F","F","F","9LS",0,0,"N",0,"N",0,"N",1,0,4,4,"","","","","F","F","F","F","F","F","F","F","F","","rhemf101","rhemf101","F","F","F","F","F","","","","",0,0,0,0,0,0,0,0,0,83,"NY1","NY1","SLN",1,"F","F",10,2,0,45,4,"F","F",6,1,"T","T","frisf101","soutb101","F","F",0,0,0,2,8,80,4,7,79,"","gonzm101","gonzm101",0,0,0,0,0,0,0,0,0,0,0,0,2,"myerh102","F","F","F","F",0,0,4,4,0,0,0,0,0,0,F,F,"1924NY1.EVN.regular.event.csv",3910
"NY1192409130","SLN",8,1,2,0,0,"",2,12,"frisf101","?","frisf101","?","rhemf101","?","rhemf101","?","gonzm101","bottj101","hornr101","coonj103","thevt101","bladr102","doutt101","myerh102","grohh101","","","6/P","F","F",6,2,2,"T","T",0,"F","F",1,"F","F",0,"F","F",6,"P","F","F","",0,0,"N",0,"N",0,"N",0,1,0,0,"6","","","","F","F","F","F","F","F","F","F","F","rhemf101","","","F","F","F","F","F","","","","",0,6,0,0,0,0,0,0,0,84,"NY1","NY1","SLN",1,"F","T",12,2,2,46,5,"T","F",1,1,"T","T","soutb101","oconj102","F","F",5,1,83,0,0,0,0,0,0,"gonzm101","","",0,0,0,0,0,0,0,0,0,0,0,0,0,"thevt101","F","F","F","F",0,0,0,0,0,0,0,0,0,0,F,F,"1924NY1.EVN.regular.event.csv",3911
"NY1192409130","SLN",9,0,0,0,0,"",2,12,"doutt101","?","doutt101","?","bentj101","?","bentj101","?","hartg102","terrb101","lindf101","grohh101","frisf101","wilsh102","oconj102","soutb101","","","","63","T","F",8,5,2,"T","T",0,"F","F",1,"F","F",0,"F","F",6,"G","F","F","",0,0,"N",0,"N",0,"N",0,0,0,0,"63","","","","F","F","F","F","F","F","F","F","F","","","","F","F","F","F","F","","","","",0,3,0,0,6,0,0,0,0,85,"NY1","SLN","NY1",0,"T","F",2,12,0,31,0,"T","F",0,0,"T","T","coonj103","gonzm101","T","T",0,0,0,0,0,0,0,0,0,"","","",0,0,0,0,0,0,0,0,0,0,0,0,0,"frisf101","F","F","F","F",0,0,0,0,0,0,0,0,0,0,F,F,"1924NY1.EVN.regular.event.csv",3912
"NY1192409130","SLN",9,0,1,0,0,"",2,12,"coonj103","?","coonj103","?","bentj101","?","bentj101","?","hartg102","terrb101","lindf101","grohh101","frisf101","wilsh102","oconj102","soutb101","","","","43","F","F",5,6,2,"T","T",0,"F","F",1,"F","F",0,"F","F",4,"G","F","F","",0,0,"N",0,"N",0,"N",0,0,0,0,"43","","","","F","F","F","F","F","F","F","F","F","","","","F","F","F","F","F","","","","",0,3,0,0,4,0,0,0,0,86,"NY1","SLN","NY1",0,"F","F",2,12,0,32,1,"T","F",0,0,"T","T","gonzm101","thevt101","T","T",0,0,0,0,0,0,0,0,0,"","","",0,0,0,0,0,0,0,0,0,0,0,0,0,"lindf101","F","F","F","F",0,0,0,0,0,0,0,0,0,0,F,F,"1924NY1.EVN.regular.event.csv",3913
"NY1192409130","SLN",9,0,2,0,0,"",2,12,"gonzm101","?","gonzm101","?","bentj101","?","bentj101","?","hartg102","terrb101","lindf101","grohh101","frisf101","wilsh102","oconj102","soutb101","","","","D9","F","F",2,7,21,"T","T",2,"F","F",0,"F","F",0,"F","F",9,"","F","F","",0,0,"N",0,"N",0,"N",2,0,0,0,"","","","","F","F","F","F","F","F","F","F","F","","","","F","F","F","F","F","","","","",0,0,0,0,0,0,0,0,0,87,"NY1","SLN","NY1",0,"F","F",2,12,0,33,2,"T","F",0,2,"T","T","thevt101","myerh102","T","T",0,0,0,0,0,0,0,0,0,"","","",0,0,0,0,0,0,0,0,0,0,0,0,0,"soutb101","F","F","F","F",2,0,0,0,0,0,0,0,0,0,F,F,"1924NY1.EVN.regular.event.csv",3914
"NY1192409130","SLN",9,0,2,0,0,"",2,12,"thevt101","?","thevt101","?","bentj101","?","bentj101","?","hartg102","terrb101","lindf101","grohh101","frisf101","wilsh102","oconj102","soutb101","","gonzm101","","63","F","F",6,8,2,"T","T",0,"F","F",1,"F","F",0,"F","F",6,"G","F","F","",0,0,"N",0,"N",0,"N",0,0,2,0,"63","","","","F","F","F","F","F","F","F","F","F","","bentj101","","F","T","F","F","F","","","","",0,3,0,0,6,0,0,0,0,88,"NY1","SLN","NY1",0,"F","T",2,12,0,34,3,"T","F",2,2,"T","T","myerh102","rhemf101","T","T",0,0,0,2,7,87,0,0,0,"","hartg102","",0,0,0,0,0,0,0,0,0,0,0,0,0,"frisf101","F","F","F","F",0,0,2,0,0,0,0,0,0,0,F,F,"1924NY1.EVN.regular.event.csv",3915
"NY1192409161","CIN",1,0,0,0,0,"",0,0,"crith101","?","crith101","?","mcquh101","?","mcquh101","?","gowdh101","terrb101","frisf101","grohh101","jackt101","wilsh102","kellg101","younr101","","","","2/P","T","F",4,1,2,"T","T",0,"F","F",1,"F","F",0,"F","F",2,"P","F","F","",0,0,"N",0,"N",0,"N",0,0,0,0,"2","","","","F","F","F","F","F","F","F","F","F","","","","T","F","F","F","F","","","","",0,2,0,0,0,0,0,0,0,1,"NY1","CIN","NY1",0,"T","F",0,0,0,0,0,"T","F",0,0,"T","T","daubj101","rouse101","T","T",0,0,0,0,0,0,0,0,0,"","","",0,0,0,0,0,0,0,0,0,0,0,0,0,"gowdh101","F","F","F","F",0,0,0,0,0,0,0,0,0,0,F,F,"1924NY1.EVN.regular.event.csv",3916
"NY1192409161","CIN",1,0,1,0,0,"",0,0,"daubj101","?","daubj101","?","mcquh101","?","mcquh101","?","gowdh101","terrb101","frisf101","grohh101","jackt101","wilsh102","kellg101","younr101","","","","S","F","F",3,2,20,"T","T",1,"F","F",0,"F","F",0,"F","F",0,"","F","F","",0,0,"N",0,"N",0,"N",1,0,0,0,"","","","","F","F","F","F","F","F","F","F","F","","","","F","F","F","F","F","","","","",0,0,0,0,0,0,0,0,0,2,"NY1","CIN","NY1",0,"F","F",0,0,0,1,1,"T","F",0,1,"T","T","rouse101","walkc101","T","T",0,0,0,0,0,0,0,0,0,"","","",0,0,0,0,0,0,0,0,0,0,0,0,0,"","F","F","F","F",0,0,0,0,0,0,0,0,0,0,F,F,"1924NY1.EVN.regular.event.csv",3917
"NY1192409161","CIN",1,0,1,0,0,"",0,0,"rouse101","?","rouse101","?","mcquh101","?","mcquh101","?","gowdh101","terrb101","frisf101","grohh101","jackt101","wilsh102","kellg101","younr101","daubj101","","","64(1)/FO","F","F",8,3,2,"T","T",0,"F","F",1,"F","F",0,"F","F",6,"G","F","F","",0,0,"N",0,"N",0,"N",1,0,0,0,"","64","","","F","F","F","F","F","F","F","F","F","mcquh101","","","F","F","F","F","F","","","","",0,4,0,0,6,0,0,0,0,3,"NY1","CIN","NY1",0,"F","F",0,0,0,2,2,"T","F",1,1,"T","T","walkc101","bresr101","T","T",3,2,2,0,0,0,0,0,0,"gowdh101","","",0,0,0,0,0,0,0,0,0,0,0,0,0,"jackt101","T","F","F","F",0,0,0,0,0,0,0,0,0,0,F,F,"1924NY1.EVN.regular.event.csv",3918
"NY1192409161","CIN",1,0,2,0,0,"",0,0,"walkc101","?","walkc101","?","mcquh101","?","mcquh101","?","gowdh101","terrb101","frisf101","grohh101","jackt101","wilsh102","kellg101","younr101","rouse101","","","CS2(26)","F","F",9,4,6,"F","F",0,"F","F",1,"F","F",0,"F","F",0,"","F","F","",0,0,"N",0,"N",0,"N",0,0,0,0,"","26","","","F","F","F","T","F","F","F","F","F","mcquh101","","","F","F","F","F","F","","","","",0,6,0,0,2,0,0,0,0,4,"NY1","CIN","NY1",0,"F","T",0,0,0,3,3,"T","T",1,0,"T","T","bresr101","pineb101","T","T",8,3,3,0,0,0,0,0,0,"gowdh101","","",0,0,0,0,0,0,0,0,0,0,0,0,0,"","F","F","F","F",0,0,0,0,0,0,0,0,0,0,F,F,"1924NY1.EVN.regular.event.csv",3919
"NY1192409161","CIN",1,1,0,0,0,"",0,0,"grohh101","?","grohh101","?","maysc101","?","maysc101","?","wingi101","daubj101","crith101","pineb101","bohns101","bresr101","rouse101","walkc101","","","","K","T","F",5,1,3,"T","T",0,"F","F",1,"F","F",0,"F","F",0,"","F","F","",0,0,"N",0,"N",0,"N",0,0,0,0,"2","","","","F","F","F","F","F","F","F","F","F","","","","F","F","F","F","F","","","","",0,2,0,0,0,0,0,0,0,5,"NY1","NY1","CIN",1,"T","F",0,0,0,0,0,"T","F",0,0,"T","T","frisf101","younr101","T","T",0,0,0,0,0,0,0,0,0,"","","",0,0,0,0,0,0,0,0,0,0,0,0,0,"","F","F","F","F",0,0,0,0,0,0,0,0,0,0,F,F,"1924NY1.EVN.regular.event.csv",3920
"NY1192409161","CIN",1,1,1,0,0,"",0,0,"frisf101","?","frisf101","?","maysc101","?","maysc101","?","wingi101","daubj101","crith101","pineb101","bohns101","bresr101","rouse101","walkc101","","","","9/F","F","F",4,2,2,"T","T",0,"F","F",1,"F","F",0,"F","F",9,"F","F","F","",0,0,"N",0,"N",0,"N",0,0,0,0,"9","","","","F","F","F","F","F","F","F","F","F","","","","F","F","F","F","F","","","","",0,9,0,0,0,0,0,0,0,6,"NY1","NY1","CIN",1,"F","F",0,0,0,1,1,"T","F",0,0,"T","T","younr101","kellg101","T","T",0,0,0,0,0,0,0,0,0,"","","",0,0,0,0,0,0,0,0,0,0,0,0,0,"walkc101","F","F","F","F",0,0,0,0,0,0,0,0,0,0,F,F,"1924NY1.EVN.regular.event.csv",3921
"NY1192409161","CIN",1,1,2,0,0,"",0,0,"younr101","?","younr101","?","maysc101","?","maysc101","?","wingi101","daubj101","crith101","pineb101","bohns101","bresr101","rouse101","walkc101","","","","S","F","F",9,3,20,"T","T",1,"F","F",0,"F","F",0,"F","F",0,"","F","F","",0,0,"N",0,"N",0,"N",1,0,0,0,"","","","","F","F","F","F","F","F","F","F","F","","","","F","F","F","F","F","","","","",0,0,0,0,0,0,0,0,0,7,"NY1","NY1","CIN",1,"F","F",0,0,0,2,2,"T","F",0,1,"T","T","kellg101","terrb101","T","T",0,0,0,0,0,0,0,0,0,"","","",0,0,0,0,0,0,0,0,0,0,0,0,0,"","F","F","F","F",0,0,0,0,0,0,0,0,0,0,F,F,"1924NY1.EVN.regular.event.csv",3922
"NY1192409161","CIN",1,1,2,0,0,"",0,0,"kellg101","?","kellg101","?","maysc101","?","maysc101","?","wingi101","daubj101","crith101","pineb101","bohns101","bresr101","rouse101","walkc101","younr101","","","46(1)/FO","F","F",8,4,2,"T","T",0,"F","F",1,"F","F",0,"F","F",4,"G","F","F","",0,0,"N",0,"N",0,"N",1,0,0,0,"","46","","","F","F","F","F","F","F","F","F","F","maysc101","","","F","F","F","F","F","","","","",0,6,0,0,4,0,0,0,0,8,"NY1","NY1","CIN",1,"F","T",0,0,0,3,3,"T","F",1,1,"T","T","terrb101","wilsh102","T","T",9,3,7,0,0,0,0,0,0,"wingi101","","",0,0,0,0,0,0,0,0,0,0,0,0,0,"crith101","T","F","F","F",0,0,0,0,0,0,0,0,0,0,F,F,"1924NY1.EVN.regular.event.csv",3923
"NY1192409161","CIN",2,0,0,0,0,"",0,0,"walkc101","?","walkc101","?","mcquh101","?","mcquh101","?","gowdh101","terrb101","frisf101","grohh101","jackt101","wilsh102","kellg101","younr101","","","","7/F","T","F",9,4,2,"T","T",0,"F","F",1,"F","F",0,"F","F",7,"F","F","F","",0,0,"N",0,"N",0,"N",0,0,0,0,"7","","","","F","F","F","F","F","F","F","F","F","","","","F","F","F","F","F","","","","",0,7,0,0,0,0,0,0,0,9,"NY1","CIN","NY1",0,"T","F",0,0,0,3,0,"T","F",0,0,"T","T","bresr101","pineb101","T","T",0,0,0,0,0,0,0,0,0,"","","",0,0,0,0,0,0,0,0,0,0,0,0,0,"wilsh102","F","F","F","F",0,0,0,0,0,0,0,0,0,0,F,F,"1924NY1.EVN.regular.event.csv",3924
"NY1192409161","CIN",2,0,1,0,0,"",0,0,"bresr101","?","bresr101","?","mcquh101","?","mcquh101","?","gowdh101","terrb101","frisf101","grohh101","jackt101","wilsh102","kellg101","younr101","","","","S","F","F",7,5,20,"T","T",1,"F","F",0,"F","F",0,"F","F",0,"","F","F","",0,0,"N",0,"N",0,"N",1,0,0,0,"","","","","F","F","F","F","F","F","F","F","F","","","","F","F","F","F","F","","","","",0,0,0,0,0,0,0,0,0,10,"NY1","CIN","NY1",0,"F","F",0,0,0,4,1,"T","F",0,1,"T","T","pineb101","bohns101","T","T",0,0,0,0,0,0,0,0,0,"","","",0,0,0,0,0,0,0,0,0,0,0,0,0,"","F","F","F","F",0,0,0,0,0,0,0,0,0,0,F,F,"1924NY1.EVN.regular.event.csv",3925
"NY1192409161","CIN",2,0,1,0,0,"",0,0,"pineb101","?","pineb101","?","mcquh101","?","mcquh101","?","gowdh101","terrb101","frisf101","grohh101","jackt101","wilsh102","kellg101","younr101","bresr101","","","S.1-2#","F","F",5,6,20,"T","T",1,"F","F",0,"F","F",0,"F","F",0,"","F","F","",0,0,"N",0,"N",0,"N",1,2,0,0,"","","","","F","F","F","F","F","F","F","F","F","mcquh101","","","F","F","F","F","F","","","","",0,0,0,0,0,0,0,0,0,11,"NY1","CIN","NY1",0,"F","F",0,0,0,5,2,"T","F",1,3,"T","T","bohns101","wingi101","T","T",7,5,10,0,0,0,0,0,0,"gowdh101","","",0,0,0,0,0,0,0,0,0,0,0,0,0,"","F","F","F","F",0,0,0,0,0,0,0,0,0,0,F,T,"1924NY1.EVN.regular.event.csv",3926
"NY1192409161","CIN",2,0,1,0,0,"",0,0,"bohns101","?","bohns101","?","mcquh101","?","mcquh101","?","gowdh101","terrb101","frisf101","grohh101","jackt101","wilsh102","kellg101","younr101","pineb101","bresr101","","8/F","F","F",6,7,2,"T","T",0,"F","F",1,"F","F",0,"F","F",8,"F","F","F","",0,0,"N",0,"N",0,"N",0,1,2,0,"8","","","","F","F","F","F","F","F","F","F","F","mcquh101","mcquh101","","F","F","F","F","F","","","","",0,8,0,0,0,0,0,0,0,12,"NY1","CIN","NY1",0,"F","F",0,0,0,6,3,"T","F",3,3,"T","T","wingi101","maysc101","T","T",5,6,11,7,5,10,0,0,0,"gowdh101","gowdh101","",0,0,0,0,0,0,0,0,0,0,0,0,0,"kellg101","F","F","F","F",0,0,0,0,0,0,0,0,0,0,F,F,"1924NY1.EVN.regular.event.csv",3927
"NY1192409161","CIN",2,0,2,0,0,"",0,0,"wingi101","?","wingi101","?","mcquh101","?","mcquh101","?","gowdh101","terrb101","frisf101","grohh101","jackt101","wilsh102","kellg101","younr101","pineb101","bresr101","","S9.2XH(92);1-2","F","F",2,8,20,"T","T",1,"F","F",1,"F","F",0,"F","F",9,"","F","F","",0,0,"N",0,"N",0,"N",1,2,0,0,"","","92","","F","F","F","F","F","F","F","F","F","mcquh101","mcquh101","","F","F","F","F","F","","","","",0,2,0,0,9,0,0,0,0,13,"NY1","CIN","NY1",0,"F","T",0,0,0,7,4,"T","F",3,3,"T","T","maysc101","crith101","T","T",5,6,11,7,5,10,0,0,0,"gowdh101","gowdh101","",0,0,0,0,0,0,0,0,0,0,0,0,0,"younr101","F","F","F","F",0,0,0,0,0,0,0,0,0,0,F,F,"1924NY1.EVN.regular.event.csv",3928
"NY1192409161","CIN",2,1,0,0,0,"",0,0,"terrb101","?","terrb101","?","maysc101","?","maysc101","?","wingi101","daubj101","crith101","pineb101","bohns101","bresr101","rouse101","walkc101","","","","13","T","F",3,5,2,"T","T",0,"F","F",1,"F","F",0,"F","F",1,"G","F","F","",0,0,"N",0,"N",0,"N",0,0,0,0,"13","","","","F","F","F","F","F","F","F","F","F","","","","F","F","F","F","F","","","","",0,3,0,0,1,0,0,0,0,14,"NY1","NY1","CIN",1,"T","F",0,0,0,4,0,"T","F",0,0,"T","T","wilsh102","jackt101","T","T",0,0,0,0,0,0,0,0,0,"","","",0,0,0,0,0,0,0,0,0,0,0,0,0,"maysc101","F","F","F","F",0,0,0,0,0,0,0,0,0,0,F,F,"1924NY1.EVN.regular.event.csv",3929
"NY1192409161","CIN",2,1,1,0,0,"",0,0,"wilsh102","?","wilsh102","?","maysc101","?","maysc101","?","wingi101","daubj101","crith101","pineb101","bohns101","bresr101","rouse101","walkc101","","","","6/L","F","F",7,6,2,"T","T",0,"F","F",1,"F","F",0,"F","F",6,"L","F","F","",0,0,"N",0,"N",0,"N",0,0,0,0,"6","","","","F","F","F","F","F","F","F","F","F","","","","F","F","F","F","F","","","","",0,6,0,0,0,0,0,0,0,15,"NY1","NY1","CIN",1,"F","F",0,0,0,5,1,"T","F",0,0,"T","T","jackt101","gowdh101","T","T",0,0,0,0,0,0,0,0,0,"","","",0,0,0,0,0,0,0,0,0,0,0,0,0,"bohns101","F","F","F","F",0,0,0,0,0,0,0,0,0,0,F,F,"1924NY1.EVN.regular.event.csv",3930
"NY1192409161","CIN",2,1,2,0,0,"",0,0,"jackt101","?","jackt101","?","maysc101","?","maysc101","?","wingi101","daubj101","crith101","pineb101","bohns101","bresr101","rouse101","walkc101","","","","63","F","F",6,7,2,"T","T",0,"F","F",1,"F","F",0,"F","F",6,"G","F","F","",0,0,"N",0,"N",0,"N",0,0,0,0,"63","","","","F","F","F","F","F","F","F","F","F","","","","F","F","F","F","F","","","","",0,3,0,0,6,0,0,0,0,16,"NY1","NY1","CIN",1,"F","T",0,0,0,6,2,"T","F",0,0,"T","T","gowdh101","mcquh101","T","T",0,0,0,0,0,0,0,0,0,"","","",0,0,0,0,0,0,0,0,0,0,0,0,0,"bohns101","F","F","F","F",0,0,0,0,0,0,0,0,0,0,F,F,"1924NY1.EVN.regular.event.csv",3931
"NY1192409161","CIN",3,0,0,0,0,"",0,0,"maysc101","?","maysc101","?","mcquh101","?","mcquh101","?","gowdh101","terrb101","frisf101","grohh101","jackt101","wilsh102","kellg101","younr101","","","","43","T","F",1,9,2,"T","T",0,"F","F",1,"F","F",0,"F","F",4,"G","F","F","",0,0,"N",0,"N",0,"N",0,0,0,0,"43","","","","F","F","F","F","F","F","F","F","F","","","","F","F","F","F","F","","","","",0,3,0,0,4,0,0,0,0,17,"NY1","CIN","NY1",0,"T","F",0,0,0,8,0,"T","F",0,0,"T","T","crith101","daubj101","T","T",0,0,0,0,0,0,0,0,0,"","","",0,0,0,0,0,0,0,0,0,0,0,0,0,"frisf101","F","F","F","F",0,0,0,0,0,0,0,0,0,0,F,F,"1924NY1.EVN.regular.event.csv",3932
"NY1192409161","CIN",3,0,1,0,0,"",0,0,"crith101","?","crith101","?","mcquh101","?","mcquh101","?","gowdh101","terrb101","frisf101","grohh101","jackt101","wilsh102","kellg101","younr101","","","","S4.B-2(E4)","F","F",4,1,20,"T","T",1,"F","F",0,"F","F",0,"F","F",4,"","F","F","",1,4,"F",0,"N",0,"N",2,0,0,0,"","","","","F","F","F","F","F","F","F","F","F","","","","F","F","F","F","F","","","","",0,0,0,0,0,0,0,0,0,18,"NY1","CIN","NY1",0,"F","F",0,0,0,9,1,"T","F",0,2,"T","T","daubj101","rouse101","T","T",0,0,0,0,0,0,0,0,0,"","","",0,0,0,0,0,0,0,0,0,0,0,0,0,"frisf101","F","F","F","F",0,0,0,0,0,0,0,0,0,0,F,F,"1924NY1.EVN.regular.event.csv",3933
"NY1192409161","CIN",3,0,1,0,0,"",0,0,"daubj101","?","daubj101","?","mcquh101","?","mcquh101","?","gowdh101","terrb101","frisf101","grohh101","jackt101","wilsh102","kellg101","younr101","","crith101","","8/F","F","F",3,2,2,"T","T",0,"F","F",1,"F","F",0,"F","F",8,"F","F","F","",0,0,"N",0,"N",0,"N",0,0,2,0,"8","","","","F","F","F","F","F","F","F","F","F","","mcquh101","","F","F","F","F","F","","","","",0,8,0,0,0,0,0,0,0,19,"NY1","CIN","NY1",0,"F","F",0,0,0,10,2,"T","F",2,2,"T","T","rouse101","walkc101","T","T",0,0,0,4,1,18,0,0,0,"","gowdh101","",0,0,0,0,0,0,0,0,0,0,0,0,0,"kellg101","F","F","F","F",0,0,0,0,0,0,0,0,0,0,F,F,"1924NY1.EVN.regular.event.csv",3934
"NY1192409161","CIN",3,0,2,0,0,"",0,0,"rouse101","?","rouse101","?","mcquh101","?","mcquh101","?","gowdh101","terrb101","frisf101","grohh101","jackt101","wilsh102","kellg101","younr101","","crith101","","43","F","F",8,3,2,"T","T",0,"F","F",1,"F","F",0,"F","F",4,"G","F","F","",0,0,"N",0,"N",0,"N",0,0,2,0,"43","","","","F","F","F","F","F","F","F","F","F","","mcquh101","","F","F","F","F","F","","","","",0,3,0,0,4,0,0,0,0,20,"NY1","CIN","NY1",0,"F","T",0,0,0,11,3,"T","F",2,2,"T","T","walkc101","bresr101","T","T",0,0,0,4,1,18,0,0,0,"","gowdh101","",0,0,0,0,0,0,0,0,0,0,0,0,0,"frisf101","F","F","F","F",0,0,0,0,0,0,0,0,0,0,F,F,"1924NY1.EVN.regular.event.csv",3935
"NY1192409161","CIN",3,1,0,0,0,"",0,0,"gowdh101","?","gowdh101","?","maysc101","?","maysc101","?","wingi101","daubj101","crith101","pineb101","bohns101","bresr101","rouse101","walkc101","","","","W","T","F",2,8,14,"T","F",0,"F","F",0,"F","F",0,"F","F",0,"","F","F","",0,0,"N",0,"N",0,"N",1,0,0,0,"","","","","F","F","F","F","F","F","F","F","F","","","","F","F","F","F","F","","","","",0,0,0,0,0,0,0,0,0,21,"NY1","NY1","CIN",1,"T","F",0,0,0,7,0,"T","F",0,1,"T","T","mcquh101","grohh101","T","T",0,0,0,0,0,0,0,0,0,"","","",0,0,0,0,0,0,0,0,0,0,0,0,0,"","F","F","F","F",0,0,0,0,4,0,0,0,0,0,F,F,"1924NY1.EVN.regular.event.csv",3936
"NY1192409161","CIN",3,1,0,0,0,"",0,0,"mcquh101","?","mcquh101","?","maysc101","?","maysc101","?","wingi101","daubj101","crith101","pineb101","bohns101","bresr101","rouse101","walkc101","gowdh101","","","S/G6.1-2","F","F",1,9,20,"T","T",1,"F","F",0,"F","F",0,"F","F",0,"G","F","F","6",0,0,"N",0,"N",0,"N",1,2,0,0,"","","","","F","F","F","F","F","F","F","F","F","maysc101","","","F","F","F","F","F","","","","",0,0,0,0,0,0,0,0,0,22,"NY1","NY1","CIN",1,"F","F",0,0,0,8,1,"T","F",1,3,"T","T","grohh101","frisf101","T","T",2,8,21,0,0,0,0,0,0,"wingi101","","",0,0,0,0,0,0,0,0,0,0,0,0,0,"","F","F","F","F",4,0,0,0,4,0,0,0,0,0,F,F,"1924NY1.EVN.regular.event.csv",3937
"NY1192409161","CIN",3,1,0,0,0,"",0,0,"grohh101","?","grohh101","?","maysc101","?","maysc101","?","wingi101","daubj101","crith101","pineb101","bohns101","bresr101","rouse101","walkc101","mcquh101","gowdh101","","S9.2-3;1-2","F","F",5,1,20,"T","T",1,"F","F",0,"F","F",0,"F","F",9,"","F","F","",0,0,"N",0,"N",0,"N",1,2,3,0,"","","","","F","F","F","F","F","F","F","F","F","maysc101","maysc101","","F","F","F","F","F","","","","",0,0,0,0,0,0,0,0,0,23,"NY1","NY1","CIN",1,"F","F",0,0,0,9,2,"T","F",3,7,"T","T","frisf101","younr101","T","T",1,9,22,2,8,21,0,0,0,"wingi101","wingi101","",0,0,0,0,0,0,0,0,0,0,0,0,0,"walkc101","F","F","F","F",4,4,0,0,4,0,0,0,0,0,F,F,"1924NY1.EVN.regular.event.csv",3938
"NY1192409161","CIN",3,1,0,0,0,"",0,0,"frisf101","?","frisf101","?","maysc101","?","maysc101","?","wingi101","daubj101","crith101","pineb101","bohns101","bresr101","rouse101","walkc101","grohh101","mcquh101","gowdh101","42(3)/FO.2-3;1-2","F","F",4,2,2,"T","T",0,"F","F",1,"F","F",0,"F","F",4,"G","F","F","",0,0,"N",0,"N",0,"N",1,2,3,0,"","","","42","F","F","F","F","F","F","F","F","F","maysc101","maysc101","maysc101","F","F","F","F","F","","","","",0,2,0,0,4,0,0,0,0,24,"NY1","NY1","CIN",1,"F","F",0,0,0,10,3,"T","F",7,7,"T","T","younr101","kellg101","T","T",5,1,23,1,9,22,2,8,21,"wingi101","wingi101","wingi101",0,0,0,0,0,0,0,0,0,0,0,0,0,"crith101","F","F","T","F",4,4,4,0,4,0,0,0,0,0,F,F,"1924NY1.EVN.regular.event.csv",3939
"NY1192409161","CIN",3,1,1,0,0,"",0,0,"younr101","?","younr101","?","maysc101","?","maysc101","?","wingi101","daubj101","crith101","pineb101","bohns101","bresr101","rouse101","walkc101","frisf101","grohh101","mcquh101","S8.3-H;2-H;1-3","F","F",9,3,20,"T","T",1,"F","F",0,"F","F",2,"F","F",8,"","F","F","",0,0,"N",0,"N",0,"N",1,3,4,4,"","","","","F","F","F","F","F","F","F","F","F","maysc101","maysc101","maysc101","F","F","F","F","F","","","","",0,0,0,0,0,0,0,0,0,25,"NY1","NY1","CIN",1,"F","F",0,0,0,11,4,"T","F",7,5,"T","T","kellg101","terrb101","T","T",4,2,24,5,1,23,1,9,22,"wingi101","wingi101","wingi101",0,0,0,0,0,0,0,0,0,0,0,0,2,"rouse101","F","F","F","F",4,4,4,4,2,0,0,0,0,0,F,F,"1924NY1.EVN.regular.event.csv",3940
"NY1192409161","CIN",3,1,1,0,0,"",0,2,"kellg101","?","kellg101","?","maysc101","?","maysc101","?","wingi101","daubj101","crith101","pineb101","bohns101","bresr101","rouse101","walkc101","younr101","","frisf101","13.1-2","F","F",8,4,2,"T","T",0,"F","F",1,"F","F",0,"F","F",1,"G","F","F","",0,0,"N",0,"N",0,"N",0,2,0,3,"13","","","","F","F","F","F","F","F","F","F","F","maysc101","","maysc101","F","F","F","F","F","","","","",0,3,0,0,1,0,0,0,0,26,"NY1","NY1","CIN",1,"F","F",2,0,2,12,5,"T","F",5,6,"T","T","terrb101","wilsh102","T","T",9,3,25,0,0,0,4,2,24,"wingi101","","wingi101",0,0,0,0,0,0,0,0,0,0,0,0,0,"maysc101","F","F","F","F",0,4,0,4,2,0,0,0,0,0,F,F,"1924NY1.EVN.regular.event.csv",3941
"NY1192409161","CIN",3,1,2,0,0,"",0,2,"terrb101","?","terrb101","?","maysc101","?","maysc101","?","wingi101","daubj101","crith101","pineb101","bohns101","bresr101","rouse101","walkc101","","younr101","frisf101","S6/G56.3-H;2-H","F","F",3,5,20,"T","T",1,"F","F",0,"F","F",2,"F","F",6,"G","F","F","56",0,0,"N",0,"N",0,"N",1,0,4,4,"","","","","F","F","F","F","F","F","F","F","F","","maysc101","maysc101","F","F","F","F","F","","","","",0,0,0,0,0,0,0,0,0,27,"NY1","NY1","CIN",1,"F","F",2,0,2,13,6,"T","F",6,1,"T","T","wilsh102","jackt101","T","T",0,0,0,9,3,25,4,2,24,"","wingi101","wingi101",0,0,0,0,0,0,0,0,0,0,0,0,2,"bohns101","F","F","F","F",0,0,4,4,0,0,0,0,0,0,F,F,"1924NY1.EVN.regular.event.csv",3942
"NY1192409161","CIN",3,1,2,0,0,"",0,4,"wilsh102","?","wilsh102","?","maysc101","?","maysc101","?","wingi101","daubj101","crith101","pineb101","bohns101","bresr101","rouse101","walkc101","terrb101","","","63","F","F",7,6,2,"T","T",0,"F","F",1,"F","F",0,"F","F",6,"G","F","F","",0,0,"N",0,"N",0,"N",0,1,0,0,"63","","","","F","F","F","F","F","F","F","F","F","maysc101","","","F","F","F","F","F","","","","",0,3,0,0,6,0,0,0,0,28,"NY1","NY1","CIN",1,"F","T",4,0,4,14,7,"T","F",1,1,"T","T","jackt101","gowdh101","T","T",3,5,27,0,0,0,0,0,0,"wingi101","","",0,0,0,0,0,0,0,0,0,0,0,0,0,"bohns101","F","F","F","F",0,0,0,0,0,0,0,0,0,0,F,F,"1924NY1.EVN.regular.event.csv",3943
"NY1192409161","CIN",4,0,0,0,0,"",0,4,"walkc101","?","walkc101","?","mcquh101","?","mcquh101","?","gowdh101","terrb101","frisf101","grohh101","jackt101","wilsh102","kellg101","younr101","","","","S","T","F",9,4,20,"T","T",1,"F","F",0,"F","F",0,"F","F",0,"","F","F","",0,0,"N",0,"N",0,"N",1,0,0,0,"","","","","F","F","F","F","F","F","F","F","F","","","","F","F","F","F","F","","","","",0,0,0,0,0,0,0,0,0,29,"NY1","CIN","NY1",0,"T","F",0,4,0,12,0,"T","F",0,1,"T","T","bresr101","pineb101","T","T",0,0,0,0,0,0,0,0,0,"","","",0,0,0,0,0,0,0,0,0,0,0,0,0,"","F","F","F","F",0,0,0,0,0,0,0,0,0,0,F,F,"1924NY1.EVN.regular.event.csv",3944
"NY1192409161","CIN",4,0,0,0,0,"",0,4,"bresr101","?","bresr101","?","mcquh101","?","mcquh101","?","gowdh101","terrb101","frisf101","grohh101","jackt101","wilsh102","kellg101","younr101","walkc101","","","64(1)/FO","F","F",7,5,2,"T","T",0,"F","F",1,"F","F",0,"F","F",6,"G","F","F","",0,0,"N",0,"N",0,"N",1,0,0,0,"","64","","","F","F","F","F","F","F","F","F","F","mcquh101","","","F","F","F","F","F","","","","",0,4,0,0,6,0,0,0,0,30,"NY1","CIN","NY1",0,"F","F",0,4,0,13,1,"T","F",1,1,"T","T","pineb101","bohns101","T","T",9,4,29,0,0,0,0,0,0,"gowdh101","","",0,0,0,0,0,0,0,0,0,0,0,0,0,"jackt101","T","F","F","F",0,0,0,0,0,0,0,0,0,0,F,F,"1924NY1.EVN.regular.event.csv",3945
"NY1192409161","CIN",4,0,1,0,0,"",0,4,"pineb101","?","pineb101","?","mcquh101","?","mcquh101","?","gowdh101","terrb101","frisf101","grohh101","jackt101","wilsh102","kellg101","younr101","bresr101","","","S.1-2#","F","F",5,6,20,"T","T",1,"F","F",0,"F","F",0,"F","F",0,"","F","F","",0,0,"N",0,"N",0,"N",1,2,0,0,"","","","","F","F","F","F","F","F","F","F","F","mcquh101","","","F","F","F","F","F","","","","",0,0,0,0,0,0,0,0,0,31,"NY1","CIN","NY1",0,"F","F",0,4,0,14,2,"T","F",1,3,"T","T","bohns101","wingi101","T","T",7,5,30,0,0,0,0,0,0,"gowdh101","","",0,0,0,0,0,0,0,0,0,0,0,0,0,"","F","F","F","F",0,0,0,0,0,0,0,0,0,0,F,T,"1924NY1.EVN.regular.event.csv",3946
"NY1192409161","CIN",4,0,1,0,0,"",0,4,"bohns101","?","bohns101","?","mcquh101","?","mcquh101","?","gowdh101","terrb101","frisf101","grohh101","jackt101","wilsh102","kellg101","younr101","pineb101","bresr101","","64(1)3/GDP","F","F",6,7,2,"T","T",0,"F","F",2,"T","F",0,"F","F",6,"G","F","F","",0,0,"N",0,"N",0,"N",0,0,2,0,"43","64","","","F","F","F","F","F","F","F","F","F","mcquh101","mcquh101","","F","F","F","F","F","","","","",0,4,3,0,6,4,0,0,0,32,"NY1","CIN","NY1",0,"F","T",0,4,0,15,3,"T","F",3,2,"T","T","wingi101","maysc101","T","T",5,6,31,7,5,30,0,0,0,"gowdh101","gowdh101","",0,0,0,0,0,0,0,0,0,0,0,0,0,"jackt101","T","F","F","F",0,0,0,0,0,0,0,0,0,0,F,F,"1924NY1.EVN.regular.event.csv",3947
"NY1192409161","CIN",4,1,0,0,0,"",0,4,"jackt101","?","jackt101","?","maysc101","?","maysc101","?","wingi101","daubj101","crith101","pineb101","bohns101","bresr101","rouse101","walkc101","","","","K","T","F",6,7,3,"T","T",0,"F","F",1,"F","F",0,"F","F",0,"","F","F","",0,0,"N",0,"N",0,"N",0,0,0,0,"2","","","","F","F","F","F","F","F","F","F","F","","","","F","F","F","F","F","","","","",0,2,0,0,0,0,0,0,0,33,"NY1","NY1","CIN",1,"T","F",4,0,0,15,0,"T","F",0,0,"T","T","gowdh101","mcquh101","T","T",0,0,0,0,0,0,0,0,0,"","","",0,0,0,0,0,0,0,0,0,0,0,0,0,"","F","F","F","F",0,0,0,0,0,0,0,0,0,0,F,F,"1924NY1.EVN.regular.event.csv",3948
"NY1192409161","CIN",4,1,1,0,0,"",0,4,"gowdh101","?","gowdh101","?","maysc101","?","maysc101","?","wingi101","daubj101","crith101","pineb101","bohns101","bresr101","rouse101","walkc101","","","","8/F","F","F",2,8,2,"T","T",0,"F","F",1,"F","F",0,"F","F",8,"F","F","F","",0,0,"N",0,"N",0,"N",0,0,0,0,"8","","","","F","F","F","F","F","F","F","F","F","","","","F","F","F","F","F","","","","",0,8,0,0,0,0,0,0,0,34,"NY1","NY1","CIN",1,"F","F",4,0,0,16,1,"T","F",0,0,"T","T","mcquh101","grohh101","T","T",0,0,0,0,0,0,0,0,0,"","","",0,0,0,0,0,0,0,0,0,0,0,0,0,"rouse101","F","F","F","F",0,0,0,0,0,0,0,0,0,0,F,F,"1924NY1.EVN.regular.event.csv",3949
"NY1192409161","CIN",4,1,2,0,0,"",0,4,"mcquh101","?","mcquh101","?","maysc101","?","maysc101","?","wingi101","daubj101","crith101","pineb101","bohns101","bresr101","rouse101","walkc101","","","","43","F","F",1,9,2,"T","T",0,"F","F",1,"F","F",0,"F","F",4,"G","F","F","",0,0,"N",0,"N",0,"N",0,0,0,0,"43","","","","F","F","F","F","F","F","F","F","F","","","","F","F","F","F","F","","","","",0,3,0,0,4,0,0,0,0,35,"NY1","NY1","CIN",1,"F","T",4,0,0,17,2,"T","F",0,0,"T","T","grohh101","frisf101","T","T",0,0,0,0,0,0,0,0,0,"","","",0,0,0,0,0,0,0,0,0,0,0,0,0,"crith101","F","F","F","F",0,0,0,0,0,0,0,0,0,0,F,F,"1924NY1.EVN.regular.event.csv",3950
"NY1192409161","CIN",5,0,0,0,0,"",0,4,"wingi101","?","wingi101","?","mcquh101","?","mcquh101","?","gowdh101","terrb101","frisf101","grohh101","jackt101","wilsh102","kellg101","younr101","","","","S","T","F",2,8,20,"T","T",1,"F","F",0,"F","F",0,"F","F",0,"","F","F","",0,0,"N",0,"N",0,"N",1,0,0,0,"","","","","F","F","F","F","F","F","F","F","F","","","","F","F","F","F","F","","","","",0,0,0,0,0,0,0,0,0,36,"NY1","CIN","NY1",0,"T","F",0,4,0,16,0,"T","F",0,1,"T","T","maysc101","crith101","T","T",0,0,0,0,0,0,0,0,0,"","","",0,0,0,0,0,0,0,0,0,0,0,0,0,"","F","F","F","F",0,0,0,0,0,0,0,0,0,0,F,F,"1924NY1.EVN.regular.event.csv",3951
"NY1192409161","CIN",5,0,0,0,0,"",0,4,"maysc101","?","maysc101","?","mcquh101","?","mcquh101","?","gowdh101","terrb101","frisf101","grohh101","jackt101","wilsh102","kellg101","younr101","wingi101","","","46(1)3/GDP","F","F",1,9,2,"T","T",0,"F","F",2,"T","F",0,"F","F",4,"G","F","F","",0,0,"N",0,"N",0,"N",0,0,0,0,"63","46","","","F","F","F","F","F","F","F","F","F","mcquh101","","","F","F","F","F","F","","","","",0,6,3,0,4,6,0,0,0,37,"NY1","CIN","NY1",0,"F","F",0,4,0,17,1,"T","F",1,0,"T","T","crith101","daubj101","T","T",2,8,36,0,0,0,0,0,0,"gowdh101","","",0,0,0,0,0,0,0,0,0,0,0,0,0,"frisf101","T","F","F","F",0,0,0,0,0,0,0,0,0,0,F,F,"1924NY1.EVN.regular.event.csv",3952
"NY1192409161","CIN",5,0,2,0,0,"",0,4,"crith101","?","crith101","?","mcquh101","?","mcquh101","?","gowdh101","terrb101","frisf101","grohh101","jackt101","wilsh102","kellg101","younr101","","","","D","F","F",4,1,21,"T","T",2,"F","F",0,"F","F",0,"F","F",0,"","F","F","",0,0,"N",0,"N",0,"N",2,0,0,0,"","","","","F","F","F","F","F","F","F","F","F","","","","F","F","F","F","F","","","","",0,0,0,0,0,0,0,0,0,38,"NY1","CIN","NY1",0,"F","F",0,4,0,18,2,"T","F",0,2,"T","T","daubj101","rouse101","T","T",0,0,0,0,0,0,0,0,0,"","","",0,0,0,0,0,0,0,0,0,0,0,0,0,"","F","F","F","F",0,0,0,0,0,0,0,0,0,0,F,F,"1924NY1.EVN.regular.event.csv",3953
"NY1192409161","CIN",5,0,2,0,0,"",0,4,"daubj101","?","daubj101","?","mcquh101","?","mcquh101","?","gowdh101","terrb101","frisf101","grohh101","jackt101","wilsh102","kellg101","younr101","","crith101","","13","F","F",3,2,2,"T","T",0,"F","F",1,"F","F",0,"F","F",1,"G","F","F","",0,0,"N",0,"N",0,"N",0,0,2,0,"13","","","","F","F","F","F","F","F","F","F","F","","mcquh101","","F","F","F","F","F","","","","",0,3,0,0,1,0,0,0,0,39,"NY1","CIN","NY1",0,"F","T",0,4,0,19,3,"T","F",2,2,"T","T","rouse101","walkc101","T","T",0,0,0,4,1,38,0,0,0,"","gowdh101","",0,0,0,0,0,0,0,0,0,0,0,0,0,"mcquh101","F","F","F","F",0,0,0,0,0,0,0,0,0,0,F,F,"1924NY1.EVN.regular.event.csv",3954
"NY1192409161","CIN",5,1,0,0,0,"",0,4,"grohh101","?","grohh101","?","maysc101","?","maysc101","?","wingi101","daubj101","crith101","pineb101","bohns101","bresr101","rouse101","walkc101","","","","53","T","F",5,1,2,"T","T",0,"F","F",1,"F","F",0,"F","F",5,"G","F","F","",0,0,"N",0,"N",0,"N",0,0,0,0,"53","","","","F","F","F","F","F","F","F","F","F","","","","F","F","F","F","F","","","","",0,3,0,0,5,0,0,0,0,40,"NY1","NY1","CIN",1,"T","F",4,0,0,18,0,"T","F",0,0,"T","T","frisf101","younr101","T","T",0,0,0,0,0,0,0,0,0,"","","",0,0,0,0,0,0,0,0,0,0,0,0,0,"pineb101","F","F","F","F",0,0,0,0,1,0,0,0,0,0,F,F,"1924NY1.EVN.regular.event.csv",3955
"NY1192409161","CIN",5,1,1,0,0,"",0,4,"frisf101","?","frisf101","?","maysc101","?","maysc101","?","wingi101","daubj101","crith101","pineb101","bohns101","bresr101","rouse101","walkc101","","","","S4/G","F","F",4,2,20,"T","T",1,"F","F",0,"F","F",0,"F","F",4,"G","F","F","",0,0,"N",0,"N",0,"N",1,0,0,0,"","","","","F","F","F","F","F","F","F","F","F","","","","F","F","F","F","F","","","","",0,0,0,0,0,0,0,0,0,41,"NY1","NY1","CIN",1,"F","F",4,0,0,19,1,"T","F",0,1,"T","T","younr101","kellg101","T","T",0,0,0,0,0,0,0,0,0,"","","",0,0,0,0,0,0,0,0,0,0,0,0,0,"crith101","F","F","F","F",4,0,0,0,1,0,0,0,0,0,F,F,"1924NY1.EVN.regular.event.csv",3956
"NY1192409161","CIN",5,1,1,0,0,"",0,4,"younr101","?","younr101","?","maysc101","?","maysc101","?","wingi101","daubj101","crith101","pineb101","bohns101","bresr101","rouse101","walkc101","frisf101","","","3/FL","F","F",9,3,2,"T","T",0,"F","F",1,"F","F",0,"F","F",3,"F","F","T","",0,0,"N",0,"N",0,"N",0,1,0,0,"3","","","","F","F","F","F","F","F","F","F","F","maysc101","","","F","F","F","F","F","","","","",0,3,0,0,0,0,0,0,0,42,"NY1","NY1","CIN",1,"F","F",4,0,0,20,2,"T","F",1,1,"T","T","kellg101","terrb101","T","T",4,2,41,0,0,0,0,0,0,"wingi101","","",0,0,0,0,0,0,0,0,0,0,0,0,0,"daubj101","F","F","F","F",0,4,0,0,1,0,0,0,0,0,F,F,"1924NY1.EVN.regular.event.csv",3957
"NY1192409161","CIN",5,1,2,0,0,"",0,4,"kellg101","?","kellg101","?","maysc101","?","maysc101","?","wingi101","daubj101","crith101","pineb101","bohns101","bresr101","rouse101","walkc101","frisf101","","","SB2.1-3(E2/TH)","F","F",8,4,4,"F","F",0,"F","F",0,"F","F",0,"F","F",0,"","F","F","",1,2,"T",0,"N",0,"N",0,3,0,0,"","","","","T","F","F","F","F","F","F","F","F","maysc101","","","F","F","F","F","F","","","","",0,0,0,0,0,0,0,0,0,43,"NY1","NY1","CIN",1,"F","F",4,0,0,21,3,"T","F",1,4,"T","T","terrb101","wilsh102","T","T",4,2,41,0,0,0,0,0,0,"wingi101","","",0,0,0,0,0,0,0,0,0,0,0,0,0,"","F","F","F","F",0,4,0,0,1,0,0,0,0,0,F,F,"1924NY1.EVN.regular.event.csv",3958
"NY1192409161","CIN",5,1,2,0,0,"",0,4,"kellg101","?","kellg101","?","maysc101","?","maysc101","?","wingi101","daubj101","crith101","pineb101","bohns101","bresr101","rouse101","walkc101","","","frisf101","S7.3-H","F","F",8,4,20,"T","T",1,"F","F",0,"F","F",1,"F","F",7,"","F","F","",0,0,"N",0,"N",0,"N",1,0,0,4,"","","","","F","F","F","F","F","F","F","F","F","","","maysc101","F","F","F","F","F","","","","",0,0,0,0,0,0,0,0,0,44,"NY1","NY1","CIN",1,"F","F",4,0,0,21,3,"F","F",4,1,"T","T","terrb101","wilsh102","T","T",0,0,0,0,0,0,4,2,41,"","","wingi101",0,0,0,0,0,0,0,0,0,0,0,0,1,"bresr101","F","F","F","F",0,0,0,4,0,0,0,0,0,0,F,F,"1924NY1.EVN.regular.event.csv",3959
"NY1192409161","CIN",5,1,2,0,0,"",0,5,"terrb101","?","terrb101","?","maysc101","?","maysc101","?","wingi101","daubj101","crith101","pineb101","bohns101","bresr101","rouse101","walkc101","kellg101","","","64(1)/FO","F","F",3,5,2,"T","T",0,"F","F",1,"F","F",0,"F","F",6,"G","F","F","",0,0,"N",0,"N",0,"N",1,0,0,0,"","64","","","F","F","F","F","F","F","F","F","F","maysc101","","","F","F","F","F","F","","","","",0,4,0,0,6,0,0,0,0,45,"NY1","NY1","CIN",1,"F","T",5,0,1,22,4,"T","F",1,1,"T","T","wilsh102","jackt101","T","T",8,4,44,0,0,0,0,0,0,"wingi101","","",0,0,0,0,0,0,0,0,0,0,0,0,0,"bohns101","T","F","F","F",0,0,0,0,0,0,0,0,0,0,F,F,"1924NY1.EVN.regular.event.csv",3960
"NY1192409161","CIN",6,0,0,0,0,"",0,5,"rouse101","?","rouse101","?","mcquh101","?","mcquh101","?","gowdh101","terrb101","frisf101","grohh101","jackt101","wilsh102","kellg101","younr101","","","","8/F","T","F",8,3,2,"T","T",0,"F","F",1,"F","F",0,"F","F",8,"F","F","F","",0,0,"N",0,"N",0,"N",0,0,0,0,"8","","","","F","F","F","F","F","F","F","F","F","","","","F","F","F","F","F","","","","",0,8,0,0,0,0,0,0,0,46,"NY1","CIN","NY1",0,"T","F",0,5,0,20,0,"T","F",0,0,"T","T","walkc101","bresr101","T","T",0,0,0,0,0,0,0,0,0,"","","",0,0,0,0,0,0,0,0,0,0,0,0,0,"kellg101","F","F","F","F",0,0,0,0,0,0,0,0,0,0,F,F,"1924NY1.EVN.regular.event.csv",3961
"NY1192409161","CIN",6,0,1,0,0,"",0,5,"walkc101","?","walkc101","?","mcquh101","?","mcquh101","?","gowdh101","terrb101","frisf101","grohh101","jackt101","wilsh102","kellg101","younr101","","","","6/L","F","F",9,4,2,"T","T",0,"F","F",1,"F","F",0,"F","F",6,"L","F","F","",0,0,"N",0,"N",0,"N",0,0,0,0,"6","","","","F","F","F","F","F","F","F","F","F","","","","F","F","F","F","F","","","","",0,6,0,0,0,0,0,0,0,47,"NY1","CIN","NY1",0,"F","F",0,5,0,21,1,"T","F",0,0,"T","T","bresr101","pineb101","T","T",0,0,0,0,0,0,0,0,0,"","","",0,0,0,0,0,0,0,0,0,0,0,0,0,"jackt101","F","F","F","F",0,0,0,0,0,0,0,0,0,0,F,F,"1924NY1.EVN.regular.event.csv",3962
"NY1192409161","CIN",6,0,2,0,0,"",0,5,"bresr101","?","bresr101","?","mcquh101","?","mcquh101","?","gowdh101","terrb101","frisf101","grohh101","jackt101","wilsh102","kellg101","younr101","","","","7/F","F","F",7,5,2,"T","T",0,"F","F",1,"F","F",0,"F","F",7,"F","F","F","",0,0,"N",0,"N",0,"N",0,0,0,0,"7","","","","F","F","F","F","F","F","F","F","F","","","","F","F","F","F","F","","","","",0,7,0,0,0,0,0,0,0,48,"NY1","CIN","NY1",0,"F","T",0,5,0,22,2,"T","F",0,0,"T","T","pineb101","bohns101","T","T",0,0,0,0,0,0,0,0,0,"","","",0,0,0,0,0,0,0,0,0,0,0,0,0,"wilsh102","F","F","F","F",0,0,0,0,0,0,0,0,0,0,F,F,"1924NY1.EVN.regular.event.csv",3963
"NY1192409161","CIN",6,1,0,0,0,"",0,5,"wilsh102","?","wilsh102","?","maysc101","?","maysc101","?","wingi101","daubj101","crith101","pineb101","bohns101","bresr101","rouse101","walkc101","","","","8/F","T","F",7,6,2,"T","T",0,"F","F",1,"F","F",0,"F","F",8,"F","F","F","",0,0,"N",0,"N",0,"N",0,0,0,0,"8","","","","F","F","F","F","F","F","F","F","F","","","","F","F","F","F","F","","","","",0,8,0,0,0,0,0,0,0,49,"NY1","NY1","CIN",1,"T","F",5,0,0,23,0,"T","F",0,0,"T","T","jackt101","gowdh101","T","T",0,0,0,0,0,0,0,0,0,"","","",0,0,0,0,0,0,0,0,0,0,0,0,0,"rouse101","F","F","F","F",0,0,0,0,0,0,0,0,0,0,F,F,"1924NY1.EVN.regular.event.csv",3964
"NY1192409161","CIN",6,1,1,0,0,"",0,5,"jackt101","?","jackt101","?","maysc101","?","maysc101","?","wingi101","daubj101","crith101","pineb101","bohns101","bresr101","rouse101","walkc101","","","","S","F","F",6,7,20,"T","T",1,"F","F",0,"F","F",0,"F","F",0,"","F","F","",0,0,"N",0,"N",0,"N",1,0,0,0,"","","","","F","F","F","F","F","F","F","F","F","","","","F","F","F","F","F","","","","",0,0,0,0,0,0,0,0,0,50,"NY1","NY1","CIN",1,"F","F",5,0,0,24,1,"T","F",0,1,"T","T","gowdh101","mcquh101","T","T",0,0,0,0,0,0,0,0,0,"","","",0,0,0,0,0,0,0,0,0,0,0,0,0,"","F","F","F","F",0,0,0,0,0,0,0,0,0,0,F,F,"1924NY1.EVN.regular.event.csv",3965
"NY1192409161","CIN",6,1,1,0,0,"",0,5,"gowdh101","?","gowdh101","?","maysc101","?","maysc101","?","wingi101","daubj101","crith101","pineb101","bohns101","bresr101","rouse101","walkc101","jackt101","","","SB2#","F","F",2,8,4,"F","F",0,"F","F",0,"F","F",0,"F","F",0,"","F","F","",0,0,"N",0,"N",0,"N",0,2,0,0,"","","","","T","F","F","F","F","F","F","F","F","maysc101","","","F","F","F","F","F","","","","",0,0,0,0,0,0,0,0,0,51,"NY1","NY1","CIN",1,"F","F",5,0,0,25,2,"T","F",1,2,"T","T","mcquh101","grohh101","T","T",6,7,50,0,0,0,0,0,0,"wingi101","","",0,0,0,0,0,0,0,0,0,0,0,0,0,"","F","F","F","F",0,0,0,0,0,0,0,0,0,0,F,T,"1924NY1.EVN.regular.event.csv",3966
"NY1192409161","CIN",6,1,1,0,0,"",0,5,"gowdh101","?","gowdh101","?","maysc101","?","maysc101","?","wingi101","daubj101","crith101","pineb101","bohns101","bresr101","rouse101","walkc101","","jackt101","","K","F","F",2,8,3,"T","T",0,"F","F",1,"F","F",0,"F","F",0,"","F","F","",0,0,"N",0,"N",0,"N",0,0,2,0,"2","","","","F","F","F","F","F","F","F","F","F","","maysc101","","F","F","F","F","F","","","","",0,2,0,0,0,0,0,0,0,52,"NY1","NY1","CIN",1,"F","F",5,0,0,25,2,"F","F",2,2,"T","T","mcquh101","grohh101","T","T",0,0,0,6,7,50,0,0,0,"","wingi101","",0,0,0,0,0,0,0,0,0,0,0,0,0,"","F","F","F","F",0,0,0,0,0,0,0,0,0,0,F,F,"1924NY1.EVN.regular.event.csv",3967
"NY1192409161","CIN",6,1,2,0,0,"",0,5,"mcquh101","?","mcquh101","?","maysc101","?","maysc101","?","wingi101","daubj101","crith101","pineb101","bohns101","bresr101","rouse101","walkc101","","jackt101","","K","F","F",1,9,3,"T","T",0,"F","F",1,"F","F",0,"F","F",0,"","F","F","",0,0,"N",0,"N",0,"N",0,0,2,0,"2","","","","F","F","F","F","F","F","F","F","F","","maysc101","","F","F","F","F","F","","","","",0,2,0,0,0,0,0,0,0,53,"NY1","NY1","CIN",1,"F","T",5,0,0,26,3,"T","F",2,2,"T","T","grohh101","frisf101","T","T",0,0,0,6,7,50,0,0,0,"","wingi101","",0,0,0,0,0,0,0,0,0,0,0,0,0,"","F","F","F","F",0,0,0,0,0,0,0,0,0,0,F,F,"1924NY1.EVN.regular.event.csv",3968
"NY1192409161","CIN",7,0,0,0,0,"",0,5,"pineb101","?","pineb101","?","mcquh101","?","mcquh101","?","gowdh101","terrb101","frisf101","grohh101","jackt101","wilsh102","kellg101","younr101","","","","63","T","F",5,6,2,"T","T",0,"F","F",1,"F","F",0,"F","F",6,"G","F","F","",0,0,"N",0,"N",0,"N",0,0,0,0,"63","","","","F","F","F","F","F","F","F","F","F","","","","F","F","F","F","F","","","","",0,3,0,0,6,0,0,0,0,54,"NY1","CIN","NY1",0,"T","F",0,5,0,23,0,"T","F",0,0,"T","T","bohns101","wingi101","T","T",0,0,0,0,0,0,0,0,0,"","","",0,0,0,0,0,0,0,0,0,0,0,0,0,"jackt101","F","F","F","F",0,0,0,0,0,0,0,0,0,0,F,F,"1924NY1.EVN.regular.event.csv",3969
"NY1192409161","CIN",7,0,1,0,0,"",0,5,"bohns101","?","bohns101","?","mcquh101","?","mcquh101","?","gowdh101","terrb101","frisf101","grohh101","jackt101","wilsh102","kellg101","younr101","","","","S","F","F",6,7,20,"T","T",1,"F","F",0,"F","F",0,"F","F",0,"","F","F","",0,0,"N",0,"N",0,"N",1,0,0,0,"","","","","F","F","F","F","F","F","F","F","F","","","","F","F","F","F","F","","","","",0,0,0,0,0,0,0,0,0,55,"NY1","CIN","NY1",0,"F","F",0,5,0,24,1,"T","F",0,1,"T","T","wingi101","maysc101","T","T",0,0,0,0,0,0,0,0,0,"","","",0,0,0,0,0,0,0,0,0,0,0,0,0,"","F","F","F","F",0,0,0,0,0,0,0,0,0,0,F,F,"1924NY1.EVN.regular.event.csv",3970
"NY1192409161","CIN",7,0,1,0,0,"",0,5,"wingi101","?","wingi101","?","mcquh101","?","mcquh101","?","gowdh101","terrb101","frisf101","grohh101","jackt101","wilsh102","kellg101","younr101","bohns101","","","4/L","F","F",2,8,2,"T","T",0,"F","F",1,"F","F",0,"F","F",4,"L","F","F","",0,0,"N",0,"N",0,"N",0,1,0,0,"4","","","","F","F","F","F","F","F","F","F","F","mcquh101","","","F","F","F","F","F","","","","",0,4,0,0,0,0,0,0,0,56,"NY1","CIN","NY1",0,"F","F",0,5,0,25,2,"T","F",1,1,"T","T","maysc101","crith101","T","T",6,7,55,0,0,0,0,0,0,"gowdh101","","",0,0,0,0,0,0,0,0,0,0,0,0,0,"frisf101","F","F","F","F",0,0,0,0,0,0,0,0,0,0,F,F,"1924NY1.EVN.regular.event.csv",3971
"NY1192409161","CIN",7,0,2,0,0,"",0,5,"maysc101","?","maysc101","?","mcquh101","?","mcquh101","?","gowdh101","terrb101","frisf101","grohh101","jackt101","wilsh102","kellg101","younr101","bohns101","","","W.1-2","F","F",1,9,14,"T","F",0,"F","F",0,"F","F",0,"F","F",0,"","F","F","",0,0,"N",0,"N",0,"N",1,2,0,0,"","","","","F","F","F","F","F","F","F","F","F","mcquh101","","","F","F","F","F","F","","","","",0,0,0,0,0,0,0,0,0,57,"NY1","CIN","NY1",0,"F","F",0,5,0,26,3,"T","F",1,3,"T","T","crith101","daubj101","T","T",6,7,55,0,0,0,0,0,0,"gowdh101","","",0,0,0,0,0,0,0,0,0,0,0,0,0,"","F","F","F","F",0,0,0,0,0,0,0,0,0,0,F,F,"1924NY1.EVN.regular.event.csv",3972
"NY1192409161","CIN",7,0,2,0,0,"",0,5,"crith101","?","crith101","?","mcquh101","?","mcquh101","?","gowdh101","terrb101","frisf101","grohh101","jackt101","wilsh102","kellg101","younr101","maysc101","bohns101","","146(1)/FO","F","F",4,1,2,"T","T",0,"F","F",1,"F","F",0,"F","F",1,"G","F","F","",0,0,"N",0,"N",0,"N",1,0,2,0,"","146","","","F","F","F","F","F","F","F","F","F","mcquh101","mcquh101","","F","F","F","F","F","","","","",0,6,0,0,1,4,0,0,0,58,"NY1","CIN","NY1",0,"F","T",0,5,0,27,4,"T","F",3,3,"T","T","daubj101","rouse101","T","T",1,9,57,6,7,55,0,0,0,"gowdh101","gowdh101","",0,0,0,0,0,0,0,0,0,0,0,0,0,"mcquh101","T","F","F","F",0,0,0,0,0,0,0,0,0,0,F,F,"1924NY1.EVN.regular.event.csv",3973
"NY1192409161","CIN",7,1,0,0,0,"",0,5,"grohh101","?","grohh101","?","maysc101","?","maysc101","?","wingi101","daubj101","crith101","pineb101","bohns101","bresr101","rouse101","walkc101","","","","53","T","F",5,1,2,"T","T",0,"F","F",1,"F","F",0,"F","F",5,"G","F","F","",0,0,"N",0,"N",0,"N",0,0,0,0,"53","","","","F","F","F","F","F","F","F","F","F","","","","F","F","F","F","F","","","","",0,3,0,0,5,0,0,0,0,59,"NY1","NY1","CIN",1,"T","F",5,0,0,27,0,"T","F",0,0,"T","T","frisf101","younr101","T","T",0,0,0,0,0,0,0,0,0,"","","",0,0,0,0,0,0,0,0,0,0,0,0,0,"pineb101","F","F","F","F",0,0,0,0,0,0,0,0,0,0,F,F,"1924NY1.EVN.regular.event.csv",3974
"NY1192409161","CIN",7,1,1,0,0,"",0,5,"frisf101","?","frisf101","?","maysc101","?","maysc101","?","wingi101","daubj101","crith101","pineb101","bohns101","bresr101","rouse101","walkc101","","","","6/P","F","F",4,2,2,"T","T",0,"F","F",1,"F","F",0,"F","F",6,"P","F","F","",0,0,"N",0,"N",0,"N",0,0,0,0,"6","","","","F","F","F","F","F","F","F","F","F","","","","F","F","F","F","F","","","","",0,6,0,0,0,0,0,0,0,60,"NY1","NY1","CIN",1,"F","F",5,0,0,28,1,"T","F",0,0,"T","T","younr101","kellg101","T","T",0,0,0,0,0,0,0,0,0,"","","",0,0,0,0,0,0,0,0,0,0,0,0,0,"bohns101","F","F","F","F",0,0,0,0,0,0,0,0,0,0,F,F,"1924NY1.EVN.regular.event.csv",3975
"NY1192409161","CIN",7,1,2,0,0,"",0,5,"younr101","?","younr101","?","maysc101","?","maysc101","?","wingi101","daubj101","crith101","pineb101","bohns101","bresr101","rouse101","walkc101","","","","S","F","F",9,3,20,"T","T",1,"F","F",0,"F","F",0,"F","F",0,"","F","F","",0,0,"N",0,"N",0,"N",1,0,0,0,"","","","","F","F","F","F","F","F","F","F","F","","","","F","F","F","F","F","","","","",0,0,0,0,0,0,0,0,0,61,"NY1","NY1","CIN",1,"F","F",5,0,0,29,2,"T","F",0,1,"T","T","kellg101","terrb101","T","T",0,0,0,0,0,0,0,0,0,"","","",0,0,0,0,0,0,0,0,0,0,0,0,0,"","F","F","F","F",0,0,0,0,0,0,0,0,0,0,F,F,"1924NY1.EVN.regular.event.csv",3976
"NY1192409161","CIN",7,1,2,0,0,"",0,5,"kellg101","?","kellg101","?","maysc101","?","maysc101","?","wingi101","daubj101","crith101","pineb101","bohns101","bresr101","rouse101","walkc101","younr101","","","63","F","F",8,4,2,"T","T",0,"F","F",1,"F","F",0,"F","F",6,"G","F","F","",0,0,"N",0,"N",0,"N",0,1,0,0,"63","","","","F","F","F","F","F","F","F","F","F","maysc101","","","F","F","F","F","F","","","","",0,3,0,0,6,0,0,0,0,62,"NY1","NY1","CIN",1,"F","T",5,0,0,30,3,"T","F",1,1,"T","T","terrb101","wilsh102","T","T",9,3,61,0,0,0,0,0,0,"wingi101","","",0,0,0,0,0,0,0,0,0,0,0,0,0,"bohns101","F","F","F","F",0,0,0,0,0,0,0,0,0,0,F,F,"1924NY1.EVN.regular.event.csv",3977
"NY1192409161","CIN",8,0,0,0,0,"",0,5,"daubj101","?","daubj101","?","mcquh101","?","mcquh101","?","gowdh101","terrb101","frisf101","grohh101","jackt101","wilsh102","kellg101","younr101","","","","K","T","F",3,2,3,"T","T",0,"F","F",1,"F","F",0,"F","F",0,"","F","F","",0,0,"N",0,"N",0,"N",0,0,0,0,"2","","","","F","F","F","F","F","F","F","F","F","","","","F","F","F","F","F","","","","",0,2,0,0,0,0,0,0,0,63,"NY1","CIN","NY1",0,"T","F",0,5,0,28,0,"T","F",0,0,"T","T","rouse101","walkc101","T","T",0,0,0,0,0,0,0,0,0,"","","",0,0,0,0,0,0,0,0,0,0,0,0,0,"","F","F","F","F",0,0,0,0,0,0,0,0,0,0,F,F,"1924NY1.EVN.regular.event.csv",3978
"NY1192409161","CIN",8,0,1,0,0,"",0,5,"rouse101","?","rouse101","?","mcquh101","?","mcquh101","?","gowdh101","terrb101","frisf101","grohh101","jackt101","wilsh102","kellg101","younr101","","","","63","F","F",8,3,2,"T","T",0,"F","F",1,"F","F",0,"F","F",6,"G","F","F","",0,0,"N",0,"N",0,"N",0,0,0,0,"63","","","","F","F","F","F","F","F","F","F","F","","","","F","F","F","F","F","","","","",0,3,0,0,6,0,0,0,0,64,"NY1","CIN","NY1",0,"F","F",0,5,0,29,1,"T","F",0,0,"T","T","walkc101","bresr101","T","T",0,0,0,0,0,0,0,0,0,"","","",0,0,0,0,0,0,0,0,0,0,0,0,0,"jackt101","F","F","F","F",0,0,0,0,0,0,0,0,0,0,F,F,"1924NY1.EVN.regular.event.csv",3979
"NY1192409161","CIN",8,0,2,0,0,"",0,5,"walkc101","?","walkc101","?","mcquh101","?","mcquh101","?","gowdh101","terrb101","frisf101","grohh101","jackt101","wilsh102","kellg101","younr101","","","","4/FL","F","F",9,4,2,"T","T",0,"F","F",1,"F","F",0,"F","F",4,"F","F","T","",0,0,"N",0,"N",0,"N",0,0,0,0,"4","","","","F","F","F","F","F","F","F","F","F","","","","F","F","F","F","F","","","","",0,4,0,0,0,0,0,0,0,65,"NY1","CIN","NY1",0,"F","T",0,5,0,30,2,"T","F",0,0,"T","T","bresr101","pineb101","T","T",0,0,0,0,0,0,0,0,0,"","","",0,0,0,0,0,0,0,0,0,0,0,0,0,"frisf101","F","F","F","F",0,0,0,0,0,0,0,0,0,0,F,F,"1924NY1.EVN.regular.event.csv",3980
"NY1192409161","CIN",8,1,0,0,0,"",0,5,"terrb101","?","terrb101","?","maysc101","?","maysc101","?","wingi101","daubj101","crith101","pineb101","bohns101","bresr101","rouse101","walkc101","","","","8/F8XD","T","F",3,5,2,"T","T",0,"F","F",1,"F","F",0,"F","F",8,"F","F","F","8XD",0,0,"N",0,"N",0,"N",0,0,0,0,"8","","","","F","F","F","F","F","F","F","F","F","","","","F","F","F","F","F","","","","",0,8,0,0,0,0,0,0,0,66,"NY1","NY1","CIN",1,"T","F",5,0,0,31,0,"T","F",0,0,"T","T","wilsh102","jackt101","T","T",0,0,0,0,0,0,0,0,0,"","","",0,0,0,0,0,0,0,0,0,0,0,0,0,"rouse101","F","F","F","F",0,0,0,0,0,0,0,0,0,0,F,F,"1924NY1.EVN.regular.event.csv",3981
"NY1192409161","CIN",8,1,1,0,0,"",0,5,"wilsh102","?","wilsh102","?","maysc101","?","maysc101","?","wingi101","daubj101","crith101","pineb101","bohns101","bresr101","rouse101","walkc101","","","","W","F","F",7,6,14,"T","F",0,"F","F",0,"F","F",0,"F","F",0,"","F","F","",0,0,"N",0,"N",0,"N",1,0,0,0,"","","","","F","F","F","F","F","F","F","F","F","","","","F","F","F","F","F","","","","",0,0,0,0,0,0,0,0,0,67,"NY1","NY1","CIN",1,"F","F",5,0,0,32,1,"T","F",0,1,"T","T","jackt101","gowdh101","T","T",0,0,0,0,0,0,0,0,0,"","","",0,0,0,0,0,0,0,0,0,0,0,0,0,"","F","F","F","F",0,0,0,0,0,0,0,0,0,0,F,F,"1924NY1.EVN.regular.event.csv",3982
"NY1192409161","CIN",8,1,1,0,0,"",0,5,"jackt101","?","jackt101","?","maysc101","?","maysc101","?","wingi101","daubj101","crith101","pineb101","bohns101","bresr101","rouse101","walkc101","wilsh102","","","6/P","F","F",6,7,2,"T","T",0,"F","F",1,"F","F",0,"F","F",6,"P","F","F","",0,0,"N",0,"N",0,"N",0,1,0,0,"6","","","","F","F","F","F","F","F","F","F","F","maysc101","","","F","F","F","F","F","","","","",0,6,0,0,0,0,0,0,0,68,"NY1","NY1","CIN",1,"F","F",5,0,0,33,2,"T","F",1,1,"T","T","gowdh101","mcquh101","T","T",7,6,67,0,0,0,0,0,0,"wingi101","","",0,0,0,0,0,0,0,0,0,0,0,0,0,"bohns101","F","F","F","F",0,0,0,0,0,0,0,0,0,0,F,F,"1924NY1.EVN.regular.event.csv",3983
"NY1192409161","CIN",8,1,2,0,0,"",0,5,"gowdh101","?","gowdh101","?","maysc101","?","maysc101","?","wingi101","daubj101","crith101","pineb101","bohns101","bresr101","rouse101","walkc101","wilsh102","","","SB2#","F","F",2,8,4,"F","F",0,"F","F",0,"F","F",0,"F","F",0,"","F","F","",0,0,"N",0,"N",0,"N",0,2,0,0,"","","","","T","F","F","F","F","F","F","F","F","maysc101","","","F","F","F","F","F","","","","",0,0,0,0,0,0,0,0,0,69,"NY1","NY1","CIN",1,"F","F",5,0,0,34,3,"T","F",1,2,"T","T","mcquh101","grohh101","T","T",7,6,67,0,0,0,0,0,0,"wingi101","","",0,0,0,0,0,0,0,0,0,0,0,0,0,"","F","F","F","F",0,0,0,0,0,0,0,0,0,0,F,T,"1924NY1.EVN.regular.event.csv",3984
"NY1192409161","CIN",8,1,2,0,0,"",0,5,"gowdh101","?","gowdh101","?","maysc101","?","maysc101","?","wingi101","daubj101","crith101","pineb101","bohns101","bresr101","rouse101","walkc101","","wilsh102","","9/F","F","F",2,8,2,"T","T",0,"F","F",1,"F","F",0,"F","F",9,"F","F","F","",0,0,"N",0,"N",0,"N",0,0,2,0,"9","","","","F","F","F","F","F","F","F","F","F","","maysc101","","F","F","F","F","F","","","","",0,9,0,0,0,0,0,0,0,70,"NY1","NY1","CIN",1,"F","T",5,0,0,34,3,"F","F",2,2,"T","T","mcquh101","grohh101","T","T",0,0,0,7,6,67,0,0,0,"","wingi101","",0,0,0,0,0,0,0,0,0,0,0,0,0,"walkc101","F","F","F","F",0,0,0,0,0,0,0,0,0,0,F,F,"1924NY1.EVN.regular.event.csv",3985
"NY1192409161","CIN",9,0,0,0,0,"",0,5,"bresr101","?","bresr101","?","mcquh101","?","mcquh101","?","gowdh101","terrb101","frisf101","grohh101","jackt101","wilsh102","kellg101","younr101","","","","D","T","F",7,5,21,"T","T",2,"F","F",0,"F","F",0,"F","F",0,"","F","F","",0,0,"N",0,"N",0,"N",2,0,0,0,"","","","","F","F","F","F","F","F","F","F","F","","","","F","F","F","F","F","","","","",0,0,0,0,0,0,0,0,0,71,"NY1","CIN","NY1",0,"T","F",0,5,0,31,0,"T","F",0,2,"T","T","pineb101","bohns101","T","T",0,0,0,0,0,0,0,0,0,"","","",0,0,0,0,0,0,0,0,0,0,0,0,0,"","F","F","F","F",4,0,0,0,1,0,0,0,0,0,F,F,"1924NY1.EVN.regular.event.csv",3986
"NY1192409161","CIN",9,0,0,0,0,"",0,5,"pineb101","?","pineb101","?","mcquh101","?","mcquh101","?","gowdh101","terrb101","frisf101","grohh101","jackt101","wilsh102","kellg101","younr101","","bresr101","","4/P","F","F",5,6,2,"T","T",0,"F","F",1,"F","F",0,"F","F",4,"P","F","F","",0,0,"N",0,"N",0,"N",0,0,2,0,"4","","","","F","F","F","F","F","F","F","F","F","","mcquh101","","F","F","F","F","F","","","","",0,4,0,0,0,0,0,0,0,72,"NY1","CIN","NY1",0,"F","F",0,5,0,32,1,"T","F",2,2,"T","T","bohns101","wingi101","T","T",0,0,0,7,5,71,0,0,0,"","gowdh101","",0,0,0,0,0,0,0,0,0,0,0,0,0,"frisf101","F","F","F","F",0,0,4,0,1,0,0,0,0,0,F,F,"1924NY1.EVN.regular.event.csv",3987
"NY1192409161","CIN",9,0,1,0,0,"",0,5,"bohns101","?","bohns101","?","mcquh101","?","mcquh101","?","gowdh101","terrb101","frisf101","grohh101","jackt101","wilsh102","kellg101","younr101","","bresr101","","SB3","F","F",6,7,4,"F","F",0,"F","F",0,"F","F",0,"F","F",0,"","F","F","",0,0,"N",0,"N",0,"N",0,0,3,0,"","","","","F","T","F","F","F","F","F","F","F","","mcquh101","","F","F","F","F","F","","","","",0,0,0,0,0,0,0,0,0,73,"NY1","CIN","NY1",0,"F","F",0,5,0,33,2,"T","F",2,4,"T","T","wingi101","maysc101","T","T",0,0,0,7,5,71,0,0,0,"","gowdh101","",0,0,0,0,0,0,0,0,0,0,0,0,0,"","F","F","F","F",0,0,4,0,1,0,0,0,0,0,F,F,"1924NY1.EVN.regular.event.csv",3988
"NY1192409161","CIN",9,0,1,0,0,"",0,5,"bohns101","?","bohns101","?","mcquh101","?","mcquh101","?","gowdh101","terrb101","frisf101","grohh101","jackt101","wilsh102","kellg101","younr101","","","bresr101","8/F8D/SF.3-H","F","F",6,7,2,"T","F",0,"F","T",1,"F","F",1,"F","F",8,"F","F","F","8D",0,0,"N",0,"N",0,"N",0,0,0,4,"8","","","","F","F","F","F","F","F","F","F","F","","","mcquh101","F","F","F","F","F","","","","",0,8,0,0,0,0,0,0,0,74,"NY1","CIN","NY1",0,"F","F",0,5,0,33,2,"F","F",4,0,"T","T","wingi101","maysc101","T","T",0,0,0,0,0,0,7,5,71,"","","gowdh101",0,0,0,0,0,0,0,0,0,0,0,0,1,"kellg101","F","F","F","F",0,0,0,4,0,0,0,0,0,0,F,F,"1924NY1.EVN.regular.event.csv",3989
"NY1192409161","CIN",9,0,2,0,0,"",1,5,"wingi101","?","wingi101","?","mcquh101","?","mcquh101","?","gowdh101","terrb101","frisf101","grohh101","jackt101","wilsh102","kellg101","younr101","","","","63","F","F",2,8,2,"T","T",0,"F","F",1,"F","F",0,"F","F",6,"G","F","F","",0,0,"N",0,"N",0,"N",0,0,0,0,"63","","","","F","F","F","F","F","F","F","F","F","","","","F","T","F","F","F","","","","",0,3,0,0,6,0,0,0,0,75,"NY1","CIN","NY1",0,"F","T",1,5,1,34,3,"T","F",0,0,"T","T","maysc101","crith101","T","T",0,0,0,0,0,0,0,0,0,"","","",0,0,0,0,0,0,0,0,0,0,0,0,0,"jackt101","F","F","F","F",0,0,0,0,0,0,0,0,0,0,F,F,"1924NY1.EVN.regular.event.csv",3990
"NY1192409162","CIN",1,0,0,0,0,"",0,0,"crith101","?","crith101","?","barnv101","?","barnv101","?","gowdh101","terrb101","frisf101","grohh101","jackt101","wilsh102","kellg101","younr101","","","","53","T","F",4,1,2,"T","T",0,"F","F",1,"F","F",0,"F","F",5,"G","F","F","",0,0,"N",0,"N",0,"N",0,0,0,0,"53","","","","F","F","F","F","F","F","F","F","F","","","","T","F","F","F","F","","","","",0,3,0,0,5,0,0,0,0,1,"NY1","CIN","NY1",0,"T","F",0,0,0,0,0,"T","F",0,0,"T","T","daubj101","rouse101","T","T",0,0,0,0,0,0,0,0,0,"","","",0,0,0,0,0,0,0,0,0,0,0,0,0,"grohh101","F","F","F","F",0,0,0,0,0,0,0,0,0,0,F,F,"1924NY1.EVN.regular.event.csv",3991
"NY1192409162","CIN",1,0,1,0,0,"",0,0,"daubj101","?","daubj101","?","barnv101","?","barnv101","?","gowdh101","terrb101","frisf101","grohh101","jackt101","wilsh102","kellg101","younr101","","","","63","F","F",3,2,2,"T","T",0,"F","F",1,"F","F",0,"F","F",6,"G","F","F","",0,0,"N",0,"N",0,"N",0,0,0,0,"63","","","","F","F","F","F","F","F","F","F","F","","","","F","F","F","F","F","","","","",0,3,0,0,6,0,0,0,0,2,"NY1","CIN","NY1",0,"F","F",0,0,0,1,1,"T","F",0,0,"T","T","rouse101","walkc101","T","T",0,0,0,0,0,0,0,0,0,"","","",0,0,0,0,0,0,0,0,0,0,0,0,0,"jackt101","F","F","F","F",0,0,0,0,0,0,0,0,0,0,F,F,"1924NY1.EVN.regular.event.csv",3992
"NY1192409162","CIN",1,0,2,0,0,"",0,0,"rouse101","?","rouse101","?","barnv101","?","barnv101","?","gowdh101","terrb101","frisf101","grohh101","jackt101","wilsh102","kellg101","younr101","","","","S","F","F",8,3,20,"T","T",1,"F","F",0,"F","F",0,"F","F",0,"","F","F","",0,0,"N",0,"N",0,"N",1,0,0,0,"","","","","F","F","F","F","F","F","F","F","F","","","","F","F","F","F","F","","","","",0,0,0,0,0,0,0,0,0,3,"NY1","CIN","NY1",0,"F","F",0,0,0,2,2,"T","F",0,1,"T","T","walkc101","bresr101","T","T",0,0,0,0,0,0,0,0,0,"","","",0,0,0,0,0,0,0,0,0,0,0,0,0,"","F","F","F","F",0,0,0,0,0,0,0,0,0,0,F,F,"1924NY1.EVN.regular.event.csv",3993
"NY1192409162","CIN",1,0,2,0,0,"",0,0,"walkc101","?","walkc101","?","barnv101","?","barnv101","?","gowdh101","terrb101","frisf101","grohh101","jackt101","wilsh102","kellg101","younr101","rouse101","","","64(1)/FO","F","F",9,4,2,"T","T",0,"F","F",1,"F","F",0,"F","F",6,"G","F","F","",0,0,"N",0,"N",0,"N",1,0,0,0,"","64","","","F","F","F","F","F","F","F","F","F","barnv101","","","F","F","F","F","F","","","","",0,4,0,0,6,0,0,0,0,4,"NY1","CIN","NY1",0,"F","T",0,0,0,3,3,"T","F",1,1,"T","T","bresr101","pineb101","T","T",8,3,3,0,0,0,0,0,0,"gowdh101","","",0,0,0,0,0,0,0,0,0,0,0,0,0,"jackt101","T","F","F","F",0,0,0,0,0,0,0,0,0,0,F,F,"1924NY1.EVN.regular.event.csv",3994
"NY1192409162","CIN",1,1,0,0,0,"",0,0,"grohh101","?","grohh101","?","donop102","?","donop102","?","hargb101","daubj101","crith101","pineb101","bohns101","bresr101","rouse101","walkc101","","","","63","T","F",5,1,2,"T","T",0,"F","F",1,"F","F",0,"F","F",6,"G","F","F","",0,0,"N",0,"N",0,"N",0,0,0,0,"63","","","","F","F","F","F","F","F","F","F","F","","","","F","F","F","F","F","","","","",0,3,0,0,6,0,0,0,0,5,"NY1","NY1","CIN",1,"T","F",0,0,0,0,0,"T","F",0,0,"T","T","frisf101","younr101","T","T",0,0,0,0,0,0,0,0,0,"","","",0,0,0,0,0,0,0,0,0,0,0,0,0,"bohns101","F","F","F","F",0,0,0,0,0,0,0,0,0,0,F,F,"1924NY1.EVN.regular.event.csv",3995
"NY1192409162","CIN",1,1,1,0,0,"",0,0,"frisf101","?","frisf101","?","donop102","?","donop102","?","hargb101","daubj101","crith101","pineb101","bohns101","bresr101","rouse101","walkc101","","","","3/G","F","F",4,2,2,"T","T",0,"F","F",1,"F","F",0,"F","F",3,"G","F","F","",0,0,"N",0,"N",0,"N",0,0,0,0,"3","","","","F","F","F","F","F","F","F","F","F","","","","F","F","F","F","F","","","","",0,3,0,0,0,0,0,0,0,6,"NY1","NY1","CIN",1,"F","F",0,0,0,1,1,"T","F",0,0,"T","T","younr101","kellg101","T","T",0,0,0,0,0,0,0,0,0,"","","",0,0,0,0,0,0,0,0,0,0,0,0,0,"daubj101","F","F","F","F",0,0,0,0,0,0,0,0,0,0,F,F,"1924NY1.EVN.regular.event.csv",3996
"NY1192409162","CIN",1,1,2,0,0,"",0,0,"younr101","?","younr101","?","donop102","?","donop102","?","hargb101","daubj101","crith101","pineb101","bohns101","bresr101","rouse101","walkc101","","","","7/L","F","F",9,3,2,"T","T",0,"F","F",1,"F","F",0,"F","F",7,"L","F","F","",0,0,"N",0,"N",0,"N",0,0,0,0,"7","","","","F","F","F","F","F","F","F","F","F","","","","F","F","F","F","F","","","","",0,7,0,0,0,0,0,0,0,7,"NY1","NY1","CIN",1,"F","T",0,0,0,2,2,"T","F",0,0,"T","T","kellg101","terrb101","T","T",0,0,0,0,0,0,0,0,0,"","","",0,0,0,0,0,0,0,0,0,0,0,0,0,"bresr101","F","F","F","F",0,0,0,0,0,0,0,0,0,0,F,F,"1924NY1.EVN.regular.event.csv",3997
"NY1192409162","CIN",2,0,0,0,0,"",0,0,"bresr101","?","bresr101","?","barnv101","?","barnv101","?","gowdh101","terrb101","frisf101","grohh101","jackt101","wilsh102","kellg101","younr101","","","","S","T","F",7,5,20,"T","T",1,"F","F",0,"F","F",0,"F","F",0,"","F","F","",0,0,"N",0,"N",0,"N",1,0,0,0,"","","","","F","F","F","F","F","F","F","F","F","","","","F","F","F","F","F","","","","",0,0,0,0,0,0,0,0,0,8,"NY1","CIN","NY1",0,"T","F",0,0,0,4,0,"T","F",0,1,"T","T","pineb101","bohns101","T","T",0,0,0,0,0,0,0,0,0,"","","",0,0,0,0,0,0,0,0,0,0,0,0,0,"","F","F","F","F",0,0,0,0,0,0,0,0,0,0,F,F,"1924NY1.EVN.regular.event.csv",3998
"NY1192409162","CIN",2,0,0,0,0,"",0,0,"pineb101","?","pineb101","?","barnv101","?","barnv101","?","gowdh101","terrb101","frisf101","grohh101","jackt101","wilsh102","kellg101","younr101","bresr101","","","13.1-2","F","F",5,6,2,"T","T",0,"F","F",1,"F","F",0,"F","F",1,"G","F","F","",0,0,"N",0,"N",0,"N",0,2,0,0,"13","","","","F","F","F","F","F","F","F","F","F","barnv101","","","F","F","F","F","F","","","","",0,3,0,0,1,0,0,0,0,9,"NY1","CIN","NY1",0,"F","F",0,0,0,5,1,"T","F",1,2,"T","T","bohns101","hargb101","T","T",7,5,8,0,0,0,0,0,0,"gowdh101","","",0,0,0,0,0,0,0,0,0,0,0,0,0,"barnv101","F","F","F","F",0,0,0,0,0,0,0,0,0,0,F,F,"1924NY1.EVN.regular.event.csv",3999
"NY1192409162","CIN",2,0,1,0,0,"",0,0,"bohns101","?","bohns101","?","barnv101","?","barnv101","?","gowdh101","terrb101","frisf101","grohh101","jackt101","wilsh102","kellg101","younr101","","bresr101","","K/C","F","F",6,7,3,"T","T",0,"F","F",1,"F","F",0,"F","F",0,"","F","F","",0,0,"N",0,"N",0,"N",0,0,2,0,"2","","","","F","F","F","F","F","F","F","F","F","","barnv101","","F","F","F","F","F","","","","",0,2,0,0,0,0,0,0,0,10,"NY1","CIN","NY1",0,"F","F",0,0,0,6,2,"T","F",2,2,"T","T","hargb101","donop102","T","T",0,0,0,7,5,8,0,0,0,"","gowdh101","",0,0,0,0,0,0,0,0,0,0,0,0,0,"","F","F","F","F",0,0,0,0,0,0,0,0,0,0,F,F,"1924NY1.EVN.regular.event.csv",4000
"NY1192409162","CIN",2,0,2,0,0,"",0,0,"hargb101","?","hargb101","?","barnv101","?","barnv101","?","gowdh101","terrb101","frisf101","grohh101","jackt101","wilsh102","kellg101","younr101","","bresr101","","43","F","F",2,8,2,"T","T",0,"F","F",1,"F","F",0,"F","F",4,"G","F","F","",0,0,"N",0,"N",0,"N",0,0,2,0,"43","","","","F","F","F","F","F","F","F","F","F","","barnv101","","F","F","F","F","F","","","","",0,3,0,0,4,0,0,0,0,11,"NY1","CIN","NY1",0,"F","T",0,0,0,7,3,"T","F",2,2,"T","T","donop102","crith101","T","T",0,0,0,7,5,8,0,0,0,"","gowdh101","",0,0,0,0,0,0,0,0,0,0,0,0,0,"frisf101","F","F","F","F",0,0,0,0,0,0,0,0,0,0,F,F,"1924NY1.EVN.regular.event.csv",4001
"NY1192409162","CIN",2,1,0,0,0,"",0,0,"kellg101","?","kellg101","?","donop102","?","donop102","?","hargb101","daubj101","crith101","pineb101","bohns101","bresr101","rouse101","walkc101","","","","8/F8XD","T","F",8,4,2,"T","T",0,"F","F",1,"F","F",0,"F","F",8,"F","F","F","8XD",0,0,"N",0,"N",0,"N",0,0,0,0,"8","","","","F","F","F","F","F","F","F","F","F","","","","F","F","F","F","F","","","","",0,8,0,0,0,0,0,0,0,12,"NY1","NY1","CIN",1,"T","F",0,0,0,3,0,"T","F",0,0,"T","T","terrb101","wilsh102","T","T",0,0,0,0,0,0,0,0,0,"","","",0,0,0,0,0,0,0,0,0,0,0,0,0,"rouse101","F","F","F","F",0,0,0,0,0,0,0,0,0,0,F,F,"1924NY1.EVN.regular.event.csv",4002
"NY1192409162","CIN",2,1,1,0,0,"",0,0,"terrb101","?","terrb101","?","donop102","?","donop102","?","hargb101","daubj101","crith101","pineb101","bohns101","bresr101","rouse101","walkc101","","","","6/P","F","F",3,5,2,"T","T",0,"F","F",1,"F","F",0,"F","F",6,"P","F","F","",0,0,"N",0,"N",0,"N",0,0,0,0,"6","","","","F","F","F","F","F","F","F","F","F","","","","F","F","F","F","F","","","","",0,6,0,0,0,0,0,0,0,13,"NY1","NY1","CIN",1,"F","F",0,0,0,4,1,"T","F",0,0,"T","T","wilsh102","jackt101","T","T",0,0,0,0,0,0,0,0,0,"","","",0,0,0,0,0,0,0,0,0,0,0,0,0,"bohns101","F","F","F","F",0,0,0,0,0,0,0,0,0,0,F,F,"1924NY1.EVN.regular.event.csv",4003
"NY1192409162","CIN",2,1,2,0,0,"",0,0,"wilsh102","?","wilsh102","?","donop102","?","donop102","?","hargb101","daubj101","crith101","pineb101","bohns101","bresr101","rouse101","walkc101","","","","7/F","F","F",7,6,2,"T","T",0,"F","F",1,"F","F",0,"F","F",7,"F","F","F","",0,0,"N",0,"N",0,"N",0,0,0,0,"7","","","","F","F","F","F","F","F","F","F","F","","","","F","F","F","F","F","","","","",0,7,0,0,0,0,0,0,0,14,"NY1","NY1","CIN",1,"F","T",0,0,0,5,2,"T","F",0,0,"T","T","jackt101","gowdh101","T","T",0,0,0,0,0,0,0,0,0,"","","",0,0,0,0,0,0,0,0,0,0,0,0,0,"bresr101","F","F","F","F",0,0,0,0,0,0,0,0,0,0,F,F,"1924NY1.EVN.regular.event.csv",4004
"NY1192409162","CIN",3,0,0,0,0,"",0,0,"donop102","?","donop102","?","barnv101","?","barnv101","?","gowdh101","terrb101","frisf101","grohh101","jackt101","wilsh102","kellg101","younr101","","","","S/G1","T","F",1,9,20,"T","T",1,"F","F",0,"F","F",0,"F","F",0,"G","F","F","1",0,0,"N",0,"N",0,"N",1,0,0,0,"","","","","F","F","F","F","F","F","F","F","F","","","","F","F","F","F","F","","","","",0,0,0,0,0,0,0,0,0,15,"NY1","CIN","NY1",0,"T","F",0,0,0,8,0,"T","F",0,1,"T","T","crith101","daubj101","T","T",0,0,0,0,0,0,0,0,0,"","","",0,0,0,0,0,0,0,0,0,0,0,0,0,"","F","F","F","F",4,0,0,0,3,0,0,0,0,0,F,F,"1924NY1.EVN.regular.event.csv",4005
"NY1192409162","CIN",3,0,0,0,0,"",0,0,"crith101","?","crith101","?","barnv101","?","barnv101","?","gowdh101","terrb101","frisf101","grohh101","jackt101","wilsh102","kellg101","younr101","donop102","","","K","F","F",4,1,3,"T","T",0,"F","F",1,"F","F",0,"F","F",0,"","F","F","",0,0,"N",0,"N",0,"N",0,1,0,0,"2","","","","F","F","F","F","F","F","F","F","F","barnv101","","","F","F","F","F","F","","","","",0,2,0,0,0,0,0,0,0,16,"NY1","CIN","NY1",0,"F","F",0,0,0,9,1,"T","F",1,1,"T","T","daubj101","rouse101","T","T",1,9,15,0,0,0,0,0,0,"gowdh101","","",0,0,0,0,0,0,0,0,0,0,0,0,0,"","F","F","F","F",0,4,0,0,3,0,0,0,0,0,F,F,"1924NY1.EVN.regular.event.csv",4006
"NY1192409162","CIN",3,0,1,0,0,"",0,0,"daubj101","?","daubj101","?","barnv101","?","barnv101","?","gowdh101","terrb101","frisf101","grohh101","jackt101","wilsh102","kellg101","younr101","donop102","","","T7.1-H","F","F",3,2,22,"T","T",3,"F","F",0,"F","F",1,"F","F",7,"","F","F","",0,0,"N",0,"N",0,"N",3,4,0,0,"","","","","F","F","F","F","F","F","F","F","F","barnv101","","","F","F","F","F","F","","","","",0,0,0,0,0,0,0,0,0,17,"NY1","CIN","NY1",0,"F","F",0,0,0,10,2,"T","F",1,4,"T","T","rouse101","walkc101","T","T",1,9,15,0,0,0,0,0,0,"gowdh101","","",0,0,0,0,0,0,0,0,0,0,0,0,1,"wilsh102","F","F","F","F",4,4,0,0,2,0,0,0,0,0,F,F,"1924NY1.EVN.regular.event.csv",4007
"NY1192409162","CIN",3,0,1,0,0,"",1,0,"rouse101","?","rouse101","?","barnv101","?","barnv101","?","gowdh101","terrb101","frisf101","grohh101","jackt101","wilsh102","kellg101","younr101","","","daubj101","S6.3-H","F","F",8,3,20,"T","T",1,"F","F",0,"F","F",1,"F","F",6,"","F","F","",0,0,"N",0,"N",0,"N",1,0,0,4,"","","","","F","F","F","F","F","F","F","F","F","","","barnv101","F","F","F","F","F","","","","",0,0,0,0,0,0,0,0,0,18,"NY1","CIN","NY1",0,"F","F",1,0,1,11,3,"T","F",4,1,"T","T","walkc101","bresr101","T","T",0,0,0,0,0,0,3,2,17,"","","gowdh101",0,0,0,0,0,0,0,0,0,0,0,0,1,"jackt101","F","F","F","F",5,0,0,4,1,0,0,0,0,0,F,F,"1924NY1.EVN.regular.event.csv",4008
"NY1192409162","CIN",3,0,1,0,0,"",2,0,"walkc101","?","walkc101","?","barnv101","?","barnv101","?","gowdh101","terrb101","frisf101","grohh101","jackt101","wilsh102","kellg101","younr101","rouse101","","","5/P","F","F",9,4,2,"T","T",0,"F","F",1,"F","F",0,"F","F",5,"P","F","F","",0,0,"N",0,"N",0,"N",0,1,0,0,"5","","","","F","F","F","F","F","F","F","F","F","barnv101","","","F","F","F","F","F","","","","",0,5,0,0,0,0,0,0,0,19,"NY1","CIN","NY1",0,"F","F",2,0,2,12,4,"T","F",1,1,"T","T","bresr101","pineb101","T","T",8,3,18,0,0,0,0,0,0,"gowdh101","","",0,0,0,0,0,0,0,0,0,0,0,0,0,"grohh101","F","F","F","F",0,5,0,0,1,0,0,0,0,0,F,F,"1924NY1.EVN.regular.event.csv",4009
"NY1192409162","CIN",3,0,2,0,0,"",2,0,"bresr101","?","bresr101","?","barnv101","?","barnv101","?","gowdh101","terrb101","frisf101","grohh101","jackt101","wilsh102","kellg101","younr101","rouse101","","","SB2.1-3(E2/TH2)","F","F",7,5,4,"F","F",0,"F","F",0,"F","F",0,"F","F",0,"","F","F","",1,2,"T",0,"N",0,"N",0,3,0,0,"","","","","T","F","F","F","F","F","F","F","F","barnv101","","","F","F","F","F","F","","","","",0,0,0,0,0,0,0,0,0,20,"NY1","CIN","NY1",0,"F","F",2,0,2,13,5,"T","F",1,4,"T","T","pineb101","bohns101","T","T",8,3,18,0,0,0,0,0,0,"gowdh101","","",0,0,0,0,0,0,0,0,0,0,0,0,0,"","F","F","F","F",0,5,0,0,1,0,0,0,0,0,F,F,"1924NY1.EVN.regular.event.csv",4010
"NY1192409162","CIN",3,0,2,0,0,"",2,0,"bresr101","?","bresr101","?","barnv101","?","barnv101","?","gowdh101","terrb101","frisf101","grohh101","jackt101","wilsh102","kellg101","younr101","","","rouse101","S9/G3L.3-H(UR)","F","F",7,5,20,"T","T",1,"F","F",0,"F","F",1,"F","F",9,"G","F","F","3L",0,0,"N",0,"N",0,"N",1,0,0,5,"","","","","F","F","F","F","F","F","F","F","F","","","barnv101","F","F","F","F","F","","","","",0,0,0,0,0,0,0,0,0,21,"NY1","CIN","NY1",0,"F","F",2,0,2,13,5,"F","F",4,1,"T","T","pineb101","bohns101","T","T",0,0,0,0,0,0,8,3,18,"","","gowdh101",0,0,0,0,0,0,0,0,0,0,0,0,1,"younr101","F","F","F","F",0,0,0,5,0,0,0,0,0,0,F,F,"1924NY1.EVN.regular.event.csv",4011
"NY1192409162","CIN",3,0,2,0,0,"",3,0,"pineb101","?","pineb101","?","barnv101","?","barnv101","?","gowdh101","terrb101","frisf101","grohh101","jackt101","wilsh102","kellg101","younr101","bresr101","","","9/L","F","F",5,6,2,"T","T",0,"F","F",1,"F","F",0,"F","F",9,"L","F","F","",0,0,"N",0,"N",0,"N",0,1,0,0,"9","","","","F","F","F","F","F","F","F","F","F","barnv101","","","F","F","F","F","F","","","","",0,9,0,0,0,0,0,0,0,22,"NY1","CIN","NY1",0,"F","T",3,0,3,14,6,"T","F",1,1,"T","T","bohns101","hargb101","T","T",7,5,21,0,0,0,0,0,0,"gowdh101","","",0,0,0,0,0,0,0,0,0,0,0,0,0,"younr101","F","F","F","F",0,0,0,0,0,0,0,0,0,0,F,F,"1924NY1.EVN.regular.event.csv",4012
"NY1192409162","CIN",3,1,0,0,0,"",3,0,"jackt101","?","jackt101","?","donop102","?","donop102","?","hargb101","daubj101","crith101","pineb101","bohns101","bresr101","rouse101","walkc101","","","","S7/L7DW","T","F",6,7,20,"T","T",1,"F","F",0,"F","F",0,"F","F",7,"L","F","F","7DW",0,0,"N",0,"N",0,"N",1,0,0,0,"","","","","F","F","F","F","F","F","F","F","F","","","","F","F","F","F","F","","","","",0,0,0,0,0,0,0,0,0,23,"NY1","NY1","CIN",1,"T","F",0,3,0,6,0,"T","F",0,1,"T","T","gowdh101","barnv101","T","T",0,0,0,0,0,0,0,0,0,"","","",0,0,0,0,0,0,0,0,0,0,0,0,0,"bresr101","F","F","F","F",0,0,0,0,0,0,0,0,0,0,F,F,"1924NY1.EVN.regular.event.csv",4013
"NY1192409162","CIN",3,1,0,0,0,"",3,0,"gowdh101","?","gowdh101","?","donop102","?","donop102","?","hargb101","daubj101","crith101","pineb101","bohns101","bresr101","rouse101","walkc101","jackt101","","","5/P","F","F",2,8,2,"T","T",0,"F","F",1,"F","F",0,"F","F",5,"P","F","F","",0,0,"N",0,"N",0,"N",0,1,0,0,"5","","","","F","F","F","F","F","F","F","F","F","donop102","","","F","F","F","F","F","","","","",0,5,0,0,0,0,0,0,0,24,"NY1","NY1","CIN",1,"F","F",0,3,0,7,1,"T","F",1,1,"T","T","barnv101","grohh101","T","T",6,7,23,0,0,0,0,0,0,"hargb101","","",0,0,0,0,0,0,0,0,0,0,0,0,0,"pineb101","F","F","F","F",0,0,0,0,0,0,0,0,0,0,F,F,"1924NY1.EVN.regular.event.csv",4014
"NY1192409162","CIN",3,1,1,0,0,"",3,0,"barnv101","?","barnv101","?","donop102","?","donop102","?","hargb101","daubj101","crith101","pineb101","bohns101","bresr101","rouse101","walkc101","jackt101","","","W.1-2","F","F",1,9,14,"T","F",0,"F","F",0,"F","F",0,"F","F",0,"","F","F","",0,0,"N",0,"N",0,"N",1,2,0,0,"","","","","F","F","F","F","F","F","F","F","F","donop102","","","F","F","F","F","F","","","","",0,0,0,0,0,0,0,0,0,25,"NY1","NY1","CIN",1,"F","F",0,3,0,8,2,"T","F",1,3,"T","T","grohh101","frisf101","T","T",6,7,23,0,0,0,0,0,0,"hargb101","","",0,0,0,0,0,0,0,0,0,0,0,0,0,"","F","F","F","F",0,0,0,0,0,0,0,0,0,0,F,F,"1924NY1.EVN.regular.event.csv",4015
"NY1192409162","CIN",3,1,1,0,0,"",3,0,"grohh101","?","grohh101","?","donop102","?","donop102","?","hargb101","daubj101","crith101","pineb101","bohns101","bresr101","rouse101","walkc101","barnv101","jackt101","","W.2-3;1-2","F","F",5,1,14,"T","F",0,"F","F",0,"F","F",0,"F","F",0,"","F","F","",0,0,"N",0,"N",0,"N",1,2,3,0,"","","","","F","F","F","F","F","F","F","F","F","donop102","donop102","","F","F","F","F","F","","","","",0,0,0,0,0,0,0,0,0,26,"NY1","NY1","CIN",1,"F","F",0,3,0,9,3,"T","F",3,7,"T","T","frisf101","younr101","T","T",1,9,25,6,7,23,0,0,0,"hargb101","hargb101","",0,0,0,0,0,0,0,0,0,0,0,0,0,"","F","F","F","F",0,0,0,0,0,0,0,0,0,0,F,F,"1924NY1.EVN.regular.event.csv",4016
"NY1192409162","CIN",3,1,1,0,0,"",3,0,"frisf101","?","frisf101","?","donop102","?","donop102","?","hargb101","daubj101","crith101","pineb101","bohns101","bresr101","rouse101","walkc101","grohh101","barnv101","jackt101","52(3)/FO.2-3;1-2","F","F",4,2,2,"T","T",0,"F","F",1,"F","F",0,"F","F",5,"G","F","F","",0,0,"N",0,"N",0,"N",1,2,3,0,"","","","52","F","F","F","F","F","F","F","F","F","donop102","donop102","donop102","F","F","F","F","F","","","","",0,2,0,0,5,0,0,0,0,27,"NY1","NY1","CIN",1,"F","F",0,3,0,10,4,"T","F",7,7,"T","T","younr101","kellg101","T","T",5,1,26,1,9,25,6,7,23,"hargb101","hargb101","hargb101",0,0,0,0,0,0,0,0,0,0,0,0,0,"pineb101","F","F","T","F",0,0,0,0,0,0,0,0,0,0,F,F,"1924NY1.EVN.regular.event.csv",4017
"NY1192409162","CIN",3,1,2,0,0,"",3,0,"younr101","?","younr101","?","donop102","?","donop102","?","hargb101","daubj101","crith101","pineb101","bohns101","bresr101","rouse101","walkc101","frisf101","grohh101","barnv101","8/L","F","F",9,3,2,"T","T",0,"F","F",1,"F","F",0,"F","F",8,"L","F","F","",0,0,"N",0,"N",0,"N",0,1,2,3,"8","","","","F","F","F","F","F","F","F","F","F","donop102","donop102","donop102","F","F","F","F","F","","","","",0,8,0,0,0,0,0,0,0,28,"NY1","NY1","CIN",1,"F","T",0,3,0,11,5,"T","F",7,7,"T","T","kellg101","terrb101","T","T",4,2,27,5,1,26,1,9,25,"hargb101","hargb101","hargb101",0,0,0,0,0,0,0,0,0,0,0,0,0,"rouse101","F","F","F","F",0,0,0,0,0,0,0,0,0,0,F,F,"1924NY1.EVN.regular.event.csv",4018
"NY1192409162","CIN",4,0,0,0,0,"",3,0,"bohns101","?","bohns101","?","barnv101","?","barnv101","?","gowdh101","terrb101","frisf101","grohh101","jackt101","wilsh102","kellg101","younr101","","","","7/FL","T","F",6,7,2,"T","T",0,"F","F",1,"F","F",0,"F","F",7,"F","F","T","",0,0,"N",0,"N",0,"N",0,0,0,0,"7","","","","F","F","F","F","F","F","F","F","F","","","","F","F","F","F","F","","","","",0,7,0,0,0,0,0,0,0,29,"NY1","CIN","NY1",0,"T","F",3,0,0,15,0,"T","F",0,0,"T","T","hargb101","donop102","T","T",0,0,0,0,0,0,0,0,0,"","","",0,0,0,0,0,0,0,0,0,0,0,0,0,"wilsh102","F","F","F","F",0,0,0,0,0,0,0,0,0,0,F,F,"1924NY1.EVN.regular.event.csv",4019
"NY1192409162","CIN",4,0,1,0,0,"",3,0,"hargb101","?","hargb101","?","barnv101","?","barnv101","?","gowdh101","terrb101","frisf101","grohh101","jackt101","wilsh102","kellg101","younr101","","","","63","F","F",2,8,2,"T","T",0,"F","F",1,"F","F",0,"F","F",6,"G","F","F","",0,0,"N",0,"N",0,"N",0,0,0,0,"63","","","","F","F","F","F","F","F","F","F","F","","","","F","F","F","F","F","","","","",0,3,0,0,6,0,0,0,0,30,"NY1","CIN","NY1",0,"F","F",3,0,0,16,1,"T","F",0,0,"T","T","donop102","crith101","T","T",0,0,0,0,0,0,0,0,0,"","","",0,0,0,0,0,0,0,0,0,0,0,0,0,"jackt101","F","F","F","F",0,0,0,0,0,0,0,0,0,0,F,F,"1924NY1.EVN.regular.event.csv",4020
"NY1192409162","CIN",4,0,2,0,0,"",3,0,"donop102","?","donop102","?","barnv101","?","barnv101","?","gowdh101","terrb101","frisf101","grohh101","jackt101","wilsh102","kellg101","younr101","","","","63","F","F",1,9,2,"T","T",0,"F","F",1,"F","F",0,"F","F",6,"G","F","F","",0,0,"N",0,"N",0,"N",0,0,0,0,"63","","","","F","F","F","F","F","F","F","F","F","","","","F","F","F","F","F","","","","",0,3,0,0,6,0,0,0,0,31,"NY1","CIN","NY1",0,"F","T",3,0,0,17,2,"T","F",0,0,"T","T","crith101","daubj101","T","T",0,0,0,0,0,0,0,0,0,"","","",0,0,0,0,0,0,0,0,0,0,0,0,0,"jackt101","F","F","F","F",0,0,0,0,0,0,0,0,0,0,F,F,"1924NY1.EVN.regular.event.csv",4021
"NY1192409162","CIN",4,1,0,0,0,"",3,0,"kellg101","?","kellg101","?","donop102","?","donop102","?","hargb101","daubj101","crith101","pineb101","bohns101","bresr101","rouse101","walkc101","","","","63","T","F",8,4,2,"T","T",0,"F","F",1,"F","F",0,"F","F",6,"G","F","F","",0,0,"N",0,"N",0,"N",0,0,0,0,"63","","","","F","F","F","F","F","F","F","F","F","","","","F","F","F","F","F","","","","",0,3,0,0,6,0,0,0,0,32,"NY1","NY1","CIN",1,"T","F",0,3,0,12,0,"T","F",0,0,"T","T","terrb101","wilsh102","T","T",0,0,0,0,0,0,0,0,0,"","","",0,0,0,0,0,0,0,0,0,0,0,0,0,"bohns101","F","F","F","F",0,0,0,0,0,0,0,0,0,0,F,F,"1924NY1.EVN.regular.event.csv",4022
"NY1192409162","CIN",4,1,1,0,0,"",3,0,"terrb101","?","terrb101","?","donop102","?","donop102","?","hargb101","daubj101","crith101","pineb101","bohns101","bresr101","rouse101","walkc101","","","","43","F","F",3,5,2,"T","T",0,"F","F",1,"F","F",0,"F","F",4,"G","F","F","",0,0,"N",0,"N",0,"N",0,0,0,0,"43","","","","F","F","F","F","F","F","F","F","F","","","","F","F","F","F","F","","","","",0,3,0,0,4,0,0,0,0,33,"NY1","NY1","CIN",1,"F","F",0,3,0,13,1,"T","F",0,0,"T","T","wilsh102","jackt101","T","T",0,0,0,0,0,0,0,0,0,"","","",0,0,0,0,0,0,0,0,0,0,0,0,0,"crith101","F","F","F","F",0,0,0,0,0,0,0,0,0,0,F,F,"1924NY1.EVN.regular.event.csv",4023
"NY1192409162","CIN",4,1,2,0,0,"",3,0,"wilsh102","?","wilsh102","?","donop102","?","donop102","?","hargb101","daubj101","crith101","pineb101","bohns101","bresr101","rouse101","walkc101","","","","63","F","F",7,6,2,"T","T",0,"F","F",1,"F","F",0,"F","F",6,"G","F","F","",0,0,"N",0,"N",0,"N",0,0,0,0,"63","","","","F","F","F","F","F","F","F","F","F","","","","F","F","F","F","F","","","","",0,3,0,0,6,0,0,0,0,34,"NY1","NY1","CIN",1,"F","T",0,3,0,14,2,"T","F",0,0,"T","T","jackt101","gowdh101","T","T",0,0,0,0,0,0,0,0,0,"","","",0,0,0,0,0,0,0,0,0,0,0,0,0,"bohns101","F","F","F","F",0,0,0,0,0,0,0,0,0,0,F,F,"1924NY1.EVN.regular.event.csv",4024
"NY1192409162","CIN",5,0,0,0,0,"",3,0,"crith101","?","crith101","?","barnv101","?","barnv101","?","gowdh101","terrb101","frisf101","grohh101","jackt101","wilsh102","kellg101","younr101","","","","13","T","F",4,1,2,"T","T",0,"F","F",1,"F","F",0,"F","F",1,"G","F","F","",0,0,"N",0,"N",0,"N",0,0,0,0,"13","","","","F","F","F","F","F","F","F","F","F","","","","F","F","F","F","F","","","","",0,3,0,0,1,0,0,0,0,35,"NY1","CIN","NY1",0,"T","F",3,0,0,18,0,"T","F",0,0,"T","T","daubj101","rouse101","T","T",0,0,0,0,0,0,0,0,0,"","","",0,0,0,0,0,0,0,0,0,0,0,0,0,"barnv101","F","F","F","F",0,0,0,0,0,0,0,0,0,0,F,F,"1924NY1.EVN.regular.event.csv",4025
"NY1192409162","CIN",5,0,1,0,0,"",3,0,"daubj101","?","daubj101","?","barnv101","?","barnv101","?","gowdh101","terrb101","frisf101","grohh101","jackt101","wilsh102","kellg101","younr101","","","","3/G","F","F",3,2,2,"T","T",0,"F","F",1,"F","F",0,"F","F",3,"G","F","F","",0,0,"N",0,"N",0,"N",0,0,0,0,"3","","","","F","F","F","F","F","F","F","F","F","","","","F","F","F","F","F","","","","",0,3,0,0,0,0,0,0,0,36,"NY1","CIN","NY1",0,"F","F",3,0,0,19,1,"T","F",0,0,"T","T","rouse101","walkc101","T","T",0,0,0,0,0,0,0,0,0,"","","",0,0,0,0,0,0,0,0,0,0,0,0,0,"terrb101","F","F","F","F",0,0,0,0,0,0,0,0,0,0,F,F,"1924NY1.EVN.regular.event.csv",4026
"NY1192409162","CIN",5,0,2,0,0,"",3,0,"rouse101","?","rouse101","?","barnv101","?","barnv101","?","gowdh101","terrb101","frisf101","grohh101","jackt101","wilsh102","kellg101","younr101","","","","S6/G","F","F",8,3,20,"T","T",1,"F","F",0,"F","F",0,"F","F",6,"G","F","F","",0,0,"N",0,"N",0,"N",1,0,0,0,"","","","","F","F","F","F","F","F","F","F","F","","","","F","F","F","F","F","","","","",0,0,0,0,0,0,0,0,0,37,"NY1","CIN","NY1",0,"F","F",3,0,0,20,2,"T","F",0,1,"T","T","walkc101","bresr101","T","T",0,0,0,0,0,0,0,0,0,"","","",0,0,0,0,0,0,0,0,0,0,0,0,0,"jackt101","F","F","F","F",0,0,0,0,0,0,0,0,0,0,F,F,"1924NY1.EVN.regular.event.csv",4027
"NY1192409162","CIN",5,0,2,0,0,"",3,0,"walkc101","?","walkc101","?","barnv101","?","barnv101","?","gowdh101","terrb101","frisf101","grohh101","jackt101","wilsh102","kellg101","younr101","rouse101","","","PO1(136)","F","F",9,4,8,"F","F",0,"F","F",1,"F","F",0,"F","F",0,"","F","F","",0,0,"N",0,"N",0,"N",0,0,0,0,"","136","","","F","F","F","F","F","F","T","F","F","barnv101","","","F","F","F","F","F","","","","",0,6,0,0,1,3,0,0,0,38,"NY1","CIN","NY1",0,"F","T",3,0,0,21,3,"T","T",1,0,"T","T","bresr101","pineb101","T","T",8,3,37,0,0,0,0,0,0,"gowdh101","","",0,0,0,0,0,0,0,0,0,0,0,0,0,"","F","F","F","F",0,0,0,0,0,0,0,0,0,0,F,F,"1924NY1.EVN.regular.event.csv",4028
"NY1192409162","CIN",5,1,0,0,0,"",3,0,"jackt101","?","jackt101","?","donop102","?","donop102","?","hargb101","daubj101","crith101","pineb101","bohns101","bresr101","rouse101","walkc101","","","","8/F","T","F",6,7,2,"T","T",0,"F","F",1,"F","F",0,"F","F",8,"F","F","F","",0,0,"N",0,"N",0,"N",0,0,0,0,"8","","","","F","F","F","F","F","F","F","F","F","","","","F","F","F","F","F","","","","",0,8,0,0,0,0,0,0,0,39,"NY1","NY1","CIN",1,"T","F",0,3,0,15,0,"T","F",0,0,"T","T","gowdh101","barnv101","T","T",0,0,0,0,0,0,0,0,0,"","","",0,0,0,0,0,0,0,0,0,0,0,0,0,"rouse101","F","F","F","F",0,0,0,0,0,0,0,0,0,0,F,F,"1924NY1.EVN.regular.event.csv",4029
"NY1192409162","CIN",5,1,1,0,0,"",3,0,"gowdh101","?","gowdh101","?","donop102","?","donop102","?","hargb101","daubj101","crith101","pineb101","bohns101","bresr101","rouse101","walkc101","","","","63","F","F",2,8,2,"T","T",0,"F","F",1,"F","F",0,"F","F",6,"G","F","F","",0,0,"N",0,"N",0,"N",0,0,0,0,"63","","","","F","F","F","F","F","F","F","F","F","","","","F","F","F","F","F","","","","",0,3,0,0,6,0,0,0,0,40,"NY1","NY1","CIN",1,"F","F",0,3,0,16,1,"T","F",0,0,"T","T","barnv101","grohh101","T","T",0,0,0,0,0,0,0,0,0,"","","",0,0,0,0,0,0,0,0,0,0,0,0,0,"bohns101","F","F","F","F",0,0,0,0,0,0,0,0,0,0,F,F,"1924NY1.EVN.regular.event.csv",4030
"NY1192409162","CIN",5,1,2,0,0,"",3,0,"barnv101","?","barnv101","?","donop102","?","donop102","?","hargb101","daubj101","crith101","pineb101","bohns101","bresr101","rouse101","walkc101","","","","K/C","F","F",1,9,3,"T","T",0,"F","F",1,"F","F",0,"F","F",0,"","F","F","",0,0,"N",0,"N",0,"N",0,0,0,0,"2","","","","F","F","F","F","F","F","F","F","F","","","","F","F","F","F","F","","","","",0,2,0,0,0,0,0,0,0,41,"NY1","NY1","CIN",1,"F","T",0,3,0,17,2,"T","F",0,0,"T","T","grohh101","frisf101","T","T",0,0,0,0,0,0,0,0,0,"","","",0,0,0,0,0,0,0,0,0,0,0,0,0,"","F","F","F","F",0,0,0,0,0,0,0,0,0,0,F,F,"1924NY1.EVN.regular.event.csv",4031
"NY1192409162","CIN",6,0,0,0,0,"",3,0,"walkc101","?","walkc101","?","barnv101","?","barnv101","?","gowdh101","terrb101","frisf101","grohh101","jackt101","wilsh102","kellg101","younr101","","","","E6/G","T","F",9,4,18,"T","T",0,"F","F",0,"F","F",0,"F","F",6,"G","F","F","",1,6,"F",0,"N",0,"N",1,0,0,0,"","","","","F","F","F","F","F","F","F","F","F","","","","F","F","F","F","F","","","","",0,0,0,0,0,0,0,0,0,42,"NY1","CIN","NY1",0,"T","F",3,0,0,21,0,"T","F",0,1,"T","T","bresr101","pineb101","T","T",0,0,0,0,0,0,0,0,0,"","","",0,0,0,0,0,0,0,0,0,0,0,0,0,"jackt101","F","F","F","T",0,0,0,0,0,0,0,0,0,0,F,F,"1924NY1.EVN.regular.event.csv",4032
"NY1192409162","CIN",6,0,0,0,0,"",3,0,"bresr101","?","bresr101","?","barnv101","?","barnv101","?","gowdh101","terrb101","frisf101","grohh101","jackt101","wilsh102","kellg101","younr101","walkc101","","","4(1)3/GDP","F","F",7,5,2,"T","T",0,"F","F",2,"T","F",0,"F","F",4,"G","F","F","",0,0,"N",0,"N",0,"N",0,0,0,0,"43","4","","","F","F","F","F","F","F","F","F","F","barnv101","","","F","F","F","F","F","","","","",0,4,3,0,4,0,0,0,0,43,"NY1","CIN","NY1",0,"F","F",3,0,0,22,1,"T","F",1,0,"T","T","pineb101","bohns101","T","T",9,4,42,0,0,0,0,0,0,"gowdh101","","",0,0,0,0,0,0,0,0,0,0,0,0,0,"frisf101","T","F","F","F",0,0,0,0,0,0,0,0,0,0,F,F,"1924NY1.EVN.regular.event.csv",4033
"NY1192409162","CIN",6,0,2,0,0,"",3,0,"pineb101","?","pineb101","?","barnv101","?","barnv101","?","gowdh101","terrb101","frisf101","grohh101","jackt101","wilsh102","kellg101","younr101","","","","S4/G","F","F",5,6,20,"T","T",1,"F","F",0,"F","F",0,"F","F",4,"G","F","F","",0,0,"N",0,"N",0,"N",1,0,0,0,"","","","","F","F","F","F","F","F","F","F","F","","","","F","F","F","F","F","","","","",0,0,0,0,0,0,0,0,0,44,"NY1","CIN","NY1",0,"F","F",3,0,0,23,2,"T","F",0,1,"T","T","bohns101","hargb101","T","T",0,0,0,0,0,0,0,0,0,"","","",0,0,0,0,0,0,0,0,0,0,0,0,0,"frisf101","F","F","F","F",0,0,0,0,0,0,0,0,0,0,F,F,"1924NY1.EVN.regular.event.csv",4034
"NY1192409162","CIN",6,0,2,0,0,"",3,0,"bohns101","?","bohns101","?","barnv101","?","barnv101","?","gowdh101","terrb101","frisf101","grohh101","jackt101","wilsh102","kellg101","younr101","pineb101","","","CS2(24)","F","F",6,7,6,"F","F",0,"F","F",1,"F","F",0,"F","F",0,"","F","F","",0,0,"N",0,"N",0,"N",0,0,0,0,"","24","","","F","F","F","T","F","F","F","F","F","barnv101","","","F","F","F","F","F","","","","",0,4,0,0,2,0,0,0,0,45,"NY1","CIN","NY1",0,"F","T",3,0,0,24,3,"T","T",1,0,"T","T","hargb101","donop102","T","T",5,6,44,0,0,0,0,0,0,"gowdh101","","",0,0,0,0,0,0,0,0,0,0,0,0,0,"","F","F","F","F",0,0,0,0,0,0,0,0,0,0,F,F,"1924NY1.EVN.regular.event.csv",4035
"NY1192409162","CIN",6,1,0,0,0,"",3,0,"grohh101","?","grohh101","?","donop102","?","donop102","?","hargb101","daubj101","crith101","pineb101","bohns101","bresr101","rouse101","walkc101","","","","43","T","F",5,1,2,"T","T",0,"F","F",1,"F","F",0,"F","F",4,"G","F","F","",0,0,"N",0,"N",0,"N",0,0,0,0,"43","","","","F","F","F","F","F","F","F","F","F","","","","F","F","F","F","F","","","","",0,3,0,0,4,0,0,0,0,46,"NY1","NY1","CIN",1,"T","F",0,3,0,18,0,"T","F",0,0,"T","T","frisf101","younr101","T","T",0,0,0,0,0,0,0,0,0,"","","",0,0,0,0,0,0,0,0,0,0,0,0,0,"crith101","F","F","F","F",0,0,0,0,0,0,0,0,0,0,F,F,"1924NY1.EVN.regular.event.csv",4036
"NY1192409162","CIN",6,1,1,0,0,"",3,0,"frisf101","?","frisf101","?","donop102","?","donop102","?","hargb101","daubj101","crith101","pineb101","bohns101","bresr101","rouse101","walkc101","","","","8/F","F","F",4,2,2,"T","T",0,"F","F",1,"F","F",0,"F","F",8,"F","F","F","",0,0,"N",0,"N",0,"N",0,0,0,0,"8","","","","F","F","F","F","F","F","F","F","F","","","","F","F","F","F","F","","","","",0,8,0,0,0,0,0,0,0,47,"NY1","NY1","CIN",1,"F","F",0,3,0,19,1,"T","F",0,0,"T","T","younr101","kellg101","T","T",0,0,0,0,0,0,0,0,0,"","","",0,0,0,0,0,0,0,0,0,0,0,0,0,"rouse101","F","F","F","F",0,0,0,0,0,0,0,0,0,0,F,F,"1924NY1.EVN.regular.event.csv",4037
"NY1192409162","CIN",6,1,2,0,0,"",3,0,"younr101","?","younr101","?","donop102","?","donop102","?","hargb101","daubj101","crith101","pineb101","bohns101","bresr101","rouse101","walkc101","","","","43","F","F",9,3,2,"T","T",0,"F","F",1,"F","F",0,"F","F",4,"G","F","F","",0,0,"N",0,"N",0,"N",0,0,0,0,"43","","","","F","F","F","F","F","F","F","F","F","","","","F","F","F","F","F","","","","",0,3,0,0,4,0,0,0,0,48,"NY1","NY1","CIN",1,"F","T",0,3,0,20,2,"T","F",0,0,"T","T","kellg101","terrb101","T","T",0,0,0,0,0,0,0,0,0,"","","",0,0,0,0,0,0,0,0,0,0,0,0,0,"crith101","F","F","F","F",0,0,0,0,0,0,0,0,0,0,F,F,"1924NY1.EVN.regular.event.csv",4038
"NY1192409162","CIN",7,0,0,0,0,"",3,0,"bohns101","?","bohns101","?","barnv101","?","barnv101","?","gowdh101","terrb101","frisf101","grohh101","jackt101","wilsh102","kellg101","younr101","","","","13","T","F",6,7,2,"T","T",0,"F","F",1,"F","F",0,"F","F",1,"G","F","F","",0,0,"N",0,"N",0,"N",0,0,0,0,"13","","","","F","F","F","F","F","F","F","F","F","","","","F","F","F","F","F","","","","",0,3,0,0,1,0,0,0,0,49,"NY1","CIN","NY1",0,"T","F",3,0,0,24,0,"T","F",0,0,"T","T","hargb101","donop102","T","T",0,0,0,0,0,0,0,0,0,"","","",0,0,0,0,0,0,0,0,0,0,0,0,0,"barnv101","F","F","F","F",0,0,0,0,0,0,0,0,0,0,F,F,"1924NY1.EVN.regular.event.csv",4039
"NY1192409162","CIN",7,0,1,0,0,"",3,0,"hargb101","?","hargb101","?","barnv101","?","barnv101","?","gowdh101","terrb101","frisf101","grohh101","jackt101","wilsh102","kellg101","younr101","","","","8/F","F","F",2,8,2,"T","T",0,"F","F",1,"F","F",0,"F","F",8,"F","F","F","",0,0,"N",0,"N",0,"N",0,0,0,0,"8","","","","F","F","F","F","F","F","F","F","F","","","","F","F","F","F","F","","","","",0,8,0,0,0,0,0,0,0,50,"NY1","CIN","NY1",0,"F","F",3,0,0,25,1,"T","F",0,0,"T","T","donop102","crith101","T","T",0,0,0,0,0,0,0,0,0,"","","",0,0,0,0,0,0,0,0,0,0,0,0,0,"kellg101","F","F","F","F",0,0,0,0,0,0,0,0,0,0,F,F,"1924NY1.EVN.regular.event.csv",4040
"NY1192409162","CIN",7,0,2,0,0,"",3,0,"donop102","?","donop102","?","barnv101","?","barnv101","?","gowdh101","terrb101","frisf101","grohh101","jackt101","wilsh102","kellg101","younr101","","","","S","F","F",1,9,20,"T","T",1,"F","F",0,"F","F",0,"F","F",0,"","F","F","",0,0,"N",0,"N",0,"N",1,0,0,0,"","","","","F","F","F","F","F","F","F","F","F","","","","F","F","F","F","F","","","","",0,0,0,0,0,0,0,0,0,51,"NY1","CIN","NY1",0,"F","F",3,0,0,26,2,"T","F",0,1,"T","T","crith101","daubj101","T","T",0,0,0,0,0,0,0,0,0,"","","",0,0,0,0,0,0,0,0,0,0,0,0,0,"","F","F","F","F",0,0,0,0,0,0,0,0,0,0,F,F,"1924NY1.EVN.regular.event.csv",4041
"NY1192409162","CIN",7,0,2,0,0,"",3,0,"crith101","?","crith101","?","barnv101","?","barnv101","?","gowdh101","terrb101","frisf101","grohh101","jackt101","wilsh102","kellg101","younr101","donop102","","","S.1-2","F","F",4,1,20,"T","T",1,"F","F",0,"F","F",0,"F","F",0,"","F","F","",0,0,"N",0,"N",0,"N",1,2,0,0,"","","","","F","F","F","F","F","F","F","F","F","barnv101","","","F","F","F","F","F","","","","",0,0,0,0,0,0,0,0,0,52,"NY1","CIN","NY1",0,"F","F",3,0,0,27,3,"T","F",1,3,"T","T","daubj101","rouse101","T","T",1,9,51,0,0,0,0,0,0,"gowdh101","","",0,0,0,0,0,0,0,0,0,0,0,0,0,"","F","F","F","F",0,0,0,0,0,0,0,0,0,0,F,F,"1924NY1.EVN.regular.event.csv",4042
"NY1192409162","CIN",7,0,2,0,0,"",3,0,"daubj101","?","daubj101","?","barnv101","?","barnv101","?","gowdh101","terrb101","frisf101","grohh101","jackt101","wilsh102","kellg101","younr101","crith101","donop102","","S8.2XH(82);1-2","F","F",3,2,20,"T","T",1,"F","F",1,"F","F",0,"F","F",8,"","F","F","",0,0,"N",0,"N",0,"N",1,2,0,0,"","","82","","F","F","F","F","F","F","F","F","F","barnv101","barnv101","","F","F","F","F","F","","","","",0,2,0,0,8,0,0,0,0,53,"NY1","CIN","NY1",0,"F","T",3,0,0,28,4,"T","F",3,3,"T","T","rouse101","walkc101","T","T",4,1,52,1,9,51,0,0,0,"gowdh101","gowdh101","",0,0,0,0,0,0,0,0,0,0,0,0,0,"kellg101","F","F","F","F",0,0,0,0,0,0,0,0,0,0,F,F,"1924NY1.EVN.regular.event.csv",4043
"NY1192409162","CIN",7,1,0,0,0,"",3,0,"kellg101","?","kellg101","?","donop102","?","donop102","?","hargb101","daubj101","crith101","pineb101","bohns101","bresr101","rouse101","walkc101","","","","HR/F7D","T","F",8,4,23,"T","T",4,"F","F",0,"F","F",1,"F","F",0,"F","F","F","7D",0,0,"N",0,"N",0,"N",4,0,0,0,"","","","","F","F","F","F","F","F","F","F","F","","","","F","F","F","F","F","","","","",0,0,0,0,0,0,0,0,0,54,"NY1","NY1","CIN",1,"T","F",0,3,0,21,0,"T","F",0,0,"T","T","terrb101","wilsh102","T","T",0,0,0,0,0,0,0,0,0,"","","",0,0,0,0,0,0,0,0,0,0,0,0,1,"","F","F","F","F",4,0,0,0,0,0,0,0,0,0,F,F,"1924NY1.EVN.regular.event.csv",4044
"NY1192409162","CIN",7,1,0,0,0,"",3,1,"terrb101","?","terrb101","?","donop102","?","donop102","?","hargb101","daubj101","crith101","pineb101","bohns101","bresr101","rouse101","walkc101","","","","S","F","F",3,5,20,"T","T",1,"F","F",0,"F","F",0,"F","F",0,"","F","F","",0,0,"N",0,"N",0,"N",1,0,0,0,"","","","","F","F","F","F","F","F","F","F","F","","","","F","F","F","F","F","","","","",0,0,0,0,0,0,0,0,0,55,"NY1","NY1","CIN",1,"F","F",1,3,1,22,1,"T","F",0,1,"T","T","wilsh102","jackt101","T","T",0,0,0,0,0,0,0,0,0,"","","",0,0,0,0,0,0,0,0,0,0,0,0,0,"","F","F","F","F",0,0,0,0,0,0,0,0,0,0,F,F,"1924NY1.EVN.regular.event.csv",4045
"NY1192409162","CIN",7,1,0,0,0,"",3,1,"wilsh102","?","wilsh102","?","donop102","?","donop102","?","hargb101","daubj101","crith101","pineb101","bohns101","bresr101","rouse101","walkc101","terrb101","","","S.1-2","F","F",7,6,20,"T","T",1,"F","F",0,"F","F",0,"F","F",0,"","F","F","",0,0,"N",0,"N",0,"N",1,2,0,0,"","","","","F","F","F","F","F","F","F","F","F","donop102","","","F","F","F","F","F","","","","",0,0,0,0,0,0,0,0,0,56,"NY1","NY1","CIN",1,"F","F",1,3,1,23,2,"T","F",1,3,"T","T","jackt101","gowdh101","T","T",3,5,55,0,0,0,0,0,0,"hargb101","","",0,0,0,0,0,0,0,0,0,0,0,0,0,"","F","F","F","F",0,0,0,0,0,0,0,0,0,0,F,F,"1924NY1.EVN.regular.event.csv",4046
"NY1192409162","CIN",7,1,0,0,0,"",3,1,"jackt101","?","jackt101","?","may-j102","?","may-j102","?","hargb101","daubj101","crith101","pineb101","bohns101","bresr101","rouse101","walkc101","wilsh102","terrb101","","4/P","F","F",6,7,2,"T","T",0,"F","F",1,"F","F",0,"F","F",4,"P","F","F","",0,0,"N",0,"N",0,"N",0,1,2,0,"4","","","","F","F","F","F","F","F","F","F","F","donop102","donop102","","F","F","F","F","F","","","","",0,4,0,0,0,0,0,0,0,57,"NY1","NY1","CIN",1,"F","F",1,3,1,24,3,"T","F",3,3,"T","T","gowdh101","barnv101","F","F",7,6,56,3,5,55,0,0,0,"hargb101","hargb101","",0,0,0,0,0,0,0,0,0,0,0,0,0,"crith101","F","F","F","F",0,0,0,0,0,0,0,0,0,0,F,F,"1924NY1.EVN.regular.event.csv",4047
"NY1192409162","CIN",7,1,1,0,0,"",3,1,"gowdh101","?","gowdh101","?","may-j102","?","may-j102","?","hargb101","daubj101","crith101","pineb101","bohns101","bresr101","rouse101","walkc101","wilsh102","terrb101","","54(1)3/GDP#","F","F",2,8,2,"T","T",0,"F","F",2,"T","F",0,"F","F",5,"G","F","F","",0,0,"N",0,"N",0,"N",0,0,2,0,"43","54","","","F","F","F","F","F","F","F","F","F","donop102","donop102","","F","F","F","F","F","","","","",0,4,3,0,5,4,0,0,0,58,"NY1","NY1","CIN",1,"F","T",1,3,1,25,4,"T","F",3,2,"T","T","barnv101","grohh101","F","F",7,6,56,3,5,55,0,0,0,"hargb101","hargb101","",0,0,0,0,0,0,0,0,0,0,0,0,0,"pineb101","T","F","F","F",0,0,0,0,0,0,0,0,0,0,F,T,"1924NY1.EVN.regular.event.csv",4048
"NY1192409162","CIN",8,0,0,0,0,"",3,1,"rouse101","?","rouse101","?","barnv101","?","barnv101","?","gowdh101","terrb101","frisf101","grohh101","jackt101","wilsh102","kellg101","younr101","","","","4/P","T","F",8,3,2,"T","T",0,"F","F",1,"F","F",0,"F","F",4,"P","F","F","",0,0,"N",0,"N",0,"N",0,0,0,0,"4","","","","F","F","F","F","F","F","F","F","F","","","","F","F","F","F","F","","","","",0,4,0,0,0,0,0,0,0,59,"NY1","CIN","NY1",0,"T","F",3,1,0,29,0,"T","F",0,0,"T","T","walkc101","bresr101","T","T",0,0,0,0,0,0,0,0,0,"","","",0,0,0,0,0,0,0,0,0,0,0,0,0,"frisf101","F","F","F","F",0,0,0,0,0,0,0,0,0,0,F,F,"1924NY1.EVN.regular.event.csv",4049
"NY1192409162","CIN",8,0,1,0,0,"",3,1,"walkc101","?","walkc101","?","barnv101","?","barnv101","?","gowdh101","terrb101","frisf101","grohh101","jackt101","wilsh102","kellg101","younr101","","","","S","F","F",9,4,20,"T","T",1,"F","F",0,"F","F",0,"F","F",0,"","F","F","",0,0,"N",0,"N",0,"N",1,0,0,0,"","","","","F","F","F","F","F","F","F","F","F","","","","F","F","F","F","F","","","","",0,0,0,0,0,0,0,0,0,60,"NY1","CIN","NY1",0,"F","F",3,1,0,30,1,"T","F",0,1,"T","T","bresr101","pineb101","T","T",0,0,0,0,0,0,0,0,0,"","","",0,0,0,0,0,0,0,0,0,0,0,0,0,"","F","F","F","F",0,0,0,0,0,0,0,0,0,0,F,F,"1924NY1.EVN.regular.event.csv",4050
"NY1192409162","CIN",8,0,1,0,0,"",3,1,"bresr101","?","bresr101","?","barnv101","?","barnv101","?","gowdh101","terrb101","frisf101","grohh101","jackt101","wilsh102","kellg101","younr101","walkc101","","","3/LDP.1X1(3)","F","F",7,5,2,"T","T",0,"F","F",2,"T","F",0,"F","F",3,"L","F","F","",0,0,"N",0,"N",0,"N",0,0,0,0,"3","3","","","F","F","F","F","F","F","F","F","F","barnv101","","","F","F","F","F","F","","","","",0,3,3,0,0,0,0,0,0,61,"NY1","CIN","NY1",0,"F","T",3,1,0,31,2,"T","F",1,0,"T","T","pineb101","bohns101","T","T",9,4,60,0,0,0,0,0,0,"gowdh101","","",0,0,0,0,0,0,0,0,0,0,0,0,0,"terrb101","F","F","F","F",0,0,0,0,0,0,0,0,0,0,F,F,"1924NY1.EVN.regular.event.csv",4051
"NY1192409162","CIN",8,1,0,0,0,"",3,1,"meusi101","?","meusi101","?","may-j102","?","may-j102","?","hargb101","daubj101","crith101","pineb101","bohns101","bresr101","rouse101","walkc101","","","","S5/G.B-2(E5/TH1)","T","T",11,9,20,"T","T",1,"F","F",0,"F","F",0,"F","F",5,"G","F","F","",1,5,"T",0,"N",0,"N",2,0,0,0,"","","","","F","F","F","F","F","F","F","F","F","","","","F","F","F","F","F","","","","barnv101",1,0,0,0,0,0,0,0,0,62,"NY1","NY1","CIN",1,"T","F",1,3,0,26,0,"T","F",0,2,"F","F","grohh101","frisf101","F","F",0,0,0,0,0,0,0,0,0,"","","",0,0,0,0,0,0,0,0,0,0,0,0,0,"pineb101","F","F","F","F",3,0,0,0,0,0,0,0,0,0,F,F,"1924NY1.EVN.regular.event.csv",4052
"NY1192409162","CIN",8,1,0,0,0,"",3,1,"grohh101","?","grohh101","?","may-j102","?","may-j102","?","hargb101","daubj101","crith101","pineb101","bohns101","bresr101","rouse101","walkc101","","meusi101","","S.2-3","F","F",5,1,20,"T","T",1,"F","F",0,"F","F",0,"F","F",0,"","F","F","",0,0,"N",0,"N",0,"N",1,0,3,0,"","","","","F","F","F","F","F","F","F","F","F","","may-j102","","F","F","F","F","F","","","","",0,0,0,0,0,0,0,0,0,63,"NY1","NY1","CIN",1,"F","F",1,3,0,27,1,"T","F",2,5,"T","T","frisf101","younr101","F","F",0,0,0,0,9,62,0,0,0,"","hargb101","",0,0,0,0,0,0,0,0,0,0,0,0,0,"","F","F","F","F",0,0,3,0,0,0,0,0,0,0,F,F,"1924NY1.EVN.regular.event.csv",4053
"NY1192409162","CIN",8,1,0,0,0,"",3,1,"frisf101","?","frisf101","?","may-j102","?","may-j102","?","hargb101","daubj101","crith101","pineb101","bohns101","bresr101","rouse101","walkc101","grohh101","","meusi101","3/G.3-3;1-2","F","F",4,2,2,"T","T",0,"F","F",1,"F","F",0,"F","F",3,"G","F","F","",0,0,"N",0,"N",0,"N",0,2,0,3,"3","","","","F","F","F","F","F","F","F","F","F","may-j102","","may-j102","F","F","F","F","F","","","","",0,3,0,0,0,0,0,0,0,64,"NY1","NY1","CIN",1,"F","F",1,3,0,28,2,"T","F",5,6,"T","T","younr101","kellg101","F","F",5,1,63,0,0,0,0,9,62,"hargb101","","hargb101",0,0,0,0,0,0,0,0,0,0,0,0,0,"daubj101","F","F","F","F",0,0,0,3,0,0,0,0,0,0,F,F,"1924NY1.EVN.regular.event.csv",4054
"NY1192409162","CIN",8,1,1,0,0,"",3,1,"younr101","?","younr101","?","may-j102","?","may-j102","?","hargb101","daubj101","crith101","pineb101","bohns101","bresr101","rouse101","walkc101","","grohh101","meusi101","K","F","F",9,3,3,"T","T",0,"F","F",1,"F","F",0,"F","F",0,"","F","F","",0,0,"N",0,"N",0,"N",0,0,2,3,"2","","","","F","F","F","F","F","F","F","F","F","","may-j102","may-j102","F","F","F","F","F","","","","",0,2,0,0,0,0,0,0,0,65,"NY1","NY1","CIN",1,"F","F",1,3,0,29,3,"T","F",6,6,"T","T","kellg101","terrb101","F","F",0,0,0,5,1,63,0,9,62,"","hargb101","hargb101",0,0,0,0,0,0,0,0,0,0,0,0,0,"","F","F","F","F",0,0,0,3,0,0,0,0,0,0,F,F,"1924NY1.EVN.regular.event.csv",4055
"NY1192409162","CIN",8,1,2,0,0,"",3,1,"kellg101","?","kellg101","?","may-j102","?","may-j102","?","hargb101","daubj101","crith101","pineb101","bohns101","bresr101","rouse101","walkc101","","grohh101","meusi101","IW","F","F",8,4,15,"T","F",0,"F","F",0,"F","F",0,"F","F",0,"","F","F","",0,0,"N",0,"N",0,"N",1,0,2,3,"","","","","F","F","F","F","F","F","F","F","F","","may-j102","may-j102","F","F","F","F","F","","","","",0,0,0,0,0,0,0,0,0,66,"NY1","NY1","CIN",1,"F","F",1,3,0,30,4,"T","F",6,7,"T","T","terrb101","wilsh102","F","F",0,0,0,5,1,63,0,9,62,"","hargb101","hargb101",0,0,0,0,0,0,0,0,0,0,0,0,0,"","F","F","F","F",1,0,0,3,0,0,0,0,0,0,F,F,"1924NY1.EVN.regular.event.csv",4056
"NY1192409162","CIN",8,1,2,0,0,"",3,1,"snydf101","?","snydf101","?","may-j102","?","may-j102","?","hargb101","daubj101","crith101","pineb101","bohns101","bresr101","rouse101","walkc101","kellg101","grohh101","meusi101","5(2)/FO","F","T",11,5,2,"T","T",0,"F","F",1,"F","F",0,"F","F",5,"G","F","F","",0,0,"N",0,"N",0,"N",1,1,0,3,"","","5","","F","F","F","F","F","F","F","F","F","may-j102","may-j102","may-j102","F","F","F","F","F","","","","terrb101",3,5,0,0,0,0,0,0,0,67,"NY1","NY1","CIN",1,"F","T",1,3,0,31,5,"T","F",7,5,"F","F","wilsh102","jackt101","F","F",8,4,66,5,1,63,11,9,62,"hargb101","hargb101","hargb101",0,0,0,0,0,0,0,0,0,0,0,0,0,"pineb101","F","T","F","F",1,1,0,3,0,0,0,0,0,0,F,F,"1924NY1.EVN.regular.event.csv",4057
"NY1192409162","CIN",9,0,0,0,0,"",3,1,"pineb101","?","pineb101","?","ryanr101","?","ryanr101","?","gowdh101","kellg101","frisf101","grohh101","jackt101","meusi101","wilsh102","younr101","","","","43","T","F",5,6,2,"T","T",0,"F","F",1,"F","F",0,"F","F",4,"G","F","F","",0,0,"N",0,"N",0,"N",0,0,0,0,"43","","","","F","F","F","F","F","F","F","F","F","","","","F","F","F","F","F","","","","",0,3,0,0,4,0,0,0,0,68,"NY1","CIN","NY1",0,"T","F",3,1,0,32,0,"T","F",0,0,"T","T","bohns101","hargb101","F","F",0,0,0,0,0,0,0,0,0,"","","",0,0,0,0,0,0,0,0,0,0,0,0,0,"frisf101","F","F","F","F",0,0,0,0,0,0,0,0,0,0,F,F,"1924NY1.EVN.regular.event.csv",4058
"NY1192409162","CIN",9,0,1,0,0,"",3,1,"bohns101","?","bohns101","?","ryanr101","?","ryanr101","?","gowdh101","kellg101","frisf101","grohh101","jackt101","meusi101","wilsh102","younr101","","","","6/P","F","F",6,7,2,"T","T",0,"F","F",1,"F","F",0,"F","F",6,"P","F","F","",0,0,"N",0,"N",0,"N",0,0,0,0,"6","","","","F","F","F","F","F","F","F","F","F","","","","F","F","F","F","F","","","","",0,6,0,0,0,0,0,0,0,69,"NY1","CIN","NY1",0,"F","F",3,1,0,33,1,"T","F",0,0,"T","T","hargb101","may-j102","F","F",0,0,0,0,0,0,0,0,0,"","","",0,0,0,0,0,0,0,0,0,0,0,0,0,"jackt101","F","F","F","F",0,0,0,0,0,0,0,0,0,0,F,F,"1924NY1.EVN.regular.event.csv",4059
"NY1192409162","CIN",9,0,2,0,0,"",3,1,"hargb101","?","hargb101","?","ryanr101","?","ryanr101","?","gowdh101","kellg101","frisf101","grohh101","jackt101","meusi101","wilsh102","younr101","","","","7/F","F","F",2,8,2,"T","T",0,"F","F",1,"F","F",0,"F","F",7,"F","F","F","",0,0,"N",0,"N",0,"N",0,0,0,0,"7","","","","F","F","F","F","F","F","F","F","F","","","","F","F","F","F","F","","","","",0,7,0,0,0,0,0,0,0,70,"NY1","CIN","NY1",0,"F","T",3,1,0,34,2,"T","F",0,0,"T","T","may-j102","crith101","F","F",0,0,0,0,0,0,0,0,0,"","","",0,0,0,0,0,0,0,0,0,0,0,0,0,"meusi101","F","F","F","F",0,0,0,0,0,0,0,0,0,0,F,F,"1924NY1.EVN.regular.event.csv",4060
"NY1192409162","CIN",9,1,0,0,0,"",3,1,"wilsh102","?","wilsh102","?","may-j102","?","may-j102","?","hargb101","daubj101","crith101","pineb101","bohns101","bresr101","rouse101","walkc101","","","","K/C","T","F",8,6,3,"T","T",0,"F","F",1,"F","F",0,"F","F",0,"","F","F","",0,0,"N",0,"N",0,"N",0,0,0,0,"2","","","","F","F","F","F","F","F","F","F","F","","","","F","F","F","F","F","","","","",0,2,0,0,0,0,0,0,0,71,"NY1","NY1","CIN",1,"T","F",1,3,0,32,0,"T","F",0,0,"T","T","jackt101","gowdh101","F","F",0,0,0,0,0,0,0,0,0,"","","",0,0,0,0,0,0,0,0,0,0,0,0,0,"","F","F","F","F",0,0,0,0,0,0,0,0,0,0,F,F,"1924NY1.EVN.regular.event.csv",4061
"NY1192409162","CIN",9,1,1,0,0,"",3,1,"jackt101","?","jackt101","?","may-j102","?","may-j102","?","hargb101","daubj101","crith101","pineb101","bohns101","bresr101","rouse101","walkc101","","","","43","F","F",6,7,2,"T","T",0,"F","F",1,"F","F",0,"F","F",4,"G","F","F","",0,0,"N",0,"N",0,"N",0,0,0,0,"43","","","","F","F","F","F","F","F","F","F","F","","","","F","F","F","F","F","","","","",0,3,0,0,4,0,0,0,0,72,"NY1","NY1","CIN",1,"F","F",1,3,0,33,1,"T","F",0,0,"T","T","gowdh101","meusi101","F","F",0,0,0,0,0,0,0,0,0,"","","",0,0,0,0,0,0,0,0,0,0,0,0,0,"crith101","F","F","F","F",0,0,0,0,0,0,0,0,0,0,F,F,"1924NY1.EVN.regular.event.csv",4062
"NY1192409162","CIN",9,1,2,0,0,"",3,1,"gowdh101","?","gowdh101","?","may-j102","?","may-j102","?","hargb101","daubj101","crith101","pineb101","bohns101","bresr101","rouse101","walkc101","","","","7/F","F","F",2,8,2,"T","T",0,"F","F",1,"F","F",0,"F","F",7,"F","F","F","",0,0,"N",0,"N",0,"N",0,0,0,0,"7","","","","F","F","F","F","F","F","F","F","F","","","","F","T","F","F","F","","","","",0,7,0,0,0,0,0,0,0,73,"NY1","NY1","CIN",1,"F","T",1,3,0,34,2,"T","F",0,0,"T","T","meusi101","grohh101","F","F",0,0,0,0,0,0,0,0,0,"","","",0,0,0,0,0,0,0,0,0,0,0,0,0,"bresr101","F","F","F","F",0,0,0,0,0,0,0,0,0,0,F,F,"1924NY1.EVN.regular.event.csv",4063
"NY1192409181","CIN",1,0,0,0,0,"",0,0,"crith101","?","crith101","?","baldh101","?","baldh101","?","gowdh101","terrb101","frisf101","grohh101","jackt101","wilsh102","kellg101","younr101","","","","S","T","F",4,1,20,"T","T",1,"F","F",0,"F","F",0,"F","F",0,"","F","F","",0,0,"N",0,"N",0,"N",1,0,0,0,"","","","","F","F","F","F","F","F","F","F","F","","","","T","F","F","F","F","","","","",0,0,0,0,0,0,0,0,0,1,"NY1","CIN","NY1",0,"T","F",0,0,0,0,0,"T","F",0,1,"T","T","daubj101","rouse101","T","T",0,0,0,0,0,0,0,0,0,"","","",0,0,0,0,0,0,0,0,0,0,0,0,0,"","F","F","F","F",0,0,0,0,0,0,0,0,0,0,F,F,"1924NY1.EVN.regular.event.csv",4064
"NY1192409181","CIN",1,0,0,0,0,"",0,0,"daubj101","?","daubj101","?","baldh101","?","baldh101","?","gowdh101","terrb101","frisf101","grohh101","jackt101","wilsh102","kellg101","younr101","crith101","","","CS2(24)","F","F",3,2,6,"F","F",0,"F","F",1,"F","F",0,"F","F",0,"","F","F","",0,0,"N",0,"N",0,"N",0,0,0,0,"","24","","","F","F","F","T","F","F","F","F","F","baldh101","","","F","F","F","F","F","","","","",0,4,0,0,2,0,0,0,0,2,"NY1","CIN","NY1",0,"F","F",0,0,0,1,1,"T","F",1,0,"T","T","rouse101","walkc101","T","T",4,1,1,0,0,0,0,0,0,"gowdh101","","",0,0,0,0,0,0,0,0,0,0,0,0,0,"","F","F","F","F",0,0,0,0,0,0,0,0,0,0,F,F,"1924NY1.EVN.regular.event.csv",4065
"NY1192409181","CIN",1,0,1,0,0,"",0,0,"daubj101","?","daubj101","?","baldh101","?","baldh101","?","gowdh101","terrb101","frisf101","grohh101","jackt101","wilsh102","kellg101","younr101","","","","13","F","F",3,2,2,"T","T",0,"F","F",1,"F","F",0,"F","F",1,"G","F","F","",0,0,"N",0,"N",0,"N",0,0,0,0,"13","","","","F","F","F","F","F","F","F","F","F","","","","F","F","F","F","F","","","","",0,3,0,0,1,0,0,0,0,3,"NY1","CIN","NY1",0,"F","F",0,0,0,1,1,"F","F",0,0,"T","T","rouse101","walkc101","T","T",0,0,0,0,0,0,0,0,0,"","","",0,0,0,0,0,0,0,0,0,0,0,0,0,"baldh101","F","F","F","F",0,0,0,0,0,0,0,0,0,0,F,F,"1924NY1.EVN.regular.event.csv",4066
"NY1192409181","CIN",1,0,2,0,0,"",0,0,"rouse101","?","rouse101","?","baldh101","?","baldh101","?","gowdh101","terrb101","frisf101","grohh101","jackt101","wilsh102","kellg101","younr101","","","","8/F","F","F",8,3,2,"T","T",0,"F","F",1,"F","F",0,"F","F",8,"F","F","F","",0,0,"N",0,"N",0,"N",0,0,0,0,"8","","","","F","F","F","F","F","F","F","F","F","","","","F","F","F","F","F","","","","",0,8,0,0,0,0,0,0,0,4,"NY1","CIN","NY1",0,"F","T",0,0,0,2,2,"T","F",0,0,"T","T","walkc101","bresr101","T","T",0,0,0,0,0,0,0,0,0,"","","",0,0,0,0,0,0,0,0,0,0,0,0,0,"kellg101","F","F","F","F",0,0,0,0,0,0,0,0,0,0,F,F,"1924NY1.EVN.regular.event.csv",4067
"NY1192409181","CIN",1,1,0,0,0,"",0,0,"grohh101","?","grohh101","?","luqud101","?","luqud101","?","wingi101","daubj101","crith101","pineb101","bohns101","bresr101","rouse101","walkc101","","","","S4/G","T","F",5,1,20,"T","T",1,"F","F",0,"F","F",0,"F","F",4,"G","F","F","",0,0,"N",0,"N",0,"N",1,0,0,0,"","","","","F","F","F","F","F","F","F","F","F","","","","F","F","F","F","F","","","","",0,0,0,0,0,0,0,0,0,5,"NY1","NY1","CIN",1,"T","F",0,0,0,0,0,"T","F",0,1,"T","T","frisf101","younr101","T","T",0,0,0,0,0,0,0,0,0,"","","",0,0,0,0,0,0,0,0,0,0,0,0,0,"crith101","F","F","F","F",4,0,0,0,2,0,0,0,0,0,F,F,"1924NY1.EVN.regular.event.csv",4068
"NY1192409181","CIN",1,1,0,0,0,"",0,0,"frisf101","?","frisf101","?","luqud101","?","luqud101","?","wingi101","daubj101","crith101","pineb101","bohns101","bresr101","rouse101","walkc101","grohh101","","","D7/F7L.1-3","F","F",4,2,21,"T","T",2,"F","F",0,"F","F",0,"F","F",7,"F","F","F","7L",0,0,"N",0,"N",0,"N",2,3,0,0,"","","","","F","F","F","F","F","F","F","F","F","luqud101","","","F","F","F","F","F","","","","",0,0,0,0,0,0,0,0,0,6,"NY1","NY1","CIN",1,"F","F",0,0,0,1,1,"T","F",1,6,"T","T","younr101","kellg101","T","T",5,1,5,0,0,0,0,0,0,"wingi101","","",0,0,0,0,0,0,0,0,0,0,0,0,0,"bresr101","F","F","F","F",4,4,0,0,2,0,0,0,0,0,F,F,"1924NY1.EVN.regular.event.csv",4069
"NY1192409181","CIN",1,1,0,0,0,"",0,0,"younr101","?","younr101","?","luqud101","?","luqud101","?","wingi101","daubj101","crith101","pineb101","bohns101","bresr101","rouse101","walkc101","","frisf101","grohh101","9/SF.3-H","F","F",9,3,2,"T","F",0,"F","T",1,"F","F",1,"F","F",9,"F","F","F","",0,0,"N",0,"N",0,"N",0,0,2,4,"9","","","","F","F","F","F","F","F","F","F","F","","luqud101","luqud101","F","F","F","F","F","","","","",0,9,0,0,0,0,0,0,0,7,"NY1","NY1","CIN",1,"F","F",0,0,0,2,2,"T","F",6,2,"T","T","kellg101","terrb101","T","T",0,0,0,4,2,6,5,1,5,"","wingi101","wingi101",0,0,0,0,0,0,0,0,0,0,0,0,1,"walkc101","F","F","F","F",0,0,4,4,1,0,0,0,0,0,F,F,"1924NY1.EVN.regular.event.csv",4070
"NY1192409181","CIN",1,1,1,0,0,"",0,1,"kellg101","?","kellg101","?","luqud101","?","luqud101","?","wingi101","daubj101","crith101","pineb101","bohns101","bresr101","rouse101","walkc101","","frisf101","","S7.2-H","F","F",8,4,20,"T","T",1,"F","F",0,"F","F",1,"F","F",7,"","F","F","",0,0,"N",0,"N",0,"N",1,0,4,0,"","","","","F","F","F","F","F","F","F","F","F","","luqud101","","F","F","F","F","F","","","","",0,0,0,0,0,0,0,0,0,8,"NY1","NY1","CIN",1,"F","F",1,0,1,3,3,"T","F",2,1,"T","T","terrb101","wilsh102","T","T",0,0,0,4,2,6,0,0,0,"","wingi101","",0,0,0,0,0,0,0,0,0,0,0,0,1,"bresr101","F","F","F","F",0,0,4,0,0,0,0,0,0,0,F,F,"1924NY1.EVN.regular.event.csv",4071
"NY1192409181","CIN",1,1,1,0,0,"",0,2,"terrb101","?","terrb101","?","luqud101","?","luqud101","?","wingi101","daubj101","crith101","pineb101","bohns101","bresr101","rouse101","walkc101","kellg101","","","46(1)/FO","F","F",3,5,2,"T","T",0,"F","F",1,"F","F",0,"F","F",4,"G","F","F","",0,0,"N",0,"N",0,"N",1,0,0,0,"","46","","","F","F","F","F","F","F","F","F","F","luqud101","","","F","F","F","F","F","","","","",0,6,0,0,4,0,0,0,0,9,"NY1","NY1","CIN",1,"F","F",2,0,2,4,4,"T","F",1,1,"T","T","wilsh102","jackt101","T","T",8,4,8,0,0,0,0,0,0,"wingi101","","",0,0,0,0,0,0,0,0,0,0,0,0,0,"crith101","T","F","F","F",0,0,0,0,0,0,0,0,0,0,F,F,"1924NY1.EVN.regular.event.csv",4072
"NY1192409181","CIN",1,1,2,0,0,"",0,2,"wilsh102","?","wilsh102","?","luqud101","?","luqud101","?","wingi101","daubj101","crith101","pineb101","bohns101","bresr101","rouse101","walkc101","terrb101","","","3/P","F","F",7,6,2,"T","T",0,"F","F",1,"F","F",0,"F","F",3,"P","F","F","",0,0,"N",0,"N",0,"N",0,1,0,0,"3","","","","F","F","F","F","F","F","F","F","F","luqud101","","","F","F","F","F","F","","","","",0,3,0,0,0,0,0,0,0,10,"NY1","NY1","CIN",1,"F","T",2,0,2,5,5,"T","F",1,1,"T","T","jackt101","gowdh101","T","T",3,5,9,0,0,0,0,0,0,"wingi101","","",0,0,0,0,0,0,0,0,0,0,0,0,0,"daubj101","F","F","F","F",0,0,0,0,0,0,0,0,0,0,F,F,"1924NY1.EVN.regular.event.csv",4073
"NY1192409181","CIN",2,0,0,0,0,"",0,2,"walkc101","?","walkc101","?","baldh101","?","baldh101","?","gowdh101","terrb101","frisf101","grohh101","jackt101","wilsh102","kellg101","younr101","","","","43","T","F",9,4,2,"T","T",0,"F","F",1,"F","F",0,"F","F",4,"G","F","F","",0,0,"N",0,"N",0,"N",0,0,0,0,"43","","","","F","F","F","F","F","F","F","F","F","","","","F","F","F","F","F","","","","",0,3,0,0,4,0,0,0,0,11,"NY1","CIN","NY1",0,"T","F",0,2,0,3,0,"T","F",0,0,"T","T","bresr101","pineb101","T","T",0,0,0,0,0,0,0,0,0,"","","",0,0,0,0,0,0,0,0,0,0,0,0,0,"frisf101","F","F","F","F",0,0,0,0,0,0,0,0,0,0,F,F,"1924NY1.EVN.regular.event.csv",4074
"NY1192409181","CIN",2,0,1,0,0,"",0,2,"bresr101","?","bresr101","?","baldh101","?","baldh101","?","gowdh101","terrb101","frisf101","grohh101","jackt101","wilsh102","kellg101","younr101","","","","8/F","F","F",7,5,2,"T","T",0,"F","F",1,"F","F",0,"F","F",8,"F","F","F","",0,0,"N",0,"N",0,"N",0,0,0,0,"8","","","","F","F","F","F","F","F","F","F","F","","","","F","F","F","F","F","","","","",0,8,0,0,0,0,0,0,0,12,"NY1","CIN","NY1",0,"F","F",0,2,0,4,1,"T","F",0,0,"T","T","pineb101","bohns101","T","T",0,0,0,0,0,0,0,0,0,"","","",0,0,0,0,0,0,0,0,0,0,0,0,0,"kellg101","F","F","F","F",0,0,0,0,0,0,0,0,0,0,F,F,"1924NY1.EVN.regular.event.csv",4075
"NY1192409181","CIN",2,0,2,0,0,"",0,2,"pineb101","?","pineb101","?","baldh101","?","baldh101","?","gowdh101","terrb101","frisf101","grohh101","jackt101","wilsh102","kellg101","younr101","","","","63","F","F",5,6,2,"T","T",0,"F","F",1,"F","F",0,"F","F",6,"G","F","F","",0,0,"N",0,"N",0,"N",0,0,0,0,"63","","","","F","F","F","F","F","F","F","F","F","","","","F","F","F","F","F","","","","",0,3,0,0,6,0,0,0,0,13,"NY1","CIN","NY1",0,"F","T",0,2,0,5,2,"T","F",0,0,"T","T","bohns101","wingi101","T","T",0,0,0,0,0,0,0,0,0,"","","",0,0,0,0,0,0,0,0,0,0,0,0,0,"jackt101","F","F","F","F",0,0,0,0,0,0,0,0,0,0,F,F,"1924NY1.EVN.regular.event.csv",4076
"NY1192409181","CIN",2,1,0,0,0,"",0,2,"jackt101","?","jackt101","?","luqud101","?","luqud101","?","wingi101","daubj101","crith101","pineb101","bohns101","bresr101","rouse101","walkc101","","","","7/F","T","F",6,7,2,"T","T",0,"F","F",1,"F","F",0,"F","F",7,"F","F","F","",0,0,"N",0,"N",0,"N",0,0,0,0,"7","","","","F","F","F","F","F","F","F","F","F","","","","F","F","F","F","F","","","","",0,7,0,0,0,0,0,0,0,14,"NY1","NY1","CIN",1,"T","F",2,0,0,6,0,"T","F",0,0,"T","T","gowdh101","baldh101","T","T",0,0,0,0,0,0,0,0,0,"","","",0,0,0,0,0,0,0,0,0,0,0,0,0,"bresr101","F","F","F","F",0,0,0,0,0,0,0,0,0,0,F,F,"1924NY1.EVN.regular.event.csv",4077
"NY1192409181","CIN",2,1,1,0,0,"",0,2,"gowdh101","?","gowdh101","?","luqud101","?","luqud101","?","wingi101","daubj101","crith101","pineb101","bohns101","bresr101","rouse101","walkc101","","","","63","F","F",2,8,2,"T","T",0,"F","F",1,"F","F",0,"F","F",6,"G","F","F","",0,0,"N",0,"N",0,"N",0,0,0,0,"63","","","","F","F","F","F","F","F","F","F","F","","","","F","F","F","F","F","","","","",0,3,0,0,6,0,0,0,0,15,"NY1","NY1","CIN",1,"F","F",2,0,0,7,1,"T","F",0,0,"T","T","baldh101","grohh101","T","T",0,0,0,0,0,0,0,0,0,"","","",0,0,0,0,0,0,0,0,0,0,0,0,0,"bohns101","F","F","F","F",0,0,0,0,0,0,0,0,0,0,F,F,"1924NY1.EVN.regular.event.csv",4078
"NY1192409181","CIN",2,1,2,0,0,"",0,2,"baldh101","?","baldh101","?","luqud101","?","luqud101","?","wingi101","daubj101","crith101","pineb101","bohns101","bresr101","rouse101","walkc101","","","","3/G","F","F",1,9,2,"T","T",0,"F","F",1,"F","F",0,"F","F",3,"G","F","F","",0,0,"N",0,"N",0,"N",0,0,0,0,"3","","","","F","F","F","F","F","F","F","F","F","","","","F","F","F","F","F","","","","",0,3,0,0,0,0,0,0,0,16,"NY1","NY1","CIN",1,"F","T",2,0,0,8,2,"T","F",0,0,"T","T","grohh101","frisf101","T","T",0,0,0,0,0,0,0,0,0,"","","",0,0,0,0,0,0,0,0,0,0,0,0,0,"daubj101","F","F","F","F",0,0,0,0,0,0,0,0,0,0,F,F,"1924NY1.EVN.regular.event.csv",4079
"NY1192409181","CIN",3,0,0,0,0,"",0,2,"bohns101","?","bohns101","?","baldh101","?","baldh101","?","gowdh101","terrb101","frisf101","grohh101","jackt101","wilsh102","kellg101","younr101","","","","53","T","F",6,7,2,"T","T",0,"F","F",1,"F","F",0,"F","F",5,"G","F","F","",0,0,"N",0,"N",0,"N",0,0,0,0,"53","","","","F","F","F","F","F","F","F","F","F","","","","F","F","F","F","F","","","","",0,3,0,0,5,0,0,0,0,17,"NY1","CIN","NY1",0,"T","F",0,2,0,6,0,"T","F",0,0,"T","T","wingi101","luqud101","T","T",0,0,0,0,0,0,0,0,0,"","","",0,0,0,0,0,0,0,0,0,0,0,0,0,"grohh101","F","F","F","F",0,0,0,0,0,0,0,0,0,0,F,F,"1924NY1.EVN.regular.event.csv",4080
"NY1192409181","CIN",3,0,1,0,0,"",0,2,"wingi101","?","wingi101","?","baldh101","?","baldh101","?","gowdh101","terrb101","frisf101","grohh101","jackt101","wilsh102","kellg101","younr101","","","","K","F","F",2,8,3,"T","T",0,"F","F",1,"F","F",0,"F","F",0,"","F","F","",0,0,"N",0,"N",0,"N",0,0,0,0,"2","","","","F","F","F","F","F","F","F","F","F","","","","F","F","F","F","F","","","","",0,2,0,0,0,0,0,0,0,18,"NY1","CIN","NY1",0,"F","F",0,2,0,7,1,"T","F",0,0,"T","T","luqud101","crith101","T","T",0,0,0,0,0,0,0,0,0,"","","",0,0,0,0,0,0,0,0,0,0,0,0,0,"","F","F","F","F",0,0,0,0,0,0,0,0,0,0,F,F,"1924NY1.EVN.regular.event.csv",4081
"NY1192409181","CIN",3,0,2,0,0,"",0,2,"luqud101","?","luqud101","?","baldh101","?","baldh101","?","gowdh101","terrb101","frisf101","grohh101","jackt101","wilsh102","kellg101","younr101","","","","W","F","F",1,9,14,"T","F",0,"F","F",0,"F","F",0,"F","F",0,"","F","F","",0,0,"N",0,"N",0,"N",1,0,0,0,"","","","","F","F","F","F","F","F","F","F","F","","","","F","F","F","F","F","","","","",0,0,0,0,0,0,0,0,0,19,"NY1","CIN","NY1",0,"F","F",0,2,0,8,2,"T","F",0,1,"T","T","crith101","daubj101","T","T",0,0,0,0,0,0,0,0,0,"","","",0,0,0,0,0,0,0,0,0,0,0,0,0,"","F","F","F","F",0,0,0,0,0,0,0,0,0,0,F,F,"1924NY1.EVN.regular.event.csv",4082
"NY1192409181","CIN",3,0,2,0,0,"",0,2,"crith101","?","crith101","?","baldh101","?","baldh101","?","gowdh101","terrb101","frisf101","grohh101","jackt101","wilsh102","kellg101","younr101","luqud101","","","S6/G.1-3(E6/TH1)#","F","F",4,1,20,"T","T",1,"F","F",0,"F","F",0,"F","F",6,"G","F","F","",1,6,"T",0,"N",0,"N",1,3,0,0,"","","","","F","F","F","F","F","F","F","F","F","baldh101","","","F","F","F","F","F","","","","",0,0,0,0,0,0,0,0,0,20,"NY1","CIN","NY1",0,"F","F",0,2,0,9,3,"T","F",1,5,"T","T","daubj101","rouse101","T","T",1,9,19,0,0,0,0,0,0,"gowdh101","","",0,0,0,0,0,0,0,0,0,0,0,0,0,"jackt101","F","F","F","F",0,0,0,0,0,0,0,0,0,0,F,T,"1924NY1.EVN.regular.event.csv",4083
"NY1192409181","CIN",3,0,2,0,0,"",0,2,"daubj101","?","daubj101","?","baldh101","?","baldh101","?","gowdh101","terrb101","frisf101","grohh101","jackt101","wilsh102","kellg101","younr101","crith101","","luqud101","8/F","F","F",3,2,2,"T","T",0,"F","F",1,"F","F",0,"F","F",8,"F","F","F","",0,0,"N",0,"N",0,"N",0,1,0,3,"8","","","","F","F","F","F","F","F","F","F","F","baldh101","","baldh101","F","F","F","F","F","","","","",0,8,0,0,0,0,0,0,0,21,"NY1","CIN","NY1",0,"F","T",0,2,0,10,4,"T","F",5,5,"T","T","rouse101","walkc101","T","T",4,1,20,0,0,0,1,9,19,"gowdh101","","gowdh101",0,0,0,0,0,0,0,0,0,0,0,0,0,"kellg101","F","F","F","F",0,0,0,0,0,0,0,0,0,0,F,F,"1924NY1.EVN.regular.event.csv",4084
"NY1192409181","CIN",3,1,0,0,0,"",0,2,"grohh101","?","grohh101","?","luqud101","?","luqud101","?","wingi101","daubj101","crith101","pineb101","bohns101","bresr101","rouse101","walkc101","","","","W","T","F",5,1,14,"T","F",0,"F","F",0,"F","F",0,"F","F",0,"","F","F","",0,0,"N",0,"N",0,"N",1,0,0,0,"","","","","F","F","F","F","F","F","F","F","F","","","","F","F","F","F","F","","","","",0,0,0,0,0,0,0,0,0,22,"NY1","NY1","CIN",1,"T","F",2,0,0,9,0,"T","F",0,1,"T","T","frisf101","younr101","T","T",0,0,0,0,0,0,0,0,0,"","","",0,0,0,0,0,0,0,0,0,0,0,0,0,"","F","F","F","F",0,0,0,0,1,0,0,0,0,0,F,F,"1924NY1.EVN.regular.event.csv",4085
"NY1192409181","CIN",3,1,0,0,0,"",0,2,"frisf101","?","frisf101","?","luqud101","?","luqud101","?","wingi101","daubj101","crith101","pineb101","bohns101","bresr101","rouse101","walkc101","grohh101","","","36(1)/FO","F","F",4,2,2,"T","T",0,"F","F",1,"F","F",0,"F","F",3,"G","F","F","",0,0,"N",0,"N",0,"N",1,0,0,0,"","36","","","F","F","F","F","F","F","F","F","F","luqud101","","","F","F","F","F","F","","","","",0,6,0,0,3,0,0,0,0,23,"NY1","NY1","CIN",1,"F","F",2,0,0,10,1,"T","F",1,1,"T","T","younr101","kellg101","T","T",5,1,22,0,0,0,0,0,0,"wingi101","","",0,0,0,0,0,0,0,0,0,0,0,0,0,"daubj101","T","F","F","F",4,0,0,0,1,0,0,0,0,0,F,F,"1924NY1.EVN.regular.event.csv",4086
"NY1192409181","CIN",3,1,1,0,0,"",0,2,"younr101","?","younr101","?","luqud101","?","luqud101","?","wingi101","daubj101","crith101","pineb101","bohns101","bresr101","rouse101","walkc101","frisf101","","","S.1-3","F","F",9,3,20,"T","T",1,"F","F",0,"F","F",0,"F","F",0,"","F","F","",0,0,"N",0,"N",0,"N",1,3,0,0,"","","","","F","F","F","F","F","F","F","F","F","luqud101","","","F","F","F","F","F","","","","",0,0,0,0,0,0,0,0,0,24,"NY1","NY1","CIN",1,"F","F",2,0,0,11,2,"T","F",1,5,"T","T","kellg101","terrb101","T","T",4,2,23,0,0,0,0,0,0,"wingi101","","",0,0,0,0,0,0,0,0,0,0,0,0,0,"","F","F","F","F",0,4,0,0,1,0,0,0,0,0,F,F,"1924NY1.EVN.regular.event.csv",4087
"NY1192409181","CIN",3,1,1,0,0,"",0,2,"kellg101","?","kellg101","?","luqud101","?","luqud101","?","wingi101","daubj101","crith101","pineb101","bohns101","bresr101","rouse101","walkc101","younr101","","frisf101","53/G5S.3-H;1-2","F","F",8,4,2,"T","T",0,"F","F",1,"F","F",1,"F","F",5,"G","F","F","5S",0,0,"N",0,"N",0,"N",0,2,0,4,"53","","","","F","F","F","F","F","F","F","F","F","luqud101","","luqud101","F","F","F","F","F","","","","",0,3,0,0,5,0,0,0,0,25,"NY1","NY1","CIN",1,"F","F",2,0,0,12,3,"T","F",5,2,"T","T","terrb101","wilsh102","T","T",9,3,24,0,0,0,4,2,23,"wingi101","","wingi101",0,0,0,0,0,0,0,0,0,0,0,0,1,"pineb101","F","F","F","F",0,0,0,4,0,0,0,0,0,0,F,F,"1924NY1.EVN.regular.event.csv",4088
"NY1192409181","CIN",3,1,2,0,0,"",0,3,"terrb101","?","terrb101","?","luqud101","?","luqud101","?","wingi101","daubj101","crith101","pineb101","bohns101","bresr101","rouse101","walkc101","","younr101","","W","F","F",3,5,14,"T","F",0,"F","F",0,"F","F",0,"F","F",0,"","F","F","",0,0,"N",0,"N",0,"N",1,0,2,0,"","","","","F","F","F","F","F","F","F","F","F","","luqud101","","F","F","F","F","F","","","","",0,0,0,0,0,0,0,0,0,26,"NY1","NY1","CIN",1,"F","F",3,0,1,13,4,"T","F",2,3,"T","T","wilsh102","jackt101","T","T",0,0,0,9,3,24,0,0,0,"","wingi101","",0,0,0,0,0,0,0,0,0,0,0,0,0,"","F","F","F","F",0,0,0,0,0,0,0,0,0,0,F,F,"1924NY1.EVN.regular.event.csv",4089
"NY1192409181","CIN",3,1,2,0,0,"",0,3,"wilsh102","?","wilsh102","?","luqud101","?","luqud101","?","wingi101","daubj101","crith101","pineb101","bohns101","bresr101","rouse101","walkc101","terrb101","younr101","","9/F","F","F",7,6,2,"T","T",0,"F","F",1,"F","F",0,"F","F",9,"F","F","F","",0,0,"N",0,"N",0,"N",0,1,2,0,"9","","","","F","F","F","F","F","F","F","F","F","luqud101","luqud101","","F","F","F","F","F","","","","",0,9,0,0,0,0,0,0,0,27,"NY1","NY1","CIN",1,"F","T",3,0,1,14,5,"T","F",3,3,"T","T","jackt101","gowdh101","T","T",3,5,26,9,3,24,0,0,0,"wingi101","wingi101","",0,0,0,0,0,0,0,0,0,0,0,0,0,"walkc101","F","F","F","F",0,0,0,0,0,0,0,0,0,0,F,F,"1924NY1.EVN.regular.event.csv",4090
"NY1192409181","CIN",4,0,0,0,0,"",0,3,"rouse101","?","rouse101","?","baldh101","?","baldh101","?","gowdh101","terrb101","frisf101","grohh101","jackt101","wilsh102","kellg101","younr101","","","","9/F","T","F",8,3,2,"T","T",0,"F","F",1,"F","F",0,"F","F",9,"F","F","F","",0,0,"N",0,"N",0,"N",0,0,0,0,"9","","","","F","F","F","F","F","F","F","F","F","","","","F","F","F","F","F","","","","",0,9,0,0,0,0,0,0,0,28,"NY1","CIN","NY1",0,"T","F",0,3,0,11,0,"T","F",0,0,"T","T","walkc101","bresr101","T","T",0,0,0,0,0,0,0,0,0,"","","",0,0,0,0,0,0,0,0,0,0,0,0,0,"younr101","F","F","F","F",0,0,0,0,0,0,0,0,0,0,F,F,"1924NY1.EVN.regular.event.csv",4091
"NY1192409181","CIN",4,0,1,0,0,"",0,3,"walkc101","?","walkc101","?","baldh101","?","baldh101","?","gowdh101","terrb101","frisf101","grohh101","jackt101","wilsh102","kellg101","younr101","","","","8/F","F","F",9,4,2,"T","T",0,"F","F",1,"F","F",0,"F","F",8,"F","F","F","",0,0,"N",0,"N",0,"N",0,0,0,0,"8","","","","F","F","F","F","F","F","F","F","F","","","","F","F","F","F","F","","","","",0,8,0,0,0,0,0,0,0,29,"NY1","CIN","NY1",0,"F","F",0,3,0,12,1,"T","F",0,0,"T","T","bresr101","pineb101","T","T",0,0,0,0,0,0,0,0,0,"","","",0,0,0,0,0,0,0,0,0,0,0,0,0,"kellg101","F","F","F","F",0,0,0,0,0,0,0,0,0,0,F,F,"1924NY1.EVN.regular.event.csv",4092
"NY1192409181","CIN",4,0,2,0,0,"",0,3,"bresr101","?","bresr101","?","baldh101","?","baldh101","?","gowdh101","terrb101","frisf101","grohh101","jackt101","wilsh102","kellg101","younr101","","","","S","F","F",7,5,20,"T","T",1,"F","F",0,"F","F",0,"F","F",0,"","F","F","",0,0,"N",0,"N",0,"N",1,0,0,0,"","","","","F","F","F","F","F","F","F","F","F","","","","F","F","F","F","F","","","","",0,0,0,0,0,0,0,0,0,30,"NY1","CIN","NY1",0,"F","F",0,3,0,13,2,"T","F",0,1,"T","T","pineb101","bohns101","T","T",0,0,0,0,0,0,0,0,0,"","","",0,0,0,0,0,0,0,0,0,0,0,0,0,"","F","F","F","F",0,0,0,0,0,0,0,0,0,0,F,F,"1924NY1.EVN.regular.event.csv",4093
"NY1192409181","CIN",4,0,2,0,0,"",0,3,"pineb101","?","pineb101","?","baldh101","?","baldh101","?","gowdh101","terrb101","frisf101","grohh101","jackt101","wilsh102","kellg101","younr101","bresr101","","","64(1)/FO","F","F",5,6,2,"T","T",0,"F","F",1,"F","F",0,"F","F",6,"G","F","F","",0,0,"N",0,"N",0,"N",1,0,0,0,"","64","","","F","F","F","F","F","F","F","F","F","baldh101","","","F","F","F","F","F","","","","",0,4,0,0,6,0,0,0,0,31,"NY1","CIN","NY1",0,"F","T",0,3,0,14,3,"T","F",1,1,"T","T","bohns101","wingi101","T","T",7,5,30,0,0,0,0,0,0,"gowdh101","","",0,0,0,0,0,0,0,0,0,0,0,0,0,"jackt101","T","F","F","F",0,0,0,0,0,0,0,0,0,0,F,F,"1924NY1.EVN.regular.event.csv",4094
"NY1192409181","CIN",4,1,0,0,0,"",0,3,"jackt101","?","jackt101","?","luqud101","?","luqud101","?","wingi101","daubj101","crith101","pineb101","bohns101","bresr101","rouse101","walkc101","","","","7/F","T","F",6,7,2,"T","T",0,"F","F",1,"F","F",0,"F","F",7,"F","F","F","",0,0,"N",0,"N",0,"N",0,0,0,0,"7","","","","F","F","F","F","F","F","F","F","F","","","","F","F","F","F","F","","","","",0,7,0,0,0,0,0,0,0,32,"NY1","NY1","CIN",1,"T","F",3,0,0,15,0,"T","F",0,0,"T","T","gowdh101","baldh101","T","T",0,0,0,0,0,0,0,0,0,"","","",0,0,0,0,0,0,0,0,0,0,0,0,0,"bresr101","F","F","F","F",0,0,0,0,0,0,0,0,0,0,F,F,"1924NY1.EVN.regular.event.csv",4095
"NY1192409181","CIN",4,1,1,0,0,"",0,3,"gowdh101","?","gowdh101","?","luqud101","?","luqud101","?","wingi101","daubj101","crith101","pineb101","bohns101","bresr101","rouse101","walkc101","","","","53","F","F",2,8,2,"T","T",0,"F","F",1,"F","F",0,"F","F",5,"G","F","F","",0,0,"N",0,"N",0,"N",0,0,0,0,"53","","","","F","F","F","F","F","F","F","F","F","","","","F","F","F","F","F","","","","",0,3,0,0,5,0,0,0,0,33,"NY1","NY1","CIN",1,"F","F",3,0,0,16,1,"T","F",0,0,"T","T","baldh101","grohh101","T","T",0,0,0,0,0,0,0,0,0,"","","",0,0,0,0,0,0,0,0,0,0,0,0,0,"pineb101","F","F","F","F",0,0,0,0,0,0,0,0,0,0,F,F,"1924NY1.EVN.regular.event.csv",4096
"NY1192409181","CIN",4,1,2,0,0,"",0,3,"baldh101","?","baldh101","?","luqud101","?","luqud101","?","wingi101","daubj101","crith101","pineb101","bohns101","bresr101","rouse101","walkc101","","","","7/F","F","F",1,9,2,"T","T",0,"F","F",1,"F","F",0,"F","F",7,"F","F","F","",0,0,"N",0,"N",0,"N",0,0,0,0,"7","","","","F","F","F","F","F","F","F","F","F","","","","F","F","F","F","F","","","","",0,7,0,0,0,0,0,0,0,34,"NY1","NY1","CIN",1,"F","T",3,0,0,17,2,"T","F",0,0,"T","T","grohh101","frisf101","T","T",0,0,0,0,0,0,0,0,0,"","","",0,0,0,0,0,0,0,0,0,0,0,0,0,"bresr101","F","F","F","F",0,0,0,0,0,0,0,0,0,0,F,F,"1924NY1.EVN.regular.event.csv",4097
"NY1192409181","CIN",5,0,0,0,0,"",0,3,"bohns101","?","bohns101","?","baldh101","?","baldh101","?","gowdh101","terrb101","frisf101","grohh101","jackt101","wilsh102","kellg101","younr101","","","","HR/F9D","T","F",6,7,23,"T","T",4,"F","F",0,"F","F",1,"F","F",0,"F","F","F","9D",0,0,"N",0,"N",0,"N",4,0,0,0,"","","","","F","F","F","F","F","F","F","F","F","","","","F","F","F","F","F","","","","",0,0,0,0,0,0,0,0,0,35,"NY1","CIN","NY1",0,"T","F",0,3,0,15,0,"T","F",0,0,"T","T","wingi101","luqud101","T","T",0,0,0,0,0,0,0,0,0,"","","",0,0,0,0,0,0,0,0,0,0,0,0,1,"","F","F","F","F",4,0,0,0,0,0,0,0,0,0,F,F,"1924NY1.EVN.regular.event.csv",4098
"NY1192409181","CIN",5,0,0,0,0,"",1,3,"wingi101","?","wingi101","?","baldh101","?","baldh101","?","gowdh101","terrb101","frisf101","grohh101","jackt101","wilsh102","kellg101","younr101","","","","S","F","F",2,8,20,"T","T",1,"F","F",0,"F","F",0,"F","F",0,"","F","F","",0,0,"N",0,"N",0,"N",1,0,0,0,"","","","","F","F","F","F","F","F","F","F","F","","","","F","F","F","F","F","","","","",0,0,0,0,0,0,0,0,0,36,"NY1","CIN","NY1",0,"F","F",1,3,1,16,1,"T","F",0,1,"T","T","luqud101","crith101","T","T",0,0,0,0,0,0,0,0,0,"","","",0,0,0,0,0,0,0,0,0,0,0,0,0,"","F","F","F","F",0,0,0,0,0,0,0,0,0,0,F,F,"1924NY1.EVN.regular.event.csv",4099
"NY1192409181","CIN",5,0,0,0,0,"",1,3,"luqud101","?","luqud101","?","baldh101","?","baldh101","?","gowdh101","terrb101","frisf101","grohh101","jackt101","wilsh102","kellg101","younr101","wingi101","","","4/LDP.1X1(43)","F","F",1,9,2,"T","T",0,"F","F",2,"T","F",0,"F","F",4,"L","F","F","",0,0,"N",0,"N",0,"N",0,0,0,0,"4","43","","","F","F","F","F","F","F","F","F","F","baldh101","","","F","F","F","F","F","","","","",0,4,3,0,4,0,0,0,0,37,"NY1","CIN","NY1",0,"F","F",1,3,1,17,2,"T","F",1,0,"T","T","crith101","daubj101","T","T",2,8,36,0,0,0,0,0,0,"gowdh101","","",0,0,0,0,0,0,0,0,0,0,0,0,0,"frisf101","F","F","F","F",0,0,0,0,0,0,0,0,0,0,F,F,"1924NY1.EVN.regular.event.csv",4100
"NY1192409181","CIN",5,0,2,0,0,"",1,3,"crith101","?","crith101","?","baldh101","?","baldh101","?","gowdh101","terrb101","frisf101","grohh101","jackt101","wilsh102","kellg101","younr101","","","","S","F","F",4,1,20,"T","T",1,"F","F",0,"F","F",0,"F","F",0,"","F","F","",0,0,"N",0,"N",0,"N",1,0,0,0,"","","","","F","F","F","F","F","F","F","F","F","","","","F","F","F","F","F","","","","",0,0,0,0,0,0,0,0,0,38,"NY1","CIN","NY1",0,"F","F",1,3,1,18,3,"T","F",0,1,"T","T","daubj101","rouse101","T","T",0,0,0,0,0,0,0,0,0,"","","",0,0,0,0,0,0,0,0,0,0,0,0,0,"","F","F","F","F",0,0,0,0,0,0,0,0,0,0,F,F,"1924NY1.EVN.regular.event.csv",4101
"NY1192409181","CIN",5,0,2,0,0,"",1,3,"daubj101","?","daubj101","?","baldh101","?","baldh101","?","gowdh101","terrb101","frisf101","grohh101","jackt101","wilsh102","kellg101","younr101","crith101","","","46(1)/FO","F","F",3,2,2,"T","T",0,"F","F",1,"F","F",0,"F","F",4,"G","F","F","",0,0,"N",0,"N",0,"N",1,0,0,0,"","46","","","F","F","F","F","F","F","F","F","F","baldh101","","","F","F","F","F","F","","","","",0,6,0,0,4,0,0,0,0,39,"NY1","CIN","NY1",0,"F","T",1,3,1,19,4,"T","F",1,1,"T","T","rouse101","walkc101","T","T",4,1,38,0,0,0,0,0,0,"gowdh101","","",0,0,0,0,0,0,0,0,0,0,0,0,0,"frisf101","T","F","F","F",0,0,0,0,0,0,0,0,0,0,F,F,"1924NY1.EVN.regular.event.csv",4102
"NY1192409181","CIN",5,1,0,0,0,"",1,3,"grohh101","?","grohh101","?","luqud101","?","luqud101","?","wingi101","daubj101","crith101","pineb101","bohns101","bresr101","rouse101","walkc101","","","","8/F","T","F",5,1,2,"T","T",0,"F","F",1,"F","F",0,"F","F",8,"F","F","F","",0,0,"N",0,"N",0,"N",0,0,0,0,"8","","","","F","F","F","F","F","F","F","F","F","","","","F","F","F","F","F","","","","",0,8,0,0,0,0,0,0,0,40,"NY1","NY1","CIN",1,"T","F",3,1,0,18,0,"T","F",0,0,"T","T","frisf101","younr101","T","T",0,0,0,0,0,0,0,0,0,"","","",0,0,0,0,0,0,0,0,0,0,0,0,0,"rouse101","F","F","F","F",0,0,0,0,0,0,0,0,0,0,F,F,"1924NY1.EVN.regular.event.csv",4103
"NY1192409181","CIN",5,1,1,0,0,"",1,3,"frisf101","?","frisf101","?","luqud101","?","luqud101","?","wingi101","daubj101","crith101","pineb101","bohns101","bresr101","rouse101","walkc101","","","","K","F","F",4,2,3,"T","T",0,"F","F",1,"F","F",0,"F","F",0,"","F","F","",0,0,"N",0,"N",0,"N",0,0,0,0,"2","","","","F","F","F","F","F","F","F","F","F","","","","F","F","F","F","F","","","","",0,2,0,0,0,0,0,0,0,41,"NY1","NY1","CIN",1,"F","F",3,1,0,19,1,"T","F",0,0,"T","T","younr101","kellg101","T","T",0,0,0,0,0,0,0,0,0,"","","",0,0,0,0,0,0,0,0,0,0,0,0,0,"","F","F","F","F",0,0,0,0,0,0,0,0,0,0,F,F,"1924NY1.EVN.regular.event.csv",4104
"NY1192409181","CIN",5,1,2,0,0,"",1,3,"younr101","?","younr101","?","luqud101","?","luqud101","?","wingi101","daubj101","crith101","pineb101","bohns101","bresr101","rouse101","walkc101","","","","7/F","F","F",9,3,2,"T","T",0,"F","F",1,"F","F",0,"F","F",7,"F","F","F","",0,0,"N",0,"N",0,"N",0,0,0,0,"7","","","","F","F","F","F","F","F","F","F","F","","","","F","F","F","F","F","","","","",0,7,0,0,0,0,0,0,0,42,"NY1","NY1","CIN",1,"F","T",3,1,0,20,2,"T","F",0,0,"T","T","kellg101","terrb101","T","T",0,0,0,0,0,0,0,0,0,"","","",0,0,0,0,0,0,0,0,0,0,0,0,0,"bresr101","F","F","F","F",0,0,0,0,0,0,0,0,0,0,F,F,"1924NY1.EVN.regular.event.csv",4105
"NY1192409181","CIN",6,0,0,0,0,"",1,3,"rouse101","?","rouse101","?","baldh101","?","baldh101","?","gowdh101","terrb101","frisf101","grohh101","jackt101","wilsh102","kellg101","younr101","","","","S","T","F",8,3,20,"T","T",1,"F","F",0,"F","F",0,"F","F",0,"","F","F","",0,0,"N",0,"N",0,"N",1,0,0,0,"","","","","F","F","F","F","F","F","F","F","F","","","","F","F","F","F","F","","","","",0,0,0,0,0,0,0,0,0,43,"NY1","CIN","NY1",0,"T","F",1,3,0,20,0,"T","F",0,1,"T","T","walkc101","bresr101","T","T",0,0,0,0,0,0,0,0,0,"","","",0,0,0,0,0,0,0,0,0,0,0,0,0,"","F","F","F","F",0,0,0,0,0,0,0,0,0,0,F,F,"1924NY1.EVN.regular.event.csv",4106
"NY1192409181","CIN",6,0,0,0,0,"",1,3,"walkc101","?","walkc101","?","baldh101","?","baldh101","?","gowdh101","terrb101","frisf101","grohh101","jackt101","wilsh102","kellg101","younr101","rouse101","","","K","F","F",9,4,3,"T","T",0,"F","F",1,"F","F",0,"F","F",0,"","F","F","",0,0,"N",0,"N",0,"N",0,1,0,0,"2","","","","F","F","F","F","F","F","F","F","F","baldh101","","","F","F","F","F","F","","","","",0,2,0,0,0,0,0,0,0,44,"NY1","CIN","NY1",0,"F","F",1,3,0,21,1,"T","F",1,1,"T","T","bresr101","pineb101","T","T",8,3,43,0,0,0,0,0,0,"gowdh101","","",0,0,0,0,0,0,0,0,0,0,0,0,0,"","F","F","F","F",0,0,0,0,0,0,0,0,0,0,F,F,"1924NY1.EVN.regular.event.csv",4107
"NY1192409181","CIN",6,0,1,0,0,"",1,3,"bresr101","?","bresr101","?","baldh101","?","baldh101","?","gowdh101","terrb101","frisf101","grohh101","jackt101","wilsh102","kellg101","younr101","rouse101","","","8/F","F","F",7,5,2,"T","T",0,"F","F",1,"F","F",0,"F","F",8,"F","F","F","",0,0,"N",0,"N",0,"N",0,1,0,0,"8","","","","F","F","F","F","F","F","F","F","F","baldh101","","","F","F","F","F","F","","","","",0,8,0,0,0,0,0,0,0,45,"NY1","CIN","NY1",0,"F","F",1,3,0,22,2,"T","F",1,1,"T","T","pineb101","bohns101","T","T",8,3,43,0,0,0,0,0,0,"gowdh101","","",0,0,0,0,0,0,0,0,0,0,0,0,0,"kellg101","F","F","F","F",0,0,0,0,0,0,0,0,0,0,F,F,"1924NY1.EVN.regular.event.csv",4108
"NY1192409181","CIN",6,0,2,0,0,"",1,3,"pineb101","?","pineb101","?","baldh101","?","baldh101","?","gowdh101","terrb101","frisf101","grohh101","jackt101","wilsh102","kellg101","younr101","rouse101","","","S.1-2#","F","F",5,6,20,"T","T",1,"F","F",0,"F","F",0,"F","F",0,"","F","F","",0,0,"N",0,"N",0,"N",1,2,0,0,"","","","","F","F","F","F","F","F","F","F","F","baldh101","","","F","F","F","F","F","","","","",0,0,0,0,0,0,0,0,0,46,"NY1","CIN","NY1",0,"F","F",1,3,0,23,3,"T","F",1,3,"T","T","bohns101","wingi101","T","T",8,3,43,0,0,0,0,0,0,"gowdh101","","",0,0,0,0,0,0,0,0,0,0,0,0,0,"","F","F","F","F",0,0,0,0,0,0,0,0,0,0,F,T,"1924NY1.EVN.regular.event.csv",4109
"NY1192409181","CIN",6,0,2,0,0,"",1,3,"bohns101","?","bohns101","?","baldh101","?","baldh101","?","gowdh101","terrb101","frisf101","grohh101","jackt101","wilsh102","kellg101","younr101","pineb101","rouse101","","64(1)/FO","F","F",6,7,2,"T","T",0,"F","F",1,"F","F",0,"F","F",6,"G","F","F","",0,0,"N",0,"N",0,"N",1,0,2,0,"","64","","","F","F","F","F","F","F","F","F","F","baldh101","baldh101","","F","F","F","F","F","","","","",0,4,0,0,6,0,0,0,0,47,"NY1","CIN","NY1",0,"F","T",1,3,0,24,4,"T","F",3,3,"T","T","wingi101","luqud101","T","T",5,6,46,8,3,43,0,0,0,"gowdh101","gowdh101","",0,0,0,0,0,0,0,0,0,0,0,0,0,"jackt101","T","F","F","F",0,0,0,0,0,0,0,0,0,0,F,F,"1924NY1.EVN.regular.event.csv",4110
"NY1192409181","CIN",6,1,0,0,0,"",1,3,"kellg101","?","kellg101","?","luqud101","?","luqud101","?","wingi101","daubj101","crith101","pineb101","bohns101","bresr101","rouse101","walkc101","","","","63","T","F",8,4,2,"T","T",0,"F","F",1,"F","F",0,"F","F",6,"G","F","F","",0,0,"N",0,"N",0,"N",0,0,0,0,"63","","","","F","F","F","F","F","F","F","F","F","","","","F","F","F","F","F","","","","",0,3,0,0,6,0,0,0,0,48,"NY1","NY1","CIN",1,"T","F",3,1,0,21,0,"T","F",0,0,"T","T","terrb101","wilsh102","T","T",0,0,0,0,0,0,0,0,0,"","","",0,0,0,0,0,0,0,0,0,0,0,0,0,"bohns101","F","F","F","F",0,0,0,0,0,0,0,0,0,0,F,F,"1924NY1.EVN.regular.event.csv",4111
"NY1192409181","CIN",6,1,1,0,0,"",1,3,"terrb101","?","terrb101","?","luqud101","?","luqud101","?","wingi101","daubj101","crith101","pineb101","bohns101","bresr101","rouse101","walkc101","","","","D","F","F",3,5,21,"T","T",2,"F","F",0,"F","F",0,"F","F",0,"","F","F","",0,0,"N",0,"N",0,"N",2,0,0,0,"","","","","F","F","F","F","F","F","F","F","F","","","","F","F","F","F","F","","","","",0,0,0,0,0,0,0,0,0,49,"NY1","NY1","CIN",1,"F","F",3,1,0,22,1,"T","F",0,2,"T","T","wilsh102","jackt101","T","T",0,0,0,0,0,0,0,0,0,"","","",0,0,0,0,0,0,0,0,0,0,0,0,0,"","F","F","F","F",0,0,0,0,0,0,0,0,0,0,F,F,"1924NY1.EVN.regular.event.csv",4112
"NY1192409181","CIN",6,1,1,0,0,"",1,3,"wilsh102","?","wilsh102","?","luqud101","?","luqud101","?","wingi101","daubj101","crith101","pineb101","bohns101","bresr101","rouse101","walkc101","","terrb101","","2/FL","F","F",7,6,2,"T","T",0,"F","F",1,"F","F",0,"F","F",2,"F","F","T","",0,0,"N",0,"N",0,"N",0,0,2,0,"2","","","","F","F","F","F","F","F","F","F","F","","luqud101","","F","F","F","F","F","","","","",0,2,0,0,0,0,0,0,0,50,"NY1","NY1","CIN",1,"F","F",3,1,0,23,2,"T","F",2,2,"T","T","jackt101","gowdh101","T","T",0,0,0,3,5,49,0,0,0,"","wingi101","",0,0,0,0,0,0,0,0,0,0,0,0,0,"wingi101","F","F","F","F",0,0,0,0,0,0,0,0,0,0,F,F,"1924NY1.EVN.regular.event.csv",4113
"NY1192409181","CIN",6,1,2,0,0,"",1,3,"jackt101","?","jackt101","?","luqud101","?","luqud101","?","wingi101","daubj101","crith101","pineb101","bohns101","bresr101","rouse101","walkc101","","terrb101","","5/FL","F","F",6,7,2,"T","T",0,"F","F",1,"F","F",0,"F","F",5,"F","F","T","",0,0,"N",0,"N",0,"N",0,0,2,0,"5","","","","F","F","F","F","F","F","F","F","F","","luqud101","","F","F","F","F","F","","","","",0,5,0,0,0,0,0,0,0,51,"NY1","NY1","CIN",1,"F","T",3,1,0,24,3,"T","F",2,2,"T","T","gowdh101","baldh101","T","T",0,0,0,3,5,49,0,0,0,"","wingi101","",0,0,0,0,0,0,0,0,0,0,0,0,0,"pineb101","F","F","F","F",0,0,0,0,0,0,0,0,0,0,F,F,"1924NY1.EVN.regular.event.csv",4114
"NY1192409181","CIN",7,0,0,0,0,"",1,3,"wingi101","?","wingi101","?","baldh101","?","baldh101","?","gowdh101","terrb101","frisf101","grohh101","jackt101","wilsh102","kellg101","younr101","","","","W","T","F",2,8,14,"T","F",0,"F","F",0,"F","F",0,"F","F",0,"","F","F","",0,0,"N",0,"N",0,"N",1,0,0,0,"","","","","F","F","F","F","F","F","F","F","F","","","","F","F","F","F","F","","","","",0,0,0,0,0,0,0,0,0,52,"NY1","CIN","NY1",0,"T","F",1,3,0,25,0,"T","F",0,1,"T","T","luqud101","crith101","T","T",0,0,0,0,0,0,0,0,0,"","","",0,0,0,0,0,0,0,0,0,0,0,0,0,"","F","F","F","F",4,0,0,0,4,0,0,0,0,0,F,F,"1924NY1.EVN.regular.event.csv",4115
"NY1192409181","CIN",7,0,0,0,0,"",1,3,"luqud101","?","luqud101","?","baldh101","?","baldh101","?","gowdh101","terrb101","frisf101","grohh101","jackt101","wilsh102","kellg101","younr101","wingi101","","","S7.1-2","F","F",1,9,20,"T","T",1,"F","F",0,"F","F",0,"F","F",7,"","F","F","",0,0,"N",0,"N",0,"N",1,2,0,0,"","","","","F","F","F","F","F","F","F","F","F","baldh101","","","F","F","F","F","F","","","","",0,0,0,0,0,0,0,0,0,53,"NY1","CIN","NY1",0,"F","F",1,3,0,26,1,"T","F",1,3,"T","T","crith101","daubj101","T","T",2,8,52,0,0,0,0,0,0,"gowdh101","","",0,0,0,0,0,0,0,0,0,0,0,0,0,"wilsh102","F","F","F","F",4,4,0,0,4,0,0,0,0,0,F,F,"1924NY1.EVN.regular.event.csv",4116
"NY1192409181","CIN",7,0,0,0,0,"",1,3,"crith101","?","crith101","?","baldh101","?","baldh101","?","gowdh101","terrb101","frisf101","grohh101","jackt101","wilsh102","kellg101","younr101","luqud101","wingi101","","2/BP/FL","F","F",4,1,2,"T","T",0,"F","F",1,"F","F",0,"F","F",2,"P","T","T","",0,0,"N",0,"N",0,"N",0,1,2,0,"2","","","","F","F","F","F","F","F","F","F","F","baldh101","baldh101","","F","F","F","F","F","","","","",0,2,0,0,0,0,0,0,0,54,"NY1","CIN","NY1",0,"F","F",1,3,0,27,2,"T","F",3,3,"T","T","daubj101","rouse101","T","T",1,9,53,2,8,52,0,0,0,"gowdh101","gowdh101","",0,0,0,0,0,0,0,0,0,0,0,0,0,"gowdh101","F","F","F","F",0,4,4,0,4,0,0,0,0,0,F,F,"1924NY1.EVN.regular.event.csv",4117
"NY1192409181","CIN",7,0,1,0,0,"",1,3,"daubj101","?","daubj101","?","baldh101","?","baldh101","?","gowdh101","terrb101","frisf101","grohh101","jackt101","wilsh102","kellg101","younr101","luqud101","wingi101","","W.2-3;1-2","F","F",3,2,14,"T","F",0,"F","F",0,"F","F",0,"F","F",0,"","F","F","",0,0,"N",0,"N",0,"N",1,2,3,0,"","","","","F","F","F","F","F","F","F","F","F","baldh101","baldh101","","F","F","F","F","F","","","","",0,0,0,0,0,0,0,0,0,55,"NY1","CIN","NY1",0,"F","F",1,3,0,28,3,"T","F",3,7,"T","T","rouse101","walkc101","T","T",1,9,53,2,8,52,0,0,0,"gowdh101","gowdh101","",0,0,0,0,0,0,0,0,0,0,0,0,0,"","F","F","F","F",4,4,4,0,4,0,0,0,0,0,F,F,"1924NY1.EVN.regular.event.csv",4118
"NY1192409181","CIN",7,0,1,0,0,"",1,3,"rouse101","?","rouse101","?","baldh101","?","baldh101","?","gowdh101","terrb101","frisf101","grohh101","jackt101","wilsh102","kellg101","younr101","daubj101","luqud101","wingi101","T.3-H;2-H;1-H","F","F",8,3,22,"T","T",3,"F","F",0,"F","F",3,"F","F",0,"","F","F","",0,0,"N",0,"N",0,"N",3,4,4,4,"","","","","F","F","F","F","F","F","F","F","F","baldh101","baldh101","baldh101","F","F","F","F","F","","","","",0,0,0,0,0,0,0,0,0,56,"NY1","CIN","NY1",0,"F","F",1,3,0,29,4,"T","F",7,4,"T","T","walkc101","bresr101","T","T",3,2,55,1,9,53,2,8,52,"gowdh101","gowdh101","gowdh101",0,0,0,0,0,0,0,0,0,0,0,0,3,"","F","F","F","F",4,4,4,4,1,0,0,0,0,0,F,F,"1924NY1.EVN.regular.event.csv",4119
"NY1192409181","CIN",7,0,1,0,0,"",4,3,"walkc101","?","walkc101","?","baldh101","?","baldh101","?","gowdh101","terrb101","frisf101","grohh101","jackt101","wilsh102","kellg101","younr101","","","rouse101","W","F","F",9,4,14,"T","F",0,"F","F",0,"F","F",0,"F","F",0,"","F","F","",0,0,"N",0,"N",0,"N",1,0,0,3,"","","","","F","F","F","F","F","F","F","F","F","","","baldh101","F","F","F","F","F","","","","",0,0,0,0,0,0,0,0,0,57,"NY1","CIN","NY1",0,"F","F",4,3,3,30,5,"T","F",4,5,"T","T","bresr101","pineb101","T","T",0,0,0,0,0,0,8,3,56,"","","gowdh101",0,0,0,0,0,0,0,0,0,0,0,0,0,"","F","F","F","F",0,0,0,4,1,0,0,0,0,0,F,F,"1924NY1.EVN.regular.event.csv",4120
"NY1192409181","CIN",7,0,1,0,0,"",4,3,"bresr101","?","bresr101","?","watsm103","?","watsm103","?","gowdh101","terrb101","frisf101","grohh101","jackt101","wilsh102","kellg101","younr101","walkc101","","rouse101","S8.3-H;1-2#","F","F",7,5,20,"T","T",1,"F","F",0,"F","F",1,"F","F",8,"","F","F","",0,0,"N",0,"N",0,"N",1,2,0,4,"","","","","F","F","F","F","F","F","F","F","F","baldh101","","baldh101","F","F","F","F","F","","","","",0,0,0,0,0,0,0,0,0,58,"NY1","CIN","NY1",0,"F","F",4,3,3,31,6,"T","F",5,3,"T","T","pineb101","bohns101","F","F",9,4,57,0,0,0,8,3,56,"gowdh101","","gowdh101",0,0,0,0,0,0,0,0,0,0,0,0,1,"kellg101","F","F","F","F",0,0,0,4,0,0,0,0,0,0,F,T,"1924NY1.EVN.regular.event.csv",4121
"NY1192409181","CIN",7,0,1,0,0,"",5,3,"pineb101","?","pineb101","?","watsm103","?","watsm103","?","gowdh101","terrb101","frisf101","grohh101","jackt101","wilsh102","kellg101","younr101","bresr101","walkc101","","6/P","F","F",5,6,2,"T","T",0,"F","F",1,"F","F",0,"F","F",6,"P","F","F","",0,0,"N",0,"N",0,"N",0,1,2,0,"6","","","","F","F","F","F","F","F","F","F","F","watsm103","baldh101","","F","F","F","F","F","","","","",0,6,0,0,0,0,0,0,0,59,"NY1","CIN","NY1",0,"F","F",5,3,4,32,7,"T","F",3,3,"T","T","bohns101","wingi101","F","F",7,5,58,9,4,57,0,0,0,"gowdh101","gowdh101","",0,0,0,0,0,0,0,0,0,0,0,0,0,"jackt101","F","F","F","F",0,0,0,0,0,0,0,0,0,0,F,F,"1924NY1.EVN.regular.event.csv",4122
"NY1192409181","CIN",7,0,2,0,0,"",5,3,"bohns101","?","bohns101","?","watsm103","?","watsm103","?","gowdh101","terrb101","frisf101","grohh101","jackt101","wilsh102","kellg101","younr101","bresr101","walkc101","","K","F","F",6,7,3,"T","T",0,"F","F",1,"F","F",0,"F","F",0,"","F","F","",0,0,"N",0,"N",0,"N",0,1,2,0,"2","","","","F","F","F","F","F","F","F","F","F","watsm103","baldh101","","F","F","F","F","F","","","","",0,2,0,0,0,0,0,0,0,60,"NY1","CIN","NY1",0,"F","T",5,3,4,33,8,"T","F",3,3,"T","T","wingi101","luqud101","F","F",7,5,58,9,4,57,0,0,0,"gowdh101","gowdh101","",0,0,0,0,0,0,0,0,0,0,0,0,0,"","F","F","F","F",0,0,0,0,0,0,0,0,0,0,F,F,"1924NY1.EVN.regular.event.csv",4123
"NY1192409181","CIN",7,1,0,0,0,"",5,3,"gowdh101","?","gowdh101","?","luqud101","?","luqud101","?","wingi101","daubj101","crith101","pineb101","bohns101","bresr101","rouse101","walkc101","","","","63","T","F",2,8,2,"T","T",0,"F","F",1,"F","F",0,"F","F",6,"G","F","F","",0,0,"N",0,"N",0,"N",0,0,0,0,"63","","","","F","F","F","F","F","F","F","F","F","","","","F","F","F","F","F","","","","",0,3,0,0,6,0,0,0,0,61,"NY1","NY1","CIN",1,"T","F",3,5,0,25,0,"T","F",0,0,"T","T","watsm103","grohh101","T","T",0,0,0,0,0,0,0,0,0,"","","",0,0,0,0,0,0,0,0,0,0,0,0,0,"bohns101","F","F","F","F",0,0,0,0,0,0,0,0,0,0,F,F,"1924NY1.EVN.regular.event.csv",4124
"NY1192409181","CIN",7,1,1,0,0,"",5,3,"soutb101","?","soutb101","?","luqud101","?","luqud101","?","wingi101","daubj101","crith101","pineb101","bohns101","bresr101","rouse101","walkc101","","","","K","F","T",11,9,3,"T","T",0,"F","F",1,"F","F",0,"F","F",0,"","F","F","",0,0,"N",0,"N",0,"N",0,0,0,0,"2","","","","F","F","F","F","F","F","F","F","F","","","","F","F","F","F","F","","","","watsm103",1,2,0,0,0,0,0,0,0,62,"NY1","NY1","CIN",1,"F","F",3,5,0,26,1,"T","F",0,0,"F","F","grohh101","frisf101","T","T",0,0,0,0,0,0,0,0,0,"","","",0,0,0,0,0,0,0,0,0,0,0,0,0,"","F","F","F","F",0,0,0,0,0,0,0,0,0,0,F,F,"1924NY1.EVN.regular.event.csv",4125
"NY1192409181","CIN",7,1,2,0,0,"",5,3,"grohh101","?","grohh101","?","luqud101","?","luqud101","?","wingi101","daubj101","crith101","pineb101","bohns101","bresr101","rouse101","walkc101","","","","53","F","F",5,1,2,"T","T",0,"F","F",1,"F","F",0,"F","F",5,"G","F","F","",0,0,"N",0,"N",0,"N",0,0,0,0,"53","","","","F","F","F","F","F","F","F","F","F","","","","F","F","F","F","F","","","","",0,3,0,0,5,0,0,0,0,63,"NY1","NY1","CIN",1,"F","T",3,5,0,27,2,"T","F",0,0,"T","T","frisf101","younr101","T","T",0,0,0,0,0,0,0,0,0,"","","",0,0,0,0,0,0,0,0,0,0,0,0,0,"pineb101","F","F","F","F",0,0,0,0,0,0,0,0,0,0,F,F,"1924NY1.EVN.regular.event.csv",4126
"NY1192409181","CIN",8,0,0,0,0,"",5,3,"wingi101","?","wingi101","?","jonnc101","?","jonnc101","?","gowdh101","terrb101","frisf101","grohh101","jackt101","wilsh102","kellg101","younr101","","","","S","T","F",2,8,20,"T","T",1,"F","F",0,"F","F",0,"F","F",0,"","F","F","",0,0,"N",0,"N",0,"N",1,0,0,0,"","","","","F","F","F","F","F","F","F","F","F","","","","F","F","F","F","F","","","","",0,0,0,0,0,0,0,0,0,64,"NY1","CIN","NY1",0,"T","F",5,3,0,34,0,"T","F",0,1,"T","T","luqud101","crith101","F","F",0,0,0,0,0,0,0,0,0,"","","",0,0,0,0,0,0,0,0,0,0,0,0,0,"","F","F","F","F",0,0,0,0,0,0,0,0,0,0,F,F,"1924NY1.EVN.regular.event.csv",4127
"NY1192409181","CIN",8,0,0,0,0,"",5,3,"luqud101","?","luqud101","?","jonnc101","?","jonnc101","?","gowdh101","terrb101","frisf101","grohh101","jackt101","wilsh102","kellg101","younr101","wingi101","","","K","F","F",1,9,3,"T","T",0,"F","F",1,"F","F",0,"F","F",0,"","F","F","",0,0,"N",0,"N",0,"N",0,1,0,0,"2","","","","F","F","F","F","F","F","F","F","F","jonnc101","","","F","F","F","F","F","","","","",0,2,0,0,0,0,0,0,0,65,"NY1","CIN","NY1",0,"F","F",5,3,0,35,1,"T","F",1,1,"T","T","crith101","daubj101","F","F",2,8,64,0,0,0,0,0,0,"gowdh101","","",0,0,0,0,0,0,0,0,0,0,0,0,0,"","F","F","F","F",0,0,0,0,0,0,0,0,0,0,F,F,"1924NY1.EVN.regular.event.csv",4128
"NY1192409181","CIN",8,0,1,0,0,"",5,3,"crith101","?","crith101","?","jonnc101","?","jonnc101","?","gowdh101","terrb101","frisf101","grohh101","jackt101","wilsh102","kellg101","younr101","wingi101","","","14(1)/FO","F","F",4,1,2,"T","T",0,"F","F",1,"F","F",0,"F","F",1,"G","F","F","",0,0,"N",0,"N",0,"N",1,0,0,0,"","14","","","F","F","F","F","F","F","F","F","F","jonnc101","","","F","F","F","F","F","","","","",0,4,0,0,1,0,0,0,0,66,"NY1","CIN","NY1",0,"F","F",5,3,0,36,2,"T","F",1,1,"T","T","daubj101","rouse101","F","F",2,8,64,0,0,0,0,0,0,"gowdh101","","",0,0,0,0,0,0,0,0,0,0,0,0,0,"jonnc101","T","F","F","F",0,0,0,0,0,0,0,0,0,0,F,F,"1924NY1.EVN.regular.event.csv",4129
"NY1192409181","CIN",8,0,2,0,0,"",5,3,"daubj101","?","daubj101","?","jonnc101","?","jonnc101","?","gowdh101","terrb101","frisf101","grohh101","jackt101","wilsh102","kellg101","younr101","crith101","","","W.1-2","F","F",3,2,14,"T","F",0,"F","F",0,"F","F",0,"F","F",0,"","F","F","",0,0,"N",0,"N",0,"N",1,2,0,0,"","","","","F","F","F","F","F","F","F","F","F","jonnc101","","","F","F","F","F","F","","","","",0,0,0,0,0,0,0,0,0,67,"NY1","CIN","NY1",0,"F","F",5,3,0,37,3,"T","F",1,3,"T","T","rouse101","walkc101","F","F",4,1,66,0,0,0,0,0,0,"gowdh101","","",0,0,0,0,0,0,0,0,0,0,0,0,0,"","F","F","F","F",0,0,0,0,0,0,0,0,0,0,F,F,"1924NY1.EVN.regular.event.csv",4130
"NY1192409181","CIN",8,0,2,0,0,"",5,3,"rouse101","?","rouse101","?","jonnc101","?","jonnc101","?","gowdh101","terrb101","frisf101","grohh101","jackt101","wilsh102","kellg101","younr101","daubj101","crith101","","46(1)/FO","F","F",8,3,2,"T","T",0,"F","F",1,"F","F",0,"F","F",4,"G","F","F","",0,0,"N",0,"N",0,"N",1,0,2,0,"","46","","","F","F","F","F","F","F","F","F","F","jonnc101","jonnc101","","F","F","F","F","F","","","","",0,6,0,0,4,0,0,0,0,68,"NY1","CIN","NY1",0,"F","T",5,3,0,38,4,"T","F",3,3,"T","T","walkc101","bresr101","F","F",3,2,67,4,1,66,0,0,0,"gowdh101","gowdh101","",0,0,0,0,0,0,0,0,0,0,0,0,0,"frisf101","T","F","F","F",0,0,0,0,0,0,0,0,0,0,F,F,"1924NY1.EVN.regular.event.csv",4131
"NY1192409181","CIN",8,1,0,0,0,"",5,3,"frisf101","?","frisf101","?","luqud101","?","luqud101","?","wingi101","daubj101","crith101","pineb101","bohns101","bresr101","rouse101","walkc101","","","","4/P","T","F",4,2,2,"T","T",0,"F","F",1,"F","F",0,"F","F",4,"P","F","F","",0,0,"N",0,"N",0,"N",0,0,0,0,"4","","","","F","F","F","F","F","F","F","F","F","","","","F","F","F","F","F","","","","",0,4,0,0,0,0,0,0,0,69,"NY1","NY1","CIN",1,"T","F",3,5,0,28,0,"T","F",0,0,"T","T","younr101","kellg101","T","T",0,0,0,0,0,0,0,0,0,"","","",0,0,0,0,0,0,0,0,0,0,0,0,0,"crith101","F","F","F","F",0,0,0,0,0,0,0,0,0,0,F,F,"1924NY1.EVN.regular.event.csv",4132
"NY1192409181","CIN",8,1,1,0,0,"",5,3,"younr101","?","younr101","?","luqud101","?","luqud101","?","wingi101","daubj101","crith101","pineb101","bohns101","bresr101","rouse101","walkc101","","","","63","F","F",9,3,2,"T","T",0,"F","F",1,"F","F",0,"F","F",6,"G","F","F","",0,0,"N",0,"N",0,"N",0,0,0,0,"63","","","","F","F","F","F","F","F","F","F","F","","","","F","F","F","F","F","","","","",0,3,0,0,6,0,0,0,0,70,"NY1","NY1","CIN",1,"F","F",3,5,0,29,1,"T","F",0,0,"T","T","kellg101","terrb101","T","T",0,0,0,0,0,0,0,0,0,"","","",0,0,0,0,0,0,0,0,0,0,0,0,0,"bohns101","F","F","F","F",0,0,0,0,0,0,0,0,0,0,F,F,"1924NY1.EVN.regular.event.csv",4133
"NY1192409181","CIN",8,1,2,0,0,"",5,3,"kellg101","?","kellg101","?","luqud101","?","luqud101","?","wingi101","daubj101","crith101","pineb101","bohns101","bresr101","rouse101","walkc101","","","","53","F","F",8,4,2,"T","T",0,"F","F",1,"F","F",0,"F","F",5,"G","F","F","",0,0,"N",0,"N",0,"N",0,0,0,0,"53","","","","F","F","F","F","F","F","F","F","F","","","","F","F","F","F","F","","","","",0,3,0,0,5,0,0,0,0,71,"NY1","NY1","CIN",1,"F","T",3,5,0,30,2,"T","F",0,0,"T","T","terrb101","wilsh102","T","T",0,0,0,0,0,0,0,0,0,"","","",0,0,0,0,0,0,0,0,0,0,0,0,0,"pineb101","F","F","F","F",0,0,0,0,0,0,0,0,0,0,F,F,"1924NY1.EVN.regular.event.csv",4134
"NY1192409181","CIN",9,0,0,0,0,"",5,3,"walkc101","?","walkc101","?","jonnc101","?","jonnc101","?","gowdh101","terrb101","frisf101","grohh101","jackt101","wilsh102","kellg101","younr101","","","","S","T","F",9,4,20,"T","T",1,"F","F",0,"F","F",0,"F","F",0,"","F","F","",0,0,"N",0,"N",0,"N",1,0,0,0,"","","","","F","F","F","F","F","F","F","F","F","","","","F","F","F","F","F","","","","",0,0,0,0,0,0,0,0,0,72,"NY1","CIN","NY1",0,"T","F",5,3,0,39,0,"T","F",0,1,"T","T","bresr101","pineb101","F","F",0,0,0,0,0,0,0,0,0,"","","",0,0,0,0,0,0,0,0,0,0,0,0,0,"","F","F","F","F",0,0,0,0,0,0,0,0,0,0,F,F,"1924NY1.EVN.regular.event.csv",4135
"NY1192409181","CIN",9,0,0,0,0,"",5,3,"bresr101","?","bresr101","?","jonnc101","?","jonnc101","?","gowdh101","terrb101","frisf101","grohh101","jackt101","wilsh102","kellg101","younr101","walkc101","","","S.1-2","F","F",7,5,20,"T","T",1,"F","F",0,"F","F",0,"F","F",0,"","F","F","",0,0,"N",0,"N",0,"N",1,2,0,0,"","","","","F","F","F","F","F","F","F","F","F","jonnc101","","","F","F","F","F","F","","","","",0,0,0,0,0,0,0,0,0,73,"NY1","CIN","NY1",0,"F","F",5,3,0,40,1,"T","F",1,3,"T","T","pineb101","bohns101","F","F",9,4,72,0,0,0,0,0,0,"gowdh101","","",0,0,0,0,0,0,0,0,0,0,0,0,0,"","F","F","F","F",0,0,0,0,0,0,0,0,0,0,F,F,"1924NY1.EVN.regular.event.csv",4136
"NY1192409181","CIN",9,0,0,0,0,"",5,3,"pineb101","?","pineb101","?","jonnc101","?","jonnc101","?","gowdh101","terrb101","frisf101","grohh101","jackt101","wilsh102","kellg101","younr101","bresr101","walkc101","","15(2)/FO/BG.1-2","F","F",5,6,2,"T","T",0,"F","F",1,"F","F",0,"F","F",1,"G","T","F","",0,0,"N",0,"N",0,"N",1,2,0,0,"","","15","","F","F","F","F","F","F","F","F","F","jonnc101","jonnc101","","F","F","F","F","F","","","","",0,5,0,0,1,0,0,0,0,74,"NY1","CIN","NY1",0,"F","F",5,3,0,41,2,"T","F",3,3,"T","T","bohns101","wingi101","F","F",7,5,73,9,4,72,0,0,0,"gowdh101","gowdh101","",0,0,0,0,0,0,0,0,0,0,0,0,0,"jonnc101","F","T","F","F",0,0,0,0,0,0,0,0,0,0,F,F,"1924NY1.EVN.regular.event.csv",4137
"NY1192409181","CIN",9,0,1,0,0,"",5,3,"bohns101","?","bohns101","?","jonnc101","?","jonnc101","?","gowdh101","terrb101","frisf101","grohh101","jackt101","wilsh102","kellg101","younr101","pineb101","bresr101","","5(2)/FO/RINT.1-2","F","F",6,7,2,"T","T",0,"F","F",1,"F","F",0,"F","F",5,"G","F","F","",0,0,"N",0,"N",0,"N",1,2,0,0,"","","5","","F","F","F","F","F","F","F","F","F","jonnc101","jonnc101","","F","F","F","F","F","","","","",0,5,0,0,0,0,0,0,0,75,"NY1","CIN","NY1",0,"F","F",5,3,0,42,3,"T","F",3,3,"T","T","wingi101","luqud101","F","F",5,6,74,7,5,73,0,0,0,"gowdh101","gowdh101","",0,0,0,0,0,0,0,0,0,0,0,0,0,"grohh101","F","T","F","F",0,0,0,0,0,0,0,0,0,0,F,F,"1924NY1.EVN.regular.event.csv",4138
"NY1192409181","CIN",9,0,2,0,0,"",5,3,"wingi101","?","wingi101","?","jonnc101","?","jonnc101","?","gowdh101","terrb101","frisf101","grohh101","jackt101","wilsh102","kellg101","younr101","bohns101","pineb101","","8/F","F","F",2,8,2,"T","T",0,"F","F",1,"F","F",0,"F","F",8,"F","F","F","",0,0,"N",0,"N",0,"N",0,1,2,0,"8","","","","F","F","F","F","F","F","F","F","F","jonnc101","jonnc101","","F","F","F","F","F","","","","",0,8,0,0,0,0,0,0,0,76,"NY1","CIN","NY1",0,"F","T",5,3,0,43,4,"T","F",3,3,"T","T","luqud101","crith101","F","F",6,7,75,5,6,74,0,0,0,"gowdh101","gowdh101","",0,0,0,0,0,0,0,0,0,0,0,0,0,"kellg101","F","F","F","F",0,0,0,0,0,0,0,0,0,0,F,F,"1924NY1.EVN.regular.event.csv",4139
"NY1192409181","CIN",9,1,0,0,0,"",5,3,"terrb101","?","terrb101","?","luqud101","?","luqud101","?","wingi101","daubj101","crith101","pineb101","bohns101","bresr101","rouse101","walkc101","","","","K","T","F",3,5,3,"T","T",0,"F","F",1,"F","F",0,"F","F",0,"","F","F","",0,0,"N",0,"N",0,"N",0,0,0,0,"2","","","","F","F","F","F","F","F","F","F","F","","","","F","F","F","F","F","","","","",0,2,0,0,0,0,0,0,0,77,"NY1","NY1","CIN",1,"T","F",3,5,0,31,0,"T","F",0,0,"T","T","wilsh102","jackt101","T","T",0,0,0,0,0,0,0,0,0,"","","",0,0,0,0,0,0,0,0,0,0,0,0,0,"","F","F","F","F",0,0,0,0,0,0,0,0,0,0,F,F,"1924NY1.EVN.regular.event.csv",4140
"NY1192409181","CIN",9,1,1,0,0,"",5,3,"oconj102","?","oconj102","?","luqud101","?","luqud101","?","wingi101","daubj101","crith101","pineb101","bohns101","bresr101","rouse101","walkc101","","","","31","F","T",11,6,2,"T","T",0,"F","F",1,"F","F",0,"F","F",3,"G","F","F","",0,0,"N",0,"N",0,"N",0,0,0,0,"31","","","","F","F","F","F","F","F","F","F","F","","","","F","F","F","F","F","","","","wilsh102",7,1,0,0,3,0,0,0,0,78,"NY1","NY1","CIN",1,"F","F",3,5,0,32,1,"T","F",0,0,"F","F","jackt101","gowdh101","T","T",0,0,0,0,0,0,0,0,0,"","","",0,0,0,0,0,0,0,0,0,0,0,0,0,"daubj101","F","F","F","F",0,0,0,0,0,0,0,0,0,0,F,F,"1924NY1.EVN.regular.event.csv",4141
"NY1192409181","CIN",9,1,2,0,0,"",5,3,"jackt101","?","jackt101","?","luqud101","?","luqud101","?","wingi101","daubj101","crith101","pineb101","bohns101","bresr101","rouse101","walkc101","","","","53","F","F",6,7,2,"T","T",0,"F","F",1,"F","F",0,"F","F",5,"G","F","F","",0,0,"N",0,"N",0,"N",0,0,0,0,"53","","","","F","F","F","F","F","F","F","F","F","","","","F","T","F","F","F","","","","",0,3,0,0,5,0,0,0,0,79,"NY1","NY1","CIN",1,"F","T",3,5,0,33,2,"T","F",0,0,"T","T","gowdh101","jonnc101","T","T",0,0,0,0,0,0,0,0,0,"","","",0,0,0,0,0,0,0,0,0,0,0,0,0,"pineb101","F","F","F","F",0,0,0,0,0,0,0,0,0,0,F,F,"1924NY1.EVN.regular.event.csv",4142
"NY1192409182","CIN",1,0,0,0,0,"",0,0,"crith101","?","crith101","?","bentj101","?","bentj101","?","gowdh101","terrb101","frisf101","grohh101","jackt101","wilsh102","kellg101","younr101","","","","S","T","F",4,1,20,"T","T",1,"F","F",0,"F","F",0,"F","F",0,"","F","F","",0,0,"N",0,"N",0,"N",1,0,0,0,"","","","","F","F","F","F","F","F","F","F","F","","","","T","F","F","F","F","","","","",0,0,0,0,0,0,0,0,0,1,"NY1","CIN","NY1",0,"T","F",0,0,0,0,0,"T","F",0,1,"T","T","duncp101","rouse101","T","T",0,0,0,0,0,0,0,0,0,"","","",0,0,0,0,0,0,0,0,0,0,0,0,0,"","F","F","F","F",0,0,0,0,0,0,0,0,0,0,F,F,"1924NY1.EVN.regular.event.csv",4143
"NY1192409182","CIN",1,0,0,0,0,"",0,0,"duncp101","?","duncp101","?","bentj101","?","bentj101","?","gowdh101","terrb101","frisf101","grohh101","jackt101","wilsh102","kellg101","younr101","crith101","","","9/F","F","F",7,2,2,"T","T",0,"F","F",1,"F","F",0,"F","F",9,"F","F","F","",0,0,"N",0,"N",0,"N",0,1,0,0,"9","","","","F","F","F","F","F","F","F","F","F","bentj101","","","F","F","F","F","F","","","","",0,9,0,0,0,0,0,0,0,2,"NY1","CIN","NY1",0,"F","F",0,0,0,1,1,"T","F",1,1,"T","T","rouse101","walkc101","T","T",4,1,1,0,0,0,0,0,0,"gowdh101","","",0,0,0,0,0,0,0,0,0,0,0,0,0,"younr101","F","F","F","F",0,0,0,0,0,0,0,0,0,0,F,F,"1924NY1.EVN.regular.event.csv",4144
"NY1192409182","CIN",1,0,1,0,0,"",0,0,"rouse101","?","rouse101","?","bentj101","?","bentj101","?","gowdh101","terrb101","frisf101","grohh101","jackt101","wilsh102","kellg101","younr101","crith101","","","6/P","F","F",8,3,2,"T","T",0,"F","F",1,"F","F",0,"F","F",6,"P","F","F","",0,0,"N",0,"N",0,"N",0,1,0,0,"6","","","","F","F","F","F","F","F","F","F","F","bentj101","","","F","F","F","F","F","","","","",0,6,0,0,0,0,0,0,0,3,"NY1","CIN","NY1",0,"F","F",0,0,0,2,2,"T","F",1,1,"T","T","walkc101","bresr101","T","T",4,1,1,0,0,0,0,0,0,"gowdh101","","",0,0,0,0,0,0,0,0,0,0,0,0,0,"jackt101","F","F","F","F",0,0,0,0,0,0,0,0,0,0,F,F,"1924NY1.EVN.regular.event.csv",4145
"NY1192409182","CIN",1,0,2,0,0,"",0,0,"walkc101","?","walkc101","?","bentj101","?","bentj101","?","gowdh101","terrb101","frisf101","grohh101","jackt101","wilsh102","kellg101","younr101","crith101","","","43","F","F",9,4,2,"T","T",0,"F","F",1,"F","F",0,"F","F",4,"G","F","F","",0,0,"N",0,"N",0,"N",0,1,0,0,"43","","","","F","F","F","F","F","F","F","F","F","bentj101","","","F","F","F","F","F","","","","",0,3,0,0,4,0,0,0,0,4,"NY1","CIN","NY1",0,"F","T",0,0,0,3,3,"T","F",1,1,"T","T","bresr101","pineb101","T","T",4,1,1,0,0,0,0,0,0,"gowdh101","","",0,0,0,0,0,0,0,0,0,0,0,0,0,"frisf101","F","F","F","F",0,0,0,0,0,0,0,0,0,0,F,F,"1924NY1.EVN.regular.event.csv",4146
"NY1192409182","CIN",1,1,0,0,0,"",0,0,"grohh101","?","grohh101","?","rixee101","?","rixee101","?","hargb101","bresr101","crith101","pineb101","bohns101","duncp101","rouse101","walkc101","","","","S8","T","F",5,1,20,"T","T",1,"F","F",0,"F","F",0,"F","F",8,"","F","F","",0,0,"N",0,"N",0,"N",1,0,0,0,"","","","","F","F","F","F","F","F","F","F","F","","","","F","F","F","F","F","","","","",0,0,0,0,0,0,0,0,0,5,"NY1","NY1","CIN",1,"T","F",0,0,0,0,0,"T","F",0,1,"T","T","frisf101","younr101","T","T",0,0,0,0,0,0,0,0,0,"","","",0,0,0,0,0,0,0,0,0,0,0,0,0,"rouse101","F","F","F","F",4,0,0,0,2,0,0,0,0,0,F,F,"1924NY1.EVN.regular.event.csv",4147
"NY1192409182","CIN",1,1,0,0,0,"",0,0,"frisf101","?","frisf101","?","rixee101","?","rixee101","?","hargb101","bresr101","crith101","pineb101","bohns101","duncp101","rouse101","walkc101","grohh101","","","S7/6.1-3","F","F",4,2,20,"T","T",1,"F","F",0,"F","F",0,"F","F",7,"","F","F","6",0,0,"N",0,"N",0,"N",1,3,0,0,"","","","","F","F","F","F","F","F","F","F","F","rixee101","","","F","F","F","F","F","","","","",0,0,0,0,0,0,0,0,0,6,"NY1","NY1","CIN",1,"F","F",0,0,0,1,1,"T","F",1,5,"T","T","younr101","kellg101","T","T",5,1,5,0,0,0,0,0,0,"hargb101","","",0,0,0,0,0,0,0,0,0,0,0,0,0,"duncp101","F","F","F","F",4,4,0,0,2,0,0,0,0,0,F,F,"1924NY1.EVN.regular.event.csv",4148
"NY1192409182","CIN",1,1,0,0,0,"",0,0,"younr101","?","younr101","?","rixee101","?","rixee101","?","hargb101","bresr101","crith101","pineb101","bohns101","duncp101","rouse101","walkc101","frisf101","","grohh101","S8.3-H;1-3","F","F",9,3,20,"T","T",1,"F","F",0,"F","F",1,"F","F",8,"","F","F","",0,0,"N",0,"N",0,"N",1,3,0,4,"","","","","F","F","F","F","F","F","F","F","F","rixee101","","rixee101","F","F","F","F","F","","","","",0,0,0,0,0,0,0,0,0,7,"NY1","NY1","CIN",1,"F","F",0,0,0,2,2,"T","F",5,5,"T","T","kellg101","terrb101","T","T",4,2,6,0,0,0,5,1,5,"hargb101","","hargb101",0,0,0,0,0,0,0,0,0,0,0,0,1,"rouse101","F","F","F","F",0,4,0,4,1,0,0,0,0,0,F,F,"1924NY1.EVN.regular.event.csv",4149
"NY1192409182","CIN",1,1,0,0,0,"",0,1,"kellg101","?","kellg101","?","rixee101","?","rixee101","?","hargb101","bresr101","crith101","pineb101","bohns101","duncp101","rouse101","walkc101","younr101","","frisf101","9/SF.3-H","F","F",8,4,2,"T","F",0,"F","T",1,"F","F",1,"F","F",9,"F","F","F","",0,0,"N",0,"N",0,"N",0,1,0,4,"9","","","","F","F","F","F","F","F","F","F","F","rixee101","","rixee101","F","F","F","F","F","","","","",0,9,0,0,0,0,0,0,0,8,"NY1","NY1","CIN",1,"F","F",1,0,1,3,3,"T","F",5,1,"T","T","terrb101","wilsh102","T","T",9,3,7,0,0,0,4,2,6,"hargb101","","hargb101",0,0,0,0,0,0,0,0,0,0,0,0,1,"walkc101","F","F","F","F",0,0,0,4,0,0,0,0,0,0,F,F,"1924NY1.EVN.regular.event.csv",4150
"NY1192409182","CIN",1,1,1,0,0,"",0,2,"terrb101","?","terrb101","?","rixee101","?","rixee101","?","hargb101","bresr101","crith101","pineb101","bohns101","duncp101","rouse101","walkc101","younr101","","","6/P","F","F",3,5,2,"T","T",0,"F","F",1,"F","F",0,"F","F",6,"P","F","F","",0,0,"N",0,"N",0,"N",0,1,0,0,"6","","","","F","F","F","F","F","F","F","F","F","rixee101","","","F","F","F","F","F","","","","",0,6,0,0,0,0,0,0,0,9,"NY1","NY1","CIN",1,"F","F",2,0,2,4,4,"T","F",1,1,"T","T","wilsh102","jackt101","T","T",9,3,7,0,0,0,0,0,0,"hargb101","","",0,0,0,0,0,0,0,0,0,0,0,0,0,"bohns101","F","F","F","F",0,0,0,0,0,0,0,0,0,0,F,F,"1924NY1.EVN.regular.event.csv",4151
"NY1192409182","CIN",1,1,2,0,0,"",0,2,"wilsh102","?","wilsh102","?","rixee101","?","rixee101","?","hargb101","bresr101","crith101","pineb101","bohns101","duncp101","rouse101","walkc101","younr101","","","3/G","F","F",7,6,2,"T","T",0,"F","F",1,"F","F",0,"F","F",3,"G","F","F","",0,0,"N",0,"N",0,"N",0,1,0,0,"3","","","","F","F","F","F","F","F","F","F","F","rixee101","","","F","F","F","F","F","","","","",0,3,0,0,0,0,0,0,0,10,"NY1","NY1","CIN",1,"F","T",2,0,2,5,5,"T","F",1,1,"T","T","jackt101","gowdh101","T","T",9,3,7,0,0,0,0,0,0,"hargb101","","",0,0,0,0,0,0,0,0,0,0,0,0,0,"bresr101","F","F","F","F",0,0,0,0,0,0,0,0,0,0,F,F,"1924NY1.EVN.regular.event.csv",4152
"NY1192409182","CIN",2,0,0,0,0,"",0,2,"bresr101","?","bresr101","?","bentj101","?","bentj101","?","gowdh101","terrb101","frisf101","grohh101","jackt101","wilsh102","kellg101","younr101","","","","7/F","T","F",3,5,2,"T","T",0,"F","F",1,"F","F",0,"F","F",7,"F","F","F","",0,0,"N",0,"N",0,"N",0,0,0,0,"7","","","","F","F","F","F","F","F","F","F","F","","","","F","F","F","F","F","","","","",0,7,0,0,0,0,0,0,0,11,"NY1","CIN","NY1",0,"T","F",0,2,0,4,0,"T","F",0,0,"T","T","pineb101","bohns101","T","T",0,0,0,0,0,0,0,0,0,"","","",0,0,0,0,0,0,0,0,0,0,0,0,0,"wilsh102","F","F","F","F",0,0,0,0,1,0,0,0,0,0,F,F,"1924NY1.EVN.regular.event.csv",4153
"NY1192409182","CIN",2,0,1,0,0,"",0,2,"pineb101","?","pineb101","?","bentj101","?","bentj101","?","gowdh101","terrb101","frisf101","grohh101","jackt101","wilsh102","kellg101","younr101","","","","43","F","F",5,6,2,"T","T",0,"F","F",1,"F","F",0,"F","F",4,"G","F","F","",0,0,"N",0,"N",0,"N",0,0,0,0,"43","","","","F","F","F","F","F","F","F","F","F","","","","F","F","F","F","F","","","","",0,3,0,0,4,0,0,0,0,12,"NY1","CIN","NY1",0,"F","F",0,2,0,5,1,"T","F",0,0,"T","T","bohns101","hargb101","T","T",0,0,0,0,0,0,0,0,0,"","","",0,0,0,0,0,0,0,0,0,0,0,0,0,"frisf101","F","F","F","F",0,0,0,0,1,0,0,0,0,0,F,F,"1924NY1.EVN.regular.event.csv",4154
"NY1192409182","CIN",2,0,2,0,0,"",0,2,"bohns101","?","bohns101","?","bentj101","?","bentj101","?","gowdh101","terrb101","frisf101","grohh101","jackt101","wilsh102","kellg101","younr101","","","","W","F","F",6,7,14,"T","F",0,"F","F",0,"F","F",0,"F","F",0,"","F","F","",0,0,"N",0,"N",0,"N",1,0,0,0,"","","","","F","F","F","F","F","F","F","F","F","","","","F","F","F","F","F","","","","",0,0,0,0,0,0,0,0,0,13,"NY1","CIN","NY1",0,"F","F",0,2,0,6,2,"T","F",0,1,"T","T","hargb101","rixee101","T","T",0,0,0,0,0,0,0,0,0,"","","",0,0,0,0,0,0,0,0,0,0,0,0,0,"","F","F","F","F",4,0,0,0,1,0,0,0,0,0,F,F,"1924NY1.EVN.regular.event.csv",4155
"NY1192409182","CIN",2,0,2,0,0,"",0,2,"hargb101","?","hargb101","?","bentj101","?","bentj101","?","gowdh101","terrb101","frisf101","grohh101","jackt101","wilsh102","kellg101","younr101","bohns101","","","D9.1-H","F","F",2,8,21,"T","T",2,"F","F",0,"F","F",1,"F","F",9,"","F","F","",0,0,"N",0,"N",0,"N",2,4,0,0,"","","","","F","F","F","F","F","F","F","F","F","bentj101","","","F","F","F","F","F","","","","",0,0,0,0,0,0,0,0,0,14,"NY1","CIN","NY1",0,"F","F",0,2,0,7,3,"T","F",1,2,"T","T","rixee101","crith101","T","T",6,7,13,0,0,0,0,0,0,"gowdh101","","",0,0,0,0,0,0,0,0,0,0,0,0,1,"younr101","F","F","F","F",0,4,0,0,0,0,0,0,0,0,F,F,"1924NY1.EVN.regular.event.csv",4156
"NY1192409182","CIN",2,0,2,0,0,"",1,2,"rixee101","?","rixee101","?","bentj101","?","bentj101","?","gowdh101","terrb101","frisf101","grohh101","jackt101","wilsh102","kellg101","younr101","","hargb101","","53","F","F",1,9,2,"T","T",0,"F","F",1,"F","F",0,"F","F",5,"G","F","F","",0,0,"N",0,"N",0,"N",0,0,2,0,"53","","","","F","F","F","F","F","F","F","F","F","","bentj101","","F","F","F","F","F","","","","",0,3,0,0,5,0,0,0,0,15,"NY1","CIN","NY1",0,"F","T",1,2,1,8,4,"T","F",2,2,"T","T","crith101","duncp101","T","T",0,0,0,2,8,14,0,0,0,"","gowdh101","",0,0,0,0,0,0,0,0,0,0,0,0,0,"grohh101","F","F","F","F",0,0,0,0,0,0,0,0,0,0,F,F,"1924NY1.EVN.regular.event.csv",4157
"NY1192409182","CIN",2,1,0,0,0,"",1,2,"jackt101","?","jackt101","?","rixee101","?","rixee101","?","hargb101","bresr101","crith101","pineb101","bohns101","duncp101","rouse101","walkc101","","","","7/L","T","F",6,7,2,"T","T",0,"F","F",1,"F","F",0,"F","F",7,"L","F","F","",0,0,"N",0,"N",0,"N",0,0,0,0,"7","","","","F","F","F","F","F","F","F","F","F","","","","F","F","F","F","F","","","","",0,7,0,0,0,0,0,0,0,16,"NY1","NY1","CIN",1,"T","F",2,1,0,6,0,"T","F",0,0,"T","T","gowdh101","bentj101","T","T",0,0,0,0,0,0,0,0,0,"","","",0,0,0,0,0,0,0,0,0,0,0,0,0,"duncp101","F","F","F","F",0,0,0,0,0,0,0,0,0,0,F,F,"1924NY1.EVN.regular.event.csv",4158
"NY1192409182","CIN",2,1,1,0,0,"",1,2,"gowdh101","?","gowdh101","?","rixee101","?","rixee101","?","hargb101","bresr101","crith101","pineb101","bohns101","duncp101","rouse101","walkc101","","","","S/3D","F","F",2,8,20,"T","T",1,"F","F",0,"F","F",0,"F","F",0,"","F","F","3D",0,0,"N",0,"N",0,"N",1,0,0,0,"","","","","F","F","F","F","F","F","F","F","F","","","","F","F","F","F","F","","","","",0,0,0,0,0,0,0,0,0,17,"NY1","NY1","CIN",1,"F","F",2,1,0,7,1,"T","F",0,1,"T","T","bentj101","grohh101","T","T",0,0,0,0,0,0,0,0,0,"","","",0,0,0,0,0,0,0,0,0,0,0,0,0,"","F","F","F","F",0,0,0,0,0,0,0,0,0,0,F,F,"1924NY1.EVN.regular.event.csv",4159
"NY1192409182","CIN",2,1,1,0,0,"",1,2,"bentj101","?","bentj101","?","rixee101","?","rixee101","?","hargb101","bresr101","crith101","pineb101","bohns101","duncp101","rouse101","walkc101","gowdh101","","","5/P","F","F",1,9,2,"T","T",0,"F","F",1,"F","F",0,"F","F",5,"P","F","F","",0,0,"N",0,"N",0,"N",0,1,0,0,"5","","","","F","F","F","F","F","F","F","F","F","rixee101","","","F","F","F","F","F","","","","",0,5,0,0,0,0,0,0,0,18,"NY1","NY1","CIN",1,"F","F",2,1,0,8,2,"T","F",1,1,"T","T","grohh101","frisf101","T","T",2,8,17,0,0,0,0,0,0,"hargb101","","",0,0,0,0,0,0,0,0,0,0,0,0,0,"pineb101","F","F","F","F",0,0,0,0,0,0,0,0,0,0,F,F,"1924NY1.EVN.regular.event.csv",4160
"NY1192409182","CIN",2,1,2,0,0,"",1,2,"grohh101","?","grohh101","?","rixee101","?","rixee101","?","hargb101","bresr101","crith101","pineb101","bohns101","duncp101","rouse101","walkc101","gowdh101","","","S7.1-2","F","F",5,1,20,"T","T",1,"F","F",0,"F","F",0,"F","F",7,"","F","F","",0,0,"N",0,"N",0,"N",1,2,0,0,"","","","","F","F","F","F","F","F","F","F","F","rixee101","","","F","F","F","F","F","","","","",0,0,0,0,0,0,0,0,0,19,"NY1","NY1","CIN",1,"F","F",2,1,0,9,3,"T","F",1,3,"T","T","frisf101","younr101","T","T",2,8,17,0,0,0,0,0,0,"hargb101","","",0,0,0,0,0,0,0,0,0,0,0,0,0,"duncp101","F","F","F","F",0,0,0,0,0,0,0,0,0,0,F,F,"1924NY1.EVN.regular.event.csv",4161
"NY1192409182","CIN",2,1,2,0,0,"",1,2,"frisf101","?","frisf101","?","rixee101","?","rixee101","?","hargb101","bresr101","crith101","pineb101","bohns101","duncp101","rouse101","walkc101","grohh101","gowdh101","","43","F","F",4,2,2,"T","T",0,"F","F",1,"F","F",0,"F","F",4,"G","F","F","",0,0,"N",0,"N",0,"N",0,1,2,0,"43","","","","F","F","F","F","F","F","F","F","F","rixee101","rixee101","","F","F","F","F","F","","","","",0,3,0,0,4,0,0,0,0,20,"NY1","NY1","CIN",1,"F","T",2,1,0,10,4,"T","F",3,3,"T","T","younr101","kellg101","T","T",5,1,19,2,8,17,0,0,0,"hargb101","hargb101","",0,0,0,0,0,0,0,0,0,0,0,0,0,"crith101","F","F","F","F",0,0,0,0,0,0,0,0,0,0,F,F,"1924NY1.EVN.regular.event.csv",4162
"NY1192409182","CIN",3,0,0,0,0,"",1,2,"crith101","?","crith101","?","bentj101","?","bentj101","?","gowdh101","terrb101","frisf101","grohh101","jackt101","wilsh102","kellg101","younr101","","","","8/F","T","F",4,1,2,"T","T",0,"F","F",1,"F","F",0,"F","F",8,"F","F","F","",0,0,"N",0,"N",0,"N",0,0,0,0,"8","","","","F","F","F","F","F","F","F","F","F","","","","F","F","F","F","F","","","","",0,8,0,0,0,0,0,0,0,21,"NY1","CIN","NY1",0,"T","F",1,2,0,9,0,"T","F",0,0,"T","T","duncp101","rouse101","T","T",0,0,0,0,0,0,0,0,0,"","","",0,0,0,0,0,0,0,0,0,0,0,0,0,"kellg101","F","F","F","F",0,0,0,0,2,0,0,0,0,0,F,F,"1924NY1.EVN.regular.event.csv",4163
"NY1192409182","CIN",3,0,1,0,0,"",1,2,"duncp101","?","duncp101","?","bentj101","?","bentj101","?","gowdh101","terrb101","frisf101","grohh101","jackt101","wilsh102","kellg101","younr101","","","","T8/L","F","F",7,2,22,"T","T",3,"F","F",0,"F","F",0,"F","F",8,"L","F","F","",0,0,"N",0,"N",0,"N",3,0,0,0,"","","","","F","F","F","F","F","F","F","F","F","","","","F","F","F","F","F","","","","",0,0,0,0,0,0,0,0,0,22,"NY1","CIN","NY1",0,"F","F",1,2,0,10,1,"T","F",0,4,"T","T","rouse101","walkc101","T","T",0,0,0,0,0,0,0,0,0,"","","",0,0,0,0,0,0,0,0,0,0,0,0,0,"kellg101","F","F","F","F",4,0,0,0,2,0,0,0,0,0,F,F,"1924NY1.EVN.regular.event.csv",4164
"NY1192409182","CIN",3,0,1,0,0,"",1,2,"rouse101","?","rouse101","?","bentj101","?","bentj101","?","gowdh101","terrb101","frisf101","grohh101","jackt101","wilsh102","kellg101","younr101","","","duncp101","T/89.3-H","F","F",8,3,22,"T","T",3,"F","F",0,"F","F",1,"F","F",0,"","F","F","89",0,0,"N",0,"N",0,"N",3,0,0,4,"","","","","F","F","F","F","F","F","F","F","F","","","bentj101","F","F","F","F","F","","","","",0,0,0,0,0,0,0,0,0,23,"NY1","CIN","NY1",0,"F","F",1,2,0,11,2,"T","F",4,4,"T","T","walkc101","bresr101","T","T",0,0,0,0,0,0,7,2,22,"","","gowdh101",0,0,0,0,0,0,0,0,0,0,0,0,1,"","F","F","F","F",4,0,0,4,1,0,0,0,0,0,F,F,"1924NY1.EVN.regular.event.csv",4165
"NY1192409182","CIN",3,0,1,0,0,"",2,2,"walkc101","?","walkc101","?","bentj101","?","bentj101","?","gowdh101","terrb101","frisf101","grohh101","jackt101","wilsh102","kellg101","younr101","","","rouse101","S7.3-H","F","F",9,4,20,"T","T",1,"F","F",0,"F","F",1,"F","F",7,"","F","F","",0,0,"N",0,"N",0,"N",1,0,0,4,"","","","","F","F","F","F","F","F","F","F","F","","","bentj101","F","F","F","F","F","","","","",0,0,0,0,0,0,0,0,0,24,"NY1","CIN","NY1",0,"F","F",2,2,1,12,3,"T","F",4,1,"T","T","bresr101","pineb101","T","T",0,0,0,0,0,0,8,3,23,"","","gowdh101",0,0,0,0,0,0,0,0,0,0,0,0,1,"wilsh102","F","F","F","F",0,0,0,4,0,0,0,0,0,0,F,F,"1924NY1.EVN.regular.event.csv",4166
"NY1192409182","CIN",3,0,1,0,0,"",3,2,"bresr101","?","bresr101","?","bentj101","?","bentj101","?","gowdh101","terrb101","frisf101","grohh101","jackt101","wilsh102","kellg101","younr101","walkc101","","","FC5.1-3(E5/TH2)","F","F",3,5,19,"T","T",0,"F","F",0,"F","F",0,"F","F",5,"G","F","F","",1,5,"T",0,"N",0,"N",1,3,0,0,"","","","","F","F","F","F","F","F","F","F","F","bentj101","","","F","F","F","F","F","","","","",0,0,0,0,0,0,0,0,0,25,"NY1","CIN","NY1",0,"F","F",3,2,2,13,4,"T","F",1,5,"T","T","pineb101","bohns101","T","T",9,4,24,0,0,0,0,0,0,"gowdh101","","",0,0,0,0,0,0,0,0,0,0,0,0,0,"grohh101","F","F","F","F",0,0,0,0,0,0,0,0,0,0,F,F,"1924NY1.EVN.regular.event.csv",4167
"NY1192409182","CIN",3,0,1,0,0,"",3,2,"pineb101","?","pineb101","?","bentj101","?","bentj101","?","gowdh101","terrb101","frisf101","grohh101","jackt101","wilsh102","kellg101","younr101","bresr101","","walkc101","46(1)3/GDP","F","F",5,6,2,"T","T",0,"F","F",2,"T","F",0,"F","F",4,"G","F","F","",0,0,"N",0,"N",0,"N",0,0,0,3,"63","46","","","F","F","F","F","F","F","F","F","F","bentj101","","bentj101","F","F","F","F","F","","","","",0,6,3,0,4,6,0,0,0,26,"NY1","CIN","NY1",0,"F","T",3,2,2,14,5,"T","F",5,4,"T","T","bohns101","hargb101","T","T",3,5,25,0,0,0,9,4,24,"gowdh101","","gowdh101",0,0,0,0,0,0,0,0,0,0,0,0,0,"frisf101","T","F","F","F",0,0,0,0,0,0,0,0,0,0,F,F,"1924NY1.EVN.regular.event.csv",4168
"NY1192409182","CIN",3,1,0,0,0,"",3,2,"younr101","?","younr101","?","rixee101","?","rixee101","?","hargb101","bresr101","crith101","pineb101","bohns101","duncp101","rouse101","walkc101","","","","S","T","F",9,3,20,"T","T",1,"F","F",0,"F","F",0,"F","F",0,"","F","F","",0,0,"N",0,"N",0,"N",1,0,0,0,"","","","","F","F","F","F","F","F","F","F","F","","","","F","F","F","F","F","","","","",0,0,0,0,0,0,0,0,0,27,"NY1","NY1","CIN",1,"T","F",2,3,0,11,0,"T","F",0,1,"T","T","kellg101","terrb101","T","T",0,0,0,0,0,0,0,0,0,"","","",0,0,0,0,0,0,0,0,0,0,0,0,0,"","F","F","F","F",4,0,0,0,2,0,0,0,0,0,F,F,"1924NY1.EVN.regular.event.csv",4169
"NY1192409182","CIN",3,1,0,0,0,"",3,2,"kellg101","?","kellg101","?","rixee101","?","rixee101","?","hargb101","bresr101","crith101","pineb101","bohns101","duncp101","rouse101","walkc101","younr101","","","HR/F7D.1-H","F","F",8,4,23,"T","T",4,"F","F",0,"F","F",2,"F","F",0,"F","F","F","7D",0,0,"N",0,"N",0,"N",4,4,0,0,"","","","","F","F","F","F","F","F","F","F","F","rixee101","","","F","F","F","F","F","","","","",0,0,0,0,0,0,0,0,0,28,"NY1","NY1","CIN",1,"F","F",2,3,0,12,1,"T","F",1,0,"T","T","terrb101","wilsh102","T","T",9,3,27,0,0,0,0,0,0,"hargb101","","",0,0,0,0,0,0,0,0,0,0,0,0,2,"","F","F","F","F",4,4,0,0,0,0,0,0,0,0,F,F,"1924NY1.EVN.regular.event.csv",4170
"NY1192409182","CIN",3,1,0,0,0,"",3,4,"terrb101","?","terrb101","?","rixee101","?","rixee101","?","hargb101","bresr101","crith101","pineb101","bohns101","duncp101","rouse101","walkc101","","","","S","F","F",3,5,20,"T","T",1,"F","F",0,"F","F",0,"F","F",0,"","F","F","",0,0,"N",0,"N",0,"N",1,0,0,0,"","","","","F","F","F","F","F","F","F","F","F","","","","F","F","F","F","F","","","","",0,0,0,0,0,0,0,0,0,29,"NY1","NY1","CIN",1,"F","F",4,3,2,13,2,"T","F",0,1,"T","T","wilsh102","jackt101","T","T",0,0,0,0,0,0,0,0,0,"","","",0,0,0,0,0,0,0,0,0,0,0,0,0,"","F","F","F","F",0,0,0,0,0,0,0,0,0,0,F,F,"1924NY1.EVN.regular.event.csv",4171
"NY1192409182","CIN",3,1,0,0,0,"",3,4,"wilsh102","?","wilsh102","?","rixee101","?","rixee101","?","hargb101","bresr101","crith101","pineb101","bohns101","duncp101","rouse101","walkc101","terrb101","","","16(1)3/GDP","F","F",7,6,2,"T","T",0,"F","F",2,"T","F",0,"F","F",1,"G","F","F","",0,0,"N",0,"N",0,"N",0,0,0,0,"63","16","","","F","F","F","F","F","F","F","F","F","rixee101","","","F","F","F","F","F","","","","",0,6,3,0,1,6,0,0,0,30,"NY1","NY1","CIN",1,"F","F",4,3,2,14,3,"T","F",1,0,"T","T","jackt101","gowdh101","T","T",3,5,29,0,0,0,0,0,0,"hargb101","","",0,0,0,0,0,0,0,0,0,0,0,0,0,"rixee101","T","F","F","F",0,0,0,0,0,0,0,0,0,0,F,F,"1924NY1.EVN.regular.event.csv",4172
"NY1192409182","CIN",3,1,2,0,0,"",3,4,"jackt101","?","jackt101","?","rixee101","?","rixee101","?","hargb101","bresr101","crith101","pineb101","bohns101","duncp101","rouse101","walkc101","","","","D","F","F",6,7,21,"T","T",2,"F","F",0,"F","F",0,"F","F",0,"","F","F","",0,0,"N",0,"N",0,"N",2,0,0,0,"","","","","F","F","F","F","F","F","F","F","F","","","","F","F","F","F","F","","","","",0,0,0,0,0,0,0,0,0,31,"NY1","NY1","CIN",1,"F","F",4,3,2,15,4,"T","F",0,2,"T","T","gowdh101","bentj101","T","T",0,0,0,0,0,0,0,0,0,"","","",0,0,0,0,0,0,0,0,0,0,0,0,0,"","F","F","F","F",0,0,0,0,0,0,0,0,0,0,F,F,"1924NY1.EVN.regular.event.csv",4173
"NY1192409182","CIN",3,1,2,0,0,"",3,4,"gowdh101","?","gowdh101","?","rixee101","?","rixee101","?","hargb101","bresr101","crith101","pineb101","bohns101","duncp101","rouse101","walkc101","","jackt101","","IW","F","F",2,8,15,"T","F",0,"F","F",0,"F","F",0,"F","F",0,"","F","F","",0,0,"N",0,"N",0,"N",1,0,2,0,"","","","","F","F","F","F","F","F","F","F","F","","rixee101","","F","F","F","F","F","","","","",0,0,0,0,0,0,0,0,0,32,"NY1","NY1","CIN",1,"F","F",4,3,2,16,5,"T","F",2,3,"T","T","bentj101","grohh101","T","T",0,0,0,6,7,31,0,0,0,"","hargb101","",0,0,0,0,0,0,0,0,0,0,0,0,0,"","F","F","F","F",0,0,0,0,0,0,0,0,0,0,F,F,"1924NY1.EVN.regular.event.csv",4174
"NY1192409182","CIN",3,1,2,0,0,"",3,4,"bentj101","?","bentj101","?","rixee101","?","rixee101","?","hargb101","bresr101","crith101","pineb101","bohns101","duncp101","rouse101","walkc101","gowdh101","jackt101","","64(1)/FO","F","F",1,9,2,"T","T",0,"F","F",1,"F","F",0,"F","F",6,"G","F","F","",0,0,"N",0,"N",0,"N",1,0,2,0,"","64","","","F","F","F","F","F","F","F","F","F","rixee101","rixee101","","F","F","F","F","F","","","","",0,4,0,0,6,0,0,0,0,33,"NY1","NY1","CIN",1,"F","T",4,3,2,17,6,"T","F",3,3,"T","T","grohh101","frisf101","T","T",2,8,32,6,7,31,0,0,0,"hargb101","hargb101","",0,0,0,0,0,0,0,0,0,0,0,0,0,"bohns101","T","F","F","F",0,0,0,0,0,0,0,0,0,0,F,F,"1924NY1.EVN.regular.event.csv",4175
"NY1192409182","CIN",4,0,0,0,0,"",3,4,"bohns101","?","bohns101","?","bentj101","?","bentj101","?","gowdh101","terrb101","frisf101","grohh101","jackt101","wilsh102","kellg101","younr101","","","","7/F","T","F",6,7,2,"T","T",0,"F","F",1,"F","F",0,"F","F",7,"F","F","F","",0,0,"N",0,"N",0,"N",0,0,0,0,"7","","","","F","F","F","F","F","F","F","F","F","","","","F","F","F","F","F","","","","",0,7,0,0,0,0,0,0,0,34,"NY1","CIN","NY1",0,"T","F",3,4,0,15,0,"T","F",0,0,"T","T","hargb101","rixee101","T","T",0,0,0,0,0,0,0,0,0,"","","",0,0,0,0,0,0,0,0,0,0,0,0,0,"wilsh102","F","F","F","F",0,0,0,0,0,0,0,0,0,0,F,F,"1924NY1.EVN.regular.event.csv",4176
"NY1192409182","CIN",4,0,1,0,0,"",3,4,"hargb101","?","hargb101","?","bentj101","?","bentj101","?","gowdh101","terrb101","frisf101","grohh101","jackt101","wilsh102","kellg101","younr101","","","","S","F","F",2,8,20,"T","T",1,"F","F",0,"F","F",0,"F","F",0,"","F","F","",0,0,"N",0,"N",0,"N",1,0,0,0,"","","","","F","F","F","F","F","F","F","F","F","","","","F","F","F","F","F","","","","",0,0,0,0,0,0,0,0,0,35,"NY1","CIN","NY1",0,"F","F",3,4,0,16,1,"T","F",0,1,"T","T","rixee101","crith101","T","T",0,0,0,0,0,0,0,0,0,"","","",0,0,0,0,0,0,0,0,0,0,0,0,0,"","F","F","F","F",0,0,0,0,0,0,0,0,0,0,F,F,"1924NY1.EVN.regular.event.csv",4177
"NY1192409182","CIN",4,0,1,0,0,"",3,4,"rixee101","?","rixee101","?","bentj101","?","bentj101","?","gowdh101","terrb101","frisf101","grohh101","jackt101","wilsh102","kellg101","younr101","hargb101","","","64(1)/FO","F","F",1,9,2,"T","T",0,"F","F",1,"F","F",0,"F","F",6,"G","F","F","",0,0,"N",0,"N",0,"N",1,0,0,0,"","64","","","F","F","F","F","F","F","F","F","F","bentj101","","","F","F","F","F","F","","","","",0,4,0,0,6,0,0,0,0,36,"NY1","CIN","NY1",0,"F","F",3,4,0,17,2,"T","F",1,1,"T","T","crith101","duncp101","T","T",2,8,35,0,0,0,0,0,0,"gowdh101","","",0,0,0,0,0,0,0,0,0,0,0,0,0,"jackt101","T","F","F","F",0,0,0,0,0,0,0,0,0,0,F,F,"1924NY1.EVN.regular.event.csv",4178
"NY1192409182","CIN",4,0,2,0,0,"",3,4,"crith101","?","crith101","?","bentj101","?","bentj101","?","gowdh101","terrb101","frisf101","grohh101","jackt101","wilsh102","kellg101","younr101","rixee101","","","46(1)/FO","F","F",4,1,2,"T","T",0,"F","F",1,"F","F",0,"F","F",4,"G","F","F","",0,0,"N",0,"N",0,"N",1,0,0,0,"","46","","","F","F","F","F","F","F","F","F","F","bentj101","","","F","F","F","F","F","","","","",0,6,0,0,4,0,0,0,0,37,"NY1","CIN","NY1",0,"F","T",3,4,0,18,3,"T","F",1,1,"T","T","duncp101","rouse101","T","T",1,9,36,0,0,0,0,0,0,"gowdh101","","",0,0,0,0,0,0,0,0,0,0,0,0,0,"frisf101","T","F","F","F",0,0,0,0,0,0,0,0,0,0,F,F,"1924NY1.EVN.regular.event.csv",4179
"NY1192409182","CIN",4,1,0,0,0,"",3,4,"grohh101","?","grohh101","?","rixee101","?","rixee101","?","hargb101","bresr101","crith101","pineb101","bohns101","duncp101","rouse101","walkc101","","","","3/G","T","F",5,1,2,"T","T",0,"F","F",1,"F","F",0,"F","F",3,"G","F","F","",0,0,"N",0,"N",0,"N",0,0,0,0,"3","","","","F","F","F","F","F","F","F","F","F","","","","F","F","F","F","F","","","","",0,3,0,0,0,0,0,0,0,38,"NY1","NY1","CIN",1,"T","F",4,3,0,18,0,"T","F",0,0,"T","T","frisf101","younr101","T","T",0,0,0,0,0,0,0,0,0,"","","",0,0,0,0,0,0,0,0,0,0,0,0,0,"bresr101","F","F","F","F",0,0,0,0,0,0,0,0,0,0,F,F,"1924NY1.EVN.regular.event.csv",4180
"NY1192409182","CIN",4,1,1,0,0,"",3,4,"frisf101","?","frisf101","?","rixee101","?","rixee101","?","hargb101","bresr101","crith101","pineb101","bohns101","duncp101","rouse101","walkc101","","","","D","F","F",4,2,21,"T","T",2,"F","F",0,"F","F",0,"F","F",0,"","F","F","",0,0,"N",0,"N",0,"N",2,0,0,0,"","","","","F","F","F","F","F","F","F","F","F","","","","F","F","F","F","F","","","","",0,0,0,0,0,0,0,0,0,39,"NY1","NY1","CIN",1,"F","F",4,3,0,19,1,"T","F",0,2,"T","T","younr101","kellg101","T","T",0,0,0,0,0,0,0,0,0,"","","",0,0,0,0,0,0,0,0,0,0,0,0,0,"","F","F","F","F",0,0,0,0,0,0,0,0,0,0,F,F,"1924NY1.EVN.regular.event.csv",4181
"NY1192409182","CIN",4,1,1,0,0,"",3,4,"younr101","?","younr101","?","rixee101","?","rixee101","?","hargb101","bresr101","crith101","pineb101","bohns101","duncp101","rouse101","walkc101","","frisf101","","3/FL","F","F",9,3,2,"T","T",0,"F","F",1,"F","F",0,"F","F",3,"F","F","T","",0,0,"N",0,"N",0,"N",0,0,2,0,"3","","","","F","F","F","F","F","F","F","F","F","","rixee101","","F","F","F","F","F","","","","",0,3,0,0,0,0,0,0,0,40,"NY1","NY1","CIN",1,"F","F",4,3,0,20,2,"T","F",2,2,"T","T","kellg101","terrb101","T","T",0,0,0,4,2,39,0,0,0,"","hargb101","",0,0,0,0,0,0,0,0,0,0,0,0,0,"bresr101","F","F","F","F",0,0,0,0,0,0,0,0,0,0,F,F,"1924NY1.EVN.regular.event.csv",4182
"NY1192409182","CIN",4,1,2,0,0,"",3,4,"kellg101","?","kellg101","?","rixee101","?","rixee101","?","hargb101","bresr101","crith101","pineb101","bohns101","duncp101","rouse101","walkc101","","frisf101","","IW","F","F",8,4,15,"T","F",0,"F","F",0,"F","F",0,"F","F",0,"","F","F","",0,0,"N",0,"N",0,"N",1,0,2,0,"","","","","F","F","F","F","F","F","F","F","F","","rixee101","","F","F","F","F","F","","","","",0,0,0,0,0,0,0,0,0,41,"NY1","NY1","CIN",1,"F","F",4,3,0,21,3,"T","F",2,3,"T","T","terrb101","wilsh102","T","T",0,0,0,4,2,39,0,0,0,"","hargb101","",0,0,0,0,0,0,0,0,0,0,0,0,0,"","F","F","F","F",0,0,0,0,0,0,0,0,0,0,F,F,"1924NY1.EVN.regular.event.csv",4183
"NY1192409182","CIN",4,1,2,0,0,"",3,4,"terrb101","?","terrb101","?","rixee101","?","rixee101","?","hargb101","bresr101","crith101","pineb101","bohns101","duncp101","rouse101","walkc101","kellg101","frisf101","","5/P","F","F",3,5,2,"T","T",0,"F","F",1,"F","F",0,"F","F",5,"P","F","F","",0,0,"N",0,"N",0,"N",0,1,2,0,"5","","","","F","F","F","F","F","F","F","F","F","rixee101","rixee101","","F","F","F","F","F","","","","",0,5,0,0,0,0,0,0,0,42,"NY1","NY1","CIN",1,"F","T",4,3,0,22,4,"T","F",3,3,"T","T","wilsh102","jackt101","T","T",8,4,41,4,2,39,0,0,0,"hargb101","hargb101","",0,0,0,0,0,0,0,0,0,0,0,0,0,"pineb101","F","F","F","F",0,0,0,0,0,0,0,0,0,0,F,F,"1924NY1.EVN.regular.event.csv",4184
"NY1192409182","CIN",5,0,0,0,0,"",3,4,"duncp101","?","duncp101","?","bentj101","?","bentj101","?","gowdh101","terrb101","frisf101","grohh101","jackt101","wilsh102","kellg101","younr101","","","","7/F","T","F",7,2,2,"T","T",0,"F","F",1,"F","F",0,"F","F",7,"F","F","F","",0,0,"N",0,"N",0,"N",0,0,0,0,"7","","","","F","F","F","F","F","F","F","F","F","","","","F","F","F","F","F","","","","",0,7,0,0,0,0,0,0,0,43,"NY1","CIN","NY1",0,"T","F",3,4,0,19,0,"T","F",0,0,"T","T","rouse101","walkc101","T","T",0,0,0,0,0,0,0,0,0,"","","",0,0,0,0,0,0,0,0,0,0,0,0,0,"wilsh102","F","F","F","F",0,0,0,0,0,0,0,0,0,0,F,F,"1924NY1.EVN.regular.event.csv",4185
"NY1192409182","CIN",5,0,1,0,0,"",3,4,"rouse101","?","rouse101","?","bentj101","?","bentj101","?","gowdh101","terrb101","frisf101","grohh101","jackt101","wilsh102","kellg101","younr101","","","","D","F","F",8,3,21,"T","T",2,"F","F",0,"F","F",0,"F","F",0,"","F","F","",0,0,"N",0,"N",0,"N",2,0,0,0,"","","","","F","F","F","F","F","F","F","F","F","","","","F","F","F","F","F","","","","",0,0,0,0,0,0,0,0,0,44,"NY1","CIN","NY1",0,"F","F",3,4,0,20,1,"T","F",0,2,"T","T","walkc101","bresr101","T","T",0,0,0,0,0,0,0,0,0,"","","",0,0,0,0,0,0,0,0,0,0,0,0,0,"","F","F","F","F",0,0,0,0,0,0,0,0,0,0,F,F,"1924NY1.EVN.regular.event.csv",4186
"NY1192409182","CIN",5,0,1,0,0,"",3,4,"walkc101","?","walkc101","?","bentj101","?","bentj101","?","gowdh101","terrb101","frisf101","grohh101","jackt101","wilsh102","kellg101","younr101","","rouse101","","4/P","F","F",9,4,2,"T","T",0,"F","F",1,"F","F",0,"F","F",4,"P","F","F","",0,0,"N",0,"N",0,"N",0,0,2,0,"4","","","","F","F","F","F","F","F","F","F","F","","bentj101","","F","F","F","F","F","","","","",0,4,0,0,0,0,0,0,0,45,"NY1","CIN","NY1",0,"F","F",3,4,0,21,2,"T","F",2,2,"T","T","bresr101","pineb101","T","T",0,0,0,8,3,44,0,0,0,"","gowdh101","",0,0,0,0,0,0,0,0,0,0,0,0,0,"frisf101","F","F","F","F",0,0,0,0,0,0,0,0,0,0,F,F,"1924NY1.EVN.regular.event.csv",4187
"NY1192409182","CIN",5,0,2,0,0,"",3,4,"bresr101","?","bresr101","?","bentj101","?","bentj101","?","gowdh101","terrb101","frisf101","grohh101","jackt101","wilsh102","kellg101","younr101","","rouse101","","8/F","F","F",3,5,2,"T","T",0,"F","F",1,"F","F",0,"F","F",8,"F","F","F","",0,0,"N",0,"N",0,"N",0,0,2,0,"8","","","","F","F","F","F","F","F","F","F","F","","bentj101","","F","F","F","F","F","","","","",0,8,0,0,0,0,0,0,0,46,"NY1","CIN","NY1",0,"F","T",3,4,0,22,3,"T","F",2,2,"T","T","pineb101","bohns101","T","T",0,0,0,8,3,44,0,0,0,"","gowdh101","",0,0,0,0,0,0,0,0,0,0,0,0,0,"kellg101","F","F","F","F",0,0,0,0,0,0,0,0,0,0,F,F,"1924NY1.EVN.regular.event.csv",4188
"NY1192409182","CIN",5,1,0,0,0,"",3,4,"wilsh102","?","wilsh102","?","rixee101","?","rixee101","?","hargb101","bresr101","crith101","pineb101","bohns101","duncp101","rouse101","walkc101","","","","W","T","F",7,6,14,"T","F",0,"F","F",0,"F","F",0,"F","F",0,"","F","F","",0,0,"N",0,"N",0,"N",1,0,0,0,"","","","","F","F","F","F","F","F","F","F","F","","","","F","F","F","F","F","","","","",0,0,0,0,0,0,0,0,0,47,"NY1","NY1","CIN",1,"T","F",4,3,0,23,0,"T","F",0,1,"T","T","jackt101","gowdh101","T","T",0,0,0,0,0,0,0,0,0,"","","",0,0,0,0,0,0,0,0,0,0,0,0,0,"","F","F","F","F",0,0,0,0,0,0,0,0,0,0,F,F,"1924NY1.EVN.regular.event.csv",4189
"NY1192409182","CIN",5,1,0,0,0,"",3,4,"jackt101","?","jackt101","?","rixee101","?","rixee101","?","hargb101","bresr101","crith101","pineb101","bohns101","duncp101","rouse101","walkc101","wilsh102","","","16(1)/FO#","F","F",6,7,2,"T","T",0,"F","F",1,"F","F",0,"F","F",1,"G","F","F","",0,0,"N",0,"N",0,"N",1,0,0,0,"","16","","","F","F","F","F","F","F","F","F","F","rixee101","","","F","F","F","F","F","","","","",0,6,0,0,1,0,0,0,0,48,"NY1","NY1","CIN",1,"F","F",4,3,0,24,1,"T","F",1,1,"T","T","gowdh101","bentj101","T","T",7,6,47,0,0,0,0,0,0,"hargb101","","",0,0,0,0,0,0,0,0,0,0,0,0,0,"rixee101","T","F","F","F",0,0,0,0,0,0,0,0,0,0,F,T,"1924NY1.EVN.regular.event.csv",4190
"NY1192409182","CIN",5,1,1,0,0,"",3,4,"gowdh101","?","gowdh101","?","rixee101","?","rixee101","?","hargb101","bresr101","crith101","pineb101","bohns101","duncp101","rouse101","walkc101","jackt101","","","9/F","F","F",2,8,2,"T","T",0,"F","F",1,"F","F",0,"F","F",9,"F","F","F","",0,0,"N",0,"N",0,"N",0,1,0,0,"9","","","","F","F","F","F","F","F","F","F","F","rixee101","","","F","F","F","F","F","","","","",0,9,0,0,0,0,0,0,0,49,"NY1","NY1","CIN",1,"F","F",4,3,0,25,2,"T","F",1,1,"T","T","bentj101","grohh101","T","T",6,7,48,0,0,0,0,0,0,"hargb101","","",0,0,0,0,0,0,0,0,0,0,0,0,0,"walkc101","F","F","F","F",0,0,0,0,0,0,0,0,0,0,F,F,"1924NY1.EVN.regular.event.csv",4191
"NY1192409182","CIN",5,1,2,0,0,"",3,4,"bentj101","?","bentj101","?","rixee101","?","rixee101","?","hargb101","bresr101","crith101","pineb101","bohns101","duncp101","rouse101","walkc101","jackt101","","","S.1-3","F","F",1,9,20,"T","T",1,"F","F",0,"F","F",0,"F","F",0,"","F","F","",0,0,"N",0,"N",0,"N",1,3,0,0,"","","","","F","F","F","F","F","F","F","F","F","rixee101","","","F","F","F","F","F","","","","",0,0,0,0,0,0,0,0,0,50,"NY1","NY1","CIN",1,"F","F",4,3,0,26,3,"T","F",1,5,"T","T","grohh101","frisf101","T","T",6,7,48,0,0,0,0,0,0,"hargb101","","",0,0,0,0,0,0,0,0,0,0,0,0,0,"","F","F","F","F",0,0,0,0,0,0,0,0,0,0,F,F,"1924NY1.EVN.regular.event.csv",4192
"NY1192409182","CIN",5,1,2,0,0,"",3,4,"grohh101","?","grohh101","?","rixee101","?","rixee101","?","hargb101","bresr101","crith101","pineb101","bohns101","duncp101","rouse101","walkc101","bentj101","","jackt101","CSH(212)","F","F",5,1,6,"F","F",0,"F","F",1,"F","F",0,"F","F",0,"","F","F","",0,0,"N",0,"N",0,"N",0,1,0,0,"","","","212","F","F","F","F","F","T","F","F","F","rixee101","","rixee101","F","F","F","F","F","","","","",0,2,0,0,2,1,0,0,0,51,"NY1","NY1","CIN",1,"F","T",4,3,0,27,4,"T","T",5,1,"T","T","frisf101","younr101","T","T",1,9,50,0,0,0,6,7,48,"hargb101","","hargb101",0,0,0,0,0,0,0,0,0,0,0,0,0,"","F","F","F","F",0,0,0,0,0,0,0,0,0,0,F,F,"1924NY1.EVN.regular.event.csv",4193
"NY1192409182","CIN",6,0,0,0,0,"",3,4,"pineb101","?","pineb101","?","bentj101","?","bentj101","?","gowdh101","terrb101","frisf101","grohh101","jackt101","wilsh102","kellg101","younr101","","","","5/L","T","F",5,6,2,"T","T",0,"F","F",1,"F","F",0,"F","F",5,"L","F","F","",0,0,"N",0,"N",0,"N",0,0,0,0,"5","","","","F","F","F","F","F","F","F","F","F","","","","F","F","F","F","F","","","","",0,5,0,0,0,0,0,0,0,52,"NY1","CIN","NY1",0,"T","F",3,4,0,23,0,"T","F",0,0,"T","T","bohns101","hargb101","T","T",0,0,0,0,0,0,0,0,0,"","","",0,0,0,0,0,0,0,0,0,0,0,0,0,"grohh101","F","F","F","F",0,0,0,0,0,0,0,0,0,0,F,F,"1924NY1.EVN.regular.event.csv",4194
"NY1192409182","CIN",6,0,1,0,0,"",3,4,"bohns101","?","bohns101","?","bentj101","?","bentj101","?","gowdh101","terrb101","frisf101","grohh101","jackt101","wilsh102","kellg101","younr101","","","","2/FL","F","F",6,7,2,"T","T",0,"F","F",1,"F","F",0,"F","F",2,"F","F","T","",0,0,"N",0,"N",0,"N",0,0,0,0,"2","","","","F","F","F","F","F","F","F","F","F","","","","F","F","F","F","F","","","","",0,2,0,0,0,0,0,0,0,53,"NY1","CIN","NY1",0,"F","F",3,4,0,24,1,"T","F",0,0,"T","T","hargb101","rixee101","T","T",0,0,0,0,0,0,0,0,0,"","","",0,0,0,0,0,0,0,0,0,0,0,0,0,"gowdh101","F","F","F","F",0,0,0,0,0,0,0,0,0,0,F,F,"1924NY1.EVN.regular.event.csv",4195
"NY1192409182","CIN",6,0,2,0,0,"",3,4,"hargb101","?","hargb101","?","bentj101","?","bentj101","?","gowdh101","terrb101","frisf101","grohh101","jackt101","wilsh102","kellg101","younr101","","","","7/F","F","F",2,8,2,"T","T",0,"F","F",1,"F","F",0,"F","F",7,"F","F","F","",0,0,"N",0,"N",0,"N",0,0,0,0,"7","","","","F","F","F","F","F","F","F","F","F","","","","F","F","F","F","F","","","","",0,7,0,0,0,0,0,0,0,54,"NY1","CIN","NY1",0,"F","T",3,4,0,25,2,"T","F",0,0,"T","T","rixee101","crith101","T","T",0,0,0,0,0,0,0,0,0,"","","",0,0,0,0,0,0,0,0,0,0,0,0,0,"wilsh102","F","F","F","F",0,0,0,0,0,0,0,0,0,0,F,F,"1924NY1.EVN.regular.event.csv",4196
"NY1192409182","CIN",6,1,0,0,0,"",3,4,"grohh101","?","grohh101","?","rixee101","?","rixee101","?","hargb101","bresr101","crith101","pineb101","bohns101","duncp101","rouse101","walkc101","","","","63","T","F",5,1,2,"T","T",0,"F","F",1,"F","F",0,"F","F",6,"G","F","F","",0,0,"N",0,"N",0,"N",0,0,0,0,"63","","","","F","F","F","F","F","F","F","F","F","","","","F","F","F","F","F","","","","",0,3,0,0,6,0,0,0,0,55,"NY1","NY1","CIN",1,"T","F",4,3,0,27,0,"T","F",0,0,"T","T","frisf101","younr101","T","T",0,0,0,0,0,0,0,0,0,"","","",0,0,0,0,0,0,0,0,0,0,0,0,0,"bohns101","F","F","F","F",0,0,0,0,0,0,0,0,0,0,F,F,"1924NY1.EVN.regular.event.csv",4197
"NY1192409182","CIN",6,1,1,0,0,"",3,4,"frisf101","?","frisf101","?","rixee101","?","rixee101","?","hargb101","bresr101","crith101","pineb101","bohns101","duncp101","rouse101","walkc101","","","","53","F","F",4,2,2,"T","T",0,"F","F",1,"F","F",0,"F","F",5,"G","F","F","",0,0,"N",0,"N",0,"N",0,0,0,0,"53","","","","F","F","F","F","F","F","F","F","F","","","","F","F","F","F","F","","","","",0,3,0,0,5,0,0,0,0,56,"NY1","NY1","CIN",1,"F","F",4,3,0,28,1,"T","F",0,0,"T","T","younr101","kellg101","T","T",0,0,0,0,0,0,0,0,0,"","","",0,0,0,0,0,0,0,0,0,0,0,0,0,"pineb101","F","F","F","F",0,0,0,0,0,0,0,0,0,0,F,F,"1924NY1.EVN.regular.event.csv",4198
"NY1192409182","CIN",6,1,2,0,0,"",3,4,"younr101","?","younr101","?","rixee101","?","rixee101","?","hargb101","bresr101","crith101","pineb101","bohns101","duncp101","rouse101","walkc101","","","","S","F","F",9,3,20,"T","T",1,"F","F",0,"F","F",0,"F","F",0,"","F","F","",0,0,"N",0,"N",0,"N",1,0,0,0,"","","","","F","F","F","F","F","F","F","F","F","","","","F","F","F","F","F","","","","",0,0,0,0,0,0,0,0,0,57,"NY1","NY1","CIN",1,"F","F",4,3,0,29,2,"T","F",0,1,"T","T","kellg101","terrb101","T","T",0,0,0,0,0,0,0,0,0,"","","",0,0,0,0,0,0,0,0,0,0,0,0,0,"","F","F","F","F",0,0,0,0,0,0,0,0,0,0,F,F,"1924NY1.EVN.regular.event.csv",4199
"NY1192409182","CIN",6,1,2,0,0,"",3,4,"kellg101","?","kellg101","?","rixee101","?","rixee101","?","hargb101","bresr101","crith101","pineb101","bohns101","duncp101","rouse101","walkc101","younr101","","","CS2(24)","F","F",8,4,6,"F","F",0,"F","F",1,"F","F",0,"F","F",0,"","F","F","",0,0,"N",0,"N",0,"N",0,0,0,0,"","24","","","F","F","F","T","F","F","F","F","F","rixee101","","","F","F","F","F","F","","","","",0,4,0,0,2,0,0,0,0,58,"NY1","NY1","CIN",1,"F","T",4,3,0,30,3,"T","T",1,0,"T","T","terrb101","wilsh102","T","T",9,3,57,0,0,0,0,0,0,"hargb101","","",0,0,0,0,0,0,0,0,0,0,0,0,0,"","F","F","F","F",0,0,0,0,0,0,0,0,0,0,F,F,"1924NY1.EVN.regular.event.csv",4200
"NY1192409182","CIN",7,0,0,0,0,"",3,4,"rixee101","?","rixee101","?","bentj101","?","bentj101","?","gowdh101","terrb101","frisf101","grohh101","jackt101","wilsh102","kellg101","younr101","","","","63","T","F",1,9,2,"T","T",0,"F","F",1,"F","F",0,"F","F",6,"G","F","F","",0,0,"N",0,"N",0,"N",0,0,0,0,"63","","","","F","F","F","F","F","F","F","F","F","","","","F","F","F","F","F","","","","",0,3,0,0,6,0,0,0,0,59,"NY1","CIN","NY1",0,"T","F",3,4,0,26,0,"T","F",0,0,"T","T","crith101","duncp101","T","T",0,0,0,0,0,0,0,0,0,"","","",0,0,0,0,0,0,0,0,0,0,0,0,0,"jackt101","F","F","F","F",0,0,0,0,1,0,0,0,0,0,F,F,"1924NY1.EVN.regular.event.csv",4201
"NY1192409182","CIN",7,0,1,0,0,"",3,4,"crith101","?","crith101","?","bentj101","?","bentj101","?","gowdh101","terrb101","frisf101","grohh101","jackt101","wilsh102","kellg101","younr101","","","","53","F","F",4,1,2,"T","T",0,"F","F",1,"F","F",0,"F","F",5,"G","F","F","",0,0,"N",0,"N",0,"N",0,0,0,0,"53","","","","F","F","F","F","F","F","F","F","F","","","","F","F","F","F","F","","","","",0,3,0,0,5,0,0,0,0,60,"NY1","CIN","NY1",0,"F","F",3,4,0,27,1,"T","F",0,0,"T","T","duncp101","rouse101","T","T",0,0,0,0,0,0,0,0,0,"","","",0,0,0,0,0,0,0,0,0,0,0,0,0,"grohh101","F","F","F","F",0,0,0,0,1,0,0,0,0,0,F,F,"1924NY1.EVN.regular.event.csv",4202
"NY1192409182","CIN",7,0,2,0,0,"",3,4,"duncp101","?","duncp101","?","bentj101","?","bentj101","?","gowdh101","terrb101","frisf101","grohh101","jackt101","wilsh102","kellg101","younr101","","","","S","F","F",7,2,20,"T","T",1,"F","F",0,"F","F",0,"F","F",0,"","F","F","",0,0,"N",0,"N",0,"N",1,0,0,0,"","","","","F","F","F","F","F","F","F","F","F","","","","F","F","F","F","F","","","","",0,0,0,0,0,0,0,0,0,61,"NY1","CIN","NY1",0,"F","F",3,4,0,28,2,"T","F",0,1,"T","T","rouse101","walkc101","T","T",0,0,0,0,0,0,0,0,0,"","","",0,0,0,0,0,0,0,0,0,0,0,0,0,"","F","F","F","F",4,0,0,0,1,0,0,0,0,0,F,F,"1924NY1.EVN.regular.event.csv",4203
"NY1192409182","CIN",7,0,2,0,0,"",3,4,"rouse101","?","rouse101","?","bentj101","?","bentj101","?","gowdh101","terrb101","frisf101","grohh101","jackt101","wilsh102","kellg101","younr101","duncp101","","","S.1-3","F","F",8,3,20,"T","T",1,"F","F",0,"F","F",0,"F","F",0,"","F","F","",0,0,"N",0,"N",0,"N",1,3,0,0,"","","","","F","F","F","F","F","F","F","F","F","bentj101","","","F","F","F","F","F","","","","",0,0,0,0,0,0,0,0,0,62,"NY1","CIN","NY1",0,"F","F",3,4,0,29,3,"T","F",1,5,"T","T","walkc101","bresr101","T","T",7,2,61,0,0,0,0,0,0,"gowdh101","","",0,0,0,0,0,0,0,0,0,0,0,0,0,"","F","F","F","F",0,4,0,0,1,0,0,0,0,0,F,F,"1924NY1.EVN.regular.event.csv",4204
"NY1192409182","CIN",7,0,2,0,0,"",3,4,"walkc101","?","walkc101","?","bentj101","?","bentj101","?","gowdh101","terrb101","frisf101","grohh101","jackt101","wilsh102","kellg101","younr101","rouse101","","duncp101","S.3-H;1-3","F","F",9,4,20,"T","T",1,"F","F",0,"F","F",1,"F","F",0,"","F","F","",0,0,"N",0,"N",0,"N",1,3,0,4,"","","","","F","F","F","F","F","F","F","F","F","bentj101","","bentj101","F","F","F","F","F","","","","",0,0,0,0,0,0,0,0,0,63,"NY1","CIN","NY1",0,"F","F",3,4,0,30,4,"T","F",5,5,"T","T","bresr101","pineb101","T","T",8,3,62,0,0,0,7,2,61,"gowdh101","","gowdh101",0,0,0,0,0,0,0,0,0,0,0,0,1,"","F","F","F","F",0,0,0,4,0,0,0,0,0,0,F,F,"1924NY1.EVN.regular.event.csv",4205
"NY1192409182","CIN",7,0,2,0,0,"",4,4,"bresr101","?","bresr101","?","bentj101","?","bentj101","?","gowdh101","terrb101","frisf101","grohh101","jackt101","wilsh102","kellg101","younr101","walkc101","","rouse101","53","F","F",3,5,2,"T","T",0,"F","F",1,"F","F",0,"F","F",5,"G","F","F","",0,0,"N",0,"N",0,"N",0,1,0,3,"53","","","","F","F","F","F","F","F","F","F","F","bentj101","","bentj101","F","F","F","F","F","","","","",0,3,0,0,5,0,0,0,0,64,"NY1","CIN","NY1",0,"F","T",4,4,1,31,5,"T","F",5,5,"T","T","pineb101","bohns101","T","T",9,4,63,0,0,0,8,3,62,"gowdh101","","gowdh101",0,0,0,0,0,0,0,0,0,0,0,0,0,"grohh101","F","F","F","F",0,0,0,0,0,0,0,0,0,0,F,F,"1924NY1.EVN.regular.event.csv",4206
"NY1192409182","CIN",7,1,0,0,0,"",4,4,"kellg101","?","kellg101","?","rixee101","?","rixee101","?","hargb101","bresr101","crith101","pineb101","bohns101","duncp101","rouse101","walkc101","","","","53","T","F",8,4,2,"T","T",0,"F","F",1,"F","F",0,"F","F",5,"G","F","F","",0,0,"N",0,"N",0,"N",0,0,0,0,"53","","","","F","F","F","F","F","F","F","F","F","","","","F","F","F","F","F","","","","",0,3,0,0,5,0,0,0,0,65,"NY1","NY1","CIN",1,"T","F",4,4,0,30,0,"T","F",0,0,"T","T","terrb101","wilsh102","T","T",0,0,0,0,0,0,0,0,0,"","","",0,0,0,0,0,0,0,0,0,0,0,0,0,"pineb101","F","F","F","F",0,0,0,0,2,0,0,0,0,0,F,F,"1924NY1.EVN.regular.event.csv",4207
"NY1192409182","CIN",7,1,1,0,0,"",4,4,"snydf101","?","snydf101","?","rixee101","?","rixee101","?","hargb101","bresr101","crith101","pineb101","bohns101","duncp101","rouse101","walkc101","","","","S7","F","T",11,5,20,"T","T",1,"F","F",0,"F","F",0,"F","F",7,"","F","F","",0,0,"N",0,"N",0,"N",1,0,0,0,"","","","","F","F","F","F","F","F","F","F","F","","","","F","F","F","F","F","","","","terrb101",3,0,0,0,0,0,0,0,0,66,"NY1","NY1","CIN",1,"F","F",4,4,0,31,1,"T","F",0,1,"F","F","wilsh102","jackt101","T","T",0,0,0,0,0,0,0,0,0,"","","",0,0,0,0,0,0,0,0,0,0,0,0,0,"duncp101","F","F","F","F",4,0,0,0,2,0,0,0,0,0,F,F,"1924NY1.EVN.regular.event.csv",4208
"NY1192409182","CIN",7,1,1,0,0,"",4,4,"wilsh102","?","wilsh102","?","rixee101","?","rixee101","?","hargb101","bresr101","crith101","pineb101","bohns101","duncp101","rouse101","walkc101","soutb101","","","K","F","F",7,6,3,"T","T",0,"F","F",1,"F","F",0,"F","F",0,"","F","F","",0,0,"N",0,"N",0,"N",0,1,0,0,"2","","","","F","F","F","F","F","F","F","F","F","rixee101","","","F","F","T","F","F","snydf101","","","",0,2,0,0,0,0,0,0,0,67,"NY1","NY1","CIN",1,"F","F",4,4,0,32,2,"T","F",1,1,"T","T","jackt101","gowdh101","T","T",0,5,66,0,0,0,0,0,0,"hargb101","","",0,0,0,0,0,0,0,0,0,0,0,0,0,"","F","F","F","F",0,4,0,0,2,0,0,0,0,0,F,F,"1924NY1.EVN.regular.event.csv",4209
"NY1192409182","CIN",7,1,2,0,0,"",4,4,"jackt101","?","jackt101","?","rixee101","?","rixee101","?","hargb101","bresr101","crith101","pineb101","bohns101","duncp101","rouse101","walkc101","soutb101","","","S8.1-2","F","F",6,7,20,"T","T",1,"F","F",0,"F","F",0,"F","F",8,"","F","F","",0,0,"N",0,"N",0,"N",1,2,0,0,"","","","","F","F","F","F","F","F","F","F","F","rixee101","","","F","F","F","F","F","","","","",0,0,0,0,0,0,0,0,0,68,"NY1","NY1","CIN",1,"F","F",4,4,0,33,3,"T","F",1,3,"T","T","gowdh101","bentj101","T","T",0,5,66,0,0,0,0,0,0,"hargb101","","",0,0,0,0,0,0,0,0,0,0,0,0,0,"rouse101","F","F","F","F",5,4,0,0,2,0,0,0,0,0,F,F,"1924NY1.EVN.regular.event.csv",4210
"NY1192409182","CIN",7,1,2,0,0,"",4,4,"gowdh101","?","gowdh101","?","rixee101","?","rixee101","?","hargb101","bresr101","crith101","pineb101","bohns101","duncp101","rouse101","walkc101","jackt101","soutb101","","PB.2-3;1-2","F","F",2,8,10,"F","F",0,"F","F",0,"F","F",0,"F","T",0,"","F","F","",0,0,"N",0,"N",0,"N",0,2,3,0,"","","","","F","F","F","F","F","F","F","F","F","rixee101","rixee101","","F","F","F","F","F","","","","",0,0,0,0,0,0,0,0,0,69,"NY1","NY1","CIN",1,"F","F",4,4,0,34,4,"T","F",3,6,"T","T","bentj101","grohh101","T","T",6,7,68,0,5,66,0,0,0,"hargb101","hargb101","",0,0,0,0,0,0,0,0,0,0,0,0,0,"","F","F","F","F",0,5,4,0,2,0,0,0,0,0,F,F,"1924NY1.EVN.regular.event.csv",4211
"NY1192409182","CIN",7,1,2,0,0,"",4,4,"gowdh101","?","gowdh101","?","rixee101","?","rixee101","?","hargb101","bresr101","crith101","pineb101","bohns101","duncp101","rouse101","walkc101","","jackt101","soutb101","S7/L.3-H;2-H(UR)","F","F",2,8,20,"T","T",1,"F","F",0,"F","F",2,"F","F",7,"L","F","F","",0,0,"N",0,"N",0,"N",1,0,5,4,"","","","","F","F","F","F","F","F","F","F","F","","rixee101","rixee101","F","F","F","F","F","","","","",0,0,0,0,0,0,0,0,0,70,"NY1","NY1","CIN",1,"F","F",4,4,0,34,4,"F","F",6,1,"T","T","bentj101","grohh101","T","T",0,0,0,6,7,68,0,5,66,"","hargb101","hargb101",0,0,0,0,0,0,0,0,0,0,0,0,2,"duncp101","F","F","F","F",1,0,5,4,0,0,0,0,0,0,F,F,"1924NY1.EVN.regular.event.csv",4212
"NY1192409182","CIN",7,1,2,0,0,"",4,6,"bentj101","?","bentj101","?","rixee101","?","rixee101","?","hargb101","bresr101","crith101","pineb101","bohns101","duncp101","rouse101","walkc101","gowdh101","","","2/FL","F","F",1,9,2,"T","T",0,"F","F",1,"F","F",0,"F","F",2,"F","F","T","",0,0,"N",0,"N",0,"N",0,1,0,0,"2","","","","F","F","F","F","F","F","F","F","F","rixee101","","","F","F","F","F","F","","","","",0,2,0,0,0,0,0,0,0,71,"NY1","NY1","CIN",1,"F","T",6,4,2,35,5,"T","F",1,1,"T","T","grohh101","frisf101","T","T",2,8,70,0,0,0,0,0,0,"hargb101","","",0,0,0,0,0,0,0,0,0,0,0,0,0,"hargb101","F","F","F","F",0,1,0,0,0,0,0,0,0,0,F,F,"1924NY1.EVN.regular.event.csv",4213
"NY1192409182","CIN",8,0,0,0,0,"",4,6,"pineb101","?","pineb101","?","bentj101","?","bentj101","?","gowdh101","kellg101","frisf101","grohh101","jackt101","wilsh102","soutb101","younr101","","","","8/F","T","F",5,6,2,"T","T",0,"F","F",1,"F","F",0,"F","F",8,"F","F","F","",0,0,"N",0,"N",0,"N",0,0,0,0,"8","","","","F","F","F","F","F","F","F","F","F","","","","F","F","F","F","F","","","","",0,8,0,0,0,0,0,0,0,72,"NY1","CIN","NY1",0,"T","F",4,6,0,32,0,"T","F",0,0,"T","T","bohns101","hargb101","T","T",0,0,0,0,0,0,0,0,0,"","","",0,0,0,0,0,0,0,0,0,0,0,0,0,"soutb101","F","F","F","F",0,0,0,0,0,0,0,0,0,0,F,F,"1924NY1.EVN.regular.event.csv",4214
"NY1192409182","CIN",8,0,1,0,0,"",4,6,"bohns101","?","bohns101","?","bentj101","?","bentj101","?","gowdh101","kellg101","frisf101","grohh101","jackt101","wilsh102","soutb101","younr101","","","","13","F","F",6,7,2,"T","T",0,"F","F",1,"F","F",0,"F","F",1,"G","F","F","",0,0,"N",0,"N",0,"N",0,0,0,0,"13","","","","F","F","F","F","F","F","F","F","F","","","","F","F","F","F","F","","","","",0,3,0,0,1,0,0,0,0,73,"NY1","CIN","NY1",0,"F","F",4,6,0,33,1,"T","F",0,0,"T","T","hargb101","rixee101","T","T",0,0,0,0,0,0,0,0,0,"","","",0,0,0,0,0,0,0,0,0,0,0,0,0,"bentj101","F","F","F","F",0,0,0,0,0,0,0,0,0,0,F,F,"1924NY1.EVN.regular.event.csv",4215
"NY1192409182","CIN",8,0,2,0,0,"",4,6,"hargb101","?","hargb101","?","bentj101","?","bentj101","?","gowdh101","kellg101","frisf101","grohh101","jackt101","wilsh102","soutb101","younr101","","","","D","F","F",2,8,21,"T","T",2,"F","F",0,"F","F",0,"F","F",0,"","F","F","",0,0,"N",0,"N",0,"N",2,0,0,0,"","","","","F","F","F","F","F","F","F","F","F","","","","F","F","F","F","F","","","","",0,0,0,0,0,0,0,0,0,74,"NY1","CIN","NY1",0,"F","F",4,6,0,34,2,"T","F",0,2,"T","T","rixee101","crith101","T","T",0,0,0,0,0,0,0,0,0,"","","",0,0,0,0,0,0,0,0,0,0,0,0,0,"","F","F","F","F",2,0,0,0,0,0,0,0,0,0,F,F,"1924NY1.EVN.regular.event.csv",4216
"NY1192409182","CIN",8,0,2,0,0,"",4,6,"fonsl101","?","fonsl101","?","bentj101","?","bentj101","?","gowdh101","kellg101","frisf101","grohh101","jackt101","wilsh102","soutb101","younr101","","fowlb101","","K","F","T",11,9,3,"T","T",0,"F","F",1,"F","F",0,"F","F",0,"","F","F","",0,0,"N",0,"N",0,"N",0,0,2,0,"2","","","","F","F","F","F","F","F","F","F","F","","bentj101","","F","F","F","T","F","","hargb101","","rixee101",1,2,0,0,0,0,0,0,0,75,"NY1","CIN","NY1",0,"F","T",4,6,0,35,3,"T","F",2,2,"F","F","crith101","duncp101","T","T",0,0,0,12,8,74,0,0,0,"","gowdh101","",0,0,0,0,0,0,0,0,0,0,0,0,0,"","F","F","F","F",0,0,2,0,0,0,0,0,0,0,F,F,"1924NY1.EVN.regular.event.csv",4217
"NY1192409182","CIN",8,1,0,0,0,"",4,6,"grohh101","?","grohh101","?","sheet102","?","sheet102","?","wingi101","bresr101","crith101","pineb101","bohns101","duncp101","rouse101","walkc101","","","","8/F","T","F",5,1,2,"T","T",0,"F","F",1,"F","F",0,"F","F",8,"F","F","F","",0,0,"N",0,"N",0,"N",0,0,0,0,"8","","","","F","F","F","F","F","F","F","F","F","","","","F","F","F","F","F","","","","",0,8,0,0,0,0,0,0,0,76,"NY1","NY1","CIN",1,"T","F",6,4,0,36,0,"T","F",0,0,"T","T","frisf101","younr101","F","F",0,0,0,0,0,0,0,0,0,"","","",0,0,0,0,0,0,0,0,0,0,0,0,0,"rouse101","F","F","F","F",0,0,0,0,1,0,0,0,0,0,F,F,"1924NY1.EVN.regular.event.csv",4218
"NY1192409182","CIN",8,1,1,0,0,"",4,6,"frisf101","?","frisf101","?","sheet102","?","sheet102","?","wingi101","bresr101","crith101","pineb101","bohns101","duncp101","rouse101","walkc101","","","","T/78","F","F",4,2,22,"T","T",3,"F","F",0,"F","F",0,"F","F",0,"","F","F","78",0,0,"N",0,"N",0,"N",3,0,0,0,"","","","","F","F","F","F","F","F","F","F","F","","","","F","F","F","F","F","","","","",0,0,0,0,0,0,0,0,0,77,"NY1","NY1","CIN",1,"F","F",6,4,0,37,1,"T","F",0,4,"T","T","younr101","kellg101","F","F",0,0,0,0,0,0,0,0,0,"","","",0,0,0,0,0,0,0,0,0,0,0,0,0,"","F","F","F","F",4,0,0,0,1,0,0,0,0,0,F,F,"1924NY1.EVN.regular.event.csv",4219
"NY1192409182","CIN",8,1,1,0,0,"",4,6,"younr101","?","younr101","?","sheet102","?","sheet102","?","wingi101","bresr101","crith101","pineb101","bohns101","duncp101","rouse101","walkc101","","","frisf101","S8.3-H;BX2(84)#","F","F",9,3,20,"T","T",1,"F","F",1,"F","F",1,"F","F",8,"","F","F","",0,0,"N",0,"N",0,"N",0,0,0,4,"84","","","","F","F","F","F","F","F","F","F","F","","","sheet102","F","F","F","F","F","","","","",0,4,0,0,8,0,0,0,0,78,"NY1","NY1","CIN",1,"F","F",6,4,0,38,2,"T","F",4,0,"T","T","kellg101","soutb101","F","F",0,0,0,0,0,0,4,2,77,"","","wingi101",0,0,0,0,0,0,0,0,0,0,0,0,1,"rouse101","F","F","F","F",0,0,0,4,0,0,0,0,0,0,F,T,"1924NY1.EVN.regular.event.csv",4220
"NY1192409182","CIN",8,1,2,0,0,"",4,7,"kellg101","?","kellg101","?","sheet102","?","sheet102","?","wingi101","bresr101","crith101","pineb101","bohns101","duncp101","rouse101","walkc101","","","","W","F","F",3,4,14,"T","F",0,"F","F",0,"F","F",0,"F","F",0,"","F","F","",0,0,"N",0,"N",0,"N",1,0,0,0,"","","","","F","F","F","F","F","F","F","F","F","","","","F","F","F","F","F","","","","",0,0,0,0,0,0,0,0,0,79,"NY1","NY1","CIN",1,"F","F",7,4,1,39,3,"T","F",0,1,"T","T","soutb101","wilsh102","F","F",0,0,0,0,0,0,0,0,0,"","","",0,0,0,0,0,0,0,0,0,0,0,0,0,"","F","F","F","F",0,0,0,0,0,0,0,0,0,0,F,F,"1924NY1.EVN.regular.event.csv",4221
"NY1192409182","CIN",8,1,2,0,0,"",4,7,"soutb101","?","soutb101","?","sheet102","?","sheet102","?","wingi101","bresr101","crith101","pineb101","bohns101","duncp101","rouse101","walkc101","kellg101","","","5/FL","F","F",8,5,2,"T","T",0,"F","F",1,"F","F",0,"F","F",5,"F","F","T","",0,0,"N",0,"N",0,"N",0,1,0,0,"5","","","","F","F","F","F","F","F","F","F","F","sheet102","","","F","F","F","F","F","","","","",0,5,0,0,0,0,0,0,0,80,"NY1","NY1","CIN",1,"F","T",7,4,1,40,4,"T","F",1,1,"F","F","wilsh102","jackt101","F","F",3,4,79,0,0,0,0,0,0,"wingi101","","",0,0,0,0,0,0,0,0,0,0,0,0,0,"pineb101","F","F","F","F",0,0,0,0,0,0,0,0,0,0,F,F,"1924NY1.EVN.regular.event.csv",4222
"NY1192409182","CIN",9,0,0,0,0,"",4,7,"crith101","?","crith101","?","bentj101","?","bentj101","?","gowdh101","kellg101","frisf101","grohh101","jackt101","wilsh102","soutb101","younr101","","","","S/G5S","T","F",4,1,20,"T","T",1,"F","F",0,"F","F",0,"F","F",0,"G","F","F","5S",0,0,"N",0,"N",0,"N",1,0,0,0,"","","","","F","F","F","F","F","F","F","F","F","","","","F","F","F","F","F","","","","",0,0,0,0,0,0,0,0,0,81,"NY1","CIN","NY1",0,"T","F",4,7,0,36,0,"T","F",0,1,"T","T","duncp101","rouse101","T","T",0,0,0,0,0,0,0,0,0,"","","",0,0,0,0,0,0,0,0,0,0,0,0,0,"","F","F","F","F",4,0,0,0,1,0,0,0,0,0,F,F,"1924NY1.EVN.regular.event.csv",4223
"NY1192409182","CIN",9,0,0,0,0,"",4,7,"duncp101","?","duncp101","?","bentj101","?","bentj101","?","gowdh101","kellg101","frisf101","grohh101","jackt101","wilsh102","soutb101","younr101","crith101","","","53/SH.1-2","F","F",7,2,2,"T","F",0,"T","F",1,"F","F",0,"F","F",5,"G","T","F","",0,0,"N",0,"N",0,"N",0,2,0,0,"53","","","","F","F","F","F","F","F","F","F","F","bentj101","","","F","F","F","F","F","","","","",0,3,0,0,5,0,0,0,0,82,"NY1","CIN","NY1",0,"F","F",4,7,0,37,1,"T","F",1,2,"T","T","rouse101","walkc101","T","T",4,1,81,0,0,0,0,0,0,"gowdh101","","",0,0,0,0,0,0,0,0,0,0,0,0,0,"grohh101","F","F","F","F",0,4,0,0,1,0,0,0,0,0,F,F,"1924NY1.EVN.regular.event.csv",4224
"NY1192409182","CIN",9,0,1,0,0,"",4,7,"rouse101","?","rouse101","?","bentj101","?","bentj101","?","gowdh101","kellg101","frisf101","grohh101","jackt101","wilsh102","soutb101","younr101","","crith101","","SB3#","F","F",8,3,4,"F","F",0,"F","F",0,"F","F",0,"F","F",0,"","F","F","",0,0,"N",0,"N",0,"N",0,0,3,0,"","","","","F","T","F","F","F","F","F","F","F","","bentj101","","F","F","F","F","F","","","","",0,0,0,0,0,0,0,0,0,83,"NY1","CIN","NY1",0,"F","F",4,7,0,38,2,"T","F",2,4,"T","T","walkc101","bresr101","T","T",0,0,0,4,1,81,0,0,0,"","gowdh101","",0,0,0,0,0,0,0,0,0,0,0,0,0,"","F","F","F","F",0,0,4,0,1,0,0,0,0,0,F,T,"1924NY1.EVN.regular.event.csv",4225
"NY1192409182","CIN",9,0,1,0,0,"",4,7,"rouse101","?","rouse101","?","bentj101","?","bentj101","?","gowdh101","kellg101","frisf101","grohh101","jackt101","wilsh102","soutb101","younr101","","","crith101","4/P34D/SF.3-H","F","F",8,3,2,"T","F",0,"F","T",1,"F","F",1,"F","F",4,"P","F","F","34D",0,0,"N",0,"N",0,"N",0,0,0,4,"4","","","","F","F","F","F","F","F","F","F","F","","","bentj101","F","F","F","F","F","","","","",0,4,0,0,0,0,0,0,0,84,"NY1","CIN","NY1",0,"F","F",4,7,0,38,2,"F","F",4,0,"T","T","walkc101","bresr101","T","T",0,0,0,0,0,0,4,1,81,"","","gowdh101",0,0,0,0,0,0,0,0,0,0,0,0,1,"frisf101","F","F","F","F",0,0,0,4,0,0,0,0,0,0,F,F,"1924NY1.EVN.regular.event.csv",4226
"NY1192409182","CIN",9,0,2,0,0,"",5,7,"walkc101","?","walkc101","?","bentj101","?","bentj101","?","gowdh101","kellg101","frisf101","grohh101","jackt101","wilsh102","soutb101","younr101","","","","43","F","F",9,4,2,"T","T",0,"F","F",1,"F","F",0,"F","F",4,"G","F","F","",0,0,"N",0,"N",0,"N",0,0,0,0,"43","","","","F","F","F","F","F","F","F","F","F","","","","F","T","F","F","F","","","","",0,3,0,0,4,0,0,0,0,85,"NY1","CIN","NY1",0,"F","T",5,7,1,39,3,"T","F",0,0,"T","T","bresr101","pineb101","T","T",0,0,0,0,0,0,0,0,0,"","","",0,0,0,0,0,0,0,0,0,0,0,0,0,"frisf101","F","F","F","F",0,0,0,0,0,0,0,0,0,0,F,F,"1924NY1.EVN.regular.event.csv",4227
"NY1192409190","CHN",1,0,0,0,0,"",0,0,"adams101","?","adams101","?","nehfa101","?","nehfa101","?","gowdh101","terrb101","frisf101","grohh101","jackt101","wilsh102","kellg101","younr101","","","","K/C","T","F",6,1,3,"T","T",0,"F","F",1,"F","F",0,"F","F",0,"","F","F","",0,0,"N",0,"N",0,"N",0,0,0,0,"2","","","","F","F","F","F","F","F","F","F","F","","","","T","F","F","F","F","","","","",0,2,0,0,0,0,0,0,0,1,"NY1","CHN","NY1",0,"T","F",0,0,0,0,0,"T","F",0,0,"T","T","statj101","barrb104","T","T",0,0,0,0,0,0,0,0,0,"","","",0,0,0,0,0,0,0,0,0,0,0,0,0,"","F","F","F","F",0,0,0,0,0,0,0,0,0,0,F,F,"1924NY1.EVN.regular.event.csv",4228
"NY1192409190","CHN",1,0,1,0,0,"",0,0,"statj101","?","statj101","?","nehfa101","?","nehfa101","?","gowdh101","terrb101","frisf101","grohh101","jackt101","wilsh102","kellg101","younr101","","","","W","F","F",8,2,14,"T","F",0,"F","F",0,"F","F",0,"F","F",0,"","F","F","",0,0,"N",0,"N",0,"N",1,0,0,0,"","","","","F","F","F","F","F","F","F","F","F","","","","F","F","F","F","F","","","","",0,0,0,0,0,0,0,0,0,2,"NY1","CHN","NY1",0,"F","F",0,0,0,1,1,"T","F",0,1,"T","T","barrb104","millh103","T","T",0,0,0,0,0,0,0,0,0,"","","",0,0,0,0,0,0,0,0,0,0,0,0,0,"","F","F","F","F",0,0,0,0,0,0,0,0,0,0,F,F,"1924NY1.EVN.regular.event.csv",4229
"NY1192409190","CHN",1,0,1,0,0,"",0,0,"barrb104","?","barrb104","?","nehfa101","?","nehfa101","?","gowdh101","terrb101","frisf101","grohh101","jackt101","wilsh102","kellg101","younr101","statj101","","","14(1)3/GDP","F","F",4,3,2,"T","T",0,"F","F",2,"T","F",0,"F","F",1,"G","F","F","",0,0,"N",0,"N",0,"N",0,0,0,0,"43","14","","","F","F","F","F","F","F","F","F","F","nehfa101","","","F","F","F","F","F","","","","",0,4,3,0,1,4,0,0,0,3,"NY1","CHN","NY1",0,"F","T",0,0,0,2,2,"T","F",1,0,"T","T","millh103","fribb101","T","T",8,2,2,0,0,0,0,0,0,"gowdh101","","",0,0,0,0,0,0,0,0,0,0,0,0,0,"nehfa101","T","F","F","F",0,0,0,0,0,0,0,0,0,0,F,F,"1924NY1.EVN.regular.event.csv",4230
"NY1192409190","CHN",1,1,0,0,0,"",0,0,"grohh101","?","grohh101","?","blaks101","?","blaks101","?","ofarb101","keart102","barrb104","fribb101","adams101","millh103","statj101","vogeo101","","","","5/P","T","F",5,1,2,"T","T",0,"F","F",1,"F","F",0,"F","F",5,"P","F","F","",0,0,"N",0,"N",0,"N",0,0,0,0,"5","","","","F","F","F","F","F","F","F","F","F","","","","F","F","F","F","F","","","","",0,5,0,0,0,0,0,0,0,4,"NY1","NY1","CHN",1,"T","F",0,0,0,0,0,"T","F",0,0,"T","T","frisf101","younr101","T","T",0,0,0,0,0,0,0,0,0,"","","",0,0,0,0,0,0,0,0,0,0,0,0,0,"fribb101","F","F","F","F",0,0,0,0,0,0,0,0,0,0,F,F,"1924NY1.EVN.regular.event.csv",4231
"NY1192409190","CHN",1,1,1,0,0,"",0,0,"frisf101","?","frisf101","?","blaks101","?","blaks101","?","ofarb101","keart102","barrb104","fribb101","adams101","millh103","statj101","vogeo101","","","","S/BG","F","F",4,2,20,"T","T",1,"F","F",0,"F","F",0,"F","F",0,"G","T","F","",0,0,"N",0,"N",0,"N",1,0,0,0,"","","","","F","F","F","F","F","F","F","F","F","","","","F","F","F","F","F","","","","",0,0,0,0,0,0,0,0,0,5,"NY1","NY1","CHN",1,"F","F",0,0,0,1,1,"T","F",0,1,"T","T","younr101","kellg101","T","T",0,0,0,0,0,0,0,0,0,"","","",0,0,0,0,0,0,0,0,0,0,0,0,0,"","F","F","F","F",0,0,0,0,0,0,0,0,0,0,F,F,"1924NY1.EVN.regular.event.csv",4232
"NY1192409190","CHN",1,1,1,0,0,"",0,0,"younr101","?","younr101","?","blaks101","?","blaks101","?","ofarb101","keart102","barrb104","fribb101","adams101","millh103","statj101","vogeo101","frisf101","","","64(1)/FO","F","F",9,3,2,"T","T",0,"F","F",1,"F","F",0,"F","F",6,"G","F","F","",0,0,"N",0,"N",0,"N",1,0,0,0,"","64","","","F","F","F","F","F","F","F","F","F","blaks101","","","F","F","F","F","F","","","","",0,4,0,0,6,0,0,0,0,6,"NY1","NY1","CHN",1,"F","F",0,0,0,2,2,"T","F",1,1,"T","T","kellg101","terrb101","T","T",4,2,5,0,0,0,0,0,0,"ofarb101","","",0,0,0,0,0,0,0,0,0,0,0,0,0,"adams101","T","F","F","F",0,0,0,0,0,0,0,0,0,0,F,F,"1924NY1.EVN.regular.event.csv",4233
"NY1192409190","CHN",1,1,2,0,0,"",0,0,"kellg101","?","kellg101","?","blaks101","?","blaks101","?","ofarb101","keart102","barrb104","fribb101","adams101","millh103","statj101","vogeo101","younr101","","","53","F","F",8,4,2,"T","T",0,"F","F",1,"F","F",0,"F","F",5,"G","F","F","",0,0,"N",0,"N",0,"N",0,1,0,0,"53","","","","F","F","F","F","F","F","F","F","F","blaks101","","","F","F","F","F","F","","","","",0,3,0,0,5,0,0,0,0,7,"NY1","NY1","CHN",1,"F","T",0,0,0,3,3,"T","F",1,1,"T","T","terrb101","wilsh102","T","T",9,3,6,0,0,0,0,0,0,"ofarb101","","",0,0,0,0,0,0,0,0,0,0,0,0,0,"fribb101","F","F","F","F",0,0,0,0,0,0,0,0,0,0,F,F,"1924NY1.EVN.regular.event.csv",4234
"NY1192409190","CHN",2,0,0,0,0,"",0,0,"millh103","?","millh103","?","nehfa101","?","nehfa101","?","gowdh101","terrb101","frisf101","grohh101","jackt101","wilsh102","kellg101","younr101","","","","63","T","F",7,4,2,"T","T",0,"F","F",1,"F","F",0,"F","F",6,"G","F","F","",0,0,"N",0,"N",0,"N",0,0,0,0,"63","","","","F","F","F","F","F","F","F","F","F","","","","F","F","F","F","F","","","","",0,3,0,0,6,0,0,0,0,8,"NY1","CHN","NY1",0,"T","F",0,0,0,3,0,"T","F",0,0,"T","T","fribb101","vogeo101","T","T",0,0,0,0,0,0,0,0,0,"","","",0,0,0,0,0,0,0,0,0,0,0,0,0,"jackt101","F","F","F","F",0,0,0,0,0,0,0,0,0,0,F,F,"1924NY1.EVN.regular.event.csv",4235
"NY1192409190","CHN",2,0,1,0,0,"",0,0,"fribb101","?","fribb101","?","nehfa101","?","nehfa101","?","gowdh101","terrb101","frisf101","grohh101","jackt101","wilsh102","kellg101","younr101","","","","S8","F","F",5,5,20,"T","T",1,"F","F",0,"F","F",0,"F","F",8,"","F","F","",0,0,"N",0,"N",0,"N",1,0,0,0,"","","","","F","F","F","F","F","F","F","F","F","","","","F","F","F","F","F","","","","",0,0,0,0,0,0,0,0,0,9,"NY1","CHN","NY1",0,"F","F",0,0,0,4,1,"T","F",0,1,"T","T","vogeo101","ofarb101","T","T",0,0,0,0,0,0,0,0,0,"","","",0,0,0,0,0,0,0,0,0,0,0,0,0,"kellg101","F","F","F","F",0,0,0,0,0,0,0,0,0,0,F,F,"1924NY1.EVN.regular.event.csv",4236
"NY1192409190","CHN",2,0,1,0,0,"",0,0,"vogeo101","?","vogeo101","?","nehfa101","?","nehfa101","?","gowdh101","terrb101","frisf101","grohh101","jackt101","wilsh102","kellg101","younr101","fribb101","","","64(1)3/GDP","F","F",9,6,2,"T","T",0,"F","F",2,"T","F",0,"F","F",6,"G","F","F","",0,0,"N",0,"N",0,"N",0,0,0,0,"43","64","","","F","F","F","F","F","F","F","F","F","nehfa101","","","F","F","F","F","F","","","","",0,4,3,0,6,4,0,0,0,10,"NY1","CHN","NY1",0,"F","T",0,0,0,5,2,"T","F",1,0,"T","T","ofarb101","keart102","T","T",5,5,9,0,0,0,0,0,0,"gowdh101","","",0,0,0,0,0,0,0,0,0,0,0,0,0,"jackt101","T","F","F","F",0,0,0,0,0,0,0,0,0,0,F,F,"1924NY1.EVN.regular.event.csv",4237
"NY1192409190","CHN",2,1,0,0,0,"",0,0,"terrb101","?","terrb101","?","blaks101","?","blaks101","?","ofarb101","keart102","barrb104","fribb101","adams101","millh103","statj101","vogeo101","","","","D8/78","T","F",3,5,21,"T","T",2,"F","F",0,"F","F",0,"F","F",8,"","F","F","78",0,0,"N",0,"N",0,"N",2,0,0,0,"","","","","F","F","F","F","F","F","F","F","F","","","","F","F","F","F","F","","","","",0,0,0,0,0,0,0,0,0,11,"NY1","NY1","CHN",1,"T","F",0,0,0,4,0,"T","F",0,2,"T","T","wilsh102","jackt101","T","T",0,0,0,0,0,0,0,0,0,"","","",0,0,0,0,0,0,0,0,0,0,0,0,0,"statj101","F","F","F","F",4,0,0,0,5,0,0,0,0,0,F,F,"1924NY1.EVN.regular.event.csv",4238
"NY1192409190","CHN",2,1,0,0,0,"",0,0,"wilsh102","?","wilsh102","?","blaks101","?","blaks101","?","ofarb101","keart102","barrb104","fribb101","adams101","millh103","statj101","vogeo101","","terrb101","","W","F","F",7,6,14,"T","F",0,"F","F",0,"F","F",0,"F","F",0,"","F","F","",0,0,"N",0,"N",0,"N",1,0,2,0,"","","","","F","F","F","F","F","F","F","F","F","","blaks101","","F","F","F","F","F","","","","",0,0,0,0,0,0,0,0,0,12,"NY1","NY1","CHN",1,"F","F",0,0,0,5,1,"T","F",2,3,"T","T","jackt101","gowdh101","T","T",0,0,0,3,5,11,0,0,0,"","ofarb101","",0,0,0,0,0,0,0,0,0,0,0,0,0,"","F","F","F","F",4,0,4,0,5,0,0,0,0,0,F,F,"1924NY1.EVN.regular.event.csv",4239
"NY1192409190","CHN",2,1,0,0,0,"",0,0,"jackt101","?","jackt101","?","blaks101","?","blaks101","?","ofarb101","keart102","barrb104","fribb101","adams101","millh103","statj101","vogeo101","wilsh102","terrb101","","S5/BG.2-3;1-2","F","F",6,7,20,"T","T",1,"F","F",0,"F","F",0,"F","F",5,"G","T","F","",0,0,"N",0,"N",0,"N",1,2,3,0,"","","","","F","F","F","F","F","F","F","F","F","blaks101","blaks101","","F","F","F","F","F","","","","",0,0,0,0,0,0,0,0,0,13,"NY1","NY1","CHN",1,"F","F",0,0,0,6,2,"T","F",3,7,"T","T","gowdh101","nehfa101","T","T",7,6,12,3,5,11,0,0,0,"ofarb101","ofarb101","",0,0,0,0,0,0,0,0,0,0,0,0,0,"fribb101","F","F","F","F",4,4,4,0,5,0,0,0,0,0,F,F,"1924NY1.EVN.regular.event.csv",4240
"NY1192409190","CHN",2,1,0,0,0,"",0,0,"gowdh101","?","gowdh101","?","blaks101","?","blaks101","?","ofarb101","keart102","barrb104","fribb101","adams101","millh103","statj101","vogeo101","jackt101","wilsh102","terrb101","2/FL","F","F",2,8,2,"T","T",0,"F","F",1,"F","F",0,"F","F",2,"F","F","T","",0,0,"N",0,"N",0,"N",0,1,2,3,"2","","","","F","F","F","F","F","F","F","F","F","blaks101","blaks101","blaks101","F","F","F","F","F","","","","",0,2,0,0,0,0,0,0,0,14,"NY1","NY1","CHN",1,"F","F",0,0,0,7,3,"T","F",7,7,"T","T","nehfa101","grohh101","T","T",6,7,13,7,6,12,3,5,11,"ofarb101","ofarb101","ofarb101",0,0,0,0,0,0,0,0,0,0,0,0,0,"ofarb101","F","F","F","F",0,4,4,4,5,0,0,0,0,0,F,F,"1924NY1.EVN.regular.event.csv",4241
"NY1192409190","CHN",2,1,1,0,0,"",0,0,"nehfa101","?","nehfa101","?","blaks101","?","blaks101","?","ofarb101","keart102","barrb104","fribb101","adams101","millh103","statj101","vogeo101","jackt101","wilsh102","terrb101","6/P5D","F","F",1,9,2,"T","T",0,"F","F",1,"F","F",0,"F","F",6,"P","F","F","5D",0,0,"N",0,"N",0,"N",0,1,2,3,"6","","","","F","F","F","F","F","F","F","F","F","blaks101","blaks101","blaks101","F","F","F","F","F","","","","",0,6,0,0,0,0,0,0,0,15,"NY1","NY1","CHN",1,"F","F",0,0,0,8,4,"T","F",7,7,"T","T","grohh101","frisf101","T","T",6,7,13,7,6,12,3,5,11,"ofarb101","ofarb101","ofarb101",0,0,0,0,0,0,0,0,0,0,0,0,0,"adams101","F","F","F","F",0,4,4,4,5,0,0,0,0,0,F,F,"1924NY1.EVN.regular.event.csv",4242
"NY1192409190","CHN",2,1,2,0,0,"",0,0,"grohh101","?","grohh101","?","blaks101","?","blaks101","?","ofarb101","keart102","barrb104","fribb101","adams101","millh103","statj101","vogeo101","jackt101","wilsh102","terrb101","S8.3-H;2-H;1-3","F","F",5,1,20,"T","T",1,"F","F",0,"F","F",2,"F","F",8,"","F","F","",0,0,"N",0,"N",0,"N",1,3,4,4,"","","","","F","F","F","F","F","F","F","F","F","blaks101","blaks101","blaks101","F","F","F","F","F","","","","",0,0,0,0,0,0,0,0,0,16,"NY1","NY1","CHN",1,"F","F",0,0,0,9,5,"T","F",7,5,"T","T","frisf101","younr101","T","T",6,7,13,7,6,12,3,5,11,"ofarb101","ofarb101","ofarb101",0,0,0,0,0,0,0,0,0,0,0,0,2,"statj101","F","F","F","F",4,4,4,4,3,0,0,0,0,0,F,F,"1924NY1.EVN.regular.event.csv",4243
"NY1192409190","CHN",2,1,2,0,0,"",0,2,"frisf101","?","frisf101","?","blaks101","?","blaks101","?","ofarb101","keart102","barrb104","fribb101","adams101","millh103","statj101","vogeo101","grohh101","","jackt101","S8.3-H;1-3","F","F",4,2,20,"T","T",1,"F","F",0,"F","F",1,"F","F",8,"","F","F","",0,0,"N",0,"N",0,"N",1,3,0,4,"","","","","F","F","F","F","F","F","F","F","F","blaks101","","blaks101","F","F","F","F","F","","","","",0,0,0,0,0,0,0,0,0,17,"NY1","NY1","CHN",1,"F","F",2,0,2,10,6,"T","F",5,5,"T","T","younr101","kellg101","T","T",5,1,16,0,0,0,6,7,13,"ofarb101","","ofarb101",0,0,0,0,0,0,0,0,0,0,0,0,1,"statj101","F","F","F","F",4,4,0,4,2,0,0,0,0,0,F,F,"1924NY1.EVN.regular.event.csv",4244
"NY1192409190","CHN",2,1,2,0,0,"",0,3,"younr101","?","younr101","?","blaks101","?","blaks101","?","ofarb101","keart102","barrb104","fribb101","adams101","millh103","statj101","vogeo101","frisf101","","grohh101","SB2","F","F",9,3,4,"F","F",0,"F","F",0,"F","F",0,"F","F",0,"","F","F","",0,0,"N",0,"N",0,"N",0,2,0,3,"","","","","T","F","F","F","F","F","F","F","F","blaks101","","blaks101","F","F","F","F","F","","","","",0,0,0,0,0,0,0,0,0,18,"NY1","NY1","CHN",1,"F","F",3,0,3,11,7,"T","F",5,6,"T","T","kellg101","terrb101","T","T",4,2,17,0,0,0,5,1,16,"ofarb101","","ofarb101",0,0,0,0,0,0,0,0,0,0,0,0,0,"","F","F","F","F",0,4,0,4,2,0,0,0,0,0,F,F,"1924NY1.EVN.regular.event.csv",4245
"NY1192409190","CHN",2,1,2,0,0,"",0,3,"younr101","?","younr101","?","blaks101","?","blaks101","?","ofarb101","keart102","barrb104","fribb101","adams101","millh103","statj101","vogeo101","","frisf101","grohh101","W","F","F",9,3,14,"T","F",0,"F","F",0,"F","F",0,"F","F",0,"","F","F","",0,0,"N",0,"N",0,"N",1,0,2,3,"","","","","F","F","F","F","F","F","F","F","F","","blaks101","blaks101","F","F","F","F","F","","","","",0,0,0,0,0,0,0,0,0,19,"NY1","NY1","CHN",1,"F","F",3,0,3,11,7,"F","F",6,7,"T","T","kellg101","terrb101","T","T",0,0,0,4,2,17,5,1,16,"","ofarb101","ofarb101",0,0,0,0,0,0,0,0,0,0,0,0,0,"","F","F","F","F",0,0,4,4,2,0,0,0,0,0,F,F,"1924NY1.EVN.regular.event.csv",4246
"NY1192409190","CHN",2,1,2,0,0,"",0,3,"kellg101","?","kellg101","?","blaks101","?","blaks101","?","ofarb101","keart102","barrb104","fribb101","adams101","millh103","statj101","vogeo101","younr101","frisf101","grohh101","S8.3-H;2-H;1-2","F","F",8,4,20,"T","T",1,"F","F",0,"F","F",2,"F","F",8,"","F","F","",0,0,"N",0,"N",0,"N",1,2,4,4,"","","","","F","F","F","F","F","F","F","F","F","blaks101","blaks101","blaks101","F","F","F","F","F","","","","",0,0,0,0,0,0,0,0,0,20,"NY1","NY1","CHN",1,"F","F",3,0,3,12,8,"T","F",7,3,"T","T","terrb101","wilsh102","T","T",9,3,19,4,2,17,5,1,16,"ofarb101","ofarb101","ofarb101",0,0,0,0,0,0,0,0,0,0,0,0,2,"statj101","F","F","F","F",0,0,4,4,0,0,0,0,0,0,F,F,"1924NY1.EVN.regular.event.csv",4247
"NY1192409190","CHN",2,1,2,0,0,"",0,5,"terrb101","?","terrb101","?","wheer101","?","wheer101","?","ofarb101","keart102","barrb104","fribb101","adams101","millh103","statj101","vogeo101","kellg101","younr101","","K","F","F",3,5,3,"T","T",0,"F","F",1,"F","F",0,"F","F",0,"","F","F","",0,0,"N",0,"N",0,"N",0,1,2,0,"2","","","","F","F","F","F","F","F","F","F","F","blaks101","blaks101","","F","F","F","F","F","","","","",0,2,0,0,0,0,0,0,0,21,"NY1","NY1","CHN",1,"F","T",5,0,5,13,9,"T","F",3,3,"T","T","wilsh102","jackt101","F","F",8,4,20,9,3,19,0,0,0,"ofarb101","ofarb101","",0,0,0,0,0,0,0,0,0,0,0,0,0,"","F","F","F","F",0,0,0,0,0,0,0,0,0,0,F,F,"1924NY1.EVN.regular.event.csv",4248
"NY1192409190","CHN",3,0,0,0,0,"",0,5,"ofarb101","?","ofarb101","?","nehfa101","?","nehfa101","?","gowdh101","terrb101","frisf101","grohh101","jackt101","wilsh102","kellg101","younr101","","","","7/L","T","F",2,7,2,"T","T",0,"F","F",1,"F","F",0,"F","F",7,"L","F","F","",0,0,"N",0,"N",0,"N",0,0,0,0,"7","","","","F","F","F","F","F","F","F","F","F","","","","F","F","F","F","F","","","","",0,7,0,0,0,0,0,0,0,22,"NY1","CHN","NY1",0,"T","F",0,5,0,6,0,"T","F",0,0,"T","T","keart102","wheer101","T","T",0,0,0,0,0,0,0,0,0,"","","",0,0,0,0,0,0,0,0,0,0,0,0,0,"wilsh102","F","F","F","F",0,0,0,0,0,0,0,0,0,0,F,F,"1924NY1.EVN.regular.event.csv",4249
"NY1192409190","CHN",3,0,1,0,0,"",0,5,"keart102","?","keart102","?","nehfa101","?","nehfa101","?","gowdh101","terrb101","frisf101","grohh101","jackt101","wilsh102","kellg101","younr101","","","","W","F","F",3,8,14,"T","F",0,"F","F",0,"F","F",0,"F","F",0,"","F","F","",0,0,"N",0,"N",0,"N",1,0,0,0,"","","","","F","F","F","F","F","F","F","F","F","","","","F","F","F","F","F","","","","",0,0,0,0,0,0,0,0,0,23,"NY1","CHN","NY1",0,"F","F",0,5,0,7,1,"T","F",0,1,"T","T","wheer101","adams101","T","T",0,0,0,0,0,0,0,0,0,"","","",0,0,0,0,0,0,0,0,0,0,0,0,0,"","F","F","F","F",0,0,0,0,0,0,0,0,0,0,F,F,"1924NY1.EVN.regular.event.csv",4250
"NY1192409190","CHN",3,0,1,0,0,"",0,5,"wheer101","?","wheer101","?","nehfa101","?","nehfa101","?","gowdh101","terrb101","frisf101","grohh101","jackt101","wilsh102","kellg101","younr101","keart102","","","16(1)/FO","F","F",1,9,2,"T","T",0,"F","F",1,"F","F",0,"F","F",1,"G","F","F","",0,0,"N",0,"N",0,"N",1,0,0,0,"","16","","","F","F","F","F","F","F","F","F","F","nehfa101","","","F","F","F","F","F","","","","",0,6,0,0,1,0,0,0,0,24,"NY1","CHN","NY1",0,"F","F",0,5,0,8,2,"T","F",1,1,"F","F","adams101","statj101","T","T",3,8,23,0,0,0,0,0,0,"gowdh101","","",0,0,0,0,0,0,0,0,0,0,0,0,0,"nehfa101","T","F","F","F",0,0,0,0,0,0,0,0,0,0,F,F,"1924NY1.EVN.regular.event.csv",4251
"NY1192409190","CHN",3,0,2,0,0,"",0,5,"adams101","?","adams101","?","nehfa101","?","nehfa101","?","gowdh101","terrb101","frisf101","grohh101","jackt101","wilsh102","kellg101","younr101","wheer101","","","14(1)/FO","F","F",6,1,2,"T","T",0,"F","F",1,"F","F",0,"F","F",1,"G","F","F","",0,0,"N",0,"N",0,"N",1,0,0,0,"","14","","","F","F","F","F","F","F","F","F","F","nehfa101","","","F","F","F","F","F","","","","",0,4,0,0,1,0,0,0,0,25,"NY1","CHN","NY1",0,"F","T",0,5,0,9,3,"T","F",1,1,"T","T","statj101","barrb104","T","T",1,9,24,0,0,0,0,0,0,"gowdh101","","",0,0,0,0,0,0,0,0,0,0,0,0,0,"nehfa101","T","F","F","F",0,0,0,0,0,0,0,0,0,0,F,F,"1924NY1.EVN.regular.event.csv",4252
"NY1192409190","CHN",3,1,0,0,0,"",0,5,"wilsh102","?","wilsh102","?","wheer101","?","wheer101","?","ofarb101","keart102","barrb104","fribb101","adams101","millh103","statj101","vogeo101","","","","3/FL","T","F",7,6,2,"T","T",0,"F","F",1,"F","F",0,"F","F",3,"F","F","T","",0,0,"N",0,"N",0,"N",0,0,0,0,"3","","","","F","F","F","F","F","F","F","F","F","","","","F","F","F","F","F","","","","",0,3,0,0,0,0,0,0,0,26,"NY1","NY1","CHN",1,"T","F",5,0,0,14,0,"T","F",0,0,"T","T","jackt101","gowdh101","F","F",0,0,0,0,0,0,0,0,0,"","","",0,0,0,0,0,0,0,0,0,0,0,0,0,"keart102","F","F","F","F",0,0,0,0,1,0,0,0,0,0,F,F,"1924NY1.EVN.regular.event.csv",4253
"NY1192409190","CHN",3,1,1,0,0,"",0,5,"jackt101","?","jackt101","?","wheer101","?","wheer101","?","ofarb101","keart102","barrb104","fribb101","adams101","millh103","statj101","vogeo101","","","","13/BG","F","F",6,7,2,"T","T",0,"F","F",1,"F","F",0,"F","F",1,"G","T","F","",0,0,"N",0,"N",0,"N",0,0,0,0,"13","","","","F","F","F","F","F","F","F","F","F","","","","F","F","F","F","F","","","","",0,3,0,0,1,0,0,0,0,27,"NY1","NY1","CHN",1,"F","F",5,0,0,15,1,"T","F",0,0,"T","T","gowdh101","nehfa101","F","F",0,0,0,0,0,0,0,0,0,"","","",0,0,0,0,0,0,0,0,0,0,0,0,0,"wheer101","F","F","F","F",0,0,0,0,1,0,0,0,0,0,F,F,"1924NY1.EVN.regular.event.csv",4254
"NY1192409190","CHN",3,1,2,0,0,"",0,5,"gowdh101","?","gowdh101","?","wheer101","?","wheer101","?","ofarb101","keart102","barrb104","fribb101","adams101","millh103","statj101","vogeo101","","","","D7","F","F",2,8,21,"T","T",2,"F","F",0,"F","F",0,"F","F",7,"","F","F","",0,0,"N",0,"N",0,"N",2,0,0,0,"","","","","F","F","F","F","F","F","F","F","F","","","","F","F","F","F","F","","","","",0,0,0,0,0,0,0,0,0,28,"NY1","NY1","CHN",1,"F","F",5,0,0,16,2,"T","F",0,2,"T","T","nehfa101","grohh101","F","F",0,0,0,0,0,0,0,0,0,"","","",0,0,0,0,0,0,0,0,0,0,0,0,0,"millh103","F","F","F","F",4,0,0,0,1,0,0,0,0,0,F,F,"1924NY1.EVN.regular.event.csv",4255
"NY1192409190","CHN",3,1,2,0,0,"",0,5,"nehfa101","?","nehfa101","?","wheer101","?","wheer101","?","ofarb101","keart102","barrb104","fribb101","adams101","millh103","statj101","vogeo101","","gowdh101","","S9.2-H","F","F",1,9,20,"T","T",1,"F","F",0,"F","F",1,"F","F",9,"","F","F","",0,0,"N",0,"N",0,"N",1,0,4,0,"","","","","F","F","F","F","F","F","F","F","F","","wheer101","","F","F","F","F","F","","","","",0,0,0,0,0,0,0,0,0,29,"NY1","NY1","CHN",1,"F","F",5,0,0,17,3,"T","F",2,1,"T","T","grohh101","frisf101","F","F",0,0,0,2,8,28,0,0,0,"","ofarb101","",0,0,0,0,0,0,0,0,0,0,0,0,1,"vogeo101","F","F","F","F",0,0,4,0,0,0,0,0,0,0,F,F,"1924NY1.EVN.regular.event.csv",4256
"NY1192409190","CHN",3,1,2,0,0,"",0,6,"grohh101","?","grohh101","?","wheer101","?","wheer101","?","ofarb101","keart102","barrb104","fribb101","adams101","millh103","statj101","vogeo101","nehfa101","","","9/F","F","F",5,1,2,"T","T",0,"F","F",1,"F","F",0,"F","F",9,"F","F","F","",0,0,"N",0,"N",0,"N",0,1,0,0,"9","","","","F","F","F","F","F","F","F","F","F","wheer101","","","F","F","F","F","F","","","","",0,9,0,0,0,0,0,0,0,30,"NY1","NY1","CHN",1,"F","T",6,0,1,18,4,"T","F",1,1,"T","T","frisf101","younr101","F","F",1,9,29,0,0,0,0,0,0,"ofarb101","","",0,0,0,0,0,0,0,0,0,0,0,0,0,"vogeo101","F","F","F","F",0,0,0,0,0,0,0,0,0,0,F,F,"1924NY1.EVN.regular.event.csv",4257
"NY1192409190","CHN",4,0,0,0,0,"",0,6,"statj101","?","statj101","?","nehfa101","?","nehfa101","?","gowdh101","terrb101","frisf101","grohh101","jackt101","wilsh102","kellg101","younr101","","","","53","T","F",8,2,2,"T","T",0,"F","F",1,"F","F",0,"F","F",5,"G","F","F","",0,0,"N",0,"N",0,"N",0,0,0,0,"53","","","","F","F","F","F","F","F","F","F","F","","","","F","F","F","F","F","","","","",0,3,0,0,5,0,0,0,0,31,"NY1","CHN","NY1",0,"T","F",0,6,0,10,0,"T","F",0,0,"T","T","barrb104","millh103","T","T",0,0,0,0,0,0,0,0,0,"","","",0,0,0,0,0,0,0,0,0,0,0,0,0,"grohh101","F","F","F","F",0,0,0,0,0,0,0,0,0,0,F,F,"1924NY1.EVN.regular.event.csv",4258
"NY1192409190","CHN",4,0,1,0,0,"",0,6,"barrb104","?","barrb104","?","nehfa101","?","nehfa101","?","gowdh101","terrb101","frisf101","grohh101","jackt101","wilsh102","kellg101","younr101","","","","53","F","F",4,3,2,"T","T",0,"F","F",1,"F","F",0,"F","F",5,"G","F","F","",0,0,"N",0,"N",0,"N",0,0,0,0,"53","","","","F","F","F","F","F","F","F","F","F","","","","F","F","F","F","F","","","","",0,3,0,0,5,0,0,0,0,32,"NY1","CHN","NY1",0,"F","F",0,6,0,11,1,"T","F",0,0,"T","T","millh103","fribb101","T","T",0,0,0,0,0,0,0,0,0,"","","",0,0,0,0,0,0,0,0,0,0,0,0,0,"grohh101","F","F","F","F",0,0,0,0,0,0,0,0,0,0,F,F,"1924NY1.EVN.regular.event.csv",4259
"NY1192409190","CHN",4,0,2,0,0,"",0,6,"millh103","?","millh103","?","nehfa101","?","nehfa101","?","gowdh101","terrb101","frisf101","grohh101","jackt101","wilsh102","kellg101","younr101","","","","S9","F","F",7,4,20,"T","T",1,"F","F",0,"F","F",0,"F","F",9,"","F","F","",0,0,"N",0,"N",0,"N",1,0,0,0,"","","","","F","F","F","F","F","F","F","F","F","","","","F","F","F","F","F","","","","",0,0,0,0,0,0,0,0,0,33,"NY1","CHN","NY1",0,"F","F",0,6,0,12,2,"T","F",0,1,"T","T","fribb101","vogeo101","T","T",0,0,0,0,0,0,0,0,0,"","","",0,0,0,0,0,0,0,0,0,0,0,0,0,"younr101","F","F","F","F",0,0,0,0,0,0,0,0,0,0,F,F,"1924NY1.EVN.regular.event.csv",4260
"NY1192409190","CHN",4,0,2,0,0,"",0,6,"fribb101","?","fribb101","?","nehfa101","?","nehfa101","?","gowdh101","terrb101","frisf101","grohh101","jackt101","wilsh102","kellg101","younr101","millh103","","","8/F","F","F",5,5,2,"T","T",0,"F","F",1,"F","F",0,"F","F",8,"F","F","F","",0,0,"N",0,"N",0,"N",0,1,0,0,"8","","","","F","F","F","F","F","F","F","F","F","nehfa101","","","F","F","F","F","F","","","","",0,8,0,0,0,0,0,0,0,34,"NY1","CHN","NY1",0,"F","T",0,6,0,13,3,"T","F",1,1,"T","T","vogeo101","ofarb101","T","T",7,4,33,0,0,0,0,0,0,"gowdh101","","",0,0,0,0,0,0,0,0,0,0,0,0,0,"kellg101","F","F","F","F",0,0,0,0,0,0,0,0,0,0,F,F,"1924NY1.EVN.regular.event.csv",4261
"NY1192409190","CHN",4,1,0,0,0,"",0,6,"frisf101","?","frisf101","?","wheer101","?","wheer101","?","ofarb101","keart102","barrb104","fribb101","adams101","millh103","statj101","vogeo101","","","","W","T","F",4,2,14,"T","F",0,"F","F",0,"F","F",0,"F","F",0,"","F","F","",0,0,"N",0,"N",0,"N",1,0,0,0,"","","","","F","F","F","F","F","F","F","F","F","","","","F","F","F","F","F","","","","",0,0,0,0,0,0,0,0,0,35,"NY1","NY1","CHN",1,"T","F",6,0,0,19,0,"T","F",0,1,"T","T","younr101","kellg101","F","F",0,0,0,0,0,0,0,0,0,"","","",0,0,0,0,0,0,0,0,0,0,0,0,0,"","F","F","F","F",4,0,0,0,1,0,0,0,0,0,F,F,"1924NY1.EVN.regular.event.csv",4262
"NY1192409190","CHN",4,1,0,0,0,"",0,6,"younr101","?","younr101","?","wheer101","?","wheer101","?","ofarb101","keart102","barrb104","fribb101","adams101","millh103","statj101","vogeo101","frisf101","","","S8.1-3","F","F",9,3,20,"T","T",1,"F","F",0,"F","F",0,"F","F",8,"","F","F","",0,0,"N",0,"N",0,"N",1,3,0,0,"","","","","F","F","F","F","F","F","F","F","F","wheer101","","","F","F","F","F","F","","","","",0,0,0,0,0,0,0,0,0,36,"NY1","NY1","CHN",1,"F","F",6,0,0,20,1,"T","F",1,5,"T","T","kellg101","terrb101","F","F",4,2,35,0,0,0,0,0,0,"ofarb101","","",0,0,0,0,0,0,0,0,0,0,0,0,0,"statj101","F","F","F","F",0,4,0,0,1,0,0,0,0,0,F,F,"1924NY1.EVN.regular.event.csv",4263
"NY1192409190","CHN",4,1,0,0,0,"",0,6,"kellg101","?","kellg101","?","wheer101","?","wheer101","?","ofarb101","keart102","barrb104","fribb101","adams101","millh103","statj101","vogeo101","younr101","","frisf101","46(1)3/GDP.3-H(RBI)","F","F",8,4,2,"T","T",0,"F","F",2,"T","F",1,"F","F",4,"G","F","F","",0,0,"N",0,"N",0,"N",0,0,0,4,"63","46","","","F","F","F","F","F","F","F","F","F","wheer101","","wheer101","F","F","F","F","F","","","","",0,6,3,0,4,6,0,0,0,37,"NY1","NY1","CHN",1,"F","F",6,0,0,21,2,"T","F",5,0,"T","T","terrb101","wilsh102","F","F",9,3,36,0,0,0,4,2,35,"ofarb101","","ofarb101",0,0,0,0,0,0,0,0,0,0,0,0,1,"barrb104","T","F","F","F",0,0,0,4,0,0,0,0,0,0,F,F,"1924NY1.EVN.regular.event.csv",4264
"NY1192409190","CHN",4,1,2,0,0,"",0,7,"terrb101","?","terrb101","?","wheer101","?","wheer101","?","ofarb101","keart102","barrb104","fribb101","adams101","millh103","statj101","vogeo101","","","","43#","F","F",3,5,2,"T","T",0,"F","F",1,"F","F",0,"F","F",4,"G","F","F","",0,0,"N",0,"N",0,"N",0,0,0,0,"43","","","","F","F","F","F","F","F","F","F","F","","","","F","F","F","F","F","","","","",0,3,0,0,4,0,0,0,0,38,"NY1","NY1","CHN",1,"F","T",7,0,1,22,3,"T","F",0,0,"T","T","wilsh102","jackt101","F","F",0,0,0,0,0,0,0,0,0,"","","",0,0,0,0,0,0,0,0,0,0,0,0,0,"barrb104","F","F","F","F",0,0,0,0,0,0,0,0,0,0,F,T,"1924NY1.EVN.regular.event.csv",4265
"NY1192409190","CHN",5,0,0,0,0,"",0,7,"vogeo101","?","vogeo101","?","nehfa101","?","nehfa101","?","gowdh101","terrb101","frisf101","grohh101","jackt101","wilsh102","kellg101","younr101","","","","K/C","T","F",9,6,3,"T","T",0,"F","F",1,"F","F",0,"F","F",0,"","F","F","",0,0,"N",0,"N",0,"N",0,0,0,0,"2","","","","F","F","F","F","F","F","F","F","F","","","","F","F","F","F","F","","","","",0,2,0,0,0,0,0,0,0,39,"NY1","CHN","NY1",0,"T","F",0,7,0,14,0,"T","F",0,0,"T","T","ofarb101","keart102","T","T",0,0,0,0,0,0,0,0,0,"","","",0,0,0,0,0,0,0,0,0,0,0,0,0,"","F","F","F","F",0,0,0,0,2,0,0,0,0,0,F,F,"1924NY1.EVN.regular.event.csv",4266
"NY1192409190","CHN",5,0,1,0,0,"",0,7,"ofarb101","?","ofarb101","?","nehfa101","?","nehfa101","?","gowdh101","terrb101","frisf101","grohh101","jackt101","wilsh102","kellg101","younr101","","","","S7","F","F",2,7,20,"T","T",1,"F","F",0,"F","F",0,"F","F",7,"","F","F","",0,0,"N",0,"N",0,"N",1,0,0,0,"","","","","F","F","F","F","F","F","F","F","F","","","","F","F","F","F","F","","","","",0,0,0,0,0,0,0,0,0,40,"NY1","CHN","NY1",0,"F","F",0,7,0,15,1,"T","F",0,1,"T","T","keart102","wheer101","T","T",0,0,0,0,0,0,0,0,0,"","","",0,0,0,0,0,0,0,0,0,0,0,0,0,"wilsh102","F","F","F","F",4,0,0,0,2,0,0,0,0,0,F,F,"1924NY1.EVN.regular.event.csv",4267
"NY1192409190","CHN",5,0,1,0,0,"",0,7,"keart102","?","keart102","?","nehfa101","?","nehfa101","?","gowdh101","terrb101","frisf101","grohh101","jackt101","wilsh102","kellg101","younr101","ofarb101","","","3/G.1-2","F","F",3,8,2,"T","T",0,"F","F",1,"F","F",0,"F","F",3,"G","F","F","",0,0,"N",0,"N",0,"N",0,2,0,0,"3","","","","F","F","F","F","F","F","F","F","F","nehfa101","","","F","F","F","F","F","","","","",0,3,0,0,0,0,0,0,0,41,"NY1","CHN","NY1",0,"F","F",0,7,0,16,2,"T","F",1,2,"T","T","wheer101","adams101","T","T",2,7,40,0,0,0,0,0,0,"gowdh101","","",0,0,0,0,0,0,0,0,0,0,0,0,0,"terrb101","F","F","F","F",0,4,0,0,2,0,0,0,0,0,F,F,"1924NY1.EVN.regular.event.csv",4268
"NY1192409190","CHN",5,0,2,0,0,"",0,7,"wheer101","?","wheer101","?","nehfa101","?","nehfa101","?","gowdh101","terrb101","frisf101","grohh101","jackt101","wilsh102","kellg101","younr101","","ofarb101","","S8.2-H","F","F",1,9,20,"T","T",1,"F","F",0,"F","F",1,"F","F",8,"","F","F","",0,0,"N",0,"N",0,"N",1,0,4,0,"","","","","F","F","F","F","F","F","F","F","F","","nehfa101","","F","F","F","F","F","","","","",0,0,0,0,0,0,0,0,0,42,"NY1","CHN","NY1",0,"F","F",0,7,0,17,3,"T","F",2,1,"F","F","adams101","statj101","T","T",0,0,0,2,7,40,0,0,0,"","gowdh101","",0,0,0,0,0,0,0,0,0,0,0,0,1,"kellg101","F","F","F","F",4,0,4,0,1,0,0,0,0,0,F,F,"1924NY1.EVN.regular.event.csv",4269
"NY1192409190","CHN",5,0,2,0,0,"",1,7,"adams101","?","adams101","?","nehfa101","?","nehfa101","?","gowdh101","terrb101","frisf101","grohh101","jackt101","wilsh102","kellg101","younr101","wheer101","","","S/G3.1-2","F","F",6,1,20,"T","T",1,"F","F",0,"F","F",0,"F","F",0,"G","F","F","3",0,0,"N",0,"N",0,"N",1,2,0,0,"","","","","F","F","F","F","F","F","F","F","F","nehfa101","","","F","F","F","F","F","","","","",0,0,0,0,0,0,0,0,0,43,"NY1","CHN","NY1",0,"F","F",1,7,1,18,4,"T","F",1,3,"T","T","statj101","barrb104","T","T",1,9,42,0,0,0,0,0,0,"gowdh101","","",0,0,0,0,0,0,0,0,0,0,0,0,0,"","F","F","F","F",0,4,0,0,1,0,0,0,0,0,F,F,"1924NY1.EVN.regular.event.csv",4270
"NY1192409190","CHN",5,0,2,0,0,"",1,7,"statj101","?","statj101","?","nehfa101","?","nehfa101","?","gowdh101","terrb101","frisf101","grohh101","jackt101","wilsh102","kellg101","younr101","adams101","wheer101","","S/G4.2-H;1-3","F","F",8,2,20,"T","T",1,"F","F",0,"F","F",1,"F","F",0,"G","F","F","4",0,0,"N",0,"N",0,"N",1,3,4,0,"","","","","F","F","F","F","F","F","F","F","F","nehfa101","nehfa101","","F","F","F","F","F","","","","",0,0,0,0,0,0,0,0,0,44,"NY1","CHN","NY1",0,"F","F",1,7,1,19,5,"T","F",3,5,"T","T","barrb104","millh103","T","T",6,1,43,1,9,42,0,0,0,"gowdh101","gowdh101","",0,0,0,0,0,0,0,0,0,0,0,0,1,"","F","F","F","F",0,0,4,0,0,0,0,0,0,0,F,F,"1924NY1.EVN.regular.event.csv",4271
"NY1192409190","CHN",5,0,2,0,0,"",2,7,"barrb104","?","barrb104","?","nehfa101","?","nehfa101","?","gowdh101","terrb101","frisf101","grohh101","jackt101","wilsh102","kellg101","younr101","statj101","","adams101","K","F","F",4,3,3,"T","T",0,"F","F",1,"F","F",0,"F","F",0,"","F","F","",0,0,"N",0,"N",0,"N",0,1,0,3,"2","","","","F","F","F","F","F","F","F","F","F","nehfa101","","nehfa101","F","F","F","F","F","","","","",0,2,0,0,0,0,0,0,0,45,"NY1","CHN","NY1",0,"F","T",2,7,2,20,6,"T","F",5,5,"T","T","millh103","fribb101","T","T",8,2,44,0,0,0,6,1,43,"gowdh101","","gowdh101",0,0,0,0,0,0,0,0,0,0,0,0,0,"","F","F","F","F",0,0,0,0,0,0,0,0,0,0,F,F,"1924NY1.EVN.regular.event.csv",4272
"NY1192409190","CHN",5,1,0,0,0,"",2,7,"wilsh102","?","wilsh102","?","wheer101","?","wheer101","?","ofarb101","keart102","barrb104","fribb101","adams101","millh103","statj101","vogeo101","","","","13","T","F",7,6,2,"T","T",0,"F","F",1,"F","F",0,"F","F",1,"G","F","F","",0,0,"N",0,"N",0,"N",0,0,0,0,"13","","","","F","F","F","F","F","F","F","F","F","","","","F","F","F","F","F","","","","",0,3,0,0,1,0,0,0,0,46,"NY1","NY1","CHN",1,"T","F",7,2,0,23,0,"T","F",0,0,"T","T","jackt101","gowdh101","F","F",0,0,0,0,0,0,0,0,0,"","","",0,0,0,0,0,0,0,0,0,0,0,0,0,"wheer101","F","F","F","F",0,0,0,0,2,0,0,0,0,0,F,F,"1924NY1.EVN.regular.event.csv",4273
"NY1192409190","CHN",5,1,1,0,0,"",2,7,"jackt101","?","jackt101","?","wheer101","?","wheer101","?","ofarb101","keart102","barrb104","fribb101","adams101","millh103","statj101","vogeo101","","","","E6/TH1","F","F",6,7,18,"T","T",0,"F","F",0,"F","F",0,"F","F",6,"G","F","F","",1,6,"T",0,"N",0,"N",1,0,0,0,"","","","","F","F","F","F","F","F","F","F","F","","","","F","F","F","F","F","","","","",0,0,0,0,0,0,0,0,0,47,"NY1","NY1","CHN",1,"F","F",7,2,0,24,1,"T","F",0,1,"T","T","gowdh101","nehfa101","F","F",0,0,0,0,0,0,0,0,0,"","","",0,0,0,0,0,0,0,0,0,0,0,0,0,"adams101","F","F","F","T",5,0,0,0,2,0,0,0,0,0,F,F,"1924NY1.EVN.regular.event.csv",4274
"NY1192409190","CHN",5,1,1,0,0,"",2,7,"gowdh101","?","gowdh101","?","wheer101","?","wheer101","?","ofarb101","keart102","barrb104","fribb101","adams101","millh103","statj101","vogeo101","jackt101","","","S9.1-3","F","F",2,8,20,"T","T",1,"F","F",0,"F","F",0,"F","F",9,"","F","F","",0,0,"N",0,"N",0,"N",1,3,0,0,"","","","","F","F","F","F","F","F","F","F","F","wheer101","","","F","F","F","F","F","","","","",0,0,0,0,0,0,0,0,0,48,"NY1","NY1","CHN",1,"F","F",7,2,0,25,2,"T","F",1,5,"T","T","nehfa101","grohh101","F","F",6,7,47,0,0,0,0,0,0,"ofarb101","","",0,0,0,0,0,0,0,0,0,0,0,0,0,"vogeo101","F","F","F","F",5,5,0,0,2,0,0,0,0,0,F,F,"1924NY1.EVN.regular.event.csv",4275
"NY1192409190","CHN",5,1,1,0,0,"",2,7,"nehfa101","?","nehfa101","?","wheer101","?","wheer101","?","ofarb101","keart102","barrb104","fribb101","adams101","millh103","statj101","vogeo101","gowdh101","","jackt101","43.3-H(UR);1-2","F","F",1,9,2,"T","T",0,"F","F",1,"F","F",1,"F","F",4,"G","F","F","",0,0,"N",0,"N",0,"N",0,2,0,5,"43","","","","F","F","F","F","F","F","F","F","F","wheer101","","wheer101","F","F","F","F","F","","","","",0,3,0,0,4,0,0,0,0,49,"NY1","NY1","CHN",1,"F","F",7,2,0,26,3,"T","F",5,2,"T","T","grohh101","frisf101","F","F",2,8,48,0,0,0,6,7,47,"ofarb101","","ofarb101",0,0,0,0,0,0,0,0,0,0,0,0,1,"barrb104","F","F","F","F",0,5,0,5,1,0,0,0,0,0,F,F,"1924NY1.EVN.regular.event.csv",4276
"NY1192409190","CHN",5,1,2,0,0,"",2,8,"grohh101","?","grohh101","?","wheer101","?","wheer101","?","ofarb101","keart102","barrb104","fribb101","adams101","millh103","statj101","vogeo101","","gowdh101","","S8.2-H(UR);B-2(THH)","F","F",5,1,20,"T","T",1,"F","F",0,"F","F",1,"F","F",8,"","F","F","",0,0,"N",0,"N",0,"N",2,0,5,0,"","","","","F","F","F","F","F","F","F","F","F","","wheer101","","F","F","F","F","F","","","","",0,0,0,0,0,0,0,0,0,50,"NY1","NY1","CHN",1,"F","F",8,2,1,27,4,"T","F",2,2,"T","T","frisf101","younr101","F","F",0,0,0,2,8,48,0,0,0,"","ofarb101","",0,0,0,0,0,0,0,0,0,0,0,0,1,"statj101","F","F","F","F",0,0,5,0,0,0,0,0,0,0,F,F,"1924NY1.EVN.regular.event.csv",4277
"NY1192409190","CHN",5,1,2,0,0,"",2,9,"frisf101","?","frisf101","?","wheer101","?","wheer101","?","ofarb101","keart102","barrb104","fribb101","adams101","millh103","statj101","vogeo101","","grohh101","","43","F","F",4,2,2,"T","T",0,"F","F",1,"F","F",0,"F","F",4,"G","F","F","",0,0,"N",0,"N",0,"N",0,0,2,0,"43","","","","F","F","F","F","F","F","F","F","F","","wheer101","","F","F","F","F","F","","","","",0,3,0,0,4,0,0,0,0,51,"NY1","NY1","CHN",1,"F","T",9,2,2,28,5,"T","F",2,2,"T","T","younr101","kellg101","F","F",0,0,0,5,1,50,0,0,0,"","ofarb101","",0,0,0,0,0,0,0,0,0,0,0,0,0,"barrb104","F","F","F","F",0,0,0,0,0,0,0,0,0,0,F,F,"1924NY1.EVN.regular.event.csv",4278
"NY1192409190","CHN",6,0,0,0,0,"",2,9,"millh103","?","millh103","?","nehfa101","?","nehfa101","?","gowdh101","terrb101","frisf101","grohh101","jackt101","wilsh102","kellg101","younr101","","","","63","T","F",7,4,2,"T","T",0,"F","F",1,"F","F",0,"F","F",6,"G","F","F","",0,0,"N",0,"N",0,"N",0,0,0,0,"63","","","","F","F","F","F","F","F","F","F","F","","","","F","F","F","F","F","","","","",0,3,0,0,6,0,0,0,0,52,"NY1","CHN","NY1",0,"T","F",2,9,0,21,0,"T","F",0,0,"T","T","fribb101","vogeo101","T","T",0,0,0,0,0,0,0,0,0,"","","",0,0,0,0,0,0,0,0,0,0,0,0,0,"jackt101","F","F","F","F",0,0,0,0,0,0,0,0,0,0,F,F,"1924NY1.EVN.regular.event.csv",4279
"NY1192409190","CHN",6,0,1,0,0,"",2,9,"fribb101","?","fribb101","?","nehfa101","?","nehfa101","?","gowdh101","terrb101","frisf101","grohh101","jackt101","wilsh102","kellg101","younr101","","","","W","F","F",5,5,14,"T","F",0,"F","F",0,"F","F",0,"F","F",0,"","F","F","",0,0,"N",0,"N",0,"N",1,0,0,0,"","","","","F","F","F","F","F","F","F","F","F","","","","F","F","F","F","F","","","","",0,0,0,0,0,0,0,0,0,53,"NY1","CHN","NY1",0,"F","F",2,9,0,22,1,"T","F",0,1,"T","T","vogeo101","ofarb101","T","T",0,0,0,0,0,0,0,0,0,"","","",0,0,0,0,0,0,0,0,0,0,0,0,0,"","F","F","F","F",0,0,0,0,0,0,0,0,0,0,F,F,"1924NY1.EVN.regular.event.csv",4280
"NY1192409190","CHN",6,0,1,0,0,"",2,9,"vogeo101","?","vogeo101","?","nehfa101","?","nehfa101","?","gowdh101","terrb101","frisf101","grohh101","jackt101","wilsh102","kellg101","younr101","fribb101","","","54(1)/FO","F","F",9,6,2,"T","T",0,"F","F",1,"F","F",0,"F","F",5,"G","F","F","",0,0,"N",0,"N",0,"N",1,0,0,0,"","54","","","F","F","F","F","F","F","F","F","F","nehfa101","","","F","F","F","F","F","","","","",0,4,0,0,5,0,0,0,0,54,"NY1","CHN","NY1",0,"F","F",2,9,0,23,2,"T","F",1,1,"T","T","ofarb101","keart102","T","T",5,5,53,0,0,0,0,0,0,"gowdh101","","",0,0,0,0,0,0,0,0,0,0,0,0,0,"grohh101","T","F","F","F",0,0,0,0,0,0,0,0,0,0,F,F,"1924NY1.EVN.regular.event.csv",4281
"NY1192409190","CHN",6,0,2,0,0,"",2,9,"ofarb101","?","ofarb101","?","nehfa101","?","nehfa101","?","gowdh101","terrb101","frisf101","grohh101","jackt101","wilsh102","kellg101","younr101","vogeo101","","","43","F","F",2,7,2,"T","T",0,"F","F",1,"F","F",0,"F","F",4,"G","F","F","",0,0,"N",0,"N",0,"N",0,1,0,0,"43","","","","F","F","F","F","F","F","F","F","F","nehfa101","","","F","F","F","F","F","","","","",0,3,0,0,4,0,0,0,0,55,"NY1","CHN","NY1",0,"F","T",2,9,0,24,3,"T","F",1,1,"T","T","keart102","wheer101","T","T",9,6,54,0,0,0,0,0,0,"gowdh101","","",0,0,0,0,0,0,0,0,0,0,0,0,0,"frisf101","F","F","F","F",0,0,0,0,0,0,0,0,0,0,F,F,"1924NY1.EVN.regular.event.csv",4282
"NY1192409190","CHN",6,1,0,0,0,"",2,9,"younr101","?","younr101","?","wheer101","?","wheer101","?","ofarb101","keart102","barrb104","fribb101","adams101","millh103","statj101","vogeo101","","","","W","T","F",9,3,14,"T","F",0,"F","F",0,"F","F",0,"F","F",0,"","F","F","",0,0,"N",0,"N",0,"N",1,0,0,0,"","","","","F","F","F","F","F","F","F","F","F","","","","F","F","F","F","F","","","","",0,0,0,0,0,0,0,0,0,56,"NY1","NY1","CHN",1,"T","F",9,2,0,29,0,"T","F",0,1,"T","T","kellg101","terrb101","F","F",0,0,0,0,0,0,0,0,0,"","","",0,0,0,0,0,0,0,0,0,0,0,0,0,"","F","F","F","F",0,0,0,0,0,0,0,0,0,0,F,F,"1924NY1.EVN.regular.event.csv",4283
"NY1192409190","CHN",6,1,0,0,0,"",2,9,"kellg101","?","kellg101","?","wheer101","?","wheer101","?","ofarb101","keart102","barrb104","fribb101","adams101","millh103","statj101","vogeo101","younr101","","","64(1)3/GDP","F","F",8,4,2,"T","T",0,"F","F",2,"T","F",0,"F","F",6,"G","F","F","",0,0,"N",0,"N",0,"N",0,0,0,0,"43","64","","","F","F","F","F","F","F","F","F","F","wheer101","","","F","F","F","F","F","","","","",0,4,3,0,6,4,0,0,0,57,"NY1","NY1","CHN",1,"F","F",9,2,0,30,1,"T","F",1,0,"T","T","terrb101","wilsh102","F","F",9,3,56,0,0,0,0,0,0,"ofarb101","","",0,0,0,0,0,0,0,0,0,0,0,0,0,"adams101","T","F","F","F",0,0,0,0,0,0,0,0,0,0,F,F,"1924NY1.EVN.regular.event.csv",4284
"NY1192409190","CHN",6,1,2,0,0,"",2,9,"terrb101","?","terrb101","?","wheer101","?","wheer101","?","ofarb101","keart102","barrb104","fribb101","adams101","millh103","statj101","vogeo101","","","","2/FL","F","F",3,5,2,"T","T",0,"F","F",1,"F","F",0,"F","F",2,"F","F","T","",0,0,"N",0,"N",0,"N",0,0,0,0,"2","","","","F","F","F","F","F","F","F","F","F","","","","F","F","F","F","F","","","","",0,2,0,0,0,0,0,0,0,58,"NY1","NY1","CHN",1,"F","T",9,2,0,31,2,"T","F",0,0,"T","T","wilsh102","jackt101","F","F",0,0,0,0,0,0,0,0,0,"","","",0,0,0,0,0,0,0,0,0,0,0,0,0,"ofarb101","F","F","F","F",0,0,0,0,0,0,0,0,0,0,F,F,"1924NY1.EVN.regular.event.csv",4285
"NY1192409190","CHN",7,0,0,0,0,"",2,9,"keart102","?","keart102","?","nehfa101","?","nehfa101","?","gowdh101","terrb101","frisf101","grohh101","jackt101","wilsh102","kellg101","younr101","","","","4/P34D","T","F",3,8,2,"T","T",0,"F","F",1,"F","F",0,"F","F",4,"P","F","F","34D",0,0,"N",0,"N",0,"N",0,0,0,0,"4","","","","F","F","F","F","F","F","F","F","F","","","","F","F","F","F","F","","","","",0,4,0,0,0,0,0,0,0,59,"NY1","CHN","NY1",0,"T","F",2,9,0,25,0,"T","F",0,0,"T","T","wheer101","adams101","T","T",0,0,0,0,0,0,0,0,0,"","","",0,0,0,0,0,0,0,0,0,0,0,0,0,"frisf101","F","F","F","F",0,0,0,0,0,0,0,0,0,0,F,F,"1924NY1.EVN.regular.event.csv",4286
"NY1192409190","CHN",7,0,1,0,0,"",2,9,"wheer101","?","wheer101","?","nehfa101","?","nehfa101","?","gowdh101","terrb101","frisf101","grohh101","jackt101","wilsh102","kellg101","younr101","","","","K","F","F",1,9,3,"T","T",0,"F","F",1,"F","F",0,"F","F",0,"","F","F","",0,0,"N",0,"N",0,"N",0,0,0,0,"2","","","","F","F","F","F","F","F","F","F","F","","","","F","F","F","F","F","","","","",0,2,0,0,0,0,0,0,0,60,"NY1","CHN","NY1",0,"F","F",2,9,0,26,1,"T","F",0,0,"F","F","adams101","statj101","T","T",0,0,0,0,0,0,0,0,0,"","","",0,0,0,0,0,0,0,0,0,0,0,0,0,"","F","F","F","F",0,0,0,0,0,0,0,0,0,0,F,F,"1924NY1.EVN.regular.event.csv",4287
"NY1192409190","CHN",7,0,2,0,0,"",2,9,"adams101","?","adams101","?","nehfa101","?","nehfa101","?","gowdh101","terrb101","frisf101","grohh101","jackt101","wilsh102","kellg101","younr101","","","","K/C","F","F",6,1,3,"T","T",0,"F","F",1,"F","F",0,"F","F",0,"","F","F","",0,0,"N",0,"N",0,"N",0,0,0,0,"2","","","","F","F","F","F","F","F","F","F","F","","","","F","F","F","F","F","","","","",0,2,0,0,0,0,0,0,0,61,"NY1","CHN","NY1",0,"F","T",2,9,0,27,2,"T","F",0,0,"T","T","statj101","barrb104","T","T",0,0,0,0,0,0,0,0,0,"","","",0,0,0,0,0,0,0,0,0,0,0,0,0,"","F","F","F","F",0,0,0,0,0,0,0,0,0,0,F,F,"1924NY1.EVN.regular.event.csv",4288
"NY1192409190","CHN",7,1,0,0,0,"",2,9,"wilsh102","?","wilsh102","?","wheer101","?","wheer101","?","ofarb101","keart102","barrb104","fribb101","adams101","millh103","statj101","vogeo101","","","","HR8/L8S/IPHR","T","F",7,6,23,"T","T",4,"F","F",0,"F","F",1,"F","F",8,"L","F","F","8S",0,0,"N",0,"N",0,"N",4,0,0,0,"","","","","F","F","F","F","F","F","F","F","F","","","","F","F","F","F","F","","","","",0,0,0,0,0,0,0,0,0,62,"NY1","NY1","CHN",1,"T","F",9,2,0,32,0,"T","F",0,0,"T","T","jackt101","gowdh101","F","F",0,0,0,0,0,0,0,0,0,"","","",0,0,0,0,0,0,0,0,0,0,0,0,1,"statj101","F","F","F","F",4,0,0,0,0,0,0,0,0,0,F,F,"1924NY1.EVN.regular.event.csv",4289
"NY1192409190","CHN",7,1,0,0,0,"",2,10,"jackt101","?","jackt101","?","wheer101","?","wheer101","?","ofarb101","keart102","barrb104","fribb101","adams101","millh103","statj101","vogeo101","","","","8/F","F","F",6,7,2,"T","T",0,"F","F",1,"F","F",0,"F","F",8,"F","F","F","",0,0,"N",0,"N",0,"N",0,0,0,0,"8","","","","F","F","F","F","F","F","F","F","F","","","","F","F","F","F","F","","","","",0,8,0,0,0,0,0,0,0,63,"NY1","NY1","CHN",1,"F","F",10,2,1,33,1,"T","F",0,0,"T","T","gowdh101","nehfa101","F","F",0,0,0,0,0,0,0,0,0,"","","",0,0,0,0,0,0,0,0,0,0,0,0,0,"statj101","F","F","F","F",0,0,0,0,0,0,0,0,0,0,F,F,"1924NY1.EVN.regular.event.csv",4290
"NY1192409190","CHN",7,1,1,0,0,"",2,10,"gowdh101","?","gowdh101","?","wheer101","?","wheer101","?","ofarb101","keart102","barrb104","fribb101","adams101","millh103","statj101","vogeo101","","","","8/F","F","F",2,8,2,"T","T",0,"F","F",1,"F","F",0,"F","F",8,"F","F","F","",0,0,"N",0,"N",0,"N",0,0,0,0,"8","","","","F","F","F","F","F","F","F","F","F","","","","F","F","F","F","F","","","","",0,8,0,0,0,0,0,0,0,64,"NY1","NY1","CHN",1,"F","F",10,2,1,34,2,"T","F",0,0,"T","T","nehfa101","grohh101","F","F",0,0,0,0,0,0,0,0,0,"","","",0,0,0,0,0,0,0,0,0,0,0,0,0,"statj101","F","F","F","F",0,0,0,0,0,0,0,0,0,0,F,F,"1924NY1.EVN.regular.event.csv",4291
"NY1192409190","CHN",7,1,2,0,0,"",2,10,"nehfa101","?","nehfa101","?","wheer101","?","wheer101","?","ofarb101","keart102","barrb104","fribb101","adams101","millh103","statj101","vogeo101","","","","2/FL","F","F",1,9,2,"T","T",0,"F","F",1,"F","F",0,"F","F",2,"F","F","T","",0,0,"N",0,"N",0,"N",0,0,0,0,"2","","","","F","F","F","F","F","F","F","F","F","","","","F","F","F","F","F","","","","",0,2,0,0,0,0,0,0,0,65,"NY1","NY1","CHN",1,"F","T",10,2,1,35,3,"T","F",0,0,"T","T","grohh101","frisf101","F","F",0,0,0,0,0,0,0,0,0,"","","",0,0,0,0,0,0,0,0,0,0,0,0,0,"ofarb101","F","F","F","F",0,0,0,0,0,0,0,0,0,0,F,F,"1924NY1.EVN.regular.event.csv",4292
"NY1192409190","CHN",8,0,0,0,0,"",2,10,"statj101","?","statj101","?","nehfa101","?","nehfa101","?","gowdh101","terrb101","frisf101","grohh101","jackt101","wilsh102","kellg101","soutb101","","","","D9","T","F",8,2,21,"T","T",2,"F","F",0,"F","F",0,"F","F",9,"","F","F","",0,0,"N",0,"N",0,"N",2,0,0,0,"","","","","F","F","F","F","F","F","F","F","F","","","","F","F","F","F","F","","","","",0,0,0,0,0,0,0,0,0,66,"NY1","CHN","NY1",0,"T","F",2,10,0,28,0,"T","F",0,2,"T","T","barrb104","millh103","T","T",0,0,0,0,0,0,0,0,0,"","","",0,0,0,0,0,0,0,0,0,0,0,0,0,"soutb101","F","F","F","F",4,0,0,0,2,0,0,0,0,0,F,F,"1924NY1.EVN.regular.event.csv",4293
"NY1192409190","CHN",8,0,0,0,0,"",2,10,"barrb104","?","barrb104","?","nehfa101","?","nehfa101","?","gowdh101","terrb101","frisf101","grohh101","jackt101","wilsh102","kellg101","soutb101","","statj101","","K","F","F",4,3,3,"T","T",0,"F","F",1,"F","F",0,"F","F",0,"","F","F","",0,0,"N",0,"N",0,"N",0,0,2,0,"2","","","","F","F","F","F","F","F","F","F","F","","nehfa101","","F","F","F","F","F","","","","",0,2,0,0,0,0,0,0,0,67,"NY1","CHN","NY1",0,"F","F",2,10,0,29,1,"T","F",2,2,"T","T","millh103","fribb101","T","T",0,0,0,8,2,66,0,0,0,"","gowdh101","",0,0,0,0,0,0,0,0,0,0,0,0,0,"","F","F","F","F",0,0,4,0,2,0,0,0,0,0,F,F,"1924NY1.EVN.regular.event.csv",4294
"NY1192409190","CHN",8,0,1,0,0,"",2,10,"millh103","?","millh103","?","nehfa101","?","nehfa101","?","gowdh101","terrb101","frisf101","grohh101","jackt101","wilsh102","kellg101","soutb101","","statj101","","HR/F7D.2-H","F","F",7,4,23,"T","T",4,"F","F",0,"F","F",2,"F","F",0,"F","F","F","7D",0,0,"N",0,"N",0,"N",4,0,4,0,"","","","","F","F","F","F","F","F","F","F","F","","nehfa101","","F","F","F","F","F","","","","",0,0,0,0,0,0,0,0,0,68,"NY1","CHN","NY1",0,"F","F",2,10,0,30,2,"T","F",2,0,"T","T","fribb101","vogeo101","T","T",0,0,0,8,2,66,0,0,0,"","gowdh101","",0,0,0,0,0,0,0,0,0,0,0,0,2,"","F","F","F","F",4,0,4,0,0,0,0,0,0,0,F,F,"1924NY1.EVN.regular.event.csv",4295
"NY1192409190","CHN",8,0,1,0,0,"",4,10,"fribb101","?","fribb101","?","nehfa101","?","nehfa101","?","gowdh101","terrb101","frisf101","grohh101","jackt101","wilsh102","kellg101","soutb101","","","","53","F","F",5,5,2,"T","T",0,"F","F",1,"F","F",0,"F","F",5,"G","F","F","",0,0,"N",0,"N",0,"N",0,0,0,0,"53","","","","F","F","F","F","F","F","F","F","F","","","","F","F","F","F","F","","","","",0,3,0,0,5,0,0,0,0,69,"NY1","CHN","NY1",0,"F","F",4,10,2,31,3,"T","F",0,0,"T","T","vogeo101","ofarb101","T","T",0,0,0,0,0,0,0,0,0,"","","",0,0,0,0,0,0,0,0,0,0,0,0,0,"grohh101","F","F","F","F",0,0,0,0,0,0,0,0,0,0,F,F,"1924NY1.EVN.regular.event.csv",4296
"NY1192409190","CHN",8,0,2,0,0,"",4,10,"vogeo101","?","vogeo101","?","nehfa101","?","nehfa101","?","gowdh101","terrb101","frisf101","grohh101","jackt101","wilsh102","kellg101","soutb101","","","","S8","F","F",9,6,20,"T","T",1,"F","F",0,"F","F",0,"F","F",8,"","F","F","",0,0,"N",0,"N",0,"N",1,0,0,0,"","","","","F","F","F","F","F","F","F","F","F","","","","F","F","F","F","F","","","","",0,0,0,0,0,0,0,0,0,70,"NY1","CHN","NY1",0,"F","F",4,10,2,32,4,"T","F",0,1,"T","T","ofarb101","keart102","T","T",0,0,0,0,0,0,0,0,0,"","","",0,0,0,0,0,0,0,0,0,0,0,0,0,"kellg101","F","F","F","F",0,0,0,0,0,0,0,0,0,0,F,F,"1924NY1.EVN.regular.event.csv",4297
"NY1192409190","CHN",8,0,2,0,0,"",4,10,"ofarb101","?","ofarb101","?","nehfa101","?","nehfa101","?","gowdh101","terrb101","frisf101","grohh101","jackt101","wilsh102","kellg101","soutb101","vogeo101","","","53","F","F",2,7,2,"T","T",0,"F","F",1,"F","F",0,"F","F",5,"G","F","F","",0,0,"N",0,"N",0,"N",0,1,0,0,"53","","","","F","F","F","F","F","F","F","F","F","nehfa101","","","F","F","F","F","F","","","","",0,3,0,0,5,0,0,0,0,71,"NY1","CHN","NY1",0,"F","T",4,10,2,33,5,"T","F",1,1,"T","T","keart102","wheer101","T","T",9,6,70,0,0,0,0,0,0,"gowdh101","","",0,0,0,0,0,0,0,0,0,0,0,0,0,"grohh101","F","F","F","F",0,0,0,0,0,0,0,0,0,0,F,F,"1924NY1.EVN.regular.event.csv",4298
"NY1192409190","CHN",8,1,0,0,0,"",4,10,"grohh101","?","grohh101","?","wheer101","?","wheer101","?","ofarb101","keart102","barrb104","fribb101","adams101","millh103","statj101","vogeo101","","","","S7/5L.BX2(74)","T","F",5,1,20,"T","T",1,"F","F",1,"F","F",0,"F","F",7,"","F","F","5L",0,0,"N",0,"N",0,"N",0,0,0,0,"74","","","","F","F","F","F","F","F","F","F","F","","","","F","F","F","F","F","","","","",0,4,0,0,7,0,0,0,0,72,"NY1","NY1","CHN",1,"T","F",10,4,0,36,0,"T","F",0,0,"T","T","frisf101","soutb101","F","F",0,0,0,0,0,0,0,0,0,"","","",0,0,0,0,0,0,0,0,0,0,0,0,0,"millh103","F","F","F","F",0,0,0,0,0,0,0,0,0,0,F,F,"1924NY1.EVN.regular.event.csv",4299
"NY1192409190","CHN",8,1,1,0,0,"",4,10,"frisf101","?","frisf101","?","wheer101","?","wheer101","?","ofarb101","keart102","barrb104","fribb101","adams101","millh103","statj101","vogeo101","","","","5/FL","F","F",4,2,2,"T","T",0,"F","F",1,"F","F",0,"F","F",5,"F","F","T","",0,0,"N",0,"N",0,"N",0,0,0,0,"5","","","","F","F","F","F","F","F","F","F","F","","","","F","F","F","F","F","","","","",0,5,0,0,0,0,0,0,0,73,"NY1","NY1","CHN",1,"F","F",10,4,0,37,1,"T","F",0,0,"T","T","soutb101","kellg101","F","F",0,0,0,0,0,0,0,0,0,"","","",0,0,0,0,0,0,0,0,0,0,0,0,0,"fribb101","F","F","F","F",0,0,0,0,0,0,0,0,0,0,F,F,"1924NY1.EVN.regular.event.csv",4300
"NY1192409190","CHN",8,1,2,0,0,"",4,10,"soutb101","?","soutb101","?","wheer101","?","wheer101","?","ofarb101","keart102","barrb104","fribb101","adams101","millh103","statj101","vogeo101","","","","2/P","F","F",9,3,2,"T","T",0,"F","F",1,"F","F",0,"F","F",2,"P","F","F","",0,0,"N",0,"N",0,"N",0,0,0,0,"2","","","","F","F","F","F","F","F","F","F","F","","","","F","F","F","F","F","","","","",0,2,0,0,0,0,0,0,0,74,"NY1","NY1","CHN",1,"F","T",10,4,0,38,2,"T","F",0,0,"F","F","kellg101","terrb101","F","F",0,0,0,0,0,0,0,0,0,"","","",0,0,0,0,0,0,0,0,0,0,0,0,0,"ofarb101","F","F","F","F",0,0,0,0,0,0,0,0,0,0,F,F,"1924NY1.EVN.regular.event.csv",4301
"NY1192409190","CHN",9,0,0,0,0,"",4,10,"keart102","?","keart102","?","nehfa101","?","nehfa101","?","gowdh101","terrb101","lindf101","frisf101","jackt101","wilsh102","kellg101","soutb101","","","","K/C","T","F",3,8,3,"T","T",0,"F","F",1,"F","F",0,"F","F",0,"","F","F","",0,0,"N",0,"N",0,"N",0,0,0,0,"2","","","","F","F","F","F","F","F","F","F","F","","","","F","F","F","F","F","","","","",0,2,0,0,0,0,0,0,0,75,"NY1","CHN","NY1",0,"T","F",4,10,0,34,0,"T","F",0,0,"T","T","wheer101","adams101","T","T",0,0,0,0,0,0,0,0,0,"","","",0,0,0,0,0,0,0,0,0,0,0,0,0,"","F","F","F","F",0,0,0,0,0,0,0,0,0,0,F,F,"1924NY1.EVN.regular.event.csv",4302
"NY1192409190","CHN",9,0,1,0,0,"",4,10,"churj101","?","churj101","?","nehfa101","?","nehfa101","?","gowdh101","terrb101","lindf101","frisf101","jackt101","wilsh102","kellg101","soutb101","","","","53","F","T",11,9,2,"T","T",0,"F","F",1,"F","F",0,"F","F",5,"G","F","F","",0,0,"N",0,"N",0,"N",0,0,0,0,"53","","","","F","F","F","F","F","F","F","F","F","","","","F","F","F","F","F","","","","wheer101",1,3,0,0,5,0,0,0,0,76,"NY1","CHN","NY1",0,"F","F",4,10,0,35,1,"T","F",0,0,"F","F","adams101","statj101","T","T",0,0,0,0,0,0,0,0,0,"","","",0,0,0,0,0,0,0,0,0,0,0,0,0,"frisf101","F","F","F","F",0,0,0,0,0,0,0,0,0,0,F,F,"1924NY1.EVN.regular.event.csv",4303
"NY1192409190","CHN",9,0,2,0,0,"",4,10,"adams101","?","adams101","?","nehfa101","?","nehfa101","?","gowdh101","terrb101","lindf101","frisf101","jackt101","wilsh102","kellg101","soutb101","","","","T/89","F","F",6,1,22,"T","T",3,"F","F",0,"F","F",0,"F","F",0,"","F","F","89",0,0,"N",0,"N",0,"N",3,0,0,0,"","","","","F","F","F","F","F","F","F","F","F","","","","F","F","F","F","F","","","","",0,0,0,0,0,0,0,0,0,77,"NY1","CHN","NY1",0,"F","F",4,10,0,36,2,"T","F",0,4,"T","T","statj101","barrb104","T","T",0,0,0,0,0,0,0,0,0,"","","",0,0,0,0,0,0,0,0,0,0,0,0,0,"","F","F","F","F",3,0,0,0,0,0,0,0,0,0,F,F,"1924NY1.EVN.regular.event.csv",4304
"NY1192409190","CHN",9,0,2,0,0,"",4,10,"statj101","?","statj101","?","nehfa101","?","nehfa101","?","gowdh101","terrb101","lindf101","frisf101","jackt101","wilsh102","kellg101","soutb101","","","adams101","9/F","F","F",8,2,2,"T","T",0,"F","F",1,"F","F",0,"F","F",9,"F","F","F","",0,0,"N",0,"N",0,"N",0,0,0,3,"9","","","","F","F","F","F","F","F","F","F","F","","","nehfa101","F","T","F","F","F","","","","",0,9,0,0,0,0,0,0,0,78,"NY1","CHN","NY1",0,"F","T",4,10,0,37,3,"T","F",4,4,"T","T","barrb104","millh103","T","T",0,0,0,0,0,0,6,1,77,"","","gowdh101",0,0,0,0,0,0,0,0,0,0,0,0,0,"soutb101","F","F","F","F",0,0,0,3,0,0,0,0,0,0,F,F,"1924NY1.EVN.regular.event.csv",4305
"NY1192409200","CHN",1,0,0,0,0,"",0,0,"adams101","?","adams101","?","barnv101","?","barnv101","?","gowdh101","terrb101","frisf101","lindf101","jackt101","wilsh102","kellg101","younr101","","","","13","T","F",6,1,2,"T","T",0,"F","F",1,"F","F",0,"F","F",1,"G","F","F","",0,0,"N",0,"N",0,"N",0,0,0,0,"13","","","","F","F","F","F","F","F","F","F","F","","","","T","F","F","F","F","","","","",0,3,0,0,1,0,0,0,0,1,"NY1","CHN","NY1",0,"T","F",0,0,0,0,0,"T","F",0,0,"T","T","heatc101","grang102","T","T",0,0,0,0,0,0,0,0,0,"","","",0,0,0,0,0,0,0,0,0,0,0,0,0,"barnv101","F","F","F","F",0,0,0,0,0,0,0,0,0,0,F,F,"1924NY1.EVN.regular.event.csv",4306
"NY1192409200","CHN",1,0,1,0,0,"",0,0,"heatc101","?","heatc101","?","barnv101","?","barnv101","?","gowdh101","terrb101","frisf101","lindf101","jackt101","wilsh102","kellg101","younr101","","","","63","F","F",8,2,2,"T","T",0,"F","F",1,"F","F",0,"F","F",6,"G","F","F","",0,0,"N",0,"N",0,"N",0,0,0,0,"63","","","","F","F","F","F","F","F","F","F","F","","","","F","F","F","F","F","","","","",0,3,0,0,6,0,0,0,0,2,"NY1","CHN","NY1",0,"F","F",0,0,0,1,1,"T","F",0,0,"T","T","grang102","fitzh101","T","T",0,0,0,0,0,0,0,0,0,"","","",0,0,0,0,0,0,0,0,0,0,0,0,0,"jackt101","F","F","F","F",0,0,0,0,0,0,0,0,0,0,F,F,"1924NY1.EVN.regular.event.csv",4307
"NY1192409200","CHN",1,0,2,0,0,"",0,0,"grang102","?","grang102","?","barnv101","?","barnv101","?","gowdh101","terrb101","frisf101","lindf101","jackt101","wilsh102","kellg101","younr101","","","","7/L","F","F",4,3,2,"T","T",0,"F","F",1,"F","F",0,"F","F",7,"L","F","F","",0,0,"N",0,"N",0,"N",0,0,0,0,"7","","","","F","F","F","F","F","F","F","F","F","","","","F","F","F","F","F","","","","",0,7,0,0,0,0,0,0,0,3,"NY1","CHN","NY1",0,"F","T",0,0,0,2,2,"T","F",0,0,"T","T","fitzh101","fribb101","T","T",0,0,0,0,0,0,0,0,0,"","","",0,0,0,0,0,0,0,0,0,0,0,0,0,"wilsh102","F","F","F","F",0,0,0,0,0,0,0,0,0,0,F,F,"1924NY1.EVN.regular.event.csv",4308
"NY1192409200","CHN",1,1,0,0,0,"",0,0,"lindf101","?","lindf101","?","alexg102","?","alexg102","?","hartg103","cotth101","grang102","fribb101","adams101","grigd101","heatc101","fitzh101","","","","13","T","F",5,1,2,"T","T",0,"F","F",1,"F","F",0,"F","F",1,"G","F","F","",0,0,"N",0,"N",0,"N",0,0,0,0,"13","","","","F","F","F","F","F","F","F","F","F","","","","F","F","F","F","F","","","","",0,3,0,0,1,0,0,0,0,4,"NY1","NY1","CHN",1,"T","F",0,0,0,0,0,"T","F",0,0,"T","T","frisf101","younr101","T","T",0,0,0,0,0,0,0,0,0,"","","",0,0,0,0,0,0,0,0,0,0,0,0,0,"alexg102","F","F","F","F",0,0,0,0,0,0,0,0,0,0,F,F,"1924NY1.EVN.regular.event.csv",4309
"NY1192409200","CHN",1,1,1,0,0,"",0,0,"frisf101","?","frisf101","?","alexg102","?","alexg102","?","hartg103","cotth101","grang102","fribb101","adams101","grigd101","heatc101","fitzh101","","","","63","F","F",4,2,2,"T","T",0,"F","F",1,"F","F",0,"F","F",6,"G","F","F","",0,0,"N",0,"N",0,"N",0,0,0,0,"63","","","","F","F","F","F","F","F","F","F","F","","","","F","F","F","F","F","","","","",0,3,0,0,6,0,0,0,0,5,"NY1","NY1","CHN",1,"F","F",0,0,0,1,1,"T","F",0,0,"T","T","younr101","kellg101","T","T",0,0,0,0,0,0,0,0,0,"","","",0,0,0,0,0,0,0,0,0,0,0,0,0,"adams101","F","F","F","F",0,0,0,0,0,0,0,0,0,0,F,F,"1924NY1.EVN.regular.event.csv",4310
"NY1192409200","CHN",1,1,2,0,0,"",0,0,"younr101","?","younr101","?","alexg102","?","alexg102","?","hartg103","cotth101","grang102","fribb101","adams101","grigd101","heatc101","fitzh101","","","","S3/G","F","F",9,3,20,"T","T",1,"F","F",0,"F","F",0,"F","F",3,"G","F","F","",0,0,"N",0,"N",0,"N",1,0,0,0,"","","","","F","F","F","F","F","F","F","F","F","","","","F","F","F","F","F","","","","",0,0,0,0,0,0,0,0,0,6,"NY1","NY1","CHN",1,"F","F",0,0,0,2,2,"T","F",0,1,"T","T","kellg101","terrb101","T","T",0,0,0,0,0,0,0,0,0,"","","",0,0,0,0,0,0,0,0,0,0,0,0,0,"cotth101","F","F","F","F",0,0,0,0,0,0,0,0,0,0,F,F,"1924NY1.EVN.regular.event.csv",4311
"NY1192409200","CHN",1,1,2,0,0,"",0,0,"kellg101","?","kellg101","?","alexg102","?","alexg102","?","hartg103","cotth101","grang102","fribb101","adams101","grigd101","heatc101","fitzh101","younr101","","","63","F","F",8,4,2,"T","T",0,"F","F",1,"F","F",0,"F","F",6,"G","F","F","",0,0,"N",0,"N",0,"N",0,1,0,0,"63","","","","F","F","F","F","F","F","F","F","F","alexg102","","","F","F","F","F","F","","","","",0,3,0,0,6,0,0,0,0,7,"NY1","NY1","CHN",1,"F","T",0,0,0,3,3,"T","F",1,1,"T","T","terrb101","wilsh102","T","T",9,3,6,0,0,0,0,0,0,"hartg103","","",0,0,0,0,0,0,0,0,0,0,0,0,0,"adams101","F","F","F","F",0,0,0,0,0,0,0,0,0,0,F,F,"1924NY1.EVN.regular.event.csv",4312
"NY1192409200","CHN",2,0,0,0,0,"",0,0,"fitzh101","?","fitzh101","?","barnv101","?","barnv101","?","gowdh101","terrb101","frisf101","lindf101","jackt101","wilsh102","kellg101","younr101","","","","63/G6MS","T","F",9,4,2,"T","T",0,"F","F",1,"F","F",0,"F","F",6,"G","F","F","6MS",0,0,"N",0,"N",0,"N",0,0,0,0,"63","","","","F","F","F","F","F","F","F","F","F","","","","F","F","F","F","F","","","","",0,3,0,0,6,0,0,0,0,8,"NY1","CHN","NY1",0,"T","F",0,0,0,3,0,"T","F",0,0,"T","T","fribb101","grigd101","T","T",0,0,0,0,0,0,0,0,0,"","","",0,0,0,0,0,0,0,0,0,0,0,0,0,"jackt101","F","F","F","F",0,0,0,0,1,0,0,0,0,0,F,F,"1924NY1.EVN.regular.event.csv",4313
"NY1192409200","CHN",2,0,1,0,0,"",0,0,"fribb101","?","fribb101","?","barnv101","?","barnv101","?","gowdh101","terrb101","frisf101","lindf101","jackt101","wilsh102","kellg101","younr101","","","","S7","F","F",5,5,20,"T","T",1,"F","F",0,"F","F",0,"F","F",7,"","F","F","",0,0,"N",0,"N",0,"N",1,0,0,0,"","","","","F","F","F","F","F","F","F","F","F","","","","F","F","F","F","F","","","","",0,0,0,0,0,0,0,0,0,9,"NY1","CHN","NY1",0,"F","F",0,0,0,4,1,"T","F",0,1,"T","T","grigd101","hartg103","T","T",0,0,0,0,0,0,0,0,0,"","","",0,0,0,0,0,0,0,0,0,0,0,0,0,"wilsh102","F","F","F","F",0,0,0,0,1,0,0,0,0,0,F,F,"1924NY1.EVN.regular.event.csv",4314
"NY1192409200","CHN",2,0,1,0,0,"",0,0,"grigd101","?","grigd101","?","barnv101","?","barnv101","?","gowdh101","terrb101","frisf101","lindf101","jackt101","wilsh102","kellg101","younr101","fribb101","","","36(1)/FO","F","F",7,6,2,"T","T",0,"F","F",1,"F","F",0,"F","F",3,"G","F","F","",0,0,"N",0,"N",0,"N",1,0,0,0,"","36","","","F","F","F","F","F","F","F","F","F","barnv101","","","F","F","F","F","F","","","","",0,6,0,0,3,0,0,0,0,10,"NY1","CHN","NY1",0,"F","F",0,0,0,5,2,"T","F",1,1,"T","T","hartg103","cotth101","T","T",5,5,9,0,0,0,0,0,0,"gowdh101","","",0,0,0,0,0,0,0,0,0,0,0,0,0,"terrb101","T","F","F","F",4,0,0,0,1,0,0,0,0,0,F,F,"1924NY1.EVN.regular.event.csv",4315
"NY1192409200","CHN",2,0,2,0,0,"",0,0,"hartg103","?","hartg103","?","barnv101","?","barnv101","?","gowdh101","terrb101","frisf101","lindf101","jackt101","wilsh102","kellg101","younr101","grigd101","","","T9/89D.1-H","F","F",2,7,22,"T","T",3,"F","F",0,"F","F",1,"F","F",9,"","F","F","89D",0,0,"N",0,"N",0,"N",3,4,0,0,"","","","","F","F","F","F","F","F","F","F","F","barnv101","","","F","F","F","F","F","","","","",0,0,0,0,0,0,0,0,0,11,"NY1","CHN","NY1",0,"F","F",0,0,0,6,3,"T","F",1,4,"T","T","cotth101","alexg102","T","T",7,6,10,0,0,0,0,0,0,"gowdh101","","",0,0,0,0,0,0,0,0,0,0,0,0,1,"younr101","F","F","F","F",0,4,0,0,0,0,0,0,0,0,F,F,"1924NY1.EVN.regular.event.csv",4316
"NY1192409200","CHN",2,0,2,0,0,"",1,0,"cotth101","?","cotth101","?","barnv101","?","barnv101","?","gowdh101","terrb101","frisf101","lindf101","jackt101","wilsh102","kellg101","younr101","","","hartg103","63","F","F",3,8,2,"T","T",0,"F","F",1,"F","F",0,"F","F",6,"G","F","F","",0,0,"N",0,"N",0,"N",0,0,0,3,"63","","","","F","F","F","F","F","F","F","F","F","","","barnv101","F","F","F","F","F","","","","",0,3,0,0,6,0,0,0,0,12,"NY1","CHN","NY1",0,"F","T",1,0,1,7,4,"T","F",4,4,"T","T","alexg102","adams101","T","T",0,0,0,0,0,0,2,7,11,"","","gowdh101",0,0,0,0,0,0,0,0,0,0,0,0,0,"jackt101","F","F","F","F",0,0,0,0,0,0,0,0,0,0,F,F,"1924NY1.EVN.regular.event.csv",4317
"NY1192409200","CHN",2,1,0,0,0,"",1,0,"terrb101","?","terrb101","?","alexg102","?","alexg102","?","hartg103","cotth101","grang102","fribb101","adams101","grigd101","heatc101","fitzh101","","","","43#","T","F",3,5,2,"T","T",0,"F","F",1,"F","F",0,"F","F",4,"G","F","F","",0,0,"N",0,"N",0,"N",0,0,0,0,"43","","","","F","F","F","F","F","F","F","F","F","","","","F","F","F","F","F","","","","",0,3,0,0,4,0,0,0,0,13,"NY1","NY1","CHN",1,"T","F",0,1,0,4,0,"T","F",0,0,"T","T","wilsh102","jackt101","T","T",0,0,0,0,0,0,0,0,0,"","","",0,0,0,0,0,0,0,0,0,0,0,0,0,"grang102","F","F","F","F",0,0,0,0,0,0,0,0,0,0,F,T,"1924NY1.EVN.regular.event.csv",4318
"NY1192409200","CHN",2,1,1,0,0,"",1,0,"wilsh102","?","wilsh102","?","alexg102","?","alexg102","?","hartg103","cotth101","grang102","fribb101","adams101","grigd101","heatc101","fitzh101","","","","63","F","F",7,6,2,"T","T",0,"F","F",1,"F","F",0,"F","F",6,"G","F","F","",0,0,"N",0,"N",0,"N",0,0,0,0,"63","","","","F","F","F","F","F","F","F","F","F","","","","F","F","F","F","F","","","","",0,3,0,0,6,0,0,0,0,14,"NY1","NY1","CHN",1,"F","F",0,1,0,5,1,"T","F",0,0,"T","T","jackt101","gowdh101","T","T",0,0,0,0,0,0,0,0,0,"","","",0,0,0,0,0,0,0,0,0,0,0,0,0,"adams101","F","F","F","F",0,0,0,0,0,0,0,0,0,0,F,F,"1924NY1.EVN.regular.event.csv",4319
"NY1192409200","CHN",2,1,2,0,0,"",1,0,"jackt101","?","jackt101","?","alexg102","?","alexg102","?","hartg103","cotth101","grang102","fribb101","adams101","grigd101","heatc101","fitzh101","","","","S5/BG.B-2(E5/TH1)","F","F",6,7,20,"T","T",1,"F","F",0,"F","F",0,"F","F",5,"G","T","F","",1,5,"T",0,"N",0,"N",2,0,0,0,"","","","","F","F","F","F","F","F","F","F","F","","","","F","F","F","F","F","","","","",0,0,0,0,0,0,0,0,0,15,"NY1","NY1","CHN",1,"F","F",0,1,0,6,2,"T","F",0,2,"T","T","gowdh101","barnv101","T","T",0,0,0,0,0,0,0,0,0,"","","",0,0,0,0,0,0,0,0,0,0,0,0,0,"fribb101","F","F","F","F",0,0,0,0,0,0,0,0,0,0,F,F,"1924NY1.EVN.regular.event.csv",4320
"NY1192409200","CHN",2,1,2,0,0,"",1,0,"gowdh101","?","gowdh101","?","alexg102","?","alexg102","?","hartg103","cotth101","grang102","fribb101","adams101","grigd101","heatc101","fitzh101","","jackt101","","53","F","F",2,8,2,"T","T",0,"F","F",1,"F","F",0,"F","F",5,"G","F","F","",0,0,"N",0,"N",0,"N",0,0,2,0,"53","","","","F","F","F","F","F","F","F","F","F","","alexg102","","F","F","F","F","F","","","","",0,3,0,0,5,0,0,0,0,16,"NY1","NY1","CHN",1,"F","T",0,1,0,7,3,"T","F",2,2,"T","T","barnv101","lindf101","T","T",0,0,0,6,7,15,0,0,0,"","hartg103","",0,0,0,0,0,0,0,0,0,0,0,0,0,"fribb101","F","F","F","F",0,0,0,0,0,0,0,0,0,0,F,F,"1924NY1.EVN.regular.event.csv",4321
"NY1192409200","CHN",3,0,0,0,0,"",1,0,"alexg102","?","alexg102","?","barnv101","?","barnv101","?","gowdh101","terrb101","frisf101","lindf101","jackt101","wilsh102","kellg101","younr101","","","","63","T","F",1,9,2,"T","T",0,"F","F",1,"F","F",0,"F","F",6,"G","F","F","",0,0,"N",0,"N",0,"N",0,0,0,0,"63","","","","F","F","F","F","F","F","F","F","F","","","","F","F","F","F","F","","","","",0,3,0,0,6,0,0,0,0,17,"NY1","CHN","NY1",0,"T","F",1,0,0,8,0,"T","F",0,0,"T","T","adams101","heatc101","T","T",0,0,0,0,0,0,0,0,0,"","","",0,0,0,0,0,0,0,0,0,0,0,0,0,"jackt101","F","F","F","F",0,0,0,0,0,0,0,0,0,0,F,F,"1924NY1.EVN.regular.event.csv",4322
"NY1192409200","CHN",3,0,1,0,0,"",1,0,"adams101","?","adams101","?","barnv101","?","barnv101","?","gowdh101","terrb101","frisf101","lindf101","jackt101","wilsh102","kellg101","younr101","","","","13","F","F",6,1,2,"T","T",0,"F","F",1,"F","F",0,"F","F",1,"G","F","F","",0,0,"N",0,"N",0,"N",0,0,0,0,"13","","","","F","F","F","F","F","F","F","F","F","","","","F","F","F","F","F","","","","",0,3,0,0,1,0,0,0,0,18,"NY1","CHN","NY1",0,"F","F",1,0,0,9,1,"T","F",0,0,"T","T","heatc101","grang102","T","T",0,0,0,0,0,0,0,0,0,"","","",0,0,0,0,0,0,0,0,0,0,0,0,0,"barnv101","F","F","F","F",0,0,0,0,0,0,0,0,0,0,F,F,"1924NY1.EVN.regular.event.csv",4323
"NY1192409200","CHN",3,0,2,0,0,"",1,0,"heatc101","?","heatc101","?","barnv101","?","barnv101","?","gowdh101","terrb101","frisf101","lindf101","jackt101","wilsh102","kellg101","younr101","","","","W","F","F",8,2,14,"T","F",0,"F","F",0,"F","F",0,"F","F",0,"","F","F","",0,0,"N",0,"N",0,"N",1,0,0,0,"","","","","F","F","F","F","F","F","F","F","F","","","","F","F","F","F","F","","","","",0,0,0,0,0,0,0,0,0,19,"NY1","CHN","NY1",0,"F","F",1,0,0,10,2,"T","F",0,1,"T","T","grang102","fitzh101","T","T",0,0,0,0,0,0,0,0,0,"","","",0,0,0,0,0,0,0,0,0,0,0,0,0,"","F","F","F","F",0,0,0,0,0,0,0,0,0,0,F,F,"1924NY1.EVN.regular.event.csv",4324
"NY1192409200","CHN",3,0,2,0,0,"",1,0,"grang102","?","grang102","?","barnv101","?","barnv101","?","gowdh101","terrb101","frisf101","lindf101","jackt101","wilsh102","kellg101","younr101","heatc101","","","CS2(24)","F","F",4,3,6,"F","F",0,"F","F",1,"F","F",0,"F","F",0,"","F","F","",0,0,"N",0,"N",0,"N",0,0,0,0,"","24","","","F","F","F","T","F","F","F","F","F","barnv101","","","F","F","F","F","F","","","","",0,4,0,0,2,0,0,0,0,20,"NY1","CHN","NY1",0,"F","T",1,0,0,11,3,"T","T",1,0,"T","T","fitzh101","fribb101","T","T",8,2,19,0,0,0,0,0,0,"gowdh101","","",0,0,0,0,0,0,0,0,0,0,0,0,0,"","F","F","F","F",0,0,0,0,0,0,0,0,0,0,F,F,"1924NY1.EVN.regular.event.csv",4325
"NY1192409200","CHN",3,1,0,0,0,"",1,0,"barnv101","?","barnv101","?","alexg102","?","alexg102","?","hartg103","cotth101","grang102","fribb101","adams101","grigd101","heatc101","fitzh101","","","","8/F","T","F",1,9,2,"T","T",0,"F","F",1,"F","F",0,"F","F",8,"F","F","F","",0,0,"N",0,"N",0,"N",0,0,0,0,"8","","","","F","F","F","F","F","F","F","F","F","","","","F","F","F","F","F","","","","",0,8,0,0,0,0,0,0,0,21,"NY1","NY1","CHN",1,"T","F",0,1,0,8,0,"T","F",0,0,"T","T","lindf101","frisf101","T","T",0,0,0,0,0,0,0,0,0,"","","",0,0,0,0,0,0,0,0,0,0,0,0,0,"heatc101","F","F","F","F",0,0,0,0,1,0,0,0,0,0,F,F,"1924NY1.EVN.regular.event.csv",4326
"NY1192409200","CHN",3,1,1,0,0,"",1,0,"lindf101","?","lindf101","?","alexg102","?","alexg102","?","hartg103","cotth101","grang102","fribb101","adams101","grigd101","heatc101","fitzh101","","","","8/F","F","F",5,1,2,"T","T",0,"F","F",1,"F","F",0,"F","F",8,"F","F","F","",0,0,"N",0,"N",0,"N",0,0,0,0,"8","","","","F","F","F","F","F","F","F","F","F","","","","F","F","F","F","F","","","","",0,8,0,0,0,0,0,0,0,22,"NY1","NY1","CHN",1,"F","F",0,1,0,9,1,"T","F",0,0,"T","T","frisf101","younr101","T","T",0,0,0,0,0,0,0,0,0,"","","",0,0,0,0,0,0,0,0,0,0,0,0,0,"heatc101","F","F","F","F",0,0,0,0,1,0,0,0,0,0,F,F,"1924NY1.EVN.regular.event.csv",4327
"NY1192409200","CHN",3,1,2,0,0,"",1,0,"frisf101","?","frisf101","?","alexg102","?","alexg102","?","hartg103","cotth101","grang102","fribb101","adams101","grigd101","heatc101","fitzh101","","","","S9","F","F",4,2,20,"T","T",1,"F","F",0,"F","F",0,"F","F",9,"","F","F","",0,0,"N",0,"N",0,"N",1,0,0,0,"","","","","F","F","F","F","F","F","F","F","F","","","","F","F","F","F","F","","","","",0,0,0,0,0,0,0,0,0,23,"NY1","NY1","CHN",1,"F","F",0,1,0,10,2,"T","F",0,1,"T","T","younr101","kellg101","T","T",0,0,0,0,0,0,0,0,0,"","","",0,0,0,0,0,0,0,0,0,0,0,0,0,"fitzh101","F","F","F","F",4,0,0,0,1,0,0,0,0,0,F,F,"1924NY1.EVN.regular.event.csv",4328
"NY1192409200","CHN",3,1,2,0,0,"",1,0,"younr101","?","younr101","?","alexg102","?","alexg102","?","hartg103","cotth101","grang102","fribb101","adams101","grigd101","heatc101","fitzh101","frisf101","","","S4/G4S.1-2","F","F",9,3,20,"T","T",1,"F","F",0,"F","F",0,"F","F",4,"G","F","F","4S",0,0,"N",0,"N",0,"N",1,2,0,0,"","","","","F","F","F","F","F","F","F","F","F","alexg102","","","F","F","F","F","F","","","","",0,0,0,0,0,0,0,0,0,24,"NY1","NY1","CHN",1,"F","F",0,1,0,11,3,"T","F",1,3,"T","T","kellg101","terrb101","T","T",4,2,23,0,0,0,0,0,0,"hartg103","","",0,0,0,0,0,0,0,0,0,0,0,0,0,"grang102","F","F","F","F",0,4,0,0,1,0,0,0,0,0,F,F,"1924NY1.EVN.regular.event.csv",4329
"NY1192409200","CHN",3,1,2,0,0,"",1,0,"kellg101","?","kellg101","?","alexg102","?","alexg102","?","hartg103","cotth101","grang102","fribb101","adams101","grigd101","heatc101","fitzh101","younr101","frisf101","","S8.2-H;1-2","F","F",8,4,20,"T","T",1,"F","F",0,"F","F",1,"F","F",8,"","F","F","",0,0,"N",0,"N",0,"N",1,2,4,0,"","","","","F","F","F","F","F","F","F","F","F","alexg102","alexg102","","F","F","F","F","F","","","","",0,0,0,0,0,0,0,0,0,25,"NY1","NY1","CHN",1,"F","F",0,1,0,12,4,"T","F",3,3,"T","T","terrb101","wilsh102","T","T",9,3,24,4,2,23,0,0,0,"hartg103","hartg103","",0,0,0,0,0,0,0,0,0,0,0,0,1,"heatc101","F","F","F","F",0,0,4,0,0,0,0,0,0,0,F,F,"1924NY1.EVN.regular.event.csv",4330
"NY1192409200","CHN",3,1,2,0,0,"",1,1,"terrb101","?","terrb101","?","alexg102","?","alexg102","?","hartg103","cotth101","grang102","fribb101","adams101","grigd101","heatc101","fitzh101","kellg101","younr101","","9/F9DW","F","F",3,5,2,"T","T",0,"F","F",1,"F","F",0,"F","F",9,"F","F","F","9DW",0,0,"N",0,"N",0,"N",0,1,2,0,"9","","","","F","F","F","F","F","F","F","F","F","alexg102","alexg102","","F","F","F","F","F","","","","",0,9,0,0,0,0,0,0,0,26,"NY1","NY1","CHN",1,"F","T",1,1,1,13,5,"T","F",3,3,"T","T","wilsh102","jackt101","T","T",8,4,25,9,3,24,0,0,0,"hartg103","hartg103","",0,0,0,0,0,0,0,0,0,0,0,0,0,"fitzh101","F","F","F","F",0,0,0,0,0,0,0,0,0,0,F,F,"1924NY1.EVN.regular.event.csv",4331
"NY1192409200","CHN",4,0,0,0,0,"",1,1,"grang102","?","grang102","?","barnv101","?","barnv101","?","gowdh101","terrb101","frisf101","lindf101","jackt101","wilsh102","kellg101","younr101","","","","8/L","T","F",4,3,2,"T","T",0,"F","F",1,"F","F",0,"F","F",8,"L","F","F","",0,0,"N",0,"N",0,"N",0,0,0,0,"8","","","","F","F","F","F","F","F","F","F","F","","","","F","F","F","F","F","","","","",0,8,0,0,0,0,0,0,0,27,"NY1","CHN","NY1",0,"T","F",1,1,0,11,0,"T","F",0,0,"T","T","fitzh101","fribb101","T","T",0,0,0,0,0,0,0,0,0,"","","",0,0,0,0,0,0,0,0,0,0,0,0,0,"kellg101","F","F","F","F",0,0,0,0,0,0,0,0,0,0,F,F,"1924NY1.EVN.regular.event.csv",4332
"NY1192409200","CHN",4,0,1,0,0,"",1,1,"fitzh101","?","fitzh101","?","barnv101","?","barnv101","?","gowdh101","terrb101","frisf101","lindf101","jackt101","wilsh102","kellg101","younr101","","","","7/L","F","F",9,4,2,"T","T",0,"F","F",1,"F","F",0,"F","F",7,"L","F","F","",0,0,"N",0,"N",0,"N",0,0,0,0,"7","","","","F","F","F","F","F","F","F","F","F","","","","F","F","F","F","F","","","","",0,7,0,0,0,0,0,0,0,28,"NY1","CHN","NY1",0,"F","F",1,1,0,12,1,"T","F",0,0,"T","T","fribb101","grigd101","T","T",0,0,0,0,0,0,0,0,0,"","","",0,0,0,0,0,0,0,0,0,0,0,0,0,"wilsh102","F","F","F","F",0,0,0,0,0,0,0,0,0,0,F,F,"1924NY1.EVN.regular.event.csv",4333
"NY1192409200","CHN",4,0,2,0,0,"",1,1,"fribb101","?","fribb101","?","barnv101","?","barnv101","?","gowdh101","terrb101","frisf101","lindf101","jackt101","wilsh102","kellg101","younr101","","","","S/G1","F","F",5,5,20,"T","T",1,"F","F",0,"F","F",0,"F","F",0,"G","F","F","1",0,0,"N",0,"N",0,"N",1,0,0,0,"","","","","F","F","F","F","F","F","F","F","F","","","","F","F","F","F","F","","","","",0,0,0,0,0,0,0,0,0,29,"NY1","CHN","NY1",0,"F","F",1,1,0,13,2,"T","F",0,1,"T","T","grigd101","hartg103","T","T",0,0,0,0,0,0,0,0,0,"","","",0,0,0,0,0,0,0,0,0,0,0,0,0,"","F","F","F","F",0,0,0,0,0,0,0,0,0,0,F,F,"1924NY1.EVN.regular.event.csv",4334
"NY1192409200","CHN",4,0,2,0,0,"",1,1,"grigd101","?","grigd101","?","barnv101","?","barnv101","?","gowdh101","terrb101","frisf101","lindf101","jackt101","wilsh102","kellg101","younr101","fribb101","","","6/L","F","F",7,6,2,"T","T",0,"F","F",1,"F","F",0,"F","F",6,"L","F","F","",0,0,"N",0,"N",0,"N",0,1,0,0,"6","","","","F","F","F","F","F","F","F","F","F","barnv101","","","F","F","F","F","F","","","","",0,6,0,0,0,0,0,0,0,30,"NY1","CHN","NY1",0,"F","T",1,1,0,14,3,"T","F",1,1,"T","T","hartg103","cotth101","T","T",5,5,29,0,0,0,0,0,0,"gowdh101","","",0,0,0,0,0,0,0,0,0,0,0,0,0,"jackt101","F","F","F","F",0,0,0,0,0,0,0,0,0,0,F,F,"1924NY1.EVN.regular.event.csv",4335
"NY1192409200","CHN",4,1,0,0,0,"",1,1,"wilsh102","?","wilsh102","?","alexg102","?","alexg102","?","hartg103","cotth101","grang102","fribb101","adams101","grigd101","heatc101","fitzh101","","","","13","T","F",7,6,2,"T","T",0,"F","F",1,"F","F",0,"F","F",1,"G","F","F","",0,0,"N",0,"N",0,"N",0,0,0,0,"13","","","","F","F","F","F","F","F","F","F","F","","","","F","F","F","F","F","","","","",0,3,0,0,1,0,0,0,0,31,"NY1","NY1","CHN",1,"T","F",1,1,0,14,0,"T","F",0,0,"T","T","jackt101","gowdh101","T","T",0,0,0,0,0,0,0,0,0,"","","",0,0,0,0,0,0,0,0,0,0,0,0,0,"alexg102","F","F","F","F",0,0,0,0,0,0,0,0,0,0,F,F,"1924NY1.EVN.regular.event.csv",4336
"NY1192409200","CHN",4,1,1,0,0,"",1,1,"jackt101","?","jackt101","?","alexg102","?","alexg102","?","hartg103","cotth101","grang102","fribb101","adams101","grigd101","heatc101","fitzh101","","","","S7","F","F",6,7,20,"T","T",1,"F","F",0,"F","F",0,"F","F",7,"","F","F","",0,0,"N",0,"N",0,"N",1,0,0,0,"","","","","F","F","F","F","F","F","F","F","F","","","","F","F","F","F","F","","","","",0,0,0,0,0,0,0,0,0,32,"NY1","NY1","CHN",1,"F","F",1,1,0,15,1,"T","F",0,1,"T","T","gowdh101","barnv101","T","T",0,0,0,0,0,0,0,0,0,"","","",0,0,0,0,0,0,0,0,0,0,0,0,0,"grigd101","F","F","F","F",0,0,0,0,0,0,0,0,0,0,F,F,"1924NY1.EVN.regular.event.csv",4337
"NY1192409200","CHN",4,1,1,0,0,"",1,1,"gowdh101","?","gowdh101","?","alexg102","?","alexg102","?","hartg103","cotth101","grang102","fribb101","adams101","grigd101","heatc101","fitzh101","jackt101","","","13.1-2","F","F",2,8,2,"T","T",0,"F","F",1,"F","F",0,"F","F",1,"G","F","F","",0,0,"N",0,"N",0,"N",0,2,0,0,"13","","","","F","F","F","F","F","F","F","F","F","alexg102","","","F","F","F","F","F","","","","",0,3,0,0,1,0,0,0,0,33,"NY1","NY1","CHN",1,"F","F",1,1,0,16,2,"T","F",1,2,"T","T","barnv101","lindf101","T","T",6,7,32,0,0,0,0,0,0,"hartg103","","",0,0,0,0,0,0,0,0,0,0,0,0,0,"alexg102","F","F","F","F",0,0,0,0,0,0,0,0,0,0,F,F,"1924NY1.EVN.regular.event.csv",4338
"NY1192409200","CHN",4,1,2,0,0,"",1,1,"barnv101","?","barnv101","?","alexg102","?","alexg102","?","hartg103","cotth101","grang102","fribb101","adams101","grigd101","heatc101","fitzh101","","jackt101","","K","F","F",1,9,3,"T","T",0,"F","F",1,"F","F",0,"F","F",0,"","F","F","",0,0,"N",0,"N",0,"N",0,0,2,0,"2","","","","F","F","F","F","F","F","F","F","F","","alexg102","","F","F","F","F","F","","","","",0,2,0,0,0,0,0,0,0,34,"NY1","NY1","CHN",1,"F","T",1,1,0,17,3,"T","F",2,2,"T","T","lindf101","frisf101","T","T",0,0,0,6,7,32,0,0,0,"","hartg103","",0,0,0,0,0,0,0,0,0,0,0,0,0,"","F","F","F","F",0,0,0,0,0,0,0,0,0,0,F,F,"1924NY1.EVN.regular.event.csv",4339
"NY1192409200","CHN",5,0,0,0,0,"",1,1,"hartg103","?","hartg103","?","barnv101","?","barnv101","?","gowdh101","terrb101","frisf101","lindf101","jackt101","wilsh102","kellg101","younr101","","","","S8","T","F",2,7,20,"T","T",1,"F","F",0,"F","F",0,"F","F",8,"","F","F","",0,0,"N",0,"N",0,"N",1,0,0,0,"","","","","F","F","F","F","F","F","F","F","F","","","","F","F","F","F","F","","","","",0,0,0,0,0,0,0,0,0,35,"NY1","CHN","NY1",0,"T","F",1,1,0,15,0,"T","F",0,1,"T","T","cotth101","alexg102","T","T",0,0,0,0,0,0,0,0,0,"","","",0,0,0,0,0,0,0,0,0,0,0,0,0,"kellg101","F","F","F","F",0,0,0,0,0,0,0,0,0,0,F,F,"1924NY1.EVN.regular.event.csv",4340
"NY1192409200","CHN",5,0,0,0,0,"",1,1,"cotth101","?","cotth101","?","barnv101","?","barnv101","?","gowdh101","terrb101","frisf101","lindf101","jackt101","wilsh102","kellg101","younr101","hartg103","","","7/F","F","F",3,8,2,"T","T",0,"F","F",1,"F","F",0,"F","F",7,"F","F","F","",0,0,"N",0,"N",0,"N",0,1,0,0,"7","","","","F","F","F","F","F","F","F","F","F","barnv101","","","F","F","F","F","F","","","","",0,7,0,0,0,0,0,0,0,36,"NY1","CHN","NY1",0,"F","F",1,1,0,16,1,"T","F",1,1,"T","T","alexg102","adams101","T","T",2,7,35,0,0,0,0,0,0,"gowdh101","","",0,0,0,0,0,0,0,0,0,0,0,0,0,"wilsh102","F","F","F","F",0,0,0,0,0,0,0,0,0,0,F,F,"1924NY1.EVN.regular.event.csv",4341
"NY1192409200","CHN",5,0,1,0,0,"",1,1,"alexg102","?","alexg102","?","barnv101","?","barnv101","?","gowdh101","terrb101","frisf101","lindf101","jackt101","wilsh102","kellg101","younr101","hartg103","","","64(1)3/GDP","F","F",1,9,2,"T","T",0,"F","F",2,"T","F",0,"F","F",6,"G","F","F","",0,0,"N",0,"N",0,"N",0,0,0,0,"43","64","","","F","F","F","F","F","F","F","F","F","barnv101","","","F","F","F","F","F","","","","",0,4,3,0,6,4,0,0,0,37,"NY1","CHN","NY1",0,"F","T",1,1,0,17,2,"T","F",1,0,"T","T","adams101","heatc101","T","T",2,7,35,0,0,0,0,0,0,"gowdh101","","",0,0,0,0,0,0,0,0,0,0,0,0,0,"jackt101","T","F","F","F",0,0,0,0,0,0,0,0,0,0,F,F,"1924NY1.EVN.regular.event.csv",4342
"NY1192409200","CHN",5,1,0,0,0,"",1,1,"lindf101","?","lindf101","?","alexg102","?","alexg102","?","hartg103","cotth101","grang102","fribb101","adams101","grigd101","heatc101","fitzh101","","","","S7","T","F",5,1,20,"T","T",1,"F","F",0,"F","F",0,"F","F",7,"","F","F","",0,0,"N",0,"N",0,"N",1,0,0,0,"","","","","F","F","F","F","F","F","F","F","F","","","","F","F","F","F","F","","","","",0,0,0,0,0,0,0,0,0,38,"NY1","NY1","CHN",1,"T","F",1,1,0,18,0,"T","F",0,1,"T","T","frisf101","younr101","T","T",0,0,0,0,0,0,0,0,0,"","","",0,0,0,0,0,0,0,0,0,0,0,0,0,"grigd101","F","F","F","F",0,0,0,0,0,0,0,0,0,0,F,F,"1924NY1.EVN.regular.event.csv",4343
"NY1192409200","CHN",5,1,0,0,0,"",1,1,"frisf101","?","frisf101","?","alexg102","?","alexg102","?","hartg103","cotth101","grang102","fribb101","adams101","grigd101","heatc101","fitzh101","lindf101","","","64(1)/FO","F","F",4,2,2,"T","T",0,"F","F",1,"F","F",0,"F","F",6,"G","F","F","",0,0,"N",0,"N",0,"N",1,0,0,0,"","64","","","F","F","F","F","F","F","F","F","F","alexg102","","","F","F","F","F","F","","","","",0,4,0,0,6,0,0,0,0,39,"NY1","NY1","CHN",1,"F","F",1,1,0,19,1,"T","F",1,1,"T","T","younr101","kellg101","T","T",5,1,38,0,0,0,0,0,0,"hartg103","","",0,0,0,0,0,0,0,0,0,0,0,0,0,"adams101","T","F","F","F",0,0,0,0,0,0,0,0,0,0,F,F,"1924NY1.EVN.regular.event.csv",4344
"NY1192409200","CHN",5,1,1,0,0,"X",1,1,"younr101","?","younr101","?","alexg102","?","alexg102","?","hartg103","cotth101","grang102","fribb101","adams101","grigd101","heatc101","fitzh101","frisf101","","","S9.1-3","F","F",9,3,20,"T","T",1,"F","F",0,"F","F",0,"F","F",9,"","F","F","",0,0,"N",0,"N",0,"N",1,3,0,0,"","","","","F","F","F","F","F","F","F","F","F","alexg102","","","F","F","F","F","F","","","","",0,0,0,0,0,0,0,0,0,40,"NY1","NY1","CHN",1,"F","F",1,1,0,20,2,"T","F",1,5,"T","T","kellg101","terrb101","T","T",4,2,39,0,0,0,0,0,0,"hartg103","","",0,0,0,0,0,0,1,0,0,0,1,0,0,"fitzh101","F","F","F","F",0,0,0,0,0,0,0,0,0,0,F,F,"1924NY1.EVN.regular.event.csv",4345
"NY1192409200","CHN",5,1,1,0,0,"",1,1,"kellg101","?","kellg101","?","alexg102","?","alexg102","?","hartg103","cotth101","grang102","fribb101","adams101","grigd101","heatc101","fitzh101","younr101","","frisf101","64(1)3/GDP","F","F",8,4,2,"T","T",0,"F","F",2,"T","F",0,"F","F",6,"G","F","F","",0,0,"N",0,"N",0,"N",0,0,0,3,"43","64","","","F","F","F","F","F","F","F","F","F","alexg102","","alexg102","F","F","F","F","F","","","","",0,4,3,0,6,4,0,0,0,41,"NY1","NY1","CHN",1,"F","T",1,1,0,21,3,"T","F",5,4,"T","T","terrb101","wilsh102","T","T",9,3,40,0,0,0,4,2,39,"hartg103","","hartg103",0,0,0,0,0,0,0,0,0,0,0,0,0,"adams101","T","F","F","F",0,0,0,0,0,0,0,0,0,0,F,F,"1924NY1.EVN.regular.event.csv",4346
"NY1192409200","CHN",6,0,0,0,0,"",1,1,"adams101","?","adams101","?","barnv101","?","barnv101","?","gowdh101","terrb101","frisf101","lindf101","jackt101","wilsh102","kellg101","younr101","","","","S8/G46","T","F",6,1,20,"T","T",1,"F","F",0,"F","F",0,"F","F",8,"G","F","F","46",0,0,"N",0,"N",0,"N",1,0,0,0,"","","","","F","F","F","F","F","F","F","F","F","","","","F","F","F","F","F","","","","",0,0,0,0,0,0,0,0,0,42,"NY1","CHN","NY1",0,"T","F",1,1,0,18,0,"T","F",0,1,"T","T","heatc101","grang102","T","T",0,0,0,0,0,0,0,0,0,"","","",0,0,0,0,0,0,0,0,0,0,0,0,0,"kellg101","F","F","F","F",4,0,0,0,1,0,0,0,0,0,F,F,"1924NY1.EVN.regular.event.csv",4347
"NY1192409200","CHN",6,0,0,0,0,"",1,1,"heatc101","?","heatc101","?","barnv101","?","barnv101","?","gowdh101","terrb101","frisf101","lindf101","jackt101","wilsh102","kellg101","younr101","adams101","","","13/SH.1-2","F","F",8,2,2,"T","F",0,"T","F",1,"F","F",0,"F","F",1,"G","T","F","",0,0,"N",0,"N",0,"N",0,2,0,0,"13","","","","F","F","F","F","F","F","F","F","F","barnv101","","","F","F","F","F","F","","","","",0,3,0,0,1,0,0,0,0,43,"NY1","CHN","NY1",0,"F","F",1,1,0,19,1,"T","F",1,2,"T","T","grang102","fitzh101","T","T",6,1,42,0,0,0,0,0,0,"gowdh101","","",0,0,0,0,0,0,0,0,0,0,0,0,0,"barnv101","F","F","F","F",0,4,0,0,1,0,0,0,0,0,F,F,"1924NY1.EVN.regular.event.csv",4348
"NY1192409200","CHN",6,0,1,0,0,"",1,1,"grang102","?","grang102","?","barnv101","?","barnv101","?","gowdh101","terrb101","frisf101","lindf101","jackt101","wilsh102","kellg101","younr101","","adams101","","S8.2-H;B-3(E8)","F","F",4,3,20,"T","T",1,"F","F",0,"F","F",1,"F","F",8,"","F","F","",1,8,"F",0,"N",0,"N",3,0,4,0,"","","","","F","F","F","F","F","F","F","F","F","","barnv101","","F","F","F","F","F","","","","",0,0,0,0,0,0,0,0,0,44,"NY1","CHN","NY1",0,"F","F",1,1,0,20,2,"T","F",2,4,"T","T","fitzh101","fribb101","T","T",0,0,0,6,1,42,0,0,0,"","gowdh101","",0,0,0,0,0,0,0,0,0,0,0,0,1,"kellg101","F","F","F","F",0,0,4,0,0,0,0,0,0,0,F,F,"1924NY1.EVN.regular.event.csv",4349
"NY1192409200","CHN",6,0,1,0,0,"",2,1,"fitzh101","?","fitzh101","?","barnv101","?","barnv101","?","gowdh101","terrb101","frisf101","lindf101","jackt101","wilsh102","kellg101","younr101","","","grang102","FC6.3XH(62)","F","F",9,4,19,"T","T",0,"F","F",1,"F","F",0,"F","F",6,"G","F","F","",0,0,"N",0,"N",0,"N",1,0,0,0,"","","","62","F","F","F","F","F","F","F","F","F","","","barnv101","F","F","F","F","F","","","","",0,2,0,0,6,0,0,0,0,45,"NY1","CHN","NY1",0,"F","F",2,1,1,21,3,"T","F",4,1,"T","T","fribb101","grigd101","T","T",0,0,0,0,0,0,4,3,44,"","","gowdh101",0,0,0,0,0,0,0,0,0,0,0,0,0,"jackt101","F","F","F","F",0,0,0,0,0,0,0,0,0,0,F,F,"1924NY1.EVN.regular.event.csv",4350
"NY1192409200","CHN",6,0,2,0,0,"",2,1,"fribb101","?","fribb101","?","barnv101","?","barnv101","?","gowdh101","terrb101","frisf101","lindf101","jackt101","wilsh102","kellg101","younr101","fitzh101","","","43","F","F",5,5,2,"T","T",0,"F","F",1,"F","F",0,"F","F",4,"G","F","F","",0,0,"N",0,"N",0,"N",0,1,0,0,"43","","","","F","F","F","F","F","F","F","F","F","barnv101","","","F","F","F","F","F","","","","",0,3,0,0,4,0,0,0,0,46,"NY1","CHN","NY1",0,"F","T",2,1,1,22,4,"T","F",1,1,"T","T","grigd101","hartg103","T","T",9,4,45,0,0,0,0,0,0,"gowdh101","","",0,0,0,0,0,0,0,0,0,0,0,0,0,"frisf101","F","F","F","F",0,0,0,0,0,0,0,0,0,0,F,F,"1924NY1.EVN.regular.event.csv",4351
"NY1192409200","CHN",6,1,0,0,0,"",2,1,"terrb101","?","terrb101","?","alexg102","?","alexg102","?","hartg103","cotth101","grang102","fribb101","adams101","grigd101","heatc101","fitzh101","","","","7/F56D","T","F",3,5,2,"T","T",0,"F","F",1,"F","F",0,"F","F",7,"F","F","F","56D",0,0,"N",0,"N",0,"N",0,0,0,0,"7","","","","F","F","F","F","F","F","F","F","F","","","","F","F","F","F","F","","","","",0,7,0,0,0,0,0,0,0,47,"NY1","NY1","CHN",1,"T","F",1,2,0,22,0,"T","F",0,0,"T","T","wilsh102","jackt101","T","T",0,0,0,0,0,0,0,0,0,"","","",0,0,0,0,0,0,0,0,0,0,0,0,0,"grigd101","F","F","F","F",0,0,0,0,0,0,0,0,0,0,F,F,"1924NY1.EVN.regular.event.csv",4352
"NY1192409200","CHN",6,1,1,0,0,"",2,1,"wilsh102","?","wilsh102","?","alexg102","?","alexg102","?","hartg103","cotth101","grang102","fribb101","adams101","grigd101","heatc101","fitzh101","","","","43","F","F",7,6,2,"T","T",0,"F","F",1,"F","F",0,"F","F",4,"G","F","F","",0,0,"N",0,"N",0,"N",0,0,0,0,"43","","","","F","F","F","F","F","F","F","F","F","","","","F","F","F","F","F","","","","",0,3,0,0,4,0,0,0,0,48,"NY1","NY1","CHN",1,"F","F",1,2,0,23,1,"T","F",0,0,"T","T","jackt101","gowdh101","T","T",0,0,0,0,0,0,0,0,0,"","","",0,0,0,0,0,0,0,0,0,0,0,0,0,"grang102","F","F","F","F",0,0,0,0,0,0,0,0,0,0,F,F,"1924NY1.EVN.regular.event.csv",4353
"NY1192409200","CHN",6,1,2,0,0,"",2,1,"jackt101","?","jackt101","?","alexg102","?","alexg102","?","hartg103","cotth101","grang102","fribb101","adams101","grigd101","heatc101","fitzh101","","","","S7","F","F",6,7,20,"T","T",1,"F","F",0,"F","F",0,"F","F",7,"","F","F","",0,0,"N",0,"N",0,"N",1,0,0,0,"","","","","F","F","F","F","F","F","F","F","F","","","","F","F","F","F","F","","","","",0,0,0,0,0,0,0,0,0,49,"NY1","NY1","CHN",1,"F","F",1,2,0,24,2,"T","F",0,1,"T","T","gowdh101","barnv101","T","T",0,0,0,0,0,0,0,0,0,"","","",0,0,0,0,0,0,0,0,0,0,0,0,0,"grigd101","F","F","F","F",0,0,0,0,0,0,0,0,0,0,F,F,"1924NY1.EVN.regular.event.csv",4354
"NY1192409200","CHN",6,1,2,0,0,"",2,1,"gowdh101","?","gowdh101","?","alexg102","?","alexg102","?","hartg103","cotth101","grang102","fribb101","adams101","grigd101","heatc101","fitzh101","jackt101","","","64(1)/FO","F","F",2,8,2,"T","T",0,"F","F",1,"F","F",0,"F","F",6,"G","F","F","",0,0,"N",0,"N",0,"N",1,0,0,0,"","64","","","F","F","F","F","F","F","F","F","F","alexg102","","","F","F","F","F","F","","","","",0,4,0,0,6,0,0,0,0,50,"NY1","NY1","CHN",1,"F","T",1,2,0,25,3,"T","F",1,1,"T","T","barnv101","lindf101","T","T",6,7,49,0,0,0,0,0,0,"hartg103","","",0,0,0,0,0,0,0,0,0,0,0,0,0,"adams101","T","F","F","F",0,0,0,0,0,0,0,0,0,0,F,F,"1924NY1.EVN.regular.event.csv",4355
"NY1192409200","CHN",7,0,0,0,0,"",2,1,"grigd101","?","grigd101","?","barnv101","?","barnv101","?","gowdh101","terrb101","frisf101","lindf101","jackt101","wilsh102","kellg101","younr101","","","","S4/G4S","T","F",7,6,20,"T","T",1,"F","F",0,"F","F",0,"F","F",4,"G","F","F","4S",0,0,"N",0,"N",0,"N",1,0,0,0,"","","","","F","F","F","F","F","F","F","F","F","","","","F","F","F","F","F","","","","",0,0,0,0,0,0,0,0,0,51,"NY1","CHN","NY1",0,"T","F",2,1,0,23,0,"T","F",0,1,"T","T","hartg103","cotth101","T","T",0,0,0,0,0,0,0,0,0,"","","",0,0,0,0,0,0,0,0,0,0,0,0,0,"frisf101","F","F","F","F",4,0,0,0,1,0,0,0,0,0,F,F,"1924NY1.EVN.regular.event.csv",4356
"NY1192409200","CHN",7,0,0,0,0,"",2,1,"hartg103","?","hartg103","?","barnv101","?","barnv101","?","gowdh101","terrb101","frisf101","lindf101","jackt101","wilsh102","kellg101","younr101","grigd101","","","S7/5.1-2","F","F",2,7,20,"T","T",1,"F","F",0,"F","F",0,"F","F",7,"","F","F","5",0,0,"N",0,"N",0,"N",1,2,0,0,"","","","","F","F","F","F","F","F","F","F","F","barnv101","","","F","F","F","F","F","","","","",0,0,0,0,0,0,0,0,0,52,"NY1","CHN","NY1",0,"F","F",2,1,0,24,1,"T","F",1,3,"T","T","cotth101","alexg102","T","T",7,6,51,0,0,0,0,0,0,"gowdh101","","",0,0,0,0,0,0,0,0,0,0,0,0,0,"wilsh102","F","F","F","F",0,4,0,0,1,0,0,0,0,0,F,F,"1924NY1.EVN.regular.event.csv",4357
"NY1192409200","CHN",7,0,0,0,0,"",2,1,"cotth101","?","cotth101","?","barnv101","?","barnv101","?","gowdh101","terrb101","frisf101","lindf101","jackt101","wilsh102","kellg101","younr101","hartg103","grigd101","","S1/BG.2-3;1-2","F","F",3,8,20,"T","T",1,"F","F",0,"F","F",0,"F","F",1,"G","T","F","",0,0,"N",0,"N",0,"N",1,2,3,0,"","","","","F","F","F","F","F","F","F","F","F","barnv101","barnv101","","F","F","F","F","F","","","","",0,0,0,0,0,0,0,0,0,53,"NY1","CHN","NY1",0,"F","F",2,1,0,25,2,"T","F",3,7,"T","T","alexg102","adams101","T","T",2,7,52,7,6,51,0,0,0,"gowdh101","gowdh101","",0,0,0,0,0,0,0,0,0,0,0,0,0,"barnv101","F","F","F","F",3,0,4,0,1,0,0,0,0,0,F,F,"1924NY1.EVN.regular.event.csv",4358
"NY1192409200","CHN",7,0,0,0,0,"",2,1,"alexg102","?","alexg102","?","barnv101","?","barnv101","?","gowdh101","terrb101","frisf101","lindf101","jackt101","wilsh102","kellg101","younr101","cotth101","hartg103","grigd101","S5/G5S.3-H;2-3;1-2","F","F",1,9,20,"T","T",1,"F","F",0,"F","F",1,"F","F",5,"G","F","F","5S",0,0,"N",0,"N",0,"N",1,2,3,4,"","","","","F","F","F","F","F","F","F","F","F","barnv101","barnv101","barnv101","F","F","F","F","F","","","","",0,0,0,0,0,0,0,0,0,54,"NY1","CHN","NY1",0,"F","F",2,1,0,26,3,"T","F",7,7,"T","T","adams101","heatc101","T","T",3,8,53,2,7,52,7,6,51,"gowdh101","gowdh101","gowdh101",0,0,0,0,0,0,0,0,0,0,0,0,1,"lindf101","F","F","F","F",2,3,0,4,0,0,0,0,0,0,F,F,"1924NY1.EVN.regular.event.csv",4359
"NY1192409200","CHN",7,0,0,0,0,"",3,1,"adams101","?","adams101","?","barnv101","?","barnv101","?","gowdh101","terrb101","frisf101","lindf101","jackt101","wilsh102","kellg101","younr101","alexg102","cotth101","hartg103","8/F8S","F","F",6,1,2,"T","T",0,"F","F",1,"F","F",0,"F","F",8,"F","F","F","8S",0,0,"N",0,"N",0,"N",0,1,2,3,"8","","","","F","F","F","F","F","F","F","F","F","barnv101","barnv101","barnv101","F","F","F","F","F","","","","",0,8,0,0,0,0,0,0,0,55,"NY1","CHN","NY1",0,"F","F",3,1,1,27,4,"T","F",7,7,"T","T","heatc101","grang102","T","T",1,9,54,3,8,53,2,7,52,"gowdh101","gowdh101","gowdh101",0,0,0,0,0,0,0,0,0,0,0,0,0,"kellg101","F","F","F","F",0,2,3,0,0,0,0,0,0,0,F,F,"1924NY1.EVN.regular.event.csv",4360
"NY1192409200","CHN",7,0,1,0,0,"",3,1,"heatc101","?","heatc101","?","barnv101","?","barnv101","?","gowdh101","terrb101","frisf101","lindf101","jackt101","wilsh102","kellg101","younr101","alexg102","cotth101","hartg103","52(3)/FO.2-3;1-2","F","F",8,2,2,"T","T",0,"F","F",1,"F","F",0,"F","F",5,"G","F","F","",0,0,"N",0,"N",0,"N",1,2,3,0,"","","","52","F","F","F","F","F","F","F","F","F","barnv101","barnv101","barnv101","F","F","F","F","F","","","","",0,2,0,0,5,0,0,0,0,56,"NY1","CHN","NY1",0,"F","F",3,1,1,28,5,"T","F",7,7,"T","T","grang102","fitzh101","T","T",1,9,54,3,8,53,2,7,52,"gowdh101","gowdh101","gowdh101",0,0,0,0,0,0,0,0,0,0,0,0,0,"lindf101","F","F","T","F",1,2,3,0,0,0,0,0,0,0,F,F,"1924NY1.EVN.regular.event.csv",4361
"NY1192409200","CHN",7,0,2,0,0,"",3,1,"grang102","?","grang102","?","barnv101","?","barnv101","?","gowdh101","terrb101","frisf101","lindf101","jackt101","wilsh102","kellg101","younr101","heatc101","alexg102","cotth101","K","F","F",4,3,3,"T","T",0,"F","F",1,"F","F",0,"F","F",0,"","F","F","",0,0,"N",0,"N",0,"N",0,1,2,3,"2","","","","F","F","F","F","F","F","F","F","F","barnv101","barnv101","barnv101","F","F","F","F","F","","","","",0,2,0,0,0,0,0,0,0,57,"NY1","CHN","NY1",0,"F","T",3,1,1,29,6,"T","F",7,7,"T","T","fitzh101","fribb101","T","T",8,2,56,1,9,54,3,8,53,"gowdh101","gowdh101","gowdh101",0,0,0,0,0,0,0,0,0,0,0,0,0,"","F","F","F","F",0,1,2,3,0,0,0,0,0,0,F,F,"1924NY1.EVN.regular.event.csv",4362
"NY1192409200","CHN",7,1,0,0,0,"",3,1,"soutb101","?","soutb101","?","alexg102","?","alexg102","?","hartg103","cotth101","grang102","fribb101","adams101","grigd101","heatc101","fitzh101","","","","K/C","T","T",11,9,3,"T","T",0,"F","F",1,"F","F",0,"F","F",0,"","F","F","",0,0,"N",0,"N",0,"N",0,0,0,0,"2","","","","F","F","F","F","F","F","F","F","F","","","","F","F","F","F","F","","","","barnv101",1,2,0,0,0,0,0,0,0,58,"NY1","NY1","CHN",1,"T","F",1,3,0,26,0,"T","F",0,0,"F","F","lindf101","frisf101","T","T",0,0,0,0,0,0,0,0,0,"","","",0,0,0,0,0,0,0,0,0,0,0,0,0,"","F","F","F","F",0,0,0,0,0,0,0,0,0,0,F,F,"1924NY1.EVN.regular.event.csv",4363
"NY1192409200","CHN",7,1,1,0,0,"",3,1,"lindf101","?","lindf101","?","alexg102","?","alexg102","?","hartg103","cotth101","grang102","fribb101","adams101","grigd101","heatc101","fitzh101","","","","2/FL","F","F",5,1,2,"T","T",0,"F","F",1,"F","F",0,"F","F",2,"F","F","T","",0,0,"N",0,"N",0,"N",0,0,0,0,"2","","","","F","F","F","F","F","F","F","F","F","","","","F","F","F","F","F","","","","",0,2,0,0,0,0,0,0,0,59,"NY1","NY1","CHN",1,"F","F",1,3,0,27,1,"T","F",0,0,"T","T","frisf101","younr101","T","T",0,0,0,0,0,0,0,0,0,"","","",0,0,0,0,0,0,0,0,0,0,0,0,0,"hartg103","F","F","F","F",0,0,0,0,0,0,0,0,0,0,F,F,"1924NY1.EVN.regular.event.csv",4364
"NY1192409200","CHN",7,1,2,0,0,"",3,1,"frisf101","?","frisf101","?","alexg102","?","alexg102","?","hartg103","cotth101","grang102","fribb101","adams101","grigd101","heatc101","fitzh101","","","","S8","F","F",4,2,20,"T","T",1,"F","F",0,"F","F",0,"F","F",8,"","F","F","",0,0,"N",0,"N",0,"N",1,0,0,0,"","","","","F","F","F","F","F","F","F","F","F","","","","F","F","F","F","F","","","","",0,0,0,0,0,0,0,0,0,60,"NY1","NY1","CHN",1,"F","F",1,3,0,28,2,"T","F",0,1,"T","T","younr101","kellg101","T","T",0,0,0,0,0,0,0,0,0,"","","",0,0,0,0,0,0,0,0,0,0,0,0,0,"heatc101","F","F","F","F",1,0,0,0,0,0,0,0,0,0,F,F,"1924NY1.EVN.regular.event.csv",4365
"NY1192409200","CHN",7,1,2,0,0,"",3,1,"younr101","?","younr101","?","alexg102","?","alexg102","?","hartg103","cotth101","grang102","fribb101","adams101","grigd101","heatc101","fitzh101","frisf101","","","63","F","F",9,3,2,"T","T",0,"F","F",1,"F","F",0,"F","F",6,"G","F","F","",0,0,"N",0,"N",0,"N",0,1,0,0,"63","","","","F","F","F","F","F","F","F","F","F","alexg102","","","F","F","F","F","F","","","","",0,3,0,0,6,0,0,0,0,61,"NY1","NY1","CHN",1,"F","T",1,3,0,29,3,"T","F",1,1,"T","T","kellg101","terrb101","T","T",4,2,60,0,0,0,0,0,0,"hartg103","","",0,0,0,0,0,0,0,0,0,0,0,0,0,"adams101","F","F","F","F",0,1,0,0,0,0,0,0,0,0,F,F,"1924NY1.EVN.regular.event.csv",4366
"NY1192409200","CHN",8,0,0,0,0,"",3,1,"fitzh101","?","fitzh101","?","jonnc101","?","jonnc101","?","gowdh101","terrb101","frisf101","lindf101","jackt101","wilsh102","kellg101","younr101","","","","3/FL","T","F",9,4,2,"T","T",0,"F","F",1,"F","F",0,"F","F",3,"F","F","T","",0,0,"N",0,"N",0,"N",0,0,0,0,"3","","","","F","F","F","F","F","F","F","F","F","","","","F","F","F","F","F","","","","",0,3,0,0,0,0,0,0,0,62,"NY1","CHN","NY1",0,"T","F",3,1,0,30,0,"T","F",0,0,"T","T","fribb101","grigd101","F","F",0,0,0,0,0,0,0,0,0,"","","",0,0,0,0,0,0,0,0,0,0,0,0,0,"terrb101","F","F","F","F",0,0,0,0,0,0,0,0,0,0,F,F,"1924NY1.EVN.regular.event.csv",4367
"NY1192409200","CHN",8,0,1,0,0,"",3,1,"fribb101","?","fribb101","?","jonnc101","?","jonnc101","?","gowdh101","terrb101","frisf101","lindf101","jackt101","wilsh102","kellg101","younr101","","","","K/C","F","F",5,5,3,"T","T",0,"F","F",1,"F","F",0,"F","F",0,"","F","F","",0,0,"N",0,"N",0,"N",0,0,0,0,"2","","","","F","F","F","F","F","F","F","F","F","","","","F","F","F","F","F","","","","",0,2,0,0,0,0,0,0,0,63,"NY1","CHN","NY1",0,"F","F",3,1,0,31,1,"T","F",0,0,"T","T","grigd101","hartg103","F","F",0,0,0,0,0,0,0,0,0,"","","",0,0,0,0,0,0,0,0,0,0,0,0,0,"","F","F","F","F",0,0,0,0,0,0,0,0,0,0,F,F,"1924NY1.EVN.regular.event.csv",4368
"NY1192409200","CHN",8,0,2,0,0,"",3,1,"grigd101","?","grigd101","?","jonnc101","?","jonnc101","?","gowdh101","terrb101","frisf101","lindf101","jackt101","wilsh102","kellg101","younr101","","","","43","F","F",7,6,2,"T","T",0,"F","F",1,"F","F",0,"F","F",4,"G","F","F","",0,0,"N",0,"N",0,"N",0,0,0,0,"43","","","","F","F","F","F","F","F","F","F","F","","","","F","F","F","F","F","","","","",0,3,0,0,4,0,0,0,0,64,"NY1","CHN","NY1",0,"F","T",3,1,0,32,2,"T","F",0,0,"T","T","hartg103","cotth101","F","F",0,0,0,0,0,0,0,0,0,"","","",0,0,0,0,0,0,0,0,0,0,0,0,0,"frisf101","F","F","F","F",0,0,0,0,0,0,0,0,0,0,F,F,"1924NY1.EVN.regular.event.csv",4369
"NY1192409200","CHN",8,1,0,0,0,"",3,1,"kellg101","?","kellg101","?","alexg102","?","alexg102","?","hartg103","cotth101","grang102","fribb101","adams101","grigd101","heatc101","fitzh101","","","","S8.B-2(E8)","T","F",8,4,20,"T","T",1,"F","F",0,"F","F",0,"F","F",8,"","F","F","",1,8,"F",0,"N",0,"N",2,0,0,0,"","","","","F","F","F","F","F","F","F","F","F","","","","F","F","F","F","F","","","","",0,0,0,0,0,0,0,0,0,65,"NY1","NY1","CHN",1,"T","F",1,3,0,30,0,"T","F",0,2,"T","T","terrb101","wilsh102","T","T",0,0,0,0,0,0,0,0,0,"","","",0,0,0,0,0,0,0,0,0,0,0,0,0,"heatc101","F","F","F","F",0,0,0,0,1,0,0,0,0,0,F,F,"1924NY1.EVN.regular.event.csv",4370
"NY1192409200","CHN",8,1,0,0,0,"",3,1,"terrb101","?","terrb101","?","alexg102","?","alexg102","?","hartg103","cotth101","grang102","fribb101","adams101","grigd101","heatc101","fitzh101","","kellg101","","FC1.2X3(154)","F","F",3,5,19,"T","T",0,"F","F",1,"F","F",0,"F","F",1,"G","F","F","",0,0,"N",0,"N",0,"N",1,0,0,0,"","","154","","F","F","F","F","F","F","F","F","F","","alexg102","","F","F","F","F","F","","","","",0,4,0,0,1,5,0,0,0,66,"NY1","NY1","CHN",1,"F","F",1,3,0,31,1,"T","F",2,1,"T","T","wilsh102","jackt101","T","T",0,0,0,8,4,65,0,0,0,"","hartg103","",0,0,0,0,0,0,0,0,0,0,0,0,0,"alexg102","F","F","F","F",4,0,0,0,1,0,0,0,0,0,F,F,"1924NY1.EVN.regular.event.csv",4371
"NY1192409200","CHN",8,1,1,0,0,"",3,1,"wilsh102","?","wilsh102","?","alexg102","?","alexg102","?","hartg103","cotth101","grang102","fribb101","adams101","grigd101","heatc101","fitzh101","terrb101","","","S/G4.1-3","F","F",7,6,20,"T","T",1,"F","F",0,"F","F",0,"F","F",0,"G","F","F","4",0,0,"N",0,"N",0,"N",1,3,0,0,"","","","","F","F","F","F","F","F","F","F","F","alexg102","","","F","F","F","F","F","","","","",0,0,0,0,0,0,0,0,0,67,"NY1","NY1","CHN",1,"F","F",1,3,0,32,2,"T","F",1,5,"T","T","jackt101","gowdh101","T","T",3,5,66,0,0,0,0,0,0,"hartg103","","",0,0,0,0,0,0,0,0,0,0,0,0,0,"","F","F","F","F",0,4,0,0,1,0,0,0,0,0,F,F,"1924NY1.EVN.regular.event.csv",4372
"NY1192409200","CHN",8,1,1,0,0,"",3,1,"jackt101","?","jackt101","?","alexg102","?","alexg102","?","hartg103","cotth101","grang102","fribb101","adams101","grigd101","heatc101","fitzh101","wilsh102","","terrb101","64(1)/FO.3-H","F","F",6,7,2,"T","T",0,"F","F",1,"F","F",1,"F","F",6,"G","F","F","",0,0,"N",0,"N",0,"N",1,0,0,4,"","64","","","F","F","F","F","F","F","F","F","F","alexg102","","alexg102","F","F","F","F","F","","","","",0,4,0,0,6,0,0,0,0,68,"NY1","NY1","CHN",1,"F","F",1,3,0,33,3,"T","F",5,1,"T","T","gowdh101","jonnc101","T","T",7,6,67,0,0,0,3,5,66,"hartg103","","hartg103",0,0,0,0,0,0,0,0,0,0,0,0,1,"adams101","T","F","F","F",0,0,0,4,0,0,0,0,0,0,F,F,"1924NY1.EVN.regular.event.csv",4373
"NY1192409200","CHN",8,1,2,0,0,"",3,2,"gowdh101","?","gowdh101","?","alexg102","?","alexg102","?","hartg103","cotth101","grang102","fribb101","adams101","grigd101","heatc101","fitzh101","jackt101","","","13","F","F",2,8,2,"T","T",0,"F","F",1,"F","F",0,"F","F",1,"G","F","F","",0,0,"N",0,"N",0,"N",0,1,0,0,"13","","","","F","F","F","F","F","F","F","F","F","alexg102","","","F","F","F","F","F","","","","",0,3,0,0,1,0,0,0,0,69,"NY1","NY1","CHN",1,"F","T",2,3,1,34,4,"T","F",1,1,"T","T","jonnc101","lindf101","T","T",6,7,68,0,0,0,0,0,0,"hartg103","","",0,0,0,0,0,0,0,0,0,0,0,0,0,"alexg102","F","F","F","F",0,0,0,0,0,0,0,0,0,0,F,F,"1924NY1.EVN.regular.event.csv",4374
"NY1192409200","CHN",9,0,0,0,0,"",3,2,"hartg103","?","hartg103","?","jonnc101","?","jonnc101","?","gowdh101","terrb101","frisf101","lindf101","jackt101","wilsh102","kellg101","younr101","","","","8/F","T","F",2,7,2,"T","T",0,"F","F",1,"F","F",0,"F","F",8,"F","F","F","",0,0,"N",0,"N",0,"N",0,0,0,0,"8","","","","F","F","F","F","F","F","F","F","F","","","","F","F","F","F","F","","","","",0,8,0,0,0,0,0,0,0,70,"NY1","CHN","NY1",0,"T","F",3,2,0,33,0,"T","F",0,0,"T","T","cotth101","alexg102","F","F",0,0,0,0,0,0,0,0,0,"","","",0,0,0,0,0,0,0,0,0,0,0,0,0,"kellg101","F","F","F","F",0,0,0,0,0,0,0,0,0,0,F,F,"1924NY1.EVN.regular.event.csv",4375
"NY1192409200","CHN",9,0,1,0,0,"",3,2,"cotth101","?","cotth101","?","jonnc101","?","jonnc101","?","gowdh101","terrb101","frisf101","lindf101","jackt101","wilsh102","kellg101","younr101","","","","K","F","F",3,8,3,"T","T",0,"F","F",1,"F","F",0,"F","F",0,"","F","F","",0,0,"N",0,"N",0,"N",0,0,0,0,"2","","","","F","F","F","F","F","F","F","F","F","","","","F","F","F","F","F","","","","",0,2,0,0,0,0,0,0,0,71,"NY1","CHN","NY1",0,"F","F",3,2,0,34,1,"T","F",0,0,"T","T","alexg102","adams101","F","F",0,0,0,0,0,0,0,0,0,"","","",0,0,0,0,0,0,0,0,0,0,0,0,0,"","F","F","F","F",0,0,0,0,0,0,0,0,0,0,F,F,"1924NY1.EVN.regular.event.csv",4376
"NY1192409200","CHN",9,0,2,0,0,"",3,2,"alexg102","?","alexg102","?","jonnc101","?","jonnc101","?","gowdh101","terrb101","frisf101","lindf101","jackt101","wilsh102","kellg101","younr101","","","","E6/G","F","F",1,9,18,"T","T",0,"F","F",0,"F","F",0,"F","F",6,"G","F","F","",1,6,"F",0,"N",0,"N",1,0,0,0,"","","","","F","F","F","F","F","F","F","F","F","","","","F","F","F","F","F","","","","",0,0,0,0,0,0,0,0,0,72,"NY1","CHN","NY1",0,"F","F",3,2,0,35,2,"T","F",0,1,"T","T","adams101","heatc101","F","F",0,0,0,0,0,0,0,0,0,"","","",0,0,0,0,0,0,0,0,0,0,0,0,0,"jackt101","F","F","F","T",1,0,0,0,0,0,0,0,0,0,F,F,"1924NY1.EVN.regular.event.csv",4377
"NY1192409200","CHN",9,0,2,0,0,"",3,2,"adams101","?","adams101","?","jonnc101","?","jonnc101","?","gowdh101","terrb101","frisf101","lindf101","jackt101","wilsh102","kellg101","younr101","alexg102","","","8/F","F","F",6,1,2,"T","T",0,"F","F",1,"F","F",0,"F","F",8,"F","F","F","",0,0,"N",0,"N",0,"N",0,1,0,0,"8","","","","F","F","F","F","F","F","F","F","F","jonnc101","","","F","F","F","F","F","","","","",0,8,0,0,0,0,0,0,0,73,"NY1","CHN","NY1",0,"F","T",3,2,0,36,3,"T","F",1,1,"T","T","heatc101","grang102","F","F",1,9,72,0,0,0,0,0,0,"gowdh101","","",0,0,0,0,0,0,0,0,0,0,0,0,0,"kellg101","F","F","F","F",0,1,0,0,0,0,0,0,0,0,F,F,"1924NY1.EVN.regular.event.csv",4378
"NY1192409200","CHN",9,1,0,0,0,"",3,2,"bentj101","?","bentj101","?","alexg102","?","alexg102","?","hartg103","cotth101","grang102","fribb101","adams101","grigd101","heatc101","fitzh101","","","","S/G3#","T","T",11,9,20,"T","T",1,"F","F",0,"F","F",0,"F","F",0,"G","F","F","3",0,0,"N",0,"N",0,"N",1,0,0,0,"","","","","F","F","F","F","F","F","F","F","F","","","","F","F","F","F","F","","","","jonnc101",1,0,0,0,0,0,0,0,0,74,"NY1","NY1","CHN",1,"T","F",2,3,0,35,0,"T","F",0,1,"F","F","lindf101","frisf101","T","T",0,0,0,0,0,0,0,0,0,"","","",0,0,0,0,0,0,0,0,0,0,0,0,0,"","F","F","F","F",0,0,0,0,1,0,0,0,0,0,F,T,"1924NY1.EVN.regular.event.csv",4379
"NY1192409200","CHN",9,1,0,0,0,"",3,2,"oconj102","?","oconj102","?","alexg102","?","alexg102","?","hartg103","cotth101","grang102","fribb101","adams101","grigd101","heatc101","fitzh101","mcquh101","","","36(1)/FO","F","T",11,1,2,"T","T",0,"F","F",1,"F","F",0,"F","F",3,"G","F","F","",0,0,"N",0,"N",0,"N",1,0,0,0,"","36","","","F","F","F","F","F","F","F","F","F","alexg102","","","F","F","T","F","F","bentj101","","","lindf101",5,6,0,0,3,0,0,0,0,75,"NY1","NY1","CHN",1,"F","F",2,3,0,36,1,"T","F",1,1,"F","F","frisf101","younr101","T","T",12,9,74,0,0,0,0,0,0,"hartg103","","",0,0,0,0,0,0,0,0,0,0,0,0,0,"cotth101","T","F","F","F",5,0,0,0,1,0,0,0,0,0,F,F,"1924NY1.EVN.regular.event.csv",4380
"NY1192409200","CHN",9,1,1,0,0,"",3,2,"frisf101","?","frisf101","?","alexg102","?","alexg102","?","hartg103","cotth101","grang102","fribb101","adams101","grigd101","heatc101","fitzh101","oconj102","","","23/G.1-2","F","F",4,2,2,"T","T",0,"F","F",1,"F","F",0,"F","F",2,"G","F","F","",0,0,"N",0,"N",0,"N",0,2,0,0,"23","","","","F","F","F","F","F","F","F","F","F","alexg102","","","F","F","F","F","F","","","","",0,3,0,0,2,0,0,0,0,76,"NY1","NY1","CHN",1,"F","F",2,3,0,37,2,"T","F",1,2,"T","T","younr101","kellg101","T","T",0,1,75,0,0,0,0,0,0,"hartg103","","",0,0,0,0,0,0,0,0,0,0,0,0,0,"hartg103","F","F","F","F",0,5,0,0,1,0,0,0,0,0,F,F,"1924NY1.EVN.regular.event.csv",4381
"NY1192409200","CHN",9,1,2,0,0,"",3,2,"younr101","?","younr101","?","alexg102","?","alexg102","?","hartg103","cotth101","grang102","fribb101","adams101","grigd101","heatc101","fitzh101","","oconj102","","E4/G.2-H(NR)(UR)","F","F",9,3,18,"T","T",0,"F","F",0,"F","F",0,"F","F",4,"G","F","F","",1,4,"F",0,"N",0,"N",1,0,5,0,"","","","","F","F","F","F","F","F","F","F","F","","alexg102","","F","F","F","F","F","","","","",0,0,0,0,0,0,0,0,0,77,"NY1","NY1","CHN",1,"F","F",2,3,0,38,3,"T","F",2,1,"T","T","kellg101","terrb101","T","T",0,0,0,0,1,75,0,0,0,"","hartg103","",0,0,0,0,0,0,0,0,0,0,0,0,1,"grang102","F","F","F","T",0,0,5,0,0,0,0,0,0,0,F,F,"1924NY1.EVN.regular.event.csv",4382
"NY1192409200","CHN",9,1,2,0,0,"",3,3,"kellg101","?","kellg101","?","alexg102","?","alexg102","?","hartg103","cotth101","grang102","fribb101","adams101","grigd101","heatc101","fitzh101","younr101","","","64(1)/FO","F","F",8,4,2,"T","T",0,"F","F",1,"F","F",0,"F","F",6,"G","F","F","",0,0,"N",0,"N",0,"N",1,0,0,0,"","64","","","F","F","F","F","F","F","F","F","F","alexg102","","","F","F","F","F","F","","","","",0,4,0,0,6,0,0,0,0,78,"NY1","NY1","CHN",1,"F","T",3,3,1,39,4,"T","F",1,1,"T","T","terrb101","wilsh102","T","T",9,3,77,0,0,0,0,0,0,"hartg103","","",0,0,0,0,0,0,0,0,0,0,0,0,0,"adams101","T","F","F","F",1,0,0,0,0,0,0,0,0,0,F,F,"1924NY1.EVN.regular.event.csv",4383
"NY1192409200","CHN",10,0,0,0,0,"",3,3,"heatc101","?","heatc101","?","ryanr101","?","ryanr101","?","gowdh101","terrb101","younr101","frisf101","jackt101","wilsh102","kellg101","oconj102","","","","S9","T","F",8,2,20,"T","T",1,"F","F",0,"F","F",0,"F","F",9,"","F","F","",0,0,"N",0,"N",0,"N",1,0,0,0,"","","","","F","F","F","F","F","F","F","F","F","","","","F","F","F","F","F","","","","",0,0,0,0,0,0,0,0,0,79,"NY1","CHN","NY1",0,"T","F",3,3,0,37,0,"T","F",0,1,"T","T","grang102","fitzh101","F","F",0,0,0,0,0,0,0,0,0,"","","",0,0,0,0,0,0,0,0,0,0,0,0,0,"oconj102","F","F","F","F",0,0,0,0,0,0,0,0,0,0,F,F,"1924NY1.EVN.regular.event.csv",4384
"NY1192409200","CHN",10,0,0,0,0,"",3,3,"grang102","?","grang102","?","ryanr101","?","ryanr101","?","gowdh101","terrb101","younr101","frisf101","jackt101","wilsh102","kellg101","oconj102","heatc101","","","36(1)/FO","F","F",4,3,2,"T","T",0,"F","F",1,"F","F",0,"F","F",3,"G","F","F","",0,0,"N",0,"N",0,"N",1,0,0,0,"","36","","","F","F","F","F","F","F","F","F","F","ryanr101","","","F","F","F","F","F","","","","",0,6,0,0,3,0,0,0,0,80,"NY1","CHN","NY1",0,"F","F",3,3,0,38,1,"T","F",1,1,"T","T","fitzh101","fribb101","F","F",8,2,79,0,0,0,0,0,0,"gowdh101","","",0,0,0,0,0,0,0,0,0,0,0,0,0,"terrb101","T","F","F","F",0,0,0,0,0,0,0,0,0,0,F,F,"1924NY1.EVN.regular.event.csv",4385
"NY1192409200","CHN",10,0,1,0,0,"",3,3,"fitzh101","?","fitzh101","?","ryanr101","?","ryanr101","?","gowdh101","terrb101","younr101","frisf101","jackt101","wilsh102","kellg101","oconj102","grang102","","","43.1-2","F","F",9,4,2,"T","T",0,"F","F",1,"F","F",0,"F","F",4,"G","F","F","",0,0,"N",0,"N",0,"N",0,2,0,0,"43","","","","F","F","F","F","F","F","F","F","F","ryanr101","","","F","F","F","F","F","","","","",0,3,0,0,4,0,0,0,0,81,"NY1","CHN","NY1",0,"F","F",3,3,0,39,2,"T","F",1,2,"T","T","fribb101","grigd101","F","F",4,3,80,0,0,0,0,0,0,"gowdh101","","",0,0,0,0,0,0,0,0,0,0,0,0,0,"younr101","F","F","F","F",0,0,0,0,0,0,0,0,0,0,F,F,"1924NY1.EVN.regular.event.csv",4386
"NY1192409200","CHN",10,0,2,0,0,"",3,3,"fribb101","?","fribb101","?","ryanr101","?","ryanr101","?","gowdh101","terrb101","younr101","frisf101","jackt101","wilsh102","kellg101","oconj102","","grang102","","W","F","F",5,5,14,"T","F",0,"F","F",0,"F","F",0,"F","F",0,"","F","F","",0,0,"N",0,"N",0,"N",1,0,2,0,"","","","","F","F","F","F","F","F","F","F","F","","ryanr101","","F","F","F","F","F","","","","",0,0,0,0,0,0,0,0,0,82,"NY1","CHN","NY1",0,"F","F",3,3,0,40,3,"T","F",2,3,"T","T","grigd101","hartg103","F","F",0,0,0,4,3,80,0,0,0,"","gowdh101","",0,0,0,0,0,0,0,0,0,0,0,0,0,"","F","F","F","F",0,0,0,0,0,0,0,0,0,0,F,F,"1924NY1.EVN.regular.event.csv",4387
"NY1192409200","CHN",10,0,2,0,0,"",3,3,"grigd101","?","grigd101","?","ryanr101","?","ryanr101","?","gowdh101","terrb101","younr101","frisf101","jackt101","wilsh102","kellg101","oconj102","fribb101","grang102","","W.2-3;1-2","F","F",7,6,14,"T","F",0,"F","F",0,"F","F",0,"F","F",0,"","F","F","",0,0,"N",0,"N",0,"N",1,2,3,0,"","","","","F","F","F","F","F","F","F","F","F","ryanr101","ryanr101","","F","F","F","F","F","","","","",0,0,0,0,0,0,0,0,0,83,"NY1","CHN","NY1",0,"F","F",3,3,0,41,4,"T","F",3,7,"T","T","hartg103","cotth101","F","F",5,5,82,4,3,80,0,0,0,"gowdh101","gowdh101","",0,0,0,0,0,0,0,0,0,0,0,0,0,"","F","F","F","F",0,0,0,0,0,0,0,0,0,0,F,F,"1924NY1.EVN.regular.event.csv",4388
"NY1192409200","CHN",10,0,2,0,0,"",3,3,"hartg103","?","hartg103","?","ryanr101","?","ryanr101","?","gowdh101","terrb101","younr101","frisf101","jackt101","wilsh102","kellg101","oconj102","grigd101","fribb101","grang102","8/F","F","F",2,7,2,"T","T",0,"F","F",1,"F","F",0,"F","F",8,"F","F","F","",0,0,"N",0,"N",0,"N",0,1,2,3,"8","","","","F","F","F","F","F","F","F","F","F","ryanr101","ryanr101","ryanr101","F","F","F","F","F","","","","",0,8,0,0,0,0,0,0,0,84,"NY1","CHN","NY1",0,"F","T",3,3,0,42,5,"T","F",7,7,"T","T","cotth101","alexg102","F","F",7,6,83,5,5,82,4,3,80,"gowdh101","gowdh101","gowdh101",0,0,0,0,0,0,0,0,0,0,0,0,0,"kellg101","F","F","F","F",0,0,0,0,0,0,0,0,0,0,F,F,"1924NY1.EVN.regular.event.csv",4389
"NY1192409200","CHN",10,1,0,0,0,"",3,3,"terrb101","?","terrb101","?","alexg102","?","alexg102","?","hartg103","cotth101","grang102","fribb101","adams101","grigd101","heatc101","fitzh101","","","","43/G34","T","F",3,5,2,"T","T",0,"F","F",1,"F","F",0,"F","F",4,"G","F","F","34",0,0,"N",0,"N",0,"N",0,0,0,0,"43","","","","F","F","F","F","F","F","F","F","F","","","","F","F","F","F","F","","","","",0,3,0,0,4,0,0,0,0,85,"NY1","NY1","CHN",1,"T","F",3,3,0,40,0,"T","F",0,0,"T","T","wilsh102","jackt101","T","T",0,0,0,0,0,0,0,0,0,"","","",0,0,0,0,0,0,0,0,0,0,0,0,0,"grang102","F","F","F","F",0,0,0,0,0,0,0,0,0,0,F,F,"1924NY1.EVN.regular.event.csv",4390
"NY1192409200","CHN",10,1,1,0,0,"",3,3,"wilsh102","?","wilsh102","?","alexg102","?","alexg102","?","hartg103","cotth101","grang102","fribb101","adams101","grigd101","heatc101","fitzh101","","","","D7/L78","F","F",7,6,21,"T","T",2,"F","F",0,"F","F",0,"F","F",7,"L","F","F","78",0,0,"N",0,"N",0,"N",2,0,0,0,"","","","","F","F","F","F","F","F","F","F","F","","","","F","F","F","F","F","","","","",0,0,0,0,0,0,0,0,0,86,"NY1","NY1","CHN",1,"F","F",3,3,0,41,1,"T","F",0,2,"T","T","jackt101","gowdh101","T","T",0,0,0,0,0,0,0,0,0,"","","",0,0,0,0,0,0,0,0,0,0,0,0,0,"grigd101","F","F","F","F",0,0,0,0,0,0,0,0,0,0,F,F,"1924NY1.EVN.regular.event.csv",4391
"NY1192409200","CHN",10,1,1,0,0,"",3,3,"jackt101","?","jackt101","?","alexg102","?","alexg102","?","hartg103","cotth101","grang102","fribb101","adams101","grigd101","heatc101","fitzh101","","wilsh102","","53","F","F",6,7,2,"T","T",0,"F","F",1,"F","F",0,"F","F",5,"G","F","F","",0,0,"N",0,"N",0,"N",0,0,2,0,"53","","","","F","F","F","F","F","F","F","F","F","","alexg102","","F","F","F","F","F","","","","",0,3,0,0,5,0,0,0,0,87,"NY1","NY1","CHN",1,"F","F",3,3,0,42,2,"T","F",2,2,"T","T","gowdh101","ryanr101","T","T",0,0,0,7,6,86,0,0,0,"","hartg103","",0,0,0,0,0,0,0,0,0,0,0,0,0,"fribb101","F","F","F","F",0,0,0,0,0,0,0,0,0,0,F,F,"1924NY1.EVN.regular.event.csv",4392
"NY1192409200","CHN",10,1,2,0,0,"",3,3,"gowdh101","?","gowdh101","?","alexg102","?","alexg102","?","hartg103","cotth101","grang102","fribb101","adams101","grigd101","heatc101","fitzh101","","wilsh102","","43","F","F",2,8,2,"T","T",0,"F","F",1,"F","F",0,"F","F",4,"G","F","F","",0,0,"N",0,"N",0,"N",0,0,2,0,"43","","","","F","F","F","F","F","F","F","F","F","","alexg102","","F","F","F","F","F","","","","",0,3,0,0,4,0,0,0,0,88,"NY1","NY1","CHN",1,"F","T",3,3,0,43,3,"T","F",2,2,"T","T","ryanr101","oconj102","T","T",0,0,0,7,6,86,0,0,0,"","hartg103","",0,0,0,0,0,0,0,0,0,0,0,0,0,"grang102","F","F","F","F",0,0,0,0,0,0,0,0,0,0,F,F,"1924NY1.EVN.regular.event.csv",4393
"NY1192409200","CHN",11,0,0,0,0,"",3,3,"cotth101","?","cotth101","?","ryanr101","?","ryanr101","?","gowdh101","terrb101","younr101","frisf101","jackt101","wilsh102","kellg101","oconj102","","","","K/C","T","F",3,8,3,"T","T",0,"F","F",1,"F","F",0,"F","F",0,"","F","F","",0,0,"N",0,"N",0,"N",0,0,0,0,"2","","","","F","F","F","F","F","F","F","F","F","","","","F","F","F","F","F","","","","",0,2,0,0,0,0,0,0,0,89,"NY1","CHN","NY1",0,"T","F",3,3,0,43,0,"T","F",0,0,"T","T","alexg102","adams101","F","F",0,0,0,0,0,0,0,0,0,"","","",0,0,0,0,0,0,0,0,0,0,0,0,0,"","F","F","F","F",0,0,0,0,0,0,0,0,0,0,F,F,"1924NY1.EVN.regular.event.csv",4394
"NY1192409200","CHN",11,0,1,0,0,"",3,3,"alexg102","?","alexg102","?","ryanr101","?","ryanr101","?","gowdh101","terrb101","younr101","frisf101","jackt101","wilsh102","kellg101","oconj102","","","","K","F","F",1,9,3,"T","T",0,"F","F",1,"F","F",0,"F","F",0,"","F","F","",0,0,"N",0,"N",0,"N",0,0,0,0,"2","","","","F","F","F","F","F","F","F","F","F","","","","F","F","F","F","F","","","","",0,2,0,0,0,0,0,0,0,90,"NY1","CHN","NY1",0,"F","F",3,3,0,44,1,"T","F",0,0,"T","T","adams101","heatc101","F","F",0,0,0,0,0,0,0,0,0,"","","",0,0,0,0,0,0,0,0,0,0,0,0,0,"","F","F","F","F",0,0,0,0,0,0,0,0,0,0,F,F,"1924NY1.EVN.regular.event.csv",4395
"NY1192409200","CHN",11,0,2,0,0,"",3,3,"adams101","?","adams101","?","ryanr101","?","ryanr101","?","gowdh101","terrb101","younr101","frisf101","jackt101","wilsh102","kellg101","oconj102","","","","63","F","F",6,1,2,"T","T",0,"F","F",1,"F","F",0,"F","F",6,"G","F","F","",0,0,"N",0,"N",0,"N",0,0,0,0,"63","","","","F","F","F","F","F","F","F","F","F","","","","F","F","F","F","F","","","","",0,3,0,0,6,0,0,0,0,91,"NY1","CHN","NY1",0,"F","T",3,3,0,45,2,"T","F",0,0,"T","T","heatc101","grang102","F","F",0,0,0,0,0,0,0,0,0,"","","",0,0,0,0,0,0,0,0,0,0,0,0,0,"jackt101","F","F","F","F",0,0,0,0,0,0,0,0,0,0,F,F,"1924NY1.EVN.regular.event.csv",4396
"NY1192409200","CHN",11,1,0,0,0,"",3,3,"snydf101","?","snydf101","?","alexg102","?","alexg102","?","hartg103","cotth101","grang102","fribb101","adams101","grigd101","heatc101","fitzh101","","","","5/FL","T","T",11,9,2,"T","T",0,"F","F",1,"F","F",0,"F","F",5,"F","F","T","",0,0,"N",0,"N",0,"N",0,0,0,0,"5","","","","F","F","F","F","F","F","F","F","F","","","","F","F","F","F","F","","","","ryanr101",1,5,0,0,0,0,0,0,0,92,"NY1","NY1","CHN",1,"T","F",3,3,0,44,0,"T","F",0,0,"F","F","oconj102","frisf101","T","T",0,0,0,0,0,0,0,0,0,"","","",0,0,0,0,0,0,0,0,0,0,0,0,0,"fribb101","F","F","F","F",0,0,0,0,0,0,0,0,0,0,F,F,"1924NY1.EVN.regular.event.csv",4397
"NY1192409200","CHN",11,1,1,0,0,"",3,3,"oconj102","?","oconj102","?","alexg102","?","alexg102","?","hartg103","cotth101","grang102","fribb101","adams101","grigd101","heatc101","fitzh101","","","","43","F","F",9,1,2,"T","T",0,"F","F",1,"F","F",0,"F","F",4,"G","F","F","",0,0,"N",0,"N",0,"N",0,0,0,0,"43","","","","F","F","F","F","F","F","F","F","F","","","","F","F","F","F","F","","","","",0,3,0,0,4,0,0,0,0,93,"NY1","NY1","CHN",1,"F","F",3,3,0,45,1,"T","F",0,0,"F","F","frisf101","younr101","T","T",0,0,0,0,0,0,0,0,0,"","","",0,0,0,0,0,0,0,0,0,0,0,0,0,"grang102","F","F","F","F",0,0,0,0,0,0,0,0,0,0,F,F,"1924NY1.EVN.regular.event.csv",4398
"NY1192409200","CHN",11,1,2,0,0,"",3,3,"frisf101","?","frisf101","?","alexg102","?","alexg102","?","hartg103","cotth101","grang102","fribb101","adams101","grigd101","heatc101","fitzh101","","","","E6/G","F","F",5,2,18,"T","T",0,"F","F",0,"F","F",0,"F","F",6,"G","F","F","",1,6,"F",0,"N",0,"N",1,0,0,0,"","","","","F","F","F","F","F","F","F","F","F","","","","F","F","F","F","F","","","","",0,0,0,0,0,0,0,0,0,94,"NY1","NY1","CHN",1,"F","F",3,3,0,46,2,"T","F",0,1,"T","T","younr101","kellg101","T","T",0,0,0,0,0,0,0,0,0,"","","",0,0,0,0,0,0,0,0,0,0,0,0,0,"adams101","F","F","F","T",0,0,0,0,0,0,0,0,0,0,F,F,"1924NY1.EVN.regular.event.csv",4399
"NY1192409200","CHN",11,1,2,0,0,"",3,3,"younr101","?","younr101","?","alexg102","?","alexg102","?","hartg103","cotth101","grang102","fribb101","adams101","grigd101","heatc101","fitzh101","frisf101","","","SB2.1XH(E2/TH2)(8642)#","F","F",4,3,4,"F","F",0,"F","F",1,"F","F",0,"F","F",0,"","F","F","",1,2,"T",0,"N",0,"N",0,0,0,0,"","8642","","","T","F","F","F","F","F","F","F","F","alexg102","","","F","F","F","F","F","","","","",0,2,0,0,8,6,4,0,0,95,"NY1","NY1","CHN",1,"F","T",3,3,0,47,3,"T","T",1,0,"T","T","kellg101","terrb101","T","T",5,2,94,0,0,0,0,0,0,"hartg103","","",0,0,0,0,0,0,0,0,0,0,0,0,0,"","F","F","F","F",0,0,0,0,0,0,0,0,0,0,F,T,"1924NY1.EVN.regular.event.csv",4400
"NY1192409200","CHN",12,0,0,0,0,"",3,3,"heatc101","?","heatc101","?","maune101","?","maune101","?","gowdh101","terrb101","younr101","kellg101","jackt101","wilsh102","oconj102","nehfa101","","","","S9/3D","T","F",8,2,20,"T","T",1,"F","F",0,"F","F",0,"F","F",9,"","F","F","3D",0,0,"N",0,"N",0,"N",1,0,0,0,"","","","","F","F","F","F","F","F","F","F","F","","","","F","F","F","F","F","","","","",0,0,0,0,0,0,0,0,0,96,"NY1","CHN","NY1",0,"T","F",3,3,0,46,0,"T","F",0,1,"T","T","grang102","fitzh101","F","F",0,0,0,0,0,0,0,0,0,"","","",0,0,0,0,0,0,0,0,0,0,0,0,0,"nehfa101","F","F","F","F",4,0,0,0,4,0,0,0,0,0,F,F,"1924NY1.EVN.regular.event.csv",4401
"NY1192409200","CHN",12,0,0,0,0,"",3,3,"grang102","?","grang102","?","maune101","?","maune101","?","gowdh101","terrb101","younr101","kellg101","jackt101","wilsh102","oconj102","nehfa101","heatc101","","","14/SH.1-2","F","F",4,3,2,"T","F",0,"T","F",1,"F","F",0,"F","F",1,"G","T","F","",0,0,"N",0,"N",0,"N",0,2,0,0,"14","","","","F","F","F","F","F","F","F","F","F","maune101","","","F","F","F","F","F","","","","",0,4,0,0,1,0,0,0,0,97,"NY1","CHN","NY1",0,"F","F",3,3,0,47,1,"T","F",1,2,"T","T","fitzh101","fribb101","F","F",8,2,96,0,0,0,0,0,0,"gowdh101","","",0,0,0,0,0,0,0,0,0,0,0,0,0,"maune101","F","F","F","F",0,4,0,0,4,0,0,0,0,0,F,F,"1924NY1.EVN.regular.event.csv",4402
"NY1192409200","CHN",12,0,1,0,0,"",3,3,"fitzh101","?","fitzh101","?","maune101","?","maune101","?","gowdh101","terrb101","younr101","kellg101","jackt101","wilsh102","oconj102","nehfa101","","heatc101","","S9.2-H","F","F",9,4,20,"T","T",1,"F","F",0,"F","F",1,"F","F",9,"","F","F","",0,0,"N",0,"N",0,"N",1,0,4,0,"","","","","F","F","F","F","F","F","F","F","F","","maune101","","F","F","F","F","F","","","","",0,0,0,0,0,0,0,0,0,98,"NY1","CHN","NY1",0,"F","F",3,3,0,48,2,"T","F",2,1,"T","T","fribb101","grigd101","F","F",0,0,0,8,2,96,0,0,0,"","gowdh101","",0,0,0,0,0,0,0,0,0,0,0,0,1,"nehfa101","F","F","F","F",4,0,4,0,3,0,0,0,0,0,F,F,"1924NY1.EVN.regular.event.csv",4403
"NY1192409200","CHN",12,0,1,0,0,"",4,3,"fribb101","?","fribb101","?","maune101","?","maune101","?","gowdh101","terrb101","younr101","kellg101","jackt101","wilsh102","oconj102","nehfa101","fitzh101","","","S8.1-3(E8);B-2","F","F",5,5,20,"T","T",1,"F","F",0,"F","F",0,"F","F",8,"","F","F","",1,8,"F",0,"N",0,"N",2,3,0,0,"","","","","F","F","F","F","F","F","F","F","F","maune101","","","F","F","F","F","F","","","","",0,0,0,0,0,0,0,0,0,99,"NY1","CHN","NY1",0,"F","F",4,3,1,49,3,"T","F",1,6,"T","T","grigd101","hartg103","F","F",9,4,98,0,0,0,0,0,0,"gowdh101","","",0,0,0,0,0,0,0,0,0,0,0,0,0,"oconj102","F","F","F","F",4,4,0,0,3,0,0,0,0,0,F,F,"1924NY1.EVN.regular.event.csv",4404
"NY1192409200","CHN",12,0,1,0,0,"",4,3,"grigd101","?","grigd101","?","maune101","?","maune101","?","gowdh101","terrb101","younr101","kellg101","jackt101","wilsh102","oconj102","nehfa101","","fribb101","fitzh101","FC3/R2.3-H;2-3","F","F",7,6,19,"T","T",0,"F","F",0,"F","F",1,"F","F",3,"G","F","F","",0,0,"N",0,"N",0,"N",1,0,3,4,"","","","","F","F","F","F","F","F","F","F","F","","maune101","maune101","F","F","F","F","F","","","","",0,0,0,0,0,0,0,0,0,100,"NY1","CHN","NY1",0,"F","F",4,3,1,50,4,"T","F",6,5,"T","T","hartg103","cotth101","F","F",0,0,0,5,5,99,9,4,98,"","gowdh101","gowdh101",0,0,0,0,0,0,0,0,0,0,0,0,1,"terrb101","F","F","F","F",4,0,4,4,2,0,0,0,0,0,F,F,"1924NY1.EVN.regular.event.csv",4405
"NY1192409200","CHN",12,0,1,0,0,"",5,3,"hartg103","?","hartg103","?","maune101","?","maune101","?","gowdh101","terrb101","younr101","kellg101","jackt101","wilsh102","oconj102","nehfa101","grigd101","","fribb101","S9.3-H;1-3","F","F",2,7,20,"T","T",1,"F","F",0,"F","F",1,"F","F",9,"","F","F","",0,0,"N",0,"N",0,"N",1,3,0,4,"","","","","F","F","F","F","F","F","F","F","F","maune101","","maune101","F","F","F","F","F","","","","",0,0,0,0,0,0,0,0,0,101,"NY1","CHN","NY1",0,"F","F",5,3,2,51,5,"T","F",5,5,"T","T","cotth101","alexg102","F","F",7,6,100,0,0,0,5,5,99,"gowdh101","","gowdh101",0,0,0,0,0,0,0,0,0,0,0,0,1,"nehfa101","F","F","F","F",0,4,0,4,1,0,0,0,0,0,F,F,"1924NY1.EVN.regular.event.csv",4406
"NY1192409200","CHN",12,0,1,0,0,"",6,3,"cotth101","?","cotth101","?","baldh101","?","baldh101","?","gowdh101","terrb101","younr101","kellg101","jackt101","wilsh102","oconj102","nehfa101","hartg103","","grigd101","S9.3-H;1-3","F","F",3,8,20,"T","T",1,"F","F",0,"F","F",1,"F","F",9,"","F","F","",0,0,"N",0,"N",0,"N",1,3,0,4,"","","","","F","F","F","F","F","F","F","F","F","maune101","","maune101","F","F","F","F","F","","","","",0,0,0,0,0,0,0,0,0,102,"NY1","CHN","NY1",0,"F","F",6,3,3,52,6,"T","F",5,5,"T","T","alexg102","adams101","F","F",2,7,101,0,0,0,7,6,100,"gowdh101","","gowdh101",0,0,0,0,0,0,0,0,0,0,0,0,1,"nehfa101","F","F","F","F",0,0,0,4,0,0,0,0,0,0,F,F,"1924NY1.EVN.regular.event.csv",4407
"NY1192409200","CHN",12,0,1,0,0,"",7,3,"alexg102","?","alexg102","?","baldh101","?","baldh101","?","gowdh101","terrb101","younr101","kellg101","jackt101","wilsh102","oconj102","nehfa101","cotth101","","hartg103","7/F","F","F",1,9,2,"T","T",0,"F","F",1,"F","F",0,"F","F",7,"F","F","F","",0,0,"N",0,"N",0,"N",0,1,0,3,"7","","","","F","F","F","F","F","F","F","F","F","baldh101","","maune101","F","F","F","F","F","","","","",0,7,0,0,0,0,0,0,0,103,"NY1","CHN","NY1",0,"F","F",7,3,4,53,7,"T","F",5,5,"T","T","adams101","heatc101","F","F",3,8,102,0,0,0,2,7,101,"gowdh101","","gowdh101",0,0,0,0,0,0,0,0,0,0,0,0,0,"wilsh102","F","F","F","F",0,0,0,0,0,0,0,0,0,0,F,F,"1924NY1.EVN.regular.event.csv",4408
"NY1192409200","CHN",12,0,2,0,0,"",7,3,"adams101","?","adams101","?","baldh101","?","baldh101","?","gowdh101","terrb101","younr101","kellg101","jackt101","wilsh102","oconj102","nehfa101","cotth101","","hartg103","6/P","F","F",6,1,2,"T","T",0,"F","F",1,"F","F",0,"F","F",6,"P","F","F","",0,0,"N",0,"N",0,"N",0,1,0,3,"6","","","","F","F","F","F","F","F","F","F","F","baldh101","","maune101","F","F","F","F","F","","","","",0,6,0,0,0,0,0,0,0,104,"NY1","CHN","NY1",0,"F","T",7,3,4,54,8,"T","F",5,5,"T","T","heatc101","grang102","F","F",3,8,102,0,0,0,2,7,101,"gowdh101","","gowdh101",0,0,0,0,0,0,0,0,0,0,0,0,0,"jackt101","F","F","F","F",0,0,0,0,0,0,0,0,0,0,F,F,"1924NY1.EVN.regular.event.csv",4409
"NY1192409200","CHN",12,1,0,0,0,"",7,3,"younr101","?","younr101","?","alexg102","?","alexg102","?","hartg103","cotth101","grang102","fribb101","adams101","grigd101","heatc101","fitzh101","","","","W","T","F",4,3,14,"T","F",0,"F","F",0,"F","F",0,"F","F",0,"","F","F","",0,0,"N",0,"N",0,"N",1,0,0,0,"","","","","F","F","F","F","F","F","F","F","F","","","","F","F","F","F","F","","","","",0,0,0,0,0,0,0,0,0,105,"NY1","NY1","CHN",1,"T","F",3,7,0,47,0,"T","F",0,1,"T","T","kellg101","terrb101","T","T",0,0,0,0,0,0,0,0,0,"","","",0,0,0,0,0,0,0,0,0,0,0,0,0,"","F","F","F","F",2,0,0,0,0,0,0,0,0,0,F,F,"1924NY1.EVN.regular.event.csv",4410
"NY1192409200","CHN",12,1,0,0,0,"",7,3,"kellg101","?","kellg101","?","alexg102","?","alexg102","?","hartg103","cotth101","grang102","fribb101","adams101","grigd101","heatc101","fitzh101","younr101","","","S7.1-2","F","F",5,4,20,"T","T",1,"F","F",0,"F","F",0,"F","F",7,"","F","F","",0,0,"N",0,"N",0,"N",1,2,0,0,"","","","","F","F","F","F","F","F","F","F","F","alexg102","","","F","F","F","F","F","","","","",0,0,0,0,0,0,0,0,0,106,"NY1","NY1","CHN",1,"F","F",3,7,0,48,1,"T","F",1,3,"T","T","terrb101","wilsh102","T","T",4,3,105,0,0,0,0,0,0,"hartg103","","",0,0,0,0,0,0,0,0,0,0,0,0,0,"grigd101","F","F","F","F",1,2,0,0,0,0,0,0,0,0,F,F,"1924NY1.EVN.regular.event.csv",4411
"NY1192409200","CHN",12,1,0,0,0,"",7,3,"terrb101","?","terrb101","?","alexg102","?","alexg102","?","hartg103","cotth101","grang102","fribb101","adams101","grigd101","heatc101","fitzh101","kellg101","younr101","","5/P","F","F",3,5,2,"T","T",0,"F","F",1,"F","F",0,"F","F",5,"P","F","F","",0,0,"N",0,"N",0,"N",0,1,2,0,"5","","","","F","F","F","F","F","F","F","F","F","alexg102","alexg102","","F","F","F","F","F","","","","",0,5,0,0,0,0,0,0,0,107,"NY1","NY1","CHN",1,"F","F",3,7,0,49,2,"T","F",3,3,"T","T","wilsh102","jackt101","T","T",5,4,106,4,3,105,0,0,0,"hartg103","hartg103","",0,0,0,0,0,0,0,0,0,0,0,0,0,"fribb101","F","F","F","F",0,1,2,0,0,0,0,0,0,0,F,F,"1924NY1.EVN.regular.event.csv",4412
"NY1192409200","CHN",12,1,1,0,0,"",7,3,"wilsh102","?","wilsh102","?","alexg102","?","alexg102","?","hartg103","cotth101","grang102","fribb101","adams101","grigd101","heatc101","fitzh101","kellg101","younr101","","8/F","F","F",7,6,2,"T","T",0,"F","F",1,"F","F",0,"F","F",8,"F","F","F","",0,0,"N",0,"N",0,"N",0,1,2,0,"8","","","","F","F","F","F","F","F","F","F","F","alexg102","alexg102","","F","F","F","F","F","","","","",0,8,0,0,0,0,0,0,0,108,"NY1","NY1","CHN",1,"F","F",3,7,0,50,3,"T","F",3,3,"T","T","jackt101","gowdh101","T","T",5,4,106,4,3,105,0,0,0,"hartg103","hartg103","",0,0,0,0,0,0,0,0,0,0,0,0,0,"heatc101","F","F","F","F",0,1,2,0,0,0,0,0,0,0,F,F,"1924NY1.EVN.regular.event.csv",4413
"NY1192409200","CHN",12,1,2,0,0,"",7,3,"jackt101","?","jackt101","?","alexg102","?","alexg102","?","hartg103","cotth101","grang102","fribb101","adams101","grigd101","heatc101","fitzh101","kellg101","younr101","","7/L","F","F",6,7,2,"T","T",0,"F","F",1,"F","F",0,"F","F",7,"L","F","F","",0,0,"N",0,"N",0,"N",0,1,2,0,"7","","","","F","F","F","F","F","F","F","F","F","alexg102","alexg102","","F","T","F","F","F","","","","",0,7,0,0,0,0,0,0,0,109,"NY1","NY1","CHN",1,"F","T",3,7,0,51,4,"T","F",3,3,"T","T","gowdh101","baldh101","T","T",5,4,106,4,3,105,0,0,0,"hartg103","hartg103","",0,0,0,0,0,0,0,0,0,0,0,0,0,"grigd101","F","F","F","F",0,1,2,0,0,0,0,0,0,0,F,F,"1924NY1.EVN.regular.event.csv",4414
"NY1192409230","PIT",1,0,0,0,0,"",0,0,"moore102","?","moore102","?","mcquh101","?","mcquh101","?","gowdh101","terrb101","kellg101","lindf101","jackt101","wilsh102","oconj102","younr101","","","","5/FL","T","F",9,1,2,"T","T",0,"F","F",1,"F","F",0,"F","F",5,"F","F","T","",0,0,"N",0,"N",0,"N",0,0,0,0,"5","","","","F","F","F","F","F","F","F","F","F","","","","T","F","F","F","F","","","","",0,5,0,0,0,0,0,0,0,1,"NY1","PIT","NY1",0,"T","F",0,0,0,0,0,"T","F",0,0,"T","T","carem101","cuylk101","T","T",0,0,0,0,0,0,0,0,0,"","","",0,0,0,0,0,0,0,0,0,0,0,0,0,"lindf101","F","F","F","F",0,0,0,0,0,0,0,0,0,0,F,F,"1924NY1.EVN.regular.event.csv",4415
"NY1192409230","PIT",1,0,1,0,0,"X",0,0,"carem101","?","carem101","?","mcquh101","?","mcquh101","?","gowdh101","terrb101","kellg101","lindf101","jackt101","wilsh102","oconj102","younr101","","","","S4/G","F","F",8,2,20,"T","T",1,"F","F",0,"F","F",0,"F","F",4,"G","F","F","",0,0,"N",0,"N",0,"N",1,0,0,0,"","","","","F","F","F","F","F","F","F","F","F","","","","F","F","F","F","F","","","","",0,0,0,0,0,0,0,0,0,2,"NY1","PIT","NY1",0,"F","F",0,0,0,1,1,"T","F",0,1,"T","T","cuylk101","wrigg102","T","T",0,0,0,0,0,0,0,0,0,"","","",0,0,0,0,0,0,1,0,0,0,1,0,0,"kellg101","F","F","F","F",0,0,0,0,0,0,0,0,0,0,F,F,"1924NY1.EVN.regular.event.csv",4416
"NY1192409230","PIT",1,0,1,0,0,"",0,0,"cuylk101","?","cuylk101","?","mcquh101","?","mcquh101","?","gowdh101","terrb101","kellg101","lindf101","jackt101","wilsh102","oconj102","younr101","carem101","","","K/C","F","F",7,3,3,"T","T",0,"F","F",1,"F","F",0,"F","F",0,"","F","F","",0,0,"N",0,"N",0,"N",0,1,0,0,"2","","","","F","F","F","F","F","F","F","F","F","mcquh101","","","F","F","F","F","F","","","","",0,2,0,0,0,0,0,0,0,3,"NY1","PIT","NY1",0,"F","F",0,0,0,2,2,"T","F",1,1,"T","T","wrigg102","trayp101","T","T",8,2,2,0,0,0,0,0,0,"gowdh101","","",0,0,0,0,0,0,0,0,0,0,0,0,0,"","F","F","F","F",0,0,0,0,0,0,0,0,0,0,F,F,"1924NY1.EVN.regular.event.csv",4417
"NY1192409230","PIT",1,0,2,0,0,"",0,0,"wrigg102","?","wrigg102","?","mcquh101","?","mcquh101","?","gowdh101","terrb101","kellg101","lindf101","jackt101","wilsh102","oconj102","younr101","carem101","","","OA.1X2(2E4)","F","F",6,4,12,"F","F",0,"F","F",0,"F","F",0,"F","F",0,"","F","F","",1,4,"D",0,"N",0,"N",0,2,0,0,"","2E4","","","F","F","F","F","F","F","F","F","F","mcquh101","","","F","F","F","F","F","","","","",0,0,0,0,2,0,0,0,0,4,"NY1","PIT","NY1",0,"F","F",0,0,0,3,3,"T","F",1,2,"T","T","trayp101","marar101","T","T",8,2,2,0,0,0,0,0,0,"gowdh101","","",0,0,0,0,0,0,0,0,0,0,0,0,0,"","F","F","F","F",0,0,0,0,0,0,0,0,0,0,F,F,"1924NY1.EVN.regular.event.csv",4418
"NY1192409230","PIT",1,0,2,0,0,"",0,0,"wrigg102","?","wrigg102","?","mcquh101","?","mcquh101","?","gowdh101","terrb101","kellg101","lindf101","jackt101","wilsh102","oconj102","younr101","","carem101","","3/P","F","F",6,4,2,"T","T",0,"F","F",1,"F","F",0,"F","F",3,"P","F","F","",0,0,"N",0,"N",0,"N",0,0,2,0,"3","","","","F","F","F","F","F","F","F","F","F","","mcquh101","","F","F","F","F","F","","","","",0,3,0,0,0,0,0,0,0,5,"NY1","PIT","NY1",0,"F","T",0,0,0,3,3,"F","F",2,2,"T","T","trayp101","marar101","T","T",0,0,0,8,2,2,0,0,0,"","gowdh101","",0,0,0,0,0,0,0,0,0,0,0,0,0,"terrb101","F","F","F","F",0,0,0,0,0,0,0,0,0,0,F,F,"1924NY1.EVN.regular.event.csv",4419
"NY1192409230","PIT",1,1,0,0,0,"",0,0,"lindf101","?","lindf101","?","meadl101","?","meadl101","?","smite106","grimc101","marar101","trayp101","wrigg102","cuylk101","carem101","moore102","","","","K/C","T","F",5,1,3,"T","T",0,"F","F",1,"F","F",0,"F","F",0,"","F","F","",0,0,"N",0,"N",0,"N",0,0,0,0,"2","","","","F","F","F","F","F","F","F","F","F","","","","F","F","F","F","F","","","","",0,2,0,0,0,0,0,0,0,6,"NY1","NY1","PIT",1,"T","F",0,0,0,0,0,"T","F",0,0,"T","T","oconj102","younr101","T","T",0,0,0,0,0,0,0,0,0,"","","",0,0,0,0,0,0,0,0,0,0,0,0,0,"","F","F","F","F",0,0,0,0,0,0,0,0,0,0,F,F,"1924NY1.EVN.regular.event.csv",4420
"NY1192409230","PIT",1,1,1,0,0,"",0,0,"oconj102","?","oconj102","?","meadl101","?","meadl101","?","smite106","grimc101","marar101","trayp101","wrigg102","cuylk101","carem101","moore102","","","","K23","F","F",8,2,3,"T","T",0,"F","F",1,"F","F",0,"F","F",0,"","F","F","",0,0,"N",0,"N",0,"N",0,0,0,0,"23","","","","F","F","F","F","F","F","F","F","F","","","","F","F","F","F","F","","","","",0,3,0,0,2,0,0,0,0,7,"NY1","NY1","PIT",1,"F","F",0,0,0,1,1,"T","F",0,0,"T","T","younr101","kellg101","T","T",0,0,0,0,0,0,0,0,0,"","","",0,0,0,0,0,0,0,0,0,0,0,0,0,"","F","F","F","F",0,0,0,0,0,0,0,0,0,0,F,F,"1924NY1.EVN.regular.event.csv",4421
"NY1192409230","PIT",1,1,2,0,0,"",0,0,"younr101","?","younr101","?","meadl101","?","meadl101","?","smite106","grimc101","marar101","trayp101","wrigg102","cuylk101","carem101","moore102","","","","13","F","F",9,3,2,"T","T",0,"F","F",1,"F","F",0,"F","F",1,"G","F","F","",0,0,"N",0,"N",0,"N",0,0,0,0,"13","","","","F","F","F","F","F","F","F","F","F","","","","F","F","F","F","F","","","","",0,3,0,0,1,0,0,0,0,8,"NY1","NY1","PIT",1,"F","T",0,0,0,2,2,"T","F",0,0,"T","T","kellg101","terrb101","T","T",0,0,0,0,0,0,0,0,0,"","","",0,0,0,0,0,0,0,0,0,0,0,0,0,"meadl101","F","F","F","F",0,0,0,0,0,0,0,0,0,0,F,F,"1924NY1.EVN.regular.event.csv",4422
"NY1192409230","PIT",2,0,0,0,0,"",0,0,"trayp101","?","trayp101","?","mcquh101","?","mcquh101","?","gowdh101","terrb101","kellg101","lindf101","jackt101","wilsh102","oconj102","younr101","","","","63/G56","T","F",5,5,2,"T","T",0,"F","F",1,"F","F",0,"F","F",6,"G","F","F","56",0,0,"N",0,"N",0,"N",0,0,0,0,"63","","","","F","F","F","F","F","F","F","F","F","","","","F","F","F","F","F","","","","",0,3,0,0,6,0,0,0,0,9,"NY1","PIT","NY1",0,"T","F",0,0,0,4,0,"T","F",0,0,"T","T","marar101","grimc101","T","T",0,0,0,0,0,0,0,0,0,"","","",0,0,0,0,0,0,0,0,0,0,0,0,0,"jackt101","F","F","F","F",0,0,0,0,0,0,0,0,0,0,F,F,"1924NY1.EVN.regular.event.csv",4423
"NY1192409230","PIT",2,0,1,0,0,"",0,0,"marar101","?","marar101","?","mcquh101","?","mcquh101","?","gowdh101","terrb101","kellg101","lindf101","jackt101","wilsh102","oconj102","younr101","","","","13","F","F",4,6,2,"T","T",0,"F","F",1,"F","F",0,"F","F",1,"G","F","F","",0,0,"N",0,"N",0,"N",0,0,0,0,"13","","","","F","F","F","F","F","F","F","F","F","","","","F","F","F","F","F","","","","",0,3,0,0,1,0,0,0,0,10,"NY1","PIT","NY1",0,"F","F",0,0,0,5,1,"T","F",0,0,"T","T","grimc101","smite106","T","T",0,0,0,0,0,0,0,0,0,"","","",0,0,0,0,0,0,0,0,0,0,0,0,0,"mcquh101","F","F","F","F",0,0,0,0,0,0,0,0,0,0,F,F,"1924NY1.EVN.regular.event.csv",4424
"NY1192409230","PIT",2,0,2,0,0,"",0,0,"grimc101","?","grimc101","?","mcquh101","?","mcquh101","?","gowdh101","terrb101","kellg101","lindf101","jackt101","wilsh102","oconj102","younr101","","","","9/F9S","F","F",3,7,2,"T","T",0,"F","F",1,"F","F",0,"F","F",9,"F","F","F","9S",0,0,"N",0,"N",0,"N",0,0,0,0,"9","","","","F","F","F","F","F","F","F","F","F","","","","F","F","F","F","F","","","","",0,9,0,0,0,0,0,0,0,11,"NY1","PIT","NY1",0,"F","T",0,0,0,6,2,"T","F",0,0,"T","T","smite106","meadl101","T","T",0,0,0,0,0,0,0,0,0,"","","",0,0,0,0,0,0,0,0,0,0,0,0,0,"younr101","F","F","F","F",0,0,0,0,0,0,0,0,0,0,F,F,"1924NY1.EVN.regular.event.csv",4425
"NY1192409230","PIT",2,1,0,0,0,"",0,0,"kellg101","?","kellg101","?","meadl101","?","meadl101","?","smite106","grimc101","marar101","trayp101","wrigg102","cuylk101","carem101","moore102","","","","63","T","F",4,4,2,"T","T",0,"F","F",1,"F","F",0,"F","F",6,"G","F","F","",0,0,"N",0,"N",0,"N",0,0,0,0,"63","","","","F","F","F","F","F","F","F","F","F","","","","F","F","F","F","F","","","","",0,3,0,0,6,0,0,0,0,12,"NY1","NY1","PIT",1,"T","F",0,0,0,3,0,"T","F",0,0,"T","T","terrb101","wilsh102","T","T",0,0,0,0,0,0,0,0,0,"","","",0,0,0,0,0,0,0,0,0,0,0,0,0,"wrigg102","F","F","F","F",0,0,0,0,0,0,0,0,0,0,F,F,"1924NY1.EVN.regular.event.csv",4426
"NY1192409230","PIT",2,1,1,0,0,"",0,0,"terrb101","?","terrb101","?","meadl101","?","meadl101","?","smite106","grimc101","marar101","trayp101","wrigg102","cuylk101","carem101","moore102","","","","43","F","F",3,5,2,"T","T",0,"F","F",1,"F","F",0,"F","F",4,"G","F","F","",0,0,"N",0,"N",0,"N",0,0,0,0,"43","","","","F","F","F","F","F","F","F","F","F","","","","F","F","F","F","F","","","","",0,3,0,0,4,0,0,0,0,13,"NY1","NY1","PIT",1,"F","F",0,0,0,4,1,"T","F",0,0,"T","T","wilsh102","jackt101","T","T",0,0,0,0,0,0,0,0,0,"","","",0,0,0,0,0,0,0,0,0,0,0,0,0,"marar101","F","F","F","F",0,0,0,0,0,0,0,0,0,0,F,F,"1924NY1.EVN.regular.event.csv",4427
"NY1192409230","PIT",2,1,2,0,0,"",0,0,"wilsh102","?","wilsh102","?","meadl101","?","meadl101","?","smite106","grimc101","marar101","trayp101","wrigg102","cuylk101","carem101","moore102","","","","13","F","F",7,6,2,"T","T",0,"F","F",1,"F","F",0,"F","F",1,"G","F","F","",0,0,"N",0,"N",0,"N",0,0,0,0,"13","","","","F","F","F","F","F","F","F","F","F","","","","F","F","F","F","F","","","","",0,3,0,0,1,0,0,0,0,14,"NY1","NY1","PIT",1,"F","T",0,0,0,5,2,"T","F",0,0,"T","T","jackt101","gowdh101","T","T",0,0,0,0,0,0,0,0,0,"","","",0,0,0,0,0,0,0,0,0,0,0,0,0,"meadl101","F","F","F","F",0,0,0,0,0,0,0,0,0,0,F,F,"1924NY1.EVN.regular.event.csv",4428
"NY1192409230","PIT",3,0,0,0,0,"X",0,0,"smite106","?","smite106","?","mcquh101","?","mcquh101","?","gowdh101","terrb101","kellg101","lindf101","jackt101","wilsh102","oconj102","younr101","","","","S9","T","F",2,8,20,"T","T",1,"F","F",0,"F","F",0,"F","F",9,"","F","F","",0,0,"N",0,"N",0,"N",1,0,0,0,"","","","","F","F","F","F","F","F","F","F","F","","","","F","F","F","F","F","","","","",0,0,0,0,0,0,0,0,0,15,"NY1","PIT","NY1",0,"T","F",0,0,0,7,0,"T","F",0,1,"T","T","meadl101","moore102","T","T",0,0,0,0,0,0,0,0,0,"","","",0,0,0,0,0,0,1,0,0,0,1,0,0,"younr101","F","F","F","F",0,0,0,0,0,0,0,0,0,0,F,F,"1924NY1.EVN.regular.event.csv",4429
"NY1192409230","PIT",3,0,0,0,0,"",0,0,"meadl101","?","meadl101","?","mcquh101","?","mcquh101","?","gowdh101","terrb101","kellg101","lindf101","jackt101","wilsh102","oconj102","younr101","smite106","","","2/FL","F","F",1,9,2,"T","T",0,"F","F",1,"F","F",0,"F","F",2,"F","F","T","",0,0,"N",0,"N",0,"N",0,1,0,0,"2","","","","F","F","F","F","F","F","F","F","F","mcquh101","","","F","F","F","F","F","","","","",0,2,0,0,0,0,0,0,0,16,"NY1","PIT","NY1",0,"F","F",0,0,0,8,1,"T","F",1,1,"T","T","moore102","carem101","T","T",2,8,15,0,0,0,0,0,0,"gowdh101","","",0,0,0,0,0,0,0,0,0,0,0,0,0,"gowdh101","F","F","F","F",0,0,0,0,0,0,0,0,0,0,F,F,"1924NY1.EVN.regular.event.csv",4430
"NY1192409230","PIT",3,0,1,0,0,"",0,0,"moore102","?","moore102","?","mcquh101","?","mcquh101","?","gowdh101","terrb101","kellg101","lindf101","jackt101","wilsh102","oconj102","younr101","smite106","","","7/F7S","F","F",9,1,2,"T","T",0,"F","F",1,"F","F",0,"F","F",7,"F","F","F","7S",0,0,"N",0,"N",0,"N",0,1,0,0,"7","","","","F","F","F","F","F","F","F","F","F","mcquh101","","","F","F","F","F","F","","","","",0,7,0,0,0,0,0,0,0,17,"NY1","PIT","NY1",0,"F","F",0,0,0,9,2,"T","F",1,1,"T","T","carem101","cuylk101","T","T",2,8,15,0,0,0,0,0,0,"gowdh101","","",0,0,0,0,0,0,0,0,0,0,0,0,0,"wilsh102","F","F","F","F",0,0,0,0,0,0,0,0,0,0,F,F,"1924NY1.EVN.regular.event.csv",4431
"NY1192409230","PIT",3,0,2,0,0,"",0,0,"carem101","?","carem101","?","mcquh101","?","mcquh101","?","gowdh101","terrb101","kellg101","lindf101","jackt101","wilsh102","oconj102","younr101","smite106","","","5/L","F","F",8,2,2,"T","T",0,"F","F",1,"F","F",0,"F","F",5,"L","F","F","",0,0,"N",0,"N",0,"N",0,1,0,0,"5","","","","F","F","F","F","F","F","F","F","F","mcquh101","","","F","F","F","F","F","","","","",0,5,0,0,0,0,0,0,0,18,"NY1","PIT","NY1",0,"F","T",0,0,0,10,3,"T","F",1,1,"T","T","cuylk101","wrigg102","T","T",2,8,15,0,0,0,0,0,0,"gowdh101","","",0,0,0,0,0,0,0,0,0,0,0,0,0,"lindf101","F","F","F","F",0,0,0,0,0,0,0,0,0,0,F,F,"1924NY1.EVN.regular.event.csv",4432
"NY1192409230","PIT",3,1,0,0,0,"",0,0,"jackt101","?","jackt101","?","meadl101","?","meadl101","?","smite106","grimc101","marar101","trayp101","wrigg102","cuylk101","carem101","moore102","","","","7/F7S","T","F",6,7,2,"T","T",0,"F","F",1,"F","F",0,"F","F",7,"F","F","F","7S",0,0,"N",0,"N",0,"N",0,0,0,0,"7","","","","F","F","F","F","F","F","F","F","F","","","","F","F","F","F","F","","","","",0,7,0,0,0,0,0,0,0,19,"NY1","NY1","PIT",1,"T","F",0,0,0,6,0,"T","F",0,0,"T","T","gowdh101","mcquh101","T","T",0,0,0,0,0,0,0,0,0,"","","",0,0,0,0,0,0,0,0,0,0,0,0,0,"cuylk101","F","F","F","F",0,0,0,0,0,0,0,0,0,0,F,F,"1924NY1.EVN.regular.event.csv",4433
"NY1192409230","PIT",3,1,1,0,0,"",0,0,"gowdh101","?","gowdh101","?","meadl101","?","meadl101","?","smite106","grimc101","marar101","trayp101","wrigg102","cuylk101","carem101","moore102","","","","63","F","F",2,8,2,"T","T",0,"F","F",1,"F","F",0,"F","F",6,"G","F","F","",0,0,"N",0,"N",0,"N",0,0,0,0,"63","","","","F","F","F","F","F","F","F","F","F","","","","F","F","F","F","F","","","","",0,3,0,0,6,0,0,0,0,20,"NY1","NY1","PIT",1,"F","F",0,0,0,7,1,"T","F",0,0,"T","T","mcquh101","lindf101","T","T",0,0,0,0,0,0,0,0,0,"","","",0,0,0,0,0,0,0,0,0,0,0,0,0,"wrigg102","F","F","F","F",0,0,0,0,0,0,0,0,0,0,F,F,"1924NY1.EVN.regular.event.csv",4434
"NY1192409230","PIT",3,1,2,0,0,"",0,0,"mcquh101","?","mcquh101","?","meadl101","?","meadl101","?","smite106","grimc101","marar101","trayp101","wrigg102","cuylk101","carem101","moore102","","","","3/G","F","F",1,9,2,"T","T",0,"F","F",1,"F","F",0,"F","F",3,"G","F","F","",0,0,"N",0,"N",0,"N",0,0,0,0,"3","","","","F","F","F","F","F","F","F","F","F","","","","F","F","F","F","F","","","","",0,3,0,0,0,0,0,0,0,21,"NY1","NY1","PIT",1,"F","T",0,0,0,8,2,"T","F",0,0,"T","T","lindf101","oconj102","T","T",0,0,0,0,0,0,0,0,0,"","","",0,0,0,0,0,0,0,0,0,0,0,0,0,"grimc101","F","F","F","F",0,0,0,0,0,0,0,0,0,0,F,F,"1924NY1.EVN.regular.event.csv",4435
"NY1192409230","PIT",4,0,0,0,0,"",0,0,"cuylk101","?","cuylk101","?","mcquh101","?","mcquh101","?","gowdh101","terrb101","kellg101","lindf101","jackt101","wilsh102","oconj102","younr101","","","","K/C","T","F",7,3,3,"T","T",0,"F","F",1,"F","F",0,"F","F",0,"","F","F","",0,0,"N",0,"N",0,"N",0,0,0,0,"2","","","","F","F","F","F","F","F","F","F","F","","","","F","F","F","F","F","","","","",0,2,0,0,0,0,0,0,0,22,"NY1","PIT","NY1",0,"T","F",0,0,0,11,0,"T","F",0,0,"T","T","wrigg102","trayp101","T","T",0,0,0,0,0,0,0,0,0,"","","",0,0,0,0,0,0,0,0,0,0,0,0,0,"","F","F","F","F",0,0,0,0,0,0,0,0,0,0,F,F,"1924NY1.EVN.regular.event.csv",4436
"NY1192409230","PIT",4,0,1,0,0,"",0,0,"wrigg102","?","wrigg102","?","mcquh101","?","mcquh101","?","gowdh101","terrb101","kellg101","lindf101","jackt101","wilsh102","oconj102","younr101","","","","8/F8XD","F","F",6,4,2,"T","T",0,"F","F",1,"F","F",0,"F","F",8,"F","F","F","8XD",0,0,"N",0,"N",0,"N",0,0,0,0,"8","","","","F","F","F","F","F","F","F","F","F","","","","F","F","F","F","F","","","","",0,8,0,0,0,0,0,0,0,23,"NY1","PIT","NY1",0,"F","F",0,0,0,12,1,"T","F",0,0,"T","T","trayp101","marar101","T","T",0,0,0,0,0,0,0,0,0,"","","",0,0,0,0,0,0,0,0,0,0,0,0,0,"oconj102","F","F","F","F",0,0,0,0,0,0,0,0,0,0,F,F,"1924NY1.EVN.regular.event.csv",4437
"NY1192409230","PIT",4,0,2,0,0,"",0,0,"trayp101","?","trayp101","?","mcquh101","?","mcquh101","?","gowdh101","terrb101","kellg101","lindf101","jackt101","wilsh102","oconj102","younr101","","","","K","F","F",5,5,3,"T","T",0,"F","F",1,"F","F",0,"F","F",0,"","F","F","",0,0,"N",0,"N",0,"N",0,0,0,0,"2","","","","F","F","F","F","F","F","F","F","F","","","","F","F","F","F","F","","","","",0,2,0,0,0,0,0,0,0,24,"NY1","PIT","NY1",0,"F","T",0,0,0,13,2,"T","F",0,0,"T","T","marar101","grimc101","T","T",0,0,0,0,0,0,0,0,0,"","","",0,0,0,0,0,0,0,0,0,0,0,0,0,"","F","F","F","F",0,0,0,0,0,0,0,0,0,0,F,F,"1924NY1.EVN.regular.event.csv",4438
"NY1192409230","PIT",4,1,0,0,0,"",0,0,"lindf101","?","lindf101","?","meadl101","?","meadl101","?","smite106","grimc101","marar101","trayp101","wrigg102","cuylk101","carem101","moore102","","","","S8/G46","T","F",5,1,20,"T","T",1,"F","F",0,"F","F",0,"F","F",8,"G","F","F","46",0,0,"N",0,"N",0,"N",1,0,0,0,"","","","","F","F","F","F","F","F","F","F","F","","","","F","F","F","F","F","","","","",0,0,0,0,0,0,0,0,0,25,"NY1","NY1","PIT",1,"T","F",0,0,0,9,0,"T","F",0,1,"T","T","oconj102","younr101","T","T",0,0,0,0,0,0,0,0,0,"","","",0,0,0,0,0,0,0,0,0,0,0,0,0,"carem101","F","F","F","F",4,0,0,0,2,0,0,0,0,0,F,F,"1924NY1.EVN.regular.event.csv",4439
"NY1192409230","PIT",4,1,0,2,2,"",0,0,"oconj102","?","oconj102","?","meadl101","?","meadl101","?","smite106","grimc101","marar101","trayp101","wrigg102","cuylk101","carem101","moore102","lindf101","","","HR/L9D.1-H","F","F",8,2,23,"T","T",4,"F","F",0,"F","F",2,"F","F",0,"L","F","F","9D",0,0,"N",0,"N",0,"N",4,4,0,0,"","","","","F","F","F","F","F","F","F","F","F","meadl101","","","F","F","F","F","F","","","","",0,0,0,0,0,0,0,0,0,26,"NY1","NY1","PIT",1,"F","F",0,0,0,10,1,"T","F",1,0,"T","T","younr101","kellg101","T","T",5,1,25,0,0,0,0,0,0,"smite106","","",0,0,0,0,0,0,0,0,0,0,0,0,2,"","F","F","F","F",4,4,0,0,0,0,0,0,0,0,F,F,"1924NY1.EVN.regular.event.csv",4440
"NY1192409230","PIT",4,1,0,0,0,"",0,2,"younr101","?","younr101","?","meadl101","?","meadl101","?","smite106","grimc101","marar101","trayp101","wrigg102","cuylk101","carem101","moore102","","","","53","F","F",9,3,2,"T","T",0,"F","F",1,"F","F",0,"F","F",5,"G","F","F","",0,0,"N",0,"N",0,"N",0,0,0,0,"53","","","","F","F","F","F","F","F","F","F","F","","","","F","F","F","F","F","","","","",0,3,0,0,5,0,0,0,0,27,"NY1","NY1","PIT",1,"F","F",2,0,2,11,2,"T","F",0,0,"T","T","kellg101","terrb101","T","T",0,0,0,0,0,0,0,0,0,"","","",0,0,0,0,0,0,0,0,0,0,0,0,0,"trayp101","F","F","F","F",0,0,0,0,0,0,0,0,0,0,F,F,"1924NY1.EVN.regular.event.csv",4441
"NY1192409230","PIT",4,1,1,0,0,"",0,2,"kellg101","?","kellg101","?","meadl101","?","meadl101","?","smite106","grimc101","marar101","trayp101","wrigg102","cuylk101","carem101","moore102","","","","4/P","F","F",4,4,2,"T","T",0,"F","F",1,"F","F",0,"F","F",4,"P","F","F","",0,0,"N",0,"N",0,"N",0,0,0,0,"4","","","","F","F","F","F","F","F","F","F","F","","","","F","F","F","F","F","","","","",0,4,0,0,0,0,0,0,0,28,"NY1","NY1","PIT",1,"F","F",2,0,2,12,3,"T","F",0,0,"T","T","terrb101","wilsh102","T","T",0,0,0,0,0,0,0,0,0,"","","",0,0,0,0,0,0,0,0,0,0,0,0,0,"marar101","F","F","F","F",0,0,0,0,0,0,0,0,0,0,F,F,"1924NY1.EVN.regular.event.csv",4442
"NY1192409230","PIT",4,1,2,0,0,"",0,2,"terrb101","?","terrb101","?","meadl101","?","meadl101","?","smite106","grimc101","marar101","trayp101","wrigg102","cuylk101","carem101","moore102","","","","63/G6M","F","F",3,5,2,"T","T",0,"F","F",1,"F","F",0,"F","F",6,"G","F","F","6M",0,0,"N",0,"N",0,"N",0,0,0,0,"63","","","","F","F","F","F","F","F","F","F","F","","","","F","F","F","F","F","","","","",0,3,0,0,6,0,0,0,0,29,"NY1","NY1","PIT",1,"F","T",2,0,2,13,4,"T","F",0,0,"T","T","wilsh102","jackt101","T","T",0,0,0,0,0,0,0,0,0,"","","",0,0,0,0,0,0,0,0,0,0,0,0,0,"wrigg102","F","F","F","F",0,0,0,0,0,0,0,0,0,0,F,F,"1924NY1.EVN.regular.event.csv",4443
"NY1192409230","PIT",5,0,0,0,0,"",0,2,"marar101","?","marar101","?","mcquh101","?","mcquh101","?","gowdh101","terrb101","kellg101","lindf101","jackt101","wilsh102","oconj102","younr101","","","","63","T","F",4,6,2,"T","T",0,"F","F",1,"F","F",0,"F","F",6,"G","F","F","",0,0,"N",0,"N",0,"N",0,0,0,0,"63","","","","F","F","F","F","F","F","F","F","F","","","","F","F","F","F","F","","","","",0,3,0,0,6,0,0,0,0,30,"NY1","PIT","NY1",0,"T","F",0,2,0,14,0,"T","F",0,0,"T","T","grimc101","smite106","T","T",0,0,0,0,0,0,0,0,0,"","","",0,0,0,0,0,0,0,0,0,0,0,0,0,"jackt101","F","F","F","F",0,0,0,0,0,0,0,0,0,0,F,F,"1924NY1.EVN.regular.event.csv",4444
"NY1192409230","PIT",5,0,1,0,0,"",0,2,"grimc101","?","grimc101","?","mcquh101","?","mcquh101","?","gowdh101","terrb101","kellg101","lindf101","jackt101","wilsh102","oconj102","younr101","","","","3/G","F","F",3,7,2,"T","T",0,"F","F",1,"F","F",0,"F","F",3,"G","F","F","",0,0,"N",0,"N",0,"N",0,0,0,0,"3","","","","F","F","F","F","F","F","F","F","F","","","","F","F","F","F","F","","","","",0,3,0,0,0,0,0,0,0,31,"NY1","PIT","NY1",0,"F","F",0,2,0,15,1,"T","F",0,0,"T","T","smite106","meadl101","T","T",0,0,0,0,0,0,0,0,0,"","","",0,0,0,0,0,0,0,0,0,0,0,0,0,"terrb101","F","F","F","F",0,0,0,0,0,0,0,0,0,0,F,F,"1924NY1.EVN.regular.event.csv",4445
"NY1192409230","PIT",5,0,2,0,0,"",0,2,"smite106","?","smite106","?","mcquh101","?","mcquh101","?","gowdh101","terrb101","kellg101","lindf101","jackt101","wilsh102","oconj102","younr101","","","","3/G","F","F",2,8,2,"T","T",0,"F","F",1,"F","F",0,"F","F",3,"G","F","F","",0,0,"N",0,"N",0,"N",0,0,0,0,"3","","","","F","F","F","F","F","F","F","F","F","","","","F","F","F","F","F","","","","",0,3,0,0,0,0,0,0,0,32,"NY1","PIT","NY1",0,"F","T",0,2,0,16,2,"T","F",0,0,"T","T","meadl101","moore102","T","T",0,0,0,0,0,0,0,0,0,"","","",0,0,0,0,0,0,0,0,0,0,0,0,0,"terrb101","F","F","F","F",0,0,0,0,0,0,0,0,0,0,F,F,"1924NY1.EVN.regular.event.csv",4446
"NY1192409230","PIT",5,1,0,0,0,"",0,2,"wilsh102","?","wilsh102","?","meadl101","?","meadl101","?","smite106","grimc101","marar101","trayp101","wrigg102","cuylk101","carem101","moore102","","","","63","T","F",7,6,2,"T","T",0,"F","F",1,"F","F",0,"F","F",6,"G","F","F","",0,0,"N",0,"N",0,"N",0,0,0,0,"63","","","","F","F","F","F","F","F","F","F","F","","","","F","F","F","F","F","","","","",0,3,0,0,6,0,0,0,0,33,"NY1","NY1","PIT",1,"T","F",2,0,0,14,0,"T","F",0,0,"T","T","jackt101","gowdh101","T","T",0,0,0,0,0,0,0,0,0,"","","",0,0,0,0,0,0,0,0,0,0,0,0,0,"wrigg102","F","F","F","F",0,0,0,0,0,0,0,0,0,0,F,F,"1924NY1.EVN.regular.event.csv",4447
"NY1192409230","PIT",5,1,1,0,0,"",0,2,"jackt101","?","jackt101","?","meadl101","?","meadl101","?","smite106","grimc101","marar101","trayp101","wrigg102","cuylk101","carem101","moore102","","","","13/BG","F","F",6,7,2,"T","T",0,"F","F",1,"F","F",0,"F","F",1,"G","T","F","",0,0,"N",0,"N",0,"N",0,0,0,0,"13","","","","F","F","F","F","F","F","F","F","F","","","","F","F","F","F","F","","","","",0,3,0,0,1,0,0,0,0,34,"NY1","NY1","PIT",1,"F","F",2,0,0,15,1,"T","F",0,0,"T","T","gowdh101","mcquh101","T","T",0,0,0,0,0,0,0,0,0,"","","",0,0,0,0,0,0,0,0,0,0,0,0,0,"meadl101","F","F","F","F",0,0,0,0,0,0,0,0,0,0,F,F,"1924NY1.EVN.regular.event.csv",4448
"NY1192409230","PIT",5,1,2,0,0,"",0,2,"gowdh101","?","gowdh101","?","meadl101","?","meadl101","?","smite106","grimc101","marar101","trayp101","wrigg102","cuylk101","carem101","moore102","","","","53","F","F",2,8,2,"T","T",0,"F","F",1,"F","F",0,"F","F",5,"G","F","F","",0,0,"N",0,"N",0,"N",0,0,0,0,"53","","","","F","F","F","F","F","F","F","F","F","","","","F","F","F","F","F","","","","",0,3,0,0,5,0,0,0,0,35,"NY1","NY1","PIT",1,"F","T",2,0,0,16,2,"T","F",0,0,"T","T","mcquh101","lindf101","T","T",0,0,0,0,0,0,0,0,0,"","","",0,0,0,0,0,0,0,0,0,0,0,0,0,"trayp101","F","F","F","F",0,0,0,0,0,0,0,0,0,0,F,F,"1924NY1.EVN.regular.event.csv",4449
"NY1192409230","PIT",6,0,0,0,0,"",0,2,"meadl101","?","meadl101","?","mcquh101","?","mcquh101","?","gowdh101","terrb101","kellg101","lindf101","jackt101","wilsh102","oconj102","younr101","","","","43","T","F",1,9,2,"T","T",0,"F","F",1,"F","F",0,"F","F",4,"G","F","F","",0,0,"N",0,"N",0,"N",0,0,0,0,"43","","","","F","F","F","F","F","F","F","F","F","","","","F","F","F","F","F","","","","",0,3,0,0,4,0,0,0,0,36,"NY1","PIT","NY1",0,"T","F",0,2,0,17,0,"T","F",0,0,"T","T","moore102","carem101","T","T",0,0,0,0,0,0,0,0,0,"","","",0,0,0,0,0,0,0,0,0,0,0,0,0,"kellg101","F","F","F","F",0,0,0,0,0,0,0,0,0,0,F,F,"1924NY1.EVN.regular.event.csv",4450
"NY1192409230","PIT",6,0,1,0,0,"",0,2,"moore102","?","moore102","?","mcquh101","?","mcquh101","?","gowdh101","terrb101","kellg101","lindf101","jackt101","wilsh102","oconj102","younr101","","","","7/F","F","F",9,1,2,"T","T",0,"F","F",1,"F","F",0,"F","F",7,"F","F","F","",0,0,"N",0,"N",0,"N",0,0,0,0,"7","","","","F","F","F","F","F","F","F","F","F","","","","F","F","F","F","F","","","","",0,7,0,0,0,0,0,0,0,37,"NY1","PIT","NY1",0,"F","F",0,2,0,18,1,"T","F",0,0,"T","T","carem101","cuylk101","T","T",0,0,0,0,0,0,0,0,0,"","","",0,0,0,0,0,0,0,0,0,0,0,0,0,"wilsh102","F","F","F","F",0,0,0,0,0,0,0,0,0,0,F,F,"1924NY1.EVN.regular.event.csv",4451
"NY1192409230","PIT",6,0,2,0,0,"",0,2,"carem101","?","carem101","?","mcquh101","?","mcquh101","?","gowdh101","terrb101","kellg101","lindf101","jackt101","wilsh102","oconj102","younr101","","","","2/FL","F","F",8,2,2,"T","T",0,"F","F",1,"F","F",0,"F","F",2,"F","F","T","",0,0,"N",0,"N",0,"N",0,0,0,0,"2","","","","F","F","F","F","F","F","F","F","F","","","","F","F","F","F","F","","","","",0,2,0,0,0,0,0,0,0,38,"NY1","PIT","NY1",0,"F","T",0,2,0,19,2,"T","F",0,0,"T","T","cuylk101","wrigg102","T","T",0,0,0,0,0,0,0,0,0,"","","",0,0,0,0,0,0,0,0,0,0,0,0,0,"gowdh101","F","F","F","F",0,0,0,0,0,0,0,0,0,0,F,F,"1924NY1.EVN.regular.event.csv",4452
"NY1192409230","PIT",6,1,0,0,0,"X",0,2,"mcquh101","?","mcquh101","?","meadl101","?","meadl101","?","smite106","grimc101","marar101","trayp101","wrigg102","cuylk101","carem101","moore102","","","","13/BG","T","F",1,9,2,"T","T",0,"F","F",1,"F","F",0,"F","F",1,"G","T","F","",0,0,"N",0,"N",0,"N",0,0,0,0,"13","","","","F","F","F","F","F","F","F","F","F","","","","F","F","F","F","F","","","","",0,3,0,0,1,0,0,0,0,39,"NY1","NY1","PIT",1,"T","F",2,0,0,17,0,"T","F",0,0,"T","T","lindf101","oconj102","T","T",0,0,0,0,0,0,0,0,0,"","","",0,0,0,0,0,0,1,0,0,0,1,0,0,"meadl101","F","F","F","F",0,0,0,0,0,0,0,0,0,0,F,F,"1924NY1.EVN.regular.event.csv",4453
"NY1192409230","PIT",6,1,1,0,0,"",0,2,"lindf101","?","lindf101","?","meadl101","?","meadl101","?","smite106","grimc101","marar101","trayp101","wrigg102","cuylk101","carem101","moore102","","","","9/L","F","F",5,1,2,"T","T",0,"F","F",1,"F","F",0,"F","F",9,"L","F","F","",0,0,"N",0,"N",0,"N",0,0,0,0,"9","","","","F","F","F","F","F","F","F","F","F","","","","F","F","F","F","F","","","","",0,9,0,0,0,0,0,0,0,40,"NY1","NY1","PIT",1,"F","F",2,0,0,18,1,"T","F",0,0,"T","T","oconj102","younr101","T","T",0,0,0,0,0,0,0,0,0,"","","",0,0,0,0,0,0,0,0,0,0,0,0,0,"moore102","F","F","F","F",0,0,0,0,0,0,0,0,0,0,F,F,"1924NY1.EVN.regular.event.csv",4454
"NY1192409230","PIT",6,1,2,0,0,"",0,2,"oconj102","?","oconj102","?","meadl101","?","meadl101","?","smite106","grimc101","marar101","trayp101","wrigg102","cuylk101","carem101","moore102","","","","K","F","F",8,2,3,"T","T",0,"F","F",1,"F","F",0,"F","F",0,"","F","F","",0,0,"N",0,"N",0,"N",0,0,0,0,"2","","","","F","F","F","F","F","F","F","F","F","","","","F","F","F","F","F","","","","",0,2,0,0,0,0,0,0,0,41,"NY1","NY1","PIT",1,"F","T",2,0,0,19,2,"T","F",0,0,"T","T","younr101","kellg101","T","T",0,0,0,0,0,0,0,0,0,"","","",0,0,0,0,0,0,0,0,0,0,0,0,0,"","F","F","F","F",0,0,0,0,0,0,0,0,0,0,F,F,"1924NY1.EVN.regular.event.csv",4455
"NY1192409230","PIT",7,0,0,0,0,"",0,2,"cuylk101","?","cuylk101","?","mcquh101","?","mcquh101","?","gowdh101","terrb101","kellg101","lindf101","jackt101","wilsh102","oconj102","younr101","","","","D7/7DW","T","F",7,3,21,"T","T",2,"F","F",0,"F","F",0,"F","F",7,"","F","F","7DW",0,0,"N",0,"N",0,"N",2,0,0,0,"","","","","F","F","F","F","F","F","F","F","F","","","","F","F","F","F","F","","","","",0,0,0,0,0,0,0,0,0,42,"NY1","PIT","NY1",0,"T","F",0,2,0,20,0,"T","F",0,2,"T","T","wrigg102","trayp101","T","T",0,0,0,0,0,0,0,0,0,"","","",0,0,0,0,0,0,0,0,0,0,0,0,0,"wilsh102","F","F","F","F",0,0,0,0,0,0,0,0,0,0,F,F,"1924NY1.EVN.regular.event.csv",4456
"NY1192409230","PIT",7,0,0,0,0,"",0,2,"wrigg102","?","wrigg102","?","mcquh101","?","mcquh101","?","gowdh101","terrb101","kellg101","lindf101","jackt101","wilsh102","oconj102","younr101","","cuylk101","","3/P13","F","F",6,4,2,"T","T",0,"F","F",1,"F","F",0,"F","F",3,"P","F","F","13",0,0,"N",0,"N",0,"N",0,0,2,0,"3","","","","F","F","F","F","F","F","F","F","F","","mcquh101","","F","F","F","F","F","","","","",0,3,0,0,0,0,0,0,0,43,"NY1","PIT","NY1",0,"F","F",0,2,0,21,1,"T","F",2,2,"T","T","trayp101","marar101","T","T",0,0,0,7,3,42,0,0,0,"","gowdh101","",0,0,0,0,0,0,0,0,0,0,0,0,0,"terrb101","F","F","F","F",0,0,0,0,0,0,0,0,0,0,F,F,"1924NY1.EVN.regular.event.csv",4457
"NY1192409230","PIT",7,0,1,0,0,"",0,2,"trayp101","?","trayp101","?","mcquh101","?","mcquh101","?","gowdh101","terrb101","kellg101","lindf101","jackt101","wilsh102","oconj102","younr101","","cuylk101","","S6/G6M.2-3","F","F",5,5,20,"T","T",1,"F","F",0,"F","F",0,"F","F",6,"G","F","F","6M",0,0,"N",0,"N",0,"N",1,0,3,0,"","","","","F","F","F","F","F","F","F","F","F","","mcquh101","","F","F","F","F","F","","","","",0,0,0,0,0,0,0,0,0,44,"NY1","PIT","NY1",0,"F","F",0,2,0,22,2,"T","F",2,5,"T","T","marar101","grimc101","T","T",0,0,0,7,3,42,0,0,0,"","gowdh101","",0,0,0,0,0,0,0,0,0,0,0,0,0,"jackt101","F","F","F","F",0,0,0,0,0,0,0,0,0,0,F,F,"1924NY1.EVN.regular.event.csv",4458
"NY1192409230","PIT",7,0,1,0,0,"",0,2,"marar101","?","marar101","?","mcquh101","?","mcquh101","?","gowdh101","terrb101","kellg101","lindf101","jackt101","wilsh102","oconj102","younr101","trayp101","","cuylk101","46(1)3/GDP","F","F",4,6,2,"T","T",0,"F","F",2,"T","F",0,"F","F",4,"G","F","F","",0,0,"N",0,"N",0,"N",0,0,0,3,"63","46","","","F","F","F","F","F","F","F","F","F","mcquh101","","mcquh101","F","F","F","F","F","","","","",0,6,3,0,4,6,0,0,0,45,"NY1","PIT","NY1",0,"F","T",0,2,0,23,3,"T","F",5,4,"T","T","grimc101","smite106","T","T",5,5,44,0,0,0,7,3,42,"gowdh101","","gowdh101",0,0,0,0,0,0,0,0,0,0,0,0,0,"kellg101","T","F","F","F",0,0,0,0,0,0,0,0,0,0,F,F,"1924NY1.EVN.regular.event.csv",4459
"NY1192409230","PIT",7,1,0,0,0,"",0,2,"younr101","?","younr101","?","meadl101","?","meadl101","?","smite106","grimc101","marar101","trayp101","wrigg102","cuylk101","carem101","moore102","","","","W","T","F",9,3,14,"T","F",0,"F","F",0,"F","F",0,"F","F",0,"","F","F","",0,0,"N",0,"N",0,"N",1,0,0,0,"","","","","F","F","F","F","F","F","F","F","F","","","","F","F","F","F","F","","","","",0,0,0,0,0,0,0,0,0,46,"NY1","NY1","PIT",1,"T","F",2,0,0,20,0,"T","F",0,1,"T","T","kellg101","terrb101","T","T",0,0,0,0,0,0,0,0,0,"","","",0,0,0,0,0,0,0,0,0,0,0,0,0,"","F","F","F","F",4,0,0,0,3,0,0,0,0,0,F,F,"1924NY1.EVN.regular.event.csv",4460
"NY1192409230","PIT",7,1,0,0,0,"",0,2,"kellg101","?","kellg101","?","meadl101","?","meadl101","?","smite106","grimc101","marar101","trayp101","wrigg102","cuylk101","carem101","moore102","younr101","","","K","F","F",4,4,3,"T","T",0,"F","F",1,"F","F",0,"F","F",0,"","F","F","",0,0,"N",0,"N",0,"N",0,1,0,0,"2","","","","F","F","F","F","F","F","F","F","F","meadl101","","","F","F","F","F","F","","","","",0,2,0,0,0,0,0,0,0,47,"NY1","NY1","PIT",1,"F","F",2,0,0,21,1,"T","F",1,1,"T","T","terrb101","wilsh102","T","T",9,3,46,0,0,0,0,0,0,"smite106","","",0,0,0,0,0,0,0,0,0,0,0,0,0,"","F","F","F","F",0,4,0,0,3,0,0,0,0,0,F,F,"1924NY1.EVN.regular.event.csv",4461
"NY1192409230","PIT",7,1,1,0,0,"",0,2,"terrb101","?","terrb101","?","meadl101","?","meadl101","?","smite106","grimc101","marar101","trayp101","wrigg102","cuylk101","carem101","moore102","younr101","","","W.1-2","F","F",3,5,14,"T","F",0,"F","F",0,"F","F",0,"F","F",0,"","F","F","",0,0,"N",0,"N",0,"N",1,2,0,0,"","","","","F","F","F","F","F","F","F","F","F","meadl101","","","F","F","F","F","F","","","","",0,0,0,0,0,0,0,0,0,48,"NY1","NY1","PIT",1,"F","F",2,0,0,22,2,"T","F",1,3,"T","T","wilsh102","jackt101","T","T",9,3,46,0,0,0,0,0,0,"smite106","","",0,0,0,0,0,0,0,0,0,0,0,0,0,"","F","F","F","F",4,4,0,0,3,0,0,0,0,0,F,F,"1924NY1.EVN.regular.event.csv",4462
"NY1192409230","PIT",7,1,1,0,0,"",0,2,"wilsh102","?","wilsh102","?","meadl101","?","meadl101","?","smite106","grimc101","marar101","trayp101","wrigg102","cuylk101","carem101","moore102","terrb101","younr101","","S9/9DW.2-3;1-2","F","F",7,6,20,"T","T",1,"F","F",0,"F","F",0,"F","F",9,"","F","F","9DW",0,0,"N",0,"N",0,"N",1,2,3,0,"","","","","F","F","F","F","F","F","F","F","F","meadl101","meadl101","","F","F","F","F","F","","","","",0,0,0,0,0,0,0,0,0,49,"NY1","NY1","PIT",1,"F","F",2,0,0,23,3,"T","F",3,7,"T","T","jackt101","gowdh101","T","T",3,5,48,9,3,46,0,0,0,"smite106","smite106","",0,0,0,0,0,0,0,0,0,0,0,0,0,"moore102","F","F","F","F",4,4,4,0,3,0,0,0,0,0,F,F,"1924NY1.EVN.regular.event.csv",4463
"NY1192409230","PIT",7,1,1,0,0,"",0,2,"jackt101","?","jackt101","?","meadl101","?","meadl101","?","smite106","grimc101","marar101","trayp101","wrigg102","cuylk101","carem101","moore102","wilsh102","terrb101","younr101","K","F","F",6,7,3,"T","T",0,"F","F",1,"F","F",0,"F","F",0,"","F","F","",0,0,"N",0,"N",0,"N",0,1,2,3,"2","","","","F","F","F","F","F","F","F","F","F","meadl101","meadl101","meadl101","F","F","F","F","F","","","","",0,2,0,0,0,0,0,0,0,50,"NY1","NY1","PIT",1,"F","F",2,0,0,24,4,"T","F",7,7,"T","T","gowdh101","mcquh101","T","T",7,6,49,3,5,48,9,3,46,"smite106","smite106","smite106",0,0,0,0,0,0,0,0,0,0,0,0,0,"","F","F","F","F",0,4,4,4,3,0,0,0,0,0,F,F,"1924NY1.EVN.regular.event.csv",4464
"NY1192409230","PIT",7,1,2,0,0,"",0,2,"gowdh101","?","gowdh101","?","meadl101","?","meadl101","?","smite106","grimc101","marar101","trayp101","wrigg102","cuylk101","carem101","moore102","wilsh102","terrb101","younr101","D9/L89S.3-H;2-H;1-H;B-3(E4/THH)","F","F",2,8,21,"T","T",2,"F","F",0,"F","F",3,"F","F",9,"L","F","F","89S",1,4,"T",0,"N",0,"N",3,4,4,4,"","","","","F","F","F","F","F","F","F","F","F","meadl101","meadl101","meadl101","F","F","F","F","F","","","","",0,0,0,0,0,0,0,0,0,51,"NY1","NY1","PIT",1,"F","F",2,0,0,25,5,"T","F",7,4,"T","T","mcquh101","lindf101","T","T",7,6,49,3,5,48,9,3,46,"smite106","smite106","smite106",0,0,0,0,0,0,0,0,0,0,0,0,3,"moore102","F","F","F","F",0,4,4,4,0,0,0,0,0,0,F,F,"1924NY1.EVN.regular.event.csv",4465
"NY1192409230","PIT",7,1,2,0,0,"X",0,5,"mcquh101","?","mcquh101","?","meadl101","?","meadl101","?","smite106","grimc101","marar101","trayp101","wrigg102","cuylk101","carem101","moore102","","","gowdh101","3/P","F","F",1,9,2,"T","T",0,"F","F",1,"F","F",0,"F","F",3,"P","F","F","",0,0,"N",0,"N",0,"N",0,0,0,3,"3","","","","F","F","F","F","F","F","F","F","F","","","meadl101","F","F","F","F","F","","","","",0,3,0,0,0,0,0,0,0,52,"NY1","NY1","PIT",1,"F","T",5,0,3,26,6,"T","F",4,4,"T","T","lindf101","oconj102","T","T",0,0,0,0,0,0,2,8,51,"","","smite106",0,0,0,0,0,0,1,0,0,0,1,0,0,"grimc101","F","F","F","F",0,0,0,0,0,0,0,0,0,0,F,F,"1924NY1.EVN.regular.event.csv",4466
"NY1192409230","PIT",8,0,0,0,0,"",0,5,"grimc101","?","grimc101","?","mcquh101","?","mcquh101","?","gowdh101","terrb101","kellg101","lindf101","jackt101","wilsh102","oconj102","younr101","","","","S7","T","F",3,7,20,"T","T",1,"F","F",0,"F","F",0,"F","F",7,"","F","F","",0,0,"N",0,"N",0,"N",1,0,0,0,"","","","","F","F","F","F","F","F","F","F","F","","","","F","F","F","F","F","","","","",0,0,0,0,0,0,0,0,0,53,"NY1","PIT","NY1",0,"T","F",0,5,0,24,0,"T","F",0,1,"T","T","smite106","meadl101","T","T",0,0,0,0,0,0,0,0,0,"","","",0,0,0,0,0,0,0,0,0,0,0,0,0,"wilsh102","F","F","F","F",4,0,0,0,1,0,0,0,0,0,F,F,"1924NY1.EVN.regular.event.csv",4467
"NY1192409230","PIT",8,0,0,0,0,"",0,5,"smite106","?","smite106","?","mcquh101","?","mcquh101","?","gowdh101","terrb101","kellg101","lindf101","jackt101","wilsh102","oconj102","younr101","grimc101","","","S9/3.1-3","F","F",2,8,20,"T","T",1,"F","F",0,"F","F",0,"F","F",9,"","F","F","3",0,0,"N",0,"N",0,"N",1,3,0,0,"","","","","F","F","F","F","F","F","F","F","F","mcquh101","","","F","F","F","F","F","","","","",0,0,0,0,0,0,0,0,0,54,"NY1","PIT","NY1",0,"F","F",0,5,0,25,1,"T","F",1,5,"T","T","meadl101","moore102","T","T",3,7,53,0,0,0,0,0,0,"gowdh101","","",0,0,0,0,0,0,0,0,0,0,0,0,0,"younr101","F","F","F","F",2,4,0,0,1,0,0,0,0,0,F,F,"1924NY1.EVN.regular.event.csv",4468
"NY1192409230","PIT",8,0,0,0,0,"",0,5,"bigbc101","?","bigbc101","?","mcquh101","?","mcquh101","?","gowdh101","terrb101","kellg101","lindf101","jackt101","wilsh102","oconj102","younr101","yde-e101","","grimc101","K/C","F","T",11,9,3,"T","T",0,"F","F",1,"F","F",0,"F","F",0,"","F","F","",0,0,"N",0,"N",0,"N",0,1,0,3,"2","","","","F","F","F","F","F","F","F","F","F","mcquh101","","mcquh101","F","F","T","F","F","smite106","","","meadl101",1,2,0,0,0,0,0,0,0,55,"NY1","PIT","NY1",0,"F","F",0,5,0,26,2,"T","F",5,5,"F","F","moore102","carem101","T","T",12,8,54,0,0,0,3,7,53,"gowdh101","","gowdh101",0,0,0,0,0,0,0,0,0,0,0,0,0,"","F","F","F","F",0,2,0,4,1,0,0,0,0,0,F,F,"1924NY1.EVN.regular.event.csv",4469
"NY1192409230","PIT",8,0,1,0,0,"",0,5,"moore102","?","moore102","?","mcquh101","?","mcquh101","?","gowdh101","terrb101","kellg101","lindf101","jackt101","wilsh102","oconj102","younr101","yde-e101","","grimc101","43.3-H;1-2","F","F",9,1,2,"T","T",0,"F","F",1,"F","F",1,"F","F",4,"G","F","F","",0,0,"N",0,"N",0,"N",0,2,0,4,"43","","","","F","F","F","F","F","F","F","F","F","mcquh101","","mcquh101","F","F","F","F","F","","","","",0,3,0,0,4,0,0,0,0,56,"NY1","PIT","NY1",0,"F","F",0,5,0,27,3,"T","F",5,2,"T","T","carem101","cuylk101","T","T",0,8,54,0,0,0,3,7,53,"gowdh101","","gowdh101",0,0,0,0,0,0,0,0,0,0,0,0,1,"kellg101","F","F","F","F",0,2,0,4,0,0,0,0,0,0,F,F,"1924NY1.EVN.regular.event.csv",4470
"NY1192409230","PIT",8,0,2,0,0,"",1,5,"carem101","?","carem101","?","mcquh101","?","mcquh101","?","gowdh101","terrb101","kellg101","lindf101","jackt101","wilsh102","oconj102","younr101","","yde-e101","","4/L","F","F",8,2,2,"T","T",0,"F","F",1,"F","F",0,"F","F",4,"L","F","F","",0,0,"N",0,"N",0,"N",0,0,2,0,"4","","","","F","F","F","F","F","F","F","F","F","","mcquh101","","F","F","F","F","F","","","","",0,4,0,0,0,0,0,0,0,57,"NY1","PIT","NY1",0,"F","T",1,5,1,28,4,"T","F",2,2,"T","T","cuylk101","wrigg102","T","T",0,0,0,0,8,54,0,0,0,"","gowdh101","",0,0,0,0,0,0,0,0,0,0,0,0,0,"kellg101","F","F","F","F",0,0,2,0,0,0,0,0,0,0,F,F,"1924NY1.EVN.regular.event.csv",4471
"NY1192409230","PIT",8,1,0,0,0,"",1,5,"lindf101","?","lindf101","?","songd101","?","songd101","?","schmw102","grimc101","marar101","trayp101","wrigg102","cuylk101","carem101","moore102","","","","7/F7D","T","F",5,1,2,"T","T",0,"F","F",1,"F","F",0,"F","F",7,"F","F","F","7D",0,0,"N",0,"N",0,"N",0,0,0,0,"7","","","","F","F","F","F","F","F","F","F","F","","","","F","F","F","F","F","","","","",0,7,0,0,0,0,0,0,0,58,"NY1","NY1","PIT",1,"T","F",5,1,0,27,0,"T","F",0,0,"T","T","oconj102","younr101","F","F",0,0,0,0,0,0,0,0,0,"","","",0,0,0,0,0,0,0,0,0,0,0,0,0,"cuylk101","F","F","F","F",0,0,0,0,0,0,0,0,0,0,F,F,"1924NY1.EVN.regular.event.csv",4472
"NY1192409230","PIT",8,1,1,0,0,"",1,5,"oconj102","?","oconj102","?","songd101","?","songd101","?","schmw102","grimc101","marar101","trayp101","wrigg102","cuylk101","carem101","moore102","","","","9/F","F","F",8,2,2,"T","T",0,"F","F",1,"F","F",0,"F","F",9,"F","F","F","",0,0,"N",0,"N",0,"N",0,0,0,0,"9","","","","F","F","F","F","F","F","F","F","F","","","","F","F","F","F","F","","","","",0,9,0,0,0,0,0,0,0,59,"NY1","NY1","PIT",1,"F","F",5,1,0,28,1,"T","F",0,0,"T","T","younr101","kellg101","F","F",0,0,0,0,0,0,0,0,0,"","","",0,0,0,0,0,0,0,0,0,0,0,0,0,"moore102","F","F","F","F",0,0,0,0,0,0,0,0,0,0,F,F,"1924NY1.EVN.regular.event.csv",4473
"NY1192409230","PIT",8,1,2,0,0,"",1,5,"younr101","?","younr101","?","songd101","?","songd101","?","schmw102","grimc101","marar101","trayp101","wrigg102","cuylk101","carem101","moore102","","","","D7/7S","F","F",9,3,21,"T","T",2,"F","F",0,"F","F",0,"F","F",7,"","F","F","7S",0,0,"N",0,"N",0,"N",2,0,0,0,"","","","","F","F","F","F","F","F","F","F","F","","","","F","F","F","F","F","","","","",0,0,0,0,0,0,0,0,0,60,"NY1","NY1","PIT",1,"F","F",5,1,0,29,2,"T","F",0,2,"T","T","kellg101","terrb101","F","F",0,0,0,0,0,0,0,0,0,"","","",0,0,0,0,0,0,0,0,0,0,0,0,0,"cuylk101","F","F","F","F",0,0,0,0,0,0,0,0,0,0,F,F,"1924NY1.EVN.regular.event.csv",4474
"NY1192409230","PIT",8,1,2,0,0,"",1,5,"kellg101","?","kellg101","?","songd101","?","songd101","?","schmw102","grimc101","marar101","trayp101","wrigg102","cuylk101","carem101","moore102","","younr101","","W","F","F",4,4,14,"T","F",0,"F","F",0,"F","F",0,"F","F",0,"","F","F","",0,0,"N",0,"N",0,"N",1,0,2,0,"","","","","F","F","F","F","F","F","F","F","F","","songd101","","F","F","F","F","F","","","","",0,0,0,0,0,0,0,0,0,61,"NY1","NY1","PIT",1,"F","F",5,1,0,30,3,"T","F",2,3,"T","T","terrb101","wilsh102","F","F",0,0,0,9,3,60,0,0,0,"","schmw102","",0,0,0,0,0,0,0,0,0,0,0,0,0,"","F","F","F","F",0,0,0,0,0,0,0,0,0,0,F,F,"1924NY1.EVN.regular.event.csv",4475
"NY1192409230","PIT",8,1,2,0,0,"",1,5,"terrb101","?","terrb101","?","songd101","?","songd101","?","schmw102","grimc101","marar101","trayp101","wrigg102","cuylk101","carem101","moore102","kellg101","younr101","","9/F","F","F",3,5,2,"T","T",0,"F","F",1,"F","F",0,"F","F",9,"F","F","F","",0,0,"N",0,"N",0,"N",0,1,2,0,"9","","","","F","F","F","F","F","F","F","F","F","songd101","songd101","","F","F","F","F","F","","","","",0,9,0,0,0,0,0,0,0,62,"NY1","NY1","PIT",1,"F","T",5,1,0,31,4,"T","F",3,3,"T","T","wilsh102","jackt101","F","F",4,4,61,9,3,60,0,0,0,"schmw102","schmw102","",0,0,0,0,0,0,0,0,0,0,0,0,0,"moore102","F","F","F","F",0,0,0,0,0,0,0,0,0,0,F,F,"1924NY1.EVN.regular.event.csv",4476
"NY1192409230","PIT",9,0,0,0,2,"KKK",1,5,"cuylk101","?","cuylk101","?","mcquh101","?","mcquh101","?","gowdh101","terrb101","kellg101","lindf101","jackt101","wilsh102","oconj102","younr101","","","","K","T","F",7,3,3,"T","T",0,"F","F",1,"F","F",0,"F","F",0,"","F","F","",0,0,"N",0,"N",0,"N",0,0,0,0,"2","","","","F","F","F","F","F","F","F","F","F","","","","F","F","F","F","F","","","","",0,2,0,0,0,0,0,0,0,63,"NY1","PIT","NY1",0,"T","F",1,5,0,29,0,"T","F",0,0,"T","T","wrigg102","trayp101","T","T",0,0,0,0,0,0,0,0,0,"","","",0,0,0,0,0,0,3,0,0,0,0,3,0,"","F","F","F","F",0,0,0,0,0,0,0,0,0,0,F,F,"1924NY1.EVN.regular.event.csv",4477
"NY1192409230","PIT",9,0,1,0,0,"",1,5,"wrigg102","?","wrigg102","?","mcquh101","?","mcquh101","?","gowdh101","terrb101","kellg101","lindf101","jackt101","wilsh102","oconj102","younr101","","","","63","F","F",6,4,2,"T","T",0,"F","F",1,"F","F",0,"F","F",6,"G","F","F","",0,0,"N",0,"N",0,"N",0,0,0,0,"63","","","","F","F","F","F","F","F","F","F","F","","","","F","F","F","F","F","","","","",0,3,0,0,6,0,0,0,0,64,"NY1","PIT","NY1",0,"F","F",1,5,0,30,1,"T","F",0,0,"T","T","trayp101","marar101","T","T",0,0,0,0,0,0,0,0,0,"","","",0,0,0,0,0,0,0,0,0,0,0,0,0,"jackt101","F","F","F","F",0,0,0,0,0,0,0,0,0,0,F,F,"1924NY1.EVN.regular.event.csv",4478
"NY1192409230","PIT",9,0,2,0,0,"",1,5,"trayp101","?","trayp101","?","mcquh101","?","mcquh101","?","gowdh101","terrb101","kellg101","lindf101","jackt101","wilsh102","oconj102","younr101","","","","S1/BG3S","F","F",5,5,20,"T","T",1,"F","F",0,"F","F",0,"F","F",1,"G","T","F","3S",0,0,"N",0,"N",0,"N",1,0,0,0,"","","","","F","F","F","F","F","F","F","F","F","","","","F","F","F","F","F","","","","",0,0,0,0,0,0,0,0,0,65,"NY1","PIT","NY1",0,"F","F",1,5,0,31,2,"T","F",0,1,"T","T","marar101","grimc101","T","T",0,0,0,0,0,0,0,0,0,"","","",0,0,0,0,0,0,0,0,0,0,0,0,0,"mcquh101","F","F","F","F",3,0,0,0,0,0,0,0,0,0,F,F,"1924NY1.EVN.regular.event.csv",4479
"NY1192409230","PIT",9,0,2,0,0,"",1,5,"marar101","?","marar101","?","mcquh101","?","mcquh101","?","gowdh101","terrb101","kellg101","lindf101","jackt101","wilsh102","oconj102","younr101","trayp101","","","DI.1-2","F","F",4,6,5,"F","F",0,"F","F",0,"F","F",0,"F","F",0,"","F","F","",0,0,"N",0,"N",0,"N",0,2,0,0,"","","","","F","F","F","F","F","F","F","F","F","mcquh101","","","F","F","F","F","F","","","","",0,0,0,0,0,0,0,0,0,66,"NY1","PIT","NY1",0,"F","F",1,5,0,32,3,"T","F",1,2,"T","T","grimc101","schmw102","T","T",5,5,65,0,0,0,0,0,0,"gowdh101","","",0,0,0,0,0,0,0,0,0,0,0,0,0,"","F","F","F","F",0,3,0,0,0,0,0,0,0,0,F,F,"1924NY1.EVN.regular.event.csv",4480
"NY1192409230","PIT",9,0,2,0,0,"",1,5,"marar101","?","marar101","?","mcquh101","?","mcquh101","?","gowdh101","terrb101","kellg101","lindf101","jackt101","wilsh102","oconj102","younr101","","trayp101","","DI.2-3","F","F",4,6,5,"F","F",0,"F","F",0,"F","F",0,"F","F",0,"","F","F","",0,0,"N",0,"N",0,"N",0,0,3,0,"","","","","F","F","F","F","F","F","F","F","F","","mcquh101","","F","F","F","F","F","","","","",0,0,0,0,0,0,0,0,0,67,"NY1","PIT","NY1",0,"F","F",1,5,0,32,3,"F","F",2,4,"T","T","grimc101","schmw102","T","T",0,0,0,5,5,65,0,0,0,"","gowdh101","",0,0,0,0,0,0,0,0,0,0,0,0,0,"","F","F","F","F",0,0,3,0,0,0,0,0,0,0,F,F,"1924NY1.EVN.regular.event.csv",4481
"NY1192409230","PIT",9,0,2,0,0,"",1,5,"marar101","?","marar101","?","mcquh101","?","mcquh101","?","gowdh101","terrb101","kellg101","lindf101","jackt101","wilsh102","oconj102","younr101","","","trayp101","4/P","F","F",4,6,2,"T","T",0,"F","F",1,"F","F",0,"F","F",4,"P","F","F","",0,0,"N",0,"N",0,"N",0,0,0,3,"4","","","","F","F","F","F","F","F","F","F","F","","","mcquh101","F","T","F","F","F","","","","",0,4,0,0,0,0,0,0,0,68,"NY1","PIT","NY1",0,"F","T",1,5,0,32,3,"F","F",4,4,"T","T","grimc101","schmw102","T","T",0,0,0,0,0,0,5,5,65,"","","gowdh101",0,0,0,0,0,0,0,0,0,0,0,0,0,"kellg101","F","F","F","F",0,0,0,3,0,0,0,0,0,0,F,F,"1924NY1.EVN.regular.event.csv",4482
"NY1192409240","PIT",1,0,0,0,0,"",0,0,"bigbc101","?","bigbc101","?","barnv101","?","barnv101","?","gowdh101","terrb101","kellg101","lindf101","jackt101","meusi101","wilsh102","younr101","","","","K/C","T","F",7,1,3,"T","T",0,"F","F",1,"F","F",0,"F","F",0,"","F","F","",0,0,"N",0,"N",0,"N",0,0,0,0,"2","","","","F","F","F","F","F","F","F","F","F","","","","T","F","F","F","F","","","","",0,2,0,0,0,0,0,0,0,1,"NY1","PIT","NY1",0,"T","F",0,0,0,0,0,"T","F",0,0,"T","T","carem101","moore102","T","T",0,0,0,0,0,0,0,0,0,"","","",0,0,0,0,0,0,0,0,0,0,0,0,0,"","F","F","F","F",0,0,0,0,0,0,0,0,0,0,F,F,"1924NY1.EVN.regular.event.csv",4483
"NY1192409240","PIT",1,0,1,0,0,"",0,0,"carem101","?","carem101","?","barnv101","?","barnv101","?","gowdh101","terrb101","kellg101","lindf101","jackt101","meusi101","wilsh102","younr101","","","","13/BG","F","F",8,2,2,"T","T",0,"F","F",1,"F","F",0,"F","F",1,"G","T","F","",0,0,"N",0,"N",0,"N",0,0,0,0,"13","","","","F","F","F","F","F","F","F","F","F","","","","F","F","F","F","F","","","","",0,3,0,0,1,0,0,0,0,2,"NY1","PIT","NY1",0,"F","F",0,0,0,1,1,"T","F",0,0,"T","T","moore102","wrigg102","T","T",0,0,0,0,0,0,0,0,0,"","","",0,0,0,0,0,0,0,0,0,0,0,0,0,"barnv101","F","F","F","F",0,0,0,0,0,0,0,0,0,0,F,F,"1924NY1.EVN.regular.event.csv",4484
"NY1192409240","PIT",1,0,2,0,0,"X",0,0,"moore102","?","moore102","?","barnv101","?","barnv101","?","gowdh101","terrb101","kellg101","lindf101","jackt101","meusi101","wilsh102","younr101","","","","S7","F","F",9,3,20,"T","T",1,"F","F",0,"F","F",0,"F","F",7,"","F","F","",0,0,"N",0,"N",0,"N",1,0,0,0,"","","","","F","F","F","F","F","F","F","F","F","","","","F","F","F","F","F","","","","",0,0,0,0,0,0,0,0,0,3,"NY1","PIT","NY1",0,"F","F",0,0,0,2,2,"T","F",0,1,"T","T","wrigg102","trayp101","T","T",0,0,0,0,0,0,0,0,0,"","","",0,0,0,0,0,0,1,0,0,0,1,0,0,"meusi101","F","F","F","F",0,0,0,0,0,0,0,0,0,0,F,F,"1924NY1.EVN.regular.event.csv",4485
"NY1192409240","PIT",1,0,2,0,0,"",0,0,"wrigg102","?","wrigg102","?","barnv101","?","barnv101","?","gowdh101","terrb101","kellg101","lindf101","jackt101","meusi101","wilsh102","younr101","moore102","","","9/F89D","F","F",6,4,2,"T","T",0,"F","F",1,"F","F",0,"F","F",9,"F","F","F","89D",0,0,"N",0,"N",0,"N",0,1,0,0,"9","","","","F","F","F","F","F","F","F","F","F","barnv101","","","F","F","F","F","F","","","","",0,9,0,0,0,0,0,0,0,4,"NY1","PIT","NY1",0,"F","T",0,0,0,3,3,"T","F",1,1,"T","T","trayp101","marar101","T","T",9,3,3,0,0,0,0,0,0,"gowdh101","","",0,0,0,0,0,0,0,0,0,0,0,0,0,"younr101","F","F","F","F",0,0,0,0,0,0,0,0,0,0,F,F,"1924NY1.EVN.regular.event.csv",4486
"NY1192409240","PIT",1,1,0,0,0,"",0,0,"lindf101","?","lindf101","?","yde-e101","?","yde-e101","?","smite106","grimc101","marar101","trayp101","wrigg102","bigbc101","carem101","moore102","","","","43","T","F",5,1,2,"T","T",0,"F","F",1,"F","F",0,"F","F",4,"G","F","F","",0,0,"N",0,"N",0,"N",0,0,0,0,"43","","","","F","F","F","F","F","F","F","F","F","","","","F","F","F","F","F","","","","",0,3,0,0,4,0,0,0,0,5,"NY1","NY1","PIT",1,"T","F",0,0,0,0,0,"T","F",0,0,"T","T","younr101","kellg101","T","T",0,0,0,0,0,0,0,0,0,"","","",0,0,0,0,0,0,0,0,0,0,0,0,0,"marar101","F","F","F","F",0,0,0,0,0,0,0,0,0,0,F,F,"1924NY1.EVN.regular.event.csv",4487
"NY1192409240","PIT",1,1,1,0,0,"",0,0,"younr101","?","younr101","?","yde-e101","?","yde-e101","?","smite106","grimc101","marar101","trayp101","wrigg102","bigbc101","carem101","moore102","","","","63","F","F",9,2,2,"T","T",0,"F","F",1,"F","F",0,"F","F",6,"G","F","F","",0,0,"N",0,"N",0,"N",0,0,0,0,"63","","","","F","F","F","F","F","F","F","F","F","","","","F","F","F","F","F","","","","",0,3,0,0,6,0,0,0,0,6,"NY1","NY1","PIT",1,"F","F",0,0,0,1,1,"T","F",0,0,"T","T","kellg101","meusi101","T","T",0,0,0,0,0,0,0,0,0,"","","",0,0,0,0,0,0,0,0,0,0,0,0,0,"wrigg102","F","F","F","F",0,0,0,0,0,0,0,0,0,0,F,F,"1924NY1.EVN.regular.event.csv",4488
"NY1192409240","PIT",1,1,2,0,0,"",0,0,"kellg101","?","kellg101","?","yde-e101","?","yde-e101","?","smite106","grimc101","marar101","trayp101","wrigg102","bigbc101","carem101","moore102","","","","K","F","F",4,3,3,"T","T",0,"F","F",1,"F","F",0,"F","F",0,"","F","F","",0,0,"N",0,"N",0,"N",0,0,0,0,"2","","","","F","F","F","F","F","F","F","F","F","","","","F","F","F","F","F","","","","",0,2,0,0,0,0,0,0,0,7,"NY1","NY1","PIT",1,"F","T",0,0,0,2,2,"T","F",0,0,"T","T","meusi101","terrb101","T","T",0,0,0,0,0,0,0,0,0,"","","",0,0,0,0,0,0,0,0,0,0,0,0,0,"","F","F","F","F",0,0,0,0,0,0,0,0,0,0,F,F,"1924NY1.EVN.regular.event.csv",4489
"NY1192409240","PIT",2,0,0,0,0,"",0,0,"trayp101","?","trayp101","?","barnv101","?","barnv101","?","gowdh101","terrb101","kellg101","lindf101","jackt101","meusi101","wilsh102","younr101","","","","63","T","F",5,5,2,"T","T",0,"F","F",1,"F","F",0,"F","F",6,"G","F","F","",0,0,"N",0,"N",0,"N",0,0,0,0,"63","","","","F","F","F","F","F","F","F","F","F","","","","F","F","F","F","F","","","","",0,3,0,0,6,0,0,0,0,8,"NY1","PIT","NY1",0,"T","F",0,0,0,4,0,"T","F",0,0,"T","T","marar101","grimc101","T","T",0,0,0,0,0,0,0,0,0,"","","",0,0,0,0,0,0,0,0,0,0,0,0,0,"jackt101","F","F","F","F",0,0,0,0,0,0,0,0,0,0,F,F,"1924NY1.EVN.regular.event.csv",4490
"NY1192409240","PIT",2,0,1,0,0,"",0,0,"marar101","?","marar101","?","barnv101","?","barnv101","?","gowdh101","terrb101","kellg101","lindf101","jackt101","meusi101","wilsh102","younr101","","","","S7","F","F",4,6,20,"T","T",1,"F","F",0,"F","F",0,"F","F",7,"","F","F","",0,0,"N",0,"N",0,"N",1,0,0,0,"","","","","F","F","F","F","F","F","F","F","F","","","","F","F","F","F","F","","","","",0,0,0,0,0,0,0,0,0,9,"NY1","PIT","NY1",0,"F","F",0,0,0,5,1,"T","F",0,1,"T","T","grimc101","smite106","T","T",0,0,0,0,0,0,0,0,0,"","","",0,0,0,0,0,0,0,0,0,0,0,0,0,"meusi101","F","F","F","F",0,0,0,0,0,0,0,0,0,0,F,F,"1924NY1.EVN.regular.event.csv",4491
"NY1192409240","PIT",2,0,1,0,0,"",0,0,"grimc101","?","grimc101","?","barnv101","?","barnv101","?","gowdh101","terrb101","kellg101","lindf101","jackt101","meusi101","wilsh102","younr101","marar101","","","8/F","F","F",3,7,2,"T","T",0,"F","F",1,"F","F",0,"F","F",8,"F","F","F","",0,0,"N",0,"N",0,"N",0,1,0,0,"8","","","","F","F","F","F","F","F","F","F","F","barnv101","","","F","F","F","F","F","","","","",0,8,0,0,0,0,0,0,0,10,"NY1","PIT","NY1",0,"F","F",0,0,0,6,2,"T","F",1,1,"T","T","smite106","yde-e101","T","T",4,6,9,0,0,0,0,0,0,"gowdh101","","",0,0,0,0,0,0,0,0,0,0,0,0,0,"wilsh102","F","F","F","F",0,0,0,0,0,0,0,0,0,0,F,F,"1924NY1.EVN.regular.event.csv",4492
"NY1192409240","PIT",2,0,2,0,0,"",0,0,"smite106","?","smite106","?","barnv101","?","barnv101","?","gowdh101","terrb101","kellg101","lindf101","jackt101","meusi101","wilsh102","younr101","marar101","","","S9.1-3","F","F",2,8,20,"T","T",1,"F","F",0,"F","F",0,"F","F",9,"","F","F","",0,0,"N",0,"N",0,"N",1,3,0,0,"","","","","F","F","F","F","F","F","F","F","F","barnv101","","","F","F","F","F","F","","","","",0,0,0,0,0,0,0,0,0,11,"NY1","PIT","NY1",0,"F","F",0,0,0,7,3,"T","F",1,5,"T","T","yde-e101","bigbc101","T","T",4,6,9,0,0,0,0,0,0,"gowdh101","","",0,0,0,0,0,0,0,0,0,0,0,0,0,"younr101","F","F","F","F",0,0,0,0,0,0,0,0,0,0,F,F,"1924NY1.EVN.regular.event.csv",4493
"NY1192409240","PIT",2,0,2,0,0,"",0,0,"yde-e101","?","yde-e101","?","barnv101","?","barnv101","?","gowdh101","terrb101","kellg101","lindf101","jackt101","meusi101","wilsh102","younr101","smite106","","marar101","SB2","F","F",1,9,4,"F","F",0,"F","F",0,"F","F",0,"F","F",0,"","F","F","",0,0,"N",0,"N",0,"N",0,2,0,3,"","","","","T","F","F","F","F","F","F","F","F","barnv101","","barnv101","F","F","F","F","F","","","","",0,0,0,0,0,0,0,0,0,12,"NY1","PIT","NY1",0,"F","F",0,0,0,8,4,"T","F",5,6,"T","T","bigbc101","carem101","T","T",2,8,11,0,0,0,4,6,9,"gowdh101","","gowdh101",0,0,0,0,0,0,0,0,0,0,0,0,0,"","F","F","F","F",0,0,0,0,0,0,0,0,0,0,F,F,"1924NY1.EVN.regular.event.csv",4494
"NY1192409240","PIT",2,0,2,0,0,"",0,0,"yde-e101","?","yde-e101","?","barnv101","?","barnv101","?","gowdh101","terrb101","kellg101","lindf101","jackt101","meusi101","wilsh102","younr101","","smite106","marar101","3/G","F","F",1,9,2,"T","T",0,"F","F",1,"F","F",0,"F","F",3,"G","F","F","",0,0,"N",0,"N",0,"N",0,0,2,3,"3","","","","F","F","F","F","F","F","F","F","F","","barnv101","barnv101","F","F","F","F","F","","","","",0,3,0,0,0,0,0,0,0,13,"NY1","PIT","NY1",0,"F","T",0,0,0,8,4,"F","F",6,6,"T","T","bigbc101","carem101","T","T",0,0,0,2,8,11,4,6,9,"","gowdh101","gowdh101",0,0,0,0,0,0,0,0,0,0,0,0,0,"terrb101","F","F","F","F",0,0,0,0,0,0,0,0,0,0,F,F,"1924NY1.EVN.regular.event.csv",4495
"NY1192409240","PIT",2,1,0,0,0,"X",0,0,"meusi101","?","meusi101","?","yde-e101","?","yde-e101","?","smite106","grimc101","marar101","trayp101","wrigg102","bigbc101","carem101","moore102","","","","63/G6M","T","F",7,4,2,"T","T",0,"F","F",1,"F","F",0,"F","F",6,"G","F","F","6M",0,0,"N",0,"N",0,"N",0,0,0,0,"63","","","","F","F","F","F","F","F","F","F","F","","","","F","F","F","F","F","","","","",0,3,0,0,6,0,0,0,0,14,"NY1","NY1","PIT",1,"T","F",0,0,0,3,0,"T","F",0,0,"T","T","terrb101","wilsh102","T","T",0,0,0,0,0,0,0,0,0,"","","",0,0,0,0,0,0,1,0,0,0,1,0,0,"wrigg102","F","F","F","F",0,0,0,0,0,0,0,0,0,0,F,F,"1924NY1.EVN.regular.event.csv",4496
"NY1192409240","PIT",2,1,1,0,0,"",0,0,"terrb101","?","terrb101","?","yde-e101","?","yde-e101","?","smite106","grimc101","marar101","trayp101","wrigg102","bigbc101","carem101","moore102","","","","13","F","F",3,5,2,"T","T",0,"F","F",1,"F","F",0,"F","F",1,"G","F","F","",0,0,"N",0,"N",0,"N",0,0,0,0,"13","","","","F","F","F","F","F","F","F","F","F","","","","F","F","F","F","F","","","","",0,3,0,0,1,0,0,0,0,15,"NY1","NY1","PIT",1,"F","F",0,0,0,4,1,"T","F",0,0,"T","T","wilsh102","jackt101","T","T",0,0,0,0,0,0,0,0,0,"","","",0,0,0,0,0,0,0,0,0,0,0,0,0,"yde-e101","F","F","F","F",0,0,0,0,0,0,0,0,0,0,F,F,"1924NY1.EVN.regular.event.csv",4497
"NY1192409240","PIT",2,1,2,0,0,"",0,0,"wilsh102","?","wilsh102","?","yde-e101","?","yde-e101","?","smite106","grimc101","marar101","trayp101","wrigg102","bigbc101","carem101","moore102","","","","63","F","F",8,6,2,"T","T",0,"F","F",1,"F","F",0,"F","F",6,"G","F","F","",0,0,"N",0,"N",0,"N",0,0,0,0,"63","","","","F","F","F","F","F","F","F","F","F","","","","F","F","F","F","F","","","","",0,3,0,0,6,0,0,0,0,16,"NY1","NY1","PIT",1,"F","T",0,0,0,5,2,"T","F",0,0,"T","T","jackt101","gowdh101","T","T",0,0,0,0,0,0,0,0,0,"","","",0,0,0,0,0,0,0,0,0,0,0,0,0,"wrigg102","F","F","F","F",0,0,0,0,0,0,0,0,0,0,F,F,"1924NY1.EVN.regular.event.csv",4498
"NY1192409240","PIT",3,0,0,0,0,"",0,0,"bigbc101","?","bigbc101","?","barnv101","?","barnv101","?","gowdh101","terrb101","kellg101","lindf101","jackt101","meusi101","wilsh102","younr101","","","","43","T","F",7,1,2,"T","T",0,"F","F",1,"F","F",0,"F","F",4,"G","F","F","",0,0,"N",0,"N",0,"N",0,0,0,0,"43","","","","F","F","F","F","F","F","F","F","F","","","","F","F","F","F","F","","","","",0,3,0,0,4,0,0,0,0,17,"NY1","PIT","NY1",0,"T","F",0,0,0,9,0,"T","F",0,0,"T","T","carem101","moore102","T","T",0,0,0,0,0,0,0,0,0,"","","",0,0,0,0,0,0,0,0,0,0,0,0,0,"kellg101","F","F","F","F",0,0,0,0,0,0,0,0,0,0,F,F,"1924NY1.EVN.regular.event.csv",4499
"NY1192409240","PIT",3,0,1,0,0,"X",0,0,"carem101","?","carem101","?","barnv101","?","barnv101","?","gowdh101","terrb101","kellg101","lindf101","jackt101","meusi101","wilsh102","younr101","","","","E6/G","F","F",8,2,18,"T","T",0,"F","F",0,"F","F",0,"F","F",6,"G","F","F","",1,6,"F",0,"N",0,"N",1,0,0,0,"","","","","F","F","F","F","F","F","F","F","F","","","","F","F","F","F","F","","","","",0,0,0,0,0,0,0,0,0,18,"NY1","PIT","NY1",0,"F","F",0,0,0,10,1,"T","F",0,1,"T","T","moore102","wrigg102","T","T",0,0,0,0,0,0,0,0,0,"","","",0,0,0,0,0,0,1,0,0,0,1,0,0,"jackt101","F","F","F","T",0,0,0,0,0,0,0,0,0,0,F,F,"1924NY1.EVN.regular.event.csv",4500
"NY1192409240","PIT",3,0,1,0,0,"",0,0,"moore102","?","moore102","?","barnv101","?","barnv101","?","gowdh101","terrb101","kellg101","lindf101","jackt101","meusi101","wilsh102","younr101","carem101","","","143.1-2","F","F",9,3,2,"T","T",0,"F","F",1,"F","F",0,"F","F",1,"G","F","F","",0,0,"N",0,"N",0,"N",0,2,0,0,"143","","","","F","F","F","F","F","F","F","F","F","barnv101","","","F","F","F","F","F","","","","",0,3,0,0,1,4,0,0,0,19,"NY1","PIT","NY1",0,"F","F",0,0,0,11,2,"T","F",1,2,"T","T","wrigg102","trayp101","T","T",8,2,18,0,0,0,0,0,0,"gowdh101","","",0,0,0,0,0,0,0,0,0,0,0,0,0,"barnv101","F","F","F","F",0,0,0,0,0,0,0,0,0,0,F,F,"1924NY1.EVN.regular.event.csv",4501
"NY1192409240","PIT",3,0,2,0,0,"",0,0,"wrigg102","?","wrigg102","?","barnv101","?","barnv101","?","gowdh101","terrb101","kellg101","lindf101","jackt101","meusi101","wilsh102","younr101","","carem101","","563#","F","F",6,4,2,"T","T",0,"F","F",1,"F","F",0,"F","F",5,"G","F","F","",0,0,"N",0,"N",0,"N",0,0,2,0,"563","","","","F","F","F","F","F","F","F","F","F","","barnv101","","F","F","F","F","F","","","","",0,3,0,0,5,6,0,0,0,20,"NY1","PIT","NY1",0,"F","T",0,0,0,12,3,"T","F",2,2,"T","T","trayp101","marar101","T","T",0,0,0,8,2,18,0,0,0,"","gowdh101","",0,0,0,0,0,0,0,0,0,0,0,0,0,"lindf101","F","F","F","F",0,0,0,0,0,0,0,0,0,0,F,T,"1924NY1.EVN.regular.event.csv",4502
"NY1192409240","PIT",3,1,0,0,0,"",0,0,"jackt101","?","jackt101","?","yde-e101","?","yde-e101","?","smite106","grimc101","marar101","trayp101","wrigg102","bigbc101","carem101","moore102","","","","7/F","T","F",6,7,2,"T","T",0,"F","F",1,"F","F",0,"F","F",7,"F","F","F","",0,0,"N",0,"N",0,"N",0,0,0,0,"7","","","","F","F","F","F","F","F","F","F","F","","","","F","F","F","F","F","","","","",0,7,0,0,0,0,0,0,0,21,"NY1","NY1","PIT",1,"T","F",0,0,0,6,0,"T","F",0,0,"T","T","gowdh101","barnv101","T","T",0,0,0,0,0,0,0,0,0,"","","",0,0,0,0,0,0,0,0,0,0,0,0,0,"bigbc101","F","F","F","F",0,0,0,0,0,0,0,0,0,0,F,F,"1924NY1.EVN.regular.event.csv",4503
"NY1192409240","PIT",3,1,1,0,0,"",0,0,"gowdh101","?","gowdh101","?","yde-e101","?","yde-e101","?","smite106","grimc101","marar101","trayp101","wrigg102","bigbc101","carem101","moore102","","","","S5/G5S","F","F",2,8,20,"T","T",1,"F","F",0,"F","F",0,"F","F",5,"G","F","F","5S",0,0,"N",0,"N",0,"N",1,0,0,0,"","","","","F","F","F","F","F","F","F","F","F","","","","F","F","F","F","F","","","","",0,0,0,0,0,0,0,0,0,22,"NY1","NY1","PIT",1,"F","F",0,0,0,7,1,"T","F",0,1,"T","T","barnv101","lindf101","T","T",0,0,0,0,0,0,0,0,0,"","","",0,0,0,0,0,0,0,0,0,0,0,0,0,"trayp101","F","F","F","F",0,0,0,0,0,0,0,0,0,0,F,F,"1924NY1.EVN.regular.event.csv",4504
"NY1192409240","PIT",3,1,1,0,0,"",0,0,"barnv101","?","barnv101","?","yde-e101","?","yde-e101","?","smite106","grimc101","marar101","trayp101","wrigg102","bigbc101","carem101","moore102","gowdh101","","","46(1)3/GDP","F","F",1,9,2,"T","T",0,"F","F",2,"T","F",0,"F","F",4,"G","F","F","",0,0,"N",0,"N",0,"N",0,0,0,0,"63","46","","","F","F","F","F","F","F","F","F","F","yde-e101","","","F","F","F","F","F","","","","",0,6,3,0,4,6,0,0,0,23,"NY1","NY1","PIT",1,"F","T",0,0,0,8,2,"T","F",1,0,"T","T","lindf101","younr101","T","T",2,8,22,0,0,0,0,0,0,"smite106","","",0,0,0,0,0,0,0,0,0,0,0,0,0,"marar101","T","F","F","F",0,0,0,0,0,0,0,0,0,0,F,F,"1924NY1.EVN.regular.event.csv",4505
"NY1192409240","PIT",4,0,0,0,0,"",0,0,"trayp101","?","trayp101","?","barnv101","?","barnv101","?","gowdh101","terrb101","kellg101","lindf101","jackt101","meusi101","wilsh102","younr101","","","","S9","T","F",5,5,20,"T","T",1,"F","F",0,"F","F",0,"F","F",9,"","F","F","",0,0,"N",0,"N",0,"N",1,0,0,0,"","","","","F","F","F","F","F","F","F","F","F","","","","F","F","F","F","F","","","","",0,0,0,0,0,0,0,0,0,24,"NY1","PIT","NY1",0,"T","F",0,0,0,13,0,"T","F",0,1,"T","T","marar101","grimc101","T","T",0,0,0,0,0,0,0,0,0,"","","",0,0,0,0,0,0,0,0,0,0,0,0,0,"younr101","F","F","F","F",0,0,0,0,0,0,0,0,0,0,F,F,"1924NY1.EVN.regular.event.csv",4506
"NY1192409240","PIT",4,0,0,0,0,"",0,0,"marar101","?","marar101","?","barnv101","?","barnv101","?","gowdh101","terrb101","kellg101","lindf101","jackt101","meusi101","wilsh102","younr101","trayp101","","","8/F8XD","F","F",4,6,2,"T","T",0,"F","F",1,"F","F",0,"F","F",8,"F","F","F","8XD",0,0,"N",0,"N",0,"N",0,1,0,0,"8","","","","F","F","F","F","F","F","F","F","F","barnv101","","","F","F","F","F","F","","","","",0,8,0,0,0,0,0,0,0,25,"NY1","PIT","NY1",0,"F","F",0,0,0,14,1,"T","F",1,1,"T","T","grimc101","smite106","T","T",5,5,24,0,0,0,0,0,0,"gowdh101","","",0,0,0,0,0,0,0,0,0,0,0,0,0,"wilsh102","F","F","F","F",0,0,0,0,0,0,0,0,0,0,F,F,"1924NY1.EVN.regular.event.csv",4507
"NY1192409240","PIT",4,0,1,0,0,"",0,0,"grimc101","?","grimc101","?","barnv101","?","barnv101","?","gowdh101","terrb101","kellg101","lindf101","jackt101","meusi101","wilsh102","younr101","trayp101","","","K/C","F","F",3,7,3,"T","T",0,"F","F",1,"F","F",0,"F","F",0,"","F","F","",0,0,"N",0,"N",0,"N",0,1,0,0,"2","","","","F","F","F","F","F","F","F","F","F","barnv101","","","F","F","F","F","F","","","","",0,2,0,0,0,0,0,0,0,26,"NY1","PIT","NY1",0,"F","F",0,0,0,15,2,"T","F",1,1,"T","T","smite106","yde-e101","T","T",5,5,24,0,0,0,0,0,0,"gowdh101","","",0,0,0,0,0,0,0,0,0,0,0,0,0,"","F","F","F","F",0,0,0,0,0,0,0,0,0,0,F,F,"1924NY1.EVN.regular.event.csv",4508
"NY1192409240","PIT",4,0,2,0,0,"",0,0,"smite106","?","smite106","?","barnv101","?","barnv101","?","gowdh101","terrb101","kellg101","lindf101","jackt101","meusi101","wilsh102","younr101","trayp101","","","7/F","F","F",2,8,2,"T","T",0,"F","F",1,"F","F",0,"F","F",7,"F","F","F","",0,0,"N",0,"N",0,"N",0,1,0,0,"7","","","","F","F","F","F","F","F","F","F","F","barnv101","","","F","F","F","F","F","","","","",0,7,0,0,0,0,0,0,0,27,"NY1","PIT","NY1",0,"F","T",0,0,0,16,3,"T","F",1,1,"T","T","yde-e101","bigbc101","T","T",5,5,24,0,0,0,0,0,0,"gowdh101","","",0,0,0,0,0,0,0,0,0,0,0,0,0,"meusi101","F","F","F","F",0,0,0,0,0,0,0,0,0,0,F,F,"1924NY1.EVN.regular.event.csv",4509
"NY1192409240","PIT",4,1,0,0,0,"",0,0,"lindf101","?","lindf101","?","yde-e101","?","yde-e101","?","smite106","grimc101","marar101","trayp101","wrigg102","bigbc101","carem101","moore102","","","","S8","T","F",5,1,20,"T","T",1,"F","F",0,"F","F",0,"F","F",8,"","F","F","",0,0,"N",0,"N",0,"N",1,0,0,0,"","","","","F","F","F","F","F","F","F","F","F","","","","F","F","F","F","F","","","","",0,0,0,0,0,0,0,0,0,28,"NY1","NY1","PIT",1,"T","F",0,0,0,9,0,"T","F",0,1,"T","T","younr101","kellg101","T","T",0,0,0,0,0,0,0,0,0,"","","",0,0,0,0,0,0,0,0,0,0,0,0,0,"carem101","F","F","F","F",0,0,0,0,0,0,0,0,0,0,F,F,"1924NY1.EVN.regular.event.csv",4510
"NY1192409240","PIT",4,1,0,0,0,"",0,0,"younr101","?","younr101","?","yde-e101","?","yde-e101","?","smite106","grimc101","marar101","trayp101","wrigg102","bigbc101","carem101","moore102","lindf101","","","46(1)3/GDP","F","F",9,2,2,"T","T",0,"F","F",2,"T","F",0,"F","F",4,"G","F","F","",0,0,"N",0,"N",0,"N",0,0,0,0,"63","46","","","F","F","F","F","F","F","F","F","F","yde-e101","","","F","F","F","F","F","","","","",0,6,3,0,4,6,0,0,0,29,"NY1","NY1","PIT",1,"F","F",0,0,0,10,1,"T","F",1,0,"T","T","kellg101","meusi101","T","T",5,1,28,0,0,0,0,0,0,"smite106","","",0,0,0,0,0,0,0,0,0,0,0,0,0,"marar101","T","F","F","F",0,0,0,0,0,0,0,0,0,0,F,F,"1924NY1.EVN.regular.event.csv",4511
"NY1192409240","PIT",4,1,2,0,0,"",0,0,"kellg101","?","kellg101","?","yde-e101","?","yde-e101","?","smite106","grimc101","marar101","trayp101","wrigg102","bigbc101","carem101","moore102","","","","9/F89D","F","F",4,3,2,"T","T",0,"F","F",1,"F","F",0,"F","F",9,"F","F","F","89D",0,0,"N",0,"N",0,"N",0,0,0,0,"9","","","","F","F","F","F","F","F","F","F","F","","","","F","F","F","F","F","","","","",0,9,0,0,0,0,0,0,0,30,"NY1","NY1","PIT",1,"F","T",0,0,0,11,2,"T","F",0,0,"T","T","meusi101","terrb101","T","T",0,0,0,0,0,0,0,0,0,"","","",0,0,0,0,0,0,0,0,0,0,0,0,0,"moore102","F","F","F","F",0,0,0,0,0,0,0,0,0,0,F,F,"1924NY1.EVN.regular.event.csv",4512
"NY1192409240","PIT",5,0,0,0,0,"",0,0,"yde-e101","?","yde-e101","?","barnv101","?","barnv101","?","gowdh101","terrb101","kellg101","lindf101","jackt101","meusi101","wilsh102","younr101","","","","7/L","T","F",1,9,2,"T","T",0,"F","F",1,"F","F",0,"F","F",7,"L","F","F","",0,0,"N",0,"N",0,"N",0,0,0,0,"7","","","","F","F","F","F","F","F","F","F","F","","","","F","F","F","F","F","","","","",0,7,0,0,0,0,0,0,0,31,"NY1","PIT","NY1",0,"T","F",0,0,0,17,0,"T","F",0,0,"T","T","bigbc101","carem101","T","T",0,0,0,0,0,0,0,0,0,"","","",0,0,0,0,0,0,0,0,0,0,0,0,0,"meusi101","F","F","F","F",0,0,0,0,0,0,0,0,0,0,F,F,"1924NY1.EVN.regular.event.csv",4513
"NY1192409240","PIT",5,0,1,0,0,"",0,0,"bigbc101","?","bigbc101","?","barnv101","?","barnv101","?","gowdh101","terrb101","kellg101","lindf101","jackt101","meusi101","wilsh102","younr101","","","","S/BG23","F","F",7,1,20,"T","T",1,"F","F",0,"F","F",0,"F","F",0,"G","T","F","23",0,0,"N",0,"N",0,"N",1,0,0,0,"","","","","F","F","F","F","F","F","F","F","F","","","","F","F","F","F","F","","","","",0,0,0,0,0,0,0,0,0,32,"NY1","PIT","NY1",0,"F","F",0,0,0,18,1,"T","F",0,1,"T","T","carem101","moore102","T","T",0,0,0,0,0,0,0,0,0,"","","",0,0,0,0,0,0,0,0,0,0,0,0,0,"","F","F","F","F",0,0,0,0,0,0,0,0,0,0,F,F,"1924NY1.EVN.regular.event.csv",4514
"NY1192409240","PIT",5,0,1,0,0,"",0,0,"carem101","?","carem101","?","barnv101","?","barnv101","?","gowdh101","terrb101","kellg101","lindf101","jackt101","meusi101","wilsh102","younr101","bigbc101","","","2/FL","F","F",8,2,2,"T","T",0,"F","F",1,"F","F",0,"F","F",2,"F","F","T","",0,0,"N",0,"N",0,"N",0,1,0,0,"2","","","","F","F","F","F","F","F","F","F","F","barnv101","","","F","F","F","F","F","","","","",0,2,0,0,0,0,0,0,0,33,"NY1","PIT","NY1",0,"F","F",0,0,0,19,2,"T","F",1,1,"T","T","moore102","wrigg102","T","T",7,1,32,0,0,0,0,0,0,"gowdh101","","",0,0,0,0,0,0,0,0,0,0,0,0,0,"gowdh101","F","F","F","F",0,0,0,0,0,0,0,0,0,0,F,F,"1924NY1.EVN.regular.event.csv",4515
"NY1192409240","PIT",5,0,2,0,0,"",0,0,"moore102","?","moore102","?","barnv101","?","barnv101","?","gowdh101","terrb101","kellg101","lindf101","jackt101","meusi101","wilsh102","younr101","bigbc101","","","S5/G5S.1-2","F","F",9,3,20,"T","T",1,"F","F",0,"F","F",0,"F","F",5,"G","F","F","5S",0,0,"N",0,"N",0,"N",1,2,0,0,"","","","","F","F","F","F","F","F","F","F","F","barnv101","","","F","F","F","F","F","","","","",0,0,0,0,0,0,0,0,0,34,"NY1","PIT","NY1",0,"F","F",0,0,0,20,3,"T","F",1,3,"T","T","wrigg102","trayp101","T","T",7,1,32,0,0,0,0,0,0,"gowdh101","","",0,0,0,0,0,0,0,0,0,0,0,0,0,"lindf101","F","F","F","F",0,0,0,0,0,0,0,0,0,0,F,F,"1924NY1.EVN.regular.event.csv",4516
"NY1192409240","PIT",5,0,2,0,0,"",0,0,"wrigg102","?","wrigg102","?","barnv101","?","barnv101","?","gowdh101","terrb101","kellg101","lindf101","jackt101","meusi101","wilsh102","younr101","moore102","bigbc101","","8/L8XD","F","F",6,4,2,"T","T",0,"F","F",1,"F","F",0,"F","F",8,"L","F","F","8XD",0,0,"N",0,"N",0,"N",0,1,2,0,"8","","","","F","F","F","F","F","F","F","F","F","barnv101","barnv101","","F","F","F","F","F","","","","",0,8,0,0,0,0,0,0,0,35,"NY1","PIT","NY1",0,"F","T",0,0,0,21,4,"T","F",3,3,"T","T","trayp101","marar101","T","T",9,3,34,7,1,32,0,0,0,"gowdh101","gowdh101","",0,0,0,0,0,0,0,0,0,0,0,0,0,"wilsh102","F","F","F","F",0,0,0,0,0,0,0,0,0,0,F,F,"1924NY1.EVN.regular.event.csv",4517
"NY1192409240","PIT",5,1,0,0,0,"",0,0,"meusi101","?","meusi101","?","yde-e101","?","yde-e101","?","smite106","grimc101","marar101","trayp101","wrigg102","bigbc101","carem101","moore102","","","","W","T","F",7,4,14,"T","F",0,"F","F",0,"F","F",0,"F","F",0,"","F","F","",0,0,"N",0,"N",0,"N",1,0,0,0,"","","","","F","F","F","F","F","F","F","F","F","","","","F","F","F","F","F","","","","",0,0,0,0,0,0,0,0,0,36,"NY1","NY1","PIT",1,"T","F",0,0,0,12,0,"T","F",0,1,"T","T","terrb101","wilsh102","T","T",0,0,0,0,0,0,0,0,0,"","","",0,0,0,0,0,0,0,0,0,0,0,0,0,"","F","F","F","F",0,0,0,0,1,0,0,0,0,0,F,F,"1924NY1.EVN.regular.event.csv",4518
"NY1192409240","PIT",5,1,0,0,0,"X",0,0,"terrb101","?","terrb101","?","yde-e101","?","yde-e101","?","smite106","grimc101","marar101","trayp101","wrigg102","bigbc101","carem101","moore102","meusi101","","","4(1)3/GDP","F","F",3,5,2,"T","T",0,"F","F",2,"T","F",0,"F","F",4,"G","F","F","",0,0,"N",0,"N",0,"N",0,0,0,0,"43","4","","","F","F","F","F","F","F","F","F","F","yde-e101","","","F","F","F","F","F","","","","",0,4,3,0,4,0,0,0,0,37,"NY1","NY1","PIT",1,"F","F",0,0,0,13,1,"T","F",1,0,"T","T","wilsh102","jackt101","T","T",7,4,36,0,0,0,0,0,0,"smite106","","",0,0,0,0,0,0,1,0,0,0,1,0,0,"marar101","T","F","F","F",0,0,0,0,1,0,0,0,0,0,F,F,"1924NY1.EVN.regular.event.csv",4519
"NY1192409240","PIT",5,1,2,2,2,"",0,0,"wilsh102","?","wilsh102","?","yde-e101","?","yde-e101","?","smite106","grimc101","marar101","trayp101","wrigg102","bigbc101","carem101","moore102","","","","HR/F9LD","F","F",8,6,23,"T","T",4,"F","F",0,"F","F",1,"F","F",0,"F","F","F","9LD",0,0,"N",0,"N",0,"N",4,0,0,0,"","","","","F","F","F","F","F","F","F","F","F","","","","F","F","F","F","F","","","","",0,0,0,0,0,0,0,0,0,38,"NY1","NY1","PIT",1,"F","F",0,0,0,14,2,"T","F",0,0,"T","T","jackt101","gowdh101","T","T",0,0,0,0,0,0,0,0,0,"","","",0,0,0,0,0,0,0,0,0,0,0,0,1,"","F","F","F","F",4,0,0,0,0,0,0,0,0,0,F,F,"1924NY1.EVN.regular.event.csv",4520
"NY1192409240","PIT",5,1,2,0,0,"",0,1,"jackt101","?","jackt101","?","yde-e101","?","yde-e101","?","smite106","grimc101","marar101","trayp101","wrigg102","bigbc101","carem101","moore102","","","","D7/7DW","F","F",6,7,21,"T","T",2,"F","F",0,"F","F",0,"F","F",7,"","F","F","7DW",0,0,"N",0,"N",0,"N",2,0,0,0,"","","","","F","F","F","F","F","F","F","F","F","","","","F","F","F","F","F","","","","",0,0,0,0,0,0,0,0,0,39,"NY1","NY1","PIT",1,"F","F",1,0,1,15,3,"T","F",0,2,"T","T","gowdh101","barnv101","T","T",0,0,0,0,0,0,0,0,0,"","","",0,0,0,0,0,0,0,0,0,0,0,0,0,"bigbc101","F","F","F","F",0,0,0,0,0,0,0,0,0,0,F,F,"1924NY1.EVN.regular.event.csv",4521
"NY1192409240","PIT",5,1,2,0,0,"",0,1,"gowdh101","?","gowdh101","?","yde-e101","?","yde-e101","?","smite106","grimc101","marar101","trayp101","wrigg102","bigbc101","carem101","moore102","","jackt101","","IW","F","F",2,8,15,"T","F",0,"F","F",0,"F","F",0,"F","F",0,"","F","F","",0,0,"N",0,"N",0,"N",1,0,2,0,"","","","","F","F","F","F","F","F","F","F","F","","yde-e101","","F","F","F","F","F","","","","",0,0,0,0,0,0,0,0,0,40,"NY1","NY1","PIT",1,"F","F",1,0,1,16,4,"T","F",2,3,"T","T","barnv101","lindf101","T","T",0,0,0,6,7,39,0,0,0,"","smite106","",0,0,0,0,0,0,0,0,0,0,0,0,0,"","F","F","F","F",0,0,0,0,0,0,0,0,0,0,F,F,"1924NY1.EVN.regular.event.csv",4522
"NY1192409240","PIT",5,1,2,0,0,"",0,1,"barnv101","?","barnv101","?","yde-e101","?","yde-e101","?","smite106","grimc101","marar101","trayp101","wrigg102","bigbc101","carem101","moore102","gowdh101","jackt101","","3/P","F","F",1,9,2,"T","T",0,"F","F",1,"F","F",0,"F","F",3,"P","F","F","",0,0,"N",0,"N",0,"N",0,1,2,0,"3","","","","F","F","F","F","F","F","F","F","F","yde-e101","yde-e101","","F","F","F","F","F","","","","",0,3,0,0,0,0,0,0,0,41,"NY1","NY1","PIT",1,"F","T",1,0,1,17,5,"T","F",3,3,"T","T","lindf101","younr101","T","T",2,8,40,6,7,39,0,0,0,"smite106","smite106","",0,0,0,0,0,0,0,0,0,0,0,0,0,"grimc101","F","F","F","F",0,0,0,0,0,0,0,0,0,0,F,F,"1924NY1.EVN.regular.event.csv",4523
"NY1192409240","PIT",6,0,0,0,0,"",0,1,"trayp101","?","trayp101","?","barnv101","?","barnv101","?","gowdh101","terrb101","kellg101","lindf101","jackt101","meusi101","wilsh102","younr101","","","","43","T","F",5,5,2,"T","T",0,"F","F",1,"F","F",0,"F","F",4,"G","F","F","",0,0,"N",0,"N",0,"N",0,0,0,0,"43","","","","F","F","F","F","F","F","F","F","F","","","","F","F","F","F","F","","","","",0,3,0,0,4,0,0,0,0,42,"NY1","PIT","NY1",0,"T","F",0,1,0,22,0,"T","F",0,0,"T","T","marar101","grimc101","T","T",0,0,0,0,0,0,0,0,0,"","","",0,0,0,0,0,0,0,0,0,0,0,0,0,"kellg101","F","F","F","F",0,0,0,0,0,0,0,0,0,0,F,F,"1924NY1.EVN.regular.event.csv",4524
"NY1192409240","PIT",6,0,1,0,0,"",0,1,"marar101","?","marar101","?","barnv101","?","barnv101","?","gowdh101","terrb101","kellg101","lindf101","jackt101","meusi101","wilsh102","younr101","","","","63/G56","F","F",4,6,2,"T","T",0,"F","F",1,"F","F",0,"F","F",6,"G","F","F","56",0,0,"N",0,"N",0,"N",0,0,0,0,"63","","","","F","F","F","F","F","F","F","F","F","","","","F","F","F","F","F","","","","",0,3,0,0,6,0,0,0,0,43,"NY1","PIT","NY1",0,"F","F",0,1,0,23,1,"T","F",0,0,"T","T","grimc101","smite106","T","T",0,0,0,0,0,0,0,0,0,"","","",0,0,0,0,0,0,0,0,0,0,0,0,0,"jackt101","F","F","F","F",0,0,0,0,0,0,0,0,0,0,F,F,"1924NY1.EVN.regular.event.csv",4525
"NY1192409240","PIT",6,0,2,0,0,"",0,1,"grimc101","?","grimc101","?","barnv101","?","barnv101","?","gowdh101","terrb101","kellg101","lindf101","jackt101","meusi101","wilsh102","younr101","","","","13","F","F",3,7,2,"T","T",0,"F","F",1,"F","F",0,"F","F",1,"G","F","F","",0,0,"N",0,"N",0,"N",0,0,0,0,"13","","","","F","F","F","F","F","F","F","F","F","","","","F","F","F","F","F","","","","",0,3,0,0,1,0,0,0,0,44,"NY1","PIT","NY1",0,"F","T",0,1,0,24,2,"T","F",0,0,"T","T","smite106","yde-e101","T","T",0,0,0,0,0,0,0,0,0,"","","",0,0,0,0,0,0,0,0,0,0,0,0,0,"barnv101","F","F","F","F",0,0,0,0,0,0,0,0,0,0,F,F,"1924NY1.EVN.regular.event.csv",4526
"NY1192409240","PIT",6,1,0,0,0,"X",0,1,"lindf101","?","lindf101","?","yde-e101","?","yde-e101","?","smite106","grimc101","marar101","trayp101","wrigg102","bigbc101","carem101","moore102","","","","S1/BG","T","F",5,1,20,"T","T",1,"F","F",0,"F","F",0,"F","F",1,"G","T","F","",0,0,"N",0,"N",0,"N",1,0,0,0,"","","","","F","F","F","F","F","F","F","F","F","","","","F","F","F","F","F","","","","",0,0,0,0,0,0,0,0,0,45,"NY1","NY1","PIT",1,"T","F",1,0,0,18,0,"T","F",0,1,"T","T","younr101","kellg101","T","T",0,0,0,0,0,0,0,0,0,"","","",0,0,0,0,0,0,1,0,0,0,1,0,0,"yde-e101","F","F","F","F",4,0,0,0,3,0,0,0,0,0,F,F,"1924NY1.EVN.regular.event.csv",4527
"NY1192409240","PIT",6,1,0,0,0,"",0,1,"younr101","?","younr101","?","yde-e101","?","yde-e101","?","smite106","grimc101","marar101","trayp101","wrigg102","bigbc101","carem101","moore102","lindf101","","","53/SH.1-2","F","F",9,2,2,"T","F",0,"T","F",1,"F","F",0,"F","F",5,"G","T","F","",0,0,"N",0,"N",0,"N",0,2,0,0,"53","","","","F","F","F","F","F","F","F","F","F","yde-e101","","","F","F","F","F","F","","","","",0,3,0,0,5,0,0,0,0,46,"NY1","NY1","PIT",1,"F","F",1,0,0,19,1,"T","F",1,2,"T","T","kellg101","meusi101","T","T",5,1,45,0,0,0,0,0,0,"smite106","","",0,0,0,0,0,0,0,0,0,0,0,0,0,"trayp101","F","F","F","F",0,4,0,0,3,0,0,0,0,0,F,F,"1924NY1.EVN.regular.event.csv",4528
"NY1192409240","PIT",6,1,1,0,0,"",0,1,"kellg101","?","kellg101","?","yde-e101","?","yde-e101","?","smite106","grimc101","marar101","trayp101","wrigg102","bigbc101","carem101","moore102","","lindf101","","63/G56","F","F",4,3,2,"T","T",0,"F","F",1,"F","F",0,"F","F",6,"G","F","F","56",0,0,"N",0,"N",0,"N",0,0,2,0,"63","","","","F","F","F","F","F","F","F","F","F","","yde-e101","","F","F","F","F","F","","","","",0,3,0,0,6,0,0,0,0,47,"NY1","NY1","PIT",1,"F","F",1,0,0,20,2,"T","F",2,2,"T","T","meusi101","terrb101","T","T",0,0,0,5,1,45,0,0,0,"","smite106","",0,0,0,0,0,0,0,0,0,0,0,0,0,"wrigg102","F","F","F","F",0,0,4,0,3,0,0,0,0,0,F,F,"1924NY1.EVN.regular.event.csv",4529
"NY1192409240","PIT",6,1,2,0,0,"",0,1,"meusi101","?","meusi101","?","yde-e101","?","yde-e101","?","smite106","grimc101","marar101","trayp101","wrigg102","bigbc101","carem101","moore102","","lindf101","","IW","F","F",7,4,15,"T","F",0,"F","F",0,"F","F",0,"F","F",0,"","F","F","",0,0,"N",0,"N",0,"N",1,0,2,0,"","","","","F","F","F","F","F","F","F","F","F","","yde-e101","","F","F","F","F","F","","","","",0,0,0,0,0,0,0,0,0,48,"NY1","NY1","PIT",1,"F","F",1,0,0,21,3,"T","F",2,3,"T","T","terrb101","wilsh102","T","T",0,0,0,5,1,45,0,0,0,"","smite106","",0,0,0,0,0,0,0,0,0,0,0,0,0,"","F","F","F","F",5,0,4,0,3,0,0,0,0,0,F,F,"1924NY1.EVN.regular.event.csv",4530
"NY1192409240","PIT",6,1,2,0,0,"X",0,1,"terrb101","?","terrb101","?","yde-e101","?","yde-e101","?","smite106","grimc101","marar101","trayp101","wrigg102","bigbc101","carem101","moore102","meusi101","lindf101","","S9.2-H;1-3","F","F",3,5,20,"T","T",1,"F","F",0,"F","F",1,"F","F",9,"","F","F","",0,0,"N",0,"N",0,"N",1,3,4,0,"","","","","F","F","F","F","F","F","F","F","F","yde-e101","yde-e101","","F","F","F","F","F","","","","",0,0,0,0,0,0,0,0,0,49,"NY1","NY1","PIT",1,"F","F",1,0,0,22,4,"T","F",3,5,"T","T","wilsh102","jackt101","T","T",7,4,48,5,1,45,0,0,0,"smite106","smite106","",0,0,0,0,0,0,1,0,0,0,1,0,1,"moore102","F","F","F","F",5,5,4,0,2,0,0,0,0,0,F,F,"1924NY1.EVN.regular.event.csv",4531
"NY1192409240","PIT",6,1,2,0,0,"",0,2,"wilsh102","?","wilsh102","?","yde-e101","?","yde-e101","?","smite106","grimc101","marar101","trayp101","wrigg102","bigbc101","carem101","moore102","terrb101","","meusi101","E5/TH1/G5S.3-H(NR)(UR);1-3","F","F",8,6,18,"T","T",0,"F","F",0,"F","F",0,"F","F",5,"G","F","F","5S",1,5,"T",0,"N",0,"N",1,3,0,5,"","","","","F","F","F","F","F","F","F","F","F","yde-e101","","yde-e101","F","F","F","F","F","","","","",0,0,0,0,0,0,0,0,0,50,"NY1","NY1","PIT",1,"F","F",2,0,1,23,5,"T","F",5,5,"T","T","jackt101","gowdh101","T","T",3,5,49,0,0,0,7,4,48,"smite106","","smite106",0,0,0,0,0,0,0,0,0,0,0,0,1,"trayp101","F","F","F","T",0,5,0,5,1,0,0,0,0,0,F,F,"1924NY1.EVN.regular.event.csv",4532
"NY1192409240","PIT",6,1,2,0,0,"",0,3,"jackt101","?","jackt101","?","yde-e101","?","yde-e101","?","smite106","grimc101","marar101","trayp101","wrigg102","bigbc101","carem101","moore102","wilsh102","","terrb101","CS2(2636).3-H(UR)","F","F",6,7,6,"F","F",0,"F","F",1,"F","F",0,"F","F",0,"","F","F","",0,0,"N",0,"N",0,"N",0,0,0,5,"","2636","","","F","F","F","T","F","F","F","F","F","yde-e101","","yde-e101","F","F","F","F","F","","","","",0,6,0,0,2,6,3,0,0,51,"NY1","NY1","PIT",1,"F","T",3,0,2,24,6,"T","T",5,0,"T","T","gowdh101","barnv101","T","T",8,6,50,0,0,0,3,5,49,"smite106","","smite106",0,0,0,0,0,0,0,0,0,0,0,0,1,"","F","F","F","F",0,0,0,5,0,0,0,0,0,0,F,F,"1924NY1.EVN.regular.event.csv",4533
"NY1192409240","PIT",7,0,0,0,0,"",0,4,"smite106","?","smite106","?","barnv101","?","barnv101","?","gowdh101","terrb101","kellg101","lindf101","jackt101","meusi101","wilsh102","younr101","","","","HR/F9D","T","F",2,8,23,"T","T",4,"F","F",0,"F","F",1,"F","F",0,"F","F","F","9D",0,0,"N",0,"N",0,"N",4,0,0,0,"","","","","F","F","F","F","F","F","F","F","F","","","","F","F","F","F","F","","","","",0,0,0,0,0,0,0,0,0,52,"NY1","PIT","NY1",0,"T","F",0,4,0,25,0,"T","F",0,0,"T","T","yde-e101","bigbc101","T","T",0,0,0,0,0,0,0,0,0,"","","",0,0,0,0,0,0,0,0,0,0,0,0,1,"","F","F","F","F",4,0,0,0,0,0,0,0,0,0,F,F,"1924NY1.EVN.regular.event.csv",4534
"NY1192409240","PIT",7,0,0,0,0,"",1,4,"muelw102","?","muelw102","?","barnv101","?","barnv101","?","gowdh101","terrb101","kellg101","lindf101","jackt101","meusi101","wilsh102","younr101","","","","43","F","T",11,9,2,"T","T",0,"F","F",1,"F","F",0,"F","F",4,"G","F","F","",0,0,"N",0,"N",0,"N",0,0,0,0,"43","","","","F","F","F","F","F","F","F","F","F","","","","F","F","F","F","F","","","","yde-e101",1,3,0,0,4,0,0,0,0,53,"NY1","PIT","NY1",0,"F","F",1,4,1,26,1,"T","F",0,0,"F","F","bigbc101","carem101","T","T",0,0,0,0,0,0,0,0,0,"","","",0,0,0,0,0,0,0,0,0,0,0,0,0,"kellg101","F","F","F","F",0,0,0,0,0,0,0,0,0,0,F,F,"1924NY1.EVN.regular.event.csv",4535
"NY1192409240","PIT",7,0,1,0,0,"",1,4,"bigbc101","?","bigbc101","?","barnv101","?","barnv101","?","gowdh101","terrb101","kellg101","lindf101","jackt101","meusi101","wilsh102","younr101","","","","W","F","F",7,1,14,"T","F",0,"F","F",0,"F","F",0,"F","F",0,"","F","F","",0,0,"N",0,"N",0,"N",1,0,0,0,"","","","","F","F","F","F","F","F","F","F","F","","","","F","F","F","F","F","","","","",0,0,0,0,0,0,0,0,0,54,"NY1","PIT","NY1",0,"F","F",1,4,1,27,2,"T","F",0,1,"T","T","carem101","moore102","T","T",0,0,0,0,0,0,0,0,0,"","","",0,0,0,0,0,0,0,0,0,0,0,0,0,"","F","F","F","F",0,0,0,0,0,0,0,0,0,0,F,F,"1924NY1.EVN.regular.event.csv",4536
"NY1192409240","PIT",7,0,1,0,0,"",1,4,"carem101","?","carem101","?","barnv101","?","barnv101","?","gowdh101","terrb101","kellg101","lindf101","jackt101","meusi101","wilsh102","younr101","bigbc101","","","9/F","F","F",8,2,2,"T","T",0,"F","F",1,"F","F",0,"F","F",9,"F","F","F","",0,0,"N",0,"N",0,"N",0,1,0,0,"9","","","","F","F","F","F","F","F","F","F","F","barnv101","","","F","F","F","F","F","","","","",0,9,0,0,0,0,0,0,0,55,"NY1","PIT","NY1",0,"F","F",1,4,1,28,3,"T","F",1,1,"T","T","moore102","wrigg102","T","T",7,1,54,0,0,0,0,0,0,"gowdh101","","",0,0,0,0,0,0,0,0,0,0,0,0,0,"younr101","F","F","F","F",0,0,0,0,0,0,0,0,0,0,F,F,"1924NY1.EVN.regular.event.csv",4537
"NY1192409240","PIT",7,0,2,0,0,"",1,4,"moore102","?","moore102","?","barnv101","?","barnv101","?","gowdh101","terrb101","kellg101","lindf101","jackt101","meusi101","wilsh102","younr101","bigbc101","","","64(1)/FO","F","F",9,3,2,"T","T",0,"F","F",1,"F","F",0,"F","F",6,"G","F","F","",0,0,"N",0,"N",0,"N",1,0,0,0,"","64","","","F","F","F","F","F","F","F","F","F","barnv101","","","F","F","F","F","F","","","","",0,4,0,0,6,0,0,0,0,56,"NY1","PIT","NY1",0,"F","T",1,4,1,29,4,"T","F",1,1,"T","T","wrigg102","trayp101","T","T",7,1,54,0,0,0,0,0,0,"gowdh101","","",0,0,0,0,0,0,0,0,0,0,0,0,0,"jackt101","T","F","F","F",1,0,0,0,0,0,0,0,0,0,F,F,"1924NY1.EVN.regular.event.csv",4538
"NY1192409240","PIT",7,1,0,0,0,"",1,4,"jackt101","?","jackt101","?","morrj105","?","morrj105","?","smite106","grimc101","marar101","trayp101","wrigg102","bigbc101","carem101","moore102","","","","W","T","F",6,7,14,"T","F",0,"F","F",0,"F","F",0,"F","F",0,"","F","F","",0,0,"N",0,"N",0,"N",1,0,0,0,"","","","","F","F","F","F","F","F","F","F","F","","","","F","F","F","F","F","","","","",0,0,0,0,0,0,0,0,0,57,"NY1","NY1","PIT",1,"T","F",4,1,0,24,0,"T","F",0,1,"T","T","gowdh101","barnv101","F","F",0,0,0,0,0,0,0,0,0,"","","",0,0,0,0,0,0,0,0,0,0,0,0,0,"","F","F","F","F",0,0,0,0,0,0,0,0,0,0,F,F,"1924NY1.EVN.regular.event.csv",4539
"NY1192409240","PIT",7,1,0,0,0,"",1,4,"gowdh101","?","gowdh101","?","morrj105","?","morrj105","?","smite106","grimc101","marar101","trayp101","wrigg102","bigbc101","carem101","moore102","jackt101","","","54(1)/FO","F","F",2,8,2,"T","T",0,"F","F",1,"F","F",0,"F","F",5,"G","F","F","",0,0,"N",0,"N",0,"N",1,0,0,0,"","54","","","F","F","F","F","F","F","F","F","F","morrj105","","","F","F","F","F","F","","","","",0,4,0,0,5,0,0,0,0,58,"NY1","NY1","PIT",1,"F","F",4,1,0,25,1,"T","F",1,1,"T","T","barnv101","lindf101","F","F",6,7,57,0,0,0,0,0,0,"smite106","","",0,0,0,0,0,0,0,0,0,0,0,0,0,"trayp101","T","F","F","F",0,0,0,0,0,0,0,0,0,0,F,F,"1924NY1.EVN.regular.event.csv",4540
"NY1192409240","PIT",7,1,1,0,0,"",1,4,"barnv101","?","barnv101","?","morrj105","?","morrj105","?","smite106","grimc101","marar101","trayp101","wrigg102","bigbc101","carem101","moore102","gowdh101","","","K+WP/BG.1-2#","F","F",1,9,3,"T","T",0,"F","F",1,"F","F",0,"T","F",0,"","T","F","",0,0,"N",0,"N",0,"N",0,2,0,0,"2","","","","F","F","F","F","F","F","F","F","F","morrj105","","","F","F","F","F","F","","","","",0,2,0,0,0,0,0,0,0,59,"NY1","NY1","PIT",1,"F","F",4,1,0,26,2,"T","F",1,2,"T","T","lindf101","younr101","F","F",2,8,58,0,0,0,0,0,0,"smite106","","",0,0,0,0,0,0,0,0,0,0,0,0,0,"","F","F","F","F",0,0,0,0,0,0,0,0,0,0,F,T,"1924NY1.EVN.regular.event.csv",4541
"NY1192409240","PIT",7,1,2,0,0,"",1,4,"lindf101","?","lindf101","?","morrj105","?","morrj105","?","smite106","grimc101","marar101","trayp101","wrigg102","bigbc101","carem101","moore102","","gowdh101","","K","F","F",5,1,3,"T","T",0,"F","F",1,"F","F",0,"F","F",0,"","F","F","",0,0,"N",0,"N",0,"N",0,0,2,0,"2","","","","F","F","F","F","F","F","F","F","F","","morrj105","","F","F","F","F","F","","","","",0,2,0,0,0,0,0,0,0,60,"NY1","NY1","PIT",1,"F","T",4,1,0,27,3,"T","F",2,2,"T","T","younr101","kellg101","F","F",0,0,0,2,8,58,0,0,0,"","smite106","",0,0,0,0,0,0,0,0,0,0,0,0,0,"","F","F","F","F",0,0,0,0,0,0,0,0,0,0,F,F,"1924NY1.EVN.regular.event.csv",4542
"NY1192409240","PIT",8,0,0,0,0,"",1,4,"wrigg102","?","wrigg102","?","barnv101","?","barnv101","?","gowdh101","terrb101","kellg101","lindf101","jackt101","meusi101","wilsh102","younr101","","","","7/L","T","F",6,4,2,"T","T",0,"F","F",1,"F","F",0,"F","F",7,"L","F","F","",0,0,"N",0,"N",0,"N",0,0,0,0,"7","","","","F","F","F","F","F","F","F","F","F","","","","F","F","F","F","F","","","","",0,7,0,0,0,0,0,0,0,61,"NY1","PIT","NY1",0,"T","F",1,4,0,30,0,"T","F",0,0,"T","T","trayp101","marar101","T","T",0,0,0,0,0,0,0,0,0,"","","",0,0,0,0,0,0,0,0,0,0,0,0,0,"meusi101","F","F","F","F",0,0,0,0,0,0,0,0,0,0,F,F,"1924NY1.EVN.regular.event.csv",4543
"NY1192409240","PIT",8,0,1,0,0,"",1,4,"trayp101","?","trayp101","?","barnv101","?","barnv101","?","gowdh101","terrb101","kellg101","lindf101","jackt101","meusi101","wilsh102","younr101","","","","8/F8XD","F","F",5,5,2,"T","T",0,"F","F",1,"F","F",0,"F","F",8,"F","F","F","8XD",0,0,"N",0,"N",0,"N",0,0,0,0,"8","","","","F","F","F","F","F","F","F","F","F","","","","F","F","F","F","F","","","","",0,8,0,0,0,0,0,0,0,62,"NY1","PIT","NY1",0,"F","F",1,4,0,31,1,"T","F",0,0,"T","T","marar101","grimc101","T","T",0,0,0,0,0,0,0,0,0,"","","",0,0,0,0,0,0,0,0,0,0,0,0,0,"wilsh102","F","F","F","F",0,0,0,0,0,0,0,0,0,0,F,F,"1924NY1.EVN.regular.event.csv",4544
"NY1192409240","PIT",8,0,2,0,0,"",1,4,"marar101","?","marar101","?","barnv101","?","barnv101","?","gowdh101","terrb101","kellg101","lindf101","jackt101","meusi101","wilsh102","younr101","","","","43","F","F",4,6,2,"T","T",0,"F","F",1,"F","F",0,"F","F",4,"G","F","F","",0,0,"N",0,"N",0,"N",0,0,0,0,"43","","","","F","F","F","F","F","F","F","F","F","","","","F","F","F","F","F","","","","",0,3,0,0,4,0,0,0,0,63,"NY1","PIT","NY1",0,"F","T",1,4,0,32,2,"T","F",0,0,"T","T","grimc101","smite106","T","T",0,0,0,0,0,0,0,0,0,"","","",0,0,0,0,0,0,0,0,0,0,0,0,0,"kellg101","F","F","F","F",0,0,0,0,0,0,0,0,0,0,F,F,"1924NY1.EVN.regular.event.csv",4545
"NY1192409240","PIT",8,1,0,0,0,"",1,4,"younr101","?","younr101","?","morrj105","?","morrj105","?","smite106","grimc101","marar101","trayp101","wrigg102","bigbc101","carem101","moore102","","","","63","T","F",9,2,2,"T","T",0,"F","F",1,"F","F",0,"F","F",6,"G","F","F","",0,0,"N",0,"N",0,"N",0,0,0,0,"63","","","","F","F","F","F","F","F","F","F","F","","","","F","F","F","F","F","","","","",0,3,0,0,6,0,0,0,0,64,"NY1","NY1","PIT",1,"T","F",4,1,0,28,0,"T","F",0,0,"T","T","kellg101","meusi101","F","F",0,0,0,0,0,0,0,0,0,"","","",0,0,0,0,0,0,0,0,0,0,0,0,0,"wrigg102","F","F","F","F",0,0,0,0,0,0,0,0,0,0,F,F,"1924NY1.EVN.regular.event.csv",4546
"NY1192409240","PIT",8,1,1,0,0,"",1,4,"kellg101","?","kellg101","?","morrj105","?","morrj105","?","smite106","grimc101","marar101","trayp101","wrigg102","bigbc101","carem101","moore102","","","","63","F","F",4,3,2,"T","T",0,"F","F",1,"F","F",0,"F","F",6,"G","F","F","",0,0,"N",0,"N",0,"N",0,0,0,0,"63","","","","F","F","F","F","F","F","F","F","F","","","","F","F","F","F","F","","","","",0,3,0,0,6,0,0,0,0,65,"NY1","NY1","PIT",1,"F","F",4,1,0,29,1,"T","F",0,0,"T","T","meusi101","terrb101","F","F",0,0,0,0,0,0,0,0,0,"","","",0,0,0,0,0,0,0,0,0,0,0,0,0,"wrigg102","F","F","F","F",0,0,0,0,0,0,0,0,0,0,F,F,"1924NY1.EVN.regular.event.csv",4547
"NY1192409240","PIT",8,1,2,0,0,"",1,4,"meusi101","?","meusi101","?","morrj105","?","morrj105","?","smite106","grimc101","marar101","trayp101","wrigg102","bigbc101","carem101","moore102","","","","53","F","F",7,4,2,"T","T",0,"F","F",1,"F","F",0,"F","F",5,"G","F","F","",0,0,"N",0,"N",0,"N",0,0,0,0,"53","","","","F","F","F","F","F","F","F","F","F","","","","F","F","F","F","F","","","","",0,3,0,0,5,0,0,0,0,66,"NY1","NY1","PIT",1,"F","T",4,1,0,30,2,"T","F",0,0,"T","T","terrb101","wilsh102","F","F",0,0,0,0,0,0,0,0,0,"","","",0,0,0,0,0,0,0,0,0,0,0,0,0,"trayp101","F","F","F","F",0,0,0,0,0,0,0,0,0,0,F,F,"1924NY1.EVN.regular.event.csv",4548
"NY1192409240","PIT",9,0,0,0,0,"",1,4,"grimc101","?","grimc101","?","barnv101","?","barnv101","?","gowdh101","terrb101","kellg101","lindf101","jackt101","meusi101","wilsh102","younr101","","","","3/G#","T","F",3,7,2,"T","T",0,"F","F",1,"F","F",0,"F","F",3,"G","F","F","",0,0,"N",0,"N",0,"N",0,0,0,0,"3","","","","F","F","F","F","F","F","F","F","F","","","","F","F","F","F","F","","","","",0,3,0,0,0,0,0,0,0,67,"NY1","PIT","NY1",0,"T","F",1,4,0,33,0,"T","F",0,0,"T","T","smite106","morrj105","T","T",0,0,0,0,0,0,0,0,0,"","","",0,0,0,0,0,0,0,0,0,0,0,0,0,"terrb101","F","F","F","F",0,0,0,0,1,0,0,0,0,0,F,T,"1924NY1.EVN.regular.event.csv",4549
"NY1192409240","PIT",9,0,1,0,0,"",1,4,"smite106","?","smite106","?","barnv101","?","barnv101","?","gowdh101","terrb101","kellg101","lindf101","jackt101","meusi101","wilsh102","younr101","","","","HR/L9LD","F","F",2,8,23,"T","T",4,"F","F",0,"F","F",1,"F","F",0,"L","F","F","9LD",0,0,"N",0,"N",0,"N",4,0,0,0,"","","","","F","F","F","F","F","F","F","F","F","","","","F","F","F","F","F","","","","",0,0,0,0,0,0,0,0,0,68,"NY1","PIT","NY1",0,"F","F",1,4,0,34,1,"T","F",0,0,"T","T","morrj105","bigbc101","T","T",0,0,0,0,0,0,0,0,0,"","","",0,0,0,0,0,0,0,0,0,0,0,0,1,"","F","F","F","F",4,0,0,0,0,0,0,0,0,0,F,F,"1924NY1.EVN.regular.event.csv",4550
"NY1192409240","PIT",9,0,1,0,0,"X",2,4,"barne101","?","barne101","?","barnv101","?","barnv101","?","gowdh101","terrb101","kellg101","lindf101","jackt101","meusi101","wilsh102","younr101","","","","3/G","F","T",11,9,2,"T","T",0,"F","F",1,"F","F",0,"F","F",3,"G","F","F","",0,0,"N",0,"N",0,"N",0,0,0,0,"3","","","","F","F","F","F","F","F","F","F","F","","","","F","F","F","F","F","","","","morrj105",1,3,0,0,0,0,0,0,0,69,"NY1","PIT","NY1",0,"F","F",2,4,1,35,2,"T","F",0,0,"F","F","bigbc101","carem101","T","T",0,0,0,0,0,0,0,0,0,"","","",0,0,0,0,0,0,1,0,0,0,1,0,0,"terrb101","F","F","F","F",0,0,0,0,0,0,0,0,0,0,F,F,"1924NY1.EVN.regular.event.csv",4551
"NY1192409240","PIT",9,0,2,0,0,"",2,4,"bigbc101","?","bigbc101","?","barnv101","?","barnv101","?","gowdh101","terrb101","kellg101","lindf101","jackt101","meusi101","wilsh102","younr101","","","","S7/G56","F","F",7,1,20,"T","T",1,"F","F",0,"F","F",0,"F","F",7,"G","F","F","56",0,0,"N",0,"N",0,"N",1,0,0,0,"","","","","F","F","F","F","F","F","F","F","F","","","","F","F","F","F","F","","","","",0,0,0,0,0,0,0,0,0,70,"NY1","PIT","NY1",0,"F","F",2,4,1,36,3,"T","F",0,1,"T","T","carem101","moore102","T","T",0,0,0,0,0,0,0,0,0,"","","",0,0,0,0,0,0,0,0,0,0,0,0,0,"meusi101","F","F","F","F",1,0,0,0,0,0,0,0,0,0,F,F,"1924NY1.EVN.regular.event.csv",4552
"NY1192409240","PIT",9,0,2,0,0,"",2,4,"carem101","?","carem101","?","barnv101","?","barnv101","?","gowdh101","terrb101","kellg101","lindf101","jackt101","meusi101","wilsh102","younr101","bigbc101","","","3/G","F","F",8,2,2,"T","T",0,"F","F",1,"F","F",0,"F","F",3,"G","F","F","",0,0,"N",0,"N",0,"N",0,1,0,0,"3","","","","F","F","F","F","F","F","F","F","F","barnv101","","","F","T","F","F","F","","","","",0,3,0,0,0,0,0,0,0,71,"NY1","PIT","NY1",0,"F","T",2,4,1,37,4,"T","F",1,1,"T","T","moore102","wrigg102","T","T",7,1,70,0,0,0,0,0,0,"gowdh101","","",0,0,0,0,0,0,0,0,0,0,0,0,0,"terrb101","F","F","F","F",0,1,0,0,0,0,0,0,0,0,F,F,"1924NY1.EVN.regular.event.csv",4553
"NY1192409250","PIT",1,0,0,0,0,"",0,0,"moore102","?","moore102","?","nehfa101","?","nehfa101","?","gowdh101","terrb101","kellg101","lindf101","jackt101","meusi101","wilsh102","younr101","","","","4/P4MD","T","F",9,1,2,"T","T",0,"F","F",1,"F","F",0,"F","F",4,"P","F","F","4MD",0,0,"N",0,"N",0,"N",0,0,0,0,"4","","","","F","F","F","F","F","F","F","F","F","","","","T","F","F","F","F","","","","",0,4,0,0,0,0,0,0,0,1,"NY1","PIT","NY1",0,"T","F",0,0,0,0,0,"T","F",0,0,"T","T","carem101","cuylk101","T","T",0,0,0,0,0,0,0,0,0,"","","",0,0,0,0,0,0,0,0,0,0,0,0,0,"kellg101","F","F","F","F",0,0,0,0,0,0,0,0,0,0,F,F,"1924NY1.EVN.regular.event.csv",4554
"NY1192409250","PIT",1,0,1,0,0,"",0,0,"carem101","?","carem101","?","nehfa101","?","nehfa101","?","gowdh101","terrb101","kellg101","lindf101","jackt101","meusi101","wilsh102","younr101","","","","W","F","F",8,2,14,"T","F",0,"F","F",0,"F","F",0,"F","F",0,"","F","F","",0,0,"N",0,"N",0,"N",1,0,0,0,"","","","","F","F","F","F","F","F","F","F","F","","","","F","F","F","F","F","","","","",0,0,0,0,0,0,0,0,0,2,"NY1","PIT","NY1",0,"F","F",0,0,0,1,1,"T","F",0,1,"T","T","cuylk101","wrigg102","T","T",0,0,0,0,0,0,0,0,0,"","","",0,0,0,0,0,0,0,0,0,0,0,0,0,"","F","F","F","F",0,0,0,0,0,0,0,0,0,0,F,F,"1924NY1.EVN.regular.event.csv",4555
"NY1192409250","PIT",1,0,1,0,0,"",0,0,"cuylk101","?","cuylk101","?","nehfa101","?","nehfa101","?","gowdh101","terrb101","kellg101","lindf101","jackt101","meusi101","wilsh102","younr101","carem101","","","SB2","F","F",7,3,4,"F","F",0,"F","F",0,"F","F",0,"F","F",0,"","F","F","",0,0,"N",0,"N",0,"N",0,2,0,0,"","","","","T","F","F","F","F","F","F","F","F","nehfa101","","","F","F","F","F","F","","","","",0,0,0,0,0,0,0,0,0,3,"NY1","PIT","NY1",0,"F","F",0,0,0,2,2,"T","F",1,2,"T","T","wrigg102","trayp101","T","T",8,2,2,0,0,0,0,0,0,"gowdh101","","",0,0,0,0,0,0,0,0,0,0,0,0,0,"","F","F","F","F",0,0,0,0,0,0,0,0,0,0,F,F,"1924NY1.EVN.regular.event.csv",4556
"NY1192409250","PIT",1,0,1,0,0,"",0,0,"cuylk101","?","cuylk101","?","nehfa101","?","nehfa101","?","gowdh101","terrb101","kellg101","lindf101","jackt101","meusi101","wilsh102","younr101","","carem101","","43.2-3","F","F",7,3,2,"T","T",0,"F","F",1,"F","F",0,"F","F",4,"G","F","F","",0,0,"N",0,"N",0,"N",0,0,3,0,"43","","","","F","F","F","F","F","F","F","F","F","","nehfa101","","F","F","F","F","F","","","","",0,3,0,0,4,0,0,0,0,4,"NY1","PIT","NY1",0,"F","F",0,0,0,2,2,"F","F",2,4,"T","T","wrigg102","trayp101","T","T",0,0,0,8,2,2,0,0,0,"","gowdh101","",0,0,0,0,0,0,0,0,0,0,0,0,0,"kellg101","F","F","F","F",0,0,0,0,0,0,0,0,0,0,F,F,"1924NY1.EVN.regular.event.csv",4557
"NY1192409250","PIT",1,0,2,0,0,"",0,0,"wrigg102","?","wrigg102","?","nehfa101","?","nehfa101","?","gowdh101","terrb101","kellg101","lindf101","jackt101","meusi101","wilsh102","younr101","","","carem101","4/P","F","F",6,4,2,"T","T",0,"F","F",1,"F","F",0,"F","F",4,"P","F","F","",0,0,"N",0,"N",0,"N",0,0,0,3,"4","","","","F","F","F","F","F","F","F","F","F","","","nehfa101","F","F","F","F","F","","","","",0,4,0,0,0,0,0,0,0,5,"NY1","PIT","NY1",0,"F","T",0,0,0,3,3,"T","F",4,4,"T","T","trayp101","marar101","T","T",0,0,0,0,0,0,8,2,2,"","","gowdh101",0,0,0,0,0,0,0,0,0,0,0,0,0,"kellg101","F","F","F","F",0,0,0,0,0,0,0,0,0,0,F,F,"1924NY1.EVN.regular.event.csv",4558
"NY1192409250","PIT",1,1,0,3,0,"",0,0,"lindf101","?","lindf101","?","coopw101","?","coopw101","?","schmw102","grimc101","marar101","trayp101","wrigg102","cuylk101","carem101","moore102","","","","W","T","F",5,1,14,"T","F",0,"F","F",0,"F","F",0,"F","F",0,"","F","F","",0,0,"N",0,"N",0,"N",1,0,0,0,"","","","","F","F","F","F","F","F","F","F","F","","","","F","F","F","F","F","","","","",0,0,0,0,0,0,0,0,0,6,"NY1","NY1","PIT",1,"T","F",0,0,0,0,0,"T","F",0,1,"T","T","younr101","kellg101","T","T",0,0,0,0,0,0,0,0,0,"","","",0,0,0,0,0,0,0,0,0,0,0,0,0,"","F","F","F","F",0,0,0,0,0,0,0,0,0,0,F,F,"1924NY1.EVN.regular.event.csv",4559
"NY1192409250","PIT",1,1,0,0,0,"",0,0,"younr101","?","younr101","?","coopw101","?","coopw101","?","schmw102","grimc101","marar101","trayp101","wrigg102","cuylk101","carem101","moore102","lindf101","","","E4/G.1-2","F","F",9,2,18,"T","T",0,"F","F",0,"F","F",0,"F","F",4,"G","F","F","",1,4,"F",0,"N",0,"N",1,2,0,0,"","","","","F","F","F","F","F","F","F","F","F","coopw101","","","F","F","F","F","F","","","","",0,0,0,0,0,0,0,0,0,7,"NY1","NY1","PIT",1,"F","F",0,0,0,1,1,"T","F",1,3,"T","T","kellg101","meusi101","T","T",5,1,6,0,0,0,0,0,0,"schmw102","","",0,0,0,0,0,0,0,0,0,0,0,0,0,"marar101","F","F","F","T",0,0,0,0,0,0,0,0,0,0,F,F,"1924NY1.EVN.regular.event.csv",4560
"NY1192409250","PIT",1,1,0,0,0,"",0,0,"kellg101","?","kellg101","?","coopw101","?","coopw101","?","schmw102","grimc101","marar101","trayp101","wrigg102","cuylk101","carem101","moore102","younr101","lindf101","","K","F","F",4,3,3,"T","T",0,"F","F",1,"F","F",0,"F","F",0,"","F","F","",0,0,"N",0,"N",0,"N",0,1,2,0,"2","","","","F","F","F","F","F","F","F","F","F","coopw101","coopw101","","F","F","F","F","F","","","","",0,2,0,0,0,0,0,0,0,8,"NY1","NY1","PIT",1,"F","F",0,0,0,2,2,"T","F",3,3,"T","T","meusi101","terrb101","T","T",9,2,7,5,1,6,0,0,0,"schmw102","schmw102","",0,0,0,0,0,0,0,0,0,0,0,0,0,"","F","F","F","F",0,0,0,0,0,0,0,0,0,0,F,F,"1924NY1.EVN.regular.event.csv",4561
"NY1192409250","PIT",1,1,1,0,0,"",0,0,"meusi101","?","meusi101","?","coopw101","?","coopw101","?","schmw102","grimc101","marar101","trayp101","wrigg102","cuylk101","carem101","moore102","younr101","lindf101","","3/FL","F","F",7,4,2,"T","T",0,"F","F",1,"F","F",0,"F","F",3,"F","F","T","",0,0,"N",0,"N",0,"N",0,1,2,0,"3","","","","F","F","F","F","F","F","F","F","F","coopw101","coopw101","","F","F","F","F","F","","","","",0,3,0,0,0,0,0,0,0,9,"NY1","NY1","PIT",1,"F","F",0,0,0,3,3,"T","F",3,3,"T","T","terrb101","wilsh102","T","T",9,2,7,5,1,6,0,0,0,"schmw102","schmw102","",0,0,0,0,0,0,0,0,0,0,0,0,0,"grimc101","F","F","F","F",0,0,0,0,0,0,0,0,0,0,F,F,"1924NY1.EVN.regular.event.csv",4562
"NY1192409250","PIT",1,1,2,0,0,"",0,0,"terrb101","?","terrb101","?","coopw101","?","coopw101","?","schmw102","grimc101","marar101","trayp101","wrigg102","cuylk101","carem101","moore102","younr101","lindf101","","K","F","F",3,5,3,"T","T",0,"F","F",1,"F","F",0,"F","F",0,"","F","F","",0,0,"N",0,"N",0,"N",0,1,2,0,"2","","","","F","F","F","F","F","F","F","F","F","coopw101","coopw101","","F","F","F","F","F","","","","",0,2,0,0,0,0,0,0,0,10,"NY1","NY1","PIT",1,"F","T",0,0,0,4,4,"T","F",3,3,"T","T","wilsh102","jackt101","T","T",9,2,7,5,1,6,0,0,0,"schmw102","schmw102","",0,0,0,0,0,0,0,0,0,0,0,0,0,"","F","F","F","F",0,0,0,0,0,0,0,0,0,0,F,F,"1924NY1.EVN.regular.event.csv",4563
"NY1192409250","PIT",2,0,0,0,0,"X",0,0,"trayp101","?","trayp101","?","nehfa101","?","nehfa101","?","gowdh101","terrb101","kellg101","lindf101","jackt101","meusi101","wilsh102","younr101","","","","S7/7S","T","F",5,5,20,"T","T",1,"F","F",0,"F","F",0,"F","F",7,"","F","F","7S",0,0,"N",0,"N",0,"N",1,0,0,0,"","","","","F","F","F","F","F","F","F","F","F","","","","F","F","F","F","F","","","","",0,0,0,0,0,0,0,0,0,11,"NY1","PIT","NY1",0,"T","F",0,0,0,4,0,"T","F",0,1,"T","T","marar101","grimc101","T","T",0,0,0,0,0,0,0,0,0,"","","",0,0,0,0,0,0,1,0,0,0,1,0,0,"meusi101","F","F","F","F",0,0,0,0,0,0,0,0,0,0,F,F,"1924NY1.EVN.regular.event.csv",4564
"NY1192409250","PIT",2,0,0,0,0,"",0,0,"marar101","?","marar101","?","nehfa101","?","nehfa101","?","gowdh101","terrb101","kellg101","lindf101","jackt101","meusi101","wilsh102","younr101","trayp101","","","K","F","F",4,6,3,"T","T",0,"F","F",1,"F","F",0,"F","F",0,"","F","F","",0,0,"N",0,"N",0,"N",0,1,0,0,"2","","","","F","F","F","F","F","F","F","F","F","nehfa101","","","F","F","F","F","F","","","","",0,2,0,0,0,0,0,0,0,12,"NY1","PIT","NY1",0,"F","F",0,0,0,5,1,"T","F",1,1,"T","T","grimc101","schmw102","T","T",5,5,11,0,0,0,0,0,0,"gowdh101","","",0,0,0,0,0,0,0,0,0,0,0,0,0,"","F","F","F","F",0,0,0,0,0,0,0,0,0,0,F,F,"1924NY1.EVN.regular.event.csv",4565
"NY1192409250","PIT",2,0,1,0,0,"",0,0,"grimc101","?","grimc101","?","nehfa101","?","nehfa101","?","gowdh101","terrb101","kellg101","lindf101","jackt101","meusi101","wilsh102","younr101","trayp101","","","7/L78","F","F",3,7,2,"T","T",0,"F","F",1,"F","F",0,"F","F",7,"L","F","F","78",0,0,"N",0,"N",0,"N",0,1,0,0,"7","","","","F","F","F","F","F","F","F","F","F","nehfa101","","","F","F","F","F","F","","","","",0,7,0,0,0,0,0,0,0,13,"NY1","PIT","NY1",0,"F","F",0,0,0,6,2,"T","F",1,1,"T","T","schmw102","coopw101","T","T",5,5,11,0,0,0,0,0,0,"gowdh101","","",0,0,0,0,0,0,0,0,0,0,0,0,0,"meusi101","F","F","F","F",0,0,0,0,0,0,0,0,0,0,F,F,"1924NY1.EVN.regular.event.csv",4566
"NY1192409250","PIT",2,0,2,0,0,"",0,0,"schmw102","?","schmw102","?","nehfa101","?","nehfa101","?","gowdh101","terrb101","kellg101","lindf101","jackt101","meusi101","wilsh102","younr101","trayp101","","","CS2(26)","F","F",2,8,6,"F","F",0,"F","F",1,"F","F",0,"F","F",0,"","F","F","",0,0,"N",0,"N",0,"N",0,0,0,0,"","26","","","F","F","F","T","F","F","F","F","F","nehfa101","","","F","F","F","F","F","","","","",0,6,0,0,2,0,0,0,0,14,"NY1","PIT","NY1",0,"F","T",0,0,0,7,3,"T","T",1,0,"T","T","coopw101","moore102","T","T",5,5,11,0,0,0,0,0,0,"gowdh101","","",0,0,0,0,0,0,0,0,0,0,0,0,0,"","F","F","F","F",0,0,0,0,0,0,0,0,0,0,F,F,"1924NY1.EVN.regular.event.csv",4567
"NY1192409250","PIT",2,1,0,0,0,"",0,0,"wilsh102","?","wilsh102","?","coopw101","?","coopw101","?","schmw102","grimc101","marar101","trayp101","wrigg102","cuylk101","carem101","moore102","","","","S8","T","F",8,6,20,"T","T",1,"F","F",0,"F","F",0,"F","F",8,"","F","F","",0,0,"N",0,"N",0,"N",1,0,0,0,"","","","","F","F","F","F","F","F","F","F","F","","","","F","F","F","F","F","","","","",0,0,0,0,0,0,0,0,0,15,"NY1","NY1","PIT",1,"T","F",0,0,0,5,0,"T","F",0,1,"T","T","jackt101","gowdh101","T","T",0,0,0,0,0,0,0,0,0,"","","",0,0,0,0,0,0,0,0,0,0,0,0,0,"carem101","F","F","F","F",0,0,0,0,0,0,0,0,0,0,F,F,"1924NY1.EVN.regular.event.csv",4568
"NY1192409250","PIT",2,1,0,0,0,"",0,0,"jackt101","?","jackt101","?","coopw101","?","coopw101","?","schmw102","grimc101","marar101","trayp101","wrigg102","cuylk101","carem101","moore102","wilsh102","","","8/F","F","F",6,7,2,"T","T",0,"F","F",1,"F","F",0,"F","F",8,"F","F","F","",0,0,"N",0,"N",0,"N",0,1,0,0,"8","","","","F","F","F","F","F","F","F","F","F","coopw101","","","F","F","F","F","F","","","","",0,8,0,0,0,0,0,0,0,16,"NY1","NY1","PIT",1,"F","F",0,0,0,6,1,"T","F",1,1,"T","T","gowdh101","nehfa101","T","T",8,6,15,0,0,0,0,0,0,"schmw102","","",0,0,0,0,0,0,0,0,0,0,0,0,0,"carem101","F","F","F","F",0,0,0,0,0,0,0,0,0,0,F,F,"1924NY1.EVN.regular.event.csv",4569
"NY1192409250","PIT",2,1,1,0,0,"",0,0,"gowdh101","?","gowdh101","?","coopw101","?","coopw101","?","schmw102","grimc101","marar101","trayp101","wrigg102","cuylk101","carem101","moore102","wilsh102","","","4/P34D","F","F",2,8,2,"T","T",0,"F","F",1,"F","F",0,"F","F",4,"P","F","F","34D",0,0,"N",0,"N",0,"N",0,1,0,0,"4","","","","F","F","F","F","F","F","F","F","F","coopw101","","","F","F","F","F","F","","","","",0,4,0,0,0,0,0,0,0,17,"NY1","NY1","PIT",1,"F","F",0,0,0,7,2,"T","F",1,1,"T","T","nehfa101","lindf101","T","T",8,6,15,0,0,0,0,0,0,"schmw102","","",0,0,0,0,0,0,0,0,0,0,0,0,0,"marar101","F","F","F","F",0,0,0,0,0,0,0,0,0,0,F,F,"1924NY1.EVN.regular.event.csv",4570
"NY1192409250","PIT",2,1,2,0,0,"",0,0,"nehfa101","?","nehfa101","?","coopw101","?","coopw101","?","schmw102","grimc101","marar101","trayp101","wrigg102","cuylk101","carem101","moore102","wilsh102","","","13","F","F",1,9,2,"T","T",0,"F","F",1,"F","F",0,"F","F",1,"G","F","F","",0,0,"N",0,"N",0,"N",0,1,0,0,"13","","","","F","F","F","F","F","F","F","F","F","coopw101","","","F","F","F","F","F","","","","",0,3,0,0,1,0,0,0,0,18,"NY1","NY1","PIT",1,"F","T",0,0,0,8,3,"T","F",1,1,"T","T","lindf101","younr101","T","T",8,6,15,0,0,0,0,0,0,"schmw102","","",0,0,0,0,0,0,0,0,0,0,0,0,0,"coopw101","F","F","F","F",0,0,0,0,0,0,0,0,0,0,F,F,"1924NY1.EVN.regular.event.csv",4571
"NY1192409250","PIT",3,0,0,0,0,"",0,0,"schmw102","?","schmw102","?","nehfa101","?","nehfa101","?","gowdh101","terrb101","kellg101","lindf101","jackt101","meusi101","wilsh102","younr101","","","","S7/5","T","F",2,8,20,"T","T",1,"F","F",0,"F","F",0,"F","F",7,"","F","F","5",0,0,"N",0,"N",0,"N",1,0,0,0,"","","","","F","F","F","F","F","F","F","F","F","","","","F","F","F","F","F","","","","",0,0,0,0,0,0,0,0,0,19,"NY1","PIT","NY1",0,"T","F",0,0,0,7,0,"T","F",0,1,"T","T","coopw101","moore102","T","T",0,0,0,0,0,0,0,0,0,"","","",0,0,0,0,0,0,0,0,0,0,0,0,0,"meusi101","F","F","F","F",0,0,0,0,0,0,0,0,0,0,F,F,"1924NY1.EVN.regular.event.csv",4572
"NY1192409250","PIT",3,0,0,0,0,"",0,0,"coopw101","?","coopw101","?","nehfa101","?","nehfa101","?","gowdh101","terrb101","kellg101","lindf101","jackt101","meusi101","wilsh102","younr101","schmw102","","","36(1)/FO","F","F",1,9,2,"T","T",0,"F","F",1,"F","F",0,"F","F",3,"G","F","F","",0,0,"N",0,"N",0,"N",1,0,0,0,"","36","","","F","F","F","F","F","F","F","F","F","nehfa101","","","F","F","F","F","F","","","","",0,6,0,0,3,0,0,0,0,20,"NY1","PIT","NY1",0,"F","F",0,0,0,8,1,"T","F",1,1,"T","T","moore102","carem101","T","T",2,8,19,0,0,0,0,0,0,"gowdh101","","",0,0,0,0,0,0,0,0,0,0,0,0,0,"terrb101","T","F","F","F",0,0,0,0,0,0,0,0,0,0,F,F,"1924NY1.EVN.regular.event.csv",4573
"NY1192409250","PIT",3,0,1,0,0,"",0,0,"moore102","?","moore102","?","nehfa101","?","nehfa101","?","gowdh101","terrb101","kellg101","lindf101","jackt101","meusi101","wilsh102","younr101","coopw101","","","2/FL.1-2","F","F",9,1,2,"T","T",0,"F","F",1,"F","F",0,"F","F",2,"F","F","T","",0,0,"N",0,"N",0,"N",0,2,0,0,"2","","","","F","F","F","F","F","F","F","F","F","nehfa101","","","F","F","F","F","F","","","","",0,2,0,0,0,0,0,0,0,21,"NY1","PIT","NY1",0,"F","F",0,0,0,9,2,"T","F",1,2,"T","T","carem101","cuylk101","T","T",1,9,20,0,0,0,0,0,0,"gowdh101","","",0,0,0,0,0,0,0,0,0,0,0,0,0,"gowdh101","F","F","F","F",0,0,0,0,0,0,0,0,0,0,F,F,"1924NY1.EVN.regular.event.csv",4574
"NY1192409250","PIT",3,0,2,0,0,"",0,0,"carem101","?","carem101","?","nehfa101","?","nehfa101","?","gowdh101","terrb101","kellg101","lindf101","jackt101","meusi101","wilsh102","younr101","","coopw101","","6/P6MD","F","F",8,2,2,"T","T",0,"F","F",1,"F","F",0,"F","F",6,"P","F","F","6MD",0,0,"N",0,"N",0,"N",0,0,2,0,"6","","","","F","F","F","F","F","F","F","F","F","","nehfa101","","F","F","F","F","F","","","","",0,6,0,0,0,0,0,0,0,22,"NY1","PIT","NY1",0,"F","T",0,0,0,10,3,"T","F",2,2,"T","T","cuylk101","wrigg102","T","T",0,0,0,1,9,20,0,0,0,"","gowdh101","",0,0,0,0,0,0,0,0,0,0,0,0,0,"jackt101","F","F","F","F",0,0,0,0,0,0,0,0,0,0,F,F,"1924NY1.EVN.regular.event.csv",4575
"NY1192409250","PIT",3,1,0,0,0,"",0,0,"lindf101","?","lindf101","?","coopw101","?","coopw101","?","schmw102","grimc101","marar101","trayp101","wrigg102","cuylk101","carem101","moore102","","","","3/FL","T","F",5,1,2,"T","T",0,"F","F",1,"F","F",0,"F","F",3,"F","F","T","",0,0,"N",0,"N",0,"N",0,0,0,0,"3","","","","F","F","F","F","F","F","F","F","F","","","","F","F","F","F","F","","","","",0,3,0,0,0,0,0,0,0,23,"NY1","NY1","PIT",1,"T","F",0,0,0,9,0,"T","F",0,0,"T","T","younr101","kellg101","T","T",0,0,0,0,0,0,0,0,0,"","","",0,0,0,0,0,0,0,0,0,0,0,0,0,"grimc101","F","F","F","F",0,0,0,0,0,0,0,0,0,0,F,F,"1924NY1.EVN.regular.event.csv",4576
"NY1192409250","PIT",3,1,1,0,0,"",0,0,"younr101","?","younr101","?","coopw101","?","coopw101","?","schmw102","grimc101","marar101","trayp101","wrigg102","cuylk101","carem101","moore102","","","","8/F","F","F",9,2,2,"T","T",0,"F","F",1,"F","F",0,"F","F",8,"F","F","F","",0,0,"N",0,"N",0,"N",0,0,0,0,"8","","","","F","F","F","F","F","F","F","F","F","","","","F","F","F","F","F","","","","",0,8,0,0,0,0,0,0,0,24,"NY1","NY1","PIT",1,"F","F",0,0,0,10,1,"T","F",0,0,"T","T","kellg101","meusi101","T","T",0,0,0,0,0,0,0,0,0,"","","",0,0,0,0,0,0,0,0,0,0,0,0,0,"carem101","F","F","F","F",0,0,0,0,0,0,0,0,0,0,F,F,"1924NY1.EVN.regular.event.csv",4577
"NY1192409250","PIT",3,1,2,0,0,"",0,0,"kellg101","?","kellg101","?","coopw101","?","coopw101","?","schmw102","grimc101","marar101","trayp101","wrigg102","cuylk101","carem101","moore102","","","","K/C","F","F",4,3,3,"T","T",0,"F","F",1,"F","F",0,"F","F",0,"","F","F","",0,0,"N",0,"N",0,"N",0,0,0,0,"2","","","","F","F","F","F","F","F","F","F","F","","","","F","F","F","F","F","","","","",0,2,0,0,0,0,0,0,0,25,"NY1","NY1","PIT",1,"F","T",0,0,0,11,2,"T","F",0,0,"T","T","meusi101","terrb101","T","T",0,0,0,0,0,0,0,0,0,"","","",0,0,0,0,0,0,0,0,0,0,0,0,0,"","F","F","F","F",0,0,0,0,0,0,0,0,0,0,F,F,"1924NY1.EVN.regular.event.csv",4578
"NY1192409250","PIT",4,0,0,0,0,"",0,0,"cuylk101","?","cuylk101","?","nehfa101","?","nehfa101","?","gowdh101","terrb101","kellg101","lindf101","jackt101","meusi101","wilsh102","younr101","","","","K","T","F",7,3,3,"T","T",0,"F","F",1,"F","F",0,"F","F",0,"","F","F","",0,0,"N",0,"N",0,"N",0,0,0,0,"2","","","","F","F","F","F","F","F","F","F","F","","","","F","F","F","F","F","","","","",0,2,0,0,0,0,0,0,0,26,"NY1","PIT","NY1",0,"T","F",0,0,0,11,0,"T","F",0,0,"T","T","wrigg102","trayp101","T","T",0,0,0,0,0,0,0,0,0,"","","",0,0,0,0,0,0,0,0,0,0,0,0,0,"","F","F","F","F",0,0,0,0,1,0,0,0,0,0,F,F,"1924NY1.EVN.regular.event.csv",4579
"NY1192409250","PIT",4,0,1,0,0,"",0,0,"wrigg102","?","wrigg102","?","nehfa101","?","nehfa101","?","gowdh101","terrb101","kellg101","lindf101","jackt101","meusi101","wilsh102","younr101","","","","13","F","F",6,4,2,"T","T",0,"F","F",1,"F","F",0,"F","F",1,"G","F","F","",0,0,"N",0,"N",0,"N",0,0,0,0,"13","","","","F","F","F","F","F","F","F","F","F","","","","F","F","F","F","F","","","","",0,3,0,0,1,0,0,0,0,27,"NY1","PIT","NY1",0,"F","F",0,0,0,12,1,"T","F",0,0,"T","T","trayp101","marar101","T","T",0,0,0,0,0,0,0,0,0,"","","",0,0,0,0,0,0,0,0,0,0,0,0,0,"nehfa101","F","F","F","F",0,0,0,0,1,0,0,0,0,0,F,F,"1924NY1.EVN.regular.event.csv",4580
"NY1192409250","PIT",4,0,2,0,0,"",0,0,"trayp101","?","trayp101","?","nehfa101","?","nehfa101","?","gowdh101","terrb101","kellg101","lindf101","jackt101","meusi101","wilsh102","younr101","","","","S7/L78S","F","F",5,5,20,"T","T",1,"F","F",0,"F","F",0,"F","F",7,"L","F","F","78S",0,0,"N",0,"N",0,"N",1,0,0,0,"","","","","F","F","F","F","F","F","F","F","F","","","","F","F","F","F","F","","","","",0,0,0,0,0,0,0,0,0,28,"NY1","PIT","NY1",0,"F","F",0,0,0,13,2,"T","F",0,1,"T","T","marar101","grimc101","T","T",0,0,0,0,0,0,0,0,0,"","","",0,0,0,0,0,0,0,0,0,0,0,0,0,"meusi101","F","F","F","F",5,0,0,0,1,0,0,0,0,0,F,F,"1924NY1.EVN.regular.event.csv",4581
"NY1192409250","PIT",4,0,2,0,0,"",0,0,"marar101","?","marar101","?","nehfa101","?","nehfa101","?","gowdh101","terrb101","kellg101","lindf101","jackt101","meusi101","wilsh102","younr101","trayp101","","","E5/TH1.1-3","F","F",4,6,18,"T","T",0,"F","F",0,"F","F",0,"F","F",5,"G","F","F","",1,5,"T",0,"N",0,"N",1,3,0,0,"","","","","F","F","F","F","F","F","F","F","F","nehfa101","","","F","F","F","F","F","","","","",0,0,0,0,0,0,0,0,0,29,"NY1","PIT","NY1",0,"F","F",0,0,0,14,3,"T","F",1,5,"T","T","grimc101","schmw102","T","T",5,5,28,0,0,0,0,0,0,"gowdh101","","",0,0,0,0,0,0,0,0,0,0,0,0,0,"lindf101","F","F","F","T",0,5,0,0,1,0,0,0,0,0,F,F,"1924NY1.EVN.regular.event.csv",4582
"NY1192409250","PIT",4,0,2,0,0,"",0,0,"grimc101","?","grimc101","?","nehfa101","?","nehfa101","?","gowdh101","terrb101","kellg101","lindf101","jackt101","meusi101","wilsh102","younr101","marar101","","trayp101","E4/G.3-H(NR)(UR);1-3#","F","F",3,7,18,"T","T",0,"F","F",0,"F","F",0,"F","F",4,"G","F","F","",1,4,"F",0,"N",0,"N",1,3,0,5,"","","","","F","F","F","F","F","F","F","F","F","nehfa101","","nehfa101","F","F","F","F","F","","","","",0,0,0,0,0,0,0,0,0,30,"NY1","PIT","NY1",0,"F","F",0,0,0,15,4,"T","F",5,5,"T","T","schmw102","coopw101","T","T",4,6,29,0,0,0,5,5,28,"gowdh101","","gowdh101",0,0,0,0,0,0,0,0,0,0,0,0,1,"kellg101","F","F","F","T",0,0,0,5,0,0,0,0,0,0,F,T,"1924NY1.EVN.regular.event.csv",4583
"NY1192409250","PIT",4,0,2,0,0,"",1,0,"schmw102","?","schmw102","?","nehfa101","?","nehfa101","?","gowdh101","terrb101","kellg101","lindf101","jackt101","meusi101","wilsh102","younr101","grimc101","","marar101","SB2","F","F",2,8,4,"F","F",0,"F","F",0,"F","F",0,"F","F",0,"","F","F","",0,0,"N",0,"N",0,"N",0,2,0,3,"","","","","T","F","F","F","F","F","F","F","F","nehfa101","","nehfa101","F","F","F","F","F","","","","",0,0,0,0,0,0,0,0,0,31,"NY1","PIT","NY1",0,"F","F",1,0,1,16,5,"T","F",5,6,"T","T","coopw101","moore102","T","T",3,7,30,0,0,0,4,6,29,"gowdh101","","gowdh101",0,0,0,0,0,0,0,0,0,0,0,0,0,"","F","F","F","F",0,0,0,0,0,0,0,0,0,0,F,F,"1924NY1.EVN.regular.event.csv",4584
"NY1192409250","PIT",4,0,2,0,0,"",1,0,"schmw102","?","schmw102","?","nehfa101","?","nehfa101","?","gowdh101","terrb101","kellg101","lindf101","jackt101","meusi101","wilsh102","younr101","","grimc101","marar101","53","F","F",2,8,2,"T","T",0,"F","F",1,"F","F",0,"F","F",5,"G","F","F","",0,0,"N",0,"N",0,"N",0,0,2,3,"53","","","","F","F","F","F","F","F","F","F","F","","nehfa101","nehfa101","F","F","F","F","F","","","","",0,3,0,0,5,0,0,0,0,32,"NY1","PIT","NY1",0,"F","T",1,0,1,16,5,"F","F",6,6,"T","T","coopw101","moore102","T","T",0,0,0,3,7,30,4,6,29,"","gowdh101","gowdh101",0,0,0,0,0,0,0,0,0,0,0,0,0,"lindf101","F","F","F","F",0,0,0,0,0,0,0,0,0,0,F,F,"1924NY1.EVN.regular.event.csv",4585
"NY1192409250","PIT",4,1,0,0,0,"X",1,0,"meusi101","?","meusi101","?","coopw101","?","coopw101","?","schmw102","grimc101","marar101","trayp101","wrigg102","cuylk101","carem101","moore102","","","","HR/F7D","T","F",7,4,23,"T","T",4,"F","F",0,"F","F",1,"F","F",0,"F","F","F","7D",0,0,"N",0,"N",0,"N",4,0,0,0,"","","","","F","F","F","F","F","F","F","F","F","","","","F","F","F","F","F","","","","",0,0,0,0,0,0,0,0,0,33,"NY1","NY1","PIT",1,"T","F",0,1,0,12,0,"T","F",0,0,"T","T","terrb101","wilsh102","T","T",0,0,0,0,0,0,0,0,0,"","","",0,0,0,0,0,0,1,0,0,0,1,0,1,"","F","F","F","F",4,0,0,0,0,0,0,0,0,0,F,F,"1924NY1.EVN.regular.event.csv",4586
"NY1192409250","PIT",4,1,0,0,0,"",1,1,"terrb101","?","terrb101","?","coopw101","?","coopw101","?","schmw102","grimc101","marar101","trayp101","wrigg102","cuylk101","carem101","moore102","","","","S5/G","F","F",3,5,20,"T","T",1,"F","F",0,"F","F",0,"F","F",5,"G","F","F","",0,0,"N",0,"N",0,"N",1,0,0,0,"","","","","F","F","F","F","F","F","F","F","F","","","","F","F","F","F","F","","","","",0,0,0,0,0,0,0,0,0,34,"NY1","NY1","PIT",1,"F","F",1,1,1,13,1,"T","F",0,1,"T","T","wilsh102","jackt101","T","T",0,0,0,0,0,0,0,0,0,"","","",0,0,0,0,0,0,0,0,0,0,0,0,0,"trayp101","F","F","F","F",0,0,0,0,0,0,0,0,0,0,F,F,"1924NY1.EVN.regular.event.csv",4587
"NY1192409250","PIT",4,1,0,0,0,"",1,1,"wilsh102","?","wilsh102","?","coopw101","?","coopw101","?","schmw102","grimc101","marar101","trayp101","wrigg102","cuylk101","carem101","moore102","terrb101","","","6/L","F","F",8,6,2,"T","T",0,"F","F",1,"F","F",0,"F","F",6,"L","F","F","",0,0,"N",0,"N",0,"N",0,1,0,0,"6","","","","F","F","F","F","F","F","F","F","F","coopw101","","","F","F","F","F","F","","","","",0,6,0,0,0,0,0,0,0,35,"NY1","NY1","PIT",1,"F","F",1,1,1,14,2,"T","F",1,1,"T","T","jackt101","gowdh101","T","T",3,5,34,0,0,0,0,0,0,"schmw102","","",0,0,0,0,0,0,0,0,0,0,0,0,0,"wrigg102","F","F","F","F",0,0,0,0,0,0,0,0,0,0,F,F,"1924NY1.EVN.regular.event.csv",4588
"NY1192409250","PIT",4,1,1,0,0,"",1,1,"jackt101","?","jackt101","?","coopw101","?","coopw101","?","schmw102","grimc101","marar101","trayp101","wrigg102","cuylk101","carem101","moore102","terrb101","","","K","F","F",6,7,3,"T","T",0,"F","F",1,"F","F",0,"F","F",0,"","F","F","",0,0,"N",0,"N",0,"N",0,1,0,0,"2","","","","F","F","F","F","F","F","F","F","F","coopw101","","","F","F","F","F","F","","","","",0,2,0,0,0,0,0,0,0,36,"NY1","NY1","PIT",1,"F","F",1,1,1,15,3,"T","F",1,1,"T","T","gowdh101","nehfa101","T","T",3,5,34,0,0,0,0,0,0,"schmw102","","",0,0,0,0,0,0,0,0,0,0,0,0,0,"","F","F","F","F",0,0,0,0,0,0,0,0,0,0,F,F,"1924NY1.EVN.regular.event.csv",4589
"NY1192409250","PIT",4,1,2,0,0,"",1,1,"gowdh101","?","gowdh101","?","coopw101","?","coopw101","?","schmw102","grimc101","marar101","trayp101","wrigg102","cuylk101","carem101","moore102","terrb101","","","3/FL","F","F",2,8,2,"T","T",0,"F","F",1,"F","F",0,"F","F",3,"F","F","T","",0,0,"N",0,"N",0,"N",0,1,0,0,"3","","","","F","F","F","F","F","F","F","F","F","coopw101","","","F","F","F","F","F","","","","",0,3,0,0,0,0,0,0,0,37,"NY1","NY1","PIT",1,"F","T",1,1,1,16,4,"T","F",1,1,"T","T","nehfa101","lindf101","T","T",3,5,34,0,0,0,0,0,0,"schmw102","","",0,0,0,0,0,0,0,0,0,0,0,0,0,"grimc101","F","F","F","F",0,0,0,0,0,0,0,0,0,0,F,F,"1924NY1.EVN.regular.event.csv",4590
"NY1192409250","PIT",5,0,0,0,0,"",1,1,"coopw101","?","coopw101","?","nehfa101","?","nehfa101","?","gowdh101","terrb101","kellg101","lindf101","jackt101","meusi101","wilsh102","younr101","","","","9/F9S","T","F",1,9,2,"T","T",0,"F","F",1,"F","F",0,"F","F",9,"F","F","F","9S",0,0,"N",0,"N",0,"N",0,0,0,0,"9","","","","F","F","F","F","F","F","F","F","F","","","","F","F","F","F","F","","","","",0,9,0,0,0,0,0,0,0,38,"NY1","PIT","NY1",0,"T","F",1,1,0,17,0,"T","F",0,0,"T","T","moore102","carem101","T","T",0,0,0,0,0,0,0,0,0,"","","",0,0,0,0,0,0,0,0,0,0,0,0,0,"younr101","F","F","F","F",0,0,0,0,0,0,0,0,0,0,F,F,"1924NY1.EVN.regular.event.csv",4591
"NY1192409250","PIT",5,0,1,0,0,"X",1,1,"moore102","?","moore102","?","nehfa101","?","nehfa101","?","gowdh101","terrb101","kellg101","lindf101","jackt101","meusi101","wilsh102","younr101","","","","63","F","F",9,1,2,"T","T",0,"F","F",1,"F","F",0,"F","F",6,"G","F","F","",0,0,"N",0,"N",0,"N",0,0,0,0,"63","","","","F","F","F","F","F","F","F","F","F","","","","F","F","F","F","F","","","","",0,3,0,0,6,0,0,0,0,39,"NY1","PIT","NY1",0,"F","F",1,1,0,18,1,"T","F",0,0,"T","T","carem101","cuylk101","T","T",0,0,0,0,0,0,0,0,0,"","","",0,0,0,0,0,0,1,0,0,0,1,0,0,"jackt101","F","F","F","F",0,0,0,0,0,0,0,0,0,0,F,F,"1924NY1.EVN.regular.event.csv",4592
"NY1192409250","PIT",5,0,2,0,0,"",1,1,"carem101","?","carem101","?","nehfa101","?","nehfa101","?","gowdh101","terrb101","kellg101","lindf101","jackt101","meusi101","wilsh102","younr101","","","","2/FL","F","F",8,2,2,"T","T",0,"F","F",1,"F","F",0,"F","F",2,"F","F","T","",0,0,"N",0,"N",0,"N",0,0,0,0,"2","","","","F","F","F","F","F","F","F","F","F","","","","F","F","F","F","F","","","","",0,2,0,0,0,0,0,0,0,40,"NY1","PIT","NY1",0,"F","T",1,1,0,19,2,"T","F",0,0,"T","T","cuylk101","wrigg102","T","T",0,0,0,0,0,0,0,0,0,"","","",0,0,0,0,0,0,0,0,0,0,0,0,0,"gowdh101","F","F","F","F",0,0,0,0,0,0,0,0,0,0,F,F,"1924NY1.EVN.regular.event.csv",4593
"NY1192409250","PIT",5,1,0,0,0,"X",1,1,"nehfa101","?","nehfa101","?","coopw101","?","coopw101","?","schmw102","grimc101","marar101","trayp101","wrigg102","cuylk101","carem101","moore102","","","","HR/F9D","T","F",1,9,23,"T","T",4,"F","F",0,"F","F",1,"F","F",0,"F","F","F","9D",0,0,"N",0,"N",0,"N",4,0,0,0,"","","","","F","F","F","F","F","F","F","F","F","","","","F","F","F","F","F","","","","",0,0,0,0,0,0,0,0,0,41,"NY1","NY1","PIT",1,"T","F",1,1,0,17,0,"T","F",0,0,"T","T","lindf101","younr101","T","T",0,0,0,0,0,0,0,0,0,"","","",0,0,0,0,0,0,1,0,0,0,1,0,1,"","F","F","F","F",4,0,0,0,0,0,0,0,0,0,F,F,"1924NY1.EVN.regular.event.csv",4594
"NY1192409250","PIT",5,1,0,0,0,"",1,2,"lindf101","?","lindf101","?","coopw101","?","coopw101","?","schmw102","grimc101","marar101","trayp101","wrigg102","cuylk101","carem101","moore102","","","","W","F","F",5,1,14,"T","F",0,"F","F",0,"F","F",0,"F","F",0,"","F","F","",0,0,"N",0,"N",0,"N",1,0,0,0,"","","","","F","F","F","F","F","F","F","F","F","","","","F","F","F","F","F","","","","",0,0,0,0,0,0,0,0,0,42,"NY1","NY1","PIT",1,"F","F",2,1,1,18,1,"T","F",0,1,"T","T","younr101","kellg101","T","T",0,0,0,0,0,0,0,0,0,"","","",0,0,0,0,0,0,0,0,0,0,0,0,0,"","F","F","F","F",0,0,0,0,0,0,0,0,0,0,F,F,"1924NY1.EVN.regular.event.csv",4595
"NY1192409250","PIT",5,1,0,0,0,"",1,2,"younr101","?","younr101","?","coopw101","?","coopw101","?","schmw102","grimc101","marar101","trayp101","wrigg102","cuylk101","carem101","moore102","lindf101","","","5/LDP.1X1(53)","F","F",9,2,2,"T","T",0,"F","F",2,"T","F",0,"F","F",5,"L","F","F","",0,0,"N",0,"N",0,"N",0,0,0,0,"5","53","","","F","F","F","F","F","F","F","F","F","coopw101","","","F","F","F","F","F","","","","",0,5,3,0,5,0,0,0,0,43,"NY1","NY1","PIT",1,"F","F",2,1,1,19,2,"T","F",1,0,"T","T","kellg101","meusi101","T","T",5,1,42,0,0,0,0,0,0,"schmw102","","",0,0,0,0,0,0,0,0,0,0,0,0,0,"trayp101","F","F","F","F",0,0,0,0,0,0,0,0,0,0,F,F,"1924NY1.EVN.regular.event.csv",4596
"NY1192409250","PIT",5,1,2,0,0,"",1,2,"kellg101","?","kellg101","?","coopw101","?","coopw101","?","schmw102","grimc101","marar101","trayp101","wrigg102","cuylk101","carem101","moore102","","","","3/FL","F","F",4,3,2,"T","T",0,"F","F",1,"F","F",0,"F","F",3,"F","F","T","",0,0,"N",0,"N",0,"N",0,0,0,0,"3","","","","F","F","F","F","F","F","F","F","F","","","","F","F","F","F","F","","","","",0,3,0,0,0,0,0,0,0,44,"NY1","NY1","PIT",1,"F","T",2,1,1,20,3,"T","F",0,0,"T","T","meusi101","terrb101","T","T",0,0,0,0,0,0,0,0,0,"","","",0,0,0,0,0,0,0,0,0,0,0,0,0,"grimc101","F","F","F","F",0,0,0,0,0,0,0,0,0,0,F,F,"1924NY1.EVN.regular.event.csv",4597
"NY1192409250","PIT",6,0,0,0,0,"",1,2,"cuylk101","?","cuylk101","?","nehfa101","?","nehfa101","?","gowdh101","terrb101","kellg101","lindf101","jackt101","meusi101","wilsh102","younr101","","","","W","T","F",7,3,14,"T","F",0,"F","F",0,"F","F",0,"F","F",0,"","F","F","",0,0,"N",0,"N",0,"N",1,0,0,0,"","","","","F","F","F","F","F","F","F","F","F","","","","F","F","F","F","F","","","","",0,0,0,0,0,0,0,0,0,45,"NY1","PIT","NY1",0,"T","F",1,2,0,20,0,"T","F",0,1,"T","T","wrigg102","trayp101","T","T",0,0,0,0,0,0,0,0,0,"","","",0,0,0,0,0,0,0,0,0,0,0,0,0,"","F","F","F","F",0,0,0,0,0,0,0,0,0,0,F,F,"1924NY1.EVN.regular.event.csv",4598
"NY1192409250","PIT",6,0,0,0,0,"",1,2,"wrigg102","?","wrigg102","?","nehfa101","?","nehfa101","?","gowdh101","terrb101","kellg101","lindf101","jackt101","meusi101","wilsh102","younr101","cuylk101","","","S7.1-2","F","F",6,4,20,"T","T",1,"F","F",0,"F","F",0,"F","F",7,"","F","F","",0,0,"N",0,"N",0,"N",1,2,0,0,"","","","","F","F","F","F","F","F","F","F","F","nehfa101","","","F","F","F","F","F","","","","",0,0,0,0,0,0,0,0,0,46,"NY1","PIT","NY1",0,"F","F",1,2,0,21,1,"T","F",1,3,"T","T","trayp101","marar101","T","T",7,3,45,0,0,0,0,0,0,"gowdh101","","",0,0,0,0,0,0,0,0,0,0,0,0,0,"meusi101","F","F","F","F",0,0,0,0,0,0,0,0,0,0,F,F,"1924NY1.EVN.regular.event.csv",4599
"NY1192409250","PIT",6,0,0,0,0,"",1,2,"trayp101","?","trayp101","?","nehfa101","?","nehfa101","?","gowdh101","terrb101","kellg101","lindf101","jackt101","meusi101","wilsh102","younr101","wrigg102","cuylk101","","15(2)/FO/BG.1-2","F","F",5,5,2,"T","T",0,"F","F",1,"F","F",0,"F","F",1,"G","T","F","",0,0,"N",0,"N",0,"N",1,2,0,0,"","","15","","F","F","F","F","F","F","F","F","F","nehfa101","nehfa101","","F","F","F","F","F","","","","",0,5,0,0,1,0,0,0,0,47,"NY1","PIT","NY1",0,"F","F",1,2,0,22,2,"T","F",3,3,"T","T","marar101","grimc101","T","T",6,4,46,7,3,45,0,0,0,"gowdh101","gowdh101","",0,0,0,0,0,0,0,0,0,0,0,0,0,"nehfa101","F","T","F","F",0,0,0,0,0,0,0,0,0,0,F,F,"1924NY1.EVN.regular.event.csv",4600
"NY1192409250","PIT",6,0,1,0,0,"X",1,2,"marar101","?","marar101","?","nehfa101","?","nehfa101","?","gowdh101","terrb101","kellg101","lindf101","jackt101","meusi101","wilsh102","younr101","trayp101","wrigg102","","63.2-3;1-2","F","F",4,6,2,"T","T",0,"F","F",1,"F","F",0,"F","F",6,"G","F","F","",0,0,"N",0,"N",0,"N",0,2,3,0,"63","","","","F","F","F","F","F","F","F","F","F","nehfa101","nehfa101","","F","F","F","F","F","","","","",0,3,0,0,6,0,0,0,0,48,"NY1","PIT","NY1",0,"F","F",1,2,0,23,3,"T","F",3,6,"T","T","grimc101","schmw102","T","T",5,5,47,6,4,46,0,0,0,"gowdh101","gowdh101","",0,0,0,0,0,0,1,0,0,0,1,0,0,"jackt101","F","F","F","F",0,0,0,0,0,0,0,0,0,0,F,F,"1924NY1.EVN.regular.event.csv",4601
"NY1192409250","PIT",6,0,2,0,0,"X",1,2,"grimc101","?","grimc101","?","nehfa101","?","nehfa101","?","gowdh101","terrb101","kellg101","lindf101","jackt101","meusi101","wilsh102","younr101","","trayp101","wrigg102","13","F","F",3,7,2,"T","T",0,"F","F",1,"F","F",0,"F","F",1,"G","F","F","",0,0,"N",0,"N",0,"N",0,0,2,3,"13","","","","F","F","F","F","F","F","F","F","F","","nehfa101","nehfa101","F","F","F","F","F","","","","",0,3,0,0,1,0,0,0,0,49,"NY1","PIT","NY1",0,"F","T",1,2,0,24,4,"T","F",6,6,"T","T","schmw102","coopw101","T","T",0,0,0,5,5,47,6,4,46,"","gowdh101","gowdh101",0,0,0,0,0,0,1,0,0,0,1,0,0,"nehfa101","F","F","F","F",0,0,0,0,0,0,0,0,0,0,F,F,"1924NY1.EVN.regular.event.csv",4602
"NY1192409250","PIT",6,1,0,0,0,"",1,2,"meusi101","?","meusi101","?","coopw101","?","coopw101","?","schmw102","grimc101","marar101","trayp101","wrigg102","cuylk101","carem101","moore102","","","","6/P","T","F",7,4,2,"T","T",0,"F","F",1,"F","F",0,"F","F",6,"P","F","F","",0,0,"N",0,"N",0,"N",0,0,0,0,"6","","","","F","F","F","F","F","F","F","F","F","","","","F","F","F","F","F","","","","",0,6,0,0,0,0,0,0,0,50,"NY1","NY1","PIT",1,"T","F",2,1,0,21,0,"T","F",0,0,"T","T","terrb101","wilsh102","T","T",0,0,0,0,0,0,0,0,0,"","","",0,0,0,0,0,0,0,0,0,0,0,0,0,"wrigg102","F","F","F","F",0,0,0,0,0,0,0,0,0,0,F,F,"1924NY1.EVN.regular.event.csv",4603
"NY1192409250","PIT",6,1,1,0,0,"X",1,2,"terrb101","?","terrb101","?","coopw101","?","coopw101","?","schmw102","grimc101","marar101","trayp101","wrigg102","cuylk101","carem101","moore102","","","","9/F","F","F",3,5,2,"T","T",0,"F","F",1,"F","F",0,"F","F",9,"F","F","F","",0,0,"N",0,"N",0,"N",0,0,0,0,"9","","","","F","F","F","F","F","F","F","F","F","","","","F","F","F","F","F","","","","",0,9,0,0,0,0,0,0,0,51,"NY1","NY1","PIT",1,"F","F",2,1,0,22,1,"T","F",0,0,"T","T","wilsh102","jackt101","T","T",0,0,0,0,0,0,0,0,0,"","","",0,0,0,0,0,0,1,0,0,0,1,0,0,"moore102","F","F","F","F",0,0,0,0,0,0,0,0,0,0,F,F,"1924NY1.EVN.regular.event.csv",4604
"NY1192409250","PIT",6,1,2,0,0,"X",1,2,"wilsh102","?","wilsh102","?","coopw101","?","coopw101","?","schmw102","grimc101","marar101","trayp101","wrigg102","cuylk101","carem101","moore102","","","","D8/78.BX3(865)","F","F",8,6,21,"T","T",2,"F","F",1,"F","F",0,"F","F",8,"","F","F","78",0,0,"N",0,"N",0,"N",0,0,0,0,"865","","","","F","F","F","F","F","F","F","F","F","","","","F","F","F","F","F","","","","",0,5,0,0,8,6,0,0,0,52,"NY1","NY1","PIT",1,"F","T",2,1,0,23,2,"T","F",0,0,"T","T","jackt101","gowdh101","T","T",0,0,0,0,0,0,0,0,0,"","","",0,0,0,0,0,0,1,0,0,0,1,0,0,"carem101","F","F","F","F",0,0,0,0,0,0,0,0,0,0,F,F,"1924NY1.EVN.regular.event.csv",4605
"NY1192409250","PIT",7,0,0,0,0,"",1,2,"schmw102","?","schmw102","?","nehfa101","?","nehfa101","?","gowdh101","terrb101","kellg101","lindf101","jackt101","meusi101","wilsh102","younr101","","","","13","T","F",2,8,2,"T","T",0,"F","F",1,"F","F",0,"F","F",1,"G","F","F","",0,0,"N",0,"N",0,"N",0,0,0,0,"13","","","","F","F","F","F","F","F","F","F","F","","","","F","F","F","F","F","","","","",0,3,0,0,1,0,0,0,0,53,"NY1","PIT","NY1",0,"T","F",1,2,0,25,0,"T","F",0,0,"T","T","coopw101","moore102","T","T",0,0,0,0,0,0,0,0,0,"","","",0,0,0,0,0,0,0,0,0,0,0,0,0,"nehfa101","F","F","F","F",0,0,0,0,0,0,0,0,0,0,F,F,"1924NY1.EVN.regular.event.csv",4606
"NY1192409250","PIT",7,0,1,0,0,"",1,2,"coopw101","?","coopw101","?","nehfa101","?","nehfa101","?","gowdh101","terrb101","kellg101","lindf101","jackt101","meusi101","wilsh102","younr101","","","","S8","F","F",1,9,20,"T","T",1,"F","F",0,"F","F",0,"F","F",8,"","F","F","",0,0,"N",0,"N",0,"N",1,0,0,0,"","","","","F","F","F","F","F","F","F","F","F","","","","F","F","F","F","F","","","","",0,0,0,0,0,0,0,0,0,54,"NY1","PIT","NY1",0,"F","F",1,2,0,26,1,"T","F",0,1,"T","T","moore102","carem101","T","T",0,0,0,0,0,0,0,0,0,"","","",0,0,0,0,0,0,0,0,0,0,0,0,0,"wilsh102","F","F","F","F",0,0,0,0,0,0,0,0,0,0,F,F,"1924NY1.EVN.regular.event.csv",4607
"NY1192409250","PIT",7,0,1,0,0,"",1,2,"moore102","?","moore102","?","nehfa101","?","nehfa101","?","gowdh101","terrb101","kellg101","lindf101","jackt101","meusi101","wilsh102","younr101","coopw101","","","43.1-2","F","F",9,1,2,"T","T",0,"F","F",1,"F","F",0,"F","F",4,"G","F","F","",0,0,"N",0,"N",0,"N",0,2,0,0,"43","","","","F","F","F","F","F","F","F","F","F","nehfa101","","","F","F","F","F","F","","","","",0,3,0,0,4,0,0,0,0,55,"NY1","PIT","NY1",0,"F","F",1,2,0,27,2,"T","F",1,2,"T","T","carem101","cuylk101","T","T",1,9,54,0,0,0,0,0,0,"gowdh101","","",0,0,0,0,0,0,0,0,0,0,0,0,0,"kellg101","F","F","F","F",0,0,0,0,0,0,0,0,0,0,F,F,"1924NY1.EVN.regular.event.csv",4608
"NY1192409250","PIT",7,0,2,0,0,"",1,2,"carem101","?","carem101","?","nehfa101","?","nehfa101","?","gowdh101","terrb101","kellg101","lindf101","jackt101","meusi101","wilsh102","younr101","","coopw101","","6/L","F","F",8,2,2,"T","T",0,"F","F",1,"F","F",0,"F","F",6,"L","F","F","",0,0,"N",0,"N",0,"N",0,0,2,0,"6","","","","F","F","F","F","F","F","F","F","F","","nehfa101","","F","F","F","F","F","","","","",0,6,0,0,0,0,0,0,0,56,"NY1","PIT","NY1",0,"F","T",1,2,0,28,3,"T","F",2,2,"T","T","cuylk101","wrigg102","T","T",0,0,0,1,9,54,0,0,0,"","gowdh101","",0,0,0,0,0,0,0,0,0,0,0,0,0,"jackt101","F","F","F","F",0,0,0,0,0,0,0,0,0,0,F,F,"1924NY1.EVN.regular.event.csv",4609
"NY1192409250","PIT",7,1,0,0,0,"",1,2,"jackt101","?","jackt101","?","coopw101","?","coopw101","?","schmw102","grimc101","marar101","trayp101","wrigg102","cuylk101","carem101","moore102","","","","5/P","T","F",6,7,2,"T","T",0,"F","F",1,"F","F",0,"F","F",5,"P","F","F","",0,0,"N",0,"N",0,"N",0,0,0,0,"5","","","","F","F","F","F","F","F","F","F","F","","","","F","F","F","F","F","","","","",0,5,0,0,0,0,0,0,0,57,"NY1","NY1","PIT",1,"T","F",2,1,0,24,0,"T","F",0,0,"T","T","gowdh101","nehfa101","T","T",0,0,0,0,0,0,0,0,0,"","","",0,0,0,0,0,0,0,0,0,0,0,0,0,"trayp101","F","F","F","F",0,0,0,0,3,0,0,0,0,0,F,F,"1924NY1.EVN.regular.event.csv",4610
"NY1192409250","PIT",7,1,1,0,0,"X",1,2,"gowdh101","?","gowdh101","?","coopw101","?","coopw101","?","schmw102","grimc101","marar101","trayp101","wrigg102","cuylk101","carem101","moore102","","","","D7/G5L","F","F",2,8,21,"T","T",2,"F","F",0,"F","F",0,"F","F",7,"G","F","F","5L",0,0,"N",0,"N",0,"N",2,0,0,0,"","","","","F","F","F","F","F","F","F","F","F","","","","F","F","F","F","F","","","","",0,0,0,0,0,0,0,0,0,58,"NY1","NY1","PIT",1,"F","F",2,1,0,25,1,"T","F",0,2,"T","T","nehfa101","lindf101","T","T",0,0,0,0,0,0,0,0,0,"","","",0,0,0,0,0,0,1,0,0,0,1,0,0,"cuylk101","F","F","F","F",4,0,0,0,3,0,0,0,0,0,F,F,"1924NY1.EVN.regular.event.csv",4611
"NY1192409250","PIT",7,1,1,0,0,"",1,2,"nehfa101","?","nehfa101","?","coopw101","?","coopw101","?","schmw102","grimc101","marar101","trayp101","wrigg102","cuylk101","carem101","moore102","","gowdh101","","W","F","F",1,9,14,"T","F",0,"F","F",0,"F","F",0,"F","F",0,"","F","F","",0,0,"N",0,"N",0,"N",1,0,2,0,"","","","","F","F","F","F","F","F","F","F","F","","coopw101","","F","F","F","F","F","","","","",0,0,0,0,0,0,0,0,0,59,"NY1","NY1","PIT",1,"F","F",2,1,0,26,2,"T","F",2,3,"T","T","lindf101","younr101","T","T",0,0,0,2,8,58,0,0,0,"","schmw102","",0,0,0,0,0,0,0,0,0,0,0,0,0,"","F","F","F","F",0,0,4,0,3,0,0,0,0,0,F,F,"1924NY1.EVN.regular.event.csv",4612
"NY1192409250","PIT",7,1,1,0,0,"",1,2,"lindf101","?","lindf101","?","coopw101","?","coopw101","?","schmw102","grimc101","marar101","trayp101","wrigg102","cuylk101","carem101","moore102","nehfa101","gowdh101","","64(1)/FO.2-3","F","F",5,1,2,"T","T",0,"F","F",1,"F","F",0,"F","F",6,"G","F","F","",0,0,"N",0,"N",0,"N",1,0,3,0,"","64","","","F","F","F","F","F","F","F","F","F","coopw101","coopw101","","F","F","F","F","F","","","","",0,4,0,0,6,0,0,0,0,60,"NY1","NY1","PIT",1,"F","F",2,1,0,27,3,"T","F",3,5,"T","T","younr101","kellg101","T","T",1,9,59,2,8,58,0,0,0,"schmw102","schmw102","",0,0,0,0,0,0,0,0,0,0,0,0,0,"wrigg102","T","F","F","F",4,0,4,0,3,0,0,0,0,0,F,F,"1924NY1.EVN.regular.event.csv",4613
"NY1192409250","PIT",7,1,2,0,0,"",1,2,"younr101","?","younr101","?","coopw101","?","coopw101","?","schmw102","grimc101","marar101","trayp101","wrigg102","cuylk101","carem101","moore102","lindf101","","gowdh101","D8/L78-.3-H;1-H","F","F",9,2,21,"T","T",2,"F","F",0,"F","F",2,"F","F",8,"L","F","F","78",0,0,"N",0,"N",0,"N",2,4,0,4,"","","","","F","F","F","F","F","F","F","F","F","coopw101","","coopw101","F","F","F","F","F","","","","",0,0,0,0,0,0,0,0,0,61,"NY1","NY1","PIT",1,"F","F",2,1,0,28,4,"T","F",5,2,"T","T","kellg101","meusi101","T","T",5,1,60,0,0,0,2,8,58,"schmw102","","schmw102",0,0,0,0,0,0,0,0,0,0,0,0,2,"carem101","F","F","F","F",4,4,0,4,1,0,0,0,0,0,F,F,"1924NY1.EVN.regular.event.csv",4614
"NY1192409250","PIT",7,1,2,0,0,"X",1,4,"kellg101","?","kellg101","?","coopw101","?","coopw101","?","schmw102","grimc101","marar101","trayp101","wrigg102","cuylk101","carem101","moore102","","younr101","","S8/F8S.2-H","F","F",4,3,20,"T","T",1,"F","F",0,"F","F",1,"F","F",8,"F","F","F","8S",0,0,"N",0,"N",0,"N",1,0,4,0,"","","","","F","F","F","F","F","F","F","F","F","","coopw101","","F","F","F","F","F","","","","",0,0,0,0,0,0,0,0,0,62,"NY1","NY1","PIT",1,"F","F",4,1,2,29,5,"T","F",2,1,"T","T","meusi101","terrb101","T","T",0,0,0,9,2,61,0,0,0,"","schmw102","",0,0,0,0,0,0,1,0,0,0,1,0,1,"carem101","F","F","F","F",0,0,4,0,0,0,0,0,0,0,F,F,"1924NY1.EVN.regular.event.csv",4615
"NY1192409250","PIT",7,1,2,0,0,"X",1,5,"meusi101","?","meusi101","?","coopw101","?","coopw101","?","schmw102","grimc101","marar101","trayp101","wrigg102","cuylk101","carem101","moore102","kellg101","","","9/F","F","F",7,4,2,"T","T",0,"F","F",1,"F","F",0,"F","F",9,"F","F","F","",0,0,"N",0,"N",0,"N",0,1,0,0,"9","","","","F","F","F","F","F","F","F","F","F","coopw101","","","F","F","F","F","F","","","","",0,9,0,0,0,0,0,0,0,63,"NY1","NY1","PIT",1,"F","T",5,1,3,30,6,"T","F",1,1,"T","T","terrb101","wilsh102","T","T",4,3,62,0,0,0,0,0,0,"schmw102","","",0,0,0,0,0,0,1,0,0,0,1,0,0,"moore102","F","F","F","F",0,0,0,0,0,0,0,0,0,0,F,F,"1924NY1.EVN.regular.event.csv",4616
"NY1192409250","PIT",8,0,0,0,0,"",1,5,"cuylk101","?","cuylk101","?","nehfa101","?","nehfa101","?","gowdh101","terrb101","kellg101","lindf101","jackt101","meusi101","wilsh102","younr101","","","","K","T","F",7,3,3,"T","T",0,"F","F",1,"F","F",0,"F","F",0,"","F","F","",0,0,"N",0,"N",0,"N",0,0,0,0,"2","","","","F","F","F","F","F","F","F","F","F","","","","F","F","F","F","F","","","","",0,2,0,0,0,0,0,0,0,64,"NY1","PIT","NY1",0,"T","F",1,5,0,29,0,"T","F",0,0,"T","T","wrigg102","trayp101","T","T",0,0,0,0,0,0,0,0,0,"","","",0,0,0,0,0,0,0,0,0,0,0,0,0,"","F","F","F","F",0,0,0,0,0,0,0,0,0,0,F,F,"1924NY1.EVN.regular.event.csv",4617
"NY1192409250","PIT",8,0,1,0,0,"",1,5,"wrigg102","?","wrigg102","?","nehfa101","?","nehfa101","?","gowdh101","terrb101","kellg101","lindf101","jackt101","meusi101","wilsh102","younr101","","","","13","F","F",6,4,2,"T","T",0,"F","F",1,"F","F",0,"F","F",1,"G","F","F","",0,0,"N",0,"N",0,"N",0,0,0,0,"13","","","","F","F","F","F","F","F","F","F","F","","","","F","F","F","F","F","","","","",0,3,0,0,1,0,0,0,0,65,"NY1","PIT","NY1",0,"F","F",1,5,0,30,1,"T","F",0,0,"T","T","trayp101","marar101","T","T",0,0,0,0,0,0,0,0,0,"","","",0,0,0,0,0,0,0,0,0,0,0,0,0,"nehfa101","F","F","F","F",0,0,0,0,0,0,0,0,0,0,F,F,"1924NY1.EVN.regular.event.csv",4618
"NY1192409250","PIT",8,0,2,0,0,"",1,5,"trayp101","?","trayp101","?","nehfa101","?","nehfa101","?","gowdh101","terrb101","kellg101","lindf101","jackt101","meusi101","wilsh102","younr101","","","","S7","F","F",5,5,20,"T","T",1,"F","F",0,"F","F",0,"F","F",7,"","F","F","",0,0,"N",0,"N",0,"N",1,0,0,0,"","","","","F","F","F","F","F","F","F","F","F","","","","F","F","F","F","F","","","","",0,0,0,0,0,0,0,0,0,66,"NY1","PIT","NY1",0,"F","F",1,5,0,31,2,"T","F",0,1,"T","T","marar101","grimc101","T","T",0,0,0,0,0,0,0,0,0,"","","",0,0,0,0,0,0,0,0,0,0,0,0,0,"meusi101","F","F","F","F",0,0,0,0,0,0,0,0,0,0,F,F,"1924NY1.EVN.regular.event.csv",4619
"NY1192409250","PIT",8,0,2,0,0,"",1,5,"marar101","?","marar101","?","nehfa101","?","nehfa101","?","gowdh101","terrb101","kellg101","lindf101","jackt101","meusi101","wilsh102","younr101","trayp101","","","54(1)/FO","F","F",4,6,2,"T","T",0,"F","F",1,"F","F",0,"F","F",5,"G","F","F","",0,0,"N",0,"N",0,"N",1,0,0,0,"","54","","","F","F","F","F","F","F","F","F","F","nehfa101","","","F","F","F","F","F","","","","",0,4,0,0,5,0,0,0,0,67,"NY1","PIT","NY1",0,"F","T",1,5,0,32,3,"T","F",1,1,"T","T","grimc101","schmw102","T","T",5,5,66,0,0,0,0,0,0,"gowdh101","","",0,0,0,0,0,0,0,0,0,0,0,0,0,"lindf101","T","F","F","F",0,0,0,0,0,0,0,0,0,0,F,F,"1924NY1.EVN.regular.event.csv",4620
"NY1192409250","PIT",8,1,0,0,0,"X",1,5,"terrb101","?","terrb101","?","coopw101","?","coopw101","?","schmw102","grimc101","marar101","trayp101","wrigg102","cuylk101","carem101","moore102","","","","3/FL","T","F",3,5,2,"T","T",0,"F","F",1,"F","F",0,"F","F",3,"F","F","T","",0,0,"N",0,"N",0,"N",0,0,0,0,"3","","","","F","F","F","F","F","F","F","F","F","","","","F","F","F","F","F","","","","",0,3,0,0,0,0,0,0,0,68,"NY1","NY1","PIT",1,"T","F",5,1,0,31,0,"T","F",0,0,"T","T","wilsh102","jackt101","T","T",0,0,0,0,0,0,0,0,0,"","","",0,0,0,0,0,0,1,0,0,0,1,0,0,"grimc101","F","F","F","F",0,0,0,0,0,0,0,0,0,0,F,F,"1924NY1.EVN.regular.event.csv",4621
"NY1192409250","PIT",8,1,1,0,0,"X",1,5,"wilsh102","?","wilsh102","?","coopw101","?","coopw101","?","schmw102","grimc101","marar101","trayp101","wrigg102","cuylk101","carem101","moore102","","","","53","F","F",8,6,2,"T","T",0,"F","F",1,"F","F",0,"F","F",5,"G","F","F","",0,0,"N",0,"N",0,"N",0,0,0,0,"53","","","","F","F","F","F","F","F","F","F","F","","","","F","F","F","F","F","","","","",0,3,0,0,5,0,0,0,0,69,"NY1","NY1","PIT",1,"F","F",5,1,0,32,1,"T","F",0,0,"T","T","jackt101","gowdh101","T","T",0,0,0,0,0,0,0,0,0,"","","",0,0,0,0,0,0,1,0,0,0,1,0,0,"trayp101","F","F","F","F",0,0,0,0,0,0,0,0,0,0,F,F,"1924NY1.EVN.regular.event.csv",4622
"NY1192409250","PIT",8,1,2,0,0,"",1,5,"jackt101","?","jackt101","?","coopw101","?","coopw101","?","schmw102","grimc101","marar101","trayp101","wrigg102","cuylk101","carem101","moore102","","","","D7","F","F",6,7,21,"T","T",2,"F","F",0,"F","F",0,"F","F",7,"","F","F","",0,0,"N",0,"N",0,"N",2,0,0,0,"","","","","F","F","F","F","F","F","F","F","F","","","","F","F","F","F","F","","","","",0,0,0,0,0,0,0,0,0,70,"NY1","NY1","PIT",1,"F","F",5,1,0,33,2,"T","F",0,2,"T","T","gowdh101","nehfa101","T","T",0,0,0,0,0,0,0,0,0,"","","",0,0,0,0,0,0,0,0,0,0,0,0,0,"cuylk101","F","F","F","F",2,0,0,0,0,0,0,0,0,0,F,F,"1924NY1.EVN.regular.event.csv",4623
"NY1192409250","PIT",8,1,2,0,0,"",1,5,"gowdh101","?","gowdh101","?","coopw101","?","coopw101","?","schmw102","grimc101","marar101","trayp101","wrigg102","cuylk101","carem101","moore102","","jackt101","","53","F","F",2,8,2,"T","T",0,"F","F",1,"F","F",0,"F","F",5,"G","F","F","",0,0,"N",0,"N",0,"N",0,0,2,0,"53","","","","F","F","F","F","F","F","F","F","F","","coopw101","","F","F","F","F","F","","","","",0,3,0,0,5,0,0,0,0,71,"NY1","NY1","PIT",1,"F","T",5,1,0,34,3,"T","F",2,2,"T","T","nehfa101","lindf101","T","T",0,0,0,6,7,70,0,0,0,"","schmw102","",0,0,0,0,0,0,0,0,0,0,0,0,0,"trayp101","F","F","F","F",0,0,2,0,0,0,0,0,0,0,F,F,"1924NY1.EVN.regular.event.csv",4624
"NY1192409250","PIT",9,0,0,0,0,"",1,5,"barnc102","?","barnc102","?","nehfa101","?","nehfa101","?","gowdh101","terrb101","kellg101","lindf101","jackt101","meusi101","wilsh102","younr101","","","","S9/L89S","T","T",11,7,20,"T","T",1,"F","F",0,"F","F",0,"F","F",9,"L","F","F","89S",0,0,"N",0,"N",0,"N",1,0,0,0,"","","","","F","F","F","F","F","F","F","F","F","","","","F","F","F","F","F","","","","grimc101",3,0,0,0,0,0,0,0,0,72,"NY1","PIT","NY1",0,"T","F",1,5,0,33,0,"T","F",0,1,"F","F","schmw102","coopw101","T","T",0,0,0,0,0,0,0,0,0,"","","",0,0,0,0,0,0,0,0,0,0,0,0,0,"younr101","F","F","F","F",0,0,0,0,3,0,0,0,0,0,F,F,"1924NY1.EVN.regular.event.csv",4625
"NY1192409250","PIT",9,0,0,0,0,"",1,5,"schmw102","?","schmw102","?","nehfa101","?","nehfa101","?","gowdh101","terrb101","kellg101","lindf101","jackt101","meusi101","wilsh102","younr101","barnc102","","","64(1)/FO","F","F",2,8,2,"T","T",0,"F","F",1,"F","F",0,"F","F",6,"G","F","F","",0,0,"N",0,"N",0,"N",1,0,0,0,"","64","","","F","F","F","F","F","F","F","F","F","nehfa101","","","F","F","F","F","F","","","","",0,4,0,0,6,0,0,0,0,73,"NY1","PIT","NY1",0,"F","F",1,5,0,34,1,"T","F",1,1,"T","T","coopw101","moore102","T","T",0,7,72,0,0,0,0,0,0,"gowdh101","","",0,0,0,0,0,0,0,0,0,0,0,0,0,"jackt101","T","F","F","F",4,0,0,0,3,0,0,0,0,0,F,F,"1924NY1.EVN.regular.event.csv",4626
"NY1192409250","PIT",9,0,1,0,0,"",1,5,"coopw101","?","coopw101","?","nehfa101","?","nehfa101","?","gowdh101","terrb101","kellg101","lindf101","jackt101","meusi101","wilsh102","younr101","schmw102","","","5/P","F","F",1,9,2,"T","T",0,"F","F",1,"F","F",0,"F","F",5,"P","F","F","",0,0,"N",0,"N",0,"N",0,1,0,0,"5","","","","F","F","F","F","F","F","F","F","F","nehfa101","","","F","F","F","F","F","","","","",0,5,0,0,0,0,0,0,0,74,"NY1","PIT","NY1",0,"F","F",1,5,0,35,2,"T","F",1,1,"T","T","moore102","carem101","T","T",2,8,73,0,0,0,0,0,0,"gowdh101","","",0,0,0,0,0,0,0,0,0,0,0,0,0,"lindf101","F","F","F","F",0,4,0,0,3,0,0,0,0,0,F,F,"1924NY1.EVN.regular.event.csv",4627
"NY1192409250","PIT",9,0,2,0,0,"X",1,5,"moore102","?","moore102","?","nehfa101","?","nehfa101","?","gowdh101","terrb101","kellg101","lindf101","jackt101","meusi101","wilsh102","younr101","schmw102","","","S7/78S.1-2","F","F",9,1,20,"T","T",1,"F","F",0,"F","F",0,"F","F",7,"","F","F","78S",0,0,"N",0,"N",0,"N",1,2,0,0,"","","","","F","F","F","F","F","F","F","F","F","nehfa101","","","F","F","F","F","F","","","","",0,0,0,0,0,0,0,0,0,75,"NY1","PIT","NY1",0,"F","F",1,5,0,36,3,"T","F",1,3,"T","T","carem101","cuylk101","T","T",2,8,73,0,0,0,0,0,0,"gowdh101","","",0,0,0,0,0,0,1,0,0,0,1,0,0,"meusi101","F","F","F","F",4,4,0,0,3,0,0,0,0,0,F,F,"1924NY1.EVN.regular.event.csv",4628
"NY1192409250","PIT",9,0,2,0,0,"",1,5,"carem101","?","carem101","?","nehfa101","?","nehfa101","?","gowdh101","terrb101","kellg101","lindf101","jackt101","meusi101","wilsh102","younr101","moore102","schmw102","","HR/F7D.2-H;1-H","F","F",8,2,23,"T","T",4,"F","F",0,"F","F",3,"F","F",0,"F","F","F","7D",0,0,"N",0,"N",0,"N",4,4,4,0,"","","","","F","F","F","F","F","F","F","F","F","nehfa101","nehfa101","","F","F","F","F","F","","","","",0,0,0,0,0,0,0,0,0,76,"NY1","PIT","NY1",0,"F","F",1,5,0,37,4,"T","F",3,0,"T","T","cuylk101","wrigg102","T","T",9,1,75,2,8,73,0,0,0,"gowdh101","gowdh101","",0,0,0,0,0,0,0,0,0,0,0,0,3,"","F","F","F","F",4,4,4,0,0,0,0,0,0,0,F,F,"1924NY1.EVN.regular.event.csv",4629
"NY1192409250","PIT",9,0,2,0,0,"",4,5,"cuylk101","?","cuylk101","?","nehfa101","?","nehfa101","?","gowdh101","terrb101","kellg101","lindf101","jackt101","meusi101","wilsh102","younr101","","","","K","F","F",7,3,3,"T","T",0,"F","F",1,"F","F",0,"F","F",0,"","F","F","",0,0,"N",0,"N",0,"N",0,0,0,0,"2","","","","F","F","F","F","F","F","F","F","F","","","","F","T","F","F","F","","","","",0,2,0,0,0,0,0,0,0,77,"NY1","PIT","NY1",0,"F","T",4,5,3,38,5,"T","F",0,0,"T","T","wrigg102","trayp101","T","T",0,0,0,0,0,0,0,0,0,"","","",0,0,0,0,0,0,0,0,0,0,0,0,0,"","F","F","F","F",0,0,0,0,0,0,0,0,0,0,F,F,"1924NY1.EVN.regular.event.csv",4630
"NY1192409270","PHI",1,0,0,0,0,"",0,0,"sandh101","?","sandh101","?","bentj101","?","bentj101","?","snydf101","terrb101","kellg101","lindf101","jackt101","wilsh102","oconj102","younr101","","","","W","T","F",6,1,14,"T","F",0,"F","F",0,"F","F",0,"F","F",0,"","F","F","",0,0,"N",0,"N",0,"N",1,0,0,0,"","","","","F","F","F","F","F","F","F","F","F","","","","T","F","F","F","F","","","","",0,0,0,0,0,0,0,0,0,1,"NY1","PHI","NY1",0,"T","F",0,0,0,0,0,"T","F",0,1,"T","T","mokaj101","willc103","T","T",0,0,0,0,0,0,0,0,0,"","","",0,0,0,0,0,0,0,0,0,0,0,0,0,"","F","F","F","F",5,0,0,0,1,0,0,0,0,0,F,F,"1924NY1.EVN.regular.event.csv",4631
"NY1192409270","PHI",1,0,0,0,0,"",0,0,"mokaj101","?","mokaj101","?","bentj101","?","bentj101","?","snydf101","terrb101","kellg101","lindf101","jackt101","wilsh102","oconj102","younr101","sandh101","","","7/L","F","F",7,2,2,"T","T",0,"F","F",1,"F","F",0,"F","F",7,"L","F","F","",0,0,"N",0,"N",0,"N",0,1,0,0,"7","","","","F","F","F","F","F","F","F","F","F","bentj101","","","F","F","F","F","F","","","","",0,7,0,0,0,0,0,0,0,2,"NY1","PHI","NY1",0,"F","F",0,0,0,1,1,"T","F",1,1,"T","T","willc103","schuj101","T","T",6,1,1,0,0,0,0,0,0,"snydf101","","",0,0,0,0,0,0,0,0,0,0,0,0,0,"wilsh102","F","F","F","F",0,5,0,0,1,0,0,0,0,0,F,F,"1924NY1.EVN.regular.event.csv",4632
"NY1192409270","PHI",1,0,1,0,0,"",0,0,"willc103","?","willc103","?","bentj101","?","bentj101","?","snydf101","terrb101","kellg101","lindf101","jackt101","wilsh102","oconj102","younr101","sandh101","","","FC4.1XH(4E6)(NR)(UR);B-2","F","F",8,3,19,"T","T",0,"F","F",0,"F","F",0,"F","F",4,"G","F","F","",1,6,"D",0,"N",0,"N",2,5,0,0,"","4E6","","","F","F","F","F","F","F","F","F","F","bentj101","","","F","F","F","F","F","","","","",0,0,0,0,4,0,0,0,0,3,"NY1","PHI","NY1",0,"F","F",0,0,0,2,2,"T","F",1,2,"T","T","schuj101","parkf101","T","T",6,1,1,0,0,0,0,0,0,"snydf101","","",0,0,0,0,0,0,0,0,0,0,0,0,1,"kellg101","F","F","F","F",0,5,0,0,0,0,0,0,0,0,F,F,"1924NY1.EVN.regular.event.csv",4633
"NY1192409270","PHI",1,0,1,0,0,"",1,0,"schuj101","?","schuj101","?","bentj101","?","bentj101","?","snydf101","terrb101","kellg101","lindf101","jackt101","wilsh102","oconj102","younr101","","willc103","","53.2-3","F","F",9,4,2,"T","T",0,"F","F",1,"F","F",0,"F","F",5,"G","F","F","",0,0,"N",0,"N",0,"N",0,0,3,0,"53","","","","F","F","F","F","F","F","F","F","F","","bentj101","","F","F","F","F","F","","","","",0,3,0,0,5,0,0,0,0,4,"NY1","PHI","NY1",0,"F","F",1,0,1,3,3,"T","F",2,4,"T","T","parkf101","holkw101","T","T",0,0,0,8,3,3,0,0,0,"","snydf101","",0,0,0,0,0,0,0,0,0,0,0,0,0,"lindf101","F","F","F","F",0,0,0,0,0,0,0,0,0,0,F,F,"1924NY1.EVN.regular.event.csv",4634
"NY1192409270","PHI",1,0,2,0,0,"",1,0,"parkf101","?","parkf101","?","bentj101","?","bentj101","?","snydf101","terrb101","kellg101","lindf101","jackt101","wilsh102","oconj102","younr101","","","willc103","43","F","F",5,5,2,"T","T",0,"F","F",1,"F","F",0,"F","F",4,"G","F","F","",0,0,"N",0,"N",0,"N",0,0,0,3,"43","","","","F","F","F","F","F","F","F","F","F","","","bentj101","F","F","F","F","F","","","","",0,3,0,0,4,0,0,0,0,5,"NY1","PHI","NY1",0,"F","T",1,0,1,4,4,"T","F",4,4,"T","T","holkw101","fordh101","T","T",0,0,0,0,0,0,8,3,3,"","","snydf101",0,0,0,0,0,0,0,0,0,0,0,0,0,"kellg101","F","F","F","F",0,0,0,0,0,0,0,0,0,0,F,F,"1924NY1.EVN.regular.event.csv",4635
"NY1192409270","PHI",1,1,0,0,0,"",1,0,"lindf101","?","lindf101","?","ringj101","?","ringj101","?","wilsj105","holkw101","fordh101","parkf101","sandh101","mokaj101","willc103","schuj101","","","","8/F8XD","T","F",5,1,2,"T","T",0,"F","F",1,"F","F",0,"F","F",8,"F","F","F","8XD",0,0,"N",0,"N",0,"N",0,0,0,0,"8","","","","F","F","F","F","F","F","F","F","F","","","","F","F","F","F","F","","","","",0,8,0,0,0,0,0,0,0,6,"NY1","NY1","PHI",1,"T","F",0,1,0,0,0,"T","F",0,0,"T","T","oconj102","younr101","T","T",0,0,0,0,0,0,0,0,0,"","","",0,0,0,0,0,0,0,0,0,0,0,0,0,"willc103","F","F","F","F",0,0,0,0,0,0,0,0,0,0,F,F,"1924NY1.EVN.regular.event.csv",4636
"NY1192409270","PHI",1,1,1,0,0,"",1,0,"oconj102","?","oconj102","?","ringj101","?","ringj101","?","wilsj105","holkw101","fordh101","parkf101","sandh101","mokaj101","willc103","schuj101","","","","K","F","F",8,2,3,"T","T",0,"F","F",1,"F","F",0,"F","F",0,"","F","F","",0,0,"N",0,"N",0,"N",0,0,0,0,"2","","","","F","F","F","F","F","F","F","F","F","","","","F","F","F","F","F","","","","",0,2,0,0,0,0,0,0,0,7,"NY1","NY1","PHI",1,"F","F",0,1,0,1,1,"T","F",0,0,"T","T","younr101","kellg101","T","T",0,0,0,0,0,0,0,0,0,"","","",0,0,0,0,0,0,0,0,0,0,0,0,0,"","F","F","F","F",0,0,0,0,0,0,0,0,0,0,F,F,"1924NY1.EVN.regular.event.csv",4637
"NY1192409270","PHI",1,1,2,0,0,"",1,0,"younr101","?","younr101","?","ringj101","?","ringj101","?","wilsj105","holkw101","fordh101","parkf101","sandh101","mokaj101","willc103","schuj101","","","","9/F","F","F",9,3,2,"T","T",0,"F","F",1,"F","F",0,"F","F",9,"F","F","F","",0,0,"N",0,"N",0,"N",0,0,0,0,"9","","","","F","F","F","F","F","F","F","F","F","","","","F","F","F","F","F","","","","",0,9,0,0,0,0,0,0,0,8,"NY1","NY1","PHI",1,"F","T",0,1,0,2,2,"T","F",0,0,"T","T","kellg101","terrb101","T","T",0,0,0,0,0,0,0,0,0,"","","",0,0,0,0,0,0,0,0,0,0,0,0,0,"schuj101","F","F","F","F",0,0,0,0,0,0,0,0,0,0,F,F,"1924NY1.EVN.regular.event.csv",4638
"NY1192409270","PHI",2,0,0,0,0,"",1,0,"holkw101","?","holkw101","?","bentj101","?","bentj101","?","snydf101","terrb101","kellg101","lindf101","jackt101","wilsh102","oconj102","younr101","","","","S9/9S","T","F",3,6,20,"T","T",1,"F","F",0,"F","F",0,"F","F",9,"","F","F","9S",0,0,"N",0,"N",0,"N",1,0,0,0,"","","","","F","F","F","F","F","F","F","F","F","","","","F","F","F","F","F","","","","",0,0,0,0,0,0,0,0,0,9,"NY1","PHI","NY1",0,"T","F",1,0,0,5,0,"T","F",0,1,"T","T","fordh101","wilsj105","T","T",0,0,0,0,0,0,0,0,0,"","","",0,0,0,0,0,0,0,0,0,0,0,0,0,"younr101","F","F","F","F",0,0,0,0,0,0,0,0,0,0,F,F,"1924NY1.EVN.regular.event.csv",4639
"NY1192409270","PHI",2,0,0,0,0,"",1,0,"fordh101","?","fordh101","?","bentj101","?","bentj101","?","snydf101","terrb101","kellg101","lindf101","jackt101","wilsh102","oconj102","younr101","holkw101","","","46(1)3/GDP","F","F",4,7,2,"T","T",0,"F","F",2,"T","F",0,"F","F",4,"G","F","F","",0,0,"N",0,"N",0,"N",0,0,0,0,"63","46","","","F","F","F","F","F","F","F","F","F","bentj101","","","F","F","F","F","F","","","","",0,6,3,0,4,6,0,0,0,10,"NY1","PHI","NY1",0,"F","F",1,0,0,6,1,"T","F",1,0,"T","T","wilsj105","ringj101","T","T",3,6,9,0,0,0,0,0,0,"snydf101","","",0,0,0,0,0,0,0,0,0,0,0,0,0,"kellg101","T","F","F","F",0,0,0,0,0,0,0,0,0,0,F,F,"1924NY1.EVN.regular.event.csv",4640
"NY1192409270","PHI",2,0,2,0,0,"",1,0,"wilsj105","?","wilsj105","?","bentj101","?","bentj101","?","snydf101","terrb101","kellg101","lindf101","jackt101","wilsh102","oconj102","younr101","","","","53","F","F",2,8,2,"T","T",0,"F","F",1,"F","F",0,"F","F",5,"G","F","F","",0,0,"N",0,"N",0,"N",0,0,0,0,"53","","","","F","F","F","F","F","F","F","F","F","","","","F","F","F","F","F","","","","",0,3,0,0,5,0,0,0,0,11,"NY1","PHI","NY1",0,"F","T",1,0,0,7,2,"T","F",0,0,"T","T","ringj101","sandh101","T","T",0,0,0,0,0,0,0,0,0,"","","",0,0,0,0,0,0,0,0,0,0,0,0,0,"lindf101","F","F","F","F",0,0,0,0,0,0,0,0,0,0,F,F,"1924NY1.EVN.regular.event.csv",4641
"NY1192409270","PHI",2,1,0,0,0,"",1,0,"kellg101","?","kellg101","?","ringj101","?","ringj101","?","wilsj105","holkw101","fordh101","parkf101","sandh101","mokaj101","willc103","schuj101","","","","63","T","F",4,4,2,"T","T",0,"F","F",1,"F","F",0,"F","F",6,"G","F","F","",0,0,"N",0,"N",0,"N",0,0,0,0,"63","","","","F","F","F","F","F","F","F","F","F","","","","F","F","F","F","F","","","","",0,3,0,0,6,0,0,0,0,12,"NY1","NY1","PHI",1,"T","F",0,1,0,3,0,"T","F",0,0,"T","T","terrb101","wilsh102","T","T",0,0,0,0,0,0,0,0,0,"","","",0,0,0,0,0,0,0,0,0,0,0,0,0,"sandh101","F","F","F","F",0,0,0,0,0,0,0,0,0,0,F,F,"1924NY1.EVN.regular.event.csv",4642
"NY1192409270","PHI",2,1,1,0,0,"",1,0,"terrb101","?","terrb101","?","ringj101","?","ringj101","?","wilsj105","holkw101","fordh101","parkf101","sandh101","mokaj101","willc103","schuj101","","","","3/G","F","F",3,5,2,"T","T",0,"F","F",1,"F","F",0,"F","F",3,"G","F","F","",0,0,"N",0,"N",0,"N",0,0,0,0,"3","","","","F","F","F","F","F","F","F","F","F","","","","F","F","F","F","F","","","","",0,3,0,0,0,0,0,0,0,13,"NY1","NY1","PHI",1,"F","F",0,1,0,4,1,"T","F",0,0,"T","T","wilsh102","jackt101","T","T",0,0,0,0,0,0,0,0,0,"","","",0,0,0,0,0,0,0,0,0,0,0,0,0,"holkw101","F","F","F","F",0,0,0,0,0,0,0,0,0,0,F,F,"1924NY1.EVN.regular.event.csv",4643
"NY1192409270","PHI",2,1,2,0,0,"",1,0,"wilsh102","?","wilsh102","?","ringj101","?","ringj101","?","wilsj105","holkw101","fordh101","parkf101","sandh101","mokaj101","willc103","schuj101","","","","K/C","F","F",7,6,3,"T","T",0,"F","F",1,"F","F",0,"F","F",0,"","F","F","",0,0,"N",0,"N",0,"N",0,0,0,0,"2","","","","F","F","F","F","F","F","F","F","F","","","","F","F","F","F","F","","","","",0,2,0,0,0,0,0,0,0,14,"NY1","NY1","PHI",1,"F","T",0,1,0,5,2,"T","F",0,0,"T","T","jackt101","snydf101","T","T",0,0,0,0,0,0,0,0,0,"","","",0,0,0,0,0,0,0,0,0,0,0,0,0,"","F","F","F","F",0,0,0,0,0,0,0,0,0,0,F,F,"1924NY1.EVN.regular.event.csv",4644
"NY1192409270","PHI",3,0,0,0,0,"",1,0,"ringj101","?","ringj101","?","bentj101","?","bentj101","?","snydf101","terrb101","kellg101","lindf101","jackt101","wilsh102","oconj102","younr101","","","","13","T","F",1,9,2,"T","T",0,"F","F",1,"F","F",0,"F","F",1,"G","F","F","",0,0,"N",0,"N",0,"N",0,0,0,0,"13","","","","F","F","F","F","F","F","F","F","F","","","","F","F","F","F","F","","","","",0,3,0,0,1,0,0,0,0,15,"NY1","PHI","NY1",0,"T","F",1,0,0,8,0,"T","F",0,0,"T","T","sandh101","mokaj101","T","T",0,0,0,0,0,0,0,0,0,"","","",0,0,0,0,0,0,0,0,0,0,0,0,0,"bentj101","F","F","F","F",0,0,0,0,0,0,0,0,0,0,F,F,"1924NY1.EVN.regular.event.csv",4645
"NY1192409270","PHI",3,0,1,0,0,"",1,0,"sandh101","?","sandh101","?","bentj101","?","bentj101","?","snydf101","terrb101","kellg101","lindf101","jackt101","wilsh102","oconj102","younr101","","","","53/G56","F","F",6,1,2,"T","T",0,"F","F",1,"F","F",0,"F","F",5,"G","F","F","56",0,0,"N",0,"N",0,"N",0,0,0,0,"53","","","","F","F","F","F","F","F","F","F","F","","","","F","F","F","F","F","","","","",0,3,0,0,5,0,0,0,0,16,"NY1","PHI","NY1",0,"F","F",1,0,0,9,1,"T","F",0,0,"T","T","mokaj101","willc103","T","T",0,0,0,0,0,0,0,0,0,"","","",0,0,0,0,0,0,0,0,0,0,0,0,0,"lindf101","F","F","F","F",0,0,0,0,0,0,0,0,0,0,F,F,"1924NY1.EVN.regular.event.csv",4646
"NY1192409270","PHI",3,0,2,0,0,"",1,0,"mokaj101","?","mokaj101","?","bentj101","?","bentj101","?","snydf101","terrb101","kellg101","lindf101","jackt101","wilsh102","oconj102","younr101","","","","S8","F","F",7,2,20,"T","T",1,"F","F",0,"F","F",0,"F","F",8,"","F","F","",0,0,"N",0,"N",0,"N",1,0,0,0,"","","","","F","F","F","F","F","F","F","F","F","","","","F","F","F","F","F","","","","",0,0,0,0,0,0,0,0,0,17,"NY1","PHI","NY1",0,"F","F",1,0,0,10,2,"T","F",0,1,"T","T","willc103","schuj101","T","T",0,0,0,0,0,0,0,0,0,"","","",0,0,0,0,0,0,0,0,0,0,0,0,0,"oconj102","F","F","F","F",0,0,0,0,0,0,0,0,0,0,F,F,"1924NY1.EVN.regular.event.csv",4647
"NY1192409270","PHI",3,0,2,0,0,"",1,0,"willc103","?","willc103","?","bentj101","?","bentj101","?","snydf101","terrb101","kellg101","lindf101","jackt101","wilsh102","oconj102","younr101","mokaj101","","","8/F","F","F",8,3,2,"T","T",0,"F","F",1,"F","F",0,"F","F",8,"F","F","F","",0,0,"N",0,"N",0,"N",0,1,0,0,"8","","","","F","F","F","F","F","F","F","F","F","bentj101","","","F","F","F","F","F","","","","",0,8,0,0,0,0,0,0,0,18,"NY1","PHI","NY1",0,"F","T",1,0,0,11,3,"T","F",1,1,"T","T","schuj101","parkf101","T","T",7,2,17,0,0,0,0,0,0,"snydf101","","",0,0,0,0,0,0,0,0,0,0,0,0,0,"oconj102","F","F","F","F",0,0,0,0,0,0,0,0,0,0,F,F,"1924NY1.EVN.regular.event.csv",4648
"NY1192409270","PHI",3,1,0,0,0,"",1,0,"jackt101","?","jackt101","?","ringj101","?","ringj101","?","wilsj105","holkw101","fordh101","parkf101","sandh101","mokaj101","willc103","schuj101","","","","S7/G5L","T","F",6,7,20,"T","T",1,"F","F",0,"F","F",0,"F","F",7,"G","F","F","5L",0,0,"N",0,"N",0,"N",1,0,0,0,"","","","","F","F","F","F","F","F","F","F","F","","","","F","F","F","F","F","","","","",0,0,0,0,0,0,0,0,0,19,"NY1","NY1","PHI",1,"T","F",0,1,0,6,0,"T","F",0,1,"T","T","snydf101","bentj101","T","T",0,0,0,0,0,0,0,0,0,"","","",0,0,0,0,0,0,0,0,0,0,0,0,0,"mokaj101","F","F","F","F",4,0,0,0,1,0,0,0,0,0,F,F,"1924NY1.EVN.regular.event.csv",4649
"NY1192409270","PHI",3,1,0,0,0,"",1,0,"snydf101","?","snydf101","?","ringj101","?","ringj101","?","wilsj105","holkw101","fordh101","parkf101","sandh101","mokaj101","willc103","schuj101","jackt101","","","K/C","F","F",2,8,3,"T","T",0,"F","F",1,"F","F",0,"F","F",0,"","F","F","",0,0,"N",0,"N",0,"N",0,1,0,0,"2","","","","F","F","F","F","F","F","F","F","F","ringj101","","","F","F","F","F","F","","","","",0,2,0,0,0,0,0,0,0,20,"NY1","NY1","PHI",1,"F","F",0,1,0,7,1,"T","F",1,1,"T","T","bentj101","lindf101","T","T",6,7,19,0,0,0,0,0,0,"wilsj105","","",0,0,0,0,0,0,0,0,0,0,0,0,0,"","F","F","F","F",0,4,0,0,1,0,0,0,0,0,F,F,"1924NY1.EVN.regular.event.csv",4650
"NY1192409270","PHI",3,1,1,0,0,"",1,0,"bentj101","?","bentj101","?","ringj101","?","ringj101","?","wilsj105","holkw101","fordh101","parkf101","sandh101","mokaj101","willc103","schuj101","jackt101","","","S9.1-3","F","F",1,9,20,"T","T",1,"F","F",0,"F","F",0,"F","F",9,"","F","F","",0,0,"N",0,"N",0,"N",1,3,0,0,"","","","","F","F","F","F","F","F","F","F","F","ringj101","","","F","F","F","F","F","","","","",0,0,0,0,0,0,0,0,0,21,"NY1","NY1","PHI",1,"F","F",0,1,0,8,2,"T","F",1,5,"T","T","lindf101","oconj102","T","T",6,7,19,0,0,0,0,0,0,"wilsj105","","",0,0,0,0,0,0,0,0,0,0,0,0,0,"schuj101","F","F","F","F",0,4,0,0,1,0,0,0,0,0,F,F,"1924NY1.EVN.regular.event.csv",4651
"NY1192409270","PHI",3,1,1,0,0,"",1,0,"lindf101","?","lindf101","?","ringj101","?","ringj101","?","wilsj105","holkw101","fordh101","parkf101","sandh101","mokaj101","willc103","schuj101","bentj101","","jackt101","8/SF.3-H","F","F",5,1,2,"T","F",0,"F","T",1,"F","F",1,"F","F",8,"F","F","F","",0,0,"N",0,"N",0,"N",0,1,0,4,"8","","","","F","F","F","F","F","F","F","F","F","ringj101","","ringj101","F","F","F","F","F","","","","",0,8,0,0,0,0,0,0,0,22,"NY1","NY1","PHI",1,"F","F",0,1,0,9,3,"T","F",5,1,"T","T","oconj102","younr101","T","T",1,9,21,0,0,0,6,7,19,"wilsj105","","wilsj105",0,0,0,0,0,0,0,0,0,0,0,0,1,"willc103","F","F","F","F",0,0,0,4,0,0,0,0,0,0,F,F,"1924NY1.EVN.regular.event.csv",4652
"NY1192409270","PHI",3,1,2,0,0,"",1,1,"oconj102","?","oconj102","?","ringj101","?","ringj101","?","wilsj105","holkw101","fordh101","parkf101","sandh101","mokaj101","willc103","schuj101","bentj101","","","D7.1-3","F","F",8,2,21,"T","T",2,"F","F",0,"F","F",0,"F","F",7,"","F","F","",0,0,"N",0,"N",0,"N",2,3,0,0,"","","","","F","F","F","F","F","F","F","F","F","ringj101","","","F","F","F","F","F","","","","",0,0,0,0,0,0,0,0,0,23,"NY1","NY1","PHI",1,"F","F",1,1,1,10,4,"T","F",1,6,"T","T","younr101","kellg101","T","T",1,9,21,0,0,0,0,0,0,"wilsj105","","",0,0,0,0,0,0,0,0,0,0,0,0,0,"mokaj101","F","F","F","F",0,0,0,0,0,0,0,0,0,0,F,F,"1924NY1.EVN.regular.event.csv",4653
"NY1192409270","PHI",3,1,2,0,0,"",1,1,"younr101","?","younr101","?","ringj101","?","ringj101","?","wilsj105","holkw101","fordh101","parkf101","sandh101","mokaj101","willc103","schuj101","","oconj102","bentj101","IW","F","F",9,3,15,"T","F",0,"F","F",0,"F","F",0,"F","F",0,"","F","F","",0,0,"N",0,"N",0,"N",1,0,2,3,"","","","","F","F","F","F","F","F","F","F","F","","ringj101","ringj101","F","F","F","F","F","","","","",0,0,0,0,0,0,0,0,0,24,"NY1","NY1","PHI",1,"F","F",1,1,1,11,5,"T","F",6,7,"T","T","kellg101","terrb101","T","T",0,0,0,8,2,23,1,9,21,"","wilsj105","wilsj105",0,0,0,0,0,0,0,0,0,0,0,0,0,"","F","F","F","F",0,0,0,0,0,0,0,0,0,0,F,F,"1924NY1.EVN.regular.event.csv",4654
"NY1192409270","PHI",3,1,2,0,0,"",1,1,"kellg101","?","kellg101","?","ringj101","?","ringj101","?","wilsj105","holkw101","fordh101","parkf101","sandh101","mokaj101","willc103","schuj101","younr101","oconj102","bentj101","8/F78XDW","F","F",4,4,2,"T","T",0,"F","F",1,"F","F",0,"F","F",8,"F","F","F","78XDW",0,0,"N",0,"N",0,"N",0,1,2,3,"8","","","","F","F","F","F","F","F","F","F","F","ringj101","ringj101","ringj101","F","F","F","F","F","","","","",0,8,0,0,0,0,0,0,0,25,"NY1","NY1","PHI",1,"F","T",1,1,1,12,6,"T","F",7,7,"T","T","terrb101","wilsh102","T","T",9,3,24,8,2,23,1,9,21,"wilsj105","wilsj105","wilsj105",0,0,0,0,0,0,0,0,0,0,0,0,0,"willc103","F","F","F","F",0,0,0,0,0,0,0,0,0,0,F,F,"1924NY1.EVN.regular.event.csv",4655
"NY1192409270","PHI",4,0,0,0,0,"",1,1,"schuj101","?","schuj101","?","bentj101","?","bentj101","?","snydf101","terrb101","kellg101","lindf101","jackt101","wilsh102","oconj102","younr101","","","","43","T","F",9,4,2,"T","T",0,"F","F",1,"F","F",0,"F","F",4,"G","F","F","",0,0,"N",0,"N",0,"N",0,0,0,0,"43","","","","F","F","F","F","F","F","F","F","F","","","","F","F","F","F","F","","","","",0,3,0,0,4,0,0,0,0,26,"NY1","PHI","NY1",0,"T","F",1,1,0,12,0,"T","F",0,0,"T","T","parkf101","holkw101","T","T",0,0,0,0,0,0,0,0,0,"","","",0,0,0,0,0,0,0,0,0,0,0,0,0,"kellg101","F","F","F","F",0,0,0,0,0,0,0,0,0,0,F,F,"1924NY1.EVN.regular.event.csv",4656
"NY1192409270","PHI",4,0,1,0,0,"",1,1,"parkf101","?","parkf101","?","bentj101","?","bentj101","?","snydf101","terrb101","kellg101","lindf101","jackt101","wilsh102","oconj102","younr101","","","","63","F","F",5,5,2,"T","T",0,"F","F",1,"F","F",0,"F","F",6,"G","F","F","",0,0,"N",0,"N",0,"N",0,0,0,0,"63","","","","F","F","F","F","F","F","F","F","F","","","","F","F","F","F","F","","","","",0,3,0,0,6,0,0,0,0,27,"NY1","PHI","NY1",0,"F","F",1,1,0,13,1,"T","F",0,0,"T","T","holkw101","fordh101","T","T",0,0,0,0,0,0,0,0,0,"","","",0,0,0,0,0,0,0,0,0,0,0,0,0,"jackt101","F","F","F","F",0,0,0,0,0,0,0,0,0,0,F,F,"1924NY1.EVN.regular.event.csv",4657
"NY1192409270","PHI",4,0,2,0,0,"",1,1,"holkw101","?","holkw101","?","bentj101","?","bentj101","?","snydf101","terrb101","kellg101","lindf101","jackt101","wilsh102","oconj102","younr101","","","","9/L","F","F",3,6,2,"T","T",0,"F","F",1,"F","F",0,"F","F",9,"L","F","F","",0,0,"N",0,"N",0,"N",0,0,0,0,"9","","","","F","F","F","F","F","F","F","F","F","","","","F","F","F","F","F","","","","",0,9,0,0,0,0,0,0,0,28,"NY1","PHI","NY1",0,"F","T",1,1,0,14,2,"T","F",0,0,"T","T","fordh101","wilsj105","T","T",0,0,0,0,0,0,0,0,0,"","","",0,0,0,0,0,0,0,0,0,0,0,0,0,"younr101","F","F","F","F",0,0,0,0,0,0,0,0,0,0,F,F,"1924NY1.EVN.regular.event.csv",4658
"NY1192409270","PHI",4,1,0,0,0,"",1,1,"terrb101","?","terrb101","?","ringj101","?","ringj101","?","wilsj105","holkw101","fordh101","parkf101","sandh101","mokaj101","willc103","schuj101","","","","D7","T","F",3,5,21,"T","T",2,"F","F",0,"F","F",0,"F","F",7,"","F","F","",0,0,"N",0,"N",0,"N",2,0,0,0,"","","","","F","F","F","F","F","F","F","F","F","","","","F","F","F","F","F","","","","",0,0,0,0,0,0,0,0,0,29,"NY1","NY1","PHI",1,"T","F",1,1,0,13,0,"T","F",0,2,"T","T","wilsh102","jackt101","T","T",0,0,0,0,0,0,0,0,0,"","","",0,0,0,0,0,0,0,0,0,0,0,0,0,"mokaj101","F","F","F","F",4,0,0,0,1,0,0,0,0,0,F,F,"1924NY1.EVN.regular.event.csv",4659
"NY1192409270","PHI",4,1,0,0,0,"",1,1,"wilsh102","?","wilsh102","?","ringj101","?","ringj101","?","wilsj105","holkw101","fordh101","parkf101","sandh101","mokaj101","willc103","schuj101","","terrb101","","S8.2-H","F","F",7,6,20,"T","T",1,"F","F",0,"F","F",1,"F","F",8,"","F","F","",0,0,"N",0,"N",0,"N",1,0,4,0,"","","","","F","F","F","F","F","F","F","F","F","","ringj101","","F","F","F","F","F","","","","",0,0,0,0,0,0,0,0,0,30,"NY1","NY1","PHI",1,"F","F",1,1,0,14,1,"T","F",2,1,"T","T","jackt101","snydf101","T","T",0,0,0,3,5,29,0,0,0,"","wilsj105","",0,0,0,0,0,0,0,0,0,0,0,0,1,"willc103","F","F","F","F",0,0,4,0,0,0,0,0,0,0,F,F,"1924NY1.EVN.regular.event.csv",4660
"NY1192409270","PHI",4,1,0,0,0,"",1,2,"jackt101","?","jackt101","?","ringj101","?","ringj101","?","wilsj105","holkw101","fordh101","parkf101","sandh101","mokaj101","willc103","schuj101","wilsh102","","","9/L","F","F",6,7,2,"T","T",0,"F","F",1,"F","F",0,"F","F",9,"L","F","F","",0,0,"N",0,"N",0,"N",0,1,0,0,"9","","","","F","F","F","F","F","F","F","F","F","ringj101","","","F","F","F","F","F","","","","",0,9,0,0,0,0,0,0,0,31,"NY1","NY1","PHI",1,"F","F",2,1,1,15,2,"T","F",1,1,"T","T","snydf101","bentj101","T","T",7,6,30,0,0,0,0,0,0,"wilsj105","","",0,0,0,0,0,0,0,0,0,0,0,0,0,"schuj101","F","F","F","F",0,0,0,0,0,0,0,0,0,0,F,F,"1924NY1.EVN.regular.event.csv",4661
"NY1192409270","PHI",4,1,1,0,0,"",1,2,"snydf101","?","snydf101","?","ringj101","?","ringj101","?","wilsj105","holkw101","fordh101","parkf101","sandh101","mokaj101","willc103","schuj101","wilsh102","","","K/C","F","F",2,8,3,"T","T",0,"F","F",1,"F","F",0,"F","F",0,"","F","F","",0,0,"N",0,"N",0,"N",0,1,0,0,"2","","","","F","F","F","F","F","F","F","F","F","ringj101","","","F","F","F","F","F","","","","",0,2,0,0,0,0,0,0,0,32,"NY1","NY1","PHI",1,"F","F",2,1,1,16,3,"T","F",1,1,"T","T","bentj101","lindf101","T","T",7,6,30,0,0,0,0,0,0,"wilsj105","","",0,0,0,0,0,0,0,0,0,0,0,0,0,"","F","F","F","F",0,0,0,0,0,0,0,0,0,0,F,F,"1924NY1.EVN.regular.event.csv",4662
"NY1192409270","PHI",4,1,2,0,0,"",1,2,"bentj101","?","bentj101","?","ringj101","?","ringj101","?","wilsj105","holkw101","fordh101","parkf101","sandh101","mokaj101","willc103","schuj101","wilsh102","","","6(1)/FO","F","F",1,9,2,"T","T",0,"F","F",1,"F","F",0,"F","F",6,"G","F","F","",0,0,"N",0,"N",0,"N",1,0,0,0,"","6","","","F","F","F","F","F","F","F","F","F","ringj101","","","F","F","F","F","F","","","","",0,6,0,0,0,0,0,0,0,33,"NY1","NY1","PHI",1,"F","T",2,1,1,17,4,"T","F",1,1,"T","T","lindf101","oconj102","T","T",7,6,30,0,0,0,0,0,0,"wilsj105","","",0,0,0,0,0,0,0,0,0,0,0,0,0,"sandh101","T","F","F","F",0,0,0,0,0,0,0,0,0,0,F,F,"1924NY1.EVN.regular.event.csv",4663
"NY1192409270","PHI",5,0,0,0,0,"",1,2,"fordh101","?","fordh101","?","bentj101","?","bentj101","?","snydf101","terrb101","kellg101","lindf101","jackt101","wilsh102","oconj102","younr101","","","","63","T","F",4,7,2,"T","T",0,"F","F",1,"F","F",0,"F","F",6,"G","F","F","",0,0,"N",0,"N",0,"N",0,0,0,0,"63","","","","F","F","F","F","F","F","F","F","F","","","","F","F","F","F","F","","","","",0,3,0,0,6,0,0,0,0,34,"NY1","PHI","NY1",0,"T","F",1,2,0,15,0,"T","F",0,0,"T","T","wilsj105","ringj101","T","T",0,0,0,0,0,0,0,0,0,"","","",0,0,0,0,0,0,0,0,0,0,0,0,0,"jackt101","F","F","F","F",0,0,0,0,0,0,0,0,0,0,F,F,"1924NY1.EVN.regular.event.csv",4664
"NY1192409270","PHI",5,0,1,0,0,"",1,2,"wilsj105","?","wilsj105","?","bentj101","?","bentj101","?","snydf101","terrb101","kellg101","lindf101","jackt101","wilsh102","oconj102","younr101","","","","5/FL","F","F",2,8,2,"T","T",0,"F","F",1,"F","F",0,"F","F",5,"F","F","T","",0,0,"N",0,"N",0,"N",0,0,0,0,"5","","","","F","F","F","F","F","F","F","F","F","","","","F","F","F","F","F","","","","",0,5,0,0,0,0,0,0,0,35,"NY1","PHI","NY1",0,"F","F",1,2,0,16,1,"T","F",0,0,"T","T","ringj101","sandh101","T","T",0,0,0,0,0,0,0,0,0,"","","",0,0,0,0,0,0,0,0,0,0,0,0,0,"lindf101","F","F","F","F",0,0,0,0,0,0,0,0,0,0,F,F,"1924NY1.EVN.regular.event.csv",4665
"NY1192409270","PHI",5,0,2,0,0,"",1,2,"ringj101","?","ringj101","?","bentj101","?","bentj101","?","snydf101","terrb101","kellg101","lindf101","jackt101","wilsh102","oconj102","younr101","","","","3/FL","F","F",1,9,2,"T","T",0,"F","F",1,"F","F",0,"F","F",3,"F","F","T","",0,0,"N",0,"N",0,"N",0,0,0,0,"3","","","","F","F","F","F","F","F","F","F","F","","","","F","F","F","F","F","","","","",0,3,0,0,0,0,0,0,0,36,"NY1","PHI","NY1",0,"F","T",1,2,0,17,2,"T","F",0,0,"T","T","sandh101","mokaj101","T","T",0,0,0,0,0,0,0,0,0,"","","",0,0,0,0,0,0,0,0,0,0,0,0,0,"terrb101","F","F","F","F",0,0,0,0,0,0,0,0,0,0,F,F,"1924NY1.EVN.regular.event.csv",4666
"NY1192409270","PHI",5,1,0,0,0,"",1,2,"lindf101","?","lindf101","?","ringj101","?","ringj101","?","wilsj105","holkw101","fordh101","parkf101","sandh101","mokaj101","willc103","schuj101","","","","D9","T","F",5,1,21,"T","T",2,"F","F",0,"F","F",0,"F","F",9,"","F","F","",0,0,"N",0,"N",0,"N",2,0,0,0,"","","","","F","F","F","F","F","F","F","F","F","","","","F","F","F","F","F","","","","",0,0,0,0,0,0,0,0,0,37,"NY1","NY1","PHI",1,"T","F",2,1,0,18,0,"T","F",0,2,"T","T","oconj102","younr101","T","T",0,0,0,0,0,0,0,0,0,"","","",0,0,0,0,0,0,0,0,0,0,0,0,0,"schuj101","F","F","F","F",4,0,0,0,1,0,0,0,0,0,F,F,"1924NY1.EVN.regular.event.csv",4667
"NY1192409270","PHI",5,1,0,0,0,"",1,2,"oconj102","?","oconj102","?","ringj101","?","ringj101","?","wilsj105","holkw101","fordh101","parkf101","sandh101","mokaj101","willc103","schuj101","","lindf101","","W","F","F",8,2,14,"T","F",0,"F","F",0,"F","F",0,"F","F",0,"","F","F","",0,0,"N",0,"N",0,"N",1,0,2,0,"","","","","F","F","F","F","F","F","F","F","F","","ringj101","","F","F","F","F","F","","","","",0,0,0,0,0,0,0,0,0,38,"NY1","NY1","PHI",1,"F","F",2,1,0,19,1,"T","F",2,3,"T","T","younr101","kellg101","T","T",0,0,0,5,1,37,0,0,0,"","wilsj105","",0,0,0,0,0,0,0,0,0,0,0,0,0,"","F","F","F","F",0,0,4,0,1,0,0,0,0,0,F,F,"1924NY1.EVN.regular.event.csv",4668
"NY1192409270","PHI",5,1,0,0,0,"",1,2,"younr101","?","younr101","?","ringj101","?","ringj101","?","wilsj105","holkw101","fordh101","parkf101","sandh101","mokaj101","willc103","schuj101","oconj102","lindf101","","56(1)/FO/BG.2-3#","F","F",9,3,2,"T","T",0,"F","F",1,"F","F",0,"F","F",5,"G","T","F","",0,0,"N",0,"N",0,"N",1,0,3,0,"","56","","","F","F","F","F","F","F","F","F","F","ringj101","ringj101","","F","F","F","F","F","","","","",0,6,0,0,5,0,0,0,0,39,"NY1","NY1","PHI",1,"F","F",2,1,0,20,2,"T","F",3,5,"T","T","kellg101","terrb101","T","T",8,2,38,5,1,37,0,0,0,"wilsj105","wilsj105","",0,0,0,0,0,0,0,0,0,0,0,0,0,"parkf101","T","F","F","F",0,0,4,0,1,0,0,0,0,0,F,T,"1924NY1.EVN.regular.event.csv",4669
"NY1192409270","PHI",5,1,1,0,0,"",1,2,"kellg101","?","kellg101","?","ringj101","?","ringj101","?","wilsj105","holkw101","fordh101","parkf101","sandh101","mokaj101","willc103","schuj101","younr101","","lindf101","9/L/SF.3-H","F","F",4,4,2,"T","F",0,"F","T",1,"F","F",1,"F","F",9,"L","F","F","",0,0,"N",0,"N",0,"N",0,1,0,4,"9","","","","F","F","F","F","F","F","F","F","F","ringj101","","ringj101","F","F","F","F","F","","","","",0,9,0,0,0,0,0,0,0,40,"NY1","NY1","PHI",1,"F","F",2,1,0,21,3,"T","F",5,1,"T","T","terrb101","wilsh102","T","T",9,3,39,0,0,0,5,1,37,"wilsj105","","wilsj105",0,0,0,0,0,0,0,0,0,0,0,0,1,"schuj101","F","F","F","F",0,0,0,4,0,0,0,0,0,0,F,F,"1924NY1.EVN.regular.event.csv",4670
"NY1192409270","PHI",5,1,2,0,0,"",1,3,"terrb101","?","terrb101","?","ringj101","?","ringj101","?","wilsj105","holkw101","fordh101","parkf101","sandh101","mokaj101","willc103","schuj101","younr101","","","K/C","F","F",3,5,3,"T","T",0,"F","F",1,"F","F",0,"F","F",0,"","F","F","",0,0,"N",0,"N",0,"N",0,1,0,0,"2","","","","F","F","F","F","F","F","F","F","F","ringj101","","","F","F","F","F","F","","","","",0,2,0,0,0,0,0,0,0,41,"NY1","NY1","PHI",1,"F","T",3,1,1,22,4,"T","F",1,1,"T","T","wilsh102","jackt101","T","T",9,3,39,0,0,0,0,0,0,"wilsj105","","",0,0,0,0,0,0,0,0,0,0,0,0,0,"","F","F","F","F",0,0,0,0,0,0,0,0,0,0,F,F,"1924NY1.EVN.regular.event.csv",4671
"NY1192409270","PHI",6,0,0,0,0,"",1,3,"sandh101","?","sandh101","?","bentj101","?","bentj101","?","snydf101","terrb101","kellg101","lindf101","jackt101","wilsh102","oconj102","younr101","","","","63","T","F",6,1,2,"T","T",0,"F","F",1,"F","F",0,"F","F",6,"G","F","F","",0,0,"N",0,"N",0,"N",0,0,0,0,"63","","","","F","F","F","F","F","F","F","F","F","","","","F","F","F","F","F","","","","",0,3,0,0,6,0,0,0,0,42,"NY1","PHI","NY1",0,"T","F",1,3,0,18,0,"T","F",0,0,"T","T","mokaj101","willc103","T","T",0,0,0,0,0,0,0,0,0,"","","",0,0,0,0,0,0,0,0,0,0,0,0,0,"jackt101","F","F","F","F",0,0,0,0,0,0,0,0,0,0,F,F,"1924NY1.EVN.regular.event.csv",4672
"NY1192409270","PHI",6,0,1,0,0,"",1,3,"mokaj101","?","mokaj101","?","bentj101","?","bentj101","?","snydf101","terrb101","kellg101","lindf101","jackt101","wilsh102","oconj102","younr101","","","","53","F","F",7,2,2,"T","T",0,"F","F",1,"F","F",0,"F","F",5,"G","F","F","",0,0,"N",0,"N",0,"N",0,0,0,0,"53","","","","F","F","F","F","F","F","F","F","F","","","","F","F","F","F","F","","","","",0,3,0,0,5,0,0,0,0,43,"NY1","PHI","NY1",0,"F","F",1,3,0,19,1,"T","F",0,0,"T","T","willc103","schuj101","T","T",0,0,0,0,0,0,0,0,0,"","","",0,0,0,0,0,0,0,0,0,0,0,0,0,"lindf101","F","F","F","F",0,0,0,0,0,0,0,0,0,0,F,F,"1924NY1.EVN.regular.event.csv",4673
"NY1192409270","PHI",6,0,2,0,0,"",1,3,"willc103","?","willc103","?","bentj101","?","bentj101","?","snydf101","terrb101","kellg101","lindf101","jackt101","wilsh102","oconj102","younr101","","","","7/F","F","F",8,3,2,"T","T",0,"F","F",1,"F","F",0,"F","F",7,"F","F","F","",0,0,"N",0,"N",0,"N",0,0,0,0,"7","","","","F","F","F","F","F","F","F","F","F","","","","F","F","F","F","F","","","","",0,7,0,0,0,0,0,0,0,44,"NY1","PHI","NY1",0,"F","T",1,3,0,20,2,"T","F",0,0,"T","T","schuj101","parkf101","T","T",0,0,0,0,0,0,0,0,0,"","","",0,0,0,0,0,0,0,0,0,0,0,0,0,"wilsh102","F","F","F","F",0,0,0,0,0,0,0,0,0,0,F,F,"1924NY1.EVN.regular.event.csv",4674
"NY1192409270","PHI",6,1,0,0,0,"",1,3,"wilsh102","?","wilsh102","?","ringj101","?","ringj101","?","wilsj105","holkw101","fordh101","parkf101","sandh101","mokaj101","willc103","schuj101","","","","D9","T","F",7,6,21,"T","T",2,"F","F",0,"F","F",0,"F","F",9,"","F","F","",0,0,"N",0,"N",0,"N",2,0,0,0,"","","","","F","F","F","F","F","F","F","F","F","","","","F","F","F","F","F","","","","",0,0,0,0,0,0,0,0,0,45,"NY1","NY1","PHI",1,"T","F",3,1,0,23,0,"T","F",0,2,"T","T","jackt101","snydf101","T","T",0,0,0,0,0,0,0,0,0,"","","",0,0,0,0,0,0,0,0,0,0,0,0,0,"schuj101","F","F","F","F",4,0,0,0,1,0,0,0,0,0,F,F,"1924NY1.EVN.regular.event.csv",4675
"NY1192409270","PHI",6,1,0,0,0,"",1,3,"jackt101","?","jackt101","?","ringj101","?","ringj101","?","wilsj105","holkw101","fordh101","parkf101","sandh101","mokaj101","willc103","schuj101","","wilsh102","","S7.2-H","F","F",6,7,20,"T","T",1,"F","F",0,"F","F",1,"F","F",7,"","F","F","",0,0,"N",0,"N",0,"N",1,0,4,0,"","","","","F","F","F","F","F","F","F","F","F","","ringj101","","F","F","F","F","F","","","","",0,0,0,0,0,0,0,0,0,46,"NY1","NY1","PHI",1,"F","F",3,1,0,24,1,"T","F",2,1,"T","T","snydf101","bentj101","T","T",0,0,0,7,6,45,0,0,0,"","wilsj105","",0,0,0,0,0,0,0,0,0,0,0,0,1,"mokaj101","F","F","F","F",0,0,4,0,0,0,0,0,0,0,F,F,"1924NY1.EVN.regular.event.csv",4676
"NY1192409270","PHI",6,1,0,0,0,"",1,4,"snydf101","?","snydf101","?","ringj101","?","ringj101","?","wilsj105","holkw101","fordh101","parkf101","sandh101","mokaj101","willc103","schuj101","jackt101","","","PO1(23)","F","F",2,8,8,"F","F",0,"F","F",1,"F","F",0,"F","F",0,"","F","F","",0,0,"N",0,"N",0,"N",0,0,0,0,"","23","","","F","F","F","F","F","F","T","F","F","ringj101","","","F","F","F","F","F","","","","",0,3,0,0,2,0,0,0,0,47,"NY1","NY1","PHI",1,"F","F",4,1,1,25,2,"T","F",1,0,"T","T","bentj101","lindf101","T","T",6,7,46,0,0,0,0,0,0,"wilsj105","","",0,0,0,0,0,0,0,0,0,0,0,0,0,"","F","F","F","F",0,0,0,0,0,0,0,0,0,0,F,F,"1924NY1.EVN.regular.event.csv",4677
"NY1192409270","PHI",6,1,1,0,0,"",1,4,"snydf101","?","snydf101","?","ringj101","?","ringj101","?","wilsj105","holkw101","fordh101","parkf101","sandh101","mokaj101","willc103","schuj101","","","","7/F7D","F","F",2,8,2,"T","T",0,"F","F",1,"F","F",0,"F","F",7,"F","F","F","7D",0,0,"N",0,"N",0,"N",0,0,0,0,"7","","","","F","F","F","F","F","F","F","F","F","","","","F","F","F","F","F","","","","",0,7,0,0,0,0,0,0,0,48,"NY1","NY1","PHI",1,"F","F",4,1,1,25,2,"F","F",0,0,"T","T","bentj101","lindf101","T","T",0,0,0,0,0,0,0,0,0,"","","",0,0,0,0,0,0,0,0,0,0,0,0,0,"mokaj101","F","F","F","F",0,0,0,0,0,0,0,0,0,0,F,F,"1924NY1.EVN.regular.event.csv",4678
"NY1192409270","PHI",6,1,2,0,0,"",1,4,"bentj101","?","bentj101","?","ringj101","?","ringj101","?","wilsj105","holkw101","fordh101","parkf101","sandh101","mokaj101","willc103","schuj101","","","","S7","F","F",1,9,20,"T","T",1,"F","F",0,"F","F",0,"F","F",7,"","F","F","",0,0,"N",0,"N",0,"N",1,0,0,0,"","","","","F","F","F","F","F","F","F","F","F","","","","F","F","F","F","F","","","","",0,0,0,0,0,0,0,0,0,49,"NY1","NY1","PHI",1,"F","F",4,1,1,26,3,"T","F",0,1,"T","T","lindf101","oconj102","T","T",0,0,0,0,0,0,0,0,0,"","","",0,0,0,0,0,0,0,0,0,0,0,0,0,"mokaj101","F","F","F","F",0,0,0,0,0,0,0,0,0,0,F,F,"1924NY1.EVN.regular.event.csv",4679
"NY1192409270","PHI",6,1,2,0,0,"",1,4,"lindf101","?","lindf101","?","ringj101","?","ringj101","?","wilsj105","holkw101","fordh101","parkf101","sandh101","mokaj101","willc103","schuj101","bentj101","","","W.1-2","F","F",5,1,14,"T","F",0,"F","F",0,"F","F",0,"F","F",0,"","F","F","",0,0,"N",0,"N",0,"N",1,2,0,0,"","","","","F","F","F","F","F","F","F","F","F","ringj101","","","F","F","F","F","F","","","","",0,0,0,0,0,0,0,0,0,50,"NY1","NY1","PHI",1,"F","F",4,1,1,27,4,"T","F",1,3,"T","T","oconj102","younr101","T","T",1,9,49,0,0,0,0,0,0,"wilsj105","","",0,0,0,0,0,0,0,0,0,0,0,0,0,"","F","F","F","F",0,0,0,0,0,0,0,0,0,0,F,F,"1924NY1.EVN.regular.event.csv",4680
"NY1192409270","PHI",6,1,2,0,0,"",1,4,"oconj102","?","oconj102","?","carlh101","?","carlh101","?","wilsj105","holkw101","fordh101","parkf101","sandh101","mokaj101","willc103","schuj101","lindf101","bentj101","","3/G","F","F",8,2,2,"T","T",0,"F","F",1,"F","F",0,"F","F",3,"G","F","F","",0,0,"N",0,"N",0,"N",0,1,2,0,"3","","","","F","F","F","F","F","F","F","F","F","ringj101","ringj101","","F","F","F","F","F","","","","",0,3,0,0,0,0,0,0,0,51,"NY1","NY1","PHI",1,"F","T",4,1,1,28,5,"T","F",3,3,"T","T","younr101","kellg101","F","F",5,1,50,1,9,49,0,0,0,"wilsj105","wilsj105","",0,0,0,0,0,0,0,0,0,0,0,0,0,"holkw101","F","F","F","F",0,0,0,0,0,0,0,0,0,0,F,F,"1924NY1.EVN.regular.event.csv",4681
"NY1192409270","PHI",7,0,0,0,0,"",1,4,"schuj101","?","schuj101","?","bentj101","?","bentj101","?","snydf101","terrb101","kellg101","lindf101","jackt101","wilsh102","oconj102","younr101","","","","63","T","F",9,4,2,"T","T",0,"F","F",1,"F","F",0,"F","F",6,"G","F","F","",0,0,"N",0,"N",0,"N",0,0,0,0,"63","","","","F","F","F","F","F","F","F","F","F","","","","F","F","F","F","F","","","","",0,3,0,0,6,0,0,0,0,52,"NY1","PHI","NY1",0,"T","F",1,4,0,21,0,"T","F",0,0,"T","T","parkf101","holkw101","T","T",0,0,0,0,0,0,0,0,0,"","","",0,0,0,0,0,0,0,0,0,0,0,0,0,"jackt101","F","F","F","F",0,0,0,0,0,0,0,0,0,0,F,F,"1924NY1.EVN.regular.event.csv",4682
"NY1192409270","PHI",7,0,1,0,0,"",1,4,"parkf101","?","parkf101","?","bentj101","?","bentj101","?","snydf101","terrb101","kellg101","lindf101","jackt101","wilsh102","oconj102","younr101","","","","S7","F","F",5,5,20,"T","T",1,"F","F",0,"F","F",0,"F","F",7,"","F","F","",0,0,"N",0,"N",0,"N",1,0,0,0,"","","","","F","F","F","F","F","F","F","F","F","","","","F","F","F","F","F","","","","",0,0,0,0,0,0,0,0,0,53,"NY1","PHI","NY1",0,"F","F",1,4,0,22,1,"T","F",0,1,"T","T","holkw101","fordh101","T","T",0,0,0,0,0,0,0,0,0,"","","",0,0,0,0,0,0,0,0,0,0,0,0,0,"wilsh102","F","F","F","F",0,0,0,0,0,0,0,0,0,0,F,F,"1924NY1.EVN.regular.event.csv",4683
"NY1192409270","PHI",7,0,1,0,0,"",1,4,"henlb101","?","henlb101","?","bentj101","?","bentj101","?","snydf101","terrb101","kellg101","lindf101","jackt101","wilsh102","oconj102","younr101","parkf101","","","54(1)/FO#","F","T",11,6,2,"T","T",0,"F","F",1,"F","F",0,"F","F",5,"G","F","F","",0,0,"N",0,"N",0,"N",1,0,0,0,"","54","","","F","F","F","F","F","F","F","F","F","bentj101","","","F","F","F","F","F","","","","holkw101",3,4,0,0,5,0,0,0,0,54,"NY1","PHI","NY1",0,"F","F",1,4,0,23,2,"T","F",1,1,"F","F","fordh101","wilsj105","T","T",5,5,53,0,0,0,0,0,0,"snydf101","","",0,0,0,0,0,0,0,0,0,0,0,0,0,"lindf101","T","F","F","F",0,0,0,0,0,0,0,0,0,0,F,T,"1924NY1.EVN.regular.event.csv",4684
"NY1192409270","PHI",7,0,2,0,0,"",1,4,"fordh101","?","fordh101","?","bentj101","?","bentj101","?","snydf101","terrb101","kellg101","lindf101","jackt101","wilsh102","oconj102","younr101","henlb101","","","54(1)/FO","F","F",4,7,2,"T","T",0,"F","F",1,"F","F",0,"F","F",5,"G","F","F","",0,0,"N",0,"N",0,"N",1,0,0,0,"","54","","","F","F","F","F","F","F","F","F","F","bentj101","","","F","F","F","F","F","","","","",0,4,0,0,5,0,0,0,0,55,"NY1","PHI","NY1",0,"F","T",1,4,0,24,3,"T","F",1,1,"T","T","wilsj105","carlh101","T","T",0,6,54,0,0,0,0,0,0,"snydf101","","",0,0,0,0,0,0,0,0,0,0,0,0,0,"lindf101","T","F","F","F",1,0,0,0,0,0,0,0,0,0,F,F,"1924NY1.EVN.regular.event.csv",4685
"NY1192409270","PHI",7,1,0,0,0,"",1,4,"younr101","?","younr101","?","carlh101","?","carlh101","?","henlb101","wilsj105","fordh101","parkf101","sandh101","mokaj101","willc103","schuj101","","","","2/FL","T","F",9,3,2,"T","T",0,"F","F",1,"F","F",0,"F","F",2,"F","F","T","",0,0,"N",0,"N",0,"N",0,0,0,0,"2","","","","F","F","F","F","F","F","F","F","F","","","","F","F","F","F","F","","","","",0,2,0,0,0,0,0,0,0,56,"NY1","NY1","PHI",1,"T","F",4,1,0,29,0,"T","F",0,0,"T","T","kellg101","terrb101","F","F",0,0,0,0,0,0,0,0,0,"","","",0,0,0,0,0,0,0,0,0,0,0,0,0,"henlb101","F","F","F","F",0,0,0,0,0,0,0,0,0,0,F,F,"1924NY1.EVN.regular.event.csv",4686
"NY1192409270","PHI",7,1,1,0,0,"",1,4,"kellg101","?","kellg101","?","carlh101","?","carlh101","?","henlb101","wilsj105","fordh101","parkf101","sandh101","mokaj101","willc103","schuj101","","","","5/L","F","F",4,4,2,"T","T",0,"F","F",1,"F","F",0,"F","F",5,"L","F","F","",0,0,"N",0,"N",0,"N",0,0,0,0,"5","","","","F","F","F","F","F","F","F","F","F","","","","F","F","F","F","F","","","","",0,5,0,0,0,0,0,0,0,57,"NY1","NY1","PHI",1,"F","F",4,1,0,30,1,"T","F",0,0,"T","T","terrb101","wilsh102","F","F",0,0,0,0,0,0,0,0,0,"","","",0,0,0,0,0,0,0,0,0,0,0,0,0,"parkf101","F","F","F","F",0,0,0,0,0,0,0,0,0,0,F,F,"1924NY1.EVN.regular.event.csv",4687
"NY1192409270","PHI",7,1,2,0,0,"",1,4,"terrb101","?","terrb101","?","carlh101","?","carlh101","?","henlb101","wilsj105","fordh101","parkf101","sandh101","mokaj101","willc103","schuj101","","","","9/F","F","F",3,5,2,"T","T",0,"F","F",1,"F","F",0,"F","F",9,"F","F","F","",0,0,"N",0,"N",0,"N",0,0,0,0,"9","","","","F","F","F","F","F","F","F","F","F","","","","F","F","F","F","F","","","","",0,9,0,0,0,0,0,0,0,58,"NY1","NY1","PHI",1,"F","T",4,1,0,31,2,"T","F",0,0,"T","T","wilsh102","jackt101","F","F",0,0,0,0,0,0,0,0,0,"","","",0,0,0,0,0,0,0,0,0,0,0,0,0,"schuj101","F","F","F","F",0,0,0,0,0,0,0,0,0,0,F,F,"1924NY1.EVN.regular.event.csv",4688
"NY1192409270","PHI",8,0,0,0,0,"",1,4,"wilsj105","?","wilsj105","?","bentj101","?","bentj101","?","snydf101","terrb101","kellg101","lindf101","jackt101","wilsh102","oconj102","younr101","","","","53","T","F",3,8,2,"T","T",0,"F","F",1,"F","F",0,"F","F",5,"G","F","F","",0,0,"N",0,"N",0,"N",0,0,0,0,"53","","","","F","F","F","F","F","F","F","F","F","","","","F","F","F","F","F","","","","",0,3,0,0,5,0,0,0,0,59,"NY1","PHI","NY1",0,"T","F",1,4,0,25,0,"T","F",0,0,"T","T","carlh101","sandh101","T","T",0,0,0,0,0,0,0,0,0,"","","",0,0,0,0,0,0,0,0,0,0,0,0,0,"lindf101","F","F","F","F",0,0,0,0,0,0,0,0,0,0,F,F,"1924NY1.EVN.regular.event.csv",4689
"NY1192409270","PHI",8,0,1,0,0,"",1,4,"carlh101","?","carlh101","?","bentj101","?","bentj101","?","snydf101","terrb101","kellg101","lindf101","jackt101","wilsh102","oconj102","younr101","","","","63","F","F",1,9,2,"T","T",0,"F","F",1,"F","F",0,"F","F",6,"G","F","F","",0,0,"N",0,"N",0,"N",0,0,0,0,"63","","","","F","F","F","F","F","F","F","F","F","","","","F","F","F","F","F","","","","",0,3,0,0,6,0,0,0,0,60,"NY1","PHI","NY1",0,"F","F",1,4,0,26,1,"T","F",0,0,"F","F","sandh101","mokaj101","T","T",0,0,0,0,0,0,0,0,0,"","","",0,0,0,0,0,0,0,0,0,0,0,0,0,"jackt101","F","F","F","F",0,0,0,0,0,0,0,0,0,0,F,F,"1924NY1.EVN.regular.event.csv",4690
"NY1192409270","PHI",8,0,2,0,0,"",1,4,"sandh101","?","sandh101","?","bentj101","?","bentj101","?","snydf101","terrb101","kellg101","lindf101","jackt101","wilsh102","oconj102","younr101","","","","3/FL","F","F",6,1,2,"T","T",0,"F","F",1,"F","F",0,"F","F",3,"F","F","T","",0,0,"N",0,"N",0,"N",0,0,0,0,"3","","","","F","F","F","F","F","F","F","F","F","","","","F","F","F","F","F","","","","",0,3,0,0,0,0,0,0,0,61,"NY1","PHI","NY1",0,"F","T",1,4,0,27,2,"T","F",0,0,"T","T","mokaj101","willc103","T","T",0,0,0,0,0,0,0,0,0,"","","",0,0,0,0,0,0,0,0,0,0,0,0,0,"terrb101","F","F","F","F",0,0,0,0,0,0,0,0,0,0,F,F,"1924NY1.EVN.regular.event.csv",4691
"NY1192409270","PHI",8,1,0,0,0,"",1,4,"wilsh102","?","wilsh102","?","carlh101","?","carlh101","?","henlb101","wilsj105","fordh101","parkf101","sandh101","mokaj101","willc103","schuj101","","","","43","T","F",7,6,2,"T","T",0,"F","F",1,"F","F",0,"F","F",4,"G","F","F","",0,0,"N",0,"N",0,"N",0,0,0,0,"43","","","","F","F","F","F","F","F","F","F","F","","","","F","F","F","F","F","","","","",0,3,0,0,4,0,0,0,0,62,"NY1","NY1","PHI",1,"T","F",4,1,0,32,0,"T","F",0,0,"T","T","jackt101","snydf101","F","F",0,0,0,0,0,0,0,0,0,"","","",0,0,0,0,0,0,0,0,0,0,0,0,0,"fordh101","F","F","F","F",0,0,0,0,1,0,0,0,0,0,F,F,"1924NY1.EVN.regular.event.csv",4692
"NY1192409270","PHI",8,1,1,0,0,"",1,4,"jackt101","?","jackt101","?","carlh101","?","carlh101","?","henlb101","wilsj105","fordh101","parkf101","sandh101","mokaj101","willc103","schuj101","","","","S/F8S","F","F",6,7,20,"T","T",1,"F","F",0,"F","F",0,"F","F",0,"F","F","F","8S",0,0,"N",0,"N",0,"N",1,0,0,0,"","","","","F","F","F","F","F","F","F","F","F","","","","F","F","F","F","F","","","","",0,0,0,0,0,0,0,0,0,63,"NY1","NY1","PHI",1,"F","F",4,1,0,33,1,"T","F",0,1,"T","T","snydf101","bentj101","F","F",0,0,0,0,0,0,0,0,0,"","","",0,0,0,0,0,0,0,0,0,0,0,0,0,"","F","F","F","F",5,0,0,0,1,0,0,0,0,0,F,F,"1924NY1.EVN.regular.event.csv",4693
"NY1192409270","PHI",8,1,1,0,0,"",1,4,"snydf101","?","snydf101","?","carlh101","?","carlh101","?","henlb101","wilsj105","fordh101","parkf101","sandh101","mokaj101","willc103","schuj101","jackt101","","","S9.1-3","F","F",2,8,20,"T","T",1,"F","F",0,"F","F",0,"F","F",9,"","F","F","",0,0,"N",0,"N",0,"N",1,3,0,0,"","","","","F","F","F","F","F","F","F","F","F","carlh101","","","F","F","F","F","F","","","","",0,0,0,0,0,0,0,0,0,64,"NY1","NY1","PHI",1,"F","F",4,1,0,34,2,"T","F",1,5,"T","T","bentj101","lindf101","F","F",6,7,63,0,0,0,0,0,0,"henlb101","","",0,0,0,0,0,0,0,0,0,0,0,0,0,"schuj101","F","F","F","F",0,5,0,0,1,0,0,0,0,0,F,F,"1924NY1.EVN.regular.event.csv",4694
"NY1192409270","PHI",8,1,1,0,0,"",1,4,"bentj101","?","bentj101","?","carlh101","?","carlh101","?","henlb101","wilsj105","fordh101","parkf101","sandh101","mokaj101","willc103","schuj101","snydf101","","jackt101","FC5.3XH(52E5)(NR)(UR);1-3;B-2#","F","F",1,9,19,"T","T",0,"F","F",0,"F","F",0,"F","F",5,"G","F","F","",1,5,"D",0,"N",0,"N",2,3,0,5,"","","","52E5","F","F","F","F","F","F","F","F","F","carlh101","","carlh101","F","F","F","F","F","","","","",0,0,0,0,5,2,0,0,0,65,"NY1","NY1","PHI",1,"F","F",4,1,0,35,3,"T","F",5,6,"T","T","lindf101","oconj102","F","F",2,8,64,0,0,0,6,7,63,"henlb101","","henlb101",0,0,0,0,0,0,0,0,0,0,0,0,1,"parkf101","F","F","F","F",0,0,0,5,0,0,0,0,0,0,F,T,"1924NY1.EVN.regular.event.csv",4695
"NY1192409270","PHI",8,1,1,0,0,"",1,5,"lindf101","?","lindf101","?","carlh101","?","carlh101","?","henlb101","wilsj105","fordh101","parkf101","sandh101","mokaj101","willc103","schuj101","","bentj101","snydf101","FC1/BG.2X3(15)","F","F",5,1,19,"T","T",0,"F","F",1,"F","F",0,"F","F",1,"G","T","F","",0,0,"N",0,"N",0,"N",1,0,0,3,"","","15","","F","F","F","F","F","F","F","F","F","","carlh101","carlh101","F","F","F","F","F","","","","",0,5,0,0,1,0,0,0,0,66,"NY1","NY1","PHI",1,"F","F",5,1,1,36,4,"T","F",6,5,"T","T","oconj102","younr101","F","F",0,0,0,1,9,65,2,8,64,"","henlb101","henlb101",0,0,0,0,0,0,0,0,0,0,0,0,0,"carlh101","F","F","F","F",0,0,0,0,0,0,0,0,0,0,F,F,"1924NY1.EVN.regular.event.csv",4696
"NY1192409270","PHI",8,1,2,0,0,"",1,5,"oconj102","?","oconj102","?","carlh101","?","carlh101","?","henlb101","wilsj105","fordh101","parkf101","sandh101","mokaj101","willc103","schuj101","lindf101","","snydf101","SB2","F","F",8,2,4,"F","F",0,"F","F",0,"F","F",0,"F","F",0,"","F","F","",0,0,"N",0,"N",0,"N",0,2,0,3,"","","","","T","F","F","F","F","F","F","F","F","carlh101","","carlh101","F","F","F","F","F","","","","",0,0,0,0,0,0,0,0,0,67,"NY1","NY1","PHI",1,"F","F",5,1,1,37,5,"T","F",5,6,"T","T","younr101","kellg101","F","F",5,1,66,0,0,0,2,8,64,"henlb101","","henlb101",0,0,0,0,0,0,0,0,0,0,0,0,0,"","F","F","F","F",0,0,0,0,0,0,0,0,0,0,F,F,"1924NY1.EVN.regular.event.csv",4697
"NY1192409270","PHI",8,1,2,0,0,"",1,5,"oconj102","?","oconj102","?","carlh101","?","carlh101","?","henlb101","wilsj105","fordh101","parkf101","sandh101","mokaj101","willc103","schuj101","","lindf101","snydf101","K#","F","F",8,2,3,"T","T",0,"F","F",1,"F","F",0,"F","F",0,"","F","F","",0,0,"N",0,"N",0,"N",0,0,2,3,"2","","","","F","F","F","F","F","F","F","F","F","","carlh101","carlh101","F","F","F","F","F","","","","",0,2,0,0,0,0,0,0,0,68,"NY1","NY1","PHI",1,"F","T",5,1,1,37,5,"F","F",6,6,"T","T","younr101","kellg101","F","F",0,0,0,5,1,66,2,8,64,"","henlb101","henlb101",0,0,0,0,0,0,0,0,0,0,0,0,0,"","F","F","F","F",0,0,0,0,0,0,0,0,0,0,F,T,"1924NY1.EVN.regular.event.csv",4698
"NY1192409270","PHI",9,0,0,0,0,"",1,5,"mokaj101","?","mokaj101","?","bentj101","?","bentj101","?","snydf101","terrb101","kellg101","lindf101","jackt101","wilsh102","oconj102","younr101","","","","53","T","F",7,2,2,"T","T",0,"F","F",1,"F","F",0,"F","F",5,"G","F","F","",0,0,"N",0,"N",0,"N",0,0,0,0,"53","","","","F","F","F","F","F","F","F","F","F","","","","F","F","F","F","F","","","","",0,3,0,0,5,0,0,0,0,69,"NY1","PHI","NY1",0,"T","F",1,5,0,28,0,"T","F",0,0,"T","T","willc103","schuj101","T","T",0,0,0,0,0,0,0,0,0,"","","",0,0,0,0,0,0,0,0,0,0,0,0,0,"lindf101","F","F","F","F",0,0,0,0,0,0,0,0,0,0,F,F,"1924NY1.EVN.regular.event.csv",4699
"NY1192409270","PHI",9,0,1,0,0,"",1,5,"wendl101","?","wendl101","?","bentj101","?","bentj101","?","snydf101","terrb101","kellg101","lindf101","jackt101","wilsh102","oconj102","younr101","","","","W","F","T",11,3,14,"T","F",0,"F","F",0,"F","F",0,"F","F",0,"","F","F","",0,0,"N",0,"N",0,"N",1,0,0,0,"","","","","F","F","F","F","F","F","F","F","F","","","","F","F","F","F","F","","","","willc103",8,0,0,0,0,0,0,0,0,70,"NY1","PHI","NY1",0,"F","F",1,5,0,29,1,"T","F",0,1,"F","F","schuj101","parkf101","T","T",0,0,0,0,0,0,0,0,0,"","","",0,0,0,0,0,0,0,0,0,0,0,0,0,"","F","F","F","F",2,0,0,0,0,0,0,0,0,0,F,F,"1924NY1.EVN.regular.event.csv",4700
"NY1192409270","PHI",9,0,1,0,0,"",1,5,"schuj101","?","schuj101","?","bentj101","?","bentj101","?","snydf101","terrb101","kellg101","lindf101","jackt101","wilsh102","oconj102","younr101","leacf101","","","S9.1-2","F","F",9,4,20,"T","T",1,"F","F",0,"F","F",0,"F","F",9,"","F","F","",0,0,"N",0,"N",0,"N",1,2,0,0,"","","","","F","F","F","F","F","F","F","F","F","bentj101","","","F","F","T","F","F","wendl101","","","",0,0,0,0,0,0,0,0,0,71,"NY1","PHI","NY1",0,"F","F",1,5,0,30,2,"T","F",1,3,"T","T","parkf101","henlb101","T","T",0,3,70,0,0,0,0,0,0,"snydf101","","",0,0,0,0,0,0,0,0,0,0,0,0,0,"younr101","F","F","F","F",1,2,0,0,0,0,0,0,0,0,F,F,"1924NY1.EVN.regular.event.csv",4701
"NY1192409270","PHI",9,0,1,0,0,"",1,5,"parkf101","?","parkf101","?","bentj101","?","bentj101","?","snydf101","terrb101","kellg101","lindf101","jackt101","wilsh102","oconj102","younr101","schuj101","leacf101","","9/F","F","F",5,5,2,"T","T",0,"F","F",1,"F","F",0,"F","F",9,"F","F","F","",0,0,"N",0,"N",0,"N",0,1,2,0,"9","","","","F","F","F","F","F","F","F","F","F","bentj101","bentj101","","F","F","F","F","F","","","","",0,9,0,0,0,0,0,0,0,72,"NY1","PHI","NY1",0,"F","F",1,5,0,31,3,"T","F",3,3,"T","T","henlb101","fordh101","T","T",9,4,71,0,3,70,0,0,0,"snydf101","snydf101","",0,0,0,0,0,0,0,0,0,0,0,0,0,"younr101","F","F","F","F",0,1,2,0,0,0,0,0,0,0,F,F,"1924NY1.EVN.regular.event.csv",4702
"NY1192409270","PHI",9,0,2,0,0,"",1,5,"henlb101","?","henlb101","?","bentj101","?","bentj101","?","snydf101","terrb101","kellg101","lindf101","jackt101","wilsh102","oconj102","younr101","schuj101","leacf101","","7/F","F","F",2,6,2,"T","T",0,"F","F",1,"F","F",0,"F","F",7,"F","F","F","",0,0,"N",0,"N",0,"N",0,1,2,0,"7","","","","F","F","F","F","F","F","F","F","F","bentj101","bentj101","","F","T","F","F","F","","","","",0,7,0,0,0,0,0,0,0,73,"NY1","PHI","NY1",0,"F","T",1,5,0,32,4,"T","F",3,3,"F","F","fordh101","wilsj105","T","T",9,4,71,0,3,70,0,0,0,"snydf101","snydf101","",0,0,0,0,0,0,0,0,0,0,0,0,0,"wilsh102","F","F","F","F",0,1,2,0,0,0,0,0,0,0,F,F,"1924NY1.EVN.regular.event.csv",4703
