"GAME_ID","AWAY_TEAM_ID","INN_CT","BAT_HOME_ID","OUTS_CT","BALLS_CT","STRIKES_CT","PITCH_SEQ_TX","AWAY_SCORE_CT","HOME_SCORE_CT","BAT_ID","BAT_HAND_CD","RESP_BAT_ID","RESP_BAT_HAND_CD","PIT_ID","PIT_HAND_CD","RESP_PIT_ID","RESP_PIT_HAND_CD","POS2_FLD_ID","POS3_FLD_ID","POS4_FLD_ID","POS5_FLD_ID","POS6_FLD_ID","POS7_FLD_ID","POS8_FLD_ID","POS9_FLD_ID","BASE1_RUN_ID","BASE2_RUN_ID","BASE3_RUN_ID","EVENT_TX","LEADOFF_FL","PH_FL","BAT_FLD_CD","BAT_LINEUP_ID","EVENT_CD","BAT_EVENT_FL","AB_FL","H_CD","SH_FL","SF_FL","EVENT_OUTS_CT","DP_FL","TP_FL","RBI_CT","WP_FL","PB_FL","FLD_CD","BATTEDBALL_CD","BUNT_FL","FOUL_FL","BATTEDBALL_LOC_TX","ERR_CT","ERR1_FLD_CD","ERR1_CD","ERR2_FLD_CD","ERR2_CD","ERR3_FLD_CD","ERR3_CD","BAT_DEST_ID","RUN1_DEST_ID","RUN2_DEST_ID","RUN3_DEST_ID","BAT_PLAY_TX","RUN1_PLAY_TX","RUN2_PLAY_TX","RUN3_PLAY_TX","RUN1_SB_FL","RUN2_SB_FL","RUN3_SB_FL","RUN1_CS_FL","RUN2_CS_FL","RUN3_CS_FL","RUN1_PK_FL","RUN2_PK_FL","RUN3_PK_FL","RUN1_RESP_PIT_ID","RUN2_RESP_PIT_ID","RUN3_RESP_PIT_ID","GAME_NEW_FL","GAME_END_FL","PR_RUN1_FL","PR_RUN2_FL","PR_RUN3_FL","REMOVED_FOR_PR_RUN1_ID","REMOVED_FOR_PR_RUN2_ID","REMOVED_FOR_PR_RUN3_ID","REMOVED_FOR_PH_BAT_ID","REMOVED_FOR_PH_BAT_FLD_CD","PO1_FLD_CD","PO2_FLD_CD","PO3_FLD_CD","ASS1_FLD_CD","ASS2_FLD_CD","ASS3_FLD_CD","ASS4_FLD_CD","ASS5_FLD_CD","EVENT_ID","HOME_TEAM_ID","BAT_TEAM_ID","FLD_TEAM_ID","BAT_LAST_ID","INN_NEW_FL","INN_END_FL","START_BAT_SCORE_CT","START_FLD_SCORE_CT","INN_RUNS_CT","GAME_PA_CT","INN_PA_CT","PA_NEW_FL","PA_TRUNC_FL","START_BASES_CD","END_BASES_CD","BAT_START_FL","RESP_BAT_START_FL","BAT_ON_DECK_ID","BAT_IN_HOLD_ID","PIT_START_FL","RESP_PIT_START_FL","RUN1_FLD_CD","RUN1_LINEUP_CD","RUN1_ORIGIN_EVENT_ID","RUN2_FLD_CD","RUN2_LINEUP_CD","RUN2_ORIGIN_EVENT_ID","RUN3_FLD_CD","RUN3_LINEUP_CD","RUN3_ORIGIN_EVENT_ID","RUN1_RESP_CAT_ID","RUN2_RESP_CAT_ID","RUN3_RESP_CAT_ID","PA_BALL_CT","PA_CALLED_BALL_CT","PA_INTENT_BALL_CT","PA_PITCHOUT_BALL_CT","PA_HITBATTER_BALL_CT","PA_OTHER_BALL_CT","PA_STRIKE_CT","PA_CALLED_STRIKE_CT","PA_SWINGMISS_STRIKE_CT","PA_FOUL_STRIKE_CT","PA_INPLAY_STRIKE_CT","PA_OTHER_STRIKE_CT","EVENT_RUNS_CT","FLD_ID","BASE2_FORCE_FL","BASE3_FORCE_FL","BASE4_FORCE_FL","BAT_SAFE_ERR_FL","BAT_FATE_ID","RUN1_FATE_ID","RUN2_FATE_ID","RUN3_FATE_ID","FATE_RUNS_CT","ASS6_FLD_CD","ASS7_FLD_CD","ASS8_FLD_CD","ASS9_FLD_CD","ASS10_FLD_CD","UNKNOWN_OUT_EXC_FL","UNCERTAIN_PLAY_EXC_FL","FILENAME_TX","LINE_NUMBER_CT"
"PHI192504220","BRO",1,0,0,0,0,"",0,0,"higha101","?","higha101","?","carlh101","?","carlh101","?","henlb101","holkw101","fonsl101","hubec101","sandh101","burng101","harpg101","willc103","","","","S7","T","F",4,1,20,"T","T",1,"F","F",0,"F","F",0,"F","F",7,"","F","F","",0,0,"N",0,"N",0,"N",1,0,0,0,"","","","","F","F","F","F","F","F","F","F","F","","","","T","F","F","F","F","","","","",0,0,0,0,0,0,0,0,0,1,"PHI","BRO","PHI",0,"T","F",0,0,0,0,0,"T","F",0,1,"T","T","mitcj101","wheaz101","T","T",0,0,0,0,0,0,0,0,0,"","","",0,0,0,0,0,0,0,0,0,0,0,0,0,"burng101","F","F","F","F",0,0,0,0,0,0,0,0,0,0,F,F,"1925PHI.EVN.regular.event.csv",2
"PHI192504220","BRO",1,0,0,0,0,"",0,0,"mitcj101","?","mitcj101","?","carlh101","?","carlh101","?","henlb101","holkw101","fonsl101","hubec101","sandh101","burng101","harpg101","willc103","higha101","","","6/P","F","F",6,2,2,"T","T",0,"F","F",1,"F","F",0,"F","F",6,"P","F","F","",0,0,"N",0,"N",0,"N",0,1,0,0,"6","","","","F","F","F","F","F","F","F","F","F","carlh101","","","F","F","F","F","F","","","","",0,6,0,0,0,0,0,0,0,2,"PHI","BRO","PHI",0,"F","F",0,0,0,1,1,"T","F",1,1,"T","T","wheaz101","fourj101","T","T",4,1,1,0,0,0,0,0,0,"henlb101","","",0,0,0,0,0,0,0,0,0,0,0,0,0,"sandh101","F","F","F","F",0,0,0,0,0,0,0,0,0,0,F,F,"1925PHI.EVN.regular.event.csv",3
"PHI192504220","BRO",1,0,1,0,0,"",0,0,"wheaz101","?","wheaz101","?","carlh101","?","carlh101","?","henlb101","holkw101","fonsl101","hubec101","sandh101","burng101","harpg101","willc103","higha101","","","8/F","F","F",7,3,2,"T","T",0,"F","F",1,"F","F",0,"F","F",8,"F","F","F","",0,0,"N",0,"N",0,"N",0,1,0,0,"8","","","","F","F","F","F","F","F","F","F","F","carlh101","","","F","F","F","F","F","","","","",0,8,0,0,0,0,0,0,0,3,"PHI","BRO","PHI",0,"F","F",0,0,0,2,2,"T","F",1,1,"T","T","fourj101","browe102","T","T",4,1,1,0,0,0,0,0,0,"henlb101","","",0,0,0,0,0,0,0,0,0,0,0,0,0,"harpg101","F","F","F","F",0,0,0,0,0,0,0,0,0,0,F,F,"1925PHI.EVN.regular.event.csv",4
"PHI192504220","BRO",1,0,2,0,0,"",0,0,"fourj101","?","fourj101","?","carlh101","?","carlh101","?","henlb101","holkw101","fonsl101","hubec101","sandh101","burng101","harpg101","willc103","higha101","","","43","F","F",3,4,2,"T","T",0,"F","F",1,"F","F",0,"F","F",4,"G","F","F","",0,0,"N",0,"N",0,"N",0,1,0,0,"43","","","","F","F","F","F","F","F","F","F","F","carlh101","","","F","F","F","F","F","","","","",0,3,0,0,4,0,0,0,0,4,"PHI","BRO","PHI",0,"F","T",0,0,0,3,3,"T","F",1,1,"T","T","browe102","johnj107","T","T",4,1,1,0,0,0,0,0,0,"henlb101","","",0,0,0,0,0,0,0,0,0,0,0,0,0,"fonsl101","F","F","F","F",0,0,0,0,0,0,0,0,0,0,F,F,"1925PHI.EVN.regular.event.csv",5
"PHI192504220","BRO",1,1,0,0,0,"X",0,0,"burng101","?","burng101","?","grimb101","?","grimb101","?","taylz101","fourj101","higha101","tierc101","mitcj101","wheaz101","browe102","johnj107","","","","D8/L","T","F",7,1,21,"T","T",2,"F","F",0,"F","F",0,"F","F",8,"L","F","F","",0,0,"N",0,"N",0,"N",2,0,0,0,"","","","","F","F","F","F","F","F","F","F","F","","","","F","F","F","F","F","","","","",0,0,0,0,0,0,0,0,0,5,"PHI","PHI","BRO",1,"T","F",0,0,0,0,0,"T","F",0,2,"T","T","fonsl101","willc103","T","T",0,0,0,0,0,0,0,0,0,"","","",0,0,0,0,0,0,1,0,0,0,1,0,0,"browe102","F","F","F","F",4,0,0,0,1,0,0,0,0,0,F,F,"1925PHI.EVN.regular.event.csv",6
"PHI192504220","BRO",1,1,0,0,0,"",0,0,"fonsl101","?","fonsl101","?","grimb101","?","grimb101","?","taylz101","fourj101","higha101","tierc101","mitcj101","wheaz101","browe102","johnj107","","burng101","","23/SH.2-3","F","F",4,2,2,"T","F",0,"T","F",1,"F","F",0,"F","F",2,"G","T","F","",0,0,"N",0,"N",0,"N",0,0,3,0,"23","","","","F","F","F","F","F","F","F","F","F","","grimb101","","F","F","F","F","F","","","","",0,3,0,0,2,0,0,0,0,6,"PHI","PHI","BRO",1,"F","F",0,0,0,1,1,"T","F",2,4,"T","T","willc103","harpg101","T","T",0,0,0,7,1,5,0,0,0,"","taylz101","",0,0,0,0,0,0,0,0,0,0,0,0,0,"taylz101","F","F","F","F",0,0,4,0,1,0,0,0,0,0,F,F,"1925PHI.EVN.regular.event.csv",7
"PHI192504220","BRO",1,1,1,0,0,"",0,0,"willc103","?","willc103","?","grimb101","?","grimb101","?","taylz101","fourj101","higha101","tierc101","mitcj101","wheaz101","browe102","johnj107","","","burng101","13/G.3-H","F","F",9,3,2,"T","T",0,"F","F",1,"F","F",1,"F","F",1,"G","F","F","",0,0,"N",0,"N",0,"N",0,0,0,4,"13","","","","F","F","F","F","F","F","F","F","F","","","grimb101","F","F","F","F","F","","","","",0,3,0,0,1,0,0,0,0,7,"PHI","PHI","BRO",1,"F","F",0,0,0,2,2,"T","F",4,0,"T","T","harpg101","holkw101","T","T",0,0,0,0,0,0,7,1,5,"","","taylz101",0,0,0,0,0,0,0,0,0,0,0,0,1,"grimb101","F","F","F","F",0,0,0,4,0,0,0,0,0,0,F,F,"1925PHI.EVN.regular.event.csv",8
"PHI192504220","BRO",1,1,2,0,0,"",0,1,"harpg101","?","harpg101","?","grimb101","?","grimb101","?","taylz101","fourj101","higha101","tierc101","mitcj101","wheaz101","browe102","johnj107","","","","63","F","F",8,4,2,"T","T",0,"F","F",1,"F","F",0,"F","F",6,"G","F","F","",0,0,"N",0,"N",0,"N",0,0,0,0,"63","","","","F","F","F","F","F","F","F","F","F","","","","F","F","F","F","F","","","","",0,3,0,0,6,0,0,0,0,8,"PHI","PHI","BRO",1,"F","T",1,0,1,3,3,"T","F",0,0,"T","T","holkw101","henlb101","T","T",0,0,0,0,0,0,0,0,0,"","","",0,0,0,0,0,0,0,0,0,0,0,0,0,"mitcj101","F","F","F","F",0,0,0,0,0,0,0,0,0,0,F,F,"1925PHI.EVN.regular.event.csv",9
"PHI192504220","BRO",2,0,0,0,0,"",0,1,"browe102","?","browe102","?","carlh101","?","carlh101","?","henlb101","holkw101","fonsl101","hubec101","sandh101","burng101","harpg101","willc103","","","","S8","T","F",8,5,20,"T","T",1,"F","F",0,"F","F",0,"F","F",8,"","F","F","",0,0,"N",0,"N",0,"N",1,0,0,0,"","","","","F","F","F","F","F","F","F","F","F","","","","F","F","F","F","F","","","","",0,0,0,0,0,0,0,0,0,9,"PHI","BRO","PHI",0,"T","F",0,1,0,4,0,"T","F",0,1,"T","T","johnj107","tierc101","T","T",0,0,0,0,0,0,0,0,0,"","","",0,0,0,0,0,0,0,0,0,0,0,0,0,"harpg101","F","F","F","F",0,0,0,0,2,0,0,0,0,0,F,F,"1925PHI.EVN.regular.event.csv",10
"PHI192504220","BRO",2,0,0,0,0,"",0,1,"johnj107","?","johnj107","?","carlh101","?","carlh101","?","henlb101","holkw101","fonsl101","hubec101","sandh101","burng101","harpg101","willc103","browe102","","","64(1)/FO","F","F",9,6,2,"T","T",0,"F","F",1,"F","F",0,"F","F",6,"G","F","F","",0,0,"N",0,"N",0,"N",1,0,0,0,"","64","","","F","F","F","F","F","F","F","F","F","carlh101","","","F","F","F","F","F","","","","",0,4,0,0,6,0,0,0,0,10,"PHI","BRO","PHI",0,"F","F",0,1,0,5,1,"T","F",1,1,"T","T","tierc101","taylz101","T","T",8,5,9,0,0,0,0,0,0,"henlb101","","",0,0,0,0,0,0,0,0,0,0,0,0,0,"sandh101","T","F","F","F",4,0,0,0,2,0,0,0,0,0,F,F,"1925PHI.EVN.regular.event.csv",11
"PHI192504220","BRO",2,0,1,0,0,"",0,1,"tierc101","?","tierc101","?","carlh101","?","carlh101","?","henlb101","holkw101","fonsl101","hubec101","sandh101","burng101","harpg101","willc103","johnj107","","","D9/L89.1-3","F","F",5,7,21,"T","T",2,"F","F",0,"F","F",0,"F","F",9,"L","F","F","89",0,0,"N",0,"N",0,"N",2,3,0,0,"","","","","F","F","F","F","F","F","F","F","F","carlh101","","","F","F","F","F","F","","","","",0,0,0,0,0,0,0,0,0,11,"PHI","BRO","PHI",0,"F","F",0,1,0,6,2,"T","F",1,6,"T","T","taylz101","grimb101","T","T",9,6,10,0,0,0,0,0,0,"henlb101","","",0,0,0,0,0,0,0,0,0,0,0,0,0,"willc103","F","F","F","F",4,4,0,0,2,0,0,0,0,0,F,F,"1925PHI.EVN.regular.event.csv",12
"PHI192504220","BRO",2,0,1,0,0,"",0,1,"taylz101","?","taylz101","?","carlh101","?","carlh101","?","henlb101","holkw101","fonsl101","hubec101","sandh101","burng101","harpg101","willc103","","tierc101","johnj107","8/SF.3-H","F","F",2,8,2,"T","F",0,"F","T",1,"F","F",1,"F","F",8,"F","F","F","",0,0,"N",0,"N",0,"N",0,0,2,4,"8","","","","F","F","F","F","F","F","F","F","F","","carlh101","carlh101","F","F","F","F","F","","","","",0,8,0,0,0,0,0,0,0,12,"PHI","BRO","PHI",0,"F","F",0,1,0,7,3,"T","F",6,2,"T","T","grimb101","higha101","T","T",0,0,0,5,7,11,9,6,10,"","henlb101","henlb101",0,0,0,0,0,0,0,0,0,0,0,0,1,"harpg101","F","F","F","F",0,0,4,4,1,0,0,0,0,0,F,F,"1925PHI.EVN.regular.event.csv",13
"PHI192504220","BRO",2,0,2,0,0,"",1,1,"grimb101","?","grimb101","?","carlh101","?","carlh101","?","henlb101","holkw101","fonsl101","hubec101","sandh101","burng101","harpg101","willc103","","tierc101","","S7.2-H","F","F",1,9,20,"T","T",1,"F","F",0,"F","F",1,"F","F",7,"","F","F","",0,0,"N",0,"N",0,"N",1,0,4,0,"","","","","F","F","F","F","F","F","F","F","F","","carlh101","","F","F","F","F","F","","","","",0,0,0,0,0,0,0,0,0,13,"PHI","BRO","PHI",0,"F","F",1,1,1,8,4,"T","F",2,1,"T","T","higha101","mitcj101","T","T",0,0,0,5,7,11,0,0,0,"","henlb101","",0,0,0,0,0,0,0,0,0,0,0,0,1,"burng101","F","F","F","F",0,0,4,0,0,0,0,0,0,0,F,F,"1925PHI.EVN.regular.event.csv",14
"PHI192504220","BRO",2,0,2,0,0,"",2,1,"higha101","?","higha101","?","carlh101","?","carlh101","?","henlb101","holkw101","fonsl101","hubec101","sandh101","burng101","harpg101","willc103","grimb101","","","46(1)/FO","F","F",4,1,2,"T","T",0,"F","F",1,"F","F",0,"F","F",4,"G","F","F","",0,0,"N",0,"N",0,"N",1,0,0,0,"","46","","","F","F","F","F","F","F","F","F","F","carlh101","","","F","F","F","F","F","","","","",0,6,0,0,4,0,0,0,0,14,"PHI","BRO","PHI",0,"F","T",2,1,2,9,5,"T","F",1,1,"T","T","mitcj101","wheaz101","T","T",1,9,13,0,0,0,0,0,0,"henlb101","","",0,0,0,0,0,0,0,0,0,0,0,0,0,"fonsl101","T","F","F","F",0,0,0,0,0,0,0,0,0,0,F,F,"1925PHI.EVN.regular.event.csv",15
"PHI192504220","BRO",2,1,0,0,0,"",2,1,"holkw101","?","holkw101","?","grimb101","?","grimb101","?","taylz101","fourj101","higha101","tierc101","mitcj101","wheaz101","browe102","johnj107","","","","K","T","F",3,5,3,"T","T",0,"F","F",1,"F","F",0,"F","F",0,"","F","F","",0,0,"N",0,"N",0,"N",0,0,0,0,"2","","","","F","F","F","F","F","F","F","F","F","","","","F","F","F","F","F","","","","",0,2,0,0,0,0,0,0,0,15,"PHI","PHI","BRO",1,"T","F",1,2,0,4,0,"T","F",0,0,"T","T","henlb101","sandh101","T","T",0,0,0,0,0,0,0,0,0,"","","",0,0,0,0,0,0,0,0,0,0,0,0,0,"","F","F","F","F",0,0,0,0,1,0,0,0,0,0,F,F,"1925PHI.EVN.regular.event.csv",16
"PHI192504220","BRO",2,1,1,0,0,"",2,1,"henlb101","?","henlb101","?","grimb101","?","grimb101","?","taylz101","fourj101","higha101","tierc101","mitcj101","wheaz101","browe102","johnj107","","","","T9/L9L","F","F",2,6,22,"T","T",3,"F","F",0,"F","F",0,"F","F",9,"L","F","F","9L",0,0,"N",0,"N",0,"N",3,0,0,0,"","","","","F","F","F","F","F","F","F","F","F","","","","F","F","F","F","F","","","","",0,0,0,0,0,0,0,0,0,16,"PHI","PHI","BRO",1,"F","F",1,2,0,5,1,"T","F",0,4,"T","T","sandh101","hubec101","T","T",0,0,0,0,0,0,0,0,0,"","","",0,0,0,0,0,0,0,0,0,0,0,0,0,"johnj107","F","F","F","F",4,0,0,0,1,0,0,0,0,0,F,F,"1925PHI.EVN.regular.event.csv",17
"PHI192504220","BRO",2,1,1,0,0,"",2,1,"sandh101","?","sandh101","?","grimb101","?","grimb101","?","taylz101","fourj101","higha101","tierc101","mitcj101","wheaz101","browe102","johnj107","","","henlb101","W","F","F",6,7,14,"T","F",0,"F","F",0,"F","F",0,"F","F",0,"","F","F","",0,0,"N",0,"N",0,"N",1,0,0,3,"","","","","F","F","F","F","F","F","F","F","F","","","grimb101","F","F","F","F","F","","","","",0,0,0,0,0,0,0,0,0,17,"PHI","PHI","BRO",1,"F","F",1,2,0,6,2,"T","F",4,5,"T","T","hubec101","carlh101","T","T",0,0,0,0,0,0,2,6,16,"","","taylz101",0,0,0,0,0,0,0,0,0,0,0,0,0,"","F","F","F","F",0,0,0,4,1,0,0,0,0,0,F,F,"1925PHI.EVN.regular.event.csv",18
"PHI192504220","BRO",2,1,1,0,0,"",2,1,"hubec101","?","hubec101","?","grimb101","?","grimb101","?","taylz101","fourj101","higha101","tierc101","mitcj101","wheaz101","browe102","johnj107","sandh101","","henlb101","S8.3-H;1-2","F","F",5,8,20,"T","T",1,"F","F",0,"F","F",1,"F","F",8,"","F","F","",0,0,"N",0,"N",0,"N",1,2,0,4,"","","","","F","F","F","F","F","F","F","F","F","grimb101","","grimb101","F","F","F","F","F","","","","",0,0,0,0,0,0,0,0,0,18,"PHI","PHI","BRO",1,"F","F",1,2,0,7,3,"T","F",5,3,"T","T","carlh101","burng101","T","T",6,7,17,0,0,0,2,6,16,"taylz101","","taylz101",0,0,0,0,0,0,0,0,0,0,0,0,1,"browe102","F","F","F","F",0,0,0,4,0,0,0,0,0,0,F,F,"1925PHI.EVN.regular.event.csv",19
"PHI192504220","BRO",2,1,1,0,0,"",2,2,"carlh101","?","carlh101","?","grimb101","?","grimb101","?","taylz101","fourj101","higha101","tierc101","mitcj101","wheaz101","browe102","johnj107","hubec101","sandh101","","S6/G56.2-3;1-2","F","F",1,9,20,"T","T",1,"F","F",0,"F","F",0,"F","F",6,"G","F","F","56",0,0,"N",0,"N",0,"N",1,2,3,0,"","","","","F","F","F","F","F","F","F","F","F","grimb101","grimb101","","F","F","F","F","F","","","","",0,0,0,0,0,0,0,0,0,19,"PHI","PHI","BRO",1,"F","F",2,2,1,8,4,"T","F",3,7,"T","T","burng101","fonsl101","T","T",5,8,18,6,7,17,0,0,0,"taylz101","taylz101","",0,0,0,0,0,0,0,0,0,0,0,0,0,"mitcj101","F","F","F","F",0,0,0,0,0,0,0,0,0,0,F,F,"1925PHI.EVN.regular.event.csv",20
"PHI192504220","BRO",2,1,1,0,0,"",2,2,"burng101","?","burng101","?","grimb101","?","grimb101","?","taylz101","fourj101","higha101","tierc101","mitcj101","wheaz101","browe102","johnj107","carlh101","hubec101","sandh101","9/L9S","F","F",7,1,2,"T","T",0,"F","F",1,"F","F",0,"F","F",9,"L","F","F","9S",0,0,"N",0,"N",0,"N",0,1,2,3,"9","","","","F","F","F","F","F","F","F","F","F","grimb101","grimb101","grimb101","F","F","F","F","F","","","","",0,9,0,0,0,0,0,0,0,20,"PHI","PHI","BRO",1,"F","F",2,2,1,9,5,"T","F",7,7,"T","T","fonsl101","willc103","T","T",1,9,19,5,8,18,6,7,17,"taylz101","taylz101","taylz101",0,0,0,0,0,0,0,0,0,0,0,0,0,"johnj107","F","F","F","F",0,0,0,0,0,0,0,0,0,0,F,F,"1925PHI.EVN.regular.event.csv",21
"PHI192504220","BRO",2,1,2,0,0,"",2,2,"fonsl101","?","fonsl101","?","grimb101","?","grimb101","?","taylz101","fourj101","higha101","tierc101","mitcj101","wheaz101","browe102","johnj107","carlh101","hubec101","sandh101","43","F","F",4,2,2,"T","T",0,"F","F",1,"F","F",0,"F","F",4,"G","F","F","",0,0,"N",0,"N",0,"N",0,1,2,3,"43","","","","F","F","F","F","F","F","F","F","F","grimb101","grimb101","grimb101","F","F","F","F","F","","","","",0,3,0,0,4,0,0,0,0,21,"PHI","PHI","BRO",1,"F","T",2,2,1,10,6,"T","F",7,7,"T","T","willc103","harpg101","T","T",1,9,19,5,8,18,6,7,17,"taylz101","taylz101","taylz101",0,0,0,0,0,0,0,0,0,0,0,0,0,"higha101","F","F","F","F",0,0,0,0,0,0,0,0,0,0,F,F,"1925PHI.EVN.regular.event.csv",22
"PHI192504220","BRO",3,0,0,0,0,"",2,2,"mitcj101","?","mitcj101","?","carlh101","?","carlh101","?","henlb101","holkw101","fonsl101","hubec101","sandh101","burng101","harpg101","willc103","","","","9/F","T","F",6,2,2,"T","T",0,"F","F",1,"F","F",0,"F","F",9,"F","F","F","",0,0,"N",0,"N",0,"N",0,0,0,0,"9","","","","F","F","F","F","F","F","F","F","F","","","","F","F","F","F","F","","","","",0,9,0,0,0,0,0,0,0,22,"PHI","BRO","PHI",0,"T","F",2,2,0,10,0,"T","F",0,0,"T","T","wheaz101","fourj101","T","T",0,0,0,0,0,0,0,0,0,"","","",0,0,0,0,0,0,0,0,0,0,0,0,0,"willc103","F","F","F","F",0,0,0,0,1,0,0,0,0,0,F,F,"1925PHI.EVN.regular.event.csv",23
"PHI192504220","BRO",3,0,1,0,0,"",2,2,"wheaz101","?","wheaz101","?","carlh101","?","carlh101","?","henlb101","holkw101","fonsl101","hubec101","sandh101","burng101","harpg101","willc103","","","","D9","F","F",7,3,21,"T","T",2,"F","F",0,"F","F",0,"F","F",9,"","F","F","",0,0,"N",0,"N",0,"N",2,0,0,0,"","","","","F","F","F","F","F","F","F","F","F","","","","F","F","F","F","F","","","","",0,0,0,0,0,0,0,0,0,23,"PHI","BRO","PHI",0,"F","F",2,2,0,11,1,"T","F",0,2,"T","T","fourj101","browe102","T","T",0,0,0,0,0,0,0,0,0,"","","",0,0,0,0,0,0,0,0,0,0,0,0,0,"willc103","F","F","F","F",4,0,0,0,1,0,0,0,0,0,F,F,"1925PHI.EVN.regular.event.csv",24
"PHI192504220","BRO",3,0,1,0,0,"",2,2,"fourj101","?","fourj101","?","carlh101","?","carlh101","?","henlb101","holkw101","fonsl101","hubec101","sandh101","burng101","harpg101","willc103","","wheaz101","","WP.2-3","F","F",3,4,9,"F","F",0,"F","F",0,"F","F",0,"T","F",0,"","F","F","",0,0,"N",0,"N",0,"N",0,0,3,0,"","","","","F","F","F","F","F","F","F","F","F","","carlh101","","F","F","F","F","F","","","","",0,0,0,0,0,0,0,0,0,24,"PHI","BRO","PHI",0,"F","F",2,2,0,12,2,"T","F",2,4,"T","T","browe102","johnj107","T","T",0,0,0,7,3,23,0,0,0,"","henlb101","",0,0,0,0,0,0,0,0,0,0,0,0,0,"","F","F","F","F",0,0,4,0,1,0,0,0,0,0,F,F,"1925PHI.EVN.regular.event.csv",25
"PHI192504220","BRO",3,0,1,0,0,"",2,2,"fourj101","?","fourj101","?","carlh101","?","carlh101","?","henlb101","holkw101","fonsl101","hubec101","sandh101","burng101","harpg101","willc103","","","wheaz101","S8.3-H","F","F",3,4,20,"T","T",1,"F","F",0,"F","F",1,"F","F",8,"","F","F","",0,0,"N",0,"N",0,"N",1,0,0,4,"","","","","F","F","F","F","F","F","F","F","F","","","carlh101","F","F","F","F","F","","","","",0,0,0,0,0,0,0,0,0,25,"PHI","BRO","PHI",0,"F","F",2,2,0,12,2,"F","F",4,1,"T","T","browe102","johnj107","T","T",0,0,0,0,0,0,7,3,23,"","","henlb101",0,0,0,0,0,0,0,0,0,0,0,0,1,"harpg101","F","F","F","F",0,0,0,4,0,0,0,0,0,0,F,F,"1925PHI.EVN.regular.event.csv",26
"PHI192504220","BRO",3,0,1,0,0,"",3,2,"browe102","?","browe102","?","carlh101","?","carlh101","?","henlb101","holkw101","fonsl101","hubec101","sandh101","burng101","harpg101","willc103","fourj101","","","5/P/FL","F","F",8,5,2,"T","T",0,"F","F",1,"F","F",0,"F","F",5,"P","F","T","",0,0,"N",0,"N",0,"N",0,1,0,0,"5","","","","F","F","F","F","F","F","F","F","F","carlh101","","","F","F","F","F","F","","","","",0,5,0,0,0,0,0,0,0,26,"PHI","BRO","PHI",0,"F","F",3,2,1,13,3,"T","F",1,1,"T","T","johnj107","tierc101","T","T",3,4,25,0,0,0,0,0,0,"henlb101","","",0,0,0,0,0,0,0,0,0,0,0,0,0,"hubec101","F","F","F","F",0,0,0,0,0,0,0,0,0,0,F,F,"1925PHI.EVN.regular.event.csv",27
"PHI192504220","BRO",3,0,2,0,0,"",3,2,"johnj107","?","johnj107","?","carlh101","?","carlh101","?","henlb101","holkw101","fonsl101","hubec101","sandh101","burng101","harpg101","willc103","fourj101","","","2/FL","F","F",9,6,2,"T","T",0,"F","F",1,"F","F",0,"F","F",2,"F","F","T","",0,0,"N",0,"N",0,"N",0,1,0,0,"2","","","","F","F","F","F","F","F","F","F","F","carlh101","","","F","F","F","F","F","","","","",0,2,0,0,0,0,0,0,0,27,"PHI","BRO","PHI",0,"F","T",3,2,1,14,4,"T","F",1,1,"T","T","tierc101","taylz101","T","T",3,4,25,0,0,0,0,0,0,"henlb101","","",0,0,0,0,0,0,0,0,0,0,0,0,0,"henlb101","F","F","F","F",0,0,0,0,0,0,0,0,0,0,F,F,"1925PHI.EVN.regular.event.csv",28
"PHI192504220","BRO",3,1,0,0,0,"",3,2,"willc103","?","willc103","?","grimb101","?","grimb101","?","taylz101","fourj101","higha101","tierc101","mitcj101","wheaz101","browe102","johnj107","","","","9/F","T","F",9,3,2,"T","T",0,"F","F",1,"F","F",0,"F","F",9,"F","F","F","",0,0,"N",0,"N",0,"N",0,0,0,0,"9","","","","F","F","F","F","F","F","F","F","F","","","","F","F","F","F","F","","","","",0,9,0,0,0,0,0,0,0,28,"PHI","PHI","BRO",1,"T","F",2,3,0,11,0,"T","F",0,0,"T","T","harpg101","holkw101","T","T",0,0,0,0,0,0,0,0,0,"","","",0,0,0,0,0,0,0,0,0,0,0,0,0,"johnj107","F","F","F","F",0,0,0,0,1,0,0,0,0,0,F,F,"1925PHI.EVN.regular.event.csv",29
"PHI192504220","BRO",3,1,1,0,0,"",3,2,"harpg101","?","harpg101","?","grimb101","?","grimb101","?","taylz101","fourj101","higha101","tierc101","mitcj101","wheaz101","browe102","johnj107","","","","E6/P.B-2","F","F",8,4,18,"T","T",0,"F","F",0,"F","F",0,"F","F",6,"P","F","F","",1,6,"F",0,"N",0,"N",2,0,0,0,"","","","","F","F","F","F","F","F","F","F","F","","","","F","F","F","F","F","","","","",0,0,0,0,0,0,0,0,0,29,"PHI","PHI","BRO",1,"F","F",2,3,0,12,1,"T","F",0,2,"T","T","holkw101","henlb101","T","T",0,0,0,0,0,0,0,0,0,"","","",0,0,0,0,0,0,0,0,0,0,0,0,0,"mitcj101","F","F","F","T",0,0,0,0,1,0,0,0,0,0,F,F,"1925PHI.EVN.regular.event.csv",30
"PHI192504220","BRO",3,1,1,0,0,"",3,2,"holkw101","?","holkw101","?","grimb101","?","grimb101","?","taylz101","fourj101","higha101","tierc101","mitcj101","wheaz101","browe102","johnj107","","harpg101","","FC1.2X3(1541);B-2","F","F",3,5,19,"T","T",0,"F","F",1,"F","F",0,"F","F",1,"G","F","F","",0,0,"N",0,"N",0,"N",2,0,0,0,"","","1541","","F","F","F","F","F","F","F","F","F","","grimb101","","F","F","F","F","F","","","","",0,1,0,0,1,5,4,0,0,30,"PHI","PHI","BRO",1,"F","F",2,3,0,13,2,"T","F",2,2,"T","T","henlb101","sandh101","T","T",0,0,0,8,4,29,0,0,0,"","taylz101","",0,0,0,0,0,0,0,0,0,0,0,0,0,"grimb101","F","F","F","F",5,0,0,0,1,0,0,0,0,0,F,F,"1925PHI.EVN.regular.event.csv",31
"PHI192504220","BRO",3,1,2,0,0,"",3,2,"henlb101","?","henlb101","?","grimb101","?","grimb101","?","taylz101","fourj101","higha101","tierc101","mitcj101","wheaz101","browe102","johnj107","","holkw101","","S8.2-H(UR)","F","F",2,6,20,"T","T",1,"F","F",0,"F","F",1,"F","F",8,"","F","F","",0,0,"N",0,"N",0,"N",1,0,5,0,"","","","","F","F","F","F","F","F","F","F","F","","grimb101","","F","F","F","F","F","","","","",0,0,0,0,0,0,0,0,0,31,"PHI","PHI","BRO",1,"F","F",2,3,0,14,3,"T","F",2,1,"T","T","sandh101","hubec101","T","T",0,0,0,3,5,30,0,0,0,"","taylz101","",0,0,0,0,0,0,0,0,0,0,0,0,1,"browe102","F","F","F","F",0,0,5,0,0,0,0,0,0,0,F,F,"1925PHI.EVN.regular.event.csv",32
"PHI192504220","BRO",3,1,2,0,0,"",3,3,"sandh101","?","sandh101","?","grimb101","?","grimb101","?","taylz101","fourj101","higha101","tierc101","mitcj101","wheaz101","browe102","johnj107","henlb101","","","54(1)/FO","F","F",6,7,2,"T","T",0,"F","F",1,"F","F",0,"F","F",5,"G","F","F","",0,0,"N",0,"N",0,"N",1,0,0,0,"","54","","","F","F","F","F","F","F","F","F","F","grimb101","","","F","F","F","F","F","","","","",0,4,0,0,5,0,0,0,0,32,"PHI","PHI","BRO",1,"F","T",3,3,1,15,4,"T","F",1,1,"T","T","hubec101","carlh101","T","T",2,6,31,0,0,0,0,0,0,"taylz101","","",0,0,0,0,0,0,0,0,0,0,0,0,0,"tierc101","T","F","F","F",0,0,0,0,0,0,0,0,0,0,F,F,"1925PHI.EVN.regular.event.csv",33
"PHI192504220","BRO",4,0,0,0,0,"",3,3,"tierc101","?","tierc101","?","carlh101","?","carlh101","?","henlb101","holkw101","fonsl101","hubec101","sandh101","burng101","harpg101","willc103","","","","7/F7DW","T","F",5,7,2,"T","T",0,"F","F",1,"F","F",0,"F","F",7,"F","F","F","7DW",0,0,"N",0,"N",0,"N",0,0,0,0,"7","","","","F","F","F","F","F","F","F","F","F","","","","F","F","F","F","F","","","","",0,7,0,0,0,0,0,0,0,33,"PHI","BRO","PHI",0,"T","F",3,3,0,15,0,"T","F",0,0,"T","T","taylz101","grimb101","T","T",0,0,0,0,0,0,0,0,0,"","","",0,0,0,0,0,0,0,0,0,0,0,0,0,"burng101","F","F","F","F",0,0,0,0,0,0,0,0,0,0,F,F,"1925PHI.EVN.regular.event.csv",34
"PHI192504220","BRO",4,0,1,0,0,"",3,3,"taylz101","?","taylz101","?","carlh101","?","carlh101","?","henlb101","holkw101","fonsl101","hubec101","sandh101","burng101","harpg101","willc103","","","","E6/G","F","F",2,8,18,"T","T",0,"F","F",0,"F","F",0,"F","F",6,"G","F","F","",1,6,"F",0,"N",0,"N",1,0,0,0,"","","","","F","F","F","F","F","F","F","F","F","","","","F","F","F","F","F","","","","",0,0,0,0,0,0,0,0,0,34,"PHI","BRO","PHI",0,"F","F",3,3,0,16,1,"T","F",0,1,"T","T","grimb101","higha101","T","T",0,0,0,0,0,0,0,0,0,"","","",0,0,0,0,0,0,0,0,0,0,0,0,0,"sandh101","F","F","F","T",0,0,0,0,0,0,0,0,0,0,F,F,"1925PHI.EVN.regular.event.csv",35
"PHI192504220","BRO",4,0,1,0,0,"",3,3,"grimb101","?","grimb101","?","carlh101","?","carlh101","?","henlb101","holkw101","fonsl101","hubec101","sandh101","burng101","harpg101","willc103","taylz101","","","8/F","F","F",1,9,2,"T","T",0,"F","F",1,"F","F",0,"F","F",8,"F","F","F","",0,0,"N",0,"N",0,"N",0,1,0,0,"8","","","","F","F","F","F","F","F","F","F","F","carlh101","","","F","F","F","F","F","","","","",0,8,0,0,0,0,0,0,0,35,"PHI","BRO","PHI",0,"F","F",3,3,0,17,2,"T","F",1,1,"T","T","higha101","mitcj101","T","T",2,8,34,0,0,0,0,0,0,"henlb101","","",0,0,0,0,0,0,0,0,0,0,0,0,0,"harpg101","F","F","F","F",0,0,0,0,0,0,0,0,0,0,F,F,"1925PHI.EVN.regular.event.csv",36
"PHI192504220","BRO",4,0,2,0,0,"",3,3,"higha101","?","higha101","?","carlh101","?","carlh101","?","henlb101","holkw101","fonsl101","hubec101","sandh101","burng101","harpg101","willc103","taylz101","","","46(1)/FO","F","F",4,1,2,"T","T",0,"F","F",1,"F","F",0,"F","F",4,"G","F","F","",0,0,"N",0,"N",0,"N",1,0,0,0,"","46","","","F","F","F","F","F","F","F","F","F","carlh101","","","F","F","F","F","F","","","","",0,6,0,0,4,0,0,0,0,36,"PHI","BRO","PHI",0,"F","T",3,3,0,18,3,"T","F",1,1,"T","T","mitcj101","wheaz101","T","T",2,8,34,0,0,0,0,0,0,"henlb101","","",0,0,0,0,0,0,0,0,0,0,0,0,0,"fonsl101","T","F","F","F",0,0,0,0,0,0,0,0,0,0,F,F,"1925PHI.EVN.regular.event.csv",37
"PHI192504220","BRO",4,1,0,0,0,"",3,3,"hubec101","?","hubec101","?","grimb101","?","grimb101","?","taylz101","fourj101","higha101","tierc101","mitcj101","wheaz101","browe102","johnj107","","","","9/F","T","F",5,8,2,"T","T",0,"F","F",1,"F","F",0,"F","F",9,"F","F","F","",0,0,"N",0,"N",0,"N",0,0,0,0,"9","","","","F","F","F","F","F","F","F","F","F","","","","F","F","F","F","F","","","","",0,9,0,0,0,0,0,0,0,37,"PHI","PHI","BRO",1,"T","F",3,3,0,16,0,"T","F",0,0,"T","T","carlh101","burng101","T","T",0,0,0,0,0,0,0,0,0,"","","",0,0,0,0,0,0,0,0,0,0,0,0,0,"johnj107","F","F","F","F",0,0,0,0,1,0,0,0,0,0,F,F,"1925PHI.EVN.regular.event.csv",38
"PHI192504220","BRO",4,1,1,0,0,"",3,3,"carlh101","?","carlh101","?","grimb101","?","grimb101","?","taylz101","fourj101","higha101","tierc101","mitcj101","wheaz101","browe102","johnj107","","","","S9","F","F",1,9,20,"T","T",1,"F","F",0,"F","F",0,"F","F",9,"","F","F","",0,0,"N",0,"N",0,"N",1,0,0,0,"","","","","F","F","F","F","F","F","F","F","F","","","","F","F","F","F","F","","","","",0,0,0,0,0,0,0,0,0,38,"PHI","PHI","BRO",1,"F","F",3,3,0,17,1,"T","F",0,1,"T","T","burng101","fonsl101","T","T",0,0,0,0,0,0,0,0,0,"","","",0,0,0,0,0,0,0,0,0,0,0,0,0,"johnj107","F","F","F","F",5,0,0,0,1,0,0,0,0,0,F,F,"1925PHI.EVN.regular.event.csv",39
"PHI192504220","BRO",4,1,1,0,0,"",3,3,"burng101","?","burng101","?","grimb101","?","grimb101","?","taylz101","fourj101","higha101","tierc101","mitcj101","wheaz101","browe102","johnj107","carlh101","","","8/F","F","F",7,1,2,"T","T",0,"F","F",1,"F","F",0,"F","F",8,"F","F","F","",0,0,"N",0,"N",0,"N",0,1,0,0,"8","","","","F","F","F","F","F","F","F","F","F","grimb101","","","F","F","F","F","F","","","","",0,8,0,0,0,0,0,0,0,39,"PHI","PHI","BRO",1,"F","F",3,3,0,18,2,"T","F",1,1,"T","T","fonsl101","willc103","T","T",1,9,38,0,0,0,0,0,0,"taylz101","","",0,0,0,0,0,0,0,0,0,0,0,0,0,"browe102","F","F","F","F",0,5,0,0,1,0,0,0,0,0,F,F,"1925PHI.EVN.regular.event.csv",40
"PHI192504220","BRO",4,1,2,0,0,"",3,3,"fonsl101","?","fonsl101","?","grimb101","?","grimb101","?","taylz101","fourj101","higha101","tierc101","mitcj101","wheaz101","browe102","johnj107","carlh101","","","W.1-2","F","F",4,2,14,"T","F",0,"F","F",0,"F","F",0,"F","F",0,"","F","F","",0,0,"N",0,"N",0,"N",1,2,0,0,"","","","","F","F","F","F","F","F","F","F","F","grimb101","","","F","F","F","F","F","","","","",0,0,0,0,0,0,0,0,0,40,"PHI","PHI","BRO",1,"F","F",3,3,0,19,3,"T","F",1,3,"T","T","willc103","harpg101","T","T",1,9,38,0,0,0,0,0,0,"taylz101","","",0,0,0,0,0,0,0,0,0,0,0,0,0,"","F","F","F","F",0,5,0,0,1,0,0,0,0,0,F,F,"1925PHI.EVN.regular.event.csv",41
"PHI192504220","BRO",4,1,2,0,0,"",3,3,"willc103","?","willc103","?","grimb101","?","grimb101","?","taylz101","fourj101","higha101","tierc101","mitcj101","wheaz101","browe102","johnj107","fonsl101","carlh101","","S9.2-3;1-2","F","F",9,3,20,"T","T",1,"F","F",0,"F","F",0,"F","F",9,"","F","F","",0,0,"N",0,"N",0,"N",1,2,3,0,"","","","","F","F","F","F","F","F","F","F","F","grimb101","grimb101","","F","F","F","F","F","","","","",0,0,0,0,0,0,0,0,0,41,"PHI","PHI","BRO",1,"F","F",3,3,0,20,4,"T","F",3,7,"T","T","harpg101","holkw101","T","T",4,2,40,1,9,38,0,0,0,"taylz101","taylz101","",0,0,0,0,0,0,0,0,0,0,0,0,0,"johnj107","F","F","F","F",0,0,5,0,1,0,0,0,0,0,F,F,"1925PHI.EVN.regular.event.csv",42
"PHI192504220","BRO",4,1,2,0,0,"",3,3,"harpg101","?","harpg101","?","grimb101","?","grimb101","?","taylz101","fourj101","higha101","tierc101","mitcj101","wheaz101","browe102","johnj107","willc103","fonsl101","carlh101","PO2(E1).3-H(UR);2-3;1-2","F","F",8,4,8,"F","F",0,"F","F",0,"F","F",0,"F","F",0,"","F","F","",1,1,"T",0,"N",0,"N",0,2,3,5,"","","E1","","F","F","F","F","F","F","F","T","F","grimb101","grimb101","grimb101","F","F","F","F","F","","","","",0,0,0,0,0,0,0,0,0,42,"PHI","PHI","BRO",1,"F","F",3,3,0,21,5,"T","F",7,6,"T","T","holkw101","henlb101","T","T",9,3,41,4,2,40,1,9,38,"taylz101","taylz101","taylz101",0,0,0,0,0,0,0,0,0,0,0,0,1,"","F","F","F","F",0,0,0,5,0,0,0,0,0,0,F,F,"1925PHI.EVN.regular.event.csv",43
"PHI192504220","BRO",4,1,2,0,0,"",3,4,"harpg101","?","harpg101","?","grimb101","?","grimb101","?","taylz101","fourj101","higha101","tierc101","mitcj101","wheaz101","browe102","johnj107","","willc103","fonsl101","13","F","F",8,4,2,"T","T",0,"F","F",1,"F","F",0,"F","F",1,"G","F","F","",0,0,"N",0,"N",0,"N",0,0,2,3,"13","","","","F","F","F","F","F","F","F","F","F","","grimb101","grimb101","F","F","F","F","F","","","","",0,3,0,0,1,0,0,0,0,43,"PHI","PHI","BRO",1,"F","T",4,3,1,21,5,"F","F",6,6,"T","T","holkw101","henlb101","T","T",0,0,0,9,3,41,4,2,40,"","taylz101","taylz101",0,0,0,0,0,0,0,0,0,0,0,0,0,"grimb101","F","F","F","F",0,0,0,0,0,0,0,0,0,0,F,F,"1925PHI.EVN.regular.event.csv",44
"PHI192504220","BRO",5,0,0,0,0,"",3,4,"mitcj101","?","mitcj101","?","carlh101","?","carlh101","?","henlb101","holkw101","fonsl101","hubec101","sandh101","burng101","harpg101","willc103","","","","6/P","T","F",6,2,2,"T","T",0,"F","F",1,"F","F",0,"F","F",6,"P","F","F","",0,0,"N",0,"N",0,"N",0,0,0,0,"6","","","","F","F","F","F","F","F","F","F","F","","","","F","F","F","F","F","","","","",0,6,0,0,0,0,0,0,0,44,"PHI","BRO","PHI",0,"T","F",3,4,0,19,0,"T","F",0,0,"T","T","wheaz101","fourj101","T","T",0,0,0,0,0,0,0,0,0,"","","",0,0,0,0,0,0,0,0,0,0,0,0,0,"sandh101","F","F","F","F",0,0,0,0,0,0,0,0,0,0,F,F,"1925PHI.EVN.regular.event.csv",45
"PHI192504220","BRO",5,0,1,0,0,"",3,4,"wheaz101","?","wheaz101","?","carlh101","?","carlh101","?","henlb101","holkw101","fonsl101","hubec101","sandh101","burng101","harpg101","willc103","","","","5/P/FL","F","F",7,3,2,"T","T",0,"F","F",1,"F","F",0,"F","F",5,"P","F","T","",0,0,"N",0,"N",0,"N",0,0,0,0,"5","","","","F","F","F","F","F","F","F","F","F","","","","F","F","F","F","F","","","","",0,5,0,0,0,0,0,0,0,45,"PHI","BRO","PHI",0,"F","F",3,4,0,20,1,"T","F",0,0,"T","T","fourj101","browe102","T","T",0,0,0,0,0,0,0,0,0,"","","",0,0,0,0,0,0,0,0,0,0,0,0,0,"hubec101","F","F","F","F",0,0,0,0,0,0,0,0,0,0,F,F,"1925PHI.EVN.regular.event.csv",46
"PHI192504220","BRO",5,0,2,0,0,"",3,4,"fourj101","?","fourj101","?","carlh101","?","carlh101","?","henlb101","holkw101","fonsl101","hubec101","sandh101","burng101","harpg101","willc103","","","","S9/9DW","F","F",3,4,20,"T","T",1,"F","F",0,"F","F",0,"F","F",9,"","F","F","9DW",0,0,"N",0,"N",0,"N",1,0,0,0,"","","","","F","F","F","F","F","F","F","F","F","","","","F","F","F","F","F","","","","",0,0,0,0,0,0,0,0,0,46,"PHI","BRO","PHI",0,"F","F",3,4,0,21,2,"T","F",0,1,"T","T","browe102","johnj107","T","T",0,0,0,0,0,0,0,0,0,"","","",0,0,0,0,0,0,0,0,0,0,0,0,0,"willc103","F","F","F","F",0,0,0,0,0,0,0,0,0,0,F,F,"1925PHI.EVN.regular.event.csv",47
"PHI192504220","BRO",5,0,2,0,0,"",3,4,"browe102","?","browe102","?","carlh101","?","carlh101","?","henlb101","holkw101","fonsl101","hubec101","sandh101","burng101","harpg101","willc103","fourj101","","","W.1-2","F","F",8,5,14,"T","F",0,"F","F",0,"F","F",0,"F","F",0,"","F","F","",0,0,"N",0,"N",0,"N",1,2,0,0,"","","","","F","F","F","F","F","F","F","F","F","carlh101","","","F","F","F","F","F","","","","",0,0,0,0,0,0,0,0,0,47,"PHI","BRO","PHI",0,"F","F",3,4,0,22,3,"T","F",1,3,"T","T","johnj107","tierc101","T","T",3,4,46,0,0,0,0,0,0,"henlb101","","",0,0,0,0,0,0,0,0,0,0,0,0,0,"","F","F","F","F",0,0,0,0,0,0,0,0,0,0,F,F,"1925PHI.EVN.regular.event.csv",48
"PHI192504220","BRO",5,0,2,0,0,"",3,4,"johnj107","?","johnj107","?","carlh101","?","carlh101","?","henlb101","holkw101","fonsl101","hubec101","sandh101","burng101","harpg101","willc103","browe102","fourj101","","6(1)/FO","F","F",9,6,2,"T","T",0,"F","F",1,"F","F",0,"F","F",6,"G","F","F","",0,0,"N",0,"N",0,"N",1,0,2,0,"","6","","","F","F","F","F","F","F","F","F","F","carlh101","carlh101","","F","F","F","F","F","","","","",0,6,0,0,0,0,0,0,0,48,"PHI","BRO","PHI",0,"F","T",3,4,0,23,4,"T","F",3,3,"T","T","tierc101","taylz101","T","T",8,5,47,3,4,46,0,0,0,"henlb101","henlb101","",0,0,0,0,0,0,0,0,0,0,0,0,0,"sandh101","T","F","F","F",0,0,0,0,0,0,0,0,0,0,F,F,"1925PHI.EVN.regular.event.csv",49
"PHI192504220","BRO",5,1,0,0,0,"",3,4,"holkw101","?","holkw101","?","grimb101","?","grimb101","?","taylz101","fourj101","higha101","tierc101","mitcj101","wheaz101","browe102","johnj107","","","","S9/G4","T","F",3,5,20,"T","T",1,"F","F",0,"F","F",0,"F","F",9,"G","F","F","4",0,0,"N",0,"N",0,"N",1,0,0,0,"","","","","F","F","F","F","F","F","F","F","F","","","","F","F","F","F","F","","","","",0,0,0,0,0,0,0,0,0,49,"PHI","PHI","BRO",1,"T","F",4,3,0,22,0,"T","F",0,1,"T","T","henlb101","sandh101","T","T",0,0,0,0,0,0,0,0,0,"","","",0,0,0,0,0,0,0,0,0,0,0,0,0,"johnj107","F","F","F","F",4,0,0,0,2,0,0,0,0,0,F,F,"1925PHI.EVN.regular.event.csv",50
"PHI192504220","BRO",5,1,0,0,0,"",3,4,"henlb101","?","henlb101","?","grimb101","?","grimb101","?","taylz101","fourj101","higha101","tierc101","mitcj101","wheaz101","browe102","johnj107","holkw101","","","E1/TH1/SH.1-2;B-1","F","F",2,6,18,"T","F",0,"T","F",0,"F","F",0,"F","F",1,"G","T","F","",1,1,"T",0,"N",0,"N",1,2,0,0,"","","","","F","F","F","F","F","F","F","F","F","grimb101","","","F","F","F","F","F","","","","",0,0,0,0,0,0,0,0,0,50,"PHI","PHI","BRO",1,"F","F",4,3,0,23,1,"T","F",1,3,"T","T","sandh101","hubec101","T","T",3,5,49,0,0,0,0,0,0,"taylz101","","",0,0,0,0,0,0,0,0,0,0,0,0,0,"grimb101","F","F","F","T",5,4,0,0,2,0,0,0,0,0,F,F,"1925PHI.EVN.regular.event.csv",51
"PHI192504220","BRO",5,1,0,0,0,"",3,4,"sandh101","?","sandh101","?","grimb101","?","grimb101","?","taylz101","fourj101","higha101","tierc101","mitcj101","wheaz101","browe102","johnj107","henlb101","holkw101","","S16/G6S.2-3;1-2","F","F",6,7,20,"T","T",1,"F","F",0,"F","F",0,"F","F",1,"G","F","F","6S",0,0,"N",0,"N",0,"N",1,2,3,0,"","","","","F","F","F","F","F","F","F","F","F","grimb101","grimb101","","F","F","F","F","F","","","","",0,0,0,0,0,0,0,0,0,51,"PHI","PHI","BRO",1,"F","F",4,3,0,24,2,"T","F",3,7,"T","T","hubec101","carlh101","T","T",2,6,50,3,5,49,0,0,0,"taylz101","taylz101","",0,0,0,0,0,0,0,0,0,0,0,0,0,"grimb101","F","F","F","F",0,5,4,0,2,0,0,0,0,0,F,F,"1925PHI.EVN.regular.event.csv",52
"PHI192504220","BRO",5,1,0,0,0,"",3,4,"hubec101","?","hubec101","?","grimb101","?","grimb101","?","taylz101","fourj101","higha101","tierc101","mitcj101","wheaz101","browe102","johnj107","sandh101","henlb101","holkw101","WP.3-H;2-3;1-2","F","F",5,8,9,"F","F",0,"F","F",0,"F","F",0,"T","F",0,"","F","F","",0,0,"N",0,"N",0,"N",0,2,3,4,"","","","","F","F","F","F","F","F","F","F","F","grimb101","grimb101","grimb101","F","F","F","F","F","","","","",0,0,0,0,0,0,0,0,0,52,"PHI","PHI","BRO",1,"F","F",4,3,0,25,3,"T","F",7,6,"T","T","carlh101","burng101","T","T",6,7,51,2,6,50,3,5,49,"taylz101","taylz101","taylz101",0,0,0,0,0,0,0,0,0,0,0,0,1,"","F","F","F","F",0,0,5,4,1,0,0,0,0,0,F,F,"1925PHI.EVN.regular.event.csv",53
"PHI192504220","BRO",5,1,0,0,0,"",3,5,"hubec101","?","hubec101","?","grimb101","?","grimb101","?","taylz101","fourj101","higha101","tierc101","mitcj101","wheaz101","browe102","johnj107","","sandh101","henlb101","8/F8/SF.3-H(UR)","F","F",5,8,2,"T","F",0,"F","T",1,"F","F",1,"F","F",8,"F","F","F","8",0,0,"N",0,"N",0,"N",0,0,2,5,"8","","","","F","F","F","F","F","F","F","F","F","","grimb101","grimb101","F","F","F","F","F","","","","",0,8,0,0,0,0,0,0,0,53,"PHI","PHI","BRO",1,"F","F",5,3,1,25,3,"F","F",6,2,"T","T","carlh101","burng101","T","T",0,0,0,6,7,51,2,6,50,"","taylz101","taylz101",0,0,0,0,0,0,0,0,0,0,0,0,1,"browe102","F","F","F","F",0,0,0,5,0,0,0,0,0,0,F,F,"1925PHI.EVN.regular.event.csv",54
"PHI192504220","BRO",5,1,1,0,0,"",3,6,"carlh101","?","carlh101","?","grimb101","?","grimb101","?","taylz101","fourj101","higha101","tierc101","mitcj101","wheaz101","browe102","johnj107","","sandh101","","K","F","F",1,9,3,"T","T",0,"F","F",1,"F","F",0,"F","F",0,"","F","F","",0,0,"N",0,"N",0,"N",0,0,2,0,"2","","","","F","F","F","F","F","F","F","F","F","","grimb101","","F","F","F","F","F","","","","",0,2,0,0,0,0,0,0,0,54,"PHI","PHI","BRO",1,"F","F",6,3,2,26,4,"T","F",2,2,"T","T","burng101","fonsl101","T","T",0,0,0,6,7,51,0,0,0,"","taylz101","",0,0,0,0,0,0,0,0,0,0,0,0,0,"","F","F","F","F",0,0,0,0,0,0,0,0,0,0,F,F,"1925PHI.EVN.regular.event.csv",55
"PHI192504220","BRO",5,1,2,0,0,"",3,6,"burng101","?","burng101","?","grimb101","?","grimb101","?","taylz101","fourj101","higha101","tierc101","mitcj101","wheaz101","browe102","johnj107","","sandh101","","K","F","F",7,1,3,"T","T",0,"F","F",1,"F","F",0,"F","F",0,"","F","F","",0,0,"N",0,"N",0,"N",0,0,2,0,"2","","","","F","F","F","F","F","F","F","F","F","","grimb101","","F","F","F","F","F","","","","",0,2,0,0,0,0,0,0,0,55,"PHI","PHI","BRO",1,"F","T",6,3,2,27,5,"T","F",2,2,"T","T","fonsl101","willc103","T","T",0,0,0,6,7,51,0,0,0,"","taylz101","",0,0,0,0,0,0,0,0,0,0,0,0,0,"","F","F","F","F",0,0,0,0,0,0,0,0,0,0,F,F,"1925PHI.EVN.regular.event.csv",56
"PHI192504220","BRO",6,0,0,0,0,"",3,6,"tierc101","?","tierc101","?","carlh101","?","carlh101","?","henlb101","holkw101","fonsl101","hubec101","sandh101","burng101","harpg101","willc103","","","","8/F","T","F",5,7,2,"T","T",0,"F","F",1,"F","F",0,"F","F",8,"F","F","F","",0,0,"N",0,"N",0,"N",0,0,0,0,"8","","","","F","F","F","F","F","F","F","F","F","","","","F","F","F","F","F","","","","",0,8,0,0,0,0,0,0,0,56,"PHI","BRO","PHI",0,"T","F",3,6,0,24,0,"T","F",0,0,"T","T","taylz101","grimb101","T","T",0,0,0,0,0,0,0,0,0,"","","",0,0,0,0,0,0,0,0,0,0,0,0,0,"harpg101","F","F","F","F",0,0,0,0,0,0,0,0,0,0,F,F,"1925PHI.EVN.regular.event.csv",57
"PHI192504220","BRO",6,0,1,0,0,"",3,6,"taylz101","?","taylz101","?","carlh101","?","carlh101","?","henlb101","holkw101","fonsl101","hubec101","sandh101","burng101","harpg101","willc103","","","","8/F","F","F",2,8,2,"T","T",0,"F","F",1,"F","F",0,"F","F",8,"F","F","F","",0,0,"N",0,"N",0,"N",0,0,0,0,"8","","","","F","F","F","F","F","F","F","F","F","","","","F","F","F","F","F","","","","",0,8,0,0,0,0,0,0,0,57,"PHI","BRO","PHI",0,"F","F",3,6,0,25,1,"T","F",0,0,"T","T","grimb101","higha101","T","T",0,0,0,0,0,0,0,0,0,"","","",0,0,0,0,0,0,0,0,0,0,0,0,0,"harpg101","F","F","F","F",0,0,0,0,0,0,0,0,0,0,F,F,"1925PHI.EVN.regular.event.csv",58
"PHI192504220","BRO",6,0,2,0,0,"",3,6,"grimb101","?","grimb101","?","carlh101","?","carlh101","?","henlb101","holkw101","fonsl101","hubec101","sandh101","burng101","harpg101","willc103","","","","S9","F","F",1,9,20,"T","T",1,"F","F",0,"F","F",0,"F","F",9,"","F","F","",0,0,"N",0,"N",0,"N",1,0,0,0,"","","","","F","F","F","F","F","F","F","F","F","","","","F","F","F","F","F","","","","",0,0,0,0,0,0,0,0,0,58,"PHI","BRO","PHI",0,"F","F",3,6,0,26,2,"T","F",0,1,"T","T","higha101","mitcj101","T","T",0,0,0,0,0,0,0,0,0,"","","",0,0,0,0,0,0,0,0,0,0,0,0,0,"willc103","F","F","F","F",0,0,0,0,0,0,0,0,0,0,F,F,"1925PHI.EVN.regular.event.csv",59
"PHI192504220","BRO",6,0,2,0,0,"",3,6,"higha101","?","higha101","?","carlh101","?","carlh101","?","henlb101","holkw101","fonsl101","hubec101","sandh101","burng101","harpg101","willc103","grimb101","","","7/F","F","F",4,1,2,"T","T",0,"F","F",1,"F","F",0,"F","F",7,"F","F","F","",0,0,"N",0,"N",0,"N",0,1,0,0,"7","","","","F","F","F","F","F","F","F","F","F","carlh101","","","F","F","F","F","F","","","","",0,7,0,0,0,0,0,0,0,59,"PHI","BRO","PHI",0,"F","T",3,6,0,27,3,"T","F",1,1,"T","T","mitcj101","wheaz101","T","T",1,9,58,0,0,0,0,0,0,"henlb101","","",0,0,0,0,0,0,0,0,0,0,0,0,0,"burng101","F","F","F","F",0,0,0,0,0,0,0,0,0,0,F,F,"1925PHI.EVN.regular.event.csv",60
"PHI192504220","BRO",6,1,0,0,0,"",3,6,"fonsl101","?","fonsl101","?","grimb101","?","grimb101","?","taylz101","fourj101","higha101","tierc101","mitcj101","wheaz101","browe102","johnj107","","","","HP","T","F",4,2,16,"T","F",0,"F","F",0,"F","F",0,"F","F",0,"","F","F","",0,0,"N",0,"N",0,"N",1,0,0,0,"","","","","F","F","F","F","F","F","F","F","F","","","","F","F","F","F","F","","","","",0,0,0,0,0,0,0,0,0,60,"PHI","PHI","BRO",1,"T","F",6,3,0,28,0,"T","F",0,1,"T","T","willc103","harpg101","T","T",0,0,0,0,0,0,0,0,0,"","","",0,0,0,0,0,0,0,0,0,0,0,0,0,"","F","F","F","F",0,0,0,0,0,0,0,0,0,0,F,F,"1925PHI.EVN.regular.event.csv",61
"PHI192504220","BRO",6,1,0,0,0,"",3,6,"willc103","?","willc103","?","grimb101","?","grimb101","?","taylz101","fourj101","higha101","tierc101","mitcj101","wheaz101","browe102","johnj107","fonsl101","","","3(B)6(1)/GDP","F","F",9,3,2,"T","T",0,"F","F",2,"T","F",0,"F","F",3,"G","F","F","",0,0,"N",0,"N",0,"N",0,0,0,0,"3","36","","","F","F","F","F","F","F","F","F","F","grimb101","","","F","F","F","F","F","","","","",0,3,6,0,3,0,0,0,0,61,"PHI","PHI","BRO",1,"F","F",6,3,0,29,1,"T","F",1,0,"T","T","harpg101","holkw101","T","T",4,2,60,0,0,0,0,0,0,"taylz101","","",0,0,0,0,0,0,0,0,0,0,0,0,0,"fourj101","T","F","F","F",0,0,0,0,0,0,0,0,0,0,F,F,"1925PHI.EVN.regular.event.csv",62
"PHI192504220","BRO",6,1,2,0,0,"",3,6,"harpg101","?","harpg101","?","grimb101","?","grimb101","?","taylz101","fourj101","higha101","tierc101","mitcj101","wheaz101","browe102","johnj107","","","","8/F","F","F",8,4,2,"T","T",0,"F","F",1,"F","F",0,"F","F",8,"F","F","F","",0,0,"N",0,"N",0,"N",0,0,0,0,"8","","","","F","F","F","F","F","F","F","F","F","","","","F","F","F","F","F","","","","",0,8,0,0,0,0,0,0,0,62,"PHI","PHI","BRO",1,"F","T",6,3,0,30,2,"T","F",0,0,"T","T","holkw101","henlb101","T","T",0,0,0,0,0,0,0,0,0,"","","",0,0,0,0,0,0,0,0,0,0,0,0,0,"browe102","F","F","F","F",0,0,0,0,0,0,0,0,0,0,F,F,"1925PHI.EVN.regular.event.csv",63
"PHI192504220","BRO",7,0,0,0,0,"",3,6,"mitcj101","?","mitcj101","?","carlh101","?","carlh101","?","henlb101","holkw101","fonsl101","hubec101","sandh101","burng101","harpg101","willc103","","","","6/P","T","F",6,2,2,"T","T",0,"F","F",1,"F","F",0,"F","F",6,"P","F","F","",0,0,"N",0,"N",0,"N",0,0,0,0,"6","","","","F","F","F","F","F","F","F","F","F","","","","F","F","F","F","F","","","","",0,6,0,0,0,0,0,0,0,63,"PHI","BRO","PHI",0,"T","F",3,6,0,28,0,"T","F",0,0,"T","T","wheaz101","fourj101","T","T",0,0,0,0,0,0,0,0,0,"","","",0,0,0,0,0,0,0,0,0,0,0,0,0,"sandh101","F","F","F","F",0,0,0,0,0,0,0,0,0,0,F,F,"1925PHI.EVN.regular.event.csv",64
"PHI192504220","BRO",7,0,1,0,0,"",3,6,"wheaz101","?","wheaz101","?","carlh101","?","carlh101","?","henlb101","holkw101","fonsl101","hubec101","sandh101","burng101","harpg101","willc103","","","","S8","F","F",7,3,20,"T","T",1,"F","F",0,"F","F",0,"F","F",8,"","F","F","",0,0,"N",0,"N",0,"N",1,0,0,0,"","","","","F","F","F","F","F","F","F","F","F","","","","F","F","F","F","F","","","","",0,0,0,0,0,0,0,0,0,64,"PHI","BRO","PHI",0,"F","F",3,6,0,29,1,"T","F",0,1,"T","T","fourj101","browe102","T","T",0,0,0,0,0,0,0,0,0,"","","",0,0,0,0,0,0,0,0,0,0,0,0,0,"harpg101","F","F","F","F",0,0,0,0,0,0,0,0,0,0,F,F,"1925PHI.EVN.regular.event.csv",65
"PHI192504220","BRO",7,0,1,0,0,"",3,6,"fourj101","?","fourj101","?","carlh101","?","carlh101","?","henlb101","holkw101","fonsl101","hubec101","sandh101","burng101","harpg101","willc103","wheaz101","","","S9.1-2","F","F",3,4,20,"T","T",1,"F","F",0,"F","F",0,"F","F",9,"","F","F","",0,0,"N",0,"N",0,"N",1,2,0,0,"","","","","F","F","F","F","F","F","F","F","F","carlh101","","","F","F","F","F","F","","","","",0,0,0,0,0,0,0,0,0,65,"PHI","BRO","PHI",0,"F","F",3,6,0,30,2,"T","F",1,3,"T","T","browe102","johnj107","T","T",7,3,64,0,0,0,0,0,0,"henlb101","","",0,0,0,0,0,0,0,0,0,0,0,0,0,"willc103","F","F","F","F",0,0,0,0,0,0,0,0,0,0,F,F,"1925PHI.EVN.regular.event.csv",66
"PHI192504220","BRO",7,0,1,0,0,"",3,6,"browe102","?","browe102","?","carlh101","?","carlh101","?","henlb101","holkw101","fonsl101","hubec101","sandh101","burng101","harpg101","willc103","fourj101","wheaz101","","64(1)/FO.2-3","F","F",8,5,2,"T","T",0,"F","F",1,"F","F",0,"F","F",6,"G","F","F","",0,0,"N",0,"N",0,"N",1,0,3,0,"","64","","","F","F","F","F","F","F","F","F","F","carlh101","carlh101","","F","F","F","F","F","","","","",0,4,0,0,6,0,0,0,0,66,"PHI","BRO","PHI",0,"F","F",3,6,0,31,3,"T","F",3,5,"T","T","johnj107","tierc101","T","T",3,4,65,7,3,64,0,0,0,"henlb101","henlb101","",0,0,0,0,0,0,0,0,0,0,0,0,0,"sandh101","T","F","F","F",0,0,0,0,0,0,0,0,0,0,F,F,"1925PHI.EVN.regular.event.csv",67
"PHI192504220","BRO",7,0,2,0,0,"",3,6,"johnj107","?","johnj107","?","carlh101","?","carlh101","?","henlb101","holkw101","fonsl101","hubec101","sandh101","burng101","harpg101","willc103","browe102","","wheaz101","8/F","F","F",9,6,2,"T","T",0,"F","F",1,"F","F",0,"F","F",8,"F","F","F","",0,0,"N",0,"N",0,"N",0,1,0,3,"8","","","","F","F","F","F","F","F","F","F","F","carlh101","","carlh101","F","F","F","F","F","","","","",0,8,0,0,0,0,0,0,0,67,"PHI","BRO","PHI",0,"F","T",3,6,0,32,4,"T","F",5,5,"T","T","tierc101","taylz101","T","T",8,5,66,0,0,0,7,3,64,"henlb101","","henlb101",0,0,0,0,0,0,0,0,0,0,0,0,0,"harpg101","F","F","F","F",0,0,0,0,0,0,0,0,0,0,F,F,"1925PHI.EVN.regular.event.csv",68
"PHI192504220","BRO",7,1,0,0,0,"",3,6,"holkw101","?","holkw101","?","grimb101","?","grimb101","?","taylz101","fourj101","higha101","tierc101","mitcj101","wheaz101","browe102","johnj107","","","","43","T","F",3,5,2,"T","T",0,"F","F",1,"F","F",0,"F","F",4,"G","F","F","",0,0,"N",0,"N",0,"N",0,0,0,0,"43","","","","F","F","F","F","F","F","F","F","F","","","","F","F","F","F","F","","","","",0,3,0,0,4,0,0,0,0,68,"PHI","PHI","BRO",1,"T","F",6,3,0,31,0,"T","F",0,0,"T","T","henlb101","sandh101","T","T",0,0,0,0,0,0,0,0,0,"","","",0,0,0,0,0,0,0,0,0,0,0,0,0,"higha101","F","F","F","F",0,0,0,0,2,0,0,0,0,0,F,F,"1925PHI.EVN.regular.event.csv",69
"PHI192504220","BRO",7,1,1,0,0,"",3,6,"henlb101","?","henlb101","?","grimb101","?","grimb101","?","taylz101","fourj101","higha101","tierc101","mitcj101","wheaz101","browe102","johnj107","","","","T7/L7","F","F",2,6,22,"T","T",3,"F","F",0,"F","F",0,"F","F",7,"L","F","F","7",0,0,"N",0,"N",0,"N",3,0,0,0,"","","","","F","F","F","F","F","F","F","F","F","","","","F","F","F","F","F","","","","",0,0,0,0,0,0,0,0,0,69,"PHI","PHI","BRO",1,"F","F",6,3,0,32,1,"T","F",0,4,"T","T","sandh101","hubec101","T","T",0,0,0,0,0,0,0,0,0,"","","",0,0,0,0,0,0,0,0,0,0,0,0,0,"wheaz101","F","F","F","F",4,0,0,0,2,0,0,0,0,0,F,F,"1925PHI.EVN.regular.event.csv",70
"PHI192504220","BRO",7,1,1,0,0,"",3,6,"sandh101","?","sandh101","?","grimb101","?","grimb101","?","taylz101","fourj101","higha101","tierc101","mitcj101","wheaz101","browe102","johnj107","","","henlb101","D7/F78S.3-H","F","F",6,7,21,"T","T",2,"F","F",0,"F","F",1,"F","F",7,"F","F","F","78S",0,0,"N",0,"N",0,"N",2,0,0,4,"","","","","F","F","F","F","F","F","F","F","F","","","grimb101","F","F","F","F","F","","","","",0,0,0,0,0,0,0,0,0,70,"PHI","PHI","BRO",1,"F","F",6,3,0,33,2,"T","F",4,2,"T","T","hubec101","carlh101","T","T",0,0,0,0,0,0,2,6,69,"","","taylz101",0,0,0,0,0,0,0,0,0,0,0,0,1,"wheaz101","F","F","F","F",4,0,0,4,1,0,0,0,0,0,F,F,"1925PHI.EVN.regular.event.csv",71
"PHI192504220","BRO",7,1,1,0,0,"",3,7,"hubec101","?","hubec101","?","grimb101","?","grimb101","?","taylz101","fourj101","higha101","tierc101","mitcj101","wheaz101","browe102","johnj107","","sandh101","","D8/78XDW.2-H","F","F",5,8,21,"T","T",2,"F","F",0,"F","F",1,"F","F",8,"","F","F","78XDW",0,0,"N",0,"N",0,"N",2,0,4,0,"","","","","F","F","F","F","F","F","F","F","F","","grimb101","","F","F","F","F","F","","","","",0,0,0,0,0,0,0,0,0,71,"PHI","PHI","BRO",1,"F","F",7,3,1,34,3,"T","F",2,2,"T","T","carlh101","burng101","T","T",0,0,0,6,7,70,0,0,0,"","taylz101","",0,0,0,0,0,0,0,0,0,0,0,0,1,"browe102","F","F","F","F",0,0,4,0,0,0,0,0,0,0,F,F,"1925PHI.EVN.regular.event.csv",72
"PHI192504220","BRO",7,1,1,0,0,"",3,8,"carlh101","?","carlh101","?","grimb101","?","grimb101","?","taylz101","fourj101","higha101","tierc101","mitcj101","wheaz101","browe102","johnj107","","hubec101","","43","F","F",1,9,2,"T","T",0,"F","F",1,"F","F",0,"F","F",4,"G","F","F","",0,0,"N",0,"N",0,"N",0,0,2,0,"43","","","","F","F","F","F","F","F","F","F","F","","grimb101","","F","F","F","F","F","","","","",0,3,0,0,4,0,0,0,0,72,"PHI","PHI","BRO",1,"F","F",8,3,2,35,4,"T","F",2,2,"T","T","burng101","fonsl101","T","T",0,0,0,5,8,71,0,0,0,"","taylz101","",0,0,0,0,0,0,0,0,0,0,0,0,0,"higha101","F","F","F","F",0,0,0,0,0,0,0,0,0,0,F,F,"1925PHI.EVN.regular.event.csv",73
"PHI192504220","BRO",7,1,2,0,0,"",3,8,"burng101","?","burng101","?","grimb101","?","grimb101","?","taylz101","fourj101","higha101","tierc101","mitcj101","wheaz101","browe102","johnj107","","hubec101","","FLE2","F","F",7,1,13,"F","F",0,"F","F",0,"F","F",0,"F","F",2,"P","F","T","",1,2,"F",0,"N",0,"N",0,0,2,0,"","","","","F","F","F","F","F","F","F","F","F","","grimb101","","F","F","F","F","F","","","","",0,0,0,0,0,0,0,0,0,73,"PHI","PHI","BRO",1,"F","F",8,3,2,36,5,"T","F",2,2,"T","T","fonsl101","willc103","T","T",0,0,0,5,8,71,0,0,0,"","taylz101","",0,0,0,0,0,0,0,0,0,0,0,0,0,"taylz101","F","F","F","F",0,0,0,0,0,0,0,0,0,0,F,F,"1925PHI.EVN.regular.event.csv",74
"PHI192504220","BRO",7,1,2,0,0,"",3,8,"burng101","?","burng101","?","grimb101","?","grimb101","?","taylz101","fourj101","higha101","tierc101","mitcj101","wheaz101","browe102","johnj107","","hubec101","","63","F","F",7,1,2,"T","T",0,"F","F",1,"F","F",0,"F","F",6,"G","F","F","",0,0,"N",0,"N",0,"N",0,0,2,0,"63","","","","F","F","F","F","F","F","F","F","F","","grimb101","","F","F","F","F","F","","","","",0,3,0,0,6,0,0,0,0,74,"PHI","PHI","BRO",1,"F","T",8,3,2,36,5,"F","F",2,2,"T","T","fonsl101","willc103","T","T",0,0,0,5,8,71,0,0,0,"","taylz101","",0,0,0,0,0,0,0,0,0,0,0,0,0,"mitcj101","F","F","F","F",0,0,0,0,0,0,0,0,0,0,F,F,"1925PHI.EVN.regular.event.csv",75
"PHI192504220","BRO",8,0,0,0,0,"",3,8,"tierc101","?","tierc101","?","carlh101","?","carlh101","?","henlb101","holkw101","fonsl101","hubec101","sandh101","burng101","harpg101","willc103","","","","HR/F7D","T","F",5,7,23,"T","T",4,"F","F",0,"F","F",1,"F","F",0,"F","F","F","7D",0,0,"N",0,"N",0,"N",4,0,0,0,"","","","","F","F","F","F","F","F","F","F","F","","","","F","F","F","F","F","","","","",0,0,0,0,0,0,0,0,0,75,"PHI","BRO","PHI",0,"T","F",3,8,0,33,0,"T","F",0,0,"T","T","taylz101","grimb101","T","T",0,0,0,0,0,0,0,0,0,"","","",0,0,0,0,0,0,0,0,0,0,0,0,1,"","F","F","F","F",4,0,0,0,2,0,0,0,0,0,F,F,"1925PHI.EVN.regular.event.csv",76
"PHI192504220","BRO",8,0,0,0,0,"",4,8,"taylz101","?","taylz101","?","carlh101","?","carlh101","?","henlb101","holkw101","fonsl101","hubec101","sandh101","burng101","harpg101","willc103","","","","8/F","F","F",2,8,2,"T","T",0,"F","F",1,"F","F",0,"F","F",8,"F","F","F","",0,0,"N",0,"N",0,"N",0,0,0,0,"8","","","","F","F","F","F","F","F","F","F","F","","","","F","F","F","F","F","","","","",0,8,0,0,0,0,0,0,0,76,"PHI","BRO","PHI",0,"F","F",4,8,1,34,1,"T","F",0,0,"T","T","grimb101","higha101","T","T",0,0,0,0,0,0,0,0,0,"","","",0,0,0,0,0,0,0,0,0,0,0,0,0,"harpg101","F","F","F","F",0,0,0,0,2,0,0,0,0,0,F,F,"1925PHI.EVN.regular.event.csv",77
"PHI192504220","BRO",8,0,1,0,0,"",4,8,"grimb101","?","grimb101","?","carlh101","?","carlh101","?","henlb101","holkw101","fonsl101","hubec101","sandh101","burng101","harpg101","willc103","","","","S9/F9DW","F","F",1,9,20,"T","T",1,"F","F",0,"F","F",0,"F","F",9,"F","F","F","9DW",0,0,"N",0,"N",0,"N",1,0,0,0,"","","","","F","F","F","F","F","F","F","F","F","","","","F","F","F","F","F","","","","",0,0,0,0,0,0,0,0,0,77,"PHI","BRO","PHI",0,"F","F",4,8,1,35,2,"T","F",0,1,"T","T","higha101","mitcj101","T","T",0,0,0,0,0,0,0,0,0,"","","",0,0,0,0,0,0,0,0,0,0,0,0,0,"willc103","F","F","F","F",0,0,0,0,2,0,0,0,0,0,F,F,"1925PHI.EVN.regular.event.csv",78
"PHI192504220","BRO",8,0,1,0,0,"",4,8,"higha101","?","higha101","?","carlh101","?","carlh101","?","henlb101","holkw101","fonsl101","hubec101","sandh101","burng101","harpg101","willc103","grimb101","","","64(1)/FO","F","F",4,1,2,"T","T",0,"F","F",1,"F","F",0,"F","F",6,"G","F","F","",0,0,"N",0,"N",0,"N",1,0,0,0,"","64","","","F","F","F","F","F","F","F","F","F","carlh101","","","F","F","F","F","F","","","","",0,4,0,0,6,0,0,0,0,78,"PHI","BRO","PHI",0,"F","F",4,8,1,36,3,"T","F",1,1,"T","T","mitcj101","wheaz101","T","T",1,9,77,0,0,0,0,0,0,"henlb101","","",0,0,0,0,0,0,0,0,0,0,0,0,0,"sandh101","T","F","F","F",4,0,0,0,2,0,0,0,0,0,F,F,"1925PHI.EVN.regular.event.csv",79
"PHI192504220","BRO",8,0,2,0,0,"",4,8,"mitcj101","?","mitcj101","?","carlh101","?","carlh101","?","henlb101","holkw101","fonsl101","hubec101","sandh101","burng101","harpg101","willc103","higha101","","","D9/L89D.1-H","F","F",6,2,21,"T","T",2,"F","F",0,"F","F",1,"F","F",9,"L","F","F","89D",0,0,"N",0,"N",0,"N",2,4,0,0,"","","","","F","F","F","F","F","F","F","F","F","carlh101","","","F","F","F","F","F","","","","",0,0,0,0,0,0,0,0,0,79,"PHI","BRO","PHI",0,"F","F",4,8,1,37,4,"T","F",1,2,"T","T","wheaz101","fourj101","T","T",4,1,78,0,0,0,0,0,0,"henlb101","","",0,0,0,0,0,0,0,0,0,0,0,0,1,"willc103","F","F","F","F",4,4,0,0,1,0,0,0,0,0,F,F,"1925PHI.EVN.regular.event.csv",80
"PHI192504220","BRO",8,0,2,0,0,"",5,8,"wheaz101","?","wheaz101","?","carlh101","?","carlh101","?","henlb101","holkw101","fonsl101","hubec101","sandh101","burng101","harpg101","willc103","","mitcj101","","S8.2-H","F","F",7,3,20,"T","T",1,"F","F",0,"F","F",1,"F","F",8,"","F","F","",0,0,"N",0,"N",0,"N",1,0,4,0,"","","","","F","F","F","F","F","F","F","F","F","","carlh101","","F","F","F","F","F","","","","",0,0,0,0,0,0,0,0,0,80,"PHI","BRO","PHI",0,"F","F",5,8,2,38,5,"T","F",2,1,"T","T","fourj101","browe102","T","T",0,0,0,6,2,79,0,0,0,"","henlb101","",0,0,0,0,0,0,0,0,0,0,0,0,1,"harpg101","F","F","F","F",0,0,4,0,0,0,0,0,0,0,F,F,"1925PHI.EVN.regular.event.csv",81
"PHI192504220","BRO",8,0,2,0,0,"",6,8,"fourj101","?","fourj101","?","knigj103","?","knigj103","?","henlb101","holkw101","fonsl101","hubec101","sandh101","burng101","harpg101","willc103","wheaz101","","","W.1-2","F","F",3,4,14,"T","F",0,"F","F",0,"F","F",0,"F","F",0,"","F","F","",0,0,"N",0,"N",0,"N",1,2,0,0,"","","","","F","F","F","F","F","F","F","F","F","carlh101","","","F","F","F","F","F","","","","",0,0,0,0,0,0,0,0,0,81,"PHI","BRO","PHI",0,"F","F",6,8,3,39,6,"T","F",1,3,"T","T","browe102","johnj107","F","F",7,3,80,0,0,0,0,0,0,"henlb101","","",0,0,0,0,0,0,0,0,0,0,0,0,0,"","F","F","F","F",0,0,0,0,0,0,0,0,0,0,F,F,"1925PHI.EVN.regular.event.csv",82
"PHI192504220","BRO",8,0,2,0,0,"",6,8,"browe102","?","browe102","?","knigj103","?","knigj103","?","henlb101","holkw101","fonsl101","hubec101","sandh101","burng101","harpg101","willc103","fourj101","wheaz101","","63","F","F",8,5,2,"T","T",0,"F","F",1,"F","F",0,"F","F",6,"G","F","F","",0,0,"N",0,"N",0,"N",0,1,2,0,"63","","","","F","F","F","F","F","F","F","F","F","knigj103","carlh101","","F","F","F","F","F","","","","",0,3,0,0,6,0,0,0,0,82,"PHI","BRO","PHI",0,"F","T",6,8,3,40,7,"T","F",3,3,"T","T","johnj107","tierc101","F","F",3,4,81,7,3,80,0,0,0,"henlb101","henlb101","",0,0,0,0,0,0,0,0,0,0,0,0,0,"sandh101","F","F","F","F",0,0,0,0,0,0,0,0,0,0,F,F,"1925PHI.EVN.regular.event.csv",83
"PHI192504220","BRO",8,1,0,0,0,"",6,8,"fonsl101","?","fonsl101","?","grimb101","?","grimb101","?","taylz101","fourj101","higha101","tierc101","mitcj101","wheaz101","browe102","johnj107","","","","K","T","F",4,2,3,"T","T",0,"F","F",1,"F","F",0,"F","F",0,"","F","F","",0,0,"N",0,"N",0,"N",0,0,0,0,"2","","","","F","F","F","F","F","F","F","F","F","","","","F","F","F","F","F","","","","",0,2,0,0,0,0,0,0,0,83,"PHI","PHI","BRO",1,"T","F",8,6,0,37,0,"T","F",0,0,"T","T","willc103","harpg101","T","T",0,0,0,0,0,0,0,0,0,"","","",0,0,0,0,0,0,0,0,0,0,0,0,0,"","F","F","F","F",0,0,0,0,0,0,0,0,0,0,F,F,"1925PHI.EVN.regular.event.csv",84
"PHI192504220","BRO",8,1,1,0,0,"",6,8,"willc103","?","willc103","?","grimb101","?","grimb101","?","taylz101","fourj101","higha101","tierc101","mitcj101","wheaz101","browe102","johnj107","","","","31","F","F",9,3,2,"T","T",0,"F","F",1,"F","F",0,"F","F",3,"G","F","F","",0,0,"N",0,"N",0,"N",0,0,0,0,"31","","","","F","F","F","F","F","F","F","F","F","","","","F","F","F","F","F","","","","",0,1,0,0,3,0,0,0,0,84,"PHI","PHI","BRO",1,"F","F",8,6,0,38,1,"T","F",0,0,"T","T","harpg101","holkw101","T","T",0,0,0,0,0,0,0,0,0,"","","",0,0,0,0,0,0,0,0,0,0,0,0,0,"fourj101","F","F","F","F",0,0,0,0,0,0,0,0,0,0,F,F,"1925PHI.EVN.regular.event.csv",85
"PHI192504220","BRO",8,1,2,0,0,"",6,8,"harpg101","?","harpg101","?","grimb101","?","grimb101","?","taylz101","fourj101","higha101","tierc101","mitcj101","wheaz101","browe102","johnj107","","","","31","F","F",8,4,2,"T","T",0,"F","F",1,"F","F",0,"F","F",3,"G","F","F","",0,0,"N",0,"N",0,"N",0,0,0,0,"31","","","","F","F","F","F","F","F","F","F","F","","","","F","F","F","F","F","","","","",0,1,0,0,3,0,0,0,0,85,"PHI","PHI","BRO",1,"F","T",8,6,0,39,2,"T","F",0,0,"T","T","holkw101","henlb101","T","T",0,0,0,0,0,0,0,0,0,"","","",0,0,0,0,0,0,0,0,0,0,0,0,0,"fourj101","F","F","F","F",0,0,0,0,0,0,0,0,0,0,F,F,"1925PHI.EVN.regular.event.csv",86
"PHI192504220","BRO",9,0,0,0,0,"",6,8,"johnj107","?","johnj107","?","knigj103","?","knigj103","?","henlb101","holkw101","fonsl101","hubec101","sandh101","burng101","harpg101","willc103","","","","S9","T","F",9,6,20,"T","T",1,"F","F",0,"F","F",0,"F","F",9,"","F","F","",0,0,"N",0,"N",0,"N",1,0,0,0,"","","","","F","F","F","F","F","F","F","F","F","","","","F","F","F","F","F","","","","",0,0,0,0,0,0,0,0,0,86,"PHI","BRO","PHI",0,"T","F",6,8,0,41,0,"T","F",0,1,"T","T","tierc101","taylz101","F","F",0,0,0,0,0,0,0,0,0,"","","",0,0,0,0,0,0,0,0,0,0,0,0,0,"willc103","F","F","F","F",4,0,0,0,1,0,0,0,0,0,F,F,"1925PHI.EVN.regular.event.csv",87
"PHI192504220","BRO",9,0,0,0,0,"",6,8,"tierc101","?","tierc101","?","hubbb101","?","hubbb101","?","henlb101","holkw101","fonsl101","hubec101","sandh101","burng101","harpg101","willc103","johnj107","","","23/G.1-2","F","F",5,7,2,"T","T",0,"F","F",1,"F","F",0,"F","F",2,"G","F","F","",0,0,"N",0,"N",0,"N",0,2,0,0,"23","","","","F","F","F","F","F","F","F","F","F","knigj103","","","F","F","F","F","F","","","","",0,3,0,0,2,0,0,0,0,87,"PHI","BRO","PHI",0,"F","F",6,8,0,42,1,"T","F",1,2,"T","T","taylz101","grimb101","F","F",9,6,86,0,0,0,0,0,0,"henlb101","","",0,0,0,0,0,0,0,0,0,0,0,0,0,"henlb101","F","F","F","F",0,4,0,0,1,0,0,0,0,0,F,F,"1925PHI.EVN.regular.event.csv",88
"PHI192504220","BRO",9,0,1,0,0,"",6,8,"taylz101","?","taylz101","?","hubbb101","?","hubbb101","?","henlb101","holkw101","fonsl101","hubec101","sandh101","burng101","harpg101","willc103","","johnj107","","3/P3F/FL","F","F",2,8,2,"T","T",0,"F","F",1,"F","F",0,"F","F",3,"P","F","T","3F",0,0,"N",0,"N",0,"N",0,0,2,0,"3","","","","F","F","F","F","F","F","F","F","F","","knigj103","","F","F","F","F","F","","","","",0,3,0,0,0,0,0,0,0,88,"PHI","BRO","PHI",0,"F","F",6,8,0,43,2,"T","F",2,2,"T","T","grimb101","higha101","F","F",0,0,0,9,6,86,0,0,0,"","henlb101","",0,0,0,0,0,0,0,0,0,0,0,0,0,"holkw101","F","F","F","F",0,0,4,0,1,0,0,0,0,0,F,F,"1925PHI.EVN.regular.event.csv",89
"PHI192504220","BRO",9,0,2,0,0,"",6,8,"grimb101","?","grimb101","?","hubbb101","?","hubbb101","?","henlb101","holkw101","fonsl101","hubec101","sandh101","burng101","harpg101","willc103","","johnj107","","S/89.2-H","F","F",1,9,20,"T","T",1,"F","F",0,"F","F",1,"F","F",0,"","F","F","89",0,0,"N",0,"N",0,"N",1,0,4,0,"","","","","F","F","F","F","F","F","F","F","F","","knigj103","","F","F","F","F","F","","","","",0,0,0,0,0,0,0,0,0,89,"PHI","BRO","PHI",0,"F","F",6,8,0,44,3,"T","F",2,1,"T","T","higha101","mitcj101","F","F",0,0,0,9,6,86,0,0,0,"","henlb101","",0,0,0,0,0,0,0,0,0,0,0,0,1,"","F","F","F","F",3,0,4,0,0,0,0,0,0,0,F,F,"1925PHI.EVN.regular.event.csv",90
"PHI192504220","BRO",9,0,2,0,0,"",7,8,"higha101","?","higha101","?","hubbb101","?","hubbb101","?","henlb101","holkw101","fonsl101","hubec101","sandh101","burng101","harpg101","willc103","grimb101","","","D8/L78.1-3","F","F",4,1,21,"T","T",2,"F","F",0,"F","F",0,"F","F",8,"L","F","F","78",0,0,"N",0,"N",0,"N",2,3,0,0,"","","","","F","F","F","F","F","F","F","F","F","hubbb101","","","F","F","F","F","F","","","","",0,0,0,0,0,0,0,0,0,90,"PHI","BRO","PHI",0,"F","F",7,8,1,45,4,"T","F",1,6,"T","T","mitcj101","wheaz101","F","F",1,9,89,0,0,0,0,0,0,"henlb101","","",0,0,0,0,0,0,0,0,0,0,0,0,0,"harpg101","F","F","F","F",2,3,0,0,0,0,0,0,0,0,F,F,"1925PHI.EVN.regular.event.csv",91
"PHI192504220","BRO",9,0,2,0,0,"",7,8,"grift102","?","grift102","?","betth101","?","betth101","?","henlb101","holkw101","fonsl101","hubec101","sandh101","burng101","harpg101","willc103","","higha101","grimb101","W","F","T",11,2,14,"T","F",0,"F","F",0,"F","F",0,"F","F",0,"","F","F","",0,0,"N",0,"N",0,"N",1,0,2,3,"","","","","F","F","F","F","F","F","F","F","F","","hubbb101","hubbb101","F","F","F","F","F","","","","mitcj101",6,0,0,0,0,0,0,0,0,91,"PHI","BRO","PHI",0,"F","F",7,8,1,46,5,"T","F",6,7,"F","F","wheaz101","fourj101","F","F",0,0,0,4,1,90,1,9,89,"","henlb101","henlb101",0,0,0,0,0,0,0,0,0,0,0,0,0,"","F","F","F","F",1,0,2,3,0,0,0,0,0,0,F,F,"1925PHI.EVN.regular.event.csv",92
"PHI192504220","BRO",9,0,2,0,0,"",7,8,"wheaz101","?","wheaz101","?","betth101","?","betth101","?","henlb101","holkw101","fonsl101","hubec101","sandh101","burng101","harpg101","willc103","grift102","higha101","grimb101","8/L78","F","F",7,3,2,"T","T",0,"F","F",1,"F","F",0,"F","F",8,"L","F","F","78",0,0,"N",0,"N",0,"N",0,1,2,3,"8","","","","F","F","F","F","F","F","F","F","F","betth101","hubbb101","hubbb101","F","T","F","F","F","","","","",0,8,0,0,0,0,0,0,0,92,"PHI","BRO","PHI",0,"F","T",7,8,1,47,6,"T","F",7,7,"T","T","fourj101","browe102","F","F",0,2,91,4,1,90,1,9,89,"henlb101","henlb101","henlb101",0,0,0,0,0,0,0,0,0,0,0,0,0,"harpg101","F","F","F","F",0,1,2,3,0,0,0,0,0,0,F,F,"1925PHI.EVN.regular.event.csv",93
"PHI192504230","BRO",1,0,0,0,0,"",0,0,"higha101","?","higha101","?","ringj101","?","ringj101","?","henlb101","holkw101","fonsl101","hubec101","sandh101","burng101","mokaj101","schuj101","","","","43","T","F",4,1,2,"T","T",0,"F","F",1,"F","F",0,"F","F",4,"G","F","F","",0,0,"N",0,"N",0,"N",0,0,0,0,"43","","","","F","F","F","F","F","F","F","F","F","","","","T","F","F","F","F","","","","",0,3,0,0,4,0,0,0,0,1,"PHI","BRO","PHI",0,"T","F",0,0,0,0,0,"T","F",0,0,"T","T","mitcj101","wheaz101","T","T",0,0,0,0,0,0,0,0,0,"","","",0,0,0,0,0,0,0,0,0,0,0,0,0,"fonsl101","F","F","F","F",0,0,0,0,0,0,0,0,0,0,F,F,"1925PHI.EVN.regular.event.csv",94
"PHI192504230","BRO",1,0,1,0,0,"",0,0,"mitcj101","?","mitcj101","?","ringj101","?","ringj101","?","henlb101","holkw101","fonsl101","hubec101","sandh101","burng101","mokaj101","schuj101","","","","43","F","F",6,2,2,"T","T",0,"F","F",1,"F","F",0,"F","F",4,"G","F","F","",0,0,"N",0,"N",0,"N",0,0,0,0,"43","","","","F","F","F","F","F","F","F","F","F","","","","F","F","F","F","F","","","","",0,3,0,0,4,0,0,0,0,2,"PHI","BRO","PHI",0,"F","F",0,0,0,1,1,"T","F",0,0,"T","T","wheaz101","fourj101","T","T",0,0,0,0,0,0,0,0,0,"","","",0,0,0,0,0,0,0,0,0,0,0,0,0,"fonsl101","F","F","F","F",0,0,0,0,0,0,0,0,0,0,F,F,"1925PHI.EVN.regular.event.csv",95
"PHI192504230","BRO",1,0,2,0,0,"",0,0,"wheaz101","?","wheaz101","?","ringj101","?","ringj101","?","henlb101","holkw101","fonsl101","hubec101","sandh101","burng101","mokaj101","schuj101","","","","E4/G","F","F",7,3,18,"T","T",0,"F","F",0,"F","F",0,"F","F",4,"G","F","F","",1,4,"F",0,"N",0,"N",1,0,0,0,"","","","","F","F","F","F","F","F","F","F","F","","","","F","F","F","F","F","","","","",0,0,0,0,0,0,0,0,0,3,"PHI","BRO","PHI",0,"F","F",0,0,0,2,2,"T","F",0,1,"T","T","fourj101","browe102","T","T",0,0,0,0,0,0,0,0,0,"","","",0,0,0,0,0,0,0,0,0,0,0,0,0,"fonsl101","F","F","F","T",0,0,0,0,0,0,0,0,0,0,F,F,"1925PHI.EVN.regular.event.csv",96
"PHI192504230","BRO",1,0,2,0,0,"",0,0,"fourj101","?","fourj101","?","ringj101","?","ringj101","?","henlb101","holkw101","fonsl101","hubec101","sandh101","burng101","mokaj101","schuj101","wheaz101","","","13","F","F",3,4,2,"T","T",0,"F","F",1,"F","F",0,"F","F",1,"G","F","F","",0,0,"N",0,"N",0,"N",0,1,0,0,"13","","","","F","F","F","F","F","F","F","F","F","ringj101","","","F","F","F","F","F","","","","",0,3,0,0,1,0,0,0,0,4,"PHI","BRO","PHI",0,"F","T",0,0,0,3,3,"T","F",1,1,"T","T","browe102","johnj107","T","T",7,3,3,0,0,0,0,0,0,"henlb101","","",0,0,0,0,0,0,0,0,0,0,0,0,0,"ringj101","F","F","F","F",0,0,0,0,0,0,0,0,0,0,F,F,"1925PHI.EVN.regular.event.csv",97
"PHI192504230","BRO",1,1,0,0,0,"",0,0,"burng101","?","burng101","?","pettj103","?","pettj103","?","debeh101","fourj101","higha101","tierc101","mitcj101","wheaz101","browe102","johnj107","","","","63","T","F",7,1,2,"T","T",0,"F","F",1,"F","F",0,"F","F",6,"G","F","F","",0,0,"N",0,"N",0,"N",0,0,0,0,"63","","","","F","F","F","F","F","F","F","F","F","","","","F","F","F","F","F","","","","",0,3,0,0,6,0,0,0,0,5,"PHI","PHI","BRO",1,"T","F",0,0,0,0,0,"T","F",0,0,"T","T","fonsl101","schuj101","T","T",0,0,0,0,0,0,0,0,0,"","","",0,0,0,0,0,0,0,0,0,0,0,0,0,"mitcj101","F","F","F","F",0,0,0,0,0,0,0,0,0,0,F,F,"1925PHI.EVN.regular.event.csv",98
"PHI192504230","BRO",1,1,1,0,0,"",0,0,"fonsl101","?","fonsl101","?","pettj103","?","pettj103","?","debeh101","fourj101","higha101","tierc101","mitcj101","wheaz101","browe102","johnj107","","","","8/F8XD","F","F",4,2,2,"T","T",0,"F","F",1,"F","F",0,"F","F",8,"F","F","F","8XD",0,0,"N",0,"N",0,"N",0,0,0,0,"8","","","","F","F","F","F","F","F","F","F","F","","","","F","F","F","F","F","","","","",0,8,0,0,0,0,0,0,0,6,"PHI","PHI","BRO",1,"F","F",0,0,0,1,1,"T","F",0,0,"T","T","schuj101","mokaj101","T","T",0,0,0,0,0,0,0,0,0,"","","",0,0,0,0,0,0,0,0,0,0,0,0,0,"browe102","F","F","F","F",0,0,0,0,0,0,0,0,0,0,F,F,"1925PHI.EVN.regular.event.csv",99
"PHI192504230","BRO",1,1,2,0,0,"",0,0,"schuj101","?","schuj101","?","pettj103","?","pettj103","?","debeh101","fourj101","higha101","tierc101","mitcj101","wheaz101","browe102","johnj107","","","","S8.B-2(E8)","F","F",9,3,20,"T","T",1,"F","F",0,"F","F",0,"F","F",8,"","F","F","",1,8,"F",0,"N",0,"N",2,0,0,0,"","","","","F","F","F","F","F","F","F","F","F","","","","F","F","F","F","F","","","","",0,0,0,0,0,0,0,0,0,7,"PHI","PHI","BRO",1,"F","F",0,0,0,2,2,"T","F",0,2,"T","T","mokaj101","holkw101","T","T",0,0,0,0,0,0,0,0,0,"","","",0,0,0,0,0,0,0,0,0,0,0,0,0,"browe102","F","F","F","F",0,0,0,0,0,0,0,0,0,0,F,F,"1925PHI.EVN.regular.event.csv",100
"PHI192504230","BRO",1,1,2,0,0,"",0,0,"mokaj101","?","mokaj101","?","pettj103","?","pettj103","?","debeh101","fourj101","higha101","tierc101","mitcj101","wheaz101","browe102","johnj107","","schuj101","","43","F","F",8,4,2,"T","T",0,"F","F",1,"F","F",0,"F","F",4,"G","F","F","",0,0,"N",0,"N",0,"N",0,0,2,0,"43","","","","F","F","F","F","F","F","F","F","F","","pettj103","","F","F","F","F","F","","","","",0,3,0,0,4,0,0,0,0,8,"PHI","PHI","BRO",1,"F","T",0,0,0,3,3,"T","F",2,2,"T","T","holkw101","henlb101","T","T",0,0,0,9,3,7,0,0,0,"","debeh101","",0,0,0,0,0,0,0,0,0,0,0,0,0,"higha101","F","F","F","F",0,0,0,0,0,0,0,0,0,0,F,F,"1925PHI.EVN.regular.event.csv",101
"PHI192504230","BRO",2,0,0,0,0,"",0,0,"browe102","?","browe102","?","ringj101","?","ringj101","?","henlb101","holkw101","fonsl101","hubec101","sandh101","burng101","mokaj101","schuj101","","","","S9","T","F",8,5,20,"T","T",1,"F","F",0,"F","F",0,"F","F",9,"","F","F","",0,0,"N",0,"N",0,"N",1,0,0,0,"","","","","F","F","F","F","F","F","F","F","F","","","","F","F","F","F","F","","","","",0,0,0,0,0,0,0,0,0,9,"PHI","BRO","PHI",0,"T","F",0,0,0,4,0,"T","F",0,1,"T","T","johnj107","tierc101","T","T",0,0,0,0,0,0,0,0,0,"","","",0,0,0,0,0,0,0,0,0,0,0,0,0,"schuj101","F","F","F","F",0,0,0,0,0,0,0,0,0,0,F,F,"1925PHI.EVN.regular.event.csv",102
"PHI192504230","BRO",2,0,0,0,0,"",0,0,"johnj107","?","johnj107","?","ringj101","?","ringj101","?","henlb101","holkw101","fonsl101","hubec101","sandh101","burng101","mokaj101","schuj101","browe102","","","E9/F.1-2","F","F",9,6,18,"T","T",0,"F","F",0,"F","F",0,"F","F",9,"F","F","F","",1,9,"F",0,"N",0,"N",1,2,0,0,"","","","","F","F","F","F","F","F","F","F","F","ringj101","","","F","F","F","F","F","","","","",0,0,0,0,0,0,0,0,0,10,"PHI","BRO","PHI",0,"F","F",0,0,0,5,1,"T","F",1,3,"T","T","tierc101","debeh101","T","T",8,5,9,0,0,0,0,0,0,"henlb101","","",0,0,0,0,0,0,0,0,0,0,0,0,0,"schuj101","F","F","F","T",0,0,0,0,0,0,0,0,0,0,F,F,"1925PHI.EVN.regular.event.csv",103
"PHI192504230","BRO",2,0,0,0,0,"",0,0,"tierc101","?","tierc101","?","ringj101","?","ringj101","?","henlb101","holkw101","fonsl101","hubec101","sandh101","burng101","mokaj101","schuj101","johnj107","browe102","","64(1)/FO.2-3","F","F",5,7,2,"T","T",0,"F","F",1,"F","F",0,"F","F",6,"G","F","F","",0,0,"N",0,"N",0,"N",1,0,3,0,"","64","","","F","F","F","F","F","F","F","F","F","ringj101","ringj101","","F","F","F","F","F","","","","",0,4,0,0,6,0,0,0,0,11,"PHI","BRO","PHI",0,"F","F",0,0,0,6,2,"T","F",3,5,"T","T","debeh101","pettj103","T","T",9,6,10,8,5,9,0,0,0,"henlb101","henlb101","",0,0,0,0,0,0,0,0,0,0,0,0,0,"sandh101","T","F","F","F",0,0,0,0,0,0,0,0,0,0,F,F,"1925PHI.EVN.regular.event.csv",104
"PHI192504230","BRO",2,0,1,0,0,"",0,0,"debeh101","?","debeh101","?","ringj101","?","ringj101","?","henlb101","holkw101","fonsl101","hubec101","sandh101","burng101","mokaj101","schuj101","tierc101","","browe102","4(1)3/GDP","F","F",2,8,2,"T","T",0,"F","F",2,"T","F",0,"F","F",4,"G","F","F","",0,0,"N",0,"N",0,"N",0,0,0,3,"43","4","","","F","F","F","F","F","F","F","F","F","ringj101","","ringj101","F","F","F","F","F","","","","",0,4,3,0,4,0,0,0,0,12,"PHI","BRO","PHI",0,"F","T",0,0,0,7,3,"T","F",5,4,"T","T","pettj103","higha101","T","T",5,7,11,0,0,0,8,5,9,"henlb101","","henlb101",0,0,0,0,0,0,0,0,0,0,0,0,0,"fonsl101","T","F","F","F",0,0,0,0,0,0,0,0,0,0,F,F,"1925PHI.EVN.regular.event.csv",105
"PHI192504230","BRO",2,1,0,0,0,"",0,0,"holkw101","?","holkw101","?","pettj103","?","pettj103","?","debeh101","fourj101","higha101","tierc101","mitcj101","wheaz101","browe102","johnj107","","","","13","T","F",3,5,2,"T","T",0,"F","F",1,"F","F",0,"F","F",1,"G","F","F","",0,0,"N",0,"N",0,"N",0,0,0,0,"13","","","","F","F","F","F","F","F","F","F","F","","","","F","F","F","F","F","","","","",0,3,0,0,1,0,0,0,0,13,"PHI","PHI","BRO",1,"T","F",0,0,0,4,0,"T","F",0,0,"T","T","henlb101","sandh101","T","T",0,0,0,0,0,0,0,0,0,"","","",0,0,0,0,0,0,0,0,0,0,0,0,0,"pettj103","F","F","F","F",0,0,0,0,0,0,0,0,0,0,F,F,"1925PHI.EVN.regular.event.csv",106
"PHI192504230","BRO",2,1,1,0,0,"",0,0,"henlb101","?","henlb101","?","pettj103","?","pettj103","?","debeh101","fourj101","higha101","tierc101","mitcj101","wheaz101","browe102","johnj107","","","","2/FL","F","F",2,6,2,"T","T",0,"F","F",1,"F","F",0,"F","F",2,"F","F","T","",0,0,"N",0,"N",0,"N",0,0,0,0,"2","","","","F","F","F","F","F","F","F","F","F","","","","F","F","F","F","F","","","","",0,2,0,0,0,0,0,0,0,14,"PHI","PHI","BRO",1,"F","F",0,0,0,5,1,"T","F",0,0,"T","T","sandh101","hubec101","T","T",0,0,0,0,0,0,0,0,0,"","","",0,0,0,0,0,0,0,0,0,0,0,0,0,"debeh101","F","F","F","F",0,0,0,0,0,0,0,0,0,0,F,F,"1925PHI.EVN.regular.event.csv",107
"PHI192504230","BRO",2,1,2,0,0,"",0,0,"sandh101","?","sandh101","?","pettj103","?","pettj103","?","debeh101","fourj101","higha101","tierc101","mitcj101","wheaz101","browe102","johnj107","","","","8/F8XD","F","F",6,7,2,"T","T",0,"F","F",1,"F","F",0,"F","F",8,"F","F","F","8XD",0,0,"N",0,"N",0,"N",0,0,0,0,"8","","","","F","F","F","F","F","F","F","F","F","","","","F","F","F","F","F","","","","",0,8,0,0,0,0,0,0,0,15,"PHI","PHI","BRO",1,"F","T",0,0,0,6,2,"T","F",0,0,"T","T","hubec101","ringj101","T","T",0,0,0,0,0,0,0,0,0,"","","",0,0,0,0,0,0,0,0,0,0,0,0,0,"browe102","F","F","F","F",0,0,0,0,0,0,0,0,0,0,F,F,"1925PHI.EVN.regular.event.csv",108
"PHI192504230","BRO",3,0,0,0,0,"",0,0,"pettj103","?","pettj103","?","ringj101","?","ringj101","?","henlb101","holkw101","fonsl101","hubec101","sandh101","burng101","mokaj101","schuj101","","","","K","T","F",1,9,3,"T","T",0,"F","F",1,"F","F",0,"F","F",0,"","F","F","",0,0,"N",0,"N",0,"N",0,0,0,0,"2","","","","F","F","F","F","F","F","F","F","F","","","","F","F","F","F","F","","","","",0,2,0,0,0,0,0,0,0,16,"PHI","BRO","PHI",0,"T","F",0,0,0,8,0,"T","F",0,0,"T","T","higha101","mitcj101","T","T",0,0,0,0,0,0,0,0,0,"","","",0,0,0,0,0,0,0,0,0,0,0,0,0,"","F","F","F","F",0,0,0,0,3,0,0,0,0,0,F,F,"1925PHI.EVN.regular.event.csv",109
"PHI192504230","BRO",3,0,1,0,0,"",0,0,"higha101","?","higha101","?","ringj101","?","ringj101","?","henlb101","holkw101","fonsl101","hubec101","sandh101","burng101","mokaj101","schuj101","","","","W","F","F",4,1,14,"T","F",0,"F","F",0,"F","F",0,"F","F",0,"","F","F","",0,0,"N",0,"N",0,"N",1,0,0,0,"","","","","F","F","F","F","F","F","F","F","F","","","","F","F","F","F","F","","","","",0,0,0,0,0,0,0,0,0,17,"PHI","BRO","PHI",0,"F","F",0,0,0,9,1,"T","F",0,1,"T","T","mitcj101","wheaz101","T","T",0,0,0,0,0,0,0,0,0,"","","",0,0,0,0,0,0,0,0,0,0,0,0,0,"","F","F","F","F",4,0,0,0,3,0,0,0,0,0,F,F,"1925PHI.EVN.regular.event.csv",110
"PHI192504230","BRO",3,0,1,0,0,"",0,0,"mitcj101","?","mitcj101","?","ringj101","?","ringj101","?","henlb101","holkw101","fonsl101","hubec101","sandh101","burng101","mokaj101","schuj101","higha101","","","S3/G.1-2","F","F",6,2,20,"T","T",1,"F","F",0,"F","F",0,"F","F",3,"G","F","F","",0,0,"N",0,"N",0,"N",1,2,0,0,"","","","","F","F","F","F","F","F","F","F","F","ringj101","","","F","F","F","F","F","","","","",0,0,0,0,0,0,0,0,0,18,"PHI","BRO","PHI",0,"F","F",0,0,0,10,2,"T","F",1,3,"T","T","wheaz101","fourj101","T","T",4,1,17,0,0,0,0,0,0,"henlb101","","",0,0,0,0,0,0,0,0,0,0,0,0,0,"holkw101","F","F","F","F",4,4,0,0,3,0,0,0,0,0,F,F,"1925PHI.EVN.regular.event.csv",111
"PHI192504230","BRO",3,0,1,0,0,"",0,0,"wheaz101","?","wheaz101","?","ringj101","?","ringj101","?","henlb101","holkw101","fonsl101","hubec101","sandh101","burng101","mokaj101","schuj101","mitcj101","higha101","","9/F.2-3","F","F",7,3,2,"T","T",0,"F","F",1,"F","F",0,"F","F",9,"F","F","F","",0,0,"N",0,"N",0,"N",0,1,3,0,"9","","","","F","F","F","F","F","F","F","F","F","ringj101","ringj101","","F","F","F","F","F","","","","",0,9,0,0,0,0,0,0,0,19,"PHI","BRO","PHI",0,"F","F",0,0,0,11,3,"T","F",3,5,"T","T","fourj101","browe102","T","T",6,2,18,4,1,17,0,0,0,"henlb101","henlb101","",0,0,0,0,0,0,0,0,0,0,0,0,0,"schuj101","F","F","F","F",0,4,4,0,3,0,0,0,0,0,F,F,"1925PHI.EVN.regular.event.csv",112
"PHI192504230","BRO",3,0,2,0,0,"",0,0,"fourj101","?","fourj101","?","ringj101","?","ringj101","?","henlb101","holkw101","fonsl101","hubec101","sandh101","burng101","mokaj101","schuj101","mitcj101","","higha101","HR/F9D.3-H;1-H","F","F",3,4,23,"T","T",4,"F","F",0,"F","F",3,"F","F",0,"F","F","F","9D",0,0,"N",0,"N",0,"N",4,4,0,4,"","","","","F","F","F","F","F","F","F","F","F","ringj101","","ringj101","F","F","F","F","F","","","","",0,0,0,0,0,0,0,0,0,20,"PHI","BRO","PHI",0,"F","F",0,0,0,12,4,"T","F",5,0,"T","T","browe102","johnj107","T","T",6,2,18,0,0,0,4,1,17,"henlb101","","henlb101",0,0,0,0,0,0,0,0,0,0,0,0,3,"","F","F","F","F",4,4,0,4,0,0,0,0,0,0,F,F,"1925PHI.EVN.regular.event.csv",113
"PHI192504230","BRO",3,0,2,0,0,"",3,0,"browe102","?","browe102","?","ringj101","?","ringj101","?","henlb101","holkw101","fonsl101","hubec101","sandh101","burng101","mokaj101","schuj101","","","","53","F","F",8,5,2,"T","T",0,"F","F",1,"F","F",0,"F","F",5,"G","F","F","",0,0,"N",0,"N",0,"N",0,0,0,0,"53","","","","F","F","F","F","F","F","F","F","F","","","","F","F","F","F","F","","","","",0,3,0,0,5,0,0,0,0,21,"PHI","BRO","PHI",0,"F","T",3,0,3,13,5,"T","F",0,0,"T","T","johnj107","tierc101","T","T",0,0,0,0,0,0,0,0,0,"","","",0,0,0,0,0,0,0,0,0,0,0,0,0,"hubec101","F","F","F","F",0,0,0,0,0,0,0,0,0,0,F,F,"1925PHI.EVN.regular.event.csv",114
"PHI192504230","BRO",3,1,0,0,0,"",3,0,"hubec101","?","hubec101","?","pettj103","?","pettj103","?","debeh101","fourj101","higha101","tierc101","mitcj101","wheaz101","browe102","johnj107","","","","S8","T","F",5,8,20,"T","T",1,"F","F",0,"F","F",0,"F","F",8,"","F","F","",0,0,"N",0,"N",0,"N",1,0,0,0,"","","","","F","F","F","F","F","F","F","F","F","","","","F","F","F","F","F","","","","",0,0,0,0,0,0,0,0,0,22,"PHI","PHI","BRO",1,"T","F",0,3,0,7,0,"T","F",0,1,"T","T","ringj101","burng101","T","T",0,0,0,0,0,0,0,0,0,"","","",0,0,0,0,0,0,0,0,0,0,0,0,0,"browe102","F","F","F","F",4,0,0,0,1,0,0,0,0,0,F,F,"1925PHI.EVN.regular.event.csv",115
"PHI192504230","BRO",3,1,0,0,0,"",3,0,"ringj101","?","ringj101","?","pettj103","?","pettj103","?","debeh101","fourj101","higha101","tierc101","mitcj101","wheaz101","browe102","johnj107","hubec101","","","S8/6D.1-3","F","F",1,9,20,"T","T",1,"F","F",0,"F","F",0,"F","F",8,"","F","F","6D",0,0,"N",0,"N",0,"N",1,3,0,0,"","","","","F","F","F","F","F","F","F","F","F","pettj103","","","F","F","F","F","F","","","","",0,0,0,0,0,0,0,0,0,23,"PHI","PHI","BRO",1,"F","F",0,3,0,8,1,"T","F",1,5,"T","T","burng101","fonsl101","T","T",5,8,22,0,0,0,0,0,0,"debeh101","","",0,0,0,0,0,0,0,0,0,0,0,0,0,"browe102","F","F","F","F",0,4,0,0,1,0,0,0,0,0,F,F,"1925PHI.EVN.regular.event.csv",116
"PHI192504230","BRO",3,1,0,0,0,"",3,0,"burng101","?","burng101","?","pettj103","?","pettj103","?","debeh101","fourj101","higha101","tierc101","mitcj101","wheaz101","browe102","johnj107","ringj101","","hubec101","9/SF.3-H","F","F",7,1,2,"T","F",0,"F","T",1,"F","F",1,"F","F",9,"F","F","F","",0,0,"N",0,"N",0,"N",0,1,0,4,"9","","","","F","F","F","F","F","F","F","F","F","pettj103","","pettj103","F","F","F","F","F","","","","",0,9,0,0,0,0,0,0,0,24,"PHI","PHI","BRO",1,"F","F",0,3,0,9,2,"T","F",5,1,"T","T","fonsl101","schuj101","T","T",1,9,23,0,0,0,5,8,22,"debeh101","","debeh101",0,0,0,0,0,0,0,0,0,0,0,0,1,"johnj107","F","F","F","F",0,0,0,4,0,0,0,0,0,0,F,F,"1925PHI.EVN.regular.event.csv",117
"PHI192504230","BRO",3,1,1,0,0,"",3,1,"fonsl101","?","fonsl101","?","pettj103","?","pettj103","?","debeh101","fourj101","higha101","tierc101","mitcj101","wheaz101","browe102","johnj107","ringj101","","","64(1)/FO","F","F",4,2,2,"T","T",0,"F","F",1,"F","F",0,"F","F",6,"G","F","F","",0,0,"N",0,"N",0,"N",1,0,0,0,"","64","","","F","F","F","F","F","F","F","F","F","pettj103","","","F","F","F","F","F","","","","",0,4,0,0,6,0,0,0,0,25,"PHI","PHI","BRO",1,"F","F",1,3,1,10,3,"T","F",1,1,"T","T","schuj101","mokaj101","T","T",1,9,23,0,0,0,0,0,0,"debeh101","","",0,0,0,0,0,0,0,0,0,0,0,0,0,"mitcj101","T","F","F","F",0,0,0,0,0,0,0,0,0,0,F,F,"1925PHI.EVN.regular.event.csv",118
"PHI192504230","BRO",3,1,2,0,0,"",3,1,"schuj101","?","schuj101","?","pettj103","?","pettj103","?","debeh101","fourj101","higha101","tierc101","mitcj101","wheaz101","browe102","johnj107","fonsl101","","","53","F","F",9,3,2,"T","T",0,"F","F",1,"F","F",0,"F","F",5,"G","F","F","",0,0,"N",0,"N",0,"N",0,1,0,0,"53","","","","F","F","F","F","F","F","F","F","F","pettj103","","","F","F","F","F","F","","","","",0,3,0,0,5,0,0,0,0,26,"PHI","PHI","BRO",1,"F","T",1,3,1,11,4,"T","F",1,1,"T","T","mokaj101","holkw101","T","T",4,2,25,0,0,0,0,0,0,"debeh101","","",0,0,0,0,0,0,0,0,0,0,0,0,0,"tierc101","F","F","F","F",0,0,0,0,0,0,0,0,0,0,F,F,"1925PHI.EVN.regular.event.csv",119
"PHI192504230","BRO",4,0,0,0,0,"",3,1,"johnj107","?","johnj107","?","ringj101","?","ringj101","?","henlb101","holkw101","fonsl101","hubec101","sandh101","burng101","mokaj101","schuj101","","","","D7/8XDW.BX3(765)","T","F",9,6,21,"T","T",2,"F","F",1,"F","F",0,"F","F",7,"","F","F","8XDW",0,0,"N",0,"N",0,"N",0,0,0,0,"765","","","","F","F","F","F","F","F","F","F","F","","","","F","F","F","F","F","","","","",0,5,0,0,7,6,0,0,0,27,"PHI","BRO","PHI",0,"T","F",3,1,0,14,0,"T","F",0,0,"T","T","tierc101","debeh101","T","T",0,0,0,0,0,0,0,0,0,"","","",0,0,0,0,0,0,0,0,0,0,0,0,0,"burng101","F","F","F","F",0,0,0,0,0,0,0,0,0,0,F,F,"1925PHI.EVN.regular.event.csv",120
"PHI192504230","BRO",4,0,1,0,0,"",3,1,"tierc101","?","tierc101","?","ringj101","?","ringj101","?","henlb101","holkw101","fonsl101","hubec101","sandh101","burng101","mokaj101","schuj101","","","","9/F","F","F",5,7,2,"T","T",0,"F","F",1,"F","F",0,"F","F",9,"F","F","F","",0,0,"N",0,"N",0,"N",0,0,0,0,"9","","","","F","F","F","F","F","F","F","F","F","","","","F","F","F","F","F","","","","",0,9,0,0,0,0,0,0,0,28,"PHI","BRO","PHI",0,"F","F",3,1,0,15,1,"T","F",0,0,"T","T","debeh101","pettj103","T","T",0,0,0,0,0,0,0,0,0,"","","",0,0,0,0,0,0,0,0,0,0,0,0,0,"schuj101","F","F","F","F",0,0,0,0,0,0,0,0,0,0,F,F,"1925PHI.EVN.regular.event.csv",121
"PHI192504230","BRO",4,0,2,0,0,"",3,1,"debeh101","?","debeh101","?","ringj101","?","ringj101","?","henlb101","holkw101","fonsl101","hubec101","sandh101","burng101","mokaj101","schuj101","","","","4/P","F","F",2,8,2,"T","T",0,"F","F",1,"F","F",0,"F","F",4,"P","F","F","",0,0,"N",0,"N",0,"N",0,0,0,0,"4","","","","F","F","F","F","F","F","F","F","F","","","","F","F","F","F","F","","","","",0,4,0,0,0,0,0,0,0,29,"PHI","BRO","PHI",0,"F","T",3,1,0,16,2,"T","F",0,0,"T","T","pettj103","higha101","T","T",0,0,0,0,0,0,0,0,0,"","","",0,0,0,0,0,0,0,0,0,0,0,0,0,"fonsl101","F","F","F","F",0,0,0,0,0,0,0,0,0,0,F,F,"1925PHI.EVN.regular.event.csv",122
"PHI192504230","BRO",4,1,0,0,0,"",3,1,"mokaj101","?","mokaj101","?","pettj103","?","pettj103","?","debeh101","fourj101","higha101","tierc101","mitcj101","wheaz101","browe102","johnj107","","","","W","T","F",8,4,14,"T","F",0,"F","F",0,"F","F",0,"F","F",0,"","F","F","",0,0,"N",0,"N",0,"N",1,0,0,0,"","","","","F","F","F","F","F","F","F","F","F","","","","F","F","F","F","F","","","","",0,0,0,0,0,0,0,0,0,30,"PHI","PHI","BRO",1,"T","F",1,3,0,12,0,"T","F",0,1,"T","T","holkw101","henlb101","T","T",0,0,0,0,0,0,0,0,0,"","","",0,0,0,0,0,0,0,0,0,0,0,0,0,"","F","F","F","F",0,0,0,0,0,0,0,0,0,0,F,F,"1925PHI.EVN.regular.event.csv",123
"PHI192504230","BRO",4,1,0,0,0,"",3,1,"holkw101","?","holkw101","?","pettj103","?","pettj103","?","debeh101","fourj101","higha101","tierc101","mitcj101","wheaz101","browe102","johnj107","mokaj101","","","64(1)3/GDP","F","F",3,5,2,"T","T",0,"F","F",2,"T","F",0,"F","F",6,"G","F","F","",0,0,"N",0,"N",0,"N",0,0,0,0,"43","64","","","F","F","F","F","F","F","F","F","F","pettj103","","","F","F","F","F","F","","","","",0,4,3,0,6,4,0,0,0,31,"PHI","PHI","BRO",1,"F","F",1,3,0,13,1,"T","F",1,0,"T","T","henlb101","sandh101","T","T",8,4,30,0,0,0,0,0,0,"debeh101","","",0,0,0,0,0,0,0,0,0,0,0,0,0,"mitcj101","T","F","F","F",0,0,0,0,0,0,0,0,0,0,F,F,"1925PHI.EVN.regular.event.csv",124
"PHI192504230","BRO",4,1,2,0,0,"",3,1,"henlb101","?","henlb101","?","pettj103","?","pettj103","?","debeh101","fourj101","higha101","tierc101","mitcj101","wheaz101","browe102","johnj107","","","","D/78","F","F",2,6,21,"T","T",2,"F","F",0,"F","F",0,"F","F",0,"","F","F","78",0,0,"N",0,"N",0,"N",2,0,0,0,"","","","","F","F","F","F","F","F","F","F","F","","","","F","F","F","F","F","","","","",0,0,0,0,0,0,0,0,0,32,"PHI","PHI","BRO",1,"F","F",1,3,0,14,2,"T","F",0,2,"T","T","sandh101","hubec101","T","T",0,0,0,0,0,0,0,0,0,"","","",0,0,0,0,0,0,0,0,0,0,0,0,0,"","F","F","F","F",0,0,0,0,0,0,0,0,0,0,F,F,"1925PHI.EVN.regular.event.csv",125
"PHI192504230","BRO",4,1,2,0,0,"",3,1,"sandh101","?","sandh101","?","pettj103","?","pettj103","?","debeh101","fourj101","higha101","tierc101","mitcj101","wheaz101","browe102","johnj107","","henlb101","","8/F","F","F",6,7,2,"T","T",0,"F","F",1,"F","F",0,"F","F",8,"F","F","F","",0,0,"N",0,"N",0,"N",0,0,2,0,"8","","","","F","F","F","F","F","F","F","F","F","","pettj103","","F","F","F","F","F","","","","",0,8,0,0,0,0,0,0,0,33,"PHI","PHI","BRO",1,"F","T",1,3,0,15,3,"T","F",2,2,"T","T","hubec101","ringj101","T","T",0,0,0,2,6,32,0,0,0,"","debeh101","",0,0,0,0,0,0,0,0,0,0,0,0,0,"browe102","F","F","F","F",0,0,0,0,0,0,0,0,0,0,F,F,"1925PHI.EVN.regular.event.csv",126
"PHI192504230","BRO",5,0,0,0,0,"",3,1,"pettj103","?","pettj103","?","ringj101","?","ringj101","?","henlb101","holkw101","fonsl101","hubec101","sandh101","burng101","mokaj101","schuj101","","","","13","T","F",1,9,2,"T","T",0,"F","F",1,"F","F",0,"F","F",1,"G","F","F","",0,0,"N",0,"N",0,"N",0,0,0,0,"13","","","","F","F","F","F","F","F","F","F","F","","","","F","F","F","F","F","","","","",0,3,0,0,1,0,0,0,0,34,"PHI","BRO","PHI",0,"T","F",3,1,0,17,0,"T","F",0,0,"T","T","higha101","mitcj101","T","T",0,0,0,0,0,0,0,0,0,"","","",0,0,0,0,0,0,0,0,0,0,0,0,0,"ringj101","F","F","F","F",0,0,0,0,0,0,0,0,0,0,F,F,"1925PHI.EVN.regular.event.csv",127
"PHI192504230","BRO",5,0,1,0,0,"",3,1,"higha101","?","higha101","?","ringj101","?","ringj101","?","henlb101","holkw101","fonsl101","hubec101","sandh101","burng101","mokaj101","schuj101","","","","S5/G","F","F",4,1,20,"T","T",1,"F","F",0,"F","F",0,"F","F",5,"G","F","F","",0,0,"N",0,"N",0,"N",1,0,0,0,"","","","","F","F","F","F","F","F","F","F","F","","","","F","F","F","F","F","","","","",0,0,0,0,0,0,0,0,0,35,"PHI","BRO","PHI",0,"F","F",3,1,0,18,1,"T","F",0,1,"T","T","mitcj101","wheaz101","T","T",0,0,0,0,0,0,0,0,0,"","","",0,0,0,0,0,0,0,0,0,0,0,0,0,"hubec101","F","F","F","F",0,0,0,0,0,0,0,0,0,0,F,F,"1925PHI.EVN.regular.event.csv",128
"PHI192504230","BRO",5,0,1,0,0,"",3,1,"mitcj101","?","mitcj101","?","ringj101","?","ringj101","?","henlb101","holkw101","fonsl101","hubec101","sandh101","burng101","mokaj101","schuj101","higha101","","","W.1-2","F","F",6,2,14,"T","F",0,"F","F",0,"F","F",0,"F","F",0,"","F","F","",0,0,"N",0,"N",0,"N",1,2,0,0,"","","","","F","F","F","F","F","F","F","F","F","ringj101","","","F","F","F","F","F","","","","",0,0,0,0,0,0,0,0,0,36,"PHI","BRO","PHI",0,"F","F",3,1,0,19,2,"T","F",1,3,"T","T","wheaz101","fourj101","T","T",4,1,35,0,0,0,0,0,0,"henlb101","","",0,0,0,0,0,0,0,0,0,0,0,0,0,"","F","F","F","F",0,0,0,0,0,0,0,0,0,0,F,F,"1925PHI.EVN.regular.event.csv",129
"PHI192504230","BRO",5,0,1,0,0,"",3,1,"wheaz101","?","wheaz101","?","ringj101","?","ringj101","?","henlb101","holkw101","fonsl101","hubec101","sandh101","burng101","mokaj101","schuj101","mitcj101","higha101","","16(1)3/GDP","F","F",7,3,2,"T","T",0,"F","F",2,"T","F",0,"F","F",1,"G","F","F","",0,0,"N",0,"N",0,"N",0,0,2,0,"63","16","","","F","F","F","F","F","F","F","F","F","ringj101","ringj101","","F","F","F","F","F","","","","",0,6,3,0,1,6,0,0,0,37,"PHI","BRO","PHI",0,"F","T",3,1,0,20,3,"T","F",3,2,"T","T","fourj101","browe102","T","T",6,2,36,4,1,35,0,0,0,"henlb101","henlb101","",0,0,0,0,0,0,0,0,0,0,0,0,0,"ringj101","T","F","F","F",0,0,0,0,0,0,0,0,0,0,F,F,"1925PHI.EVN.regular.event.csv",130
"PHI192504230","BRO",5,1,0,0,0,"",3,1,"hubec101","?","hubec101","?","pettj103","?","pettj103","?","debeh101","fourj101","higha101","tierc101","mitcj101","wheaz101","browe102","johnj107","","","","HR/F8XD","T","F",5,8,23,"T","T",4,"F","F",0,"F","F",1,"F","F",0,"F","F","F","8XD",0,0,"N",0,"N",0,"N",4,0,0,0,"","","","","F","F","F","F","F","F","F","F","F","","","","F","F","F","F","F","","","","",0,0,0,0,0,0,0,0,0,38,"PHI","PHI","BRO",1,"T","F",1,3,0,16,0,"T","F",0,0,"T","T","ringj101","burng101","T","T",0,0,0,0,0,0,0,0,0,"","","",0,0,0,0,0,0,0,0,0,0,0,0,1,"","F","F","F","F",4,0,0,0,3,0,0,0,0,0,F,F,"1925PHI.EVN.regular.event.csv",131
"PHI192504230","BRO",5,1,0,0,0,"",3,2,"ringj101","?","ringj101","?","pettj103","?","pettj103","?","debeh101","fourj101","higha101","tierc101","mitcj101","wheaz101","browe102","johnj107","","","","K","F","F",1,9,3,"T","T",0,"F","F",1,"F","F",0,"F","F",0,"","F","F","",0,0,"N",0,"N",0,"N",0,0,0,0,"2","","","","F","F","F","F","F","F","F","F","F","","","","F","F","F","F","F","","","","",0,2,0,0,0,0,0,0,0,39,"PHI","PHI","BRO",1,"F","F",2,3,1,17,1,"T","F",0,0,"T","T","burng101","fonsl101","T","T",0,0,0,0,0,0,0,0,0,"","","",0,0,0,0,0,0,0,0,0,0,0,0,0,"","F","F","F","F",0,0,0,0,3,0,0,0,0,0,F,F,"1925PHI.EVN.regular.event.csv",132
"PHI192504230","BRO",5,1,1,0,0,"",3,2,"burng101","?","burng101","?","pettj103","?","pettj103","?","debeh101","fourj101","higha101","tierc101","mitcj101","wheaz101","browe102","johnj107","","","","D9","F","F",7,1,21,"T","T",2,"F","F",0,"F","F",0,"F","F",9,"","F","F","",0,0,"N",0,"N",0,"N",2,0,0,0,"","","","","F","F","F","F","F","F","F","F","F","","","","F","F","F","F","F","","","","",0,0,0,0,0,0,0,0,0,40,"PHI","PHI","BRO",1,"F","F",2,3,1,18,2,"T","F",0,2,"T","T","fonsl101","schuj101","T","T",0,0,0,0,0,0,0,0,0,"","","",0,0,0,0,0,0,0,0,0,0,0,0,0,"johnj107","F","F","F","F",4,0,0,0,3,0,0,0,0,0,F,F,"1925PHI.EVN.regular.event.csv",133
"PHI192504230","BRO",5,1,1,0,0,"",3,2,"fonsl101","?","fonsl101","?","pettj103","?","pettj103","?","debeh101","fourj101","higha101","tierc101","mitcj101","wheaz101","browe102","johnj107","","burng101","","4/P","F","F",4,2,2,"T","T",0,"F","F",1,"F","F",0,"F","F",4,"P","F","F","",0,0,"N",0,"N",0,"N",0,0,2,0,"4","","","","F","F","F","F","F","F","F","F","F","","pettj103","","F","F","F","F","F","","","","",0,4,0,0,0,0,0,0,0,41,"PHI","PHI","BRO",1,"F","F",2,3,1,19,3,"T","F",2,2,"T","T","schuj101","mokaj101","T","T",0,0,0,7,1,40,0,0,0,"","debeh101","",0,0,0,0,0,0,0,0,0,0,0,0,0,"higha101","F","F","F","F",0,0,4,0,3,0,0,0,0,0,F,F,"1925PHI.EVN.regular.event.csv",134
"PHI192504230","BRO",5,1,2,0,0,"",3,2,"schuj101","?","schuj101","?","pettj103","?","pettj103","?","debeh101","fourj101","higha101","tierc101","mitcj101","wheaz101","browe102","johnj107","","burng101","","S8/89S.2-H","F","F",9,3,20,"T","T",1,"F","F",0,"F","F",1,"F","F",8,"","F","F","89S",0,0,"N",0,"N",0,"N",1,0,4,0,"","","","","F","F","F","F","F","F","F","F","F","","pettj103","","F","F","F","F","F","","","","",0,0,0,0,0,0,0,0,0,42,"PHI","PHI","BRO",1,"F","F",2,3,1,20,4,"T","F",2,1,"T","T","mokaj101","holkw101","T","T",0,0,0,7,1,40,0,0,0,"","debeh101","",0,0,0,0,0,0,0,0,0,0,0,0,1,"browe102","F","F","F","F",4,0,4,0,2,0,0,0,0,0,F,F,"1925PHI.EVN.regular.event.csv",135
"PHI192504230","BRO",5,1,2,0,0,"",3,3,"mokaj101","?","mokaj101","?","pettj103","?","pettj103","?","debeh101","fourj101","higha101","tierc101","mitcj101","wheaz101","browe102","johnj107","schuj101","","","HR/7D.1-H","F","F",8,4,23,"T","T",4,"F","F",0,"F","F",2,"F","F",0,"","F","F","7D",0,0,"N",0,"N",0,"N",4,4,0,0,"","","","","F","F","F","F","F","F","F","F","F","pettj103","","","F","F","F","F","F","","","","",0,0,0,0,0,0,0,0,0,43,"PHI","PHI","BRO",1,"F","F",3,3,2,21,5,"T","F",1,0,"T","T","holkw101","henlb101","T","T",9,3,42,0,0,0,0,0,0,"debeh101","","",0,0,0,0,0,0,0,0,0,0,0,0,2,"","F","F","F","F",4,4,0,0,0,0,0,0,0,0,F,F,"1925PHI.EVN.regular.event.csv",136
"PHI192504230","BRO",5,1,2,0,0,"",3,5,"holkw101","?","holkw101","?","pettj103","?","pettj103","?","debeh101","fourj101","higha101","tierc101","mitcj101","wheaz101","browe102","johnj107","","","","63","F","F",3,5,2,"T","T",0,"F","F",1,"F","F",0,"F","F",6,"G","F","F","",0,0,"N",0,"N",0,"N",0,0,0,0,"63","","","","F","F","F","F","F","F","F","F","F","","","","F","F","F","F","F","","","","",0,3,0,0,6,0,0,0,0,44,"PHI","PHI","BRO",1,"F","T",5,3,4,22,6,"T","F",0,0,"T","T","henlb101","sandh101","T","T",0,0,0,0,0,0,0,0,0,"","","",0,0,0,0,0,0,0,0,0,0,0,0,0,"mitcj101","F","F","F","F",0,0,0,0,0,0,0,0,0,0,F,F,"1925PHI.EVN.regular.event.csv",137
"PHI192504230","BRO",6,0,0,0,0,"",3,5,"fourj101","?","fourj101","?","ringj101","?","ringj101","?","henlb101","holkw101","fonsl101","hubec101","sandh101","burng101","mokaj101","schuj101","","","","W","T","F",3,4,14,"T","F",0,"F","F",0,"F","F",0,"F","F",0,"","F","F","",0,0,"N",0,"N",0,"N",1,0,0,0,"","","","","F","F","F","F","F","F","F","F","F","","","","F","F","F","F","F","","","","",0,0,0,0,0,0,0,0,0,45,"PHI","BRO","PHI",0,"T","F",3,5,0,21,0,"T","F",0,1,"T","T","browe102","johnj107","T","T",0,0,0,0,0,0,0,0,0,"","","",0,0,0,0,0,0,0,0,0,0,0,0,0,"","F","F","F","F",2,0,0,0,0,0,0,0,0,0,F,F,"1925PHI.EVN.regular.event.csv",138
"PHI192504230","BRO",6,0,0,0,0,"",3,5,"browe102","?","browe102","?","ringj101","?","ringj101","?","henlb101","holkw101","fonsl101","hubec101","sandh101","burng101","mokaj101","schuj101","fourj101","","","K","F","F",8,5,3,"T","T",0,"F","F",1,"F","F",0,"F","F",0,"","F","F","",0,0,"N",0,"N",0,"N",0,1,0,0,"2","","","","F","F","F","F","F","F","F","F","F","ringj101","","","F","F","F","F","F","","","","",0,2,0,0,0,0,0,0,0,46,"PHI","BRO","PHI",0,"F","F",3,5,0,22,1,"T","F",1,1,"T","T","johnj107","tierc101","T","T",3,4,45,0,0,0,0,0,0,"henlb101","","",0,0,0,0,0,0,0,0,0,0,0,0,0,"","F","F","F","F",0,2,0,0,0,0,0,0,0,0,F,F,"1925PHI.EVN.regular.event.csv",139
"PHI192504230","BRO",6,0,1,0,0,"",3,5,"johnj107","?","johnj107","?","ringj101","?","ringj101","?","henlb101","holkw101","fonsl101","hubec101","sandh101","burng101","mokaj101","schuj101","fourj101","","","23/G.1-2","F","F",9,6,2,"T","T",0,"F","F",1,"F","F",0,"F","F",2,"G","F","F","",0,0,"N",0,"N",0,"N",0,2,0,0,"23","","","","F","F","F","F","F","F","F","F","F","ringj101","","","F","F","F","F","F","","","","",0,3,0,0,2,0,0,0,0,47,"PHI","BRO","PHI",0,"F","F",3,5,0,23,2,"T","F",1,2,"T","T","tierc101","debeh101","T","T",3,4,45,0,0,0,0,0,0,"henlb101","","",0,0,0,0,0,0,0,0,0,0,0,0,0,"henlb101","F","F","F","F",0,2,0,0,0,0,0,0,0,0,F,F,"1925PHI.EVN.regular.event.csv",140
"PHI192504230","BRO",6,0,2,0,0,"",3,5,"tierc101","?","tierc101","?","ringj101","?","ringj101","?","henlb101","holkw101","fonsl101","hubec101","sandh101","burng101","mokaj101","schuj101","","fourj101","","3/G","F","F",5,7,2,"T","T",0,"F","F",1,"F","F",0,"F","F",3,"G","F","F","",0,0,"N",0,"N",0,"N",0,0,2,0,"3","","","","F","F","F","F","F","F","F","F","F","","ringj101","","F","F","F","F","F","","","","",0,3,0,0,0,0,0,0,0,48,"PHI","BRO","PHI",0,"F","T",3,5,0,24,3,"T","F",2,2,"T","T","debeh101","pettj103","T","T",0,0,0,3,4,45,0,0,0,"","henlb101","",0,0,0,0,0,0,0,0,0,0,0,0,0,"holkw101","F","F","F","F",0,0,2,0,0,0,0,0,0,0,F,F,"1925PHI.EVN.regular.event.csv",141
"PHI192504230","BRO",6,1,0,0,0,"X",3,5,"henlb101","?","henlb101","?","rusha101","?","rusha101","?","debeh101","fourj101","higha101","tierc101","mitcj101","wheaz101","browe102","johnj107","","","","HR/F78XD","T","F",2,6,23,"T","T",4,"F","F",0,"F","F",1,"F","F",0,"F","F","F","78XD",0,0,"N",0,"N",0,"N",4,0,0,0,"","","","","F","F","F","F","F","F","F","F","F","","","","F","F","F","F","F","","","","",0,0,0,0,0,0,0,0,0,49,"PHI","PHI","BRO",1,"T","F",5,3,0,23,0,"T","F",0,0,"T","T","sandh101","hubec101","F","F",0,0,0,0,0,0,0,0,0,"","","",0,0,0,0,0,0,1,0,0,0,1,0,1,"","F","F","F","F",4,0,0,0,0,0,0,0,0,0,F,F,"1925PHI.EVN.regular.event.csv",142
"PHI192504230","BRO",6,1,0,0,0,"",3,6,"sandh101","?","sandh101","?","rusha101","?","rusha101","?","debeh101","fourj101","higha101","tierc101","mitcj101","wheaz101","browe102","johnj107","","","","W","F","F",6,7,14,"T","F",0,"F","F",0,"F","F",0,"F","F",0,"","F","F","",0,0,"N",0,"N",0,"N",1,0,0,0,"","","","","F","F","F","F","F","F","F","F","F","","","","F","F","F","F","F","","","","",0,0,0,0,0,0,0,0,0,50,"PHI","PHI","BRO",1,"F","F",6,3,1,24,1,"T","F",0,1,"T","T","hubec101","ringj101","F","F",0,0,0,0,0,0,0,0,0,"","","",0,0,0,0,0,0,0,0,0,0,0,0,0,"","F","F","F","F",0,0,0,0,0,0,0,0,0,0,F,F,"1925PHI.EVN.regular.event.csv",143
"PHI192504230","BRO",6,1,0,0,0,"",3,6,"hubec101","?","hubec101","?","rusha101","?","rusha101","?","debeh101","fourj101","higha101","tierc101","mitcj101","wheaz101","browe102","johnj107","sandh101","","","36(1)/FO","F","F",5,8,2,"T","T",0,"F","F",1,"F","F",0,"F","F",3,"G","F","F","",0,0,"N",0,"N",0,"N",1,0,0,0,"","36","","","F","F","F","F","F","F","F","F","F","rusha101","","","F","F","F","F","F","","","","",0,6,0,0,3,0,0,0,0,51,"PHI","PHI","BRO",1,"F","F",6,3,1,25,2,"T","F",1,1,"T","T","ringj101","burng101","F","F",6,7,50,0,0,0,0,0,0,"debeh101","","",0,0,0,0,0,0,0,0,0,0,0,0,0,"fourj101","T","F","F","F",0,0,0,0,0,0,0,0,0,0,F,F,"1925PHI.EVN.regular.event.csv",144
"PHI192504230","BRO",6,1,1,0,0,"",3,6,"ringj101","?","ringj101","?","rusha101","?","rusha101","?","debeh101","fourj101","higha101","tierc101","mitcj101","wheaz101","browe102","johnj107","hubec101","","","7/F","F","F",1,9,2,"T","T",0,"F","F",1,"F","F",0,"F","F",7,"F","F","F","",0,0,"N",0,"N",0,"N",0,1,0,0,"7","","","","F","F","F","F","F","F","F","F","F","rusha101","","","F","F","F","F","F","","","","",0,7,0,0,0,0,0,0,0,52,"PHI","PHI","BRO",1,"F","F",6,3,1,26,3,"T","F",1,1,"T","T","burng101","fonsl101","F","F",5,8,51,0,0,0,0,0,0,"debeh101","","",0,0,0,0,0,0,0,0,0,0,0,0,0,"wheaz101","F","F","F","F",0,0,0,0,0,0,0,0,0,0,F,F,"1925PHI.EVN.regular.event.csv",145
"PHI192504230","BRO",6,1,2,0,0,"",3,6,"burng101","?","burng101","?","rusha101","?","rusha101","?","debeh101","fourj101","higha101","tierc101","mitcj101","wheaz101","browe102","johnj107","hubec101","","","SB2","F","F",7,1,4,"F","F",0,"F","F",0,"F","F",0,"F","F",0,"","F","F","",0,0,"N",0,"N",0,"N",0,2,0,0,"","","","","T","F","F","F","F","F","F","F","F","rusha101","","","F","F","F","F","F","","","","",0,0,0,0,0,0,0,0,0,53,"PHI","PHI","BRO",1,"F","F",6,3,1,27,4,"T","F",1,2,"T","T","fonsl101","schuj101","F","F",5,8,51,0,0,0,0,0,0,"debeh101","","",0,0,0,0,0,0,0,0,0,0,0,0,0,"","F","F","F","F",0,0,0,0,0,0,0,0,0,0,F,F,"1925PHI.EVN.regular.event.csv",146
"PHI192504230","BRO",6,1,2,0,0,"",3,6,"burng101","?","burng101","?","rusha101","?","rusha101","?","debeh101","fourj101","higha101","tierc101","mitcj101","wheaz101","browe102","johnj107","","hubec101","","K/C","F","F",7,1,3,"T","T",0,"F","F",1,"F","F",0,"F","F",0,"","F","F","",0,0,"N",0,"N",0,"N",0,0,2,0,"2","","","","F","F","F","F","F","F","F","F","F","","rusha101","","F","F","F","F","F","","","","",0,2,0,0,0,0,0,0,0,54,"PHI","PHI","BRO",1,"F","T",6,3,1,27,4,"F","F",2,2,"T","T","fonsl101","schuj101","F","F",0,0,0,5,8,51,0,0,0,"","debeh101","",0,0,0,0,0,0,0,0,0,0,0,0,0,"","F","F","F","F",0,0,0,0,0,0,0,0,0,0,F,F,"1925PHI.EVN.regular.event.csv",147
"PHI192504230","BRO",7,0,0,0,0,"",3,6,"debeh101","?","debeh101","?","ringj101","?","ringj101","?","henlb101","holkw101","fonsl101","hubec101","sandh101","burng101","mokaj101","schuj101","","","","63","T","F",2,8,2,"T","T",0,"F","F",1,"F","F",0,"F","F",6,"G","F","F","",0,0,"N",0,"N",0,"N",0,0,0,0,"63","","","","F","F","F","F","F","F","F","F","F","","","","F","F","F","F","F","","","","",0,3,0,0,6,0,0,0,0,55,"PHI","BRO","PHI",0,"T","F",3,6,0,25,0,"T","F",0,0,"T","T","rusha101","higha101","T","T",0,0,0,0,0,0,0,0,0,"","","",0,0,0,0,0,0,0,0,0,0,0,0,0,"sandh101","F","F","F","F",0,0,0,0,3,0,0,0,0,0,F,F,"1925PHI.EVN.regular.event.csv",148
"PHI192504230","BRO",7,0,1,0,0,"",3,6,"grift102","?","grift102","?","ringj101","?","ringj101","?","henlb101","holkw101","fonsl101","hubec101","sandh101","burng101","mokaj101","schuj101","","","","W","F","T",11,9,14,"T","F",0,"F","F",0,"F","F",0,"F","F",0,"","F","F","",0,0,"N",0,"N",0,"N",1,0,0,0,"","","","","F","F","F","F","F","F","F","F","F","","","","F","F","F","F","F","","","","rusha101",1,0,0,0,0,0,0,0,0,56,"PHI","BRO","PHI",0,"F","F",3,6,0,26,1,"T","F",0,1,"F","F","higha101","mitcj101","T","T",0,0,0,0,0,0,0,0,0,"","","",0,0,0,0,0,0,0,0,0,0,0,0,0,"","F","F","F","F",4,0,0,0,3,0,0,0,0,0,F,F,"1925PHI.EVN.regular.event.csv",149
"PHI192504230","BRO",7,0,1,0,0,"",3,6,"higha101","?","higha101","?","ringj101","?","ringj101","?","henlb101","holkw101","fonsl101","hubec101","sandh101","burng101","mokaj101","schuj101","grift102","","","2/FL","F","F",4,1,2,"T","T",0,"F","F",1,"F","F",0,"F","F",2,"F","F","T","",0,0,"N",0,"N",0,"N",0,1,0,0,"2","","","","F","F","F","F","F","F","F","F","F","ringj101","","","F","F","F","F","F","","","","",0,2,0,0,0,0,0,0,0,57,"PHI","BRO","PHI",0,"F","F",3,6,0,27,2,"T","F",1,1,"T","T","mitcj101","wheaz101","T","T",0,9,56,0,0,0,0,0,0,"henlb101","","",0,0,0,0,0,0,0,0,0,0,0,0,0,"henlb101","F","F","F","F",0,4,0,0,3,0,0,0,0,0,F,F,"1925PHI.EVN.regular.event.csv",150
"PHI192504230","BRO",7,0,2,0,0,"",3,6,"mitcj101","?","mitcj101","?","ringj101","?","ringj101","?","henlb101","holkw101","fonsl101","hubec101","sandh101","burng101","mokaj101","schuj101","grift102","","","S5/BG.1-2","F","F",6,2,20,"T","T",1,"F","F",0,"F","F",0,"F","F",5,"G","T","F","",0,0,"N",0,"N",0,"N",1,2,0,0,"","","","","F","F","F","F","F","F","F","F","F","ringj101","","","F","F","F","F","F","","","","",0,0,0,0,0,0,0,0,0,58,"PHI","BRO","PHI",0,"F","F",3,6,0,28,3,"T","F",1,3,"T","T","wheaz101","fourj101","T","T",0,9,56,0,0,0,0,0,0,"henlb101","","",0,0,0,0,0,0,0,0,0,0,0,0,0,"hubec101","F","F","F","F",4,4,0,0,3,0,0,0,0,0,F,F,"1925PHI.EVN.regular.event.csv",151
"PHI192504230","BRO",7,0,2,0,0,"",3,6,"wheaz101","?","wheaz101","?","ringj101","?","ringj101","?","henlb101","holkw101","fonsl101","hubec101","sandh101","burng101","mokaj101","schuj101","mitcj101","grift102","","HR/F9D.2-H;1-H","F","F",7,3,23,"T","T",4,"F","F",0,"F","F",3,"F","F",0,"F","F","F","9D",0,0,"N",0,"N",0,"N",4,4,4,0,"","","","","F","F","F","F","F","F","F","F","F","ringj101","ringj101","","F","F","F","F","F","","","","",0,0,0,0,0,0,0,0,0,59,"PHI","BRO","PHI",0,"F","F",3,6,0,29,4,"T","F",3,0,"T","T","fourj101","browe102","T","T",6,2,58,0,9,56,0,0,0,"henlb101","henlb101","",0,0,0,0,0,0,0,0,0,0,0,0,3,"","F","F","F","F",4,4,4,0,0,0,0,0,0,0,F,F,"1925PHI.EVN.regular.event.csv",152
"PHI192504230","BRO",7,0,2,0,0,"",6,6,"fourj101","?","fourj101","?","ringj101","?","ringj101","?","henlb101","holkw101","fonsl101","hubec101","sandh101","burng101","mokaj101","schuj101","","","","7/F","F","F",3,4,2,"T","T",0,"F","F",1,"F","F",0,"F","F",7,"F","F","F","",0,0,"N",0,"N",0,"N",0,0,0,0,"7","","","","F","F","F","F","F","F","F","F","F","","","","F","F","F","F","F","","","","",0,7,0,0,0,0,0,0,0,60,"PHI","BRO","PHI",0,"F","T",6,6,3,30,5,"T","F",0,0,"T","T","browe102","johnj107","T","T",0,0,0,0,0,0,0,0,0,"","","",0,0,0,0,0,0,0,0,0,0,0,0,0,"burng101","F","F","F","F",0,0,0,0,0,0,0,0,0,0,F,F,"1925PHI.EVN.regular.event.csv",153
"PHI192504230","BRO",7,1,0,0,0,"",6,6,"fonsl101","?","fonsl101","?","decaa101","?","decaa101","?","debeh101","fourj101","higha101","tierc101","mitcj101","wheaz101","browe102","johnj107","","","","S/89S","T","F",4,2,20,"T","T",1,"F","F",0,"F","F",0,"F","F",0,"","F","F","89S",0,0,"N",0,"N",0,"N",1,0,0,0,"","","","","F","F","F","F","F","F","F","F","F","","","","F","F","F","F","F","","","","",0,0,0,0,0,0,0,0,0,61,"PHI","PHI","BRO",1,"T","F",6,6,0,28,0,"T","F",0,1,"T","T","schuj101","mokaj101","F","F",0,0,0,0,0,0,0,0,0,"","","",0,0,0,0,0,0,0,0,0,0,0,0,0,"","F","F","F","F",0,0,0,0,2,0,0,0,0,0,F,F,"1925PHI.EVN.regular.event.csv",154
"PHI192504230","BRO",7,1,0,0,0,"",6,6,"willc103","?","willc103","?","decaa101","?","decaa101","?","debeh101","fourj101","higha101","tierc101","mitcj101","wheaz101","browe102","johnj107","fonsl101","","","46(1)/FO","F","T",11,3,2,"T","T",0,"F","F",1,"F","F",0,"F","F",4,"G","F","F","",0,0,"N",0,"N",0,"N",1,0,0,0,"","46","","","F","F","F","F","F","F","F","F","F","decaa101","","","F","F","F","F","F","","","","schuj101",9,6,0,0,4,0,0,0,0,62,"PHI","PHI","BRO",1,"F","F",6,6,0,29,1,"T","F",1,1,"F","F","mokaj101","holkw101","F","F",4,2,61,0,0,0,0,0,0,"debeh101","","",0,0,0,0,0,0,0,0,0,0,0,0,0,"higha101","T","F","F","F",4,0,0,0,2,0,0,0,0,0,F,F,"1925PHI.EVN.regular.event.csv",155
"PHI192504230","BRO",7,1,1,0,0,"",6,6,"mokaj101","?","mokaj101","?","decaa101","?","decaa101","?","debeh101","fourj101","higha101","tierc101","mitcj101","wheaz101","browe102","johnj107","willc103","","","S8.1-3","F","F",8,4,20,"T","T",1,"F","F",0,"F","F",0,"F","F",8,"","F","F","",0,0,"N",0,"N",0,"N",1,3,0,0,"","","","","F","F","F","F","F","F","F","F","F","decaa101","","","F","F","F","F","F","","","","",0,0,0,0,0,0,0,0,0,63,"PHI","PHI","BRO",1,"F","F",6,6,0,30,2,"T","F",1,5,"T","T","holkw101","henlb101","F","F",0,3,62,0,0,0,0,0,0,"debeh101","","",0,0,0,0,0,0,0,0,0,0,0,0,0,"browe102","F","F","F","F",4,4,0,0,2,0,0,0,0,0,F,F,"1925PHI.EVN.regular.event.csv",156
"PHI192504230","BRO",7,1,1,0,0,"",6,6,"holkw101","?","holkw101","?","decaa101","?","decaa101","?","debeh101","fourj101","higha101","tierc101","mitcj101","wheaz101","browe102","johnj107","mokaj101","","willc103","D9/F9DW.3-H;1-3","F","F",3,5,21,"T","T",2,"F","F",0,"F","F",1,"F","F",9,"F","F","F","9DW",0,0,"N",0,"N",0,"N",2,3,0,4,"","","","","F","F","F","F","F","F","F","F","F","decaa101","","decaa101","F","F","F","F","F","","","","",0,0,0,0,0,0,0,0,0,64,"PHI","PHI","BRO",1,"F","F",6,6,0,31,3,"T","F",5,6,"T","T","henlb101","sandh101","F","F",8,4,63,0,0,0,0,3,62,"debeh101","","debeh101",0,0,0,0,0,0,0,0,0,0,0,0,1,"johnj107","F","F","F","F",2,4,0,4,1,0,0,0,0,0,F,F,"1925PHI.EVN.regular.event.csv",157
"PHI192504230","BRO",7,1,1,0,0,"",6,7,"henlb101","?","henlb101","?","decaa101","?","decaa101","?","debeh101","fourj101","higha101","tierc101","mitcj101","wheaz101","browe102","johnj107","","holkw101","mokaj101","9/F9DW/SF.3-H","F","F",2,6,2,"T","F",0,"F","T",1,"F","F",1,"F","F",9,"F","F","F","9DW",0,0,"N",0,"N",0,"N",0,0,2,4,"9","","","","F","F","F","F","F","F","F","F","F","","decaa101","decaa101","F","F","F","F","F","","","","",0,9,0,0,0,0,0,0,0,65,"PHI","PHI","BRO",1,"F","F",7,6,1,32,4,"T","F",6,2,"T","T","sandh101","hubec101","F","F",0,0,0,3,5,64,8,4,63,"","debeh101","debeh101",0,0,0,0,0,0,0,0,0,0,0,0,1,"johnj107","F","F","F","F",0,0,2,4,0,0,0,0,0,0,F,F,"1925PHI.EVN.regular.event.csv",158
"PHI192504230","BRO",7,1,2,0,0,"",6,8,"sandh101","?","sandh101","?","decaa101","?","decaa101","?","debeh101","fourj101","higha101","tierc101","mitcj101","wheaz101","browe102","johnj107","","holkw101","","9/F","F","F",6,7,2,"T","T",0,"F","F",1,"F","F",0,"F","F",9,"F","F","F","",0,0,"N",0,"N",0,"N",0,0,2,0,"9","","","","F","F","F","F","F","F","F","F","F","","decaa101","","F","F","F","F","F","","","","",0,9,0,0,0,0,0,0,0,66,"PHI","PHI","BRO",1,"F","T",8,6,2,33,5,"T","F",2,2,"T","T","hubec101","ringj101","F","F",0,0,0,3,5,64,0,0,0,"","debeh101","",0,0,0,0,0,0,0,0,0,0,0,0,0,"johnj107","F","F","F","F",0,0,2,0,0,0,0,0,0,0,F,F,"1925PHI.EVN.regular.event.csv",159
"PHI192504230","BRO",8,0,0,0,0,"",6,8,"browe102","?","browe102","?","ringj101","?","ringj101","?","henlb101","holkw101","fonsl101","hubec101","sandh101","burng101","mokaj101","willc103","","","","S9","T","F",8,5,20,"T","T",1,"F","F",0,"F","F",0,"F","F",9,"","F","F","",0,0,"N",0,"N",0,"N",1,0,0,0,"","","","","F","F","F","F","F","F","F","F","F","","","","F","F","F","F","F","","","","",0,0,0,0,0,0,0,0,0,67,"PHI","BRO","PHI",0,"T","F",6,8,0,31,0,"T","F",0,1,"T","T","johnj107","tierc101","T","T",0,0,0,0,0,0,0,0,0,"","","",0,0,0,0,0,0,0,0,0,0,0,0,0,"willc103","F","F","F","F",4,0,0,0,2,0,0,0,0,0,F,F,"1925PHI.EVN.regular.event.csv",160
"PHI192504230","BRO",8,0,0,0,0,"",6,8,"johnj107","?","johnj107","?","ringj101","?","ringj101","?","henlb101","holkw101","fonsl101","hubec101","sandh101","burng101","mokaj101","willc103","browe102","","","9/F","F","F",9,6,2,"T","T",0,"F","F",1,"F","F",0,"F","F",9,"F","F","F","",0,0,"N",0,"N",0,"N",0,1,0,0,"9","","","","F","F","F","F","F","F","F","F","F","ringj101","","","F","F","F","F","F","","","","",0,9,0,0,0,0,0,0,0,68,"PHI","BRO","PHI",0,"F","F",6,8,0,32,1,"T","F",1,1,"T","T","tierc101","debeh101","T","T",8,5,67,0,0,0,0,0,0,"henlb101","","",0,0,0,0,0,0,0,0,0,0,0,0,0,"willc103","F","F","F","F",0,4,0,0,2,0,0,0,0,0,F,F,"1925PHI.EVN.regular.event.csv",161
"PHI192504230","BRO",8,0,1,0,0,"",6,8,"tierc101","?","tierc101","?","ringj101","?","ringj101","?","henlb101","holkw101","fonsl101","hubec101","sandh101","burng101","mokaj101","willc103","browe102","","","S9/P3D.1-3","F","F",5,7,20,"T","T",1,"F","F",0,"F","F",0,"F","F",9,"P","F","F","3D",0,0,"N",0,"N",0,"N",1,3,0,0,"","","","","F","F","F","F","F","F","F","F","F","ringj101","","","F","F","F","F","F","","","","",0,0,0,0,0,0,0,0,0,69,"PHI","BRO","PHI",0,"F","F",6,8,0,33,2,"T","F",1,5,"T","T","debeh101","decaa101","T","T",8,5,67,0,0,0,0,0,0,"henlb101","","",0,0,0,0,0,0,0,0,0,0,0,0,0,"willc103","F","F","F","F",4,4,0,0,2,0,0,0,0,0,F,F,"1925PHI.EVN.regular.event.csv",162
"PHI192504230","BRO",8,0,1,0,0,"",6,8,"cox-d101","?","cox-d101","?","ringj101","?","ringj101","?","henlb101","holkw101","fonsl101","hubec101","sandh101","burng101","mokaj101","willc103","tierc101","","browe102","W.1-2","F","T",11,8,14,"T","F",0,"F","F",0,"F","F",0,"F","F",0,"","F","F","",0,0,"N",0,"N",0,"N",1,2,0,3,"","","","","F","F","F","F","F","F","F","F","F","ringj101","","ringj101","F","F","F","F","F","","","","debeh101",2,0,0,0,0,0,0,0,0,70,"PHI","BRO","PHI",0,"F","F",6,8,0,34,3,"T","F",5,7,"F","F","decaa101","higha101","T","T",5,7,69,0,0,0,8,5,67,"henlb101","","henlb101",0,0,0,0,0,0,0,0,0,0,0,0,0,"","F","F","F","F",2,4,0,4,2,0,0,0,0,0,F,F,"1925PHI.EVN.regular.event.csv",163
"PHI192504230","BRO",8,0,1,0,0,"",6,8,"loftd101","?","loftd101","?","ringj101","?","ringj101","?","henlb101","holkw101","fonsl101","hubec101","sandh101","burng101","mokaj101","willc103","cox-d101","tierc101","browe102","S8.3-H;2-H;1-2","F","T",11,9,20,"T","T",1,"F","F",0,"F","F",2,"F","F",8,"","F","F","",0,0,"N",0,"N",0,"N",1,2,4,4,"","","","","F","F","F","F","F","F","F","F","F","ringj101","ringj101","ringj101","F","F","F","F","F","","","","decaa101",1,0,0,0,0,0,0,0,0,71,"PHI","BRO","PHI",0,"F","F",6,8,0,35,4,"T","F",7,3,"F","F","higha101","mitcj101","T","T",11,8,70,5,7,69,8,5,67,"henlb101","henlb101","henlb101",0,0,0,0,0,0,0,0,0,0,0,0,2,"mokaj101","F","F","F","F",0,2,4,4,0,0,0,0,0,0,F,F,"1925PHI.EVN.regular.event.csv",164
"PHI192504230","BRO",8,0,1,0,0,"",8,8,"higha101","?","higha101","?","filld101","?","filld101","?","henlb101","holkw101","fonsl101","hubec101","sandh101","burng101","mokaj101","willc103","loftd101","cox-d101","","3/LDP.1X1(31)","F","F",4,1,2,"T","T",0,"F","F",2,"T","F",0,"F","F",3,"L","F","F","",0,0,"N",0,"N",0,"N",0,0,2,0,"3","31","","","F","F","F","F","F","F","F","F","F","ringj101","ringj101","","F","F","F","F","F","","","","",0,3,1,0,3,0,0,0,0,72,"PHI","BRO","PHI",0,"F","T",8,8,2,36,5,"T","F",3,2,"T","T","mitcj101","wheaz101","F","F",0,9,71,0,8,70,0,0,0,"henlb101","henlb101","",0,0,0,0,0,0,0,0,0,0,0,0,0,"holkw101","F","F","F","F",0,0,2,0,0,0,0,0,0,0,F,F,"1925PHI.EVN.regular.event.csv",165
"PHI192504230","BRO",8,1,0,0,0,"",8,8,"hubec101","?","hubec101","?","thorh101","?","thorh101","?","taylz101","fourj101","higha101","tierc101","mitcj101","wheaz101","browe102","johnj107","","","","13","T","F",5,8,2,"T","T",0,"F","F",1,"F","F",0,"F","F",1,"G","F","F","",0,0,"N",0,"N",0,"N",0,0,0,0,"13","","","","F","F","F","F","F","F","F","F","F","","","","F","F","F","F","F","","","","",0,3,0,0,1,0,0,0,0,73,"PHI","PHI","BRO",1,"T","F",8,8,0,34,0,"T","F",0,0,"T","T","filld101","burng101","F","F",0,0,0,0,0,0,0,0,0,"","","",0,0,0,0,0,0,0,0,0,0,0,0,0,"thorh101","F","F","F","F",0,0,0,0,2,0,0,0,0,0,F,F,"1925PHI.EVN.regular.event.csv",166
"PHI192504230","BRO",8,1,1,0,0,"",8,8,"filld101","?","filld101","?","thorh101","?","thorh101","?","taylz101","fourj101","higha101","tierc101","mitcj101","wheaz101","browe102","johnj107","","","","W","F","F",1,9,14,"T","F",0,"F","F",0,"F","F",0,"F","F",0,"","F","F","",0,0,"N",0,"N",0,"N",1,0,0,0,"","","","","F","F","F","F","F","F","F","F","F","","","","F","F","F","F","F","","","","",0,0,0,0,0,0,0,0,0,74,"PHI","PHI","BRO",1,"F","F",8,8,0,35,1,"T","F",0,1,"F","F","burng101","fonsl101","F","F",0,0,0,0,0,0,0,0,0,"","","",0,0,0,0,0,0,0,0,0,0,0,0,0,"","F","F","F","F",4,0,0,0,2,0,0,0,0,0,F,F,"1925PHI.EVN.regular.event.csv",167
"PHI192504230","BRO",8,1,1,0,0,"",8,8,"burng101","?","burng101","?","thorh101","?","thorh101","?","taylz101","fourj101","higha101","tierc101","mitcj101","wheaz101","browe102","johnj107","filld101","","","PB.1-2","F","F",7,1,10,"F","F",0,"F","F",0,"F","F",0,"F","T",0,"","F","F","",0,0,"N",0,"N",0,"N",0,2,0,0,"","","","","F","F","F","F","F","F","F","F","F","thorh101","","","F","F","F","F","F","","","","",0,0,0,0,0,0,0,0,0,75,"PHI","PHI","BRO",1,"F","F",8,8,0,36,2,"T","F",1,2,"T","T","fonsl101","willc103","F","F",1,9,74,0,0,0,0,0,0,"taylz101","","",0,0,0,0,0,0,0,0,0,0,0,0,0,"","F","F","F","F",0,4,0,0,2,0,0,0,0,0,F,F,"1925PHI.EVN.regular.event.csv",168
"PHI192504230","BRO",8,1,1,0,0,"",8,8,"burng101","?","burng101","?","thorh101","?","thorh101","?","taylz101","fourj101","higha101","tierc101","mitcj101","wheaz101","browe102","johnj107","","filld101","","53.2-2","F","F",7,1,2,"T","T",0,"F","F",1,"F","F",0,"F","F",5,"G","F","F","",0,0,"N",0,"N",0,"N",0,0,2,0,"53","","","","F","F","F","F","F","F","F","F","F","","thorh101","","F","F","F","F","F","","","","",0,3,0,0,5,0,0,0,0,76,"PHI","PHI","BRO",1,"F","F",8,8,0,36,2,"F","F",2,2,"T","T","fonsl101","willc103","F","F",0,0,0,1,9,74,0,0,0,"","taylz101","",0,0,0,0,0,0,0,0,0,0,0,0,0,"tierc101","F","F","F","F",0,0,4,0,2,0,0,0,0,0,F,F,"1925PHI.EVN.regular.event.csv",169
"PHI192504230","BRO",8,1,2,0,0,"",8,8,"fonsl101","?","fonsl101","?","thorh101","?","thorh101","?","taylz101","fourj101","higha101","tierc101","mitcj101","wheaz101","browe102","johnj107","","filld101","","D9/F9DW.2-H","F","F",4,2,21,"T","T",2,"F","F",0,"F","F",1,"F","F",9,"F","F","F","9DW",0,0,"N",0,"N",0,"N",2,0,4,0,"","","","","F","F","F","F","F","F","F","F","F","","thorh101","","F","F","F","F","F","","","","",0,0,0,0,0,0,0,0,0,77,"PHI","PHI","BRO",1,"F","F",8,8,0,37,3,"T","F",2,2,"T","T","willc103","mokaj101","F","F",0,0,0,1,9,74,0,0,0,"","taylz101","",0,0,0,0,0,0,0,0,0,0,0,0,1,"johnj107","F","F","F","F",4,0,4,0,1,0,0,0,0,0,F,F,"1925PHI.EVN.regular.event.csv",170
"PHI192504230","BRO",8,1,2,0,0,"",8,9,"willc103","?","willc103","?","thorh101","?","thorh101","?","taylz101","fourj101","higha101","tierc101","mitcj101","wheaz101","browe102","johnj107","","fonsl101","","W","F","F",9,3,14,"T","F",0,"F","F",0,"F","F",0,"F","F",0,"","F","F","",0,0,"N",0,"N",0,"N",1,0,2,0,"","","","","F","F","F","F","F","F","F","F","F","","thorh101","","F","F","F","F","F","","","","",0,0,0,0,0,0,0,0,0,78,"PHI","PHI","BRO",1,"F","F",9,8,1,38,4,"T","F",2,3,"F","F","mokaj101","holkw101","F","F",0,0,0,4,2,77,0,0,0,"","taylz101","",0,0,0,0,0,0,0,0,0,0,0,0,0,"","F","F","F","F",0,0,4,0,1,0,0,0,0,0,F,F,"1925PHI.EVN.regular.event.csv",171
"PHI192504230","BRO",8,1,2,0,0,"",8,9,"mokaj101","?","mokaj101","?","oescj101","?","oescj101","?","taylz101","fourj101","higha101","tierc101","mitcj101","wheaz101","browe102","johnj107","willc103","fonsl101","","S7.2-H;1-2","F","F",8,4,20,"T","T",1,"F","F",0,"F","F",1,"F","F",7,"","F","F","",0,0,"N",0,"N",0,"N",1,2,4,0,"","","","","F","F","F","F","F","F","F","F","F","thorh101","thorh101","","F","F","F","F","F","","","","",0,0,0,0,0,0,0,0,0,79,"PHI","PHI","BRO",1,"F","F",9,8,1,39,5,"T","F",3,3,"T","T","holkw101","henlb101","F","F",9,3,78,4,2,77,0,0,0,"taylz101","taylz101","",0,0,0,0,0,0,0,0,0,0,0,0,1,"wheaz101","F","F","F","F",0,0,4,0,0,0,0,0,0,0,F,F,"1925PHI.EVN.regular.event.csv",172
"PHI192504230","BRO",8,1,2,0,0,"",8,10,"holkw101","?","holkw101","?","oescj101","?","oescj101","?","taylz101","fourj101","higha101","tierc101","mitcj101","wheaz101","browe102","johnj107","mokaj101","willc103","","9/F","F","F",3,5,2,"T","T",0,"F","F",1,"F","F",0,"F","F",9,"F","F","F","",0,0,"N",0,"N",0,"N",0,1,2,0,"9","","","","F","F","F","F","F","F","F","F","F","oescj101","thorh101","","F","F","F","F","F","","","","",0,9,0,0,0,0,0,0,0,80,"PHI","PHI","BRO",1,"F","T",10,8,2,40,6,"T","F",3,3,"T","T","henlb101","sandh101","F","F",8,4,79,9,3,78,0,0,0,"taylz101","taylz101","",0,0,0,0,0,0,0,0,0,0,0,0,0,"johnj107","F","F","F","F",0,0,0,0,0,0,0,0,0,0,F,F,"1925PHI.EVN.regular.event.csv",173
"PHI192504230","BRO",9,0,0,0,0,"",8,10,"mitcj101","?","mitcj101","?","filld101","?","filld101","?","henlb101","holkw101","fonsl101","hubec101","sandh101","burng101","mokaj101","willc103","","","","6/L","T","F",6,2,2,"T","T",0,"F","F",1,"F","F",0,"F","F",6,"L","F","F","",0,0,"N",0,"N",0,"N",0,0,0,0,"6","","","","F","F","F","F","F","F","F","F","F","","","","F","F","F","F","F","","","","",0,6,0,0,0,0,0,0,0,81,"PHI","BRO","PHI",0,"T","F",8,10,0,37,0,"T","F",0,0,"T","T","wheaz101","fourj101","F","F",0,0,0,0,0,0,0,0,0,"","","",0,0,0,0,0,0,0,0,0,0,0,0,0,"sandh101","F","F","F","F",0,0,0,0,0,0,0,0,0,0,F,F,"1925PHI.EVN.regular.event.csv",174
"PHI192504230","BRO",9,0,1,0,0,"",8,10,"wheaz101","?","wheaz101","?","filld101","?","filld101","?","henlb101","holkw101","fonsl101","hubec101","sandh101","burng101","mokaj101","willc103","","","","S/89","F","F",7,3,20,"T","T",1,"F","F",0,"F","F",0,"F","F",0,"","F","F","89",0,0,"N",0,"N",0,"N",1,0,0,0,"","","","","F","F","F","F","F","F","F","F","F","","","","F","F","F","F","F","","","","",0,0,0,0,0,0,0,0,0,82,"PHI","BRO","PHI",0,"F","F",8,10,0,38,1,"T","F",0,1,"T","T","fourj101","browe102","F","F",0,0,0,0,0,0,0,0,0,"","","",0,0,0,0,0,0,0,0,0,0,0,0,0,"","F","F","F","F",2,0,0,0,0,0,0,0,0,0,F,F,"1925PHI.EVN.regular.event.csv",175
"PHI192504230","BRO",9,0,1,3,2,"",8,10,"fourj101","?","fourj101","?","filld101","?","filld101","?","henlb101","holkw101","fonsl101","hubec101","sandh101","burng101","mokaj101","willc103","wheaz101","","","W.1-2","F","F",3,4,14,"T","F",0,"F","F",0,"F","F",0,"F","F",0,"","F","F","",0,0,"N",0,"N",0,"N",1,2,0,0,"","","","","F","F","F","F","F","F","F","F","F","filld101","","","F","F","F","F","F","","","","",0,0,0,0,0,0,0,0,0,83,"PHI","BRO","PHI",0,"F","F",8,10,0,39,2,"T","F",1,3,"T","T","browe102","johnj107","F","F",7,3,82,0,0,0,0,0,0,"henlb101","","",0,0,0,0,0,0,0,0,0,0,0,0,0,"","F","F","F","F",1,2,0,0,0,0,0,0,0,0,F,F,"1925PHI.EVN.regular.event.csv",176
"PHI192504230","BRO",9,0,1,0,0,"",8,10,"browe102","?","browe102","?","filld101","?","filld101","?","henlb101","holkw101","fonsl101","hubec101","sandh101","burng101","mokaj101","willc103","fourj101","wheaz101","","9/L","F","F",8,5,2,"T","T",0,"F","F",1,"F","F",0,"F","F",9,"L","F","F","",0,0,"N",0,"N",0,"N",0,1,2,0,"9","","","","F","F","F","F","F","F","F","F","F","filld101","filld101","","F","F","F","F","F","","","","",0,9,0,0,0,0,0,0,0,84,"PHI","BRO","PHI",0,"F","F",8,10,0,40,3,"T","F",3,3,"T","T","johnj107","tierc101","F","F",3,4,83,7,3,82,0,0,0,"henlb101","henlb101","",0,0,0,0,0,0,0,0,0,0,0,0,0,"willc103","F","F","F","F",0,1,2,0,0,0,0,0,0,0,F,F,"1925PHI.EVN.regular.event.csv",177
"PHI192504230","BRO",9,0,2,0,0,"",8,10,"johnj107","?","johnj107","?","filld101","?","filld101","?","henlb101","holkw101","fonsl101","hubec101","sandh101","burng101","mokaj101","willc103","fourj101","wheaz101","","4/P","F","F",9,6,2,"T","T",0,"F","F",1,"F","F",0,"F","F",4,"P","F","F","",0,0,"N",0,"N",0,"N",0,1,2,0,"4","","","","F","F","F","F","F","F","F","F","F","filld101","filld101","","F","T","F","F","F","","","","",0,4,0,0,0,0,0,0,0,85,"PHI","BRO","PHI",0,"F","T",8,10,0,41,4,"T","F",3,3,"T","T","tierc101","taylz101","F","F",3,4,83,7,3,82,0,0,0,"henlb101","henlb101","",0,0,0,0,0,0,0,0,0,0,0,0,0,"fonsl101","F","F","F","F",0,1,2,0,0,0,0,0,0,0,F,F,"1925PHI.EVN.regular.event.csv",178
"PHI192504240","BRO",1,0,0,0,0,"",0,0,"higha101","?","higha101","?","mitcc102","?","mitcc102","?","henlb101","holkw101","fonsl101","hubec101","sandh101","burng101","mokaj101","willc103","","","","7/F","T","F",4,1,2,"T","T",0,"F","F",1,"F","F",0,"F","F",7,"F","F","F","",0,0,"N",0,"N",0,"N",0,0,0,0,"7","","","","F","F","F","F","F","F","F","F","F","","","","T","F","F","F","F","","","","",0,7,0,0,0,0,0,0,0,1,"PHI","BRO","PHI",0,"T","F",0,0,0,0,0,"T","F",0,0,"T","T","mitcj101","wheaz101","T","T",0,0,0,0,0,0,0,0,0,"","","",0,0,0,0,0,0,0,0,0,0,0,0,0,"burng101","F","F","F","F",0,0,0,0,1,0,0,0,0,0,F,F,"1925PHI.EVN.regular.event.csv",179
"PHI192504240","BRO",1,0,1,0,0,"",0,0,"mitcj101","?","mitcj101","?","mitcc102","?","mitcc102","?","henlb101","holkw101","fonsl101","hubec101","sandh101","burng101","mokaj101","willc103","","","","S9/4D","F","F",6,2,20,"T","T",1,"F","F",0,"F","F",0,"F","F",9,"","F","F","4D",0,0,"N",0,"N",0,"N",1,0,0,0,"","","","","F","F","F","F","F","F","F","F","F","","","","F","F","F","F","F","","","","",0,0,0,0,0,0,0,0,0,2,"PHI","BRO","PHI",0,"F","F",0,0,0,1,1,"T","F",0,1,"T","T","wheaz101","fourj101","T","T",0,0,0,0,0,0,0,0,0,"","","",0,0,0,0,0,0,0,0,0,0,0,0,0,"willc103","F","F","F","F",4,0,0,0,1,0,0,0,0,0,F,F,"1925PHI.EVN.regular.event.csv",180
"PHI192504240","BRO",1,0,1,0,0,"",0,0,"wheaz101","?","wheaz101","?","mitcc102","?","mitcc102","?","henlb101","holkw101","fonsl101","hubec101","sandh101","burng101","mokaj101","willc103","mitcj101","","","S7.1-2","F","F",7,3,20,"T","T",1,"F","F",0,"F","F",0,"F","F",7,"","F","F","",0,0,"N",0,"N",0,"N",1,2,0,0,"","","","","F","F","F","F","F","F","F","F","F","mitcc102","","","F","F","F","F","F","","","","",0,0,0,0,0,0,0,0,0,3,"PHI","BRO","PHI",0,"F","F",0,0,0,2,2,"T","F",1,3,"T","T","fourj101","browe102","T","T",6,2,2,0,0,0,0,0,0,"henlb101","","",0,0,0,0,0,0,0,0,0,0,0,0,0,"burng101","F","F","F","F",0,4,0,0,1,0,0,0,0,0,F,F,"1925PHI.EVN.regular.event.csv",181
"PHI192504240","BRO",1,0,1,0,0,"",0,0,"fourj101","?","fourj101","?","mitcc102","?","mitcc102","?","henlb101","holkw101","fonsl101","hubec101","sandh101","burng101","mokaj101","willc103","wheaz101","mitcj101","","36(1)/FO.2-3","F","F",3,4,2,"T","T",0,"F","F",1,"F","F",0,"F","F",3,"G","F","F","",0,0,"N",0,"N",0,"N",1,0,3,0,"","36","","","F","F","F","F","F","F","F","F","F","mitcc102","mitcc102","","F","F","F","F","F","","","","",0,6,0,0,3,0,0,0,0,4,"PHI","BRO","PHI",0,"F","F",0,0,0,3,3,"T","F",3,5,"T","T","browe102","johnj107","T","T",7,3,3,6,2,2,0,0,0,"henlb101","henlb101","",0,0,0,0,0,0,0,0,0,0,0,0,0,"holkw101","T","F","F","F",0,0,4,0,1,0,0,0,0,0,F,F,"1925PHI.EVN.regular.event.csv",182
"PHI192504240","BRO",1,0,2,0,0,"",0,0,"browe102","?","browe102","?","mitcc102","?","mitcc102","?","henlb101","holkw101","fonsl101","hubec101","sandh101","burng101","mokaj101","willc103","fourj101","","mitcj101","S9.3-H;1-3;B-2(TH3)","F","F",8,5,20,"T","T",1,"F","F",0,"F","F",1,"F","F",9,"","F","F","",0,0,"N",0,"N",0,"N",2,3,0,4,"","","","","F","F","F","F","F","F","F","F","F","mitcc102","","mitcc102","F","F","F","F","F","","","","",0,0,0,0,0,0,0,0,0,5,"PHI","BRO","PHI",0,"F","F",0,0,0,4,4,"T","F",5,6,"T","T","johnj107","tierc101","T","T",3,4,4,0,0,0,6,2,2,"henlb101","","henlb101",0,0,0,0,0,0,0,0,0,0,0,0,1,"willc103","F","F","F","F",0,0,0,4,0,0,0,0,0,0,F,F,"1925PHI.EVN.regular.event.csv",183
"PHI192504240","BRO",1,0,2,0,0,"",1,0,"johnj107","?","johnj107","?","mitcc102","?","mitcc102","?","henlb101","holkw101","fonsl101","hubec101","sandh101","burng101","mokaj101","willc103","","browe102","fourj101","K","F","F",9,6,3,"T","T",0,"F","F",1,"F","F",0,"F","F",0,"","F","F","",0,0,"N",0,"N",0,"N",0,0,2,3,"2","","","","F","F","F","F","F","F","F","F","F","","mitcc102","mitcc102","F","F","F","F","F","","","","",0,2,0,0,0,0,0,0,0,6,"PHI","BRO","PHI",0,"F","T",1,0,1,5,5,"T","F",6,6,"T","T","tierc101","debeh101","T","T",0,0,0,8,5,5,3,4,4,"","henlb101","henlb101",0,0,0,0,0,0,0,0,0,0,0,0,0,"","F","F","F","F",0,0,0,0,0,0,0,0,0,0,F,F,"1925PHI.EVN.regular.event.csv",184
"PHI192504240","BRO",1,1,0,0,0,"",1,0,"burng101","?","burng101","?","vancd101","?","vancd101","?","debeh101","fourj101","higha101","tierc101","mitcj101","wheaz101","browe102","johnj107","","","","S8","T","F",7,1,20,"T","T",1,"F","F",0,"F","F",0,"F","F",8,"","F","F","",0,0,"N",0,"N",0,"N",1,0,0,0,"","","","","F","F","F","F","F","F","F","F","F","","","","F","F","F","F","F","","","","",0,0,0,0,0,0,0,0,0,7,"PHI","PHI","BRO",1,"T","F",0,1,0,0,0,"T","F",0,1,"T","T","fonsl101","willc103","T","T",0,0,0,0,0,0,0,0,0,"","","",0,0,0,0,0,0,0,0,0,0,0,0,0,"browe102","F","F","F","F",0,0,0,0,2,0,0,0,0,0,F,F,"1925PHI.EVN.regular.event.csv",185
"PHI192504240","BRO",1,1,0,0,0,"",1,0,"fonsl101","?","fonsl101","?","vancd101","?","vancd101","?","debeh101","fourj101","higha101","tierc101","mitcj101","wheaz101","browe102","johnj107","burng101","","","64(1)/FO","F","F",4,2,2,"T","T",0,"F","F",1,"F","F",0,"F","F",6,"G","F","F","",0,0,"N",0,"N",0,"N",1,0,0,0,"","64","","","F","F","F","F","F","F","F","F","F","vancd101","","","F","F","F","F","F","","","","",0,4,0,0,6,0,0,0,0,8,"PHI","PHI","BRO",1,"F","F",0,1,0,1,1,"T","F",1,1,"T","T","willc103","mokaj101","T","T",7,1,7,0,0,0,0,0,0,"debeh101","","",0,0,0,0,0,0,0,0,0,0,0,0,0,"mitcj101","T","F","F","F",4,0,0,0,2,0,0,0,0,0,F,F,"1925PHI.EVN.regular.event.csv",186
"PHI192504240","BRO",1,1,1,0,0,"",1,0,"willc103","?","willc103","?","vancd101","?","vancd101","?","debeh101","fourj101","higha101","tierc101","mitcj101","wheaz101","browe102","johnj107","fonsl101","","","D7/7D.1-H","F","F",9,3,21,"T","T",2,"F","F",0,"F","F",1,"F","F",7,"","F","F","7D",0,0,"N",0,"N",0,"N",2,4,0,0,"","","","","F","F","F","F","F","F","F","F","F","vancd101","","","F","F","F","F","F","","","","",0,0,0,0,0,0,0,0,0,9,"PHI","PHI","BRO",1,"F","F",0,1,0,2,2,"T","F",1,2,"T","T","mokaj101","holkw101","T","T",4,2,8,0,0,0,0,0,0,"debeh101","","",0,0,0,0,0,0,0,0,0,0,0,0,1,"wheaz101","F","F","F","F",4,4,0,0,1,0,0,0,0,0,F,F,"1925PHI.EVN.regular.event.csv",187
"PHI192504240","BRO",1,1,1,0,0,"",1,1,"mokaj101","?","mokaj101","?","vancd101","?","vancd101","?","debeh101","fourj101","higha101","tierc101","mitcj101","wheaz101","browe102","johnj107","","willc103","","S8.2-H","F","F",8,4,20,"T","T",1,"F","F",0,"F","F",1,"F","F",8,"","F","F","",0,0,"N",0,"N",0,"N",1,0,4,0,"","","","","F","F","F","F","F","F","F","F","F","","vancd101","","F","F","F","F","F","","","","",0,0,0,0,0,0,0,0,0,10,"PHI","PHI","BRO",1,"F","F",1,1,1,3,3,"T","F",2,1,"T","T","holkw101","henlb101","T","T",0,0,0,9,3,9,0,0,0,"","debeh101","",0,0,0,0,0,0,0,0,0,0,0,0,1,"browe102","F","F","F","F",0,0,4,0,0,0,0,0,0,0,F,F,"1925PHI.EVN.regular.event.csv",188
"PHI192504240","BRO",1,1,1,0,0,"",1,2,"holkw101","?","holkw101","?","vancd101","?","vancd101","?","debeh101","fourj101","higha101","tierc101","mitcj101","wheaz101","browe102","johnj107","mokaj101","","","8/F","F","F",3,5,2,"T","T",0,"F","F",1,"F","F",0,"F","F",8,"F","F","F","",0,0,"N",0,"N",0,"N",0,1,0,0,"8","","","","F","F","F","F","F","F","F","F","F","vancd101","","","F","F","F","F","F","","","","",0,8,0,0,0,0,0,0,0,11,"PHI","PHI","BRO",1,"F","F",2,1,2,4,4,"T","F",1,1,"T","T","henlb101","sandh101","T","T",8,4,10,0,0,0,0,0,0,"debeh101","","",0,0,0,0,0,0,0,0,0,0,0,0,0,"browe102","F","F","F","F",0,0,0,0,0,0,0,0,0,0,F,F,"1925PHI.EVN.regular.event.csv",189
"PHI192504240","BRO",1,1,2,0,0,"",1,2,"henlb101","?","henlb101","?","vancd101","?","vancd101","?","debeh101","fourj101","higha101","tierc101","mitcj101","wheaz101","browe102","johnj107","mokaj101","","","8/F","F","F",2,6,2,"T","T",0,"F","F",1,"F","F",0,"F","F",8,"F","F","F","",0,0,"N",0,"N",0,"N",0,1,0,0,"8","","","","F","F","F","F","F","F","F","F","F","vancd101","","","F","F","F","F","F","","","","",0,8,0,0,0,0,0,0,0,12,"PHI","PHI","BRO",1,"F","T",2,1,2,5,5,"T","F",1,1,"T","T","sandh101","hubec101","T","T",8,4,10,0,0,0,0,0,0,"debeh101","","",0,0,0,0,0,0,0,0,0,0,0,0,0,"browe102","F","F","F","F",0,0,0,0,0,0,0,0,0,0,F,F,"1925PHI.EVN.regular.event.csv",190
"PHI192504240","BRO",2,0,0,0,0,"",1,2,"tierc101","?","tierc101","?","mitcc102","?","mitcc102","?","henlb101","holkw101","fonsl101","hubec101","sandh101","burng101","mokaj101","willc103","","","","4/P","T","F",5,7,2,"T","T",0,"F","F",1,"F","F",0,"F","F",4,"P","F","F","",0,0,"N",0,"N",0,"N",0,0,0,0,"4","","","","F","F","F","F","F","F","F","F","F","","","","F","F","F","F","F","","","","",0,4,0,0,0,0,0,0,0,13,"PHI","BRO","PHI",0,"T","F",1,2,0,6,0,"T","F",0,0,"T","T","debeh101","vancd101","T","T",0,0,0,0,0,0,0,0,0,"","","",0,0,0,0,0,0,0,0,0,0,0,0,0,"fonsl101","F","F","F","F",0,0,0,0,1,0,0,0,0,0,F,F,"1925PHI.EVN.regular.event.csv",191
"PHI192504240","BRO",2,0,1,0,0,"",1,2,"debeh101","?","debeh101","?","mitcc102","?","mitcc102","?","henlb101","holkw101","fonsl101","hubec101","sandh101","burng101","mokaj101","willc103","","","","HR/F7D","F","F",2,8,23,"T","T",4,"F","F",0,"F","F",1,"F","F",0,"F","F","F","7D",0,0,"N",0,"N",0,"N",4,0,0,0,"","","","","F","F","F","F","F","F","F","F","F","","","","F","F","F","F","F","","","","",0,0,0,0,0,0,0,0,0,14,"PHI","BRO","PHI",0,"F","F",1,2,0,7,1,"T","F",0,0,"T","T","vancd101","higha101","T","T",0,0,0,0,0,0,0,0,0,"","","",0,0,0,0,0,0,0,0,0,0,0,0,1,"","F","F","F","F",4,0,0,0,0,0,0,0,0,0,F,F,"1925PHI.EVN.regular.event.csv",192
"PHI192504240","BRO",2,0,1,0,0,"",2,2,"vancd101","?","vancd101","?","mitcc102","?","mitcc102","?","henlb101","holkw101","fonsl101","hubec101","sandh101","burng101","mokaj101","willc103","","","","K","F","F",1,9,3,"T","T",0,"F","F",1,"F","F",0,"F","F",0,"","F","F","",0,0,"N",0,"N",0,"N",0,0,0,0,"2","","","","F","F","F","F","F","F","F","F","F","","","","F","F","F","F","F","","","","",0,2,0,0,0,0,0,0,0,15,"PHI","BRO","PHI",0,"F","F",2,2,1,8,2,"T","F",0,0,"T","T","higha101","mitcj101","T","T",0,0,0,0,0,0,0,0,0,"","","",0,0,0,0,0,0,0,0,0,0,0,0,0,"","F","F","F","F",0,0,0,0,0,0,0,0,0,0,F,F,"1925PHI.EVN.regular.event.csv",193
"PHI192504240","BRO",2,0,2,0,0,"",2,2,"higha101","?","higha101","?","mitcc102","?","mitcc102","?","henlb101","holkw101","fonsl101","hubec101","sandh101","burng101","mokaj101","willc103","","","","D9","F","F",4,1,21,"T","T",2,"F","F",0,"F","F",0,"F","F",9,"","F","F","",0,0,"N",0,"N",0,"N",2,0,0,0,"","","","","F","F","F","F","F","F","F","F","F","","","","F","F","F","F","F","","","","",0,0,0,0,0,0,0,0,0,16,"PHI","BRO","PHI",0,"F","F",2,2,1,9,3,"T","F",0,2,"T","T","mitcj101","wheaz101","T","T",0,0,0,0,0,0,0,0,0,"","","",0,0,0,0,0,0,0,0,0,0,0,0,0,"willc103","F","F","F","F",0,0,0,0,0,0,0,0,0,0,F,F,"1925PHI.EVN.regular.event.csv",194
"PHI192504240","BRO",2,0,2,0,0,"",2,2,"mitcj101","?","mitcj101","?","mitcc102","?","mitcc102","?","henlb101","holkw101","fonsl101","hubec101","sandh101","burng101","mokaj101","willc103","","higha101","","63","F","F",6,2,2,"T","T",0,"F","F",1,"F","F",0,"F","F",6,"G","F","F","",0,0,"N",0,"N",0,"N",0,0,2,0,"63","","","","F","F","F","F","F","F","F","F","F","","mitcc102","","F","F","F","F","F","","","","",0,3,0,0,6,0,0,0,0,17,"PHI","BRO","PHI",0,"F","T",2,2,1,10,4,"T","F",2,2,"T","T","wheaz101","fourj101","T","T",0,0,0,4,1,16,0,0,0,"","henlb101","",0,0,0,0,0,0,0,0,0,0,0,0,0,"sandh101","F","F","F","F",0,0,0,0,0,0,0,0,0,0,F,F,"1925PHI.EVN.regular.event.csv",195
"PHI192504240","BRO",2,1,0,0,0,"",2,2,"sandh101","?","sandh101","?","vancd101","?","vancd101","?","debeh101","fourj101","higha101","tierc101","mitcj101","wheaz101","browe102","johnj107","","","","DGR/F7D","T","F",6,7,21,"T","T",2,"F","F",0,"F","F",0,"F","F",0,"F","F","F","7D",0,0,"N",0,"N",0,"N",2,0,0,0,"","","","","F","F","F","F","F","F","F","F","F","","","","F","F","F","F","F","","","","",0,0,0,0,0,0,0,0,0,18,"PHI","PHI","BRO",1,"T","F",2,2,0,6,0,"T","F",0,2,"T","T","hubec101","mitcc102","T","T",0,0,0,0,0,0,0,0,0,"","","",0,0,0,0,0,0,0,0,0,0,0,0,0,"","F","F","F","F",4,0,0,0,1,0,0,0,0,0,F,F,"1925PHI.EVN.regular.event.csv",196
"PHI192504240","BRO",2,1,0,0,0,"",2,2,"hubec101","?","hubec101","?","vancd101","?","vancd101","?","debeh101","fourj101","higha101","tierc101","mitcj101","wheaz101","browe102","johnj107","","sandh101","","9/F.2-3","F","F",5,8,2,"T","T",0,"F","F",1,"F","F",0,"F","F",9,"F","F","F","",0,0,"N",0,"N",0,"N",0,0,3,0,"9","","","","F","F","F","F","F","F","F","F","F","","vancd101","","F","F","F","F","F","","","","",0,9,0,0,0,0,0,0,0,19,"PHI","PHI","BRO",1,"F","F",2,2,0,7,1,"T","F",2,4,"T","T","mitcc102","burng101","T","T",0,0,0,6,7,18,0,0,0,"","debeh101","",0,0,0,0,0,0,0,0,0,0,0,0,0,"johnj107","F","F","F","F",0,0,4,0,1,0,0,0,0,0,F,F,"1925PHI.EVN.regular.event.csv",197
"PHI192504240","BRO",2,1,1,0,0,"",2,2,"mitcc102","?","mitcc102","?","vancd101","?","vancd101","?","debeh101","fourj101","higha101","tierc101","mitcj101","wheaz101","browe102","johnj107","","","sandh101","9/SF.3-H","F","F",1,9,2,"T","F",0,"F","T",1,"F","F",1,"F","F",9,"F","F","F","",0,0,"N",0,"N",0,"N",0,0,0,4,"9","","","","F","F","F","F","F","F","F","F","F","","","vancd101","F","F","F","F","F","","","","",0,9,0,0,0,0,0,0,0,20,"PHI","PHI","BRO",1,"F","F",2,2,0,8,2,"T","F",4,0,"T","T","burng101","fonsl101","T","T",0,0,0,0,0,0,6,7,18,"","","debeh101",0,0,0,0,0,0,0,0,0,0,0,0,1,"johnj107","F","F","F","F",0,0,0,4,0,0,0,0,0,0,F,F,"1925PHI.EVN.regular.event.csv",198
"PHI192504240","BRO",2,1,2,0,0,"",2,3,"burng101","?","burng101","?","vancd101","?","vancd101","?","debeh101","fourj101","higha101","tierc101","mitcj101","wheaz101","browe102","johnj107","","","","7/F","F","F",7,1,2,"T","T",0,"F","F",1,"F","F",0,"F","F",7,"F","F","F","",0,0,"N",0,"N",0,"N",0,0,0,0,"7","","","","F","F","F","F","F","F","F","F","F","","","","F","F","F","F","F","","","","",0,7,0,0,0,0,0,0,0,21,"PHI","PHI","BRO",1,"F","T",3,2,1,9,3,"T","F",0,0,"T","T","fonsl101","willc103","T","T",0,0,0,0,0,0,0,0,0,"","","",0,0,0,0,0,0,0,0,0,0,0,0,0,"wheaz101","F","F","F","F",0,0,0,0,0,0,0,0,0,0,F,F,"1925PHI.EVN.regular.event.csv",199
"PHI192504240","BRO",3,0,0,0,0,"",2,3,"wheaz101","?","wheaz101","?","mitcc102","?","mitcc102","?","henlb101","holkw101","fonsl101","hubec101","sandh101","burng101","mokaj101","willc103","","","","S7","T","F",7,3,20,"T","T",1,"F","F",0,"F","F",0,"F","F",7,"","F","F","",0,0,"N",0,"N",0,"N",1,0,0,0,"","","","","F","F","F","F","F","F","F","F","F","","","","F","F","F","F","F","","","","",0,0,0,0,0,0,0,0,0,22,"PHI","BRO","PHI",0,"T","F",2,3,0,11,0,"T","F",0,1,"T","T","fourj101","browe102","T","T",0,0,0,0,0,0,0,0,0,"","","",0,0,0,0,0,0,0,0,0,0,0,0,0,"burng101","F","F","F","F",0,0,0,0,1,0,0,0,0,0,F,F,"1925PHI.EVN.regular.event.csv",200
"PHI192504240","BRO",3,0,0,0,0,"",2,3,"fourj101","?","fourj101","?","mitcc102","?","mitcc102","?","henlb101","holkw101","fonsl101","hubec101","sandh101","burng101","mokaj101","willc103","wheaz101","","","W.1-2","F","F",3,4,14,"T","F",0,"F","F",0,"F","F",0,"F","F",0,"","F","F","",0,0,"N",0,"N",0,"N",1,2,0,0,"","","","","F","F","F","F","F","F","F","F","F","mitcc102","","","F","F","F","F","F","","","","",0,0,0,0,0,0,0,0,0,23,"PHI","BRO","PHI",0,"F","F",2,3,0,12,1,"T","F",1,3,"T","T","browe102","johnj107","T","T",7,3,22,0,0,0,0,0,0,"henlb101","","",0,0,0,0,0,0,0,0,0,0,0,0,0,"","F","F","F","F",4,0,0,0,1,0,0,0,0,0,F,F,"1925PHI.EVN.regular.event.csv",201
"PHI192504240","BRO",3,0,0,0,0,"",2,3,"browe102","?","browe102","?","mitcc102","?","mitcc102","?","henlb101","holkw101","fonsl101","hubec101","sandh101","burng101","mokaj101","willc103","fourj101","wheaz101","","9/F9S","F","F",8,5,2,"T","T",0,"F","F",1,"F","F",0,"F","F",9,"F","F","F","9S",0,0,"N",0,"N",0,"N",0,1,2,0,"9","","","","F","F","F","F","F","F","F","F","F","mitcc102","mitcc102","","F","F","F","F","F","","","","",0,9,0,0,0,0,0,0,0,24,"PHI","BRO","PHI",0,"F","F",2,3,0,13,2,"T","F",3,3,"T","T","johnj107","tierc101","T","T",3,4,23,7,3,22,0,0,0,"henlb101","henlb101","",0,0,0,0,0,0,0,0,0,0,0,0,0,"willc103","F","F","F","F",0,4,0,0,1,0,0,0,0,0,F,F,"1925PHI.EVN.regular.event.csv",202
"PHI192504240","BRO",3,0,1,0,0,"",2,3,"johnj107","?","johnj107","?","mitcc102","?","mitcc102","?","henlb101","holkw101","fonsl101","hubec101","sandh101","burng101","mokaj101","willc103","fourj101","wheaz101","","45(2)/FO.1-2","F","F",9,6,2,"T","T",0,"F","F",1,"F","F",0,"F","F",4,"G","F","F","",0,0,"N",0,"N",0,"N",1,2,0,0,"","","45","","F","F","F","F","F","F","F","F","F","mitcc102","mitcc102","","F","F","F","F","F","","","","",0,5,0,0,4,0,0,0,0,25,"PHI","BRO","PHI",0,"F","F",2,3,0,14,3,"T","F",3,3,"T","T","tierc101","debeh101","T","T",3,4,23,7,3,22,0,0,0,"henlb101","henlb101","",0,0,0,0,0,0,0,0,0,0,0,0,0,"fonsl101","F","T","F","F",0,4,0,0,1,0,0,0,0,0,F,F,"1925PHI.EVN.regular.event.csv",203
"PHI192504240","BRO",3,0,2,0,0,"",2,3,"tierc101","?","tierc101","?","mitcc102","?","mitcc102","?","henlb101","holkw101","fonsl101","hubec101","sandh101","burng101","mokaj101","willc103","johnj107","fourj101","","S9.2-H;1-3","F","F",5,7,20,"T","T",1,"F","F",0,"F","F",1,"F","F",9,"","F","F","",0,0,"N",0,"N",0,"N",1,3,4,0,"","","","","F","F","F","F","F","F","F","F","F","mitcc102","mitcc102","","F","F","F","F","F","","","","",0,0,0,0,0,0,0,0,0,26,"PHI","BRO","PHI",0,"F","F",2,3,0,15,4,"T","F",3,5,"T","T","debeh101","vancd101","T","T",9,6,25,3,4,23,0,0,0,"henlb101","henlb101","",0,0,0,0,0,0,0,0,0,0,0,0,1,"willc103","F","F","F","F",0,0,4,0,0,0,0,0,0,0,F,F,"1925PHI.EVN.regular.event.csv",204
"PHI192504240","BRO",3,0,2,0,0,"",3,3,"debeh101","?","debeh101","?","mitcc102","?","mitcc102","?","henlb101","holkw101","fonsl101","hubec101","sandh101","burng101","mokaj101","willc103","tierc101","","johnj107","OA.3XH(2525)","F","F",2,8,12,"F","F",0,"F","F",1,"F","F",0,"F","F",0,"","F","F","",0,0,"N",0,"N",0,"N",0,1,0,0,"","","","2525","F","F","F","F","F","F","F","F","F","mitcc102","","mitcc102","F","F","F","F","F","","","","",0,5,0,0,2,5,0,0,0,27,"PHI","BRO","PHI",0,"F","T",3,3,1,16,5,"T","T",5,1,"T","T","vancd101","higha101","T","T",5,7,26,0,0,0,9,6,25,"henlb101","","henlb101",0,0,0,0,0,0,0,0,0,0,0,0,0,"","F","F","F","F",0,0,0,0,0,0,0,0,0,0,F,F,"1925PHI.EVN.regular.event.csv",205
"PHI192504240","BRO",3,1,0,0,0,"",3,3,"fonsl101","?","fonsl101","?","vancd101","?","vancd101","?","debeh101","fourj101","higha101","tierc101","mitcj101","wheaz101","browe102","johnj107","","","","S8","T","F",4,2,20,"T","T",1,"F","F",0,"F","F",0,"F","F",8,"","F","F","",0,0,"N",0,"N",0,"N",1,0,0,0,"","","","","F","F","F","F","F","F","F","F","F","","","","F","F","F","F","F","","","","",0,0,0,0,0,0,0,0,0,28,"PHI","PHI","BRO",1,"T","F",3,3,0,10,0,"T","F",0,1,"T","T","willc103","mokaj101","T","T",0,0,0,0,0,0,0,0,0,"","","",0,0,0,0,0,0,0,0,0,0,0,0,0,"browe102","F","F","F","F",0,0,0,0,0,0,0,0,0,0,F,F,"1925PHI.EVN.regular.event.csv",206
"PHI192504240","BRO",3,1,0,0,0,"",3,3,"willc103","?","willc103","?","vancd101","?","vancd101","?","debeh101","fourj101","higha101","tierc101","mitcj101","wheaz101","browe102","johnj107","fonsl101","","","43.1-2","F","F",9,3,2,"T","T",0,"F","F",1,"F","F",0,"F","F",4,"G","F","F","",0,0,"N",0,"N",0,"N",0,2,0,0,"43","","","","F","F","F","F","F","F","F","F","F","vancd101","","","F","F","F","F","F","","","","",0,3,0,0,4,0,0,0,0,29,"PHI","PHI","BRO",1,"F","F",3,3,0,11,1,"T","F",1,2,"T","T","mokaj101","holkw101","T","T",4,2,28,0,0,0,0,0,0,"debeh101","","",0,0,0,0,0,0,0,0,0,0,0,0,0,"higha101","F","F","F","F",0,0,0,0,0,0,0,0,0,0,F,F,"1925PHI.EVN.regular.event.csv",207
"PHI192504240","BRO",3,1,1,0,0,"",3,3,"mokaj101","?","mokaj101","?","vancd101","?","vancd101","?","debeh101","fourj101","higha101","tierc101","mitcj101","wheaz101","browe102","johnj107","","fonsl101","","2/FL","F","F",8,4,2,"T","T",0,"F","F",1,"F","F",0,"F","F",2,"F","F","T","",0,0,"N",0,"N",0,"N",0,0,2,0,"2","","","","F","F","F","F","F","F","F","F","F","","vancd101","","F","F","F","F","F","","","","",0,2,0,0,0,0,0,0,0,30,"PHI","PHI","BRO",1,"F","F",3,3,0,12,2,"T","F",2,2,"T","T","holkw101","henlb101","T","T",0,0,0,4,2,28,0,0,0,"","debeh101","",0,0,0,0,0,0,0,0,0,0,0,0,0,"debeh101","F","F","F","F",0,0,0,0,0,0,0,0,0,0,F,F,"1925PHI.EVN.regular.event.csv",208
"PHI192504240","BRO",3,1,2,0,0,"",3,3,"holkw101","?","holkw101","?","vancd101","?","vancd101","?","debeh101","fourj101","higha101","tierc101","mitcj101","wheaz101","browe102","johnj107","","fonsl101","","K23","F","F",3,5,3,"T","T",0,"F","F",1,"F","F",0,"F","F",0,"","F","F","",0,0,"N",0,"N",0,"N",0,0,2,0,"23","","","","F","F","F","F","F","F","F","F","F","","vancd101","","F","F","F","F","F","","","","",0,3,0,0,2,0,0,0,0,31,"PHI","PHI","BRO",1,"F","T",3,3,0,13,3,"T","F",2,2,"T","T","henlb101","sandh101","T","T",0,0,0,4,2,28,0,0,0,"","debeh101","",0,0,0,0,0,0,0,0,0,0,0,0,0,"","F","F","F","F",0,0,0,0,0,0,0,0,0,0,F,F,"1925PHI.EVN.regular.event.csv",209
"PHI192504240","BRO",4,0,0,0,0,"",3,3,"debeh101","?","debeh101","?","mitcc102","?","mitcc102","?","henlb101","holkw101","fonsl101","hubec101","sandh101","burng101","mokaj101","willc103","","","","W","T","F",2,8,14,"T","F",0,"F","F",0,"F","F",0,"F","F",0,"","F","F","",0,0,"N",0,"N",0,"N",1,0,0,0,"","","","","F","F","F","F","F","F","F","F","F","","","","F","F","F","F","F","","","","",0,0,0,0,0,0,0,0,0,32,"PHI","BRO","PHI",0,"T","F",3,3,0,16,0,"T","F",0,1,"T","T","vancd101","higha101","T","T",0,0,0,0,0,0,0,0,0,"","","",0,0,0,0,0,0,0,0,0,0,0,0,0,"","F","F","F","F",0,0,0,0,0,0,0,0,0,0,F,F,"1925PHI.EVN.regular.event.csv",210
"PHI192504240","BRO",4,0,0,0,0,"",3,3,"vancd101","?","vancd101","?","mitcc102","?","mitcc102","?","henlb101","holkw101","fonsl101","hubec101","sandh101","burng101","mokaj101","willc103","debeh101","","","14/SH.1-2","F","F",1,9,2,"T","F",0,"T","F",1,"F","F",0,"F","F",1,"G","T","F","",0,0,"N",0,"N",0,"N",0,2,0,0,"14","","","","F","F","F","F","F","F","F","F","F","mitcc102","","","F","F","F","F","F","","","","",0,4,0,0,1,0,0,0,0,33,"PHI","BRO","PHI",0,"F","F",3,3,0,17,1,"T","F",1,2,"T","T","higha101","mitcj101","T","T",2,8,32,0,0,0,0,0,0,"henlb101","","",0,0,0,0,0,0,0,0,0,0,0,0,0,"mitcc102","F","F","F","F",0,0,0,0,0,0,0,0,0,0,F,F,"1925PHI.EVN.regular.event.csv",211
"PHI192504240","BRO",4,0,1,0,0,"",3,3,"higha101","?","higha101","?","mitcc102","?","mitcc102","?","henlb101","holkw101","fonsl101","hubec101","sandh101","burng101","mokaj101","willc103","","debeh101","","7/F7S","F","F",4,1,2,"T","T",0,"F","F",1,"F","F",0,"F","F",7,"F","F","F","7S",0,0,"N",0,"N",0,"N",0,0,2,0,"7","","","","F","F","F","F","F","F","F","F","F","","mitcc102","","F","F","F","F","F","","","","",0,7,0,0,0,0,0,0,0,34,"PHI","BRO","PHI",0,"F","F",3,3,0,18,2,"T","F",2,2,"T","T","mitcj101","wheaz101","T","T",0,0,0,2,8,32,0,0,0,"","henlb101","",0,0,0,0,0,0,0,0,0,0,0,0,0,"burng101","F","F","F","F",0,0,0,0,0,0,0,0,0,0,F,F,"1925PHI.EVN.regular.event.csv",212
"PHI192504240","BRO",4,0,2,0,0,"",3,3,"mitcj101","?","mitcj101","?","mitcc102","?","mitcc102","?","henlb101","holkw101","fonsl101","hubec101","sandh101","burng101","mokaj101","willc103","","debeh101","","2/FL","F","F",6,2,2,"T","T",0,"F","F",1,"F","F",0,"F","F",2,"F","F","T","",0,0,"N",0,"N",0,"N",0,0,2,0,"2","","","","F","F","F","F","F","F","F","F","F","","mitcc102","","F","F","F","F","F","","","","",0,2,0,0,0,0,0,0,0,35,"PHI","BRO","PHI",0,"F","T",3,3,0,19,3,"T","F",2,2,"T","T","wheaz101","fourj101","T","T",0,0,0,2,8,32,0,0,0,"","henlb101","",0,0,0,0,0,0,0,0,0,0,0,0,0,"henlb101","F","F","F","F",0,0,0,0,0,0,0,0,0,0,F,F,"1925PHI.EVN.regular.event.csv",213
"PHI192504240","BRO",4,1,0,0,0,"",3,3,"henlb101","?","henlb101","?","vancd101","?","vancd101","?","debeh101","fourj101","higha101","tierc101","mitcj101","wheaz101","browe102","johnj107","","","","W","T","F",2,6,14,"T","F",0,"F","F",0,"F","F",0,"F","F",0,"","F","F","",0,0,"N",0,"N",0,"N",1,0,0,0,"","","","","F","F","F","F","F","F","F","F","F","","","","F","F","F","F","F","","","","",0,0,0,0,0,0,0,0,0,36,"PHI","PHI","BRO",1,"T","F",3,3,0,14,0,"T","F",0,1,"T","T","sandh101","hubec101","T","T",0,0,0,0,0,0,0,0,0,"","","",0,0,0,0,0,0,0,0,0,0,0,0,0,"","F","F","F","F",0,0,0,0,1,0,0,0,0,0,F,F,"1925PHI.EVN.regular.event.csv",214
"PHI192504240","BRO",4,1,0,0,0,"",3,3,"sandh101","?","sandh101","?","vancd101","?","vancd101","?","debeh101","fourj101","higha101","tierc101","mitcj101","wheaz101","browe102","johnj107","henlb101","","","S3/BG.1-2","F","F",6,7,20,"T","T",1,"F","F",0,"F","F",0,"F","F",3,"G","T","F","",0,0,"N",0,"N",0,"N",1,2,0,0,"","","","","F","F","F","F","F","F","F","F","F","vancd101","","","F","F","F","F","F","","","","",0,0,0,0,0,0,0,0,0,37,"PHI","PHI","BRO",1,"F","F",3,3,0,15,1,"T","F",1,3,"T","T","hubec101","mitcc102","T","T",2,6,36,0,0,0,0,0,0,"debeh101","","",0,0,0,0,0,0,0,0,0,0,0,0,0,"fourj101","F","F","F","F",4,0,0,0,1,0,0,0,0,0,F,F,"1925PHI.EVN.regular.event.csv",215
"PHI192504240","BRO",4,1,0,0,0,"",3,3,"hubec101","?","hubec101","?","vancd101","?","vancd101","?","debeh101","fourj101","higha101","tierc101","mitcj101","wheaz101","browe102","johnj107","sandh101","henlb101","","15(2)/FO.1-2","F","F",5,8,2,"T","T",0,"F","F",1,"F","F",0,"F","F",1,"G","F","F","",0,0,"N",0,"N",0,"N",1,2,0,0,"","","15","","F","F","F","F","F","F","F","F","F","vancd101","vancd101","","F","F","F","F","F","","","","",0,5,0,0,1,0,0,0,0,38,"PHI","PHI","BRO",1,"F","F",3,3,0,16,2,"T","F",3,3,"T","T","mitcc102","burng101","T","T",6,7,37,2,6,36,0,0,0,"debeh101","debeh101","",0,0,0,0,0,0,0,0,0,0,0,0,0,"vancd101","F","T","F","F",0,4,0,0,1,0,0,0,0,0,F,F,"1925PHI.EVN.regular.event.csv",216
"PHI192504240","BRO",4,1,1,0,0,"",3,3,"mitcc102","?","mitcc102","?","vancd101","?","vancd101","?","debeh101","fourj101","higha101","tierc101","mitcj101","wheaz101","browe102","johnj107","hubec101","sandh101","","S8.2-H;1-3","F","F",1,9,20,"T","T",1,"F","F",0,"F","F",1,"F","F",8,"","F","F","",0,0,"N",0,"N",0,"N",1,3,4,0,"","","","","F","F","F","F","F","F","F","F","F","vancd101","vancd101","","F","F","F","F","F","","","","",0,0,0,0,0,0,0,0,0,39,"PHI","PHI","BRO",1,"F","F",3,3,0,17,3,"T","F",3,5,"T","T","burng101","fonsl101","T","T",5,8,38,6,7,37,0,0,0,"debeh101","debeh101","",0,0,0,0,0,0,0,0,0,0,0,0,1,"browe102","F","F","F","F",0,0,4,0,0,0,0,0,0,0,F,F,"1925PHI.EVN.regular.event.csv",217
"PHI192504240","BRO",4,1,1,0,0,"",3,4,"burng101","?","burng101","?","vancd101","?","vancd101","?","debeh101","fourj101","higha101","tierc101","mitcj101","wheaz101","browe102","johnj107","mitcc102","","hubec101","64(1)3/GDP","F","F",7,1,2,"T","T",0,"F","F",2,"T","F",0,"F","F",6,"G","F","F","",0,0,"N",0,"N",0,"N",0,0,0,3,"43","64","","","F","F","F","F","F","F","F","F","F","vancd101","","vancd101","F","F","F","F","F","","","","",0,4,3,0,6,4,0,0,0,40,"PHI","PHI","BRO",1,"F","T",4,3,1,18,4,"T","F",5,4,"T","T","fonsl101","willc103","T","T",1,9,39,0,0,0,5,8,38,"debeh101","","debeh101",0,0,0,0,0,0,0,0,0,0,0,0,0,"mitcj101","T","F","F","F",0,0,0,0,0,0,0,0,0,0,F,F,"1925PHI.EVN.regular.event.csv",218
"PHI192504240","BRO",5,0,0,0,0,"",3,4,"wheaz101","?","wheaz101","?","mitcc102","?","mitcc102","?","henlb101","holkw101","fonsl101","hubec101","sandh101","burng101","mokaj101","willc103","","","","S8","T","F",7,3,20,"T","T",1,"F","F",0,"F","F",0,"F","F",8,"","F","F","",0,0,"N",0,"N",0,"N",1,0,0,0,"","","","","F","F","F","F","F","F","F","F","F","","","","F","F","F","F","F","","","","",0,0,0,0,0,0,0,0,0,41,"PHI","BRO","PHI",0,"T","F",3,4,0,20,0,"T","F",0,1,"T","T","fourj101","browe102","T","T",0,0,0,0,0,0,0,0,0,"","","",0,0,0,0,0,0,0,0,0,0,0,0,0,"mokaj101","F","F","F","F",4,0,0,0,2,0,0,0,0,0,F,F,"1925PHI.EVN.regular.event.csv",219
"PHI192504240","BRO",5,0,0,0,0,"",3,4,"fourj101","?","fourj101","?","mitcc102","?","mitcc102","?","henlb101","holkw101","fonsl101","hubec101","sandh101","burng101","mokaj101","willc103","wheaz101","","","S4/G.1-2","F","F",3,4,20,"T","T",1,"F","F",0,"F","F",0,"F","F",4,"G","F","F","",0,0,"N",0,"N",0,"N",1,2,0,0,"","","","","F","F","F","F","F","F","F","F","F","mitcc102","","","F","F","F","F","F","","","","",0,0,0,0,0,0,0,0,0,42,"PHI","BRO","PHI",0,"F","F",3,4,0,21,1,"T","F",1,3,"T","T","browe102","johnj107","T","T",7,3,41,0,0,0,0,0,0,"henlb101","","",0,0,0,0,0,0,0,0,0,0,0,0,0,"fonsl101","F","F","F","F",0,4,0,0,2,0,0,0,0,0,F,F,"1925PHI.EVN.regular.event.csv",220
"PHI192504240","BRO",5,0,0,0,0,"",3,4,"browe102","?","browe102","?","mitcc102","?","mitcc102","?","henlb101","holkw101","fonsl101","hubec101","sandh101","burng101","mokaj101","willc103","fourj101","wheaz101","","64(1)/FO.2-3","F","F",8,5,2,"T","T",0,"F","F",1,"F","F",0,"F","F",6,"G","F","F","",0,0,"N",0,"N",0,"N",1,0,3,0,"","64","","","F","F","F","F","F","F","F","F","F","mitcc102","mitcc102","","F","F","F","F","F","","","","",0,4,0,0,6,0,0,0,0,43,"PHI","BRO","PHI",0,"F","F",3,4,0,22,2,"T","F",3,5,"T","T","johnj107","tierc101","T","T",3,4,42,7,3,41,0,0,0,"henlb101","henlb101","",0,0,0,0,0,0,0,0,0,0,0,0,0,"sandh101","T","F","F","F",4,0,4,0,2,0,0,0,0,0,F,F,"1925PHI.EVN.regular.event.csv",221
"PHI192504240","BRO",5,0,1,0,0,"",3,4,"johnj107","?","johnj107","?","mitcc102","?","mitcc102","?","henlb101","holkw101","fonsl101","hubec101","sandh101","burng101","mokaj101","willc103","browe102","","wheaz101","S7/6.3-H;1-3","F","F",9,6,20,"T","T",1,"F","F",0,"F","F",1,"F","F",7,"","F","F","6",0,0,"N",0,"N",0,"N",1,3,0,4,"","","","","F","F","F","F","F","F","F","F","F","mitcc102","","mitcc102","F","F","F","F","F","","","","",0,0,0,0,0,0,0,0,0,44,"PHI","BRO","PHI",0,"F","F",3,4,0,23,3,"T","F",5,5,"T","T","tierc101","debeh101","T","T",8,5,43,0,0,0,7,3,41,"henlb101","","henlb101",0,0,0,0,0,0,0,0,0,0,0,0,1,"burng101","F","F","F","F",0,4,0,4,1,0,0,0,0,0,F,F,"1925PHI.EVN.regular.event.csv",222
"PHI192504240","BRO",5,0,1,0,0,"",4,4,"tierc101","?","tierc101","?","mitcc102","?","mitcc102","?","henlb101","holkw101","fonsl101","hubec101","sandh101","burng101","mokaj101","willc103","johnj107","","browe102","SB2","F","F",5,7,4,"F","F",0,"F","F",0,"F","F",0,"F","F",0,"","F","F","",0,0,"N",0,"N",0,"N",0,2,0,3,"","","","","T","F","F","F","F","F","F","F","F","mitcc102","","mitcc102","F","F","F","F","F","","","","",0,0,0,0,0,0,0,0,0,45,"PHI","BRO","PHI",0,"F","F",4,4,1,24,4,"T","F",5,6,"T","T","debeh101","vancd101","T","T",9,6,44,0,0,0,8,5,43,"henlb101","","henlb101",0,0,0,0,0,0,0,0,0,0,0,0,0,"","F","F","F","F",0,0,0,4,1,0,0,0,0,0,F,F,"1925PHI.EVN.regular.event.csv",223
"PHI192504240","BRO",5,0,1,0,0,"",4,4,"tierc101","?","tierc101","?","mitcc102","?","mitcc102","?","henlb101","holkw101","fonsl101","hubec101","sandh101","burng101","mokaj101","willc103","","johnj107","browe102","7/SF.3-H","F","F",5,7,2,"T","F",0,"F","T",1,"F","F",1,"F","F",7,"F","F","F","",0,0,"N",0,"N",0,"N",0,0,2,4,"7","","","","F","F","F","F","F","F","F","F","F","","mitcc102","mitcc102","F","F","F","F","F","","","","",0,7,0,0,0,0,0,0,0,46,"PHI","BRO","PHI",0,"F","F",4,4,1,24,4,"F","F",6,2,"T","T","debeh101","vancd101","T","T",0,0,0,9,6,44,8,5,43,"","henlb101","henlb101",0,0,0,0,0,0,0,0,0,0,0,0,1,"burng101","F","F","F","F",0,0,0,4,0,0,0,0,0,0,F,F,"1925PHI.EVN.regular.event.csv",224
"PHI192504240","BRO",5,0,2,0,0,"",5,4,"debeh101","?","debeh101","?","mitcc102","?","mitcc102","?","henlb101","holkw101","fonsl101","hubec101","sandh101","burng101","mokaj101","willc103","","johnj107","","63","F","F",2,8,2,"T","T",0,"F","F",1,"F","F",0,"F","F",6,"G","F","F","",0,0,"N",0,"N",0,"N",0,0,2,0,"63","","","","F","F","F","F","F","F","F","F","F","","mitcc102","","F","F","F","F","F","","","","",0,3,0,0,6,0,0,0,0,47,"PHI","BRO","PHI",0,"F","T",5,4,2,25,5,"T","F",2,2,"T","T","vancd101","higha101","T","T",0,0,0,9,6,44,0,0,0,"","henlb101","",0,0,0,0,0,0,0,0,0,0,0,0,0,"sandh101","F","F","F","F",0,0,0,0,0,0,0,0,0,0,F,F,"1925PHI.EVN.regular.event.csv",225
"PHI192504240","BRO",5,1,0,0,0,"",5,4,"fonsl101","?","fonsl101","?","vancd101","?","vancd101","?","debeh101","fourj101","higha101","tierc101","mitcj101","wheaz101","browe102","johnj107","","","","S7","T","F",4,2,20,"T","T",1,"F","F",0,"F","F",0,"F","F",7,"","F","F","",0,0,"N",0,"N",0,"N",1,0,0,0,"","","","","F","F","F","F","F","F","F","F","F","","","","F","F","F","F","F","","","","",0,0,0,0,0,0,0,0,0,48,"PHI","PHI","BRO",1,"T","F",4,5,0,19,0,"T","F",0,1,"T","T","willc103","mokaj101","T","T",0,0,0,0,0,0,0,0,0,"","","",0,0,0,0,0,0,0,0,0,0,0,0,0,"wheaz101","F","F","F","F",4,0,0,0,1,0,0,0,0,0,F,F,"1925PHI.EVN.regular.event.csv",226
"PHI192504240","BRO",5,1,0,0,0,"",5,4,"willc103","?","willc103","?","vancd101","?","vancd101","?","debeh101","fourj101","higha101","tierc101","mitcj101","wheaz101","browe102","johnj107","fonsl101","","","D8.1-H","F","F",9,3,21,"T","T",2,"F","F",0,"F","F",1,"F","F",8,"","F","F","",0,0,"N",0,"N",0,"N",2,4,0,0,"","","","","F","F","F","F","F","F","F","F","F","vancd101","","","F","F","F","F","F","","","","",0,0,0,0,0,0,0,0,0,49,"PHI","PHI","BRO",1,"F","F",4,5,0,20,1,"T","F",1,2,"T","T","mokaj101","holkw101","T","T",4,2,48,0,0,0,0,0,0,"debeh101","","",0,0,0,0,0,0,0,0,0,0,0,0,1,"browe102","F","F","F","F",0,4,0,0,0,0,0,0,0,0,F,F,"1925PHI.EVN.regular.event.csv",227
"PHI192504240","BRO",5,1,0,0,0,"",5,5,"mokaj101","?","mokaj101","?","vancd101","?","vancd101","?","debeh101","fourj101","higha101","tierc101","mitcj101","wheaz101","browe102","johnj107","","willc103","","FC1.2X3(1562);B-2#","F","F",8,4,19,"T","T",0,"F","F",1,"F","F",0,"F","F",1,"G","F","F","",0,0,"N",0,"N",0,"N",2,0,0,0,"","","1562","","F","F","F","F","F","F","F","F","F","","vancd101","","F","F","F","F","F","","","","",0,2,0,0,1,5,6,0,0,50,"PHI","PHI","BRO",1,"F","F",5,5,1,21,2,"T","F",2,2,"T","T","holkw101","henlb101","T","T",0,0,0,9,3,49,0,0,0,"","debeh101","",0,0,0,0,0,0,0,0,0,0,0,0,0,"vancd101","F","F","F","F",0,0,0,0,0,0,0,0,0,0,F,T,"1925PHI.EVN.regular.event.csv",228
"PHI192504240","BRO",5,1,1,0,0,"",5,5,"holkw101","?","holkw101","?","vancd101","?","vancd101","?","debeh101","fourj101","higha101","tierc101","mitcj101","wheaz101","browe102","johnj107","","mokaj101","","43.2-3","F","F",3,5,2,"T","T",0,"F","F",1,"F","F",0,"F","F",4,"G","F","F","",0,0,"N",0,"N",0,"N",0,0,3,0,"43","","","","F","F","F","F","F","F","F","F","F","","vancd101","","F","F","F","F","F","","","","",0,3,0,0,4,0,0,0,0,51,"PHI","PHI","BRO",1,"F","F",5,5,1,22,3,"T","F",2,4,"T","T","henlb101","sandh101","T","T",0,0,0,8,4,50,0,0,0,"","debeh101","",0,0,0,0,0,0,0,0,0,0,0,0,0,"higha101","F","F","F","F",0,0,0,0,0,0,0,0,0,0,F,F,"1925PHI.EVN.regular.event.csv",229
"PHI192504240","BRO",5,1,2,0,0,"",5,5,"henlb101","?","henlb101","?","vancd101","?","vancd101","?","debeh101","fourj101","higha101","tierc101","mitcj101","wheaz101","browe102","johnj107","","","mokaj101","2/FL","F","F",2,6,2,"T","T",0,"F","F",1,"F","F",0,"F","F",2,"F","F","T","",0,0,"N",0,"N",0,"N",0,0,0,3,"2","","","","F","F","F","F","F","F","F","F","F","","","vancd101","F","F","F","F","F","","","","",0,2,0,0,0,0,0,0,0,52,"PHI","PHI","BRO",1,"F","T",5,5,1,23,4,"T","F",4,4,"T","T","sandh101","hubec101","T","T",0,0,0,0,0,0,8,4,50,"","","debeh101",0,0,0,0,0,0,0,0,0,0,0,0,0,"debeh101","F","F","F","F",0,0,0,0,0,0,0,0,0,0,F,F,"1925PHI.EVN.regular.event.csv",230
"PHI192504240","BRO",6,0,0,0,0,"",5,5,"vancd101","?","vancd101","?","mitcc102","?","mitcc102","?","henlb101","holkw101","fonsl101","hubec101","sandh101","burng101","mokaj101","willc103","","","","2/FL","T","F",1,9,2,"T","T",0,"F","F",1,"F","F",0,"F","F",2,"F","F","T","",0,0,"N",0,"N",0,"N",0,0,0,0,"2","","","","F","F","F","F","F","F","F","F","F","","","","F","F","F","F","F","","","","",0,2,0,0,0,0,0,0,0,53,"PHI","BRO","PHI",0,"T","F",5,5,0,26,0,"T","F",0,0,"T","T","higha101","mitcj101","T","T",0,0,0,0,0,0,0,0,0,"","","",0,0,0,0,0,0,0,0,0,0,0,0,0,"henlb101","F","F","F","F",0,0,0,0,2,0,0,0,0,0,F,F,"1925PHI.EVN.regular.event.csv",231
"PHI192504240","BRO",6,0,1,0,0,"",5,5,"higha101","?","higha101","?","mitcc102","?","mitcc102","?","henlb101","holkw101","fonsl101","hubec101","sandh101","burng101","mokaj101","willc103","","","","3/G","F","F",4,1,2,"T","T",0,"F","F",1,"F","F",0,"F","F",3,"G","F","F","",0,0,"N",0,"N",0,"N",0,0,0,0,"3","","","","F","F","F","F","F","F","F","F","F","","","","F","F","F","F","F","","","","",0,3,0,0,0,0,0,0,0,54,"PHI","BRO","PHI",0,"F","F",5,5,0,27,1,"T","F",0,0,"T","T","mitcj101","wheaz101","T","T",0,0,0,0,0,0,0,0,0,"","","",0,0,0,0,0,0,0,0,0,0,0,0,0,"holkw101","F","F","F","F",0,0,0,0,2,0,0,0,0,0,F,F,"1925PHI.EVN.regular.event.csv",232
"PHI192504240","BRO",6,0,2,0,0,"",5,5,"mitcj101","?","mitcj101","?","mitcc102","?","mitcc102","?","henlb101","holkw101","fonsl101","hubec101","sandh101","burng101","mokaj101","willc103","","","","S9","F","F",6,2,20,"T","T",1,"F","F",0,"F","F",0,"F","F",9,"","F","F","",0,0,"N",0,"N",0,"N",1,0,0,0,"","","","","F","F","F","F","F","F","F","F","F","","","","F","F","F","F","F","","","","",0,0,0,0,0,0,0,0,0,55,"PHI","BRO","PHI",0,"F","F",5,5,0,28,2,"T","F",0,1,"T","T","wheaz101","fourj101","T","T",0,0,0,0,0,0,0,0,0,"","","",0,0,0,0,0,0,0,0,0,0,0,0,0,"willc103","F","F","F","F",4,0,0,0,2,0,0,0,0,0,F,F,"1925PHI.EVN.regular.event.csv",233
"PHI192504240","BRO",6,0,2,0,0,"",5,5,"wheaz101","?","wheaz101","?","mitcc102","?","mitcc102","?","henlb101","holkw101","fonsl101","hubec101","sandh101","burng101","mokaj101","willc103","mitcj101","","","HR/F9D.1-H","F","F",7,3,23,"T","T",4,"F","F",0,"F","F",2,"F","F",0,"F","F","F","9D",0,0,"N",0,"N",0,"N",4,4,0,0,"","","","","F","F","F","F","F","F","F","F","F","mitcc102","","","F","F","F","F","F","","","","",0,0,0,0,0,0,0,0,0,56,"PHI","BRO","PHI",0,"F","F",5,5,0,29,3,"T","F",1,0,"T","T","fourj101","browe102","T","T",6,2,55,0,0,0,0,0,0,"henlb101","","",0,0,0,0,0,0,0,0,0,0,0,0,2,"","F","F","F","F",4,4,0,0,0,0,0,0,0,0,F,F,"1925PHI.EVN.regular.event.csv",234
"PHI192504240","BRO",6,0,2,0,0,"",7,5,"fourj101","?","fourj101","?","mitcc102","?","mitcc102","?","henlb101","holkw101","fonsl101","hubec101","sandh101","burng101","mokaj101","willc103","","","","FLE2","F","F",3,4,13,"F","F",0,"F","F",0,"F","F",0,"F","F",2,"P","F","T","",1,2,"F",0,"N",0,"N",0,0,0,0,"","","","","F","F","F","F","F","F","F","F","F","","","","F","F","F","F","F","","","","",0,0,0,0,0,0,0,0,0,57,"PHI","BRO","PHI",0,"F","F",7,5,2,30,4,"T","F",0,0,"T","T","browe102","johnj107","T","T",0,0,0,0,0,0,0,0,0,"","","",0,0,0,0,0,0,0,0,0,0,0,0,0,"henlb101","F","F","F","F",0,0,0,0,0,0,0,0,0,0,F,F,"1925PHI.EVN.regular.event.csv",235
"PHI192504240","BRO",6,0,2,0,0,"",7,5,"fourj101","?","fourj101","?","mitcc102","?","mitcc102","?","henlb101","holkw101","fonsl101","hubec101","sandh101","burng101","mokaj101","willc103","","","","E3/P","F","F",3,4,18,"T","T",0,"F","F",0,"F","F",0,"F","F",3,"P","F","F","",1,3,"F",0,"N",0,"N",1,0,0,0,"","","","","F","F","F","F","F","F","F","F","F","","","","F","F","F","F","F","","","","",0,0,0,0,0,0,0,0,0,58,"PHI","BRO","PHI",0,"F","F",7,5,2,30,4,"F","F",0,1,"T","T","browe102","johnj107","T","T",0,0,0,0,0,0,0,0,0,"","","",0,0,0,0,0,0,0,0,0,0,0,0,0,"holkw101","F","F","F","T",0,0,0,0,0,0,0,0,0,0,F,F,"1925PHI.EVN.regular.event.csv",236
"PHI192504240","BRO",6,0,2,0,0,"",7,5,"browe102","?","browe102","?","mitcc102","?","mitcc102","?","henlb101","holkw101","fonsl101","hubec101","sandh101","burng101","mokaj101","willc103","fourj101","","","PO1(136)","F","F",8,5,8,"F","F",0,"F","F",1,"F","F",0,"F","F",0,"","F","F","",0,0,"N",0,"N",0,"N",0,0,0,0,"","136","","","F","F","F","F","F","F","T","F","F","mitcc102","","","F","F","F","F","F","","","","",0,6,0,0,1,3,0,0,0,59,"PHI","BRO","PHI",0,"F","T",7,5,2,31,5,"T","T",1,0,"T","T","johnj107","tierc101","T","T",3,4,58,0,0,0,0,0,0,"henlb101","","",0,0,0,0,0,0,0,0,0,0,0,0,0,"","F","F","F","F",0,0,0,0,0,0,0,0,0,0,F,F,"1925PHI.EVN.regular.event.csv",237
"PHI192504240","BRO",6,1,0,0,0,"",7,5,"sandh101","?","sandh101","?","vancd101","?","vancd101","?","debeh101","fourj101","higha101","tierc101","mitcj101","wheaz101","browe102","johnj107","","","","8/F","T","F",6,7,2,"T","T",0,"F","F",1,"F","F",0,"F","F",8,"F","F","F","",0,0,"N",0,"N",0,"N",0,0,0,0,"8","","","","F","F","F","F","F","F","F","F","F","","","","F","F","F","F","F","","","","",0,8,0,0,0,0,0,0,0,60,"PHI","PHI","BRO",1,"T","F",5,7,0,24,0,"T","F",0,0,"T","T","hubec101","mitcc102","T","T",0,0,0,0,0,0,0,0,0,"","","",0,0,0,0,0,0,0,0,0,0,0,0,0,"browe102","F","F","F","F",0,0,0,0,1,0,0,0,0,0,F,F,"1925PHI.EVN.regular.event.csv",238
"PHI192504240","BRO",6,1,1,0,0,"",7,5,"hubec101","?","hubec101","?","vancd101","?","vancd101","?","debeh101","fourj101","higha101","tierc101","mitcj101","wheaz101","browe102","johnj107","","","","4/P","F","F",5,8,2,"T","T",0,"F","F",1,"F","F",0,"F","F",4,"P","F","F","",0,0,"N",0,"N",0,"N",0,0,0,0,"4","","","","F","F","F","F","F","F","F","F","F","","","","F","F","F","F","F","","","","",0,4,0,0,0,0,0,0,0,61,"PHI","PHI","BRO",1,"F","F",5,7,0,25,1,"T","F",0,0,"T","T","mitcc102","burng101","T","T",0,0,0,0,0,0,0,0,0,"","","",0,0,0,0,0,0,0,0,0,0,0,0,0,"higha101","F","F","F","F",0,0,0,0,1,0,0,0,0,0,F,F,"1925PHI.EVN.regular.event.csv",239
"PHI192504240","BRO",6,1,2,0,0,"",7,5,"mitcc102","?","mitcc102","?","vancd101","?","vancd101","?","debeh101","fourj101","higha101","tierc101","mitcj101","wheaz101","browe102","johnj107","","","","S9","F","F",1,9,20,"T","T",1,"F","F",0,"F","F",0,"F","F",9,"","F","F","",0,0,"N",0,"N",0,"N",1,0,0,0,"","","","","F","F","F","F","F","F","F","F","F","","","","F","F","F","F","F","","","","",0,0,0,0,0,0,0,0,0,62,"PHI","PHI","BRO",1,"F","F",5,7,0,26,2,"T","F",0,1,"T","T","burng101","fonsl101","T","T",0,0,0,0,0,0,0,0,0,"","","",0,0,0,0,0,0,0,0,0,0,0,0,0,"johnj107","F","F","F","F",4,0,0,0,1,0,0,0,0,0,F,F,"1925PHI.EVN.regular.event.csv",240
"PHI192504240","BRO",6,1,2,0,0,"",7,5,"burng101","?","burng101","?","vancd101","?","vancd101","?","debeh101","fourj101","higha101","tierc101","mitcj101","wheaz101","browe102","johnj107","mitcc102","","","S5/BG.1-2","F","F",7,1,20,"T","T",1,"F","F",0,"F","F",0,"F","F",5,"G","T","F","",0,0,"N",0,"N",0,"N",1,2,0,0,"","","","","F","F","F","F","F","F","F","F","F","vancd101","","","F","F","F","F","F","","","","",0,0,0,0,0,0,0,0,0,63,"PHI","PHI","BRO",1,"F","F",5,7,0,27,3,"T","F",1,3,"T","T","fonsl101","willc103","T","T",1,9,62,0,0,0,0,0,0,"debeh101","","",0,0,0,0,0,0,0,0,0,0,0,0,0,"tierc101","F","F","F","F",0,4,0,0,1,0,0,0,0,0,F,F,"1925PHI.EVN.regular.event.csv",241
"PHI192504240","BRO",6,1,2,0,0,"",7,5,"fonsl101","?","fonsl101","?","vancd101","?","vancd101","?","debeh101","fourj101","higha101","tierc101","mitcj101","wheaz101","browe102","johnj107","burng101","mitcc102","","S9.2-H;1XH(942)","F","F",4,2,20,"T","T",1,"F","F",1,"F","F",1,"F","F",9,"","F","F","",0,0,"N",0,"N",0,"N",1,0,4,0,"","942","","","F","F","F","F","F","F","F","F","F","vancd101","vancd101","","F","F","F","F","F","","","","",0,2,0,0,9,4,0,0,0,64,"PHI","PHI","BRO",1,"F","T",5,7,0,28,4,"T","F",3,1,"T","T","willc103","mokaj101","T","T",7,1,63,1,9,62,0,0,0,"debeh101","debeh101","",0,0,0,0,0,0,0,0,0,0,0,0,1,"johnj107","F","F","F","F",0,0,4,0,0,0,0,0,0,0,F,F,"1925PHI.EVN.regular.event.csv",242
"PHI192504240","BRO",7,0,0,0,0,"",7,6,"browe102","?","browe102","?","mitcc102","?","mitcc102","?","henlb101","holkw101","fonsl101","hubec101","sandh101","burng101","mokaj101","willc103","","","","2/FL","T","F",8,5,2,"T","T",0,"F","F",1,"F","F",0,"F","F",2,"F","F","T","",0,0,"N",0,"N",0,"N",0,0,0,0,"2","","","","F","F","F","F","F","F","F","F","F","","","","F","F","F","F","F","","","","",0,2,0,0,0,0,0,0,0,65,"PHI","BRO","PHI",0,"T","F",7,6,0,31,0,"T","F",0,0,"T","T","johnj107","tierc101","T","T",0,0,0,0,0,0,0,0,0,"","","",0,0,0,0,0,0,0,0,0,0,0,0,0,"henlb101","F","F","F","F",0,0,0,0,0,0,0,0,0,0,F,F,"1925PHI.EVN.regular.event.csv",243
"PHI192504240","BRO",7,0,1,0,0,"",7,6,"johnj107","?","johnj107","?","mitcc102","?","mitcc102","?","henlb101","holkw101","fonsl101","hubec101","sandh101","burng101","mokaj101","willc103","","","","W","F","F",9,6,14,"T","F",0,"F","F",0,"F","F",0,"F","F",0,"","F","F","",0,0,"N",0,"N",0,"N",1,0,0,0,"","","","","F","F","F","F","F","F","F","F","F","","","","F","F","F","F","F","","","","",0,0,0,0,0,0,0,0,0,66,"PHI","BRO","PHI",0,"F","F",7,6,0,32,1,"T","F",0,1,"T","T","tierc101","debeh101","T","T",0,0,0,0,0,0,0,0,0,"","","",0,0,0,0,0,0,0,0,0,0,0,0,0,"","F","F","F","F",0,0,0,0,0,0,0,0,0,0,F,F,"1925PHI.EVN.regular.event.csv",244
"PHI192504240","BRO",7,0,1,0,0,"",7,6,"tierc101","?","tierc101","?","mitcc102","?","mitcc102","?","henlb101","holkw101","fonsl101","hubec101","sandh101","burng101","mokaj101","willc103","johnj107","","","K","F","F",5,7,3,"T","T",0,"F","F",1,"F","F",0,"F","F",0,"","F","F","",0,0,"N",0,"N",0,"N",0,1,0,0,"2","","","","F","F","F","F","F","F","F","F","F","mitcc102","","","F","F","F","F","F","","","","",0,2,0,0,0,0,0,0,0,67,"PHI","BRO","PHI",0,"F","F",7,6,0,33,2,"T","F",1,1,"T","T","debeh101","vancd101","T","T",9,6,66,0,0,0,0,0,0,"henlb101","","",0,0,0,0,0,0,0,0,0,0,0,0,0,"","F","F","F","F",0,0,0,0,0,0,0,0,0,0,F,F,"1925PHI.EVN.regular.event.csv",245
"PHI192504240","BRO",7,0,2,0,0,"",7,6,"debeh101","?","debeh101","?","mitcc102","?","mitcc102","?","henlb101","holkw101","fonsl101","hubec101","sandh101","burng101","mokaj101","willc103","johnj107","","","7/F","F","F",2,8,2,"T","T",0,"F","F",1,"F","F",0,"F","F",7,"F","F","F","",0,0,"N",0,"N",0,"N",0,1,0,0,"7","","","","F","F","F","F","F","F","F","F","F","mitcc102","","","F","F","F","F","F","","","","",0,7,0,0,0,0,0,0,0,68,"PHI","BRO","PHI",0,"F","T",7,6,0,34,3,"T","F",1,1,"T","T","vancd101","higha101","T","T",9,6,66,0,0,0,0,0,0,"henlb101","","",0,0,0,0,0,0,0,0,0,0,0,0,0,"burng101","F","F","F","F",0,0,0,0,0,0,0,0,0,0,F,F,"1925PHI.EVN.regular.event.csv",246
"PHI192504240","BRO",7,1,0,0,0,"",7,6,"willc103","?","willc103","?","vancd101","?","vancd101","?","debeh101","fourj101","higha101","tierc101","mitcj101","wheaz101","browe102","johnj107","","","","W","T","F",9,3,14,"T","F",0,"F","F",0,"F","F",0,"F","F",0,"","F","F","",0,0,"N",0,"N",0,"N",1,0,0,0,"","","","","F","F","F","F","F","F","F","F","F","","","","F","F","F","F","F","","","","",0,0,0,0,0,0,0,0,0,69,"PHI","PHI","BRO",1,"T","F",6,7,0,29,0,"T","F",0,1,"T","T","mokaj101","holkw101","T","T",0,0,0,0,0,0,0,0,0,"","","",0,0,0,0,0,0,0,0,0,0,0,0,0,"","F","F","F","F",0,0,0,0,0,0,0,0,0,0,F,F,"1925PHI.EVN.regular.event.csv",247
"PHI192504240","BRO",7,1,0,0,0,"",7,6,"mokaj101","?","mokaj101","?","vancd101","?","vancd101","?","debeh101","fourj101","higha101","tierc101","mitcj101","wheaz101","browe102","johnj107","willc103","","","8/L","F","F",8,4,2,"T","T",0,"F","F",1,"F","F",0,"F","F",8,"L","F","F","",0,0,"N",0,"N",0,"N",0,1,0,0,"8","","","","F","F","F","F","F","F","F","F","F","vancd101","","","F","F","F","F","F","","","","",0,8,0,0,0,0,0,0,0,70,"PHI","PHI","BRO",1,"F","F",6,7,0,30,1,"T","F",1,1,"T","T","holkw101","henlb101","T","T",9,3,69,0,0,0,0,0,0,"debeh101","","",0,0,0,0,0,0,0,0,0,0,0,0,0,"browe102","F","F","F","F",0,0,0,0,0,0,0,0,0,0,F,F,"1925PHI.EVN.regular.event.csv",248
"PHI192504240","BRO",7,1,1,0,0,"",7,6,"holkw101","?","holkw101","?","vancd101","?","vancd101","?","debeh101","fourj101","higha101","tierc101","mitcj101","wheaz101","browe102","johnj107","willc103","","","7/FL","F","F",3,5,2,"T","T",0,"F","F",1,"F","F",0,"F","F",7,"F","F","T","",0,0,"N",0,"N",0,"N",0,1,0,0,"7","","","","F","F","F","F","F","F","F","F","F","vancd101","","","F","F","F","F","F","","","","",0,7,0,0,0,0,0,0,0,71,"PHI","PHI","BRO",1,"F","F",6,7,0,31,2,"T","F",1,1,"T","T","henlb101","sandh101","T","T",9,3,69,0,0,0,0,0,0,"debeh101","","",0,0,0,0,0,0,0,0,0,0,0,0,0,"wheaz101","F","F","F","F",0,0,0,0,0,0,0,0,0,0,F,F,"1925PHI.EVN.regular.event.csv",249
"PHI192504240","BRO",7,1,2,0,0,"",7,6,"henlb101","?","henlb101","?","vancd101","?","vancd101","?","debeh101","fourj101","higha101","tierc101","mitcj101","wheaz101","browe102","johnj107","willc103","","","8/F8XD","F","F",2,6,2,"T","T",0,"F","F",1,"F","F",0,"F","F",8,"F","F","F","8XD",0,0,"N",0,"N",0,"N",0,1,0,0,"8","","","","F","F","F","F","F","F","F","F","F","vancd101","","","F","F","F","F","F","","","","",0,8,0,0,0,0,0,0,0,72,"PHI","PHI","BRO",1,"F","T",6,7,0,32,3,"T","F",1,1,"T","T","sandh101","hubec101","T","T",9,3,69,0,0,0,0,0,0,"debeh101","","",0,0,0,0,0,0,0,0,0,0,0,0,0,"browe102","F","F","F","F",0,0,0,0,0,0,0,0,0,0,F,F,"1925PHI.EVN.regular.event.csv",250
"PHI192504240","BRO",8,0,0,0,0,"",7,6,"vancd101","?","vancd101","?","mitcc102","?","mitcc102","?","henlb101","holkw101","fonsl101","hubec101","sandh101","burng101","mokaj101","willc103","","","","K/C","T","F",1,9,3,"T","T",0,"F","F",1,"F","F",0,"F","F",0,"","F","F","",0,0,"N",0,"N",0,"N",0,0,0,0,"2","","","","F","F","F","F","F","F","F","F","F","","","","F","F","F","F","F","","","","",0,2,0,0,0,0,0,0,0,73,"PHI","BRO","PHI",0,"T","F",7,6,0,35,0,"T","F",0,0,"T","T","higha101","mitcj101","T","T",0,0,0,0,0,0,0,0,0,"","","",0,0,0,0,0,0,0,0,0,0,0,0,0,"","F","F","F","F",0,0,0,0,0,0,0,0,0,0,F,F,"1925PHI.EVN.regular.event.csv",251
"PHI192504240","BRO",8,0,1,0,0,"",7,6,"higha101","?","higha101","?","mitcc102","?","mitcc102","?","henlb101","holkw101","fonsl101","hubec101","sandh101","burng101","mokaj101","willc103","","","","7/F","F","F",4,1,2,"T","T",0,"F","F",1,"F","F",0,"F","F",7,"F","F","F","",0,0,"N",0,"N",0,"N",0,0,0,0,"7","","","","F","F","F","F","F","F","F","F","F","","","","F","F","F","F","F","","","","",0,7,0,0,0,0,0,0,0,74,"PHI","BRO","PHI",0,"F","F",7,6,0,36,1,"T","F",0,0,"T","T","mitcj101","wheaz101","T","T",0,0,0,0,0,0,0,0,0,"","","",0,0,0,0,0,0,0,0,0,0,0,0,0,"burng101","F","F","F","F",0,0,0,0,0,0,0,0,0,0,F,F,"1925PHI.EVN.regular.event.csv",252
"PHI192504240","BRO",8,0,2,0,0,"",7,6,"mitcj101","?","mitcj101","?","mitcc102","?","mitcc102","?","henlb101","holkw101","fonsl101","hubec101","sandh101","burng101","mokaj101","willc103","","","","7/F","F","F",6,2,2,"T","T",0,"F","F",1,"F","F",0,"F","F",7,"F","F","F","",0,0,"N",0,"N",0,"N",0,0,0,0,"7","","","","F","F","F","F","F","F","F","F","F","","","","F","F","F","F","F","","","","",0,7,0,0,0,0,0,0,0,75,"PHI","BRO","PHI",0,"F","T",7,6,0,37,2,"T","F",0,0,"T","T","wheaz101","fourj101","T","T",0,0,0,0,0,0,0,0,0,"","","",0,0,0,0,0,0,0,0,0,0,0,0,0,"burng101","F","F","F","F",0,0,0,0,0,0,0,0,0,0,F,F,"1925PHI.EVN.regular.event.csv",253
"PHI192504240","BRO",8,1,0,0,0,"",7,6,"harpg101","?","harpg101","?","vancd101","?","vancd101","?","debeh101","fourj101","higha101","tierc101","mitcj101","wheaz101","browe102","johnj107","","","","8/F","T","T",11,7,2,"T","T",0,"F","F",1,"F","F",0,"F","F",8,"F","F","F","",0,0,"N",0,"N",0,"N",0,0,0,0,"8","","","","F","F","F","F","F","F","F","F","F","","","","F","F","F","F","F","","","","sandh101",6,8,0,0,0,0,0,0,0,76,"PHI","PHI","BRO",1,"T","F",6,7,0,33,0,"T","F",0,0,"F","F","hubec101","mitcc102","T","T",0,0,0,0,0,0,0,0,0,"","","",0,0,0,0,0,0,0,0,0,0,0,0,0,"browe102","F","F","F","F",0,0,0,0,0,0,0,0,0,0,F,F,"1925PHI.EVN.regular.event.csv",254
"PHI192504240","BRO",8,1,1,0,0,"",7,6,"hubec101","?","hubec101","?","vancd101","?","vancd101","?","debeh101","fourj101","higha101","tierc101","mitcj101","wheaz101","browe102","johnj107","","","","63","F","F",5,8,2,"T","T",0,"F","F",1,"F","F",0,"F","F",6,"G","F","F","",0,0,"N",0,"N",0,"N",0,0,0,0,"63","","","","F","F","F","F","F","F","F","F","F","","","","F","F","F","F","F","","","","",0,3,0,0,6,0,0,0,0,77,"PHI","PHI","BRO",1,"F","F",6,7,0,34,1,"T","F",0,0,"T","T","mitcc102","burng101","T","T",0,0,0,0,0,0,0,0,0,"","","",0,0,0,0,0,0,0,0,0,0,0,0,0,"mitcj101","F","F","F","F",0,0,0,0,0,0,0,0,0,0,F,F,"1925PHI.EVN.regular.event.csv",255
"PHI192504240","BRO",8,1,2,0,0,"",7,6,"mitcc102","?","mitcc102","?","vancd101","?","vancd101","?","debeh101","fourj101","higha101","tierc101","mitcj101","wheaz101","browe102","johnj107","","","","S7","F","F",1,9,20,"T","T",1,"F","F",0,"F","F",0,"F","F",7,"","F","F","",0,0,"N",0,"N",0,"N",1,0,0,0,"","","","","F","F","F","F","F","F","F","F","F","","","","F","F","F","F","F","","","","",0,0,0,0,0,0,0,0,0,78,"PHI","PHI","BRO",1,"F","F",6,7,0,35,2,"T","F",0,1,"T","T","burng101","fonsl101","T","T",0,0,0,0,0,0,0,0,0,"","","",0,0,0,0,0,0,0,0,0,0,0,0,0,"wheaz101","F","F","F","F",3,0,0,0,0,0,0,0,0,0,F,F,"1925PHI.EVN.regular.event.csv",256
"PHI192504240","BRO",8,1,2,0,0,"",7,6,"burng101","?","burng101","?","vancd101","?","vancd101","?","debeh101","fourj101","higha101","tierc101","mitcj101","wheaz101","browe102","johnj107","mitcc102","","","SB2.1-3(E2/TH2)","F","F",7,1,4,"F","F",0,"F","F",0,"F","F",0,"F","F",0,"","F","F","",1,2,"T",0,"N",0,"N",0,3,0,0,"","","","","T","F","F","F","F","F","F","F","F","vancd101","","","F","F","F","F","F","","","","",0,0,0,0,0,0,0,0,0,79,"PHI","PHI","BRO",1,"F","F",6,7,0,36,3,"T","F",1,4,"T","T","fonsl101","willc103","T","T",1,9,78,0,0,0,0,0,0,"debeh101","","",0,0,0,0,0,0,0,0,0,0,0,0,0,"","F","F","F","F",0,3,0,0,0,0,0,0,0,0,F,F,"1925PHI.EVN.regular.event.csv",257
"PHI192504240","BRO",8,1,2,0,0,"",7,6,"burng101","?","burng101","?","vancd101","?","vancd101","?","debeh101","fourj101","higha101","tierc101","mitcj101","wheaz101","browe102","johnj107","","","mitcc102","K","F","F",7,1,3,"T","T",0,"F","F",1,"F","F",0,"F","F",0,"","F","F","",0,0,"N",0,"N",0,"N",0,0,0,3,"2","","","","F","F","F","F","F","F","F","F","F","","","vancd101","F","F","F","F","F","","","","",0,2,0,0,0,0,0,0,0,80,"PHI","PHI","BRO",1,"F","T",6,7,0,36,3,"F","F",4,4,"T","T","fonsl101","willc103","T","T",0,0,0,0,0,0,1,9,78,"","","debeh101",0,0,0,0,0,0,0,0,0,0,0,0,0,"","F","F","F","F",0,0,0,3,0,0,0,0,0,0,F,F,"1925PHI.EVN.regular.event.csv",258
"PHI192504240","BRO",9,0,0,0,0,"",7,6,"wheaz101","?","wheaz101","?","mitcc102","?","mitcc102","?","henlb101","holkw101","fonsl101","hubec101","kimmw101","burng101","mokaj101","willc103","","","","S8","T","F",7,3,20,"T","T",1,"F","F",0,"F","F",0,"F","F",8,"","F","F","",0,0,"N",0,"N",0,"N",1,0,0,0,"","","","","F","F","F","F","F","F","F","F","F","","","","F","F","F","F","F","","","","",0,0,0,0,0,0,0,0,0,81,"PHI","BRO","PHI",0,"T","F",7,6,0,38,0,"T","F",0,1,"T","T","fourj101","browe102","T","T",0,0,0,0,0,0,0,0,0,"","","",0,0,0,0,0,0,0,0,0,0,0,0,0,"mokaj101","F","F","F","F",4,0,0,0,3,0,0,0,0,0,F,F,"1925PHI.EVN.regular.event.csv",259
"PHI192504240","BRO",9,0,0,0,0,"",7,6,"fourj101","?","fourj101","?","mitcc102","?","mitcc102","?","henlb101","holkw101","fonsl101","hubec101","kimmw101","burng101","mokaj101","willc103","wheaz101","","","3/G.1-2","F","F",3,4,2,"T","T",0,"F","F",1,"F","F",0,"F","F",3,"G","F","F","",0,0,"N",0,"N",0,"N",0,2,0,0,"3","","","","F","F","F","F","F","F","F","F","F","mitcc102","","","F","F","F","F","F","","","","",0,3,0,0,0,0,0,0,0,82,"PHI","BRO","PHI",0,"F","F",7,6,0,39,1,"T","F",1,2,"T","T","browe102","johnj107","T","T",7,3,81,0,0,0,0,0,0,"henlb101","","",0,0,0,0,0,0,0,0,0,0,0,0,0,"holkw101","F","F","F","F",0,4,0,0,3,0,0,0,0,0,F,F,"1925PHI.EVN.regular.event.csv",260
"PHI192504240","BRO",9,0,1,0,0,"",7,6,"browe102","?","browe102","?","mitcc102","?","mitcc102","?","henlb101","holkw101","fonsl101","hubec101","kimmw101","burng101","mokaj101","willc103","","wheaz101","","S7.2-H;B-2(THH)","F","F",8,5,20,"T","T",1,"F","F",0,"F","F",1,"F","F",7,"","F","F","",0,0,"N",0,"N",0,"N",2,0,4,0,"","","","","F","F","F","F","F","F","F","F","F","","mitcc102","","F","F","F","F","F","","","","",0,0,0,0,0,0,0,0,0,83,"PHI","BRO","PHI",0,"F","F",7,6,0,40,2,"T","F",2,2,"T","T","johnj107","tierc101","T","T",0,0,0,7,3,81,0,0,0,"","henlb101","",0,0,0,0,0,0,0,0,0,0,0,0,1,"burng101","F","F","F","F",4,0,4,0,2,0,0,0,0,0,F,F,"1925PHI.EVN.regular.event.csv",261
"PHI192504240","BRO",9,0,1,0,0,"",8,6,"johnj107","?","johnj107","?","mitcc102","?","mitcc102","?","henlb101","holkw101","fonsl101","hubec101","kimmw101","burng101","mokaj101","willc103","","browe102","","S7.2-H;B-2(THH)","F","F",9,6,20,"T","T",1,"F","F",0,"F","F",1,"F","F",7,"","F","F","",0,0,"N",0,"N",0,"N",2,0,4,0,"","","","","F","F","F","F","F","F","F","F","F","","mitcc102","","F","F","F","F","F","","","","",0,0,0,0,0,0,0,0,0,84,"PHI","BRO","PHI",0,"F","F",8,6,1,41,3,"T","F",2,2,"T","T","tierc101","debeh101","T","T",0,0,0,8,5,83,0,0,0,"","henlb101","",0,0,0,0,0,0,0,0,0,0,0,0,1,"burng101","F","F","F","F",4,0,4,0,1,0,0,0,0,0,F,F,"1925PHI.EVN.regular.event.csv",262
"PHI192504240","BRO",9,0,1,0,0,"",9,6,"tierc101","?","tierc101","?","oneas101","?","oneas101","?","henlb101","holkw101","fonsl101","hubec101","kimmw101","burng101","mokaj101","willc103","","johnj107","","63.2-3","F","F",5,7,2,"T","T",0,"F","F",1,"F","F",0,"F","F",6,"G","F","F","",0,0,"N",0,"N",0,"N",0,0,3,0,"63","","","","F","F","F","F","F","F","F","F","F","","mitcc102","","F","F","F","F","F","","","","",0,3,0,0,6,0,0,0,0,85,"PHI","BRO","PHI",0,"F","F",9,6,2,42,4,"T","F",2,4,"T","T","debeh101","vancd101","F","F",0,0,0,9,6,84,0,0,0,"","henlb101","",0,0,0,0,0,0,0,0,0,0,0,0,0,"kimmw101","F","F","F","F",0,0,4,0,1,0,0,0,0,0,F,F,"1925PHI.EVN.regular.event.csv",263
"PHI192504240","BRO",9,0,2,0,0,"",9,6,"debeh101","?","debeh101","?","oneas101","?","oneas101","?","henlb101","holkw101","fonsl101","hubec101","kimmw101","burng101","mokaj101","willc103","","","johnj107","S7.3-H","F","F",2,8,20,"T","T",1,"F","F",0,"F","F",1,"F","F",7,"","F","F","",0,0,"N",0,"N",0,"N",1,0,0,4,"","","","","F","F","F","F","F","F","F","F","F","","","mitcc102","F","F","F","F","F","","","","",0,0,0,0,0,0,0,0,0,86,"PHI","BRO","PHI",0,"F","F",9,6,2,43,5,"T","F",4,1,"T","T","vancd101","higha101","F","F",0,0,0,0,0,0,9,6,84,"","","henlb101",0,0,0,0,0,0,0,0,0,0,0,0,1,"burng101","F","F","F","F",0,0,0,4,0,0,0,0,0,0,F,F,"1925PHI.EVN.regular.event.csv",264
"PHI192504240","BRO",9,0,2,0,0,"",10,6,"vancd101","?","vancd101","?","oneas101","?","oneas101","?","henlb101","holkw101","fonsl101","hubec101","kimmw101","burng101","mokaj101","willc103","debeh101","","","K","F","F",1,9,3,"T","T",0,"F","F",1,"F","F",0,"F","F",0,"","F","F","",0,0,"N",0,"N",0,"N",0,1,0,0,"2","","","","F","F","F","F","F","F","F","F","F","oneas101","","","F","F","F","F","F","","","","",0,2,0,0,0,0,0,0,0,87,"PHI","BRO","PHI",0,"F","T",10,6,3,44,6,"T","F",1,1,"T","T","higha101","mitcj101","F","F",2,8,86,0,0,0,0,0,0,"henlb101","","",0,0,0,0,0,0,0,0,0,0,0,0,0,"","F","F","F","F",0,0,0,0,0,0,0,0,0,0,F,F,"1925PHI.EVN.regular.event.csv",265
"PHI192504240","BRO",9,1,0,0,0,"",10,6,"fonsl101","?","fonsl101","?","vancd101","?","vancd101","?","debeh101","fourj101","higha101","tierc101","mitcj101","wheaz101","browe102","johnj107","","","","S7","T","F",4,2,20,"T","T",1,"F","F",0,"F","F",0,"F","F",7,"","F","F","",0,0,"N",0,"N",0,"N",1,0,0,0,"","","","","F","F","F","F","F","F","F","F","F","","","","F","F","F","F","F","","","","",0,0,0,0,0,0,0,0,0,88,"PHI","PHI","BRO",1,"T","F",6,10,0,37,0,"T","F",0,1,"T","T","willc103","mokaj101","T","T",0,0,0,0,0,0,0,0,0,"","","",0,0,0,0,0,0,0,0,0,0,0,0,0,"wheaz101","F","F","F","F",4,0,0,0,2,0,0,0,0,0,F,F,"1925PHI.EVN.regular.event.csv",266
"PHI192504240","BRO",9,1,0,0,0,"",10,6,"willc103","?","willc103","?","vancd101","?","vancd101","?","debeh101","fourj101","higha101","tierc101","mitcj101","wheaz101","browe102","johnj107","fonsl101","","","DI.1-2","F","F",9,3,5,"F","F",0,"F","F",0,"F","F",0,"F","F",0,"","F","F","",0,0,"N",0,"N",0,"N",0,2,0,0,"","","","","F","F","F","F","F","F","F","F","F","vancd101","","","F","F","F","F","F","","","","",0,0,0,0,0,0,0,0,0,89,"PHI","PHI","BRO",1,"F","F",6,10,0,38,1,"T","F",1,2,"T","T","mokaj101","holkw101","T","T",4,2,88,0,0,0,0,0,0,"debeh101","","",0,0,0,0,0,0,0,0,0,0,0,0,0,"","F","F","F","F",0,4,0,0,2,0,0,0,0,0,F,F,"1925PHI.EVN.regular.event.csv",267
"PHI192504240","BRO",9,1,0,0,0,"",10,6,"willc103","?","willc103","?","vancd101","?","vancd101","?","debeh101","fourj101","higha101","tierc101","mitcj101","wheaz101","browe102","johnj107","","fonsl101","","DI.2-3","F","F",9,3,5,"F","F",0,"F","F",0,"F","F",0,"F","F",0,"","F","F","",0,0,"N",0,"N",0,"N",0,0,3,0,"","","","","F","F","F","F","F","F","F","F","F","","vancd101","","F","F","F","F","F","","","","",0,0,0,0,0,0,0,0,0,90,"PHI","PHI","BRO",1,"F","F",6,10,0,38,1,"F","F",2,4,"T","T","mokaj101","holkw101","T","T",0,0,0,4,2,88,0,0,0,"","debeh101","",0,0,0,0,0,0,0,0,0,0,0,0,0,"","F","F","F","F",0,0,4,0,2,0,0,0,0,0,F,F,"1925PHI.EVN.regular.event.csv",268
"PHI192504240","BRO",9,1,0,0,0,"",10,6,"willc103","?","willc103","?","vancd101","?","vancd101","?","debeh101","fourj101","higha101","tierc101","mitcj101","wheaz101","browe102","johnj107","","","fonsl101","W","F","F",9,3,14,"T","F",0,"F","F",0,"F","F",0,"F","F",0,"","F","F","",0,0,"N",0,"N",0,"N",1,0,0,3,"","","","","F","F","F","F","F","F","F","F","F","","","vancd101","F","F","F","F","F","","","","",0,0,0,0,0,0,0,0,0,91,"PHI","PHI","BRO",1,"F","F",6,10,0,38,1,"F","F",4,5,"T","T","mokaj101","holkw101","T","T",0,0,0,0,0,0,4,2,88,"","","debeh101",0,0,0,0,0,0,0,0,0,0,0,0,0,"","F","F","F","F",4,0,0,4,2,0,0,0,0,0,F,F,"1925PHI.EVN.regular.event.csv",269
"PHI192504240","BRO",9,1,0,0,0,"",10,6,"mokaj101","?","mokaj101","?","vancd101","?","vancd101","?","debeh101","fourj101","higha101","tierc101","mitcj101","wheaz101","browe102","johnj107","willc103","","fonsl101","13.3-H;1-2","F","F",8,4,2,"T","T",0,"F","F",1,"F","F",1,"F","F",1,"G","F","F","",0,0,"N",0,"N",0,"N",0,2,0,4,"13","","","","F","F","F","F","F","F","F","F","F","vancd101","","vancd101","F","F","F","F","F","","","","",0,3,0,0,1,0,0,0,0,92,"PHI","PHI","BRO",1,"F","F",6,10,0,39,2,"T","F",5,2,"T","T","holkw101","henlb101","T","T",9,3,91,0,0,0,4,2,88,"debeh101","","debeh101",0,0,0,0,0,0,0,0,0,0,0,0,1,"vancd101","F","F","F","F",0,4,0,4,1,0,0,0,0,0,F,F,"1925PHI.EVN.regular.event.csv",270
"PHI192504240","BRO",9,1,1,0,0,"",10,7,"hawkc101","?","hawkc101","?","vancd101","?","vancd101","?","debeh101","fourj101","higha101","tierc101","mitcj101","wheaz101","browe102","johnj107","","willc103","","S8.2-H","F","T",11,5,20,"T","T",1,"F","F",0,"F","F",1,"F","F",8,"","F","F","",0,0,"N",0,"N",0,"N",1,0,4,0,"","","","","F","F","F","F","F","F","F","F","F","","vancd101","","F","F","F","F","F","","","","holkw101",3,0,0,0,0,0,0,0,0,93,"PHI","PHI","BRO",1,"F","F",7,10,1,40,3,"T","F",2,1,"F","F","henlb101","kimmw101","T","T",0,0,0,9,3,91,0,0,0,"","debeh101","",0,0,0,0,0,0,0,0,0,0,0,0,1,"browe102","F","F","F","F",1,0,4,0,0,0,0,0,0,0,F,F,"1925PHI.EVN.regular.event.csv",271
"PHI192504240","BRO",9,1,1,0,0,"",10,8,"henlb101","?","henlb101","?","vancd101","?","vancd101","?","debeh101","fourj101","higha101","tierc101","mitcj101","wheaz101","browe102","johnj107","hawkc101","","","6/P","F","F",2,6,2,"T","T",0,"F","F",1,"F","F",0,"F","F",6,"P","F","F","",0,0,"N",0,"N",0,"N",0,1,0,0,"6","","","","F","F","F","F","F","F","F","F","F","vancd101","","","F","F","F","F","F","","","","",0,6,0,0,0,0,0,0,0,94,"PHI","PHI","BRO",1,"F","F",8,10,2,41,4,"T","F",1,1,"T","T","kimmw101","hubec101","T","T",0,5,93,0,0,0,0,0,0,"debeh101","","",0,0,0,0,0,0,0,0,0,0,0,0,0,"mitcj101","F","F","F","F",0,1,0,0,0,0,0,0,0,0,F,F,"1925PHI.EVN.regular.event.csv",272
"PHI192504240","BRO",9,1,2,0,0,"",10,8,"knigj103","?","knigj103","?","vancd101","?","vancd101","?","debeh101","fourj101","higha101","tierc101","mitcj101","wheaz101","browe102","johnj107","hawkc101","","","K","F","T",11,7,3,"T","T",0,"F","F",1,"F","F",0,"F","F",0,"","F","F","",0,0,"N",0,"N",0,"N",0,1,0,0,"2","","","","F","F","F","F","F","F","F","F","F","vancd101","","","F","T","F","F","F","","","","kimmw101",6,2,0,0,0,0,0,0,0,95,"PHI","PHI","BRO",1,"F","T",8,10,2,42,5,"T","F",1,1,"F","F","hubec101","oneas101","T","T",11,5,93,0,0,0,0,0,0,"debeh101","","",0,0,0,0,0,0,0,0,0,0,0,0,0,"","F","F","F","F",0,1,0,0,0,0,0,0,0,0,F,F,"1925PHI.EVN.regular.event.csv",273
"PHI192504250","BRO",1,0,0,0,0,"",0,0,"higha101","?","higha101","?","betth101","?","betth101","?","henlb101","holkw101","fonsl101","hubec101","sandh101","burng101","mokaj101","willc103","","","","8/F","T","F",4,1,2,"T","T",0,"F","F",1,"F","F",0,"F","F",8,"F","F","F","",0,0,"N",0,"N",0,"N",0,0,0,0,"8","","","","F","F","F","F","F","F","F","F","F","","","","T","F","F","F","F","","","","",0,8,0,0,0,0,0,0,0,1,"PHI","BRO","PHI",0,"T","F",0,0,0,0,0,"T","F",0,0,"T","T","mitcj101","wheaz101","T","T",0,0,0,0,0,0,0,0,0,"","","",0,0,0,0,0,0,0,0,0,0,0,0,0,"mokaj101","F","F","F","F",0,0,0,0,0,0,0,0,0,0,F,F,"1925PHI.EVN.regular.event.csv",274
"PHI192504250","BRO",1,0,1,0,0,"",0,0,"mitcj101","?","mitcj101","?","betth101","?","betth101","?","henlb101","holkw101","fonsl101","hubec101","sandh101","burng101","mokaj101","willc103","","","","143","F","F",6,2,2,"T","T",0,"F","F",1,"F","F",0,"F","F",1,"G","F","F","",0,0,"N",0,"N",0,"N",0,0,0,0,"143","","","","F","F","F","F","F","F","F","F","F","","","","F","F","F","F","F","","","","",0,3,0,0,1,4,0,0,0,2,"PHI","BRO","PHI",0,"F","F",0,0,0,1,1,"T","F",0,0,"T","T","wheaz101","fourj101","T","T",0,0,0,0,0,0,0,0,0,"","","",0,0,0,0,0,0,0,0,0,0,0,0,0,"betth101","F","F","F","F",0,0,0,0,0,0,0,0,0,0,F,F,"1925PHI.EVN.regular.event.csv",275
"PHI192504250","BRO",1,0,2,0,0,"",0,0,"wheaz101","?","wheaz101","?","betth101","?","betth101","?","henlb101","holkw101","fonsl101","hubec101","sandh101","burng101","mokaj101","willc103","","","","S8","F","F",7,3,20,"T","T",1,"F","F",0,"F","F",0,"F","F",8,"","F","F","",0,0,"N",0,"N",0,"N",1,0,0,0,"","","","","F","F","F","F","F","F","F","F","F","","","","F","F","F","F","F","","","","",0,0,0,0,0,0,0,0,0,3,"PHI","BRO","PHI",0,"F","F",0,0,0,2,2,"T","F",0,1,"T","T","fourj101","browe102","T","T",0,0,0,0,0,0,0,0,0,"","","",0,0,0,0,0,0,0,0,0,0,0,0,0,"mokaj101","F","F","F","F",0,0,0,0,0,0,0,0,0,0,F,F,"1925PHI.EVN.regular.event.csv",276
"PHI192504250","BRO",1,0,2,0,0,"",0,0,"fourj101","?","fourj101","?","betth101","?","betth101","?","henlb101","holkw101","fonsl101","hubec101","sandh101","burng101","mokaj101","willc103","wheaz101","","","S9.1-3","F","F",3,4,20,"T","T",1,"F","F",0,"F","F",0,"F","F",9,"","F","F","",0,0,"N",0,"N",0,"N",1,3,0,0,"","","","","F","F","F","F","F","F","F","F","F","betth101","","","F","F","F","F","F","","","","",0,0,0,0,0,0,0,0,0,4,"PHI","BRO","PHI",0,"F","F",0,0,0,3,3,"T","F",1,5,"T","T","browe102","johnj107","T","T",7,3,3,0,0,0,0,0,0,"henlb101","","",0,0,0,0,0,0,0,0,0,0,0,0,0,"willc103","F","F","F","F",0,0,0,0,0,0,0,0,0,0,F,F,"1925PHI.EVN.regular.event.csv",277
"PHI192504250","BRO",1,0,2,0,0,"",0,0,"browe102","?","browe102","?","betth101","?","betth101","?","henlb101","holkw101","fonsl101","hubec101","sandh101","burng101","mokaj101","willc103","fourj101","","wheaz101","8/F8XD","F","F",8,5,2,"T","T",0,"F","F",1,"F","F",0,"F","F",8,"F","F","F","8XD",0,0,"N",0,"N",0,"N",0,1,0,3,"8","","","","F","F","F","F","F","F","F","F","F","betth101","","betth101","F","F","F","F","F","","","","",0,8,0,0,0,0,0,0,0,5,"PHI","BRO","PHI",0,"F","T",0,0,0,4,4,"T","F",5,5,"T","T","johnj107","tierc101","T","T",3,4,4,0,0,0,7,3,3,"henlb101","","henlb101",0,0,0,0,0,0,0,0,0,0,0,0,0,"mokaj101","F","F","F","F",0,0,0,0,0,0,0,0,0,0,F,F,"1925PHI.EVN.regular.event.csv",278
"PHI192504250","BRO",1,1,0,0,0,"",0,0,"burng101","?","burng101","?","ehrhr101","?","ehrhr101","?","taylz101","fourj101","higha101","tierc101","mitcj101","wheaz101","browe102","johnj107","","","","E6/TH1","T","F",7,1,18,"T","T",0,"F","F",0,"F","F",0,"F","F",6,"G","F","F","",1,6,"T",0,"N",0,"N",1,0,0,0,"","","","","F","F","F","F","F","F","F","F","F","","","","F","F","F","F","F","","","","",0,0,0,0,0,0,0,0,0,6,"PHI","PHI","BRO",1,"T","F",0,0,0,0,0,"T","F",0,1,"T","T","fonsl101","willc103","T","T",0,0,0,0,0,0,0,0,0,"","","",0,0,0,0,0,0,0,0,0,0,0,0,0,"mitcj101","F","F","F","T",0,0,0,0,0,0,0,0,0,0,F,F,"1925PHI.EVN.regular.event.csv",279
"PHI192504250","BRO",1,1,0,0,0,"",0,0,"fonsl101","?","fonsl101","?","ehrhr101","?","ehrhr101","?","taylz101","fourj101","higha101","tierc101","mitcj101","wheaz101","browe102","johnj107","burng101","","","64(1)3/GDP","F","F",4,2,2,"T","T",0,"F","F",2,"T","F",0,"F","F",6,"G","F","F","",0,0,"N",0,"N",0,"N",0,0,0,0,"43","64","","","F","F","F","F","F","F","F","F","F","ehrhr101","","","F","F","F","F","F","","","","",0,4,3,0,6,4,0,0,0,7,"PHI","PHI","BRO",1,"F","F",0,0,0,1,1,"T","F",1,0,"T","T","willc103","mokaj101","T","T",7,1,6,0,0,0,0,0,0,"taylz101","","",0,0,0,0,0,0,0,0,0,0,0,0,0,"mitcj101","T","F","F","F",0,0,0,0,0,0,0,0,0,0,F,F,"1925PHI.EVN.regular.event.csv",280
"PHI192504250","BRO",1,1,2,0,0,"",0,0,"willc103","?","willc103","?","ehrhr101","?","ehrhr101","?","taylz101","fourj101","higha101","tierc101","mitcj101","wheaz101","browe102","johnj107","","","","3/G","F","F",9,3,2,"T","T",0,"F","F",1,"F","F",0,"F","F",3,"G","F","F","",0,0,"N",0,"N",0,"N",0,0,0,0,"3","","","","F","F","F","F","F","F","F","F","F","","","","F","F","F","F","F","","","","",0,3,0,0,0,0,0,0,0,8,"PHI","PHI","BRO",1,"F","T",0,0,0,2,2,"T","F",0,0,"T","T","mokaj101","holkw101","T","T",0,0,0,0,0,0,0,0,0,"","","",0,0,0,0,0,0,0,0,0,0,0,0,0,"fourj101","F","F","F","F",0,0,0,0,0,0,0,0,0,0,F,F,"1925PHI.EVN.regular.event.csv",281
"PHI192504250","BRO",2,0,0,0,0,"",0,0,"johnj107","?","johnj107","?","betth101","?","betth101","?","henlb101","holkw101","fonsl101","hubec101","sandh101","burng101","mokaj101","willc103","","","","3/FL","T","F",9,6,2,"T","T",0,"F","F",1,"F","F",0,"F","F",3,"F","F","T","",0,0,"N",0,"N",0,"N",0,0,0,0,"3","","","","F","F","F","F","F","F","F","F","F","","","","F","F","F","F","F","","","","",0,3,0,0,0,0,0,0,0,9,"PHI","BRO","PHI",0,"T","F",0,0,0,5,0,"T","F",0,0,"T","T","tierc101","taylz101","T","T",0,0,0,0,0,0,0,0,0,"","","",0,0,0,0,0,0,0,0,0,0,0,0,0,"holkw101","F","F","F","F",0,0,0,0,0,0,0,0,0,0,F,F,"1925PHI.EVN.regular.event.csv",282
"PHI192504250","BRO",2,0,1,0,0,"",0,0,"tierc101","?","tierc101","?","betth101","?","betth101","?","henlb101","holkw101","fonsl101","hubec101","sandh101","burng101","mokaj101","willc103","","","","13","F","F",5,7,2,"T","T",0,"F","F",1,"F","F",0,"F","F",1,"G","F","F","",0,0,"N",0,"N",0,"N",0,0,0,0,"13","","","","F","F","F","F","F","F","F","F","F","","","","F","F","F","F","F","","","","",0,3,0,0,1,0,0,0,0,10,"PHI","BRO","PHI",0,"F","F",0,0,0,6,1,"T","F",0,0,"T","T","taylz101","ehrhr101","T","T",0,0,0,0,0,0,0,0,0,"","","",0,0,0,0,0,0,0,0,0,0,0,0,0,"betth101","F","F","F","F",0,0,0,0,0,0,0,0,0,0,F,F,"1925PHI.EVN.regular.event.csv",283
"PHI192504250","BRO",2,0,2,0,0,"",0,0,"taylz101","?","taylz101","?","betth101","?","betth101","?","henlb101","holkw101","fonsl101","hubec101","sandh101","burng101","mokaj101","willc103","","","","S7","F","F",2,8,20,"T","T",1,"F","F",0,"F","F",0,"F","F",7,"","F","F","",0,0,"N",0,"N",0,"N",1,0,0,0,"","","","","F","F","F","F","F","F","F","F","F","","","","F","F","F","F","F","","","","",0,0,0,0,0,0,0,0,0,11,"PHI","BRO","PHI",0,"F","F",0,0,0,7,2,"T","F",0,1,"T","T","ehrhr101","higha101","T","T",0,0,0,0,0,0,0,0,0,"","","",0,0,0,0,0,0,0,0,0,0,0,0,0,"burng101","F","F","F","F",0,0,0,0,0,0,0,0,0,0,F,F,"1925PHI.EVN.regular.event.csv",284
"PHI192504250","BRO",2,0,2,0,0,"",0,0,"ehrhr101","?","ehrhr101","?","betth101","?","betth101","?","henlb101","holkw101","fonsl101","hubec101","sandh101","burng101","mokaj101","willc103","taylz101","","","64(1)/FO","F","F",1,9,2,"T","T",0,"F","F",1,"F","F",0,"F","F",6,"G","F","F","",0,0,"N",0,"N",0,"N",1,0,0,0,"","64","","","F","F","F","F","F","F","F","F","F","betth101","","","F","F","F","F","F","","","","",0,4,0,0,6,0,0,0,0,12,"PHI","BRO","PHI",0,"F","T",0,0,0,8,3,"T","F",1,1,"T","T","higha101","mitcj101","T","T",2,8,11,0,0,0,0,0,0,"henlb101","","",0,0,0,0,0,0,0,0,0,0,0,0,0,"sandh101","T","F","F","F",0,0,0,0,0,0,0,0,0,0,F,F,"1925PHI.EVN.regular.event.csv",285
"PHI192504250","BRO",2,1,0,0,0,"",0,0,"mokaj101","?","mokaj101","?","ehrhr101","?","ehrhr101","?","taylz101","fourj101","higha101","tierc101","mitcj101","wheaz101","browe102","johnj107","","","","5/FL","T","F",8,4,2,"T","T",0,"F","F",1,"F","F",0,"F","F",5,"F","F","T","",0,0,"N",0,"N",0,"N",0,0,0,0,"5","","","","F","F","F","F","F","F","F","F","F","","","","F","F","F","F","F","","","","",0,5,0,0,0,0,0,0,0,13,"PHI","PHI","BRO",1,"T","F",0,0,0,3,0,"T","F",0,0,"T","T","holkw101","henlb101","T","T",0,0,0,0,0,0,0,0,0,"","","",0,0,0,0,0,0,0,0,0,0,0,0,0,"tierc101","F","F","F","F",0,0,0,0,0,0,0,0,0,0,F,F,"1925PHI.EVN.regular.event.csv",286
"PHI192504250","BRO",2,1,1,0,0,"",0,0,"holkw101","?","holkw101","?","ehrhr101","?","ehrhr101","?","taylz101","fourj101","higha101","tierc101","mitcj101","wheaz101","browe102","johnj107","","","","S4/G","F","F",3,5,20,"T","T",1,"F","F",0,"F","F",0,"F","F",4,"G","F","F","",0,0,"N",0,"N",0,"N",1,0,0,0,"","","","","F","F","F","F","F","F","F","F","F","","","","F","F","F","F","F","","","","",0,0,0,0,0,0,0,0,0,14,"PHI","PHI","BRO",1,"F","F",0,0,0,4,1,"T","F",0,1,"T","T","henlb101","sandh101","T","T",0,0,0,0,0,0,0,0,0,"","","",0,0,0,0,0,0,0,0,0,0,0,0,0,"higha101","F","F","F","F",0,0,0,0,0,0,0,0,0,0,F,F,"1925PHI.EVN.regular.event.csv",287
"PHI192504250","BRO",2,1,1,0,0,"",0,0,"henlb101","?","henlb101","?","ehrhr101","?","ehrhr101","?","taylz101","fourj101","higha101","tierc101","mitcj101","wheaz101","browe102","johnj107","holkw101","","","43.1-2","F","F",2,6,2,"T","T",0,"F","F",1,"F","F",0,"F","F",4,"G","F","F","",0,0,"N",0,"N",0,"N",0,2,0,0,"43","","","","F","F","F","F","F","F","F","F","F","ehrhr101","","","F","F","F","F","F","","","","",0,3,0,0,4,0,0,0,0,15,"PHI","PHI","BRO",1,"F","F",0,0,0,5,2,"T","F",1,2,"T","T","sandh101","hubec101","T","T",3,5,14,0,0,0,0,0,0,"taylz101","","",0,0,0,0,0,0,0,0,0,0,0,0,0,"higha101","F","F","F","F",0,0,0,0,0,0,0,0,0,0,F,F,"1925PHI.EVN.regular.event.csv",288
"PHI192504250","BRO",2,1,2,0,0,"",0,0,"sandh101","?","sandh101","?","ehrhr101","?","ehrhr101","?","taylz101","fourj101","higha101","tierc101","mitcj101","wheaz101","browe102","johnj107","","holkw101","","7/F","F","F",6,7,2,"T","T",0,"F","F",1,"F","F",0,"F","F",7,"F","F","F","",0,0,"N",0,"N",0,"N",0,0,2,0,"7","","","","F","F","F","F","F","F","F","F","F","","ehrhr101","","F","F","F","F","F","","","","",0,7,0,0,0,0,0,0,0,16,"PHI","PHI","BRO",1,"F","T",0,0,0,6,3,"T","F",2,2,"T","T","hubec101","betth101","T","T",0,0,0,3,5,14,0,0,0,"","taylz101","",0,0,0,0,0,0,0,0,0,0,0,0,0,"wheaz101","F","F","F","F",0,0,0,0,0,0,0,0,0,0,F,F,"1925PHI.EVN.regular.event.csv",289
"PHI192504250","BRO",3,0,0,0,0,"",0,0,"higha101","?","higha101","?","betth101","?","betth101","?","henlb101","holkw101","fonsl101","hubec101","sandh101","burng101","mokaj101","willc103","","","","23/G2","T","F",4,1,2,"T","T",0,"F","F",1,"F","F",0,"F","F",2,"G","F","F","2",0,0,"N",0,"N",0,"N",0,0,0,0,"23","","","","F","F","F","F","F","F","F","F","F","","","","F","F","F","F","F","","","","",0,3,0,0,2,0,0,0,0,17,"PHI","BRO","PHI",0,"T","F",0,0,0,9,0,"T","F",0,0,"T","T","mitcj101","wheaz101","T","T",0,0,0,0,0,0,0,0,0,"","","",0,0,0,0,0,0,0,0,0,0,0,0,0,"henlb101","F","F","F","F",0,0,0,0,0,0,0,0,0,0,F,F,"1925PHI.EVN.regular.event.csv",290
"PHI192504250","BRO",3,0,1,0,0,"",0,0,"mitcj101","?","mitcj101","?","betth101","?","betth101","?","henlb101","holkw101","fonsl101","hubec101","sandh101","burng101","mokaj101","willc103","","","","31","F","F",6,2,2,"T","T",0,"F","F",1,"F","F",0,"F","F",3,"G","F","F","",0,0,"N",0,"N",0,"N",0,0,0,0,"31","","","","F","F","F","F","F","F","F","F","F","","","","F","F","F","F","F","","","","",0,1,0,0,3,0,0,0,0,18,"PHI","BRO","PHI",0,"F","F",0,0,0,10,1,"T","F",0,0,"T","T","wheaz101","fourj101","T","T",0,0,0,0,0,0,0,0,0,"","","",0,0,0,0,0,0,0,0,0,0,0,0,0,"holkw101","F","F","F","F",0,0,0,0,0,0,0,0,0,0,F,F,"1925PHI.EVN.regular.event.csv",291
"PHI192504250","BRO",3,0,2,0,0,"",0,0,"wheaz101","?","wheaz101","?","betth101","?","betth101","?","henlb101","holkw101","fonsl101","hubec101","sandh101","burng101","mokaj101","willc103","","","","13","F","F",7,3,2,"T","T",0,"F","F",1,"F","F",0,"F","F",1,"G","F","F","",0,0,"N",0,"N",0,"N",0,0,0,0,"13","","","","F","F","F","F","F","F","F","F","F","","","","F","F","F","F","F","","","","",0,3,0,0,1,0,0,0,0,19,"PHI","BRO","PHI",0,"F","T",0,0,0,11,2,"T","F",0,0,"T","T","fourj101","browe102","T","T",0,0,0,0,0,0,0,0,0,"","","",0,0,0,0,0,0,0,0,0,0,0,0,0,"betth101","F","F","F","F",0,0,0,0,0,0,0,0,0,0,F,F,"1925PHI.EVN.regular.event.csv",292
"PHI192504250","BRO",3,1,0,0,0,"",0,0,"hubec101","?","hubec101","?","ehrhr101","?","ehrhr101","?","taylz101","fourj101","higha101","tierc101","mitcj101","wheaz101","browe102","johnj107","","","","13","T","F",5,8,2,"T","T",0,"F","F",1,"F","F",0,"F","F",1,"G","F","F","",0,0,"N",0,"N",0,"N",0,0,0,0,"13","","","","F","F","F","F","F","F","F","F","F","","","","F","F","F","F","F","","","","",0,3,0,0,1,0,0,0,0,20,"PHI","PHI","BRO",1,"T","F",0,0,0,7,0,"T","F",0,0,"T","T","betth101","burng101","T","T",0,0,0,0,0,0,0,0,0,"","","",0,0,0,0,0,0,0,0,0,0,0,0,0,"ehrhr101","F","F","F","F",0,0,0,0,0,0,0,0,0,0,F,F,"1925PHI.EVN.regular.event.csv",293
"PHI192504250","BRO",3,1,1,0,0,"",0,0,"betth101","?","betth101","?","ehrhr101","?","ehrhr101","?","taylz101","fourj101","higha101","tierc101","mitcj101","wheaz101","browe102","johnj107","","","","53","F","F",1,9,2,"T","T",0,"F","F",1,"F","F",0,"F","F",5,"G","F","F","",0,0,"N",0,"N",0,"N",0,0,0,0,"53","","","","F","F","F","F","F","F","F","F","F","","","","F","F","F","F","F","","","","",0,3,0,0,5,0,0,0,0,21,"PHI","PHI","BRO",1,"F","F",0,0,0,8,1,"T","F",0,0,"T","T","burng101","fonsl101","T","T",0,0,0,0,0,0,0,0,0,"","","",0,0,0,0,0,0,0,0,0,0,0,0,0,"tierc101","F","F","F","F",0,0,0,0,0,0,0,0,0,0,F,F,"1925PHI.EVN.regular.event.csv",294
"PHI192504250","BRO",3,1,2,0,0,"",0,0,"burng101","?","burng101","?","ehrhr101","?","ehrhr101","?","taylz101","fourj101","higha101","tierc101","mitcj101","wheaz101","browe102","johnj107","","","","S6/G","F","F",7,1,20,"T","T",1,"F","F",0,"F","F",0,"F","F",6,"G","F","F","",0,0,"N",0,"N",0,"N",1,0,0,0,"","","","","F","F","F","F","F","F","F","F","F","","","","F","F","F","F","F","","","","",0,0,0,0,0,0,0,0,0,22,"PHI","PHI","BRO",1,"F","F",0,0,0,9,2,"T","F",0,1,"T","T","fonsl101","willc103","T","T",0,0,0,0,0,0,0,0,0,"","","",0,0,0,0,0,0,0,0,0,0,0,0,0,"mitcj101","F","F","F","F",0,0,0,0,0,0,0,0,0,0,F,F,"1925PHI.EVN.regular.event.csv",295
"PHI192504250","BRO",3,1,2,0,0,"",0,0,"fonsl101","?","fonsl101","?","ehrhr101","?","ehrhr101","?","taylz101","fourj101","higha101","tierc101","mitcj101","wheaz101","browe102","johnj107","burng101","","","SB2","F","F",4,2,4,"F","F",0,"F","F",0,"F","F",0,"F","F",0,"","F","F","",0,0,"N",0,"N",0,"N",0,2,0,0,"","","","","T","F","F","F","F","F","F","F","F","ehrhr101","","","F","F","F","F","F","","","","",0,0,0,0,0,0,0,0,0,23,"PHI","PHI","BRO",1,"F","F",0,0,0,10,3,"T","F",1,2,"T","T","willc103","mokaj101","T","T",7,1,22,0,0,0,0,0,0,"taylz101","","",0,0,0,0,0,0,0,0,0,0,0,0,0,"","F","F","F","F",0,0,0,0,0,0,0,0,0,0,F,F,"1925PHI.EVN.regular.event.csv",296
"PHI192504250","BRO",3,1,2,0,0,"",0,0,"fonsl101","?","fonsl101","?","ehrhr101","?","ehrhr101","?","taylz101","fourj101","higha101","tierc101","mitcj101","wheaz101","browe102","johnj107","","burng101","","63","F","F",4,2,2,"T","T",0,"F","F",1,"F","F",0,"F","F",6,"G","F","F","",0,0,"N",0,"N",0,"N",0,0,2,0,"63","","","","F","F","F","F","F","F","F","F","F","","ehrhr101","","F","F","F","F","F","","","","",0,3,0,0,6,0,0,0,0,24,"PHI","PHI","BRO",1,"F","T",0,0,0,10,3,"F","F",2,2,"T","T","willc103","mokaj101","T","T",0,0,0,7,1,22,0,0,0,"","taylz101","",0,0,0,0,0,0,0,0,0,0,0,0,0,"mitcj101","F","F","F","F",0,0,0,0,0,0,0,0,0,0,F,F,"1925PHI.EVN.regular.event.csv",297
"PHI192504250","BRO",4,0,0,0,0,"",0,0,"fourj101","?","fourj101","?","betth101","?","betth101","?","henlb101","holkw101","fonsl101","hubec101","sandh101","burng101","mokaj101","willc103","","","","HR/F9D","T","F",3,4,23,"T","T",4,"F","F",0,"F","F",1,"F","F",0,"F","F","F","9D",0,0,"N",0,"N",0,"N",4,0,0,0,"","","","","F","F","F","F","F","F","F","F","F","","","","F","F","F","F","F","","","","",0,0,0,0,0,0,0,0,0,25,"PHI","BRO","PHI",0,"T","F",0,0,0,12,0,"T","F",0,0,"T","T","browe102","johnj107","T","T",0,0,0,0,0,0,0,0,0,"","","",0,0,0,0,0,0,0,0,0,0,0,0,1,"","F","F","F","F",4,0,0,0,0,0,0,0,0,0,F,F,"1925PHI.EVN.regular.event.csv",298
"PHI192504250","BRO",4,0,0,0,0,"",1,0,"browe102","?","browe102","?","betth101","?","betth101","?","henlb101","holkw101","fonsl101","hubec101","sandh101","burng101","mokaj101","willc103","","","","7/F7D","F","F",8,5,2,"T","T",0,"F","F",1,"F","F",0,"F","F",7,"F","F","F","7D",0,0,"N",0,"N",0,"N",0,0,0,0,"7","","","","F","F","F","F","F","F","F","F","F","","","","F","F","F","F","F","","","","",0,7,0,0,0,0,0,0,0,26,"PHI","BRO","PHI",0,"F","F",1,0,1,13,1,"T","F",0,0,"T","T","johnj107","tierc101","T","T",0,0,0,0,0,0,0,0,0,"","","",0,0,0,0,0,0,0,0,0,0,0,0,0,"burng101","F","F","F","F",0,0,0,0,0,0,0,0,0,0,F,F,"1925PHI.EVN.regular.event.csv",299
"PHI192504250","BRO",4,0,1,0,0,"",1,0,"johnj107","?","johnj107","?","betth101","?","betth101","?","henlb101","holkw101","fonsl101","hubec101","sandh101","burng101","mokaj101","willc103","","","","S9","F","F",9,6,20,"T","T",1,"F","F",0,"F","F",0,"F","F",9,"","F","F","",0,0,"N",0,"N",0,"N",1,0,0,0,"","","","","F","F","F","F","F","F","F","F","F","","","","F","F","F","F","F","","","","",0,0,0,0,0,0,0,0,0,27,"PHI","BRO","PHI",0,"F","F",1,0,1,14,2,"T","F",0,1,"T","T","tierc101","taylz101","T","T",0,0,0,0,0,0,0,0,0,"","","",0,0,0,0,0,0,0,0,0,0,0,0,0,"willc103","F","F","F","F",0,0,0,0,0,0,0,0,0,0,F,F,"1925PHI.EVN.regular.event.csv",300
"PHI192504250","BRO",4,0,1,0,0,"",1,0,"tierc101","?","tierc101","?","betth101","?","betth101","?","henlb101","holkw101","fonsl101","hubec101","sandh101","burng101","mokaj101","willc103","johnj107","","","S12.1X3(25)","F","F",5,7,20,"T","T",1,"F","F",1,"F","F",0,"F","F",1,"","F","F","",0,0,"N",0,"N",0,"N",1,0,0,0,"","25","","","F","F","F","F","F","F","F","F","F","betth101","","","F","F","F","F","F","","","","",0,5,0,0,2,0,0,0,0,28,"PHI","BRO","PHI",0,"F","F",1,0,1,15,3,"T","F",1,1,"T","T","taylz101","ehrhr101","T","T",9,6,27,0,0,0,0,0,0,"henlb101","","",0,0,0,0,0,0,0,0,0,0,0,0,0,"betth101","F","F","F","F",0,0,0,0,0,0,0,0,0,0,F,F,"1925PHI.EVN.regular.event.csv",301
"PHI192504250","BRO",4,0,2,0,0,"",1,0,"taylz101","?","taylz101","?","betth101","?","betth101","?","henlb101","holkw101","fonsl101","hubec101","sandh101","burng101","mokaj101","willc103","tierc101","","","CS2(24)","F","F",2,8,6,"F","F",0,"F","F",1,"F","F",0,"F","F",0,"","F","F","",0,0,"N",0,"N",0,"N",0,0,0,0,"","24","","","F","F","F","T","F","F","F","F","F","betth101","","","F","F","F","F","F","","","","",0,4,0,0,2,0,0,0,0,29,"PHI","BRO","PHI",0,"F","T",1,0,1,16,4,"T","T",1,0,"T","T","ehrhr101","higha101","T","T",5,7,28,0,0,0,0,0,0,"henlb101","","",0,0,0,0,0,0,0,0,0,0,0,0,0,"","F","F","F","F",0,0,0,0,0,0,0,0,0,0,F,F,"1925PHI.EVN.regular.event.csv",302
"PHI192504250","BRO",4,1,0,0,0,"",1,0,"willc103","?","willc103","?","ehrhr101","?","ehrhr101","?","taylz101","fourj101","higha101","tierc101","mitcj101","wheaz101","browe102","johnj107","","","","9/F","T","F",9,3,2,"T","T",0,"F","F",1,"F","F",0,"F","F",9,"F","F","F","",0,0,"N",0,"N",0,"N",0,0,0,0,"9","","","","F","F","F","F","F","F","F","F","F","","","","F","F","F","F","F","","","","",0,9,0,0,0,0,0,0,0,30,"PHI","PHI","BRO",1,"T","F",0,1,0,11,0,"T","F",0,0,"T","T","mokaj101","holkw101","T","T",0,0,0,0,0,0,0,0,0,"","","",0,0,0,0,0,0,0,0,0,0,0,0,0,"johnj107","F","F","F","F",0,0,0,0,0,0,0,0,0,0,F,F,"1925PHI.EVN.regular.event.csv",303
"PHI192504250","BRO",4,1,1,0,0,"",1,0,"mokaj101","?","mokaj101","?","ehrhr101","?","ehrhr101","?","taylz101","fourj101","higha101","tierc101","mitcj101","wheaz101","browe102","johnj107","","","","63","F","F",8,4,2,"T","T",0,"F","F",1,"F","F",0,"F","F",6,"G","F","F","",0,0,"N",0,"N",0,"N",0,0,0,0,"63","","","","F","F","F","F","F","F","F","F","F","","","","F","F","F","F","F","","","","",0,3,0,0,6,0,0,0,0,31,"PHI","PHI","BRO",1,"F","F",0,1,0,12,1,"T","F",0,0,"T","T","holkw101","henlb101","T","T",0,0,0,0,0,0,0,0,0,"","","",0,0,0,0,0,0,0,0,0,0,0,0,0,"mitcj101","F","F","F","F",0,0,0,0,0,0,0,0,0,0,F,F,"1925PHI.EVN.regular.event.csv",304
"PHI192504250","BRO",4,1,2,0,0,"",1,0,"holkw101","?","holkw101","?","ehrhr101","?","ehrhr101","?","taylz101","fourj101","higha101","tierc101","mitcj101","wheaz101","browe102","johnj107","","","","43","F","F",3,5,2,"T","T",0,"F","F",1,"F","F",0,"F","F",4,"G","F","F","",0,0,"N",0,"N",0,"N",0,0,0,0,"43","","","","F","F","F","F","F","F","F","F","F","","","","F","F","F","F","F","","","","",0,3,0,0,4,0,0,0,0,32,"PHI","PHI","BRO",1,"F","T",0,1,0,13,2,"T","F",0,0,"T","T","henlb101","sandh101","T","T",0,0,0,0,0,0,0,0,0,"","","",0,0,0,0,0,0,0,0,0,0,0,0,0,"higha101","F","F","F","F",0,0,0,0,0,0,0,0,0,0,F,F,"1925PHI.EVN.regular.event.csv",305
"PHI192504250","BRO",5,0,0,0,0,"",1,0,"taylz101","?","taylz101","?","betth101","?","betth101","?","henlb101","holkw101","fonsl101","hubec101","sandh101","burng101","mokaj101","willc103","","","","T8/8XD","T","F",2,8,22,"T","T",3,"F","F",0,"F","F",0,"F","F",8,"","F","F","8XD",0,0,"N",0,"N",0,"N",3,0,0,0,"","","","","F","F","F","F","F","F","F","F","F","","","","F","F","F","F","F","","","","",0,0,0,0,0,0,0,0,0,33,"PHI","BRO","PHI",0,"T","F",1,0,0,16,0,"T","F",0,4,"T","T","ehrhr101","higha101","T","T",0,0,0,0,0,0,0,0,0,"","","",0,0,0,0,0,0,0,0,0,0,0,0,0,"mokaj101","F","F","F","F",4,0,0,0,4,0,0,0,0,0,F,F,"1925PHI.EVN.regular.event.csv",306
"PHI192504250","BRO",5,0,0,0,0,"",1,0,"ehrhr101","?","ehrhr101","?","betth101","?","betth101","?","henlb101","holkw101","fonsl101","hubec101","sandh101","burng101","mokaj101","willc103","","","taylz101","WP.3-H","F","F",1,9,9,"F","F",0,"F","F",0,"F","F",0,"T","F",0,"","F","F","",0,0,"N",0,"N",0,"N",0,0,0,4,"","","","","F","F","F","F","F","F","F","F","F","","","betth101","F","F","F","F","F","","","","",0,0,0,0,0,0,0,0,0,34,"PHI","BRO","PHI",0,"F","F",1,0,0,17,1,"T","F",4,0,"T","T","higha101","mitcj101","T","T",0,0,0,0,0,0,2,8,33,"","","henlb101",0,0,0,0,0,0,0,0,0,0,0,0,1,"","F","F","F","F",0,0,0,4,3,0,0,0,0,0,F,F,"1925PHI.EVN.regular.event.csv",307
"PHI192504250","BRO",5,0,0,0,0,"",2,0,"ehrhr101","?","ehrhr101","?","betth101","?","betth101","?","henlb101","holkw101","fonsl101","hubec101","sandh101","burng101","mokaj101","willc103","","","","K","F","F",1,9,3,"T","T",0,"F","F",1,"F","F",0,"F","F",0,"","F","F","",0,0,"N",0,"N",0,"N",0,0,0,0,"2","","","","F","F","F","F","F","F","F","F","F","","","","F","F","F","F","F","","","","",0,2,0,0,0,0,0,0,0,35,"PHI","BRO","PHI",0,"F","F",2,0,1,17,1,"F","F",0,0,"T","T","higha101","mitcj101","T","T",0,0,0,0,0,0,0,0,0,"","","",0,0,0,0,0,0,0,0,0,0,0,0,0,"","F","F","F","F",0,0,0,0,3,0,0,0,0,0,F,F,"1925PHI.EVN.regular.event.csv",308
"PHI192504250","BRO",5,0,1,0,0,"",2,0,"higha101","?","higha101","?","betth101","?","betth101","?","henlb101","holkw101","fonsl101","hubec101","sandh101","burng101","mokaj101","willc103","","","","W","F","F",4,1,14,"T","F",0,"F","F",0,"F","F",0,"F","F",0,"","F","F","",0,0,"N",0,"N",0,"N",1,0,0,0,"","","","","F","F","F","F","F","F","F","F","F","","","","F","F","F","F","F","","","","",0,0,0,0,0,0,0,0,0,36,"PHI","BRO","PHI",0,"F","F",2,0,1,18,2,"T","F",0,1,"T","T","mitcj101","wheaz101","T","T",0,0,0,0,0,0,0,0,0,"","","",0,0,0,0,0,0,0,0,0,0,0,0,0,"","F","F","F","F",4,0,0,0,3,0,0,0,0,0,F,F,"1925PHI.EVN.regular.event.csv",309
"PHI192504250","BRO",5,0,1,0,0,"",2,0,"mitcj101","?","mitcj101","?","betth101","?","betth101","?","henlb101","holkw101","fonsl101","hubec101","sandh101","burng101","mokaj101","willc103","higha101","","","3/P","F","F",6,2,2,"T","T",0,"F","F",1,"F","F",0,"F","F",3,"P","F","F","",0,0,"N",0,"N",0,"N",0,1,0,0,"3","","","","F","F","F","F","F","F","F","F","F","betth101","","","F","F","F","F","F","","","","",0,3,0,0,0,0,0,0,0,37,"PHI","BRO","PHI",0,"F","F",2,0,1,19,3,"T","F",1,1,"T","T","wheaz101","fourj101","T","T",4,1,36,0,0,0,0,0,0,"henlb101","","",0,0,0,0,0,0,0,0,0,0,0,0,0,"holkw101","F","F","F","F",0,4,0,0,3,0,0,0,0,0,F,F,"1925PHI.EVN.regular.event.csv",310
"PHI192504250","BRO",5,0,2,0,0,"",2,0,"wheaz101","?","wheaz101","?","betth101","?","betth101","?","henlb101","holkw101","fonsl101","hubec101","sandh101","burng101","mokaj101","willc103","higha101","","","S/78.1-2","F","F",7,3,20,"T","T",1,"F","F",0,"F","F",0,"F","F",0,"","F","F","78",0,0,"N",0,"N",0,"N",1,2,0,0,"","","","","F","F","F","F","F","F","F","F","F","betth101","","","F","F","F","F","F","","","","",0,0,0,0,0,0,0,0,0,38,"PHI","BRO","PHI",0,"F","F",2,0,1,20,4,"T","F",1,3,"T","T","fourj101","browe102","T","T",4,1,36,0,0,0,0,0,0,"henlb101","","",0,0,0,0,0,0,0,0,0,0,0,0,0,"","F","F","F","F",4,4,0,0,3,0,0,0,0,0,F,F,"1925PHI.EVN.regular.event.csv",311
"PHI192504250","BRO",5,0,2,0,0,"",2,0,"fourj101","?","fourj101","?","betth101","?","betth101","?","henlb101","holkw101","fonsl101","hubec101","sandh101","burng101","mokaj101","willc103","wheaz101","higha101","","HR/F9D.2-H;1-H","F","F",3,4,23,"T","T",4,"F","F",0,"F","F",3,"F","F",0,"F","F","F","9D",0,0,"N",0,"N",0,"N",4,4,4,0,"","","","","F","F","F","F","F","F","F","F","F","betth101","betth101","","F","F","F","F","F","","","","",0,0,0,0,0,0,0,0,0,39,"PHI","BRO","PHI",0,"F","F",2,0,1,21,5,"T","F",3,0,"T","T","browe102","johnj107","T","T",7,3,38,4,1,36,0,0,0,"henlb101","henlb101","",0,0,0,0,0,0,0,0,0,0,0,0,3,"","F","F","F","F",4,4,4,0,0,0,0,0,0,0,F,F,"1925PHI.EVN.regular.event.csv",312
"PHI192504250","BRO",5,0,2,0,0,"",5,0,"browe102","?","browe102","?","coucj101","?","coucj101","?","henlb101","holkw101","fonsl101","hubec101","sandh101","burng101","mokaj101","willc103","","","","13","F","F",8,5,2,"T","T",0,"F","F",1,"F","F",0,"F","F",1,"G","F","F","",0,0,"N",0,"N",0,"N",0,0,0,0,"13","","","","F","F","F","F","F","F","F","F","F","","","","F","F","F","F","F","","","","",0,3,0,0,1,0,0,0,0,40,"PHI","BRO","PHI",0,"F","T",5,0,4,22,6,"T","F",0,0,"T","T","johnj107","tierc101","F","F",0,0,0,0,0,0,0,0,0,"","","",0,0,0,0,0,0,0,0,0,0,0,0,0,"coucj101","F","F","F","F",0,0,0,0,0,0,0,0,0,0,F,F,"1925PHI.EVN.regular.event.csv",313
"PHI192504250","BRO",5,1,0,0,0,"",5,0,"henlb101","?","henlb101","?","ehrhr101","?","ehrhr101","?","taylz101","fourj101","higha101","tierc101","mitcj101","wheaz101","browe102","johnj107","","","","63","T","F",2,6,2,"T","T",0,"F","F",1,"F","F",0,"F","F",6,"G","F","F","",0,0,"N",0,"N",0,"N",0,0,0,0,"63","","","","F","F","F","F","F","F","F","F","F","","","","F","F","F","F","F","","","","",0,3,0,0,6,0,0,0,0,41,"PHI","PHI","BRO",1,"T","F",0,5,0,14,0,"T","F",0,0,"T","T","sandh101","hubec101","T","T",0,0,0,0,0,0,0,0,0,"","","",0,0,0,0,0,0,0,0,0,0,0,0,0,"mitcj101","F","F","F","F",0,0,0,0,0,0,0,0,0,0,F,F,"1925PHI.EVN.regular.event.csv",314
"PHI192504250","BRO",5,1,1,0,0,"",5,0,"sandh101","?","sandh101","?","ehrhr101","?","ehrhr101","?","taylz101","fourj101","higha101","tierc101","mitcj101","wheaz101","browe102","johnj107","","","","13","F","F",6,7,2,"T","T",0,"F","F",1,"F","F",0,"F","F",1,"G","F","F","",0,0,"N",0,"N",0,"N",0,0,0,0,"13","","","","F","F","F","F","F","F","F","F","F","","","","F","F","F","F","F","","","","",0,3,0,0,1,0,0,0,0,42,"PHI","PHI","BRO",1,"F","F",0,5,0,15,1,"T","F",0,0,"T","T","hubec101","coucj101","T","T",0,0,0,0,0,0,0,0,0,"","","",0,0,0,0,0,0,0,0,0,0,0,0,0,"ehrhr101","F","F","F","F",0,0,0,0,0,0,0,0,0,0,F,F,"1925PHI.EVN.regular.event.csv",315
"PHI192504250","BRO",5,1,2,0,0,"",5,0,"hubec101","?","hubec101","?","ehrhr101","?","ehrhr101","?","taylz101","fourj101","higha101","tierc101","mitcj101","wheaz101","browe102","johnj107","","","","8/F","F","F",5,8,2,"T","T",0,"F","F",1,"F","F",0,"F","F",8,"F","F","F","",0,0,"N",0,"N",0,"N",0,0,0,0,"8","","","","F","F","F","F","F","F","F","F","F","","","","F","F","F","F","F","","","","",0,8,0,0,0,0,0,0,0,43,"PHI","PHI","BRO",1,"F","T",0,5,0,16,2,"T","F",0,0,"T","T","coucj101","burng101","T","T",0,0,0,0,0,0,0,0,0,"","","",0,0,0,0,0,0,0,0,0,0,0,0,0,"browe102","F","F","F","F",0,0,0,0,0,0,0,0,0,0,F,F,"1925PHI.EVN.regular.event.csv",316
"PHI192504250","BRO",6,0,0,0,0,"",5,0,"johnj107","?","johnj107","?","coucj101","?","coucj101","?","henlb101","holkw101","fonsl101","hubec101","sandh101","burng101","mokaj101","willc103","","","","D9/89XDW","T","F",9,6,21,"T","T",2,"F","F",0,"F","F",0,"F","F",9,"","F","F","89XDW",0,0,"N",0,"N",0,"N",2,0,0,0,"","","","","F","F","F","F","F","F","F","F","F","","","","F","F","F","F","F","","","","",0,0,0,0,0,0,0,0,0,44,"PHI","BRO","PHI",0,"T","F",5,0,0,23,0,"T","F",0,2,"T","T","tierc101","taylz101","F","F",0,0,0,0,0,0,0,0,0,"","","",0,0,0,0,0,0,0,0,0,0,0,0,0,"willc103","F","F","F","F",4,0,0,0,2,0,0,0,0,0,F,F,"1925PHI.EVN.regular.event.csv",317
"PHI192504250","BRO",6,0,0,0,0,"",5,0,"tierc101","?","tierc101","?","coucj101","?","coucj101","?","henlb101","holkw101","fonsl101","hubec101","sandh101","burng101","mokaj101","willc103","","johnj107","","7/L","F","F",5,7,2,"T","T",0,"F","F",1,"F","F",0,"F","F",7,"L","F","F","",0,0,"N",0,"N",0,"N",0,0,2,0,"7","","","","F","F","F","F","F","F","F","F","F","","coucj101","","F","F","F","F","F","","","","",0,7,0,0,0,0,0,0,0,45,"PHI","BRO","PHI",0,"F","F",5,0,0,24,1,"T","F",2,2,"T","T","taylz101","ehrhr101","F","F",0,0,0,9,6,44,0,0,0,"","henlb101","",0,0,0,0,0,0,0,0,0,0,0,0,0,"burng101","F","F","F","F",0,0,4,0,2,0,0,0,0,0,F,F,"1925PHI.EVN.regular.event.csv",318
"PHI192504250","BRO",6,0,1,0,0,"",5,0,"taylz101","?","taylz101","?","coucj101","?","coucj101","?","henlb101","holkw101","fonsl101","hubec101","sandh101","burng101","mokaj101","willc103","","johnj107","","D9/9L.2-H","F","F",2,8,21,"T","T",2,"F","F",0,"F","F",1,"F","F",9,"","F","F","9L",0,0,"N",0,"N",0,"N",2,0,4,0,"","","","","F","F","F","F","F","F","F","F","F","","coucj101","","F","F","F","F","F","","","","",0,0,0,0,0,0,0,0,0,46,"PHI","BRO","PHI",0,"F","F",5,0,0,25,2,"T","F",2,2,"T","T","ehrhr101","higha101","F","F",0,0,0,9,6,44,0,0,0,"","henlb101","",0,0,0,0,0,0,0,0,0,0,0,0,1,"willc103","F","F","F","F",4,0,4,0,1,0,0,0,0,0,F,F,"1925PHI.EVN.regular.event.csv",319
"PHI192504250","BRO",6,0,1,0,0,"",6,0,"ehrhr101","?","ehrhr101","?","coucj101","?","coucj101","?","henlb101","holkw101","fonsl101","hubec101","sandh101","burng101","mokaj101","willc103","","taylz101","","S7.2-3","F","F",1,9,20,"T","T",1,"F","F",0,"F","F",0,"F","F",7,"","F","F","",0,0,"N",0,"N",0,"N",1,0,3,0,"","","","","F","F","F","F","F","F","F","F","F","","coucj101","","F","F","F","F","F","","","","",0,0,0,0,0,0,0,0,0,47,"PHI","BRO","PHI",0,"F","F",6,0,1,26,3,"T","F",2,5,"T","T","higha101","mitcj101","F","F",0,0,0,2,8,46,0,0,0,"","henlb101","",0,0,0,0,0,0,0,0,0,0,0,0,0,"burng101","F","F","F","F",3,0,4,0,1,0,0,0,0,0,F,F,"1925PHI.EVN.regular.event.csv",320
"PHI192504250","BRO",6,0,1,0,0,"",6,0,"higha101","?","higha101","?","coucj101","?","coucj101","?","henlb101","holkw101","fonsl101","hubec101","sandh101","burng101","mokaj101","willc103","ehrhr101","","taylz101","8/SF.3-H","F","F",4,1,2,"T","F",0,"F","T",1,"F","F",1,"F","F",8,"F","F","F","",0,0,"N",0,"N",0,"N",0,1,0,4,"8","","","","F","F","F","F","F","F","F","F","F","coucj101","","coucj101","F","F","F","F","F","","","","",0,8,0,0,0,0,0,0,0,48,"PHI","BRO","PHI",0,"F","F",6,0,1,27,4,"T","F",5,1,"T","T","mitcj101","wheaz101","F","F",1,9,47,0,0,0,2,8,46,"henlb101","","henlb101",0,0,0,0,0,0,0,0,0,0,0,0,1,"mokaj101","F","F","F","F",0,3,0,4,0,0,0,0,0,0,F,F,"1925PHI.EVN.regular.event.csv",321
"PHI192504250","BRO",6,0,2,0,0,"",7,0,"mitcj101","?","mitcj101","?","coucj101","?","coucj101","?","henlb101","holkw101","fonsl101","hubec101","sandh101","burng101","mokaj101","willc103","ehrhr101","","","S6/G.1-2","F","F",6,2,20,"T","T",1,"F","F",0,"F","F",0,"F","F",6,"G","F","F","",0,0,"N",0,"N",0,"N",1,2,0,0,"","","","","F","F","F","F","F","F","F","F","F","coucj101","","","F","F","F","F","F","","","","",0,0,0,0,0,0,0,0,0,49,"PHI","BRO","PHI",0,"F","F",7,0,2,28,5,"T","F",1,3,"T","T","wheaz101","fourj101","F","F",1,9,47,0,0,0,0,0,0,"henlb101","","",0,0,0,0,0,0,0,0,0,0,0,0,0,"sandh101","F","F","F","F",2,3,0,0,0,0,0,0,0,0,F,F,"1925PHI.EVN.regular.event.csv",322
"PHI192504250","BRO",6,0,2,0,0,"",7,0,"wheaz101","?","wheaz101","?","coucj101","?","coucj101","?","henlb101","holkw101","fonsl101","hubec101","sandh101","burng101","mokaj101","willc103","mitcj101","ehrhr101","","W.2-3;1-2","F","F",7,3,14,"T","F",0,"F","F",0,"F","F",0,"F","F",0,"","F","F","",0,0,"N",0,"N",0,"N",1,2,3,0,"","","","","F","F","F","F","F","F","F","F","F","coucj101","coucj101","","F","F","F","F","F","","","","",0,0,0,0,0,0,0,0,0,50,"PHI","BRO","PHI",0,"F","F",7,0,2,29,6,"T","F",3,7,"T","T","fourj101","browe102","F","F",6,2,49,1,9,47,0,0,0,"henlb101","henlb101","",0,0,0,0,0,0,0,0,0,0,0,0,0,"","F","F","F","F",1,2,3,0,0,0,0,0,0,0,F,F,"1925PHI.EVN.regular.event.csv",323
"PHI192504250","BRO",6,0,2,0,0,"",7,0,"fourj101","?","fourj101","?","coucj101","?","coucj101","?","henlb101","holkw101","fonsl101","hubec101","sandh101","burng101","mokaj101","willc103","wheaz101","mitcj101","ehrhr101","13","F","F",3,4,2,"T","T",0,"F","F",1,"F","F",0,"F","F",1,"G","F","F","",0,0,"N",0,"N",0,"N",0,1,2,3,"13","","","","F","F","F","F","F","F","F","F","F","coucj101","coucj101","coucj101","F","F","F","F","F","","","","",0,3,0,0,1,0,0,0,0,51,"PHI","BRO","PHI",0,"F","T",7,0,2,30,7,"T","F",7,7,"T","T","browe102","johnj107","F","F",7,3,50,6,2,49,1,9,47,"henlb101","henlb101","henlb101",0,0,0,0,0,0,0,0,0,0,0,0,0,"coucj101","F","F","F","F",0,1,2,3,0,0,0,0,0,0,F,F,"1925PHI.EVN.regular.event.csv",324
"PHI192504250","BRO",6,1,0,0,0,"",7,0,"wilsj105","?","wilsj105","?","ehrhr101","?","ehrhr101","?","taylz101","fourj101","higha101","tierc101","mitcj101","wheaz101","browe102","johnj107","","","","S5/G","T","T",11,9,20,"T","T",1,"F","F",0,"F","F",0,"F","F",5,"G","F","F","",0,0,"N",0,"N",0,"N",1,0,0,0,"","","","","F","F","F","F","F","F","F","F","F","","","","F","F","F","F","F","","","","coucj101",1,0,0,0,0,0,0,0,0,52,"PHI","PHI","BRO",1,"T","F",0,7,0,17,0,"T","F",0,1,"F","F","burng101","fonsl101","T","T",0,0,0,0,0,0,0,0,0,"","","",0,0,0,0,0,0,0,0,0,0,0,0,0,"tierc101","F","F","F","F",5,0,0,0,5,0,0,0,0,0,F,F,"1925PHI.EVN.regular.event.csv",325
"PHI192504250","BRO",6,1,0,0,0,"",7,0,"burng101","?","burng101","?","ehrhr101","?","ehrhr101","?","taylz101","fourj101","higha101","tierc101","mitcj101","wheaz101","browe102","johnj107","wilsj105","","","FC4.1-2(E4/TH2);B-1","F","F",7,1,19,"T","T",0,"F","F",0,"F","F",0,"F","F",4,"G","F","F","",1,4,"T",0,"N",0,"N",1,2,0,0,"","","","","F","F","F","F","F","F","F","F","F","ehrhr101","","","F","F","F","F","F","","","","",0,0,0,0,0,0,0,0,0,53,"PHI","PHI","BRO",1,"F","F",0,7,0,18,1,"T","F",1,3,"T","T","fonsl101","willc103","T","T",0,9,52,0,0,0,0,0,0,"taylz101","","",0,0,0,0,0,0,0,0,0,0,0,0,0,"higha101","F","F","F","F",0,5,0,0,5,0,0,0,0,0,F,F,"1925PHI.EVN.regular.event.csv",326
"PHI192504250","BRO",6,1,0,0,0,"",7,0,"fonsl101","?","fonsl101","?","ehrhr101","?","ehrhr101","?","taylz101","fourj101","higha101","tierc101","mitcj101","wheaz101","browe102","johnj107","burng101","wilsj105","","64(1)/FO.2-3","F","F",4,2,2,"T","T",0,"F","F",1,"F","F",0,"F","F",6,"G","F","F","",0,0,"N",0,"N",0,"N",1,0,3,0,"","64","","","F","F","F","F","F","F","F","F","F","ehrhr101","ehrhr101","","F","F","F","F","F","","","","",0,4,0,0,6,0,0,0,0,54,"PHI","PHI","BRO",1,"F","F",0,7,0,19,2,"T","F",3,5,"T","T","willc103","mokaj101","T","T",7,1,53,0,9,52,0,0,0,"taylz101","taylz101","",0,0,0,0,0,0,0,0,0,0,0,0,0,"mitcj101","T","F","F","F",5,0,5,0,5,0,0,0,0,0,F,F,"1925PHI.EVN.regular.event.csv",327
"PHI192504250","BRO",6,1,1,0,0,"",7,0,"willc103","?","willc103","?","ehrhr101","?","ehrhr101","?","taylz101","fourj101","higha101","tierc101","mitcj101","wheaz101","browe102","johnj107","fonsl101","","wilsj105","S9.3-H(UR);1-2#","F","F",9,3,20,"T","T",1,"F","F",0,"F","F",1,"F","F",9,"","F","F","",0,0,"N",0,"N",0,"N",1,2,0,5,"","","","","F","F","F","F","F","F","F","F","F","ehrhr101","","ehrhr101","F","F","F","F","F","","","","",0,0,0,0,0,0,0,0,0,55,"PHI","PHI","BRO",1,"F","F",0,7,0,20,3,"T","F",5,3,"T","T","mokaj101","holkw101","T","T",4,2,54,0,0,0,0,9,52,"taylz101","","taylz101",0,0,0,0,0,0,0,0,0,0,0,0,1,"johnj107","F","F","F","F",5,5,0,5,4,0,0,0,0,0,F,T,"1925PHI.EVN.regular.event.csv",328
"PHI192504250","BRO",6,1,1,0,0,"",7,1,"mokaj101","?","mokaj101","?","ehrhr101","?","ehrhr101","?","taylz101","fourj101","higha101","tierc101","mitcj101","wheaz101","browe102","johnj107","willc103","fonsl101","","7/L7DW","F","F",8,4,2,"T","T",0,"F","F",1,"F","F",0,"F","F",7,"L","F","F","7DW",0,0,"N",0,"N",0,"N",0,1,2,0,"7","","","","F","F","F","F","F","F","F","F","F","ehrhr101","ehrhr101","","F","F","F","F","F","","","","",0,7,0,0,0,0,0,0,0,56,"PHI","PHI","BRO",1,"F","F",1,7,1,21,4,"T","F",3,3,"T","T","holkw101","henlb101","T","T",9,3,55,4,2,54,0,0,0,"taylz101","taylz101","",0,0,0,0,0,0,0,0,0,0,0,0,0,"wheaz101","F","F","F","F",0,5,5,0,4,0,0,0,0,0,F,F,"1925PHI.EVN.regular.event.csv",329
"PHI192504250","BRO",6,1,2,0,0,"",7,1,"hawkc101","?","hawkc101","?","ehrhr101","?","ehrhr101","?","taylz101","fourj101","higha101","tierc101","mitcj101","wheaz101","browe102","johnj107","willc103","fonsl101","","W.2-3;1-2","F","T",11,5,14,"T","F",0,"F","F",0,"F","F",0,"F","F",0,"","F","F","",0,0,"N",0,"N",0,"N",1,2,3,0,"","","","","F","F","F","F","F","F","F","F","F","ehrhr101","ehrhr101","","F","F","F","F","F","","","","holkw101",3,0,0,0,0,0,0,0,0,57,"PHI","PHI","BRO",1,"F","F",1,7,1,22,5,"T","F",3,7,"F","F","henlb101","sandh101","T","T",9,3,55,4,2,54,0,0,0,"taylz101","taylz101","",0,0,0,0,0,0,0,0,0,0,0,0,0,"","F","F","F","F",5,5,5,0,4,0,0,0,0,0,F,F,"1925PHI.EVN.regular.event.csv",330
"PHI192504250","BRO",6,1,2,0,0,"",7,1,"henlb101","?","henlb101","?","ehrhr101","?","ehrhr101","?","taylz101","fourj101","higha101","tierc101","mitcj101","wheaz101","browe102","johnj107","hawkc101","willc103","fonsl101","S8.3-H(UR);2-H(UR);1-3#","F","F",2,6,20,"T","T",1,"F","F",0,"F","F",2,"F","F",8,"","F","F","",0,0,"N",0,"N",0,"N",1,3,5,5,"","","","","F","F","F","F","F","F","F","F","F","ehrhr101","ehrhr101","ehrhr101","F","F","F","F","F","","","","",0,0,0,0,0,0,0,0,0,58,"PHI","PHI","BRO",1,"F","F",1,7,1,23,6,"T","F",7,5,"T","T","sandh101","hubec101","T","T",0,5,57,9,3,55,4,2,54,"taylz101","taylz101","taylz101",0,0,0,0,0,0,0,0,0,0,0,0,2,"browe102","F","F","F","F",5,5,5,5,2,0,0,0,0,0,F,T,"1925PHI.EVN.regular.event.csv",331
"PHI192504250","BRO",6,1,2,0,0,"",7,3,"sandh101","?","sandh101","?","ehrhr101","?","ehrhr101","?","taylz101","fourj101","higha101","tierc101","mitcj101","wheaz101","browe102","johnj107","henlb101","","hawkc101","T9/F9L.3-H(UR);1-H(UR)#","F","F",6,7,22,"T","T",3,"F","F",0,"F","F",2,"F","F",9,"F","F","F","9L",0,0,"N",0,"N",0,"N",3,5,0,5,"","","","","F","F","F","F","F","F","F","F","F","ehrhr101","","ehrhr101","F","F","F","F","F","","","","",0,0,0,0,0,0,0,0,0,59,"PHI","PHI","BRO",1,"F","F",3,7,3,24,7,"T","F",5,4,"T","T","hubec101","wilsj105","T","T",2,6,58,0,0,0,0,5,57,"taylz101","","taylz101",0,0,0,0,0,0,0,0,0,0,0,0,2,"johnj107","F","F","F","F",3,5,0,5,0,0,0,0,0,0,F,T,"1925PHI.EVN.regular.event.csv",332
"PHI192504250","BRO",6,1,2,0,0,"",7,5,"hubec101","?","hubec101","?","ehrhr101","?","ehrhr101","?","taylz101","fourj101","higha101","tierc101","mitcj101","wheaz101","browe102","johnj107","","","sandh101","53","F","F",5,8,2,"T","T",0,"F","F",1,"F","F",0,"F","F",5,"G","F","F","",0,0,"N",0,"N",0,"N",0,0,0,3,"53","","","","F","F","F","F","F","F","F","F","F","","","ehrhr101","F","F","F","F","F","","","","",0,3,0,0,5,0,0,0,0,60,"PHI","PHI","BRO",1,"F","T",5,7,5,25,8,"T","F",4,4,"T","T","wilsj105","burng101","T","T",0,0,0,0,0,0,6,7,59,"","","taylz101",0,0,0,0,0,0,0,0,0,0,0,0,0,"tierc101","F","F","F","F",0,0,0,3,0,0,0,0,0,0,F,F,"1925PHI.EVN.regular.event.csv",333
"PHI192504250","BRO",7,0,0,0,0,"",7,5,"browe102","?","browe102","?","filld101","?","filld101","?","wilsj105","hawkc101","fonsl101","hubec101","sandh101","burng101","mokaj101","willc103","","","","K","T","F",8,5,3,"T","T",0,"F","F",1,"F","F",0,"F","F",0,"","F","F","",0,0,"N",0,"N",0,"N",0,0,0,0,"2","","","","F","F","F","F","F","F","F","F","F","","","","F","F","F","F","F","","","","",0,2,0,0,0,0,0,0,0,61,"PHI","BRO","PHI",0,"T","F",7,5,0,31,0,"T","F",0,0,"T","T","johnj107","tierc101","F","F",0,0,0,0,0,0,0,0,0,"","","",0,0,0,0,0,0,0,0,0,0,0,0,0,"","F","F","F","F",0,0,0,0,0,0,0,0,0,0,F,F,"1925PHI.EVN.regular.event.csv",334
"PHI192504250","BRO",7,0,1,0,0,"",7,5,"johnj107","?","johnj107","?","filld101","?","filld101","?","wilsj105","hawkc101","fonsl101","hubec101","sandh101","burng101","mokaj101","willc103","","","","W","F","F",9,6,14,"T","F",0,"F","F",0,"F","F",0,"F","F",0,"","F","F","",0,0,"N",0,"N",0,"N",1,0,0,0,"","","","","F","F","F","F","F","F","F","F","F","","","","F","F","F","F","F","","","","",0,0,0,0,0,0,0,0,0,62,"PHI","BRO","PHI",0,"F","F",7,5,0,32,1,"T","F",0,1,"T","T","tierc101","taylz101","F","F",0,0,0,0,0,0,0,0,0,"","","",0,0,0,0,0,0,0,0,0,0,0,0,0,"","F","F","F","F",0,0,0,0,0,0,0,0,0,0,F,F,"1925PHI.EVN.regular.event.csv",335
"PHI192504250","BRO",7,0,1,0,0,"",7,5,"tierc101","?","tierc101","?","filld101","?","filld101","?","wilsj105","hawkc101","fonsl101","hubec101","sandh101","burng101","mokaj101","willc103","johnj107","","","S7.1-2","F","F",5,7,20,"T","T",1,"F","F",0,"F","F",0,"F","F",7,"","F","F","",0,0,"N",0,"N",0,"N",1,2,0,0,"","","","","F","F","F","F","F","F","F","F","F","filld101","","","F","F","F","F","F","","","","",0,0,0,0,0,0,0,0,0,63,"PHI","BRO","PHI",0,"F","F",7,5,0,33,2,"T","F",1,3,"T","T","taylz101","ehrhr101","F","F",9,6,62,0,0,0,0,0,0,"wilsj105","","",0,0,0,0,0,0,0,0,0,0,0,0,0,"burng101","F","F","F","F",0,0,0,0,0,0,0,0,0,0,F,F,"1925PHI.EVN.regular.event.csv",336
"PHI192504250","BRO",7,0,1,0,0,"",7,5,"taylz101","?","taylz101","?","filld101","?","filld101","?","wilsj105","hawkc101","fonsl101","hubec101","sandh101","burng101","mokaj101","willc103","tierc101","johnj107","","K","F","F",2,8,3,"T","T",0,"F","F",1,"F","F",0,"F","F",0,"","F","F","",0,0,"N",0,"N",0,"N",0,1,2,0,"2","","","","F","F","F","F","F","F","F","F","F","filld101","filld101","","F","F","F","F","F","","","","",0,2,0,0,0,0,0,0,0,64,"PHI","BRO","PHI",0,"F","F",7,5,0,34,3,"T","F",3,3,"T","T","ehrhr101","higha101","F","F",5,7,63,9,6,62,0,0,0,"wilsj105","wilsj105","",0,0,0,0,0,0,0,0,0,0,0,0,0,"","F","F","F","F",0,0,0,0,0,0,0,0,0,0,F,F,"1925PHI.EVN.regular.event.csv",337
"PHI192504250","BRO",7,0,2,0,0,"",7,5,"ehrhr101","?","ehrhr101","?","filld101","?","filld101","?","wilsj105","hawkc101","fonsl101","hubec101","sandh101","burng101","mokaj101","willc103","tierc101","johnj107","","13","F","F",1,9,2,"T","T",0,"F","F",1,"F","F",0,"F","F",1,"G","F","F","",0,0,"N",0,"N",0,"N",0,1,2,0,"13","","","","F","F","F","F","F","F","F","F","F","filld101","filld101","","F","F","F","F","F","","","","",0,3,0,0,1,0,0,0,0,65,"PHI","BRO","PHI",0,"F","T",7,5,0,35,4,"T","F",3,3,"T","T","higha101","mitcj101","F","F",5,7,63,9,6,62,0,0,0,"wilsj105","wilsj105","",0,0,0,0,0,0,0,0,0,0,0,0,0,"filld101","F","F","F","F",0,0,0,0,0,0,0,0,0,0,F,F,"1925PHI.EVN.regular.event.csv",338
"PHI192504250","BRO",7,1,0,0,0,"",7,5,"wilsj105","?","wilsj105","?","ehrhr101","?","ehrhr101","?","taylz101","fourj101","higha101","tierc101","mitcj101","wheaz101","browe102","johnj107","","","","53","T","F",2,9,2,"T","T",0,"F","F",1,"F","F",0,"F","F",5,"G","F","F","",0,0,"N",0,"N",0,"N",0,0,0,0,"53","","","","F","F","F","F","F","F","F","F","F","","","","F","F","F","F","F","","","","",0,3,0,0,5,0,0,0,0,66,"PHI","PHI","BRO",1,"T","F",5,7,0,26,0,"T","F",0,0,"F","F","burng101","fonsl101","T","T",0,0,0,0,0,0,0,0,0,"","","",0,0,0,0,0,0,0,0,0,0,0,0,0,"tierc101","F","F","F","F",0,0,0,0,0,0,0,0,0,0,F,F,"1925PHI.EVN.regular.event.csv",339
"PHI192504250","BRO",7,1,1,0,0,"",7,5,"burng101","?","burng101","?","ehrhr101","?","ehrhr101","?","taylz101","fourj101","higha101","tierc101","mitcj101","wheaz101","browe102","johnj107","","","","S7.B-2(E7)","F","F",7,1,20,"T","T",1,"F","F",0,"F","F",0,"F","F",7,"","F","F","",1,7,"F",0,"N",0,"N",2,0,0,0,"","","","","F","F","F","F","F","F","F","F","F","","","","F","F","F","F","F","","","","",0,0,0,0,0,0,0,0,0,67,"PHI","PHI","BRO",1,"F","F",5,7,0,27,1,"T","F",0,2,"T","T","fonsl101","willc103","T","T",0,0,0,0,0,0,0,0,0,"","","",0,0,0,0,0,0,0,0,0,0,0,0,0,"wheaz101","F","F","F","F",0,0,0,0,0,0,0,0,0,0,F,F,"1925PHI.EVN.regular.event.csv",340
"PHI192504250","BRO",7,1,1,0,0,"",7,5,"fonsl101","?","fonsl101","?","ehrhr101","?","ehrhr101","?","taylz101","fourj101","higha101","tierc101","mitcj101","wheaz101","browe102","johnj107","","burng101","","63.2-3","F","F",4,2,2,"T","T",0,"F","F",1,"F","F",0,"F","F",6,"G","F","F","",0,0,"N",0,"N",0,"N",0,0,3,0,"63","","","","F","F","F","F","F","F","F","F","F","","ehrhr101","","F","F","F","F","F","","","","",0,3,0,0,6,0,0,0,0,68,"PHI","PHI","BRO",1,"F","F",5,7,0,28,2,"T","F",2,4,"T","T","willc103","mokaj101","T","T",0,0,0,7,1,67,0,0,0,"","taylz101","",0,0,0,0,0,0,0,0,0,0,0,0,0,"mitcj101","F","F","F","F",0,0,0,0,0,0,0,0,0,0,F,F,"1925PHI.EVN.regular.event.csv",341
"PHI192504250","BRO",7,1,2,0,0,"",7,5,"willc103","?","willc103","?","ehrhr101","?","ehrhr101","?","taylz101","fourj101","higha101","tierc101","mitcj101","wheaz101","browe102","johnj107","","","burng101","3/G","F","F",9,3,2,"T","T",0,"F","F",1,"F","F",0,"F","F",3,"G","F","F","",0,0,"N",0,"N",0,"N",0,0,0,3,"3","","","","F","F","F","F","F","F","F","F","F","","","ehrhr101","F","F","F","F","F","","","","",0,3,0,0,0,0,0,0,0,69,"PHI","PHI","BRO",1,"F","T",5,7,0,29,3,"T","F",4,4,"T","T","mokaj101","hawkc101","T","T",0,0,0,0,0,0,7,1,67,"","","taylz101",0,0,0,0,0,0,0,0,0,0,0,0,0,"fourj101","F","F","F","F",0,0,0,0,0,0,0,0,0,0,F,F,"1925PHI.EVN.regular.event.csv",342
"PHI192504250","BRO",8,0,0,0,0,"",7,5,"higha101","?","higha101","?","filld101","?","filld101","?","wilsj105","hawkc101","fonsl101","hubec101","sandh101","burng101","mokaj101","willc103","","","","S8","T","F",4,1,20,"T","T",1,"F","F",0,"F","F",0,"F","F",8,"","F","F","",0,0,"N",0,"N",0,"N",1,0,0,0,"","","","","F","F","F","F","F","F","F","F","F","","","","F","F","F","F","F","","","","",0,0,0,0,0,0,0,0,0,70,"PHI","BRO","PHI",0,"T","F",7,5,0,36,0,"T","F",0,1,"T","T","mitcj101","wheaz101","F","F",0,0,0,0,0,0,0,0,0,"","","",0,0,0,0,0,0,0,0,0,0,0,0,0,"mokaj101","F","F","F","F",4,0,0,0,2,0,0,0,0,0,F,F,"1925PHI.EVN.regular.event.csv",343
"PHI192504250","BRO",8,0,0,0,0,"",7,5,"mitcj101","?","mitcj101","?","filld101","?","filld101","?","wilsj105","hawkc101","fonsl101","hubec101","sandh101","burng101","mokaj101","willc103","higha101","","","S1/BG25.1-2","F","F",6,2,20,"T","T",1,"F","F",0,"F","F",0,"F","F",1,"G","T","F","25",0,0,"N",0,"N",0,"N",1,2,0,0,"","","","","F","F","F","F","F","F","F","F","F","filld101","","","F","F","F","F","F","","","","",0,0,0,0,0,0,0,0,0,71,"PHI","BRO","PHI",0,"F","F",7,5,0,37,1,"T","F",1,3,"T","T","wheaz101","fourj101","F","F",4,1,70,0,0,0,0,0,0,"wilsj105","","",0,0,0,0,0,0,0,0,0,0,0,0,0,"filld101","F","F","F","F",4,4,0,0,2,0,0,0,0,0,F,F,"1925PHI.EVN.regular.event.csv",344
"PHI192504250","BRO",8,0,0,0,0,"",7,5,"wheaz101","?","wheaz101","?","filld101","?","filld101","?","wilsj105","hawkc101","fonsl101","hubec101","sandh101","burng101","mokaj101","willc103","mitcj101","higha101","","S8/L89XDW.2-H;1-3","F","F",7,3,20,"T","T",1,"F","F",0,"F","F",1,"F","F",8,"L","F","F","89XDW",0,0,"N",0,"N",0,"N",1,3,4,0,"","","","","F","F","F","F","F","F","F","F","F","filld101","filld101","","F","F","F","F","F","","","","",0,0,0,0,0,0,0,0,0,72,"PHI","BRO","PHI",0,"F","F",7,5,0,38,2,"T","F",3,5,"T","T","fourj101","browe102","F","F",6,2,71,4,1,70,0,0,0,"wilsj105","wilsj105","",0,0,0,0,0,0,0,0,0,0,0,0,1,"mokaj101","F","F","F","F",0,4,4,0,1,0,0,0,0,0,F,F,"1925PHI.EVN.regular.event.csv",345
"PHI192504250","BRO",8,0,0,0,0,"",8,5,"fourj101","?","fourj101","?","filld101","?","filld101","?","wilsj105","hawkc101","fonsl101","hubec101","sandh101","burng101","mokaj101","willc103","wheaz101","","mitcj101","S9/L9DW.3-H;1-3;BX2(94)","F","F",3,4,20,"T","T",1,"F","F",1,"F","F",1,"F","F",9,"L","F","F","9DW",0,0,"N",0,"N",0,"N",0,3,0,4,"94","","","","F","F","F","F","F","F","F","F","F","filld101","","filld101","F","F","F","F","F","","","","",0,4,0,0,9,0,0,0,0,73,"PHI","BRO","PHI",0,"F","F",8,5,1,39,3,"T","F",5,4,"T","T","browe102","johnj107","F","F",7,3,72,0,0,0,6,2,71,"wilsj105","","wilsj105",0,0,0,0,0,0,0,0,0,0,0,0,1,"willc103","F","F","F","F",0,0,0,4,0,0,0,0,0,0,F,F,"1925PHI.EVN.regular.event.csv",346
"PHI192504250","BRO",8,0,1,0,0,"",9,5,"browe102","?","browe102","?","filld101","?","filld101","?","wilsj105","hawkc101","fonsl101","hubec101","sandh101","burng101","mokaj101","willc103","","","wheaz101","FC5.3XH(525)","F","F",8,5,19,"T","T",0,"F","F",1,"F","F",0,"F","F",5,"G","F","F","",0,0,"N",0,"N",0,"N",1,0,0,0,"","","","525","F","F","F","F","F","F","F","F","F","","","filld101","F","F","F","F","F","","","","",0,5,0,0,5,2,0,0,0,74,"PHI","BRO","PHI",0,"F","F",9,5,2,40,4,"T","F",4,1,"T","T","johnj107","tierc101","F","F",0,0,0,0,0,0,7,3,72,"","","wilsj105",0,0,0,0,0,0,0,0,0,0,0,0,0,"hubec101","F","F","F","F",0,0,0,0,0,0,0,0,0,0,F,F,"1925PHI.EVN.regular.event.csv",347
"PHI192504250","BRO",8,0,2,0,0,"",9,5,"johnj107","?","johnj107","?","filld101","?","filld101","?","wilsj105","hawkc101","fonsl101","hubec101","sandh101","burng101","mokaj101","willc103","browe102","","","53","F","F",9,6,2,"T","T",0,"F","F",1,"F","F",0,"F","F",5,"G","F","F","",0,0,"N",0,"N",0,"N",0,1,0,0,"53","","","","F","F","F","F","F","F","F","F","F","filld101","","","F","F","F","F","F","","","","",0,3,0,0,5,0,0,0,0,75,"PHI","BRO","PHI",0,"F","T",9,5,2,41,5,"T","F",1,1,"T","T","tierc101","taylz101","F","F",8,5,74,0,0,0,0,0,0,"wilsj105","","",0,0,0,0,0,0,0,0,0,0,0,0,0,"hubec101","F","F","F","F",0,0,0,0,0,0,0,0,0,0,F,F,"1925PHI.EVN.regular.event.csv",348
"PHI192504250","BRO",8,1,0,0,0,"",9,5,"mokaj101","?","mokaj101","?","ehrhr101","?","ehrhr101","?","taylz101","fourj101","higha101","tierc101","mitcj101","wheaz101","browe102","johnj107","","","","53","T","F",8,4,2,"T","T",0,"F","F",1,"F","F",0,"F","F",5,"G","F","F","",0,0,"N",0,"N",0,"N",0,0,0,0,"53","","","","F","F","F","F","F","F","F","F","F","","","","F","F","F","F","F","","","","",0,3,0,0,5,0,0,0,0,76,"PHI","PHI","BRO",1,"T","F",5,9,0,30,0,"T","F",0,0,"T","T","hawkc101","filld101","T","T",0,0,0,0,0,0,0,0,0,"","","",0,0,0,0,0,0,0,0,0,0,0,0,0,"tierc101","F","F","F","F",0,0,0,0,0,0,0,0,0,0,F,F,"1925PHI.EVN.regular.event.csv",349
"PHI192504250","BRO",8,1,1,0,0,"",9,5,"hawkc101","?","hawkc101","?","ehrhr101","?","ehrhr101","?","taylz101","fourj101","higha101","tierc101","mitcj101","wheaz101","browe102","johnj107","","","","8/F","F","F",3,5,2,"T","T",0,"F","F",1,"F","F",0,"F","F",8,"F","F","F","",0,0,"N",0,"N",0,"N",0,0,0,0,"8","","","","F","F","F","F","F","F","F","F","F","","","","F","F","F","F","F","","","","",0,8,0,0,0,0,0,0,0,77,"PHI","PHI","BRO",1,"F","F",5,9,0,31,1,"T","F",0,0,"F","F","filld101","sandh101","T","T",0,0,0,0,0,0,0,0,0,"","","",0,0,0,0,0,0,0,0,0,0,0,0,0,"browe102","F","F","F","F",0,0,0,0,0,0,0,0,0,0,F,F,"1925PHI.EVN.regular.event.csv",350
"PHI192504250","BRO",8,1,2,0,0,"",9,5,"filld101","?","filld101","?","ehrhr101","?","ehrhr101","?","taylz101","fourj101","higha101","tierc101","mitcj101","wheaz101","browe102","johnj107","","","","4/P","F","F",1,6,2,"T","T",0,"F","F",1,"F","F",0,"F","F",4,"P","F","F","",0,0,"N",0,"N",0,"N",0,0,0,0,"4","","","","F","F","F","F","F","F","F","F","F","","","","F","F","F","F","F","","","","",0,4,0,0,0,0,0,0,0,78,"PHI","PHI","BRO",1,"F","T",5,9,0,32,2,"T","F",0,0,"F","F","sandh101","hubec101","T","T",0,0,0,0,0,0,0,0,0,"","","",0,0,0,0,0,0,0,0,0,0,0,0,0,"higha101","F","F","F","F",0,0,0,0,0,0,0,0,0,0,F,F,"1925PHI.EVN.regular.event.csv",351
"PHI192504250","BRO",9,0,0,0,0,"",9,5,"tierc101","?","tierc101","?","filld101","?","filld101","?","wilsj105","hawkc101","fonsl101","hubec101","sandh101","burng101","mokaj101","willc103","","","","7/L","T","F",5,7,2,"T","T",0,"F","F",1,"F","F",0,"F","F",7,"L","F","F","",0,0,"N",0,"N",0,"N",0,0,0,0,"7","","","","F","F","F","F","F","F","F","F","F","","","","F","F","F","F","F","","","","",0,7,0,0,0,0,0,0,0,79,"PHI","BRO","PHI",0,"T","F",9,5,0,42,0,"T","F",0,0,"T","T","taylz101","ehrhr101","F","F",0,0,0,0,0,0,0,0,0,"","","",0,0,0,0,0,0,0,0,0,0,0,0,0,"burng101","F","F","F","F",0,0,0,0,0,0,0,0,0,0,F,F,"1925PHI.EVN.regular.event.csv",352
"PHI192504250","BRO",9,0,1,0,0,"",9,5,"taylz101","?","taylz101","?","filld101","?","filld101","?","wilsj105","hawkc101","fonsl101","hubec101","sandh101","burng101","mokaj101","willc103","","","","S8","F","F",2,8,20,"T","T",1,"F","F",0,"F","F",0,"F","F",8,"","F","F","",0,0,"N",0,"N",0,"N",1,0,0,0,"","","","","F","F","F","F","F","F","F","F","F","","","","F","F","F","F","F","","","","",0,0,0,0,0,0,0,0,0,80,"PHI","BRO","PHI",0,"F","F",9,5,0,43,1,"T","F",0,1,"T","T","ehrhr101","higha101","F","F",0,0,0,0,0,0,0,0,0,"","","",0,0,0,0,0,0,0,0,0,0,0,0,0,"mokaj101","F","F","F","F",2,0,0,0,0,0,0,0,0,0,F,F,"1925PHI.EVN.regular.event.csv",353
"PHI192504250","BRO",9,0,1,0,0,"",9,5,"ehrhr101","?","ehrhr101","?","filld101","?","filld101","?","wilsj105","hawkc101","fonsl101","hubec101","sandh101","burng101","mokaj101","willc103","taylz101","","","S8.1-2","F","F",1,9,20,"T","T",1,"F","F",0,"F","F",0,"F","F",8,"","F","F","",0,0,"N",0,"N",0,"N",1,2,0,0,"","","","","F","F","F","F","F","F","F","F","F","filld101","","","F","F","F","F","F","","","","",0,0,0,0,0,0,0,0,0,81,"PHI","BRO","PHI",0,"F","F",9,5,0,44,2,"T","F",1,3,"T","T","higha101","mitcj101","F","F",2,8,80,0,0,0,0,0,0,"wilsj105","","",0,0,0,0,0,0,0,0,0,0,0,0,0,"mokaj101","F","F","F","F",1,2,0,0,0,0,0,0,0,0,F,F,"1925PHI.EVN.regular.event.csv",354
"PHI192504250","BRO",9,0,1,0,0,"",9,5,"higha101","?","higha101","?","filld101","?","filld101","?","wilsj105","hawkc101","fonsl101","hubec101","sandh101","burng101","mokaj101","willc103","ehrhr101","taylz101","","9/F","F","F",4,1,2,"T","T",0,"F","F",1,"F","F",0,"F","F",9,"F","F","F","",0,0,"N",0,"N",0,"N",0,1,2,0,"9","","","","F","F","F","F","F","F","F","F","F","filld101","filld101","","F","F","F","F","F","","","","",0,9,0,0,0,0,0,0,0,82,"PHI","BRO","PHI",0,"F","F",9,5,0,45,3,"T","F",3,3,"T","T","mitcj101","wheaz101","F","F",1,9,81,2,8,80,0,0,0,"wilsj105","wilsj105","",0,0,0,0,0,0,0,0,0,0,0,0,0,"willc103","F","F","F","F",0,1,2,0,0,0,0,0,0,0,F,F,"1925PHI.EVN.regular.event.csv",355
"PHI192504250","BRO",9,0,2,0,0,"",9,5,"mitcj101","?","mitcj101","?","filld101","?","filld101","?","wilsj105","hawkc101","fonsl101","hubec101","sandh101","burng101","mokaj101","willc103","ehrhr101","taylz101","","9/F","F","F",6,2,2,"T","T",0,"F","F",1,"F","F",0,"F","F",9,"F","F","F","",0,0,"N",0,"N",0,"N",0,1,2,0,"9","","","","F","F","F","F","F","F","F","F","F","filld101","filld101","","F","F","F","F","F","","","","",0,9,0,0,0,0,0,0,0,83,"PHI","BRO","PHI",0,"F","T",9,5,0,46,4,"T","F",3,3,"T","T","wheaz101","fourj101","F","F",1,9,81,2,8,80,0,0,0,"wilsj105","wilsj105","",0,0,0,0,0,0,0,0,0,0,0,0,0,"willc103","F","F","F","F",0,1,2,0,0,0,0,0,0,0,F,F,"1925PHI.EVN.regular.event.csv",356
"PHI192504250","BRO",9,1,0,0,0,"",9,5,"mitcc102","?","mitcc102","?","ehrhr101","?","ehrhr101","?","taylz101","fourj101","higha101","tierc101","mitcj101","wheaz101","browe102","johnj107","","","","13","T","T",11,7,2,"T","T",0,"F","F",1,"F","F",0,"F","F",1,"G","F","F","",0,0,"N",0,"N",0,"N",0,0,0,0,"13","","","","F","F","F","F","F","F","F","F","F","","","","F","F","F","F","F","","","","sandh101",6,3,0,0,1,0,0,0,0,84,"PHI","PHI","BRO",1,"T","F",5,9,0,33,0,"T","F",0,0,"F","F","hubec101","wilsj105","T","T",0,0,0,0,0,0,0,0,0,"","","",0,0,0,0,0,0,0,0,0,0,0,0,0,"ehrhr101","F","F","F","F",0,0,0,0,1,0,0,0,0,0,F,F,"1925PHI.EVN.regular.event.csv",357
"PHI192504250","BRO",9,1,1,0,0,"",9,5,"harpg101","?","harpg101","?","ehrhr101","?","ehrhr101","?","taylz101","fourj101","higha101","tierc101","mitcj101","wheaz101","browe102","johnj107","","","","HR/F9D","F","T",11,8,23,"T","T",4,"F","F",0,"F","F",1,"F","F",0,"F","F","F","9D",0,0,"N",0,"N",0,"N",4,0,0,0,"","","","","F","F","F","F","F","F","F","F","F","","","","F","F","F","F","F","","","","hubec101",5,0,0,0,0,0,0,0,0,85,"PHI","PHI","BRO",1,"F","F",5,9,0,34,1,"T","F",0,0,"F","F","wilsj105","burng101","T","T",0,0,0,0,0,0,0,0,0,"","","",0,0,0,0,0,0,0,0,0,0,0,0,1,"","F","F","F","F",4,0,0,0,0,0,0,0,0,0,F,F,"1925PHI.EVN.regular.event.csv",358
"PHI192504250","BRO",9,1,1,0,0,"",9,6,"wilsj105","?","wilsj105","?","ehrhr101","?","ehrhr101","?","taylz101","fourj101","higha101","tierc101","mitcj101","wheaz101","browe102","johnj107","","","","53","F","F",2,9,2,"T","T",0,"F","F",1,"F","F",0,"F","F",5,"G","F","F","",0,0,"N",0,"N",0,"N",0,0,0,0,"53","","","","F","F","F","F","F","F","F","F","F","","","","F","F","F","F","F","","","","",0,3,0,0,5,0,0,0,0,86,"PHI","PHI","BRO",1,"F","F",6,9,1,35,2,"T","F",0,0,"F","F","burng101","fonsl101","T","T",0,0,0,0,0,0,0,0,0,"","","",0,0,0,0,0,0,0,0,0,0,0,0,0,"tierc101","F","F","F","F",0,0,0,0,0,0,0,0,0,0,F,F,"1925PHI.EVN.regular.event.csv",359
"PHI192504250","BRO",9,1,2,0,0,"",9,6,"burng101","?","burng101","?","ehrhr101","?","ehrhr101","?","taylz101","fourj101","higha101","tierc101","mitcj101","wheaz101","browe102","johnj107","","","","S8","F","F",7,1,20,"T","T",1,"F","F",0,"F","F",0,"F","F",8,"","F","F","",0,0,"N",0,"N",0,"N",1,0,0,0,"","","","","F","F","F","F","F","F","F","F","F","","","","F","F","F","F","F","","","","",0,0,0,0,0,0,0,0,0,87,"PHI","PHI","BRO",1,"F","F",6,9,1,36,3,"T","F",0,1,"T","T","fonsl101","willc103","T","T",0,0,0,0,0,0,0,0,0,"","","",0,0,0,0,0,0,0,0,0,0,0,0,0,"browe102","F","F","F","F",0,0,0,0,0,0,0,0,0,0,F,F,"1925PHI.EVN.regular.event.csv",360
"PHI192504250","BRO",9,1,2,0,0,"",9,6,"fonsl101","?","fonsl101","?","ehrhr101","?","ehrhr101","?","taylz101","fourj101","higha101","tierc101","mitcj101","wheaz101","browe102","johnj107","burng101","","","DI.1-2#","F","F",4,2,5,"F","F",0,"F","F",0,"F","F",0,"F","F",0,"","F","F","",0,0,"N",0,"N",0,"N",0,2,0,0,"","","","","F","F","F","F","F","F","F","F","F","ehrhr101","","","F","F","F","F","F","","","","",0,0,0,0,0,0,0,0,0,88,"PHI","PHI","BRO",1,"F","F",6,9,1,37,4,"T","F",1,2,"T","T","willc103","mokaj101","T","T",7,1,87,0,0,0,0,0,0,"taylz101","","",0,0,0,0,0,0,0,0,0,0,0,0,0,"","F","F","F","F",0,0,0,0,0,0,0,0,0,0,F,T,"1925PHI.EVN.regular.event.csv",361
"PHI192504250","BRO",9,1,2,0,0,"",9,6,"fonsl101","?","fonsl101","?","ehrhr101","?","ehrhr101","?","taylz101","fourj101","higha101","tierc101","mitcj101","wheaz101","browe102","johnj107","","burng101","","S1/G5S.2XH(32)","F","F",4,2,20,"T","T",1,"F","F",1,"F","F",0,"F","F",1,"G","F","F","5S",0,0,"N",0,"N",0,"N",1,0,0,0,"","","32","","F","F","F","F","F","F","F","F","F","","ehrhr101","","F","T","F","F","F","","","","",0,2,0,0,3,0,0,0,0,89,"PHI","PHI","BRO",1,"F","T",6,9,1,37,4,"F","F",2,1,"T","T","willc103","mokaj101","T","T",0,0,0,7,1,87,0,0,0,"","taylz101","",0,0,0,0,0,0,0,0,0,0,0,0,0,"ehrhr101","F","F","F","F",1,0,0,0,0,0,0,0,0,0,F,F,"1925PHI.EVN.regular.event.csv",362
"PHI192505010","BSN",1,0,0,0,0,"",0,0,"felig101","?","felig101","?","oneas101","?","oneas101","?","henlb101","hawkc101","fonsl101","hubec101","sandh101","burng101","mokaj101","schuj101","","","","43","T","F",8,1,2,"T","T",0,"F","F",1,"F","F",0,"F","F",4,"G","F","F","",0,0,"N",0,"N",0,"N",0,0,0,0,"43","","","","F","F","F","F","F","F","F","F","F","","","","T","F","F","F","F","","","","",0,3,0,0,4,0,0,0,0,1,"PHI","BSN","PHI",0,"T","F",0,0,0,0,0,"T","F",0,0,"T","T","bancd101","marrw101","T","T",0,0,0,0,0,0,0,0,0,"","","",0,0,0,0,0,0,0,0,0,0,0,0,0,"fonsl101","F","F","F","F",0,0,0,0,0,0,0,0,0,0,F,F,"1925PHI.EVN.regular.event.csv",363
"PHI192505010","BSN",1,0,1,0,0,"",0,0,"bancd101","?","bancd101","?","oneas101","?","oneas101","?","henlb101","hawkc101","fonsl101","hubec101","sandh101","burng101","mokaj101","schuj101","","","","W","F","F",6,2,14,"T","F",0,"F","F",0,"F","F",0,"F","F",0,"","F","F","",0,0,"N",0,"N",0,"N",1,0,0,0,"","","","","F","F","F","F","F","F","F","F","F","","","","F","F","F","F","F","","","","",0,0,0,0,0,0,0,0,0,2,"PHI","BSN","PHI",0,"F","F",0,0,0,1,1,"T","F",0,1,"T","T","marrw101","harrd101","T","T",0,0,0,0,0,0,0,0,0,"","","",0,0,0,0,0,0,0,0,0,0,0,0,0,"","F","F","F","F",0,0,0,0,0,0,0,0,0,0,F,F,"1925PHI.EVN.regular.event.csv",364
"PHI192505010","BSN",1,0,1,0,0,"",0,0,"marrw101","?","marrw101","?","oneas101","?","oneas101","?","henlb101","hawkc101","fonsl101","hubec101","sandh101","burng101","mokaj101","schuj101","bancd101","","","S7.1-3","F","F",5,3,20,"T","T",1,"F","F",0,"F","F",0,"F","F",7,"","F","F","",0,0,"N",0,"N",0,"N",1,3,0,0,"","","","","F","F","F","F","F","F","F","F","F","oneas101","","","F","F","F","F","F","","","","",0,0,0,0,0,0,0,0,0,3,"PHI","BSN","PHI",0,"F","F",0,0,0,2,2,"T","F",1,5,"T","T","harrd101","welsj101","T","T",6,2,2,0,0,0,0,0,0,"henlb101","","",0,0,0,0,0,0,0,0,0,0,0,0,0,"burng101","F","F","F","F",0,0,0,0,0,0,0,0,0,0,F,F,"1925PHI.EVN.regular.event.csv",365
"PHI192505010","BSN",1,0,1,0,0,"",0,0,"harrd101","?","harrd101","?","oneas101","?","oneas101","?","henlb101","hawkc101","fonsl101","hubec101","sandh101","burng101","mokaj101","schuj101","marrw101","","bancd101","9(B)2(3)/FDP","F","F",7,4,2,"T","T",0,"F","F",2,"T","F",0,"F","F",9,"F","F","F","",0,0,"N",0,"N",0,"N",0,1,0,0,"9","","","92","F","F","F","F","F","F","F","F","F","oneas101","","oneas101","F","F","F","F","F","","","","",0,9,2,0,9,0,0,0,0,4,"PHI","BSN","PHI",0,"F","T",0,0,0,3,3,"T","F",5,1,"T","T","welsj101","burrd101","T","T",5,3,3,0,0,0,6,2,2,"henlb101","","henlb101",0,0,0,0,0,0,0,0,0,0,0,0,0,"schuj101","F","F","F","F",0,0,0,0,0,0,0,0,0,0,F,F,"1925PHI.EVN.regular.event.csv",366
"PHI192505010","BSN",1,1,0,0,0,"",0,0,"burng101","?","burng101","?","coonj101","?","coonj101","?","gibsf101","burrd101","padge101","marrw101","bancd101","harrd101","felig101","welsj101","","","","63","T","F",7,1,2,"T","T",0,"F","F",1,"F","F",0,"F","F",6,"G","F","F","",0,0,"N",0,"N",0,"N",0,0,0,0,"63","","","","F","F","F","F","F","F","F","F","F","","","","F","F","F","F","F","","","","",0,3,0,0,6,0,0,0,0,5,"PHI","PHI","BSN",1,"T","F",0,0,0,0,0,"T","F",0,0,"T","T","fonsl101","schuj101","T","T",0,0,0,0,0,0,0,0,0,"","","",0,0,0,0,0,0,0,0,0,0,0,0,0,"bancd101","F","F","F","F",0,0,0,0,3,0,0,0,0,0,F,F,"1925PHI.EVN.regular.event.csv",367
"PHI192505010","BSN",1,1,1,0,0,"",0,0,"fonsl101","?","fonsl101","?","coonj101","?","coonj101","?","gibsf101","burrd101","padge101","marrw101","bancd101","harrd101","felig101","welsj101","","","","T8/F89XD","F","F",4,2,22,"T","T",3,"F","F",0,"F","F",0,"F","F",8,"F","F","F","89XD",0,0,"N",0,"N",0,"N",3,0,0,0,"","","","","F","F","F","F","F","F","F","F","F","","","","F","F","F","F","F","","","","",0,0,0,0,0,0,0,0,0,6,"PHI","PHI","BSN",1,"F","F",0,0,0,1,1,"T","F",0,4,"T","T","schuj101","mokaj101","T","T",0,0,0,0,0,0,0,0,0,"","","",0,0,0,0,0,0,0,0,0,0,0,0,0,"felig101","F","F","F","F",4,0,0,0,3,0,0,0,0,0,F,F,"1925PHI.EVN.regular.event.csv",368
"PHI192505010","BSN",1,1,1,0,0,"",0,0,"schuj101","?","schuj101","?","coonj101","?","coonj101","?","gibsf101","burrd101","padge101","marrw101","bancd101","harrd101","felig101","welsj101","","","fonsl101","13.3-H","F","F",9,3,2,"T","T",0,"F","F",1,"F","F",1,"F","F",1,"G","F","F","",0,0,"N",0,"N",0,"N",0,0,0,4,"13","","","","F","F","F","F","F","F","F","F","F","","","coonj101","F","F","F","F","F","","","","",0,3,0,0,1,0,0,0,0,7,"PHI","PHI","BSN",1,"F","F",0,0,0,2,2,"T","F",4,0,"T","T","mokaj101","hawkc101","T","T",0,0,0,0,0,0,4,2,6,"","","gibsf101",0,0,0,0,0,0,0,0,0,0,0,0,1,"coonj101","F","F","F","F",0,0,0,4,2,0,0,0,0,0,F,F,"1925PHI.EVN.regular.event.csv",369
"PHI192505010","BSN",1,1,2,0,0,"",0,1,"mokaj101","?","mokaj101","?","coonj101","?","coonj101","?","gibsf101","burrd101","padge101","marrw101","bancd101","harrd101","felig101","welsj101","","","","HR/F78XD","F","F",8,4,23,"T","T",4,"F","F",0,"F","F",1,"F","F",0,"F","F","F","78XD",0,0,"N",0,"N",0,"N",4,0,0,0,"","","","","F","F","F","F","F","F","F","F","F","","","","F","F","F","F","F","","","","",0,0,0,0,0,0,0,0,0,8,"PHI","PHI","BSN",1,"F","F",1,0,1,3,3,"T","F",0,0,"T","T","hawkc101","henlb101","T","T",0,0,0,0,0,0,0,0,0,"","","",0,0,0,0,0,0,0,0,0,0,0,0,1,"","F","F","F","F",4,0,0,0,1,0,0,0,0,0,F,F,"1925PHI.EVN.regular.event.csv",370
"PHI192505010","BSN",1,1,2,0,0,"",0,2,"hawkc101","?","hawkc101","?","coonj101","?","coonj101","?","gibsf101","burrd101","padge101","marrw101","bancd101","harrd101","felig101","welsj101","","","","HR/F89XD","F","F",3,5,23,"T","T",4,"F","F",0,"F","F",1,"F","F",0,"F","F","F","89XD",0,0,"N",0,"N",0,"N",4,0,0,0,"","","","","F","F","F","F","F","F","F","F","F","","","","F","F","F","F","F","","","","",0,0,0,0,0,0,0,0,0,9,"PHI","PHI","BSN",1,"F","F",2,0,2,4,4,"T","F",0,0,"T","T","henlb101","sandh101","T","T",0,0,0,0,0,0,0,0,0,"","","",0,0,0,0,0,0,0,0,0,0,0,0,1,"","F","F","F","F",4,0,0,0,0,0,0,0,0,0,F,F,"1925PHI.EVN.regular.event.csv",371
"PHI192505010","BSN",1,1,2,0,0,"",0,3,"henlb101","?","henlb101","?","coonj101","?","coonj101","?","gibsf101","burrd101","padge101","marrw101","bancd101","harrd101","felig101","welsj101","","","","1/L","F","F",2,6,2,"T","T",0,"F","F",1,"F","F",0,"F","F",1,"L","F","F","",0,0,"N",0,"N",0,"N",0,0,0,0,"1","","","","F","F","F","F","F","F","F","F","F","","","","F","F","F","F","F","","","","",0,1,0,0,0,0,0,0,0,10,"PHI","PHI","BSN",1,"F","T",3,0,3,5,5,"T","F",0,0,"T","T","sandh101","hubec101","T","T",0,0,0,0,0,0,0,0,0,"","","",0,0,0,0,0,0,0,0,0,0,0,0,0,"coonj101","F","F","F","F",0,0,0,0,0,0,0,0,0,0,F,F,"1925PHI.EVN.regular.event.csv",372
"PHI192505010","BSN",2,0,0,0,0,"",0,3,"welsj101","?","welsj101","?","oneas101","?","oneas101","?","henlb101","hawkc101","fonsl101","hubec101","sandh101","burng101","mokaj101","schuj101","","","","D/89D","T","F",9,5,21,"T","T",2,"F","F",0,"F","F",0,"F","F",0,"","F","F","89D",0,0,"N",0,"N",0,"N",2,0,0,0,"","","","","F","F","F","F","F","F","F","F","F","","","","F","F","F","F","F","","","","",0,0,0,0,0,0,0,0,0,11,"PHI","BSN","PHI",0,"T","F",0,3,0,4,0,"T","F",0,2,"T","T","burrd101","padge101","T","T",0,0,0,0,0,0,0,0,0,"","","",0,0,0,0,0,0,0,0,0,0,0,0,0,"","F","F","F","F",4,0,0,0,1,0,0,0,0,0,F,F,"1925PHI.EVN.regular.event.csv",373
"PHI192505010","BSN",2,0,0,0,0,"",0,3,"burrd101","?","burrd101","?","oneas101","?","oneas101","?","henlb101","hawkc101","fonsl101","hubec101","sandh101","burng101","mokaj101","schuj101","","welsj101","","3/G","F","F",3,6,2,"T","T",0,"F","F",1,"F","F",0,"F","F",3,"G","F","F","",0,0,"N",0,"N",0,"N",0,0,2,0,"3","","","","F","F","F","F","F","F","F","F","F","","oneas101","","F","F","F","F","F","","","","",0,3,0,0,0,0,0,0,0,12,"PHI","BSN","PHI",0,"F","F",0,3,0,5,1,"T","F",2,2,"T","T","padge101","gibsf101","T","T",0,0,0,9,5,11,0,0,0,"","henlb101","",0,0,0,0,0,0,0,0,0,0,0,0,0,"hawkc101","F","F","F","F",0,0,4,0,1,0,0,0,0,0,F,F,"1925PHI.EVN.regular.event.csv",374
"PHI192505010","BSN",2,0,1,0,0,"",0,3,"padge101","?","padge101","?","oneas101","?","oneas101","?","henlb101","hawkc101","fonsl101","hubec101","sandh101","burng101","mokaj101","schuj101","","welsj101","","S9/4.2-H","F","F",4,7,20,"T","T",1,"F","F",0,"F","F",1,"F","F",9,"","F","F","4",0,0,"N",0,"N",0,"N",1,0,4,0,"","","","","F","F","F","F","F","F","F","F","F","","oneas101","","F","F","F","F","F","","","","",0,0,0,0,0,0,0,0,0,13,"PHI","BSN","PHI",0,"F","F",0,3,0,6,2,"T","F",2,1,"T","T","gibsf101","coonj101","T","T",0,0,0,9,5,11,0,0,0,"","henlb101","",0,0,0,0,0,0,0,0,0,0,0,0,1,"schuj101","F","F","F","F",0,0,4,0,0,0,0,0,0,0,F,F,"1925PHI.EVN.regular.event.csv",375
"PHI192505010","BSN",2,0,1,0,0,"",1,3,"gibsf101","?","gibsf101","?","oneas101","?","oneas101","?","henlb101","hawkc101","fonsl101","hubec101","sandh101","burng101","mokaj101","schuj101","padge101","","","46(1)3/GDP","F","F",2,8,2,"T","T",0,"F","F",2,"T","F",0,"F","F",4,"G","F","F","",0,0,"N",0,"N",0,"N",0,0,0,0,"63","46","","","F","F","F","F","F","F","F","F","F","oneas101","","","F","F","F","F","F","","","","",0,6,3,0,4,6,0,0,0,14,"PHI","BSN","PHI",0,"F","T",1,3,1,7,3,"T","F",1,0,"T","T","coonj101","felig101","T","T",4,7,13,0,0,0,0,0,0,"henlb101","","",0,0,0,0,0,0,0,0,0,0,0,0,0,"fonsl101","T","F","F","F",0,0,0,0,0,0,0,0,0,0,F,F,"1925PHI.EVN.regular.event.csv",376
"PHI192505010","BSN",2,1,0,0,0,"",1,3,"sandh101","?","sandh101","?","coonj101","?","coonj101","?","gibsf101","burrd101","padge101","marrw101","bancd101","harrd101","felig101","welsj101","","","","8/F","T","F",6,7,2,"T","T",0,"F","F",1,"F","F",0,"F","F",8,"F","F","F","",0,0,"N",0,"N",0,"N",0,0,0,0,"8","","","","F","F","F","F","F","F","F","F","F","","","","F","F","F","F","F","","","","",0,8,0,0,0,0,0,0,0,15,"PHI","PHI","BSN",1,"T","F",3,1,0,6,0,"T","F",0,0,"T","T","hubec101","oneas101","T","T",0,0,0,0,0,0,0,0,0,"","","",0,0,0,0,0,0,0,0,0,0,0,0,0,"felig101","F","F","F","F",0,0,0,0,0,0,0,0,0,0,F,F,"1925PHI.EVN.regular.event.csv",377
"PHI192505010","BSN",2,1,1,0,0,"",1,3,"hubec101","?","hubec101","?","coonj101","?","coonj101","?","gibsf101","burrd101","padge101","marrw101","bancd101","harrd101","felig101","welsj101","","","","D7","F","F",5,8,21,"T","T",2,"F","F",0,"F","F",0,"F","F",7,"","F","F","",0,0,"N",0,"N",0,"N",2,0,0,0,"","","","","F","F","F","F","F","F","F","F","F","","","","F","F","F","F","F","","","","",0,0,0,0,0,0,0,0,0,16,"PHI","PHI","BSN",1,"F","F",3,1,0,7,1,"T","F",0,2,"T","T","oneas101","burng101","T","T",0,0,0,0,0,0,0,0,0,"","","",0,0,0,0,0,0,0,0,0,0,0,0,0,"harrd101","F","F","F","F",0,0,0,0,0,0,0,0,0,0,F,F,"1925PHI.EVN.regular.event.csv",378
"PHI192505010","BSN",2,1,1,0,0,"",1,3,"oneas101","?","oneas101","?","coonj101","?","coonj101","?","gibsf101","burrd101","padge101","marrw101","bancd101","harrd101","felig101","welsj101","","hubec101","","53.2-3","F","F",1,9,2,"T","T",0,"F","F",1,"F","F",0,"F","F",5,"G","F","F","",0,0,"N",0,"N",0,"N",0,0,3,0,"53","","","","F","F","F","F","F","F","F","F","F","","coonj101","","F","F","F","F","F","","","","",0,3,0,0,5,0,0,0,0,17,"PHI","PHI","BSN",1,"F","F",3,1,0,8,2,"T","F",2,4,"T","T","burng101","fonsl101","T","T",0,0,0,5,8,16,0,0,0,"","gibsf101","",0,0,0,0,0,0,0,0,0,0,0,0,0,"marrw101","F","F","F","F",0,0,0,0,0,0,0,0,0,0,F,F,"1925PHI.EVN.regular.event.csv",379
"PHI192505010","BSN",2,1,2,0,0,"",1,3,"burng101","?","burng101","?","coonj101","?","coonj101","?","gibsf101","burrd101","padge101","marrw101","bancd101","harrd101","felig101","welsj101","","","hubec101","63","F","F",7,1,2,"T","T",0,"F","F",1,"F","F",0,"F","F",6,"G","F","F","",0,0,"N",0,"N",0,"N",0,0,0,3,"63","","","","F","F","F","F","F","F","F","F","F","","","coonj101","F","F","F","F","F","","","","",0,3,0,0,6,0,0,0,0,18,"PHI","PHI","BSN",1,"F","T",3,1,0,9,3,"T","F",4,4,"T","T","fonsl101","schuj101","T","T",0,0,0,0,0,0,5,8,16,"","","gibsf101",0,0,0,0,0,0,0,0,0,0,0,0,0,"bancd101","F","F","F","F",0,0,0,0,0,0,0,0,0,0,F,F,"1925PHI.EVN.regular.event.csv",380
"PHI192505010","BSN",3,0,0,0,0,"",1,3,"coonj101","?","coonj101","?","oneas101","?","oneas101","?","henlb101","hawkc101","fonsl101","hubec101","sandh101","burng101","mokaj101","schuj101","","","","31","T","F",1,9,2,"T","T",0,"F","F",1,"F","F",0,"F","F",3,"G","F","F","",0,0,"N",0,"N",0,"N",0,0,0,0,"31","","","","F","F","F","F","F","F","F","F","F","","","","F","F","F","F","F","","","","",0,1,0,0,3,0,0,0,0,19,"PHI","BSN","PHI",0,"T","F",1,3,0,8,0,"T","F",0,0,"T","T","felig101","bancd101","T","T",0,0,0,0,0,0,0,0,0,"","","",0,0,0,0,0,0,0,0,0,0,0,0,0,"hawkc101","F","F","F","F",0,0,0,0,0,0,0,0,0,0,F,F,"1925PHI.EVN.regular.event.csv",381
"PHI192505010","BSN",3,0,1,0,0,"",1,3,"felig101","?","felig101","?","oneas101","?","oneas101","?","henlb101","hawkc101","fonsl101","hubec101","sandh101","burng101","mokaj101","schuj101","","","","9/F","F","F",8,1,2,"T","T",0,"F","F",1,"F","F",0,"F","F",9,"F","F","F","",0,0,"N",0,"N",0,"N",0,0,0,0,"9","","","","F","F","F","F","F","F","F","F","F","","","","F","F","F","F","F","","","","",0,9,0,0,0,0,0,0,0,20,"PHI","BSN","PHI",0,"F","F",1,3,0,9,1,"T","F",0,0,"T","T","bancd101","marrw101","T","T",0,0,0,0,0,0,0,0,0,"","","",0,0,0,0,0,0,0,0,0,0,0,0,0,"schuj101","F","F","F","F",0,0,0,0,0,0,0,0,0,0,F,F,"1925PHI.EVN.regular.event.csv",382
"PHI192505010","BSN",3,0,2,0,0,"",1,3,"bancd101","?","bancd101","?","oneas101","?","oneas101","?","henlb101","hawkc101","fonsl101","hubec101","sandh101","burng101","mokaj101","schuj101","","","","W","F","F",6,2,14,"T","F",0,"F","F",0,"F","F",0,"F","F",0,"","F","F","",0,0,"N",0,"N",0,"N",1,0,0,0,"","","","","F","F","F","F","F","F","F","F","F","","","","F","F","F","F","F","","","","",0,0,0,0,0,0,0,0,0,21,"PHI","BSN","PHI",0,"F","F",1,3,0,10,2,"T","F",0,1,"T","T","marrw101","harrd101","T","T",0,0,0,0,0,0,0,0,0,"","","",0,0,0,0,0,0,0,0,0,0,0,0,0,"","F","F","F","F",0,0,0,0,0,0,0,0,0,0,F,F,"1925PHI.EVN.regular.event.csv",383
"PHI192505010","BSN",3,0,2,0,0,"",1,3,"marrw101","?","marrw101","?","oneas101","?","oneas101","?","henlb101","hawkc101","fonsl101","hubec101","sandh101","burng101","mokaj101","schuj101","bancd101","","","43","F","F",5,3,2,"T","T",0,"F","F",1,"F","F",0,"F","F",4,"G","F","F","",0,0,"N",0,"N",0,"N",0,1,0,0,"43","","","","F","F","F","F","F","F","F","F","F","oneas101","","","F","F","F","F","F","","","","",0,3,0,0,4,0,0,0,0,22,"PHI","BSN","PHI",0,"F","T",1,3,0,11,3,"T","F",1,1,"T","T","harrd101","welsj101","T","T",6,2,21,0,0,0,0,0,0,"henlb101","","",0,0,0,0,0,0,0,0,0,0,0,0,0,"fonsl101","F","F","F","F",0,0,0,0,0,0,0,0,0,0,F,F,"1925PHI.EVN.regular.event.csv",384
"PHI192505010","BSN",3,1,0,0,0,"",1,3,"fonsl101","?","fonsl101","?","coonj101","?","coonj101","?","gibsf101","burrd101","padge101","marrw101","bancd101","harrd101","felig101","welsj101","","","","K","T","F",4,2,3,"T","T",0,"F","F",1,"F","F",0,"F","F",0,"","F","F","",0,0,"N",0,"N",0,"N",0,0,0,0,"2","","","","F","F","F","F","F","F","F","F","F","","","","F","F","F","F","F","","","","",0,2,0,0,0,0,0,0,0,23,"PHI","PHI","BSN",1,"T","F",3,1,0,10,0,"T","F",0,0,"T","T","schuj101","mokaj101","T","T",0,0,0,0,0,0,0,0,0,"","","",0,0,0,0,0,0,0,0,0,0,0,0,0,"","F","F","F","F",0,0,0,0,0,0,0,0,0,0,F,F,"1925PHI.EVN.regular.event.csv",385
"PHI192505010","BSN",3,1,1,0,0,"",1,3,"schuj101","?","schuj101","?","coonj101","?","coonj101","?","gibsf101","burrd101","padge101","marrw101","bancd101","harrd101","felig101","welsj101","","","","S7","F","F",9,3,20,"T","T",1,"F","F",0,"F","F",0,"F","F",7,"","F","F","",0,0,"N",0,"N",0,"N",1,0,0,0,"","","","","F","F","F","F","F","F","F","F","F","","","","F","F","F","F","F","","","","",0,0,0,0,0,0,0,0,0,24,"PHI","PHI","BSN",1,"F","F",3,1,0,11,1,"T","F",0,1,"T","T","mokaj101","hawkc101","T","T",0,0,0,0,0,0,0,0,0,"","","",0,0,0,0,0,0,0,0,0,0,0,0,0,"harrd101","F","F","F","F",0,0,0,0,0,0,0,0,0,0,F,F,"1925PHI.EVN.regular.event.csv",386
"PHI192505010","BSN",3,1,1,0,0,"",1,3,"mokaj101","?","mokaj101","?","coonj101","?","coonj101","?","gibsf101","burrd101","padge101","marrw101","bancd101","harrd101","felig101","welsj101","schuj101","","","W.1-2","F","F",8,4,14,"T","F",0,"F","F",0,"F","F",0,"F","F",0,"","F","F","",0,0,"N",0,"N",0,"N",1,2,0,0,"","","","","F","F","F","F","F","F","F","F","F","coonj101","","","F","F","F","F","F","","","","",0,0,0,0,0,0,0,0,0,25,"PHI","PHI","BSN",1,"F","F",3,1,0,12,2,"T","F",1,3,"T","T","hawkc101","henlb101","T","T",9,3,24,0,0,0,0,0,0,"gibsf101","","",0,0,0,0,0,0,0,0,0,0,0,0,0,"","F","F","F","F",0,0,0,0,0,0,0,0,0,0,F,F,"1925PHI.EVN.regular.event.csv",387
"PHI192505010","BSN",3,1,1,0,0,"",1,3,"hawkc101","?","hawkc101","?","coonj101","?","coonj101","?","gibsf101","burrd101","padge101","marrw101","bancd101","harrd101","felig101","welsj101","mokaj101","schuj101","","8/L","F","F",3,5,2,"T","T",0,"F","F",1,"F","F",0,"F","F",8,"L","F","F","",0,0,"N",0,"N",0,"N",0,1,2,0,"8","","","","F","F","F","F","F","F","F","F","F","coonj101","coonj101","","F","F","F","F","F","","","","",0,8,0,0,0,0,0,0,0,26,"PHI","PHI","BSN",1,"F","F",3,1,0,13,3,"T","F",3,3,"T","T","henlb101","sandh101","T","T",8,4,25,9,3,24,0,0,0,"gibsf101","gibsf101","",0,0,0,0,0,0,0,0,0,0,0,0,0,"felig101","F","F","F","F",0,0,0,0,0,0,0,0,0,0,F,F,"1925PHI.EVN.regular.event.csv",388
"PHI192505010","BSN",3,1,2,0,0,"",1,3,"henlb101","?","henlb101","?","coonj101","?","coonj101","?","gibsf101","burrd101","padge101","marrw101","bancd101","harrd101","felig101","welsj101","mokaj101","schuj101","","5(2)/FO","F","F",2,6,2,"T","T",0,"F","F",1,"F","F",0,"F","F",5,"G","F","F","",0,0,"N",0,"N",0,"N",1,1,0,0,"","","5","","F","F","F","F","F","F","F","F","F","coonj101","coonj101","","F","F","F","F","F","","","","",0,5,0,0,0,0,0,0,0,27,"PHI","PHI","BSN",1,"F","T",3,1,0,14,4,"T","F",3,1,"T","T","sandh101","hubec101","T","T",8,4,25,9,3,24,0,0,0,"gibsf101","gibsf101","",0,0,0,0,0,0,0,0,0,0,0,0,0,"marrw101","F","T","F","F",0,0,0,0,0,0,0,0,0,0,F,F,"1925PHI.EVN.regular.event.csv",389
"PHI192505010","BSN",4,0,0,0,0,"",1,3,"harrd101","?","harrd101","?","oneas101","?","oneas101","?","henlb101","hawkc101","fonsl101","hubec101","sandh101","burng101","mokaj101","schuj101","","","","T8/F8XD+","T","F",7,4,22,"T","T",3,"F","F",0,"F","F",0,"F","F",8,"F","F","F","8XD",0,0,"N",0,"N",0,"N",3,0,0,0,"","","","","F","F","F","F","F","F","F","F","F","","","","F","F","F","F","F","","","","",0,0,0,0,0,0,0,0,0,28,"PHI","BSN","PHI",0,"T","F",1,3,0,12,0,"T","F",0,4,"T","T","welsj101","burrd101","T","T",0,0,0,0,0,0,0,0,0,"","","",0,0,0,0,0,0,0,0,0,0,0,0,0,"mokaj101","F","F","F","F",4,0,0,0,2,0,0,0,0,0,F,F,"1925PHI.EVN.regular.event.csv",390
"PHI192505010","BSN",4,0,0,0,0,"",1,3,"welsj101","?","welsj101","?","oneas101","?","oneas101","?","henlb101","hawkc101","fonsl101","hubec101","sandh101","burng101","mokaj101","schuj101","","","harrd101","HR/F9D.3-H","F","F",9,5,23,"T","T",4,"F","F",0,"F","F",2,"F","F",0,"F","F","F","9D",0,0,"N",0,"N",0,"N",4,0,0,4,"","","","","F","F","F","F","F","F","F","F","F","","","oneas101","F","F","F","F","F","","","","",0,0,0,0,0,0,0,0,0,29,"PHI","BSN","PHI",0,"F","F",1,3,0,13,1,"T","F",4,0,"T","T","burrd101","padge101","T","T",0,0,0,0,0,0,7,4,28,"","","henlb101",0,0,0,0,0,0,0,0,0,0,0,0,2,"","F","F","F","F",4,0,0,4,0,0,0,0,0,0,F,F,"1925PHI.EVN.regular.event.csv",391
"PHI192505010","BSN",4,0,0,0,0,"",3,3,"burrd101","?","burrd101","?","oneas101","?","oneas101","?","henlb101","hawkc101","fonsl101","hubec101","sandh101","burng101","mokaj101","schuj101","","","","3/G","F","F",3,6,2,"T","T",0,"F","F",1,"F","F",0,"F","F",3,"G","F","F","",0,0,"N",0,"N",0,"N",0,0,0,0,"3","","","","F","F","F","F","F","F","F","F","F","","","","F","F","F","F","F","","","","",0,3,0,0,0,0,0,0,0,30,"PHI","BSN","PHI",0,"F","F",3,3,2,14,2,"T","F",0,0,"T","T","padge101","gibsf101","T","T",0,0,0,0,0,0,0,0,0,"","","",0,0,0,0,0,0,0,0,0,0,0,0,0,"hawkc101","F","F","F","F",0,0,0,0,0,0,0,0,0,0,F,F,"1925PHI.EVN.regular.event.csv",392
"PHI192505010","BSN",4,0,1,0,0,"",3,3,"padge101","?","padge101","?","oneas101","?","oneas101","?","henlb101","hawkc101","fonsl101","hubec101","sandh101","burng101","mokaj101","schuj101","","","","63","F","F",4,7,2,"T","T",0,"F","F",1,"F","F",0,"F","F",6,"G","F","F","",0,0,"N",0,"N",0,"N",0,0,0,0,"63","","","","F","F","F","F","F","F","F","F","F","","","","F","F","F","F","F","","","","",0,3,0,0,6,0,0,0,0,31,"PHI","BSN","PHI",0,"F","F",3,3,2,15,3,"T","F",0,0,"T","T","gibsf101","coonj101","T","T",0,0,0,0,0,0,0,0,0,"","","",0,0,0,0,0,0,0,0,0,0,0,0,0,"sandh101","F","F","F","F",0,0,0,0,0,0,0,0,0,0,F,F,"1925PHI.EVN.regular.event.csv",393
"PHI192505010","BSN",4,0,2,0,0,"",3,3,"oneim102","?","oneim102","?","oneas101","?","oneas101","?","henlb101","hawkc101","fonsl101","hubec101","sandh101","burng101","mokaj101","schuj101","","","","K","F","T",11,8,3,"T","T",0,"F","F",1,"F","F",0,"F","F",0,"","F","F","",0,0,"N",0,"N",0,"N",0,0,0,0,"2","","","","F","F","F","F","F","F","F","F","F","","","","F","F","F","F","F","","","","gibsf101",2,2,0,0,0,0,0,0,0,32,"PHI","BSN","PHI",0,"F","T",3,3,2,16,4,"T","F",0,0,"F","F","coonj101","felig101","T","T",0,0,0,0,0,0,0,0,0,"","","",0,0,0,0,0,0,0,0,0,0,0,0,0,"","F","F","F","F",0,0,0,0,0,0,0,0,0,0,F,F,"1925PHI.EVN.regular.event.csv",394
"PHI192505010","BSN",4,1,0,0,0,"",3,3,"sandh101","?","sandh101","?","coonj101","?","coonj101","?","oneim102","burrd101","padge101","marrw101","bancd101","harrd101","felig101","welsj101","","","","2/FL","T","F",6,7,2,"T","T",0,"F","F",1,"F","F",0,"F","F",2,"F","F","T","",0,0,"N",0,"N",0,"N",0,0,0,0,"2","","","","F","F","F","F","F","F","F","F","F","","","","F","F","F","F","F","","","","",0,2,0,0,0,0,0,0,0,33,"PHI","PHI","BSN",1,"T","F",3,3,0,15,0,"T","F",0,0,"T","T","hubec101","oneas101","T","T",0,0,0,0,0,0,0,0,0,"","","",0,0,0,0,0,0,0,0,0,0,0,0,0,"oneim102","F","F","F","F",0,0,0,0,0,0,0,0,0,0,F,F,"1925PHI.EVN.regular.event.csv",395
"PHI192505010","BSN",4,1,1,0,0,"",3,3,"hubec101","?","hubec101","?","coonj101","?","coonj101","?","oneim102","burrd101","padge101","marrw101","bancd101","harrd101","felig101","welsj101","","","","43","F","F",5,8,2,"T","T",0,"F","F",1,"F","F",0,"F","F",4,"G","F","F","",0,0,"N",0,"N",0,"N",0,0,0,0,"43","","","","F","F","F","F","F","F","F","F","F","","","","F","F","F","F","F","","","","",0,3,0,0,4,0,0,0,0,34,"PHI","PHI","BSN",1,"F","F",3,3,0,16,1,"T","F",0,0,"T","T","oneas101","burng101","T","T",0,0,0,0,0,0,0,0,0,"","","",0,0,0,0,0,0,0,0,0,0,0,0,0,"padge101","F","F","F","F",0,0,0,0,0,0,0,0,0,0,F,F,"1925PHI.EVN.regular.event.csv",396
"PHI192505010","BSN",4,1,2,0,0,"",3,3,"oneas101","?","oneas101","?","coonj101","?","coonj101","?","oneim102","burrd101","padge101","marrw101","bancd101","harrd101","felig101","welsj101","","","","S9","F","F",1,9,20,"T","T",1,"F","F",0,"F","F",0,"F","F",9,"","F","F","",0,0,"N",0,"N",0,"N",1,0,0,0,"","","","","F","F","F","F","F","F","F","F","F","","","","F","F","F","F","F","","","","",0,0,0,0,0,0,0,0,0,35,"PHI","PHI","BSN",1,"F","F",3,3,0,17,2,"T","F",0,1,"T","T","burng101","fonsl101","T","T",0,0,0,0,0,0,0,0,0,"","","",0,0,0,0,0,0,0,0,0,0,0,0,0,"welsj101","F","F","F","F",0,0,0,0,0,0,0,0,0,0,F,F,"1925PHI.EVN.regular.event.csv",397
"PHI192505010","BSN",4,1,2,0,0,"",3,3,"burng101","?","burng101","?","coonj101","?","coonj101","?","oneim102","burrd101","padge101","marrw101","bancd101","harrd101","felig101","welsj101","oneas101","","","W.1-2","F","F",7,1,14,"T","F",0,"F","F",0,"F","F",0,"F","F",0,"","F","F","",0,0,"N",0,"N",0,"N",1,2,0,0,"","","","","F","F","F","F","F","F","F","F","F","coonj101","","","F","F","F","F","F","","","","",0,0,0,0,0,0,0,0,0,36,"PHI","PHI","BSN",1,"F","F",3,3,0,18,3,"T","F",1,3,"T","T","fonsl101","schuj101","T","T",1,9,35,0,0,0,0,0,0,"oneim102","","",0,0,0,0,0,0,0,0,0,0,0,0,0,"","F","F","F","F",0,0,0,0,0,0,0,0,0,0,F,F,"1925PHI.EVN.regular.event.csv",398
"PHI192505010","BSN",4,1,2,0,0,"",3,3,"fonsl101","?","fonsl101","?","coonj101","?","coonj101","?","oneim102","burrd101","padge101","marrw101","bancd101","harrd101","felig101","welsj101","burng101","oneas101","","9/F","F","F",4,2,2,"T","T",0,"F","F",1,"F","F",0,"F","F",9,"F","F","F","",0,0,"N",0,"N",0,"N",0,1,2,0,"9","","","","F","F","F","F","F","F","F","F","F","coonj101","coonj101","","F","F","F","F","F","","","","",0,9,0,0,0,0,0,0,0,37,"PHI","PHI","BSN",1,"F","T",3,3,0,19,4,"T","F",3,3,"T","T","schuj101","mokaj101","T","T",7,1,36,1,9,35,0,0,0,"oneim102","oneim102","",0,0,0,0,0,0,0,0,0,0,0,0,0,"welsj101","F","F","F","F",0,0,0,0,0,0,0,0,0,0,F,F,"1925PHI.EVN.regular.event.csv",399
"PHI192505010","BSN",5,0,0,0,0,"",3,3,"coonj101","?","coonj101","?","oneas101","?","oneas101","?","henlb101","hawkc101","fonsl101","hubec101","sandh101","burng101","mokaj101","schuj101","","","","9/F","T","F",1,9,2,"T","T",0,"F","F",1,"F","F",0,"F","F",9,"F","F","F","",0,0,"N",0,"N",0,"N",0,0,0,0,"9","","","","F","F","F","F","F","F","F","F","F","","","","F","F","F","F","F","","","","",0,9,0,0,0,0,0,0,0,38,"PHI","BSN","PHI",0,"T","F",3,3,0,17,0,"T","F",0,0,"T","T","felig101","bancd101","T","T",0,0,0,0,0,0,0,0,0,"","","",0,0,0,0,0,0,0,0,0,0,0,0,0,"schuj101","F","F","F","F",0,0,0,0,0,0,0,0,0,0,F,F,"1925PHI.EVN.regular.event.csv",400
"PHI192505010","BSN",5,0,1,0,0,"",3,3,"felig101","?","felig101","?","oneas101","?","oneas101","?","henlb101","hawkc101","fonsl101","hubec101","sandh101","burng101","mokaj101","schuj101","","","","43","F","F",8,1,2,"T","T",0,"F","F",1,"F","F",0,"F","F",4,"G","F","F","",0,0,"N",0,"N",0,"N",0,0,0,0,"43","","","","F","F","F","F","F","F","F","F","F","","","","F","F","F","F","F","","","","",0,3,0,0,4,0,0,0,0,39,"PHI","BSN","PHI",0,"F","F",3,3,0,18,1,"T","F",0,0,"T","T","bancd101","marrw101","T","T",0,0,0,0,0,0,0,0,0,"","","",0,0,0,0,0,0,0,0,0,0,0,0,0,"fonsl101","F","F","F","F",0,0,0,0,0,0,0,0,0,0,F,F,"1925PHI.EVN.regular.event.csv",401
"PHI192505010","BSN",5,0,2,0,0,"",3,3,"bancd101","?","bancd101","?","oneas101","?","oneas101","?","henlb101","hawkc101","fonsl101","hubec101","sandh101","burng101","mokaj101","schuj101","","","","D9","F","F",6,2,21,"T","T",2,"F","F",0,"F","F",0,"F","F",9,"","F","F","",0,0,"N",0,"N",0,"N",2,0,0,0,"","","","","F","F","F","F","F","F","F","F","F","","","","F","F","F","F","F","","","","",0,0,0,0,0,0,0,0,0,40,"PHI","BSN","PHI",0,"F","F",3,3,0,19,2,"T","F",0,2,"T","T","marrw101","harrd101","T","T",0,0,0,0,0,0,0,0,0,"","","",0,0,0,0,0,0,0,0,0,0,0,0,0,"schuj101","F","F","F","F",0,0,0,0,0,0,0,0,0,0,F,F,"1925PHI.EVN.regular.event.csv",402
"PHI192505010","BSN",5,0,2,0,0,"",3,3,"marrw101","?","marrw101","?","oneas101","?","oneas101","?","henlb101","hawkc101","fonsl101","hubec101","sandh101","burng101","mokaj101","schuj101","","bancd101","","13","F","F",5,3,2,"T","T",0,"F","F",1,"F","F",0,"F","F",1,"G","F","F","",0,0,"N",0,"N",0,"N",0,0,2,0,"13","","","","F","F","F","F","F","F","F","F","F","","oneas101","","F","F","F","F","F","","","","",0,3,0,0,1,0,0,0,0,41,"PHI","BSN","PHI",0,"F","T",3,3,0,20,3,"T","F",2,2,"T","T","harrd101","welsj101","T","T",0,0,0,6,2,40,0,0,0,"","henlb101","",0,0,0,0,0,0,0,0,0,0,0,0,0,"oneas101","F","F","F","F",0,0,0,0,0,0,0,0,0,0,F,F,"1925PHI.EVN.regular.event.csv",403
"PHI192505010","BSN",5,1,0,0,0,"",3,3,"schuj101","?","schuj101","?","coonj101","?","coonj101","?","oneim102","burrd101","padge101","marrw101","bancd101","harrd101","felig101","welsj101","","","","D/78","T","F",9,3,21,"T","T",2,"F","F",0,"F","F",0,"F","F",0,"","F","F","78",0,0,"N",0,"N",0,"N",2,0,0,0,"","","","","F","F","F","F","F","F","F","F","F","","","","F","F","F","F","F","","","","",0,0,0,0,0,0,0,0,0,42,"PHI","PHI","BSN",1,"T","F",3,3,0,20,0,"T","F",0,2,"T","T","mokaj101","hawkc101","T","T",0,0,0,0,0,0,0,0,0,"","","",0,0,0,0,0,0,0,0,0,0,0,0,0,"","F","F","F","F",0,0,0,0,0,0,0,0,0,0,F,F,"1925PHI.EVN.regular.event.csv",404
"PHI192505010","BSN",5,1,0,0,0,"",3,3,"mokaj101","?","mokaj101","?","coonj101","?","coonj101","?","oneim102","burrd101","padge101","marrw101","bancd101","harrd101","felig101","welsj101","","schuj101","","FC6.2X3(65)","F","F",8,4,19,"T","T",0,"F","F",1,"F","F",0,"F","F",6,"G","F","F","",0,0,"N",0,"N",0,"N",1,0,0,0,"","","65","","F","F","F","F","F","F","F","F","F","","coonj101","","F","F","F","F","F","","","","",0,5,0,0,6,0,0,0,0,43,"PHI","PHI","BSN",1,"F","F",3,3,0,21,1,"T","F",2,1,"T","T","hawkc101","henlb101","T","T",0,0,0,9,3,42,0,0,0,"","oneim102","",0,0,0,0,0,0,0,0,0,0,0,0,0,"bancd101","F","F","F","F",0,0,0,0,0,0,0,0,0,0,F,F,"1925PHI.EVN.regular.event.csv",405
"PHI192505010","BSN",5,1,1,0,0,"",3,3,"hawkc101","?","hawkc101","?","coonj101","?","coonj101","?","oneim102","burrd101","padge101","marrw101","bancd101","harrd101","felig101","welsj101","mokaj101","","","8/F","F","F",3,5,2,"T","T",0,"F","F",1,"F","F",0,"F","F",8,"F","F","F","",0,0,"N",0,"N",0,"N",0,1,0,0,"8","","","","F","F","F","F","F","F","F","F","F","coonj101","","","F","F","F","F","F","","","","",0,8,0,0,0,0,0,0,0,44,"PHI","PHI","BSN",1,"F","F",3,3,0,22,2,"T","F",1,1,"T","T","henlb101","sandh101","T","T",8,4,43,0,0,0,0,0,0,"oneim102","","",0,0,0,0,0,0,0,0,0,0,0,0,0,"felig101","F","F","F","F",0,0,0,0,0,0,0,0,0,0,F,F,"1925PHI.EVN.regular.event.csv",406
"PHI192505010","BSN",5,1,2,0,0,"",3,3,"henlb101","?","henlb101","?","coonj101","?","coonj101","?","oneim102","burrd101","padge101","marrw101","bancd101","harrd101","felig101","welsj101","mokaj101","","","54(1)/FO","F","F",2,6,2,"T","T",0,"F","F",1,"F","F",0,"F","F",5,"G","F","F","",0,0,"N",0,"N",0,"N",1,0,0,0,"","54","","","F","F","F","F","F","F","F","F","F","coonj101","","","F","F","F","F","F","","","","",0,4,0,0,5,0,0,0,0,45,"PHI","PHI","BSN",1,"F","T",3,3,0,23,3,"T","F",1,1,"T","T","sandh101","hubec101","T","T",8,4,43,0,0,0,0,0,0,"oneim102","","",0,0,0,0,0,0,0,0,0,0,0,0,0,"marrw101","T","F","F","F",0,0,0,0,0,0,0,0,0,0,F,F,"1925PHI.EVN.regular.event.csv",407
"PHI192505010","BSN",6,0,0,0,0,"",3,3,"harrd101","?","harrd101","?","oneas101","?","oneas101","?","henlb101","hawkc101","fonsl101","hubec101","sandh101","burng101","mokaj101","schuj101","","","","S6/G56","T","F",7,4,20,"T","T",1,"F","F",0,"F","F",0,"F","F",6,"G","F","F","56",0,0,"N",0,"N",0,"N",1,0,0,0,"","","","","F","F","F","F","F","F","F","F","F","","","","F","F","F","F","F","","","","",0,0,0,0,0,0,0,0,0,46,"PHI","BSN","PHI",0,"T","F",3,3,0,21,0,"T","F",0,1,"T","T","welsj101","burrd101","T","T",0,0,0,0,0,0,0,0,0,"","","",0,0,0,0,0,0,0,0,0,0,0,0,0,"sandh101","F","F","F","F",4,0,0,0,1,0,0,0,0,0,F,F,"1925PHI.EVN.regular.event.csv",408
"PHI192505010","BSN",6,0,0,0,0,"",3,3,"welsj101","?","welsj101","?","oneas101","?","oneas101","?","henlb101","hawkc101","fonsl101","hubec101","sandh101","burng101","mokaj101","schuj101","harrd101","","","S9/L.1-3","F","F",9,5,20,"T","T",1,"F","F",0,"F","F",0,"F","F",9,"L","F","F","",0,0,"N",0,"N",0,"N",1,3,0,0,"","","","","F","F","F","F","F","F","F","F","F","oneas101","","","F","F","F","F","F","","","","",0,0,0,0,0,0,0,0,0,47,"PHI","BSN","PHI",0,"F","F",3,3,0,22,1,"T","F",1,5,"T","T","burrd101","padge101","T","T",7,4,46,0,0,0,0,0,0,"henlb101","","",0,0,0,0,0,0,0,0,0,0,0,0,0,"schuj101","F","F","F","F",0,4,0,0,1,0,0,0,0,0,F,F,"1925PHI.EVN.regular.event.csv",409
"PHI192505010","BSN",6,0,0,0,0,"",3,3,"burrd101","?","burrd101","?","betth101","?","betth101","?","henlb101","hawkc101","fonsl101","hubec101","sandh101","burng101","mokaj101","schuj101","welsj101","","harrd101","S8/L8S.3-H;1-2","F","F",3,6,20,"T","T",1,"F","F",0,"F","F",1,"F","F",8,"L","F","F","8S",0,0,"N",0,"N",0,"N",1,2,0,4,"","","","","F","F","F","F","F","F","F","F","F","oneas101","","oneas101","F","F","F","F","F","","","","",0,0,0,0,0,0,0,0,0,48,"PHI","BSN","PHI",0,"F","F",3,3,0,23,2,"T","F",5,3,"T","T","padge101","oneim102","F","F",9,5,47,0,0,0,7,4,46,"henlb101","","henlb101",0,0,0,0,0,0,0,0,0,0,0,0,1,"mokaj101","F","F","F","F",0,0,0,4,0,0,0,0,0,0,F,F,"1925PHI.EVN.regular.event.csv",410
"PHI192505010","BSN",6,0,0,0,0,"",4,3,"padge101","?","padge101","?","betth101","?","betth101","?","henlb101","hawkc101","fonsl101","hubec101","sandh101","burng101","mokaj101","schuj101","burrd101","welsj101","","S5/G.2-3;1-2","F","F",4,7,20,"T","T",1,"F","F",0,"F","F",0,"F","F",5,"G","F","F","",0,0,"N",0,"N",0,"N",1,2,3,0,"","","","","F","F","F","F","F","F","F","F","F","betth101","oneas101","","F","F","F","F","F","","","","",0,0,0,0,0,0,0,0,0,49,"PHI","BSN","PHI",0,"F","F",4,3,1,24,3,"T","F",3,7,"T","T","oneim102","coonj101","F","F",3,6,48,9,5,47,0,0,0,"henlb101","henlb101","",0,0,0,0,0,0,0,0,0,0,0,0,0,"hubec101","F","F","F","F",0,0,0,0,0,0,0,0,0,0,F,F,"1925PHI.EVN.regular.event.csv",411
"PHI192505010","BSN",6,0,0,0,0,"",4,3,"oneim102","?","oneim102","?","betth101","?","betth101","?","henlb101","hawkc101","fonsl101","hubec101","sandh101","burng101","mokaj101","schuj101","padge101","burrd101","welsj101","9(B)2(3)4(1)/F9S/TP","F","F",2,8,2,"T","T",0,"F","F",3,"F","T",0,"F","F",9,"F","F","F","9S",0,0,"N",0,"N",0,"N",0,0,2,0,"9","24","","92","F","F","F","F","F","F","F","F","F","betth101","betth101","oneas101","F","F","F","F","F","","","","",0,9,2,4,9,2,0,0,0,50,"PHI","BSN","PHI",0,"F","T",4,3,1,25,4,"T","F",7,2,"F","F","coonj101","felig101","F","F",4,7,49,3,6,48,9,5,47,"henlb101","henlb101","henlb101",0,0,0,0,0,0,0,0,0,0,0,0,0,"schuj101","F","F","F","F",0,0,0,0,0,0,0,0,0,0,F,F,"1925PHI.EVN.regular.event.csv",412
"PHI192505010","BSN",6,1,0,0,0,"",4,3,"sandh101","?","sandh101","?","coonj101","?","coonj101","?","oneim102","burrd101","padge101","marrw101","bancd101","harrd101","felig101","welsj101","","","","S3/G3L","T","F",6,7,20,"T","T",1,"F","F",0,"F","F",0,"F","F",3,"G","F","F","3L",0,0,"N",0,"N",0,"N",1,0,0,0,"","","","","F","F","F","F","F","F","F","F","F","","","","F","F","F","F","F","","","","",0,0,0,0,0,0,0,0,0,51,"PHI","PHI","BSN",1,"T","F",3,4,0,24,0,"T","F",0,1,"T","T","hubec101","betth101","T","T",0,0,0,0,0,0,0,0,0,"","","",0,0,0,0,0,0,0,0,0,0,0,0,0,"burrd101","F","F","F","F",0,0,0,0,3,0,0,0,0,0,F,F,"1925PHI.EVN.regular.event.csv",413
"PHI192505010","BSN",6,1,0,0,0,"",4,3,"hubec101","?","hubec101","?","coonj101","?","coonj101","?","oneim102","burrd101","padge101","marrw101","bancd101","harrd101","felig101","welsj101","sandh101","","","54(1)/FO","F","F",5,8,2,"T","T",0,"F","F",1,"F","F",0,"F","F",5,"G","F","F","",0,0,"N",0,"N",0,"N",1,0,0,0,"","54","","","F","F","F","F","F","F","F","F","F","coonj101","","","F","F","F","F","F","","","","",0,4,0,0,5,0,0,0,0,52,"PHI","PHI","BSN",1,"F","F",3,4,0,25,1,"T","F",1,1,"T","T","betth101","burng101","T","T",6,7,51,0,0,0,0,0,0,"oneim102","","",0,0,0,0,0,0,0,0,0,0,0,0,0,"marrw101","T","F","F","F",4,0,0,0,3,0,0,0,0,0,F,F,"1925PHI.EVN.regular.event.csv",414
"PHI192505010","BSN",6,1,1,0,0,"",4,3,"betth101","?","betth101","?","coonj101","?","coonj101","?","oneim102","burrd101","padge101","marrw101","bancd101","harrd101","felig101","welsj101","hubec101","","","K","F","F",1,9,3,"T","T",0,"F","F",1,"F","F",0,"F","F",0,"","F","F","",0,0,"N",0,"N",0,"N",0,1,0,0,"2","","","","F","F","F","F","F","F","F","F","F","coonj101","","","F","F","F","F","F","","","","",0,2,0,0,0,0,0,0,0,53,"PHI","PHI","BSN",1,"F","F",3,4,0,26,2,"T","F",1,1,"F","F","burng101","fonsl101","T","T",5,8,52,0,0,0,0,0,0,"oneim102","","",0,0,0,0,0,0,0,0,0,0,0,0,0,"","F","F","F","F",0,4,0,0,3,0,0,0,0,0,F,F,"1925PHI.EVN.regular.event.csv",415
"PHI192505010","BSN",6,1,2,0,0,"",4,3,"burng101","?","burng101","?","coonj101","?","coonj101","?","oneim102","burrd101","padge101","marrw101","bancd101","harrd101","felig101","welsj101","hubec101","","","D9/F9L.1-3","F","F",7,1,21,"T","T",2,"F","F",0,"F","F",0,"F","F",9,"F","F","F","9L",0,0,"N",0,"N",0,"N",2,3,0,0,"","","","","F","F","F","F","F","F","F","F","F","coonj101","","","F","F","F","F","F","","","","",0,0,0,0,0,0,0,0,0,54,"PHI","PHI","BSN",1,"F","F",3,4,0,27,3,"T","F",1,6,"T","T","fonsl101","schuj101","T","T",5,8,52,0,0,0,0,0,0,"oneim102","","",0,0,0,0,0,0,0,0,0,0,0,0,0,"welsj101","F","F","F","F",4,4,0,0,3,0,0,0,0,0,F,F,"1925PHI.EVN.regular.event.csv",416
"PHI192505010","BSN",6,1,2,0,0,"X",4,3,"fonsl101","?","fonsl101","?","coonj101","?","coonj101","?","oneim102","burrd101","padge101","marrw101","bancd101","harrd101","felig101","welsj101","","burng101","hubec101","HR/F78XD.3-H;2-H","F","F",4,2,23,"T","T",4,"F","F",0,"F","F",3,"F","F",0,"F","F","F","78XD",0,0,"N",0,"N",0,"N",4,0,4,4,"","","","","F","F","F","F","F","F","F","F","F","","coonj101","coonj101","F","F","F","F","F","","","","",0,0,0,0,0,0,0,0,0,55,"PHI","PHI","BSN",1,"F","F",3,4,0,28,4,"T","F",6,0,"T","T","schuj101","mokaj101","T","T",0,0,0,7,1,54,5,8,52,"","oneim102","oneim102",0,0,0,0,0,0,1,0,0,0,1,0,3,"","F","F","F","F",4,0,4,4,0,0,0,0,0,0,F,F,"1925PHI.EVN.regular.event.csv",417
"PHI192505010","BSN",6,1,2,0,0,"",4,6,"schuj101","?","schuj101","?","coonj101","?","coonj101","?","oneim102","burrd101","padge101","marrw101","bancd101","harrd101","felig101","welsj101","","","","7/L+","F","F",9,3,2,"T","T",0,"F","F",1,"F","F",0,"F","F",7,"L","F","F","",0,0,"N",0,"N",0,"N",0,0,0,0,"7","","","","F","F","F","F","F","F","F","F","F","","","","F","F","F","F","F","","","","",0,7,0,0,0,0,0,0,0,56,"PHI","PHI","BSN",1,"F","T",6,4,3,29,5,"T","F",0,0,"T","T","mokaj101","hawkc101","T","T",0,0,0,0,0,0,0,0,0,"","","",0,0,0,0,0,0,0,0,0,0,0,0,0,"harrd101","F","F","F","F",0,0,0,0,0,0,0,0,0,0,F,F,"1925PHI.EVN.regular.event.csv",418
"PHI192505010","BSN",7,0,0,0,0,"",4,6,"coonj101","?","coonj101","?","betth101","?","betth101","?","henlb101","hawkc101","fonsl101","hubec101","sandh101","burng101","mokaj101","schuj101","","","","53","T","F",1,9,2,"T","T",0,"F","F",1,"F","F",0,"F","F",5,"G","F","F","",0,0,"N",0,"N",0,"N",0,0,0,0,"53","","","","F","F","F","F","F","F","F","F","F","","","","F","F","F","F","F","","","","",0,3,0,0,5,0,0,0,0,57,"PHI","BSN","PHI",0,"T","F",4,6,0,26,0,"T","F",0,0,"T","T","felig101","bancd101","F","F",0,0,0,0,0,0,0,0,0,"","","",0,0,0,0,0,0,0,0,0,0,0,0,0,"hubec101","F","F","F","F",0,0,0,0,0,0,0,0,0,0,F,F,"1925PHI.EVN.regular.event.csv",419
"PHI192505010","BSN",7,0,1,0,0,"",4,6,"felig101","?","felig101","?","betth101","?","betth101","?","henlb101","hawkc101","fonsl101","hubec101","sandh101","burng101","mokaj101","schuj101","","","","53","F","F",8,1,2,"T","T",0,"F","F",1,"F","F",0,"F","F",5,"G","F","F","",0,0,"N",0,"N",0,"N",0,0,0,0,"53","","","","F","F","F","F","F","F","F","F","F","","","","F","F","F","F","F","","","","",0,3,0,0,5,0,0,0,0,58,"PHI","BSN","PHI",0,"F","F",4,6,0,27,1,"T","F",0,0,"T","T","bancd101","marrw101","F","F",0,0,0,0,0,0,0,0,0,"","","",0,0,0,0,0,0,0,0,0,0,0,0,0,"hubec101","F","F","F","F",0,0,0,0,0,0,0,0,0,0,F,F,"1925PHI.EVN.regular.event.csv",420
"PHI192505010","BSN",7,0,2,0,0,"",4,6,"bancd101","?","bancd101","?","betth101","?","betth101","?","henlb101","hawkc101","fonsl101","hubec101","sandh101","burng101","mokaj101","schuj101","","","","D9","F","F",6,2,21,"T","T",2,"F","F",0,"F","F",0,"F","F",9,"","F","F","",0,0,"N",0,"N",0,"N",2,0,0,0,"","","","","F","F","F","F","F","F","F","F","F","","","","F","F","F","F","F","","","","",0,0,0,0,0,0,0,0,0,59,"PHI","BSN","PHI",0,"F","F",4,6,0,28,2,"T","F",0,2,"T","T","marrw101","harrd101","F","F",0,0,0,0,0,0,0,0,0,"","","",0,0,0,0,0,0,0,0,0,0,0,0,0,"schuj101","F","F","F","F",0,0,0,0,0,0,0,0,0,0,F,F,"1925PHI.EVN.regular.event.csv",421
"PHI192505010","BSN",7,0,2,0,0,"",4,6,"marrw101","?","marrw101","?","betth101","?","betth101","?","henlb101","hawkc101","fonsl101","hubec101","sandh101","burng101","mokaj101","schuj101","","bancd101","","43","F","F",5,3,2,"T","T",0,"F","F",1,"F","F",0,"F","F",4,"G","F","F","",0,0,"N",0,"N",0,"N",0,0,2,0,"43","","","","F","F","F","F","F","F","F","F","F","","betth101","","F","F","F","F","F","","","","",0,3,0,0,4,0,0,0,0,60,"PHI","BSN","PHI",0,"F","T",4,6,0,29,3,"T","F",2,2,"T","T","harrd101","welsj101","F","F",0,0,0,6,2,59,0,0,0,"","henlb101","",0,0,0,0,0,0,0,0,0,0,0,0,0,"fonsl101","F","F","F","F",0,0,0,0,0,0,0,0,0,0,F,F,"1925PHI.EVN.regular.event.csv",422
"PHI192505010","BSN",7,1,0,0,0,"",4,6,"mokaj101","?","mokaj101","?","coonj101","?","coonj101","?","oneim102","burrd101","padge101","marrw101","bancd101","harrd101","felig101","welsj101","","","","13","T","F",8,4,2,"T","T",0,"F","F",1,"F","F",0,"F","F",1,"G","F","F","",0,0,"N",0,"N",0,"N",0,0,0,0,"13","","","","F","F","F","F","F","F","F","F","F","","","","F","F","F","F","F","","","","",0,3,0,0,1,0,0,0,0,61,"PHI","PHI","BSN",1,"T","F",6,4,0,30,0,"T","F",0,0,"T","T","hawkc101","henlb101","T","T",0,0,0,0,0,0,0,0,0,"","","",0,0,0,0,0,0,0,0,0,0,0,0,0,"coonj101","F","F","F","F",0,0,0,0,0,0,0,0,0,0,F,F,"1925PHI.EVN.regular.event.csv",423
"PHI192505010","BSN",7,1,1,0,0,"",4,6,"hawkc101","?","hawkc101","?","coonj101","?","coonj101","?","oneim102","burrd101","padge101","marrw101","bancd101","harrd101","felig101","welsj101","","","","W","F","F",3,5,14,"T","F",0,"F","F",0,"F","F",0,"F","F",0,"","F","F","",0,0,"N",0,"N",0,"N",1,0,0,0,"","","","","F","F","F","F","F","F","F","F","F","","","","F","F","F","F","F","","","","",0,0,0,0,0,0,0,0,0,62,"PHI","PHI","BSN",1,"F","F",6,4,0,31,1,"T","F",0,1,"T","T","henlb101","sandh101","T","T",0,0,0,0,0,0,0,0,0,"","","",0,0,0,0,0,0,0,0,0,0,0,0,0,"","F","F","F","F",0,0,0,0,0,0,0,0,0,0,F,F,"1925PHI.EVN.regular.event.csv",424
"PHI192505010","BSN",7,1,1,0,0,"",4,6,"henlb101","?","henlb101","?","coonj101","?","coonj101","?","oneim102","burrd101","padge101","marrw101","bancd101","harrd101","felig101","welsj101","hawkc101","","","S5/G.1-2","F","F",2,6,20,"T","T",1,"F","F",0,"F","F",0,"F","F",5,"G","F","F","",0,0,"N",0,"N",0,"N",1,2,0,0,"","","","","F","F","F","F","F","F","F","F","F","coonj101","","","F","F","F","F","F","","","","",0,0,0,0,0,0,0,0,0,63,"PHI","PHI","BSN",1,"F","F",6,4,0,32,2,"T","F",1,3,"T","T","sandh101","hubec101","T","T",3,5,62,0,0,0,0,0,0,"oneim102","","",0,0,0,0,0,0,0,0,0,0,0,0,0,"marrw101","F","F","F","F",0,0,0,0,0,0,0,0,0,0,F,F,"1925PHI.EVN.regular.event.csv",425
"PHI192505010","BSN",7,1,1,0,0,"",4,6,"sandh101","?","sandh101","?","coonj101","?","coonj101","?","oneim102","burrd101","padge101","marrw101","bancd101","harrd101","felig101","welsj101","henlb101","hawkc101","","54(1)/FO/DP.2X3(454)","F","F",6,7,2,"T","T",0,"F","F",2,"T","F",0,"F","F",5,"G","F","F","",0,0,"N",0,"N",0,"N",1,0,0,0,"","54","454","","F","F","F","F","F","F","F","F","F","coonj101","coonj101","","F","F","F","F","F","","","","",0,4,4,0,5,4,5,0,0,64,"PHI","PHI","BSN",1,"F","T",6,4,0,33,3,"T","F",3,1,"T","T","hubec101","betth101","T","T",2,6,63,3,5,62,0,0,0,"oneim102","oneim102","",0,0,0,0,0,0,0,0,0,0,0,0,0,"marrw101","T","F","F","F",0,0,0,0,0,0,0,0,0,0,F,F,"1925PHI.EVN.regular.event.csv",426
"PHI192505010","BSN",8,0,0,0,0,"",4,6,"harrd101","?","harrd101","?","betth101","?","betth101","?","henlb101","hawkc101","fonsl101","hubec101","sandh101","burng101","mokaj101","schuj101","","","","K","T","F",7,4,3,"T","T",0,"F","F",1,"F","F",0,"F","F",0,"","F","F","",0,0,"N",0,"N",0,"N",0,0,0,0,"2","","","","F","F","F","F","F","F","F","F","F","","","","F","F","F","F","F","","","","",0,2,0,0,0,0,0,0,0,65,"PHI","BSN","PHI",0,"T","F",4,6,0,30,0,"T","F",0,0,"T","T","welsj101","burrd101","F","F",0,0,0,0,0,0,0,0,0,"","","",0,0,0,0,0,0,0,0,0,0,0,0,0,"","F","F","F","F",0,0,0,0,0,0,0,0,0,0,F,F,"1925PHI.EVN.regular.event.csv",427
"PHI192505010","BSN",8,0,1,0,0,"",4,6,"welsj101","?","welsj101","?","betth101","?","betth101","?","henlb101","hawkc101","fonsl101","hubec101","sandh101","burng101","mokaj101","schuj101","","","","D/89","F","F",9,5,21,"T","T",2,"F","F",0,"F","F",0,"F","F",0,"","F","F","89",0,0,"N",0,"N",0,"N",2,0,0,0,"","","","","F","F","F","F","F","F","F","F","F","","","","F","F","F","F","F","","","","",0,0,0,0,0,0,0,0,0,66,"PHI","BSN","PHI",0,"F","F",4,6,0,31,1,"T","F",0,2,"T","T","burrd101","padge101","F","F",0,0,0,0,0,0,0,0,0,"","","",0,0,0,0,0,0,0,0,0,0,0,0,0,"","F","F","F","F",0,0,0,0,0,0,0,0,0,0,F,F,"1925PHI.EVN.regular.event.csv",428
"PHI192505010","BSN",8,0,1,0,0,"",4,6,"burrd101","?","burrd101","?","betth101","?","betth101","?","henlb101","hawkc101","fonsl101","hubec101","sandh101","burng101","mokaj101","schuj101","","welsj101","","8/F","F","F",3,6,2,"T","T",0,"F","F",1,"F","F",0,"F","F",8,"F","F","F","",0,0,"N",0,"N",0,"N",0,0,2,0,"8","","","","F","F","F","F","F","F","F","F","F","","betth101","","F","F","F","F","F","","","","",0,8,0,0,0,0,0,0,0,67,"PHI","BSN","PHI",0,"F","F",4,6,0,32,2,"T","F",2,2,"T","T","padge101","oneim102","F","F",0,0,0,9,5,66,0,0,0,"","henlb101","",0,0,0,0,0,0,0,0,0,0,0,0,0,"mokaj101","F","F","F","F",0,0,0,0,0,0,0,0,0,0,F,F,"1925PHI.EVN.regular.event.csv",429
"PHI192505010","BSN",8,0,2,0,0,"",4,6,"padge101","?","padge101","?","betth101","?","betth101","?","henlb101","hawkc101","fonsl101","hubec101","sandh101","burng101","mokaj101","schuj101","","welsj101","","63","F","F",4,7,2,"T","T",0,"F","F",1,"F","F",0,"F","F",6,"G","F","F","",0,0,"N",0,"N",0,"N",0,0,2,0,"63","","","","F","F","F","F","F","F","F","F","F","","betth101","","F","F","F","F","F","","","","",0,3,0,0,6,0,0,0,0,68,"PHI","BSN","PHI",0,"F","T",4,6,0,33,3,"T","F",2,2,"T","T","oneim102","coonj101","F","F",0,0,0,9,5,66,0,0,0,"","henlb101","",0,0,0,0,0,0,0,0,0,0,0,0,0,"sandh101","F","F","F","F",0,0,0,0,0,0,0,0,0,0,F,F,"1925PHI.EVN.regular.event.csv",430
"PHI192505010","BSN",8,1,0,0,0,"",4,6,"hubec101","?","hubec101","?","coonj101","?","coonj101","?","oneim102","burrd101","padge101","marrw101","bancd101","harrd101","felig101","welsj101","","","","53","T","F",5,8,2,"T","T",0,"F","F",1,"F","F",0,"F","F",5,"G","F","F","",0,0,"N",0,"N",0,"N",0,0,0,0,"53","","","","F","F","F","F","F","F","F","F","F","","","","F","F","F","F","F","","","","",0,3,0,0,5,0,0,0,0,69,"PHI","PHI","BSN",1,"T","F",6,4,0,34,0,"T","F",0,0,"T","T","betth101","burng101","T","T",0,0,0,0,0,0,0,0,0,"","","",0,0,0,0,0,0,0,0,0,0,0,0,0,"marrw101","F","F","F","F",0,0,0,0,0,0,0,0,0,0,F,F,"1925PHI.EVN.regular.event.csv",431
"PHI192505010","BSN",8,1,1,0,0,"",4,6,"betth101","?","betth101","?","coonj101","?","coonj101","?","oneim102","burrd101","padge101","marrw101","bancd101","harrd101","felig101","welsj101","","","","K","F","F",1,9,3,"T","T",0,"F","F",1,"F","F",0,"F","F",0,"","F","F","",0,0,"N",0,"N",0,"N",0,0,0,0,"2","","","","F","F","F","F","F","F","F","F","F","","","","F","F","F","F","F","","","","",0,2,0,0,0,0,0,0,0,70,"PHI","PHI","BSN",1,"F","F",6,4,0,35,1,"T","F",0,0,"F","F","burng101","fonsl101","T","T",0,0,0,0,0,0,0,0,0,"","","",0,0,0,0,0,0,0,0,0,0,0,0,0,"","F","F","F","F",0,0,0,0,0,0,0,0,0,0,F,F,"1925PHI.EVN.regular.event.csv",432
"PHI192505010","BSN",8,1,2,0,0,"",4,6,"burng101","?","burng101","?","coonj101","?","coonj101","?","oneim102","burrd101","padge101","marrw101","bancd101","harrd101","felig101","welsj101","","","","8/F","F","F",7,1,2,"T","T",0,"F","F",1,"F","F",0,"F","F",8,"F","F","F","",0,0,"N",0,"N",0,"N",0,0,0,0,"8","","","","F","F","F","F","F","F","F","F","F","","","","F","F","F","F","F","","","","",0,8,0,0,0,0,0,0,0,71,"PHI","PHI","BSN",1,"F","T",6,4,0,36,2,"T","F",0,0,"T","T","fonsl101","schuj101","T","T",0,0,0,0,0,0,0,0,0,"","","",0,0,0,0,0,0,0,0,0,0,0,0,0,"felig101","F","F","F","F",0,0,0,0,0,0,0,0,0,0,F,F,"1925PHI.EVN.regular.event.csv",433
"PHI192505010","BSN",9,0,0,0,0,"",4,6,"stenc101","?","stenc101","?","betth101","?","betth101","?","henlb101","hawkc101","fonsl101","hubec101","sandh101","burng101","mokaj101","schuj101","","","","W","T","T",11,8,14,"T","F",0,"F","F",0,"F","F",0,"F","F",0,"","F","F","",0,0,"N",0,"N",0,"N",1,0,0,0,"","","","","F","F","F","F","F","F","F","F","F","","","","F","F","F","F","F","","","","oneim102",2,0,0,0,0,0,0,0,0,72,"PHI","BSN","PHI",0,"T","F",4,6,0,34,0,"T","F",0,1,"F","F","coonj101","felig101","F","F",0,0,0,0,0,0,0,0,0,"","","",0,0,0,0,0,0,0,0,0,0,0,0,0,"","F","F","F","F",0,0,0,0,0,0,0,0,0,0,F,F,"1925PHI.EVN.regular.event.csv",434
"PHI192505010","BSN",9,0,0,0,0,"",4,6,"spere101","?","spere101","?","betth101","?","betth101","?","henlb101","hawkc101","fonsl101","hubec101","sandh101","burng101","mokaj101","schuj101","stenc101","","","6/LDP.1X1(63)","F","T",11,9,2,"T","T",0,"F","F",2,"T","F",0,"F","F",6,"L","F","F","",0,0,"N",0,"N",0,"N",0,0,0,0,"6","63","","","F","F","F","F","F","F","F","F","F","betth101","","","F","F","F","F","F","","","","coonj101",1,6,3,0,6,0,0,0,0,73,"PHI","BSN","PHI",0,"F","F",4,6,0,35,1,"T","F",1,0,"F","F","felig101","bancd101","F","F",11,8,72,0,0,0,0,0,0,"henlb101","","",0,0,0,0,0,0,0,0,0,0,0,0,0,"sandh101","F","F","F","F",0,0,0,0,0,0,0,0,0,0,F,F,"1925PHI.EVN.regular.event.csv",435
"PHI192505010","BSN",9,0,2,0,0,"",4,6,"felig101","?","felig101","?","betth101","?","betth101","?","henlb101","hawkc101","fonsl101","hubec101","sandh101","burng101","mokaj101","schuj101","","","","7/L","F","F",8,1,2,"T","T",0,"F","F",1,"F","F",0,"F","F",7,"L","F","F","",0,0,"N",0,"N",0,"N",0,0,0,0,"7","","","","F","F","F","F","F","F","F","F","F","","","","F","T","F","F","F","","","","",0,7,0,0,0,0,0,0,0,74,"PHI","BSN","PHI",0,"F","T",4,6,0,36,2,"T","F",0,0,"T","T","bancd101","marrw101","F","F",0,0,0,0,0,0,0,0,0,"","","",0,0,0,0,0,0,0,0,0,0,0,0,0,"burng101","F","F","F","F",0,0,0,0,0,0,0,0,0,0,F,F,"1925PHI.EVN.regular.event.csv",436
"PHI192505021","BSN",1,0,0,0,0,"",0,0,"neisb101","?","neisb101","?","ringj101","?","ringj101","?","henlb101","hawkc101","fonsl101","hubec101","sandh101","burng101","harpg101","willc103","","","","43","T","F",8,1,2,"T","T",0,"F","F",1,"F","F",0,"F","F",4,"G","F","F","",0,0,"N",0,"N",0,"N",0,0,0,0,"43","","","","F","F","F","F","F","F","F","F","F","","","","T","F","F","F","F","","","","",0,3,0,0,4,0,0,0,0,1,"PHI","BSN","PHI",0,"T","F",0,0,0,0,0,"T","F",0,0,"T","T","bancd101","marrw101","T","T",0,0,0,0,0,0,0,0,0,"","","",0,0,0,0,0,0,0,0,0,0,0,0,0,"fonsl101","F","F","F","F",0,0,0,0,0,0,0,0,0,0,F,F,"1925PHI.EVN.regular.event.csv",437
"PHI192505021","BSN",1,0,1,0,0,"",0,0,"bancd101","?","bancd101","?","ringj101","?","ringj101","?","henlb101","hawkc101","fonsl101","hubec101","sandh101","burng101","harpg101","willc103","","","","D7","F","F",6,2,21,"T","T",2,"F","F",0,"F","F",0,"F","F",7,"","F","F","",0,0,"N",0,"N",0,"N",2,0,0,0,"","","","","F","F","F","F","F","F","F","F","F","","","","F","F","F","F","F","","","","",0,0,0,0,0,0,0,0,0,2,"PHI","BSN","PHI",0,"F","F",0,0,0,1,1,"T","F",0,2,"T","T","marrw101","harrd101","T","T",0,0,0,0,0,0,0,0,0,"","","",0,0,0,0,0,0,0,0,0,0,0,0,0,"burng101","F","F","F","F",0,0,0,0,0,0,0,0,0,0,F,F,"1925PHI.EVN.regular.event.csv",438
"PHI192505021","BSN",1,0,1,0,0,"",0,0,"marrw101","?","marrw101","?","ringj101","?","ringj101","?","henlb101","hawkc101","fonsl101","hubec101","sandh101","burng101","harpg101","willc103","","bancd101","","7/F","F","F",5,3,2,"T","T",0,"F","F",1,"F","F",0,"F","F",7,"F","F","F","",0,0,"N",0,"N",0,"N",0,0,2,0,"7","","","","F","F","F","F","F","F","F","F","F","","ringj101","","F","F","F","F","F","","","","",0,7,0,0,0,0,0,0,0,3,"PHI","BSN","PHI",0,"F","F",0,0,0,2,2,"T","F",2,2,"T","T","harrd101","welsj101","T","T",0,0,0,6,2,2,0,0,0,"","henlb101","",0,0,0,0,0,0,0,0,0,0,0,0,0,"burng101","F","F","F","F",0,0,0,0,0,0,0,0,0,0,F,F,"1925PHI.EVN.regular.event.csv",439
"PHI192505021","BSN",1,0,2,0,0,"",0,0,"harrd101","?","harrd101","?","ringj101","?","ringj101","?","henlb101","hawkc101","fonsl101","hubec101","sandh101","burng101","harpg101","willc103","","bancd101","","4/P#","F","F",7,4,2,"T","T",0,"F","F",1,"F","F",0,"F","F",4,"P","F","F","",0,0,"N",0,"N",0,"N",0,0,2,0,"4","","","","F","F","F","F","F","F","F","F","F","","ringj101","","F","F","F","F","F","","","","",0,4,0,0,0,0,0,0,0,4,"PHI","BSN","PHI",0,"F","T",0,0,0,3,3,"T","F",2,2,"T","T","welsj101","burrd101","T","T",0,0,0,6,2,2,0,0,0,"","henlb101","",0,0,0,0,0,0,0,0,0,0,0,0,0,"fonsl101","F","F","F","F",0,0,0,0,0,0,0,0,0,0,F,T,"1925PHI.EVN.regular.event.csv",440
"PHI192505021","BSN",1,1,0,0,0,"",0,0,"burng101","?","burng101","?","genej101","?","genej101","?","oneim102","burrd101","padge101","marrw101","bancd101","harrd101","neisb101","welsj101","","","","63","T","F",7,1,2,"T","T",0,"F","F",1,"F","F",0,"F","F",6,"G","F","F","",0,0,"N",0,"N",0,"N",0,0,0,0,"63","","","","F","F","F","F","F","F","F","F","F","","","","F","F","F","F","F","","","","",0,3,0,0,6,0,0,0,0,5,"PHI","PHI","BSN",1,"T","F",0,0,0,0,0,"T","F",0,0,"T","T","fonsl101","willc103","T","T",0,0,0,0,0,0,0,0,0,"","","",0,0,0,0,0,0,0,0,0,0,0,0,0,"bancd101","F","F","F","F",0,0,0,0,0,0,0,0,0,0,F,F,"1925PHI.EVN.regular.event.csv",441
"PHI192505021","BSN",1,1,1,0,0,"",0,0,"fonsl101","?","fonsl101","?","genej101","?","genej101","?","oneim102","burrd101","padge101","marrw101","bancd101","harrd101","neisb101","welsj101","","","","13/BG","F","F",4,2,2,"T","T",0,"F","F",1,"F","F",0,"F","F",1,"G","T","F","",0,0,"N",0,"N",0,"N",0,0,0,0,"13","","","","F","F","F","F","F","F","F","F","F","","","","F","F","F","F","F","","","","",0,3,0,0,1,0,0,0,0,6,"PHI","PHI","BSN",1,"F","F",0,0,0,1,1,"T","F",0,0,"T","T","willc103","harpg101","T","T",0,0,0,0,0,0,0,0,0,"","","",0,0,0,0,0,0,0,0,0,0,0,0,0,"genej101","F","F","F","F",0,0,0,0,0,0,0,0,0,0,F,F,"1925PHI.EVN.regular.event.csv",442
"PHI192505021","BSN",1,1,2,0,0,"",0,0,"willc103","?","willc103","?","genej101","?","genej101","?","oneim102","burrd101","padge101","marrw101","bancd101","harrd101","neisb101","welsj101","","","","S3/BG25","F","F",9,3,20,"T","T",1,"F","F",0,"F","F",0,"F","F",3,"G","T","F","25",0,0,"N",0,"N",0,"N",1,0,0,0,"","","","","F","F","F","F","F","F","F","F","F","","","","F","F","F","F","F","","","","",0,0,0,0,0,0,0,0,0,7,"PHI","PHI","BSN",1,"F","F",0,0,0,2,2,"T","F",0,1,"T","T","harpg101","hawkc101","T","T",0,0,0,0,0,0,0,0,0,"","","",0,0,0,0,0,0,0,0,0,0,0,0,0,"burrd101","F","F","F","F",0,0,0,0,0,0,0,0,0,0,F,F,"1925PHI.EVN.regular.event.csv",443
"PHI192505021","BSN",1,1,2,0,0,"",0,0,"harpg101","?","harpg101","?","genej101","?","genej101","?","oneim102","burrd101","padge101","marrw101","bancd101","harrd101","neisb101","welsj101","willc103","","","43","F","F",8,4,2,"T","T",0,"F","F",1,"F","F",0,"F","F",4,"G","F","F","",0,0,"N",0,"N",0,"N",0,1,0,0,"43","","","","F","F","F","F","F","F","F","F","F","genej101","","","F","F","F","F","F","","","","",0,3,0,0,4,0,0,0,0,8,"PHI","PHI","BSN",1,"F","T",0,0,0,3,3,"T","F",1,1,"T","T","hawkc101","henlb101","T","T",9,3,7,0,0,0,0,0,0,"oneim102","","",0,0,0,0,0,0,0,0,0,0,0,0,0,"padge101","F","F","F","F",0,0,0,0,0,0,0,0,0,0,F,F,"1925PHI.EVN.regular.event.csv",444
"PHI192505021","BSN",2,0,0,0,0,"",0,0,"welsj101","?","welsj101","?","ringj101","?","ringj101","?","henlb101","hawkc101","fonsl101","hubec101","sandh101","burng101","harpg101","willc103","","","","9/F","T","F",9,5,2,"T","T",0,"F","F",1,"F","F",0,"F","F",9,"F","F","F","",0,0,"N",0,"N",0,"N",0,0,0,0,"9","","","","F","F","F","F","F","F","F","F","F","","","","F","F","F","F","F","","","","",0,9,0,0,0,0,0,0,0,9,"PHI","BSN","PHI",0,"T","F",0,0,0,4,0,"T","F",0,0,"T","T","burrd101","padge101","T","T",0,0,0,0,0,0,0,0,0,"","","",0,0,0,0,0,0,0,0,0,0,0,0,0,"willc103","F","F","F","F",0,0,0,0,0,0,0,0,0,0,F,F,"1925PHI.EVN.regular.event.csv",445
"PHI192505021","BSN",2,0,1,0,0,"",0,0,"burrd101","?","burrd101","?","ringj101","?","ringj101","?","henlb101","hawkc101","fonsl101","hubec101","sandh101","burng101","harpg101","willc103","","","","S/89","F","F",3,6,20,"T","T",1,"F","F",0,"F","F",0,"F","F",0,"","F","F","89",0,0,"N",0,"N",0,"N",1,0,0,0,"","","","","F","F","F","F","F","F","F","F","F","","","","F","F","F","F","F","","","","",0,0,0,0,0,0,0,0,0,10,"PHI","BSN","PHI",0,"F","F",0,0,0,5,1,"T","F",0,1,"T","T","padge101","oneim102","T","T",0,0,0,0,0,0,0,0,0,"","","",0,0,0,0,0,0,0,0,0,0,0,0,0,"","F","F","F","F",0,0,0,0,0,0,0,0,0,0,F,F,"1925PHI.EVN.regular.event.csv",446
"PHI192505021","BSN",2,0,1,0,0,"",0,0,"padge101","?","padge101","?","ringj101","?","ringj101","?","henlb101","hawkc101","fonsl101","hubec101","sandh101","burng101","harpg101","willc103","burrd101","","","3/G.1-2","F","F",4,7,2,"T","T",0,"F","F",1,"F","F",0,"F","F",3,"G","F","F","",0,0,"N",0,"N",0,"N",0,2,0,0,"3","","","","F","F","F","F","F","F","F","F","F","ringj101","","","F","F","F","F","F","","","","",0,3,0,0,0,0,0,0,0,11,"PHI","BSN","PHI",0,"F","F",0,0,0,6,2,"T","F",1,2,"T","T","oneim102","genej101","T","T",3,6,10,0,0,0,0,0,0,"henlb101","","",0,0,0,0,0,0,0,0,0,0,0,0,0,"hawkc101","F","F","F","F",0,0,0,0,0,0,0,0,0,0,F,F,"1925PHI.EVN.regular.event.csv",447
"PHI192505021","BSN",2,0,2,0,0,"",0,0,"oneim102","?","oneim102","?","ringj101","?","ringj101","?","henlb101","hawkc101","fonsl101","hubec101","sandh101","burng101","harpg101","willc103","","burrd101","","W","F","F",2,8,14,"T","F",0,"F","F",0,"F","F",0,"F","F",0,"","F","F","",0,0,"N",0,"N",0,"N",1,0,2,0,"","","","","F","F","F","F","F","F","F","F","F","","ringj101","","F","F","F","F","F","","","","",0,0,0,0,0,0,0,0,0,12,"PHI","BSN","PHI",0,"F","F",0,0,0,7,3,"T","F",2,3,"T","T","genej101","neisb101","T","T",0,0,0,3,6,10,0,0,0,"","henlb101","",0,0,0,0,0,0,0,0,0,0,0,0,0,"","F","F","F","F",0,0,0,0,0,0,0,0,0,0,F,F,"1925PHI.EVN.regular.event.csv",448
"PHI192505021","BSN",2,0,2,0,0,"",0,0,"genej101","?","genej101","?","ringj101","?","ringj101","?","henlb101","hawkc101","fonsl101","hubec101","sandh101","burng101","harpg101","willc103","oneim102","burrd101","","7/F","F","F",1,9,2,"T","T",0,"F","F",1,"F","F",0,"F","F",7,"F","F","F","",0,0,"N",0,"N",0,"N",0,1,2,0,"7","","","","F","F","F","F","F","F","F","F","F","ringj101","ringj101","","F","F","F","F","F","","","","",0,7,0,0,0,0,0,0,0,13,"PHI","BSN","PHI",0,"F","T",0,0,0,8,4,"T","F",3,3,"T","T","neisb101","bancd101","T","T",2,8,12,3,6,10,0,0,0,"henlb101","henlb101","",0,0,0,0,0,0,0,0,0,0,0,0,0,"burng101","F","F","F","F",0,0,0,0,0,0,0,0,0,0,F,F,"1925PHI.EVN.regular.event.csv",449
"PHI192505021","BSN",2,1,0,0,0,"",0,0,"hawkc101","?","hawkc101","?","genej101","?","genej101","?","oneim102","burrd101","padge101","marrw101","bancd101","harrd101","neisb101","welsj101","","","","K/C","T","F",3,5,3,"T","T",0,"F","F",1,"F","F",0,"F","F",0,"","F","F","",0,0,"N",0,"N",0,"N",0,0,0,0,"2","","","","F","F","F","F","F","F","F","F","F","","","","F","F","F","F","F","","","","",0,2,0,0,0,0,0,0,0,14,"PHI","PHI","BSN",1,"T","F",0,0,0,4,0,"T","F",0,0,"T","T","henlb101","sandh101","T","T",0,0,0,0,0,0,0,0,0,"","","",0,0,0,0,0,0,0,0,0,0,0,0,0,"","F","F","F","F",0,0,0,0,0,0,0,0,0,0,F,F,"1925PHI.EVN.regular.event.csv",450
"PHI192505021","BSN",2,1,1,0,0,"",0,0,"henlb101","?","henlb101","?","genej101","?","genej101","?","oneim102","burrd101","padge101","marrw101","bancd101","harrd101","neisb101","welsj101","","","","63","F","F",2,6,2,"T","T",0,"F","F",1,"F","F",0,"F","F",6,"G","F","F","",0,0,"N",0,"N",0,"N",0,0,0,0,"63","","","","F","F","F","F","F","F","F","F","F","","","","F","F","F","F","F","","","","",0,3,0,0,6,0,0,0,0,15,"PHI","PHI","BSN",1,"F","F",0,0,0,5,1,"T","F",0,0,"T","T","sandh101","hubec101","T","T",0,0,0,0,0,0,0,0,0,"","","",0,0,0,0,0,0,0,0,0,0,0,0,0,"bancd101","F","F","F","F",0,0,0,0,0,0,0,0,0,0,F,F,"1925PHI.EVN.regular.event.csv",451
"PHI192505021","BSN",2,1,2,0,0,"",0,0,"sandh101","?","sandh101","?","genej101","?","genej101","?","oneim102","burrd101","padge101","marrw101","bancd101","harrd101","neisb101","welsj101","","","","13","F","F",6,7,2,"T","T",0,"F","F",1,"F","F",0,"F","F",1,"G","F","F","",0,0,"N",0,"N",0,"N",0,0,0,0,"13","","","","F","F","F","F","F","F","F","F","F","","","","F","F","F","F","F","","","","",0,3,0,0,1,0,0,0,0,16,"PHI","PHI","BSN",1,"F","T",0,0,0,6,2,"T","F",0,0,"T","T","hubec101","ringj101","T","T",0,0,0,0,0,0,0,0,0,"","","",0,0,0,0,0,0,0,0,0,0,0,0,0,"genej101","F","F","F","F",0,0,0,0,0,0,0,0,0,0,F,F,"1925PHI.EVN.regular.event.csv",452
"PHI192505021","BSN",3,0,0,0,0,"",0,0,"neisb101","?","neisb101","?","ringj101","?","ringj101","?","henlb101","hawkc101","fonsl101","hubec101","sandh101","burng101","harpg101","willc103","","","","13","T","F",8,1,2,"T","T",0,"F","F",1,"F","F",0,"F","F",1,"G","F","F","",0,0,"N",0,"N",0,"N",0,0,0,0,"13","","","","F","F","F","F","F","F","F","F","F","","","","F","F","F","F","F","","","","",0,3,0,0,1,0,0,0,0,17,"PHI","BSN","PHI",0,"T","F",0,0,0,9,0,"T","F",0,0,"T","T","bancd101","marrw101","T","T",0,0,0,0,0,0,0,0,0,"","","",0,0,0,0,0,0,0,0,0,0,0,0,0,"ringj101","F","F","F","F",0,0,0,0,0,0,0,0,0,0,F,F,"1925PHI.EVN.regular.event.csv",453
"PHI192505021","BSN",3,0,1,0,0,"",0,0,"bancd101","?","bancd101","?","ringj101","?","ringj101","?","henlb101","hawkc101","fonsl101","hubec101","sandh101","burng101","harpg101","willc103","","","","6/L","F","F",6,2,2,"T","T",0,"F","F",1,"F","F",0,"F","F",6,"L","F","F","",0,0,"N",0,"N",0,"N",0,0,0,0,"6","","","","F","F","F","F","F","F","F","F","F","","","","F","F","F","F","F","","","","",0,6,0,0,0,0,0,0,0,18,"PHI","BSN","PHI",0,"F","F",0,0,0,10,1,"T","F",0,0,"T","T","marrw101","harrd101","T","T",0,0,0,0,0,0,0,0,0,"","","",0,0,0,0,0,0,0,0,0,0,0,0,0,"sandh101","F","F","F","F",0,0,0,0,0,0,0,0,0,0,F,F,"1925PHI.EVN.regular.event.csv",454
"PHI192505021","BSN",3,0,2,0,0,"",0,0,"marrw101","?","marrw101","?","ringj101","?","ringj101","?","henlb101","hawkc101","fonsl101","hubec101","sandh101","burng101","harpg101","willc103","","","","S4/BG","F","F",5,3,20,"T","T",1,"F","F",0,"F","F",0,"F","F",4,"G","T","F","",0,0,"N",0,"N",0,"N",1,0,0,0,"","","","","F","F","F","F","F","F","F","F","F","","","","F","F","F","F","F","","","","",0,0,0,0,0,0,0,0,0,19,"PHI","BSN","PHI",0,"F","F",0,0,0,11,2,"T","F",0,1,"T","T","harrd101","welsj101","T","T",0,0,0,0,0,0,0,0,0,"","","",0,0,0,0,0,0,0,0,0,0,0,0,0,"fonsl101","F","F","F","F",0,0,0,0,0,0,0,0,0,0,F,F,"1925PHI.EVN.regular.event.csv",455
"PHI192505021","BSN",3,0,2,0,0,"",0,0,"harrd101","?","harrd101","?","ringj101","?","ringj101","?","henlb101","hawkc101","fonsl101","hubec101","sandh101","burng101","harpg101","willc103","marrw101","","","8/F","F","F",7,4,2,"T","T",0,"F","F",1,"F","F",0,"F","F",8,"F","F","F","",0,0,"N",0,"N",0,"N",0,1,0,0,"8","","","","F","F","F","F","F","F","F","F","F","ringj101","","","F","F","F","F","F","","","","",0,8,0,0,0,0,0,0,0,20,"PHI","BSN","PHI",0,"F","T",0,0,0,12,3,"T","F",1,1,"T","T","welsj101","burrd101","T","T",5,3,19,0,0,0,0,0,0,"henlb101","","",0,0,0,0,0,0,0,0,0,0,0,0,0,"harpg101","F","F","F","F",0,0,0,0,0,0,0,0,0,0,F,F,"1925PHI.EVN.regular.event.csv",456
"PHI192505021","BSN",3,1,0,0,0,"",0,0,"hubec101","?","hubec101","?","genej101","?","genej101","?","oneim102","burrd101","padge101","marrw101","bancd101","harrd101","neisb101","welsj101","","","","3/P","T","F",5,8,2,"T","T",0,"F","F",1,"F","F",0,"F","F",3,"P","F","F","",0,0,"N",0,"N",0,"N",0,0,0,0,"3","","","","F","F","F","F","F","F","F","F","F","","","","F","F","F","F","F","","","","",0,3,0,0,0,0,0,0,0,21,"PHI","PHI","BSN",1,"T","F",0,0,0,7,0,"T","F",0,0,"T","T","ringj101","burng101","T","T",0,0,0,0,0,0,0,0,0,"","","",0,0,0,0,0,0,0,0,0,0,0,0,0,"burrd101","F","F","F","F",0,0,0,0,1,0,0,0,0,0,F,F,"1925PHI.EVN.regular.event.csv",457
"PHI192505021","BSN",3,1,1,0,0,"",0,0,"ringj101","?","ringj101","?","genej101","?","genej101","?","oneim102","burrd101","padge101","marrw101","bancd101","harrd101","neisb101","welsj101","","","","HR/F9D","F","F",1,9,23,"T","T",4,"F","F",0,"F","F",1,"F","F",0,"F","F","F","9D",0,0,"N",0,"N",0,"N",4,0,0,0,"","","","","F","F","F","F","F","F","F","F","F","","","","F","F","F","F","F","","","","",0,0,0,0,0,0,0,0,0,22,"PHI","PHI","BSN",1,"F","F",0,0,0,8,1,"T","F",0,0,"T","T","burng101","fonsl101","T","T",0,0,0,0,0,0,0,0,0,"","","",0,0,0,0,0,0,0,0,0,0,0,0,1,"","F","F","F","F",4,0,0,0,0,0,0,0,0,0,F,F,"1925PHI.EVN.regular.event.csv",458
"PHI192505021","BSN",3,1,1,0,0,"",0,1,"burng101","?","burng101","?","genej101","?","genej101","?","oneim102","burrd101","padge101","marrw101","bancd101","harrd101","neisb101","welsj101","","","","8/F","F","F",7,1,2,"T","T",0,"F","F",1,"F","F",0,"F","F",8,"F","F","F","",0,0,"N",0,"N",0,"N",0,0,0,0,"8","","","","F","F","F","F","F","F","F","F","F","","","","F","F","F","F","F","","","","",0,8,0,0,0,0,0,0,0,23,"PHI","PHI","BSN",1,"F","F",1,0,1,9,2,"T","F",0,0,"T","T","fonsl101","willc103","T","T",0,0,0,0,0,0,0,0,0,"","","",0,0,0,0,0,0,0,0,0,0,0,0,0,"neisb101","F","F","F","F",0,0,0,0,0,0,0,0,0,0,F,F,"1925PHI.EVN.regular.event.csv",459
"PHI192505021","BSN",3,1,2,0,0,"",0,1,"fonsl101","?","fonsl101","?","genej101","?","genej101","?","oneim102","burrd101","padge101","marrw101","bancd101","harrd101","neisb101","welsj101","","","","63","F","F",4,2,2,"T","T",0,"F","F",1,"F","F",0,"F","F",6,"G","F","F","",0,0,"N",0,"N",0,"N",0,0,0,0,"63","","","","F","F","F","F","F","F","F","F","F","","","","F","F","F","F","F","","","","",0,3,0,0,6,0,0,0,0,24,"PHI","PHI","BSN",1,"F","T",1,0,1,10,3,"T","F",0,0,"T","T","willc103","harpg101","T","T",0,0,0,0,0,0,0,0,0,"","","",0,0,0,0,0,0,0,0,0,0,0,0,0,"bancd101","F","F","F","F",0,0,0,0,0,0,0,0,0,0,F,F,"1925PHI.EVN.regular.event.csv",460
"PHI192505021","BSN",4,0,0,0,0,"",0,1,"welsj101","?","welsj101","?","ringj101","?","ringj101","?","henlb101","hawkc101","fonsl101","hubec101","sandh101","burng101","harpg101","willc103","","","","63","T","F",9,5,2,"T","T",0,"F","F",1,"F","F",0,"F","F",6,"G","F","F","",0,0,"N",0,"N",0,"N",0,0,0,0,"63","","","","F","F","F","F","F","F","F","F","F","","","","F","F","F","F","F","","","","",0,3,0,0,6,0,0,0,0,25,"PHI","BSN","PHI",0,"T","F",0,1,0,13,0,"T","F",0,0,"T","T","burrd101","padge101","T","T",0,0,0,0,0,0,0,0,0,"","","",0,0,0,0,0,0,0,0,0,0,0,0,0,"sandh101","F","F","F","F",0,0,0,0,0,0,0,0,0,0,F,F,"1925PHI.EVN.regular.event.csv",461
"PHI192505021","BSN",4,0,1,0,0,"",0,1,"burrd101","?","burrd101","?","ringj101","?","ringj101","?","henlb101","hawkc101","fonsl101","hubec101","sandh101","burng101","harpg101","willc103","","","","9/F","F","F",3,6,2,"T","T",0,"F","F",1,"F","F",0,"F","F",9,"F","F","F","",0,0,"N",0,"N",0,"N",0,0,0,0,"9","","","","F","F","F","F","F","F","F","F","F","","","","F","F","F","F","F","","","","",0,9,0,0,0,0,0,0,0,26,"PHI","BSN","PHI",0,"F","F",0,1,0,14,1,"T","F",0,0,"T","T","padge101","oneim102","T","T",0,0,0,0,0,0,0,0,0,"","","",0,0,0,0,0,0,0,0,0,0,0,0,0,"willc103","F","F","F","F",0,0,0,0,0,0,0,0,0,0,F,F,"1925PHI.EVN.regular.event.csv",462
"PHI192505021","BSN",4,0,2,0,0,"",0,1,"padge101","?","padge101","?","ringj101","?","ringj101","?","henlb101","hawkc101","fonsl101","hubec101","sandh101","burng101","harpg101","willc103","","","","S1/G.B-2(E1/TH1)","F","F",4,7,20,"T","T",1,"F","F",0,"F","F",0,"F","F",1,"G","F","F","",1,1,"T",0,"N",0,"N",2,0,0,0,"","","","","F","F","F","F","F","F","F","F","F","","","","F","F","F","F","F","","","","",0,0,0,0,0,0,0,0,0,27,"PHI","BSN","PHI",0,"F","F",0,1,0,15,2,"T","F",0,2,"T","T","oneim102","genej101","T","T",0,0,0,0,0,0,0,0,0,"","","",0,0,0,0,0,0,0,0,0,0,0,0,0,"ringj101","F","F","F","F",0,0,0,0,0,0,0,0,0,0,F,F,"1925PHI.EVN.regular.event.csv",463
"PHI192505021","BSN",4,0,2,0,0,"",0,1,"oneim102","?","oneim102","?","ringj101","?","ringj101","?","henlb101","hawkc101","fonsl101","hubec101","sandh101","burng101","harpg101","willc103","","padge101","","4/L","F","F",2,8,2,"T","T",0,"F","F",1,"F","F",0,"F","F",4,"L","F","F","",0,0,"N",0,"N",0,"N",0,0,2,0,"4","","","","F","F","F","F","F","F","F","F","F","","ringj101","","F","F","F","F","F","","","","",0,4,0,0,0,0,0,0,0,28,"PHI","BSN","PHI",0,"F","T",0,1,0,16,3,"T","F",2,2,"T","T","genej101","neisb101","T","T",0,0,0,4,7,27,0,0,0,"","henlb101","",0,0,0,0,0,0,0,0,0,0,0,0,0,"fonsl101","F","F","F","F",0,0,0,0,0,0,0,0,0,0,F,F,"1925PHI.EVN.regular.event.csv",464
"PHI192505021","BSN",4,1,0,0,0,"",0,1,"willc103","?","willc103","?","genej101","?","genej101","?","oneim102","burrd101","padge101","marrw101","bancd101","harrd101","neisb101","welsj101","","","","K","T","F",9,3,3,"T","T",0,"F","F",1,"F","F",0,"F","F",0,"","F","F","",0,0,"N",0,"N",0,"N",0,0,0,0,"2","","","","F","F","F","F","F","F","F","F","F","","","","F","F","F","F","F","","","","",0,2,0,0,0,0,0,0,0,29,"PHI","PHI","BSN",1,"T","F",1,0,0,11,0,"T","F",0,0,"T","T","harpg101","hawkc101","T","T",0,0,0,0,0,0,0,0,0,"","","",0,0,0,0,0,0,0,0,0,0,0,0,0,"","F","F","F","F",0,0,0,0,0,0,0,0,0,0,F,F,"1925PHI.EVN.regular.event.csv",465
"PHI192505021","BSN",4,1,1,0,0,"",0,1,"harpg101","?","harpg101","?","genej101","?","genej101","?","oneim102","burrd101","padge101","marrw101","bancd101","harrd101","neisb101","welsj101","","","","S4/G","F","F",8,4,20,"T","T",1,"F","F",0,"F","F",0,"F","F",4,"G","F","F","",0,0,"N",0,"N",0,"N",1,0,0,0,"","","","","F","F","F","F","F","F","F","F","F","","","","F","F","F","F","F","","","","",0,0,0,0,0,0,0,0,0,30,"PHI","PHI","BSN",1,"F","F",1,0,0,12,1,"T","F",0,1,"T","T","hawkc101","henlb101","T","T",0,0,0,0,0,0,0,0,0,"","","",0,0,0,0,0,0,0,0,0,0,0,0,0,"padge101","F","F","F","F",0,0,0,0,0,0,0,0,0,0,F,F,"1925PHI.EVN.regular.event.csv",466
"PHI192505021","BSN",4,1,1,0,0,"",0,1,"hawkc101","?","hawkc101","?","genej101","?","genej101","?","oneim102","burrd101","padge101","marrw101","bancd101","harrd101","neisb101","welsj101","harpg101","","","46(1)/FO","F","F",3,5,2,"T","T",0,"F","F",1,"F","F",0,"F","F",4,"G","F","F","",0,0,"N",0,"N",0,"N",1,0,0,0,"","46","","","F","F","F","F","F","F","F","F","F","genej101","","","F","F","F","F","F","","","","",0,6,0,0,4,0,0,0,0,31,"PHI","PHI","BSN",1,"F","F",1,0,0,13,2,"T","F",1,1,"T","T","henlb101","sandh101","T","T",8,4,30,0,0,0,0,0,0,"oneim102","","",0,0,0,0,0,0,0,0,0,0,0,0,0,"padge101","T","F","F","F",0,0,0,0,0,0,0,0,0,0,F,F,"1925PHI.EVN.regular.event.csv",467
"PHI192505021","BSN",4,1,2,0,0,"",0,1,"henlb101","?","henlb101","?","genej101","?","genej101","?","oneim102","burrd101","padge101","marrw101","bancd101","harrd101","neisb101","welsj101","hawkc101","","","2/BP/FL","F","F",2,6,2,"T","T",0,"F","F",1,"F","F",0,"F","F",2,"P","T","T","",0,0,"N",0,"N",0,"N",0,1,0,0,"2","","","","F","F","F","F","F","F","F","F","F","genej101","","","F","F","F","F","F","","","","",0,2,0,0,0,0,0,0,0,32,"PHI","PHI","BSN",1,"F","T",1,0,0,14,3,"T","F",1,1,"T","T","sandh101","hubec101","T","T",3,5,31,0,0,0,0,0,0,"oneim102","","",0,0,0,0,0,0,0,0,0,0,0,0,0,"oneim102","F","F","F","F",0,0,0,0,0,0,0,0,0,0,F,F,"1925PHI.EVN.regular.event.csv",468
"PHI192505021","BSN",5,0,0,0,0,"",0,1,"genej101","?","genej101","?","ringj101","?","ringj101","?","henlb101","hawkc101","fonsl101","hubec101","sandh101","burng101","harpg101","willc103","","","","53","T","F",1,9,2,"T","T",0,"F","F",1,"F","F",0,"F","F",5,"G","F","F","",0,0,"N",0,"N",0,"N",0,0,0,0,"53","","","","F","F","F","F","F","F","F","F","F","","","","F","F","F","F","F","","","","",0,3,0,0,5,0,0,0,0,33,"PHI","BSN","PHI",0,"T","F",0,1,0,17,0,"T","F",0,0,"T","T","neisb101","bancd101","T","T",0,0,0,0,0,0,0,0,0,"","","",0,0,0,0,0,0,0,0,0,0,0,0,0,"hubec101","F","F","F","F",0,0,0,0,0,0,0,0,0,0,F,F,"1925PHI.EVN.regular.event.csv",469
"PHI192505021","BSN",5,0,1,0,0,"",0,1,"neisb101","?","neisb101","?","ringj101","?","ringj101","?","henlb101","hawkc101","fonsl101","hubec101","sandh101","burng101","harpg101","willc103","","","","7/F","F","F",8,1,2,"T","T",0,"F","F",1,"F","F",0,"F","F",7,"F","F","F","",0,0,"N",0,"N",0,"N",0,0,0,0,"7","","","","F","F","F","F","F","F","F","F","F","","","","F","F","F","F","F","","","","",0,7,0,0,0,0,0,0,0,34,"PHI","BSN","PHI",0,"F","F",0,1,0,18,1,"T","F",0,0,"T","T","bancd101","marrw101","T","T",0,0,0,0,0,0,0,0,0,"","","",0,0,0,0,0,0,0,0,0,0,0,0,0,"burng101","F","F","F","F",0,0,0,0,0,0,0,0,0,0,F,F,"1925PHI.EVN.regular.event.csv",470
"PHI192505021","BSN",5,0,2,0,0,"",0,1,"bancd101","?","bancd101","?","ringj101","?","ringj101","?","henlb101","hawkc101","fonsl101","hubec101","sandh101","burng101","harpg101","willc103","","","","53","F","F",6,2,2,"T","T",0,"F","F",1,"F","F",0,"F","F",5,"G","F","F","",0,0,"N",0,"N",0,"N",0,0,0,0,"53","","","","F","F","F","F","F","F","F","F","F","","","","F","F","F","F","F","","","","",0,3,0,0,5,0,0,0,0,35,"PHI","BSN","PHI",0,"F","T",0,1,0,19,2,"T","F",0,0,"T","T","marrw101","harrd101","T","T",0,0,0,0,0,0,0,0,0,"","","",0,0,0,0,0,0,0,0,0,0,0,0,0,"hubec101","F","F","F","F",0,0,0,0,0,0,0,0,0,0,F,F,"1925PHI.EVN.regular.event.csv",471
"PHI192505021","BSN",5,1,0,0,0,"",0,1,"sandh101","?","sandh101","?","genej101","?","genej101","?","oneim102","burrd101","padge101","marrw101","bancd101","harrd101","neisb101","welsj101","","","","53","T","F",6,7,2,"T","T",0,"F","F",1,"F","F",0,"F","F",5,"G","F","F","",0,0,"N",0,"N",0,"N",0,0,0,0,"53","","","","F","F","F","F","F","F","F","F","F","","","","F","F","F","F","F","","","","",0,3,0,0,5,0,0,0,0,36,"PHI","PHI","BSN",1,"T","F",1,0,0,15,0,"T","F",0,0,"T","T","hubec101","ringj101","T","T",0,0,0,0,0,0,0,0,0,"","","",0,0,0,0,0,0,0,0,0,0,0,0,0,"marrw101","F","F","F","F",0,0,0,0,0,0,0,0,0,0,F,F,"1925PHI.EVN.regular.event.csv",472
"PHI192505021","BSN",5,1,1,0,0,"",0,1,"hubec101","?","hubec101","?","genej101","?","genej101","?","oneim102","burrd101","padge101","marrw101","bancd101","harrd101","neisb101","welsj101","","","","53","F","F",5,8,2,"T","T",0,"F","F",1,"F","F",0,"F","F",5,"G","F","F","",0,0,"N",0,"N",0,"N",0,0,0,0,"53","","","","F","F","F","F","F","F","F","F","F","","","","F","F","F","F","F","","","","",0,3,0,0,5,0,0,0,0,37,"PHI","PHI","BSN",1,"F","F",1,0,0,16,1,"T","F",0,0,"T","T","ringj101","burng101","T","T",0,0,0,0,0,0,0,0,0,"","","",0,0,0,0,0,0,0,0,0,0,0,0,0,"marrw101","F","F","F","F",0,0,0,0,0,0,0,0,0,0,F,F,"1925PHI.EVN.regular.event.csv",473
"PHI192505021","BSN",5,1,2,0,0,"",0,1,"ringj101","?","ringj101","?","genej101","?","genej101","?","oneim102","burrd101","padge101","marrw101","bancd101","harrd101","neisb101","welsj101","","","","K","F","F",1,9,3,"T","T",0,"F","F",1,"F","F",0,"F","F",0,"","F","F","",0,0,"N",0,"N",0,"N",0,0,0,0,"2","","","","F","F","F","F","F","F","F","F","F","","","","F","F","F","F","F","","","","",0,2,0,0,0,0,0,0,0,38,"PHI","PHI","BSN",1,"F","T",1,0,0,17,2,"T","F",0,0,"T","T","burng101","fonsl101","T","T",0,0,0,0,0,0,0,0,0,"","","",0,0,0,0,0,0,0,0,0,0,0,0,0,"","F","F","F","F",0,0,0,0,0,0,0,0,0,0,F,F,"1925PHI.EVN.regular.event.csv",474
"PHI192505021","BSN",6,0,0,0,0,"",0,1,"marrw101","?","marrw101","?","ringj101","?","ringj101","?","henlb101","hawkc101","fonsl101","hubec101","sandh101","burng101","harpg101","willc103","","","","3/G","T","F",5,3,2,"T","T",0,"F","F",1,"F","F",0,"F","F",3,"G","F","F","",0,0,"N",0,"N",0,"N",0,0,0,0,"3","","","","F","F","F","F","F","F","F","F","F","","","","F","F","F","F","F","","","","",0,3,0,0,0,0,0,0,0,39,"PHI","BSN","PHI",0,"T","F",0,1,0,20,0,"T","F",0,0,"T","T","harrd101","welsj101","T","T",0,0,0,0,0,0,0,0,0,"","","",0,0,0,0,0,0,0,0,0,0,0,0,0,"hawkc101","F","F","F","F",0,0,0,0,1,0,0,0,0,0,F,F,"1925PHI.EVN.regular.event.csv",475
"PHI192505021","BSN",6,0,1,0,0,"",0,1,"harrd101","?","harrd101","?","ringj101","?","ringj101","?","henlb101","hawkc101","fonsl101","hubec101","sandh101","burng101","harpg101","willc103","","","","7/L","F","F",7,4,2,"T","T",0,"F","F",1,"F","F",0,"F","F",7,"L","F","F","",0,0,"N",0,"N",0,"N",0,0,0,0,"7","","","","F","F","F","F","F","F","F","F","F","","","","F","F","F","F","F","","","","",0,7,0,0,0,0,0,0,0,40,"PHI","BSN","PHI",0,"F","F",0,1,0,21,1,"T","F",0,0,"T","T","welsj101","burrd101","T","T",0,0,0,0,0,0,0,0,0,"","","",0,0,0,0,0,0,0,0,0,0,0,0,0,"burng101","F","F","F","F",0,0,0,0,1,0,0,0,0,0,F,F,"1925PHI.EVN.regular.event.csv",476
"PHI192505021","BSN",6,0,2,0,0,"",0,1,"welsj101","?","welsj101","?","ringj101","?","ringj101","?","henlb101","hawkc101","fonsl101","hubec101","sandh101","burng101","harpg101","willc103","","","","D9/9L","F","F",9,5,21,"T","T",2,"F","F",0,"F","F",0,"F","F",9,"","F","F","9L",0,0,"N",0,"N",0,"N",2,0,0,0,"","","","","F","F","F","F","F","F","F","F","F","","","","F","F","F","F","F","","","","",0,0,0,0,0,0,0,0,0,41,"PHI","BSN","PHI",0,"F","F",0,1,0,22,2,"T","F",0,2,"T","T","burrd101","padge101","T","T",0,0,0,0,0,0,0,0,0,"","","",0,0,0,0,0,0,0,0,0,0,0,0,0,"willc103","F","F","F","F",4,0,0,0,1,0,0,0,0,0,F,F,"1925PHI.EVN.regular.event.csv",477
"PHI192505021","BSN",6,0,2,3,2,"",0,1,"burrd101","?","burrd101","?","ringj101","?","ringj101","?","henlb101","hawkc101","fonsl101","hubec101","sandh101","burng101","harpg101","willc103","","welsj101","","D/L78.2-H","F","F",3,6,21,"T","T",2,"F","F",0,"F","F",1,"F","F",0,"L","F","F","78",0,0,"N",0,"N",0,"N",2,0,4,0,"","","","","F","F","F","F","F","F","F","F","F","","ringj101","","F","F","F","F","F","","","","",0,0,0,0,0,0,0,0,0,42,"PHI","BSN","PHI",0,"F","F",0,1,0,23,3,"T","F",2,2,"T","T","padge101","oneim102","T","T",0,0,0,9,5,41,0,0,0,"","henlb101","",0,0,0,0,0,0,0,0,0,0,0,0,1,"","F","F","F","F",0,0,4,0,0,0,0,0,0,0,F,F,"1925PHI.EVN.regular.event.csv",478
"PHI192505021","BSN",6,0,2,0,0,"",1,1,"padge101","?","padge101","?","ringj101","?","ringj101","?","henlb101","hawkc101","fonsl101","hubec101","sandh101","burng101","harpg101","willc103","","burrd101","","2/FL","F","F",4,7,2,"T","T",0,"F","F",1,"F","F",0,"F","F",2,"F","F","T","",0,0,"N",0,"N",0,"N",0,0,2,0,"2","","","","F","F","F","F","F","F","F","F","F","","ringj101","","F","F","F","F","F","","","","",0,2,0,0,0,0,0,0,0,43,"PHI","BSN","PHI",0,"F","T",1,1,1,24,4,"T","F",2,2,"T","T","oneim102","genej101","T","T",0,0,0,3,6,42,0,0,0,"","henlb101","",0,0,0,0,0,0,0,0,0,0,0,0,0,"henlb101","F","F","F","F",0,0,0,0,0,0,0,0,0,0,F,F,"1925PHI.EVN.regular.event.csv",479
"PHI192505021","BSN",6,1,0,0,0,"",1,1,"burng101","?","burng101","?","genej101","?","genej101","?","oneim102","burrd101","padge101","marrw101","bancd101","harrd101","neisb101","welsj101","","","","43","T","F",7,1,2,"T","T",0,"F","F",1,"F","F",0,"F","F",4,"G","F","F","",0,0,"N",0,"N",0,"N",0,0,0,0,"43","","","","F","F","F","F","F","F","F","F","F","","","","F","F","F","F","F","","","","",0,3,0,0,4,0,0,0,0,44,"PHI","PHI","BSN",1,"T","F",1,1,0,18,0,"T","F",0,0,"T","T","fonsl101","willc103","T","T",0,0,0,0,0,0,0,0,0,"","","",0,0,0,0,0,0,0,0,0,0,0,0,0,"padge101","F","F","F","F",0,0,0,0,0,0,0,0,0,0,F,F,"1925PHI.EVN.regular.event.csv",480
"PHI192505021","BSN",6,1,1,0,0,"",1,1,"fonsl101","?","fonsl101","?","genej101","?","genej101","?","oneim102","burrd101","padge101","marrw101","bancd101","harrd101","neisb101","welsj101","","","","53","F","F",4,2,2,"T","T",0,"F","F",1,"F","F",0,"F","F",5,"G","F","F","",0,0,"N",0,"N",0,"N",0,0,0,0,"53","","","","F","F","F","F","F","F","F","F","F","","","","F","F","F","F","F","","","","",0,3,0,0,5,0,0,0,0,45,"PHI","PHI","BSN",1,"F","F",1,1,0,19,1,"T","F",0,0,"T","T","willc103","harpg101","T","T",0,0,0,0,0,0,0,0,0,"","","",0,0,0,0,0,0,0,0,0,0,0,0,0,"marrw101","F","F","F","F",0,0,0,0,0,0,0,0,0,0,F,F,"1925PHI.EVN.regular.event.csv",481
"PHI192505021","BSN",6,1,2,0,0,"",1,1,"willc103","?","willc103","?","genej101","?","genej101","?","oneim102","burrd101","padge101","marrw101","bancd101","harrd101","neisb101","welsj101","","","","7/L","F","F",9,3,2,"T","T",0,"F","F",1,"F","F",0,"F","F",7,"L","F","F","",0,0,"N",0,"N",0,"N",0,0,0,0,"7","","","","F","F","F","F","F","F","F","F","F","","","","F","F","F","F","F","","","","",0,7,0,0,0,0,0,0,0,46,"PHI","PHI","BSN",1,"F","T",1,1,0,20,2,"T","F",0,0,"T","T","harpg101","hawkc101","T","T",0,0,0,0,0,0,0,0,0,"","","",0,0,0,0,0,0,0,0,0,0,0,0,0,"harrd101","F","F","F","F",0,0,0,0,0,0,0,0,0,0,F,F,"1925PHI.EVN.regular.event.csv",482
"PHI192505021","BSN",7,0,0,0,0,"",1,1,"oneim102","?","oneim102","?","ringj101","?","ringj101","?","henlb101","hawkc101","fonsl101","hubec101","sandh101","burng101","harpg101","willc103","","","","3/FL","T","F",2,8,2,"T","T",0,"F","F",1,"F","F",0,"F","F",3,"F","F","T","",0,0,"N",0,"N",0,"N",0,0,0,0,"3","","","","F","F","F","F","F","F","F","F","F","","","","F","F","F","F","F","","","","",0,3,0,0,0,0,0,0,0,47,"PHI","BSN","PHI",0,"T","F",1,1,0,25,0,"T","F",0,0,"T","T","genej101","neisb101","T","T",0,0,0,0,0,0,0,0,0,"","","",0,0,0,0,0,0,0,0,0,0,0,0,0,"hawkc101","F","F","F","F",0,0,0,0,0,0,0,0,0,0,F,F,"1925PHI.EVN.regular.event.csv",483
"PHI192505021","BSN",7,0,1,0,0,"",1,1,"genej101","?","genej101","?","ringj101","?","ringj101","?","henlb101","hawkc101","fonsl101","hubec101","sandh101","burng101","harpg101","willc103","","","","13","F","F",1,9,2,"T","T",0,"F","F",1,"F","F",0,"F","F",1,"G","F","F","",0,0,"N",0,"N",0,"N",0,0,0,0,"13","","","","F","F","F","F","F","F","F","F","F","","","","F","F","F","F","F","","","","",0,3,0,0,1,0,0,0,0,48,"PHI","BSN","PHI",0,"F","F",1,1,0,26,1,"T","F",0,0,"T","T","neisb101","bancd101","T","T",0,0,0,0,0,0,0,0,0,"","","",0,0,0,0,0,0,0,0,0,0,0,0,0,"ringj101","F","F","F","F",0,0,0,0,0,0,0,0,0,0,F,F,"1925PHI.EVN.regular.event.csv",484
"PHI192505021","BSN",7,0,2,0,0,"",1,1,"neisb101","?","neisb101","?","ringj101","?","ringj101","?","henlb101","hawkc101","fonsl101","hubec101","sandh101","burng101","harpg101","willc103","","","","S5/G","F","F",8,1,20,"T","T",1,"F","F",0,"F","F",0,"F","F",5,"G","F","F","",0,0,"N",0,"N",0,"N",1,0,0,0,"","","","","F","F","F","F","F","F","F","F","F","","","","F","F","F","F","F","","","","",0,0,0,0,0,0,0,0,0,49,"PHI","BSN","PHI",0,"F","F",1,1,0,27,2,"T","F",0,1,"T","T","bancd101","marrw101","T","T",0,0,0,0,0,0,0,0,0,"","","",0,0,0,0,0,0,0,0,0,0,0,0,0,"hubec101","F","F","F","F",0,0,0,0,0,0,0,0,0,0,F,F,"1925PHI.EVN.regular.event.csv",485
"PHI192505021","BSN",7,0,2,0,0,"",1,1,"bancd101","?","bancd101","?","ringj101","?","ringj101","?","henlb101","hawkc101","fonsl101","hubec101","sandh101","burng101","harpg101","willc103","neisb101","","","S6/G.1-2","F","F",6,2,20,"T","T",1,"F","F",0,"F","F",0,"F","F",6,"G","F","F","",0,0,"N",0,"N",0,"N",1,2,0,0,"","","","","F","F","F","F","F","F","F","F","F","ringj101","","","F","F","F","F","F","","","","",0,0,0,0,0,0,0,0,0,50,"PHI","BSN","PHI",0,"F","F",1,1,0,28,3,"T","F",1,3,"T","T","marrw101","harrd101","T","T",8,1,49,0,0,0,0,0,0,"henlb101","","",0,0,0,0,0,0,0,0,0,0,0,0,0,"sandh101","F","F","F","F",0,0,0,0,0,0,0,0,0,0,F,F,"1925PHI.EVN.regular.event.csv",486
"PHI192505021","BSN",7,0,2,0,0,"",1,1,"marrw101","?","marrw101","?","ringj101","?","ringj101","?","henlb101","hawkc101","fonsl101","hubec101","sandh101","burng101","harpg101","willc103","bancd101","neisb101","","K","F","F",5,3,3,"T","T",0,"F","F",1,"F","F",0,"F","F",0,"","F","F","",0,0,"N",0,"N",0,"N",0,1,2,0,"2","","","","F","F","F","F","F","F","F","F","F","ringj101","ringj101","","F","F","F","F","F","","","","",0,2,0,0,0,0,0,0,0,51,"PHI","BSN","PHI",0,"F","T",1,1,0,29,4,"T","F",3,3,"T","T","harrd101","welsj101","T","T",6,2,50,8,1,49,0,0,0,"henlb101","henlb101","",0,0,0,0,0,0,0,0,0,0,0,0,0,"","F","F","F","F",0,0,0,0,0,0,0,0,0,0,F,F,"1925PHI.EVN.regular.event.csv",487
"PHI192505021","BSN",7,1,0,0,0,"",1,1,"harpg101","?","harpg101","?","genej101","?","genej101","?","oneim102","burrd101","padge101","marrw101","bancd101","harrd101","neisb101","welsj101","","","","3/G","T","F",8,4,2,"T","T",0,"F","F",1,"F","F",0,"F","F",3,"G","F","F","",0,0,"N",0,"N",0,"N",0,0,0,0,"3","","","","F","F","F","F","F","F","F","F","F","","","","F","F","F","F","F","","","","",0,3,0,0,0,0,0,0,0,52,"PHI","PHI","BSN",1,"T","F",1,1,0,21,0,"T","F",0,0,"T","T","hawkc101","henlb101","T","T",0,0,0,0,0,0,0,0,0,"","","",0,0,0,0,0,0,0,0,0,0,0,0,0,"burrd101","F","F","F","F",0,0,0,0,0,0,0,0,0,0,F,F,"1925PHI.EVN.regular.event.csv",488
"PHI192505021","BSN",7,1,1,0,0,"",1,1,"hawkc101","?","hawkc101","?","genej101","?","genej101","?","oneim102","burrd101","padge101","marrw101","bancd101","harrd101","neisb101","welsj101","","","","S9","F","F",3,5,20,"T","T",1,"F","F",0,"F","F",0,"F","F",9,"","F","F","",0,0,"N",0,"N",0,"N",1,0,0,0,"","","","","F","F","F","F","F","F","F","F","F","","","","F","F","F","F","F","","","","",0,0,0,0,0,0,0,0,0,53,"PHI","PHI","BSN",1,"F","F",1,1,0,22,1,"T","F",0,1,"T","T","henlb101","sandh101","T","T",0,0,0,0,0,0,0,0,0,"","","",0,0,0,0,0,0,0,0,0,0,0,0,0,"welsj101","F","F","F","F",0,0,0,0,0,0,0,0,0,0,F,F,"1925PHI.EVN.regular.event.csv",489
"PHI192505021","BSN",7,1,1,0,0,"",1,1,"henlb101","?","henlb101","?","genej101","?","genej101","?","oneim102","burrd101","padge101","marrw101","bancd101","harrd101","neisb101","welsj101","hawkc101","","","53.1-2","F","F",2,6,2,"T","T",0,"F","F",1,"F","F",0,"F","F",5,"G","F","F","",0,0,"N",0,"N",0,"N",0,2,0,0,"53","","","","F","F","F","F","F","F","F","F","F","genej101","","","F","F","F","F","F","","","","",0,3,0,0,5,0,0,0,0,54,"PHI","PHI","BSN",1,"F","F",1,1,0,23,2,"T","F",1,2,"T","T","sandh101","hubec101","T","T",3,5,53,0,0,0,0,0,0,"oneim102","","",0,0,0,0,0,0,0,0,0,0,0,0,0,"marrw101","F","F","F","F",0,0,0,0,0,0,0,0,0,0,F,F,"1925PHI.EVN.regular.event.csv",490
"PHI192505021","BSN",7,1,2,0,0,"",1,1,"sandh101","?","sandh101","?","genej101","?","genej101","?","oneim102","burrd101","padge101","marrw101","bancd101","harrd101","neisb101","welsj101","","hawkc101","","W","F","F",6,7,14,"T","F",0,"F","F",0,"F","F",0,"F","F",0,"","F","F","",0,0,"N",0,"N",0,"N",1,0,2,0,"","","","","F","F","F","F","F","F","F","F","F","","genej101","","F","F","F","F","F","","","","",0,0,0,0,0,0,0,0,0,55,"PHI","PHI","BSN",1,"F","F",1,1,0,24,3,"T","F",2,3,"T","T","hubec101","ringj101","T","T",0,0,0,3,5,53,0,0,0,"","oneim102","",0,0,0,0,0,0,0,0,0,0,0,0,0,"","F","F","F","F",0,0,0,0,0,0,0,0,0,0,F,F,"1925PHI.EVN.regular.event.csv",491
"PHI192505021","BSN",7,1,2,0,0,"",1,1,"hubec101","?","hubec101","?","genej101","?","genej101","?","oneim102","burrd101","padge101","marrw101","bancd101","harrd101","neisb101","welsj101","sandh101","hawkc101","","64(1)/FO","F","F",5,8,2,"T","T",0,"F","F",1,"F","F",0,"F","F",6,"G","F","F","",0,0,"N",0,"N",0,"N",1,0,2,0,"","64","","","F","F","F","F","F","F","F","F","F","genej101","genej101","","F","F","F","F","F","","","","",0,4,0,0,6,0,0,0,0,56,"PHI","PHI","BSN",1,"F","T",1,1,0,25,4,"T","F",3,3,"T","T","ringj101","burng101","T","T",6,7,55,3,5,53,0,0,0,"oneim102","oneim102","",0,0,0,0,0,0,0,0,0,0,0,0,0,"bancd101","T","F","F","F",0,0,0,0,0,0,0,0,0,0,F,F,"1925PHI.EVN.regular.event.csv",492
"PHI192505021","BSN",8,0,0,0,0,"",1,1,"harrd101","?","harrd101","?","ringj101","?","ringj101","?","henlb101","hawkc101","fonsl101","hubec101","sandh101","burng101","harpg101","willc103","","","","K","T","F",7,4,3,"T","T",0,"F","F",1,"F","F",0,"F","F",0,"","F","F","",0,0,"N",0,"N",0,"N",0,0,0,0,"2","","","","F","F","F","F","F","F","F","F","F","","","","F","F","F","F","F","","","","",0,2,0,0,0,0,0,0,0,57,"PHI","BSN","PHI",0,"T","F",1,1,0,30,0,"T","F",0,0,"T","T","welsj101","burrd101","T","T",0,0,0,0,0,0,0,0,0,"","","",0,0,0,0,0,0,0,0,0,0,0,0,0,"","F","F","F","F",0,0,0,0,0,0,0,0,0,0,F,F,"1925PHI.EVN.regular.event.csv",493
"PHI192505021","BSN",8,0,1,0,0,"",1,1,"welsj101","?","welsj101","?","ringj101","?","ringj101","?","henlb101","hawkc101","fonsl101","hubec101","sandh101","burng101","harpg101","willc103","","","","W","F","F",9,5,14,"T","F",0,"F","F",0,"F","F",0,"F","F",0,"","F","F","",0,0,"N",0,"N",0,"N",1,0,0,0,"","","","","F","F","F","F","F","F","F","F","F","","","","F","F","F","F","F","","","","",0,0,0,0,0,0,0,0,0,58,"PHI","BSN","PHI",0,"F","F",1,1,0,31,1,"T","F",0,1,"T","T","burrd101","padge101","T","T",0,0,0,0,0,0,0,0,0,"","","",0,0,0,0,0,0,0,0,0,0,0,0,0,"","F","F","F","F",0,0,0,0,0,0,0,0,0,0,F,F,"1925PHI.EVN.regular.event.csv",494
"PHI192505021","BSN",8,0,1,0,0,"",1,1,"burrd101","?","burrd101","?","ringj101","?","ringj101","?","henlb101","hawkc101","fonsl101","hubec101","sandh101","burng101","harpg101","willc103","welsj101","","","46(1)/FO","F","F",3,6,2,"T","T",0,"F","F",1,"F","F",0,"F","F",4,"G","F","F","",0,0,"N",0,"N",0,"N",1,0,0,0,"","46","","","F","F","F","F","F","F","F","F","F","ringj101","","","F","F","F","F","F","","","","",0,6,0,0,4,0,0,0,0,59,"PHI","BSN","PHI",0,"F","F",1,1,0,32,2,"T","F",1,1,"T","T","padge101","oneim102","T","T",9,5,58,0,0,0,0,0,0,"henlb101","","",0,0,0,0,0,0,0,0,0,0,0,0,0,"fonsl101","T","F","F","F",0,0,0,0,0,0,0,0,0,0,F,F,"1925PHI.EVN.regular.event.csv",495
"PHI192505021","BSN",8,0,2,0,0,"",1,1,"padge101","?","padge101","?","ringj101","?","ringj101","?","henlb101","hawkc101","fonsl101","hubec101","sandh101","burng101","harpg101","willc103","burrd101","","","PO1(13)","F","F",4,7,8,"F","F",0,"F","F",1,"F","F",0,"F","F",0,"","F","F","",0,0,"N",0,"N",0,"N",0,0,0,0,"","13","","","F","F","F","F","F","F","T","F","F","ringj101","","","F","F","F","F","F","","","","",0,3,0,0,1,0,0,0,0,60,"PHI","BSN","PHI",0,"F","T",1,1,0,33,3,"T","T",1,0,"T","T","oneim102","genej101","T","T",3,6,59,0,0,0,0,0,0,"henlb101","","",0,0,0,0,0,0,0,0,0,0,0,0,0,"","F","F","F","F",0,0,0,0,0,0,0,0,0,0,F,F,"1925PHI.EVN.regular.event.csv",496
"PHI192505021","BSN",8,1,0,0,0,"",1,1,"ringj101","?","ringj101","?","genej101","?","genej101","?","oneim102","burrd101","padge101","marrw101","bancd101","harrd101","neisb101","welsj101","","","","K","T","F",1,9,3,"T","T",0,"F","F",1,"F","F",0,"F","F",0,"","F","F","",0,0,"N",0,"N",0,"N",0,0,0,0,"2","","","","F","F","F","F","F","F","F","F","F","","","","F","F","F","F","F","","","","",0,2,0,0,0,0,0,0,0,61,"PHI","PHI","BSN",1,"T","F",1,1,0,26,0,"T","F",0,0,"T","T","burng101","fonsl101","T","T",0,0,0,0,0,0,0,0,0,"","","",0,0,0,0,0,0,0,0,0,0,0,0,0,"","F","F","F","F",0,0,0,0,0,0,0,0,0,0,F,F,"1925PHI.EVN.regular.event.csv",497
"PHI192505021","BSN",8,1,1,0,0,"",1,1,"burng101","?","burng101","?","genej101","?","genej101","?","oneim102","burrd101","padge101","marrw101","bancd101","harrd101","neisb101","welsj101","","","","53","F","F",7,1,2,"T","T",0,"F","F",1,"F","F",0,"F","F",5,"G","F","F","",0,0,"N",0,"N",0,"N",0,0,0,0,"53","","","","F","F","F","F","F","F","F","F","F","","","","F","F","F","F","F","","","","",0,3,0,0,5,0,0,0,0,62,"PHI","PHI","BSN",1,"F","F",1,1,0,27,1,"T","F",0,0,"T","T","fonsl101","willc103","T","T",0,0,0,0,0,0,0,0,0,"","","",0,0,0,0,0,0,0,0,0,0,0,0,0,"marrw101","F","F","F","F",0,0,0,0,0,0,0,0,0,0,F,F,"1925PHI.EVN.regular.event.csv",498
"PHI192505021","BSN",8,1,2,0,0,"",1,1,"fonsl101","?","fonsl101","?","genej101","?","genej101","?","oneim102","burrd101","padge101","marrw101","bancd101","harrd101","neisb101","welsj101","","","","D7/L7L#","F","F",4,2,21,"T","T",2,"F","F",0,"F","F",0,"F","F",7,"L","F","F","7L",0,0,"N",0,"N",0,"N",2,0,0,0,"","","","","F","F","F","F","F","F","F","F","F","","","","F","F","F","F","F","","","","",0,0,0,0,0,0,0,0,0,63,"PHI","PHI","BSN",1,"F","F",1,1,0,28,2,"T","F",0,2,"T","T","willc103","harpg101","T","T",0,0,0,0,0,0,0,0,0,"","","",0,0,0,0,0,0,0,0,0,0,0,0,0,"harrd101","F","F","F","F",0,0,0,0,0,0,0,0,0,0,F,T,"1925PHI.EVN.regular.event.csv",499
"PHI192505021","BSN",8,1,2,0,0,"",1,1,"willc103","?","willc103","?","genej101","?","genej101","?","oneim102","burrd101","padge101","marrw101","bancd101","harrd101","neisb101","welsj101","","fonsl101","","W","F","F",9,3,14,"T","F",0,"F","F",0,"F","F",0,"F","F",0,"","F","F","",0,0,"N",0,"N",0,"N",1,0,2,0,"","","","","F","F","F","F","F","F","F","F","F","","genej101","","F","F","F","F","F","","","","",0,0,0,0,0,0,0,0,0,64,"PHI","PHI","BSN",1,"F","F",1,1,0,29,3,"T","F",2,3,"T","T","harpg101","hawkc101","T","T",0,0,0,4,2,63,0,0,0,"","oneim102","",0,0,0,0,0,0,0,0,0,0,0,0,0,"","F","F","F","F",0,0,0,0,0,0,0,0,0,0,F,F,"1925PHI.EVN.regular.event.csv",500
"PHI192505021","BSN",8,1,2,0,0,"",1,1,"harpg101","?","harpg101","?","genej101","?","genej101","?","oneim102","burrd101","padge101","marrw101","bancd101","harrd101","neisb101","welsj101","willc103","fonsl101","","W.2-3;1-2","F","F",8,4,14,"T","F",0,"F","F",0,"F","F",0,"F","F",0,"","F","F","",0,0,"N",0,"N",0,"N",1,2,3,0,"","","","","F","F","F","F","F","F","F","F","F","genej101","genej101","","F","F","F","F","F","","","","",0,0,0,0,0,0,0,0,0,65,"PHI","PHI","BSN",1,"F","F",1,1,0,30,4,"T","F",3,7,"T","T","hawkc101","henlb101","T","T",9,3,64,4,2,63,0,0,0,"oneim102","oneim102","",0,0,0,0,0,0,0,0,0,0,0,0,0,"","F","F","F","F",0,0,0,0,0,0,0,0,0,0,F,F,"1925PHI.EVN.regular.event.csv",501
"PHI192505021","BSN",8,1,2,3,2,"",1,1,"hawkc101","?","hawkc101","?","genej101","?","genej101","?","oneim102","burrd101","padge101","marrw101","bancd101","harrd101","neisb101","welsj101","harpg101","willc103","fonsl101","K","F","F",3,5,3,"T","T",0,"F","F",1,"F","F",0,"F","F",0,"","F","F","",0,0,"N",0,"N",0,"N",0,1,2,3,"2","","","","F","F","F","F","F","F","F","F","F","genej101","genej101","genej101","F","F","F","F","F","","","","",0,2,0,0,0,0,0,0,0,66,"PHI","PHI","BSN",1,"F","T",1,1,0,31,5,"T","F",7,7,"T","T","henlb101","sandh101","T","T",8,4,65,9,3,64,4,2,63,"oneim102","oneim102","oneim102",0,0,0,0,0,0,0,0,0,0,0,0,0,"","F","F","F","F",0,0,0,0,0,0,0,0,0,0,F,F,"1925PHI.EVN.regular.event.csv",502
"PHI192505021","BSN",9,0,0,0,0,"",1,1,"padge101","?","padge101","?","ringj101","?","ringj101","?","henlb101","hawkc101","fonsl101","hubec101","sandh101","burng101","harpg101","willc103","","","","53","T","F",4,7,2,"T","T",0,"F","F",1,"F","F",0,"F","F",5,"G","F","F","",0,0,"N",0,"N",0,"N",0,0,0,0,"53","","","","F","F","F","F","F","F","F","F","F","","","","F","F","F","F","F","","","","",0,3,0,0,5,0,0,0,0,67,"PHI","BSN","PHI",0,"T","F",1,1,0,33,0,"T","F",0,0,"T","T","oneim102","genej101","T","T",0,0,0,0,0,0,0,0,0,"","","",0,0,0,0,0,0,0,0,0,0,0,0,0,"hubec101","F","F","F","F",0,0,0,0,0,0,0,0,0,0,F,F,"1925PHI.EVN.regular.event.csv",503
"PHI192505021","BSN",9,0,1,0,0,"",1,1,"oneim102","?","oneim102","?","ringj101","?","ringj101","?","henlb101","hawkc101","fonsl101","hubec101","sandh101","burng101","harpg101","willc103","","","","63","F","F",2,8,2,"T","T",0,"F","F",1,"F","F",0,"F","F",6,"G","F","F","",0,0,"N",0,"N",0,"N",0,0,0,0,"63","","","","F","F","F","F","F","F","F","F","F","","","","F","F","F","F","F","","","","",0,3,0,0,6,0,0,0,0,68,"PHI","BSN","PHI",0,"F","F",1,1,0,34,1,"T","F",0,0,"T","T","genej101","neisb101","T","T",0,0,0,0,0,0,0,0,0,"","","",0,0,0,0,0,0,0,0,0,0,0,0,0,"sandh101","F","F","F","F",0,0,0,0,0,0,0,0,0,0,F,F,"1925PHI.EVN.regular.event.csv",504
"PHI192505021","BSN",9,0,2,0,0,"",1,1,"genej101","?","genej101","?","ringj101","?","ringj101","?","henlb101","hawkc101","fonsl101","hubec101","sandh101","burng101","harpg101","willc103","","","","S5/G5L","F","F",1,9,20,"T","T",1,"F","F",0,"F","F",0,"F","F",5,"G","F","F","5L",0,0,"N",0,"N",0,"N",1,0,0,0,"","","","","F","F","F","F","F","F","F","F","F","","","","F","F","F","F","F","","","","",0,0,0,0,0,0,0,0,0,69,"PHI","BSN","PHI",0,"F","F",1,1,0,35,2,"T","F",0,1,"T","T","neisb101","bancd101","T","T",0,0,0,0,0,0,0,0,0,"","","",0,0,0,0,0,0,0,0,0,0,0,0,0,"hubec101","F","F","F","F",0,0,0,0,0,0,0,0,0,0,F,F,"1925PHI.EVN.regular.event.csv",505
"PHI192505021","BSN",9,0,2,0,0,"",1,1,"neisb101","?","neisb101","?","ringj101","?","ringj101","?","henlb101","hawkc101","fonsl101","hubec101","sandh101","burng101","harpg101","willc103","genej101","","","7/F","F","F",8,1,2,"T","T",0,"F","F",1,"F","F",0,"F","F",7,"F","F","F","",0,0,"N",0,"N",0,"N",0,1,0,0,"7","","","","F","F","F","F","F","F","F","F","F","ringj101","","","F","F","F","F","F","","","","",0,7,0,0,0,0,0,0,0,70,"PHI","BSN","PHI",0,"F","T",1,1,0,36,3,"T","F",1,1,"T","T","bancd101","marrw101","T","T",1,9,69,0,0,0,0,0,0,"henlb101","","",0,0,0,0,0,0,0,0,0,0,0,0,0,"burng101","F","F","F","F",0,0,0,0,0,0,0,0,0,0,F,F,"1925PHI.EVN.regular.event.csv",506
"PHI192505021","BSN",9,1,0,0,0,"",1,1,"henlb101","?","henlb101","?","genej101","?","genej101","?","oneim102","burrd101","padge101","marrw101","bancd101","harrd101","neisb101","welsj101","","","","D9/F9DW","T","F",2,6,21,"T","T",2,"F","F",0,"F","F",0,"F","F",9,"F","F","F","9DW",0,0,"N",0,"N",0,"N",2,0,0,0,"","","","","F","F","F","F","F","F","F","F","F","","","","F","F","F","F","F","","","","",0,0,0,0,0,0,0,0,0,71,"PHI","PHI","BSN",1,"T","F",1,1,0,32,0,"T","F",0,2,"T","T","sandh101","hubec101","T","T",0,0,0,0,0,0,0,0,0,"","","",0,0,0,0,0,0,0,0,0,0,0,0,0,"welsj101","F","F","F","F",0,0,0,0,0,0,0,0,0,0,F,F,"1925PHI.EVN.regular.event.csv",507
"PHI192505021","BSN",9,1,0,0,0,"",1,1,"wrigr102","?","wrigr102","?","genej101","?","genej101","?","oneim102","burrd101","padge101","marrw101","bancd101","harrd101","neisb101","welsj101","","henlb101","","43.2-3","F","T",11,7,2,"T","T",0,"F","F",1,"F","F",0,"F","F",4,"G","F","F","",0,0,"N",0,"N",0,"N",0,0,3,0,"43","","","","F","F","F","F","F","F","F","F","F","","genej101","","F","F","F","F","F","","","","sandh101",6,3,0,0,4,0,0,0,0,72,"PHI","PHI","BSN",1,"F","F",1,1,0,33,1,"T","F",2,4,"F","F","hubec101","ringj101","T","T",0,0,0,2,6,71,0,0,0,"","oneim102","",0,0,0,0,0,0,0,0,0,0,0,0,0,"padge101","F","F","F","F",0,0,0,0,0,0,0,0,0,0,F,F,"1925PHI.EVN.regular.event.csv",508
"PHI192505021","BSN",9,1,1,0,0,"",1,1,"hubec101","?","hubec101","?","genej101","?","genej101","?","oneim102","burrd101","padge101","marrw101","bancd101","harrd101","neisb101","welsj101","","","henlb101","IW","F","F",5,8,15,"T","F",0,"F","F",0,"F","F",0,"F","F",0,"","F","F","",0,0,"N",0,"N",0,"N",1,0,0,3,"","","","","F","F","F","F","F","F","F","F","F","","","genej101","F","F","F","F","F","","","","",0,0,0,0,0,0,0,0,0,73,"PHI","PHI","BSN",1,"F","F",1,1,0,34,2,"T","F",4,5,"T","T","ringj101","burng101","T","T",0,0,0,0,0,0,2,6,71,"","","oneim102",0,0,0,0,0,0,0,0,0,0,0,0,0,"","F","F","F","F",0,0,0,0,0,0,0,0,0,0,F,F,"1925PHI.EVN.regular.event.csv",509
"PHI192505021","BSN",9,1,1,0,0,"X",1,1,"ringj101","?","ringj101","?","genej101","?","genej101","?","oneim102","burrd101","padge101","marrw101","bancd101","harrd101","neisb101","welsj101","hubec101","","henlb101","FC1/BG/DP.3XH(1252);1X3(26)","F","F",1,9,19,"T","T",0,"F","F",2,"T","F",0,"F","F",1,"G","T","F","",0,0,"N",0,"N",0,"N",1,0,0,0,"","26","","1252","F","F","F","F","F","F","F","F","F","genej101","","genej101","F","F","F","F","F","","","","",0,2,6,0,1,2,5,2,0,74,"PHI","PHI","BSN",1,"F","T",1,1,0,35,3,"T","F",5,1,"T","T","burng101","fonsl101","T","T",5,8,73,0,0,0,2,6,71,"oneim102","","oneim102",0,0,0,0,0,0,1,0,0,0,1,0,0,"genej101","F","F","F","F",1,0,0,0,0,0,0,0,0,0,F,F,"1925PHI.EVN.regular.event.csv",510
"PHI192505021","BSN",10,0,0,0,0,"",1,1,"bancd101","?","bancd101","?","ringj101","?","ringj101","?","henlb101","hawkc101","fonsl101","hubec101","wrigr102","burng101","harpg101","willc103","","","","E5/G","T","F",6,2,18,"T","T",0,"F","F",0,"F","F",0,"F","F",5,"G","F","F","",1,5,"F",0,"N",0,"N",1,0,0,0,"","","","","F","F","F","F","F","F","F","F","F","","","","F","F","F","F","F","","","","",0,0,0,0,0,0,0,0,0,75,"PHI","BSN","PHI",0,"T","F",1,1,0,37,0,"T","F",0,1,"T","T","marrw101","harrd101","T","T",0,0,0,0,0,0,0,0,0,"","","",0,0,0,0,0,0,0,0,0,0,0,0,0,"hubec101","F","F","F","T",5,0,0,0,3,0,0,0,0,0,F,F,"1925PHI.EVN.regular.event.csv",511
"PHI192505021","BSN",10,0,0,0,0,"",1,1,"marrw101","?","marrw101","?","ringj101","?","ringj101","?","henlb101","hawkc101","fonsl101","hubec101","wrigr102","burng101","harpg101","willc103","bancd101","","","34/SH.1-2","F","F",5,3,2,"T","F",0,"T","F",1,"F","F",0,"F","F",3,"G","T","F","",0,0,"N",0,"N",0,"N",0,2,0,0,"34","","","","F","F","F","F","F","F","F","F","F","ringj101","","","F","F","F","F","F","","","","",0,4,0,0,3,0,0,0,0,76,"PHI","BSN","PHI",0,"F","F",1,1,0,38,1,"T","F",1,2,"T","T","harrd101","welsj101","T","T",6,2,75,0,0,0,0,0,0,"henlb101","","",0,0,0,0,0,0,0,0,0,0,0,0,0,"hawkc101","F","F","F","F",0,5,0,0,3,0,0,0,0,0,F,F,"1925PHI.EVN.regular.event.csv",512
"PHI192505021","BSN",10,0,1,0,0,"",1,1,"harrd101","?","harrd101","?","ringj101","?","ringj101","?","henlb101","hawkc101","fonsl101","hubec101","wrigr102","burng101","harpg101","willc103","","bancd101","","K23","F","F",7,4,3,"T","T",0,"F","F",1,"F","F",0,"F","F",0,"","F","F","",0,0,"N",0,"N",0,"N",0,0,2,0,"23","","","","F","F","F","F","F","F","F","F","F","","ringj101","","F","F","F","F","F","","","","",0,3,0,0,2,0,0,0,0,77,"PHI","BSN","PHI",0,"F","F",1,1,0,39,2,"T","F",2,2,"T","T","welsj101","burrd101","T","T",0,0,0,6,2,75,0,0,0,"","henlb101","",0,0,0,0,0,0,0,0,0,0,0,0,0,"","F","F","F","F",0,0,5,0,3,0,0,0,0,0,F,F,"1925PHI.EVN.regular.event.csv",513
"PHI192505021","BSN",10,0,2,0,0,"",1,1,"welsj101","?","welsj101","?","ringj101","?","ringj101","?","henlb101","hawkc101","fonsl101","hubec101","wrigr102","burng101","harpg101","willc103","","bancd101","","S39/G3L.2-H(UR)","F","F",9,5,20,"T","T",1,"F","F",0,"F","F",1,"F","F",3,"G","F","F","3L",0,0,"N",0,"N",0,"N",1,0,5,0,"","","","","F","F","F","F","F","F","F","F","F","","ringj101","","F","F","F","F","F","","","","",0,0,0,0,0,0,0,0,0,78,"PHI","BSN","PHI",0,"F","F",1,1,0,40,3,"T","F",2,1,"T","T","burrd101","padge101","T","T",0,0,0,6,2,75,0,0,0,"","henlb101","",0,0,0,0,0,0,0,0,0,0,0,0,1,"hawkc101","F","F","F","F",5,0,5,0,2,0,0,0,0,0,F,F,"1925PHI.EVN.regular.event.csv",514
"PHI192505021","BSN",10,0,2,0,0,"",2,1,"burrd101","?","burrd101","?","ringj101","?","ringj101","?","henlb101","hawkc101","fonsl101","hubec101","wrigr102","burng101","harpg101","willc103","welsj101","","","S/89.1-2","F","F",3,6,20,"T","T",1,"F","F",0,"F","F",0,"F","F",0,"","F","F","89",0,0,"N",0,"N",0,"N",1,2,0,0,"","","","","F","F","F","F","F","F","F","F","F","ringj101","","","F","F","F","F","F","","","","",0,0,0,0,0,0,0,0,0,79,"PHI","BSN","PHI",0,"F","F",2,1,1,41,4,"T","F",1,3,"T","T","padge101","oneim102","T","T",9,5,78,0,0,0,0,0,0,"henlb101","","",0,0,0,0,0,0,0,0,0,0,0,0,0,"","F","F","F","F",5,5,0,0,2,0,0,0,0,0,F,F,"1925PHI.EVN.regular.event.csv",515
"PHI192505021","BSN",10,0,2,0,0,"",2,1,"padge101","?","padge101","?","ringj101","?","ringj101","?","henlb101","hawkc101","fonsl101","hubec101","wrigr102","burng101","harpg101","willc103","burrd101","welsj101","","S9.2-H(UR);1-2","F","F",4,7,20,"T","T",1,"F","F",0,"F","F",1,"F","F",9,"","F","F","",0,0,"N",0,"N",0,"N",1,2,5,0,"","","","","F","F","F","F","F","F","F","F","F","ringj101","ringj101","","F","F","F","F","F","","","","",0,0,0,0,0,0,0,0,0,80,"PHI","BSN","PHI",0,"F","F",2,1,1,42,5,"T","F",3,3,"T","T","oneim102","genej101","T","T",3,6,79,9,5,78,0,0,0,"henlb101","henlb101","",0,0,0,0,0,0,0,0,0,0,0,0,1,"willc103","F","F","F","F",0,5,5,0,1,0,0,0,0,0,F,F,"1925PHI.EVN.regular.event.csv",516
"PHI192505021","BSN",10,0,2,0,0,"",3,1,"oneim102","?","oneim102","?","ringj101","?","ringj101","?","henlb101","hawkc101","fonsl101","hubec101","wrigr102","burng101","harpg101","willc103","padge101","burrd101","","S9.2-H(UR);1-3;BX2(36)","F","F",2,8,20,"T","T",1,"F","F",1,"F","F",1,"F","F",9,"","F","F","",0,0,"N",0,"N",0,"N",0,3,5,0,"36","","","","F","F","F","F","F","F","F","F","F","ringj101","ringj101","","F","F","F","F","F","","","","",0,6,0,0,3,0,0,0,0,81,"PHI","BSN","PHI",0,"F","T",3,1,2,43,6,"T","F",3,4,"T","T","genej101","neisb101","T","T",4,7,80,3,6,79,0,0,0,"henlb101","henlb101","",0,0,0,0,0,0,0,0,0,0,0,0,1,"willc103","F","F","F","F",0,0,5,0,0,0,0,0,0,0,F,F,"1925PHI.EVN.regular.event.csv",517
"PHI192505021","BSN",10,1,0,0,0,"",4,1,"burng101","?","burng101","?","genej101","?","genej101","?","oneim102","burrd101","padge101","marrw101","bancd101","harrd101","neisb101","welsj101","","","","43","T","F",7,1,2,"T","T",0,"F","F",1,"F","F",0,"F","F",4,"G","F","F","",0,0,"N",0,"N",0,"N",0,0,0,0,"43","","","","F","F","F","F","F","F","F","F","F","","","","F","F","F","F","F","","","","",0,3,0,0,4,0,0,0,0,82,"PHI","PHI","BSN",1,"T","F",1,4,0,36,0,"T","F",0,0,"T","T","fonsl101","willc103","T","T",0,0,0,0,0,0,0,0,0,"","","",0,0,0,0,0,0,0,0,0,0,0,0,0,"padge101","F","F","F","F",0,0,0,0,0,0,0,0,0,0,F,F,"1925PHI.EVN.regular.event.csv",518
"PHI192505021","BSN",10,1,1,0,0,"",4,1,"fonsl101","?","fonsl101","?","genej101","?","genej101","?","oneim102","burrd101","padge101","marrw101","bancd101","harrd101","neisb101","welsj101","","","","13","F","F",4,2,2,"T","T",0,"F","F",1,"F","F",0,"F","F",1,"G","F","F","",0,0,"N",0,"N",0,"N",0,0,0,0,"13","","","","F","F","F","F","F","F","F","F","F","","","","F","F","F","F","F","","","","",0,3,0,0,1,0,0,0,0,83,"PHI","PHI","BSN",1,"F","F",1,4,0,37,1,"T","F",0,0,"T","T","willc103","harpg101","T","T",0,0,0,0,0,0,0,0,0,"","","",0,0,0,0,0,0,0,0,0,0,0,0,0,"genej101","F","F","F","F",0,0,0,0,0,0,0,0,0,0,F,F,"1925PHI.EVN.regular.event.csv",519
"PHI192505021","BSN",10,1,2,0,0,"",4,1,"willc103","?","willc103","?","genej101","?","genej101","?","oneim102","burrd101","padge101","marrw101","bancd101","harrd101","neisb101","welsj101","","","","HP","F","F",9,3,16,"T","F",0,"F","F",0,"F","F",0,"F","F",0,"","F","F","",0,0,"N",0,"N",0,"N",1,0,0,0,"","","","","F","F","F","F","F","F","F","F","F","","","","F","F","F","F","F","","","","",0,0,0,0,0,0,0,0,0,84,"PHI","PHI","BSN",1,"F","F",1,4,0,38,2,"T","F",0,1,"T","T","harpg101","hawkc101","T","T",0,0,0,0,0,0,0,0,0,"","","",0,0,0,0,0,0,0,0,0,0,0,0,0,"","F","F","F","F",1,0,0,0,0,0,0,0,0,0,F,F,"1925PHI.EVN.regular.event.csv",520
"PHI192505021","BSN",10,1,2,0,0,"",4,1,"harpg101","?","harpg101","?","genej101","?","genej101","?","oneim102","burrd101","padge101","marrw101","bancd101","harrd101","neisb101","welsj101","willc103","","","43","F","F",8,4,2,"T","T",0,"F","F",1,"F","F",0,"F","F",4,"G","F","F","",0,0,"N",0,"N",0,"N",0,1,0,0,"43","","","","F","F","F","F","F","F","F","F","F","genej101","","","F","T","F","F","F","","","","",0,3,0,0,4,0,0,0,0,85,"PHI","PHI","BSN",1,"F","T",1,4,0,39,3,"T","F",1,1,"T","T","hawkc101","henlb101","T","T",9,3,84,0,0,0,0,0,0,"oneim102","","",0,0,0,0,0,0,0,0,0,0,0,0,0,"padge101","F","F","F","F",0,1,0,0,0,0,0,0,0,0,F,F,"1925PHI.EVN.regular.event.csv",521
"PHI192505022","BSN",1,0,0,0,0,"",0,0,"neisb101","?","neisb101","?","carlh101","?","carlh101","?","wilsj105","hawkc101","fonsl101","hubec101","sandh101","burng101","harpg101","willc103","","","","E6/G","T","F",8,1,18,"T","T",0,"F","F",0,"F","F",0,"F","F",6,"G","F","F","",1,6,"F",0,"N",0,"N",1,0,0,0,"","","","","F","F","F","F","F","F","F","F","F","","","","T","F","F","F","F","","","","",0,0,0,0,0,0,0,0,0,1,"PHI","BSN","PHI",0,"T","F",0,0,0,0,0,"T","F",0,1,"T","T","bancd101","marrw101","T","T",0,0,0,0,0,0,0,0,0,"","","",0,0,0,0,0,0,0,0,0,0,0,0,0,"sandh101","F","F","F","T",5,0,0,0,2,0,0,0,0,0,F,F,"1925PHI.EVN.regular.event.csv",522
"PHI192505022","BSN",1,0,0,0,0,"",0,0,"bancd101","?","bancd101","?","carlh101","?","carlh101","?","wilsj105","hawkc101","fonsl101","hubec101","sandh101","burng101","harpg101","willc103","neisb101","","","S7.1-2","F","F",6,2,20,"T","T",1,"F","F",0,"F","F",0,"F","F",7,"","F","F","",0,0,"N",0,"N",0,"N",1,2,0,0,"","","","","F","F","F","F","F","F","F","F","F","carlh101","","","F","F","F","F","F","","","","",0,0,0,0,0,0,0,0,0,2,"PHI","BSN","PHI",0,"F","F",0,0,0,1,1,"T","F",1,3,"T","T","marrw101","harrd101","T","T",8,1,1,0,0,0,0,0,0,"wilsj105","","",0,0,0,0,0,0,0,0,0,0,0,0,0,"burng101","F","F","F","F",5,5,0,0,2,0,0,0,0,0,F,F,"1925PHI.EVN.regular.event.csv",523
"PHI192505022","BSN",1,0,0,0,0,"",0,0,"marrw101","?","marrw101","?","carlh101","?","carlh101","?","wilsj105","hawkc101","fonsl101","hubec101","sandh101","burng101","harpg101","willc103","bancd101","neisb101","","8/F.2-3","F","F",5,3,2,"T","T",0,"F","F",1,"F","F",0,"F","F",8,"F","F","F","",0,0,"N",0,"N",0,"N",0,1,3,0,"8","","","","F","F","F","F","F","F","F","F","F","carlh101","carlh101","","F","F","F","F","F","","","","",0,8,0,0,0,0,0,0,0,3,"PHI","BSN","PHI",0,"F","F",0,0,0,2,2,"T","F",3,5,"T","T","harrd101","welsj101","T","T",6,2,2,8,1,1,0,0,0,"wilsj105","wilsj105","",0,0,0,0,0,0,0,0,0,0,0,0,0,"harpg101","F","F","F","F",0,5,5,0,2,0,0,0,0,0,F,F,"1925PHI.EVN.regular.event.csv",524
"PHI192505022","BSN",1,0,1,0,0,"",0,0,"harrd101","?","harrd101","?","carlh101","?","carlh101","?","wilsj105","hawkc101","fonsl101","hubec101","sandh101","burng101","harpg101","willc103","bancd101","","neisb101","S7.3-H(UR);1-2","F","F",7,4,20,"T","T",1,"F","F",0,"F","F",1,"F","F",7,"","F","F","",0,0,"N",0,"N",0,"N",1,2,0,5,"","","","","F","F","F","F","F","F","F","F","F","carlh101","","carlh101","F","F","F","F","F","","","","",0,0,0,0,0,0,0,0,0,4,"PHI","BSN","PHI",0,"F","F",0,0,0,3,3,"T","F",5,3,"T","T","welsj101","burrd101","T","T",6,2,2,0,0,0,8,1,1,"wilsj105","","wilsj105",0,0,0,0,0,0,0,0,0,0,0,0,1,"burng101","F","F","F","F",0,5,0,5,1,0,0,0,0,0,F,F,"1925PHI.EVN.regular.event.csv",525
"PHI192505022","BSN",1,0,1,0,0,"",1,0,"welsj101","?","welsj101","?","carlh101","?","carlh101","?","wilsj105","hawkc101","fonsl101","hubec101","sandh101","burng101","harpg101","willc103","harrd101","bancd101","","E6.2-3;1-2","F","F",9,5,18,"T","T",0,"F","F",0,"F","F",0,"F","F",6,"G","F","F","",1,6,"F",0,"N",0,"N",1,2,3,0,"","","","","F","F","F","F","F","F","F","F","F","carlh101","carlh101","","F","F","F","F","F","","","","",0,0,0,0,0,0,0,0,0,5,"PHI","BSN","PHI",0,"F","F",1,0,1,4,4,"T","F",3,7,"T","T","burrd101","padge101","T","T",7,4,4,6,2,2,0,0,0,"wilsj105","wilsj105","",0,0,0,0,0,0,0,0,0,0,0,0,0,"sandh101","F","F","F","T",0,0,5,0,1,0,0,0,0,0,F,F,"1925PHI.EVN.regular.event.csv",526
"PHI192505022","BSN",1,0,1,0,0,"",1,0,"burrd101","?","burrd101","?","carlh101","?","carlh101","?","wilsj105","hawkc101","fonsl101","hubec101","sandh101","burng101","harpg101","willc103","welsj101","harrd101","bancd101","43(B)63(1)/GDP.3-H(UR)(RBI)","F","F",3,6,2,"T","T",0,"F","F",2,"T","F",1,"F","F",4,"G","F","F","",0,0,"N",0,"N",0,"N",0,0,2,5,"43","363","","","F","F","F","F","F","F","F","F","F","carlh101","carlh101","carlh101","F","F","F","F","F","","","","",0,3,3,0,4,3,6,0,0,6,"PHI","BSN","PHI",0,"F","T",1,0,1,5,5,"T","F",7,2,"T","T","padge101","oneim102","T","T",9,5,5,7,4,4,6,2,2,"wilsj105","wilsj105","wilsj105",0,0,0,0,0,0,0,0,0,0,0,0,1,"fonsl101","T","F","F","F",0,0,0,5,0,0,0,0,0,0,F,F,"1925PHI.EVN.regular.event.csv",527
"PHI192505022","BSN",1,1,0,0,0,"",2,0,"burng101","?","burng101","?","ryanr101","?","ryanr101","?","oneim102","burrd101","padge101","marrw101","bancd101","harrd101","neisb101","welsj101","","","","53","T","F",7,1,2,"T","T",0,"F","F",1,"F","F",0,"F","F",5,"G","F","F","",0,0,"N",0,"N",0,"N",0,0,0,0,"53","","","","F","F","F","F","F","F","F","F","F","","","","F","F","F","F","F","","","","",0,3,0,0,5,0,0,0,0,7,"PHI","PHI","BSN",1,"T","F",0,2,0,0,0,"T","F",0,0,"T","T","fonsl101","willc103","T","T",0,0,0,0,0,0,0,0,0,"","","",0,0,0,0,0,0,0,0,0,0,0,0,0,"marrw101","F","F","F","F",0,0,0,0,0,0,0,0,0,0,F,F,"1925PHI.EVN.regular.event.csv",528
"PHI192505022","BSN",1,1,1,0,0,"",2,0,"fonsl101","?","fonsl101","?","ryanr101","?","ryanr101","?","oneim102","burrd101","padge101","marrw101","bancd101","harrd101","neisb101","welsj101","","","","S7","F","F",4,2,20,"T","T",1,"F","F",0,"F","F",0,"F","F",7,"","F","F","",0,0,"N",0,"N",0,"N",1,0,0,0,"","","","","F","F","F","F","F","F","F","F","F","","","","F","F","F","F","F","","","","",0,0,0,0,0,0,0,0,0,8,"PHI","PHI","BSN",1,"F","F",0,2,0,1,1,"T","F",0,1,"T","T","willc103","harpg101","T","T",0,0,0,0,0,0,0,0,0,"","","",0,0,0,0,0,0,0,0,0,0,0,0,0,"harrd101","F","F","F","F",0,0,0,0,0,0,0,0,0,0,F,F,"1925PHI.EVN.regular.event.csv",529
"PHI192505022","BSN",1,1,1,0,0,"",2,0,"willc103","?","willc103","?","ryanr101","?","ryanr101","?","oneim102","burrd101","padge101","marrw101","bancd101","harrd101","neisb101","welsj101","fonsl101","","","8/F","F","F",9,3,2,"T","T",0,"F","F",1,"F","F",0,"F","F",8,"F","F","F","",0,0,"N",0,"N",0,"N",0,1,0,0,"8","","","","F","F","F","F","F","F","F","F","F","ryanr101","","","F","F","F","F","F","","","","",0,8,0,0,0,0,0,0,0,9,"PHI","PHI","BSN",1,"F","F",0,2,0,2,2,"T","F",1,1,"T","T","harpg101","hawkc101","T","T",4,2,8,0,0,0,0,0,0,"oneim102","","",0,0,0,0,0,0,0,0,0,0,0,0,0,"neisb101","F","F","F","F",0,0,0,0,0,0,0,0,0,0,F,F,"1925PHI.EVN.regular.event.csv",530
"PHI192505022","BSN",1,1,2,0,0,"",2,0,"harpg101","?","harpg101","?","ryanr101","?","ryanr101","?","oneim102","burrd101","padge101","marrw101","bancd101","harrd101","neisb101","welsj101","fonsl101","","","K","F","F",8,4,3,"T","T",0,"F","F",1,"F","F",0,"F","F",0,"","F","F","",0,0,"N",0,"N",0,"N",0,1,0,0,"2","","","","F","F","F","F","F","F","F","F","F","ryanr101","","","F","F","F","F","F","","","","",0,2,0,0,0,0,0,0,0,10,"PHI","PHI","BSN",1,"F","T",0,2,0,3,3,"T","F",1,1,"T","T","hawkc101","wilsj105","T","T",4,2,8,0,0,0,0,0,0,"oneim102","","",0,0,0,0,0,0,0,0,0,0,0,0,0,"","F","F","F","F",0,0,0,0,0,0,0,0,0,0,F,F,"1925PHI.EVN.regular.event.csv",531
"PHI192505022","BSN",2,0,0,0,0,"",2,0,"padge101","?","padge101","?","carlh101","?","carlh101","?","wilsj105","hawkc101","fonsl101","hubec101","sandh101","burng101","harpg101","willc103","","","","7/F","T","F",4,7,2,"T","T",0,"F","F",1,"F","F",0,"F","F",7,"F","F","F","",0,0,"N",0,"N",0,"N",0,0,0,0,"7","","","","F","F","F","F","F","F","F","F","F","","","","F","F","F","F","F","","","","",0,7,0,0,0,0,0,0,0,11,"PHI","BSN","PHI",0,"T","F",2,0,0,6,0,"T","F",0,0,"T","T","oneim102","ryanr101","T","T",0,0,0,0,0,0,0,0,0,"","","",0,0,0,0,0,0,0,0,0,0,0,0,0,"burng101","F","F","F","F",0,0,0,0,0,0,0,0,0,0,F,F,"1925PHI.EVN.regular.event.csv",532
"PHI192505022","BSN",2,0,1,0,0,"",2,0,"oneim102","?","oneim102","?","carlh101","?","carlh101","?","wilsj105","hawkc101","fonsl101","hubec101","sandh101","burng101","harpg101","willc103","","","","43","F","F",2,8,2,"T","T",0,"F","F",1,"F","F",0,"F","F",4,"G","F","F","",0,0,"N",0,"N",0,"N",0,0,0,0,"43","","","","F","F","F","F","F","F","F","F","F","","","","F","F","F","F","F","","","","",0,3,0,0,4,0,0,0,0,12,"PHI","BSN","PHI",0,"F","F",2,0,0,7,1,"T","F",0,0,"T","T","ryanr101","neisb101","T","T",0,0,0,0,0,0,0,0,0,"","","",0,0,0,0,0,0,0,0,0,0,0,0,0,"fonsl101","F","F","F","F",0,0,0,0,0,0,0,0,0,0,F,F,"1925PHI.EVN.regular.event.csv",533
"PHI192505022","BSN",2,0,2,0,0,"",2,0,"ryanr101","?","ryanr101","?","carlh101","?","carlh101","?","wilsj105","hawkc101","fonsl101","hubec101","sandh101","burng101","harpg101","willc103","","","","K","F","F",1,9,3,"T","T",0,"F","F",1,"F","F",0,"F","F",0,"","F","F","",0,0,"N",0,"N",0,"N",0,0,0,0,"2","","","","F","F","F","F","F","F","F","F","F","","","","F","F","F","F","F","","","","",0,2,0,0,0,0,0,0,0,13,"PHI","BSN","PHI",0,"F","T",2,0,0,8,2,"T","F",0,0,"T","T","neisb101","bancd101","T","T",0,0,0,0,0,0,0,0,0,"","","",0,0,0,0,0,0,0,0,0,0,0,0,0,"","F","F","F","F",0,0,0,0,0,0,0,0,0,0,F,F,"1925PHI.EVN.regular.event.csv",534
"PHI192505022","BSN",2,1,0,0,0,"",2,0,"hawkc101","?","hawkc101","?","ryanr101","?","ryanr101","?","oneim102","burrd101","padge101","marrw101","bancd101","harrd101","neisb101","welsj101","","","","W","T","F",3,5,14,"T","F",0,"F","F",0,"F","F",0,"F","F",0,"","F","F","",0,0,"N",0,"N",0,"N",1,0,0,0,"","","","","F","F","F","F","F","F","F","F","F","","","","F","F","F","F","F","","","","",0,0,0,0,0,0,0,0,0,14,"PHI","PHI","BSN",1,"T","F",0,2,0,4,0,"T","F",0,1,"T","T","wilsj105","sandh101","T","T",0,0,0,0,0,0,0,0,0,"","","",0,0,0,0,0,0,0,0,0,0,0,0,0,"","F","F","F","F",0,0,0,0,0,0,0,0,0,0,F,F,"1925PHI.EVN.regular.event.csv",535
"PHI192505022","BSN",2,1,0,0,0,"",2,0,"wilsj105","?","wilsj105","?","ryanr101","?","ryanr101","?","oneim102","burrd101","padge101","marrw101","bancd101","harrd101","neisb101","welsj101","hawkc101","","","S7.1-2","F","F",2,6,20,"T","T",1,"F","F",0,"F","F",0,"F","F",7,"","F","F","",0,0,"N",0,"N",0,"N",1,2,0,0,"","","","","F","F","F","F","F","F","F","F","F","ryanr101","","","F","F","F","F","F","","","","",0,0,0,0,0,0,0,0,0,15,"PHI","PHI","BSN",1,"F","F",0,2,0,5,1,"T","F",1,3,"T","T","sandh101","hubec101","T","T",3,5,14,0,0,0,0,0,0,"oneim102","","",0,0,0,0,0,0,0,0,0,0,0,0,0,"harrd101","F","F","F","F",0,0,0,0,0,0,0,0,0,0,F,F,"1925PHI.EVN.regular.event.csv",536
"PHI192505022","BSN",2,1,0,0,0,"",2,0,"sandh101","?","sandh101","?","ryanr101","?","ryanr101","?","oneim102","burrd101","padge101","marrw101","bancd101","harrd101","neisb101","welsj101","wilsj105","hawkc101","","64(1)3/GDP.2-3","F","F",6,7,2,"T","T",0,"F","F",2,"T","F",0,"F","F",6,"G","F","F","",0,0,"N",0,"N",0,"N",0,0,3,0,"43","64","","","F","F","F","F","F","F","F","F","F","ryanr101","ryanr101","","F","F","F","F","F","","","","",0,4,3,0,6,4,0,0,0,16,"PHI","PHI","BSN",1,"F","F",0,2,0,6,2,"T","F",3,4,"T","T","hubec101","carlh101","T","T",2,6,15,3,5,14,0,0,0,"oneim102","oneim102","",0,0,0,0,0,0,0,0,0,0,0,0,0,"bancd101","T","F","F","F",0,0,0,0,0,0,0,0,0,0,F,F,"1925PHI.EVN.regular.event.csv",537
"PHI192505022","BSN",2,1,2,0,0,"",2,0,"hubec101","?","hubec101","?","ryanr101","?","ryanr101","?","oneim102","burrd101","padge101","marrw101","bancd101","harrd101","neisb101","welsj101","","","hawkc101","K","F","F",5,8,3,"T","T",0,"F","F",1,"F","F",0,"F","F",0,"","F","F","",0,0,"N",0,"N",0,"N",0,0,0,3,"2","","","","F","F","F","F","F","F","F","F","F","","","ryanr101","F","F","F","F","F","","","","",0,2,0,0,0,0,0,0,0,17,"PHI","PHI","BSN",1,"F","T",0,2,0,7,3,"T","F",4,4,"T","T","carlh101","burng101","T","T",0,0,0,0,0,0,3,5,14,"","","oneim102",0,0,0,0,0,0,0,0,0,0,0,0,0,"","F","F","F","F",0,0,0,0,0,0,0,0,0,0,F,F,"1925PHI.EVN.regular.event.csv",538
"PHI192505022","BSN",3,0,0,0,0,"",2,0,"neisb101","?","neisb101","?","carlh101","?","carlh101","?","wilsj105","hawkc101","fonsl101","hubec101","sandh101","burng101","harpg101","willc103","","","","13","T","F",8,1,2,"T","T",0,"F","F",1,"F","F",0,"F","F",1,"G","F","F","",0,0,"N",0,"N",0,"N",0,0,0,0,"13","","","","F","F","F","F","F","F","F","F","F","","","","F","F","F","F","F","","","","",0,3,0,0,1,0,0,0,0,18,"PHI","BSN","PHI",0,"T","F",2,0,0,9,0,"T","F",0,0,"T","T","bancd101","marrw101","T","T",0,0,0,0,0,0,0,0,0,"","","",0,0,0,0,0,0,0,0,0,0,0,0,0,"carlh101","F","F","F","F",0,0,0,0,0,0,0,0,0,0,F,F,"1925PHI.EVN.regular.event.csv",539
"PHI192505022","BSN",3,0,1,0,0,"",2,0,"bancd101","?","bancd101","?","carlh101","?","carlh101","?","wilsj105","hawkc101","fonsl101","hubec101","sandh101","burng101","harpg101","willc103","","","","S8","F","F",6,2,20,"T","T",1,"F","F",0,"F","F",0,"F","F",8,"","F","F","",0,0,"N",0,"N",0,"N",1,0,0,0,"","","","","F","F","F","F","F","F","F","F","F","","","","F","F","F","F","F","","","","",0,0,0,0,0,0,0,0,0,19,"PHI","BSN","PHI",0,"F","F",2,0,0,10,1,"T","F",0,1,"T","T","marrw101","harrd101","T","T",0,0,0,0,0,0,0,0,0,"","","",0,0,0,0,0,0,0,0,0,0,0,0,0,"harpg101","F","F","F","F",0,0,0,0,0,0,0,0,0,0,F,F,"1925PHI.EVN.regular.event.csv",540
"PHI192505022","BSN",3,0,1,0,0,"",2,0,"marrw101","?","marrw101","?","carlh101","?","carlh101","?","wilsj105","hawkc101","fonsl101","hubec101","sandh101","burng101","harpg101","willc103","bancd101","","","7/F","F","F",5,3,2,"T","T",0,"F","F",1,"F","F",0,"F","F",7,"F","F","F","",0,0,"N",0,"N",0,"N",0,1,0,0,"7","","","","F","F","F","F","F","F","F","F","F","carlh101","","","F","F","F","F","F","","","","",0,7,0,0,0,0,0,0,0,20,"PHI","BSN","PHI",0,"F","F",2,0,0,11,2,"T","F",1,1,"T","T","harrd101","welsj101","T","T",6,2,19,0,0,0,0,0,0,"wilsj105","","",0,0,0,0,0,0,0,0,0,0,0,0,0,"burng101","F","F","F","F",0,0,0,0,0,0,0,0,0,0,F,F,"1925PHI.EVN.regular.event.csv",541
"PHI192505022","BSN",3,0,2,0,0,"",2,0,"harrd101","?","harrd101","?","carlh101","?","carlh101","?","wilsj105","hawkc101","fonsl101","hubec101","sandh101","burng101","harpg101","willc103","bancd101","","","S4.1-2","F","F",7,4,20,"T","T",1,"F","F",0,"F","F",0,"F","F",4,"","F","F","",0,0,"N",0,"N",0,"N",1,2,0,0,"","","","","F","F","F","F","F","F","F","F","F","carlh101","","","F","F","F","F","F","","","","",0,0,0,0,0,0,0,0,0,21,"PHI","BSN","PHI",0,"F","F",2,0,0,12,3,"T","F",1,3,"T","T","welsj101","burrd101","T","T",6,2,19,0,0,0,0,0,0,"wilsj105","","",0,0,0,0,0,0,0,0,0,0,0,0,0,"fonsl101","F","F","F","F",0,0,0,0,0,0,0,0,0,0,F,F,"1925PHI.EVN.regular.event.csv",542
"PHI192505022","BSN",3,0,2,0,0,"",2,0,"welsj101","?","welsj101","?","carlh101","?","carlh101","?","wilsj105","hawkc101","fonsl101","hubec101","sandh101","burng101","harpg101","willc103","harrd101","bancd101","","13","F","F",9,5,2,"T","T",0,"F","F",1,"F","F",0,"F","F",1,"G","F","F","",0,0,"N",0,"N",0,"N",0,1,2,0,"13","","","","F","F","F","F","F","F","F","F","F","carlh101","carlh101","","F","F","F","F","F","","","","",0,3,0,0,1,0,0,0,0,22,"PHI","BSN","PHI",0,"F","T",2,0,0,13,4,"T","F",3,3,"T","T","burrd101","padge101","T","T",7,4,21,6,2,19,0,0,0,"wilsj105","wilsj105","",0,0,0,0,0,0,0,0,0,0,0,0,0,"carlh101","F","F","F","F",0,0,0,0,0,0,0,0,0,0,F,F,"1925PHI.EVN.regular.event.csv",543
"PHI192505022","BSN",3,1,0,0,0,"",2,0,"carlh101","?","carlh101","?","ryanr101","?","ryanr101","?","oneim102","burrd101","padge101","marrw101","bancd101","harrd101","neisb101","welsj101","","","","E6/TH1/G56","T","F",1,9,18,"T","T",0,"F","F",0,"F","F",0,"F","F",6,"G","F","F","56",1,6,"T",0,"N",0,"N",1,0,0,0,"","","","","F","F","F","F","F","F","F","F","F","","","","F","F","F","F","F","","","","",0,0,0,0,0,0,0,0,0,23,"PHI","PHI","BSN",1,"T","F",0,2,0,8,0,"T","F",0,1,"T","T","burng101","fonsl101","T","T",0,0,0,0,0,0,0,0,0,"","","",0,0,0,0,0,0,0,0,0,0,0,0,0,"bancd101","F","F","F","T",5,0,0,0,7,0,0,0,0,0,F,F,"1925PHI.EVN.regular.event.csv",544
"PHI192505022","BSN",3,1,0,0,0,"",2,0,"burng101","?","burng101","?","ryanr101","?","ryanr101","?","oneim102","burrd101","padge101","marrw101","bancd101","harrd101","neisb101","welsj101","carlh101","","","S6/G6M.1-2","F","F",7,1,20,"T","T",1,"F","F",0,"F","F",0,"F","F",6,"G","F","F","6M",0,0,"N",0,"N",0,"N",1,2,0,0,"","","","","F","F","F","F","F","F","F","F","F","ryanr101","","","F","F","F","F","F","","","","",0,0,0,0,0,0,0,0,0,24,"PHI","PHI","BSN",1,"F","F",0,2,0,9,1,"T","F",1,3,"T","T","fonsl101","willc103","T","T",1,9,23,0,0,0,0,0,0,"oneim102","","",0,0,0,0,0,0,0,0,0,0,0,0,0,"bancd101","F","F","F","F",4,5,0,0,7,0,0,0,0,0,F,F,"1925PHI.EVN.regular.event.csv",545
"PHI192505022","BSN",3,1,0,0,0,"",2,0,"fonsl101","?","fonsl101","?","ryanr101","?","ryanr101","?","oneim102","burrd101","padge101","marrw101","bancd101","harrd101","neisb101","welsj101","burng101","carlh101","","S1/BG23.2-3;1-2","F","F",4,2,20,"T","T",1,"F","F",0,"F","F",0,"F","F",1,"G","T","F","23",0,0,"N",0,"N",0,"N",1,2,3,0,"","","","","F","F","F","F","F","F","F","F","F","ryanr101","ryanr101","","F","F","F","F","F","","","","",0,0,0,0,0,0,0,0,0,25,"PHI","PHI","BSN",1,"F","F",0,2,0,10,2,"T","F",3,7,"T","T","willc103","harpg101","T","T",7,1,24,1,9,23,0,0,0,"oneim102","oneim102","",0,0,0,0,0,0,0,0,0,0,0,0,0,"ryanr101","F","F","F","F",4,4,5,0,7,0,0,0,0,0,F,F,"1925PHI.EVN.regular.event.csv",546
"PHI192505022","BSN",3,1,0,0,0,"",2,0,"willc103","?","willc103","?","ryanr101","?","ryanr101","?","oneim102","burrd101","padge101","marrw101","bancd101","harrd101","neisb101","welsj101","fonsl101","burng101","carlh101","S68/G6M.3-H(UR);2-H;1-2","F","F",9,3,20,"T","T",1,"F","F",0,"F","F",2,"F","F",6,"G","F","F","6M",0,0,"N",0,"N",0,"N",1,2,4,5,"","","","","F","F","F","F","F","F","F","F","F","ryanr101","ryanr101","ryanr101","F","F","F","F","F","","","","",0,0,0,0,0,0,0,0,0,26,"PHI","PHI","BSN",1,"F","F",0,2,0,11,3,"T","F",7,3,"T","T","harpg101","hawkc101","T","T",4,2,25,7,1,24,1,9,23,"oneim102","oneim102","oneim102",0,0,0,0,0,0,0,0,0,0,0,0,2,"bancd101","F","F","F","F",4,4,4,5,5,0,0,0,0,0,F,F,"1925PHI.EVN.regular.event.csv",547
"PHI192505022","BSN",3,1,0,0,0,"",2,2,"harpg101","?","harpg101","?","ryanr101","?","ryanr101","?","oneim102","burrd101","padge101","marrw101","bancd101","harrd101","neisb101","welsj101","willc103","fonsl101","","7/F","F","F",8,4,2,"T","T",0,"F","F",1,"F","F",0,"F","F",7,"F","F","F","",0,0,"N",0,"N",0,"N",0,1,2,0,"7","","","","F","F","F","F","F","F","F","F","F","ryanr101","ryanr101","","F","F","F","F","F","","","","",0,7,0,0,0,0,0,0,0,27,"PHI","PHI","BSN",1,"F","F",2,2,2,12,4,"T","F",3,3,"T","T","hawkc101","wilsj105","T","T",9,3,26,4,2,25,0,0,0,"oneim102","oneim102","",0,0,0,0,0,0,0,0,0,0,0,0,0,"harrd101","F","F","F","F",0,4,4,0,5,0,0,0,0,0,F,F,"1925PHI.EVN.regular.event.csv",548
"PHI192505022","BSN",3,1,1,0,0,"",2,2,"hawkc101","?","hawkc101","?","ryanr101","?","ryanr101","?","oneim102","burrd101","padge101","marrw101","bancd101","harrd101","neisb101","welsj101","willc103","fonsl101","","S9.2-H;1-2","F","F",3,5,20,"T","T",1,"F","F",0,"F","F",1,"F","F",9,"","F","F","",0,0,"N",0,"N",0,"N",1,2,4,0,"","","","","F","F","F","F","F","F","F","F","F","ryanr101","ryanr101","","F","F","F","F","F","","","","",0,0,0,0,0,0,0,0,0,28,"PHI","PHI","BSN",1,"F","F",2,2,2,13,5,"T","F",3,3,"T","T","wilsj105","sandh101","T","T",9,3,26,4,2,25,0,0,0,"oneim102","oneim102","",0,0,0,0,0,0,0,0,0,0,0,0,1,"welsj101","F","F","F","F",4,4,4,0,4,0,0,0,0,0,F,F,"1925PHI.EVN.regular.event.csv",549
"PHI192505022","BSN",3,1,1,0,0,"",2,3,"wilsj105","?","wilsj105","?","ryanr101","?","ryanr101","?","oneim102","burrd101","padge101","marrw101","bancd101","harrd101","neisb101","welsj101","hawkc101","willc103","","D9/F89XDW.2-H;1-H","F","F",2,6,21,"T","T",2,"F","F",0,"F","F",2,"F","F",9,"F","F","F","89XDW",0,0,"N",0,"N",0,"N",2,4,4,0,"","","","","F","F","F","F","F","F","F","F","F","ryanr101","ryanr101","","F","F","F","F","F","","","","",0,0,0,0,0,0,0,0,0,29,"PHI","PHI","BSN",1,"F","F",3,2,3,14,6,"T","F",3,2,"T","T","sandh101","hubec101","T","T",3,5,28,9,3,26,0,0,0,"oneim102","oneim102","",0,0,0,0,0,0,0,0,0,0,0,0,2,"welsj101","F","F","F","F",5,4,4,0,2,0,0,0,0,0,F,F,"1925PHI.EVN.regular.event.csv",550
"PHI192505022","BSN",3,1,1,0,0,"",2,5,"sandh101","?","sandh101","?","ryanr101","?","ryanr101","?","oneim102","burrd101","padge101","marrw101","bancd101","harrd101","neisb101","welsj101","","wilsj105","","K","F","F",6,7,3,"T","T",0,"F","F",1,"F","F",0,"F","F",0,"","F","F","",0,0,"N",0,"N",0,"N",0,0,2,0,"2","","","","F","F","F","F","F","F","F","F","F","","ryanr101","","F","F","F","F","F","","","","",0,2,0,0,0,0,0,0,0,30,"PHI","PHI","BSN",1,"F","F",5,2,5,15,7,"T","F",2,2,"T","T","hubec101","carlh101","T","T",0,0,0,2,6,29,0,0,0,"","oneim102","",0,0,0,0,0,0,0,0,0,0,0,0,0,"","F","F","F","F",0,0,5,0,2,0,0,0,0,0,F,F,"1925PHI.EVN.regular.event.csv",551
"PHI192505022","BSN",3,1,2,0,0,"",2,5,"hubec101","?","hubec101","?","ryanr101","?","ryanr101","?","oneim102","burrd101","padge101","marrw101","bancd101","harrd101","neisb101","welsj101","","wilsj105","","HR/F7D.2-H(UR);B-H(UR)","F","F",5,8,23,"T","T",4,"F","F",0,"F","F",2,"F","F",0,"F","F","F","7D",0,0,"N",0,"N",0,"N",5,0,5,0,"","","","","F","F","F","F","F","F","F","F","F","","ryanr101","","F","F","F","F","F","","","","",0,0,0,0,0,0,0,0,0,31,"PHI","PHI","BSN",1,"F","F",5,2,5,16,8,"T","F",2,0,"T","T","carlh101","burng101","T","T",0,0,0,2,6,29,0,0,0,"","oneim102","",0,0,0,0,0,0,0,0,0,0,0,0,2,"","F","F","F","F",5,0,5,0,0,0,0,0,0,0,F,F,"1925PHI.EVN.regular.event.csv",552
"PHI192505022","BSN",3,1,2,0,0,"",2,7,"carlh101","?","carlh101","?","ryanr101","?","ryanr101","?","oneim102","burrd101","padge101","marrw101","bancd101","harrd101","neisb101","welsj101","","","","63","F","F",1,9,2,"T","T",0,"F","F",1,"F","F",0,"F","F",6,"G","F","F","",0,0,"N",0,"N",0,"N",0,0,0,0,"63","","","","F","F","F","F","F","F","F","F","F","","","","F","F","F","F","F","","","","",0,3,0,0,6,0,0,0,0,32,"PHI","PHI","BSN",1,"F","T",7,2,7,17,9,"T","F",0,0,"T","T","burng101","fonsl101","T","T",0,0,0,0,0,0,0,0,0,"","","",0,0,0,0,0,0,0,0,0,0,0,0,0,"bancd101","F","F","F","F",0,0,0,0,0,0,0,0,0,0,F,F,"1925PHI.EVN.regular.event.csv",553
"PHI192505022","BSN",4,0,0,0,0,"",2,7,"burrd101","?","burrd101","?","carlh101","?","carlh101","?","wilsj105","hawkc101","fonsl101","hubec101","sandh101","burng101","harpg101","willc103","","","","3/G","T","F",3,6,2,"T","T",0,"F","F",1,"F","F",0,"F","F",3,"G","F","F","",0,0,"N",0,"N",0,"N",0,0,0,0,"3","","","","F","F","F","F","F","F","F","F","F","","","","F","F","F","F","F","","","","",0,3,0,0,0,0,0,0,0,33,"PHI","BSN","PHI",0,"T","F",2,7,0,14,0,"T","F",0,0,"T","T","padge101","oneim102","T","T",0,0,0,0,0,0,0,0,0,"","","",0,0,0,0,0,0,0,0,0,0,0,0,0,"hawkc101","F","F","F","F",0,0,0,0,1,0,0,0,0,0,F,F,"1925PHI.EVN.regular.event.csv",554
"PHI192505022","BSN",4,0,1,0,0,"",2,7,"padge101","?","padge101","?","carlh101","?","carlh101","?","wilsj105","hawkc101","fonsl101","hubec101","sandh101","burng101","harpg101","willc103","","","","W","F","F",4,7,14,"T","F",0,"F","F",0,"F","F",0,"F","F",0,"","F","F","",0,0,"N",0,"N",0,"N",1,0,0,0,"","","","","F","F","F","F","F","F","F","F","F","","","","F","F","F","F","F","","","","",0,0,0,0,0,0,0,0,0,34,"PHI","BSN","PHI",0,"F","F",2,7,0,15,1,"T","F",0,1,"T","T","oneim102","ryanr101","T","T",0,0,0,0,0,0,0,0,0,"","","",0,0,0,0,0,0,0,0,0,0,0,0,0,"","F","F","F","F",4,0,0,0,1,0,0,0,0,0,F,F,"1925PHI.EVN.regular.event.csv",555
"PHI192505022","BSN",4,0,1,0,0,"",2,7,"oneim102","?","oneim102","?","carlh101","?","carlh101","?","wilsj105","hawkc101","fonsl101","hubec101","sandh101","burng101","harpg101","willc103","padge101","","","S9.1-3","F","F",2,8,20,"T","T",1,"F","F",0,"F","F",0,"F","F",9,"","F","F","",0,0,"N",0,"N",0,"N",1,3,0,0,"","","","","F","F","F","F","F","F","F","F","F","carlh101","","","F","F","F","F","F","","","","",0,0,0,0,0,0,0,0,0,35,"PHI","BSN","PHI",0,"F","F",2,7,0,16,2,"T","F",1,5,"T","T","ryanr101","neisb101","T","T",4,7,34,0,0,0,0,0,0,"wilsj105","","",0,0,0,0,0,0,0,0,0,0,0,0,0,"willc103","F","F","F","F",1,4,0,0,1,0,0,0,0,0,F,F,"1925PHI.EVN.regular.event.csv",556
"PHI192505022","BSN",4,0,1,0,0,"",2,7,"stenc101","?","stenc101","?","carlh101","?","carlh101","?","wilsj105","hawkc101","fonsl101","hubec101","sandh101","burng101","harpg101","willc103","oneim102","","padge101","8/SF.3-H","F","T",11,9,2,"T","F",0,"F","T",1,"F","F",1,"F","F",8,"F","F","F","",0,0,"N",0,"N",0,"N",0,1,0,4,"8","","","","F","F","F","F","F","F","F","F","F","carlh101","","carlh101","F","F","F","F","F","","","","ryanr101",1,8,0,0,0,0,0,0,0,36,"PHI","BSN","PHI",0,"F","F",2,7,0,17,3,"T","F",5,1,"F","F","neisb101","bancd101","T","T",2,8,35,0,0,0,4,7,34,"wilsj105","","wilsj105",0,0,0,0,0,0,0,0,0,0,0,0,1,"harpg101","F","F","F","F",0,1,0,4,0,0,0,0,0,0,F,F,"1925PHI.EVN.regular.event.csv",557
"PHI192505022","BSN",4,0,2,0,0,"",3,7,"neisb101","?","neisb101","?","carlh101","?","carlh101","?","wilsj105","hawkc101","fonsl101","hubec101","sandh101","burng101","harpg101","willc103","oneim102","","","K","F","F",8,1,3,"T","T",0,"F","F",1,"F","F",0,"F","F",0,"","F","F","",0,0,"N",0,"N",0,"N",0,1,0,0,"2","","","","F","F","F","F","F","F","F","F","F","carlh101","","","F","F","F","F","F","","","","",0,2,0,0,0,0,0,0,0,37,"PHI","BSN","PHI",0,"F","T",3,7,1,18,4,"T","F",1,1,"T","T","bancd101","marrw101","T","T",2,8,35,0,0,0,0,0,0,"wilsj105","","",0,0,0,0,0,0,0,0,0,0,0,0,0,"","F","F","F","F",0,1,0,0,0,0,0,0,0,0,F,F,"1925PHI.EVN.regular.event.csv",558
"PHI192505022","BSN",4,1,0,0,0,"",3,7,"burng101","?","burng101","?","kampi101","?","kampi101","?","oneim102","burrd101","padge101","marrw101","bancd101","harrd101","neisb101","welsj101","","","","K","T","F",7,1,3,"T","T",0,"F","F",1,"F","F",0,"F","F",0,"","F","F","",0,0,"N",0,"N",0,"N",0,0,0,0,"2","","","","F","F","F","F","F","F","F","F","F","","","","F","F","F","F","F","","","","",0,2,0,0,0,0,0,0,0,38,"PHI","PHI","BSN",1,"T","F",7,3,0,18,0,"T","F",0,0,"T","T","fonsl101","willc103","F","F",0,0,0,0,0,0,0,0,0,"","","",0,0,0,0,0,0,0,0,0,0,0,0,0,"","F","F","F","F",0,0,0,0,0,0,0,0,0,0,F,F,"1925PHI.EVN.regular.event.csv",559
"PHI192505022","BSN",4,1,1,0,0,"",3,7,"fonsl101","?","fonsl101","?","kampi101","?","kampi101","?","oneim102","burrd101","padge101","marrw101","bancd101","harrd101","neisb101","welsj101","","","","5/P","F","F",4,2,2,"T","T",0,"F","F",1,"F","F",0,"F","F",5,"P","F","F","",0,0,"N",0,"N",0,"N",0,0,0,0,"5","","","","F","F","F","F","F","F","F","F","F","","","","F","F","F","F","F","","","","",0,5,0,0,0,0,0,0,0,39,"PHI","PHI","BSN",1,"F","F",7,3,0,19,1,"T","F",0,0,"T","T","willc103","harpg101","F","F",0,0,0,0,0,0,0,0,0,"","","",0,0,0,0,0,0,0,0,0,0,0,0,0,"marrw101","F","F","F","F",0,0,0,0,0,0,0,0,0,0,F,F,"1925PHI.EVN.regular.event.csv",560
"PHI192505022","BSN",4,1,2,0,0,"",3,7,"willc103","?","willc103","?","kampi101","?","kampi101","?","oneim102","burrd101","padge101","marrw101","bancd101","harrd101","neisb101","welsj101","","","","5/P","F","F",9,3,2,"T","T",0,"F","F",1,"F","F",0,"F","F",5,"P","F","F","",0,0,"N",0,"N",0,"N",0,0,0,0,"5","","","","F","F","F","F","F","F","F","F","F","","","","F","F","F","F","F","","","","",0,5,0,0,0,0,0,0,0,40,"PHI","PHI","BSN",1,"F","T",7,3,0,20,2,"T","F",0,0,"T","T","harpg101","hawkc101","F","F",0,0,0,0,0,0,0,0,0,"","","",0,0,0,0,0,0,0,0,0,0,0,0,0,"marrw101","F","F","F","F",0,0,0,0,0,0,0,0,0,0,F,F,"1925PHI.EVN.regular.event.csv",561
"PHI192505022","BSN",5,0,0,0,0,"",3,7,"bancd101","?","bancd101","?","carlh101","?","carlh101","?","wilsj105","hawkc101","fonsl101","hubec101","sandh101","burng101","harpg101","willc103","","","","8/F","T","F",6,2,2,"T","T",0,"F","F",1,"F","F",0,"F","F",8,"F","F","F","",0,0,"N",0,"N",0,"N",0,0,0,0,"8","","","","F","F","F","F","F","F","F","F","F","","","","F","F","F","F","F","","","","",0,8,0,0,0,0,0,0,0,41,"PHI","BSN","PHI",0,"T","F",3,7,0,19,0,"T","F",0,0,"T","T","marrw101","harrd101","T","T",0,0,0,0,0,0,0,0,0,"","","",0,0,0,0,0,0,0,0,0,0,0,0,0,"harpg101","F","F","F","F",0,0,0,0,0,0,0,0,0,0,F,F,"1925PHI.EVN.regular.event.csv",562
"PHI192505022","BSN",5,0,1,0,0,"",3,7,"marrw101","?","marrw101","?","carlh101","?","carlh101","?","wilsj105","hawkc101","fonsl101","hubec101","sandh101","burng101","harpg101","willc103","","","","E6","F","F",5,3,18,"T","T",0,"F","F",0,"F","F",0,"F","F",6,"G","F","F","",1,6,"F",0,"N",0,"N",1,0,0,0,"","","","","F","F","F","F","F","F","F","F","F","","","","F","F","F","F","F","","","","",0,0,0,0,0,0,0,0,0,42,"PHI","BSN","PHI",0,"F","F",3,7,0,20,1,"T","F",0,1,"T","T","harrd101","welsj101","T","T",0,0,0,0,0,0,0,0,0,"","","",0,0,0,0,0,0,0,0,0,0,0,0,0,"sandh101","F","F","F","T",0,0,0,0,0,0,0,0,0,0,F,F,"1925PHI.EVN.regular.event.csv",563
"PHI192505022","BSN",5,0,1,0,0,"",3,7,"harrd101","?","harrd101","?","carlh101","?","carlh101","?","wilsj105","hawkc101","fonsl101","hubec101","sandh101","burng101","harpg101","willc103","marrw101","","","46(1)/FO#","F","F",7,4,2,"T","T",0,"F","F",1,"F","F",0,"F","F",4,"G","F","F","",0,0,"N",0,"N",0,"N",1,0,0,0,"","46","","","F","F","F","F","F","F","F","F","F","carlh101","","","F","F","F","F","F","","","","",0,6,0,0,4,0,0,0,0,43,"PHI","BSN","PHI",0,"F","F",3,7,0,21,2,"T","F",1,1,"T","T","welsj101","burrd101","T","T",5,3,42,0,0,0,0,0,0,"wilsj105","","",0,0,0,0,0,0,0,0,0,0,0,0,0,"fonsl101","T","F","F","F",0,0,0,0,0,0,0,0,0,0,F,T,"1925PHI.EVN.regular.event.csv",564
"PHI192505022","BSN",5,0,2,0,0,"",3,7,"welsj101","?","welsj101","?","carlh101","?","carlh101","?","wilsj105","hawkc101","fonsl101","hubec101","sandh101","burng101","harpg101","willc103","harrd101","","","8/F","F","F",9,5,2,"T","T",0,"F","F",1,"F","F",0,"F","F",8,"F","F","F","",0,0,"N",0,"N",0,"N",0,1,0,0,"8","","","","F","F","F","F","F","F","F","F","F","carlh101","","","F","F","F","F","F","","","","",0,8,0,0,0,0,0,0,0,44,"PHI","BSN","PHI",0,"F","T",3,7,0,22,3,"T","F",1,1,"T","T","burrd101","padge101","T","T",7,4,43,0,0,0,0,0,0,"wilsj105","","",0,0,0,0,0,0,0,0,0,0,0,0,0,"harpg101","F","F","F","F",0,0,0,0,0,0,0,0,0,0,F,F,"1925PHI.EVN.regular.event.csv",565
"PHI192505022","BSN",5,1,0,0,0,"",3,7,"harpg101","?","harpg101","?","kampi101","?","kampi101","?","oneim102","burrd101","padge101","marrw101","bancd101","harrd101","neisb101","welsj101","","","","S4","T","F",8,4,20,"T","T",1,"F","F",0,"F","F",0,"F","F",4,"","F","F","",0,0,"N",0,"N",0,"N",1,0,0,0,"","","","","F","F","F","F","F","F","F","F","F","","","","F","F","F","F","F","","","","",0,0,0,0,0,0,0,0,0,45,"PHI","PHI","BSN",1,"T","F",7,3,0,21,0,"T","F",0,1,"T","T","hawkc101","wilsj105","F","F",0,0,0,0,0,0,0,0,0,"","","",0,0,0,0,0,0,0,0,0,0,0,0,0,"padge101","F","F","F","F",4,0,0,0,1,0,0,0,0,0,F,F,"1925PHI.EVN.regular.event.csv",566
"PHI192505022","BSN",5,1,0,0,0,"",3,7,"hawkc101","?","hawkc101","?","kampi101","?","kampi101","?","oneim102","burrd101","padge101","marrw101","bancd101","harrd101","neisb101","welsj101","harpg101","","","K","F","F",3,5,3,"T","T",0,"F","F",1,"F","F",0,"F","F",0,"","F","F","",0,0,"N",0,"N",0,"N",0,1,0,0,"2","","","","F","F","F","F","F","F","F","F","F","kampi101","","","F","F","F","F","F","","","","",0,2,0,0,0,0,0,0,0,46,"PHI","PHI","BSN",1,"F","F",7,3,0,22,1,"T","F",1,1,"T","T","wilsj105","sandh101","F","F",8,4,45,0,0,0,0,0,0,"oneim102","","",0,0,0,0,0,0,0,0,0,0,0,0,0,"","F","F","F","F",0,4,0,0,1,0,0,0,0,0,F,F,"1925PHI.EVN.regular.event.csv",567
"PHI192505022","BSN",5,1,1,0,0,"",3,7,"wilsj105","?","wilsj105","?","kampi101","?","kampi101","?","oneim102","burrd101","padge101","marrw101","bancd101","harrd101","neisb101","welsj101","harpg101","","","S9.1-3","F","F",2,6,20,"T","T",1,"F","F",0,"F","F",0,"F","F",9,"","F","F","",0,0,"N",0,"N",0,"N",1,3,0,0,"","","","","F","F","F","F","F","F","F","F","F","kampi101","","","F","F","F","F","F","","","","",0,0,0,0,0,0,0,0,0,47,"PHI","PHI","BSN",1,"F","F",7,3,0,23,2,"T","F",1,5,"T","T","sandh101","hubec101","F","F",8,4,45,0,0,0,0,0,0,"oneim102","","",0,0,0,0,0,0,0,0,0,0,0,0,0,"welsj101","F","F","F","F",0,4,0,0,1,0,0,0,0,0,F,F,"1925PHI.EVN.regular.event.csv",568
"PHI192505022","BSN",5,1,1,0,0,"",3,7,"sandh101","?","sandh101","?","kampi101","?","kampi101","?","oneim102","burrd101","padge101","marrw101","bancd101","harrd101","neisb101","welsj101","wilsj105","","harpg101","S9.3-H;1X3(95)","F","F",6,7,20,"T","T",1,"F","F",1,"F","F",1,"F","F",9,"","F","F","",0,0,"N",0,"N",0,"N",1,0,0,4,"","95","","","F","F","F","F","F","F","F","F","F","kampi101","","kampi101","F","F","F","F","F","","","","",0,5,0,0,9,0,0,0,0,48,"PHI","PHI","BSN",1,"F","F",7,3,0,24,3,"T","F",5,1,"T","T","hubec101","carlh101","F","F",2,6,47,0,0,0,8,4,45,"oneim102","","oneim102",0,0,0,0,0,0,0,0,0,0,0,0,1,"welsj101","F","F","F","F",0,0,0,4,0,0,0,0,0,0,F,F,"1925PHI.EVN.regular.event.csv",569
"PHI192505022","BSN",5,1,2,0,0,"",3,8,"hubec101","?","hubec101","?","kampi101","?","kampi101","?","oneim102","burrd101","padge101","marrw101","bancd101","harrd101","neisb101","welsj101","sandh101","","","5/P","F","F",5,8,2,"T","T",0,"F","F",1,"F","F",0,"F","F",5,"P","F","F","",0,0,"N",0,"N",0,"N",0,1,0,0,"5","","","","F","F","F","F","F","F","F","F","F","kampi101","","","F","F","F","F","F","","","","",0,5,0,0,0,0,0,0,0,49,"PHI","PHI","BSN",1,"F","T",8,3,1,25,4,"T","F",1,1,"T","T","carlh101","burng101","F","F",6,7,48,0,0,0,0,0,0,"oneim102","","",0,0,0,0,0,0,0,0,0,0,0,0,0,"marrw101","F","F","F","F",0,0,0,0,0,0,0,0,0,0,F,F,"1925PHI.EVN.regular.event.csv",570
"PHI192505022","BSN",6,0,0,0,0,"",3,8,"burrd101","?","burrd101","?","carlh101","?","carlh101","?","wilsj105","hawkc101","fonsl101","hubec101","sandh101","burng101","harpg101","willc103","","","","HR/F9D","T","F",3,6,23,"T","T",4,"F","F",0,"F","F",1,"F","F",0,"F","F","F","9D",0,0,"N",0,"N",0,"N",4,0,0,0,"","","","","F","F","F","F","F","F","F","F","F","","","","F","F","F","F","F","","","","",0,0,0,0,0,0,0,0,0,50,"PHI","BSN","PHI",0,"T","F",3,8,0,23,0,"T","F",0,0,"T","T","padge101","oneim102","T","T",0,0,0,0,0,0,0,0,0,"","","",0,0,0,0,0,0,0,0,0,0,0,0,1,"","F","F","F","F",4,0,0,0,0,0,0,0,0,0,F,F,"1925PHI.EVN.regular.event.csv",571
"PHI192505022","BSN",6,0,0,0,0,"",4,8,"padge101","?","padge101","?","carlh101","?","carlh101","?","wilsj105","hawkc101","fonsl101","hubec101","sandh101","burng101","harpg101","willc103","","","","7/F","F","F",4,7,2,"T","T",0,"F","F",1,"F","F",0,"F","F",7,"F","F","F","",0,0,"N",0,"N",0,"N",0,0,0,0,"7","","","","F","F","F","F","F","F","F","F","F","","","","F","F","F","F","F","","","","",0,7,0,0,0,0,0,0,0,51,"PHI","BSN","PHI",0,"F","F",4,8,1,24,1,"T","F",0,0,"T","T","oneim102","kampi101","T","T",0,0,0,0,0,0,0,0,0,"","","",0,0,0,0,0,0,0,0,0,0,0,0,0,"burng101","F","F","F","F",0,0,0,0,0,0,0,0,0,0,F,F,"1925PHI.EVN.regular.event.csv",572
"PHI192505022","BSN",6,0,1,0,0,"",4,8,"oneim102","?","oneim102","?","carlh101","?","carlh101","?","wilsj105","hawkc101","fonsl101","hubec101","sandh101","burng101","harpg101","willc103","","","","7/F","F","F",2,8,2,"T","T",0,"F","F",1,"F","F",0,"F","F",7,"F","F","F","",0,0,"N",0,"N",0,"N",0,0,0,0,"7","","","","F","F","F","F","F","F","F","F","F","","","","F","F","F","F","F","","","","",0,7,0,0,0,0,0,0,0,52,"PHI","BSN","PHI",0,"F","F",4,8,1,25,2,"T","F",0,0,"T","T","kampi101","neisb101","T","T",0,0,0,0,0,0,0,0,0,"","","",0,0,0,0,0,0,0,0,0,0,0,0,0,"burng101","F","F","F","F",0,0,0,0,0,0,0,0,0,0,F,F,"1925PHI.EVN.regular.event.csv",573
"PHI192505022","BSN",6,0,2,0,0,"",4,8,"kampi101","?","kampi101","?","carlh101","?","carlh101","?","wilsj105","hawkc101","fonsl101","hubec101","sandh101","burng101","harpg101","willc103","","","","8/F","F","F",1,9,2,"T","T",0,"F","F",1,"F","F",0,"F","F",8,"F","F","F","",0,0,"N",0,"N",0,"N",0,0,0,0,"8","","","","F","F","F","F","F","F","F","F","F","","","","F","F","F","F","F","","","","",0,8,0,0,0,0,0,0,0,53,"PHI","BSN","PHI",0,"F","T",4,8,1,26,3,"T","F",0,0,"F","F","neisb101","bancd101","T","T",0,0,0,0,0,0,0,0,0,"","","",0,0,0,0,0,0,0,0,0,0,0,0,0,"harpg101","F","F","F","F",0,0,0,0,0,0,0,0,0,0,F,F,"1925PHI.EVN.regular.event.csv",574
"PHI192505022","BSN",6,1,0,0,0,"",4,8,"carlh101","?","carlh101","?","kampi101","?","kampi101","?","oneim102","burrd101","padge101","marrw101","bancd101","harrd101","neisb101","welsj101","","","","K","T","F",1,9,3,"T","T",0,"F","F",1,"F","F",0,"F","F",0,"","F","F","",0,0,"N",0,"N",0,"N",0,0,0,0,"2","","","","F","F","F","F","F","F","F","F","F","","","","F","F","F","F","F","","","","",0,2,0,0,0,0,0,0,0,54,"PHI","PHI","BSN",1,"T","F",8,4,0,26,0,"T","F",0,0,"T","T","burng101","fonsl101","F","F",0,0,0,0,0,0,0,0,0,"","","",0,0,0,0,0,0,0,0,0,0,0,0,0,"","F","F","F","F",0,0,0,0,0,0,0,0,0,0,F,F,"1925PHI.EVN.regular.event.csv",575
"PHI192505022","BSN",6,1,1,0,0,"",4,8,"burng101","?","burng101","?","kampi101","?","kampi101","?","oneim102","burrd101","padge101","marrw101","bancd101","harrd101","neisb101","welsj101","","","","E3","F","F",7,1,18,"T","T",0,"F","F",0,"F","F",0,"F","F",3,"G","F","F","",1,3,"F",0,"N",0,"N",1,0,0,0,"","","","","F","F","F","F","F","F","F","F","F","","","","F","F","F","F","F","","","","",0,0,0,0,0,0,0,0,0,55,"PHI","PHI","BSN",1,"F","F",8,4,0,27,1,"T","F",0,1,"T","T","fonsl101","willc103","F","F",0,0,0,0,0,0,0,0,0,"","","",0,0,0,0,0,0,0,0,0,0,0,0,0,"burrd101","F","F","F","T",0,0,0,0,0,0,0,0,0,0,F,F,"1925PHI.EVN.regular.event.csv",576
"PHI192505022","BSN",6,1,1,0,0,"",4,8,"fonsl101","?","fonsl101","?","kampi101","?","kampi101","?","oneim102","burrd101","padge101","marrw101","bancd101","harrd101","neisb101","welsj101","burng101","","","D9.1-3","F","F",4,2,21,"T","T",2,"F","F",0,"F","F",0,"F","F",9,"","F","F","",0,0,"N",0,"N",0,"N",2,3,0,0,"","","","","F","F","F","F","F","F","F","F","F","kampi101","","","F","F","F","F","F","","","","",0,0,0,0,0,0,0,0,0,56,"PHI","PHI","BSN",1,"F","F",8,4,0,28,2,"T","F",1,6,"T","T","willc103","harpg101","F","F",7,1,55,0,0,0,0,0,0,"oneim102","","",0,0,0,0,0,0,0,0,0,0,0,0,0,"welsj101","F","F","F","F",3,0,0,0,0,0,0,0,0,0,F,F,"1925PHI.EVN.regular.event.csv",577
"PHI192505022","BSN",6,1,1,0,0,"",4,8,"willc103","?","willc103","?","kampi101","?","kampi101","?","oneim102","burrd101","padge101","marrw101","bancd101","harrd101","neisb101","welsj101","","fonsl101","burng101","FC1.3XH(152);2-3;B-2#","F","F",9,3,19,"T","T",0,"F","F",1,"F","F",0,"F","F",1,"G","F","F","",0,0,"N",0,"N",0,"N",2,0,3,0,"","","","152","F","F","F","F","F","F","F","F","F","","kampi101","kampi101","F","F","F","F","F","","","","",0,2,0,0,1,5,0,0,0,57,"PHI","PHI","BSN",1,"F","F",8,4,0,29,3,"T","F",6,6,"T","T","harpg101","hawkc101","F","F",0,0,0,4,2,56,7,1,55,"","oneim102","oneim102",0,0,0,0,0,0,0,0,0,0,0,0,0,"kampi101","F","F","F","F",2,0,3,0,0,0,0,0,0,0,F,T,"1925PHI.EVN.regular.event.csv",578
"PHI192505022","BSN",6,1,2,0,0,"",4,8,"mokaj101","?","mokaj101","?","kampi101","?","kampi101","?","oneim102","burrd101","padge101","marrw101","bancd101","harrd101","neisb101","welsj101","","willc103","fonsl101","W","F","T",11,4,14,"T","F",0,"F","F",0,"F","F",0,"F","F",0,"","F","F","",0,0,"N",0,"N",0,"N",1,0,2,3,"","","","","F","F","F","F","F","F","F","F","F","","kampi101","kampi101","F","F","F","F","F","","","","harpg101",8,0,0,0,0,0,0,0,0,58,"PHI","PHI","BSN",1,"F","F",8,4,0,30,4,"T","F",6,7,"F","F","hawkc101","wilsj105","F","F",0,0,0,9,3,57,4,2,56,"","oneim102","oneim102",0,0,0,0,0,0,0,0,0,0,0,0,0,"","F","F","F","F",1,0,2,3,0,0,0,0,0,0,F,F,"1925PHI.EVN.regular.event.csv",579
"PHI192505022","BSN",6,1,2,0,0,"",4,8,"hawkc101","?","hawkc101","?","kampi101","?","kampi101","?","oneim102","burrd101","padge101","marrw101","bancd101","harrd101","neisb101","welsj101","mokaj101","willc103","fonsl101","3/G","F","F",3,5,2,"T","T",0,"F","F",1,"F","F",0,"F","F",3,"G","F","F","",0,0,"N",0,"N",0,"N",0,1,2,3,"3","","","","F","F","F","F","F","F","F","F","F","kampi101","kampi101","kampi101","F","F","F","F","F","","","","",0,3,0,0,0,0,0,0,0,59,"PHI","PHI","BSN",1,"F","T",8,4,0,31,5,"T","F",7,7,"T","T","wilsj105","sandh101","F","F",0,4,58,9,3,57,4,2,56,"oneim102","oneim102","oneim102",0,0,0,0,0,0,0,0,0,0,0,0,0,"burrd101","F","F","F","F",0,1,2,3,0,0,0,0,0,0,F,F,"1925PHI.EVN.regular.event.csv",580
"PHI192505022","BSN",7,0,0,0,0,"",4,8,"neisb101","?","neisb101","?","carlh101","?","carlh101","?","wilsj105","hawkc101","fonsl101","hubec101","sandh101","burng101","mokaj101","willc103","","","","9/F","T","F",8,1,2,"T","T",0,"F","F",1,"F","F",0,"F","F",9,"F","F","F","",0,0,"N",0,"N",0,"N",0,0,0,0,"9","","","","F","F","F","F","F","F","F","F","F","","","","F","F","F","F","F","","","","",0,9,0,0,0,0,0,0,0,60,"PHI","BSN","PHI",0,"T","F",4,8,0,27,0,"T","F",0,0,"T","T","bancd101","marrw101","T","T",0,0,0,0,0,0,0,0,0,"","","",0,0,0,0,0,0,0,0,0,0,0,0,0,"willc103","F","F","F","F",0,0,0,0,1,0,0,0,0,0,F,F,"1925PHI.EVN.regular.event.csv",581
"PHI192505022","BSN",7,0,1,0,0,"",4,8,"bancd101","?","bancd101","?","carlh101","?","carlh101","?","wilsj105","hawkc101","fonsl101","hubec101","sandh101","burng101","mokaj101","willc103","","","","S7","F","F",6,2,20,"T","T",1,"F","F",0,"F","F",0,"F","F",7,"","F","F","",0,0,"N",0,"N",0,"N",1,0,0,0,"","","","","F","F","F","F","F","F","F","F","F","","","","F","F","F","F","F","","","","",0,0,0,0,0,0,0,0,0,61,"PHI","BSN","PHI",0,"F","F",4,8,0,28,1,"T","F",0,1,"T","T","marrw101","harrd101","T","T",0,0,0,0,0,0,0,0,0,"","","",0,0,0,0,0,0,0,0,0,0,0,0,0,"burng101","F","F","F","F",5,0,0,0,1,0,0,0,0,0,F,F,"1925PHI.EVN.regular.event.csv",582
"PHI192505022","BSN",7,0,1,0,0,"",4,8,"marrw101","?","marrw101","?","carlh101","?","carlh101","?","wilsj105","hawkc101","fonsl101","hubec101","sandh101","burng101","mokaj101","willc103","bancd101","","","S8.1-3","F","F",5,3,20,"T","T",1,"F","F",0,"F","F",0,"F","F",8,"","F","F","",0,0,"N",0,"N",0,"N",1,3,0,0,"","","","","F","F","F","F","F","F","F","F","F","carlh101","","","F","F","F","F","F","","","","",0,0,0,0,0,0,0,0,0,62,"PHI","BSN","PHI",0,"F","F",4,8,0,29,2,"T","F",1,5,"T","T","harrd101","welsj101","T","T",6,2,61,0,0,0,0,0,0,"wilsj105","","",0,0,0,0,0,0,0,0,0,0,0,0,0,"mokaj101","F","F","F","F",0,5,0,0,1,0,0,0,0,0,F,F,"1925PHI.EVN.regular.event.csv",583
"PHI192505022","BSN",7,0,1,0,0,"",4,8,"harrd101","?","harrd101","?","carlh101","?","carlh101","?","wilsj105","hawkc101","fonsl101","hubec101","sandh101","burng101","mokaj101","willc103","marrw101","","bancd101","54(1)/FO.3-H(E4/TH)(NR)(UR)#","F","F",7,4,2,"T","T",0,"F","F",1,"F","F",0,"F","F",5,"G","F","F","",1,4,"T",0,"N",0,"N",1,0,0,5,"","54","","","F","F","F","F","F","F","F","F","F","carlh101","","carlh101","F","F","F","F","F","","","","",0,4,0,0,5,0,0,0,0,63,"PHI","BSN","PHI",0,"F","F",4,8,0,30,3,"T","F",5,1,"T","T","welsj101","burrd101","T","T",5,3,62,0,0,0,6,2,61,"wilsj105","","wilsj105",0,0,0,0,0,0,0,0,0,0,0,0,1,"hubec101","T","F","F","F",0,0,0,5,0,0,0,0,0,0,F,T,"1925PHI.EVN.regular.event.csv",584
"PHI192505022","BSN",7,0,2,0,0,"",5,8,"welsj101","?","welsj101","?","carlh101","?","carlh101","?","wilsj105","hawkc101","fonsl101","hubec101","sandh101","burng101","mokaj101","willc103","harrd101","","","4/P","F","F",9,5,2,"T","T",0,"F","F",1,"F","F",0,"F","F",4,"P","F","F","",0,0,"N",0,"N",0,"N",0,1,0,0,"4","","","","F","F","F","F","F","F","F","F","F","carlh101","","","F","F","F","F","F","","","","",0,4,0,0,0,0,0,0,0,64,"PHI","BSN","PHI",0,"F","T",5,8,1,31,4,"T","F",1,1,"T","T","burrd101","padge101","T","T",7,4,63,0,0,0,0,0,0,"wilsj105","","",0,0,0,0,0,0,0,0,0,0,0,0,0,"fonsl101","F","F","F","F",0,0,0,0,0,0,0,0,0,0,F,F,"1925PHI.EVN.regular.event.csv",585
"PHI192505022","BSN",7,1,0,0,0,"",5,8,"wilsj105","?","wilsj105","?","kampi101","?","kampi101","?","oneim102","burrd101","padge101","marrw101","bancd101","harrd101","neisb101","welsj101","","","","W","T","F",2,6,14,"T","F",0,"F","F",0,"F","F",0,"F","F",0,"","F","F","",0,0,"N",0,"N",0,"N",1,0,0,0,"","","","","F","F","F","F","F","F","F","F","F","","","","F","F","F","F","F","","","","",0,0,0,0,0,0,0,0,0,65,"PHI","PHI","BSN",1,"T","F",8,5,0,32,0,"T","F",0,1,"T","T","sandh101","hubec101","F","F",0,0,0,0,0,0,0,0,0,"","","",0,0,0,0,0,0,0,0,0,0,0,0,0,"","F","F","F","F",0,0,0,0,3,0,0,0,0,0,F,F,"1925PHI.EVN.regular.event.csv",586
"PHI192505022","BSN",7,1,0,0,0,"",5,8,"sandh101","?","sandh101","?","kampi101","?","kampi101","?","oneim102","burrd101","padge101","marrw101","bancd101","harrd101","neisb101","welsj101","wilsj105","","","3/SH.1-2","F","F",6,7,2,"T","F",0,"T","F",1,"F","F",0,"F","F",3,"G","T","F","",0,0,"N",0,"N",0,"N",0,2,0,0,"3","","","","F","F","F","F","F","F","F","F","F","kampi101","","","F","F","F","F","F","","","","",0,3,0,0,0,0,0,0,0,66,"PHI","PHI","BSN",1,"F","F",8,5,0,33,1,"T","F",1,2,"T","T","hubec101","carlh101","F","F",2,6,65,0,0,0,0,0,0,"oneim102","","",0,0,0,0,0,0,0,0,0,0,0,0,0,"burrd101","F","F","F","F",0,0,0,0,3,0,0,0,0,0,F,F,"1925PHI.EVN.regular.event.csv",587
"PHI192505022","BSN",7,1,1,0,0,"",5,8,"hubec101","?","hubec101","?","kampi101","?","kampi101","?","oneim102","burrd101","padge101","marrw101","bancd101","harrd101","neisb101","welsj101","","wilsj105","","FC6.2X3(6545);B-2#","F","F",5,8,19,"T","T",0,"F","F",1,"F","F",0,"F","F",6,"G","F","F","",0,0,"N",0,"N",0,"N",2,0,0,0,"","","6545","","F","F","F","F","F","F","F","F","F","","kampi101","","F","F","F","F","F","","","","",0,5,0,0,6,5,4,0,0,67,"PHI","PHI","BSN",1,"F","F",8,5,0,34,2,"T","F",2,2,"T","T","carlh101","burng101","F","F",0,0,0,2,6,65,0,0,0,"","oneim102","",0,0,0,0,0,0,0,0,0,0,0,0,0,"bancd101","F","F","F","F",4,0,0,0,3,0,0,0,0,0,F,T,"1925PHI.EVN.regular.event.csv",588
"PHI192505022","BSN",7,1,2,0,0,"",5,8,"carlh101","?","carlh101","?","kampi101","?","kampi101","?","oneim102","burrd101","padge101","marrw101","bancd101","harrd101","neisb101","welsj101","","hubec101","","S9.2-H","F","F",1,9,20,"T","T",1,"F","F",0,"F","F",1,"F","F",9,"","F","F","",0,0,"N",0,"N",0,"N",1,0,4,0,"","","","","F","F","F","F","F","F","F","F","F","","kampi101","","F","F","F","F","F","","","","",0,0,0,0,0,0,0,0,0,68,"PHI","PHI","BSN",1,"F","F",8,5,0,35,3,"T","F",2,1,"T","T","burng101","fonsl101","F","F",0,0,0,5,8,67,0,0,0,"","oneim102","",0,0,0,0,0,0,0,0,0,0,0,0,1,"welsj101","F","F","F","F",4,0,4,0,2,0,0,0,0,0,F,F,"1925PHI.EVN.regular.event.csv",589
"PHI192505022","BSN",7,1,2,0,0,"",5,9,"burng101","?","burng101","?","kampi101","?","kampi101","?","oneim102","burrd101","padge101","marrw101","bancd101","harrd101","neisb101","welsj101","carlh101","","","D8.1-H","F","F",7,1,21,"T","T",2,"F","F",0,"F","F",1,"F","F",8,"","F","F","",0,0,"N",0,"N",0,"N",2,4,0,0,"","","","","F","F","F","F","F","F","F","F","F","kampi101","","","F","F","F","F","F","","","","",0,0,0,0,0,0,0,0,0,69,"PHI","PHI","BSN",1,"F","F",9,5,1,36,4,"T","F",1,2,"T","T","fonsl101","willc103","F","F",1,9,68,0,0,0,0,0,0,"oneim102","","",0,0,0,0,0,0,0,0,0,0,0,0,1,"neisb101","F","F","F","F",4,4,0,0,1,0,0,0,0,0,F,F,"1925PHI.EVN.regular.event.csv",590
"PHI192505022","BSN",7,1,2,0,0,"",5,10,"fonsl101","?","fonsl101","?","kampi101","?","kampi101","?","oneim102","burrd101","padge101","marrw101","bancd101","harrd101","neisb101","welsj101","","burng101","","SB3","F","F",4,2,4,"F","F",0,"F","F",0,"F","F",0,"F","F",0,"","F","F","",0,0,"N",0,"N",0,"N",0,0,3,0,"","","","","F","T","F","F","F","F","F","F","F","","kampi101","","F","F","F","F","F","","","","",0,0,0,0,0,0,0,0,0,70,"PHI","PHI","BSN",1,"F","F",10,5,2,37,5,"T","F",2,4,"T","T","willc103","mokaj101","F","F",0,0,0,7,1,69,0,0,0,"","oneim102","",0,0,0,0,0,0,0,0,0,0,0,0,0,"","F","F","F","F",0,0,4,0,1,0,0,0,0,0,F,F,"1925PHI.EVN.regular.event.csv",591
"PHI192505022","BSN",7,1,2,0,0,"",5,10,"fonsl101","?","fonsl101","?","kampi101","?","kampi101","?","oneim102","burrd101","padge101","marrw101","bancd101","harrd101","neisb101","welsj101","","","burng101","W","F","F",4,2,14,"T","F",0,"F","F",0,"F","F",0,"F","F",0,"","F","F","",0,0,"N",0,"N",0,"N",1,0,0,3,"","","","","F","F","F","F","F","F","F","F","F","","","kampi101","F","F","F","F","F","","","","",0,0,0,0,0,0,0,0,0,71,"PHI","PHI","BSN",1,"F","F",10,5,2,37,5,"F","F",4,5,"T","T","willc103","mokaj101","F","F",0,0,0,0,0,0,7,1,69,"","","oneim102",0,0,0,0,0,0,0,0,0,0,0,0,0,"","F","F","F","F",0,0,0,4,1,0,0,0,0,0,F,F,"1925PHI.EVN.regular.event.csv",592
"PHI192505022","BSN",7,1,2,0,0,"",5,10,"willc103","?","willc103","?","kampi101","?","kampi101","?","oneim102","burrd101","padge101","marrw101","bancd101","harrd101","neisb101","welsj101","fonsl101","","burng101","S8.3-H;1-3","F","F",9,3,20,"T","T",1,"F","F",0,"F","F",1,"F","F",8,"","F","F","",0,0,"N",0,"N",0,"N",1,3,0,4,"","","","","F","F","F","F","F","F","F","F","F","kampi101","","kampi101","F","F","F","F","F","","","","",0,0,0,0,0,0,0,0,0,72,"PHI","PHI","BSN",1,"F","F",10,5,2,38,6,"T","F",5,5,"T","T","mokaj101","hawkc101","F","F",4,2,71,0,0,0,7,1,69,"oneim102","","oneim102",0,0,0,0,0,0,0,0,0,0,0,0,1,"neisb101","F","F","F","F",0,0,0,4,0,0,0,0,0,0,F,F,"1925PHI.EVN.regular.event.csv",593
"PHI192505022","BSN",7,1,2,0,0,"",5,11,"mokaj101","?","mokaj101","?","kampi101","?","kampi101","?","oneim102","burrd101","padge101","marrw101","bancd101","harrd101","neisb101","welsj101","willc103","","fonsl101","PO3(25)","F","F",8,4,8,"F","F",0,"F","F",1,"F","F",0,"F","F",0,"","F","F","",0,0,"N",0,"N",0,"N",0,1,0,0,"","","","25","F","F","F","F","F","F","F","F","T","kampi101","","kampi101","F","F","F","F","F","","","","",0,5,0,0,2,0,0,0,0,73,"PHI","PHI","BSN",1,"F","T",11,5,3,39,7,"T","T",5,1,"F","F","hawkc101","wilsj105","F","F",9,3,72,0,0,0,4,2,71,"oneim102","","oneim102",0,0,0,0,0,0,0,0,0,0,0,0,0,"","F","F","F","F",0,0,0,0,0,0,0,0,0,0,F,F,"1925PHI.EVN.regular.event.csv",594
"PHI192505022","BSN",8,0,0,0,0,"",5,11,"burrd101","?","burrd101","?","carlh101","?","carlh101","?","wilsj105","hawkc101","fonsl101","hubec101","sandh101","burng101","mokaj101","willc103","","","","8/F","T","F",3,6,2,"T","T",0,"F","F",1,"F","F",0,"F","F",8,"F","F","F","",0,0,"N",0,"N",0,"N",0,0,0,0,"8","","","","F","F","F","F","F","F","F","F","F","","","","F","F","F","F","F","","","","",0,8,0,0,0,0,0,0,0,74,"PHI","BSN","PHI",0,"T","F",5,11,0,32,0,"T","F",0,0,"T","T","padge101","oneim102","T","T",0,0,0,0,0,0,0,0,0,"","","",0,0,0,0,0,0,0,0,0,0,0,0,0,"mokaj101","F","F","F","F",0,0,0,0,0,0,0,0,0,0,F,F,"1925PHI.EVN.regular.event.csv",595
"PHI192505022","BSN",8,0,1,0,0,"",5,11,"padge101","?","padge101","?","carlh101","?","carlh101","?","wilsj105","hawkc101","fonsl101","hubec101","sandh101","burng101","mokaj101","willc103","","","","9/F","F","F",4,7,2,"T","T",0,"F","F",1,"F","F",0,"F","F",9,"F","F","F","",0,0,"N",0,"N",0,"N",0,0,0,0,"9","","","","F","F","F","F","F","F","F","F","F","","","","F","F","F","F","F","","","","",0,9,0,0,0,0,0,0,0,75,"PHI","BSN","PHI",0,"F","F",5,11,0,33,1,"T","F",0,0,"T","T","oneim102","kampi101","T","T",0,0,0,0,0,0,0,0,0,"","","",0,0,0,0,0,0,0,0,0,0,0,0,0,"willc103","F","F","F","F",0,0,0,0,0,0,0,0,0,0,F,F,"1925PHI.EVN.regular.event.csv",596
"PHI192505022","BSN",8,0,2,0,0,"",5,11,"oneim102","?","oneim102","?","carlh101","?","carlh101","?","wilsj105","hawkc101","fonsl101","hubec101","sandh101","burng101","mokaj101","willc103","","","","63","F","F",2,8,2,"T","T",0,"F","F",1,"F","F",0,"F","F",6,"G","F","F","",0,0,"N",0,"N",0,"N",0,0,0,0,"63","","","","F","F","F","F","F","F","F","F","F","","","","F","F","F","F","F","","","","",0,3,0,0,6,0,0,0,0,76,"PHI","BSN","PHI",0,"F","T",5,11,0,34,2,"T","F",0,0,"T","T","kampi101","neisb101","T","T",0,0,0,0,0,0,0,0,0,"","","",0,0,0,0,0,0,0,0,0,0,0,0,0,"sandh101","F","F","F","F",0,0,0,0,0,0,0,0,0,0,F,F,"1925PHI.EVN.regular.event.csv",597
"PHI192505022","BSN",8,1,0,0,0,"",5,11,"mokaj101","?","mokaj101","?","kampi101","?","kampi101","?","cousd101","burrd101","padge101","marrw101","smitb110","harrd101","neisb101","welsj101","","","","S7","T","F",8,4,20,"T","T",1,"F","F",0,"F","F",0,"F","F",7,"","F","F","",0,0,"N",0,"N",0,"N",1,0,0,0,"","","","","F","F","F","F","F","F","F","F","F","","","","F","F","F","F","F","","","","",0,0,0,0,0,0,0,0,0,77,"PHI","PHI","BSN",1,"T","F",11,5,0,39,0,"T","F",0,1,"F","F","hawkc101","wilsj105","F","F",0,0,0,0,0,0,0,0,0,"","","",0,0,0,0,0,0,0,0,0,0,0,0,0,"harrd101","F","F","F","F",5,0,0,0,1,0,0,0,0,0,F,F,"1925PHI.EVN.regular.event.csv",598
"PHI192505022","BSN",8,1,0,0,0,"",5,11,"hawkc101","?","hawkc101","?","kampi101","?","kampi101","?","cousd101","burrd101","padge101","marrw101","smitb110","harrd101","neisb101","welsj101","mokaj101","","","53.1-2","F","F",3,5,2,"T","T",0,"F","F",1,"F","F",0,"F","F",5,"G","F","F","",0,0,"N",0,"N",0,"N",0,2,0,0,"53","","","","F","F","F","F","F","F","F","F","F","kampi101","","","F","F","F","F","F","","","","",0,3,0,0,5,0,0,0,0,78,"PHI","PHI","BSN",1,"F","F",11,5,0,40,1,"T","F",1,2,"T","T","wilsj105","sandh101","F","F",8,4,77,0,0,0,0,0,0,"cousd101","","",0,0,0,0,0,0,0,0,0,0,0,0,0,"marrw101","F","F","F","F",0,5,0,0,1,0,0,0,0,0,F,F,"1925PHI.EVN.regular.event.csv",599
"PHI192505022","BSN",8,1,1,0,0,"",5,11,"wilsj105","?","wilsj105","?","kampi101","?","kampi101","?","cousd101","burrd101","padge101","marrw101","smitb110","harrd101","neisb101","welsj101","","mokaj101","","E5/TH.2-3","F","F",2,6,18,"T","T",0,"F","F",0,"F","F",0,"F","F",5,"G","F","F","",1,5,"T",0,"N",0,"N",1,0,3,0,"","","","","F","F","F","F","F","F","F","F","F","","kampi101","","F","F","F","F","F","","","","",0,0,0,0,0,0,0,0,0,79,"PHI","PHI","BSN",1,"F","F",11,5,0,41,2,"T","F",2,5,"T","T","sandh101","hubec101","F","F",0,0,0,8,4,77,0,0,0,"","cousd101","",0,0,0,0,0,0,0,0,0,0,0,0,0,"marrw101","F","F","F","T",2,0,5,0,1,0,0,0,0,0,F,F,"1925PHI.EVN.regular.event.csv",600
"PHI192505022","BSN",8,1,1,0,0,"",5,11,"sandh101","?","sandh101","?","kampi101","?","kampi101","?","cousd101","burrd101","padge101","marrw101","smitb110","harrd101","neisb101","welsj101","wilsj105","","mokaj101","WP.3-H(UR);1-2","F","F",6,7,9,"F","F",0,"F","F",0,"F","F",0,"T","F",0,"","F","F","",0,0,"N",0,"N",0,"N",0,2,0,5,"","","","","F","F","F","F","F","F","F","F","F","kampi101","","kampi101","F","F","F","F","F","","","","",0,0,0,0,0,0,0,0,0,80,"PHI","PHI","BSN",1,"F","F",11,5,0,42,3,"T","F",5,2,"T","T","hubec101","carlh101","F","F",2,6,79,0,0,0,8,4,77,"cousd101","","cousd101",0,0,0,0,0,0,0,0,0,0,0,0,1,"","F","F","F","F",0,2,0,5,0,0,0,0,0,0,F,F,"1925PHI.EVN.regular.event.csv",601
"PHI192505022","BSN",8,1,1,0,0,"",5,12,"sandh101","?","sandh101","?","kampi101","?","kampi101","?","cousd101","burrd101","padge101","marrw101","smitb110","harrd101","neisb101","welsj101","","wilsj105","","8/F","F","F",6,7,2,"T","T",0,"F","F",1,"F","F",0,"F","F",8,"F","F","F","",0,0,"N",0,"N",0,"N",0,0,2,0,"8","","","","F","F","F","F","F","F","F","F","F","","kampi101","","F","F","F","F","F","","","","",0,8,0,0,0,0,0,0,0,81,"PHI","PHI","BSN",1,"F","F",12,5,1,42,3,"F","F",2,2,"T","T","hubec101","carlh101","F","F",0,0,0,2,6,79,0,0,0,"","cousd101","",0,0,0,0,0,0,0,0,0,0,0,0,0,"neisb101","F","F","F","F",0,0,2,0,0,0,0,0,0,0,F,F,"1925PHI.EVN.regular.event.csv",602
"PHI192505022","BSN",8,1,2,0,0,"",5,12,"hubec101","?","hubec101","?","kampi101","?","kampi101","?","cousd101","burrd101","padge101","marrw101","smitb110","harrd101","neisb101","welsj101","","wilsj105","","63","F","F",5,8,2,"T","T",0,"F","F",1,"F","F",0,"F","F",6,"G","F","F","",0,0,"N",0,"N",0,"N",0,0,2,0,"63","","","","F","F","F","F","F","F","F","F","F","","kampi101","","F","F","F","F","F","","","","",0,3,0,0,6,0,0,0,0,82,"PHI","PHI","BSN",1,"F","T",12,5,1,43,4,"T","F",2,2,"T","T","carlh101","burng101","F","F",0,0,0,2,6,79,0,0,0,"","cousd101","",0,0,0,0,0,0,0,0,0,0,0,0,0,"smitb110","F","F","F","F",0,0,2,0,0,0,0,0,0,0,F,F,"1925PHI.EVN.regular.event.csv",603
"PHI192505022","BSN",9,0,0,0,0,"",5,12,"felig101","?","felig101","?","carlh101","?","carlh101","?","wilsj105","hawkc101","fonsl101","hubec101","sandh101","burng101","mokaj101","willc103","","","","S7","T","T",11,9,20,"T","T",1,"F","F",0,"F","F",0,"F","F",7,"","F","F","",0,0,"N",0,"N",0,"N",1,0,0,0,"","","","","F","F","F","F","F","F","F","F","F","","","","F","F","F","F","F","","","","kampi101",1,0,0,0,0,0,0,0,0,83,"PHI","BSN","PHI",0,"T","F",5,12,0,35,0,"T","F",0,1,"F","F","neisb101","smitb110","T","T",0,0,0,0,0,0,0,0,0,"","","",0,0,0,0,0,0,0,0,0,0,0,0,0,"burng101","F","F","F","F",4,0,0,0,1,0,0,0,0,0,F,F,"1925PHI.EVN.regular.event.csv",604
"PHI192505022","BSN",9,0,0,0,0,"",5,12,"neisb101","?","neisb101","?","carlh101","?","carlh101","?","wilsj105","hawkc101","fonsl101","hubec101","sandh101","burng101","mokaj101","willc103","felig101","","","43.1-2","F","F",8,1,2,"T","T",0,"F","F",1,"F","F",0,"F","F",4,"G","F","F","",0,0,"N",0,"N",0,"N",0,2,0,0,"43","","","","F","F","F","F","F","F","F","F","F","carlh101","","","F","F","F","F","F","","","","",0,3,0,0,4,0,0,0,0,84,"PHI","BSN","PHI",0,"F","F",5,12,0,36,1,"T","F",1,2,"T","T","smitb110","marrw101","T","T",0,9,83,0,0,0,0,0,0,"wilsj105","","",0,0,0,0,0,0,0,0,0,0,0,0,0,"fonsl101","F","F","F","F",0,4,0,0,1,0,0,0,0,0,F,F,"1925PHI.EVN.regular.event.csv",605
"PHI192505022","BSN",9,0,1,0,0,"",5,12,"smitb110","?","smitb110","?","carlh101","?","carlh101","?","wilsj105","hawkc101","fonsl101","hubec101","sandh101","burng101","mokaj101","willc103","","felig101","","D7.2-H","F","F",6,2,21,"T","T",2,"F","F",0,"F","F",1,"F","F",7,"","F","F","",0,0,"N",0,"N",0,"N",2,0,4,0,"","","","","F","F","F","F","F","F","F","F","F","","carlh101","","F","F","F","F","F","","","","",0,0,0,0,0,0,0,0,0,85,"PHI","BSN","PHI",0,"F","F",5,12,0,37,2,"T","F",2,2,"F","F","marrw101","harrd101","T","T",0,0,0,0,9,83,0,0,0,"","wilsj105","",0,0,0,0,0,0,0,0,0,0,0,0,1,"burng101","F","F","F","F",2,0,4,0,0,0,0,0,0,0,F,F,"1925PHI.EVN.regular.event.csv",606
"PHI192505022","BSN",9,0,1,0,0,"",6,12,"marrw101","?","marrw101","?","carlh101","?","carlh101","?","wilsj105","hawkc101","fonsl101","hubec101","sandh101","burng101","mokaj101","willc103","","smitb110","","7/F","F","F",5,3,2,"T","T",0,"F","F",1,"F","F",0,"F","F",7,"F","F","F","",0,0,"N",0,"N",0,"N",0,0,2,0,"7","","","","F","F","F","F","F","F","F","F","F","","carlh101","","F","F","F","F","F","","","","",0,7,0,0,0,0,0,0,0,86,"PHI","BSN","PHI",0,"F","F",6,12,1,38,3,"T","F",2,2,"T","T","harrd101","welsj101","T","T",0,0,0,6,2,85,0,0,0,"","wilsj105","",0,0,0,0,0,0,0,0,0,0,0,0,0,"burng101","F","F","F","F",0,0,2,0,0,0,0,0,0,0,F,F,"1925PHI.EVN.regular.event.csv",607
"PHI192505022","BSN",9,0,2,0,0,"",6,12,"harrd101","?","harrd101","?","carlh101","?","carlh101","?","wilsj105","hawkc101","fonsl101","hubec101","sandh101","burng101","mokaj101","willc103","","smitb110","","13","F","F",7,4,2,"T","T",0,"F","F",1,"F","F",0,"F","F",1,"G","F","F","",0,0,"N",0,"N",0,"N",0,0,2,0,"13","","","","F","F","F","F","F","F","F","F","F","","carlh101","","F","T","F","F","F","","","","",0,3,0,0,1,0,0,0,0,87,"PHI","BSN","PHI",0,"F","T",6,12,1,39,4,"T","F",2,2,"T","T","welsj101","burrd101","T","T",0,0,0,6,2,85,0,0,0,"","wilsj105","",0,0,0,0,0,0,0,0,0,0,0,0,0,"carlh101","F","F","F","F",0,0,2,0,0,0,0,0,0,0,F,F,"1925PHI.EVN.regular.event.csv",608
"PHI192505040","NY1",1,0,0,0,0,"",0,0,"soutb101","?","soutb101","?","decaa101","?","decaa101","?","henlb101","hawkc101","kimmw101","hubec101","sandh101","burng101","mokaj101","schuj101","","","","8/F8XD","T","F",8,1,2,"T","T",0,"F","F",1,"F","F",0,"F","F",8,"F","F","F","8XD",0,0,"N",0,"N",0,"N",0,0,0,0,"8","","","","F","F","F","F","F","F","F","F","F","","","","T","F","F","F","F","","","","",0,8,0,0,0,0,0,0,0,1,"PHI","NY1","PHI",0,"T","F",0,0,0,0,0,"T","F",0,0,"T","T","frisf101","younr101","T","T",0,0,0,0,0,0,0,0,0,"","","",0,0,0,0,0,0,0,0,0,0,0,0,0,"mokaj101","F","F","F","F",0,0,0,0,0,0,0,0,0,0,F,F,"1925PHI.EVN.regular.event.csv",609
"PHI192505040","NY1",1,0,1,0,0,"",0,0,"frisf101","?","frisf101","?","decaa101","?","decaa101","?","henlb101","hawkc101","kimmw101","hubec101","sandh101","burng101","mokaj101","schuj101","","","","7/F","F","F",4,2,2,"T","T",0,"F","F",1,"F","F",0,"F","F",7,"F","F","F","",0,0,"N",0,"N",0,"N",0,0,0,0,"7","","","","F","F","F","F","F","F","F","F","F","","","","F","F","F","F","F","","","","",0,7,0,0,0,0,0,0,0,2,"PHI","NY1","PHI",0,"F","F",0,0,0,1,1,"T","F",0,0,"T","T","younr101","kellg101","T","T",0,0,0,0,0,0,0,0,0,"","","",0,0,0,0,0,0,0,0,0,0,0,0,0,"burng101","F","F","F","F",0,0,0,0,0,0,0,0,0,0,F,F,"1925PHI.EVN.regular.event.csv",610
"PHI192505040","NY1",1,0,2,0,0,"",0,0,"younr101","?","younr101","?","decaa101","?","decaa101","?","henlb101","hawkc101","kimmw101","hubec101","sandh101","burng101","mokaj101","schuj101","","","","63","F","F",9,3,2,"T","T",0,"F","F",1,"F","F",0,"F","F",6,"G","F","F","",0,0,"N",0,"N",0,"N",0,0,0,0,"63","","","","F","F","F","F","F","F","F","F","F","","","","F","F","F","F","F","","","","",0,3,0,0,6,0,0,0,0,3,"PHI","NY1","PHI",0,"F","T",0,0,0,2,2,"T","F",0,0,"T","T","kellg101","lindf101","T","T",0,0,0,0,0,0,0,0,0,"","","",0,0,0,0,0,0,0,0,0,0,0,0,0,"sandh101","F","F","F","F",0,0,0,0,0,0,0,0,0,0,F,F,"1925PHI.EVN.regular.event.csv",611
"PHI192505040","NY1",1,1,0,0,0,"",0,0,"burng101","?","burng101","?","bentj101","?","bentj101","?","gowdh101","kellg101","frisf101","lindf101","jackt101","meusi101","soutb101","younr101","","","","S4/P3D.BX2(46)","T","F",7,1,20,"T","T",1,"F","F",1,"F","F",0,"F","F",4,"P","F","F","3D",0,0,"N",0,"N",0,"N",0,0,0,0,"46","","","","F","F","F","F","F","F","F","F","F","","","","F","F","F","F","F","","","","",0,6,0,0,4,0,0,0,0,4,"PHI","PHI","NY1",1,"T","F",0,0,0,0,0,"T","F",0,0,"T","T","kimmw101","schuj101","T","T",0,0,0,0,0,0,0,0,0,"","","",0,0,0,0,0,0,0,0,0,0,0,0,0,"frisf101","F","F","F","F",0,0,0,0,0,0,0,0,0,0,F,F,"1925PHI.EVN.regular.event.csv",612
"PHI192505040","NY1",1,1,1,0,0,"",0,0,"kimmw101","?","kimmw101","?","bentj101","?","bentj101","?","gowdh101","kellg101","frisf101","lindf101","jackt101","meusi101","soutb101","younr101","","","","63","F","F",4,2,2,"T","T",0,"F","F",1,"F","F",0,"F","F",6,"G","F","F","",0,0,"N",0,"N",0,"N",0,0,0,0,"63","","","","F","F","F","F","F","F","F","F","F","","","","F","F","F","F","F","","","","",0,3,0,0,6,0,0,0,0,5,"PHI","PHI","NY1",1,"F","F",0,0,0,1,1,"T","F",0,0,"T","T","schuj101","mokaj101","T","T",0,0,0,0,0,0,0,0,0,"","","",0,0,0,0,0,0,0,0,0,0,0,0,0,"jackt101","F","F","F","F",0,0,0,0,0,0,0,0,0,0,F,F,"1925PHI.EVN.regular.event.csv",613
"PHI192505040","NY1",1,1,2,0,0,"",0,0,"schuj101","?","schuj101","?","bentj101","?","bentj101","?","gowdh101","kellg101","frisf101","lindf101","jackt101","meusi101","soutb101","younr101","","","","43","F","F",9,3,2,"T","T",0,"F","F",1,"F","F",0,"F","F",4,"G","F","F","",0,0,"N",0,"N",0,"N",0,0,0,0,"43","","","","F","F","F","F","F","F","F","F","F","","","","F","F","F","F","F","","","","",0,3,0,0,4,0,0,0,0,6,"PHI","PHI","NY1",1,"F","T",0,0,0,2,2,"T","F",0,0,"T","T","mokaj101","hawkc101","T","T",0,0,0,0,0,0,0,0,0,"","","",0,0,0,0,0,0,0,0,0,0,0,0,0,"frisf101","F","F","F","F",0,0,0,0,0,0,0,0,0,0,F,F,"1925PHI.EVN.regular.event.csv",614
"PHI192505040","NY1",2,0,0,0,0,"",0,0,"kellg101","?","kellg101","?","decaa101","?","decaa101","?","henlb101","hawkc101","kimmw101","hubec101","sandh101","burng101","mokaj101","schuj101","","","","S8","T","F",3,4,20,"T","T",1,"F","F",0,"F","F",0,"F","F",8,"","F","F","",0,0,"N",0,"N",0,"N",1,0,0,0,"","","","","F","F","F","F","F","F","F","F","F","","","","F","F","F","F","F","","","","",0,0,0,0,0,0,0,0,0,7,"PHI","NY1","PHI",0,"T","F",0,0,0,3,0,"T","F",0,1,"T","T","lindf101","meusi101","T","T",0,0,0,0,0,0,0,0,0,"","","",0,0,0,0,0,0,0,0,0,0,0,0,0,"mokaj101","F","F","F","F",0,0,0,0,0,0,0,0,0,0,F,F,"1925PHI.EVN.regular.event.csv",615
"PHI192505040","NY1",2,0,0,0,0,"",0,0,"lindf101","?","lindf101","?","decaa101","?","decaa101","?","henlb101","hawkc101","kimmw101","hubec101","sandh101","burng101","mokaj101","schuj101","kellg101","","","3/FL","F","F",5,5,2,"T","T",0,"F","F",1,"F","F",0,"F","F",3,"F","F","T","",0,0,"N",0,"N",0,"N",0,1,0,0,"3","","","","F","F","F","F","F","F","F","F","F","decaa101","","","F","F","F","F","F","","","","",0,3,0,0,0,0,0,0,0,8,"PHI","NY1","PHI",0,"F","F",0,0,0,4,1,"T","F",1,1,"T","T","meusi101","jackt101","T","T",3,4,7,0,0,0,0,0,0,"henlb101","","",0,0,0,0,0,0,0,0,0,0,0,0,0,"hawkc101","F","F","F","F",0,0,0,0,0,0,0,0,0,0,F,F,"1925PHI.EVN.regular.event.csv",616
"PHI192505040","NY1",2,0,1,0,0,"",0,0,"meusi101","?","meusi101","?","decaa101","?","decaa101","?","henlb101","hawkc101","kimmw101","hubec101","sandh101","burng101","mokaj101","schuj101","kellg101","","","46(1)3/GDP","F","F",7,6,2,"T","T",0,"F","F",2,"T","F",0,"F","F",4,"G","F","F","",0,0,"N",0,"N",0,"N",0,0,0,0,"63","46","","","F","F","F","F","F","F","F","F","F","decaa101","","","F","F","F","F","F","","","","",0,6,3,0,4,6,0,0,0,9,"PHI","NY1","PHI",0,"F","T",0,0,0,5,2,"T","F",1,0,"T","T","jackt101","gowdh101","T","T",3,4,7,0,0,0,0,0,0,"henlb101","","",0,0,0,0,0,0,0,0,0,0,0,0,0,"kimmw101","T","F","F","F",0,0,0,0,0,0,0,0,0,0,F,F,"1925PHI.EVN.regular.event.csv",617
"PHI192505040","NY1",2,1,0,0,0,"",0,0,"mokaj101","?","mokaj101","?","bentj101","?","bentj101","?","gowdh101","kellg101","frisf101","lindf101","jackt101","meusi101","soutb101","younr101","","","","S8/78.BX2(84)","T","F",8,4,20,"T","T",1,"F","F",1,"F","F",0,"F","F",8,"","F","F","78",0,0,"N",0,"N",0,"N",0,0,0,0,"84","","","","F","F","F","F","F","F","F","F","F","","","","F","F","F","F","F","","","","",0,4,0,0,8,0,0,0,0,10,"PHI","PHI","NY1",1,"T","F",0,0,0,3,0,"T","F",0,0,"T","T","hawkc101","henlb101","T","T",0,0,0,0,0,0,0,0,0,"","","",0,0,0,0,0,0,0,0,0,0,0,0,0,"soutb101","F","F","F","F",0,0,0,0,0,0,0,0,0,0,F,F,"1925PHI.EVN.regular.event.csv",618
"PHI192505040","NY1",2,1,1,0,0,"",0,0,"hawkc101","?","hawkc101","?","bentj101","?","bentj101","?","gowdh101","kellg101","frisf101","lindf101","jackt101","meusi101","soutb101","younr101","","","","K/C","F","F",3,5,3,"T","T",0,"F","F",1,"F","F",0,"F","F",0,"","F","F","",0,0,"N",0,"N",0,"N",0,0,0,0,"2","","","","F","F","F","F","F","F","F","F","F","","","","F","F","F","F","F","","","","",0,2,0,0,0,0,0,0,0,11,"PHI","PHI","NY1",1,"F","F",0,0,0,4,1,"T","F",0,0,"T","T","henlb101","sandh101","T","T",0,0,0,0,0,0,0,0,0,"","","",0,0,0,0,0,0,0,0,0,0,0,0,0,"","F","F","F","F",0,0,0,0,0,0,0,0,0,0,F,F,"1925PHI.EVN.regular.event.csv",619
"PHI192505040","NY1",2,1,2,0,0,"",0,0,"henlb101","?","henlb101","?","bentj101","?","bentj101","?","gowdh101","kellg101","frisf101","lindf101","jackt101","meusi101","soutb101","younr101","","","","E6/G","F","F",2,6,18,"T","T",0,"F","F",0,"F","F",0,"F","F",6,"G","F","F","",1,6,"F",0,"N",0,"N",1,0,0,0,"","","","","F","F","F","F","F","F","F","F","F","","","","F","F","F","F","F","","","","",0,0,0,0,0,0,0,0,0,12,"PHI","PHI","NY1",1,"F","F",0,0,0,5,2,"T","F",0,1,"T","T","sandh101","hubec101","T","T",0,0,0,0,0,0,0,0,0,"","","",0,0,0,0,0,0,0,0,0,0,0,0,0,"jackt101","F","F","F","T",0,0,0,0,0,0,0,0,0,0,F,F,"1925PHI.EVN.regular.event.csv",620
"PHI192505040","NY1",2,1,2,0,0,"",0,0,"sandh101","?","sandh101","?","bentj101","?","bentj101","?","gowdh101","kellg101","frisf101","lindf101","jackt101","meusi101","soutb101","younr101","henlb101","","","4/P","F","F",6,7,2,"T","T",0,"F","F",1,"F","F",0,"F","F",4,"P","F","F","",0,0,"N",0,"N",0,"N",0,1,0,0,"4","","","","F","F","F","F","F","F","F","F","F","bentj101","","","F","F","F","F","F","","","","",0,4,0,0,0,0,0,0,0,13,"PHI","PHI","NY1",1,"F","T",0,0,0,6,3,"T","F",1,1,"T","T","hubec101","decaa101","T","T",2,6,12,0,0,0,0,0,0,"gowdh101","","",0,0,0,0,0,0,0,0,0,0,0,0,0,"frisf101","F","F","F","F",0,0,0,0,0,0,0,0,0,0,F,F,"1925PHI.EVN.regular.event.csv",621
"PHI192505040","NY1",3,0,0,0,0,"",0,0,"jackt101","?","jackt101","?","decaa101","?","decaa101","?","henlb101","hawkc101","kimmw101","hubec101","sandh101","burng101","mokaj101","schuj101","","","","5/FL","T","F",6,7,2,"T","T",0,"F","F",1,"F","F",0,"F","F",5,"F","F","T","",0,0,"N",0,"N",0,"N",0,0,0,0,"5","","","","F","F","F","F","F","F","F","F","F","","","","F","F","F","F","F","","","","",0,5,0,0,0,0,0,0,0,14,"PHI","NY1","PHI",0,"T","F",0,0,0,6,0,"T","F",0,0,"T","T","gowdh101","bentj101","T","T",0,0,0,0,0,0,0,0,0,"","","",0,0,0,0,0,0,0,0,0,0,0,0,0,"hubec101","F","F","F","F",0,0,0,0,0,0,0,0,0,0,F,F,"1925PHI.EVN.regular.event.csv",622
"PHI192505040","NY1",3,0,1,0,0,"",0,0,"gowdh101","?","gowdh101","?","decaa101","?","decaa101","?","henlb101","hawkc101","kimmw101","hubec101","sandh101","burng101","mokaj101","schuj101","","","","2/FL","F","F",2,8,2,"T","T",0,"F","F",1,"F","F",0,"F","F",2,"F","F","T","",0,0,"N",0,"N",0,"N",0,0,0,0,"2","","","","F","F","F","F","F","F","F","F","F","","","","F","F","F","F","F","","","","",0,2,0,0,0,0,0,0,0,15,"PHI","NY1","PHI",0,"F","F",0,0,0,7,1,"T","F",0,0,"T","T","bentj101","soutb101","T","T",0,0,0,0,0,0,0,0,0,"","","",0,0,0,0,0,0,0,0,0,0,0,0,0,"henlb101","F","F","F","F",0,0,0,0,0,0,0,0,0,0,F,F,"1925PHI.EVN.regular.event.csv",623
"PHI192505040","NY1",3,0,2,0,0,"",0,0,"bentj101","?","bentj101","?","decaa101","?","decaa101","?","henlb101","hawkc101","kimmw101","hubec101","sandh101","burng101","mokaj101","schuj101","","","","2/FL","F","F",1,9,2,"T","T",0,"F","F",1,"F","F",0,"F","F",2,"F","F","T","",0,0,"N",0,"N",0,"N",0,0,0,0,"2","","","","F","F","F","F","F","F","F","F","F","","","","F","F","F","F","F","","","","",0,2,0,0,0,0,0,0,0,16,"PHI","NY1","PHI",0,"F","T",0,0,0,8,2,"T","F",0,0,"T","T","soutb101","frisf101","T","T",0,0,0,0,0,0,0,0,0,"","","",0,0,0,0,0,0,0,0,0,0,0,0,0,"henlb101","F","F","F","F",0,0,0,0,0,0,0,0,0,0,F,F,"1925PHI.EVN.regular.event.csv",624
"PHI192505040","NY1",3,1,0,0,0,"",0,0,"hubec101","?","hubec101","?","bentj101","?","bentj101","?","gowdh101","kellg101","frisf101","lindf101","jackt101","meusi101","soutb101","younr101","","","","53/BG","T","F",5,8,2,"T","T",0,"F","F",1,"F","F",0,"F","F",5,"G","T","F","",0,0,"N",0,"N",0,"N",0,0,0,0,"53","","","","F","F","F","F","F","F","F","F","F","","","","F","F","F","F","F","","","","",0,3,0,0,5,0,0,0,0,17,"PHI","PHI","NY1",1,"T","F",0,0,0,7,0,"T","F",0,0,"T","T","decaa101","burng101","T","T",0,0,0,0,0,0,0,0,0,"","","",0,0,0,0,0,0,0,0,0,0,0,0,0,"lindf101","F","F","F","F",0,0,0,0,0,0,0,0,0,0,F,F,"1925PHI.EVN.regular.event.csv",625
"PHI192505040","NY1",3,1,1,0,0,"",0,0,"decaa101","?","decaa101","?","bentj101","?","bentj101","?","gowdh101","kellg101","frisf101","lindf101","jackt101","meusi101","soutb101","younr101","","","","43","F","F",1,9,2,"T","T",0,"F","F",1,"F","F",0,"F","F",4,"G","F","F","",0,0,"N",0,"N",0,"N",0,0,0,0,"43","","","","F","F","F","F","F","F","F","F","F","","","","F","F","F","F","F","","","","",0,3,0,0,4,0,0,0,0,18,"PHI","PHI","NY1",1,"F","F",0,0,0,8,1,"T","F",0,0,"T","T","burng101","kimmw101","T","T",0,0,0,0,0,0,0,0,0,"","","",0,0,0,0,0,0,0,0,0,0,0,0,0,"frisf101","F","F","F","F",0,0,0,0,0,0,0,0,0,0,F,F,"1925PHI.EVN.regular.event.csv",626
"PHI192505040","NY1",3,1,2,0,0,"",0,0,"burng101","?","burng101","?","bentj101","?","bentj101","?","gowdh101","kellg101","frisf101","lindf101","jackt101","meusi101","soutb101","younr101","","","","S8","F","F",7,1,20,"T","T",1,"F","F",0,"F","F",0,"F","F",8,"","F","F","",0,0,"N",0,"N",0,"N",1,0,0,0,"","","","","F","F","F","F","F","F","F","F","F","","","","F","F","F","F","F","","","","",0,0,0,0,0,0,0,0,0,19,"PHI","PHI","NY1",1,"F","F",0,0,0,9,2,"T","F",0,1,"T","T","kimmw101","schuj101","T","T",0,0,0,0,0,0,0,0,0,"","","",0,0,0,0,0,0,0,0,0,0,0,0,0,"soutb101","F","F","F","F",0,0,0,0,0,0,0,0,0,0,F,F,"1925PHI.EVN.regular.event.csv",627
"PHI192505040","NY1",3,1,2,0,0,"",0,0,"kimmw101","?","kimmw101","?","bentj101","?","bentj101","?","gowdh101","kellg101","frisf101","lindf101","jackt101","meusi101","soutb101","younr101","burng101","","","CS2(24)","F","F",4,2,6,"F","F",0,"F","F",1,"F","F",0,"F","F",0,"","F","F","",0,0,"N",0,"N",0,"N",0,0,0,0,"","24","","","F","F","F","T","F","F","F","F","F","bentj101","","","F","F","F","F","F","","","","",0,4,0,0,2,0,0,0,0,20,"PHI","PHI","NY1",1,"F","T",0,0,0,10,3,"T","T",1,0,"T","T","schuj101","mokaj101","T","T",7,1,19,0,0,0,0,0,0,"gowdh101","","",0,0,0,0,0,0,0,0,0,0,0,0,0,"","F","F","F","F",0,0,0,0,0,0,0,0,0,0,F,F,"1925PHI.EVN.regular.event.csv",628
"PHI192505040","NY1",4,0,0,0,0,"",0,0,"soutb101","?","soutb101","?","decaa101","?","decaa101","?","henlb101","hawkc101","kimmw101","hubec101","sandh101","burng101","mokaj101","schuj101","","","","W","T","F",8,1,14,"T","F",0,"F","F",0,"F","F",0,"F","F",0,"","F","F","",0,0,"N",0,"N",0,"N",1,0,0,0,"","","","","F","F","F","F","F","F","F","F","F","","","","F","F","F","F","F","","","","",0,0,0,0,0,0,0,0,0,21,"PHI","NY1","PHI",0,"T","F",0,0,0,9,0,"T","F",0,1,"T","T","frisf101","younr101","T","T",0,0,0,0,0,0,0,0,0,"","","",0,0,0,0,0,0,0,0,0,0,0,0,0,"","F","F","F","F",5,0,0,0,1,0,0,0,0,0,F,F,"1925PHI.EVN.regular.event.csv",629
"PHI192505040","NY1",4,0,0,0,0,"",0,0,"frisf101","?","frisf101","?","decaa101","?","decaa101","?","henlb101","hawkc101","kimmw101","hubec101","sandh101","burng101","mokaj101","schuj101","soutb101","","","S9/F9DW.1-3","F","F",4,2,20,"T","T",1,"F","F",0,"F","F",0,"F","F",9,"F","F","F","9DW",0,0,"N",0,"N",0,"N",1,3,0,0,"","","","","F","F","F","F","F","F","F","F","F","decaa101","","","F","F","F","F","F","","","","",0,0,0,0,0,0,0,0,0,22,"PHI","NY1","PHI",0,"F","F",0,0,0,10,1,"T","F",1,5,"T","T","younr101","kellg101","T","T",8,1,21,0,0,0,0,0,0,"henlb101","","",0,0,0,0,0,0,0,0,0,0,0,0,0,"schuj101","F","F","F","F",0,5,0,0,1,0,0,0,0,0,F,F,"1925PHI.EVN.regular.event.csv",630
"PHI192505040","NY1",4,0,0,0,0,"",0,0,"younr101","?","younr101","?","decaa101","?","decaa101","?","henlb101","hawkc101","kimmw101","hubec101","sandh101","burng101","mokaj101","schuj101","frisf101","","soutb101","SB2.1-3(E2/TH2);3-H(UR)","F","F",9,3,4,"F","F",0,"F","F",0,"F","F",0,"F","F",0,"","F","F","",1,2,"T",0,"N",0,"N",0,3,0,5,"","","","","T","F","F","F","F","F","F","F","F","decaa101","","decaa101","F","F","F","F","F","","","","",0,0,0,0,0,0,0,0,0,23,"PHI","NY1","PHI",0,"F","F",0,0,0,11,2,"T","F",5,4,"T","T","kellg101","lindf101","T","T",4,2,22,0,0,0,8,1,21,"henlb101","","henlb101",0,0,0,0,0,0,0,0,0,0,0,0,1,"","F","F","F","F",0,0,0,5,0,0,0,0,0,0,F,F,"1925PHI.EVN.regular.event.csv",631
"PHI192505040","NY1",4,0,0,0,0,"",1,0,"younr101","?","younr101","?","decaa101","?","decaa101","?","henlb101","hawkc101","kimmw101","hubec101","sandh101","burng101","mokaj101","schuj101","","","frisf101","3/P","F","F",9,3,2,"T","T",0,"F","F",1,"F","F",0,"F","F",3,"P","F","F","",0,0,"N",0,"N",0,"N",0,0,0,3,"3","","","","F","F","F","F","F","F","F","F","F","","","decaa101","F","F","F","F","F","","","","",0,3,0,0,0,0,0,0,0,24,"PHI","NY1","PHI",0,"F","F",1,0,1,11,2,"F","F",4,4,"T","T","kellg101","lindf101","T","T",0,0,0,0,0,0,4,2,22,"","","henlb101",0,0,0,0,0,0,0,0,0,0,0,0,0,"hawkc101","F","F","F","F",0,0,0,0,0,0,0,0,0,0,F,F,"1925PHI.EVN.regular.event.csv",632
"PHI192505040","NY1",4,0,1,0,0,"",1,0,"kellg101","?","kellg101","?","decaa101","?","decaa101","?","henlb101","hawkc101","kimmw101","hubec101","sandh101","burng101","mokaj101","schuj101","","","frisf101","2/FL","F","F",3,4,2,"T","T",0,"F","F",1,"F","F",0,"F","F",2,"F","F","T","",0,0,"N",0,"N",0,"N",0,0,0,3,"2","","","","F","F","F","F","F","F","F","F","F","","","decaa101","F","F","F","F","F","","","","",0,2,0,0,0,0,0,0,0,25,"PHI","NY1","PHI",0,"F","F",1,0,1,12,3,"T","F",4,4,"T","T","lindf101","meusi101","T","T",0,0,0,0,0,0,4,2,22,"","","henlb101",0,0,0,0,0,0,0,0,0,0,0,0,0,"henlb101","F","F","F","F",0,0,0,0,0,0,0,0,0,0,F,F,"1925PHI.EVN.regular.event.csv",633
"PHI192505040","NY1",4,0,2,0,0,"",1,0,"lindf101","?","lindf101","?","decaa101","?","decaa101","?","henlb101","hawkc101","kimmw101","hubec101","sandh101","burng101","mokaj101","schuj101","","","frisf101","W","F","F",5,5,14,"T","F",0,"F","F",0,"F","F",0,"F","F",0,"","F","F","",0,0,"N",0,"N",0,"N",1,0,0,3,"","","","","F","F","F","F","F","F","F","F","F","","","decaa101","F","F","F","F","F","","","","",0,0,0,0,0,0,0,0,0,26,"PHI","NY1","PHI",0,"F","F",1,0,1,13,4,"T","F",4,5,"T","T","meusi101","jackt101","T","T",0,0,0,0,0,0,4,2,22,"","","henlb101",0,0,0,0,0,0,0,0,0,0,0,0,0,"","F","F","F","F",0,0,0,0,0,0,0,0,0,0,F,F,"1925PHI.EVN.regular.event.csv",634
"PHI192505040","NY1",4,0,2,0,0,"",1,0,"meusi101","?","meusi101","?","decaa101","?","decaa101","?","henlb101","hawkc101","kimmw101","hubec101","sandh101","burng101","mokaj101","schuj101","lindf101","","frisf101","4/P","F","F",7,6,2,"T","T",0,"F","F",1,"F","F",0,"F","F",4,"P","F","F","",0,0,"N",0,"N",0,"N",0,1,0,3,"4","","","","F","F","F","F","F","F","F","F","F","decaa101","","decaa101","F","F","F","F","F","","","","",0,4,0,0,0,0,0,0,0,27,"PHI","NY1","PHI",0,"F","T",1,0,1,14,5,"T","F",5,5,"T","T","jackt101","gowdh101","T","T",5,5,26,0,0,0,4,2,22,"henlb101","","henlb101",0,0,0,0,0,0,0,0,0,0,0,0,0,"kimmw101","F","F","F","F",0,0,0,0,0,0,0,0,0,0,F,F,"1925PHI.EVN.regular.event.csv",635
"PHI192505040","NY1",4,1,0,0,0,"",1,0,"kimmw101","?","kimmw101","?","bentj101","?","bentj101","?","gowdh101","kellg101","frisf101","lindf101","jackt101","meusi101","soutb101","younr101","","","","7/F","T","F",4,2,2,"T","T",0,"F","F",1,"F","F",0,"F","F",7,"F","F","F","",0,0,"N",0,"N",0,"N",0,0,0,0,"7","","","","F","F","F","F","F","F","F","F","F","","","","F","F","F","F","F","","","","",0,7,0,0,0,0,0,0,0,28,"PHI","PHI","NY1",1,"T","F",0,1,0,10,0,"T","F",0,0,"T","T","schuj101","mokaj101","T","T",0,0,0,0,0,0,0,0,0,"","","",0,0,0,0,0,0,0,0,0,0,0,0,0,"meusi101","F","F","F","F",0,0,0,0,0,0,0,0,0,0,F,F,"1925PHI.EVN.regular.event.csv",636
"PHI192505040","NY1",4,1,1,0,0,"",1,0,"schuj101","?","schuj101","?","bentj101","?","bentj101","?","gowdh101","kellg101","frisf101","lindf101","jackt101","meusi101","soutb101","younr101","","","","S9","F","F",9,3,20,"T","T",1,"F","F",0,"F","F",0,"F","F",9,"","F","F","",0,0,"N",0,"N",0,"N",1,0,0,0,"","","","","F","F","F","F","F","F","F","F","F","","","","F","F","F","F","F","","","","",0,0,0,0,0,0,0,0,0,29,"PHI","PHI","NY1",1,"F","F",0,1,0,11,1,"T","F",0,1,"T","T","mokaj101","hawkc101","T","T",0,0,0,0,0,0,0,0,0,"","","",0,0,0,0,0,0,0,0,0,0,0,0,0,"younr101","F","F","F","F",0,0,0,0,0,0,0,0,0,0,F,F,"1925PHI.EVN.regular.event.csv",637
"PHI192505040","NY1",4,1,1,0,0,"",1,0,"mokaj101","?","mokaj101","?","bentj101","?","bentj101","?","gowdh101","kellg101","frisf101","lindf101","jackt101","meusi101","soutb101","younr101","schuj101","","","13/SH.1-2","F","F",8,4,2,"T","F",0,"T","F",1,"F","F",0,"F","F",1,"G","T","F","",0,0,"N",0,"N",0,"N",0,2,0,0,"13","","","","F","F","F","F","F","F","F","F","F","bentj101","","","F","F","F","F","F","","","","",0,3,0,0,1,0,0,0,0,30,"PHI","PHI","NY1",1,"F","F",0,1,0,12,2,"T","F",1,2,"T","T","hawkc101","henlb101","T","T",9,3,29,0,0,0,0,0,0,"gowdh101","","",0,0,0,0,0,0,0,0,0,0,0,0,0,"bentj101","F","F","F","F",0,0,0,0,0,0,0,0,0,0,F,F,"1925PHI.EVN.regular.event.csv",638
"PHI192505040","NY1",4,1,2,0,0,"",1,0,"hawkc101","?","hawkc101","?","bentj101","?","bentj101","?","gowdh101","kellg101","frisf101","lindf101","jackt101","meusi101","soutb101","younr101","","schuj101","","S6/G.2-3","F","F",3,5,20,"T","T",1,"F","F",0,"F","F",0,"F","F",6,"G","F","F","",0,0,"N",0,"N",0,"N",1,0,3,0,"","","","","F","F","F","F","F","F","F","F","F","","bentj101","","F","F","F","F","F","","","","",0,0,0,0,0,0,0,0,0,31,"PHI","PHI","NY1",1,"F","F",0,1,0,13,3,"T","F",2,5,"T","T","henlb101","sandh101","T","T",0,0,0,9,3,29,0,0,0,"","gowdh101","",0,0,0,0,0,0,0,0,0,0,0,0,0,"jackt101","F","F","F","F",0,0,0,0,0,0,0,0,0,0,F,F,"1925PHI.EVN.regular.event.csv",639
"PHI192505040","NY1",4,1,2,0,0,"",1,0,"henlb101","?","henlb101","?","bentj101","?","bentj101","?","gowdh101","kellg101","frisf101","lindf101","jackt101","meusi101","soutb101","younr101","hawkc101","","schuj101","9/F89XDW","F","F",2,6,2,"T","T",0,"F","F",1,"F","F",0,"F","F",9,"F","F","F","89XDW",0,0,"N",0,"N",0,"N",0,1,0,3,"9","","","","F","F","F","F","F","F","F","F","F","bentj101","","bentj101","F","F","F","F","F","","","","",0,9,0,0,0,0,0,0,0,32,"PHI","PHI","NY1",1,"F","T",0,1,0,14,4,"T","F",5,5,"T","T","sandh101","hubec101","T","T",3,5,31,0,0,0,9,3,29,"gowdh101","","gowdh101",0,0,0,0,0,0,0,0,0,0,0,0,0,"younr101","F","F","F","F",0,0,0,0,0,0,0,0,0,0,F,F,"1925PHI.EVN.regular.event.csv",640
"PHI192505040","NY1",5,0,0,0,0,"",1,0,"jackt101","?","jackt101","?","decaa101","?","decaa101","?","henlb101","hawkc101","kimmw101","hubec101","sandh101","burng101","mokaj101","schuj101","","","","HR/F7LD","T","F",6,7,23,"T","T",4,"F","F",0,"F","F",1,"F","F",0,"F","F","F","7LD",0,0,"N",0,"N",0,"N",4,0,0,0,"","","","","F","F","F","F","F","F","F","F","F","","","","F","F","F","F","F","","","","",0,0,0,0,0,0,0,0,0,33,"PHI","NY1","PHI",0,"T","F",1,0,0,15,0,"T","F",0,0,"T","T","gowdh101","bentj101","T","T",0,0,0,0,0,0,0,0,0,"","","",0,0,0,0,0,0,0,0,0,0,0,0,1,"","F","F","F","F",4,0,0,0,1,0,0,0,0,0,F,F,"1925PHI.EVN.regular.event.csv",641
"PHI192505040","NY1",5,0,0,0,0,"",2,0,"gowdh101","?","gowdh101","?","decaa101","?","decaa101","?","henlb101","hawkc101","kimmw101","hubec101","sandh101","burng101","mokaj101","schuj101","","","","5/P","F","F",2,8,2,"T","T",0,"F","F",1,"F","F",0,"F","F",5,"P","F","F","",0,0,"N",0,"N",0,"N",0,0,0,0,"5","","","","F","F","F","F","F","F","F","F","F","","","","F","F","F","F","F","","","","",0,5,0,0,0,0,0,0,0,34,"PHI","NY1","PHI",0,"F","F",2,0,1,16,1,"T","F",0,0,"T","T","bentj101","soutb101","T","T",0,0,0,0,0,0,0,0,0,"","","",0,0,0,0,0,0,0,0,0,0,0,0,0,"hubec101","F","F","F","F",0,0,0,0,1,0,0,0,0,0,F,F,"1925PHI.EVN.regular.event.csv",642
"PHI192505040","NY1",5,0,1,0,0,"",2,0,"bentj101","?","bentj101","?","decaa101","?","decaa101","?","henlb101","hawkc101","kimmw101","hubec101","sandh101","burng101","mokaj101","schuj101","","","","W","F","F",1,9,14,"T","F",0,"F","F",0,"F","F",0,"F","F",0,"","F","F","",0,0,"N",0,"N",0,"N",1,0,0,0,"","","","","F","F","F","F","F","F","F","F","F","","","","F","F","F","F","F","","","","",0,0,0,0,0,0,0,0,0,35,"PHI","NY1","PHI",0,"F","F",2,0,1,17,2,"T","F",0,1,"T","T","soutb101","frisf101","T","T",0,0,0,0,0,0,0,0,0,"","","",0,0,0,0,0,0,0,0,0,0,0,0,0,"","F","F","F","F",4,0,0,0,1,0,0,0,0,0,F,F,"1925PHI.EVN.regular.event.csv",643
"PHI192505040","NY1",5,0,1,0,0,"",2,0,"soutb101","?","soutb101","?","decaa101","?","decaa101","?","henlb101","hawkc101","kimmw101","hubec101","sandh101","burng101","mokaj101","schuj101","bentj101","","","D/78.1-3","F","F",8,1,21,"T","T",2,"F","F",0,"F","F",0,"F","F",0,"","F","F","78",0,0,"N",0,"N",0,"N",2,3,0,0,"","","","","F","F","F","F","F","F","F","F","F","decaa101","","","F","F","F","F","F","","","","",0,0,0,0,0,0,0,0,0,36,"PHI","NY1","PHI",0,"F","F",2,0,1,18,3,"T","F",1,6,"T","T","frisf101","younr101","T","T",1,9,35,0,0,0,0,0,0,"henlb101","","",0,0,0,0,0,0,0,0,0,0,0,0,0,"","F","F","F","F",0,4,0,0,1,0,0,0,0,0,F,F,"1925PHI.EVN.regular.event.csv",644
"PHI192505040","NY1",5,0,1,0,0,"",2,0,"frisf101","?","frisf101","?","decaa101","?","decaa101","?","henlb101","hawkc101","kimmw101","hubec101","sandh101","burng101","mokaj101","schuj101","","soutb101","bentj101","7/F/SF.3-H;2-3","F","F",4,2,2,"T","F",0,"F","T",1,"F","F",1,"F","F",7,"F","F","F","",0,0,"N",0,"N",0,"N",0,0,3,4,"7","","","","F","F","F","F","F","F","F","F","F","","decaa101","decaa101","F","F","F","F","F","","","","",0,7,0,0,0,0,0,0,0,37,"PHI","NY1","PHI",0,"F","F",2,0,1,19,4,"T","F",6,4,"T","T","younr101","kellg101","T","T",0,0,0,8,1,36,1,9,35,"","henlb101","henlb101",0,0,0,0,0,0,0,0,0,0,0,0,1,"burng101","F","F","F","F",0,0,0,4,0,0,0,0,0,0,F,F,"1925PHI.EVN.regular.event.csv",645
"PHI192505040","NY1",5,0,2,0,0,"",3,0,"younr101","?","younr101","?","decaa101","?","decaa101","?","henlb101","hawkc101","kimmw101","hubec101","sandh101","burng101","mokaj101","schuj101","","","soutb101","43","F","F",9,3,2,"T","T",0,"F","F",1,"F","F",0,"F","F",4,"G","F","F","",0,0,"N",0,"N",0,"N",0,0,0,3,"43","","","","F","F","F","F","F","F","F","F","F","","","decaa101","F","F","F","F","F","","","","",0,3,0,0,4,0,0,0,0,38,"PHI","NY1","PHI",0,"F","T",3,0,2,20,5,"T","F",4,4,"T","T","kellg101","lindf101","T","T",0,0,0,0,0,0,8,1,36,"","","henlb101",0,0,0,0,0,0,0,0,0,0,0,0,0,"kimmw101","F","F","F","F",0,0,0,0,0,0,0,0,0,0,F,F,"1925PHI.EVN.regular.event.csv",646
"PHI192505040","NY1",5,1,0,0,0,"",3,0,"sandh101","?","sandh101","?","bentj101","?","bentj101","?","gowdh101","kellg101","frisf101","lindf101","jackt101","meusi101","soutb101","younr101","","","","8/F78S","T","F",6,7,2,"T","T",0,"F","F",1,"F","F",0,"F","F",8,"F","F","F","78S",0,0,"N",0,"N",0,"N",0,0,0,0,"8","","","","F","F","F","F","F","F","F","F","F","","","","F","F","F","F","F","","","","",0,8,0,0,0,0,0,0,0,39,"PHI","PHI","NY1",1,"T","F",0,3,0,15,0,"T","F",0,0,"T","T","hubec101","decaa101","T","T",0,0,0,0,0,0,0,0,0,"","","",0,0,0,0,0,0,0,0,0,0,0,0,0,"soutb101","F","F","F","F",0,0,0,0,0,0,0,0,0,0,F,F,"1925PHI.EVN.regular.event.csv",647
"PHI192505040","NY1",5,1,1,0,0,"",3,0,"hubec101","?","hubec101","?","bentj101","?","bentj101","?","gowdh101","kellg101","frisf101","lindf101","jackt101","meusi101","soutb101","younr101","","","","D/89XDW","F","F",5,8,21,"T","T",2,"F","F",0,"F","F",0,"F","F",0,"","F","F","89XDW",0,0,"N",0,"N",0,"N",2,0,0,0,"","","","","F","F","F","F","F","F","F","F","F","","","","F","F","F","F","F","","","","",0,0,0,0,0,0,0,0,0,40,"PHI","PHI","NY1",1,"F","F",0,3,0,16,1,"T","F",0,2,"T","T","decaa101","burng101","T","T",0,0,0,0,0,0,0,0,0,"","","",0,0,0,0,0,0,0,0,0,0,0,0,0,"","F","F","F","F",0,0,0,0,0,0,0,0,0,0,F,F,"1925PHI.EVN.regular.event.csv",648
"PHI192505040","NY1",5,1,1,0,0,"",3,0,"decaa101","?","decaa101","?","bentj101","?","bentj101","?","gowdh101","kellg101","frisf101","lindf101","jackt101","meusi101","soutb101","younr101","","hubec101","","K/C","F","F",1,9,3,"T","T",0,"F","F",1,"F","F",0,"F","F",0,"","F","F","",0,0,"N",0,"N",0,"N",0,0,2,0,"2","","","","F","F","F","F","F","F","F","F","F","","bentj101","","F","F","F","F","F","","","","",0,2,0,0,0,0,0,0,0,41,"PHI","PHI","NY1",1,"F","F",0,3,0,17,2,"T","F",2,2,"T","T","burng101","kimmw101","T","T",0,0,0,5,8,40,0,0,0,"","gowdh101","",0,0,0,0,0,0,0,0,0,0,0,0,0,"","F","F","F","F",0,0,0,0,0,0,0,0,0,0,F,F,"1925PHI.EVN.regular.event.csv",649
"PHI192505040","NY1",5,1,2,0,0,"",3,0,"burng101","?","burng101","?","bentj101","?","bentj101","?","gowdh101","kellg101","frisf101","lindf101","jackt101","meusi101","soutb101","younr101","","hubec101","","43","F","F",7,1,2,"T","T",0,"F","F",1,"F","F",0,"F","F",4,"G","F","F","",0,0,"N",0,"N",0,"N",0,0,2,0,"43","","","","F","F","F","F","F","F","F","F","F","","bentj101","","F","F","F","F","F","","","","",0,3,0,0,4,0,0,0,0,42,"PHI","PHI","NY1",1,"F","T",0,3,0,18,3,"T","F",2,2,"T","T","kimmw101","schuj101","T","T",0,0,0,5,8,40,0,0,0,"","gowdh101","",0,0,0,0,0,0,0,0,0,0,0,0,0,"frisf101","F","F","F","F",0,0,0,0,0,0,0,0,0,0,F,F,"1925PHI.EVN.regular.event.csv",650
"PHI192505040","NY1",6,0,0,0,0,"",3,0,"kellg101","?","kellg101","?","decaa101","?","decaa101","?","henlb101","hawkc101","kimmw101","hubec101","sandh101","burng101","mokaj101","schuj101","","","","6/L+","T","F",3,4,2,"T","T",0,"F","F",1,"F","F",0,"F","F",6,"L","F","F","",0,0,"N",0,"N",0,"N",0,0,0,0,"6","","","","F","F","F","F","F","F","F","F","F","","","","F","F","F","F","F","","","","",0,6,0,0,0,0,0,0,0,43,"PHI","NY1","PHI",0,"T","F",3,0,0,21,0,"T","F",0,0,"T","T","lindf101","meusi101","T","T",0,0,0,0,0,0,0,0,0,"","","",0,0,0,0,0,0,0,0,0,0,0,0,0,"sandh101","F","F","F","F",0,0,0,0,3,0,0,0,0,0,F,F,"1925PHI.EVN.regular.event.csv",651
"PHI192505040","NY1",6,0,1,0,0,"",3,0,"lindf101","?","lindf101","?","decaa101","?","decaa101","?","henlb101","hawkc101","kimmw101","hubec101","sandh101","burng101","mokaj101","schuj101","","","","D/F78S-","F","F",5,5,21,"T","T",2,"F","F",0,"F","F",0,"F","F",0,"F","F","F","78S",0,0,"N",0,"N",0,"N",2,0,0,0,"","","","","F","F","F","F","F","F","F","F","F","","","","F","F","F","F","F","","","","",0,0,0,0,0,0,0,0,0,44,"PHI","NY1","PHI",0,"F","F",3,0,0,22,1,"T","F",0,2,"T","T","meusi101","jackt101","T","T",0,0,0,0,0,0,0,0,0,"","","",0,0,0,0,0,0,0,0,0,0,0,0,0,"","F","F","F","F",4,0,0,0,3,0,0,0,0,0,F,F,"1925PHI.EVN.regular.event.csv",652
"PHI192505040","NY1",6,0,1,0,0,"",3,0,"meusi101","?","meusi101","?","decaa101","?","decaa101","?","henlb101","hawkc101","kimmw101","hubec101","sandh101","burng101","mokaj101","schuj101","","lindf101","","S8/G6M.2-H","F","F",7,6,20,"T","T",1,"F","F",0,"F","F",1,"F","F",8,"G","F","F","6M",0,0,"N",0,"N",0,"N",1,0,4,0,"","","","","F","F","F","F","F","F","F","F","F","","decaa101","","F","F","F","F","F","","","","",0,0,0,0,0,0,0,0,0,45,"PHI","NY1","PHI",0,"F","F",3,0,0,23,2,"T","F",2,1,"T","T","jackt101","gowdh101","T","T",0,0,0,5,5,44,0,0,0,"","henlb101","",0,0,0,0,0,0,0,0,0,0,0,0,1,"mokaj101","F","F","F","F",4,0,4,0,2,0,0,0,0,0,F,F,"1925PHI.EVN.regular.event.csv",653
"PHI192505040","NY1",6,0,1,0,0,"",4,0,"jackt101","?","jackt101","?","decaa101","?","decaa101","?","henlb101","hawkc101","kimmw101","hubec101","sandh101","burng101","mokaj101","schuj101","meusi101","","","HR/F78XD.1-H","F","F",6,7,23,"T","T",4,"F","F",0,"F","F",2,"F","F",0,"F","F","F","78XD",0,0,"N",0,"N",0,"N",4,4,0,0,"","","","","F","F","F","F","F","F","F","F","F","decaa101","","","F","F","F","F","F","","","","",0,0,0,0,0,0,0,0,0,46,"PHI","NY1","PHI",0,"F","F",4,0,1,24,3,"T","F",1,0,"T","T","gowdh101","bentj101","T","T",7,6,45,0,0,0,0,0,0,"henlb101","","",0,0,0,0,0,0,0,0,0,0,0,0,2,"","F","F","F","F",4,4,0,0,0,0,0,0,0,0,F,F,"1925PHI.EVN.regular.event.csv",654
"PHI192505040","NY1",6,0,1,0,0,"",6,0,"gowdh101","?","gowdh101","?","decaa101","?","decaa101","?","henlb101","hawkc101","kimmw101","hubec101","sandh101","burng101","mokaj101","schuj101","","","","43","F","F",2,8,2,"T","T",0,"F","F",1,"F","F",0,"F","F",4,"G","F","F","",0,0,"N",0,"N",0,"N",0,0,0,0,"43","","","","F","F","F","F","F","F","F","F","F","","","","F","F","F","F","F","","","","",0,3,0,0,4,0,0,0,0,47,"PHI","NY1","PHI",0,"F","F",6,0,3,25,4,"T","F",0,0,"T","T","bentj101","soutb101","T","T",0,0,0,0,0,0,0,0,0,"","","",0,0,0,0,0,0,0,0,0,0,0,0,0,"kimmw101","F","F","F","F",0,0,0,0,0,0,0,0,0,0,F,F,"1925PHI.EVN.regular.event.csv",655
"PHI192505040","NY1",6,0,2,0,0,"",6,0,"bentj101","?","bentj101","?","decaa101","?","decaa101","?","henlb101","hawkc101","kimmw101","hubec101","sandh101","burng101","mokaj101","schuj101","","","","9/F","F","F",1,9,2,"T","T",0,"F","F",1,"F","F",0,"F","F",9,"F","F","F","",0,0,"N",0,"N",0,"N",0,0,0,0,"9","","","","F","F","F","F","F","F","F","F","F","","","","F","F","F","F","F","","","","",0,9,0,0,0,0,0,0,0,48,"PHI","NY1","PHI",0,"F","T",6,0,3,26,5,"T","F",0,0,"T","T","soutb101","frisf101","T","T",0,0,0,0,0,0,0,0,0,"","","",0,0,0,0,0,0,0,0,0,0,0,0,0,"schuj101","F","F","F","F",0,0,0,0,0,0,0,0,0,0,F,F,"1925PHI.EVN.regular.event.csv",656
"PHI192505040","NY1",6,1,0,0,0,"",6,0,"kimmw101","?","kimmw101","?","bentj101","?","bentj101","?","gowdh101","kellg101","frisf101","lindf101","jackt101","meusi101","soutb101","younr101","","","","43","T","F",4,2,2,"T","T",0,"F","F",1,"F","F",0,"F","F",4,"G","F","F","",0,0,"N",0,"N",0,"N",0,0,0,0,"43","","","","F","F","F","F","F","F","F","F","F","","","","F","F","F","F","F","","","","",0,3,0,0,4,0,0,0,0,49,"PHI","PHI","NY1",1,"T","F",0,6,0,19,0,"T","F",0,0,"T","T","schuj101","mokaj101","T","T",0,0,0,0,0,0,0,0,0,"","","",0,0,0,0,0,0,0,0,0,0,0,0,0,"frisf101","F","F","F","F",0,0,0,0,0,0,0,0,0,0,F,F,"1925PHI.EVN.regular.event.csv",657
"PHI192505040","NY1",6,1,1,0,0,"",6,0,"schuj101","?","schuj101","?","bentj101","?","bentj101","?","gowdh101","kellg101","frisf101","lindf101","jackt101","meusi101","soutb101","younr101","","","","63","F","F",9,3,2,"T","T",0,"F","F",1,"F","F",0,"F","F",6,"G","F","F","",0,0,"N",0,"N",0,"N",0,0,0,0,"63","","","","F","F","F","F","F","F","F","F","F","","","","F","F","F","F","F","","","","",0,3,0,0,6,0,0,0,0,50,"PHI","PHI","NY1",1,"F","F",0,6,0,20,1,"T","F",0,0,"T","T","mokaj101","hawkc101","T","T",0,0,0,0,0,0,0,0,0,"","","",0,0,0,0,0,0,0,0,0,0,0,0,0,"jackt101","F","F","F","F",0,0,0,0,0,0,0,0,0,0,F,F,"1925PHI.EVN.regular.event.csv",658
"PHI192505040","NY1",6,1,2,0,0,"",6,0,"mokaj101","?","mokaj101","?","bentj101","?","bentj101","?","gowdh101","kellg101","frisf101","lindf101","jackt101","meusi101","soutb101","younr101","","","","S4/G","F","F",8,4,20,"T","T",1,"F","F",0,"F","F",0,"F","F",4,"G","F","F","",0,0,"N",0,"N",0,"N",1,0,0,0,"","","","","F","F","F","F","F","F","F","F","F","","","","F","F","F","F","F","","","","",0,0,0,0,0,0,0,0,0,51,"PHI","PHI","NY1",1,"F","F",0,6,0,21,2,"T","F",0,1,"T","T","hawkc101","henlb101","T","T",0,0,0,0,0,0,0,0,0,"","","",0,0,0,0,0,0,0,0,0,0,0,0,0,"frisf101","F","F","F","F",1,0,0,0,0,0,0,0,0,0,F,F,"1925PHI.EVN.regular.event.csv",659
"PHI192505040","NY1",6,1,2,0,0,"",6,0,"hawkc101","?","hawkc101","?","bentj101","?","bentj101","?","gowdh101","kellg101","frisf101","lindf101","jackt101","meusi101","soutb101","younr101","mokaj101","","","43","F","F",3,5,2,"T","T",0,"F","F",1,"F","F",0,"F","F",4,"G","F","F","",0,0,"N",0,"N",0,"N",0,1,0,0,"43","","","","F","F","F","F","F","F","F","F","F","bentj101","","","F","F","F","F","F","","","","",0,3,0,0,4,0,0,0,0,52,"PHI","PHI","NY1",1,"F","T",0,6,0,22,3,"T","F",1,1,"T","T","henlb101","sandh101","T","T",8,4,51,0,0,0,0,0,0,"gowdh101","","",0,0,0,0,0,0,0,0,0,0,0,0,0,"frisf101","F","F","F","F",0,1,0,0,0,0,0,0,0,0,F,F,"1925PHI.EVN.regular.event.csv",660
"PHI192505040","NY1",7,0,0,0,0,"",6,0,"soutb101","?","soutb101","?","filld101","?","filld101","?","wilsj105","hawkc101","kimmw101","hubec101","sandh101","burng101","mokaj101","schuj101","","","","3/P","T","F",8,1,2,"T","T",0,"F","F",1,"F","F",0,"F","F",3,"P","F","F","",0,0,"N",0,"N",0,"N",0,0,0,0,"3","","","","F","F","F","F","F","F","F","F","F","","","","F","F","F","F","F","","","","",0,3,0,0,0,0,0,0,0,53,"PHI","NY1","PHI",0,"T","F",6,0,0,27,0,"T","F",0,0,"T","T","frisf101","younr101","F","F",0,0,0,0,0,0,0,0,0,"","","",0,0,0,0,0,0,0,0,0,0,0,0,0,"hawkc101","F","F","F","F",0,0,0,0,0,0,0,0,0,0,F,F,"1925PHI.EVN.regular.event.csv",661
"PHI192505040","NY1",7,0,1,0,0,"",6,0,"frisf101","?","frisf101","?","filld101","?","filld101","?","wilsj105","hawkc101","kimmw101","hubec101","sandh101","burng101","mokaj101","schuj101","","","","S4/BG","F","F",4,2,20,"T","T",1,"F","F",0,"F","F",0,"F","F",4,"G","T","F","",0,0,"N",0,"N",0,"N",1,0,0,0,"","","","","F","F","F","F","F","F","F","F","F","","","","F","F","F","F","F","","","","",0,0,0,0,0,0,0,0,0,54,"PHI","NY1","PHI",0,"F","F",6,0,0,28,1,"T","F",0,1,"T","T","younr101","kellg101","F","F",0,0,0,0,0,0,0,0,0,"","","",0,0,0,0,0,0,0,0,0,0,0,0,0,"kimmw101","F","F","F","F",0,0,0,0,0,0,0,0,0,0,F,F,"1925PHI.EVN.regular.event.csv",662
"PHI192505040","NY1",7,0,1,0,0,"",6,0,"younr101","?","younr101","?","filld101","?","filld101","?","wilsj105","hawkc101","kimmw101","hubec101","sandh101","burng101","mokaj101","schuj101","frisf101","","","6(1)3/GDP","F","F",9,3,2,"T","T",0,"F","F",2,"T","F",0,"F","F",6,"G","F","F","",0,0,"N",0,"N",0,"N",0,0,0,0,"63","6","","","F","F","F","F","F","F","F","F","F","filld101","","","F","F","F","F","F","","","","",0,6,3,0,6,0,0,0,0,55,"PHI","NY1","PHI",0,"F","T",6,0,0,29,2,"T","F",1,0,"T","T","kellg101","lindf101","F","F",4,2,54,0,0,0,0,0,0,"wilsj105","","",0,0,0,0,0,0,0,0,0,0,0,0,0,"sandh101","T","F","F","F",0,0,0,0,0,0,0,0,0,0,F,F,"1925PHI.EVN.regular.event.csv",663
"PHI192505040","NY1",7,1,0,0,0,"",6,0,"wilsj105","?","wilsj105","?","bentj101","?","bentj101","?","gowdh101","kellg101","frisf101","lindf101","jackt101","meusi101","soutb101","younr101","","","","K/C","T","F",2,6,3,"T","T",0,"F","F",1,"F","F",0,"F","F",0,"","F","F","",0,0,"N",0,"N",0,"N",0,0,0,0,"2","","","","F","F","F","F","F","F","F","F","F","","","","F","F","F","F","F","","","","",0,2,0,0,0,0,0,0,0,56,"PHI","PHI","NY1",1,"T","F",0,6,0,23,0,"T","F",0,0,"F","F","sandh101","hubec101","T","T",0,0,0,0,0,0,0,0,0,"","","",0,0,0,0,0,0,0,0,0,0,0,0,0,"","F","F","F","F",0,0,0,0,0,0,0,0,0,0,F,F,"1925PHI.EVN.regular.event.csv",664
"PHI192505040","NY1",7,1,1,0,0,"",6,0,"sandh101","?","sandh101","?","bentj101","?","bentj101","?","gowdh101","kellg101","frisf101","lindf101","jackt101","meusi101","soutb101","younr101","","","","S8/G4","F","F",6,7,20,"T","T",1,"F","F",0,"F","F",0,"F","F",8,"G","F","F","4",0,0,"N",0,"N",0,"N",1,0,0,0,"","","","","F","F","F","F","F","F","F","F","F","","","","F","F","F","F","F","","","","",0,0,0,0,0,0,0,0,0,57,"PHI","PHI","NY1",1,"F","F",0,6,0,24,1,"T","F",0,1,"T","T","hubec101","filld101","T","T",0,0,0,0,0,0,0,0,0,"","","",0,0,0,0,0,0,0,0,0,0,0,0,0,"soutb101","F","F","F","F",0,0,0,0,0,0,0,0,0,0,F,F,"1925PHI.EVN.regular.event.csv",665
"PHI192505040","NY1",7,1,1,0,0,"",6,0,"hubec101","?","hubec101","?","bentj101","?","bentj101","?","gowdh101","kellg101","frisf101","lindf101","jackt101","meusi101","soutb101","younr101","sandh101","","","D9/9DW.1-3","F","F",5,8,21,"T","T",2,"F","F",0,"F","F",0,"F","F",9,"","F","F","9DW",0,0,"N",0,"N",0,"N",2,3,0,0,"","","","","F","F","F","F","F","F","F","F","F","bentj101","","","F","F","F","F","F","","","","",0,0,0,0,0,0,0,0,0,58,"PHI","PHI","NY1",1,"F","F",0,6,0,25,2,"T","F",1,6,"T","T","filld101","burng101","T","T",6,7,57,0,0,0,0,0,0,"gowdh101","","",0,0,0,0,0,0,0,0,0,0,0,0,0,"younr101","F","F","F","F",0,0,0,0,0,0,0,0,0,0,F,F,"1925PHI.EVN.regular.event.csv",666
"PHI192505040","NY1",7,1,1,0,0,"",6,0,"filld101","?","filld101","?","bentj101","?","bentj101","?","gowdh101","kellg101","frisf101","lindf101","jackt101","meusi101","soutb101","younr101","","hubec101","sandh101","6/L6M","F","F",1,9,2,"T","T",0,"F","F",1,"F","F",0,"F","F",6,"L","F","F","6M",0,0,"N",0,"N",0,"N",0,0,2,3,"6","","","","F","F","F","F","F","F","F","F","F","","bentj101","bentj101","F","F","F","F","F","","","","",0,6,0,0,0,0,0,0,0,59,"PHI","PHI","NY1",1,"F","F",0,6,0,26,3,"T","F",6,6,"F","F","burng101","kimmw101","T","T",0,0,0,5,8,58,6,7,57,"","gowdh101","gowdh101",0,0,0,0,0,0,0,0,0,0,0,0,0,"jackt101","F","F","F","F",0,0,0,0,0,0,0,0,0,0,F,F,"1925PHI.EVN.regular.event.csv",667
"PHI192505040","NY1",7,1,2,0,0,"",6,0,"burng101","?","burng101","?","bentj101","?","bentj101","?","gowdh101","kellg101","frisf101","lindf101","jackt101","meusi101","soutb101","younr101","","hubec101","sandh101","7/F7S","F","F",7,1,2,"T","T",0,"F","F",1,"F","F",0,"F","F",7,"F","F","F","7S",0,0,"N",0,"N",0,"N",0,0,2,3,"7","","","","F","F","F","F","F","F","F","F","F","","bentj101","bentj101","F","F","F","F","F","","","","",0,7,0,0,0,0,0,0,0,60,"PHI","PHI","NY1",1,"F","T",0,6,0,27,4,"T","F",6,6,"T","T","kimmw101","schuj101","T","T",0,0,0,5,8,58,6,7,57,"","gowdh101","gowdh101",0,0,0,0,0,0,0,0,0,0,0,0,0,"meusi101","F","F","F","F",0,0,0,0,0,0,0,0,0,0,F,F,"1925PHI.EVN.regular.event.csv",668
"PHI192505040","NY1",8,0,0,0,0,"",6,0,"kellg101","?","kellg101","?","filld101","?","filld101","?","wilsj105","hawkc101","kimmw101","hubec101","sandh101","burng101","mokaj101","schuj101","","","","S8","T","F",3,4,20,"T","T",1,"F","F",0,"F","F",0,"F","F",8,"","F","F","",0,0,"N",0,"N",0,"N",1,0,0,0,"","","","","F","F","F","F","F","F","F","F","F","","","","F","F","F","F","F","","","","",0,0,0,0,0,0,0,0,0,61,"PHI","NY1","PHI",0,"T","F",6,0,0,30,0,"T","F",0,1,"T","T","lindf101","meusi101","F","F",0,0,0,0,0,0,0,0,0,"","","",0,0,0,0,0,0,0,0,0,0,0,0,0,"mokaj101","F","F","F","F",4,0,0,0,6,0,0,0,0,0,F,F,"1925PHI.EVN.regular.event.csv",669
"PHI192505040","NY1",8,0,0,0,0,"",6,0,"lindf101","?","lindf101","?","filld101","?","filld101","?","wilsj105","hawkc101","kimmw101","hubec101","sandh101","burng101","mokaj101","schuj101","kellg101","","","9/F","F","F",5,5,2,"T","T",0,"F","F",1,"F","F",0,"F","F",9,"F","F","F","",0,0,"N",0,"N",0,"N",0,1,0,0,"9","","","","F","F","F","F","F","F","F","F","F","filld101","","","F","F","F","F","F","","","","",0,9,0,0,0,0,0,0,0,62,"PHI","NY1","PHI",0,"F","F",6,0,0,31,1,"T","F",1,1,"T","T","meusi101","jackt101","F","F",3,4,61,0,0,0,0,0,0,"wilsj105","","",0,0,0,0,0,0,0,0,0,0,0,0,0,"schuj101","F","F","F","F",0,4,0,0,6,0,0,0,0,0,F,F,"1925PHI.EVN.regular.event.csv",670
"PHI192505040","NY1",8,0,1,0,0,"",6,0,"meusi101","?","meusi101","?","filld101","?","filld101","?","wilsj105","hawkc101","kimmw101","hubec101","sandh101","burng101","mokaj101","schuj101","kellg101","","","S5/G5S.1-2","F","F",7,6,20,"T","T",1,"F","F",0,"F","F",0,"F","F",5,"G","F","F","5S",0,0,"N",0,"N",0,"N",1,2,0,0,"","","","","F","F","F","F","F","F","F","F","F","filld101","","","F","F","F","F","F","","","","",0,0,0,0,0,0,0,0,0,63,"PHI","NY1","PHI",0,"F","F",6,0,0,32,2,"T","F",1,3,"T","T","jackt101","gowdh101","F","F",3,4,61,0,0,0,0,0,0,"wilsj105","","",0,0,0,0,0,0,0,0,0,0,0,0,0,"hubec101","F","F","F","F",4,4,0,0,6,0,0,0,0,0,F,F,"1925PHI.EVN.regular.event.csv",671
"PHI192505040","NY1",8,0,1,0,0,"",6,0,"jackt101","?","jackt101","?","filld101","?","filld101","?","wilsj105","hawkc101","kimmw101","hubec101","sandh101","burng101","mokaj101","schuj101","meusi101","kellg101","","7/F","F","F",6,7,2,"T","T",0,"F","F",1,"F","F",0,"F","F",7,"F","F","F","",0,0,"N",0,"N",0,"N",0,1,2,0,"7","","","","F","F","F","F","F","F","F","F","F","filld101","filld101","","F","F","F","F","F","","","","",0,7,0,0,0,0,0,0,0,64,"PHI","NY1","PHI",0,"F","F",6,0,0,33,3,"T","F",3,3,"T","T","gowdh101","bentj101","F","F",7,6,63,3,4,61,0,0,0,"wilsj105","wilsj105","",0,0,0,0,0,0,0,0,0,0,0,0,0,"burng101","F","F","F","F",0,4,4,0,6,0,0,0,0,0,F,F,"1925PHI.EVN.regular.event.csv",672
"PHI192505040","NY1",8,0,2,0,0,"",6,0,"gowdh101","?","gowdh101","?","filld101","?","filld101","?","wilsj105","hawkc101","kimmw101","hubec101","sandh101","burng101","mokaj101","schuj101","meusi101","kellg101","","S7/G6.2-H;1-H","F","F",2,8,20,"T","T",1,"F","F",0,"F","F",2,"F","F",7,"G","F","F","6",0,0,"N",0,"N",0,"N",1,4,4,0,"","","","","F","F","F","F","F","F","F","F","F","filld101","filld101","","F","F","F","F","F","","","","",0,0,0,0,0,0,0,0,0,65,"PHI","NY1","PHI",0,"F","F",6,0,0,34,4,"T","F",3,1,"T","T","bentj101","soutb101","F","F",7,6,63,3,4,61,0,0,0,"wilsj105","wilsj105","",0,0,0,0,0,0,0,0,0,0,0,0,2,"burng101","F","F","F","F",4,4,4,0,4,0,0,0,0,0,F,F,"1925PHI.EVN.regular.event.csv",673
"PHI192505040","NY1",8,0,2,0,0,"",8,0,"bentj101","?","bentj101","?","filld101","?","filld101","?","wilsj105","hawkc101","kimmw101","hubec101","sandh101","burng101","mokaj101","schuj101","gowdh101","","","S1/G.1-2","F","F",1,9,20,"T","T",1,"F","F",0,"F","F",0,"F","F",1,"G","F","F","",0,0,"N",0,"N",0,"N",1,2,0,0,"","","","","F","F","F","F","F","F","F","F","F","filld101","","","F","F","F","F","F","","","","",0,0,0,0,0,0,0,0,0,66,"PHI","NY1","PHI",0,"F","F",8,0,2,35,5,"T","F",1,3,"T","T","soutb101","frisf101","F","F",2,8,65,0,0,0,0,0,0,"wilsj105","","",0,0,0,0,0,0,0,0,0,0,0,0,0,"filld101","F","F","F","F",4,4,0,0,4,0,0,0,0,0,F,F,"1925PHI.EVN.regular.event.csv",674
"PHI192505040","NY1",8,0,2,0,0,"",8,0,"soutb101","?","soutb101","?","filld101","?","filld101","?","wilsj105","hawkc101","kimmw101","hubec101","sandh101","burng101","mokaj101","schuj101","bentj101","gowdh101","","D/89XDW.2-H;1-3","F","F",8,1,21,"T","T",2,"F","F",0,"F","F",1,"F","F",0,"","F","F","89XDW",0,0,"N",0,"N",0,"N",2,3,4,0,"","","","","F","F","F","F","F","F","F","F","F","filld101","filld101","","F","F","F","F","F","","","","",0,0,0,0,0,0,0,0,0,67,"PHI","NY1","PHI",0,"F","F",8,0,2,36,6,"T","F",3,6,"T","T","frisf101","younr101","F","F",1,9,66,2,8,65,0,0,0,"wilsj105","wilsj105","",0,0,0,0,0,0,0,0,0,0,0,0,1,"","F","F","F","F",4,4,4,0,3,0,0,0,0,0,F,F,"1925PHI.EVN.regular.event.csv",675
"PHI192505040","NY1",8,0,2,0,0,"",9,0,"frisf101","?","frisf101","?","ulrid101","?","ulrid101","?","wilsj105","hawkc101","kimmw101","hubec101","sandh101","burng101","mokaj101","schuj101","","soutb101","bentj101","HR/F9D.3-H;2-H","F","F",4,2,23,"T","T",4,"F","F",0,"F","F",3,"F","F",0,"F","F","F","9D",0,0,"N",0,"N",0,"N",4,0,4,4,"","","","","F","F","F","F","F","F","F","F","F","","filld101","filld101","F","F","F","F","F","","","","",0,0,0,0,0,0,0,0,0,68,"PHI","NY1","PHI",0,"F","F",9,0,3,37,7,"T","F",6,0,"T","T","younr101","kellg101","F","F",0,0,0,8,1,67,1,9,66,"","wilsj105","wilsj105",0,0,0,0,0,0,0,0,0,0,0,0,3,"","F","F","F","F",4,0,4,4,0,0,0,0,0,0,F,F,"1925PHI.EVN.regular.event.csv",676
"PHI192505040","NY1",8,0,2,0,0,"",12,0,"younr101","?","younr101","?","ulrid101","?","ulrid101","?","wilsj105","hawkc101","kimmw101","hubec101","sandh101","burng101","mokaj101","schuj101","","","","W","F","F",9,3,14,"T","F",0,"F","F",0,"F","F",0,"F","F",0,"","F","F","",0,0,"N",0,"N",0,"N",1,0,0,0,"","","","","F","F","F","F","F","F","F","F","F","","","","F","F","F","F","F","","","","",0,0,0,0,0,0,0,0,0,69,"PHI","NY1","PHI",0,"F","F",12,0,6,38,8,"T","F",0,1,"T","T","kellg101","lindf101","F","F",0,0,0,0,0,0,0,0,0,"","","",0,0,0,0,0,0,0,0,0,0,0,0,0,"","F","F","F","F",0,0,0,0,0,0,0,0,0,0,F,F,"1925PHI.EVN.regular.event.csv",677
"PHI192505040","NY1",8,0,2,0,0,"",12,0,"kellg101","?","kellg101","?","ulrid101","?","ulrid101","?","wilsj105","hawkc101","kimmw101","hubec101","sandh101","burng101","mokaj101","schuj101","younr101","","","8/F","F","F",3,4,2,"T","T",0,"F","F",1,"F","F",0,"F","F",8,"F","F","F","",0,0,"N",0,"N",0,"N",0,1,0,0,"8","","","","F","F","F","F","F","F","F","F","F","ulrid101","","","F","F","F","F","F","","","","",0,8,0,0,0,0,0,0,0,70,"PHI","NY1","PHI",0,"F","T",12,0,6,39,9,"T","F",1,1,"T","T","lindf101","meusi101","F","F",9,3,69,0,0,0,0,0,0,"wilsj105","","",0,0,0,0,0,0,0,0,0,0,0,0,0,"mokaj101","F","F","F","F",0,0,0,0,0,0,0,0,0,0,F,F,"1925PHI.EVN.regular.event.csv",678
"PHI192505040","NY1",8,1,0,0,0,"",12,0,"kimmw101","?","kimmw101","?","bentj101","?","bentj101","?","gowdh101","kellg101","frisf101","lindf101","jackt101","meusi101","soutb101","younr101","","","","S7","T","F",4,2,20,"T","T",1,"F","F",0,"F","F",0,"F","F",7,"","F","F","",0,0,"N",0,"N",0,"N",1,0,0,0,"","","","","F","F","F","F","F","F","F","F","F","","","","F","F","F","F","F","","","","",0,0,0,0,0,0,0,0,0,71,"PHI","PHI","NY1",1,"T","F",0,12,0,28,0,"T","F",0,1,"T","T","schuj101","mokaj101","T","T",0,0,0,0,0,0,0,0,0,"","","",0,0,0,0,0,0,0,0,0,0,0,0,0,"meusi101","F","F","F","F",0,0,0,0,0,0,0,0,0,0,F,F,"1925PHI.EVN.regular.event.csv",679
"PHI192505040","NY1",8,1,0,0,0,"",12,0,"schuj101","?","schuj101","?","bentj101","?","bentj101","?","gowdh101","kellg101","frisf101","lindf101","jackt101","meusi101","soutb101","younr101","kimmw101","","","8/F","F","F",9,3,2,"T","T",0,"F","F",1,"F","F",0,"F","F",8,"F","F","F","",0,0,"N",0,"N",0,"N",0,1,0,0,"8","","","","F","F","F","F","F","F","F","F","F","bentj101","","","F","F","F","F","F","","","","",0,8,0,0,0,0,0,0,0,72,"PHI","PHI","NY1",1,"F","F",0,12,0,29,1,"T","F",1,1,"T","T","mokaj101","hawkc101","T","T",4,2,71,0,0,0,0,0,0,"gowdh101","","",0,0,0,0,0,0,0,0,0,0,0,0,0,"soutb101","F","F","F","F",0,0,0,0,0,0,0,0,0,0,F,F,"1925PHI.EVN.regular.event.csv",680
"PHI192505040","NY1",8,1,1,0,0,"",12,0,"mokaj101","?","mokaj101","?","bentj101","?","bentj101","?","gowdh101","kellg101","frisf101","lindf101","jackt101","meusi101","soutb101","younr101","kimmw101","","","53.1-2","F","F",8,4,2,"T","T",0,"F","F",1,"F","F",0,"F","F",5,"G","F","F","",0,0,"N",0,"N",0,"N",0,2,0,0,"53","","","","F","F","F","F","F","F","F","F","F","bentj101","","","F","F","F","F","F","","","","",0,3,0,0,5,0,0,0,0,73,"PHI","PHI","NY1",1,"F","F",0,12,0,30,2,"T","F",1,2,"T","T","hawkc101","wilsj105","T","T",4,2,71,0,0,0,0,0,0,"gowdh101","","",0,0,0,0,0,0,0,0,0,0,0,0,0,"lindf101","F","F","F","F",0,0,0,0,0,0,0,0,0,0,F,F,"1925PHI.EVN.regular.event.csv",681
"PHI192505040","NY1",8,1,2,0,0,"",12,0,"hawkc101","?","hawkc101","?","bentj101","?","bentj101","?","gowdh101","kellg101","frisf101","lindf101","jackt101","meusi101","soutb101","younr101","","kimmw101","","13","F","F",3,5,2,"T","T",0,"F","F",1,"F","F",0,"F","F",1,"G","F","F","",0,0,"N",0,"N",0,"N",0,0,2,0,"13","","","","F","F","F","F","F","F","F","F","F","","bentj101","","F","F","F","F","F","","","","",0,3,0,0,1,0,0,0,0,74,"PHI","PHI","NY1",1,"F","T",0,12,0,31,3,"T","F",2,2,"T","T","wilsj105","sandh101","T","T",0,0,0,4,2,71,0,0,0,"","gowdh101","",0,0,0,0,0,0,0,0,0,0,0,0,0,"bentj101","F","F","F","F",0,0,0,0,0,0,0,0,0,0,F,F,"1925PHI.EVN.regular.event.csv",682
"PHI192505040","NY1",9,0,0,0,0,"",12,0,"lindf101","?","lindf101","?","ulrid101","?","ulrid101","?","wilsj105","hawkc101","kimmw101","hubec101","sandh101","burng101","mokaj101","schuj101","","","","S/89","T","F",5,5,20,"T","T",1,"F","F",0,"F","F",0,"F","F",0,"","F","F","89",0,0,"N",0,"N",0,"N",1,0,0,0,"","","","","F","F","F","F","F","F","F","F","F","","","","F","F","F","F","F","","","","",0,0,0,0,0,0,0,0,0,75,"PHI","NY1","PHI",0,"T","F",12,0,0,40,0,"T","F",0,1,"T","T","meusi101","jackt101","F","F",0,0,0,0,0,0,0,0,0,"","","",0,0,0,0,0,0,0,0,0,0,0,0,0,"","F","F","F","F",0,0,0,0,0,0,0,0,0,0,F,F,"1925PHI.EVN.regular.event.csv",683
"PHI192505040","NY1",9,0,0,0,0,"",12,0,"meusi101","?","meusi101","?","ulrid101","?","ulrid101","?","wilsj105","hawkc101","kimmw101","hubec101","sandh101","burng101","mokaj101","schuj101","lindf101","","","4/P","F","F",7,6,2,"T","T",0,"F","F",1,"F","F",0,"F","F",4,"P","F","F","",0,0,"N",0,"N",0,"N",0,1,0,0,"4","","","","F","F","F","F","F","F","F","F","F","ulrid101","","","F","F","F","F","F","","","","",0,4,0,0,0,0,0,0,0,76,"PHI","NY1","PHI",0,"F","F",12,0,0,41,1,"T","F",1,1,"T","T","jackt101","gowdh101","F","F",5,5,75,0,0,0,0,0,0,"wilsj105","","",0,0,0,0,0,0,0,0,0,0,0,0,0,"kimmw101","F","F","F","F",0,0,0,0,0,0,0,0,0,0,F,F,"1925PHI.EVN.regular.event.csv",684
"PHI192505040","NY1",9,0,1,0,0,"",12,0,"jackt101","?","jackt101","?","ulrid101","?","ulrid101","?","wilsj105","hawkc101","kimmw101","hubec101","sandh101","burng101","mokaj101","schuj101","lindf101","","","63.1-2","F","F",6,7,2,"T","T",0,"F","F",1,"F","F",0,"F","F",6,"G","F","F","",0,0,"N",0,"N",0,"N",0,2,0,0,"63","","","","F","F","F","F","F","F","F","F","F","ulrid101","","","F","F","F","F","F","","","","",0,3,0,0,6,0,0,0,0,77,"PHI","NY1","PHI",0,"F","F",12,0,0,42,2,"T","F",1,2,"T","T","gowdh101","bentj101","F","F",5,5,75,0,0,0,0,0,0,"wilsj105","","",0,0,0,0,0,0,0,0,0,0,0,0,0,"sandh101","F","F","F","F",0,0,0,0,0,0,0,0,0,0,F,F,"1925PHI.EVN.regular.event.csv",685
"PHI192505040","NY1",9,0,2,0,0,"",12,0,"gowdh101","?","gowdh101","?","ulrid101","?","ulrid101","?","wilsj105","hawkc101","kimmw101","hubec101","sandh101","burng101","mokaj101","schuj101","","lindf101","","K/C","F","F",2,8,3,"T","T",0,"F","F",1,"F","F",0,"F","F",0,"","F","F","",0,0,"N",0,"N",0,"N",0,0,2,0,"2","","","","F","F","F","F","F","F","F","F","F","","ulrid101","","F","F","F","F","F","","","","",0,2,0,0,0,0,0,0,0,78,"PHI","NY1","PHI",0,"F","T",12,0,0,43,3,"T","F",2,2,"T","T","bentj101","soutb101","F","F",0,0,0,5,5,75,0,0,0,"","wilsj105","",0,0,0,0,0,0,0,0,0,0,0,0,0,"","F","F","F","F",0,0,0,0,0,0,0,0,0,0,F,F,"1925PHI.EVN.regular.event.csv",686
"PHI192505040","NY1",9,1,0,0,0,"",12,0,"wilsj105","?","wilsj105","?","bentj101","?","bentj101","?","gowdh101","kellg101","frisf101","lindf101","jackt101","meusi101","soutb101","younr101","","","","7/F","T","F",2,6,2,"T","T",0,"F","F",1,"F","F",0,"F","F",7,"F","F","F","",0,0,"N",0,"N",0,"N",0,0,0,0,"7","","","","F","F","F","F","F","F","F","F","F","","","","F","F","F","F","F","","","","",0,7,0,0,0,0,0,0,0,79,"PHI","PHI","NY1",1,"T","F",0,12,0,32,0,"T","F",0,0,"F","F","sandh101","hubec101","T","T",0,0,0,0,0,0,0,0,0,"","","",0,0,0,0,0,0,0,0,0,0,0,0,0,"meusi101","F","F","F","F",0,0,0,0,2,0,0,0,0,0,F,F,"1925PHI.EVN.regular.event.csv",687
"PHI192505040","NY1",9,1,1,0,0,"",12,0,"sandh101","?","sandh101","?","bentj101","?","bentj101","?","gowdh101","kellg101","frisf101","lindf101","jackt101","meusi101","soutb101","younr101","","","","W","F","F",6,7,14,"T","F",0,"F","F",0,"F","F",0,"F","F",0,"","F","F","",0,0,"N",0,"N",0,"N",1,0,0,0,"","","","","F","F","F","F","F","F","F","F","F","","","","F","F","F","F","F","","","","",0,0,0,0,0,0,0,0,0,80,"PHI","PHI","NY1",1,"F","F",0,12,0,33,1,"T","F",0,1,"T","T","hubec101","ulrid101","T","T",0,0,0,0,0,0,0,0,0,"","","",0,0,0,0,0,0,0,0,0,0,0,0,0,"","F","F","F","F",4,0,0,0,2,0,0,0,0,0,F,F,"1925PHI.EVN.regular.event.csv",688
"PHI192505040","NY1",9,1,1,0,0,"",12,0,"hubec101","?","hubec101","?","bentj101","?","bentj101","?","gowdh101","kellg101","frisf101","lindf101","jackt101","meusi101","soutb101","younr101","sandh101","","","DI.1-2","F","F",5,8,5,"F","F",0,"F","F",0,"F","F",0,"F","F",0,"","F","F","",0,0,"N",0,"N",0,"N",0,2,0,0,"","","","","F","F","F","F","F","F","F","F","F","bentj101","","","F","F","F","F","F","","","","",0,0,0,0,0,0,0,0,0,81,"PHI","PHI","NY1",1,"F","F",0,12,0,34,2,"T","F",1,2,"T","T","ulrid101","burng101","T","T",6,7,80,0,0,0,0,0,0,"gowdh101","","",0,0,0,0,0,0,0,0,0,0,0,0,0,"","F","F","F","F",0,4,0,0,2,0,0,0,0,0,F,F,"1925PHI.EVN.regular.event.csv",689
"PHI192505040","NY1",9,1,1,0,0,"",12,0,"hubec101","?","hubec101","?","bentj101","?","bentj101","?","gowdh101","kellg101","frisf101","lindf101","jackt101","meusi101","soutb101","younr101","","sandh101","","S/78.2-H","F","F",5,8,20,"T","T",1,"F","F",0,"F","F",1,"F","F",0,"","F","F","78",0,0,"N",0,"N",0,"N",1,0,4,0,"","","","","F","F","F","F","F","F","F","F","F","","bentj101","","F","F","F","F","F","","","","",0,0,0,0,0,0,0,0,0,82,"PHI","PHI","NY1",1,"F","F",0,12,0,34,2,"F","F",2,1,"T","T","ulrid101","burng101","T","T",0,0,0,6,7,80,0,0,0,"","gowdh101","",0,0,0,0,0,0,0,0,0,0,0,0,1,"","F","F","F","F",4,0,4,0,1,0,0,0,0,0,F,F,"1925PHI.EVN.regular.event.csv",690
"PHI192505040","NY1",9,1,1,0,0,"",12,1,"wendl101","?","wendl101","?","bentj101","?","bentj101","?","gowdh101","kellg101","frisf101","lindf101","jackt101","meusi101","soutb101","younr101","hubec101","","","DI.1-2","F","T",11,9,5,"F","F",0,"F","F",0,"F","F",0,"F","F",0,"","F","F","",0,0,"N",0,"N",0,"N",0,2,0,0,"","","","","F","F","F","F","F","F","F","F","F","bentj101","","","F","F","F","F","F","","","","ulrid101",1,0,0,0,0,0,0,0,0,83,"PHI","PHI","NY1",1,"F","F",1,12,1,35,3,"T","F",1,2,"F","F","burng101","kimmw101","T","T",5,8,82,0,0,0,0,0,0,"gowdh101","","",0,0,0,0,0,0,0,0,0,0,0,0,0,"","F","F","F","F",0,4,0,0,1,0,0,0,0,0,F,F,"1925PHI.EVN.regular.event.csv",691
"PHI192505040","NY1",9,1,1,0,0,"",12,1,"wendl101","?","wendl101","?","bentj101","?","bentj101","?","gowdh101","kellg101","frisf101","lindf101","jackt101","meusi101","soutb101","younr101","","hubec101","","53.2-3","F","T",11,9,2,"T","T",0,"F","F",1,"F","F",0,"F","F",5,"G","F","F","",0,0,"N",0,"N",0,"N",0,0,3,0,"53","","","","F","F","F","F","F","F","F","F","F","","bentj101","","F","F","F","F","F","","","","ulrid101",1,3,0,0,5,0,0,0,0,84,"PHI","PHI","NY1",1,"F","F",1,12,1,35,3,"F","F",2,4,"F","F","burng101","kimmw101","T","T",0,0,0,5,8,82,0,0,0,"","gowdh101","",0,0,0,0,0,0,0,0,0,0,0,0,0,"lindf101","F","F","F","F",0,0,4,0,1,0,0,0,0,0,F,F,"1925PHI.EVN.regular.event.csv",692
"PHI192505040","NY1",9,1,2,0,0,"",12,1,"burng101","?","burng101","?","bentj101","?","bentj101","?","gowdh101","kellg101","frisf101","lindf101","jackt101","meusi101","soutb101","younr101","","","hubec101","S8.3-H","F","F",7,1,20,"T","T",1,"F","F",0,"F","F",1,"F","F",8,"","F","F","",0,0,"N",0,"N",0,"N",1,0,0,4,"","","","","F","F","F","F","F","F","F","F","F","","","bentj101","F","F","F","F","F","","","","",0,0,0,0,0,0,0,0,0,85,"PHI","PHI","NY1",1,"F","F",1,12,1,36,4,"T","F",4,1,"T","T","kimmw101","schuj101","T","T",0,0,0,0,0,0,5,8,82,"","","gowdh101",0,0,0,0,0,0,0,0,0,0,0,0,1,"soutb101","F","F","F","F",0,0,0,4,0,0,0,0,0,0,F,F,"1925PHI.EVN.regular.event.csv",693
"PHI192505040","NY1",9,1,2,0,0,"",12,2,"kimmw101","?","kimmw101","?","bentj101","?","bentj101","?","gowdh101","kellg101","frisf101","lindf101","jackt101","meusi101","soutb101","younr101","burng101","","","S8.1-2","F","F",4,2,20,"T","T",1,"F","F",0,"F","F",0,"F","F",8,"","F","F","",0,0,"N",0,"N",0,"N",1,2,0,0,"","","","","F","F","F","F","F","F","F","F","F","bentj101","","","F","F","F","F","F","","","","",0,0,0,0,0,0,0,0,0,86,"PHI","PHI","NY1",1,"F","F",2,12,2,37,5,"T","F",1,3,"T","T","schuj101","mokaj101","T","T",7,1,85,0,0,0,0,0,0,"gowdh101","","",0,0,0,0,0,0,0,0,0,0,0,0,0,"soutb101","F","F","F","F",1,0,0,0,0,0,0,0,0,0,F,F,"1925PHI.EVN.regular.event.csv",694
"PHI192505040","NY1",9,1,2,0,0,"",12,2,"schuj101","?","schuj101","?","bentj101","?","bentj101","?","gowdh101","kellg101","frisf101","lindf101","jackt101","meusi101","soutb101","younr101","kimmw101","burng101","","5(2)/FO","F","F",9,3,2,"T","T",0,"F","F",1,"F","F",0,"F","F",5,"G","F","F","",0,0,"N",0,"N",0,"N",1,1,0,0,"","","5","","F","F","F","F","F","F","F","F","F","bentj101","bentj101","","F","T","F","F","F","","","","",0,5,0,0,0,0,0,0,0,87,"PHI","PHI","NY1",1,"F","T",2,12,2,38,6,"T","F",3,1,"T","T","mokaj101","hawkc101","T","T",4,2,86,7,1,85,0,0,0,"gowdh101","gowdh101","",0,0,0,0,0,0,0,0,0,0,0,0,0,"lindf101","F","T","F","F",1,1,0,0,0,0,0,0,0,0,F,F,"1925PHI.EVN.regular.event.csv",695
"PHI192505050","NY1",1,0,0,0,0,"",0,0,"soutb101","?","soutb101","?","knigj103","?","knigj103","?","henlb101","hawkc101","wrigr102","hubec101","sandh101","burng101","mokaj101","willc103","","","","8/F","T","F",8,1,2,"T","T",0,"F","F",1,"F","F",0,"F","F",8,"F","F","F","",0,0,"N",0,"N",0,"N",0,0,0,0,"8","","","","F","F","F","F","F","F","F","F","F","","","","T","F","F","F","F","","","","",0,8,0,0,0,0,0,0,0,1,"PHI","NY1","PHI",0,"T","F",0,0,0,0,0,"T","F",0,0,"T","T","frisf101","younr101","T","T",0,0,0,0,0,0,0,0,0,"","","",0,0,0,0,0,0,0,0,0,0,0,0,0,"mokaj101","F","F","F","F",0,0,0,0,0,0,0,0,0,0,F,F,"1925PHI.EVN.regular.event.csv",696
"PHI192505050","NY1",1,0,1,0,0,"",0,0,"frisf101","?","frisf101","?","knigj103","?","knigj103","?","henlb101","hawkc101","wrigr102","hubec101","sandh101","burng101","mokaj101","willc103","","","","2/P","F","F",4,2,2,"T","T",0,"F","F",1,"F","F",0,"F","F",2,"P","F","F","",0,0,"N",0,"N",0,"N",0,0,0,0,"2","","","","F","F","F","F","F","F","F","F","F","","","","F","F","F","F","F","","","","",0,2,0,0,0,0,0,0,0,2,"PHI","NY1","PHI",0,"F","F",0,0,0,1,1,"T","F",0,0,"T","T","younr101","kellg101","T","T",0,0,0,0,0,0,0,0,0,"","","",0,0,0,0,0,0,0,0,0,0,0,0,0,"henlb101","F","F","F","F",0,0,0,0,0,0,0,0,0,0,F,F,"1925PHI.EVN.regular.event.csv",697
"PHI192505050","NY1",1,0,2,0,0,"",0,0,"younr101","?","younr101","?","knigj103","?","knigj103","?","henlb101","hawkc101","wrigr102","hubec101","sandh101","burng101","mokaj101","willc103","","","","9/F9S","F","F",9,3,2,"T","T",0,"F","F",1,"F","F",0,"F","F",9,"F","F","F","9S",0,0,"N",0,"N",0,"N",0,0,0,0,"9","","","","F","F","F","F","F","F","F","F","F","","","","F","F","F","F","F","","","","",0,9,0,0,0,0,0,0,0,3,"PHI","NY1","PHI",0,"F","T",0,0,0,2,2,"T","F",0,0,"T","T","kellg101","lindf101","T","T",0,0,0,0,0,0,0,0,0,"","","",0,0,0,0,0,0,0,0,0,0,0,0,0,"willc103","F","F","F","F",0,0,0,0,0,0,0,0,0,0,F,F,"1925PHI.EVN.regular.event.csv",698
"PHI192505050","NY1",1,1,0,0,0,"",0,0,"burng101","?","burng101","?","scotj101","?","scotj101","?","hartg102","kellg101","frisf101","lindf101","jackt101","meusi101","soutb101","younr101","","","","3/G","T","F",7,1,2,"T","T",0,"F","F",1,"F","F",0,"F","F",3,"G","F","F","",0,0,"N",0,"N",0,"N",0,0,0,0,"3","","","","F","F","F","F","F","F","F","F","F","","","","F","F","F","F","F","","","","",0,3,0,0,0,0,0,0,0,4,"PHI","PHI","NY1",1,"T","F",0,0,0,0,0,"T","F",0,0,"T","T","wrigr102","willc103","T","T",0,0,0,0,0,0,0,0,0,"","","",0,0,0,0,0,0,0,0,0,0,0,0,0,"kellg101","F","F","F","F",0,0,0,0,0,0,0,0,0,0,F,F,"1925PHI.EVN.regular.event.csv",699
"PHI192505050","NY1",1,1,1,0,0,"",0,0,"wrigr102","?","wrigr102","?","scotj101","?","scotj101","?","hartg102","kellg101","frisf101","lindf101","jackt101","meusi101","soutb101","younr101","","","","6/P","F","F",4,2,2,"T","T",0,"F","F",1,"F","F",0,"F","F",6,"P","F","F","",0,0,"N",0,"N",0,"N",0,0,0,0,"6","","","","F","F","F","F","F","F","F","F","F","","","","F","F","F","F","F","","","","",0,6,0,0,0,0,0,0,0,5,"PHI","PHI","NY1",1,"F","F",0,0,0,1,1,"T","F",0,0,"T","T","willc103","mokaj101","T","T",0,0,0,0,0,0,0,0,0,"","","",0,0,0,0,0,0,0,0,0,0,0,0,0,"jackt101","F","F","F","F",0,0,0,0,0,0,0,0,0,0,F,F,"1925PHI.EVN.regular.event.csv",700
"PHI192505050","NY1",1,1,2,0,0,"",0,0,"willc103","?","willc103","?","scotj101","?","scotj101","?","hartg102","kellg101","frisf101","lindf101","jackt101","meusi101","soutb101","younr101","","","","3/P","F","F",9,3,2,"T","T",0,"F","F",1,"F","F",0,"F","F",3,"P","F","F","",0,0,"N",0,"N",0,"N",0,0,0,0,"3","","","","F","F","F","F","F","F","F","F","F","","","","F","F","F","F","F","","","","",0,3,0,0,0,0,0,0,0,6,"PHI","PHI","NY1",1,"F","T",0,0,0,2,2,"T","F",0,0,"T","T","mokaj101","hawkc101","T","T",0,0,0,0,0,0,0,0,0,"","","",0,0,0,0,0,0,0,0,0,0,0,0,0,"kellg101","F","F","F","F",0,0,0,0,0,0,0,0,0,0,F,F,"1925PHI.EVN.regular.event.csv",701
"PHI192505050","NY1",2,0,0,0,0,"",0,0,"kellg101","?","kellg101","?","knigj103","?","knigj103","?","henlb101","hawkc101","wrigr102","hubec101","sandh101","burng101","mokaj101","willc103","","","","HR/F7LD","T","F",3,4,23,"T","T",4,"F","F",0,"F","F",1,"F","F",0,"F","F","F","7LD",0,0,"N",0,"N",0,"N",4,0,0,0,"","","","","F","F","F","F","F","F","F","F","F","","","","F","F","F","F","F","","","","",0,0,0,0,0,0,0,0,0,7,"PHI","NY1","PHI",0,"T","F",0,0,0,3,0,"T","F",0,0,"T","T","lindf101","meusi101","T","T",0,0,0,0,0,0,0,0,0,"","","",0,0,0,0,0,0,0,0,0,0,0,0,1,"","F","F","F","F",4,0,0,0,0,0,0,0,0,0,F,F,"1925PHI.EVN.regular.event.csv",702
"PHI192505050","NY1",2,0,0,0,0,"",1,0,"lindf101","?","lindf101","?","knigj103","?","knigj103","?","henlb101","hawkc101","wrigr102","hubec101","sandh101","burng101","mokaj101","willc103","","","","K","F","F",5,5,3,"T","T",0,"F","F",1,"F","F",0,"F","F",0,"","F","F","",0,0,"N",0,"N",0,"N",0,0,0,0,"2","","","","F","F","F","F","F","F","F","F","F","","","","F","F","F","F","F","","","","",0,2,0,0,0,0,0,0,0,8,"PHI","NY1","PHI",0,"F","F",1,0,1,4,1,"T","F",0,0,"T","T","meusi101","jackt101","T","T",0,0,0,0,0,0,0,0,0,"","","",0,0,0,0,0,0,0,0,0,0,0,0,0,"","F","F","F","F",0,0,0,0,0,0,0,0,0,0,F,F,"1925PHI.EVN.regular.event.csv",703
"PHI192505050","NY1",2,0,1,0,0,"",1,0,"meusi101","?","meusi101","?","knigj103","?","knigj103","?","henlb101","hawkc101","wrigr102","hubec101","sandh101","burng101","mokaj101","willc103","","","","43","F","F",7,6,2,"T","T",0,"F","F",1,"F","F",0,"F","F",4,"G","F","F","",0,0,"N",0,"N",0,"N",0,0,0,0,"43","","","","F","F","F","F","F","F","F","F","F","","","","F","F","F","F","F","","","","",0,3,0,0,4,0,0,0,0,9,"PHI","NY1","PHI",0,"F","F",1,0,1,5,2,"T","F",0,0,"T","T","jackt101","hartg102","T","T",0,0,0,0,0,0,0,0,0,"","","",0,0,0,0,0,0,0,0,0,0,0,0,0,"wrigr102","F","F","F","F",0,0,0,0,0,0,0,0,0,0,F,F,"1925PHI.EVN.regular.event.csv",704
"PHI192505050","NY1",2,0,2,0,0,"",1,0,"jackt101","?","jackt101","?","knigj103","?","knigj103","?","henlb101","hawkc101","wrigr102","hubec101","sandh101","burng101","mokaj101","willc103","","","","W","F","F",6,7,14,"T","F",0,"F","F",0,"F","F",0,"F","F",0,"","F","F","",0,0,"N",0,"N",0,"N",1,0,0,0,"","","","","F","F","F","F","F","F","F","F","F","","","","F","F","F","F","F","","","","",0,0,0,0,0,0,0,0,0,10,"PHI","NY1","PHI",0,"F","F",1,0,1,6,3,"T","F",0,1,"T","T","hartg102","scotj101","T","T",0,0,0,0,0,0,0,0,0,"","","",0,0,0,0,0,0,0,0,0,0,0,0,0,"","F","F","F","F",0,0,0,0,0,0,0,0,0,0,F,F,"1925PHI.EVN.regular.event.csv",705
"PHI192505050","NY1",2,0,2,0,0,"",1,0,"hartg102","?","hartg102","?","knigj103","?","knigj103","?","henlb101","hawkc101","wrigr102","hubec101","sandh101","burng101","mokaj101","willc103","jackt101","","","7/F","F","F",2,8,2,"T","T",0,"F","F",1,"F","F",0,"F","F",7,"F","F","F","",0,0,"N",0,"N",0,"N",0,1,0,0,"7","","","","F","F","F","F","F","F","F","F","F","knigj103","","","F","F","F","F","F","","","","",0,7,0,0,0,0,0,0,0,11,"PHI","NY1","PHI",0,"F","T",1,0,1,7,4,"T","F",1,1,"T","T","scotj101","soutb101","T","T",6,7,10,0,0,0,0,0,0,"henlb101","","",0,0,0,0,0,0,0,0,0,0,0,0,0,"burng101","F","F","F","F",0,0,0,0,0,0,0,0,0,0,F,F,"1925PHI.EVN.regular.event.csv",706
"PHI192505050","NY1",2,1,0,0,0,"",1,0,"mokaj101","?","mokaj101","?","scotj101","?","scotj101","?","hartg102","kellg101","frisf101","lindf101","jackt101","meusi101","soutb101","younr101","","","","W","T","F",8,4,14,"T","F",0,"F","F",0,"F","F",0,"F","F",0,"","F","F","",0,0,"N",0,"N",0,"N",1,0,0,0,"","","","","F","F","F","F","F","F","F","F","F","","","","F","F","F","F","F","","","","",0,0,0,0,0,0,0,0,0,12,"PHI","PHI","NY1",1,"T","F",0,1,0,3,0,"T","F",0,1,"T","T","hawkc101","henlb101","T","T",0,0,0,0,0,0,0,0,0,"","","",0,0,0,0,0,0,0,0,0,0,0,0,0,"","F","F","F","F",4,0,0,0,1,0,0,0,0,0,F,F,"1925PHI.EVN.regular.event.csv",707
"PHI192505050","NY1",2,1,0,0,0,"",1,0,"hawkc101","?","hawkc101","?","scotj101","?","scotj101","?","hartg102","kellg101","frisf101","lindf101","jackt101","meusi101","soutb101","younr101","mokaj101","","","S9/F9DW.1-3","F","F",3,5,20,"T","T",1,"F","F",0,"F","F",0,"F","F",9,"F","F","F","9DW",0,0,"N",0,"N",0,"N",1,3,0,0,"","","","","F","F","F","F","F","F","F","F","F","scotj101","","","F","F","F","F","F","","","","",0,0,0,0,0,0,0,0,0,13,"PHI","PHI","NY1",1,"F","F",0,1,0,4,1,"T","F",1,5,"T","T","henlb101","sandh101","T","T",8,4,12,0,0,0,0,0,0,"hartg102","","",0,0,0,0,0,0,0,0,0,0,0,0,0,"younr101","F","F","F","F",0,4,0,0,1,0,0,0,0,0,F,F,"1925PHI.EVN.regular.event.csv",708
"PHI192505050","NY1",2,1,0,3,2,"",1,0,"henlb101","?","henlb101","?","scotj101","?","scotj101","?","hartg102","kellg101","frisf101","lindf101","jackt101","meusi101","soutb101","younr101","hawkc101","","mokaj101","K+CS2(24)/C/DP.3-H","F","F",2,6,3,"T","T",0,"F","F",2,"T","F",0,"F","F",0,"","F","F","",0,0,"N",0,"N",0,"N",0,0,0,4,"2","24","","","F","F","F","T","F","F","F","F","F","scotj101","","scotj101","F","F","F","F","F","","","","",0,2,4,0,2,0,0,0,0,14,"PHI","PHI","NY1",1,"F","F",0,1,0,5,2,"T","F",5,0,"T","T","sandh101","hubec101","T","T",3,5,13,0,0,0,8,4,12,"hartg102","","hartg102",0,0,0,0,0,0,0,0,0,0,0,0,1,"","F","F","F","F",0,0,0,4,0,0,0,0,0,0,F,F,"1925PHI.EVN.regular.event.csv",709
"PHI192505050","NY1",2,1,2,0,0,"",1,1,"sandh101","?","sandh101","?","scotj101","?","scotj101","?","hartg102","kellg101","frisf101","lindf101","jackt101","meusi101","soutb101","younr101","","","","D/89XDW","F","F",6,7,21,"T","T",2,"F","F",0,"F","F",0,"F","F",0,"","F","F","89XDW",0,0,"N",0,"N",0,"N",2,0,0,0,"","","","","F","F","F","F","F","F","F","F","F","","","","F","F","F","F","F","","","","",0,0,0,0,0,0,0,0,0,15,"PHI","PHI","NY1",1,"F","F",1,1,1,6,3,"T","F",0,2,"T","T","hubec101","knigj103","T","T",0,0,0,0,0,0,0,0,0,"","","",0,0,0,0,0,0,0,0,0,0,0,0,0,"","F","F","F","F",0,0,0,0,0,0,0,0,0,0,F,F,"1925PHI.EVN.regular.event.csv",710
"PHI192505050","NY1",2,1,2,0,0,"",1,1,"hubec101","?","hubec101","?","scotj101","?","scotj101","?","hartg102","kellg101","frisf101","lindf101","jackt101","meusi101","soutb101","younr101","","sandh101","","8/F8XD","F","F",5,8,2,"T","T",0,"F","F",1,"F","F",0,"F","F",8,"F","F","F","8XD",0,0,"N",0,"N",0,"N",0,0,2,0,"8","","","","F","F","F","F","F","F","F","F","F","","scotj101","","F","F","F","F","F","","","","",0,8,0,0,0,0,0,0,0,16,"PHI","PHI","NY1",1,"F","T",1,1,1,7,4,"T","F",2,2,"T","T","knigj103","burng101","T","T",0,0,0,6,7,15,0,0,0,"","hartg102","",0,0,0,0,0,0,0,0,0,0,0,0,0,"soutb101","F","F","F","F",0,0,0,0,0,0,0,0,0,0,F,F,"1925PHI.EVN.regular.event.csv",711
"PHI192505050","NY1",3,0,0,0,0,"",1,1,"scotj101","?","scotj101","?","knigj103","?","knigj103","?","henlb101","hawkc101","wrigr102","hubec101","sandh101","burng101","mokaj101","willc103","","","","S8/G46","T","F",1,9,20,"T","T",1,"F","F",0,"F","F",0,"F","F",8,"G","F","F","46",0,0,"N",0,"N",0,"N",1,0,0,0,"","","","","F","F","F","F","F","F","F","F","F","","","","F","F","F","F","F","","","","",0,0,0,0,0,0,0,0,0,17,"PHI","NY1","PHI",0,"T","F",1,1,0,8,0,"T","F",0,1,"T","T","soutb101","frisf101","T","T",0,0,0,0,0,0,0,0,0,"","","",0,0,0,0,0,0,0,0,0,0,0,0,0,"mokaj101","F","F","F","F",4,0,0,0,3,0,0,0,0,0,F,F,"1925PHI.EVN.regular.event.csv",712
"PHI192505050","NY1",3,0,0,0,0,"",1,1,"soutb101","?","soutb101","?","knigj103","?","knigj103","?","henlb101","hawkc101","wrigr102","hubec101","sandh101","burng101","mokaj101","willc103","scotj101","","","S8/G6M.1-3","F","F",8,1,20,"T","T",1,"F","F",0,"F","F",0,"F","F",8,"G","F","F","6M",0,0,"N",0,"N",0,"N",1,3,0,0,"","","","","F","F","F","F","F","F","F","F","F","knigj103","","","F","F","F","F","F","","","","",0,0,0,0,0,0,0,0,0,18,"PHI","NY1","PHI",0,"F","F",1,1,0,9,1,"T","F",1,5,"T","T","frisf101","younr101","T","T",1,9,17,0,0,0,0,0,0,"henlb101","","",0,0,0,0,0,0,0,0,0,0,0,0,0,"mokaj101","F","F","F","F",4,4,0,0,3,0,0,0,0,0,F,F,"1925PHI.EVN.regular.event.csv",713
"PHI192505050","NY1",3,0,0,0,0,"",1,1,"frisf101","?","frisf101","?","knigj103","?","knigj103","?","henlb101","hawkc101","wrigr102","hubec101","sandh101","burng101","mokaj101","willc103","soutb101","","scotj101","D9/G3L.3-H;1-H;B-3(E4)","F","F",4,2,21,"T","T",2,"F","F",0,"F","F",2,"F","F",9,"G","F","F","3L",1,4,"F",0,"N",0,"N",3,4,0,4,"","","","","F","F","F","F","F","F","F","F","F","knigj103","","knigj103","F","F","F","F","F","","","","",0,0,0,0,0,0,0,0,0,19,"PHI","NY1","PHI",0,"F","F",1,1,0,10,2,"T","F",5,4,"T","T","younr101","kellg101","T","T",8,1,18,0,0,0,1,9,17,"henlb101","","henlb101",0,0,0,0,0,0,0,0,0,0,0,0,2,"willc103","F","F","F","F",5,4,0,4,1,0,0,0,0,0,F,F,"1925PHI.EVN.regular.event.csv",714
"PHI192505050","NY1",3,0,0,0,0,"",3,1,"younr101","?","younr101","?","knigj103","?","knigj103","?","henlb101","hawkc101","wrigr102","hubec101","sandh101","burng101","mokaj101","willc103","","","frisf101","8/F89XDW/SF.3-H(UR)","F","F",9,3,2,"T","F",0,"F","T",1,"F","F",1,"F","F",8,"F","F","F","89XDW",0,0,"N",0,"N",0,"N",0,0,0,5,"8","","","","F","F","F","F","F","F","F","F","F","","","knigj103","F","F","F","F","F","","","","",0,8,0,0,0,0,0,0,0,20,"PHI","NY1","PHI",0,"F","F",3,1,2,11,3,"T","F",4,0,"T","T","kellg101","lindf101","T","T",0,0,0,0,0,0,4,2,19,"","","henlb101",0,0,0,0,0,0,0,0,0,0,0,0,1,"mokaj101","F","F","F","F",0,0,0,5,0,0,0,0,0,0,F,F,"1925PHI.EVN.regular.event.csv",715
"PHI192505050","NY1",3,0,1,0,0,"",4,1,"kellg101","?","kellg101","?","knigj103","?","knigj103","?","henlb101","hawkc101","wrigr102","hubec101","sandh101","burng101","mokaj101","willc103","","","","K/C","F","F",3,4,3,"T","T",0,"F","F",1,"F","F",0,"F","F",0,"","F","F","",0,0,"N",0,"N",0,"N",0,0,0,0,"2","","","","F","F","F","F","F","F","F","F","F","","","","F","F","F","F","F","","","","",0,2,0,0,0,0,0,0,0,21,"PHI","NY1","PHI",0,"F","F",4,1,3,12,4,"T","F",0,0,"T","T","lindf101","meusi101","T","T",0,0,0,0,0,0,0,0,0,"","","",0,0,0,0,0,0,0,0,0,0,0,0,0,"","F","F","F","F",0,0,0,0,0,0,0,0,0,0,F,F,"1925PHI.EVN.regular.event.csv",716
"PHI192505050","NY1",3,0,2,0,0,"",4,1,"lindf101","?","lindf101","?","knigj103","?","knigj103","?","henlb101","hawkc101","wrigr102","hubec101","sandh101","burng101","mokaj101","willc103","","","","E6/G.B-2","F","F",5,5,18,"T","T",0,"F","F",0,"F","F",0,"F","F",6,"G","F","F","",1,6,"F",0,"N",0,"N",2,0,0,0,"","","","","F","F","F","F","F","F","F","F","F","","","","F","F","F","F","F","","","","",0,0,0,0,0,0,0,0,0,22,"PHI","NY1","PHI",0,"F","F",4,1,3,13,5,"T","F",0,2,"T","T","meusi101","jackt101","T","T",0,0,0,0,0,0,0,0,0,"","","",0,0,0,0,0,0,0,0,0,0,0,0,0,"sandh101","F","F","F","T",0,0,0,0,0,0,0,0,0,0,F,F,"1925PHI.EVN.regular.event.csv",717
"PHI192505050","NY1",3,0,2,0,0,"",4,1,"meusi101","?","meusi101","?","knigj103","?","knigj103","?","henlb101","hawkc101","wrigr102","hubec101","sandh101","burng101","mokaj101","willc103","","lindf101","","43","F","F",7,6,2,"T","T",0,"F","F",1,"F","F",0,"F","F",4,"G","F","F","",0,0,"N",0,"N",0,"N",0,0,2,0,"43","","","","F","F","F","F","F","F","F","F","F","","knigj103","","F","F","F","F","F","","","","",0,3,0,0,4,0,0,0,0,23,"PHI","NY1","PHI",0,"F","T",4,1,3,14,6,"T","F",2,2,"T","T","jackt101","hartg102","T","T",0,0,0,5,5,22,0,0,0,"","henlb101","",0,0,0,0,0,0,0,0,0,0,0,0,0,"wrigr102","F","F","F","F",0,0,0,0,0,0,0,0,0,0,F,F,"1925PHI.EVN.regular.event.csv",718
"PHI192505050","NY1",3,1,0,0,0,"",4,1,"knigj103","?","knigj103","?","scotj101","?","scotj101","?","hartg102","kellg101","frisf101","lindf101","jackt101","meusi101","soutb101","younr101","","","","W","T","F",1,9,14,"T","F",0,"F","F",0,"F","F",0,"F","F",0,"","F","F","",0,0,"N",0,"N",0,"N",1,0,0,0,"","","","","F","F","F","F","F","F","F","F","F","","","","F","F","F","F","F","","","","",0,0,0,0,0,0,0,0,0,24,"PHI","PHI","NY1",1,"T","F",1,4,0,8,0,"T","F",0,1,"T","T","burng101","wrigr102","T","T",0,0,0,0,0,0,0,0,0,"","","",0,0,0,0,0,0,0,0,0,0,0,0,0,"","F","F","F","F",0,0,0,0,4,0,0,0,0,0,F,F,"1925PHI.EVN.regular.event.csv",719
"PHI192505050","NY1",3,1,0,0,0,"",4,1,"burng101","?","burng101","?","scotj101","?","scotj101","?","hartg102","kellg101","frisf101","lindf101","jackt101","meusi101","soutb101","younr101","knigj103","","","54(1)/FO","F","F",7,1,2,"T","T",0,"F","F",1,"F","F",0,"F","F",5,"G","F","F","",0,0,"N",0,"N",0,"N",1,0,0,0,"","54","","","F","F","F","F","F","F","F","F","F","scotj101","","","F","F","F","F","F","","","","",0,4,0,0,5,0,0,0,0,25,"PHI","PHI","NY1",1,"F","F",1,4,0,9,1,"T","F",1,1,"T","T","wrigr102","willc103","T","T",1,9,24,0,0,0,0,0,0,"hartg102","","",0,0,0,0,0,0,0,0,0,0,0,0,0,"lindf101","T","F","F","F",4,0,0,0,4,0,0,0,0,0,F,F,"1925PHI.EVN.regular.event.csv",720
"PHI192505050","NY1",3,1,1,0,0,"",4,1,"wrigr102","?","wrigr102","?","scotj101","?","scotj101","?","hartg102","kellg101","frisf101","lindf101","jackt101","meusi101","soutb101","younr101","burng101","","","HR/F9D.1-H","F","F",4,2,23,"T","T",4,"F","F",0,"F","F",2,"F","F",0,"F","F","F","9D",0,0,"N",0,"N",0,"N",4,4,0,0,"","","","","F","F","F","F","F","F","F","F","F","scotj101","","","F","F","F","F","F","","","","",0,0,0,0,0,0,0,0,0,26,"PHI","PHI","NY1",1,"F","F",1,4,0,10,2,"T","F",1,0,"T","T","willc103","mokaj101","T","T",7,1,25,0,0,0,0,0,0,"hartg102","","",0,0,0,0,0,0,0,0,0,0,0,0,2,"","F","F","F","F",4,4,0,0,2,0,0,0,0,0,F,F,"1925PHI.EVN.regular.event.csv",721
"PHI192505050","NY1",3,1,1,0,0,"",4,3,"willc103","?","willc103","?","scotj101","?","scotj101","?","hartg102","kellg101","frisf101","lindf101","jackt101","meusi101","soutb101","younr101","","","","HR/F9D","F","F",9,3,23,"T","T",4,"F","F",0,"F","F",1,"F","F",0,"F","F","F","9D",0,0,"N",0,"N",0,"N",4,0,0,0,"","","","","F","F","F","F","F","F","F","F","F","","","","F","F","F","F","F","","","","",0,0,0,0,0,0,0,0,0,27,"PHI","PHI","NY1",1,"F","F",3,4,2,11,3,"T","F",0,0,"T","T","mokaj101","hawkc101","T","T",0,0,0,0,0,0,0,0,0,"","","",0,0,0,0,0,0,0,0,0,0,0,0,1,"","F","F","F","F",4,0,0,0,1,0,0,0,0,0,F,F,"1925PHI.EVN.regular.event.csv",722
"PHI192505050","NY1",3,1,1,0,0,"",4,4,"mokaj101","?","mokaj101","?","scotj101","?","scotj101","?","hartg102","kellg101","frisf101","lindf101","jackt101","meusi101","soutb101","younr101","","","","W","F","F",8,4,14,"T","F",0,"F","F",0,"F","F",0,"F","F",0,"","F","F","",0,0,"N",0,"N",0,"N",1,0,0,0,"","","","","F","F","F","F","F","F","F","F","F","","","","F","F","F","F","F","","","","",0,0,0,0,0,0,0,0,0,28,"PHI","PHI","NY1",1,"F","F",4,4,3,12,4,"T","F",0,1,"T","T","hawkc101","henlb101","T","T",0,0,0,0,0,0,0,0,0,"","","",0,0,0,0,0,0,0,0,0,0,0,0,0,"","F","F","F","F",4,0,0,0,1,0,0,0,0,0,F,F,"1925PHI.EVN.regular.event.csv",723
"PHI192505050","NY1",3,1,1,0,0,"",4,4,"hawkc101","?","hawkc101","?","scotj101","?","scotj101","?","hartg102","kellg101","frisf101","lindf101","jackt101","meusi101","soutb101","younr101","mokaj101","","","K","F","F",3,5,3,"T","T",0,"F","F",1,"F","F",0,"F","F",0,"","F","F","",0,0,"N",0,"N",0,"N",0,1,0,0,"2","","","","F","F","F","F","F","F","F","F","F","scotj101","","","F","F","F","F","F","","","","",0,2,0,0,0,0,0,0,0,29,"PHI","PHI","NY1",1,"F","F",4,4,3,13,5,"T","F",1,1,"T","T","henlb101","sandh101","T","T",8,4,28,0,0,0,0,0,0,"hartg102","","",0,0,0,0,0,0,0,0,0,0,0,0,0,"","F","F","F","F",0,4,0,0,1,0,0,0,0,0,F,F,"1925PHI.EVN.regular.event.csv",724
"PHI192505050","NY1",3,1,2,0,0,"",4,4,"henlb101","?","henlb101","?","scotj101","?","scotj101","?","hartg102","kellg101","frisf101","lindf101","jackt101","meusi101","soutb101","younr101","mokaj101","","","SB2","F","F",2,6,4,"F","F",0,"F","F",0,"F","F",0,"F","F",0,"","F","F","",0,0,"N",0,"N",0,"N",0,2,0,0,"","","","","T","F","F","F","F","F","F","F","F","scotj101","","","F","F","F","F","F","","","","",0,0,0,0,0,0,0,0,0,30,"PHI","PHI","NY1",1,"F","F",4,4,3,14,6,"T","F",1,2,"T","T","sandh101","hubec101","T","T",8,4,28,0,0,0,0,0,0,"hartg102","","",0,0,0,0,0,0,0,0,0,0,0,0,0,"","F","F","F","F",0,4,0,0,1,0,0,0,0,0,F,F,"1925PHI.EVN.regular.event.csv",725
"PHI192505050","NY1",3,1,2,0,0,"",4,4,"henlb101","?","henlb101","?","scotj101","?","scotj101","?","hartg102","kellg101","frisf101","lindf101","jackt101","meusi101","soutb101","younr101","","mokaj101","","W","F","F",2,6,14,"T","F",0,"F","F",0,"F","F",0,"F","F",0,"","F","F","",0,0,"N",0,"N",0,"N",1,0,2,0,"","","","","F","F","F","F","F","F","F","F","F","","scotj101","","F","F","F","F","F","","","","",0,0,0,0,0,0,0,0,0,31,"PHI","PHI","NY1",1,"F","F",4,4,3,14,6,"F","F",2,3,"T","T","sandh101","hubec101","T","T",0,0,0,8,4,28,0,0,0,"","hartg102","",0,0,0,0,0,0,0,0,0,0,0,0,0,"","F","F","F","F",0,0,4,0,1,0,0,0,0,0,F,F,"1925PHI.EVN.regular.event.csv",726
"PHI192505050","NY1",3,1,2,0,0,"",4,4,"sandh101","?","sandh101","?","deanw101","?","deanw101","?","hartg102","kellg101","frisf101","lindf101","jackt101","meusi101","soutb101","younr101","henlb101","mokaj101","","S9.2-H;1-3","F","F",6,7,20,"T","T",1,"F","F",0,"F","F",1,"F","F",9,"","F","F","",0,0,"N",0,"N",0,"N",1,3,4,0,"","","","","F","F","F","F","F","F","F","F","F","scotj101","scotj101","","F","F","F","F","F","","","","",0,0,0,0,0,0,0,0,0,32,"PHI","PHI","NY1",1,"F","F",4,4,3,15,7,"T","F",3,5,"T","T","hubec101","knigj103","F","F",2,6,31,8,4,28,0,0,0,"hartg102","hartg102","",0,0,0,0,0,0,0,0,0,0,0,0,1,"younr101","F","F","F","F",0,0,4,0,0,0,0,0,0,0,F,F,"1925PHI.EVN.regular.event.csv",727
"PHI192505050","NY1",3,1,2,0,0,"",4,5,"hubec101","?","hubec101","?","deanw101","?","deanw101","?","hartg102","kellg101","frisf101","lindf101","jackt101","meusi101","soutb101","younr101","sandh101","","henlb101","CSH(242)","F","F",5,8,6,"F","F",0,"F","F",1,"F","F",0,"F","F",0,"","F","F","",0,0,"N",0,"N",0,"N",0,1,0,0,"","","","242","F","F","F","F","F","T","F","F","F","deanw101","","scotj101","F","F","F","F","F","","","","",0,2,0,0,2,4,0,0,0,33,"PHI","PHI","NY1",1,"F","T",5,4,4,16,8,"T","T",5,1,"T","T","knigj103","burng101","F","F",6,7,32,0,0,0,2,6,31,"hartg102","","hartg102",0,0,0,0,0,0,0,0,0,0,0,0,0,"","F","F","F","F",0,0,0,0,0,0,0,0,0,0,F,F,"1925PHI.EVN.regular.event.csv",728
"PHI192505050","NY1",4,0,0,0,0,"",4,5,"jackt101","?","jackt101","?","knigj103","?","knigj103","?","henlb101","hawkc101","wrigr102","hubec101","sandh101","burng101","mokaj101","willc103","","","","53","T","F",6,7,2,"T","T",0,"F","F",1,"F","F",0,"F","F",5,"G","F","F","",0,0,"N",0,"N",0,"N",0,0,0,0,"53","","","","F","F","F","F","F","F","F","F","F","","","","F","F","F","F","F","","","","",0,3,0,0,5,0,0,0,0,34,"PHI","NY1","PHI",0,"T","F",4,5,0,15,0,"T","F",0,0,"T","T","hartg102","deanw101","T","T",0,0,0,0,0,0,0,0,0,"","","",0,0,0,0,0,0,0,0,0,0,0,0,0,"hubec101","F","F","F","F",0,0,0,0,0,0,0,0,0,0,F,F,"1925PHI.EVN.regular.event.csv",729
"PHI192505050","NY1",4,0,1,0,0,"",4,5,"hartg102","?","hartg102","?","knigj103","?","knigj103","?","henlb101","hawkc101","wrigr102","hubec101","sandh101","burng101","mokaj101","willc103","","","","9/F","F","F",2,8,2,"T","T",0,"F","F",1,"F","F",0,"F","F",9,"F","F","F","",0,0,"N",0,"N",0,"N",0,0,0,0,"9","","","","F","F","F","F","F","F","F","F","F","","","","F","F","F","F","F","","","","",0,9,0,0,0,0,0,0,0,35,"PHI","NY1","PHI",0,"F","F",4,5,0,16,1,"T","F",0,0,"T","T","deanw101","soutb101","T","T",0,0,0,0,0,0,0,0,0,"","","",0,0,0,0,0,0,0,0,0,0,0,0,0,"willc103","F","F","F","F",0,0,0,0,0,0,0,0,0,0,F,F,"1925PHI.EVN.regular.event.csv",730
"PHI192505050","NY1",4,0,2,0,0,"",4,5,"deanw101","?","deanw101","?","knigj103","?","knigj103","?","henlb101","hawkc101","wrigr102","hubec101","sandh101","burng101","mokaj101","willc103","","","","9/F","F","F",1,9,2,"T","T",0,"F","F",1,"F","F",0,"F","F",9,"F","F","F","",0,0,"N",0,"N",0,"N",0,0,0,0,"9","","","","F","F","F","F","F","F","F","F","F","","","","F","F","F","F","F","","","","",0,9,0,0,0,0,0,0,0,36,"PHI","NY1","PHI",0,"F","T",4,5,0,17,2,"T","F",0,0,"F","F","soutb101","frisf101","T","T",0,0,0,0,0,0,0,0,0,"","","",0,0,0,0,0,0,0,0,0,0,0,0,0,"willc103","F","F","F","F",0,0,0,0,0,0,0,0,0,0,F,F,"1925PHI.EVN.regular.event.csv",731
"PHI192505050","NY1",4,1,0,0,0,"",4,5,"hubec101","?","hubec101","?","deanw101","?","deanw101","?","hartg102","kellg101","frisf101","lindf101","jackt101","meusi101","soutb101","younr101","","","","2/P","T","F",5,8,2,"T","T",0,"F","F",1,"F","F",0,"F","F",2,"P","F","F","",0,0,"N",0,"N",0,"N",0,0,0,0,"2","","","","F","F","F","F","F","F","F","F","F","","","","F","F","F","F","F","","","","",0,2,0,0,0,0,0,0,0,37,"PHI","PHI","NY1",1,"T","F",5,4,0,16,0,"T","F",0,0,"T","T","knigj103","burng101","F","F",0,0,0,0,0,0,0,0,0,"","","",0,0,0,0,0,0,0,0,0,0,0,0,0,"hartg102","F","F","F","F",0,0,0,0,3,0,0,0,0,0,F,F,"1925PHI.EVN.regular.event.csv",732
"PHI192505050","NY1",4,1,1,0,0,"",4,5,"knigj103","?","knigj103","?","deanw101","?","deanw101","?","hartg102","kellg101","frisf101","lindf101","jackt101","meusi101","soutb101","younr101","","","","43","F","F",1,9,2,"T","T",0,"F","F",1,"F","F",0,"F","F",4,"G","F","F","",0,0,"N",0,"N",0,"N",0,0,0,0,"43","","","","F","F","F","F","F","F","F","F","F","","","","F","F","F","F","F","","","","",0,3,0,0,4,0,0,0,0,38,"PHI","PHI","NY1",1,"F","F",5,4,0,17,1,"T","F",0,0,"T","T","burng101","wrigr102","F","F",0,0,0,0,0,0,0,0,0,"","","",0,0,0,0,0,0,0,0,0,0,0,0,0,"frisf101","F","F","F","F",0,0,0,0,3,0,0,0,0,0,F,F,"1925PHI.EVN.regular.event.csv",733
"PHI192505050","NY1",4,1,2,0,0,"",4,5,"burng101","?","burng101","?","deanw101","?","deanw101","?","hartg102","kellg101","frisf101","lindf101","jackt101","meusi101","soutb101","younr101","","","","D7/78","F","F",7,1,21,"T","T",2,"F","F",0,"F","F",0,"F","F",7,"","F","F","78",0,0,"N",0,"N",0,"N",2,0,0,0,"","","","","F","F","F","F","F","F","F","F","F","","","","F","F","F","F","F","","","","",0,0,0,0,0,0,0,0,0,39,"PHI","PHI","NY1",1,"F","F",5,4,0,18,2,"T","F",0,2,"T","T","wrigr102","willc103","F","F",0,0,0,0,0,0,0,0,0,"","","",0,0,0,0,0,0,0,0,0,0,0,0,0,"meusi101","F","F","F","F",4,0,0,0,3,0,0,0,0,0,F,F,"1925PHI.EVN.regular.event.csv",734
"PHI192505050","NY1",4,1,2,0,0,"",4,5,"wrigr102","?","wrigr102","?","deanw101","?","deanw101","?","hartg102","kellg101","frisf101","lindf101","jackt101","meusi101","soutb101","younr101","","burng101","","S8.2-H;B-2(E8)","F","F",4,2,20,"T","T",1,"F","F",0,"F","F",1,"F","F",8,"","F","F","",1,8,"F",0,"N",0,"N",2,0,4,0,"","","","","F","F","F","F","F","F","F","F","F","","deanw101","","F","F","F","F","F","","","","",0,0,0,0,0,0,0,0,0,40,"PHI","PHI","NY1",1,"F","F",5,4,0,19,3,"T","F",2,2,"T","T","willc103","mokaj101","F","F",0,0,0,7,1,39,0,0,0,"","hartg102","",0,0,0,0,0,0,0,0,0,0,0,0,1,"soutb101","F","F","F","F",4,0,4,0,2,0,0,0,0,0,F,F,"1925PHI.EVN.regular.event.csv",735
"PHI192505050","NY1",4,1,2,0,0,"X",4,6,"willc103","?","willc103","?","deanw101","?","deanw101","?","hartg102","kellg101","frisf101","lindf101","jackt101","meusi101","soutb101","younr101","","wrigr102","","HR/F89XD.2-H","F","F",9,3,23,"T","T",4,"F","F",0,"F","F",2,"F","F",0,"F","F","F","89XD",0,0,"N",0,"N",0,"N",4,0,4,0,"","","","","F","F","F","F","F","F","F","F","F","","deanw101","","F","F","F","F","F","","","","",0,0,0,0,0,0,0,0,0,41,"PHI","PHI","NY1",1,"F","F",6,4,1,20,4,"T","F",2,0,"T","T","mokaj101","hawkc101","F","F",0,0,0,4,2,40,0,0,0,"","hartg102","",0,0,0,0,0,0,1,0,0,0,1,0,2,"","F","F","F","F",4,0,4,0,0,0,0,0,0,0,F,F,"1925PHI.EVN.regular.event.csv",736
"PHI192505050","NY1",4,1,2,0,0,"",4,8,"mokaj101","?","mokaj101","?","deanw101","?","deanw101","?","hartg102","kellg101","frisf101","lindf101","jackt101","meusi101","soutb101","younr101","","","","W","F","F",8,4,14,"T","F",0,"F","F",0,"F","F",0,"F","F",0,"","F","F","",0,0,"N",0,"N",0,"N",1,0,0,0,"","","","","F","F","F","F","F","F","F","F","F","","","","F","F","F","F","F","","","","",0,0,0,0,0,0,0,0,0,42,"PHI","PHI","NY1",1,"F","F",8,4,3,21,5,"T","F",0,1,"T","T","hawkc101","henlb101","F","F",0,0,0,0,0,0,0,0,0,"","","",0,0,0,0,0,0,0,0,0,0,0,0,0,"","F","F","F","F",0,0,0,0,0,0,0,0,0,0,F,F,"1925PHI.EVN.regular.event.csv",737
"PHI192505050","NY1",4,1,2,0,0,"",4,8,"hawkc101","?","hawkc101","?","deanw101","?","deanw101","?","hartg102","kellg101","frisf101","lindf101","jackt101","meusi101","soutb101","younr101","mokaj101","","","43","F","F",3,5,2,"T","T",0,"F","F",1,"F","F",0,"F","F",4,"G","F","F","",0,0,"N",0,"N",0,"N",0,1,0,0,"43","","","","F","F","F","F","F","F","F","F","F","deanw101","","","F","F","F","F","F","","","","",0,3,0,0,4,0,0,0,0,43,"PHI","PHI","NY1",1,"F","T",8,4,3,22,6,"T","F",1,1,"T","T","henlb101","sandh101","F","F",8,4,42,0,0,0,0,0,0,"hartg102","","",0,0,0,0,0,0,0,0,0,0,0,0,0,"frisf101","F","F","F","F",0,0,0,0,0,0,0,0,0,0,F,F,"1925PHI.EVN.regular.event.csv",738
"PHI192505050","NY1",5,0,0,0,0,"",4,8,"soutb101","?","soutb101","?","knigj103","?","knigj103","?","henlb101","hawkc101","wrigr102","hubec101","sandh101","burng101","mokaj101","willc103","","","","8/F","T","F",8,1,2,"T","T",0,"F","F",1,"F","F",0,"F","F",8,"F","F","F","",0,0,"N",0,"N",0,"N",0,0,0,0,"8","","","","F","F","F","F","F","F","F","F","F","","","","F","F","F","F","F","","","","",0,8,0,0,0,0,0,0,0,44,"PHI","NY1","PHI",0,"T","F",4,8,0,18,0,"T","F",0,0,"T","T","frisf101","younr101","T","T",0,0,0,0,0,0,0,0,0,"","","",0,0,0,0,0,0,0,0,0,0,0,0,0,"mokaj101","F","F","F","F",0,0,0,0,0,0,0,0,0,0,F,F,"1925PHI.EVN.regular.event.csv",739
"PHI192505050","NY1",5,0,1,0,0,"",4,8,"frisf101","?","frisf101","?","knigj103","?","knigj103","?","henlb101","hawkc101","wrigr102","hubec101","sandh101","burng101","mokaj101","willc103","","","","3/G","F","F",4,2,2,"T","T",0,"F","F",1,"F","F",0,"F","F",3,"G","F","F","",0,0,"N",0,"N",0,"N",0,0,0,0,"3","","","","F","F","F","F","F","F","F","F","F","","","","F","F","F","F","F","","","","",0,3,0,0,0,0,0,0,0,45,"PHI","NY1","PHI",0,"F","F",4,8,0,19,1,"T","F",0,0,"T","T","younr101","kellg101","T","T",0,0,0,0,0,0,0,0,0,"","","",0,0,0,0,0,0,0,0,0,0,0,0,0,"hawkc101","F","F","F","F",0,0,0,0,0,0,0,0,0,0,F,F,"1925PHI.EVN.regular.event.csv",740
"PHI192505050","NY1",5,0,2,0,0,"",4,8,"younr101","?","younr101","?","knigj103","?","knigj103","?","henlb101","hawkc101","wrigr102","hubec101","sandh101","burng101","mokaj101","willc103","","","","13","F","F",9,3,2,"T","T",0,"F","F",1,"F","F",0,"F","F",1,"G","F","F","",0,0,"N",0,"N",0,"N",0,0,0,0,"13","","","","F","F","F","F","F","F","F","F","F","","","","F","F","F","F","F","","","","",0,3,0,0,1,0,0,0,0,46,"PHI","NY1","PHI",0,"F","T",4,8,0,20,2,"T","F",0,0,"T","T","kellg101","lindf101","T","T",0,0,0,0,0,0,0,0,0,"","","",0,0,0,0,0,0,0,0,0,0,0,0,0,"knigj103","F","F","F","F",0,0,0,0,0,0,0,0,0,0,F,F,"1925PHI.EVN.regular.event.csv",741
"PHI192505050","NY1",5,1,0,0,0,"",4,8,"henlb101","?","henlb101","?","deanw101","?","deanw101","?","hartg102","kellg101","frisf101","lindf101","jackt101","meusi101","soutb101","younr101","","","","8/F","T","F",2,6,2,"T","T",0,"F","F",1,"F","F",0,"F","F",8,"F","F","F","",0,0,"N",0,"N",0,"N",0,0,0,0,"8","","","","F","F","F","F","F","F","F","F","F","","","","F","F","F","F","F","","","","",0,8,0,0,0,0,0,0,0,47,"PHI","PHI","NY1",1,"T","F",8,4,0,23,0,"T","F",0,0,"T","T","sandh101","hubec101","F","F",0,0,0,0,0,0,0,0,0,"","","",0,0,0,0,0,0,0,0,0,0,0,0,0,"soutb101","F","F","F","F",0,0,0,0,0,0,0,0,0,0,F,F,"1925PHI.EVN.regular.event.csv",742
"PHI192505050","NY1",5,1,1,0,0,"",4,8,"sandh101","?","sandh101","?","deanw101","?","deanw101","?","hartg102","kellg101","frisf101","lindf101","jackt101","meusi101","soutb101","younr101","","","","6/P","F","F",6,7,2,"T","T",0,"F","F",1,"F","F",0,"F","F",6,"P","F","F","",0,0,"N",0,"N",0,"N",0,0,0,0,"6","","","","F","F","F","F","F","F","F","F","F","","","","F","F","F","F","F","","","","",0,6,0,0,0,0,0,0,0,48,"PHI","PHI","NY1",1,"F","F",8,4,0,24,1,"T","F",0,0,"T","T","hubec101","knigj103","F","F",0,0,0,0,0,0,0,0,0,"","","",0,0,0,0,0,0,0,0,0,0,0,0,0,"jackt101","F","F","F","F",0,0,0,0,0,0,0,0,0,0,F,F,"1925PHI.EVN.regular.event.csv",743
"PHI192505050","NY1",5,1,2,0,0,"",4,8,"hubec101","?","hubec101","?","deanw101","?","deanw101","?","hartg102","kellg101","frisf101","lindf101","jackt101","meusi101","soutb101","younr101","","","","13","F","F",5,8,2,"T","T",0,"F","F",1,"F","F",0,"F","F",1,"G","F","F","",0,0,"N",0,"N",0,"N",0,0,0,0,"13","","","","F","F","F","F","F","F","F","F","F","","","","F","F","F","F","F","","","","",0,3,0,0,1,0,0,0,0,49,"PHI","PHI","NY1",1,"F","T",8,4,0,25,2,"T","F",0,0,"T","T","knigj103","burng101","F","F",0,0,0,0,0,0,0,0,0,"","","",0,0,0,0,0,0,0,0,0,0,0,0,0,"deanw101","F","F","F","F",0,0,0,0,0,0,0,0,0,0,F,F,"1925PHI.EVN.regular.event.csv",744
"PHI192505050","NY1",6,0,0,0,0,"",4,8,"kellg101","?","kellg101","?","knigj103","?","knigj103","?","henlb101","hawkc101","wrigr102","hubec101","sandh101","burng101","mokaj101","willc103","","","","99","T","F",3,4,2,"T","T",0,"F","F",1,"F","F",0,"F","F",0,"G","F","F","",0,0,"N",0,"N",0,"N",0,0,0,0,"99","","","","F","F","F","F","F","F","F","F","F","","","","F","F","F","F","F","","","","",0,0,0,0,0,0,0,0,0,50,"PHI","NY1","PHI",0,"T","F",4,8,0,21,0,"T","F",0,0,"T","T","lindf101","meusi101","T","T",0,0,0,0,0,0,0,0,0,"","","",0,0,0,0,0,0,0,0,0,0,0,0,0,"","F","F","F","F",0,0,0,0,0,0,0,0,0,0,T,F,"1925PHI.EVN.regular.event.csv",745
"PHI192505050","NY1",6,0,1,0,0,"",4,8,"lindf101","?","lindf101","?","knigj103","?","knigj103","?","henlb101","hawkc101","wrigr102","hubec101","sandh101","burng101","mokaj101","willc103","","","","99","F","F",5,5,2,"T","T",0,"F","F",1,"F","F",0,"F","F",0,"G","F","F","",0,0,"N",0,"N",0,"N",0,0,0,0,"99","","","","F","F","F","F","F","F","F","F","F","","","","F","F","F","F","F","","","","",0,0,0,0,0,0,0,0,0,51,"PHI","NY1","PHI",0,"F","F",4,8,0,22,1,"T","F",0,0,"T","T","meusi101","jackt101","T","T",0,0,0,0,0,0,0,0,0,"","","",0,0,0,0,0,0,0,0,0,0,0,0,0,"","F","F","F","F",0,0,0,0,0,0,0,0,0,0,T,F,"1925PHI.EVN.regular.event.csv",746
"PHI192505050","NY1",6,0,2,0,0,"",4,8,"meusi101","?","meusi101","?","knigj103","?","knigj103","?","henlb101","hawkc101","wrigr102","hubec101","sandh101","burng101","mokaj101","willc103","","","","D#","F","F",7,6,21,"T","T",2,"F","F",0,"F","F",0,"F","F",0,"","F","F","",0,0,"N",0,"N",0,"N",2,0,0,0,"","","","","F","F","F","F","F","F","F","F","F","","","","F","F","F","F","F","","","","",0,0,0,0,0,0,0,0,0,52,"PHI","NY1","PHI",0,"F","F",4,8,0,23,2,"T","F",0,2,"T","T","jackt101","hartg102","T","T",0,0,0,0,0,0,0,0,0,"","","",0,0,0,0,0,0,0,0,0,0,0,0,0,"","F","F","F","F",0,0,0,0,0,0,0,0,0,0,F,T,"1925PHI.EVN.regular.event.csv",747
"PHI192505050","NY1",6,0,2,3,2,"BBBCCX",4,8,"jackt101","?","jackt101","?","knigj103","?","knigj103","?","henlb101","hawkc101","wrigr102","hubec101","sandh101","burng101","mokaj101","willc103","","meusi101","","5/P/FL","F","F",6,7,2,"T","T",0,"F","F",1,"F","F",0,"F","F",5,"P","F","T","",0,0,"N",0,"N",0,"N",0,0,2,0,"5","","","","F","F","F","F","F","F","F","F","F","","knigj103","","F","F","F","F","F","","","","",0,5,0,0,0,0,0,0,0,53,"PHI","NY1","PHI",0,"F","T",4,8,0,24,3,"T","F",2,2,"T","T","hartg102","deanw101","T","T",0,0,0,7,6,52,0,0,0,"","henlb101","",3,3,0,0,0,0,3,2,0,0,1,0,0,"hubec101","F","F","F","F",0,0,0,0,0,0,0,0,0,0,F,F,"1925PHI.EVN.regular.event.csv",748
"PHI192505050","NY1",6,1,0,0,0,"",4,8,"knigj103","?","knigj103","?","deanw101","?","deanw101","?","hartg102","kellg101","frisf101","lindf101","jackt101","meusi101","soutb101","younr101","","","","3E1","T","F",1,9,2,"T","T",0,"F","F",0,"F","F",0,"F","F",3,"G","F","F","",1,1,"D",0,"N",0,"N",1,0,0,0,"3E1","","","","F","F","F","F","F","F","F","F","F","","","","F","F","F","F","F","","","","",0,0,0,0,3,0,0,0,0,54,"PHI","PHI","NY1",1,"T","F",8,4,0,26,0,"T","F",0,1,"T","T","burng101","wrigr102","F","F",0,0,0,0,0,0,0,0,0,"","","",0,0,0,0,0,0,0,0,0,0,0,0,0,"kellg101","F","F","F","T",5,0,0,0,5,0,0,0,0,0,F,F,"1925PHI.EVN.regular.event.csv",749
"PHI192505050","NY1",6,1,0,0,0,"",4,8,"burng101","?","burng101","?","deanw101","?","deanw101","?","hartg102","kellg101","frisf101","lindf101","jackt101","meusi101","soutb101","younr101","knigj103","","","3/SH.1-2","F","F",7,1,2,"T","F",0,"T","F",1,"F","F",0,"F","F",3,"G","T","F","",0,0,"N",0,"N",0,"N",0,2,0,0,"3","","","","F","F","F","F","F","F","F","F","F","deanw101","","","F","F","F","F","F","","","","",0,3,0,0,0,0,0,0,0,55,"PHI","PHI","NY1",1,"F","F",8,4,0,27,1,"T","F",1,2,"T","T","wrigr102","willc103","F","F",1,9,54,0,0,0,0,0,0,"hartg102","","",0,0,0,0,0,0,0,0,0,0,0,0,0,"kellg101","F","F","F","F",0,5,0,0,5,0,0,0,0,0,F,F,"1925PHI.EVN.regular.event.csv",750
"PHI192505050","NY1",6,1,1,0,0,"",4,8,"wrigr102","?","wrigr102","?","deanw101","?","deanw101","?","hartg102","kellg101","frisf101","lindf101","jackt101","meusi101","soutb101","younr101","","knigj103","","HR/F9D.2-H(UR)","F","F",4,2,23,"T","T",4,"F","F",0,"F","F",2,"F","F",0,"F","F","F","9D",0,0,"N",0,"N",0,"N",4,0,5,0,"","","","","F","F","F","F","F","F","F","F","F","","deanw101","","F","F","F","F","F","","","","",0,0,0,0,0,0,0,0,0,56,"PHI","PHI","NY1",1,"F","F",8,4,0,28,2,"T","F",2,0,"T","T","willc103","mokaj101","F","F",0,0,0,1,9,54,0,0,0,"","hartg102","",0,0,0,0,0,0,0,0,0,0,0,0,2,"","F","F","F","F",4,0,5,0,3,0,0,0,0,0,F,F,"1925PHI.EVN.regular.event.csv",751
"PHI192505050","NY1",6,1,1,0,0,"",4,10,"willc103","?","willc103","?","deanw101","?","deanw101","?","hartg102","kellg101","frisf101","lindf101","jackt101","meusi101","soutb101","younr101","","","","W","F","F",9,3,14,"T","F",0,"F","F",0,"F","F",0,"F","F",0,"","F","F","",0,0,"N",0,"N",0,"N",1,0,0,0,"","","","","F","F","F","F","F","F","F","F","F","","","","F","F","F","F","F","","","","",0,0,0,0,0,0,0,0,0,57,"PHI","PHI","NY1",1,"F","F",10,4,2,29,3,"T","F",0,1,"T","T","mokaj101","hawkc101","F","F",0,0,0,0,0,0,0,0,0,"","","",0,0,0,0,0,0,0,0,0,0,0,0,0,"","F","F","F","F",5,0,0,0,3,0,0,0,0,0,F,F,"1925PHI.EVN.regular.event.csv",752
"PHI192505050","NY1",6,1,1,0,0,"",4,10,"mokaj101","?","mokaj101","?","deanw101","?","deanw101","?","hartg102","kellg101","frisf101","lindf101","jackt101","meusi101","soutb101","younr101","willc103","","","SB2","F","F",8,4,4,"F","F",0,"F","F",0,"F","F",0,"F","F",0,"","F","F","",0,0,"N",0,"N",0,"N",0,2,0,0,"","","","","T","F","F","F","F","F","F","F","F","deanw101","","","F","F","F","F","F","","","","",0,0,0,0,0,0,0,0,0,58,"PHI","PHI","NY1",1,"F","F",10,4,2,30,4,"T","F",1,2,"T","T","hawkc101","henlb101","F","F",9,3,57,0,0,0,0,0,0,"hartg102","","",0,0,0,0,0,0,0,0,0,0,0,0,0,"","F","F","F","F",0,5,0,0,3,0,0,0,0,0,F,F,"1925PHI.EVN.regular.event.csv",753
"PHI192505050","NY1",6,1,1,0,0,"",4,10,"mokaj101","?","mokaj101","?","deanw101","?","deanw101","?","hartg102","kellg101","frisf101","lindf101","jackt101","meusi101","soutb101","younr101","","willc103","","W","F","F",8,4,14,"T","F",0,"F","F",0,"F","F",0,"F","F",0,"","F","F","",0,0,"N",0,"N",0,"N",1,0,2,0,"","","","","F","F","F","F","F","F","F","F","F","","deanw101","","F","F","F","F","F","","","","",0,0,0,0,0,0,0,0,0,59,"PHI","PHI","NY1",1,"F","F",10,4,2,30,4,"F","F",2,3,"T","T","hawkc101","henlb101","F","F",0,0,0,9,3,57,0,0,0,"","hartg102","",0,0,0,0,0,0,0,0,0,0,0,0,0,"","F","F","F","F",5,0,5,0,3,0,0,0,0,0,F,F,"1925PHI.EVN.regular.event.csv",754
"PHI192505050","NY1",6,1,1,0,0,"",4,10,"hawkc101","?","hawkc101","?","deanw101","?","deanw101","?","hartg102","kellg101","frisf101","lindf101","jackt101","meusi101","soutb101","younr101","mokaj101","willc103","","7/F","F","F",3,5,2,"T","T",0,"F","F",1,"F","F",0,"F","F",7,"F","F","F","",0,0,"N",0,"N",0,"N",0,1,2,0,"7","","","","F","F","F","F","F","F","F","F","F","deanw101","deanw101","","F","F","F","F","F","","","","",0,7,0,0,0,0,0,0,0,60,"PHI","PHI","NY1",1,"F","F",10,4,2,31,5,"T","F",3,3,"T","T","henlb101","sandh101","F","F",8,4,59,9,3,57,0,0,0,"hartg102","hartg102","",0,0,0,0,0,0,0,0,0,0,0,0,0,"meusi101","F","F","F","F",0,5,5,0,3,0,0,0,0,0,F,F,"1925PHI.EVN.regular.event.csv",755
"PHI192505050","NY1",6,1,2,0,0,"",4,10,"henlb101","?","henlb101","?","deanw101","?","deanw101","?","hartg102","kellg101","frisf101","lindf101","jackt101","meusi101","soutb101","younr101","mokaj101","willc103","","S8.2-H(UR);1-3","F","F",2,6,20,"T","T",1,"F","F",0,"F","F",1,"F","F",8,"","F","F","",0,0,"N",0,"N",0,"N",1,3,5,0,"","","","","F","F","F","F","F","F","F","F","F","deanw101","deanw101","","F","F","F","F","F","","","","",0,0,0,0,0,0,0,0,0,61,"PHI","PHI","NY1",1,"F","F",10,4,2,32,6,"T","F",3,5,"T","T","sandh101","hubec101","F","F",8,4,59,9,3,57,0,0,0,"hartg102","hartg102","",0,0,0,0,0,0,0,0,0,0,0,0,1,"soutb101","F","F","F","F",5,5,5,0,2,0,0,0,0,0,F,F,"1925PHI.EVN.regular.event.csv",756
"PHI192505050","NY1",6,1,2,0,0,"",4,11,"sandh101","?","sandh101","?","deanw101","?","deanw101","?","hartg102","kellg101","frisf101","lindf101","jackt101","meusi101","soutb101","younr101","henlb101","","mokaj101","SBH(UR);SB2#","F","F",6,7,4,"F","F",0,"F","F",0,"F","F",0,"F","F",0,"","F","F","",0,0,"N",0,"N",0,"N",0,2,0,5,"","","","","T","F","T","F","F","F","F","F","F","deanw101","","deanw101","F","F","F","F","F","","","","",0,0,0,0,0,0,0,0,0,62,"PHI","PHI","NY1",1,"F","F",11,4,3,33,7,"T","F",5,2,"T","T","hubec101","knigj103","F","F",2,6,61,0,0,0,8,4,59,"hartg102","","hartg102",0,0,0,0,0,0,0,0,0,0,0,0,1,"","F","F","F","F",0,5,0,5,1,0,0,0,0,0,F,T,"1925PHI.EVN.regular.event.csv",757
"PHI192505050","NY1",6,1,2,0,0,"",4,12,"sandh101","?","sandh101","?","deanw101","?","deanw101","?","hartg102","kellg101","frisf101","lindf101","jackt101","meusi101","soutb101","younr101","","henlb101","","D/F89XDW.2-H(UR)","F","F",6,7,21,"T","T",2,"F","F",0,"F","F",1,"F","F",0,"F","F","F","89XDW",0,0,"N",0,"N",0,"N",2,0,5,0,"","","","","F","F","F","F","F","F","F","F","F","","deanw101","","F","F","F","F","F","","","","",0,0,0,0,0,0,0,0,0,63,"PHI","PHI","NY1",1,"F","F",12,4,4,33,7,"F","F",2,2,"T","T","hubec101","knigj103","F","F",0,0,0,2,6,61,0,0,0,"","hartg102","",0,0,0,0,0,0,0,0,0,0,0,0,1,"","F","F","F","F",0,0,5,0,0,0,0,0,0,0,F,F,"1925PHI.EVN.regular.event.csv",758
"PHI192505050","NY1",6,1,2,0,0,"",4,13,"hubec101","?","hubec101","?","deanw101","?","deanw101","?","hartg102","kellg101","frisf101","lindf101","jackt101","meusi101","soutb101","younr101","","sandh101","","K","F","F",5,8,3,"T","T",0,"F","F",1,"F","F",0,"F","F",0,"","F","F","",0,0,"N",0,"N",0,"N",0,0,2,0,"2","","","","F","F","F","F","F","F","F","F","F","","deanw101","","F","F","F","F","F","","","","",0,2,0,0,0,0,0,0,0,64,"PHI","PHI","NY1",1,"F","T",13,4,5,34,8,"T","F",2,2,"T","T","knigj103","burng101","F","F",0,0,0,6,7,63,0,0,0,"","hartg102","",0,0,0,0,0,0,0,0,0,0,0,0,0,"","F","F","F","F",0,0,0,0,0,0,0,0,0,0,F,F,"1925PHI.EVN.regular.event.csv",759
"PHI192505050","NY1",7,0,0,0,0,"",4,13,"hartg102","?","hartg102","?","knigj103","?","knigj103","?","henlb101","hawkc101","wrigr102","hubec101","sandh101","burng101","mokaj101","willc103","","","","99","T","F",2,8,2,"T","T",0,"F","F",1,"F","F",0,"F","F",0,"G","F","F","",0,0,"N",0,"N",0,"N",0,0,0,0,"99","","","","F","F","F","F","F","F","F","F","F","","","","F","F","F","F","F","","","","",0,0,0,0,0,0,0,0,0,65,"PHI","NY1","PHI",0,"T","F",4,13,0,25,0,"T","F",0,0,"T","T","deanw101","soutb101","T","T",0,0,0,0,0,0,0,0,0,"","","",0,0,0,0,0,0,0,0,0,0,0,0,0,"","F","F","F","F",0,0,0,0,1,0,0,0,0,0,T,F,"1925PHI.EVN.regular.event.csv",760
"PHI192505050","NY1",7,0,1,0,0,"",4,13,"terrb101","?","terrb101","?","knigj103","?","knigj103","?","henlb101","hawkc101","wrigr102","hubec101","sandh101","burng101","mokaj101","willc103","","","","99","F","T",11,9,2,"T","T",0,"F","F",1,"F","F",0,"F","F",0,"G","F","F","",0,0,"N",0,"N",0,"N",0,0,0,0,"99","","","","F","F","F","F","F","F","F","F","F","","","","F","F","F","F","F","","","","deanw101",1,0,0,0,0,0,0,0,0,66,"PHI","NY1","PHI",0,"F","F",4,13,0,26,1,"T","F",0,0,"F","F","soutb101","frisf101","T","T",0,0,0,0,0,0,0,0,0,"","","",0,0,0,0,0,0,0,0,0,0,0,0,0,"","F","F","F","F",0,0,0,0,1,0,0,0,0,0,T,F,"1925PHI.EVN.regular.event.csv",761
"PHI192505050","NY1",7,0,2,0,0,"",4,13,"soutb101","?","soutb101","?","knigj103","?","knigj103","?","henlb101","hawkc101","wrigr102","hubec101","sandh101","burng101","mokaj101","willc103","","","","HR/F9D","F","F",8,1,23,"T","T",4,"F","F",0,"F","F",1,"F","F",0,"F","F","F","9D",0,0,"N",0,"N",0,"N",4,0,0,0,"","","","","F","F","F","F","F","F","F","F","F","","","","F","F","F","F","F","","","","",0,0,0,0,0,0,0,0,0,67,"PHI","NY1","PHI",0,"F","F",4,13,0,27,2,"T","F",0,0,"T","T","frisf101","younr101","T","T",0,0,0,0,0,0,0,0,0,"","","",0,0,0,0,0,0,0,0,0,0,0,0,1,"","F","F","F","F",4,0,0,0,0,0,0,0,0,0,F,F,"1925PHI.EVN.regular.event.csv",762
"PHI192505050","NY1",7,0,2,0,0,"",5,13,"frisf101","?","frisf101","?","knigj103","?","knigj103","?","henlb101","hawkc101","wrigr102","hubec101","sandh101","burng101","mokaj101","willc103","","","","99/P#","F","F",4,2,2,"T","T",0,"F","F",1,"F","F",0,"F","F",0,"P","F","F","",0,0,"N",0,"N",0,"N",0,0,0,0,"99","","","","F","F","F","F","F","F","F","F","F","","","","F","F","F","F","F","","","","",0,0,0,0,0,0,0,0,0,68,"PHI","NY1","PHI",0,"F","T",5,13,1,28,3,"T","F",0,0,"T","T","younr101","kellg101","T","T",0,0,0,0,0,0,0,0,0,"","","",0,0,0,0,0,0,0,0,0,0,0,0,0,"","F","F","F","F",0,0,0,0,0,0,0,0,0,0,T,T,"1925PHI.EVN.regular.event.csv",763
"PHI192505050","NY1",7,1,0,0,0,"",5,13,"knigj103","?","knigj103","?","wisnj101","?","wisnj101","?","hartg102","kellg101","frisf101","lindf101","jackt101","meusi101","soutb101","younr101","","","","K","T","F",1,9,3,"T","T",0,"F","F",1,"F","F",0,"F","F",0,"","F","F","",0,0,"N",0,"N",0,"N",0,0,0,0,"2","","","","F","F","F","F","F","F","F","F","F","","","","F","F","F","F","F","","","","",0,2,0,0,0,0,0,0,0,69,"PHI","PHI","NY1",1,"T","F",13,5,0,35,0,"T","F",0,0,"T","T","burng101","wrigr102","F","F",0,0,0,0,0,0,0,0,0,"","","",0,0,0,0,0,0,0,0,0,0,0,0,0,"","F","F","F","F",0,0,0,0,0,0,0,0,0,0,F,F,"1925PHI.EVN.regular.event.csv",764
"PHI192505050","NY1",7,1,1,0,0,"",5,13,"burng101","?","burng101","?","wisnj101","?","wisnj101","?","hartg102","kellg101","frisf101","lindf101","jackt101","meusi101","soutb101","younr101","","","","99","F","F",7,1,2,"T","T",0,"F","F",1,"F","F",0,"F","F",0,"G","F","F","",0,0,"N",0,"N",0,"N",0,0,0,0,"99","","","","F","F","F","F","F","F","F","F","F","","","","F","F","F","F","F","","","","",0,0,0,0,0,0,0,0,0,70,"PHI","PHI","NY1",1,"F","F",13,5,0,36,1,"T","F",0,0,"T","T","wrigr102","willc103","F","F",0,0,0,0,0,0,0,0,0,"","","",0,0,0,0,0,0,0,0,0,0,0,0,0,"","F","F","F","F",0,0,0,0,0,0,0,0,0,0,T,F,"1925PHI.EVN.regular.event.csv",765
"PHI192505050","NY1",7,1,2,0,0,"",5,13,"wrigr102","?","wrigr102","?","wisnj101","?","wisnj101","?","hartg102","kellg101","frisf101","lindf101","jackt101","meusi101","soutb101","younr101","","","","99","F","F",4,2,2,"T","T",0,"F","F",1,"F","F",0,"F","F",0,"G","F","F","",0,0,"N",0,"N",0,"N",0,0,0,0,"99","","","","F","F","F","F","F","F","F","F","F","","","","F","F","F","F","F","","","","",0,0,0,0,0,0,0,0,0,71,"PHI","PHI","NY1",1,"F","T",13,5,0,37,2,"T","F",0,0,"T","T","willc103","mokaj101","F","F",0,0,0,0,0,0,0,0,0,"","","",0,0,0,0,0,0,0,0,0,0,0,0,0,"","F","F","F","F",0,0,0,0,0,0,0,0,0,0,T,F,"1925PHI.EVN.regular.event.csv",766
"PHI192505050","NY1",8,0,0,0,0,"",5,13,"younr101","?","younr101","?","knigj103","?","knigj103","?","henlb101","hawkc101","wrigr102","hubec101","sandh101","burng101","mokaj101","willc103","","","","K#","T","F",9,3,3,"T","T",0,"F","F",1,"F","F",0,"F","F",0,"","F","F","",0,0,"N",0,"N",0,"N",0,0,0,0,"2","","","","F","F","F","F","F","F","F","F","F","","","","F","F","F","F","F","","","","",0,2,0,0,0,0,0,0,0,72,"PHI","NY1","PHI",0,"T","F",5,13,0,29,0,"T","F",0,0,"T","T","kellg101","lindf101","T","T",0,0,0,0,0,0,0,0,0,"","","",0,0,0,0,0,0,0,0,0,0,0,0,0,"","F","F","F","F",0,0,0,0,0,0,0,0,0,0,F,T,"1925PHI.EVN.regular.event.csv",767
"PHI192505050","NY1",8,0,1,0,0,"",5,13,"kellg101","?","kellg101","?","knigj103","?","knigj103","?","henlb101","hawkc101","wrigr102","hubec101","sandh101","burng101","mokaj101","willc103","","","","99","F","F",3,4,2,"T","T",0,"F","F",1,"F","F",0,"F","F",0,"G","F","F","",0,0,"N",0,"N",0,"N",0,0,0,0,"99","","","","F","F","F","F","F","F","F","F","F","","","","F","F","F","F","F","","","","",0,0,0,0,0,0,0,0,0,73,"PHI","NY1","PHI",0,"F","F",5,13,0,30,1,"T","F",0,0,"T","T","lindf101","meusi101","T","T",0,0,0,0,0,0,0,0,0,"","","",0,0,0,0,0,0,0,0,0,0,0,0,0,"","F","F","F","F",0,0,0,0,0,0,0,0,0,0,T,F,"1925PHI.EVN.regular.event.csv",768
"PHI192505050","NY1",8,0,2,0,0,"",5,13,"lindf101","?","lindf101","?","knigj103","?","knigj103","?","henlb101","hawkc101","wrigr102","hubec101","sandh101","burng101","mokaj101","willc103","","","","99","F","F",5,5,2,"T","T",0,"F","F",1,"F","F",0,"F","F",0,"G","F","F","",0,0,"N",0,"N",0,"N",0,0,0,0,"99","","","","F","F","F","F","F","F","F","F","F","","","","F","F","F","F","F","","","","",0,0,0,0,0,0,0,0,0,74,"PHI","NY1","PHI",0,"F","T",5,13,0,31,2,"T","F",0,0,"T","T","meusi101","jackt101","T","T",0,0,0,0,0,0,0,0,0,"","","",0,0,0,0,0,0,0,0,0,0,0,0,0,"","F","F","F","F",0,0,0,0,0,0,0,0,0,0,T,F,"1925PHI.EVN.regular.event.csv",769
"PHI192505050","NY1",8,1,0,0,0,"",5,13,"willc103","?","willc103","?","wisnj101","?","wisnj101","?","hartg102","kellg101","frisf101","lindf101","jackt101","meusi101","soutb101","younr101","","","","HP","T","F",9,3,16,"T","F",0,"F","F",0,"F","F",0,"F","F",0,"","F","F","",0,0,"N",0,"N",0,"N",1,0,0,0,"","","","","F","F","F","F","F","F","F","F","F","","","","F","F","F","F","F","","","","",0,0,0,0,0,0,0,0,0,75,"PHI","PHI","NY1",1,"T","F",13,5,0,38,0,"T","F",0,1,"T","T","mokaj101","hawkc101","F","F",0,0,0,0,0,0,0,0,0,"","","",0,0,0,0,0,0,0,0,0,0,0,0,0,"","F","F","F","F",0,0,0,0,0,0,0,0,0,0,F,F,"1925PHI.EVN.regular.event.csv",770
"PHI192505050","NY1",8,1,0,0,0,"",5,13,"mokaj101","?","mokaj101","?","wisnj101","?","wisnj101","?","hartg102","kellg101","frisf101","lindf101","jackt101","meusi101","soutb101","younr101","willc103","","","6/LDP.1X1(63)#","F","F",8,4,2,"T","T",0,"F","F",2,"T","F",0,"F","F",6,"L","F","F","",0,0,"N",0,"N",0,"N",0,0,0,0,"6","63","","","F","F","F","F","F","F","F","F","F","wisnj101","","","F","F","F","F","F","","","","",0,6,3,0,6,0,0,0,0,76,"PHI","PHI","NY1",1,"F","F",13,5,0,39,1,"T","F",1,0,"T","T","hawkc101","henlb101","F","F",9,3,75,0,0,0,0,0,0,"hartg102","","",0,0,0,0,0,0,0,0,0,0,0,0,0,"jackt101","F","F","F","F",0,0,0,0,0,0,0,0,0,0,F,T,"1925PHI.EVN.regular.event.csv",771
"PHI192505050","NY1",8,1,2,0,0,"",5,13,"hawkc101","?","hawkc101","?","wisnj101","?","wisnj101","?","hartg102","kellg101","frisf101","lindf101","jackt101","meusi101","soutb101","younr101","","","","99","F","F",3,5,2,"T","T",0,"F","F",1,"F","F",0,"F","F",0,"G","F","F","",0,0,"N",0,"N",0,"N",0,0,0,0,"99","","","","F","F","F","F","F","F","F","F","F","","","","F","F","F","F","F","","","","",0,0,0,0,0,0,0,0,0,77,"PHI","PHI","NY1",1,"F","T",13,5,0,40,2,"T","F",0,0,"T","T","henlb101","sandh101","F","F",0,0,0,0,0,0,0,0,0,"","","",0,0,0,0,0,0,0,0,0,0,0,0,0,"","F","F","F","F",0,0,0,0,0,0,0,0,0,0,T,F,"1925PHI.EVN.regular.event.csv",772
"PHI192505050","NY1",9,0,0,0,0,"",5,13,"meusi101","?","meusi101","?","knigj103","?","knigj103","?","henlb101","hawkc101","wrigr102","hubec101","sandh101","burng101","mokaj101","willc103","","","","99","T","F",7,6,2,"T","T",0,"F","F",1,"F","F",0,"F","F",0,"G","F","F","",0,0,"N",0,"N",0,"N",0,0,0,0,"99","","","","F","F","F","F","F","F","F","F","F","","","","F","F","F","F","F","","","","",0,0,0,0,0,0,0,0,0,78,"PHI","NY1","PHI",0,"T","F",5,13,0,32,0,"T","F",0,0,"T","T","jackt101","hartg102","T","T",0,0,0,0,0,0,0,0,0,"","","",0,0,0,0,0,0,0,0,0,0,0,0,0,"","F","F","F","F",0,0,0,0,0,0,0,0,0,0,T,F,"1925PHI.EVN.regular.event.csv",773
"PHI192505050","NY1",9,0,1,0,0,"",5,13,"jackt101","?","jackt101","?","knigj103","?","knigj103","?","henlb101","hawkc101","wrigr102","hubec101","sandh101","burng101","mokaj101","willc103","","","","S/G","F","F",6,7,20,"T","T",1,"F","F",0,"F","F",0,"F","F",0,"G","F","F","",0,0,"N",0,"N",0,"N",1,0,0,0,"","","","","F","F","F","F","F","F","F","F","F","","","","F","F","F","F","F","","","","",0,0,0,0,0,0,0,0,0,79,"PHI","NY1","PHI",0,"F","F",5,13,0,33,1,"T","F",0,1,"T","T","hartg102","wisnj101","T","T",0,0,0,0,0,0,0,0,0,"","","",0,0,0,0,0,0,0,0,0,0,0,0,0,"","F","F","F","F",1,0,0,0,0,0,0,0,0,0,F,F,"1925PHI.EVN.regular.event.csv",774
"PHI192505050","NY1",9,0,1,0,0,"",5,13,"hartg102","?","hartg102","?","knigj103","?","knigj103","?","henlb101","hawkc101","wrigr102","hubec101","sandh101","burng101","mokaj101","willc103","jackt101","","","99","F","F",2,8,2,"T","T",0,"F","F",1,"F","F",0,"F","F",0,"G","F","F","",0,0,"N",0,"N",0,"N",0,1,0,0,"99","","","","F","F","F","F","F","F","F","F","F","knigj103","","","F","F","F","F","F","","","","",0,0,0,0,0,0,0,0,0,80,"PHI","NY1","PHI",0,"F","F",5,13,0,34,2,"T","F",1,1,"T","T","wisnj101","soutb101","T","T",6,7,79,0,0,0,0,0,0,"henlb101","","",0,0,0,0,0,0,0,0,0,0,0,0,0,"","F","F","F","F",0,1,0,0,0,0,0,0,0,0,T,F,"1925PHI.EVN.regular.event.csv",775
"PHI192505050","NY1",9,0,2,0,0,"",5,13,"bentj101","?","bentj101","?","knigj103","?","knigj103","?","henlb101","hawkc101","wrigr102","hubec101","sandh101","burng101","mokaj101","willc103","jackt101","","","99","F","T",11,9,2,"T","T",0,"F","F",1,"F","F",0,"F","F",0,"G","F","F","",0,0,"N",0,"N",0,"N",0,1,0,0,"99","","","","F","F","F","F","F","F","F","F","F","knigj103","","","F","T","F","F","F","","","","wisnj101",1,0,0,0,0,0,0,0,0,81,"PHI","NY1","PHI",0,"F","T",5,13,0,35,3,"T","F",1,1,"F","F","soutb101","frisf101","T","T",6,7,79,0,0,0,0,0,0,"henlb101","","",0,0,0,0,0,0,0,0,0,0,0,0,0,"","F","F","F","F",0,1,0,0,0,0,0,0,0,0,T,F,"1925PHI.EVN.regular.event.csv",776
"PHI192505070","NY1",1,0,0,0,0,"",0,0,"soutb101","?","soutb101","?","ringj101","?","ringj101","?","wilsj105","hawkc101","kimmw101","hubec101","sandh101","burng101","mokaj101","schuj101","","","","S6/G","T","F",8,1,20,"T","T",1,"F","F",0,"F","F",0,"F","F",6,"G","F","F","",0,0,"N",0,"N",0,"N",1,0,0,0,"","","","","F","F","F","F","F","F","F","F","F","","","","T","F","F","F","F","","","","",0,0,0,0,0,0,0,0,0,1,"PHI","NY1","PHI",0,"T","F",0,0,0,0,0,"T","F",0,1,"T","T","frisf101","younr101","T","T",0,0,0,0,0,0,0,0,0,"","","",0,0,0,0,0,0,0,0,0,0,0,0,0,"sandh101","F","F","F","F",4,0,0,0,1,0,0,0,0,0,F,F,"1925PHI.EVN.regular.event.csv",777
"PHI192505070","NY1",1,0,0,0,0,"",0,0,"frisf101","?","frisf101","?","ringj101","?","ringj101","?","wilsj105","hawkc101","kimmw101","hubec101","sandh101","burng101","mokaj101","schuj101","soutb101","","","S7.1-2","F","F",4,2,20,"T","T",1,"F","F",0,"F","F",0,"F","F",7,"","F","F","",0,0,"N",0,"N",0,"N",1,2,0,0,"","","","","F","F","F","F","F","F","F","F","F","ringj101","","","F","F","F","F","F","","","","",0,0,0,0,0,0,0,0,0,2,"PHI","NY1","PHI",0,"F","F",0,0,0,1,1,"T","F",1,3,"T","T","younr101","kellg101","T","T",8,1,1,0,0,0,0,0,0,"wilsj105","","",0,0,0,0,0,0,0,0,0,0,0,0,0,"burng101","F","F","F","F",0,4,0,0,1,0,0,0,0,0,F,F,"1925PHI.EVN.regular.event.csv",778
"PHI192505070","NY1",1,0,0,0,0,"",0,0,"younr101","?","younr101","?","ringj101","?","ringj101","?","wilsj105","hawkc101","kimmw101","hubec101","sandh101","burng101","mokaj101","schuj101","frisf101","soutb101","","36(1)/FO.2-3","F","F",9,3,2,"T","T",0,"F","F",1,"F","F",0,"F","F",3,"G","F","F","",0,0,"N",0,"N",0,"N",1,0,3,0,"","36","","","F","F","F","F","F","F","F","F","F","ringj101","ringj101","","F","F","F","F","F","","","","",0,6,0,0,3,0,0,0,0,3,"PHI","NY1","PHI",0,"F","F",0,0,0,2,2,"T","F",3,5,"T","T","kellg101","lindf101","T","T",4,2,2,8,1,1,0,0,0,"wilsj105","wilsj105","",0,0,0,0,0,0,0,0,0,0,0,0,0,"hawkc101","T","F","F","F",0,0,4,0,1,0,0,0,0,0,F,F,"1925PHI.EVN.regular.event.csv",779
"PHI192505070","NY1",1,0,1,0,0,"",0,0,"kellg101","?","kellg101","?","ringj101","?","ringj101","?","wilsj105","hawkc101","kimmw101","hubec101","sandh101","burng101","mokaj101","schuj101","younr101","","soutb101","K/C","F","F",3,4,3,"T","T",0,"F","F",1,"F","F",0,"F","F",0,"","F","F","",0,0,"N",0,"N",0,"N",0,1,0,3,"2","","","","F","F","F","F","F","F","F","F","F","ringj101","","ringj101","F","F","F","F","F","","","","",0,2,0,0,0,0,0,0,0,4,"PHI","NY1","PHI",0,"F","F",0,0,0,3,3,"T","F",5,5,"T","T","lindf101","meusi101","T","T",9,3,3,0,0,0,8,1,1,"wilsj105","","wilsj105",0,0,0,0,0,0,0,0,0,0,0,0,0,"","F","F","F","F",0,0,0,4,1,0,0,0,0,0,F,F,"1925PHI.EVN.regular.event.csv",780
"PHI192505070","NY1",1,0,2,0,0,"",0,0,"lindf101","?","lindf101","?","ringj101","?","ringj101","?","wilsj105","hawkc101","kimmw101","hubec101","sandh101","burng101","mokaj101","schuj101","younr101","","soutb101","S9.3-H;1-2","F","F",5,5,20,"T","T",1,"F","F",0,"F","F",1,"F","F",9,"","F","F","",0,0,"N",0,"N",0,"N",1,2,0,4,"","","","","F","F","F","F","F","F","F","F","F","ringj101","","ringj101","F","F","F","F","F","","","","",0,0,0,0,0,0,0,0,0,5,"PHI","NY1","PHI",0,"F","F",0,0,0,4,4,"T","F",5,3,"T","T","meusi101","jackt101","T","T",9,3,3,0,0,0,8,1,1,"wilsj105","","wilsj105",0,0,0,0,0,0,0,0,0,0,0,0,1,"schuj101","F","F","F","F",0,0,0,4,0,0,0,0,0,0,F,F,"1925PHI.EVN.regular.event.csv",781
"PHI192505070","NY1",1,0,2,0,0,"",1,0,"meusi101","?","meusi101","?","ringj101","?","ringj101","?","wilsj105","hawkc101","kimmw101","hubec101","sandh101","burng101","mokaj101","schuj101","lindf101","younr101","","2/P2F/FL","F","F",7,6,2,"T","T",0,"F","F",1,"F","F",0,"F","F",2,"P","F","T","2F",0,0,"N",0,"N",0,"N",0,1,2,0,"2","","","","F","F","F","F","F","F","F","F","F","ringj101","ringj101","","F","F","F","F","F","","","","",0,2,0,0,0,0,0,0,0,6,"PHI","NY1","PHI",0,"F","T",1,0,1,5,5,"T","F",3,3,"T","T","jackt101","gowdh101","T","T",5,5,5,9,3,3,0,0,0,"wilsj105","wilsj105","",0,0,0,0,0,0,0,0,0,0,0,0,0,"wilsj105","F","F","F","F",0,0,0,0,0,0,0,0,0,0,F,F,"1925PHI.EVN.regular.event.csv",782
"PHI192505070","NY1",1,1,0,0,0,"",1,0,"burng101","?","burng101","?","nehfa101","?","nehfa101","?","gowdh101","kellg101","frisf101","lindf101","jackt101","meusi101","soutb101","younr101","","","","FLE3/P","T","F",7,1,13,"F","F",0,"F","F",0,"F","F",0,"F","F",3,"P","F","T","",1,3,"F",0,"N",0,"N",0,0,0,0,"","","","","F","F","F","F","F","F","F","F","F","","","","F","F","F","F","F","","","","",0,0,0,0,0,0,0,0,0,7,"PHI","PHI","NY1",1,"T","F",0,1,0,0,0,"T","F",0,0,"T","T","kimmw101","schuj101","T","T",0,0,0,0,0,0,0,0,0,"","","",0,0,0,0,0,0,0,0,0,0,0,0,0,"kellg101","F","F","F","F",0,0,0,0,0,0,0,0,0,0,F,F,"1925PHI.EVN.regular.event.csv",783
"PHI192505070","NY1",1,1,0,0,0,"",1,0,"burng101","?","burng101","?","nehfa101","?","nehfa101","?","gowdh101","kellg101","frisf101","lindf101","jackt101","meusi101","soutb101","younr101","","","","K","T","F",7,1,3,"T","T",0,"F","F",1,"F","F",0,"F","F",0,"","F","F","",0,0,"N",0,"N",0,"N",0,0,0,0,"2","","","","F","F","F","F","F","F","F","F","F","","","","F","F","F","F","F","","","","",0,2,0,0,0,0,0,0,0,8,"PHI","PHI","NY1",1,"F","F",0,1,0,0,0,"F","F",0,0,"T","T","kimmw101","schuj101","T","T",0,0,0,0,0,0,0,0,0,"","","",0,0,0,0,0,0,0,0,0,0,0,0,0,"","F","F","F","F",0,0,0,0,0,0,0,0,0,0,F,F,"1925PHI.EVN.regular.event.csv",784
"PHI192505070","NY1",1,1,1,0,0,"",1,0,"kimmw101","?","kimmw101","?","nehfa101","?","nehfa101","?","gowdh101","kellg101","frisf101","lindf101","jackt101","meusi101","soutb101","younr101","","","","W","F","F",4,2,14,"T","F",0,"F","F",0,"F","F",0,"F","F",0,"","F","F","",0,0,"N",0,"N",0,"N",1,0,0,0,"","","","","F","F","F","F","F","F","F","F","F","","","","F","F","F","F","F","","","","",0,0,0,0,0,0,0,0,0,9,"PHI","PHI","NY1",1,"F","F",0,1,0,1,1,"T","F",0,1,"T","T","schuj101","mokaj101","T","T",0,0,0,0,0,0,0,0,0,"","","",0,0,0,0,0,0,0,0,0,0,0,0,0,"","F","F","F","F",0,0,0,0,0,0,0,0,0,0,F,F,"1925PHI.EVN.regular.event.csv",785
"PHI192505070","NY1",1,1,1,0,0,"",1,0,"schuj101","?","schuj101","?","nehfa101","?","nehfa101","?","gowdh101","kellg101","frisf101","lindf101","jackt101","meusi101","soutb101","younr101","kimmw101","","","CS2(24)","F","F",9,3,6,"F","F",0,"F","F",1,"F","F",0,"F","F",0,"","F","F","",0,0,"N",0,"N",0,"N",0,0,0,0,"","24","","","F","F","F","T","F","F","F","F","F","nehfa101","","","F","F","F","F","F","","","","",0,4,0,0,2,0,0,0,0,10,"PHI","PHI","NY1",1,"F","F",0,1,0,2,2,"T","F",1,0,"T","T","mokaj101","hawkc101","T","T",4,2,9,0,0,0,0,0,0,"gowdh101","","",0,0,0,0,0,0,0,0,0,0,0,0,0,"","F","F","F","F",0,0,0,0,0,0,0,0,0,0,F,F,"1925PHI.EVN.regular.event.csv",786
"PHI192505070","NY1",1,1,2,0,0,"",1,0,"schuj101","?","schuj101","?","nehfa101","?","nehfa101","?","gowdh101","kellg101","frisf101","lindf101","jackt101","meusi101","soutb101","younr101","","","","D7","F","F",9,3,21,"T","T",2,"F","F",0,"F","F",0,"F","F",7,"","F","F","",0,0,"N",0,"N",0,"N",2,0,0,0,"","","","","F","F","F","F","F","F","F","F","F","","","","F","F","F","F","F","","","","",0,0,0,0,0,0,0,0,0,11,"PHI","PHI","NY1",1,"F","F",0,1,0,2,2,"F","F",0,2,"T","T","mokaj101","hawkc101","T","T",0,0,0,0,0,0,0,0,0,"","","",0,0,0,0,0,0,0,0,0,0,0,0,0,"meusi101","F","F","F","F",0,0,0,0,0,0,0,0,0,0,F,F,"1925PHI.EVN.regular.event.csv",787
"PHI192505070","NY1",1,1,2,0,0,"",1,0,"mokaj101","?","mokaj101","?","nehfa101","?","nehfa101","?","gowdh101","kellg101","frisf101","lindf101","jackt101","meusi101","soutb101","younr101","","schuj101","","9/F9S","F","F",8,4,2,"T","T",0,"F","F",1,"F","F",0,"F","F",9,"F","F","F","9S",0,0,"N",0,"N",0,"N",0,0,2,0,"9","","","","F","F","F","F","F","F","F","F","F","","nehfa101","","F","F","F","F","F","","","","",0,9,0,0,0,0,0,0,0,12,"PHI","PHI","NY1",1,"F","T",0,1,0,3,3,"T","F",2,2,"T","T","hawkc101","wilsj105","T","T",0,0,0,9,3,11,0,0,0,"","gowdh101","",0,0,0,0,0,0,0,0,0,0,0,0,0,"younr101","F","F","F","F",0,0,0,0,0,0,0,0,0,0,F,F,"1925PHI.EVN.regular.event.csv",788
"PHI192505070","NY1",2,0,0,0,0,"",1,0,"jackt101","?","jackt101","?","ringj101","?","ringj101","?","wilsj105","hawkc101","kimmw101","hubec101","sandh101","burng101","mokaj101","schuj101","","","","63/G56","T","F",6,7,2,"T","T",0,"F","F",1,"F","F",0,"F","F",6,"G","F","F","56",0,0,"N",0,"N",0,"N",0,0,0,0,"63","","","","F","F","F","F","F","F","F","F","F","","","","F","F","F","F","F","","","","",0,3,0,0,6,0,0,0,0,13,"PHI","NY1","PHI",0,"T","F",1,0,0,6,0,"T","F",0,0,"T","T","gowdh101","nehfa101","T","T",0,0,0,0,0,0,0,0,0,"","","",0,0,0,0,0,0,0,0,0,0,0,0,0,"sandh101","F","F","F","F",0,0,0,0,1,0,0,0,0,0,F,F,"1925PHI.EVN.regular.event.csv",789
"PHI192505070","NY1",2,0,1,0,0,"",1,0,"gowdh101","?","gowdh101","?","ringj101","?","ringj101","?","wilsj105","hawkc101","kimmw101","hubec101","sandh101","burng101","mokaj101","schuj101","","","","3/G","F","F",2,8,2,"T","T",0,"F","F",1,"F","F",0,"F","F",3,"G","F","F","",0,0,"N",0,"N",0,"N",0,0,0,0,"3","","","","F","F","F","F","F","F","F","F","F","","","","F","F","F","F","F","","","","",0,3,0,0,0,0,0,0,0,14,"PHI","NY1","PHI",0,"F","F",1,0,0,7,1,"T","F",0,0,"T","T","nehfa101","soutb101","T","T",0,0,0,0,0,0,0,0,0,"","","",0,0,0,0,0,0,0,0,0,0,0,0,0,"hawkc101","F","F","F","F",0,0,0,0,1,0,0,0,0,0,F,F,"1925PHI.EVN.regular.event.csv",790
"PHI192505070","NY1",2,0,2,0,0,"",1,0,"nehfa101","?","nehfa101","?","ringj101","?","ringj101","?","wilsj105","hawkc101","kimmw101","hubec101","sandh101","burng101","mokaj101","schuj101","","","","D9/G3L","F","F",1,9,21,"T","T",2,"F","F",0,"F","F",0,"F","F",9,"G","F","F","3L",0,0,"N",0,"N",0,"N",2,0,0,0,"","","","","F","F","F","F","F","F","F","F","F","","","","F","F","F","F","F","","","","",0,0,0,0,0,0,0,0,0,15,"PHI","NY1","PHI",0,"F","F",1,0,0,8,2,"T","F",0,2,"T","T","soutb101","frisf101","T","T",0,0,0,0,0,0,0,0,0,"","","",0,0,0,0,0,0,0,0,0,0,0,0,0,"schuj101","F","F","F","F",4,0,0,0,1,0,0,0,0,0,F,F,"1925PHI.EVN.regular.event.csv",791
"PHI192505070","NY1",2,0,2,0,0,"",1,0,"soutb101","?","soutb101","?","ringj101","?","ringj101","?","wilsj105","hawkc101","kimmw101","hubec101","sandh101","burng101","mokaj101","schuj101","","nehfa101","","S9.2-H;B-2(THH)","F","F",8,1,20,"T","T",1,"F","F",0,"F","F",1,"F","F",9,"","F","F","",0,0,"N",0,"N",0,"N",2,0,4,0,"","","","","F","F","F","F","F","F","F","F","F","","ringj101","","F","F","F","F","F","","","","",0,0,0,0,0,0,0,0,0,16,"PHI","NY1","PHI",0,"F","F",1,0,0,9,3,"T","F",2,2,"T","T","frisf101","younr101","T","T",0,0,0,1,9,15,0,0,0,"","wilsj105","",0,0,0,0,0,0,0,0,0,0,0,0,1,"schuj101","F","F","F","F",0,0,4,0,0,0,0,0,0,0,F,F,"1925PHI.EVN.regular.event.csv",792
"PHI192505070","NY1",2,0,2,0,0,"",2,0,"frisf101","?","frisf101","?","ringj101","?","ringj101","?","wilsj105","hawkc101","kimmw101","hubec101","sandh101","burng101","mokaj101","schuj101","","soutb101","","3/L","F","F",4,2,2,"T","T",0,"F","F",1,"F","F",0,"F","F",3,"L","F","F","",0,0,"N",0,"N",0,"N",0,0,2,0,"3","","","","F","F","F","F","F","F","F","F","F","","ringj101","","F","F","F","F","F","","","","",0,3,0,0,0,0,0,0,0,17,"PHI","NY1","PHI",0,"F","T",2,0,1,10,4,"T","F",2,2,"T","T","younr101","kellg101","T","T",0,0,0,8,1,16,0,0,0,"","wilsj105","",0,0,0,0,0,0,0,0,0,0,0,0,0,"hawkc101","F","F","F","F",0,0,0,0,0,0,0,0,0,0,F,F,"1925PHI.EVN.regular.event.csv",793
"PHI192505070","NY1",2,1,0,0,0,"",2,0,"hawkc101","?","hawkc101","?","nehfa101","?","nehfa101","?","gowdh101","kellg101","frisf101","lindf101","jackt101","meusi101","soutb101","younr101","","","","D/F89XDW","T","F",3,5,21,"T","T",2,"F","F",0,"F","F",0,"F","F",0,"F","F","F","89XDW",0,0,"N",0,"N",0,"N",2,0,0,0,"","","","","F","F","F","F","F","F","F","F","F","","","","F","F","F","F","F","","","","",0,0,0,0,0,0,0,0,0,18,"PHI","PHI","NY1",1,"T","F",0,2,0,4,0,"T","F",0,2,"T","T","wilsj105","sandh101","T","T",0,0,0,0,0,0,0,0,0,"","","",0,0,0,0,0,0,0,0,0,0,0,0,0,"","F","F","F","F",4,0,0,0,1,0,0,0,0,0,F,F,"1925PHI.EVN.regular.event.csv",794
"PHI192505070","NY1",2,1,0,0,0,"",2,0,"wilsj105","?","wilsj105","?","nehfa101","?","nehfa101","?","gowdh101","kellg101","frisf101","lindf101","jackt101","meusi101","soutb101","younr101","","hawkc101","","S9.2-H","F","F",2,6,20,"T","T",1,"F","F",0,"F","F",1,"F","F",9,"","F","F","",0,0,"N",0,"N",0,"N",1,0,4,0,"","","","","F","F","F","F","F","F","F","F","F","","nehfa101","","F","F","F","F","F","","","","",0,0,0,0,0,0,0,0,0,19,"PHI","PHI","NY1",1,"F","F",0,2,0,5,1,"T","F",2,1,"T","T","sandh101","hubec101","T","T",0,0,0,3,5,18,0,0,0,"","gowdh101","",0,0,0,0,0,0,0,0,0,0,0,0,1,"younr101","F","F","F","F",0,0,4,0,0,0,0,0,0,0,F,F,"1925PHI.EVN.regular.event.csv",795
"PHI192505070","NY1",2,1,0,0,0,"",2,1,"sandh101","?","sandh101","?","nehfa101","?","nehfa101","?","gowdh101","kellg101","frisf101","lindf101","jackt101","meusi101","soutb101","younr101","wilsj105","","","CS2(24)","F","F",6,7,6,"F","F",0,"F","F",1,"F","F",0,"F","F",0,"","F","F","",0,0,"N",0,"N",0,"N",0,0,0,0,"","24","","","F","F","F","T","F","F","F","F","F","nehfa101","","","F","F","F","F","F","","","","",0,4,0,0,2,0,0,0,0,20,"PHI","PHI","NY1",1,"F","F",1,2,1,6,2,"T","F",1,0,"T","T","hubec101","ringj101","T","T",2,6,19,0,0,0,0,0,0,"gowdh101","","",0,0,0,0,0,0,0,0,0,0,0,0,0,"","F","F","F","F",0,0,0,0,0,0,0,0,0,0,F,F,"1925PHI.EVN.regular.event.csv",796
"PHI192505070","NY1",2,1,1,0,0,"",2,1,"sandh101","?","sandh101","?","nehfa101","?","nehfa101","?","gowdh101","kellg101","frisf101","lindf101","jackt101","meusi101","soutb101","younr101","","","","S9","F","F",6,7,20,"T","T",1,"F","F",0,"F","F",0,"F","F",9,"","F","F","",0,0,"N",0,"N",0,"N",1,0,0,0,"","","","","F","F","F","F","F","F","F","F","F","","","","F","F","F","F","F","","","","",0,0,0,0,0,0,0,0,0,21,"PHI","PHI","NY1",1,"F","F",1,2,1,6,2,"F","F",0,1,"T","T","hubec101","ringj101","T","T",0,0,0,0,0,0,0,0,0,"","","",0,0,0,0,0,0,0,0,0,0,0,0,0,"younr101","F","F","F","F",0,0,0,0,0,0,0,0,0,0,F,F,"1925PHI.EVN.regular.event.csv",797
"PHI192505070","NY1",2,1,1,0,0,"",2,1,"hubec101","?","hubec101","?","nehfa101","?","nehfa101","?","gowdh101","kellg101","frisf101","lindf101","jackt101","meusi101","soutb101","younr101","sandh101","","","9/L","F","F",5,8,2,"T","T",0,"F","F",1,"F","F",0,"F","F",9,"L","F","F","",0,0,"N",0,"N",0,"N",0,1,0,0,"9","","","","F","F","F","F","F","F","F","F","F","nehfa101","","","F","F","F","F","F","","","","",0,9,0,0,0,0,0,0,0,22,"PHI","PHI","NY1",1,"F","F",1,2,1,7,3,"T","F",1,1,"T","T","ringj101","burng101","T","T",6,7,21,0,0,0,0,0,0,"gowdh101","","",0,0,0,0,0,0,0,0,0,0,0,0,0,"younr101","F","F","F","F",0,0,0,0,0,0,0,0,0,0,F,F,"1925PHI.EVN.regular.event.csv",798
"PHI192505070","NY1",2,1,2,0,0,"",2,1,"ringj101","?","ringj101","?","nehfa101","?","nehfa101","?","gowdh101","kellg101","frisf101","lindf101","jackt101","meusi101","soutb101","younr101","sandh101","","","K","F","F",1,9,3,"T","T",0,"F","F",1,"F","F",0,"F","F",0,"","F","F","",0,0,"N",0,"N",0,"N",0,1,0,0,"2","","","","F","F","F","F","F","F","F","F","F","nehfa101","","","F","F","F","F","F","","","","",0,2,0,0,0,0,0,0,0,23,"PHI","PHI","NY1",1,"F","T",1,2,1,8,4,"T","F",1,1,"T","T","burng101","kimmw101","T","T",6,7,21,0,0,0,0,0,0,"gowdh101","","",0,0,0,0,0,0,0,0,0,0,0,0,0,"","F","F","F","F",0,0,0,0,0,0,0,0,0,0,F,F,"1925PHI.EVN.regular.event.csv",799
"PHI192505070","NY1",3,0,0,0,0,"",2,1,"younr101","?","younr101","?","ringj101","?","ringj101","?","wilsj105","hawkc101","kimmw101","hubec101","sandh101","burng101","mokaj101","schuj101","","","","63","T","F",9,3,2,"T","T",0,"F","F",1,"F","F",0,"F","F",6,"G","F","F","",0,0,"N",0,"N",0,"N",0,0,0,0,"63","","","","F","F","F","F","F","F","F","F","F","","","","F","F","F","F","F","","","","",0,3,0,0,6,0,0,0,0,24,"PHI","NY1","PHI",0,"T","F",2,1,0,11,0,"T","F",0,0,"T","T","kellg101","lindf101","T","T",0,0,0,0,0,0,0,0,0,"","","",0,0,0,0,0,0,0,0,0,0,0,0,0,"sandh101","F","F","F","F",0,0,0,0,0,0,0,0,0,0,F,F,"1925PHI.EVN.regular.event.csv",800
"PHI192505070","NY1",3,0,1,0,0,"",2,1,"kellg101","?","kellg101","?","ringj101","?","ringj101","?","wilsj105","hawkc101","kimmw101","hubec101","sandh101","burng101","mokaj101","schuj101","","","","W","F","F",3,4,14,"T","F",0,"F","F",0,"F","F",0,"F","F",0,"","F","F","",0,0,"N",0,"N",0,"N",1,0,0,0,"","","","","F","F","F","F","F","F","F","F","F","","","","F","F","F","F","F","","","","",0,0,0,0,0,0,0,0,0,25,"PHI","NY1","PHI",0,"F","F",2,1,0,12,1,"T","F",0,1,"T","T","lindf101","meusi101","T","T",0,0,0,0,0,0,0,0,0,"","","",0,0,0,0,0,0,0,0,0,0,0,0,0,"","F","F","F","F",0,0,0,0,0,0,0,0,0,0,F,F,"1925PHI.EVN.regular.event.csv",801
"PHI192505070","NY1",3,0,1,0,0,"",2,1,"lindf101","?","lindf101","?","ringj101","?","ringj101","?","wilsj105","hawkc101","kimmw101","hubec101","sandh101","burng101","mokaj101","schuj101","kellg101","","","4/L","F","F",5,5,2,"T","T",0,"F","F",1,"F","F",0,"F","F",4,"L","F","F","",0,0,"N",0,"N",0,"N",0,1,0,0,"4","","","","F","F","F","F","F","F","F","F","F","ringj101","","","F","F","F","F","F","","","","",0,4,0,0,0,0,0,0,0,26,"PHI","NY1","PHI",0,"F","F",2,1,0,13,2,"T","F",1,1,"T","T","meusi101","jackt101","T","T",3,4,25,0,0,0,0,0,0,"wilsj105","","",0,0,0,0,0,0,0,0,0,0,0,0,0,"kimmw101","F","F","F","F",0,0,0,0,0,0,0,0,0,0,F,F,"1925PHI.EVN.regular.event.csv",802
"PHI192505070","NY1",3,0,2,0,0,"",2,1,"meusi101","?","meusi101","?","ringj101","?","ringj101","?","wilsj105","hawkc101","kimmw101","hubec101","sandh101","burng101","mokaj101","schuj101","kellg101","","","S7.1-2","F","F",7,6,20,"T","T",1,"F","F",0,"F","F",0,"F","F",7,"","F","F","",0,0,"N",0,"N",0,"N",1,2,0,0,"","","","","F","F","F","F","F","F","F","F","F","ringj101","","","F","F","F","F","F","","","","",0,0,0,0,0,0,0,0,0,27,"PHI","NY1","PHI",0,"F","F",2,1,0,14,3,"T","F",1,3,"T","T","jackt101","gowdh101","T","T",3,4,25,0,0,0,0,0,0,"wilsj105","","",0,0,0,0,0,0,0,0,0,0,0,0,0,"burng101","F","F","F","F",0,0,0,0,0,0,0,0,0,0,F,F,"1925PHI.EVN.regular.event.csv",803
"PHI192505070","NY1",3,0,2,0,0,"",2,1,"jackt101","?","jackt101","?","ringj101","?","ringj101","?","wilsj105","hawkc101","kimmw101","hubec101","sandh101","burng101","mokaj101","schuj101","meusi101","kellg101","","6/P","F","F",6,7,2,"T","T",0,"F","F",1,"F","F",0,"F","F",6,"P","F","F","",0,0,"N",0,"N",0,"N",0,1,2,0,"6","","","","F","F","F","F","F","F","F","F","F","ringj101","ringj101","","F","F","F","F","F","","","","",0,6,0,0,0,0,0,0,0,28,"PHI","NY1","PHI",0,"F","T",2,1,0,15,4,"T","F",3,3,"T","T","gowdh101","nehfa101","T","T",7,6,27,3,4,25,0,0,0,"wilsj105","wilsj105","",0,0,0,0,0,0,0,0,0,0,0,0,0,"sandh101","F","F","F","F",0,0,0,0,0,0,0,0,0,0,F,F,"1925PHI.EVN.regular.event.csv",804
"PHI192505070","NY1",3,1,0,0,0,"",2,1,"burng101","?","burng101","?","nehfa101","?","nehfa101","?","gowdh101","kellg101","frisf101","lindf101","jackt101","meusi101","soutb101","younr101","","","","3/G","T","F",7,1,2,"T","T",0,"F","F",1,"F","F",0,"F","F",3,"G","F","F","",0,0,"N",0,"N",0,"N",0,0,0,0,"3","","","","F","F","F","F","F","F","F","F","F","","","","F","F","F","F","F","","","","",0,3,0,0,0,0,0,0,0,29,"PHI","PHI","NY1",1,"T","F",1,2,0,9,0,"T","F",0,0,"T","T","kimmw101","schuj101","T","T",0,0,0,0,0,0,0,0,0,"","","",0,0,0,0,0,0,0,0,0,0,0,0,0,"kellg101","F","F","F","F",0,0,0,0,0,0,0,0,0,0,F,F,"1925PHI.EVN.regular.event.csv",805
"PHI192505070","NY1",3,1,1,0,0,"",2,1,"kimmw101","?","kimmw101","?","nehfa101","?","nehfa101","?","gowdh101","kellg101","frisf101","lindf101","jackt101","meusi101","soutb101","younr101","","","","63","F","F",4,2,2,"T","T",0,"F","F",1,"F","F",0,"F","F",6,"G","F","F","",0,0,"N",0,"N",0,"N",0,0,0,0,"63","","","","F","F","F","F","F","F","F","F","F","","","","F","F","F","F","F","","","","",0,3,0,0,6,0,0,0,0,30,"PHI","PHI","NY1",1,"F","F",1,2,0,10,1,"T","F",0,0,"T","T","schuj101","mokaj101","T","T",0,0,0,0,0,0,0,0,0,"","","",0,0,0,0,0,0,0,0,0,0,0,0,0,"jackt101","F","F","F","F",0,0,0,0,0,0,0,0,0,0,F,F,"1925PHI.EVN.regular.event.csv",806
"PHI192505070","NY1",3,1,2,0,0,"",2,1,"schuj101","?","schuj101","?","nehfa101","?","nehfa101","?","gowdh101","kellg101","frisf101","lindf101","jackt101","meusi101","soutb101","younr101","","","","W","F","F",9,3,14,"T","F",0,"F","F",0,"F","F",0,"F","F",0,"","F","F","",0,0,"N",0,"N",0,"N",1,0,0,0,"","","","","F","F","F","F","F","F","F","F","F","","","","F","F","F","F","F","","","","",0,0,0,0,0,0,0,0,0,31,"PHI","PHI","NY1",1,"F","F",1,2,0,11,2,"T","F",0,1,"T","T","mokaj101","hawkc101","T","T",0,0,0,0,0,0,0,0,0,"","","",0,0,0,0,0,0,0,0,0,0,0,0,0,"","F","F","F","F",0,0,0,0,0,0,0,0,0,0,F,F,"1925PHI.EVN.regular.event.csv",807
"PHI192505070","NY1",3,1,2,0,0,"",2,1,"mokaj101","?","mokaj101","?","nehfa101","?","nehfa101","?","gowdh101","kellg101","frisf101","lindf101","jackt101","meusi101","soutb101","younr101","schuj101","","","43","F","F",8,4,2,"T","T",0,"F","F",1,"F","F",0,"F","F",4,"G","F","F","",0,0,"N",0,"N",0,"N",0,1,0,0,"43","","","","F","F","F","F","F","F","F","F","F","nehfa101","","","F","F","F","F","F","","","","",0,3,0,0,4,0,0,0,0,32,"PHI","PHI","NY1",1,"F","T",1,2,0,12,3,"T","F",1,1,"T","T","hawkc101","wilsj105","T","T",9,3,31,0,0,0,0,0,0,"gowdh101","","",0,0,0,0,0,0,0,0,0,0,0,0,0,"frisf101","F","F","F","F",0,0,0,0,0,0,0,0,0,0,F,F,"1925PHI.EVN.regular.event.csv",808
"PHI192505070","NY1",4,0,0,0,0,"",2,1,"gowdh101","?","gowdh101","?","ringj101","?","ringj101","?","wilsj105","hawkc101","kimmw101","hubec101","sandh101","burng101","mokaj101","schuj101","","","","53","T","F",2,8,2,"T","T",0,"F","F",1,"F","F",0,"F","F",5,"G","F","F","",0,0,"N",0,"N",0,"N",0,0,0,0,"53","","","","F","F","F","F","F","F","F","F","F","","","","F","F","F","F","F","","","","",0,3,0,0,5,0,0,0,0,33,"PHI","NY1","PHI",0,"T","F",2,1,0,16,0,"T","F",0,0,"T","T","nehfa101","soutb101","T","T",0,0,0,0,0,0,0,0,0,"","","",0,0,0,0,0,0,0,0,0,0,0,0,0,"hubec101","F","F","F","F",0,0,0,0,0,0,0,0,0,0,F,F,"1925PHI.EVN.regular.event.csv",809
"PHI192505070","NY1",4,0,1,0,0,"",2,1,"nehfa101","?","nehfa101","?","ringj101","?","ringj101","?","wilsj105","hawkc101","kimmw101","hubec101","sandh101","burng101","mokaj101","schuj101","","","","43","F","F",1,9,2,"T","T",0,"F","F",1,"F","F",0,"F","F",4,"G","F","F","",0,0,"N",0,"N",0,"N",0,0,0,0,"43","","","","F","F","F","F","F","F","F","F","F","","","","F","F","F","F","F","","","","",0,3,0,0,4,0,0,0,0,34,"PHI","NY1","PHI",0,"F","F",2,1,0,17,1,"T","F",0,0,"T","T","soutb101","frisf101","T","T",0,0,0,0,0,0,0,0,0,"","","",0,0,0,0,0,0,0,0,0,0,0,0,0,"kimmw101","F","F","F","F",0,0,0,0,0,0,0,0,0,0,F,F,"1925PHI.EVN.regular.event.csv",810
"PHI192505070","NY1",4,0,2,0,0,"",2,1,"soutb101","?","soutb101","?","ringj101","?","ringj101","?","wilsj105","hawkc101","kimmw101","hubec101","sandh101","burng101","mokaj101","schuj101","","","","D8","F","F",8,1,21,"T","T",2,"F","F",0,"F","F",0,"F","F",8,"","F","F","",0,0,"N",0,"N",0,"N",2,0,0,0,"","","","","F","F","F","F","F","F","F","F","F","","","","F","F","F","F","F","","","","",0,0,0,0,0,0,0,0,0,35,"PHI","NY1","PHI",0,"F","F",2,1,0,18,2,"T","F",0,2,"T","T","frisf101","younr101","T","T",0,0,0,0,0,0,0,0,0,"","","",0,0,0,0,0,0,0,0,0,0,0,0,0,"mokaj101","F","F","F","F",0,0,0,0,0,0,0,0,0,0,F,F,"1925PHI.EVN.regular.event.csv",811
"PHI192505070","NY1",4,0,2,0,0,"",2,1,"frisf101","?","frisf101","?","ringj101","?","ringj101","?","wilsj105","hawkc101","kimmw101","hubec101","sandh101","burng101","mokaj101","schuj101","","soutb101","","3/G","F","F",4,2,2,"T","T",0,"F","F",1,"F","F",0,"F","F",3,"G","F","F","",0,0,"N",0,"N",0,"N",0,0,2,0,"3","","","","F","F","F","F","F","F","F","F","F","","ringj101","","F","F","F","F","F","","","","",0,3,0,0,0,0,0,0,0,36,"PHI","NY1","PHI",0,"F","T",2,1,0,19,3,"T","F",2,2,"T","T","younr101","kellg101","T","T",0,0,0,8,1,35,0,0,0,"","wilsj105","",0,0,0,0,0,0,0,0,0,0,0,0,0,"hawkc101","F","F","F","F",0,0,0,0,0,0,0,0,0,0,F,F,"1925PHI.EVN.regular.event.csv",812
"PHI192505070","NY1",4,1,0,0,0,"",2,1,"hawkc101","?","hawkc101","?","nehfa101","?","nehfa101","?","gowdh101","kellg101","frisf101","lindf101","jackt101","meusi101","soutb101","younr101","","","","S8","T","F",3,5,20,"T","T",1,"F","F",0,"F","F",0,"F","F",8,"","F","F","",0,0,"N",0,"N",0,"N",1,0,0,0,"","","","","F","F","F","F","F","F","F","F","F","","","","F","F","F","F","F","","","","",0,0,0,0,0,0,0,0,0,37,"PHI","PHI","NY1",1,"T","F",1,2,0,13,0,"T","F",0,1,"T","T","wilsj105","sandh101","T","T",0,0,0,0,0,0,0,0,0,"","","",0,0,0,0,0,0,0,0,0,0,0,0,0,"soutb101","F","F","F","F",4,0,0,0,4,0,0,0,0,0,F,F,"1925PHI.EVN.regular.event.csv",813
"PHI192505070","NY1",4,1,0,0,0,"",2,1,"wilsj105","?","wilsj105","?","nehfa101","?","nehfa101","?","gowdh101","kellg101","frisf101","lindf101","jackt101","meusi101","soutb101","younr101","hawkc101","","","S7.1-3","F","F",2,6,20,"T","T",1,"F","F",0,"F","F",0,"F","F",7,"","F","F","",0,0,"N",0,"N",0,"N",1,3,0,0,"","","","","F","F","F","F","F","F","F","F","F","nehfa101","","","F","F","F","F","F","","","","",0,0,0,0,0,0,0,0,0,38,"PHI","PHI","NY1",1,"F","F",1,2,0,14,1,"T","F",1,5,"T","T","sandh101","hubec101","T","T",3,5,37,0,0,0,0,0,0,"gowdh101","","",0,0,0,0,0,0,0,0,0,0,0,0,0,"meusi101","F","F","F","F",5,4,0,0,4,0,0,0,0,0,F,F,"1925PHI.EVN.regular.event.csv",814
"PHI192505070","NY1",4,1,0,0,0,"",2,1,"sandh101","?","sandh101","?","nehfa101","?","nehfa101","?","gowdh101","kellg101","frisf101","lindf101","jackt101","meusi101","soutb101","younr101","wilsj105","","hawkc101","S8.3-H;1-3","F","F",6,7,20,"T","T",1,"F","F",0,"F","F",1,"F","F",8,"","F","F","",0,0,"N",0,"N",0,"N",1,3,0,4,"","","","","F","F","F","F","F","F","F","F","F","nehfa101","","nehfa101","F","F","F","F","F","","","","",0,0,0,0,0,0,0,0,0,39,"PHI","PHI","NY1",1,"F","F",1,2,0,15,2,"T","F",5,5,"T","T","hubec101","ringj101","T","T",2,6,38,0,0,0,3,5,37,"gowdh101","","gowdh101",0,0,0,0,0,0,0,0,0,0,0,0,1,"soutb101","F","F","F","F",5,5,0,4,3,0,0,0,0,0,F,F,"1925PHI.EVN.regular.event.csv",815
"PHI192505070","NY1",4,1,0,0,0,"",2,2,"hubec101","?","hubec101","?","nehfa101","?","nehfa101","?","gowdh101","kellg101","frisf101","lindf101","jackt101","meusi101","soutb101","younr101","sandh101","","wilsj105","6/P","F","F",5,8,2,"T","T",0,"F","F",1,"F","F",0,"F","F",6,"P","F","F","",0,0,"N",0,"N",0,"N",0,1,0,3,"6","","","","F","F","F","F","F","F","F","F","F","nehfa101","","nehfa101","F","F","F","F","F","","","","",0,6,0,0,0,0,0,0,0,40,"PHI","PHI","NY1",1,"F","F",2,2,1,16,3,"T","F",5,5,"T","T","ringj101","burng101","T","T",6,7,39,0,0,0,2,6,38,"gowdh101","","gowdh101",0,0,0,0,0,0,0,0,0,0,0,0,0,"jackt101","F","F","F","F",0,5,0,5,3,0,0,0,0,0,F,F,"1925PHI.EVN.regular.event.csv",816
"PHI192505070","NY1",4,1,1,0,0,"",2,2,"ringj101","?","ringj101","?","nehfa101","?","nehfa101","?","gowdh101","kellg101","frisf101","lindf101","jackt101","meusi101","soutb101","younr101","sandh101","","wilsj105","K/C","F","F",1,9,3,"T","T",0,"F","F",1,"F","F",0,"F","F",0,"","F","F","",0,0,"N",0,"N",0,"N",0,1,0,3,"2","","","","F","F","F","F","F","F","F","F","F","nehfa101","","nehfa101","F","F","F","F","F","","","","",0,2,0,0,0,0,0,0,0,41,"PHI","PHI","NY1",1,"F","F",2,2,1,17,4,"T","F",5,5,"T","T","burng101","kimmw101","T","T",6,7,39,0,0,0,2,6,38,"gowdh101","","gowdh101",0,0,0,0,0,0,0,0,0,0,0,0,0,"","F","F","F","F",0,5,0,5,3,0,0,0,0,0,F,F,"1925PHI.EVN.regular.event.csv",817
"PHI192505070","NY1",4,1,2,0,0,"",2,2,"burng101","?","burng101","?","nehfa101","?","nehfa101","?","gowdh101","kellg101","frisf101","lindf101","jackt101","meusi101","soutb101","younr101","sandh101","","wilsj105","OA.3XH(2E5)(UR);1-3","F","F",7,1,12,"F","F",0,"F","F",0,"F","F",0,"F","F",0,"","F","F","",1,5,"D",0,"N",0,"N",0,3,0,5,"","","","2E5","F","F","F","F","F","F","F","F","F","nehfa101","","nehfa101","F","F","F","F","F","","","","",0,0,0,0,2,0,0,0,0,42,"PHI","PHI","NY1",1,"F","F",2,2,1,18,5,"T","F",5,4,"T","T","kimmw101","schuj101","T","T",6,7,39,0,0,0,2,6,38,"gowdh101","","gowdh101",0,0,0,0,0,0,0,0,0,0,0,0,1,"","F","F","F","F",0,5,0,5,2,0,0,0,0,0,F,F,"1925PHI.EVN.regular.event.csv",818
"PHI192505070","NY1",4,1,2,0,0,"",2,3,"burng101","?","burng101","?","nehfa101","?","nehfa101","?","gowdh101","kellg101","frisf101","lindf101","jackt101","meusi101","soutb101","younr101","","","sandh101","S4/G34.3-H(UR);B-2(E4/TH1)","F","F",7,1,20,"T","T",1,"F","F",0,"F","F",1,"F","F",4,"G","F","F","34",1,4,"T",0,"N",0,"N",2,0,0,5,"","","","","F","F","F","F","F","F","F","F","F","","","nehfa101","F","F","F","F","F","","","","",0,0,0,0,0,0,0,0,0,43,"PHI","PHI","NY1",1,"F","F",3,2,2,18,5,"F","F",4,2,"T","T","kimmw101","schuj101","T","T",0,0,0,0,0,0,6,7,39,"","","gowdh101",0,0,0,0,0,0,0,0,0,0,0,0,1,"frisf101","F","F","F","F",5,0,0,5,1,0,0,0,0,0,F,F,"1925PHI.EVN.regular.event.csv",819
"PHI192505070","NY1",4,1,2,0,0,"",2,4,"kimmw101","?","kimmw101","?","nehfa101","?","nehfa101","?","gowdh101","kellg101","frisf101","lindf101","jackt101","meusi101","soutb101","younr101","","burng101","","S3/G.2-H(NR)(UR)(E3/TH1)","F","F",4,2,20,"T","T",1,"F","F",0,"F","F",0,"F","F",3,"G","F","F","",1,3,"T",0,"N",0,"N",1,0,5,0,"","","","","F","F","F","F","F","F","F","F","F","","nehfa101","","F","F","F","F","F","","","","",0,0,0,0,0,0,0,0,0,44,"PHI","PHI","NY1",1,"F","F",4,2,3,19,6,"T","F",2,1,"T","T","schuj101","mokaj101","T","T",0,0,0,7,1,43,0,0,0,"","gowdh101","",0,0,0,0,0,0,0,0,0,0,0,0,1,"kellg101","F","F","F","F",0,0,5,0,0,0,0,0,0,0,F,F,"1925PHI.EVN.regular.event.csv",820
"PHI192505070","NY1",4,1,2,0,0,"",2,5,"schuj101","?","schuj101","?","nehfa101","?","nehfa101","?","gowdh101","kellg101","frisf101","lindf101","jackt101","meusi101","soutb101","younr101","kimmw101","","","46(1)/FO","F","F",9,3,2,"T","T",0,"F","F",1,"F","F",0,"F","F",4,"G","F","F","",0,0,"N",0,"N",0,"N",1,0,0,0,"","46","","","F","F","F","F","F","F","F","F","F","nehfa101","","","F","F","F","F","F","","","","",0,6,0,0,4,0,0,0,0,45,"PHI","PHI","NY1",1,"F","T",5,2,4,20,7,"T","F",1,1,"T","T","mokaj101","hawkc101","T","T",4,2,44,0,0,0,0,0,0,"gowdh101","","",0,0,0,0,0,0,0,0,0,0,0,0,0,"frisf101","T","F","F","F",0,0,0,0,0,0,0,0,0,0,F,F,"1925PHI.EVN.regular.event.csv",821
"PHI192505070","NY1",5,0,0,0,0,"",2,5,"younr101","?","younr101","?","ringj101","?","ringj101","?","wilsj105","hawkc101","kimmw101","hubec101","sandh101","burng101","mokaj101","schuj101","","","","S8","T","F",9,3,20,"T","T",1,"F","F",0,"F","F",0,"F","F",8,"","F","F","",0,0,"N",0,"N",0,"N",1,0,0,0,"","","","","F","F","F","F","F","F","F","F","F","","","","F","F","F","F","F","","","","",0,0,0,0,0,0,0,0,0,46,"PHI","NY1","PHI",0,"T","F",2,5,0,20,0,"T","F",0,1,"T","T","kellg101","lindf101","T","T",0,0,0,0,0,0,0,0,0,"","","",0,0,0,0,0,0,0,0,0,0,0,0,0,"mokaj101","F","F","F","F",0,0,0,0,0,0,0,0,0,0,F,F,"1925PHI.EVN.regular.event.csv",822
"PHI192505070","NY1",5,0,0,0,0,"",2,5,"kellg101","?","kellg101","?","ringj101","?","ringj101","?","wilsj105","hawkc101","kimmw101","hubec101","sandh101","burng101","mokaj101","schuj101","younr101","","","46(1)/FO","F","F",3,4,2,"T","T",0,"F","F",1,"F","F",0,"F","F",4,"G","F","F","",0,0,"N",0,"N",0,"N",1,0,0,0,"","46","","","F","F","F","F","F","F","F","F","F","ringj101","","","F","F","F","F","F","","","","",0,6,0,0,4,0,0,0,0,47,"PHI","NY1","PHI",0,"F","F",2,5,0,21,1,"T","F",1,1,"T","T","lindf101","meusi101","T","T",9,3,46,0,0,0,0,0,0,"wilsj105","","",0,0,0,0,0,0,0,0,0,0,0,0,0,"kimmw101","T","F","F","F",0,0,0,0,0,0,0,0,0,0,F,F,"1925PHI.EVN.regular.event.csv",823
"PHI192505070","NY1",5,0,1,0,0,"",2,5,"lindf101","?","lindf101","?","ringj101","?","ringj101","?","wilsj105","hawkc101","kimmw101","hubec101","sandh101","burng101","mokaj101","schuj101","kellg101","","","8/F","F","F",5,5,2,"T","T",0,"F","F",1,"F","F",0,"F","F",8,"F","F","F","",0,0,"N",0,"N",0,"N",0,1,0,0,"8","","","","F","F","F","F","F","F","F","F","F","ringj101","","","F","F","F","F","F","","","","",0,8,0,0,0,0,0,0,0,48,"PHI","NY1","PHI",0,"F","F",2,5,0,22,2,"T","F",1,1,"T","T","meusi101","jackt101","T","T",3,4,47,0,0,0,0,0,0,"wilsj105","","",0,0,0,0,0,0,0,0,0,0,0,0,0,"mokaj101","F","F","F","F",0,0,0,0,0,0,0,0,0,0,F,F,"1925PHI.EVN.regular.event.csv",824
"PHI192505070","NY1",5,0,2,0,0,"",2,5,"meusi101","?","meusi101","?","ringj101","?","ringj101","?","wilsj105","hawkc101","kimmw101","hubec101","sandh101","burng101","mokaj101","schuj101","kellg101","","","64(1)/FO","F","F",7,6,2,"T","T",0,"F","F",1,"F","F",0,"F","F",6,"G","F","F","",0,0,"N",0,"N",0,"N",1,0,0,0,"","64","","","F","F","F","F","F","F","F","F","F","ringj101","","","F","F","F","F","F","","","","",0,4,0,0,6,0,0,0,0,49,"PHI","NY1","PHI",0,"F","T",2,5,0,23,3,"T","F",1,1,"T","T","jackt101","gowdh101","T","T",3,4,47,0,0,0,0,0,0,"wilsj105","","",0,0,0,0,0,0,0,0,0,0,0,0,0,"sandh101","T","F","F","F",0,0,0,0,0,0,0,0,0,0,F,F,"1925PHI.EVN.regular.event.csv",825
"PHI192505070","NY1",5,1,0,0,0,"",2,5,"mokaj101","?","mokaj101","?","nehfa101","?","nehfa101","?","gowdh101","kellg101","frisf101","lindf101","jackt101","meusi101","soutb101","younr101","","","","W","T","F",8,4,14,"T","F",0,"F","F",0,"F","F",0,"F","F",0,"","F","F","",0,0,"N",0,"N",0,"N",1,0,0,0,"","","","","F","F","F","F","F","F","F","F","F","","","","F","F","F","F","F","","","","",0,0,0,0,0,0,0,0,0,50,"PHI","PHI","NY1",1,"T","F",5,2,0,21,0,"T","F",0,1,"T","T","hawkc101","wilsj105","T","T",0,0,0,0,0,0,0,0,0,"","","",0,0,0,0,0,0,0,0,0,0,0,0,0,"","F","F","F","F",4,0,0,0,2,0,0,0,0,0,F,F,"1925PHI.EVN.regular.event.csv",826
"PHI192505070","NY1",5,1,0,0,0,"",2,5,"hawkc101","?","hawkc101","?","nehfa101","?","nehfa101","?","gowdh101","kellg101","frisf101","lindf101","jackt101","meusi101","soutb101","younr101","mokaj101","","","HR/F9D.1-H","F","F",3,5,23,"T","T",4,"F","F",0,"F","F",2,"F","F",0,"F","F","F","9D",0,0,"N",0,"N",0,"N",4,4,0,0,"","","","","F","F","F","F","F","F","F","F","F","nehfa101","","","F","F","F","F","F","","","","",0,0,0,0,0,0,0,0,0,51,"PHI","PHI","NY1",1,"F","F",5,2,0,22,1,"T","F",1,0,"T","T","wilsj105","sandh101","T","T",8,4,50,0,0,0,0,0,0,"gowdh101","","",0,0,0,0,0,0,0,0,0,0,0,0,2,"","F","F","F","F",4,4,0,0,0,0,0,0,0,0,F,F,"1925PHI.EVN.regular.event.csv",827
"PHI192505070","NY1",5,1,0,0,0,"",2,7,"wilsj105","?","wilsj105","?","greek101","?","greek101","?","gowdh101","kellg101","frisf101","lindf101","jackt101","meusi101","soutb101","younr101","","","","63","F","F",2,6,2,"T","T",0,"F","F",1,"F","F",0,"F","F",6,"G","F","F","",0,0,"N",0,"N",0,"N",0,0,0,0,"63","","","","F","F","F","F","F","F","F","F","F","","","","F","F","F","F","F","","","","",0,3,0,0,6,0,0,0,0,52,"PHI","PHI","NY1",1,"F","F",7,2,2,23,2,"T","F",0,0,"T","T","sandh101","hubec101","F","F",0,0,0,0,0,0,0,0,0,"","","",0,0,0,0,0,0,0,0,0,0,0,0,0,"jackt101","F","F","F","F",0,0,0,0,0,0,0,0,0,0,F,F,"1925PHI.EVN.regular.event.csv",828
"PHI192505070","NY1",5,1,1,0,0,"",2,7,"sandh101","?","sandh101","?","greek101","?","greek101","?","gowdh101","kellg101","frisf101","lindf101","jackt101","meusi101","soutb101","younr101","","","","6/P","F","F",6,7,2,"T","T",0,"F","F",1,"F","F",0,"F","F",6,"P","F","F","",0,0,"N",0,"N",0,"N",0,0,0,0,"6","","","","F","F","F","F","F","F","F","F","F","","","","F","F","F","F","F","","","","",0,6,0,0,0,0,0,0,0,53,"PHI","PHI","NY1",1,"F","F",7,2,2,24,3,"T","F",0,0,"T","T","hubec101","ringj101","F","F",0,0,0,0,0,0,0,0,0,"","","",0,0,0,0,0,0,0,0,0,0,0,0,0,"jackt101","F","F","F","F",0,0,0,0,0,0,0,0,0,0,F,F,"1925PHI.EVN.regular.event.csv",829
"PHI192505070","NY1",5,1,2,0,0,"",2,7,"hubec101","?","hubec101","?","greek101","?","greek101","?","gowdh101","kellg101","frisf101","lindf101","jackt101","meusi101","soutb101","younr101","","","","S9","F","F",5,8,20,"T","T",1,"F","F",0,"F","F",0,"F","F",9,"","F","F","",0,0,"N",0,"N",0,"N",1,0,0,0,"","","","","F","F","F","F","F","F","F","F","F","","","","F","F","F","F","F","","","","",0,0,0,0,0,0,0,0,0,54,"PHI","PHI","NY1",1,"F","F",7,2,2,25,4,"T","F",0,1,"T","T","ringj101","burng101","F","F",0,0,0,0,0,0,0,0,0,"","","",0,0,0,0,0,0,0,0,0,0,0,0,0,"younr101","F","F","F","F",0,0,0,0,0,0,0,0,0,0,F,F,"1925PHI.EVN.regular.event.csv",830
"PHI192505070","NY1",5,1,2,0,0,"",2,7,"ringj101","?","ringj101","?","greek101","?","greek101","?","gowdh101","kellg101","frisf101","lindf101","jackt101","meusi101","soutb101","younr101","hubec101","","","K/C","F","F",1,9,3,"T","T",0,"F","F",1,"F","F",0,"F","F",0,"","F","F","",0,0,"N",0,"N",0,"N",0,1,0,0,"2","","","","F","F","F","F","F","F","F","F","F","greek101","","","F","F","F","F","F","","","","",0,2,0,0,0,0,0,0,0,55,"PHI","PHI","NY1",1,"F","T",7,2,2,26,5,"T","F",1,1,"T","T","burng101","kimmw101","F","F",5,8,54,0,0,0,0,0,0,"gowdh101","","",0,0,0,0,0,0,0,0,0,0,0,0,0,"","F","F","F","F",0,0,0,0,0,0,0,0,0,0,F,F,"1925PHI.EVN.regular.event.csv",831
"PHI192505070","NY1",6,0,0,0,0,"",2,7,"jackt101","?","jackt101","?","ringj101","?","ringj101","?","wilsj105","hawkc101","kimmw101","hubec101","sandh101","burng101","mokaj101","schuj101","","","","53","T","F",6,7,2,"T","T",0,"F","F",1,"F","F",0,"F","F",5,"G","F","F","",0,0,"N",0,"N",0,"N",0,0,0,0,"53","","","","F","F","F","F","F","F","F","F","F","","","","F","F","F","F","F","","","","",0,3,0,0,5,0,0,0,0,56,"PHI","NY1","PHI",0,"T","F",2,7,0,24,0,"T","F",0,0,"T","T","gowdh101","greek101","T","T",0,0,0,0,0,0,0,0,0,"","","",0,0,0,0,0,0,0,0,0,0,0,0,0,"hubec101","F","F","F","F",0,0,0,0,0,0,0,0,0,0,F,F,"1925PHI.EVN.regular.event.csv",832
"PHI192505070","NY1",6,0,1,0,0,"",2,7,"gowdh101","?","gowdh101","?","ringj101","?","ringj101","?","wilsj105","hawkc101","kimmw101","hubec101","sandh101","burng101","mokaj101","schuj101","","","","S7","F","F",2,8,20,"T","T",1,"F","F",0,"F","F",0,"F","F",7,"","F","F","",0,0,"N",0,"N",0,"N",1,0,0,0,"","","","","F","F","F","F","F","F","F","F","F","","","","F","F","F","F","F","","","","",0,0,0,0,0,0,0,0,0,57,"PHI","NY1","PHI",0,"F","F",2,7,0,25,1,"T","F",0,1,"T","T","greek101","soutb101","T","T",0,0,0,0,0,0,0,0,0,"","","",0,0,0,0,0,0,0,0,0,0,0,0,0,"burng101","F","F","F","F",0,0,0,0,0,0,0,0,0,0,F,F,"1925PHI.EVN.regular.event.csv",833
"PHI192505070","NY1",6,0,1,0,0,"",2,7,"greek101","?","greek101","?","ringj101","?","ringj101","?","wilsj105","hawkc101","kimmw101","hubec101","sandh101","burng101","mokaj101","schuj101","gowdh101","","","36(1)3/GDP","F","F",1,9,2,"T","T",0,"F","F",2,"T","F",0,"F","F",3,"G","F","F","",0,0,"N",0,"N",0,"N",0,0,0,0,"63","36","","","F","F","F","F","F","F","F","F","F","ringj101","","","F","F","F","F","F","","","","",0,6,3,0,3,6,0,0,0,58,"PHI","NY1","PHI",0,"F","T",2,7,0,26,2,"T","F",1,0,"F","F","soutb101","frisf101","T","T",2,8,57,0,0,0,0,0,0,"wilsj105","","",0,0,0,0,0,0,0,0,0,0,0,0,0,"hawkc101","T","F","F","F",0,0,0,0,0,0,0,0,0,0,F,F,"1925PHI.EVN.regular.event.csv",834
"PHI192505070","NY1",6,1,0,0,0,"",2,7,"burng101","?","burng101","?","greek101","?","greek101","?","gowdh101","kellg101","frisf101","lindf101","jackt101","meusi101","soutb101","younr101","","","","S8/G6M.B-2(E8)","T","F",7,1,20,"T","T",1,"F","F",0,"F","F",0,"F","F",8,"G","F","F","6M",1,8,"F",0,"N",0,"N",2,0,0,0,"","","","","F","F","F","F","F","F","F","F","F","","","","F","F","F","F","F","","","","",0,0,0,0,0,0,0,0,0,59,"PHI","PHI","NY1",1,"T","F",7,2,0,27,0,"T","F",0,2,"T","T","kimmw101","schuj101","F","F",0,0,0,0,0,0,0,0,0,"","","",0,0,0,0,0,0,0,0,0,0,0,0,0,"soutb101","F","F","F","F",5,0,0,0,1,0,0,0,0,0,F,F,"1925PHI.EVN.regular.event.csv",835
"PHI192505070","NY1",6,1,0,0,0,"",2,7,"wrigr102","?","wrigr102","?","greek101","?","greek101","?","gowdh101","kellg101","frisf101","lindf101","jackt101","meusi101","soutb101","younr101","","burng101","","3E1.2-H(NR)(UR)","F","T",11,2,2,"T","T",0,"F","F",0,"F","F",0,"F","F",3,"G","F","F","",1,1,"D",0,"N",0,"N",1,0,5,0,"3E1","","","","F","F","F","F","F","F","F","F","F","","greek101","","F","F","F","F","F","","","","kimmw101",4,0,0,0,3,0,0,0,0,60,"PHI","PHI","NY1",1,"F","F",7,2,0,28,1,"T","F",2,1,"F","F","schuj101","mokaj101","F","F",0,0,0,7,1,59,0,0,0,"","gowdh101","",0,0,0,0,0,0,0,0,0,0,0,0,1,"kellg101","F","F","F","T",3,0,5,0,0,0,0,0,0,0,F,F,"1925PHI.EVN.regular.event.csv",836
"PHI192505070","NY1",6,1,0,0,0,"",2,8,"willc103","?","willc103","?","greek101","?","greek101","?","gowdh101","kellg101","frisf101","lindf101","jackt101","meusi101","soutb101","younr101","wrigr102","","","PB.1-2","F","T",11,3,10,"F","F",0,"F","F",0,"F","F",0,"F","T",0,"","F","F","",0,0,"N",0,"N",0,"N",0,2,0,0,"","","","","F","F","F","F","F","F","F","F","F","greek101","","","F","F","F","F","F","","","","schuj101",9,0,0,0,0,0,0,0,0,61,"PHI","PHI","NY1",1,"F","F",8,2,1,29,2,"T","F",1,2,"F","F","mokaj101","hawkc101","F","F",11,2,60,0,0,0,0,0,0,"gowdh101","","",0,0,0,0,0,0,0,0,0,0,0,0,0,"","F","F","F","F",0,3,0,0,0,0,0,0,0,0,F,F,"1925PHI.EVN.regular.event.csv",837
"PHI192505070","NY1",6,1,0,0,0,"",2,8,"willc103","?","willc103","?","greek101","?","greek101","?","gowdh101","kellg101","frisf101","lindf101","jackt101","meusi101","soutb101","younr101","","wrigr102","","W","F","T",11,3,14,"T","F",0,"F","F",0,"F","F",0,"F","F",0,"","F","F","",0,0,"N",0,"N",0,"N",1,0,2,0,"","","","","F","F","F","F","F","F","F","F","F","","greek101","","F","F","F","F","F","","","","schuj101",9,0,0,0,0,0,0,0,0,62,"PHI","PHI","NY1",1,"F","F",8,2,1,29,2,"F","F",2,3,"F","F","mokaj101","hawkc101","F","F",0,0,0,11,2,60,0,0,0,"","gowdh101","",0,0,0,0,0,0,0,0,0,0,0,0,0,"","F","F","F","F",2,0,3,0,0,0,0,0,0,0,F,F,"1925PHI.EVN.regular.event.csv",838
"PHI192505070","NY1",6,1,0,0,0,"",2,8,"mokaj101","?","mokaj101","?","greek101","?","greek101","?","gowdh101","kellg101","frisf101","lindf101","jackt101","meusi101","soutb101","younr101","willc103","wrigr102","","8/F","F","F",8,4,2,"T","T",0,"F","F",1,"F","F",0,"F","F",8,"F","F","F","",0,0,"N",0,"N",0,"N",0,1,2,0,"8","","","","F","F","F","F","F","F","F","F","F","greek101","greek101","","F","F","F","F","F","","","","",0,8,0,0,0,0,0,0,0,63,"PHI","PHI","NY1",1,"F","F",8,2,1,30,3,"T","F",3,3,"T","T","hawkc101","wilsj105","F","F",0,3,62,0,2,60,0,0,0,"gowdh101","gowdh101","",0,0,0,0,0,0,0,0,0,0,0,0,0,"soutb101","F","F","F","F",0,2,3,0,0,0,0,0,0,0,F,F,"1925PHI.EVN.regular.event.csv",839
"PHI192505070","NY1",6,1,1,0,0,"",2,8,"hawkc101","?","hawkc101","?","greek101","?","greek101","?","gowdh101","kellg101","frisf101","lindf101","jackt101","meusi101","soutb101","younr101","willc103","wrigr102","","7/F","F","F",3,5,2,"T","T",0,"F","F",1,"F","F",0,"F","F",7,"F","F","F","",0,0,"N",0,"N",0,"N",0,1,2,0,"7","","","","F","F","F","F","F","F","F","F","F","greek101","greek101","","F","F","F","F","F","","","","",0,7,0,0,0,0,0,0,0,64,"PHI","PHI","NY1",1,"F","F",8,2,1,31,4,"T","F",3,3,"T","T","wilsj105","sandh101","F","F",0,3,62,0,2,60,0,0,0,"gowdh101","gowdh101","",0,0,0,0,0,0,0,0,0,0,0,0,0,"meusi101","F","F","F","F",0,2,3,0,0,0,0,0,0,0,F,F,"1925PHI.EVN.regular.event.csv",840
"PHI192505070","NY1",6,1,2,0,0,"",2,8,"wilsj105","?","wilsj105","?","greek101","?","greek101","?","gowdh101","kellg101","frisf101","lindf101","jackt101","meusi101","soutb101","younr101","willc103","wrigr102","","W.2-3;1-2","F","F",2,6,14,"T","F",0,"F","F",0,"F","F",0,"F","F",0,"","F","F","",0,0,"N",0,"N",0,"N",1,2,3,0,"","","","","F","F","F","F","F","F","F","F","F","greek101","greek101","","F","F","F","F","F","","","","",0,0,0,0,0,0,0,0,0,65,"PHI","PHI","NY1",1,"F","F",8,2,1,32,5,"T","F",3,7,"T","T","sandh101","hubec101","F","F",0,3,62,0,2,60,0,0,0,"gowdh101","gowdh101","",0,0,0,0,0,0,0,0,0,0,0,0,0,"","F","F","F","F",0,2,3,0,0,0,0,0,0,0,F,F,"1925PHI.EVN.regular.event.csv",841
"PHI192505070","NY1",6,1,2,0,0,"",2,8,"sandh101","?","sandh101","?","greek101","?","greek101","?","gowdh101","kellg101","frisf101","lindf101","jackt101","meusi101","soutb101","younr101","wilsj105","willc103","wrigr102","64(1)/FO","F","F",6,7,2,"T","T",0,"F","F",1,"F","F",0,"F","F",6,"G","F","F","",0,0,"N",0,"N",0,"N",1,0,2,3,"","64","","","F","F","F","F","F","F","F","F","F","greek101","greek101","greek101","F","F","F","F","F","","","","",0,4,0,0,6,0,0,0,0,66,"PHI","PHI","NY1",1,"F","T",8,2,1,33,6,"T","F",7,7,"T","T","hubec101","ringj101","F","F",2,6,65,0,3,62,0,2,60,"gowdh101","gowdh101","gowdh101",0,0,0,0,0,0,0,0,0,0,0,0,0,"jackt101","T","F","F","F",1,0,2,3,0,0,0,0,0,0,F,F,"1925PHI.EVN.regular.event.csv",842
"PHI192505070","NY1",7,0,0,0,0,"",2,8,"soutb101","?","soutb101","?","ringj101","?","ringj101","?","wilsj105","hawkc101","wrigr102","hubec101","sandh101","burng101","mokaj101","willc103","","","","7/F","T","F",8,1,2,"T","T",0,"F","F",1,"F","F",0,"F","F",7,"F","F","F","",0,0,"N",0,"N",0,"N",0,0,0,0,"7","","","","F","F","F","F","F","F","F","F","F","","","","F","F","F","F","F","","","","",0,7,0,0,0,0,0,0,0,67,"PHI","NY1","PHI",0,"T","F",2,8,0,27,0,"T","F",0,0,"T","T","frisf101","younr101","T","T",0,0,0,0,0,0,0,0,0,"","","",0,0,0,0,0,0,0,0,0,0,0,0,0,"burng101","F","F","F","F",0,0,0,0,0,0,0,0,0,0,F,F,"1925PHI.EVN.regular.event.csv",843
"PHI192505070","NY1",7,0,1,0,0,"",2,8,"frisf101","?","frisf101","?","ringj101","?","ringj101","?","wilsj105","hawkc101","wrigr102","hubec101","sandh101","burng101","mokaj101","willc103","","","","K23","F","F",4,2,3,"T","T",0,"F","F",1,"F","F",0,"F","F",0,"","F","F","",0,0,"N",0,"N",0,"N",0,0,0,0,"23","","","","F","F","F","F","F","F","F","F","F","","","","F","F","F","F","F","","","","",0,3,0,0,2,0,0,0,0,68,"PHI","NY1","PHI",0,"F","F",2,8,0,28,1,"T","F",0,0,"T","T","younr101","kellg101","T","T",0,0,0,0,0,0,0,0,0,"","","",0,0,0,0,0,0,0,0,0,0,0,0,0,"","F","F","F","F",0,0,0,0,0,0,0,0,0,0,F,F,"1925PHI.EVN.regular.event.csv",844
"PHI192505070","NY1",7,0,2,0,0,"",2,8,"younr101","?","younr101","?","ringj101","?","ringj101","?","wilsj105","hawkc101","wrigr102","hubec101","sandh101","burng101","mokaj101","willc103","","","","S7","F","F",9,3,20,"T","T",1,"F","F",0,"F","F",0,"F","F",7,"","F","F","",0,0,"N",0,"N",0,"N",1,0,0,0,"","","","","F","F","F","F","F","F","F","F","F","","","","F","F","F","F","F","","","","",0,0,0,0,0,0,0,0,0,69,"PHI","NY1","PHI",0,"F","F",2,8,0,29,2,"T","F",0,1,"T","T","kellg101","lindf101","T","T",0,0,0,0,0,0,0,0,0,"","","",0,0,0,0,0,0,0,0,0,0,0,0,0,"burng101","F","F","F","F",0,0,0,0,0,0,0,0,0,0,F,F,"1925PHI.EVN.regular.event.csv",845
"PHI192505070","NY1",7,0,2,0,0,"",2,8,"kellg101","?","kellg101","?","ringj101","?","ringj101","?","wilsj105","hawkc101","wrigr102","hubec101","sandh101","burng101","mokaj101","willc103","younr101","","","W.1-2","F","F",3,4,14,"T","F",0,"F","F",0,"F","F",0,"F","F",0,"","F","F","",0,0,"N",0,"N",0,"N",1,2,0,0,"","","","","F","F","F","F","F","F","F","F","F","ringj101","","","F","F","F","F","F","","","","",0,0,0,0,0,0,0,0,0,70,"PHI","NY1","PHI",0,"F","F",2,8,0,30,3,"T","F",1,3,"T","T","lindf101","meusi101","T","T",9,3,69,0,0,0,0,0,0,"wilsj105","","",0,0,0,0,0,0,0,0,0,0,0,0,0,"","F","F","F","F",0,0,0,0,0,0,0,0,0,0,F,F,"1925PHI.EVN.regular.event.csv",846
"PHI192505070","NY1",7,0,2,0,0,"",2,8,"lindf101","?","lindf101","?","ringj101","?","ringj101","?","wilsj105","hawkc101","wrigr102","hubec101","sandh101","burng101","mokaj101","willc103","kellg101","younr101","","3/G","F","F",5,5,2,"T","T",0,"F","F",1,"F","F",0,"F","F",3,"G","F","F","",0,0,"N",0,"N",0,"N",0,1,2,0,"3","","","","F","F","F","F","F","F","F","F","F","ringj101","ringj101","","F","F","F","F","F","","","","",0,3,0,0,0,0,0,0,0,71,"PHI","NY1","PHI",0,"F","T",2,8,0,31,4,"T","F",3,3,"T","T","meusi101","jackt101","T","T",3,4,70,9,3,69,0,0,0,"wilsj105","wilsj105","",0,0,0,0,0,0,0,0,0,0,0,0,0,"hawkc101","F","F","F","F",0,0,0,0,0,0,0,0,0,0,F,F,"1925PHI.EVN.regular.event.csv",847
"PHI192505070","NY1",7,1,0,0,0,"",2,8,"hubec101","?","hubec101","?","greek101","?","greek101","?","gowdh101","kellg101","frisf101","lindf101","jackt101","meusi101","soutb101","younr101","","","","S8","T","F",5,8,20,"T","T",1,"F","F",0,"F","F",0,"F","F",8,"","F","F","",0,0,"N",0,"N",0,"N",1,0,0,0,"","","","","F","F","F","F","F","F","F","F","F","","","","F","F","F","F","F","","","","",0,0,0,0,0,0,0,0,0,72,"PHI","PHI","NY1",1,"T","F",8,2,0,34,0,"T","F",0,1,"T","T","ringj101","burng101","F","F",0,0,0,0,0,0,0,0,0,"","","",0,0,0,0,0,0,0,0,0,0,0,0,0,"soutb101","F","F","F","F",0,0,0,0,0,0,0,0,0,0,F,F,"1925PHI.EVN.regular.event.csv",848
"PHI192505070","NY1",7,1,0,0,0,"",2,8,"ringj101","?","ringj101","?","greek101","?","greek101","?","gowdh101","kellg101","frisf101","lindf101","jackt101","meusi101","soutb101","younr101","hubec101","","","13/SH.1-2","F","F",1,9,2,"T","F",0,"T","F",1,"F","F",0,"F","F",1,"G","T","F","",0,0,"N",0,"N",0,"N",0,2,0,0,"13","","","","F","F","F","F","F","F","F","F","F","greek101","","","F","F","F","F","F","","","","",0,3,0,0,1,0,0,0,0,73,"PHI","PHI","NY1",1,"F","F",8,2,0,35,1,"T","F",1,2,"T","T","burng101","wrigr102","F","F",5,8,72,0,0,0,0,0,0,"gowdh101","","",0,0,0,0,0,0,0,0,0,0,0,0,0,"greek101","F","F","F","F",0,0,0,0,0,0,0,0,0,0,F,F,"1925PHI.EVN.regular.event.csv",849
"PHI192505070","NY1",7,1,1,0,0,"",2,8,"burng101","?","burng101","?","greek101","?","greek101","?","gowdh101","kellg101","frisf101","lindf101","jackt101","meusi101","soutb101","younr101","","hubec101","","K","F","F",7,1,3,"T","T",0,"F","F",1,"F","F",0,"F","F",0,"","F","F","",0,0,"N",0,"N",0,"N",0,0,2,0,"2","","","","F","F","F","F","F","F","F","F","F","","greek101","","F","F","F","F","F","","","","",0,2,0,0,0,0,0,0,0,74,"PHI","PHI","NY1",1,"F","F",8,2,0,36,2,"T","F",2,2,"T","T","wrigr102","willc103","F","F",0,0,0,5,8,72,0,0,0,"","gowdh101","",0,0,0,0,0,0,0,0,0,0,0,0,0,"","F","F","F","F",0,0,0,0,0,0,0,0,0,0,F,F,"1925PHI.EVN.regular.event.csv",850
"PHI192505070","NY1",7,1,2,0,0,"",2,8,"wrigr102","?","wrigr102","?","greek101","?","greek101","?","gowdh101","kellg101","frisf101","lindf101","jackt101","meusi101","soutb101","younr101","","hubec101","","3/G","F","F",4,2,2,"T","T",0,"F","F",1,"F","F",0,"F","F",3,"G","F","F","",0,0,"N",0,"N",0,"N",0,0,2,0,"3","","","","F","F","F","F","F","F","F","F","F","","greek101","","F","F","F","F","F","","","","",0,3,0,0,0,0,0,0,0,75,"PHI","PHI","NY1",1,"F","T",8,2,0,37,3,"T","F",2,2,"F","F","willc103","mokaj101","F","F",0,0,0,5,8,72,0,0,0,"","gowdh101","",0,0,0,0,0,0,0,0,0,0,0,0,0,"kellg101","F","F","F","F",0,0,0,0,0,0,0,0,0,0,F,F,"1925PHI.EVN.regular.event.csv",851
"PHI192505070","NY1",8,0,0,0,0,"",2,8,"meusi101","?","meusi101","?","ringj101","?","ringj101","?","wilsj105","hawkc101","wrigr102","hubec101","sandh101","burng101","mokaj101","willc103","","","","13","T","F",7,6,2,"T","T",0,"F","F",1,"F","F",0,"F","F",1,"G","F","F","",0,0,"N",0,"N",0,"N",0,0,0,0,"13","","","","F","F","F","F","F","F","F","F","F","","","","F","F","F","F","F","","","","",0,3,0,0,1,0,0,0,0,76,"PHI","NY1","PHI",0,"T","F",2,8,0,32,0,"T","F",0,0,"T","T","jackt101","gowdh101","T","T",0,0,0,0,0,0,0,0,0,"","","",0,0,0,0,0,0,0,0,0,0,0,0,0,"ringj101","F","F","F","F",0,0,0,0,0,0,0,0,0,0,F,F,"1925PHI.EVN.regular.event.csv",852
"PHI192505070","NY1",8,0,1,0,0,"",2,8,"jackt101","?","jackt101","?","ringj101","?","ringj101","?","wilsj105","hawkc101","wrigr102","hubec101","sandh101","burng101","mokaj101","willc103","","","","53","F","F",6,7,2,"T","T",0,"F","F",1,"F","F",0,"F","F",5,"G","F","F","",0,0,"N",0,"N",0,"N",0,0,0,0,"53","","","","F","F","F","F","F","F","F","F","F","","","","F","F","F","F","F","","","","",0,3,0,0,5,0,0,0,0,77,"PHI","NY1","PHI",0,"F","F",2,8,0,33,1,"T","F",0,0,"T","T","gowdh101","greek101","T","T",0,0,0,0,0,0,0,0,0,"","","",0,0,0,0,0,0,0,0,0,0,0,0,0,"hubec101","F","F","F","F",0,0,0,0,0,0,0,0,0,0,F,F,"1925PHI.EVN.regular.event.csv",853
"PHI192505070","NY1",8,0,2,0,0,"",2,8,"gowdh101","?","gowdh101","?","ringj101","?","ringj101","?","wilsj105","hawkc101","wrigr102","hubec101","sandh101","burng101","mokaj101","willc103","","","","S8","F","F",2,8,20,"T","T",1,"F","F",0,"F","F",0,"F","F",8,"","F","F","",0,0,"N",0,"N",0,"N",1,0,0,0,"","","","","F","F","F","F","F","F","F","F","F","","","","F","F","F","F","F","","","","",0,0,0,0,0,0,0,0,0,78,"PHI","NY1","PHI",0,"F","F",2,8,0,34,2,"T","F",0,1,"T","T","greek101","soutb101","T","T",0,0,0,0,0,0,0,0,0,"","","",0,0,0,0,0,0,0,0,0,0,0,0,0,"mokaj101","F","F","F","F",1,0,0,0,0,0,0,0,0,0,F,F,"1925PHI.EVN.regular.event.csv",854
"PHI192505070","NY1",8,0,2,0,0,"",2,8,"bentj101","?","bentj101","?","ringj101","?","ringj101","?","wilsj105","hawkc101","wrigr102","hubec101","sandh101","burng101","mokaj101","willc103","gowdh101","","","3/P","F","T",11,9,2,"T","T",0,"F","F",1,"F","F",0,"F","F",3,"P","F","F","",0,0,"N",0,"N",0,"N",0,1,0,0,"3","","","","F","F","F","F","F","F","F","F","F","ringj101","","","F","F","F","F","F","","","","greek101",1,3,0,0,0,0,0,0,0,79,"PHI","NY1","PHI",0,"F","T",2,8,0,35,3,"T","F",1,1,"F","F","soutb101","frisf101","T","T",2,8,78,0,0,0,0,0,0,"wilsj105","","",0,0,0,0,0,0,0,0,0,0,0,0,0,"hawkc101","F","F","F","F",0,1,0,0,0,0,0,0,0,0,F,F,"1925PHI.EVN.regular.event.csv",855
"PHI192505070","NY1",8,1,0,0,0,"",2,8,"willc103","?","willc103","?","huntw101","?","huntw101","?","gowdh101","kellg101","frisf101","lindf101","jackt101","meusi101","soutb101","younr101","","","","S7/G","T","F",9,3,20,"T","T",1,"F","F",0,"F","F",0,"F","F",7,"G","F","F","",0,0,"N",0,"N",0,"N",1,0,0,0,"","","","","F","F","F","F","F","F","F","F","F","","","","F","F","F","F","F","","","","",0,0,0,0,0,0,0,0,0,80,"PHI","PHI","NY1",1,"T","F",8,2,0,38,0,"T","F",0,1,"F","F","mokaj101","hawkc101","F","F",0,0,0,0,0,0,0,0,0,"","","",0,0,0,0,0,0,0,0,0,0,0,0,0,"meusi101","F","F","F","F",0,0,0,0,0,0,0,0,0,0,F,F,"1925PHI.EVN.regular.event.csv",856
"PHI192505070","NY1",8,1,0,0,0,"",2,8,"mokaj101","?","mokaj101","?","huntw101","?","huntw101","?","gowdh101","kellg101","frisf101","lindf101","jackt101","meusi101","soutb101","younr101","willc103","","","S8.1-2","F","F",8,4,20,"T","T",1,"F","F",0,"F","F",0,"F","F",8,"","F","F","",0,0,"N",0,"N",0,"N",1,2,0,0,"","","","","F","F","F","F","F","F","F","F","F","huntw101","","","F","F","F","F","F","","","","",0,0,0,0,0,0,0,0,0,81,"PHI","PHI","NY1",1,"F","F",8,2,0,39,1,"T","F",1,3,"T","T","hawkc101","wilsj105","F","F",9,3,80,0,0,0,0,0,0,"gowdh101","","",0,0,0,0,0,0,0,0,0,0,0,0,0,"soutb101","F","F","F","F",0,0,0,0,0,0,0,0,0,0,F,F,"1925PHI.EVN.regular.event.csv",857
"PHI192505070","NY1",8,1,0,0,0,"",2,8,"hawkc101","?","hawkc101","?","huntw101","?","huntw101","?","gowdh101","kellg101","frisf101","lindf101","jackt101","meusi101","soutb101","younr101","mokaj101","willc103","","4(1)3/GDP.2-3","F","F",3,5,2,"T","T",0,"F","F",2,"T","F",0,"F","F",4,"G","F","F","",0,0,"N",0,"N",0,"N",0,0,3,0,"43","4","","","F","F","F","F","F","F","F","F","F","huntw101","huntw101","","F","F","F","F","F","","","","",0,4,3,0,4,0,0,0,0,82,"PHI","PHI","NY1",1,"F","F",8,2,0,40,2,"T","F",3,4,"T","T","wilsj105","sandh101","F","F",8,4,81,9,3,80,0,0,0,"gowdh101","gowdh101","",0,0,0,0,0,0,0,0,0,0,0,0,0,"frisf101","T","F","F","F",0,0,0,0,0,0,0,0,0,0,F,F,"1925PHI.EVN.regular.event.csv",858
"PHI192505070","NY1",8,1,2,0,0,"",2,8,"wilsj105","?","wilsj105","?","huntw101","?","huntw101","?","gowdh101","kellg101","frisf101","lindf101","jackt101","meusi101","soutb101","younr101","","","willc103","8/F","F","F",2,6,2,"T","T",0,"F","F",1,"F","F",0,"F","F",8,"F","F","F","",0,0,"N",0,"N",0,"N",0,0,0,3,"8","","","","F","F","F","F","F","F","F","F","F","","","huntw101","F","F","F","F","F","","","","",0,8,0,0,0,0,0,0,0,83,"PHI","PHI","NY1",1,"F","T",8,2,0,41,3,"T","F",4,4,"T","T","sandh101","hubec101","F","F",0,0,0,0,0,0,9,3,80,"","","gowdh101",0,0,0,0,0,0,0,0,0,0,0,0,0,"soutb101","F","F","F","F",0,0,0,0,0,0,0,0,0,0,F,F,"1925PHI.EVN.regular.event.csv",859
"PHI192505070","NY1",9,0,0,0,0,"",2,8,"soutb101","?","soutb101","?","ringj101","?","ringj101","?","wilsj105","hawkc101","wrigr102","hubec101","sandh101","burng101","mokaj101","willc103","","","","7/F","T","F",8,1,2,"T","T",0,"F","F",1,"F","F",0,"F","F",7,"F","F","F","",0,0,"N",0,"N",0,"N",0,0,0,0,"7","","","","F","F","F","F","F","F","F","F","F","","","","F","F","F","F","F","","","","",0,7,0,0,0,0,0,0,0,84,"PHI","NY1","PHI",0,"T","F",2,8,0,36,0,"T","F",0,0,"T","T","frisf101","younr101","T","T",0,0,0,0,0,0,0,0,0,"","","",0,0,0,0,0,0,0,0,0,0,0,0,0,"burng101","F","F","F","F",0,0,0,0,9,0,0,0,0,0,F,F,"1925PHI.EVN.regular.event.csv",860
"PHI192505070","NY1",9,0,1,0,0,"",2,8,"frisf101","?","frisf101","?","ringj101","?","ringj101","?","wilsj105","hawkc101","wrigr102","hubec101","sandh101","burng101","mokaj101","willc103","","","","D9/F9DW","F","F",4,2,21,"T","T",2,"F","F",0,"F","F",0,"F","F",9,"F","F","F","9DW",0,0,"N",0,"N",0,"N",2,0,0,0,"","","","","F","F","F","F","F","F","F","F","F","","","","F","F","F","F","F","","","","",0,0,0,0,0,0,0,0,0,85,"PHI","NY1","PHI",0,"F","F",2,8,0,37,1,"T","F",0,2,"T","T","younr101","kellg101","T","T",0,0,0,0,0,0,0,0,0,"","","",0,0,0,0,0,0,0,0,0,0,0,0,0,"willc103","F","F","F","F",4,0,0,0,9,0,0,0,0,0,F,F,"1925PHI.EVN.regular.event.csv",861
"PHI192505070","NY1",9,0,1,0,0,"",2,8,"younr101","?","younr101","?","ringj101","?","ringj101","?","wilsj105","hawkc101","wrigr102","hubec101","sandh101","burng101","mokaj101","willc103","","frisf101","","S8/L.2-H","F","F",9,3,20,"T","T",1,"F","F",0,"F","F",1,"F","F",8,"L","F","F","",0,0,"N",0,"N",0,"N",1,0,4,0,"","","","","F","F","F","F","F","F","F","F","F","","ringj101","","F","F","F","F","F","","","","",0,0,0,0,0,0,0,0,0,86,"PHI","NY1","PHI",0,"F","F",2,8,0,38,2,"T","F",2,1,"T","T","kellg101","lindf101","T","T",0,0,0,4,2,85,0,0,0,"","wilsj105","",0,0,0,0,0,0,0,0,0,0,0,0,1,"mokaj101","F","F","F","F",4,0,4,0,8,0,0,0,0,0,F,F,"1925PHI.EVN.regular.event.csv",862
"PHI192505070","NY1",9,0,1,0,0,"",3,8,"kellg101","?","kellg101","?","ringj101","?","ringj101","?","wilsj105","hawkc101","wrigr102","hubec101","sandh101","burng101","mokaj101","willc103","younr101","","","S9/F9DW.1-2","F","F",3,4,20,"T","T",1,"F","F",0,"F","F",0,"F","F",9,"F","F","F","9DW",0,0,"N",0,"N",0,"N",1,2,0,0,"","","","","F","F","F","F","F","F","F","F","F","ringj101","","","F","F","F","F","F","","","","",0,0,0,0,0,0,0,0,0,87,"PHI","NY1","PHI",0,"F","F",3,8,1,39,3,"T","F",1,3,"T","T","lindf101","meusi101","T","T",9,3,86,0,0,0,0,0,0,"wilsj105","","",0,0,0,0,0,0,0,0,0,0,0,0,0,"willc103","F","F","F","F",4,4,0,0,8,0,0,0,0,0,F,F,"1925PHI.EVN.regular.event.csv",863
"PHI192505070","NY1",9,0,1,0,0,"",3,8,"lindf101","?","lindf101","?","ringj101","?","ringj101","?","wilsj105","hawkc101","wrigr102","hubec101","sandh101","burng101","mokaj101","willc103","kellg101","younr101","","S9/F9DW.2-H;1-2","F","F",5,5,20,"T","T",1,"F","F",0,"F","F",1,"F","F",9,"F","F","F","9DW",0,0,"N",0,"N",0,"N",1,2,4,0,"","","","","F","F","F","F","F","F","F","F","F","ringj101","ringj101","","F","F","F","F","F","","","","",0,0,0,0,0,0,0,0,0,88,"PHI","NY1","PHI",0,"F","F",3,8,1,40,4,"T","F",3,3,"T","T","meusi101","jackt101","T","T",3,4,87,9,3,86,0,0,0,"wilsj105","wilsj105","",0,0,0,0,0,0,0,0,0,0,0,0,1,"willc103","F","F","F","F",4,4,4,0,7,0,0,0,0,0,F,F,"1925PHI.EVN.regular.event.csv",864
"PHI192505070","NY1",9,0,1,0,0,"",4,8,"meusi101","?","meusi101","?","ringj101","?","ringj101","?","wilsj105","hawkc101","wrigr102","hubec101","sandh101","burng101","mokaj101","willc103","lindf101","kellg101","","S9/F9DW.2-3;1-2","F","F",7,6,20,"T","T",1,"F","F",0,"F","F",0,"F","F",9,"F","F","F","9DW",0,0,"N",0,"N",0,"N",1,2,3,0,"","","","","F","F","F","F","F","F","F","F","F","ringj101","ringj101","","F","F","F","F","F","","","","",0,0,0,0,0,0,0,0,0,89,"PHI","NY1","PHI",0,"F","F",4,8,2,41,5,"T","F",3,7,"T","T","jackt101","gowdh101","T","T",5,5,88,3,4,87,0,0,0,"wilsj105","wilsj105","",0,0,0,0,0,0,0,0,0,0,0,0,0,"willc103","F","F","F","F",4,4,4,0,7,0,0,0,0,0,F,F,"1925PHI.EVN.regular.event.csv",865
"PHI192505070","NY1",9,0,1,2,0,"BBX",4,8,"jackt101","?","jackt101","?","decaa101","?","decaa101","?","wilsj105","hawkc101","wrigr102","hubec101","sandh101","burng101","mokaj101","willc103","meusi101","lindf101","kellg101","S7/L78.3-H;2-3;1-2","F","F",6,7,20,"T","T",1,"F","F",0,"F","F",1,"F","F",7,"L","F","F","78",0,0,"N",0,"N",0,"N",1,2,3,4,"","","","","F","F","F","F","F","F","F","F","F","ringj101","ringj101","ringj101","F","F","F","F","F","","","","",0,0,0,0,0,0,0,0,0,90,"PHI","NY1","PHI",0,"F","F",4,8,2,42,6,"T","F",7,7,"T","T","gowdh101","huntw101","F","F",7,6,89,5,5,88,3,4,87,"wilsj105","wilsj105","wilsj105",2,2,0,0,0,0,1,0,0,0,1,0,1,"burng101","F","F","F","F",4,4,4,4,6,0,0,0,0,0,F,F,"1925PHI.EVN.regular.event.csv",866
"PHI192505070","NY1",9,0,1,0,2,"",5,8,"terrb101","?","terrb101","?","decaa101","?","decaa101","?","wilsj105","hawkc101","wrigr102","hubec101","sandh101","burng101","mokaj101","willc103","jackt101","meusi101","lindf101","S9/G4.3-H;2-H;1-3","F","T",11,8,20,"T","T",1,"F","F",0,"F","F",2,"F","F",9,"G","F","F","4",0,0,"N",0,"N",0,"N",1,3,4,4,"","","","","F","F","F","F","F","F","F","F","F","decaa101","ringj101","ringj101","F","F","F","F","F","","","","gowdh101",2,0,0,0,0,0,0,0,0,91,"PHI","NY1","PHI",0,"F","F",5,8,3,43,7,"T","F",7,5,"F","F","huntw101","soutb101","F","F",6,7,90,7,6,89,5,5,88,"wilsj105","wilsj105","wilsj105",0,0,0,0,0,0,0,0,0,0,0,0,2,"willc103","F","F","F","F",4,4,4,4,4,0,0,0,0,0,F,F,"1925PHI.EVN.regular.event.csv",867
"PHI192505070","NY1",9,0,1,0,2,"",7,8,"wilsh102","?","wilsh102","?","decaa101","?","decaa101","?","wilsj105","hawkc101","wrigr102","hubec101","sandh101","burng101","mokaj101","willc103","devim101","","jackt101","HR/F9D.3-H;1-H","F","T",11,9,23,"T","T",4,"F","F",0,"F","F",3,"F","F",0,"F","F","F","9D",0,0,"N",0,"N",0,"N",4,4,0,4,"","","","","F","F","F","F","F","F","F","F","F","decaa101","","decaa101","F","F","T","F","F","terrb101","","","huntw101",1,0,0,0,0,0,0,0,0,92,"PHI","NY1","PHI",0,"F","F",7,8,5,44,8,"T","F",5,0,"F","F","soutb101","frisf101","F","F",12,8,91,0,0,0,6,7,90,"wilsj105","","wilsj105",0,0,0,0,0,0,0,0,0,0,0,0,3,"","F","F","F","F",4,4,0,4,1,0,0,0,0,0,F,F,"1925PHI.EVN.regular.event.csv",868
"PHI192505070","NY1",9,0,1,0,0,"",10,8,"soutb101","?","soutb101","?","coucj101","?","coucj101","?","wilsj105","hawkc101","wrigr102","hubec101","sandh101","burng101","mokaj101","willc103","","","","D/F89XDW","F","F",8,1,21,"T","T",2,"F","F",0,"F","F",0,"F","F",0,"F","F","F","89XDW",0,0,"N",0,"N",0,"N",2,0,0,0,"","","","","F","F","F","F","F","F","F","F","F","","","","F","F","F","F","F","","","","",0,0,0,0,0,0,0,0,0,93,"PHI","NY1","PHI",0,"F","F",10,8,8,45,9,"T","F",0,2,"T","T","frisf101","younr101","F","F",0,0,0,0,0,0,0,0,0,"","","",0,0,0,0,0,0,0,0,0,0,0,0,0,"","F","F","F","F",4,0,0,0,1,0,0,0,0,0,F,F,"1925PHI.EVN.regular.event.csv",869
"PHI192505070","NY1",9,0,1,0,0,"",10,8,"frisf101","?","frisf101","?","coucj101","?","coucj101","?","wilsj105","hawkc101","wrigr102","hubec101","sandh101","burng101","mokaj101","willc103","","soutb101","","8/F8XD.2-3","F","F",4,2,2,"T","T",0,"F","F",1,"F","F",0,"F","F",8,"F","F","F","8XD",0,0,"N",0,"N",0,"N",0,0,3,0,"8","","","","F","F","F","F","F","F","F","F","F","","coucj101","","F","F","F","F","F","","","","",0,8,0,0,0,0,0,0,0,94,"PHI","NY1","PHI",0,"F","F",10,8,8,46,10,"T","F",2,4,"T","T","younr101","kellg101","F","F",0,0,0,8,1,93,0,0,0,"","wilsj105","",0,0,0,0,0,0,0,0,0,0,0,0,0,"mokaj101","F","F","F","F",0,0,4,0,1,0,0,0,0,0,F,F,"1925PHI.EVN.regular.event.csv",870
"PHI192505070","NY1",9,0,2,0,0,"",10,8,"younr101","?","younr101","?","coucj101","?","coucj101","?","wilsj105","hawkc101","wrigr102","hubec101","sandh101","burng101","mokaj101","willc103","","","soutb101","S7.3-H","F","F",9,3,20,"T","T",1,"F","F",0,"F","F",1,"F","F",7,"","F","F","",0,0,"N",0,"N",0,"N",1,0,0,4,"","","","","F","F","F","F","F","F","F","F","F","","","coucj101","F","F","F","F","F","","","","",0,0,0,0,0,0,0,0,0,95,"PHI","NY1","PHI",0,"F","F",10,8,8,47,11,"T","F",4,1,"T","T","kellg101","lindf101","F","F",0,0,0,0,0,0,8,1,93,"","","wilsj105",0,0,0,0,0,0,0,0,0,0,0,0,1,"burng101","F","F","F","F",3,0,0,4,0,0,0,0,0,0,F,F,"1925PHI.EVN.regular.event.csv",871
"PHI192505070","NY1",9,0,2,0,0,"",11,8,"kellg101","?","kellg101","?","coucj101","?","coucj101","?","wilsj105","hawkc101","wrigr102","hubec101","sandh101","burng101","mokaj101","willc103","younr101","","","S9.1-3","F","F",3,4,20,"T","T",1,"F","F",0,"F","F",0,"F","F",9,"","F","F","",0,0,"N",0,"N",0,"N",1,3,0,0,"","","","","F","F","F","F","F","F","F","F","F","coucj101","","","F","F","F","F","F","","","","",0,0,0,0,0,0,0,0,0,96,"PHI","NY1","PHI",0,"F","F",11,8,9,48,12,"T","F",1,5,"T","T","lindf101","meusi101","F","F",9,3,95,0,0,0,0,0,0,"wilsj105","","",0,0,0,0,0,0,0,0,0,0,0,0,0,"willc103","F","F","F","F",0,3,0,0,0,0,0,0,0,0,F,F,"1925PHI.EVN.regular.event.csv",872
"PHI192505070","NY1",9,0,2,0,0,"",11,8,"lindf101","?","lindf101","?","pierr101","?","pierr101","?","wilsj105","hawkc101","wrigr102","hubec101","sandh101","burng101","mokaj101","willc103","kellg101","","younr101","46(1)/FO","F","F",5,5,2,"T","T",0,"F","F",1,"F","F",0,"F","F",4,"G","F","F","",0,0,"N",0,"N",0,"N",1,0,0,3,"","46","","","F","F","F","F","F","F","F","F","F","coucj101","","coucj101","F","F","F","F","F","","","","",0,6,0,0,4,0,0,0,0,97,"PHI","NY1","PHI",0,"F","T",11,8,9,49,13,"T","F",5,5,"T","T","meusi101","jackt101","F","F",3,4,96,0,0,0,9,3,95,"wilsj105","","wilsj105",0,0,0,0,0,0,0,0,0,0,0,0,0,"wrigr102","T","F","F","F",1,0,0,3,0,0,0,0,0,0,F,F,"1925PHI.EVN.regular.event.csv",873
"PHI192505070","NY1",9,1,0,0,0,"",11,8,"sandh101","?","sandh101","?","scotj101","?","scotj101","?","hartg102","kellg101","frisf101","lindf101","jackt101","meusi101","soutb101","younr101","","","","43","T","F",6,7,2,"T","T",0,"F","F",1,"F","F",0,"F","F",4,"G","F","F","",0,0,"N",0,"N",0,"N",0,0,0,0,"43","","","","F","F","F","F","F","F","F","F","F","","","","F","F","F","F","F","","","","",0,3,0,0,4,0,0,0,0,98,"PHI","PHI","NY1",1,"T","F",8,11,0,42,0,"T","F",0,0,"T","T","hubec101","pierr101","F","F",0,0,0,0,0,0,0,0,0,"","","",0,0,0,0,0,0,0,0,0,0,0,0,0,"frisf101","F","F","F","F",0,0,0,0,0,0,0,0,0,0,F,F,"1925PHI.EVN.regular.event.csv",874
"PHI192505070","NY1",9,1,1,0,0,"",11,8,"hubec101","?","hubec101","?","scotj101","?","scotj101","?","hartg102","kellg101","frisf101","lindf101","jackt101","meusi101","soutb101","younr101","","","","D7","F","F",5,8,21,"T","T",2,"F","F",0,"F","F",0,"F","F",7,"","F","F","",0,0,"N",0,"N",0,"N",2,0,0,0,"","","","","F","F","F","F","F","F","F","F","F","","","","F","F","F","F","F","","","","",0,0,0,0,0,0,0,0,0,99,"PHI","PHI","NY1",1,"F","F",8,11,0,43,1,"T","F",0,2,"T","T","pierr101","burng101","F","F",0,0,0,0,0,0,0,0,0,"","","",0,0,0,0,0,0,0,0,0,0,0,0,0,"meusi101","F","F","F","F",2,0,0,0,0,0,0,0,0,0,F,F,"1925PHI.EVN.regular.event.csv",875
"PHI192505070","NY1",9,1,1,0,0,"",11,8,"harpg101","?","harpg101","?","scotj101","?","scotj101","?","hartg102","kellg101","frisf101","lindf101","jackt101","meusi101","soutb101","younr101","","hubec101","","9/F","F","T",11,9,2,"T","T",0,"F","F",1,"F","F",0,"F","F",9,"F","F","F","",0,0,"N",0,"N",0,"N",0,0,2,0,"9","","","","F","F","F","F","F","F","F","F","F","","scotj101","","F","F","F","F","F","","","","pierr101",1,9,0,0,0,0,0,0,0,100,"PHI","PHI","NY1",1,"F","F",8,11,0,44,2,"T","F",2,2,"F","F","burng101","wrigr102","F","F",0,0,0,5,8,99,0,0,0,"","hartg102","",0,0,0,0,0,0,0,0,0,0,0,0,0,"younr101","F","F","F","F",0,0,2,0,0,0,0,0,0,0,F,F,"1925PHI.EVN.regular.event.csv",876
"PHI192505070","NY1",9,1,2,0,0,"",11,8,"holkw101","?","holkw101","?","scotj101","?","scotj101","?","hartg102","kellg101","frisf101","lindf101","jackt101","meusi101","soutb101","younr101","","hubec101","","K","F","T",11,1,3,"T","T",0,"F","F",1,"F","F",0,"F","F",0,"","F","F","",0,0,"N",0,"N",0,"N",0,0,2,0,"2","","","","F","F","F","F","F","F","F","F","F","","scotj101","","F","T","F","F","F","","","","burng101",7,2,0,0,0,0,0,0,0,101,"PHI","PHI","NY1",1,"F","T",8,11,0,45,3,"T","F",2,2,"F","F","wrigr102","willc103","F","F",0,0,0,5,8,99,0,0,0,"","hartg102","",0,0,0,0,0,0,0,0,0,0,0,0,0,"","F","F","F","F",0,0,2,0,0,0,0,0,0,0,F,F,"1925PHI.EVN.regular.event.csv",877
"PHI192505080","PIT",1,0,0,0,0,"",0,0,"carem101","?","carem101","?","carlh101","?","carlh101","?","henlb101","hawkc101","fonsl101","hubec101","sandh101","burng101","harpg101","willc103","","","","S9/L+","T","F",8,1,20,"T","T",1,"F","F",0,"F","F",0,"F","F",9,"L","F","F","",0,0,"N",0,"N",0,"N",1,0,0,0,"","","","","F","F","F","F","F","F","F","F","F","","","","T","F","F","F","F","","","","",0,0,0,0,0,0,0,0,0,1,"PHI","PIT","PHI",0,"T","F",0,0,0,0,0,"T","F",0,1,"T","T","cuylk101","moore102","T","T",0,0,0,0,0,0,0,0,0,"","","",0,0,0,0,0,0,0,0,0,0,0,0,0,"willc103","F","F","F","F",4,0,0,0,1,0,0,0,0,0,F,F,"1925PHI.EVN.regular.event.csv",878
"PHI192505080","PIT",1,0,0,0,0,"",0,0,"cuylk101","?","cuylk101","?","carlh101","?","carlh101","?","henlb101","hawkc101","fonsl101","hubec101","sandh101","burng101","harpg101","willc103","carem101","","","8/F","F","F",9,2,2,"T","T",0,"F","F",1,"F","F",0,"F","F",8,"F","F","F","",0,0,"N",0,"N",0,"N",0,1,0,0,"8","","","","F","F","F","F","F","F","F","F","F","carlh101","","","F","F","F","F","F","","","","",0,8,0,0,0,0,0,0,0,2,"PHI","PIT","PHI",0,"F","F",0,0,0,1,1,"T","F",1,1,"T","T","moore102","barnc102","T","T",8,1,1,0,0,0,0,0,0,"henlb101","","",0,0,0,0,0,0,0,0,0,0,0,0,0,"harpg101","F","F","F","F",0,4,0,0,1,0,0,0,0,0,F,F,"1925PHI.EVN.regular.event.csv",879
"PHI192505080","PIT",1,0,1,0,0,"",0,0,"moore102","?","moore102","?","carlh101","?","carlh101","?","henlb101","hawkc101","fonsl101","hubec101","sandh101","burng101","harpg101","willc103","carem101","","","SB2","F","F",4,3,4,"F","F",0,"F","F",0,"F","F",0,"F","F",0,"","F","F","",0,0,"N",0,"N",0,"N",0,2,0,0,"","","","","T","F","F","F","F","F","F","F","F","carlh101","","","F","F","F","F","F","","","","",0,0,0,0,0,0,0,0,0,3,"PHI","PIT","PHI",0,"F","F",0,0,0,2,2,"T","F",1,2,"T","T","barnc102","trayp101","T","T",8,1,1,0,0,0,0,0,0,"henlb101","","",0,0,0,0,0,0,0,0,0,0,0,0,0,"","F","F","F","F",0,4,0,0,1,0,0,0,0,0,F,F,"1925PHI.EVN.regular.event.csv",880
"PHI192505080","PIT",1,0,1,0,0,"",0,0,"moore102","?","moore102","?","carlh101","?","carlh101","?","henlb101","hawkc101","fonsl101","hubec101","sandh101","burng101","harpg101","willc103","","carem101","","W","F","F",4,3,14,"T","F",0,"F","F",0,"F","F",0,"F","F",0,"","F","F","",0,0,"N",0,"N",0,"N",1,0,2,0,"","","","","F","F","F","F","F","F","F","F","F","","carlh101","","F","F","F","F","F","","","","",0,0,0,0,0,0,0,0,0,4,"PHI","PIT","PHI",0,"F","F",0,0,0,2,2,"F","F",2,3,"T","T","barnc102","trayp101","T","T",0,0,0,8,1,1,0,0,0,"","henlb101","",0,0,0,0,0,0,0,0,0,0,0,0,0,"","F","F","F","F",0,0,4,0,1,0,0,0,0,0,F,F,"1925PHI.EVN.regular.event.csv",881
"PHI192505080","PIT",1,0,1,0,0,"",0,0,"barnc102","?","barnc102","?","carlh101","?","carlh101","?","henlb101","hawkc101","fonsl101","hubec101","sandh101","burng101","harpg101","willc103","moore102","carem101","","5/P","F","F",7,4,2,"T","T",0,"F","F",1,"F","F",0,"F","F",5,"P","F","F","",0,0,"N",0,"N",0,"N",0,1,2,0,"5","","","","F","F","F","F","F","F","F","F","F","carlh101","carlh101","","F","F","F","F","F","","","","",0,5,0,0,0,0,0,0,0,5,"PHI","PIT","PHI",0,"F","F",0,0,0,3,3,"T","F",3,3,"T","T","trayp101","wrigg102","T","T",4,3,4,8,1,1,0,0,0,"henlb101","henlb101","",0,0,0,0,0,0,0,0,0,0,0,0,0,"hubec101","F","F","F","F",0,0,4,0,1,0,0,0,0,0,F,F,"1925PHI.EVN.regular.event.csv",882
"PHI192505080","PIT",1,0,2,0,0,"",0,0,"trayp101","?","trayp101","?","carlh101","?","carlh101","?","henlb101","hawkc101","fonsl101","hubec101","sandh101","burng101","harpg101","willc103","moore102","carem101","","S/78.2-H;1-2","F","F",5,5,20,"T","T",1,"F","F",0,"F","F",1,"F","F",0,"","F","F","78",0,0,"N",0,"N",0,"N",1,2,4,0,"","","","","F","F","F","F","F","F","F","F","F","carlh101","carlh101","","F","F","F","F","F","","","","",0,0,0,0,0,0,0,0,0,6,"PHI","PIT","PHI",0,"F","F",0,0,0,4,4,"T","F",3,3,"T","T","wrigg102","nieha101","T","T",4,3,4,8,1,1,0,0,0,"henlb101","henlb101","",0,0,0,0,0,0,0,0,0,0,0,0,1,"","F","F","F","F",0,0,4,0,0,0,0,0,0,0,F,F,"1925PHI.EVN.regular.event.csv",883
"PHI192505080","PIT",1,0,2,0,0,"",1,0,"wrigg102","?","wrigg102","?","carlh101","?","carlh101","?","henlb101","hawkc101","fonsl101","hubec101","sandh101","burng101","harpg101","willc103","trayp101","moore102","","7/F","F","F",6,6,2,"T","T",0,"F","F",1,"F","F",0,"F","F",7,"F","F","F","",0,0,"N",0,"N",0,"N",0,1,2,0,"7","","","","F","F","F","F","F","F","F","F","F","carlh101","carlh101","","F","F","F","F","F","","","","",0,7,0,0,0,0,0,0,0,7,"PHI","PIT","PHI",0,"F","T",1,0,1,5,5,"T","F",3,3,"T","T","nieha101","smite106","T","T",5,5,6,4,3,4,0,0,0,"henlb101","henlb101","",0,0,0,0,0,0,0,0,0,0,0,0,0,"burng101","F","F","F","F",0,0,0,0,0,0,0,0,0,0,F,F,"1925PHI.EVN.regular.event.csv",884
"PHI192505080","PIT",1,1,0,0,0,"",1,0,"burng101","?","burng101","?","meadl101","?","meadl101","?","smite106","nieha101","moore102","trayp101","wrigg102","barnc102","carem101","cuylk101","","","","S9/L+","T","F",7,1,20,"T","T",1,"F","F",0,"F","F",0,"F","F",9,"L","F","F","",0,0,"N",0,"N",0,"N",1,0,0,0,"","","","","F","F","F","F","F","F","F","F","F","","","","F","F","F","F","F","","","","",0,0,0,0,0,0,0,0,0,8,"PHI","PHI","PIT",1,"T","F",0,1,0,0,0,"T","F",0,1,"T","T","fonsl101","willc103","T","T",0,0,0,0,0,0,0,0,0,"","","",0,0,0,0,0,0,0,0,0,0,0,0,0,"cuylk101","F","F","F","F",4,0,0,0,5,0,0,0,0,0,F,F,"1925PHI.EVN.regular.event.csv",885
"PHI192505080","PIT",1,1,0,0,0,"",1,0,"fonsl101","?","fonsl101","?","meadl101","?","meadl101","?","smite106","nieha101","moore102","trayp101","wrigg102","barnc102","carem101","cuylk101","burng101","","","5/P/FL","F","F",4,2,2,"T","T",0,"F","F",1,"F","F",0,"F","F",5,"P","F","T","",0,0,"N",0,"N",0,"N",0,1,0,0,"5","","","","F","F","F","F","F","F","F","F","F","meadl101","","","F","F","F","F","F","","","","",0,5,0,0,0,0,0,0,0,9,"PHI","PHI","PIT",1,"F","F",0,1,0,1,1,"T","F",1,1,"T","T","willc103","harpg101","T","T",7,1,8,0,0,0,0,0,0,"smite106","","",0,0,0,0,0,0,0,0,0,0,0,0,0,"trayp101","F","F","F","F",0,4,0,0,5,0,0,0,0,0,F,F,"1925PHI.EVN.regular.event.csv",886
"PHI192505080","PIT",1,1,1,0,0,"",1,0,"willc103","?","willc103","?","meadl101","?","meadl101","?","smite106","nieha101","moore102","trayp101","wrigg102","barnc102","carem101","cuylk101","burng101","","","W.1-2","F","F",9,3,14,"T","F",0,"F","F",0,"F","F",0,"F","F",0,"","F","F","",0,0,"N",0,"N",0,"N",1,2,0,0,"","","","","F","F","F","F","F","F","F","F","F","meadl101","","","F","F","F","F","F","","","","",0,0,0,0,0,0,0,0,0,10,"PHI","PHI","PIT",1,"F","F",0,1,0,2,2,"T","F",1,3,"T","T","harpg101","hawkc101","T","T",7,1,8,0,0,0,0,0,0,"smite106","","",0,0,0,0,0,0,0,0,0,0,0,0,0,"","F","F","F","F",4,4,0,0,5,0,0,0,0,0,F,F,"1925PHI.EVN.regular.event.csv",887
"PHI192505080","PIT",1,1,1,0,0,"",1,0,"harpg101","?","harpg101","?","meadl101","?","meadl101","?","smite106","nieha101","moore102","trayp101","wrigg102","barnc102","carem101","cuylk101","willc103","burng101","","S/89.2-H;1-3","F","F",8,4,20,"T","T",1,"F","F",0,"F","F",1,"F","F",0,"","F","F","89",0,0,"N",0,"N",0,"N",1,3,4,0,"","","","","F","F","F","F","F","F","F","F","F","meadl101","meadl101","","F","F","F","F","F","","","","",0,0,0,0,0,0,0,0,0,11,"PHI","PHI","PIT",1,"F","F",0,1,0,3,3,"T","F",3,5,"T","T","hawkc101","henlb101","T","T",9,3,10,7,1,8,0,0,0,"smite106","smite106","",0,0,0,0,0,0,0,0,0,0,0,0,1,"","F","F","F","F",4,4,4,0,4,0,0,0,0,0,F,F,"1925PHI.EVN.regular.event.csv",888
"PHI192505080","PIT",1,1,1,0,0,"",1,1,"hawkc101","?","hawkc101","?","meadl101","?","meadl101","?","smite106","nieha101","moore102","trayp101","wrigg102","barnc102","carem101","cuylk101","harpg101","","willc103","S7.3-H;1-2","F","F",3,5,20,"T","T",1,"F","F",0,"F","F",1,"F","F",7,"","F","F","",0,0,"N",0,"N",0,"N",1,2,0,4,"","","","","F","F","F","F","F","F","F","F","F","meadl101","","meadl101","F","F","F","F","F","","","","",0,0,0,0,0,0,0,0,0,12,"PHI","PHI","PIT",1,"F","F",1,1,1,4,4,"T","F",5,3,"T","T","henlb101","sandh101","T","T",8,4,11,0,0,0,9,3,10,"smite106","","smite106",0,0,0,0,0,0,0,0,0,0,0,0,1,"barnc102","F","F","F","F",4,4,0,4,3,0,0,0,0,0,F,F,"1925PHI.EVN.regular.event.csv",889
"PHI192505080","PIT",1,1,1,0,0,"",1,2,"henlb101","?","henlb101","?","meadl101","?","meadl101","?","smite106","nieha101","moore102","trayp101","wrigg102","barnc102","carem101","cuylk101","hawkc101","harpg101","","D7/7L.2-H;1-3","F","F",2,6,21,"T","T",2,"F","F",0,"F","F",1,"F","F",7,"","F","F","7L",0,0,"N",0,"N",0,"N",2,3,4,0,"","","","","F","F","F","F","F","F","F","F","F","meadl101","meadl101","","F","F","F","F","F","","","","",0,0,0,0,0,0,0,0,0,13,"PHI","PHI","PIT",1,"F","F",2,1,2,5,5,"T","F",3,6,"T","T","sandh101","hubec101","T","T",3,5,12,8,4,11,0,0,0,"smite106","smite106","",0,0,0,0,0,0,0,0,0,0,0,0,1,"barnc102","F","F","F","F",4,4,4,0,2,0,0,0,0,0,F,F,"1925PHI.EVN.regular.event.csv",890
"PHI192505080","PIT",1,1,1,0,0,"",1,3,"sandh101","?","sandh101","?","meadl101","?","meadl101","?","smite106","nieha101","moore102","trayp101","wrigg102","barnc102","carem101","cuylk101","","henlb101","hawkc101","9/F89D/SF.3-H","F","F",6,7,2,"T","F",0,"F","T",1,"F","F",1,"F","F",9,"F","F","F","89D",0,0,"N",0,"N",0,"N",0,0,2,4,"9","","","","F","F","F","F","F","F","F","F","F","","meadl101","meadl101","F","F","F","F","F","","","","",0,9,0,0,0,0,0,0,0,14,"PHI","PHI","PIT",1,"F","F",3,1,3,6,6,"T","F",6,2,"T","T","hubec101","carlh101","T","T",0,0,0,2,6,13,3,5,12,"","smite106","smite106",0,0,0,0,0,0,0,0,0,0,0,0,1,"cuylk101","F","F","F","F",0,0,4,4,1,0,0,0,0,0,F,F,"1925PHI.EVN.regular.event.csv",891
"PHI192505080","PIT",1,1,2,0,0,"",1,4,"hubec101","?","hubec101","?","meadl101","?","meadl101","?","smite106","nieha101","moore102","trayp101","wrigg102","barnc102","carem101","cuylk101","","henlb101","","S7.2-H","F","F",5,8,20,"T","T",1,"F","F",0,"F","F",1,"F","F",7,"","F","F","",0,0,"N",0,"N",0,"N",1,0,4,0,"","","","","F","F","F","F","F","F","F","F","F","","meadl101","","F","F","F","F","F","","","","",0,0,0,0,0,0,0,0,0,15,"PHI","PHI","PIT",1,"F","F",4,1,4,7,7,"T","F",2,1,"T","T","carlh101","burng101","T","T",0,0,0,2,6,13,0,0,0,"","smite106","",0,0,0,0,0,0,0,0,0,0,0,0,1,"barnc102","F","F","F","F",0,0,4,0,0,0,0,0,0,0,F,F,"1925PHI.EVN.regular.event.csv",892
"PHI192505080","PIT",1,1,2,0,0,"",1,5,"carlh101","?","carlh101","?","meadl101","?","meadl101","?","smite106","nieha101","moore102","trayp101","wrigg102","barnc102","carem101","cuylk101","hubec101","","","S/L78D.1-3","F","F",1,9,20,"T","T",1,"F","F",0,"F","F",0,"F","F",0,"L","F","F","78D",0,0,"N",0,"N",0,"N",1,3,0,0,"","","","","F","F","F","F","F","F","F","F","F","meadl101","","","F","F","F","F","F","","","","",0,0,0,0,0,0,0,0,0,16,"PHI","PHI","PIT",1,"F","F",5,1,5,8,8,"T","F",1,5,"T","T","burng101","fonsl101","T","T",5,8,15,0,0,0,0,0,0,"smite106","","",0,0,0,0,0,0,0,0,0,0,0,0,0,"","F","F","F","F",0,0,0,0,0,0,0,0,0,0,F,F,"1925PHI.EVN.regular.event.csv",893
"PHI192505080","PIT",1,1,2,0,0,"",1,5,"burng101","?","burng101","?","kremr101","?","kremr101","?","smite106","nieha101","moore102","trayp101","wrigg102","barnc102","carem101","cuylk101","carlh101","","hubec101","54(1)/FO","F","F",7,1,2,"T","T",0,"F","F",1,"F","F",0,"F","F",5,"G","F","F","",0,0,"N",0,"N",0,"N",1,0,0,3,"","54","","","F","F","F","F","F","F","F","F","F","meadl101","","meadl101","F","F","F","F","F","","","","",0,4,0,0,5,0,0,0,0,17,"PHI","PHI","PIT",1,"F","T",5,1,5,9,9,"T","F",5,5,"T","T","fonsl101","willc103","F","F",1,9,16,0,0,0,5,8,15,"smite106","","smite106",0,0,0,0,0,0,0,0,0,0,0,0,0,"trayp101","T","F","F","F",0,0,0,0,0,0,0,0,0,0,F,F,"1925PHI.EVN.regular.event.csv",894
"PHI192505080","PIT",2,0,0,0,0,"",1,5,"nieha101","?","nieha101","?","carlh101","?","carlh101","?","henlb101","hawkc101","fonsl101","hubec101","sandh101","burng101","harpg101","willc103","","","","43","T","F",3,7,2,"T","T",0,"F","F",1,"F","F",0,"F","F",4,"G","F","F","",0,0,"N",0,"N",0,"N",0,0,0,0,"43","","","","F","F","F","F","F","F","F","F","F","","","","F","F","F","F","F","","","","",0,3,0,0,4,0,0,0,0,18,"PHI","PIT","PHI",0,"T","F",1,5,0,6,0,"T","F",0,0,"T","T","smite106","kremr101","T","T",0,0,0,0,0,0,0,0,0,"","","",0,0,0,0,0,0,0,0,0,0,0,0,0,"fonsl101","F","F","F","F",0,0,0,0,0,0,0,0,0,0,F,F,"1925PHI.EVN.regular.event.csv",895
"PHI192505080","PIT",2,0,1,0,0,"",1,5,"smite106","?","smite106","?","carlh101","?","carlh101","?","henlb101","hawkc101","fonsl101","hubec101","sandh101","burng101","harpg101","willc103","","","","7/F","F","F",2,8,2,"T","T",0,"F","F",1,"F","F",0,"F","F",7,"F","F","F","",0,0,"N",0,"N",0,"N",0,0,0,0,"7","","","","F","F","F","F","F","F","F","F","F","","","","F","F","F","F","F","","","","",0,7,0,0,0,0,0,0,0,19,"PHI","PIT","PHI",0,"F","F",1,5,0,7,1,"T","F",0,0,"T","T","kremr101","carem101","T","T",0,0,0,0,0,0,0,0,0,"","","",0,0,0,0,0,0,0,0,0,0,0,0,0,"burng101","F","F","F","F",0,0,0,0,0,0,0,0,0,0,F,F,"1925PHI.EVN.regular.event.csv",896
"PHI192505080","PIT",2,0,2,0,0,"",1,5,"kremr101","?","kremr101","?","carlh101","?","carlh101","?","henlb101","hawkc101","fonsl101","hubec101","sandh101","burng101","harpg101","willc103","","","","K","F","F",1,9,3,"T","T",0,"F","F",1,"F","F",0,"F","F",0,"","F","F","",0,0,"N",0,"N",0,"N",0,0,0,0,"2","","","","F","F","F","F","F","F","F","F","F","","","","F","F","F","F","F","","","","",0,2,0,0,0,0,0,0,0,20,"PHI","PIT","PHI",0,"F","T",1,5,0,8,2,"T","F",0,0,"F","F","carem101","cuylk101","T","T",0,0,0,0,0,0,0,0,0,"","","",0,0,0,0,0,0,0,0,0,0,0,0,0,"","F","F","F","F",0,0,0,0,0,0,0,0,0,0,F,F,"1925PHI.EVN.regular.event.csv",897
"PHI192505080","PIT",2,1,0,0,0,"",1,5,"fonsl101","?","fonsl101","?","kremr101","?","kremr101","?","smite106","nieha101","moore102","trayp101","wrigg102","barnc102","carem101","cuylk101","","","","S6/G","T","F",4,2,20,"T","T",1,"F","F",0,"F","F",0,"F","F",6,"G","F","F","",0,0,"N",0,"N",0,"N",1,0,0,0,"","","","","F","F","F","F","F","F","F","F","F","","","","F","F","F","F","F","","","","",0,0,0,0,0,0,0,0,0,21,"PHI","PHI","PIT",1,"T","F",5,1,0,10,0,"T","F",0,1,"T","T","willc103","harpg101","F","F",0,0,0,0,0,0,0,0,0,"","","",0,0,0,0,0,0,0,0,0,0,0,0,0,"wrigg102","F","F","F","F",5,0,0,0,2,0,0,0,0,0,F,F,"1925PHI.EVN.regular.event.csv",898
"PHI192505080","PIT",2,1,0,0,0,"",1,5,"willc103","?","willc103","?","kremr101","?","kremr101","?","smite106","nieha101","moore102","trayp101","wrigg102","barnc102","carem101","cuylk101","fonsl101","","","8/F","F","F",9,3,2,"T","T",0,"F","F",1,"F","F",0,"F","F",8,"F","F","F","",0,0,"N",0,"N",0,"N",0,1,0,0,"8","","","","F","F","F","F","F","F","F","F","F","kremr101","","","F","F","F","F","F","","","","",0,8,0,0,0,0,0,0,0,22,"PHI","PHI","PIT",1,"F","F",5,1,0,11,1,"T","F",1,1,"T","T","harpg101","hawkc101","F","F",4,2,21,0,0,0,0,0,0,"smite106","","",0,0,0,0,0,0,0,0,0,0,0,0,0,"carem101","F","F","F","F",0,5,0,0,2,0,0,0,0,0,F,F,"1925PHI.EVN.regular.event.csv",899
"PHI192505080","PIT",2,1,1,0,0,"",1,5,"harpg101","?","harpg101","?","kremr101","?","kremr101","?","smite106","nieha101","moore102","trayp101","wrigg102","barnc102","carem101","cuylk101","fonsl101","","","PO1(13E6).1-2","F","F",8,4,8,"F","F",0,"F","F",0,"F","F",0,"F","F",0,"","F","F","",1,6,"D",0,"N",0,"N",0,2,0,0,"","13E6","","","F","F","F","F","F","F","T","F","F","kremr101","","","F","F","F","F","F","","","","",0,0,0,0,1,3,0,0,0,23,"PHI","PHI","PIT",1,"F","F",5,1,0,12,2,"T","F",1,2,"T","T","hawkc101","henlb101","F","F",4,2,21,0,0,0,0,0,0,"smite106","","",0,0,0,0,0,0,0,0,0,0,0,0,0,"","F","F","F","F",0,5,0,0,2,0,0,0,0,0,F,F,"1925PHI.EVN.regular.event.csv",900
"PHI192505080","PIT",2,1,1,0,0,"",1,5,"harpg101","?","harpg101","?","kremr101","?","kremr101","?","smite106","nieha101","moore102","trayp101","wrigg102","barnc102","carem101","cuylk101","","fonsl101","","HR/F9D.2-H(UR)","F","F",8,4,23,"T","T",4,"F","F",0,"F","F",2,"F","F",0,"F","F","F","9D",0,0,"N",0,"N",0,"N",4,0,5,0,"","","","","F","F","F","F","F","F","F","F","F","","kremr101","","F","F","F","F","F","","","","",0,0,0,0,0,0,0,0,0,24,"PHI","PHI","PIT",1,"F","F",5,1,0,12,2,"F","F",2,0,"T","T","hawkc101","henlb101","F","F",0,0,0,4,2,21,0,0,0,"","smite106","",0,0,0,0,0,0,0,0,0,0,0,0,2,"","F","F","F","F",4,0,5,0,0,0,0,0,0,0,F,F,"1925PHI.EVN.regular.event.csv",901
"PHI192505080","PIT",2,1,1,0,0,"",1,7,"hawkc101","?","hawkc101","?","kremr101","?","kremr101","?","smite106","nieha101","moore102","trayp101","wrigg102","barnc102","carem101","cuylk101","","","","7/F","F","F",3,5,2,"T","T",0,"F","F",1,"F","F",0,"F","F",7,"F","F","F","",0,0,"N",0,"N",0,"N",0,0,0,0,"7","","","","F","F","F","F","F","F","F","F","F","","","","F","F","F","F","F","","","","",0,7,0,0,0,0,0,0,0,25,"PHI","PHI","PIT",1,"F","F",7,1,2,13,3,"T","F",0,0,"T","T","henlb101","sandh101","F","F",0,0,0,0,0,0,0,0,0,"","","",0,0,0,0,0,0,0,0,0,0,0,0,0,"barnc102","F","F","F","F",0,0,0,0,0,0,0,0,0,0,F,F,"1925PHI.EVN.regular.event.csv",902
"PHI192505080","PIT",2,1,2,0,0,"",1,7,"henlb101","?","henlb101","?","kremr101","?","kremr101","?","smite106","nieha101","moore102","trayp101","wrigg102","barnc102","carem101","cuylk101","","","","53","F","F",2,6,2,"T","T",0,"F","F",1,"F","F",0,"F","F",5,"G","F","F","",0,0,"N",0,"N",0,"N",0,0,0,0,"53","","","","F","F","F","F","F","F","F","F","F","","","","F","F","F","F","F","","","","",0,3,0,0,5,0,0,0,0,26,"PHI","PHI","PIT",1,"F","T",7,1,2,14,4,"T","F",0,0,"T","T","sandh101","hubec101","F","F",0,0,0,0,0,0,0,0,0,"","","",0,0,0,0,0,0,0,0,0,0,0,0,0,"trayp101","F","F","F","F",0,0,0,0,0,0,0,0,0,0,F,F,"1925PHI.EVN.regular.event.csv",903
"PHI192505080","PIT",3,0,0,0,0,"",1,7,"carem101","?","carem101","?","carlh101","?","carlh101","?","henlb101","hawkc101","fonsl101","hubec101","sandh101","burng101","harpg101","willc103","","","","8/F","T","F",8,1,2,"T","T",0,"F","F",1,"F","F",0,"F","F",8,"F","F","F","",0,0,"N",0,"N",0,"N",0,0,0,0,"8","","","","F","F","F","F","F","F","F","F","F","","","","F","F","F","F","F","","","","",0,8,0,0,0,0,0,0,0,27,"PHI","PIT","PHI",0,"T","F",1,7,0,9,0,"T","F",0,0,"T","T","cuylk101","moore102","T","T",0,0,0,0,0,0,0,0,0,"","","",0,0,0,0,0,0,0,0,0,0,0,0,0,"harpg101","F","F","F","F",0,0,0,0,0,0,0,0,0,0,F,F,"1925PHI.EVN.regular.event.csv",904
"PHI192505080","PIT",3,0,1,0,0,"",1,7,"cuylk101","?","cuylk101","?","carlh101","?","carlh101","?","henlb101","hawkc101","fonsl101","hubec101","sandh101","burng101","harpg101","willc103","","","","3/G","F","F",9,2,2,"T","T",0,"F","F",1,"F","F",0,"F","F",3,"G","F","F","",0,0,"N",0,"N",0,"N",0,0,0,0,"3","","","","F","F","F","F","F","F","F","F","F","","","","F","F","F","F","F","","","","",0,3,0,0,0,0,0,0,0,28,"PHI","PIT","PHI",0,"F","F",1,7,0,10,1,"T","F",0,0,"T","T","moore102","barnc102","T","T",0,0,0,0,0,0,0,0,0,"","","",0,0,0,0,0,0,0,0,0,0,0,0,0,"hawkc101","F","F","F","F",0,0,0,0,0,0,0,0,0,0,F,F,"1925PHI.EVN.regular.event.csv",905
"PHI192505080","PIT",3,0,2,0,0,"",1,7,"moore102","?","moore102","?","carlh101","?","carlh101","?","henlb101","hawkc101","fonsl101","hubec101","sandh101","burng101","harpg101","willc103","","","","K/C","F","F",4,3,3,"T","T",0,"F","F",1,"F","F",0,"F","F",0,"","F","F","",0,0,"N",0,"N",0,"N",0,0,0,0,"2","","","","F","F","F","F","F","F","F","F","F","","","","F","F","F","F","F","","","","",0,2,0,0,0,0,0,0,0,29,"PHI","PIT","PHI",0,"F","T",1,7,0,11,2,"T","F",0,0,"T","T","barnc102","trayp101","T","T",0,0,0,0,0,0,0,0,0,"","","",0,0,0,0,0,0,0,0,0,0,0,0,0,"","F","F","F","F",0,0,0,0,0,0,0,0,0,0,F,F,"1925PHI.EVN.regular.event.csv",906
"PHI192505080","PIT",3,1,0,0,0,"X",1,7,"sandh101","?","sandh101","?","kremr101","?","kremr101","?","smite106","nieha101","moore102","trayp101","wrigg102","barnc102","carem101","cuylk101","","","","HR/F9D","T","F",6,7,23,"T","T",4,"F","F",0,"F","F",1,"F","F",0,"F","F","F","9D",0,0,"N",0,"N",0,"N",4,0,0,0,"","","","","F","F","F","F","F","F","F","F","F","","","","F","F","F","F","F","","","","",0,0,0,0,0,0,0,0,0,30,"PHI","PHI","PIT",1,"T","F",7,1,0,15,0,"T","F",0,0,"T","T","hubec101","carlh101","F","F",0,0,0,0,0,0,0,0,0,"","","",0,0,0,0,0,0,1,0,0,0,1,0,1,"","F","F","F","F",4,0,0,0,2,0,0,0,0,0,F,F,"1925PHI.EVN.regular.event.csv",907
"PHI192505080","PIT",3,1,0,0,0,"",1,8,"hubec101","?","hubec101","?","kremr101","?","kremr101","?","smite106","nieha101","moore102","trayp101","wrigg102","barnc102","carem101","cuylk101","","","","6/P","F","F",5,8,2,"T","T",0,"F","F",1,"F","F",0,"F","F",6,"P","F","F","",0,0,"N",0,"N",0,"N",0,0,0,0,"6","","","","F","F","F","F","F","F","F","F","F","","","","F","F","F","F","F","","","","",0,6,0,0,0,0,0,0,0,31,"PHI","PHI","PIT",1,"F","F",8,1,1,16,1,"T","F",0,0,"T","T","carlh101","burng101","F","F",0,0,0,0,0,0,0,0,0,"","","",0,0,0,0,0,0,0,0,0,0,0,0,0,"wrigg102","F","F","F","F",0,0,0,0,2,0,0,0,0,0,F,F,"1925PHI.EVN.regular.event.csv",908
"PHI192505080","PIT",3,1,1,0,0,"",1,8,"carlh101","?","carlh101","?","kremr101","?","kremr101","?","smite106","nieha101","moore102","trayp101","wrigg102","barnc102","carem101","cuylk101","","","","W","F","F",1,9,14,"T","F",0,"F","F",0,"F","F",0,"F","F",0,"","F","F","",0,0,"N",0,"N",0,"N",1,0,0,0,"","","","","F","F","F","F","F","F","F","F","F","","","","F","F","F","F","F","","","","",0,0,0,0,0,0,0,0,0,32,"PHI","PHI","PIT",1,"F","F",8,1,1,17,2,"T","F",0,1,"T","T","burng101","fonsl101","F","F",0,0,0,0,0,0,0,0,0,"","","",0,0,0,0,0,0,0,0,0,0,0,0,0,"","F","F","F","F",4,0,0,0,2,0,0,0,0,0,F,F,"1925PHI.EVN.regular.event.csv",909
"PHI192505080","PIT",3,1,1,0,0,"",1,8,"burng101","?","burng101","?","kremr101","?","kremr101","?","smite106","nieha101","moore102","trayp101","wrigg102","barnc102","carem101","cuylk101","carlh101","","","S8.1-2","F","F",7,1,20,"T","T",1,"F","F",0,"F","F",0,"F","F",8,"","F","F","",0,0,"N",0,"N",0,"N",1,2,0,0,"","","","","F","F","F","F","F","F","F","F","F","kremr101","","","F","F","F","F","F","","","","",0,0,0,0,0,0,0,0,0,33,"PHI","PHI","PIT",1,"F","F",8,1,1,18,3,"T","F",1,3,"T","T","fonsl101","willc103","F","F",1,9,32,0,0,0,0,0,0,"smite106","","",0,0,0,0,0,0,0,0,0,0,0,0,0,"carem101","F","F","F","F",4,4,0,0,2,0,0,0,0,0,F,F,"1925PHI.EVN.regular.event.csv",910
"PHI192505080","PIT",3,1,1,0,0,"",1,8,"fonsl101","?","fonsl101","?","kremr101","?","kremr101","?","smite106","nieha101","moore102","trayp101","wrigg102","barnc102","carem101","cuylk101","burng101","carlh101","","WP.2-3;1-2","F","F",4,2,9,"F","F",0,"F","F",0,"F","F",0,"T","F",0,"","F","F","",0,0,"N",0,"N",0,"N",0,2,3,0,"","","","","F","F","F","F","F","F","F","F","F","kremr101","kremr101","","F","F","F","F","F","","","","",0,0,0,0,0,0,0,0,0,34,"PHI","PHI","PIT",1,"F","F",8,1,1,19,4,"T","F",3,6,"T","T","willc103","harpg101","F","F",7,1,33,1,9,32,0,0,0,"smite106","smite106","",0,0,0,0,0,0,0,0,0,0,0,0,0,"","F","F","F","F",0,4,4,0,2,0,0,0,0,0,F,F,"1925PHI.EVN.regular.event.csv",911
"PHI192505080","PIT",3,1,1,0,0,"",1,8,"fonsl101","?","fonsl101","?","kremr101","?","kremr101","?","smite106","nieha101","moore102","trayp101","wrigg102","barnc102","carem101","cuylk101","","burng101","carlh101","S8/78.3-H;2-H;BX2(84)","F","F",4,2,20,"T","T",1,"F","F",1,"F","F",2,"F","F",8,"","F","F","78",0,0,"N",0,"N",0,"N",0,0,4,4,"84","","","","F","F","F","F","F","F","F","F","F","","kremr101","kremr101","F","F","F","F","F","","","","",0,4,0,0,8,0,0,0,0,35,"PHI","PHI","PIT",1,"F","F",8,1,1,19,4,"F","F",6,0,"T","T","willc103","harpg101","F","F",0,0,0,7,1,33,1,9,32,"","smite106","smite106",0,0,0,0,0,0,0,0,0,0,0,0,2,"carem101","F","F","F","F",0,0,4,4,0,0,0,0,0,0,F,F,"1925PHI.EVN.regular.event.csv",912
"PHI192505080","PIT",3,1,2,0,0,"",1,10,"willc103","?","willc103","?","songd101","?","songd101","?","smite106","nieha101","moore102","trayp101","wrigg102","barnc102","carem101","cuylk101","","","","63/G4M","F","F",9,3,2,"T","T",0,"F","F",1,"F","F",0,"F","F",6,"G","F","F","4M",0,0,"N",0,"N",0,"N",0,0,0,0,"63","","","","F","F","F","F","F","F","F","F","F","","","","F","F","F","F","F","","","","",0,3,0,0,6,0,0,0,0,36,"PHI","PHI","PIT",1,"F","T",10,1,3,20,5,"T","F",0,0,"T","T","harpg101","hawkc101","F","F",0,0,0,0,0,0,0,0,0,"","","",0,0,0,0,0,0,0,0,0,0,0,0,0,"wrigg102","F","F","F","F",0,0,0,0,0,0,0,0,0,0,F,F,"1925PHI.EVN.regular.event.csv",913
"PHI192505080","PIT",4,0,0,0,0,"",1,10,"barnc102","?","barnc102","?","carlh101","?","carlh101","?","henlb101","hawkc101","fonsl101","hubec101","sandh101","burng101","harpg101","willc103","","","","63","T","F",7,4,2,"T","T",0,"F","F",1,"F","F",0,"F","F",6,"G","F","F","",0,0,"N",0,"N",0,"N",0,0,0,0,"63","","","","F","F","F","F","F","F","F","F","F","","","","F","F","F","F","F","","","","",0,3,0,0,6,0,0,0,0,37,"PHI","PIT","PHI",0,"T","F",1,10,0,12,0,"T","F",0,0,"T","T","trayp101","wrigg102","T","T",0,0,0,0,0,0,0,0,0,"","","",0,0,0,0,0,0,0,0,0,0,0,0,0,"sandh101","F","F","F","F",0,0,0,0,0,0,0,0,0,0,F,F,"1925PHI.EVN.regular.event.csv",914
"PHI192505080","PIT",4,0,1,0,0,"",1,10,"trayp101","?","trayp101","?","carlh101","?","carlh101","?","henlb101","hawkc101","fonsl101","hubec101","sandh101","burng101","harpg101","willc103","","","","63","F","F",5,5,2,"T","T",0,"F","F",1,"F","F",0,"F","F",6,"G","F","F","",0,0,"N",0,"N",0,"N",0,0,0,0,"63","","","","F","F","F","F","F","F","F","F","F","","","","F","F","F","F","F","","","","",0,3,0,0,6,0,0,0,0,38,"PHI","PIT","PHI",0,"F","F",1,10,0,13,1,"T","F",0,0,"T","T","wrigg102","nieha101","T","T",0,0,0,0,0,0,0,0,0,"","","",0,0,0,0,0,0,0,0,0,0,0,0,0,"sandh101","F","F","F","F",0,0,0,0,0,0,0,0,0,0,F,F,"1925PHI.EVN.regular.event.csv",915
"PHI192505080","PIT",4,0,2,0,0,"",1,10,"wrigg102","?","wrigg102","?","carlh101","?","carlh101","?","henlb101","hawkc101","fonsl101","hubec101","sandh101","burng101","harpg101","willc103","","","","43","F","F",6,6,2,"T","T",0,"F","F",1,"F","F",0,"F","F",4,"G","F","F","",0,0,"N",0,"N",0,"N",0,0,0,0,"43","","","","F","F","F","F","F","F","F","F","F","","","","F","F","F","F","F","","","","",0,3,0,0,4,0,0,0,0,39,"PHI","PIT","PHI",0,"F","T",1,10,0,14,2,"T","F",0,0,"T","T","nieha101","smite106","T","T",0,0,0,0,0,0,0,0,0,"","","",0,0,0,0,0,0,0,0,0,0,0,0,0,"fonsl101","F","F","F","F",0,0,0,0,0,0,0,0,0,0,F,F,"1925PHI.EVN.regular.event.csv",916
"PHI192505080","PIT",4,1,0,0,0,"",1,10,"harpg101","?","harpg101","?","songd101","?","songd101","?","smite106","nieha101","rawlj101","trayp101","wrigg102","barnc102","carem101","cuylk101","","","","E4/G","T","F",8,4,18,"T","T",0,"F","F",0,"F","F",0,"F","F",4,"G","F","F","",1,4,"F",0,"N",0,"N",1,0,0,0,"","","","","F","F","F","F","F","F","F","F","F","","","","F","F","F","F","F","","","","",0,0,0,0,0,0,0,0,0,40,"PHI","PHI","PIT",1,"T","F",10,1,0,21,0,"T","F",0,1,"T","T","hawkc101","henlb101","F","F",0,0,0,0,0,0,0,0,0,"","","",0,0,0,0,0,0,0,0,0,0,0,0,0,"rawlj101","F","F","F","T",5,0,0,0,2,0,0,0,0,0,F,F,"1925PHI.EVN.regular.event.csv",917
"PHI192505080","PIT",4,1,0,0,0,"",1,10,"hawkc101","?","hawkc101","?","songd101","?","songd101","?","smite106","nieha101","rawlj101","trayp101","wrigg102","barnc102","carem101","cuylk101","harpg101","","","43.1-2","F","F",3,5,2,"T","T",0,"F","F",1,"F","F",0,"F","F",4,"G","F","F","",0,0,"N",0,"N",0,"N",0,2,0,0,"43","","","","F","F","F","F","F","F","F","F","F","songd101","","","F","F","F","F","F","","","","",0,3,0,0,4,0,0,0,0,41,"PHI","PHI","PIT",1,"F","F",10,1,0,22,1,"T","F",1,2,"T","T","henlb101","sandh101","F","F",8,4,40,0,0,0,0,0,0,"smite106","","",0,0,0,0,0,0,0,0,0,0,0,0,0,"rawlj101","F","F","F","F",0,5,0,0,2,0,0,0,0,0,F,F,"1925PHI.EVN.regular.event.csv",918
"PHI192505080","PIT",4,1,1,0,0,"",1,10,"henlb101","?","henlb101","?","songd101","?","songd101","?","smite106","nieha101","rawlj101","trayp101","wrigg102","barnc102","carem101","cuylk101","","harpg101","","S9.2-H(UR);B-2(E9/THH)","F","F",2,6,20,"T","T",1,"F","F",0,"F","F",1,"F","F",9,"","F","F","",1,9,"T",0,"N",0,"N",2,0,5,0,"","","","","F","F","F","F","F","F","F","F","F","","songd101","","F","F","F","F","F","","","","",0,0,0,0,0,0,0,0,0,42,"PHI","PHI","PIT",1,"F","F",10,1,0,23,2,"T","F",2,2,"T","T","sandh101","hubec101","F","F",0,0,0,8,4,40,0,0,0,"","smite106","",0,0,0,0,0,0,0,0,0,0,0,0,1,"cuylk101","F","F","F","F",5,0,5,0,1,0,0,0,0,0,F,F,"1925PHI.EVN.regular.event.csv",919
"PHI192505080","PIT",4,1,1,0,0,"",1,11,"sandh101","?","sandh101","?","songd101","?","songd101","?","smite106","nieha101","rawlj101","trayp101","wrigg102","barnc102","carem101","cuylk101","","henlb101","","W","F","F",6,7,14,"T","F",0,"F","F",0,"F","F",0,"F","F",0,"","F","F","",0,0,"N",0,"N",0,"N",1,0,2,0,"","","","","F","F","F","F","F","F","F","F","F","","songd101","","F","F","F","F","F","","","","",0,0,0,0,0,0,0,0,0,43,"PHI","PHI","PIT",1,"F","F",11,1,1,24,3,"T","F",2,3,"T","T","hubec101","carlh101","F","F",0,0,0,2,6,42,0,0,0,"","smite106","",0,0,0,0,0,0,0,0,0,0,0,0,0,"","F","F","F","F",0,0,5,0,1,0,0,0,0,0,F,F,"1925PHI.EVN.regular.event.csv",920
"PHI192505080","PIT",4,1,1,0,0,"",1,11,"hubec101","?","hubec101","?","songd101","?","songd101","?","smite106","nieha101","rawlj101","trayp101","wrigg102","barnc102","carem101","cuylk101","sandh101","henlb101","","64(1)/FO.2-3","F","F",5,8,2,"T","T",0,"F","F",1,"F","F",0,"F","F",6,"G","F","F","",0,0,"N",0,"N",0,"N",1,0,3,0,"","64","","","F","F","F","F","F","F","F","F","F","songd101","songd101","","F","F","F","F","F","","","","",0,4,0,0,6,0,0,0,0,44,"PHI","PHI","PIT",1,"F","F",11,1,1,25,4,"T","F",3,5,"T","T","carlh101","burng101","F","F",6,7,43,2,6,42,0,0,0,"smite106","smite106","",0,0,0,0,0,0,0,0,0,0,0,0,0,"wrigg102","T","F","F","F",0,0,5,0,1,0,0,0,0,0,F,F,"1925PHI.EVN.regular.event.csv",921
"PHI192505080","PIT",4,1,2,0,0,"",1,11,"carlh101","?","carlh101","?","songd101","?","songd101","?","smite106","nieha101","rawlj101","trayp101","wrigg102","barnc102","carem101","cuylk101","hubec101","","henlb101","S8/G6.3-H(UR);1-3","F","F",1,9,20,"T","T",1,"F","F",0,"F","F",1,"F","F",8,"G","F","F","6",0,0,"N",0,"N",0,"N",1,3,0,5,"","","","","F","F","F","F","F","F","F","F","F","songd101","","songd101","F","F","F","F","F","","","","",0,0,0,0,0,0,0,0,0,45,"PHI","PHI","PIT",1,"F","F",11,1,1,26,5,"T","F",5,5,"T","T","burng101","fonsl101","F","F",5,8,44,0,0,0,2,6,42,"smite106","","smite106",0,0,0,0,0,0,0,0,0,0,0,0,1,"carem101","F","F","F","F",0,0,0,5,0,0,0,0,0,0,F,F,"1925PHI.EVN.regular.event.csv",922
"PHI192505080","PIT",4,1,2,0,0,"",1,12,"burng101","?","burng101","?","songd101","?","songd101","?","smite106","nieha101","rawlj101","trayp101","wrigg102","barnc102","carem101","cuylk101","carlh101","","hubec101","CS2(24)","F","F",7,1,6,"F","F",0,"F","F",1,"F","F",0,"F","F",0,"","F","F","",0,0,"N",0,"N",0,"N",0,0,0,3,"","24","","","F","F","F","T","F","F","F","F","F","songd101","","songd101","F","F","F","F","F","","","","",0,4,0,0,2,0,0,0,0,46,"PHI","PHI","PIT",1,"F","T",12,1,2,27,6,"T","T",5,4,"T","T","fonsl101","willc103","F","F",1,9,45,0,0,0,5,8,44,"smite106","","smite106",0,0,0,0,0,0,0,0,0,0,0,0,0,"","F","F","F","F",0,0,0,0,0,0,0,0,0,0,F,F,"1925PHI.EVN.regular.event.csv",923
"PHI192505080","PIT",5,0,0,0,0,"",1,12,"nieha101","?","nieha101","?","carlh101","?","carlh101","?","henlb101","hawkc101","fonsl101","hubec101","sandh101","burng101","harpg101","willc103","","","","E4/TH1","T","F",3,7,18,"T","T",0,"F","F",0,"F","F",0,"F","F",4,"G","F","F","",1,4,"T",0,"N",0,"N",1,0,0,0,"","","","","F","F","F","F","F","F","F","F","F","","","","F","F","F","F","F","","","","",0,0,0,0,0,0,0,0,0,47,"PHI","PIT","PHI",0,"T","F",1,12,0,15,0,"T","F",0,1,"T","T","smite106","songd101","T","T",0,0,0,0,0,0,0,0,0,"","","",0,0,0,0,0,0,0,0,0,0,0,0,0,"fonsl101","F","F","F","T",5,0,0,0,3,0,0,0,0,0,F,F,"1925PHI.EVN.regular.event.csv",924
"PHI192505080","PIT",5,0,0,0,0,"",1,12,"smite106","?","smite106","?","carlh101","?","carlh101","?","henlb101","hawkc101","fonsl101","hubec101","sandh101","burng101","harpg101","willc103","nieha101","","","HR/F9D.1-H(UR)","F","F",2,8,23,"T","T",4,"F","F",0,"F","F",2,"F","F",0,"F","F","F","9D",0,0,"N",0,"N",0,"N",4,5,0,0,"","","","","F","F","F","F","F","F","F","F","F","carlh101","","","F","F","F","F","F","","","","",0,0,0,0,0,0,0,0,0,48,"PHI","PIT","PHI",0,"F","F",1,12,0,16,1,"T","F",1,0,"T","T","songd101","carem101","T","T",3,7,47,0,0,0,0,0,0,"henlb101","","",0,0,0,0,0,0,0,0,0,0,0,0,2,"","F","F","F","F",4,5,0,0,1,0,0,0,0,0,F,F,"1925PHI.EVN.regular.event.csv",925
"PHI192505080","PIT",5,0,0,0,0,"",3,12,"yde-e101","?","yde-e101","?","carlh101","?","carlh101","?","henlb101","hawkc101","fonsl101","hubec101","sandh101","burng101","harpg101","willc103","","","","K","F","T",11,9,3,"T","T",0,"F","F",1,"F","F",0,"F","F",0,"","F","F","",0,0,"N",0,"N",0,"N",0,0,0,0,"2","","","","F","F","F","F","F","F","F","F","F","","","","F","F","F","F","F","","","","songd101",1,2,0,0,0,0,0,0,0,49,"PHI","PIT","PHI",0,"F","F",3,12,2,17,2,"T","F",0,0,"F","F","carem101","cuylk101","T","T",0,0,0,0,0,0,0,0,0,"","","",0,0,0,0,0,0,0,0,0,0,0,0,0,"","F","F","F","F",0,0,0,0,1,0,0,0,0,0,F,F,"1925PHI.EVN.regular.event.csv",926
"PHI192505080","PIT",5,0,1,0,0,"",3,12,"carem101","?","carem101","?","carlh101","?","carlh101","?","henlb101","hawkc101","fonsl101","hubec101","sandh101","burng101","harpg101","willc103","","","","D/89","F","F",8,1,21,"T","T",2,"F","F",0,"F","F",0,"F","F",0,"","F","F","89",0,0,"N",0,"N",0,"N",2,0,0,0,"","","","","F","F","F","F","F","F","F","F","F","","","","F","F","F","F","F","","","","",0,0,0,0,0,0,0,0,0,50,"PHI","PIT","PHI",0,"F","F",3,12,2,18,3,"T","F",0,2,"T","T","cuylk101","rawlj101","T","T",0,0,0,0,0,0,0,0,0,"","","",0,0,0,0,0,0,0,0,0,0,0,0,0,"","F","F","F","F",4,0,0,0,1,0,0,0,0,0,F,F,"1925PHI.EVN.regular.event.csv",927
"PHI192505080","PIT",5,0,1,0,0,"",3,12,"cuylk101","?","cuylk101","?","carlh101","?","carlh101","?","henlb101","hawkc101","fonsl101","hubec101","sandh101","burng101","harpg101","willc103","","carem101","","D8/8XDW.2-H","F","F",9,2,21,"T","T",2,"F","F",0,"F","F",1,"F","F",8,"","F","F","8XDW",0,0,"N",0,"N",0,"N",2,0,4,0,"","","","","F","F","F","F","F","F","F","F","F","","carlh101","","F","F","F","F","F","","","","",0,0,0,0,0,0,0,0,0,51,"PHI","PIT","PHI",0,"F","F",3,12,2,19,4,"T","F",2,2,"T","T","rawlj101","barnc102","T","T",0,0,0,8,1,50,0,0,0,"","henlb101","",0,0,0,0,0,0,0,0,0,0,0,0,1,"harpg101","F","F","F","F",2,0,4,0,0,0,0,0,0,0,F,F,"1925PHI.EVN.regular.event.csv",928
"PHI192505080","PIT",5,0,1,0,0,"",4,12,"rawlj101","?","rawlj101","?","carlh101","?","carlh101","?","henlb101","hawkc101","fonsl101","hubec101","sandh101","burng101","harpg101","willc103","","cuylk101","","4/P","F","F",4,3,2,"T","T",0,"F","F",1,"F","F",0,"F","F",4,"P","F","F","",0,0,"N",0,"N",0,"N",0,0,2,0,"4","","","","F","F","F","F","F","F","F","F","F","","carlh101","","F","F","F","F","F","","","","",0,4,0,0,0,0,0,0,0,52,"PHI","PIT","PHI",0,"F","F",4,12,3,20,5,"T","F",2,2,"F","F","barnc102","trayp101","T","T",0,0,0,9,2,51,0,0,0,"","henlb101","",0,0,0,0,0,0,0,0,0,0,0,0,0,"fonsl101","F","F","F","F",0,0,2,0,0,0,0,0,0,0,F,F,"1925PHI.EVN.regular.event.csv",929
"PHI192505080","PIT",5,0,2,0,0,"",4,12,"barnc102","?","barnc102","?","carlh101","?","carlh101","?","henlb101","hawkc101","fonsl101","hubec101","sandh101","burng101","harpg101","willc103","","cuylk101","","8/F","F","F",7,4,2,"T","T",0,"F","F",1,"F","F",0,"F","F",8,"F","F","F","",0,0,"N",0,"N",0,"N",0,0,2,0,"8","","","","F","F","F","F","F","F","F","F","F","","carlh101","","F","F","F","F","F","","","","",0,8,0,0,0,0,0,0,0,53,"PHI","PIT","PHI",0,"F","T",4,12,3,21,6,"T","F",2,2,"T","T","trayp101","wrigg102","T","T",0,0,0,9,2,51,0,0,0,"","henlb101","",0,0,0,0,0,0,0,0,0,0,0,0,0,"harpg101","F","F","F","F",0,0,2,0,0,0,0,0,0,0,F,F,"1925PHI.EVN.regular.event.csv",930
"PHI192505080","PIT",5,1,0,0,0,"",4,12,"burng101","?","burng101","?","koupl101","?","koupl101","?","smite106","nieha101","rawlj101","trayp101","wrigg102","barnc102","carem101","cuylk101","","","","S4/G","T","F",7,1,20,"T","T",1,"F","F",0,"F","F",0,"F","F",4,"G","F","F","",0,0,"N",0,"N",0,"N",1,0,0,0,"","","","","F","F","F","F","F","F","F","F","F","","","","F","F","F","F","F","","","","",0,0,0,0,0,0,0,0,0,54,"PHI","PHI","PIT",1,"T","F",12,4,0,27,0,"T","F",0,1,"T","T","fonsl101","willc103","F","F",0,0,0,0,0,0,0,0,0,"","","",0,0,0,0,0,0,0,0,0,0,0,0,0,"rawlj101","F","F","F","F",4,0,0,0,3,0,0,0,0,0,F,F,"1925PHI.EVN.regular.event.csv",931
"PHI192505080","PIT",5,1,0,0,0,"",4,12,"fonsl101","?","fonsl101","?","koupl101","?","koupl101","?","goocj101","nieha101","rawlj101","trayp101","wrigg102","barnc102","carem101","cuylk101","burng101","","","13/SH.1-2","F","F",4,2,2,"T","F",0,"T","F",1,"F","F",0,"F","F",1,"G","T","F","",0,0,"N",0,"N",0,"N",0,2,0,0,"13","","","","F","F","F","F","F","F","F","F","F","koupl101","","","F","F","F","F","F","","","","",0,3,0,0,1,0,0,0,0,55,"PHI","PHI","PIT",1,"F","F",12,4,0,28,1,"T","F",1,2,"T","T","willc103","harpg101","F","F",7,1,54,0,0,0,0,0,0,"smite106","","",0,0,0,0,0,0,0,0,0,0,0,0,0,"koupl101","F","F","F","F",0,4,0,0,3,0,0,0,0,0,F,F,"1925PHI.EVN.regular.event.csv",932
"PHI192505080","PIT",5,1,1,0,0,"",4,12,"willc103","?","willc103","?","koupl101","?","koupl101","?","goocj101","nieha101","rawlj101","trayp101","wrigg102","barnc102","carem101","cuylk101","","burng101","","W","F","F",9,3,14,"T","F",0,"F","F",0,"F","F",0,"F","F",0,"","F","F","",0,0,"N",0,"N",0,"N",1,0,2,0,"","","","","F","F","F","F","F","F","F","F","F","","koupl101","","F","F","F","F","F","","","","",0,0,0,0,0,0,0,0,0,56,"PHI","PHI","PIT",1,"F","F",12,4,0,29,2,"T","F",2,3,"T","T","harpg101","hawkc101","F","F",0,0,0,7,1,54,0,0,0,"","smite106","",0,0,0,0,0,0,0,0,0,0,0,0,0,"","F","F","F","F",4,0,4,0,3,0,0,0,0,0,F,F,"1925PHI.EVN.regular.event.csv",933
"PHI192505080","PIT",5,1,1,0,0,"",4,12,"harpg101","?","harpg101","?","koupl101","?","koupl101","?","goocj101","nieha101","rawlj101","trayp101","wrigg102","barnc102","carem101","cuylk101","willc103","burng101","","W.2-3;1-2","F","F",8,4,14,"T","F",0,"F","F",0,"F","F",0,"F","F",0,"","F","F","",0,0,"N",0,"N",0,"N",1,2,3,0,"","","","","F","F","F","F","F","F","F","F","F","koupl101","koupl101","","F","F","F","F","F","","","","",0,0,0,0,0,0,0,0,0,57,"PHI","PHI","PIT",1,"F","F",12,4,0,30,3,"T","F",3,7,"T","T","hawkc101","henlb101","F","F",9,3,56,7,1,54,0,0,0,"goocj101","smite106","",0,0,0,0,0,0,0,0,0,0,0,0,0,"","F","F","F","F",4,4,4,0,3,0,0,0,0,0,F,F,"1925PHI.EVN.regular.event.csv",934
"PHI192505080","PIT",5,1,1,0,0,"",4,12,"holkw101","?","holkw101","?","koupl101","?","koupl101","?","goocj101","nieha101","rawlj101","trayp101","wrigg102","barnc102","carem101","cuylk101","harpg101","willc103","burng101","2","F","T",11,5,2,"T","T",0,"F","F",1,"F","F",0,"F","F",2,"F","F","F","",0,0,"N",0,"N",0,"N",0,1,2,3,"2","","","","F","F","F","F","F","F","F","F","F","koupl101","koupl101","koupl101","F","F","F","F","F","","","","hawkc101",3,2,0,0,0,0,0,0,0,58,"PHI","PHI","PIT",1,"F","F",12,4,0,31,4,"T","F",7,7,"F","F","henlb101","sandh101","F","F",8,4,57,9,3,56,7,1,54,"goocj101","goocj101","smite106",0,0,0,0,0,0,0,0,0,0,0,0,0,"goocj101","F","F","F","F",0,4,4,4,3,0,0,0,0,0,F,F,"1925PHI.EVN.regular.event.csv",935
"PHI192505080","PIT",5,1,2,0,0,"",4,12,"henlb101","?","henlb101","?","koupl101","?","koupl101","?","goocj101","nieha101","rawlj101","trayp101","wrigg102","barnc102","carem101","cuylk101","harpg101","willc103","burng101","S7/L7S.3-H;2-H;1-3","F","F",2,6,20,"T","T",1,"F","F",0,"F","F",2,"F","F",7,"L","F","F","7S",0,0,"N",0,"N",0,"N",1,3,4,4,"","","","","F","F","F","F","F","F","F","F","F","koupl101","koupl101","koupl101","F","F","F","F","F","","","","",0,0,0,0,0,0,0,0,0,59,"PHI","PHI","PIT",1,"F","F",12,4,0,32,5,"T","F",7,5,"T","T","sandh101","hubec101","F","F",8,4,57,9,3,56,7,1,54,"goocj101","goocj101","smite106",0,0,0,0,0,0,0,0,0,0,0,0,2,"barnc102","F","F","F","F",2,4,4,4,1,0,0,0,0,0,F,F,"1925PHI.EVN.regular.event.csv",936
"PHI192505080","PIT",5,1,2,0,0,"",4,14,"sandh101","?","sandh101","?","koupl101","?","koupl101","?","goocj101","nieha101","rawlj101","trayp101","wrigg102","barnc102","carem101","cuylk101","henlb101","","harpg101","SBH;SB2","F","F",6,7,4,"F","F",0,"F","F",0,"F","F",0,"F","F",0,"","F","F","",0,0,"N",0,"N",0,"N",0,2,0,4,"","","","","T","F","T","F","F","F","F","F","F","koupl101","","koupl101","F","F","F","F","F","","","","",0,0,0,0,0,0,0,0,0,60,"PHI","PHI","PIT",1,"F","F",14,4,2,33,6,"T","F",5,2,"T","T","hubec101","carlh101","F","F",2,6,59,0,0,0,8,4,57,"goocj101","","goocj101",0,0,0,0,0,0,0,0,0,0,0,0,1,"","F","F","F","F",0,2,0,4,0,0,0,0,0,0,F,F,"1925PHI.EVN.regular.event.csv",937
"PHI192505080","PIT",5,1,2,0,0,"",4,15,"sandh101","?","sandh101","?","koupl101","?","koupl101","?","goocj101","nieha101","rawlj101","trayp101","wrigg102","barnc102","carem101","cuylk101","","henlb101","","W","F","F",6,7,14,"T","F",0,"F","F",0,"F","F",0,"F","F",0,"","F","F","",0,0,"N",0,"N",0,"N",1,0,2,0,"","","","","F","F","F","F","F","F","F","F","F","","koupl101","","F","F","F","F","F","","","","",0,0,0,0,0,0,0,0,0,61,"PHI","PHI","PIT",1,"F","F",15,4,3,33,6,"F","F",2,3,"T","T","hubec101","carlh101","F","F",0,0,0,2,6,59,0,0,0,"","goocj101","",0,0,0,0,0,0,0,0,0,0,0,0,0,"","F","F","F","F",1,0,2,0,0,0,0,0,0,0,F,F,"1925PHI.EVN.regular.event.csv",938
"PHI192505080","PIT",5,1,2,0,0,"",4,15,"hubec101","?","hubec101","?","koupl101","?","koupl101","?","goocj101","nieha101","rawlj101","trayp101","wrigg102","barnc102","carem101","cuylk101","sandh101","henlb101","","7/F","F","F",5,8,2,"T","T",0,"F","F",1,"F","F",0,"F","F",7,"F","F","F","",0,0,"N",0,"N",0,"N",0,1,2,0,"7","","","","F","F","F","F","F","F","F","F","F","koupl101","koupl101","","F","F","F","F","F","","","","",0,7,0,0,0,0,0,0,0,62,"PHI","PHI","PIT",1,"F","T",15,4,3,34,7,"T","F",3,3,"T","T","carlh101","burng101","F","F",6,7,61,2,6,59,0,0,0,"goocj101","goocj101","",0,0,0,0,0,0,0,0,0,0,0,0,0,"barnc102","F","F","F","F",0,1,2,0,0,0,0,0,0,0,F,F,"1925PHI.EVN.regular.event.csv",939
"PHI192505080","PIT",6,0,0,0,0,"",4,15,"trayp101","?","trayp101","?","carlh101","?","carlh101","?","henlb101","holkw101","wrigr102","hubec101","sandh101","burng101","harpg101","willc103","","","","D/F8S-","T","F",5,5,21,"T","T",2,"F","F",0,"F","F",0,"F","F",0,"F","F","F","8S",0,0,"N",0,"N",0,"N",2,0,0,0,"","","","","F","F","F","F","F","F","F","F","F","","","","F","F","F","F","F","","","","",0,0,0,0,0,0,0,0,0,63,"PHI","PIT","PHI",0,"T","F",4,15,0,22,0,"T","F",0,2,"T","T","wrigg102","nieha101","T","T",0,0,0,0,0,0,0,0,0,"","","",0,0,0,0,0,0,0,0,0,0,0,0,0,"","F","F","F","F",4,0,0,0,1,0,0,0,0,0,F,F,"1925PHI.EVN.regular.event.csv",940
"PHI192505080","PIT",6,0,0,0,0,"",4,15,"wrigg102","?","wrigg102","?","carlh101","?","carlh101","?","henlb101","holkw101","wrigr102","hubec101","sandh101","burng101","harpg101","willc103","","trayp101","","S9.2-3","F","F",6,6,20,"T","T",1,"F","F",0,"F","F",0,"F","F",9,"","F","F","",0,0,"N",0,"N",0,"N",1,0,3,0,"","","","","F","F","F","F","F","F","F","F","F","","carlh101","","F","F","F","F","F","","","","",0,0,0,0,0,0,0,0,0,64,"PHI","PIT","PHI",0,"F","F",4,15,0,23,1,"T","F",2,5,"T","T","nieha101","goocj101","T","T",0,0,0,5,5,63,0,0,0,"","henlb101","",0,0,0,0,0,0,0,0,0,0,0,0,0,"willc103","F","F","F","F",1,0,4,0,1,0,0,0,0,0,F,F,"1925PHI.EVN.regular.event.csv",941
"PHI192505080","PIT",6,0,0,0,0,"",4,15,"nieha101","?","nieha101","?","carlh101","?","carlh101","?","henlb101","holkw101","wrigr102","hubec101","sandh101","burng101","harpg101","willc103","wrigg102","","trayp101","9/F/SF.3-H","F","F",3,7,2,"T","F",0,"F","T",1,"F","F",1,"F","F",9,"F","F","F","",0,0,"N",0,"N",0,"N",0,1,0,4,"9","","","","F","F","F","F","F","F","F","F","F","carlh101","","carlh101","F","F","F","F","F","","","","",0,9,0,0,0,0,0,0,0,65,"PHI","PIT","PHI",0,"F","F",4,15,0,24,2,"T","F",5,1,"T","T","goocj101","koupl101","T","T",6,6,64,0,0,0,5,5,63,"henlb101","","henlb101",0,0,0,0,0,0,0,0,0,0,0,0,1,"willc103","F","F","F","F",0,1,0,4,0,0,0,0,0,0,F,F,"1925PHI.EVN.regular.event.csv",942
"PHI192505080","PIT",6,0,1,0,0,"",5,15,"goocj101","?","goocj101","?","carlh101","?","carlh101","?","henlb101","holkw101","wrigr102","hubec101","sandh101","burng101","harpg101","willc103","wrigg102","","","7/L78","F","F",2,8,2,"T","T",0,"F","F",1,"F","F",0,"F","F",7,"L","F","F","78",0,0,"N",0,"N",0,"N",0,1,0,0,"7","","","","F","F","F","F","F","F","F","F","F","carlh101","","","F","F","F","F","F","","","","",0,7,0,0,0,0,0,0,0,66,"PHI","PIT","PHI",0,"F","F",5,15,1,25,3,"T","F",1,1,"F","F","koupl101","carem101","T","T",6,6,64,0,0,0,0,0,0,"henlb101","","",0,0,0,0,0,0,0,0,0,0,0,0,0,"burng101","F","F","F","F",0,1,0,0,0,0,0,0,0,0,F,F,"1925PHI.EVN.regular.event.csv",943
"PHI192505080","PIT",6,0,2,0,0,"",5,15,"grang102","?","grang102","?","carlh101","?","carlh101","?","henlb101","holkw101","wrigr102","hubec101","sandh101","burng101","harpg101","willc103","wrigg102","","","43","F","T",11,9,2,"T","T",0,"F","F",1,"F","F",0,"F","F",4,"G","F","F","",0,0,"N",0,"N",0,"N",0,1,0,0,"43","","","","F","F","F","F","F","F","F","F","F","carlh101","","","F","F","F","F","F","","","","koupl101",1,3,0,0,4,0,0,0,0,67,"PHI","PIT","PHI",0,"F","T",5,15,1,26,4,"T","F",1,1,"F","F","carem101","cuylk101","T","T",6,6,64,0,0,0,0,0,0,"henlb101","","",0,0,0,0,0,0,0,0,0,0,0,0,0,"wrigr102","F","F","F","F",0,1,0,0,0,0,0,0,0,0,F,F,"1925PHI.EVN.regular.event.csv",944
"PHI192505080","PIT",6,1,0,0,0,"",5,15,"carlh101","?","carlh101","?","cullb101","?","cullb101","?","goocj101","nieha101","rawlj101","trayp101","wrigg102","barnc102","carem101","cuylk101","","","","13","T","F",1,9,2,"T","T",0,"F","F",1,"F","F",0,"F","F",1,"G","F","F","",0,0,"N",0,"N",0,"N",0,0,0,0,"13","","","","F","F","F","F","F","F","F","F","F","","","","F","F","F","F","F","","","","",0,3,0,0,1,0,0,0,0,68,"PHI","PHI","PIT",1,"T","F",15,5,0,35,0,"T","F",0,0,"T","T","burng101","wrigr102","F","F",0,0,0,0,0,0,0,0,0,"","","",0,0,0,0,0,0,0,0,0,0,0,0,0,"cullb101","F","F","F","F",0,0,0,0,0,0,0,0,0,0,F,F,"1925PHI.EVN.regular.event.csv",945
"PHI192505080","PIT",6,1,1,0,0,"",5,15,"burng101","?","burng101","?","cullb101","?","cullb101","?","goocj101","nieha101","rawlj101","trayp101","wrigg102","barnc102","carem101","cuylk101","","","","4/P","F","F",7,1,2,"T","T",0,"F","F",1,"F","F",0,"F","F",4,"P","F","F","",0,0,"N",0,"N",0,"N",0,0,0,0,"4","","","","F","F","F","F","F","F","F","F","F","","","","F","F","F","F","F","","","","",0,4,0,0,0,0,0,0,0,69,"PHI","PHI","PIT",1,"F","F",15,5,0,36,1,"T","F",0,0,"T","T","wrigr102","willc103","F","F",0,0,0,0,0,0,0,0,0,"","","",0,0,0,0,0,0,0,0,0,0,0,0,0,"rawlj101","F","F","F","F",0,0,0,0,0,0,0,0,0,0,F,F,"1925PHI.EVN.regular.event.csv",946
"PHI192505080","PIT",6,1,2,0,0,"",5,15,"wrigr102","?","wrigr102","?","cullb101","?","cullb101","?","goocj101","nieha101","rawlj101","trayp101","wrigg102","barnc102","carem101","cuylk101","","","","7/F","F","F",4,2,2,"T","T",0,"F","F",1,"F","F",0,"F","F",7,"F","F","F","",0,0,"N",0,"N",0,"N",0,0,0,0,"7","","","","F","F","F","F","F","F","F","F","F","","","","F","F","F","F","F","","","","",0,7,0,0,0,0,0,0,0,70,"PHI","PHI","PIT",1,"F","T",15,5,0,37,2,"T","F",0,0,"F","F","willc103","harpg101","F","F",0,0,0,0,0,0,0,0,0,"","","",0,0,0,0,0,0,0,0,0,0,0,0,0,"barnc102","F","F","F","F",0,0,0,0,0,0,0,0,0,0,F,F,"1925PHI.EVN.regular.event.csv",947
"PHI192505080","PIT",7,0,0,0,0,"",5,15,"carem101","?","carem101","?","carlh101","?","carlh101","?","henlb101","holkw101","wrigr102","hubec101","sandh101","burng101","harpg101","willc103","","","","S6/G","T","F",8,1,20,"T","T",1,"F","F",0,"F","F",0,"F","F",6,"G","F","F","",0,0,"N",0,"N",0,"N",1,0,0,0,"","","","","F","F","F","F","F","F","F","F","F","","","","F","F","F","F","F","","","","",0,0,0,0,0,0,0,0,0,71,"PHI","PIT","PHI",0,"T","F",5,15,0,27,0,"T","F",0,1,"T","T","cuylk101","rawlj101","T","T",0,0,0,0,0,0,0,0,0,"","","",0,0,0,0,0,0,0,0,0,0,0,0,0,"sandh101","F","F","F","F",4,0,0,0,2,0,0,0,0,0,F,F,"1925PHI.EVN.regular.event.csv",948
"PHI192505080","PIT",7,0,0,0,0,"",5,15,"cuylk101","?","cuylk101","?","carlh101","?","carlh101","?","henlb101","holkw101","wrigr102","hubec101","sandh101","burng101","harpg101","willc103","carem101","","","9/F","F","F",9,2,2,"T","T",0,"F","F",1,"F","F",0,"F","F",9,"F","F","F","",0,0,"N",0,"N",0,"N",0,1,0,0,"9","","","","F","F","F","F","F","F","F","F","F","carlh101","","","F","F","F","F","F","","","","",0,9,0,0,0,0,0,0,0,72,"PHI","PIT","PHI",0,"F","F",5,15,0,28,1,"T","F",1,1,"T","T","rawlj101","barnc102","T","T",8,1,71,0,0,0,0,0,0,"henlb101","","",0,0,0,0,0,0,0,0,0,0,0,0,0,"willc103","F","F","F","F",0,4,0,0,2,0,0,0,0,0,F,F,"1925PHI.EVN.regular.event.csv",949
"PHI192505080","PIT",7,0,1,0,0,"",5,15,"rawlj101","?","rawlj101","?","carlh101","?","carlh101","?","henlb101","holkw101","wrigr102","hubec101","sandh101","burng101","harpg101","willc103","carem101","","","SB2","F","F",4,3,4,"F","F",0,"F","F",0,"F","F",0,"F","F",0,"","F","F","",0,0,"N",0,"N",0,"N",0,2,0,0,"","","","","T","F","F","F","F","F","F","F","F","carlh101","","","F","F","F","F","F","","","","",0,0,0,0,0,0,0,0,0,73,"PHI","PIT","PHI",0,"F","F",5,15,0,29,2,"T","F",1,2,"F","F","barnc102","trayp101","T","T",8,1,71,0,0,0,0,0,0,"henlb101","","",0,0,0,0,0,0,0,0,0,0,0,0,0,"","F","F","F","F",0,4,0,0,2,0,0,0,0,0,F,F,"1925PHI.EVN.regular.event.csv",950
"PHI192505080","PIT",7,0,1,0,0,"",5,15,"rawlj101","?","rawlj101","?","carlh101","?","carlh101","?","henlb101","holkw101","wrigr102","hubec101","sandh101","burng101","harpg101","willc103","","carem101","","S8/G6.2-H","F","F",4,3,20,"T","T",1,"F","F",0,"F","F",1,"F","F",8,"G","F","F","6",0,0,"N",0,"N",0,"N",1,0,4,0,"","","","","F","F","F","F","F","F","F","F","F","","carlh101","","F","F","F","F","F","","","","",0,0,0,0,0,0,0,0,0,74,"PHI","PIT","PHI",0,"F","F",5,15,0,29,2,"F","F",2,1,"F","F","barnc102","trayp101","T","T",0,0,0,8,1,71,0,0,0,"","henlb101","",0,0,0,0,0,0,0,0,0,0,0,0,1,"harpg101","F","F","F","F",4,0,4,0,1,0,0,0,0,0,F,F,"1925PHI.EVN.regular.event.csv",951
"PHI192505080","PIT",7,0,1,0,0,"",6,15,"barnc102","?","barnc102","?","carlh101","?","carlh101","?","henlb101","holkw101","wrigr102","hubec101","sandh101","burng101","harpg101","willc103","rawlj101","","","D/89XDW.1-3","F","F",7,4,21,"T","T",2,"F","F",0,"F","F",0,"F","F",0,"","F","F","89XDW",0,0,"N",0,"N",0,"N",2,3,0,0,"","","","","F","F","F","F","F","F","F","F","F","carlh101","","","F","F","F","F","F","","","","",0,0,0,0,0,0,0,0,0,75,"PHI","PIT","PHI",0,"F","F",6,15,1,30,3,"T","F",1,6,"T","T","trayp101","wrigg102","T","T",4,3,74,0,0,0,0,0,0,"henlb101","","",0,0,0,0,0,0,0,0,0,0,0,0,0,"","F","F","F","F",0,4,0,0,1,0,0,0,0,0,F,F,"1925PHI.EVN.regular.event.csv",952
"PHI192505080","PIT",7,0,1,0,0,"",6,15,"trayp101","?","trayp101","?","carlh101","?","carlh101","?","henlb101","holkw101","wrigr102","hubec101","sandh101","burng101","harpg101","willc103","","barnc102","rawlj101","8/F8XD/SF.3-H;2-3","F","F",5,5,2,"T","F",0,"F","T",1,"F","F",1,"F","F",8,"F","F","F","8XD",0,0,"N",0,"N",0,"N",0,0,3,4,"8","","","","F","F","F","F","F","F","F","F","F","","carlh101","carlh101","F","F","F","F","F","","","","",0,8,0,0,0,0,0,0,0,76,"PHI","PIT","PHI",0,"F","F",6,15,1,31,4,"T","F",6,4,"T","T","wrigg102","nieha101","T","T",0,0,0,7,4,75,4,3,74,"","henlb101","henlb101",0,0,0,0,0,0,0,0,0,0,0,0,1,"harpg101","F","F","F","F",0,0,0,4,0,0,0,0,0,0,F,F,"1925PHI.EVN.regular.event.csv",953
"PHI192505080","PIT",7,0,2,0,0,"",7,15,"wrigg102","?","wrigg102","?","carlh101","?","carlh101","?","henlb101","holkw101","wrigr102","hubec101","sandh101","burng101","harpg101","willc103","","","barnc102","3/P","F","F",6,6,2,"T","T",0,"F","F",1,"F","F",0,"F","F",3,"P","F","F","",0,0,"N",0,"N",0,"N",0,0,0,3,"3","","","","F","F","F","F","F","F","F","F","F","","","carlh101","F","F","F","F","F","","","","",0,3,0,0,0,0,0,0,0,77,"PHI","PIT","PHI",0,"F","T",7,15,2,32,5,"T","F",4,4,"T","T","nieha101","goocj101","T","T",0,0,0,0,0,0,7,4,75,"","","henlb101",0,0,0,0,0,0,0,0,0,0,0,0,0,"holkw101","F","F","F","F",0,0,0,0,0,0,0,0,0,0,F,F,"1925PHI.EVN.regular.event.csv",954
"PHI192505080","PIT",7,1,0,0,0,"",7,15,"willc103","?","willc103","?","cullb101","?","cullb101","?","goocj101","nieha101","rawlj101","trayp101","wrigg102","barnc102","carem101","cuylk101","","","","D8/L8S","T","F",9,3,21,"T","T",2,"F","F",0,"F","F",0,"F","F",8,"L","F","F","8S",0,0,"N",0,"N",0,"N",2,0,0,0,"","","","","F","F","F","F","F","F","F","F","F","","","","F","F","F","F","F","","","","",0,0,0,0,0,0,0,0,0,78,"PHI","PHI","PIT",1,"T","F",15,7,0,38,0,"T","F",0,2,"T","T","harpg101","holkw101","F","F",0,0,0,0,0,0,0,0,0,"","","",0,0,0,0,0,0,0,0,0,0,0,0,0,"carem101","F","F","F","F",0,0,0,0,0,0,0,0,0,0,F,F,"1925PHI.EVN.regular.event.csv",955
"PHI192505080","PIT",7,1,0,0,0,"",7,15,"harpg101","?","harpg101","?","cullb101","?","cullb101","?","goocj101","nieha101","rawlj101","trayp101","wrigg102","barnc102","carem101","cuylk101","","willc103","","8/F","F","F",8,4,2,"T","T",0,"F","F",1,"F","F",0,"F","F",8,"F","F","F","",0,0,"N",0,"N",0,"N",0,0,2,0,"8","","","","F","F","F","F","F","F","F","F","F","","cullb101","","F","F","F","F","F","","","","",0,8,0,0,0,0,0,0,0,79,"PHI","PHI","PIT",1,"F","F",15,7,0,39,1,"T","F",2,2,"T","T","holkw101","henlb101","F","F",0,0,0,9,3,78,0,0,0,"","goocj101","",0,0,0,0,0,0,0,0,0,0,0,0,0,"carem101","F","F","F","F",0,0,0,0,0,0,0,0,0,0,F,F,"1925PHI.EVN.regular.event.csv",956
"PHI192505080","PIT",7,1,1,0,0,"",7,15,"holkw101","?","holkw101","?","cullb101","?","cullb101","?","goocj101","nieha101","rawlj101","trayp101","wrigg102","barnc102","carem101","cuylk101","","willc103","","7/L","F","F",3,5,2,"T","T",0,"F","F",1,"F","F",0,"F","F",7,"L","F","F","",0,0,"N",0,"N",0,"N",0,0,2,0,"7","","","","F","F","F","F","F","F","F","F","F","","cullb101","","F","F","F","F","F","","","","",0,7,0,0,0,0,0,0,0,80,"PHI","PHI","PIT",1,"F","F",15,7,0,40,2,"T","F",2,2,"F","F","henlb101","sandh101","F","F",0,0,0,9,3,78,0,0,0,"","goocj101","",0,0,0,0,0,0,0,0,0,0,0,0,0,"barnc102","F","F","F","F",0,0,0,0,0,0,0,0,0,0,F,F,"1925PHI.EVN.regular.event.csv",957
"PHI192505080","PIT",7,1,2,0,0,"",7,15,"henlb101","?","henlb101","?","cullb101","?","cullb101","?","goocj101","nieha101","rawlj101","trayp101","wrigg102","barnc102","carem101","cuylk101","","willc103","","6E3.2-3","F","F",2,6,2,"T","T",0,"F","F",0,"F","F",0,"F","F",6,"G","F","F","",1,3,"D",0,"N",0,"N",1,0,3,0,"6E3","","","","F","F","F","F","F","F","F","F","F","","cullb101","","F","F","F","F","F","","","","",0,0,0,0,6,0,0,0,0,81,"PHI","PHI","PIT",1,"F","F",15,7,0,41,3,"T","F",2,5,"T","T","sandh101","hubec101","F","F",0,0,0,9,3,78,0,0,0,"","goocj101","",0,0,0,0,0,0,0,0,0,0,0,0,0,"wrigg102","F","F","F","T",0,0,0,0,0,0,0,0,0,0,F,F,"1925PHI.EVN.regular.event.csv",958
"PHI192505080","PIT",7,1,2,0,0,"",7,15,"sandh101","?","sandh101","?","cullb101","?","cullb101","?","goocj101","nieha101","rawlj101","trayp101","wrigg102","barnc102","carem101","cuylk101","henlb101","","willc103","CSH(2432)","F","F",6,7,6,"F","F",0,"F","F",1,"F","F",0,"F","F",0,"","F","F","",0,0,"N",0,"N",0,"N",0,1,0,0,"","","","2432","F","F","F","F","F","T","F","F","F","cullb101","","cullb101","F","F","F","F","F","","","","",0,2,0,0,2,4,3,0,0,82,"PHI","PHI","PIT",1,"F","T",15,7,0,42,4,"T","T",5,1,"T","T","hubec101","carlh101","F","F",2,6,81,0,0,0,9,3,78,"goocj101","","goocj101",0,0,0,0,0,0,0,0,0,0,0,0,0,"","F","F","F","F",0,0,0,0,0,0,0,0,0,0,F,F,"1925PHI.EVN.regular.event.csv",959
"PHI192505080","PIT",8,0,0,0,0,"",7,15,"nieha101","?","nieha101","?","carlh101","?","carlh101","?","henlb101","holkw101","wrigr102","hubec101","sandh101","burng101","harpg101","willc103","","","","2/FL","T","F",3,7,2,"T","T",0,"F","F",1,"F","F",0,"F","F",2,"F","F","T","",0,0,"N",0,"N",0,"N",0,0,0,0,"2","","","","F","F","F","F","F","F","F","F","F","","","","F","F","F","F","F","","","","",0,2,0,0,0,0,0,0,0,83,"PHI","PIT","PHI",0,"T","F",7,15,0,33,0,"T","F",0,0,"T","T","goocj101","cullb101","T","T",0,0,0,0,0,0,0,0,0,"","","",0,0,0,0,0,0,0,0,0,0,0,0,0,"henlb101","F","F","F","F",0,0,0,0,0,0,0,0,0,0,F,F,"1925PHI.EVN.regular.event.csv",960
"PHI192505080","PIT",8,0,1,0,0,"",7,15,"goocj101","?","goocj101","?","carlh101","?","carlh101","?","henlb101","holkw101","wrigr102","hubec101","sandh101","burng101","harpg101","willc103","","","","S9","F","F",2,8,20,"T","T",1,"F","F",0,"F","F",0,"F","F",9,"","F","F","",0,0,"N",0,"N",0,"N",1,0,0,0,"","","","","F","F","F","F","F","F","F","F","F","","","","F","F","F","F","F","","","","",0,0,0,0,0,0,0,0,0,84,"PHI","PIT","PHI",0,"F","F",7,15,0,34,1,"T","F",0,1,"F","F","cullb101","carem101","T","T",0,0,0,0,0,0,0,0,0,"","","",0,0,0,0,0,0,0,0,0,0,0,0,0,"willc103","F","F","F","F",0,0,0,0,0,0,0,0,0,0,F,F,"1925PHI.EVN.regular.event.csv",961
"PHI192505080","PIT",8,0,1,0,0,"",7,15,"cullb101","?","cullb101","?","carlh101","?","carlh101","?","henlb101","holkw101","wrigr102","hubec101","sandh101","burng101","harpg101","willc103","goocj101","","","K","F","F",1,9,3,"T","T",0,"F","F",1,"F","F",0,"F","F",0,"","F","F","",0,0,"N",0,"N",0,"N",0,1,0,0,"2","","","","F","F","F","F","F","F","F","F","F","carlh101","","","F","F","F","F","F","","","","",0,2,0,0,0,0,0,0,0,85,"PHI","PIT","PHI",0,"F","F",7,15,0,35,2,"T","F",1,1,"F","F","carem101","cuylk101","T","T",2,8,84,0,0,0,0,0,0,"henlb101","","",0,0,0,0,0,0,0,0,0,0,0,0,0,"","F","F","F","F",0,0,0,0,0,0,0,0,0,0,F,F,"1925PHI.EVN.regular.event.csv",962
"PHI192505080","PIT",8,0,2,0,0,"",7,15,"carem101","?","carem101","?","carlh101","?","carlh101","?","henlb101","holkw101","wrigr102","hubec101","sandh101","burng101","harpg101","willc103","goocj101","","","D9.1-3","F","F",8,1,21,"T","T",2,"F","F",0,"F","F",0,"F","F",9,"","F","F","",0,0,"N",0,"N",0,"N",2,3,0,0,"","","","","F","F","F","F","F","F","F","F","F","carlh101","","","F","F","F","F","F","","","","",0,0,0,0,0,0,0,0,0,86,"PHI","PIT","PHI",0,"F","F",7,15,0,36,3,"T","F",1,6,"T","T","cuylk101","rawlj101","T","T",2,8,84,0,0,0,0,0,0,"henlb101","","",0,0,0,0,0,0,0,0,0,0,0,0,0,"willc103","F","F","F","F",0,0,0,0,0,0,0,0,0,0,F,F,"1925PHI.EVN.regular.event.csv",963
"PHI192505080","PIT",8,0,2,0,0,"",7,15,"cuylk101","?","cuylk101","?","carlh101","?","carlh101","?","henlb101","holkw101","wrigr102","hubec101","sandh101","burng101","harpg101","willc103","","carem101","goocj101","53","F","F",9,2,2,"T","T",0,"F","F",1,"F","F",0,"F","F",5,"G","F","F","",0,0,"N",0,"N",0,"N",0,0,2,3,"53","","","","F","F","F","F","F","F","F","F","F","","carlh101","carlh101","F","F","F","F","F","","","","",0,3,0,0,5,0,0,0,0,87,"PHI","PIT","PHI",0,"F","T",7,15,0,37,4,"T","F",6,6,"T","T","rawlj101","barnc102","T","T",0,0,0,8,1,86,2,8,84,"","henlb101","henlb101",0,0,0,0,0,0,0,0,0,0,0,0,0,"hubec101","F","F","F","F",0,0,0,0,0,0,0,0,0,0,F,F,"1925PHI.EVN.regular.event.csv",964
"PHI192505080","PIT",8,1,0,0,0,"",7,15,"sandh101","?","sandh101","?","cullb101","?","cullb101","?","goocj101","nieha101","rawlj101","trayp101","wrigg102","barnc102","carem101","cuylk101","","","","S7","T","F",6,7,20,"T","T",1,"F","F",0,"F","F",0,"F","F",7,"","F","F","",0,0,"N",0,"N",0,"N",1,0,0,0,"","","","","F","F","F","F","F","F","F","F","F","","","","F","F","F","F","F","","","","",0,0,0,0,0,0,0,0,0,88,"PHI","PHI","PIT",1,"T","F",15,7,0,42,0,"T","F",0,1,"T","T","hubec101","carlh101","F","F",0,0,0,0,0,0,0,0,0,"","","",0,0,0,0,0,0,0,0,0,0,0,0,0,"barnc102","F","F","F","F",0,0,0,0,0,0,0,0,0,0,F,F,"1925PHI.EVN.regular.event.csv",965
"PHI192505080","PIT",8,1,0,0,0,"",7,15,"hubec101","?","hubec101","?","cullb101","?","cullb101","?","goocj101","nieha101","rawlj101","trayp101","wrigg102","barnc102","carem101","cuylk101","sandh101","","","46(1)/FO","F","F",5,8,2,"T","T",0,"F","F",1,"F","F",0,"F","F",4,"G","F","F","",0,0,"N",0,"N",0,"N",1,0,0,0,"","46","","","F","F","F","F","F","F","F","F","F","cullb101","","","F","F","F","F","F","","","","",0,6,0,0,4,0,0,0,0,89,"PHI","PHI","PIT",1,"F","F",15,7,0,43,1,"T","F",1,1,"T","T","carlh101","burng101","F","F",6,7,88,0,0,0,0,0,0,"goocj101","","",0,0,0,0,0,0,0,0,0,0,0,0,0,"rawlj101","T","F","F","F",0,0,0,0,0,0,0,0,0,0,F,F,"1925PHI.EVN.regular.event.csv",966
"PHI192505080","PIT",8,1,1,0,0,"",7,15,"carlh101","?","carlh101","?","cullb101","?","cullb101","?","goocj101","nieha101","rawlj101","trayp101","wrigg102","barnc102","carem101","cuylk101","hubec101","","","46(1)/FO","F","F",1,9,2,"T","T",0,"F","F",1,"F","F",0,"F","F",4,"G","F","F","",0,0,"N",0,"N",0,"N",1,0,0,0,"","46","","","F","F","F","F","F","F","F","F","F","cullb101","","","F","F","F","F","F","","","","",0,6,0,0,4,0,0,0,0,90,"PHI","PHI","PIT",1,"F","F",15,7,0,44,2,"T","F",1,1,"T","T","burng101","wrigr102","F","F",5,8,89,0,0,0,0,0,0,"goocj101","","",0,0,0,0,0,0,0,0,0,0,0,0,0,"rawlj101","T","F","F","F",0,0,0,0,0,0,0,0,0,0,F,F,"1925PHI.EVN.regular.event.csv",967
"PHI192505080","PIT",8,1,2,0,0,"",7,15,"burng101","?","burng101","?","cullb101","?","cullb101","?","goocj101","nieha101","rawlj101","trayp101","wrigg102","barnc102","carem101","cuylk101","carlh101","","","8/F","F","F",7,1,2,"T","T",0,"F","F",1,"F","F",0,"F","F",8,"F","F","F","",0,0,"N",0,"N",0,"N",0,1,0,0,"8","","","","F","F","F","F","F","F","F","F","F","cullb101","","","F","F","F","F","F","","","","",0,8,0,0,0,0,0,0,0,91,"PHI","PHI","PIT",1,"F","T",15,7,0,45,3,"T","F",1,1,"T","T","wrigr102","willc103","F","F",1,9,90,0,0,0,0,0,0,"goocj101","","",0,0,0,0,0,0,0,0,0,0,0,0,0,"carem101","F","F","F","F",0,0,0,0,0,0,0,0,0,0,F,F,"1925PHI.EVN.regular.event.csv",968
"PHI192505080","PIT",9,0,0,0,0,"",7,15,"rawlj101","?","rawlj101","?","carlh101","?","carlh101","?","henlb101","holkw101","wrigr102","hubec101","sandh101","burng101","harpg101","willc103","","","","6/P/FL","T","F",4,3,2,"T","T",0,"F","F",1,"F","F",0,"F","F",6,"P","F","T","",0,0,"N",0,"N",0,"N",0,0,0,0,"6","","","","F","F","F","F","F","F","F","F","F","","","","F","F","F","F","F","","","","",0,6,0,0,0,0,0,0,0,92,"PHI","PIT","PHI",0,"T","F",7,15,0,38,0,"T","F",0,0,"F","F","barnc102","trayp101","T","T",0,0,0,0,0,0,0,0,0,"","","",0,0,0,0,0,0,0,0,0,0,0,0,0,"sandh101","F","F","F","F",0,0,0,0,0,0,0,0,0,0,F,F,"1925PHI.EVN.regular.event.csv",969
"PHI192505080","PIT",9,0,1,0,0,"",7,15,"barnc102","?","barnc102","?","carlh101","?","carlh101","?","henlb101","holkw101","wrigr102","hubec101","sandh101","burng101","harpg101","willc103","","","","W","F","F",7,4,14,"T","F",0,"F","F",0,"F","F",0,"F","F",0,"","F","F","",0,0,"N",0,"N",0,"N",1,0,0,0,"","","","","F","F","F","F","F","F","F","F","F","","","","F","F","F","F","F","","","","",0,0,0,0,0,0,0,0,0,93,"PHI","PIT","PHI",0,"F","F",7,15,0,39,1,"T","F",0,1,"T","T","trayp101","wrigg102","T","T",0,0,0,0,0,0,0,0,0,"","","",0,0,0,0,0,0,0,0,0,0,0,0,0,"","F","F","F","F",1,0,0,0,0,0,0,0,0,0,F,F,"1925PHI.EVN.regular.event.csv",970
"PHI192505080","PIT",9,0,1,0,0,"",7,15,"trayp101","?","trayp101","?","carlh101","?","carlh101","?","henlb101","holkw101","wrigr102","hubec101","sandh101","burng101","harpg101","willc103","barnc102","","","9/F","F","F",5,5,2,"T","T",0,"F","F",1,"F","F",0,"F","F",9,"F","F","F","",0,0,"N",0,"N",0,"N",0,1,0,0,"9","","","","F","F","F","F","F","F","F","F","F","carlh101","","","F","F","F","F","F","","","","",0,9,0,0,0,0,0,0,0,94,"PHI","PIT","PHI",0,"F","F",7,15,0,40,2,"T","F",1,1,"T","T","wrigg102","nieha101","T","T",7,4,93,0,0,0,0,0,0,"henlb101","","",0,0,0,0,0,0,0,0,0,0,0,0,0,"willc103","F","F","F","F",0,1,0,0,0,0,0,0,0,0,F,F,"1925PHI.EVN.regular.event.csv",971
"PHI192505080","PIT",9,0,2,0,0,"",7,15,"wrigg102","?","wrigg102","?","carlh101","?","carlh101","?","henlb101","holkw101","wrigr102","hubec101","sandh101","burng101","harpg101","willc103","barnc102","","","7/F","F","F",6,6,2,"T","T",0,"F","F",1,"F","F",0,"F","F",7,"F","F","F","",0,0,"N",0,"N",0,"N",0,1,0,0,"7","","","","F","F","F","F","F","F","F","F","F","carlh101","","","F","T","F","F","F","","","","",0,7,0,0,0,0,0,0,0,95,"PHI","PIT","PHI",0,"F","T",7,15,0,41,3,"T","F",1,1,"T","T","nieha101","goocj101","T","T",7,4,93,0,0,0,0,0,0,"henlb101","","",0,0,0,0,0,0,0,0,0,0,0,0,0,"burng101","F","F","F","F",0,1,0,0,0,0,0,0,0,0,F,F,"1925PHI.EVN.regular.event.csv",972
"PHI192505090","PIT",1,0,0,0,0,"",0,0,"carem101","?","carem101","?","mitcc102","?","mitcc102","?","henlb101","holkw101","fonsl101","hubec101","sandh101","burng101","harpg101","willc103","","","","4/P","T","F",8,1,2,"T","T",0,"F","F",1,"F","F",0,"F","F",4,"P","F","F","",0,0,"N",0,"N",0,"N",0,0,0,0,"4","","","","F","F","F","F","F","F","F","F","F","","","","T","F","F","F","F","","","","",0,4,0,0,0,0,0,0,0,1,"PHI","PIT","PHI",0,"T","F",0,0,0,0,0,"T","F",0,0,"T","T","cuylk101","moore102","T","T",0,0,0,0,0,0,0,0,0,"","","",0,0,0,0,0,0,0,0,0,0,0,0,0,"fonsl101","F","F","F","F",0,0,0,0,0,0,0,0,0,0,F,F,"1925PHI.EVN.regular.event.csv",973
"PHI192505090","PIT",1,0,1,0,0,"",0,0,"cuylk101","?","cuylk101","?","mitcc102","?","mitcc102","?","henlb101","holkw101","fonsl101","hubec101","sandh101","burng101","harpg101","willc103","","","","8/F","F","F",9,2,2,"T","T",0,"F","F",1,"F","F",0,"F","F",8,"F","F","F","",0,0,"N",0,"N",0,"N",0,0,0,0,"8","","","","F","F","F","F","F","F","F","F","F","","","","F","F","F","F","F","","","","",0,8,0,0,0,0,0,0,0,2,"PHI","PIT","PHI",0,"F","F",0,0,0,1,1,"T","F",0,0,"T","T","moore102","barnc102","T","T",0,0,0,0,0,0,0,0,0,"","","",0,0,0,0,0,0,0,0,0,0,0,0,0,"harpg101","F","F","F","F",0,0,0,0,0,0,0,0,0,0,F,F,"1925PHI.EVN.regular.event.csv",974
"PHI192505090","PIT",1,0,2,0,0,"",0,0,"moore102","?","moore102","?","mitcc102","?","mitcc102","?","henlb101","holkw101","fonsl101","hubec101","sandh101","burng101","harpg101","willc103","","","","43","F","F",4,3,2,"T","T",0,"F","F",1,"F","F",0,"F","F",4,"G","F","F","",0,0,"N",0,"N",0,"N",0,0,0,0,"43","","","","F","F","F","F","F","F","F","F","F","","","","F","F","F","F","F","","","","",0,3,0,0,4,0,0,0,0,3,"PHI","PIT","PHI",0,"F","T",0,0,0,2,2,"T","F",0,0,"T","T","barnc102","trayp101","T","T",0,0,0,0,0,0,0,0,0,"","","",0,0,0,0,0,0,0,0,0,0,0,0,0,"fonsl101","F","F","F","F",0,0,0,0,0,0,0,0,0,0,F,F,"1925PHI.EVN.regular.event.csv",975
"PHI192505090","PIT",1,1,0,0,0,"",0,0,"burng101","?","burng101","?","morrj105","?","morrj105","?","goocj101","nieha101","moore102","trayp101","wrigg102","barnc102","carem101","cuylk101","","","","13","T","F",7,1,2,"T","T",0,"F","F",1,"F","F",0,"F","F",1,"G","F","F","",0,0,"N",0,"N",0,"N",0,0,0,0,"13","","","","F","F","F","F","F","F","F","F","F","","","","F","F","F","F","F","","","","",0,3,0,0,1,0,0,0,0,4,"PHI","PHI","PIT",1,"T","F",0,0,0,0,0,"T","F",0,0,"T","T","fonsl101","willc103","T","T",0,0,0,0,0,0,0,0,0,"","","",0,0,0,0,0,0,0,0,0,0,0,0,0,"morrj105","F","F","F","F",0,0,0,0,0,0,0,0,0,0,F,F,"1925PHI.EVN.regular.event.csv",976
"PHI192505090","PIT",1,1,1,0,0,"",0,0,"fonsl101","?","fonsl101","?","morrj105","?","morrj105","?","goocj101","nieha101","moore102","trayp101","wrigg102","barnc102","carem101","cuylk101","","","","43","F","F",4,2,2,"T","T",0,"F","F",1,"F","F",0,"F","F",4,"G","F","F","",0,0,"N",0,"N",0,"N",0,0,0,0,"43","","","","F","F","F","F","F","F","F","F","F","","","","F","F","F","F","F","","","","",0,3,0,0,4,0,0,0,0,5,"PHI","PHI","PIT",1,"F","F",0,0,0,1,1,"T","F",0,0,"T","T","willc103","harpg101","T","T",0,0,0,0,0,0,0,0,0,"","","",0,0,0,0,0,0,0,0,0,0,0,0,0,"moore102","F","F","F","F",0,0,0,0,0,0,0,0,0,0,F,F,"1925PHI.EVN.regular.event.csv",977
"PHI192505090","PIT",1,1,2,0,0,"",0,0,"willc103","?","willc103","?","morrj105","?","morrj105","?","goocj101","nieha101","moore102","trayp101","wrigg102","barnc102","carem101","cuylk101","","","","W","F","F",9,3,14,"T","F",0,"F","F",0,"F","F",0,"F","F",0,"","F","F","",0,0,"N",0,"N",0,"N",1,0,0,0,"","","","","F","F","F","F","F","F","F","F","F","","","","F","F","F","F","F","","","","",0,0,0,0,0,0,0,0,0,6,"PHI","PHI","PIT",1,"F","F",0,0,0,2,2,"T","F",0,1,"T","T","harpg101","holkw101","T","T",0,0,0,0,0,0,0,0,0,"","","",0,0,0,0,0,0,0,0,0,0,0,0,0,"","F","F","F","F",0,0,0,0,0,0,0,0,0,0,F,F,"1925PHI.EVN.regular.event.csv",978
"PHI192505090","PIT",1,1,2,0,0,"",0,0,"harpg101","?","harpg101","?","morrj105","?","morrj105","?","goocj101","nieha101","moore102","trayp101","wrigg102","barnc102","carem101","cuylk101","willc103","","","CS2(26)","F","F",8,4,6,"F","F",0,"F","F",1,"F","F",0,"F","F",0,"","F","F","",0,0,"N",0,"N",0,"N",0,0,0,0,"","26","","","F","F","F","T","F","F","F","F","F","morrj105","","","F","F","F","F","F","","","","",0,6,0,0,2,0,0,0,0,7,"PHI","PHI","PIT",1,"F","T",0,0,0,3,3,"T","T",1,0,"T","T","holkw101","henlb101","T","T",9,3,6,0,0,0,0,0,0,"goocj101","","",0,0,0,0,0,0,0,0,0,0,0,0,0,"","F","F","F","F",0,0,0,0,0,0,0,0,0,0,F,F,"1925PHI.EVN.regular.event.csv",979
"PHI192505090","PIT",2,0,0,0,0,"",0,0,"barnc102","?","barnc102","?","mitcc102","?","mitcc102","?","henlb101","holkw101","fonsl101","hubec101","sandh101","burng101","harpg101","willc103","","","","W","T","F",7,4,14,"T","F",0,"F","F",0,"F","F",0,"F","F",0,"","F","F","",0,0,"N",0,"N",0,"N",1,0,0,0,"","","","","F","F","F","F","F","F","F","F","F","","","","F","F","F","F","F","","","","",0,0,0,0,0,0,0,0,0,8,"PHI","PIT","PHI",0,"T","F",0,0,0,3,0,"T","F",0,1,"T","T","trayp101","wrigg102","T","T",0,0,0,0,0,0,0,0,0,"","","",0,0,0,0,0,0,0,0,0,0,0,0,0,"","F","F","F","F",0,0,0,0,0,0,0,0,0,0,F,F,"1925PHI.EVN.regular.event.csv",980
"PHI192505090","PIT",2,0,0,0,0,"",0,0,"trayp101","?","trayp101","?","mitcc102","?","mitcc102","?","henlb101","holkw101","fonsl101","hubec101","sandh101","burng101","harpg101","willc103","barnc102","","","46(1)/FO","F","F",5,5,2,"T","T",0,"F","F",1,"F","F",0,"F","F",4,"G","F","F","",0,0,"N",0,"N",0,"N",1,0,0,0,"","46","","","F","F","F","F","F","F","F","F","F","mitcc102","","","F","F","F","F","F","","","","",0,6,0,0,4,0,0,0,0,9,"PHI","PIT","PHI",0,"F","F",0,0,0,4,1,"T","F",1,1,"T","T","wrigg102","nieha101","T","T",7,4,8,0,0,0,0,0,0,"henlb101","","",0,0,0,0,0,0,0,0,0,0,0,0,0,"fonsl101","T","F","F","F",0,0,0,0,0,0,0,0,0,0,F,F,"1925PHI.EVN.regular.event.csv",981
"PHI192505090","PIT",2,0,1,0,0,"",0,0,"wrigg102","?","wrigg102","?","mitcc102","?","mitcc102","?","henlb101","holkw101","fonsl101","hubec101","sandh101","burng101","harpg101","willc103","trayp101","","","16(1)3/GDP","F","F",6,6,2,"T","T",0,"F","F",2,"T","F",0,"F","F",1,"G","F","F","",0,0,"N",0,"N",0,"N",0,0,0,0,"63","16","","","F","F","F","F","F","F","F","F","F","mitcc102","","","F","F","F","F","F","","","","",0,6,3,0,1,6,0,0,0,10,"PHI","PIT","PHI",0,"F","T",0,0,0,5,2,"T","F",1,0,"T","T","nieha101","goocj101","T","T",5,5,9,0,0,0,0,0,0,"henlb101","","",0,0,0,0,0,0,0,0,0,0,0,0,0,"mitcc102","T","F","F","F",0,0,0,0,0,0,0,0,0,0,F,F,"1925PHI.EVN.regular.event.csv",982
"PHI192505090","PIT",2,1,0,0,0,"",0,0,"harpg101","?","harpg101","?","morrj105","?","morrj105","?","goocj101","nieha101","moore102","trayp101","wrigg102","barnc102","carem101","cuylk101","","","","7/F","T","F",8,4,2,"T","T",0,"F","F",1,"F","F",0,"F","F",7,"F","F","F","",0,0,"N",0,"N",0,"N",0,0,0,0,"7","","","","F","F","F","F","F","F","F","F","F","","","","F","F","F","F","F","","","","",0,7,0,0,0,0,0,0,0,11,"PHI","PHI","PIT",1,"T","F",0,0,0,3,0,"T","F",0,0,"T","T","holkw101","henlb101","T","T",0,0,0,0,0,0,0,0,0,"","","",0,0,0,0,0,0,0,0,0,0,0,0,0,"barnc102","F","F","F","F",0,0,0,0,0,0,0,0,0,0,F,F,"1925PHI.EVN.regular.event.csv",983
"PHI192505090","PIT",2,1,1,0,0,"",0,0,"holkw101","?","holkw101","?","morrj105","?","morrj105","?","goocj101","nieha101","moore102","trayp101","wrigg102","barnc102","carem101","cuylk101","","","","S8","F","F",3,5,20,"T","T",1,"F","F",0,"F","F",0,"F","F",8,"","F","F","",0,0,"N",0,"N",0,"N",1,0,0,0,"","","","","F","F","F","F","F","F","F","F","F","","","","F","F","F","F","F","","","","",0,0,0,0,0,0,0,0,0,12,"PHI","PHI","PIT",1,"F","F",0,0,0,4,1,"T","F",0,1,"T","T","henlb101","sandh101","T","T",0,0,0,0,0,0,0,0,0,"","","",0,0,0,0,0,0,0,0,0,0,0,0,0,"carem101","F","F","F","F",0,0,0,0,0,0,0,0,0,0,F,F,"1925PHI.EVN.regular.event.csv",984
"PHI192505090","PIT",2,1,1,0,0,"",0,0,"henlb101","?","henlb101","?","morrj105","?","morrj105","?","goocj101","nieha101","moore102","trayp101","wrigg102","barnc102","carem101","cuylk101","holkw101","","","7/F","F","F",2,6,2,"T","T",0,"F","F",1,"F","F",0,"F","F",7,"F","F","F","",0,0,"N",0,"N",0,"N",0,1,0,0,"7","","","","F","F","F","F","F","F","F","F","F","morrj105","","","F","F","F","F","F","","","","",0,7,0,0,0,0,0,0,0,13,"PHI","PHI","PIT",1,"F","F",0,0,0,5,2,"T","F",1,1,"T","T","sandh101","hubec101","T","T",3,5,12,0,0,0,0,0,0,"goocj101","","",0,0,0,0,0,0,0,0,0,0,0,0,0,"barnc102","F","F","F","F",0,0,0,0,0,0,0,0,0,0,F,F,"1925PHI.EVN.regular.event.csv",985
"PHI192505090","PIT",2,1,2,0,0,"",0,0,"sandh101","?","sandh101","?","morrj105","?","morrj105","?","goocj101","nieha101","moore102","trayp101","wrigg102","barnc102","carem101","cuylk101","holkw101","","","W.1-2","F","F",6,7,14,"T","F",0,"F","F",0,"F","F",0,"F","F",0,"","F","F","",0,0,"N",0,"N",0,"N",1,2,0,0,"","","","","F","F","F","F","F","F","F","F","F","morrj105","","","F","F","F","F","F","","","","",0,0,0,0,0,0,0,0,0,14,"PHI","PHI","PIT",1,"F","F",0,0,0,6,3,"T","F",1,3,"T","T","hubec101","mitcc102","T","T",3,5,12,0,0,0,0,0,0,"goocj101","","",0,0,0,0,0,0,0,0,0,0,0,0,0,"","F","F","F","F",0,0,0,0,0,0,0,0,0,0,F,F,"1925PHI.EVN.regular.event.csv",986
"PHI192505090","PIT",2,1,2,0,0,"",0,0,"hubec101","?","hubec101","?","morrj105","?","morrj105","?","goocj101","nieha101","moore102","trayp101","wrigg102","barnc102","carem101","cuylk101","sandh101","holkw101","","54(1)/FO","F","F",5,8,2,"T","T",0,"F","F",1,"F","F",0,"F","F",5,"G","F","F","",0,0,"N",0,"N",0,"N",1,0,2,0,"","54","","","F","F","F","F","F","F","F","F","F","morrj105","morrj105","","F","F","F","F","F","","","","",0,4,0,0,5,0,0,0,0,15,"PHI","PHI","PIT",1,"F","T",0,0,0,7,4,"T","F",3,3,"T","T","mitcc102","burng101","T","T",6,7,14,3,5,12,0,0,0,"goocj101","goocj101","",0,0,0,0,0,0,0,0,0,0,0,0,0,"trayp101","T","F","F","F",0,0,0,0,0,0,0,0,0,0,F,F,"1925PHI.EVN.regular.event.csv",987
"PHI192505090","PIT",3,0,0,0,0,"",0,0,"nieha101","?","nieha101","?","mitcc102","?","mitcc102","?","henlb101","holkw101","fonsl101","hubec101","sandh101","burng101","harpg101","willc103","","","","D/89XDW","T","F",3,7,21,"T","T",2,"F","F",0,"F","F",0,"F","F",0,"","F","F","89XDW",0,0,"N",0,"N",0,"N",2,0,0,0,"","","","","F","F","F","F","F","F","F","F","F","","","","F","F","F","F","F","","","","",0,0,0,0,0,0,0,0,0,16,"PHI","PIT","PHI",0,"T","F",0,0,0,6,0,"T","F",0,2,"T","T","goocj101","morrj105","T","T",0,0,0,0,0,0,0,0,0,"","","",0,0,0,0,0,0,0,0,0,0,0,0,0,"","F","F","F","F",4,0,0,0,1,0,0,0,0,0,F,F,"1925PHI.EVN.regular.event.csv",988
"PHI192505090","PIT",3,0,0,0,0,"",0,0,"goocj101","?","goocj101","?","mitcc102","?","mitcc102","?","henlb101","holkw101","fonsl101","hubec101","sandh101","burng101","harpg101","willc103","","nieha101","","S8/89.2-H;BX2(8424)#","F","F",2,8,20,"T","T",1,"F","F",1,"F","F",1,"F","F",8,"","F","F","89",0,0,"N",0,"N",0,"N",0,0,4,0,"8424","","","","F","F","F","F","F","F","F","F","F","","mitcc102","","F","F","F","F","F","","","","",0,4,0,0,8,4,2,0,0,17,"PHI","PIT","PHI",0,"F","F",0,0,0,7,1,"T","F",2,0,"T","T","morrj105","carem101","T","T",0,0,0,3,7,16,0,0,0,"","henlb101","",0,0,0,0,0,0,0,0,0,0,0,0,1,"harpg101","F","F","F","F",0,0,4,0,0,0,0,0,0,0,F,T,"1925PHI.EVN.regular.event.csv",989
"PHI192505090","PIT",3,0,1,0,0,"",1,0,"morrj105","?","morrj105","?","mitcc102","?","mitcc102","?","henlb101","holkw101","fonsl101","hubec101","sandh101","burng101","harpg101","willc103","","","","13","F","F",1,9,2,"T","T",0,"F","F",1,"F","F",0,"F","F",1,"G","F","F","",0,0,"N",0,"N",0,"N",0,0,0,0,"13","","","","F","F","F","F","F","F","F","F","F","","","","F","F","F","F","F","","","","",0,3,0,0,1,0,0,0,0,18,"PHI","PIT","PHI",0,"F","F",1,0,1,8,2,"T","F",0,0,"T","T","carem101","cuylk101","T","T",0,0,0,0,0,0,0,0,0,"","","",0,0,0,0,0,0,0,0,0,0,0,0,0,"mitcc102","F","F","F","F",0,0,0,0,0,0,0,0,0,0,F,F,"1925PHI.EVN.regular.event.csv",990
"PHI192505090","PIT",3,0,2,0,0,"",1,0,"carem101","?","carem101","?","mitcc102","?","mitcc102","?","henlb101","holkw101","fonsl101","hubec101","sandh101","burng101","harpg101","willc103","","","","63","F","F",8,1,2,"T","T",0,"F","F",1,"F","F",0,"F","F",6,"G","F","F","",0,0,"N",0,"N",0,"N",0,0,0,0,"63","","","","F","F","F","F","F","F","F","F","F","","","","F","F","F","F","F","","","","",0,3,0,0,6,0,0,0,0,19,"PHI","PIT","PHI",0,"F","T",1,0,1,9,3,"T","F",0,0,"T","T","cuylk101","moore102","T","T",0,0,0,0,0,0,0,0,0,"","","",0,0,0,0,0,0,0,0,0,0,0,0,0,"sandh101","F","F","F","F",0,0,0,0,0,0,0,0,0,0,F,F,"1925PHI.EVN.regular.event.csv",991
"PHI192505090","PIT",3,1,0,0,0,"",1,0,"mitcc102","?","mitcc102","?","morrj105","?","morrj105","?","goocj101","nieha101","moore102","trayp101","wrigg102","barnc102","carem101","cuylk101","","","","2/FL","T","F",1,9,2,"T","T",0,"F","F",1,"F","F",0,"F","F",2,"F","F","T","",0,0,"N",0,"N",0,"N",0,0,0,0,"2","","","","F","F","F","F","F","F","F","F","F","","","","F","F","F","F","F","","","","",0,2,0,0,0,0,0,0,0,20,"PHI","PHI","PIT",1,"T","F",0,1,0,8,0,"T","F",0,0,"T","T","burng101","fonsl101","T","T",0,0,0,0,0,0,0,0,0,"","","",0,0,0,0,0,0,0,0,0,0,0,0,0,"goocj101","F","F","F","F",0,0,0,0,1,0,0,0,0,0,F,F,"1925PHI.EVN.regular.event.csv",992
"PHI192505090","PIT",3,1,1,0,0,"",1,0,"burng101","?","burng101","?","morrj105","?","morrj105","?","goocj101","nieha101","moore102","trayp101","wrigg102","barnc102","carem101","cuylk101","","","","D7/L7L","F","F",7,1,21,"T","T",2,"F","F",0,"F","F",0,"F","F",7,"L","F","F","7L",0,0,"N",0,"N",0,"N",2,0,0,0,"","","","","F","F","F","F","F","F","F","F","F","","","","F","F","F","F","F","","","","",0,0,0,0,0,0,0,0,0,21,"PHI","PHI","PIT",1,"F","F",0,1,0,9,1,"T","F",0,2,"T","T","fonsl101","willc103","T","T",0,0,0,0,0,0,0,0,0,"","","",0,0,0,0,0,0,0,0,0,0,0,0,0,"barnc102","F","F","F","F",4,0,0,0,1,0,0,0,0,0,F,F,"1925PHI.EVN.regular.event.csv",993
"PHI192505090","PIT",3,1,1,0,0,"",1,0,"fonsl101","?","fonsl101","?","morrj105","?","morrj105","?","goocj101","nieha101","moore102","trayp101","wrigg102","barnc102","carem101","cuylk101","","burng101","","K/C","F","F",4,2,3,"T","T",0,"F","F",1,"F","F",0,"F","F",0,"","F","F","",0,0,"N",0,"N",0,"N",0,0,2,0,"2","","","","F","F","F","F","F","F","F","F","F","","morrj105","","F","F","F","F","F","","","","",0,2,0,0,0,0,0,0,0,22,"PHI","PHI","PIT",1,"F","F",0,1,0,10,2,"T","F",2,2,"T","T","willc103","harpg101","T","T",0,0,0,7,1,21,0,0,0,"","goocj101","",0,0,0,0,0,0,0,0,0,0,0,0,0,"","F","F","F","F",0,0,4,0,1,0,0,0,0,0,F,F,"1925PHI.EVN.regular.event.csv",994
"PHI192505090","PIT",3,1,2,0,0,"",1,0,"willc103","?","willc103","?","morrj105","?","morrj105","?","goocj101","nieha101","moore102","trayp101","wrigg102","barnc102","carem101","cuylk101","","burng101","","S9/L9DW.2-H;B-2(THH)","F","F",9,3,20,"T","T",1,"F","F",0,"F","F",1,"F","F",9,"L","F","F","9DW",0,0,"N",0,"N",0,"N",2,0,4,0,"","","","","F","F","F","F","F","F","F","F","F","","morrj105","","F","F","F","F","F","","","","",0,0,0,0,0,0,0,0,0,23,"PHI","PHI","PIT",1,"F","F",0,1,0,11,3,"T","F",2,2,"T","T","harpg101","holkw101","T","T",0,0,0,7,1,21,0,0,0,"","goocj101","",0,0,0,0,0,0,0,0,0,0,0,0,1,"cuylk101","F","F","F","F",0,0,4,0,0,0,0,0,0,0,F,F,"1925PHI.EVN.regular.event.csv",995
"PHI192505090","PIT",3,1,2,0,0,"",1,1,"harpg101","?","harpg101","?","morrj105","?","morrj105","?","goocj101","nieha101","moore102","trayp101","wrigg102","barnc102","carem101","cuylk101","","willc103","","W","F","F",8,4,14,"T","F",0,"F","F",0,"F","F",0,"F","F",0,"","F","F","",0,0,"N",0,"N",0,"N",1,0,2,0,"","","","","F","F","F","F","F","F","F","F","F","","morrj105","","F","F","F","F","F","","","","",0,0,0,0,0,0,0,0,0,24,"PHI","PHI","PIT",1,"F","F",1,1,1,12,4,"T","F",2,3,"T","T","holkw101","henlb101","T","T",0,0,0,9,3,23,0,0,0,"","goocj101","",0,0,0,0,0,0,0,0,0,0,0,0,0,"","F","F","F","F",0,0,0,0,0,0,0,0,0,0,F,F,"1925PHI.EVN.regular.event.csv",996
"PHI192505090","PIT",3,1,2,0,0,"",1,1,"holkw101","?","holkw101","?","morrj105","?","morrj105","?","goocj101","nieha101","moore102","trayp101","wrigg102","barnc102","carem101","cuylk101","harpg101","willc103","","S4/G4S.2-3;1-2","F","F",3,5,20,"T","T",1,"F","F",0,"F","F",0,"F","F",4,"G","F","F","4S",0,0,"N",0,"N",0,"N",1,2,3,0,"","","","","F","F","F","F","F","F","F","F","F","morrj105","morrj105","","F","F","F","F","F","","","","",0,0,0,0,0,0,0,0,0,25,"PHI","PHI","PIT",1,"F","F",1,1,1,13,5,"T","F",3,7,"T","T","henlb101","sandh101","T","T",8,4,24,9,3,23,0,0,0,"goocj101","goocj101","",0,0,0,0,0,0,0,0,0,0,0,0,0,"moore102","F","F","F","F",0,0,0,0,0,0,0,0,0,0,F,F,"1925PHI.EVN.regular.event.csv",997
"PHI192505090","PIT",3,1,2,0,0,"",1,1,"henlb101","?","henlb101","?","morrj105","?","morrj105","?","goocj101","nieha101","moore102","trayp101","wrigg102","barnc102","carem101","cuylk101","holkw101","harpg101","willc103","46(1)/FO","F","F",2,6,2,"T","T",0,"F","F",1,"F","F",0,"F","F",4,"G","F","F","",0,0,"N",0,"N",0,"N",1,0,2,3,"","46","","","F","F","F","F","F","F","F","F","F","morrj105","morrj105","morrj105","F","F","F","F","F","","","","",0,6,0,0,4,0,0,0,0,26,"PHI","PHI","PIT",1,"F","T",1,1,1,14,6,"T","F",7,7,"T","T","sandh101","hubec101","T","T",3,5,25,8,4,24,9,3,23,"goocj101","goocj101","goocj101",0,0,0,0,0,0,0,0,0,0,0,0,0,"moore102","T","F","F","F",0,0,0,0,0,0,0,0,0,0,F,F,"1925PHI.EVN.regular.event.csv",998
"PHI192505090","PIT",4,0,0,0,0,"",1,1,"cuylk101","?","cuylk101","?","mitcc102","?","mitcc102","?","henlb101","holkw101","fonsl101","hubec101","sandh101","burng101","harpg101","willc103","","","","D9","T","F",9,2,21,"T","T",2,"F","F",0,"F","F",0,"F","F",9,"","F","F","",0,0,"N",0,"N",0,"N",2,0,0,0,"","","","","F","F","F","F","F","F","F","F","F","","","","F","F","F","F","F","","","","",0,0,0,0,0,0,0,0,0,27,"PHI","PIT","PHI",0,"T","F",1,1,0,10,0,"T","F",0,2,"T","T","moore102","barnc102","T","T",0,0,0,0,0,0,0,0,0,"","","",0,0,0,0,0,0,0,0,0,0,0,0,0,"willc103","F","F","F","F",0,0,0,0,0,0,0,0,0,0,F,F,"1925PHI.EVN.regular.event.csv",999
"PHI192505090","PIT",4,0,0,0,0,"",1,1,"moore102","?","moore102","?","mitcc102","?","mitcc102","?","henlb101","holkw101","fonsl101","hubec101","sandh101","burng101","harpg101","willc103","","cuylk101","","7/F","F","F",4,3,2,"T","T",0,"F","F",1,"F","F",0,"F","F",7,"F","F","F","",0,0,"N",0,"N",0,"N",0,0,2,0,"7","","","","F","F","F","F","F","F","F","F","F","","mitcc102","","F","F","F","F","F","","","","",0,7,0,0,0,0,0,0,0,28,"PHI","PIT","PHI",0,"F","F",1,1,0,11,1,"T","F",2,2,"T","T","barnc102","trayp101","T","T",0,0,0,9,2,27,0,0,0,"","henlb101","",0,0,0,0,0,0,0,0,0,0,0,0,0,"burng101","F","F","F","F",0,0,0,0,0,0,0,0,0,0,F,F,"1925PHI.EVN.regular.event.csv",1000
"PHI192505090","PIT",4,0,1,0,0,"",1,1,"barnc102","?","barnc102","?","mitcc102","?","mitcc102","?","henlb101","holkw101","fonsl101","hubec101","sandh101","burng101","harpg101","willc103","","cuylk101","","13","F","F",7,4,2,"T","T",0,"F","F",1,"F","F",0,"F","F",1,"G","F","F","",0,0,"N",0,"N",0,"N",0,0,2,0,"13","","","","F","F","F","F","F","F","F","F","F","","mitcc102","","F","F","F","F","F","","","","",0,3,0,0,1,0,0,0,0,29,"PHI","PIT","PHI",0,"F","F",1,1,0,12,2,"T","F",2,2,"T","T","trayp101","wrigg102","T","T",0,0,0,9,2,27,0,0,0,"","henlb101","",0,0,0,0,0,0,0,0,0,0,0,0,0,"mitcc102","F","F","F","F",0,0,0,0,0,0,0,0,0,0,F,F,"1925PHI.EVN.regular.event.csv",1001
"PHI192505090","PIT",4,0,2,0,0,"",1,1,"trayp101","?","trayp101","?","mitcc102","?","mitcc102","?","henlb101","holkw101","fonsl101","hubec101","sandh101","burng101","harpg101","willc103","","cuylk101","","43","F","F",5,5,2,"T","T",0,"F","F",1,"F","F",0,"F","F",4,"G","F","F","",0,0,"N",0,"N",0,"N",0,0,2,0,"43","","","","F","F","F","F","F","F","F","F","F","","mitcc102","","F","F","F","F","F","","","","",0,3,0,0,4,0,0,0,0,30,"PHI","PIT","PHI",0,"F","T",1,1,0,13,3,"T","F",2,2,"T","T","wrigg102","nieha101","T","T",0,0,0,9,2,27,0,0,0,"","henlb101","",0,0,0,0,0,0,0,0,0,0,0,0,0,"fonsl101","F","F","F","F",0,0,0,0,0,0,0,0,0,0,F,F,"1925PHI.EVN.regular.event.csv",1002
"PHI192505090","PIT",4,1,0,0,0,"",1,1,"sandh101","?","sandh101","?","morrj105","?","morrj105","?","goocj101","nieha101","moore102","trayp101","wrigg102","barnc102","carem101","cuylk101","","","","63","T","F",6,7,2,"T","T",0,"F","F",1,"F","F",0,"F","F",6,"G","F","F","",0,0,"N",0,"N",0,"N",0,0,0,0,"63","","","","F","F","F","F","F","F","F","F","F","","","","F","F","F","F","F","","","","",0,3,0,0,6,0,0,0,0,31,"PHI","PHI","PIT",1,"T","F",1,1,0,15,0,"T","F",0,0,"T","T","hubec101","mitcc102","T","T",0,0,0,0,0,0,0,0,0,"","","",0,0,0,0,0,0,0,0,0,0,0,0,0,"wrigg102","F","F","F","F",0,0,0,0,0,0,0,0,0,0,F,F,"1925PHI.EVN.regular.event.csv",1003
"PHI192505090","PIT",4,1,1,0,0,"",1,1,"hubec101","?","hubec101","?","morrj105","?","morrj105","?","goocj101","nieha101","moore102","trayp101","wrigg102","barnc102","carem101","cuylk101","","","","7/F","F","F",5,8,2,"T","T",0,"F","F",1,"F","F",0,"F","F",7,"F","F","F","",0,0,"N",0,"N",0,"N",0,0,0,0,"7","","","","F","F","F","F","F","F","F","F","F","","","","F","F","F","F","F","","","","",0,7,0,0,0,0,0,0,0,32,"PHI","PHI","PIT",1,"F","F",1,1,0,16,1,"T","F",0,0,"T","T","mitcc102","burng101","T","T",0,0,0,0,0,0,0,0,0,"","","",0,0,0,0,0,0,0,0,0,0,0,0,0,"barnc102","F","F","F","F",0,0,0,0,0,0,0,0,0,0,F,F,"1925PHI.EVN.regular.event.csv",1004
"PHI192505090","PIT",4,1,2,0,0,"",1,1,"mitcc102","?","mitcc102","?","morrj105","?","morrj105","?","goocj101","nieha101","moore102","trayp101","wrigg102","barnc102","carem101","cuylk101","","","","D9/F89XDW","F","F",1,9,21,"T","T",2,"F","F",0,"F","F",0,"F","F",9,"F","F","F","89XDW",0,0,"N",0,"N",0,"N",2,0,0,0,"","","","","F","F","F","F","F","F","F","F","F","","","","F","F","F","F","F","","","","",0,0,0,0,0,0,0,0,0,33,"PHI","PHI","PIT",1,"F","F",1,1,0,17,2,"T","F",0,2,"T","T","burng101","fonsl101","T","T",0,0,0,0,0,0,0,0,0,"","","",0,0,0,0,0,0,0,0,0,0,0,0,0,"cuylk101","F","F","F","F",0,0,0,0,0,0,0,0,0,0,F,F,"1925PHI.EVN.regular.event.csv",1005
"PHI192505090","PIT",4,1,2,0,0,"",1,1,"burng101","?","burng101","?","morrj105","?","morrj105","?","goocj101","nieha101","moore102","trayp101","wrigg102","barnc102","carem101","cuylk101","","mitcc102","","W","F","F",7,1,14,"T","F",0,"F","F",0,"F","F",0,"F","F",0,"","F","F","",0,0,"N",0,"N",0,"N",1,0,2,0,"","","","","F","F","F","F","F","F","F","F","F","","morrj105","","F","F","F","F","F","","","","",0,0,0,0,0,0,0,0,0,34,"PHI","PHI","PIT",1,"F","F",1,1,0,18,3,"T","F",2,3,"T","T","fonsl101","willc103","T","T",0,0,0,1,9,33,0,0,0,"","goocj101","",0,0,0,0,0,0,0,0,0,0,0,0,0,"","F","F","F","F",0,0,0,0,0,0,0,0,0,0,F,F,"1925PHI.EVN.regular.event.csv",1006
"PHI192505090","PIT",4,1,2,0,0,"",1,1,"fonsl101","?","fonsl101","?","morrj105","?","morrj105","?","goocj101","nieha101","moore102","trayp101","wrigg102","barnc102","carem101","cuylk101","burng101","mitcc102","","8/L78D","F","F",4,2,2,"T","T",0,"F","F",1,"F","F",0,"F","F",8,"L","F","F","78D",0,0,"N",0,"N",0,"N",0,1,2,0,"8","","","","F","F","F","F","F","F","F","F","F","morrj105","morrj105","","F","F","F","F","F","","","","",0,8,0,0,0,0,0,0,0,35,"PHI","PHI","PIT",1,"F","T",1,1,0,19,4,"T","F",3,3,"T","T","willc103","harpg101","T","T",7,1,34,1,9,33,0,0,0,"goocj101","goocj101","",0,0,0,0,0,0,0,0,0,0,0,0,0,"carem101","F","F","F","F",0,0,0,0,0,0,0,0,0,0,F,F,"1925PHI.EVN.regular.event.csv",1007
"PHI192505090","PIT",5,0,0,0,0,"",1,1,"wrigg102","?","wrigg102","?","mitcc102","?","mitcc102","?","henlb101","holkw101","fonsl101","hubec101","sandh101","burng101","harpg101","willc103","","","","63","T","F",6,6,2,"T","T",0,"F","F",1,"F","F",0,"F","F",6,"G","F","F","",0,0,"N",0,"N",0,"N",0,0,0,0,"63","","","","F","F","F","F","F","F","F","F","F","","","","F","F","F","F","F","","","","",0,3,0,0,6,0,0,0,0,36,"PHI","PIT","PHI",0,"T","F",1,1,0,14,0,"T","F",0,0,"T","T","nieha101","goocj101","T","T",0,0,0,0,0,0,0,0,0,"","","",0,0,0,0,0,0,0,0,0,0,0,0,0,"sandh101","F","F","F","F",0,0,0,0,0,0,0,0,0,0,F,F,"1925PHI.EVN.regular.event.csv",1008
"PHI192505090","PIT",5,0,1,0,0,"",1,1,"nieha101","?","nieha101","?","mitcc102","?","mitcc102","?","henlb101","holkw101","fonsl101","hubec101","sandh101","burng101","harpg101","willc103","","","","S8","F","F",3,7,20,"T","T",1,"F","F",0,"F","F",0,"F","F",8,"","F","F","",0,0,"N",0,"N",0,"N",1,0,0,0,"","","","","F","F","F","F","F","F","F","F","F","","","","F","F","F","F","F","","","","",0,0,0,0,0,0,0,0,0,37,"PHI","PIT","PHI",0,"F","F",1,1,0,15,1,"T","F",0,1,"T","T","goocj101","morrj105","T","T",0,0,0,0,0,0,0,0,0,"","","",0,0,0,0,0,0,0,0,0,0,0,0,0,"harpg101","F","F","F","F",0,0,0,0,0,0,0,0,0,0,F,F,"1925PHI.EVN.regular.event.csv",1009
"PHI192505090","PIT",5,0,1,0,0,"",1,1,"goocj101","?","goocj101","?","mitcc102","?","mitcc102","?","henlb101","holkw101","fonsl101","hubec101","sandh101","burng101","harpg101","willc103","nieha101","","","3/FL","F","F",2,8,2,"T","T",0,"F","F",1,"F","F",0,"F","F",3,"F","F","T","",0,0,"N",0,"N",0,"N",0,1,0,0,"3","","","","F","F","F","F","F","F","F","F","F","mitcc102","","","F","F","F","F","F","","","","",0,3,0,0,0,0,0,0,0,38,"PHI","PIT","PHI",0,"F","F",1,1,0,16,2,"T","F",1,1,"T","T","morrj105","carem101","T","T",3,7,37,0,0,0,0,0,0,"henlb101","","",0,0,0,0,0,0,0,0,0,0,0,0,0,"holkw101","F","F","F","F",0,0,0,0,0,0,0,0,0,0,F,F,"1925PHI.EVN.regular.event.csv",1010
"PHI192505090","PIT",5,0,2,0,0,"",1,1,"morrj105","?","morrj105","?","mitcc102","?","mitcc102","?","henlb101","holkw101","fonsl101","hubec101","sandh101","burng101","harpg101","willc103","nieha101","","","53","F","F",1,9,2,"T","T",0,"F","F",1,"F","F",0,"F","F",5,"G","F","F","",0,0,"N",0,"N",0,"N",0,1,0,0,"53","","","","F","F","F","F","F","F","F","F","F","mitcc102","","","F","F","F","F","F","","","","",0,3,0,0,5,0,0,0,0,39,"PHI","PIT","PHI",0,"F","T",1,1,0,17,3,"T","F",1,1,"T","T","carem101","cuylk101","T","T",3,7,37,0,0,0,0,0,0,"henlb101","","",0,0,0,0,0,0,0,0,0,0,0,0,0,"hubec101","F","F","F","F",0,0,0,0,0,0,0,0,0,0,F,F,"1925PHI.EVN.regular.event.csv",1011
"PHI192505090","PIT",5,1,0,0,0,"",1,1,"willc103","?","willc103","?","morrj105","?","morrj105","?","goocj101","nieha101","moore102","trayp101","wrigg102","barnc102","carem101","cuylk101","","","","W","T","F",9,3,14,"T","F",0,"F","F",0,"F","F",0,"F","F",0,"","F","F","",0,0,"N",0,"N",0,"N",1,0,0,0,"","","","","F","F","F","F","F","F","F","F","F","","","","F","F","F","F","F","","","","",0,0,0,0,0,0,0,0,0,40,"PHI","PHI","PIT",1,"T","F",1,1,0,20,0,"T","F",0,1,"T","T","harpg101","holkw101","T","T",0,0,0,0,0,0,0,0,0,"","","",0,0,0,0,0,0,0,0,0,0,0,0,0,"","F","F","F","F",5,0,0,0,2,0,0,0,0,0,F,F,"1925PHI.EVN.regular.event.csv",1012
"PHI192505090","PIT",5,1,0,0,0,"",1,1,"harpg101","?","harpg101","?","morrj105","?","morrj105","?","goocj101","nieha101","moore102","trayp101","wrigg102","barnc102","carem101","cuylk101","willc103","","","53/SH.1-2","F","F",8,4,2,"T","F",0,"T","F",1,"F","F",0,"F","F",5,"G","T","F","",0,0,"N",0,"N",0,"N",0,2,0,0,"53","","","","F","F","F","F","F","F","F","F","F","morrj105","","","F","F","F","F","F","","","","",0,3,0,0,5,0,0,0,0,41,"PHI","PHI","PIT",1,"F","F",1,1,0,21,1,"T","F",1,2,"T","T","holkw101","henlb101","T","T",9,3,40,0,0,0,0,0,0,"goocj101","","",0,0,0,0,0,0,0,0,0,0,0,0,0,"trayp101","F","F","F","F",0,5,0,0,2,0,0,0,0,0,F,F,"1925PHI.EVN.regular.event.csv",1013
"PHI192505090","PIT",5,1,1,0,0,"",1,1,"holkw101","?","holkw101","?","morrj105","?","morrj105","?","goocj101","nieha101","moore102","trayp101","wrigg102","barnc102","carem101","cuylk101","","willc103","","E6/G.2-3","F","F",3,5,18,"T","T",0,"F","F",0,"F","F",0,"F","F",6,"G","F","F","",1,6,"F",0,"N",0,"N",1,0,3,0,"","","","","F","F","F","F","F","F","F","F","F","","morrj105","","F","F","F","F","F","","","","",0,0,0,0,0,0,0,0,0,42,"PHI","PHI","PIT",1,"F","F",1,1,0,22,2,"T","F",2,5,"T","T","henlb101","sandh101","T","T",0,0,0,9,3,40,0,0,0,"","goocj101","",0,0,0,0,0,0,0,0,0,0,0,0,0,"wrigg102","F","F","F","T",5,0,5,0,2,0,0,0,0,0,F,F,"1925PHI.EVN.regular.event.csv",1014
"PHI192505090","PIT",5,1,1,0,0,"",1,1,"henlb101","?","henlb101","?","morrj105","?","morrj105","?","goocj101","nieha101","moore102","trayp101","wrigg102","barnc102","carem101","cuylk101","holkw101","","willc103","FC6/G6M.3-H(NR)(UR);1-3(E6/TH2)","F","F",2,6,19,"T","T",0,"F","F",0,"F","F",0,"F","F",6,"G","F","F","6M",1,6,"T",0,"N",0,"N",1,3,0,5,"","","","","F","F","F","F","F","F","F","F","F","morrj105","","morrj105","F","F","F","F","F","","","","",0,0,0,0,0,0,0,0,0,43,"PHI","PHI","PIT",1,"F","F",1,1,0,23,3,"T","F",5,5,"T","T","sandh101","hubec101","T","T",3,5,42,0,0,0,9,3,40,"goocj101","","goocj101",0,0,0,0,0,0,0,0,0,0,0,0,1,"wrigg102","F","F","F","F",0,5,0,5,1,0,0,0,0,0,F,F,"1925PHI.EVN.regular.event.csv",1015
"PHI192505090","PIT",5,1,1,0,0,"",1,2,"sandh101","?","sandh101","?","morrj105","?","morrj105","?","goocj101","nieha101","moore102","trayp101","wrigg102","barnc102","carem101","cuylk101","henlb101","","holkw101","6/P","F","F",6,7,2,"T","T",0,"F","F",1,"F","F",0,"F","F",6,"P","F","F","",0,0,"N",0,"N",0,"N",0,1,0,3,"6","","","","F","F","F","F","F","F","F","F","F","morrj105","","morrj105","F","F","F","F","F","","","","",0,6,0,0,0,0,0,0,0,44,"PHI","PHI","PIT",1,"F","F",2,1,1,24,4,"T","F",5,5,"T","T","hubec101","mitcc102","T","T",2,6,43,0,0,0,3,5,42,"goocj101","","goocj101",0,0,0,0,0,0,0,0,0,0,0,0,0,"wrigg102","F","F","F","F",0,0,0,5,1,0,0,0,0,0,F,F,"1925PHI.EVN.regular.event.csv",1016
"PHI192505090","PIT",5,1,2,0,0,"",1,2,"hubec101","?","hubec101","?","morrj105","?","morrj105","?","goocj101","nieha101","moore102","trayp101","wrigg102","barnc102","carem101","cuylk101","henlb101","","holkw101","S48/G4.3-H(UR);1-3","F","F",5,8,20,"T","T",1,"F","F",0,"F","F",1,"F","F",4,"G","F","F","4",0,0,"N",0,"N",0,"N",1,3,0,5,"","","","","F","F","F","F","F","F","F","F","F","morrj105","","morrj105","F","F","F","F","F","","","","",0,0,0,0,0,0,0,0,0,45,"PHI","PHI","PIT",1,"F","F",2,1,1,25,5,"T","F",5,5,"T","T","mitcc102","burng101","T","T",2,6,43,0,0,0,3,5,42,"goocj101","","goocj101",0,0,0,0,0,0,0,0,0,0,0,0,1,"moore102","F","F","F","F",0,0,0,5,0,0,0,0,0,0,F,F,"1925PHI.EVN.regular.event.csv",1017
"PHI192505090","PIT",5,1,2,0,0,"",1,3,"mitcc102","?","mitcc102","?","morrj105","?","morrj105","?","goocj101","nieha101","moore102","trayp101","wrigg102","barnc102","carem101","cuylk101","hubec101","","henlb101","K","F","F",1,9,3,"T","T",0,"F","F",1,"F","F",0,"F","F",0,"","F","F","",0,0,"N",0,"N",0,"N",0,1,0,3,"2","","","","F","F","F","F","F","F","F","F","F","morrj105","","morrj105","F","F","F","F","F","","","","",0,2,0,0,0,0,0,0,0,46,"PHI","PHI","PIT",1,"F","T",3,1,2,26,6,"T","F",5,5,"T","T","burng101","fonsl101","T","T",5,8,45,0,0,0,2,6,43,"goocj101","","goocj101",0,0,0,0,0,0,0,0,0,0,0,0,0,"","F","F","F","F",0,0,0,0,0,0,0,0,0,0,F,F,"1925PHI.EVN.regular.event.csv",1018
"PHI192505090","PIT",6,0,0,0,0,"",1,3,"carem101","?","carem101","?","mitcc102","?","mitcc102","?","henlb101","holkw101","fonsl101","hubec101","sandh101","burng101","harpg101","willc103","","","","8/F","T","F",8,1,2,"T","T",0,"F","F",1,"F","F",0,"F","F",8,"F","F","F","",0,0,"N",0,"N",0,"N",0,0,0,0,"8","","","","F","F","F","F","F","F","F","F","F","","","","F","F","F","F","F","","","","",0,8,0,0,0,0,0,0,0,47,"PHI","PIT","PHI",0,"T","F",1,3,0,18,0,"T","F",0,0,"T","T","cuylk101","moore102","T","T",0,0,0,0,0,0,0,0,0,"","","",0,0,0,0,0,0,0,0,0,0,0,0,0,"harpg101","F","F","F","F",0,0,0,0,0,0,0,0,0,0,F,F,"1925PHI.EVN.regular.event.csv",1019
"PHI192505090","PIT",6,0,1,0,0,"",1,3,"cuylk101","?","cuylk101","?","mitcc102","?","mitcc102","?","henlb101","holkw101","fonsl101","hubec101","sandh101","burng101","harpg101","willc103","","","","63","F","F",9,2,2,"T","T",0,"F","F",1,"F","F",0,"F","F",6,"G","F","F","",0,0,"N",0,"N",0,"N",0,0,0,0,"63","","","","F","F","F","F","F","F","F","F","F","","","","F","F","F","F","F","","","","",0,3,0,0,6,0,0,0,0,48,"PHI","PIT","PHI",0,"F","F",1,3,0,19,1,"T","F",0,0,"T","T","moore102","barnc102","T","T",0,0,0,0,0,0,0,0,0,"","","",0,0,0,0,0,0,0,0,0,0,0,0,0,"sandh101","F","F","F","F",0,0,0,0,0,0,0,0,0,0,F,F,"1925PHI.EVN.regular.event.csv",1020
"PHI192505090","PIT",6,0,2,0,0,"",1,3,"moore102","?","moore102","?","mitcc102","?","mitcc102","?","henlb101","holkw101","fonsl101","hubec101","sandh101","burng101","harpg101","willc103","","","","8/F","F","F",4,3,2,"T","T",0,"F","F",1,"F","F",0,"F","F",8,"F","F","F","",0,0,"N",0,"N",0,"N",0,0,0,0,"8","","","","F","F","F","F","F","F","F","F","F","","","","F","F","F","F","F","","","","",0,8,0,0,0,0,0,0,0,49,"PHI","PIT","PHI",0,"F","T",1,3,0,20,2,"T","F",0,0,"T","T","barnc102","trayp101","T","T",0,0,0,0,0,0,0,0,0,"","","",0,0,0,0,0,0,0,0,0,0,0,0,0,"harpg101","F","F","F","F",0,0,0,0,0,0,0,0,0,0,F,F,"1925PHI.EVN.regular.event.csv",1021
"PHI192505090","PIT",6,1,0,0,0,"",1,3,"burng101","?","burng101","?","morrj105","?","morrj105","?","goocj101","nieha101","moore102","trayp101","wrigg102","barnc102","carem101","cuylk101","","","","S6/G","T","F",7,1,20,"T","T",1,"F","F",0,"F","F",0,"F","F",6,"G","F","F","",0,0,"N",0,"N",0,"N",1,0,0,0,"","","","","F","F","F","F","F","F","F","F","F","","","","F","F","F","F","F","","","","",0,0,0,0,0,0,0,0,0,50,"PHI","PHI","PIT",1,"T","F",3,1,0,27,0,"T","F",0,1,"T","T","fonsl101","willc103","T","T",0,0,0,0,0,0,0,0,0,"","","",0,0,0,0,0,0,0,0,0,0,0,0,0,"wrigg102","F","F","F","F",0,0,0,0,0,0,0,0,0,0,F,F,"1925PHI.EVN.regular.event.csv",1022
"PHI192505090","PIT",6,1,0,0,0,"",1,3,"fonsl101","?","fonsl101","?","morrj105","?","morrj105","?","goocj101","nieha101","moore102","trayp101","wrigg102","barnc102","carem101","cuylk101","burng101","","","S5/G.1-2","F","F",4,2,20,"T","T",1,"F","F",0,"F","F",0,"F","F",5,"G","F","F","",0,0,"N",0,"N",0,"N",1,2,0,0,"","","","","F","F","F","F","F","F","F","F","F","morrj105","","","F","F","F","F","F","","","","",0,0,0,0,0,0,0,0,0,51,"PHI","PHI","PIT",1,"F","F",3,1,0,28,1,"T","F",1,3,"T","T","willc103","harpg101","T","T",7,1,50,0,0,0,0,0,0,"goocj101","","",0,0,0,0,0,0,0,0,0,0,0,0,0,"trayp101","F","F","F","F",0,0,0,0,0,0,0,0,0,0,F,F,"1925PHI.EVN.regular.event.csv",1023
"PHI192505090","PIT",6,1,0,0,0,"",1,3,"willc103","?","willc103","?","morrj105","?","morrj105","?","goocj101","nieha101","moore102","trayp101","wrigg102","barnc102","carem101","cuylk101","fonsl101","burng101","","2/FL","F","F",9,3,2,"T","T",0,"F","F",1,"F","F",0,"F","F",2,"F","F","T","",0,0,"N",0,"N",0,"N",0,1,2,0,"2","","","","F","F","F","F","F","F","F","F","F","morrj105","morrj105","","F","F","F","F","F","","","","",0,2,0,0,0,0,0,0,0,52,"PHI","PHI","PIT",1,"F","F",3,1,0,29,2,"T","F",3,3,"T","T","harpg101","holkw101","T","T",4,2,51,7,1,50,0,0,0,"goocj101","goocj101","",0,0,0,0,0,0,0,0,0,0,0,0,0,"goocj101","F","F","F","F",0,0,0,0,0,0,0,0,0,0,F,F,"1925PHI.EVN.regular.event.csv",1024
"PHI192505090","PIT",6,1,1,0,0,"",1,3,"harpg101","?","harpg101","?","morrj105","?","morrj105","?","goocj101","nieha101","moore102","trayp101","wrigg102","barnc102","carem101","cuylk101","fonsl101","burng101","","3/P","F","F",8,4,2,"T","T",0,"F","F",1,"F","F",0,"F","F",3,"P","F","F","",0,0,"N",0,"N",0,"N",0,1,2,0,"3","","","","F","F","F","F","F","F","F","F","F","morrj105","morrj105","","F","F","F","F","F","","","","",0,3,0,0,0,0,0,0,0,53,"PHI","PHI","PIT",1,"F","F",3,1,0,30,3,"T","F",3,3,"T","T","holkw101","henlb101","T","T",4,2,51,7,1,50,0,0,0,"goocj101","goocj101","",0,0,0,0,0,0,0,0,0,0,0,0,0,"nieha101","F","F","F","F",0,0,0,0,0,0,0,0,0,0,F,F,"1925PHI.EVN.regular.event.csv",1025
"PHI192505090","PIT",6,1,2,0,0,"",1,3,"holkw101","?","holkw101","?","morrj105","?","morrj105","?","goocj101","nieha101","moore102","trayp101","wrigg102","barnc102","carem101","cuylk101","fonsl101","burng101","","8/L","F","F",3,5,2,"T","T",0,"F","F",1,"F","F",0,"F","F",8,"L","F","F","",0,0,"N",0,"N",0,"N",0,1,2,0,"8","","","","F","F","F","F","F","F","F","F","F","morrj105","morrj105","","F","F","F","F","F","","","","",0,8,0,0,0,0,0,0,0,54,"PHI","PHI","PIT",1,"F","T",3,1,0,31,4,"T","F",3,3,"T","T","henlb101","sandh101","T","T",4,2,51,7,1,50,0,0,0,"goocj101","goocj101","",0,0,0,0,0,0,0,0,0,0,0,0,0,"carem101","F","F","F","F",0,0,0,0,0,0,0,0,0,0,F,F,"1925PHI.EVN.regular.event.csv",1026
"PHI192505090","PIT",7,0,0,0,0,"",1,3,"barnc102","?","barnc102","?","mitcc102","?","mitcc102","?","henlb101","holkw101","fonsl101","hubec101","sandh101","burng101","harpg101","willc103","","","","13","T","F",7,4,2,"T","T",0,"F","F",1,"F","F",0,"F","F",1,"G","F","F","",0,0,"N",0,"N",0,"N",0,0,0,0,"13","","","","F","F","F","F","F","F","F","F","F","","","","F","F","F","F","F","","","","",0,3,0,0,1,0,0,0,0,55,"PHI","PIT","PHI",0,"T","F",1,3,0,21,0,"T","F",0,0,"T","T","trayp101","wrigg102","T","T",0,0,0,0,0,0,0,0,0,"","","",0,0,0,0,0,0,0,0,0,0,0,0,0,"mitcc102","F","F","F","F",0,0,0,0,1,0,0,0,0,0,F,F,"1925PHI.EVN.regular.event.csv",1027
"PHI192505090","PIT",7,0,1,0,0,"",1,3,"trayp101","?","trayp101","?","mitcc102","?","mitcc102","?","henlb101","holkw101","fonsl101","hubec101","sandh101","burng101","harpg101","willc103","","","","6/P","F","F",5,5,2,"T","T",0,"F","F",1,"F","F",0,"F","F",6,"P","F","F","",0,0,"N",0,"N",0,"N",0,0,0,0,"6","","","","F","F","F","F","F","F","F","F","F","","","","F","F","F","F","F","","","","",0,6,0,0,0,0,0,0,0,56,"PHI","PIT","PHI",0,"F","F",1,3,0,22,1,"T","F",0,0,"T","T","wrigg102","nieha101","T","T",0,0,0,0,0,0,0,0,0,"","","",0,0,0,0,0,0,0,0,0,0,0,0,0,"sandh101","F","F","F","F",0,0,0,0,1,0,0,0,0,0,F,F,"1925PHI.EVN.regular.event.csv",1028
"PHI192505090","PIT",7,0,2,0,0,"",1,3,"wrigg102","?","wrigg102","?","mitcc102","?","mitcc102","?","henlb101","holkw101","fonsl101","hubec101","sandh101","burng101","harpg101","willc103","","","","HR/F7D","F","F",6,6,23,"T","T",4,"F","F",0,"F","F",1,"F","F",0,"F","F","F","7D",0,0,"N",0,"N",0,"N",4,0,0,0,"","","","","F","F","F","F","F","F","F","F","F","","","","F","F","F","F","F","","","","",0,0,0,0,0,0,0,0,0,57,"PHI","PIT","PHI",0,"F","F",1,3,0,23,2,"T","F",0,0,"T","T","nieha101","goocj101","T","T",0,0,0,0,0,0,0,0,0,"","","",0,0,0,0,0,0,0,0,0,0,0,0,1,"","F","F","F","F",4,0,0,0,0,0,0,0,0,0,F,F,"1925PHI.EVN.regular.event.csv",1029
"PHI192505090","PIT",7,0,2,0,0,"",2,3,"nieha101","?","nieha101","?","mitcc102","?","mitcc102","?","henlb101","holkw101","fonsl101","hubec101","sandh101","burng101","harpg101","willc103","","","","53","F","F",3,7,2,"T","T",0,"F","F",1,"F","F",0,"F","F",5,"G","F","F","",0,0,"N",0,"N",0,"N",0,0,0,0,"53","","","","F","F","F","F","F","F","F","F","F","","","","F","F","F","F","F","","","","",0,3,0,0,5,0,0,0,0,58,"PHI","PIT","PHI",0,"F","T",2,3,1,24,3,"T","F",0,0,"T","T","goocj101","morrj105","T","T",0,0,0,0,0,0,0,0,0,"","","",0,0,0,0,0,0,0,0,0,0,0,0,0,"hubec101","F","F","F","F",0,0,0,0,0,0,0,0,0,0,F,F,"1925PHI.EVN.regular.event.csv",1030
"PHI192505090","PIT",7,1,0,0,0,"",2,3,"henlb101","?","henlb101","?","morrj105","?","morrj105","?","goocj101","nieha101","moore102","trayp101","wrigg102","barnc102","carem101","cuylk101","","","","S7","T","F",2,6,20,"T","T",1,"F","F",0,"F","F",0,"F","F",7,"","F","F","",0,0,"N",0,"N",0,"N",1,0,0,0,"","","","","F","F","F","F","F","F","F","F","F","","","","F","F","F","F","F","","","","",0,0,0,0,0,0,0,0,0,59,"PHI","PHI","PIT",1,"T","F",3,2,0,32,0,"T","F",0,1,"T","T","sandh101","hubec101","T","T",0,0,0,0,0,0,0,0,0,"","","",0,0,0,0,0,0,0,0,0,0,0,0,0,"barnc102","F","F","F","F",4,0,0,0,2,0,0,0,0,0,F,F,"1925PHI.EVN.regular.event.csv",1031
"PHI192505090","PIT",7,1,0,0,0,"",2,3,"sandh101","?","sandh101","?","morrj105","?","morrj105","?","goocj101","nieha101","moore102","trayp101","wrigg102","barnc102","carem101","cuylk101","henlb101","","","34/SH.1-2","F","F",6,7,2,"T","F",0,"T","F",1,"F","F",0,"F","F",3,"G","T","F","",0,0,"N",0,"N",0,"N",0,2,0,0,"34","","","","F","F","F","F","F","F","F","F","F","morrj105","","","F","F","F","F","F","","","","",0,4,0,0,3,0,0,0,0,60,"PHI","PHI","PIT",1,"F","F",3,2,0,33,1,"T","F",1,2,"T","T","hubec101","mitcc102","T","T",2,6,59,0,0,0,0,0,0,"goocj101","","",0,0,0,0,0,0,0,0,0,0,0,0,0,"nieha101","F","F","F","F",0,4,0,0,2,0,0,0,0,0,F,F,"1925PHI.EVN.regular.event.csv",1032
"PHI192505090","PIT",7,1,1,0,0,"",2,3,"hubec101","?","hubec101","?","morrj105","?","morrj105","?","goocj101","nieha101","moore102","trayp101","wrigg102","barnc102","carem101","cuylk101","","henlb101","","S1/G56S.2-3","F","F",5,8,20,"T","T",1,"F","F",0,"F","F",0,"F","F",1,"G","F","F","56S",0,0,"N",0,"N",0,"N",1,0,3,0,"","","","","F","F","F","F","F","F","F","F","F","","morrj105","","F","F","F","F","F","","","","",0,0,0,0,0,0,0,0,0,61,"PHI","PHI","PIT",1,"F","F",3,2,0,34,2,"T","F",2,5,"T","T","mitcc102","burng101","T","T",0,0,0,2,6,59,0,0,0,"","goocj101","",0,0,0,0,0,0,0,0,0,0,0,0,0,"morrj105","F","F","F","F",4,0,4,0,2,0,0,0,0,0,F,F,"1925PHI.EVN.regular.event.csv",1033
"PHI192505090","PIT",7,1,1,0,0,"",2,3,"mitcc102","?","mitcc102","?","morrj105","?","morrj105","?","goocj101","nieha101","moore102","trayp101","wrigg102","barnc102","carem101","cuylk101","hubec101","","henlb101","8/SF.3-H","F","F",1,9,2,"T","F",0,"F","T",1,"F","F",1,"F","F",8,"F","F","F","",0,0,"N",0,"N",0,"N",0,1,0,4,"8","","","","F","F","F","F","F","F","F","F","F","morrj105","","morrj105","F","F","F","F","F","","","","",0,8,0,0,0,0,0,0,0,62,"PHI","PHI","PIT",1,"F","F",3,2,0,35,3,"T","F",5,1,"T","T","burng101","fonsl101","T","T",5,8,61,0,0,0,2,6,59,"goocj101","","goocj101",0,0,0,0,0,0,0,0,0,0,0,0,1,"carem101","F","F","F","F",0,4,0,4,1,0,0,0,0,0,F,F,"1925PHI.EVN.regular.event.csv",1034
"PHI192505090","PIT",7,1,2,0,0,"",2,4,"burng101","?","burng101","?","morrj105","?","morrj105","?","goocj101","nieha101","moore102","trayp101","wrigg102","barnc102","carem101","cuylk101","hubec101","","","D7/7L.1-H","F","F",7,1,21,"T","T",2,"F","F",0,"F","F",1,"F","F",7,"","F","F","7L",0,0,"N",0,"N",0,"N",2,4,0,0,"","","","","F","F","F","F","F","F","F","F","F","morrj105","","","F","F","F","F","F","","","","",0,0,0,0,0,0,0,0,0,63,"PHI","PHI","PIT",1,"F","F",4,2,1,36,4,"T","F",1,2,"T","T","fonsl101","willc103","T","T",5,8,61,0,0,0,0,0,0,"goocj101","","",0,0,0,0,0,0,0,0,0,0,0,0,1,"barnc102","F","F","F","F",0,4,0,0,0,0,0,0,0,0,F,F,"1925PHI.EVN.regular.event.csv",1035
"PHI192505090","PIT",7,1,2,0,0,"",2,5,"fonsl101","?","fonsl101","?","morrj105","?","morrj105","?","goocj101","nieha101","moore102","trayp101","wrigg102","barnc102","carem101","cuylk101","","burng101","","63","F","F",4,2,2,"T","T",0,"F","F",1,"F","F",0,"F","F",6,"G","F","F","",0,0,"N",0,"N",0,"N",0,0,2,0,"63","","","","F","F","F","F","F","F","F","F","F","","morrj105","","F","F","F","F","F","","","","",0,3,0,0,6,0,0,0,0,64,"PHI","PHI","PIT",1,"F","T",5,2,2,37,5,"T","F",2,2,"T","T","willc103","harpg101","T","T",0,0,0,7,1,63,0,0,0,"","goocj101","",0,0,0,0,0,0,0,0,0,0,0,0,0,"wrigg102","F","F","F","F",0,0,0,0,0,0,0,0,0,0,F,F,"1925PHI.EVN.regular.event.csv",1036
"PHI192505090","PIT",8,0,0,0,0,"",2,5,"goocj101","?","goocj101","?","mitcc102","?","mitcc102","?","henlb101","holkw101","fonsl101","hubec101","sandh101","burng101","harpg101","willc103","","","","S9/89","T","F",2,8,20,"T","T",1,"F","F",0,"F","F",0,"F","F",9,"","F","F","89",0,0,"N",0,"N",0,"N",1,0,0,0,"","","","","F","F","F","F","F","F","F","F","F","","","","F","F","F","F","F","","","","",0,0,0,0,0,0,0,0,0,65,"PHI","PIT","PHI",0,"T","F",2,5,0,25,0,"T","F",0,1,"T","T","morrj105","carem101","T","T",0,0,0,0,0,0,0,0,0,"","","",0,0,0,0,0,0,0,0,0,0,0,0,0,"willc103","F","F","F","F",5,0,0,0,4,0,0,0,0,0,F,F,"1925PHI.EVN.regular.event.csv",1037
"PHI192505090","PIT",8,0,0,0,0,"",2,5,"rawlj101","?","rawlj101","?","mitcc102","?","mitcc102","?","henlb101","holkw101","fonsl101","hubec101","sandh101","burng101","harpg101","willc103","bigbc101","","","FC4.1X2(4E6);B-1","F","T",11,9,19,"T","T",0,"F","F",0,"F","F",0,"F","F",4,"G","F","F","",1,6,"D",0,"N",0,"N",1,2,0,0,"","4E6","","","F","F","F","F","F","F","F","F","F","mitcc102","","","F","F","T","F","F","goocj101","","","morrj105",1,0,0,0,4,0,0,0,0,66,"PHI","PIT","PHI",0,"F","F",2,5,0,26,1,"T","F",1,3,"F","F","carem101","cuylk101","T","T",12,8,65,0,0,0,0,0,0,"henlb101","","",0,0,0,0,0,0,0,0,0,0,0,0,0,"fonsl101","F","F","F","F",4,5,0,0,4,0,0,0,0,0,F,F,"1925PHI.EVN.regular.event.csv",1038
"PHI192505090","PIT",8,0,0,0,0,"",2,5,"carem101","?","carem101","?","mitcc102","?","mitcc102","?","henlb101","holkw101","fonsl101","hubec101","sandh101","burng101","harpg101","willc103","grang102","bigbc101","","D9/G3L.2-H(UR);1-3","F","F",8,1,21,"T","T",2,"F","F",0,"F","F",1,"F","F",9,"G","F","F","3L",0,0,"N",0,"N",0,"N",2,3,5,0,"","","","","F","F","F","F","F","F","F","F","F","mitcc102","mitcc102","","F","F","T","F","F","rawlj101","","","",0,0,0,0,0,0,0,0,0,67,"PHI","PIT","PHI",0,"F","F",2,5,0,27,2,"T","F",3,6,"T","T","cuylk101","moore102","T","T",0,9,66,0,8,65,0,0,0,"henlb101","henlb101","",0,0,0,0,0,0,0,0,0,0,0,0,1,"willc103","F","F","F","F",4,4,5,0,3,0,0,0,0,0,F,F,"1925PHI.EVN.regular.event.csv",1039
"PHI192505090","PIT",8,0,0,0,0,"",3,5,"cuylk101","?","cuylk101","?","mitcc102","?","mitcc102","?","henlb101","holkw101","fonsl101","hubec101","sandh101","burng101","harpg101","willc103","","carem101","grang102","43","F","F",9,2,2,"T","T",0,"F","F",1,"F","F",0,"F","F",4,"G","F","F","",0,0,"N",0,"N",0,"N",0,0,2,3,"43","","","","F","F","F","F","F","F","F","F","F","","mitcc102","mitcc102","F","F","F","F","F","","","","",0,3,0,0,4,0,0,0,0,68,"PHI","PIT","PHI",0,"F","F",3,5,1,28,3,"T","F",6,6,"T","T","moore102","barnc102","T","T",0,0,0,8,1,67,0,9,66,"","henlb101","henlb101",0,0,0,0,0,0,0,0,0,0,0,0,0,"fonsl101","F","F","F","F",0,0,4,4,3,0,0,0,0,0,F,F,"1925PHI.EVN.regular.event.csv",1040
"PHI192505090","PIT",8,0,1,0,0,"",3,5,"moore102","?","moore102","?","mitcc102","?","mitcc102","?","henlb101","holkw101","fonsl101","hubec101","sandh101","burng101","harpg101","willc103","","carem101","grang102","HP","F","F",4,3,16,"T","F",0,"F","F",0,"F","F",0,"F","F",0,"","F","F","",0,0,"N",0,"N",0,"N",1,0,2,3,"","","","","F","F","F","F","F","F","F","F","F","","mitcc102","mitcc102","F","F","F","F","F","","","","",0,0,0,0,0,0,0,0,0,69,"PHI","PIT","PHI",0,"F","F",3,5,1,29,4,"T","F",6,7,"T","T","barnc102","trayp101","T","T",0,0,0,8,1,67,0,9,66,"","henlb101","henlb101",0,0,0,0,0,0,0,0,0,0,0,0,0,"","F","F","F","F",5,0,4,4,3,0,0,0,0,0,F,F,"1925PHI.EVN.regular.event.csv",1041
"PHI192505090","PIT",8,0,1,0,0,"",3,5,"barnc102","?","barnc102","?","mitcc102","?","mitcc102","?","henlb101","holkw101","fonsl101","hubec101","sandh101","burng101","harpg101","willc103","moore102","carem101","grang102","S1/G15.3-H;2-3;1-2","F","F",7,4,20,"T","T",1,"F","F",0,"F","F",1,"F","F",1,"G","F","F","15",0,0,"N",0,"N",0,"N",1,2,3,4,"","","","","F","F","F","F","F","F","F","F","F","mitcc102","mitcc102","mitcc102","F","F","F","F","F","","","","",0,0,0,0,0,0,0,0,0,70,"PHI","PIT","PHI",0,"F","F",3,5,1,30,5,"T","F",7,7,"T","T","trayp101","wrigg102","T","T",4,3,69,8,1,67,0,9,66,"henlb101","henlb101","henlb101",0,0,0,0,0,0,0,0,0,0,0,0,1,"mitcc102","F","F","F","F",3,5,4,4,2,0,0,0,0,0,F,F,"1925PHI.EVN.regular.event.csv",1042
"PHI192505090","PIT",8,0,1,0,0,"",4,5,"trayp101","?","trayp101","?","mitcc102","?","mitcc102","?","henlb101","holkw101","fonsl101","hubec101","sandh101","burng101","harpg101","willc103","barnc102","moore102","carem101","S8/F8S.3-H;2-3;1-2","F","F",5,5,20,"T","T",1,"F","F",0,"F","F",1,"F","F",8,"F","F","F","8S",0,0,"N",0,"N",0,"N",1,2,3,4,"","","","","F","F","F","F","F","F","F","F","F","mitcc102","mitcc102","mitcc102","F","F","F","F","F","","","","",0,0,0,0,0,0,0,0,0,71,"PHI","PIT","PHI",0,"F","F",4,5,2,31,6,"T","F",7,7,"T","T","wrigg102","nieha101","T","T",7,4,70,4,3,69,8,1,67,"henlb101","henlb101","henlb101",0,0,0,0,0,0,0,0,0,0,0,0,1,"harpg101","F","F","F","F",0,3,5,4,1,0,0,0,0,0,F,F,"1925PHI.EVN.regular.event.csv",1043
"PHI192505090","PIT",8,0,1,0,0,"",5,5,"wrigg102","?","wrigg102","?","betth101","?","betth101","?","henlb101","holkw101","fonsl101","hubec101","sandh101","burng101","harpg101","willc103","trayp101","barnc102","moore102","D9/F89XDW.3-H(UR);2-3;1X3(94)","F","F",6,6,21,"T","T",2,"F","F",1,"F","F",1,"F","F",9,"F","F","F","89XDW",0,0,"N",0,"N",0,"N",2,0,3,5,"","94","","","F","F","F","F","F","F","F","F","F","mitcc102","mitcc102","mitcc102","F","F","F","F","F","","","","",0,4,0,0,9,0,0,0,0,72,"PHI","PIT","PHI",0,"F","F",5,5,3,32,7,"T","F",7,6,"T","T","nieha101","bigbc101","F","F",5,5,71,7,4,70,4,3,69,"henlb101","henlb101","henlb101",0,0,0,0,0,0,0,0,0,0,0,0,1,"willc103","F","F","F","F",2,0,3,5,0,0,0,0,0,0,F,F,"1925PHI.EVN.regular.event.csv",1044
"PHI192505090","PIT",8,0,2,0,0,"",6,5,"nieha101","?","nieha101","?","betth101","?","betth101","?","henlb101","holkw101","fonsl101","hubec101","sandh101","burng101","harpg101","willc103","","wrigg102","barnc102","7/L78D","F","F",3,7,2,"T","T",0,"F","F",1,"F","F",0,"F","F",7,"L","F","F","78D",0,0,"N",0,"N",0,"N",0,0,2,3,"7","","","","F","F","F","F","F","F","F","F","F","","betth101","mitcc102","F","F","F","F","F","","","","",0,7,0,0,0,0,0,0,0,73,"PHI","PIT","PHI",0,"F","T",6,5,4,33,8,"T","F",6,6,"T","T","bigbc101","grang102","F","F",0,0,0,6,6,72,7,4,70,"","henlb101","henlb101",0,0,0,0,0,0,0,0,0,0,0,0,0,"burng101","F","F","F","F",0,0,2,3,0,0,0,0,0,0,F,F,"1925PHI.EVN.regular.event.csv",1045
"PHI192505090","PIT",8,1,0,0,0,"",6,5,"willc103","?","willc103","?","meadl101","?","meadl101","?","smite106","nieha101","moore102","trayp101","wrigg102","bigbc101","carem101","cuylk101","","","","5/FL","T","F",9,3,2,"T","T",0,"F","F",1,"F","F",0,"F","F",5,"F","F","T","",0,0,"N",0,"N",0,"N",0,0,0,0,"5","","","","F","F","F","F","F","F","F","F","F","","","","F","F","F","F","F","","","","",0,5,0,0,0,0,0,0,0,74,"PHI","PHI","PIT",1,"T","F",5,6,0,38,0,"T","F",0,0,"T","T","harpg101","holkw101","F","F",0,0,0,0,0,0,0,0,0,"","","",0,0,0,0,0,0,0,0,0,0,0,0,0,"trayp101","F","F","F","F",0,0,0,0,0,0,0,0,0,0,F,F,"1925PHI.EVN.regular.event.csv",1046
"PHI192505090","PIT",8,1,1,0,0,"",6,5,"harpg101","?","harpg101","?","meadl101","?","meadl101","?","smite106","nieha101","moore102","trayp101","wrigg102","bigbc101","carem101","cuylk101","","","","S9","F","F",8,4,20,"T","T",1,"F","F",0,"F","F",0,"F","F",9,"","F","F","",0,0,"N",0,"N",0,"N",1,0,0,0,"","","","","F","F","F","F","F","F","F","F","F","","","","F","F","F","F","F","","","","",0,0,0,0,0,0,0,0,0,75,"PHI","PHI","PIT",1,"F","F",5,6,0,39,1,"T","F",0,1,"T","T","holkw101","henlb101","F","F",0,0,0,0,0,0,0,0,0,"","","",0,0,0,0,0,0,0,0,0,0,0,0,0,"cuylk101","F","F","F","F",0,0,0,0,0,0,0,0,0,0,F,F,"1925PHI.EVN.regular.event.csv",1047
"PHI192505090","PIT",8,1,1,0,0,"",6,5,"holkw101","?","holkw101","?","meadl101","?","meadl101","?","smite106","nieha101","moore102","trayp101","wrigg102","bigbc101","carem101","cuylk101","harpg101","","","7/F","F","F",3,5,2,"T","T",0,"F","F",1,"F","F",0,"F","F",7,"F","F","F","",0,0,"N",0,"N",0,"N",0,1,0,0,"7","","","","F","F","F","F","F","F","F","F","F","meadl101","","","F","F","F","F","F","","","","",0,7,0,0,0,0,0,0,0,76,"PHI","PHI","PIT",1,"F","F",5,6,0,40,2,"T","F",1,1,"T","T","henlb101","sandh101","F","F",8,4,75,0,0,0,0,0,0,"smite106","","",0,0,0,0,0,0,0,0,0,0,0,0,0,"bigbc101","F","F","F","F",0,0,0,0,0,0,0,0,0,0,F,F,"1925PHI.EVN.regular.event.csv",1048
"PHI192505090","PIT",8,1,2,0,0,"",6,5,"henlb101","?","henlb101","?","meadl101","?","meadl101","?","smite106","nieha101","moore102","trayp101","wrigg102","bigbc101","carem101","cuylk101","harpg101","","","43","F","F",2,6,2,"T","T",0,"F","F",1,"F","F",0,"F","F",4,"G","F","F","",0,0,"N",0,"N",0,"N",0,1,0,0,"43","","","","F","F","F","F","F","F","F","F","F","meadl101","","","F","F","F","F","F","","","","",0,3,0,0,4,0,0,0,0,77,"PHI","PHI","PIT",1,"F","T",5,6,0,41,3,"T","F",1,1,"T","T","sandh101","hubec101","F","F",8,4,75,0,0,0,0,0,0,"smite106","","",0,0,0,0,0,0,0,0,0,0,0,0,0,"moore102","F","F","F","F",0,0,0,0,0,0,0,0,0,0,F,F,"1925PHI.EVN.regular.event.csv",1049
"PHI192505090","PIT",9,0,0,0,0,"",6,5,"bigbc101","?","bigbc101","?","betth101","?","betth101","?","henlb101","holkw101","fonsl101","hubec101","sandh101","burng101","harpg101","willc103","","","","9/F","T","F",7,8,2,"T","T",0,"F","F",1,"F","F",0,"F","F",9,"F","F","F","",0,0,"N",0,"N",0,"N",0,0,0,0,"9","","","","F","F","F","F","F","F","F","F","F","","","","F","F","F","F","F","","","","",0,9,0,0,0,0,0,0,0,78,"PHI","PIT","PHI",0,"T","F",6,5,0,34,0,"T","F",0,0,"F","F","meadl101","carem101","F","F",0,0,0,0,0,0,0,0,0,"","","",0,0,0,0,0,0,0,0,0,0,0,0,0,"willc103","F","F","F","F",0,0,0,0,0,0,0,0,0,0,F,F,"1925PHI.EVN.regular.event.csv",1050
"PHI192505090","PIT",9,0,1,0,0,"",6,5,"meadl101","?","meadl101","?","betth101","?","betth101","?","henlb101","holkw101","fonsl101","hubec101","sandh101","burng101","harpg101","willc103","","","","63","F","F",1,9,2,"T","T",0,"F","F",1,"F","F",0,"F","F",6,"G","F","F","",0,0,"N",0,"N",0,"N",0,0,0,0,"63","","","","F","F","F","F","F","F","F","F","F","","","","F","F","F","F","F","","","","",0,3,0,0,6,0,0,0,0,79,"PHI","PIT","PHI",0,"F","F",6,5,0,35,1,"T","F",0,0,"F","F","carem101","cuylk101","F","F",0,0,0,0,0,0,0,0,0,"","","",0,0,0,0,0,0,0,0,0,0,0,0,0,"sandh101","F","F","F","F",0,0,0,0,0,0,0,0,0,0,F,F,"1925PHI.EVN.regular.event.csv",1051
"PHI192505090","PIT",9,0,2,0,0,"",6,5,"carem101","?","carem101","?","betth101","?","betth101","?","henlb101","holkw101","fonsl101","hubec101","sandh101","burng101","harpg101","willc103","","","","13","F","F",8,1,2,"T","T",0,"F","F",1,"F","F",0,"F","F",1,"G","F","F","",0,0,"N",0,"N",0,"N",0,0,0,0,"13","","","","F","F","F","F","F","F","F","F","F","","","","F","F","F","F","F","","","","",0,3,0,0,1,0,0,0,0,80,"PHI","PIT","PHI",0,"F","T",6,5,0,36,2,"T","F",0,0,"T","T","cuylk101","moore102","F","F",0,0,0,0,0,0,0,0,0,"","","",0,0,0,0,0,0,0,0,0,0,0,0,0,"betth101","F","F","F","F",0,0,0,0,0,0,0,0,0,0,F,F,"1925PHI.EVN.regular.event.csv",1052
"PHI192505090","PIT",9,1,0,0,0,"",6,5,"sandh101","?","sandh101","?","meadl101","?","meadl101","?","smite106","nieha101","moore102","trayp101","wrigg102","bigbc101","carem101","cuylk101","","","","8/F","T","F",6,7,2,"T","T",0,"F","F",1,"F","F",0,"F","F",8,"F","F","F","",0,0,"N",0,"N",0,"N",0,0,0,0,"8","","","","F","F","F","F","F","F","F","F","F","","","","F","F","F","F","F","","","","",0,8,0,0,0,0,0,0,0,81,"PHI","PHI","PIT",1,"T","F",5,6,0,42,0,"T","F",0,0,"T","T","hubec101","betth101","F","F",0,0,0,0,0,0,0,0,0,"","","",0,0,0,0,0,0,0,0,0,0,0,0,0,"carem101","F","F","F","F",0,0,0,0,0,0,0,0,0,0,F,F,"1925PHI.EVN.regular.event.csv",1053
"PHI192505090","PIT",9,1,1,0,0,"",6,5,"hubec101","?","hubec101","?","meadl101","?","meadl101","?","smite106","nieha101","moore102","trayp101","wrigg102","bigbc101","carem101","cuylk101","","","","9/F","F","F",5,8,2,"T","T",0,"F","F",1,"F","F",0,"F","F",9,"F","F","F","",0,0,"N",0,"N",0,"N",0,0,0,0,"9","","","","F","F","F","F","F","F","F","F","F","","","","F","F","F","F","F","","","","",0,9,0,0,0,0,0,0,0,82,"PHI","PHI","PIT",1,"F","F",5,6,0,43,1,"T","F",0,0,"T","T","betth101","burng101","F","F",0,0,0,0,0,0,0,0,0,"","","",0,0,0,0,0,0,0,0,0,0,0,0,0,"cuylk101","F","F","F","F",0,0,0,0,0,0,0,0,0,0,F,F,"1925PHI.EVN.regular.event.csv",1054
"PHI192505090","PIT",9,1,2,0,0,"",6,5,"wrigr102","?","wrigr102","?","meadl101","?","meadl101","?","smite106","nieha101","moore102","trayp101","wrigg102","bigbc101","carem101","cuylk101","","","","D/L78XD","F","T",11,9,21,"T","T",2,"F","F",0,"F","F",0,"F","F",0,"L","F","F","78XD",0,0,"N",0,"N",0,"N",2,0,0,0,"","","","","F","F","F","F","F","F","F","F","F","","","","F","F","F","F","F","","","","betth101",1,0,0,0,0,0,0,0,0,83,"PHI","PHI","PIT",1,"F","F",5,6,0,44,2,"T","F",0,2,"F","F","burng101","fonsl101","F","F",0,0,0,0,0,0,0,0,0,"","","",0,0,0,0,0,0,0,0,0,0,0,0,0,"","F","F","F","F",2,0,0,0,0,0,0,0,0,0,F,F,"1925PHI.EVN.regular.event.csv",1055
"PHI192505090","PIT",9,1,2,0,0,"",6,5,"burng101","?","burng101","?","meadl101","?","meadl101","?","smite106","nieha101","moore102","trayp101","wrigg102","bigbc101","carem101","cuylk101","","wrigr102","","6/P56D","F","F",7,1,2,"T","T",0,"F","F",1,"F","F",0,"F","F",6,"P","F","F","56D",0,0,"N",0,"N",0,"N",0,0,2,0,"6","","","","F","F","F","F","F","F","F","F","F","","meadl101","","F","T","F","F","F","","","","",0,6,0,0,0,0,0,0,0,84,"PHI","PHI","PIT",1,"F","T",5,6,0,45,3,"T","F",2,2,"T","T","fonsl101","willc103","F","F",0,0,0,0,9,83,0,0,0,"","smite106","",0,0,0,0,0,0,0,0,0,0,0,0,0,"wrigg102","F","F","F","F",0,0,2,0,0,0,0,0,0,0,F,F,"1925PHI.EVN.regular.event.csv",1056
"PHI192505121","PIT",1,0,0,0,0,"",0,0,"carem101","?","carem101","?","ringj101","?","ringj101","?","wilsj105","holkw101","fonsl101","hubec101","sandh101","burng101","harpg101","willc103","","","","S9","T","F",8,1,20,"T","T",1,"F","F",0,"F","F",0,"F","F",9,"","F","F","",0,0,"N",0,"N",0,"N",1,0,0,0,"","","","","F","F","F","F","F","F","F","F","F","","","","T","F","F","F","F","","","","",0,0,0,0,0,0,0,0,0,1,"PHI","PIT","PHI",0,"T","F",0,0,0,0,0,"T","F",0,1,"T","T","cuylk101","moore102","T","T",0,0,0,0,0,0,0,0,0,"","","",0,0,0,0,0,0,0,0,0,0,0,0,0,"willc103","F","F","F","F",0,0,0,0,0,0,0,0,0,0,F,F,"1925PHI.EVN.regular.event.csv",1057
"PHI192505121","PIT",1,0,0,0,0,"",0,0,"cuylk101","?","cuylk101","?","ringj101","?","ringj101","?","wilsj105","holkw101","fonsl101","hubec101","sandh101","burng101","harpg101","willc103","carem101","","","K","F","F",9,2,3,"T","T",0,"F","F",1,"F","F",0,"F","F",0,"","F","F","",0,0,"N",0,"N",0,"N",0,1,0,0,"2","","","","F","F","F","F","F","F","F","F","F","ringj101","","","F","F","F","F","F","","","","",0,2,0,0,0,0,0,0,0,2,"PHI","PIT","PHI",0,"F","F",0,0,0,1,1,"T","F",1,1,"T","T","moore102","barnc102","T","T",8,1,1,0,0,0,0,0,0,"wilsj105","","",0,0,0,0,0,0,0,0,0,0,0,0,0,"","F","F","F","F",0,0,0,0,0,0,0,0,0,0,F,F,"1925PHI.EVN.regular.event.csv",1058
"PHI192505121","PIT",1,0,1,0,0,"",0,0,"moore102","?","moore102","?","ringj101","?","ringj101","?","wilsj105","holkw101","fonsl101","hubec101","sandh101","burng101","harpg101","willc103","carem101","","","64(1)3/GDP","F","F",4,3,2,"T","T",0,"F","F",2,"T","F",0,"F","F",6,"G","F","F","",0,0,"N",0,"N",0,"N",0,0,0,0,"43","64","","","F","F","F","F","F","F","F","F","F","ringj101","","","F","F","F","F","F","","","","",0,4,3,0,6,4,0,0,0,3,"PHI","PIT","PHI",0,"F","T",0,0,0,2,2,"T","F",1,0,"T","T","barnc102","trayp101","T","T",8,1,1,0,0,0,0,0,0,"wilsj105","","",0,0,0,0,0,0,0,0,0,0,0,0,0,"sandh101","T","F","F","F",0,0,0,0,0,0,0,0,0,0,F,F,"1925PHI.EVN.regular.event.csv",1059
"PHI192505121","PIT",1,1,0,0,0,"X",0,0,"burng101","?","burng101","?","aldrv101","?","aldrv101","?","goocj101","nieha101","moore102","trayp101","wrigg102","barnc102","carem101","cuylk101","","","","D9/89D","T","F",7,1,21,"T","T",2,"F","F",0,"F","F",0,"F","F",9,"","F","F","89D",0,0,"N",0,"N",0,"N",2,0,0,0,"","","","","F","F","F","F","F","F","F","F","F","","","","F","F","F","F","F","","","","",0,0,0,0,0,0,0,0,0,4,"PHI","PHI","PIT",1,"T","F",0,0,0,0,0,"T","F",0,2,"T","T","fonsl101","willc103","T","T",0,0,0,0,0,0,0,0,0,"","","",0,0,0,0,0,0,1,0,0,0,1,0,0,"cuylk101","F","F","F","F",4,0,0,0,1,0,0,0,0,0,F,F,"1925PHI.EVN.regular.event.csv",1060
"PHI192505121","PIT",1,1,0,0,0,"",0,0,"fonsl101","?","fonsl101","?","aldrv101","?","aldrv101","?","goocj101","nieha101","moore102","trayp101","wrigg102","barnc102","carem101","cuylk101","","burng101","","13/SH.2-3","F","F",4,2,2,"T","F",0,"T","F",1,"F","F",0,"F","F",1,"G","T","F","",0,0,"N",0,"N",0,"N",0,0,3,0,"13","","","","F","F","F","F","F","F","F","F","F","","aldrv101","","F","F","F","F","F","","","","",0,3,0,0,1,0,0,0,0,5,"PHI","PHI","PIT",1,"F","F",0,0,0,1,1,"T","F",2,4,"T","T","willc103","harpg101","T","T",0,0,0,7,1,4,0,0,0,"","goocj101","",0,0,0,0,0,0,0,0,0,0,0,0,0,"aldrv101","F","F","F","F",0,0,4,0,1,0,0,0,0,0,F,F,"1925PHI.EVN.regular.event.csv",1061
"PHI192505121","PIT",1,1,1,0,0,"",0,0,"willc103","?","willc103","?","aldrv101","?","aldrv101","?","goocj101","nieha101","moore102","trayp101","wrigg102","barnc102","carem101","cuylk101","","","burng101","S9/G34.3-H","F","F",9,3,20,"T","T",1,"F","F",0,"F","F",1,"F","F",9,"G","F","F","34",0,0,"N",0,"N",0,"N",1,0,0,4,"","","","","F","F","F","F","F","F","F","F","F","","","aldrv101","F","F","F","F","F","","","","",0,0,0,0,0,0,0,0,0,6,"PHI","PHI","PIT",1,"F","F",0,0,0,2,2,"T","F",4,1,"T","T","harpg101","holkw101","T","T",0,0,0,0,0,0,7,1,4,"","","goocj101",0,0,0,0,0,0,0,0,0,0,0,0,1,"cuylk101","F","F","F","F",0,0,0,4,0,0,0,0,0,0,F,F,"1925PHI.EVN.regular.event.csv",1062
"PHI192505121","PIT",1,1,1,0,0,"",0,1,"harpg101","?","harpg101","?","aldrv101","?","aldrv101","?","goocj101","nieha101","moore102","trayp101","wrigg102","barnc102","carem101","cuylk101","willc103","","","53.1-2","F","F",8,4,2,"T","T",0,"F","F",1,"F","F",0,"F","F",5,"G","F","F","",0,0,"N",0,"N",0,"N",0,2,0,0,"53","","","","F","F","F","F","F","F","F","F","F","aldrv101","","","F","F","F","F","F","","","","",0,3,0,0,5,0,0,0,0,7,"PHI","PHI","PIT",1,"F","F",1,0,1,3,3,"T","F",1,2,"T","T","holkw101","wilsj105","T","T",9,3,6,0,0,0,0,0,0,"goocj101","","",0,0,0,0,0,0,0,0,0,0,0,0,0,"trayp101","F","F","F","F",0,0,0,0,0,0,0,0,0,0,F,F,"1925PHI.EVN.regular.event.csv",1063
"PHI192505121","PIT",1,1,2,0,0,"",0,1,"holkw101","?","holkw101","?","aldrv101","?","aldrv101","?","goocj101","nieha101","moore102","trayp101","wrigg102","barnc102","carem101","cuylk101","","willc103","","63","F","F",3,5,2,"T","T",0,"F","F",1,"F","F",0,"F","F",6,"G","F","F","",0,0,"N",0,"N",0,"N",0,0,2,0,"63","","","","F","F","F","F","F","F","F","F","F","","aldrv101","","F","F","F","F","F","","","","",0,3,0,0,6,0,0,0,0,8,"PHI","PHI","PIT",1,"F","T",1,0,1,4,4,"T","F",2,2,"T","T","wilsj105","sandh101","T","T",0,0,0,9,3,6,0,0,0,"","goocj101","",0,0,0,0,0,0,0,0,0,0,0,0,0,"wrigg102","F","F","F","F",0,0,0,0,0,0,0,0,0,0,F,F,"1925PHI.EVN.regular.event.csv",1064
"PHI192505121","PIT",2,0,0,0,0,"",0,1,"barnc102","?","barnc102","?","ringj101","?","ringj101","?","wilsj105","holkw101","fonsl101","hubec101","sandh101","burng101","harpg101","willc103","","","","HR/F9D","T","F",7,4,23,"T","T",4,"F","F",0,"F","F",1,"F","F",0,"F","F","F","9D",0,0,"N",0,"N",0,"N",4,0,0,0,"","","","","F","F","F","F","F","F","F","F","F","","","","F","F","F","F","F","","","","",0,0,0,0,0,0,0,0,0,9,"PHI","PIT","PHI",0,"T","F",0,1,0,3,0,"T","F",0,0,"T","T","trayp101","wrigg102","T","T",0,0,0,0,0,0,0,0,0,"","","",0,0,0,0,0,0,0,0,0,0,0,0,1,"","F","F","F","F",4,0,0,0,0,0,0,0,0,0,F,F,"1925PHI.EVN.regular.event.csv",1065
"PHI192505121","PIT",2,0,0,0,0,"",1,1,"trayp101","?","trayp101","?","ringj101","?","ringj101","?","wilsj105","holkw101","fonsl101","hubec101","sandh101","burng101","harpg101","willc103","","","","2/FL","F","F",5,5,2,"T","T",0,"F","F",1,"F","F",0,"F","F",2,"F","F","T","",0,0,"N",0,"N",0,"N",0,0,0,0,"2","","","","F","F","F","F","F","F","F","F","F","","","","F","F","F","F","F","","","","",0,2,0,0,0,0,0,0,0,10,"PHI","PIT","PHI",0,"F","F",1,1,1,4,1,"T","F",0,0,"T","T","wrigg102","nieha101","T","T",0,0,0,0,0,0,0,0,0,"","","",0,0,0,0,0,0,0,0,0,0,0,0,0,"wilsj105","F","F","F","F",0,0,0,0,0,0,0,0,0,0,F,F,"1925PHI.EVN.regular.event.csv",1066
"PHI192505121","PIT",2,0,1,0,0,"",1,1,"wrigg102","?","wrigg102","?","ringj101","?","ringj101","?","wilsj105","holkw101","fonsl101","hubec101","sandh101","burng101","harpg101","willc103","","","","K","F","F",6,6,3,"T","T",0,"F","F",1,"F","F",0,"F","F",0,"","F","F","",0,0,"N",0,"N",0,"N",0,0,0,0,"2","","","","F","F","F","F","F","F","F","F","F","","","","F","F","F","F","F","","","","",0,2,0,0,0,0,0,0,0,11,"PHI","PIT","PHI",0,"F","F",1,1,1,5,2,"T","F",0,0,"T","T","nieha101","goocj101","T","T",0,0,0,0,0,0,0,0,0,"","","",0,0,0,0,0,0,0,0,0,0,0,0,0,"","F","F","F","F",0,0,0,0,0,0,0,0,0,0,F,F,"1925PHI.EVN.regular.event.csv",1067
"PHI192505121","PIT",2,0,2,0,0,"",1,1,"nieha101","?","nieha101","?","ringj101","?","ringj101","?","wilsj105","holkw101","fonsl101","hubec101","sandh101","burng101","harpg101","willc103","","","","3/G","F","F",3,7,2,"T","T",0,"F","F",1,"F","F",0,"F","F",3,"G","F","F","",0,0,"N",0,"N",0,"N",0,0,0,0,"3","","","","F","F","F","F","F","F","F","F","F","","","","F","F","F","F","F","","","","",0,3,0,0,0,0,0,0,0,12,"PHI","PIT","PHI",0,"F","T",1,1,1,6,3,"T","F",0,0,"T","T","goocj101","aldrv101","T","T",0,0,0,0,0,0,0,0,0,"","","",0,0,0,0,0,0,0,0,0,0,0,0,0,"holkw101","F","F","F","F",0,0,0,0,0,0,0,0,0,0,F,F,"1925PHI.EVN.regular.event.csv",1068
"PHI192505121","PIT",2,1,0,0,0,"",1,1,"wilsj105","?","wilsj105","?","aldrv101","?","aldrv101","?","goocj101","nieha101","moore102","trayp101","wrigg102","barnc102","carem101","cuylk101","","","","S8","T","F",2,6,20,"T","T",1,"F","F",0,"F","F",0,"F","F",8,"","F","F","",0,0,"N",0,"N",0,"N",1,0,0,0,"","","","","F","F","F","F","F","F","F","F","F","","","","F","F","F","F","F","","","","",0,0,0,0,0,0,0,0,0,13,"PHI","PHI","PIT",1,"T","F",1,1,0,5,0,"T","F",0,1,"T","T","sandh101","hubec101","T","T",0,0,0,0,0,0,0,0,0,"","","",0,0,0,0,0,0,0,0,0,0,0,0,0,"carem101","F","F","F","F",0,0,0,0,0,0,0,0,0,0,F,F,"1925PHI.EVN.regular.event.csv",1069
"PHI192505121","PIT",2,1,0,0,0,"",1,1,"sandh101","?","sandh101","?","aldrv101","?","aldrv101","?","goocj101","nieha101","moore102","trayp101","wrigg102","barnc102","carem101","cuylk101","wilsj105","","","5/FL","F","F",6,7,2,"T","T",0,"F","F",1,"F","F",0,"F","F",5,"F","F","T","",0,0,"N",0,"N",0,"N",0,1,0,0,"5","","","","F","F","F","F","F","F","F","F","F","aldrv101","","","F","F","F","F","F","","","","",0,5,0,0,0,0,0,0,0,14,"PHI","PHI","PIT",1,"F","F",1,1,0,6,1,"T","F",1,1,"T","T","hubec101","ringj101","T","T",2,6,13,0,0,0,0,0,0,"goocj101","","",0,0,0,0,0,0,0,0,0,0,0,0,0,"trayp101","F","F","F","F",0,0,0,0,0,0,0,0,0,0,F,F,"1925PHI.EVN.regular.event.csv",1070
"PHI192505121","PIT",2,1,1,0,0,"",1,1,"hubec101","?","hubec101","?","aldrv101","?","aldrv101","?","goocj101","nieha101","moore102","trayp101","wrigg102","barnc102","carem101","cuylk101","wilsj105","","","S8/8S.1-2","F","F",5,8,20,"T","T",1,"F","F",0,"F","F",0,"F","F",8,"","F","F","8S",0,0,"N",0,"N",0,"N",1,2,0,0,"","","","","F","F","F","F","F","F","F","F","F","aldrv101","","","F","F","F","F","F","","","","",0,0,0,0,0,0,0,0,0,15,"PHI","PHI","PIT",1,"F","F",1,1,0,7,2,"T","F",1,3,"T","T","ringj101","burng101","T","T",2,6,13,0,0,0,0,0,0,"goocj101","","",0,0,0,0,0,0,0,0,0,0,0,0,0,"carem101","F","F","F","F",0,0,0,0,0,0,0,0,0,0,F,F,"1925PHI.EVN.regular.event.csv",1071
"PHI192505121","PIT",2,1,1,0,0,"",1,1,"ringj101","?","ringj101","?","aldrv101","?","aldrv101","?","goocj101","nieha101","moore102","trayp101","wrigg102","barnc102","carem101","cuylk101","hubec101","wilsj105","","15(2)/FO.1-2","F","F",1,9,2,"T","T",0,"F","F",1,"F","F",0,"F","F",1,"G","F","F","",0,0,"N",0,"N",0,"N",1,2,0,0,"","","15","","F","F","F","F","F","F","F","F","F","aldrv101","aldrv101","","F","F","F","F","F","","","","",0,5,0,0,1,0,0,0,0,16,"PHI","PHI","PIT",1,"F","F",1,1,0,8,3,"T","F",3,3,"T","T","burng101","fonsl101","T","T",5,8,15,2,6,13,0,0,0,"goocj101","goocj101","",0,0,0,0,0,0,0,0,0,0,0,0,0,"aldrv101","F","T","F","F",0,0,0,0,0,0,0,0,0,0,F,F,"1925PHI.EVN.regular.event.csv",1072
"PHI192505121","PIT",2,1,2,0,0,"",1,1,"burng101","?","burng101","?","aldrv101","?","aldrv101","?","goocj101","nieha101","moore102","trayp101","wrigg102","barnc102","carem101","cuylk101","ringj101","hubec101","","46(1)/FO","F","F",7,1,2,"T","T",0,"F","F",1,"F","F",0,"F","F",4,"G","F","F","",0,0,"N",0,"N",0,"N",1,0,2,0,"","46","","","F","F","F","F","F","F","F","F","F","aldrv101","aldrv101","","F","F","F","F","F","","","","",0,6,0,0,4,0,0,0,0,17,"PHI","PHI","PIT",1,"F","T",1,1,0,9,4,"T","F",3,3,"T","T","fonsl101","willc103","T","T",1,9,16,5,8,15,0,0,0,"goocj101","goocj101","",0,0,0,0,0,0,0,0,0,0,0,0,0,"moore102","T","F","F","F",0,0,0,0,0,0,0,0,0,0,F,F,"1925PHI.EVN.regular.event.csv",1073
"PHI192505121","PIT",3,0,0,0,0,"",1,1,"goocj101","?","goocj101","?","ringj101","?","ringj101","?","wilsj105","holkw101","fonsl101","hubec101","sandh101","burng101","harpg101","willc103","","","","9/L","T","F",2,8,2,"T","T",0,"F","F",1,"F","F",0,"F","F",9,"L","F","F","",0,0,"N",0,"N",0,"N",0,0,0,0,"9","","","","F","F","F","F","F","F","F","F","F","","","","F","F","F","F","F","","","","",0,9,0,0,0,0,0,0,0,18,"PHI","PIT","PHI",0,"T","F",1,1,0,7,0,"T","F",0,0,"T","T","aldrv101","carem101","T","T",0,0,0,0,0,0,0,0,0,"","","",0,0,0,0,0,0,0,0,0,0,0,0,0,"willc103","F","F","F","F",0,0,0,0,0,0,0,0,0,0,F,F,"1925PHI.EVN.regular.event.csv",1074
"PHI192505121","PIT",3,0,1,0,0,"",1,1,"aldrv101","?","aldrv101","?","ringj101","?","ringj101","?","wilsj105","holkw101","fonsl101","hubec101","sandh101","burng101","harpg101","willc103","","","","63","F","F",1,9,2,"T","T",0,"F","F",1,"F","F",0,"F","F",6,"G","F","F","",0,0,"N",0,"N",0,"N",0,0,0,0,"63","","","","F","F","F","F","F","F","F","F","F","","","","F","F","F","F","F","","","","",0,3,0,0,6,0,0,0,0,19,"PHI","PIT","PHI",0,"F","F",1,1,0,8,1,"T","F",0,0,"T","T","carem101","cuylk101","T","T",0,0,0,0,0,0,0,0,0,"","","",0,0,0,0,0,0,0,0,0,0,0,0,0,"sandh101","F","F","F","F",0,0,0,0,0,0,0,0,0,0,F,F,"1925PHI.EVN.regular.event.csv",1075
"PHI192505121","PIT",3,0,2,0,0,"",1,1,"carem101","?","carem101","?","ringj101","?","ringj101","?","wilsj105","holkw101","fonsl101","hubec101","sandh101","burng101","harpg101","willc103","","","","7/F","F","F",8,1,2,"T","T",0,"F","F",1,"F","F",0,"F","F",7,"F","F","F","",0,0,"N",0,"N",0,"N",0,0,0,0,"7","","","","F","F","F","F","F","F","F","F","F","","","","F","F","F","F","F","","","","",0,7,0,0,0,0,0,0,0,20,"PHI","PIT","PHI",0,"F","T",1,1,0,9,2,"T","F",0,0,"T","T","cuylk101","moore102","T","T",0,0,0,0,0,0,0,0,0,"","","",0,0,0,0,0,0,0,0,0,0,0,0,0,"burng101","F","F","F","F",0,0,0,0,0,0,0,0,0,0,F,F,"1925PHI.EVN.regular.event.csv",1076
"PHI192505121","PIT",3,1,0,0,0,"",1,1,"fonsl101","?","fonsl101","?","aldrv101","?","aldrv101","?","goocj101","nieha101","moore102","trayp101","wrigg102","barnc102","carem101","cuylk101","","","","5/FL","T","F",4,2,2,"T","T",0,"F","F",1,"F","F",0,"F","F",5,"F","F","T","",0,0,"N",0,"N",0,"N",0,0,0,0,"5","","","","F","F","F","F","F","F","F","F","F","","","","F","F","F","F","F","","","","",0,5,0,0,0,0,0,0,0,21,"PHI","PHI","PIT",1,"T","F",1,1,0,10,0,"T","F",0,0,"T","T","willc103","harpg101","T","T",0,0,0,0,0,0,0,0,0,"","","",0,0,0,0,0,0,0,0,0,0,0,0,0,"trayp101","F","F","F","F",0,0,0,0,0,0,0,0,0,0,F,F,"1925PHI.EVN.regular.event.csv",1077
"PHI192505121","PIT",3,1,1,0,0,"",1,1,"willc103","?","willc103","?","aldrv101","?","aldrv101","?","goocj101","nieha101","moore102","trayp101","wrigg102","barnc102","carem101","cuylk101","","","","5/P","F","F",9,3,2,"T","T",0,"F","F",1,"F","F",0,"F","F",5,"P","F","F","",0,0,"N",0,"N",0,"N",0,0,0,0,"5","","","","F","F","F","F","F","F","F","F","F","","","","F","F","F","F","F","","","","",0,5,0,0,0,0,0,0,0,22,"PHI","PHI","PIT",1,"F","F",1,1,0,11,1,"T","F",0,0,"T","T","harpg101","holkw101","T","T",0,0,0,0,0,0,0,0,0,"","","",0,0,0,0,0,0,0,0,0,0,0,0,0,"trayp101","F","F","F","F",0,0,0,0,0,0,0,0,0,0,F,F,"1925PHI.EVN.regular.event.csv",1078
"PHI192505121","PIT",3,1,2,0,0,"",1,1,"harpg101","?","harpg101","?","aldrv101","?","aldrv101","?","goocj101","nieha101","moore102","trayp101","wrigg102","barnc102","carem101","cuylk101","","","","S8","F","F",8,4,20,"T","T",1,"F","F",0,"F","F",0,"F","F",8,"","F","F","",0,0,"N",0,"N",0,"N",1,0,0,0,"","","","","F","F","F","F","F","F","F","F","F","","","","F","F","F","F","F","","","","",0,0,0,0,0,0,0,0,0,23,"PHI","PHI","PIT",1,"F","F",1,1,0,12,2,"T","F",0,1,"T","T","holkw101","wilsj105","T","T",0,0,0,0,0,0,0,0,0,"","","",0,0,0,0,0,0,0,0,0,0,0,0,0,"carem101","F","F","F","F",0,0,0,0,0,0,0,0,0,0,F,F,"1925PHI.EVN.regular.event.csv",1079
"PHI192505121","PIT",3,1,2,0,0,"",1,1,"holkw101","?","holkw101","?","aldrv101","?","aldrv101","?","goocj101","nieha101","moore102","trayp101","wrigg102","barnc102","carem101","cuylk101","harpg101","","","SB2","F","F",3,5,4,"F","F",0,"F","F",0,"F","F",0,"F","F",0,"","F","F","",0,0,"N",0,"N",0,"N",0,2,0,0,"","","","","T","F","F","F","F","F","F","F","F","aldrv101","","","F","F","F","F","F","","","","",0,0,0,0,0,0,0,0,0,24,"PHI","PHI","PIT",1,"F","F",1,1,0,13,3,"T","F",1,2,"T","T","wilsj105","sandh101","T","T",8,4,23,0,0,0,0,0,0,"goocj101","","",0,0,0,0,0,0,0,0,0,0,0,0,0,"","F","F","F","F",0,0,0,0,0,0,0,0,0,0,F,F,"1925PHI.EVN.regular.event.csv",1080
"PHI192505121","PIT",3,1,2,0,0,"",1,1,"holkw101","?","holkw101","?","aldrv101","?","aldrv101","?","goocj101","nieha101","moore102","trayp101","wrigg102","barnc102","carem101","cuylk101","","harpg101","","63","F","F",3,5,2,"T","T",0,"F","F",1,"F","F",0,"F","F",6,"G","F","F","",0,0,"N",0,"N",0,"N",0,0,2,0,"63","","","","F","F","F","F","F","F","F","F","F","","aldrv101","","F","F","F","F","F","","","","",0,3,0,0,6,0,0,0,0,25,"PHI","PHI","PIT",1,"F","T",1,1,0,13,3,"F","F",2,2,"T","T","wilsj105","sandh101","T","T",0,0,0,8,4,23,0,0,0,"","goocj101","",0,0,0,0,0,0,0,0,0,0,0,0,0,"wrigg102","F","F","F","F",0,0,0,0,0,0,0,0,0,0,F,F,"1925PHI.EVN.regular.event.csv",1081
"PHI192505121","PIT",4,0,0,0,0,"",1,1,"cuylk101","?","cuylk101","?","ringj101","?","ringj101","?","wilsj105","holkw101","fonsl101","hubec101","sandh101","burng101","harpg101","willc103","","","","13","T","F",9,2,2,"T","T",0,"F","F",1,"F","F",0,"F","F",1,"G","F","F","",0,0,"N",0,"N",0,"N",0,0,0,0,"13","","","","F","F","F","F","F","F","F","F","F","","","","F","F","F","F","F","","","","",0,3,0,0,1,0,0,0,0,26,"PHI","PIT","PHI",0,"T","F",1,1,0,10,0,"T","F",0,0,"T","T","moore102","barnc102","T","T",0,0,0,0,0,0,0,0,0,"","","",0,0,0,0,0,0,0,0,0,0,0,0,0,"ringj101","F","F","F","F",0,0,0,0,0,0,0,0,0,0,F,F,"1925PHI.EVN.regular.event.csv",1082
"PHI192505121","PIT",4,0,1,0,0,"",1,1,"moore102","?","moore102","?","ringj101","?","ringj101","?","wilsj105","holkw101","fonsl101","hubec101","sandh101","burng101","harpg101","willc103","","","","53","F","F",4,3,2,"T","T",0,"F","F",1,"F","F",0,"F","F",5,"G","F","F","",0,0,"N",0,"N",0,"N",0,0,0,0,"53","","","","F","F","F","F","F","F","F","F","F","","","","F","F","F","F","F","","","","",0,3,0,0,5,0,0,0,0,27,"PHI","PIT","PHI",0,"F","F",1,1,0,11,1,"T","F",0,0,"T","T","barnc102","trayp101","T","T",0,0,0,0,0,0,0,0,0,"","","",0,0,0,0,0,0,0,0,0,0,0,0,0,"hubec101","F","F","F","F",0,0,0,0,0,0,0,0,0,0,F,F,"1925PHI.EVN.regular.event.csv",1083
"PHI192505121","PIT",4,0,2,0,0,"",1,1,"barnc102","?","barnc102","?","ringj101","?","ringj101","?","wilsj105","holkw101","fonsl101","hubec101","sandh101","burng101","harpg101","willc103","","","","W","F","F",7,4,14,"T","F",0,"F","F",0,"F","F",0,"F","F",0,"","F","F","",0,0,"N",0,"N",0,"N",1,0,0,0,"","","","","F","F","F","F","F","F","F","F","F","","","","F","F","F","F","F","","","","",0,0,0,0,0,0,0,0,0,28,"PHI","PIT","PHI",0,"F","F",1,1,0,12,2,"T","F",0,1,"T","T","trayp101","wrigg102","T","T",0,0,0,0,0,0,0,0,0,"","","",0,0,0,0,0,0,0,0,0,0,0,0,0,"","F","F","F","F",0,0,0,0,0,0,0,0,0,0,F,F,"1925PHI.EVN.regular.event.csv",1084
"PHI192505121","PIT",4,0,2,0,0,"",1,1,"trayp101","?","trayp101","?","ringj101","?","ringj101","?","wilsj105","holkw101","fonsl101","hubec101","sandh101","burng101","harpg101","willc103","barnc102","","","43","F","F",5,5,2,"T","T",0,"F","F",1,"F","F",0,"F","F",4,"G","F","F","",0,0,"N",0,"N",0,"N",0,1,0,0,"43","","","","F","F","F","F","F","F","F","F","F","ringj101","","","F","F","F","F","F","","","","",0,3,0,0,4,0,0,0,0,29,"PHI","PIT","PHI",0,"F","T",1,1,0,13,3,"T","F",1,1,"T","T","wrigg102","nieha101","T","T",7,4,28,0,0,0,0,0,0,"wilsj105","","",0,0,0,0,0,0,0,0,0,0,0,0,0,"fonsl101","F","F","F","F",0,0,0,0,0,0,0,0,0,0,F,F,"1925PHI.EVN.regular.event.csv",1085
"PHI192505121","PIT",4,1,0,0,0,"",1,1,"wilsj105","?","wilsj105","?","aldrv101","?","aldrv101","?","goocj101","nieha101","moore102","trayp101","wrigg102","barnc102","carem101","cuylk101","","","","9/F","T","F",2,6,2,"T","T",0,"F","F",1,"F","F",0,"F","F",9,"F","F","F","",0,0,"N",0,"N",0,"N",0,0,0,0,"9","","","","F","F","F","F","F","F","F","F","F","","","","F","F","F","F","F","","","","",0,9,0,0,0,0,0,0,0,30,"PHI","PHI","PIT",1,"T","F",1,1,0,14,0,"T","F",0,0,"T","T","sandh101","hubec101","T","T",0,0,0,0,0,0,0,0,0,"","","",0,0,0,0,0,0,0,0,0,0,0,0,0,"cuylk101","F","F","F","F",0,0,0,0,0,0,0,0,0,0,F,F,"1925PHI.EVN.regular.event.csv",1086
"PHI192505121","PIT",4,1,1,0,0,"",1,1,"sandh101","?","sandh101","?","aldrv101","?","aldrv101","?","goocj101","nieha101","moore102","trayp101","wrigg102","barnc102","carem101","cuylk101","","","","S9","F","F",6,7,20,"T","T",1,"F","F",0,"F","F",0,"F","F",9,"","F","F","",0,0,"N",0,"N",0,"N",1,0,0,0,"","","","","F","F","F","F","F","F","F","F","F","","","","F","F","F","F","F","","","","",0,0,0,0,0,0,0,0,0,31,"PHI","PHI","PIT",1,"F","F",1,1,0,15,1,"T","F",0,1,"T","T","hubec101","ringj101","T","T",0,0,0,0,0,0,0,0,0,"","","",0,0,0,0,0,0,0,0,0,0,0,0,0,"cuylk101","F","F","F","F",0,0,0,0,0,0,0,0,0,0,F,F,"1925PHI.EVN.regular.event.csv",1087
"PHI192505121","PIT",4,1,1,0,0,"",1,1,"hubec101","?","hubec101","?","aldrv101","?","aldrv101","?","goocj101","nieha101","moore102","trayp101","wrigg102","barnc102","carem101","cuylk101","sandh101","","","7/F","F","F",5,8,2,"T","T",0,"F","F",1,"F","F",0,"F","F",7,"F","F","F","",0,0,"N",0,"N",0,"N",0,1,0,0,"7","","","","F","F","F","F","F","F","F","F","F","aldrv101","","","F","F","F","F","F","","","","",0,7,0,0,0,0,0,0,0,32,"PHI","PHI","PIT",1,"F","F",1,1,0,16,2,"T","F",1,1,"T","T","ringj101","burng101","T","T",6,7,31,0,0,0,0,0,0,"goocj101","","",0,0,0,0,0,0,0,0,0,0,0,0,0,"barnc102","F","F","F","F",0,0,0,0,0,0,0,0,0,0,F,F,"1925PHI.EVN.regular.event.csv",1088
"PHI192505121","PIT",4,1,2,0,0,"",1,1,"ringj101","?","ringj101","?","aldrv101","?","aldrv101","?","goocj101","nieha101","moore102","trayp101","wrigg102","barnc102","carem101","cuylk101","sandh101","","","K","F","F",1,9,3,"T","T",0,"F","F",1,"F","F",0,"F","F",0,"","F","F","",0,0,"N",0,"N",0,"N",0,1,0,0,"2","","","","F","F","F","F","F","F","F","F","F","aldrv101","","","F","F","F","F","F","","","","",0,2,0,0,0,0,0,0,0,33,"PHI","PHI","PIT",1,"F","T",1,1,0,17,3,"T","F",1,1,"T","T","burng101","fonsl101","T","T",6,7,31,0,0,0,0,0,0,"goocj101","","",0,0,0,0,0,0,0,0,0,0,0,0,0,"","F","F","F","F",0,0,0,0,0,0,0,0,0,0,F,F,"1925PHI.EVN.regular.event.csv",1089
"PHI192505121","PIT",5,0,0,0,0,"",1,1,"wrigg102","?","wrigg102","?","ringj101","?","ringj101","?","wilsj105","holkw101","fonsl101","hubec101","sandh101","burng101","harpg101","willc103","","","","D8/F89XDW","T","F",6,6,21,"T","T",2,"F","F",0,"F","F",0,"F","F",8,"F","F","F","89XDW",0,0,"N",0,"N",0,"N",2,0,0,0,"","","","","F","F","F","F","F","F","F","F","F","","","","F","F","F","F","F","","","","",0,0,0,0,0,0,0,0,0,34,"PHI","PIT","PHI",0,"T","F",1,1,0,14,0,"T","F",0,2,"T","T","nieha101","goocj101","T","T",0,0,0,0,0,0,0,0,0,"","","",0,0,0,0,0,0,0,0,0,0,0,0,0,"harpg101","F","F","F","F",0,0,0,0,0,0,0,0,0,0,F,F,"1925PHI.EVN.regular.event.csv",1090
"PHI192505121","PIT",5,0,0,0,0,"",1,1,"nieha101","?","nieha101","?","ringj101","?","ringj101","?","wilsj105","holkw101","fonsl101","hubec101","sandh101","burng101","harpg101","willc103","","wrigg102","","K","F","F",3,7,3,"T","T",0,"F","F",1,"F","F",0,"F","F",0,"","F","F","",0,0,"N",0,"N",0,"N",0,0,2,0,"2","","","","F","F","F","F","F","F","F","F","F","","ringj101","","F","F","F","F","F","","","","",0,2,0,0,0,0,0,0,0,35,"PHI","PIT","PHI",0,"F","F",1,1,0,15,1,"T","F",2,2,"T","T","goocj101","aldrv101","T","T",0,0,0,6,6,34,0,0,0,"","wilsj105","",0,0,0,0,0,0,0,0,0,0,0,0,0,"","F","F","F","F",0,0,0,0,0,0,0,0,0,0,F,F,"1925PHI.EVN.regular.event.csv",1091
"PHI192505121","PIT",5,0,1,0,0,"",1,1,"goocj101","?","goocj101","?","ringj101","?","ringj101","?","wilsj105","holkw101","fonsl101","hubec101","sandh101","burng101","harpg101","willc103","","wrigg102","","8/F","F","F",2,8,2,"T","T",0,"F","F",1,"F","F",0,"F","F",8,"F","F","F","",0,0,"N",0,"N",0,"N",0,0,2,0,"8","","","","F","F","F","F","F","F","F","F","F","","ringj101","","F","F","F","F","F","","","","",0,8,0,0,0,0,0,0,0,36,"PHI","PIT","PHI",0,"F","F",1,1,0,16,2,"T","F",2,2,"T","T","aldrv101","carem101","T","T",0,0,0,6,6,34,0,0,0,"","wilsj105","",0,0,0,0,0,0,0,0,0,0,0,0,0,"harpg101","F","F","F","F",0,0,0,0,0,0,0,0,0,0,F,F,"1925PHI.EVN.regular.event.csv",1092
"PHI192505121","PIT",5,0,2,0,0,"",1,1,"aldrv101","?","aldrv101","?","ringj101","?","ringj101","?","wilsj105","holkw101","fonsl101","hubec101","sandh101","burng101","harpg101","willc103","","wrigg102","","7/F","F","F",1,9,2,"T","T",0,"F","F",1,"F","F",0,"F","F",7,"F","F","F","",0,0,"N",0,"N",0,"N",0,0,2,0,"7","","","","F","F","F","F","F","F","F","F","F","","ringj101","","F","F","F","F","F","","","","",0,7,0,0,0,0,0,0,0,37,"PHI","PIT","PHI",0,"F","T",1,1,0,17,3,"T","F",2,2,"T","T","carem101","cuylk101","T","T",0,0,0,6,6,34,0,0,0,"","wilsj105","",0,0,0,0,0,0,0,0,0,0,0,0,0,"burng101","F","F","F","F",0,0,0,0,0,0,0,0,0,0,F,F,"1925PHI.EVN.regular.event.csv",1093
"PHI192505121","PIT",5,1,0,0,0,"",1,1,"burng101","?","burng101","?","aldrv101","?","aldrv101","?","goocj101","nieha101","moore102","trayp101","wrigg102","barnc102","carem101","cuylk101","","","","13","T","F",7,1,2,"T","T",0,"F","F",1,"F","F",0,"F","F",1,"G","F","F","",0,0,"N",0,"N",0,"N",0,0,0,0,"13","","","","F","F","F","F","F","F","F","F","F","","","","F","F","F","F","F","","","","",0,3,0,0,1,0,0,0,0,38,"PHI","PHI","PIT",1,"T","F",1,1,0,18,0,"T","F",0,0,"T","T","fonsl101","willc103","T","T",0,0,0,0,0,0,0,0,0,"","","",0,0,0,0,0,0,0,0,0,0,0,0,0,"aldrv101","F","F","F","F",0,0,0,0,0,0,0,0,0,0,F,F,"1925PHI.EVN.regular.event.csv",1094
"PHI192505121","PIT",5,1,1,0,0,"",1,1,"fonsl101","?","fonsl101","?","aldrv101","?","aldrv101","?","goocj101","nieha101","moore102","trayp101","wrigg102","barnc102","carem101","cuylk101","","","","S9","F","F",4,2,20,"T","T",1,"F","F",0,"F","F",0,"F","F",9,"","F","F","",0,0,"N",0,"N",0,"N",1,0,0,0,"","","","","F","F","F","F","F","F","F","F","F","","","","F","F","F","F","F","","","","",0,0,0,0,0,0,0,0,0,39,"PHI","PHI","PIT",1,"F","F",1,1,0,19,1,"T","F",0,1,"T","T","willc103","harpg101","T","T",0,0,0,0,0,0,0,0,0,"","","",0,0,0,0,0,0,0,0,0,0,0,0,0,"cuylk101","F","F","F","F",0,0,0,0,0,0,0,0,0,0,F,F,"1925PHI.EVN.regular.event.csv",1095
"PHI192505121","PIT",5,1,1,0,0,"",1,1,"willc103","?","willc103","?","aldrv101","?","aldrv101","?","goocj101","nieha101","moore102","trayp101","wrigg102","barnc102","carem101","cuylk101","fonsl101","","","S9.1-3","F","F",9,3,20,"T","T",1,"F","F",0,"F","F",0,"F","F",9,"","F","F","",0,0,"N",0,"N",0,"N",1,3,0,0,"","","","","F","F","F","F","F","F","F","F","F","aldrv101","","","F","F","F","F","F","","","","",0,0,0,0,0,0,0,0,0,40,"PHI","PHI","PIT",1,"F","F",1,1,0,20,2,"T","F",1,5,"T","T","harpg101","holkw101","T","T",4,2,39,0,0,0,0,0,0,"goocj101","","",0,0,0,0,0,0,0,0,0,0,0,0,0,"cuylk101","F","F","F","F",0,0,0,0,0,0,0,0,0,0,F,F,"1925PHI.EVN.regular.event.csv",1096
"PHI192505121","PIT",5,1,1,0,0,"",1,1,"harpg101","?","harpg101","?","aldrv101","?","aldrv101","?","goocj101","nieha101","moore102","trayp101","wrigg102","barnc102","carem101","cuylk101","willc103","","fonsl101","6/P","F","F",8,4,2,"T","T",0,"F","F",1,"F","F",0,"F","F",6,"P","F","F","",0,0,"N",0,"N",0,"N",0,1,0,3,"6","","","","F","F","F","F","F","F","F","F","F","aldrv101","","aldrv101","F","F","F","F","F","","","","",0,6,0,0,0,0,0,0,0,41,"PHI","PHI","PIT",1,"F","F",1,1,0,21,3,"T","F",5,5,"T","T","holkw101","wilsj105","T","T",9,3,40,0,0,0,4,2,39,"goocj101","","goocj101",0,0,0,0,0,0,0,0,0,0,0,0,0,"wrigg102","F","F","F","F",0,0,0,0,0,0,0,0,0,0,F,F,"1925PHI.EVN.regular.event.csv",1097
"PHI192505121","PIT",5,1,2,0,0,"",1,1,"holkw101","?","holkw101","?","aldrv101","?","aldrv101","?","goocj101","nieha101","moore102","trayp101","wrigg102","barnc102","carem101","cuylk101","willc103","","fonsl101","7/F","F","F",3,5,2,"T","T",0,"F","F",1,"F","F",0,"F","F",7,"F","F","F","",0,0,"N",0,"N",0,"N",0,1,0,3,"7","","","","F","F","F","F","F","F","F","F","F","aldrv101","","aldrv101","F","F","F","F","F","","","","",0,7,0,0,0,0,0,0,0,42,"PHI","PHI","PIT",1,"F","T",1,1,0,22,4,"T","F",5,5,"T","T","wilsj105","sandh101","T","T",9,3,40,0,0,0,4,2,39,"goocj101","","goocj101",0,0,0,0,0,0,0,0,0,0,0,0,0,"barnc102","F","F","F","F",0,0,0,0,0,0,0,0,0,0,F,F,"1925PHI.EVN.regular.event.csv",1098
"PHI192505121","PIT",6,0,0,0,0,"",1,1,"carem101","?","carem101","?","ringj101","?","ringj101","?","wilsj105","holkw101","fonsl101","hubec101","sandh101","burng101","harpg101","willc103","","","","D9/F89XDW","T","F",8,1,21,"T","T",2,"F","F",0,"F","F",0,"F","F",9,"F","F","F","89XDW",0,0,"N",0,"N",0,"N",2,0,0,0,"","","","","F","F","F","F","F","F","F","F","F","","","","F","F","F","F","F","","","","",0,0,0,0,0,0,0,0,0,43,"PHI","PIT","PHI",0,"T","F",1,1,0,18,0,"T","F",0,2,"T","T","cuylk101","moore102","T","T",0,0,0,0,0,0,0,0,0,"","","",0,0,0,0,0,0,0,0,0,0,0,0,0,"willc103","F","F","F","F",0,0,0,0,0,0,0,0,0,0,F,F,"1925PHI.EVN.regular.event.csv",1099
"PHI192505121","PIT",6,0,0,0,0,"",1,1,"cuylk101","?","cuylk101","?","ringj101","?","ringj101","?","wilsj105","holkw101","fonsl101","hubec101","sandh101","burng101","harpg101","willc103","","carem101","","13/SH.2-3","F","F",9,2,2,"T","F",0,"T","F",1,"F","F",0,"F","F",1,"G","T","F","",0,0,"N",0,"N",0,"N",0,0,3,0,"13","","","","F","F","F","F","F","F","F","F","F","","ringj101","","F","F","F","F","F","","","","",0,3,0,0,1,0,0,0,0,44,"PHI","PIT","PHI",0,"F","F",1,1,0,19,1,"T","F",2,4,"T","T","moore102","barnc102","T","T",0,0,0,8,1,43,0,0,0,"","wilsj105","",0,0,0,0,0,0,0,0,0,0,0,0,0,"ringj101","F","F","F","F",0,0,0,0,0,0,0,0,0,0,F,F,"1925PHI.EVN.regular.event.csv",1100
"PHI192505121","PIT",6,0,1,0,0,"",1,1,"moore102","?","moore102","?","ringj101","?","ringj101","?","wilsj105","holkw101","fonsl101","hubec101","sandh101","burng101","harpg101","willc103","","","carem101","FC6.3XH(6251);B-2","F","F",4,3,19,"T","T",0,"F","F",1,"F","F",0,"F","F",6,"G","F","F","",0,0,"N",0,"N",0,"N",2,0,0,0,"","","","6251","F","F","F","F","F","F","F","F","F","","","ringj101","F","F","F","F","F","","","","",0,1,0,0,6,2,5,0,0,45,"PHI","PIT","PHI",0,"F","F",1,1,0,20,2,"T","F",4,2,"T","T","barnc102","trayp101","T","T",0,0,0,0,0,0,8,1,43,"","","wilsj105",0,0,0,0,0,0,0,0,0,0,0,0,0,"sandh101","F","F","F","F",0,0,0,0,0,0,0,0,0,0,F,F,"1925PHI.EVN.regular.event.csv",1101
"PHI192505121","PIT",6,0,2,3,2,"KKBBBB",1,1,"barnc102","?","barnc102","?","ringj101","?","ringj101","?","wilsj105","holkw101","fonsl101","hubec101","sandh101","burng101","harpg101","willc103","","moore102","","W","F","F",7,4,14,"T","F",0,"F","F",0,"F","F",0,"F","F",0,"","F","F","",0,0,"N",0,"N",0,"N",1,0,2,0,"","","","","F","F","F","F","F","F","F","F","F","","ringj101","","F","F","F","F","F","","","","",0,0,0,0,0,0,0,0,0,46,"PHI","PIT","PHI",0,"F","F",1,1,0,21,3,"T","F",2,3,"T","T","trayp101","wrigg102","T","T",0,0,0,4,3,45,0,0,0,"","wilsj105","",4,4,0,0,0,0,2,0,0,0,0,2,0,"","F","F","F","F",0,0,0,0,0,0,0,0,0,0,F,F,"1925PHI.EVN.regular.event.csv",1102
"PHI192505121","PIT",6,0,2,0,0,"",1,1,"trayp101","?","trayp101","?","ringj101","?","ringj101","?","wilsj105","holkw101","fonsl101","hubec101","sandh101","burng101","harpg101","willc103","barnc102","moore102","","S5/G56.2-3;1-2","F","F",5,5,20,"T","T",1,"F","F",0,"F","F",0,"F","F",5,"G","F","F","56",0,0,"N",0,"N",0,"N",1,2,3,0,"","","","","F","F","F","F","F","F","F","F","F","ringj101","ringj101","","F","F","F","F","F","","","","",0,0,0,0,0,0,0,0,0,47,"PHI","PIT","PHI",0,"F","F",1,1,0,22,4,"T","F",3,7,"T","T","wrigg102","nieha101","T","T",7,4,46,4,3,45,0,0,0,"wilsj105","wilsj105","",0,0,0,0,0,0,0,0,0,0,0,0,0,"hubec101","F","F","F","F",0,0,0,0,0,0,0,0,0,0,F,F,"1925PHI.EVN.regular.event.csv",1103
"PHI192505121","PIT",6,0,2,0,0,"",1,1,"wrigg102","?","wrigg102","?","ringj101","?","ringj101","?","wilsj105","holkw101","fonsl101","hubec101","sandh101","burng101","harpg101","willc103","trayp101","barnc102","moore102","6/P7S","F","F",6,6,2,"T","T",0,"F","F",1,"F","F",0,"F","F",6,"P","F","F","7S",0,0,"N",0,"N",0,"N",0,1,2,3,"6","","","","F","F","F","F","F","F","F","F","F","ringj101","ringj101","ringj101","F","F","F","F","F","","","","",0,6,0,0,0,0,0,0,0,48,"PHI","PIT","PHI",0,"F","T",1,1,0,23,5,"T","F",7,7,"T","T","nieha101","goocj101","T","T",5,5,47,7,4,46,4,3,45,"wilsj105","wilsj105","wilsj105",0,0,0,0,0,0,0,0,0,0,0,0,0,"sandh101","F","F","F","F",0,0,0,0,0,0,0,0,0,0,F,F,"1925PHI.EVN.regular.event.csv",1104
"PHI192505121","PIT",6,1,0,0,0,"",1,1,"wilsj105","?","wilsj105","?","aldrv101","?","aldrv101","?","goocj101","nieha101","moore102","trayp101","wrigg102","barnc102","carem101","cuylk101","","","","S8","T","F",2,6,20,"T","T",1,"F","F",0,"F","F",0,"F","F",8,"","F","F","",0,0,"N",0,"N",0,"N",1,0,0,0,"","","","","F","F","F","F","F","F","F","F","F","","","","F","F","F","F","F","","","","",0,0,0,0,0,0,0,0,0,49,"PHI","PHI","PIT",1,"T","F",1,1,0,23,0,"T","F",0,1,"T","T","sandh101","hubec101","T","T",0,0,0,0,0,0,0,0,0,"","","",0,0,0,0,0,0,0,0,0,0,0,0,0,"carem101","F","F","F","F",4,0,0,0,7,0,0,0,0,0,F,F,"1925PHI.EVN.regular.event.csv",1105
"PHI192505121","PIT",6,1,0,0,2,"LLH",1,1,"sandh101","?","sandh101","?","aldrv101","?","aldrv101","?","goocj101","nieha101","moore102","trayp101","wrigg102","barnc102","carem101","cuylk101","wilsj105","","","HP.1-2","F","F",6,7,16,"T","F",0,"F","F",0,"F","F",0,"F","F",0,"","F","F","",0,0,"N",0,"N",0,"N",1,2,0,0,"","","","","F","F","F","F","F","F","F","F","F","aldrv101","","","F","F","F","F","F","","","","",0,0,0,0,0,0,0,0,0,50,"PHI","PHI","PIT",1,"F","F",1,1,0,24,1,"T","F",1,3,"T","T","hubec101","ringj101","T","T",2,6,49,0,0,0,0,0,0,"goocj101","","",1,0,0,0,1,0,2,0,0,2,0,0,0,"","F","F","F","F",4,4,0,0,7,0,0,0,0,0,F,F,"1925PHI.EVN.regular.event.csv",1106
"PHI192505121","PIT",6,1,0,0,0,"",1,1,"hubec101","?","hubec101","?","aldrv101","?","aldrv101","?","goocj101","nieha101","moore102","trayp101","wrigg102","barnc102","carem101","cuylk101","sandh101","wilsj105","","E5/SH.2-3;1-2","F","F",5,8,18,"T","F",0,"T","F",0,"F","F",0,"F","F",5,"G","T","F","",1,5,"F",0,"N",0,"N",1,2,3,0,"","","","","F","F","F","F","F","F","F","F","F","aldrv101","aldrv101","","F","F","F","F","F","","","","",0,0,0,0,0,0,0,0,0,51,"PHI","PHI","PIT",1,"F","F",1,1,0,25,2,"T","F",3,7,"T","T","ringj101","burng101","T","T",6,7,50,2,6,49,0,0,0,"goocj101","goocj101","",0,0,0,0,0,0,0,0,0,0,0,0,0,"trayp101","F","F","F","T",5,4,4,0,7,0,0,0,0,0,F,F,"1925PHI.EVN.regular.event.csv",1107
"PHI192505121","PIT",6,1,0,0,0,"",1,1,"ringj101","?","ringj101","?","aldrv101","?","aldrv101","?","goocj101","nieha101","moore102","trayp101","wrigg102","barnc102","carem101","cuylk101","hubec101","sandh101","wilsj105","HR/F9D.3-H;2-H;1-H(UR)","F","F",1,9,23,"T","T",4,"F","F",0,"F","F",4,"F","F",0,"F","F","F","9D",0,0,"N",0,"N",0,"N",4,5,4,4,"","","","","F","F","F","F","F","F","F","F","F","aldrv101","aldrv101","aldrv101","F","F","F","F","F","","","","",0,0,0,0,0,0,0,0,0,52,"PHI","PHI","PIT",1,"F","F",1,1,0,26,3,"T","F",7,0,"T","T","burng101","fonsl101","T","T",5,8,51,6,7,50,2,6,49,"goocj101","goocj101","goocj101",0,0,0,0,0,0,0,0,0,0,0,0,4,"","F","F","F","F",4,5,4,4,3,0,0,0,0,0,F,F,"1925PHI.EVN.regular.event.csv",1108
"PHI192505121","PIT",6,1,0,0,0,"",1,5,"burng101","?","burng101","?","aldrv101","?","aldrv101","?","goocj101","nieha101","moore102","trayp101","wrigg102","barnc102","carem101","cuylk101","","","","W","F","F",7,1,14,"T","F",0,"F","F",0,"F","F",0,"F","F",0,"","F","F","",0,0,"N",0,"N",0,"N",1,0,0,0,"","","","","F","F","F","F","F","F","F","F","F","","","","F","F","F","F","F","","","","",0,0,0,0,0,0,0,0,0,53,"PHI","PHI","PIT",1,"F","F",5,1,4,27,4,"T","F",0,1,"T","T","fonsl101","willc103","T","T",0,0,0,0,0,0,0,0,0,"","","",0,0,0,0,0,0,0,0,0,0,0,0,0,"","F","F","F","F",4,0,0,0,3,0,0,0,0,0,F,F,"1925PHI.EVN.regular.event.csv",1109
"PHI192505121","PIT",6,1,0,0,0,"",1,5,"fonsl101","?","fonsl101","?","aldrv101","?","aldrv101","?","goocj101","nieha101","moore102","trayp101","wrigg102","barnc102","carem101","cuylk101","burng101","","","S3/BG23.1-2","F","F",4,2,20,"T","T",1,"F","F",0,"F","F",0,"F","F",3,"G","T","F","23",0,0,"N",0,"N",0,"N",1,2,0,0,"","","","","F","F","F","F","F","F","F","F","F","aldrv101","","","F","F","F","F","F","","","","",0,0,0,0,0,0,0,0,0,54,"PHI","PHI","PIT",1,"F","F",5,1,4,28,5,"T","F",1,3,"T","T","willc103","harpg101","T","T",7,1,53,0,0,0,0,0,0,"goocj101","","",0,0,0,0,0,0,0,0,0,0,0,0,0,"nieha101","F","F","F","F",0,4,0,0,3,0,0,0,0,0,F,F,"1925PHI.EVN.regular.event.csv",1110
"PHI192505121","PIT",6,1,0,0,0,"",1,5,"willc103","?","willc103","?","aldrv101","?","aldrv101","?","goocj101","nieha101","moore102","trayp101","wrigg102","barnc102","carem101","cuylk101","fonsl101","burng101","","64(1)/FO/P6MD.2-2","F","F",9,3,2,"T","T",0,"F","F",1,"F","F",0,"F","F",6,"P","F","F","6MD",0,0,"N",0,"N",0,"N",1,0,2,0,"","64","","","F","F","F","F","F","F","F","F","F","aldrv101","aldrv101","","F","F","F","F","F","","","","",0,4,0,0,6,0,0,0,0,55,"PHI","PHI","PIT",1,"F","F",5,1,4,29,6,"T","F",3,3,"T","T","harpg101","holkw101","T","T",4,2,54,7,1,53,0,0,0,"goocj101","goocj101","",0,0,0,0,0,0,0,0,0,0,0,0,0,"wrigg102","T","F","F","F",4,0,4,0,3,0,0,0,0,0,F,F,"1925PHI.EVN.regular.event.csv",1111
"PHI192505121","PIT",6,1,1,0,0,"",1,5,"harpg101","?","harpg101","?","aldrv101","?","aldrv101","?","goocj101","nieha101","moore102","trayp101","wrigg102","barnc102","carem101","cuylk101","willc103","burng101","","HR/F9D.2-H;1-H","F","F",8,4,23,"T","T",4,"F","F",0,"F","F",3,"F","F",0,"F","F","F","9D",0,0,"N",0,"N",0,"N",4,4,4,0,"","","","","F","F","F","F","F","F","F","F","F","aldrv101","aldrv101","","F","F","F","F","F","","","","",0,0,0,0,0,0,0,0,0,56,"PHI","PHI","PIT",1,"F","F",5,1,4,30,7,"T","F",3,0,"T","T","holkw101","wilsj105","T","T",9,3,55,7,1,53,0,0,0,"goocj101","goocj101","",0,0,0,0,0,0,0,0,0,0,0,0,3,"","F","F","F","F",4,4,4,0,0,0,0,0,0,0,F,F,"1925PHI.EVN.regular.event.csv",1112
"PHI192505121","PIT",6,1,1,0,0,"",1,8,"holkw101","?","holkw101","?","aldrv101","?","aldrv101","?","goocj101","nieha101","moore102","trayp101","wrigg102","barnc102","carem101","cuylk101","","","","7/F","F","F",3,5,2,"T","T",0,"F","F",1,"F","F",0,"F","F",7,"F","F","F","",0,0,"N",0,"N",0,"N",0,0,0,0,"7","","","","F","F","F","F","F","F","F","F","F","","","","F","F","F","F","F","","","","",0,7,0,0,0,0,0,0,0,57,"PHI","PHI","PIT",1,"F","F",8,1,7,31,8,"T","F",0,0,"T","T","wilsj105","sandh101","T","T",0,0,0,0,0,0,0,0,0,"","","",0,0,0,0,0,0,0,0,0,0,0,0,0,"barnc102","F","F","F","F",0,0,0,0,0,0,0,0,0,0,F,F,"1925PHI.EVN.regular.event.csv",1113
"PHI192505121","PIT",6,1,2,0,0,"",1,8,"wilsj105","?","wilsj105","?","aldrv101","?","aldrv101","?","goocj101","nieha101","moore102","trayp101","wrigg102","barnc102","carem101","cuylk101","","","","D8/8XD","F","F",2,6,21,"T","T",2,"F","F",0,"F","F",0,"F","F",8,"","F","F","8XD",0,0,"N",0,"N",0,"N",2,0,0,0,"","","","","F","F","F","F","F","F","F","F","F","","","","F","F","F","F","F","","","","",0,0,0,0,0,0,0,0,0,58,"PHI","PHI","PIT",1,"F","F",8,1,7,32,9,"T","F",0,2,"T","T","sandh101","hubec101","T","T",0,0,0,0,0,0,0,0,0,"","","",0,0,0,0,0,0,0,0,0,0,0,0,0,"carem101","F","F","F","F",0,0,0,0,0,0,0,0,0,0,F,F,"1925PHI.EVN.regular.event.csv",1114
"PHI192505121","PIT",6,1,2,0,0,"",1,8,"sandh101","?","sandh101","?","aldrv101","?","aldrv101","?","goocj101","nieha101","moore102","trayp101","wrigg102","barnc102","carem101","cuylk101","","wilsj105","","8/F","F","F",6,7,2,"T","T",0,"F","F",1,"F","F",0,"F","F",8,"F","F","F","",0,0,"N",0,"N",0,"N",0,0,2,0,"8","","","","F","F","F","F","F","F","F","F","F","","aldrv101","","F","F","F","F","F","","","","",0,8,0,0,0,0,0,0,0,59,"PHI","PHI","PIT",1,"F","T",8,1,7,33,10,"T","F",2,2,"T","T","hubec101","ringj101","T","T",0,0,0,2,6,58,0,0,0,"","goocj101","",0,0,0,0,0,0,0,0,0,0,0,0,0,"carem101","F","F","F","F",0,0,0,0,0,0,0,0,0,0,F,F,"1925PHI.EVN.regular.event.csv",1115
"PHI192505121","PIT",7,0,0,0,0,"",1,8,"nieha101","?","nieha101","?","ringj101","?","ringj101","?","wilsj105","holkw101","fonsl101","hubec101","sandh101","burng101","harpg101","willc103","","","","143","T","F",3,7,2,"T","T",0,"F","F",1,"F","F",0,"F","F",1,"G","F","F","",0,0,"N",0,"N",0,"N",0,0,0,0,"143","","","","F","F","F","F","F","F","F","F","F","","","","F","F","F","F","F","","","","",0,3,0,0,1,4,0,0,0,60,"PHI","PIT","PHI",0,"T","F",1,8,0,24,0,"T","F",0,0,"T","T","goocj101","aldrv101","T","T",0,0,0,0,0,0,0,0,0,"","","",0,0,0,0,0,0,0,0,0,0,0,0,0,"ringj101","F","F","F","F",0,0,0,0,0,0,0,0,0,0,F,F,"1925PHI.EVN.regular.event.csv",1116
"PHI192505121","PIT",7,0,1,0,0,"",1,8,"goocj101","?","goocj101","?","ringj101","?","ringj101","?","wilsj105","holkw101","fonsl101","hubec101","sandh101","burng101","harpg101","willc103","","","","5/P","F","F",2,8,2,"T","T",0,"F","F",1,"F","F",0,"F","F",5,"P","F","F","",0,0,"N",0,"N",0,"N",0,0,0,0,"5","","","","F","F","F","F","F","F","F","F","F","","","","F","F","F","F","F","","","","",0,5,0,0,0,0,0,0,0,61,"PHI","PIT","PHI",0,"F","F",1,8,0,25,1,"T","F",0,0,"T","T","aldrv101","carem101","T","T",0,0,0,0,0,0,0,0,0,"","","",0,0,0,0,0,0,0,0,0,0,0,0,0,"hubec101","F","F","F","F",0,0,0,0,0,0,0,0,0,0,F,F,"1925PHI.EVN.regular.event.csv",1117
"PHI192505121","PIT",7,0,2,0,0,"",1,8,"grang102","?","grang102","?","ringj101","?","ringj101","?","wilsj105","holkw101","fonsl101","hubec101","sandh101","burng101","harpg101","willc103","","","","43","F","T",11,9,2,"T","T",0,"F","F",1,"F","F",0,"F","F",4,"G","F","F","",0,0,"N",0,"N",0,"N",0,0,0,0,"43","","","","F","F","F","F","F","F","F","F","F","","","","F","F","F","F","F","","","","aldrv101",1,3,0,0,4,0,0,0,0,62,"PHI","PIT","PHI",0,"F","T",1,8,0,26,2,"T","F",0,0,"F","F","carem101","cuylk101","T","T",0,0,0,0,0,0,0,0,0,"","","",0,0,0,0,0,0,0,0,0,0,0,0,0,"fonsl101","F","F","F","F",0,0,0,0,0,0,0,0,0,0,F,F,"1925PHI.EVN.regular.event.csv",1118
"PHI192505121","PIT",7,1,0,0,0,"",1,8,"hubec101","?","hubec101","?","cullb101","?","cullb101","?","goocj101","nieha101","moore102","trayp101","wrigg102","barnc102","carem101","cuylk101","","","","K","T","F",5,8,3,"T","T",0,"F","F",1,"F","F",0,"F","F",0,"","F","F","",0,0,"N",0,"N",0,"N",0,0,0,0,"2","","","","F","F","F","F","F","F","F","F","F","","","","F","F","F","F","F","","","","",0,2,0,0,0,0,0,0,0,63,"PHI","PHI","PIT",1,"T","F",8,1,0,34,0,"T","F",0,0,"T","T","ringj101","burng101","F","F",0,0,0,0,0,0,0,0,0,"","","",0,0,0,0,0,0,0,0,0,0,0,0,0,"","F","F","F","F",0,0,0,0,0,0,0,0,0,0,F,F,"1925PHI.EVN.regular.event.csv",1119
"PHI192505121","PIT",7,1,1,0,0,"",1,8,"ringj101","?","ringj101","?","cullb101","?","cullb101","?","goocj101","nieha101","moore102","trayp101","wrigg102","barnc102","carem101","cuylk101","","","","43","F","F",1,9,2,"T","T",0,"F","F",1,"F","F",0,"F","F",4,"G","F","F","",0,0,"N",0,"N",0,"N",0,0,0,0,"43","","","","F","F","F","F","F","F","F","F","F","","","","F","F","F","F","F","","","","",0,3,0,0,4,0,0,0,0,64,"PHI","PHI","PIT",1,"F","F",8,1,0,35,1,"T","F",0,0,"T","T","burng101","fonsl101","F","F",0,0,0,0,0,0,0,0,0,"","","",0,0,0,0,0,0,0,0,0,0,0,0,0,"moore102","F","F","F","F",0,0,0,0,0,0,0,0,0,0,F,F,"1925PHI.EVN.regular.event.csv",1120
"PHI192505121","PIT",7,1,2,0,0,"",1,8,"burng101","?","burng101","?","cullb101","?","cullb101","?","goocj101","nieha101","moore102","trayp101","wrigg102","barnc102","carem101","cuylk101","","","","8/F","F","F",7,1,2,"T","T",0,"F","F",1,"F","F",0,"F","F",8,"F","F","F","",0,0,"N",0,"N",0,"N",0,0,0,0,"8","","","","F","F","F","F","F","F","F","F","F","","","","F","F","F","F","F","","","","",0,8,0,0,0,0,0,0,0,65,"PHI","PHI","PIT",1,"F","T",8,1,0,36,2,"T","F",0,0,"T","T","fonsl101","willc103","F","F",0,0,0,0,0,0,0,0,0,"","","",0,0,0,0,0,0,0,0,0,0,0,0,0,"carem101","F","F","F","F",0,0,0,0,0,0,0,0,0,0,F,F,"1925PHI.EVN.regular.event.csv",1121
"PHI192505121","PIT",8,0,0,0,0,"",1,8,"carem101","?","carem101","?","ringj101","?","ringj101","?","wilsj105","holkw101","fonsl101","hubec101","sandh101","burng101","harpg101","willc103","","","","63","T","F",8,1,2,"T","T",0,"F","F",1,"F","F",0,"F","F",6,"G","F","F","",0,0,"N",0,"N",0,"N",0,0,0,0,"63","","","","F","F","F","F","F","F","F","F","F","","","","F","F","F","F","F","","","","",0,3,0,0,6,0,0,0,0,66,"PHI","PIT","PHI",0,"T","F",1,8,0,27,0,"T","F",0,0,"T","T","cuylk101","moore102","T","T",0,0,0,0,0,0,0,0,0,"","","",0,0,0,0,0,0,0,0,0,0,0,0,0,"sandh101","F","F","F","F",0,0,0,0,3,0,0,0,0,0,F,F,"1925PHI.EVN.regular.event.csv",1122
"PHI192505121","PIT",8,0,1,0,0,"",1,8,"cuylk101","?","cuylk101","?","ringj101","?","ringj101","?","wilsj105","holkw101","fonsl101","hubec101","sandh101","burng101","harpg101","willc103","","","","63","F","F",9,2,2,"T","T",0,"F","F",1,"F","F",0,"F","F",6,"G","F","F","",0,0,"N",0,"N",0,"N",0,0,0,0,"63","","","","F","F","F","F","F","F","F","F","F","","","","F","F","F","F","F","","","","",0,3,0,0,6,0,0,0,0,67,"PHI","PIT","PHI",0,"F","F",1,8,0,28,1,"T","F",0,0,"T","T","moore102","barnc102","T","T",0,0,0,0,0,0,0,0,0,"","","",0,0,0,0,0,0,0,0,0,0,0,0,0,"sandh101","F","F","F","F",0,0,0,0,3,0,0,0,0,0,F,F,"1925PHI.EVN.regular.event.csv",1123
"PHI192505121","PIT",8,0,2,0,0,"",1,8,"moore102","?","moore102","?","ringj101","?","ringj101","?","wilsj105","holkw101","fonsl101","hubec101","sandh101","burng101","harpg101","willc103","","","","S6/G","F","F",4,3,20,"T","T",1,"F","F",0,"F","F",0,"F","F",6,"G","F","F","",0,0,"N",0,"N",0,"N",1,0,0,0,"","","","","F","F","F","F","F","F","F","F","F","","","","F","F","F","F","F","","","","",0,0,0,0,0,0,0,0,0,68,"PHI","PIT","PHI",0,"F","F",1,8,0,29,2,"T","F",0,1,"T","T","barnc102","trayp101","T","T",0,0,0,0,0,0,0,0,0,"","","",0,0,0,0,0,0,0,0,0,0,0,0,0,"sandh101","F","F","F","F",4,0,0,0,3,0,0,0,0,0,F,F,"1925PHI.EVN.regular.event.csv",1124
"PHI192505121","PIT",8,0,2,0,0,"",1,8,"barnc102","?","barnc102","?","ringj101","?","ringj101","?","wilsj105","holkw101","fonsl101","hubec101","sandh101","burng101","harpg101","willc103","moore102","","","S8.1-3","F","F",7,4,20,"T","T",1,"F","F",0,"F","F",0,"F","F",8,"","F","F","",0,0,"N",0,"N",0,"N",1,3,0,0,"","","","","F","F","F","F","F","F","F","F","F","ringj101","","","F","F","F","F","F","","","","",0,0,0,0,0,0,0,0,0,69,"PHI","PIT","PHI",0,"F","F",1,8,0,30,3,"T","F",1,5,"T","T","trayp101","wrigg102","T","T",4,3,68,0,0,0,0,0,0,"wilsj105","","",0,0,0,0,0,0,0,0,0,0,0,0,0,"harpg101","F","F","F","F",4,4,0,0,3,0,0,0,0,0,F,F,"1925PHI.EVN.regular.event.csv",1125
"PHI192505121","PIT",8,0,2,0,0,"",1,8,"trayp101","?","trayp101","?","ringj101","?","ringj101","?","wilsj105","holkw101","fonsl101","hubec101","sandh101","burng101","harpg101","willc103","barnc102","","moore102","D7/7L.3-H;1-H","F","F",5,5,21,"T","T",2,"F","F",0,"F","F",2,"F","F",7,"","F","F","7L",0,0,"N",0,"N",0,"N",2,4,0,4,"","","","","F","F","F","F","F","F","F","F","F","ringj101","","ringj101","F","F","F","F","F","","","","",0,0,0,0,0,0,0,0,0,70,"PHI","PIT","PHI",0,"F","F",1,8,0,31,4,"T","F",5,2,"T","T","wrigg102","nieha101","T","T",7,4,69,0,0,0,4,3,68,"wilsj105","","wilsj105",0,0,0,0,0,0,0,0,0,0,0,0,2,"burng101","F","F","F","F",4,4,0,4,1,0,0,0,0,0,F,F,"1925PHI.EVN.regular.event.csv",1126
"PHI192505121","PIT",8,0,2,0,0,"",3,8,"wrigg102","?","wrigg102","?","ringj101","?","ringj101","?","wilsj105","holkw101","fonsl101","hubec101","sandh101","burng101","harpg101","willc103","","trayp101","","D9/F9LDW.2-H","F","F",6,6,21,"T","T",2,"F","F",0,"F","F",1,"F","F",9,"F","F","F","9LDW",0,0,"N",0,"N",0,"N",2,0,4,0,"","","","","F","F","F","F","F","F","F","F","F","","ringj101","","F","F","F","F","F","","","","",0,0,0,0,0,0,0,0,0,71,"PHI","PIT","PHI",0,"F","F",3,8,2,32,5,"T","F",2,2,"T","T","nieha101","goocj101","T","T",0,0,0,5,5,70,0,0,0,"","wilsj105","",0,0,0,0,0,0,0,0,0,0,0,0,1,"willc103","F","F","F","F",0,0,4,0,0,0,0,0,0,0,F,F,"1925PHI.EVN.regular.event.csv",1127
"PHI192505121","PIT",8,0,2,0,0,"",4,8,"nieha101","?","nieha101","?","ringj101","?","ringj101","?","wilsj105","holkw101","fonsl101","hubec101","sandh101","burng101","harpg101","willc103","","wrigg102","","143","F","F",3,7,2,"T","T",0,"F","F",1,"F","F",0,"F","F",1,"G","F","F","",0,0,"N",0,"N",0,"N",0,0,2,0,"143","","","","F","F","F","F","F","F","F","F","F","","ringj101","","F","F","F","F","F","","","","",0,3,0,0,1,4,0,0,0,72,"PHI","PIT","PHI",0,"F","T",4,8,3,33,6,"T","F",2,2,"T","T","goocj101","cullb101","T","T",0,0,0,6,6,71,0,0,0,"","wilsj105","",0,0,0,0,0,0,0,0,0,0,0,0,0,"ringj101","F","F","F","F",0,0,0,0,0,0,0,0,0,0,F,F,"1925PHI.EVN.regular.event.csv",1128
"PHI192505121","PIT",8,1,0,0,0,"",4,8,"fonsl101","?","fonsl101","?","cullb101","?","cullb101","?","goocj101","nieha101","moore102","trayp101","wrigg102","barnc102","carem101","cuylk101","","","","7/F","T","F",4,2,2,"T","T",0,"F","F",1,"F","F",0,"F","F",7,"F","F","F","",0,0,"N",0,"N",0,"N",0,0,0,0,"7","","","","F","F","F","F","F","F","F","F","F","","","","F","F","F","F","F","","","","",0,7,0,0,0,0,0,0,0,73,"PHI","PHI","PIT",1,"T","F",8,4,0,37,0,"T","F",0,0,"T","T","willc103","harpg101","F","F",0,0,0,0,0,0,0,0,0,"","","",0,0,0,0,0,0,0,0,0,0,0,0,0,"barnc102","F","F","F","F",0,0,0,0,0,0,0,0,0,0,F,F,"1925PHI.EVN.regular.event.csv",1129
"PHI192505121","PIT",8,1,1,0,0,"",4,8,"willc103","?","willc103","?","cullb101","?","cullb101","?","goocj101","nieha101","moore102","trayp101","wrigg102","barnc102","carem101","cuylk101","","","","7/F78","F","F",9,3,2,"T","T",0,"F","F",1,"F","F",0,"F","F",7,"F","F","F","78",0,0,"N",0,"N",0,"N",0,0,0,0,"7","","","","F","F","F","F","F","F","F","F","F","","","","F","F","F","F","F","","","","",0,7,0,0,0,0,0,0,0,74,"PHI","PHI","PIT",1,"F","F",8,4,0,38,1,"T","F",0,0,"T","T","harpg101","holkw101","F","F",0,0,0,0,0,0,0,0,0,"","","",0,0,0,0,0,0,0,0,0,0,0,0,0,"barnc102","F","F","F","F",0,0,0,0,0,0,0,0,0,0,F,F,"1925PHI.EVN.regular.event.csv",1130
"PHI192505121","PIT",8,1,2,0,0,"",4,8,"harpg101","?","harpg101","?","cullb101","?","cullb101","?","goocj101","nieha101","moore102","trayp101","wrigg102","barnc102","carem101","cuylk101","","","","W","F","F",8,4,14,"T","F",0,"F","F",0,"F","F",0,"F","F",0,"","F","F","",0,0,"N",0,"N",0,"N",1,0,0,0,"","","","","F","F","F","F","F","F","F","F","F","","","","F","F","F","F","F","","","","",0,0,0,0,0,0,0,0,0,75,"PHI","PHI","PIT",1,"F","F",8,4,0,39,2,"T","F",0,1,"T","T","holkw101","wilsj105","F","F",0,0,0,0,0,0,0,0,0,"","","",0,0,0,0,0,0,0,0,0,0,0,0,0,"","F","F","F","F",0,0,0,0,0,0,0,0,0,0,F,F,"1925PHI.EVN.regular.event.csv",1131
"PHI192505121","PIT",8,1,2,0,0,"",4,8,"holkw101","?","holkw101","?","cullb101","?","cullb101","?","goocj101","nieha101","moore102","trayp101","wrigg102","barnc102","carem101","cuylk101","harpg101","","","WP.1-2","F","F",3,5,9,"F","F",0,"F","F",0,"F","F",0,"T","F",0,"","F","F","",0,0,"N",0,"N",0,"N",0,2,0,0,"","","","","F","F","F","F","F","F","F","F","F","cullb101","","","F","F","F","F","F","","","","",0,0,0,0,0,0,0,0,0,76,"PHI","PHI","PIT",1,"F","F",8,4,0,40,3,"T","F",1,2,"T","T","wilsj105","sandh101","F","F",8,4,75,0,0,0,0,0,0,"goocj101","","",0,0,0,0,0,0,0,0,0,0,0,0,0,"","F","F","F","F",0,0,0,0,0,0,0,0,0,0,F,F,"1925PHI.EVN.regular.event.csv",1132
"PHI192505121","PIT",8,1,2,0,0,"",4,8,"holkw101","?","holkw101","?","cullb101","?","cullb101","?","goocj101","nieha101","moore102","trayp101","wrigg102","barnc102","carem101","cuylk101","","harpg101","","9/L","F","F",3,5,2,"T","T",0,"F","F",1,"F","F",0,"F","F",9,"L","F","F","",0,0,"N",0,"N",0,"N",0,0,2,0,"9","","","","F","F","F","F","F","F","F","F","F","","cullb101","","F","F","F","F","F","","","","",0,9,0,0,0,0,0,0,0,77,"PHI","PHI","PIT",1,"F","T",8,4,0,40,3,"F","F",2,2,"T","T","wilsj105","sandh101","F","F",0,0,0,8,4,75,0,0,0,"","goocj101","",0,0,0,0,0,0,0,0,0,0,0,0,0,"cuylk101","F","F","F","F",0,0,0,0,0,0,0,0,0,0,F,F,"1925PHI.EVN.regular.event.csv",1133
"PHI192505121","PIT",9,0,0,0,0,"",4,8,"goocj101","?","goocj101","?","ringj101","?","ringj101","?","wilsj105","holkw101","fonsl101","hubec101","sandh101","burng101","harpg101","willc103","","","","3/G","T","F",2,8,2,"T","T",0,"F","F",1,"F","F",0,"F","F",3,"G","F","F","",0,0,"N",0,"N",0,"N",0,0,0,0,"3","","","","F","F","F","F","F","F","F","F","F","","","","F","F","F","F","F","","","","",0,3,0,0,0,0,0,0,0,78,"PHI","PIT","PHI",0,"T","F",4,8,0,34,0,"T","F",0,0,"T","T","cullb101","carem101","T","T",0,0,0,0,0,0,0,0,0,"","","",0,0,0,0,0,0,0,0,0,0,0,0,0,"holkw101","F","F","F","F",0,0,0,0,1,0,0,0,0,0,F,F,"1925PHI.EVN.regular.event.csv",1134
"PHI192505121","PIT",9,0,1,0,0,"",4,8,"smite106","?","smite106","?","ringj101","?","ringj101","?","wilsj105","holkw101","fonsl101","hubec101","sandh101","burng101","harpg101","willc103","","","","D8","F","T",11,9,21,"T","T",2,"F","F",0,"F","F",0,"F","F",8,"","F","F","",0,0,"N",0,"N",0,"N",2,0,0,0,"","","","","F","F","F","F","F","F","F","F","F","","","","F","F","F","F","F","","","","cullb101",1,0,0,0,0,0,0,0,0,79,"PHI","PIT","PHI",0,"F","F",4,8,0,35,1,"T","F",0,2,"F","F","carem101","cuylk101","T","T",0,0,0,0,0,0,0,0,0,"","","",0,0,0,0,0,0,0,0,0,0,0,0,0,"harpg101","F","F","F","F",4,0,0,0,1,0,0,0,0,0,F,F,"1925PHI.EVN.regular.event.csv",1135
"PHI192505121","PIT",9,0,1,0,0,"",4,8,"carem101","?","carem101","?","ringj101","?","ringj101","?","wilsj105","holkw101","fonsl101","hubec101","sandh101","burng101","harpg101","willc103","","smite106","","S9.2-3","F","F",8,1,20,"T","T",1,"F","F",0,"F","F",0,"F","F",9,"","F","F","",0,0,"N",0,"N",0,"N",1,0,3,0,"","","","","F","F","F","F","F","F","F","F","F","","ringj101","","F","F","F","F","F","","","","",0,0,0,0,0,0,0,0,0,80,"PHI","PIT","PHI",0,"F","F",4,8,0,36,2,"T","F",2,5,"T","T","cuylk101","moore102","T","T",0,0,0,0,9,79,0,0,0,"","wilsj105","",0,0,0,0,0,0,0,0,0,0,0,0,0,"willc103","F","F","F","F",0,0,4,0,1,0,0,0,0,0,F,F,"1925PHI.EVN.regular.event.csv",1136
"PHI192505121","PIT",9,0,1,0,0,"",4,8,"cuylk101","?","cuylk101","?","ringj101","?","ringj101","?","wilsj105","holkw101","fonsl101","hubec101","sandh101","burng101","harpg101","willc103","carem101","","smite106","64(1)/FO.3-H","F","F",9,2,2,"T","T",0,"F","F",1,"F","F",1,"F","F",6,"G","F","F","",0,0,"N",0,"N",0,"N",1,0,0,4,"","64","","","F","F","F","F","F","F","F","F","F","ringj101","","ringj101","F","F","F","F","F","","","","",0,4,0,0,6,0,0,0,0,81,"PHI","PIT","PHI",0,"F","F",4,8,0,37,3,"T","F",5,1,"T","T","moore102","barnc102","T","T",8,1,80,0,0,0,0,9,79,"wilsj105","","wilsj105",0,0,0,0,0,0,0,0,0,0,0,0,1,"sandh101","T","F","F","F",1,0,0,4,0,0,0,0,0,0,F,F,"1925PHI.EVN.regular.event.csv",1137
"PHI192505121","PIT",9,0,2,0,0,"",5,8,"moore102","?","moore102","?","ringj101","?","ringj101","?","wilsj105","holkw101","fonsl101","hubec101","sandh101","burng101","harpg101","willc103","cuylk101","","","K","F","F",4,3,3,"T","T",0,"F","F",1,"F","F",0,"F","F",0,"","F","F","",0,0,"N",0,"N",0,"N",0,1,0,0,"2","","","","F","F","F","F","F","F","F","F","F","ringj101","","","F","T","F","F","F","","","","",0,2,0,0,0,0,0,0,0,82,"PHI","PIT","PHI",0,"F","T",5,8,1,38,4,"T","F",1,1,"T","T","barnc102","trayp101","T","T",9,2,81,0,0,0,0,0,0,"wilsj105","","",0,0,0,0,0,0,0,0,0,0,0,0,0,"","F","F","F","F",0,1,0,0,0,0,0,0,0,0,F,F,"1925PHI.EVN.regular.event.csv",1138
"PHI192505122","PIT",1,0,0,0,0,"",0,0,"carem101","?","carem101","?","coucj101","?","coucj101","?","henlb101","holkw101","fonsl101","hubec101","sandh101","burng101","harpg101","willc103","","","","W","T","F",8,1,14,"T","F",0,"F","F",0,"F","F",0,"F","F",0,"","F","F","",0,0,"N",0,"N",0,"N",1,0,0,0,"","","","","F","F","F","F","F","F","F","F","F","","","","T","F","F","F","F","","","","",0,0,0,0,0,0,0,0,0,1,"PHI","PIT","PHI",0,"T","F",0,0,0,0,0,"T","F",0,1,"T","T","cuylk101","moore102","T","T",0,0,0,0,0,0,0,0,0,"","","",0,0,0,0,0,0,0,0,0,0,0,0,0,"","F","F","F","F",0,0,0,0,2,0,0,0,0,0,F,F,"1925PHI.EVN.regular.event.csv",1139
"PHI192505122","PIT",1,0,0,0,0,"",0,0,"cuylk101","?","cuylk101","?","coucj101","?","coucj101","?","henlb101","holkw101","fonsl101","hubec101","sandh101","burng101","harpg101","willc103","carem101","","","S7.1-2","F","F",9,2,20,"T","T",1,"F","F",0,"F","F",0,"F","F",7,"","F","F","",0,0,"N",0,"N",0,"N",1,2,0,0,"","","","","F","F","F","F","F","F","F","F","F","coucj101","","","F","F","F","F","F","","","","",0,0,0,0,0,0,0,0,0,2,"PHI","PIT","PHI",0,"F","F",0,0,0,1,1,"T","F",1,3,"T","T","moore102","barnc102","T","T",8,1,1,0,0,0,0,0,0,"henlb101","","",0,0,0,0,0,0,0,0,0,0,0,0,0,"burng101","F","F","F","F",4,0,0,0,2,0,0,0,0,0,F,F,"1925PHI.EVN.regular.event.csv",1140
"PHI192505122","PIT",1,0,0,0,0,"",0,0,"moore102","?","moore102","?","coucj101","?","coucj101","?","henlb101","holkw101","fonsl101","hubec101","sandh101","burng101","harpg101","willc103","cuylk101","carem101","","15(2)/FO.1-2","F","F",4,3,2,"T","T",0,"F","F",1,"F","F",0,"F","F",1,"G","F","F","",0,0,"N",0,"N",0,"N",1,2,0,0,"","","15","","F","F","F","F","F","F","F","F","F","coucj101","coucj101","","F","F","F","F","F","","","","",0,5,0,0,1,0,0,0,0,3,"PHI","PIT","PHI",0,"F","F",0,0,0,2,2,"T","F",3,3,"T","T","barnc102","trayp101","T","T",9,2,2,8,1,1,0,0,0,"henlb101","henlb101","",0,0,0,0,0,0,0,0,0,0,0,0,0,"coucj101","F","T","F","F",4,4,0,0,2,0,0,0,0,0,F,F,"1925PHI.EVN.regular.event.csv",1141
"PHI192505122","PIT",1,0,1,0,0,"",0,0,"barnc102","?","barnc102","?","coucj101","?","coucj101","?","henlb101","holkw101","fonsl101","hubec101","sandh101","burng101","harpg101","willc103","moore102","cuylk101","","13.2-3;1-2","F","F",7,4,2,"T","T",0,"F","F",1,"F","F",0,"F","F",1,"G","F","F","",0,0,"N",0,"N",0,"N",0,2,3,0,"13","","","","F","F","F","F","F","F","F","F","F","coucj101","coucj101","","F","F","F","F","F","","","","",0,3,0,0,1,0,0,0,0,4,"PHI","PIT","PHI",0,"F","F",0,0,0,3,3,"T","F",3,6,"T","T","trayp101","wrigg102","T","T",4,3,3,9,2,2,0,0,0,"henlb101","henlb101","",0,0,0,0,0,0,0,0,0,0,0,0,0,"coucj101","F","F","F","F",0,4,4,0,2,0,0,0,0,0,F,F,"1925PHI.EVN.regular.event.csv",1142
"PHI192505122","PIT",1,0,2,0,0,"",0,0,"trayp101","?","trayp101","?","coucj101","?","coucj101","?","henlb101","holkw101","fonsl101","hubec101","sandh101","burng101","harpg101","willc103","","moore102","cuylk101","S1.3-H;2-3","F","F",5,5,20,"T","T",1,"F","F",0,"F","F",1,"F","F",1,"","F","F","",0,0,"N",0,"N",0,"N",1,0,3,4,"","","","","F","F","F","F","F","F","F","F","F","","coucj101","coucj101","F","F","F","F","F","","","","",0,0,0,0,0,0,0,0,0,5,"PHI","PIT","PHI",0,"F","F",0,0,0,4,4,"T","F",6,5,"T","T","wrigg102","nieha101","T","T",0,0,0,4,3,3,9,2,2,"","henlb101","henlb101",0,0,0,0,0,0,0,0,0,0,0,0,1,"coucj101","F","F","F","F",0,0,4,4,1,0,0,0,0,0,F,F,"1925PHI.EVN.regular.event.csv",1143
"PHI192505122","PIT",1,0,2,0,0,"",1,0,"wrigg102","?","wrigg102","?","coucj101","?","coucj101","?","henlb101","holkw101","fonsl101","hubec101","sandh101","burng101","harpg101","willc103","trayp101","","moore102","S6.3-H;1-2","F","F",6,6,20,"T","T",1,"F","F",0,"F","F",1,"F","F",6,"","F","F","",0,0,"N",0,"N",0,"N",1,2,0,4,"","","","","F","F","F","F","F","F","F","F","F","coucj101","","coucj101","F","F","F","F","F","","","","",0,0,0,0,0,0,0,0,0,6,"PHI","PIT","PHI",0,"F","F",1,0,1,5,5,"T","F",5,3,"T","T","nieha101","smite106","T","T",5,5,5,0,0,0,4,3,3,"henlb101","","henlb101",0,0,0,0,0,0,0,0,0,0,0,0,1,"sandh101","F","F","F","F",0,0,0,4,0,0,0,0,0,0,F,F,"1925PHI.EVN.regular.event.csv",1144
"PHI192505122","PIT",1,0,2,0,0,"",2,0,"nieha101","?","nieha101","?","coucj101","?","coucj101","?","henlb101","holkw101","fonsl101","hubec101","sandh101","burng101","harpg101","willc103","wrigg102","trayp101","","CS3(25)","F","F",3,7,6,"F","F",0,"F","F",1,"F","F",0,"F","F",0,"","F","F","",0,0,"N",0,"N",0,"N",0,1,0,0,"","","25","","F","F","F","F","T","F","F","F","F","coucj101","coucj101","","F","F","F","F","F","","","","",0,5,0,0,2,0,0,0,0,7,"PHI","PIT","PHI",0,"F","T",2,0,2,6,6,"T","T",3,1,"T","T","smite106","kremr101","T","T",6,6,6,5,5,5,0,0,0,"henlb101","henlb101","",0,0,0,0,0,0,0,0,0,0,0,0,0,"","F","F","F","F",0,0,0,0,0,0,0,0,0,0,F,F,"1925PHI.EVN.regular.event.csv",1145
"PHI192505122","PIT",1,1,0,0,0,"",2,0,"burng101","?","burng101","?","kremr101","?","kremr101","?","smite106","nieha101","moore102","trayp101","wrigg102","barnc102","carem101","cuylk101","","","","W","T","F",7,1,14,"T","F",0,"F","F",0,"F","F",0,"F","F",0,"","F","F","",0,0,"N",0,"N",0,"N",1,0,0,0,"","","","","F","F","F","F","F","F","F","F","F","","","","F","F","F","F","F","","","","",0,0,0,0,0,0,0,0,0,8,"PHI","PHI","PIT",1,"T","F",0,2,0,0,0,"T","F",0,1,"T","T","fonsl101","willc103","T","T",0,0,0,0,0,0,0,0,0,"","","",0,0,0,0,0,0,0,0,0,0,0,0,0,"","F","F","F","F",4,0,0,0,2,0,0,0,0,0,F,F,"1925PHI.EVN.regular.event.csv",1146
"PHI192505122","PIT",1,1,0,0,0,"",2,0,"fonsl101","?","fonsl101","?","kremr101","?","kremr101","?","smite106","nieha101","moore102","trayp101","wrigg102","barnc102","carem101","cuylk101","burng101","","","D8.1-3","F","F",4,2,21,"T","T",2,"F","F",0,"F","F",0,"F","F",8,"","F","F","",0,0,"N",0,"N",0,"N",2,3,0,0,"","","","","F","F","F","F","F","F","F","F","F","kremr101","","","F","F","F","F","F","","","","",0,0,0,0,0,0,0,0,0,9,"PHI","PHI","PIT",1,"F","F",0,2,0,1,1,"T","F",1,6,"T","T","willc103","harpg101","T","T",7,1,8,0,0,0,0,0,0,"smite106","","",0,0,0,0,0,0,0,0,0,0,0,0,0,"carem101","F","F","F","F",4,4,0,0,2,0,0,0,0,0,F,F,"1925PHI.EVN.regular.event.csv",1147
"PHI192505122","PIT",1,1,0,0,0,"",2,0,"willc103","?","willc103","?","kremr101","?","kremr101","?","smite106","nieha101","moore102","trayp101","wrigg102","barnc102","carem101","cuylk101","","fonsl101","burng101","W","F","F",9,3,14,"T","F",0,"F","F",0,"F","F",0,"F","F",0,"","F","F","",0,0,"N",0,"N",0,"N",1,0,2,3,"","","","","F","F","F","F","F","F","F","F","F","","kremr101","kremr101","F","F","F","F","F","","","","",0,0,0,0,0,0,0,0,0,10,"PHI","PHI","PIT",1,"F","F",0,2,0,2,2,"T","F",6,7,"T","T","harpg101","holkw101","T","T",0,0,0,4,2,9,7,1,8,"","smite106","smite106",0,0,0,0,0,0,0,0,0,0,0,0,0,"","F","F","F","F",0,0,4,4,2,0,0,0,0,0,F,F,"1925PHI.EVN.regular.event.csv",1148
"PHI192505122","PIT",1,1,0,0,0,"",2,0,"harpg101","?","harpg101","?","kremr101","?","kremr101","?","smite106","nieha101","moore102","trayp101","wrigg102","barnc102","carem101","cuylk101","willc103","fonsl101","burng101","D9.3-H;2-H;1-3","F","F",8,4,21,"T","T",2,"F","F",0,"F","F",2,"F","F",9,"","F","F","",0,0,"N",0,"N",0,"N",2,3,4,4,"","","","","F","F","F","F","F","F","F","F","F","kremr101","kremr101","kremr101","F","F","F","F","F","","","","",0,0,0,0,0,0,0,0,0,11,"PHI","PHI","PIT",1,"F","F",0,2,0,3,3,"T","F",7,6,"T","T","holkw101","henlb101","T","T",9,3,10,4,2,9,7,1,8,"smite106","smite106","smite106",0,0,0,0,0,0,0,0,0,0,0,0,2,"cuylk101","F","F","F","F",0,0,4,4,0,0,0,0,0,0,F,F,"1925PHI.EVN.regular.event.csv",1149
"PHI192505122","PIT",1,1,0,0,0,"",2,2,"holkw101","?","holkw101","?","meadl101","?","meadl101","?","smite106","nieha101","moore102","trayp101","wrigg102","barnc102","carem101","cuylk101","","harpg101","willc103","FC6/DP.3XH(625);BX2(54);2-3#","F","F",3,5,19,"T","T",0,"F","F",2,"T","F",0,"F","F",6,"G","F","F","",0,0,"N",0,"N",0,"N",0,0,3,0,"54","","","625","F","F","F","F","F","F","F","F","F","","kremr101","kremr101","F","F","F","F","F","","","","",0,5,4,0,6,2,5,0,0,12,"PHI","PHI","PIT",1,"F","F",2,2,2,4,4,"T","F",6,4,"T","T","henlb101","sandh101","F","F",0,0,0,8,4,11,9,3,10,"","smite106","smite106",0,0,0,0,0,0,0,0,0,0,0,0,0,"wrigg102","F","F","F","F",0,0,0,0,0,0,0,0,0,0,F,T,"1925PHI.EVN.regular.event.csv",1150
"PHI192505122","PIT",1,1,2,0,0,"",2,2,"henlb101","?","henlb101","?","meadl101","?","meadl101","?","smite106","nieha101","moore102","trayp101","wrigg102","barnc102","carem101","cuylk101","","","harpg101","8/F","F","F",2,6,2,"T","T",0,"F","F",1,"F","F",0,"F","F",8,"F","F","F","",0,0,"N",0,"N",0,"N",0,0,0,3,"8","","","","F","F","F","F","F","F","F","F","F","","","kremr101","F","F","F","F","F","","","","",0,8,0,0,0,0,0,0,0,13,"PHI","PHI","PIT",1,"F","T",2,2,2,5,5,"T","F",4,4,"T","T","sandh101","hubec101","F","F",0,0,0,0,0,0,8,4,11,"","","smite106",0,0,0,0,0,0,0,0,0,0,0,0,0,"carem101","F","F","F","F",0,0,0,0,0,0,0,0,0,0,F,F,"1925PHI.EVN.regular.event.csv",1151
"PHI192505122","PIT",2,0,0,0,0,"",2,2,"nieha101","?","nieha101","?","coucj101","?","coucj101","?","henlb101","holkw101","fonsl101","hubec101","sandh101","burng101","harpg101","willc103","","","","7/F","T","F",3,7,2,"T","T",0,"F","F",1,"F","F",0,"F","F",7,"F","F","F","",0,0,"N",0,"N",0,"N",0,0,0,0,"7","","","","F","F","F","F","F","F","F","F","F","","","","F","F","F","F","F","","","","",0,7,0,0,0,0,0,0,0,14,"PHI","PIT","PHI",0,"T","F",2,2,0,6,0,"T","F",0,0,"T","T","smite106","meadl101","T","T",0,0,0,0,0,0,0,0,0,"","","",0,0,0,0,0,0,0,0,0,0,0,0,0,"burng101","F","F","F","F",0,0,0,0,4,0,0,0,0,0,F,F,"1925PHI.EVN.regular.event.csv",1152
"PHI192505122","PIT",2,0,1,0,0,"",2,2,"smite106","?","smite106","?","coucj101","?","coucj101","?","henlb101","holkw101","fonsl101","hubec101","sandh101","burng101","harpg101","willc103","","","","S1","F","F",2,8,20,"T","T",1,"F","F",0,"F","F",0,"F","F",1,"","F","F","",0,0,"N",0,"N",0,"N",1,0,0,0,"","","","","F","F","F","F","F","F","F","F","F","","","","F","F","F","F","F","","","","",0,0,0,0,0,0,0,0,0,15,"PHI","PIT","PHI",0,"F","F",2,2,0,7,1,"T","F",0,1,"T","T","meadl101","carem101","T","T",0,0,0,0,0,0,0,0,0,"","","",0,0,0,0,0,0,0,0,0,0,0,0,0,"coucj101","F","F","F","F",4,0,0,0,4,0,0,0,0,0,F,F,"1925PHI.EVN.regular.event.csv",1153
"PHI192505122","PIT",2,0,1,0,0,"",2,2,"meadl101","?","meadl101","?","coucj101","?","coucj101","?","henlb101","holkw101","fonsl101","hubec101","sandh101","burng101","harpg101","willc103","smite106","","","D7.1-3","F","F",1,9,21,"T","T",2,"F","F",0,"F","F",0,"F","F",7,"","F","F","",0,0,"N",0,"N",0,"N",2,3,0,0,"","","","","F","F","F","F","F","F","F","F","F","coucj101","","","F","F","F","F","F","","","","",0,0,0,0,0,0,0,0,0,16,"PHI","PIT","PHI",0,"F","F",2,2,0,8,2,"T","F",1,6,"F","F","carem101","cuylk101","T","T",2,8,15,0,0,0,0,0,0,"henlb101","","",0,0,0,0,0,0,0,0,0,0,0,0,0,"burng101","F","F","F","F",4,4,0,0,4,0,0,0,0,0,F,F,"1925PHI.EVN.regular.event.csv",1154
"PHI192505122","PIT",2,0,1,0,0,"",2,2,"carem101","?","carem101","?","coucj101","?","coucj101","?","henlb101","holkw101","fonsl101","hubec101","sandh101","burng101","harpg101","willc103","","meadl101","smite106","W","F","F",8,1,14,"T","F",0,"F","F",0,"F","F",0,"F","F",0,"","F","F","",0,0,"N",0,"N",0,"N",1,0,2,3,"","","","","F","F","F","F","F","F","F","F","F","","coucj101","coucj101","F","F","F","F","F","","","","",0,0,0,0,0,0,0,0,0,17,"PHI","PIT","PHI",0,"F","F",2,2,0,9,3,"T","F",6,7,"T","T","cuylk101","moore102","T","T",0,0,0,1,9,16,2,8,15,"","henlb101","henlb101",0,0,0,0,0,0,0,0,0,0,0,0,0,"","F","F","F","F",4,0,4,4,4,0,0,0,0,0,F,F,"1925PHI.EVN.regular.event.csv",1155
"PHI192505122","PIT",2,0,1,0,0,"",2,2,"cuylk101","?","cuylk101","?","coucj101","?","coucj101","?","henlb101","holkw101","fonsl101","hubec101","sandh101","burng101","harpg101","willc103","carem101","meadl101","smite106","D9.3-H;2-H;1-3","F","F",9,2,21,"T","T",2,"F","F",0,"F","F",2,"F","F",9,"","F","F","",0,0,"N",0,"N",0,"N",2,3,4,4,"","","","","F","F","F","F","F","F","F","F","F","coucj101","coucj101","coucj101","F","F","F","F","F","","","","",0,0,0,0,0,0,0,0,0,18,"PHI","PIT","PHI",0,"F","F",2,2,0,10,4,"T","F",7,6,"T","T","moore102","barnc102","T","T",8,1,17,1,9,16,2,8,15,"henlb101","henlb101","henlb101",0,0,0,0,0,0,0,0,0,0,0,0,2,"willc103","F","F","F","F",5,4,4,4,2,0,0,0,0,0,F,F,"1925PHI.EVN.regular.event.csv",1156
"PHI192505122","PIT",2,0,1,0,0,"",4,2,"moore102","?","moore102","?","oneas101","?","oneas101","?","henlb101","holkw101","fonsl101","hubec101","sandh101","burng101","harpg101","willc103","","cuylk101","carem101","W","F","F",4,3,14,"T","F",0,"F","F",0,"F","F",0,"F","F",0,"","F","F","",0,0,"N",0,"N",0,"N",1,0,2,3,"","","","","F","F","F","F","F","F","F","F","F","","coucj101","coucj101","F","F","F","F","F","","","","",0,0,0,0,0,0,0,0,0,19,"PHI","PIT","PHI",0,"F","F",4,2,2,11,5,"T","F",6,7,"T","T","barnc102","trayp101","F","F",0,0,0,9,2,18,8,1,17,"","henlb101","henlb101",0,0,0,0,0,0,0,0,0,0,0,0,0,"","F","F","F","F",0,0,5,4,2,0,0,0,0,0,F,F,"1925PHI.EVN.regular.event.csv",1157
"PHI192505122","PIT",2,0,1,0,0,"",4,2,"barnc102","?","barnc102","?","oneas101","?","oneas101","?","henlb101","holkw101","fonsl101","hubec101","sandh101","burng101","harpg101","willc103","moore102","cuylk101","carem101","9/SF.3-H;2-3#","F","F",7,4,2,"T","F",0,"F","T",1,"F","F",1,"F","F",9,"F","F","F","",0,0,"N",0,"N",0,"N",0,1,3,4,"9","","","","F","F","F","F","F","F","F","F","F","oneas101","coucj101","coucj101","F","F","F","F","F","","","","",0,9,0,0,0,0,0,0,0,20,"PHI","PIT","PHI",0,"F","F",4,2,2,12,6,"T","F",7,5,"T","T","trayp101","wrigg102","F","F",4,3,19,9,2,18,8,1,17,"henlb101","henlb101","henlb101",0,0,0,0,0,0,0,0,0,0,0,0,1,"willc103","F","F","F","F",0,0,5,4,1,0,0,0,0,0,F,T,"1925PHI.EVN.regular.event.csv",1158
"PHI192505122","PIT",2,0,2,0,0,"",5,2,"trayp101","?","trayp101","?","oneas101","?","oneas101","?","henlb101","holkw101","fonsl101","hubec101","sandh101","burng101","harpg101","willc103","moore102","","cuylk101","SB2","F","F",5,5,4,"F","F",0,"F","F",0,"F","F",0,"F","F",0,"","F","F","",0,0,"N",0,"N",0,"N",0,2,0,3,"","","","","T","F","F","F","F","F","F","F","F","oneas101","","coucj101","F","F","F","F","F","","","","",0,0,0,0,0,0,0,0,0,21,"PHI","PIT","PHI",0,"F","F",5,2,3,13,7,"T","F",5,6,"T","T","wrigg102","nieha101","F","F",4,3,19,0,0,0,9,2,18,"henlb101","","henlb101",0,0,0,0,0,0,0,0,0,0,0,0,0,"","F","F","F","F",0,0,0,5,1,0,0,0,0,0,F,F,"1925PHI.EVN.regular.event.csv",1159
"PHI192505122","PIT",2,0,2,0,0,"",5,2,"trayp101","?","trayp101","?","oneas101","?","oneas101","?","henlb101","holkw101","fonsl101","hubec101","sandh101","burng101","harpg101","willc103","","moore102","cuylk101","W","F","F",5,5,14,"T","F",0,"F","F",0,"F","F",0,"F","F",0,"","F","F","",0,0,"N",0,"N",0,"N",1,0,2,3,"","","","","F","F","F","F","F","F","F","F","F","","oneas101","coucj101","F","F","F","F","F","","","","",0,0,0,0,0,0,0,0,0,22,"PHI","PIT","PHI",0,"F","F",5,2,3,13,7,"F","F",6,7,"T","T","wrigg102","nieha101","F","F",0,0,0,4,3,19,9,2,18,"","henlb101","henlb101",0,0,0,0,0,0,0,0,0,0,0,0,0,"","F","F","F","F",0,0,0,5,1,0,0,0,0,0,F,F,"1925PHI.EVN.regular.event.csv",1160
"PHI192505122","PIT",2,0,2,0,0,"",5,2,"wrigg102","?","wrigg102","?","oneas101","?","oneas101","?","henlb101","holkw101","fonsl101","hubec101","sandh101","burng101","harpg101","willc103","trayp101","moore102","cuylk101","PO3(E2).3-H(UR)#","F","F",6,6,8,"F","F",0,"F","F",0,"F","F",0,"F","F",0,"","F","F","",1,2,"T",0,"N",0,"N",0,1,2,5,"","","","E2","F","F","F","F","F","F","F","F","T","oneas101","oneas101","coucj101","F","F","F","F","F","","","","",0,0,0,0,0,0,0,0,0,23,"PHI","PIT","PHI",0,"F","F",5,2,3,14,8,"T","F",7,3,"T","T","nieha101","smite106","F","F",5,5,22,4,3,19,9,2,18,"henlb101","henlb101","henlb101",0,0,0,0,0,0,0,0,0,0,0,0,1,"","F","F","F","F",0,0,0,5,0,0,0,0,0,0,F,T,"1925PHI.EVN.regular.event.csv",1161
"PHI192505122","PIT",2,0,2,0,0,"",6,2,"wrigg102","?","wrigg102","?","oneas101","?","oneas101","?","henlb101","holkw101","fonsl101","hubec101","sandh101","burng101","harpg101","willc103","trayp101","moore102","","8/F","F","F",6,6,2,"T","T",0,"F","F",1,"F","F",0,"F","F",8,"F","F","F","",0,0,"N",0,"N",0,"N",0,1,2,0,"8","","","","F","F","F","F","F","F","F","F","F","oneas101","oneas101","","F","F","F","F","F","","","","",0,8,0,0,0,0,0,0,0,24,"PHI","PIT","PHI",0,"F","T",6,2,4,14,8,"F","F",3,3,"T","T","nieha101","smite106","F","F",5,5,22,4,3,19,0,0,0,"henlb101","henlb101","",0,0,0,0,0,0,0,0,0,0,0,0,0,"harpg101","F","F","F","F",0,0,0,0,0,0,0,0,0,0,F,F,"1925PHI.EVN.regular.event.csv",1162
"PHI192505122","PIT",2,1,0,0,0,"",6,2,"sandh101","?","sandh101","?","meadl101","?","meadl101","?","smite106","nieha101","moore102","trayp101","wrigg102","barnc102","carem101","cuylk101","","","","D8","T","F",6,7,21,"T","T",2,"F","F",0,"F","F",0,"F","F",8,"","F","F","",0,0,"N",0,"N",0,"N",2,0,0,0,"","","","","F","F","F","F","F","F","F","F","F","","","","F","F","F","F","F","","","","",0,0,0,0,0,0,0,0,0,25,"PHI","PHI","PIT",1,"T","F",2,6,0,6,0,"T","F",0,2,"T","T","hubec101","oneas101","F","F",0,0,0,0,0,0,0,0,0,"","","",0,0,0,0,0,0,0,0,0,0,0,0,0,"carem101","F","F","F","F",4,0,0,0,1,0,0,0,0,0,F,F,"1925PHI.EVN.regular.event.csv",1163
"PHI192505122","PIT",2,1,0,0,0,"",6,2,"hubec101","?","hubec101","?","meadl101","?","meadl101","?","smite106","nieha101","moore102","trayp101","wrigg102","barnc102","carem101","cuylk101","","sandh101","","D8.2-H","F","F",5,8,21,"T","T",2,"F","F",0,"F","F",1,"F","F",8,"","F","F","",0,0,"N",0,"N",0,"N",2,0,4,0,"","","","","F","F","F","F","F","F","F","F","F","","meadl101","","F","F","F","F","F","","","","",0,0,0,0,0,0,0,0,0,26,"PHI","PHI","PIT",1,"F","F",2,6,0,7,1,"T","F",2,2,"T","T","oneas101","burng101","F","F",0,0,0,6,7,25,0,0,0,"","smite106","",0,0,0,0,0,0,0,0,0,0,0,0,1,"carem101","F","F","F","F",0,0,4,0,0,0,0,0,0,0,F,F,"1925PHI.EVN.regular.event.csv",1164
"PHI192505122","PIT",2,1,0,0,0,"",6,3,"oneas101","?","oneas101","?","meadl101","?","meadl101","?","smite106","nieha101","moore102","trayp101","wrigg102","barnc102","carem101","cuylk101","","hubec101","","W","F","F",1,9,14,"T","F",0,"F","F",0,"F","F",0,"F","F",0,"","F","F","",0,0,"N",0,"N",0,"N",1,0,2,0,"","","","","F","F","F","F","F","F","F","F","F","","meadl101","","F","F","F","F","F","","","","",0,0,0,0,0,0,0,0,0,27,"PHI","PHI","PIT",1,"F","F",3,6,1,8,2,"T","F",2,3,"F","F","burng101","fonsl101","F","F",0,0,0,5,8,26,0,0,0,"","smite106","",0,0,0,0,0,0,0,0,0,0,0,0,0,"","F","F","F","F",0,0,0,0,0,0,0,0,0,0,F,F,"1925PHI.EVN.regular.event.csv",1165
"PHI192505122","PIT",2,1,0,0,0,"",6,3,"burng101","?","burng101","?","meadl101","?","meadl101","?","smite106","nieha101","moore102","trayp101","wrigg102","barnc102","carem101","cuylk101","oneas101","hubec101","","S/BR/G6.2X3(6);1-2","F","F",7,1,20,"T","T",1,"F","F",1,"F","F",0,"F","F",0,"G","F","F","6",0,0,"N",0,"N",0,"N",1,2,0,0,"","","6","","F","F","F","F","F","F","F","F","F","meadl101","meadl101","","F","F","F","F","F","","","","",0,6,0,0,0,0,0,0,0,28,"PHI","PHI","PIT",1,"F","F",3,6,1,9,3,"T","F",3,3,"T","T","fonsl101","willc103","F","F",1,9,27,5,8,26,0,0,0,"smite106","smite106","",0,0,0,0,0,0,0,0,0,0,0,0,0,"","F","F","F","F",0,0,0,0,0,0,0,0,0,0,F,F,"1925PHI.EVN.regular.event.csv",1166
"PHI192505122","PIT",2,1,1,0,0,"",6,3,"fonsl101","?","fonsl101","?","meadl101","?","meadl101","?","smite106","nieha101","moore102","trayp101","wrigg102","barnc102","carem101","cuylk101","burng101","oneas101","","15(2)/FO.1-2","F","F",4,2,2,"T","T",0,"F","F",1,"F","F",0,"F","F",1,"G","F","F","",0,0,"N",0,"N",0,"N",1,2,0,0,"","","15","","F","F","F","F","F","F","F","F","F","meadl101","meadl101","","F","F","F","F","F","","","","",0,5,0,0,1,0,0,0,0,29,"PHI","PHI","PIT",1,"F","F",3,6,1,10,4,"T","F",3,3,"T","T","willc103","harpg101","F","F",7,1,28,1,9,27,0,0,0,"smite106","smite106","",0,0,0,0,0,0,0,0,0,0,0,0,0,"meadl101","F","T","F","F",0,0,0,0,0,0,0,0,0,0,F,F,"1925PHI.EVN.regular.event.csv",1167
"PHI192505122","PIT",2,1,2,0,0,"",6,3,"willc103","?","willc103","?","meadl101","?","meadl101","?","smite106","nieha101","moore102","trayp101","wrigg102","barnc102","carem101","cuylk101","fonsl101","burng101","","43","F","F",9,3,2,"T","T",0,"F","F",1,"F","F",0,"F","F",4,"G","F","F","",0,0,"N",0,"N",0,"N",0,1,2,0,"43","","","","F","F","F","F","F","F","F","F","F","meadl101","meadl101","","F","F","F","F","F","","","","",0,3,0,0,4,0,0,0,0,30,"PHI","PHI","PIT",1,"F","T",3,6,1,11,5,"T","F",3,3,"T","T","harpg101","holkw101","F","F",4,2,29,7,1,28,0,0,0,"smite106","smite106","",0,0,0,0,0,0,0,0,0,0,0,0,0,"moore102","F","F","F","F",0,0,0,0,0,0,0,0,0,0,F,F,"1925PHI.EVN.regular.event.csv",1168
"PHI192505122","PIT",3,0,0,0,0,"",6,3,"nieha101","?","nieha101","?","oneas101","?","oneas101","?","henlb101","holkw101","fonsl101","hubec101","sandh101","burng101","harpg101","willc103","","","","3/P","T","F",3,7,2,"T","T",0,"F","F",1,"F","F",0,"F","F",3,"P","F","F","",0,0,"N",0,"N",0,"N",0,0,0,0,"3","","","","F","F","F","F","F","F","F","F","F","","","","F","F","F","F","F","","","","",0,3,0,0,0,0,0,0,0,31,"PHI","PIT","PHI",0,"T","F",6,3,0,15,0,"T","F",0,0,"T","T","smite106","meadl101","F","F",0,0,0,0,0,0,0,0,0,"","","",0,0,0,0,0,0,0,0,0,0,0,0,0,"holkw101","F","F","F","F",0,0,0,0,3,0,0,0,0,0,F,F,"1925PHI.EVN.regular.event.csv",1169
"PHI192505122","PIT",3,0,1,0,0,"",6,3,"smite106","?","smite106","?","oneas101","?","oneas101","?","henlb101","holkw101","fonsl101","hubec101","sandh101","burng101","harpg101","willc103","","","","W","F","F",2,8,14,"T","F",0,"F","F",0,"F","F",0,"F","F",0,"","F","F","",0,0,"N",0,"N",0,"N",1,0,0,0,"","","","","F","F","F","F","F","F","F","F","F","","","","F","F","F","F","F","","","","",0,0,0,0,0,0,0,0,0,32,"PHI","PIT","PHI",0,"F","F",6,3,0,16,1,"T","F",0,1,"T","T","meadl101","carem101","F","F",0,0,0,0,0,0,0,0,0,"","","",0,0,0,0,0,0,0,0,0,0,0,0,0,"","F","F","F","F",4,0,0,0,3,0,0,0,0,0,F,F,"1925PHI.EVN.regular.event.csv",1170
"PHI192505122","PIT",3,0,1,0,0,"",6,3,"meadl101","?","meadl101","?","oneas101","?","oneas101","?","henlb101","holkw101","fonsl101","hubec101","sandh101","burng101","harpg101","willc103","smite106","","","S9.1-2","F","F",1,9,20,"T","T",1,"F","F",0,"F","F",0,"F","F",9,"","F","F","",0,0,"N",0,"N",0,"N",1,2,0,0,"","","","","F","F","F","F","F","F","F","F","F","oneas101","","","F","F","F","F","F","","","","",0,0,0,0,0,0,0,0,0,33,"PHI","PIT","PHI",0,"F","F",6,3,0,17,2,"T","F",1,3,"F","F","carem101","cuylk101","F","F",2,8,32,0,0,0,0,0,0,"henlb101","","",0,0,0,0,0,0,0,0,0,0,0,0,0,"willc103","F","F","F","F",0,4,0,0,3,0,0,0,0,0,F,F,"1925PHI.EVN.regular.event.csv",1171
"PHI192505122","PIT",3,0,1,0,0,"",6,3,"carem101","?","carem101","?","oneas101","?","oneas101","?","henlb101","holkw101","fonsl101","hubec101","sandh101","burng101","harpg101","willc103","meadl101","smite106","","46(1)/FO.2-3","F","F",8,1,2,"T","T",0,"F","F",1,"F","F",0,"F","F",4,"G","F","F","",0,0,"N",0,"N",0,"N",1,0,3,0,"","46","","","F","F","F","F","F","F","F","F","F","oneas101","oneas101","","F","F","F","F","F","","","","",0,6,0,0,4,0,0,0,0,34,"PHI","PIT","PHI",0,"F","F",6,3,0,18,3,"T","F",3,5,"T","T","cuylk101","moore102","F","F",1,9,33,2,8,32,0,0,0,"henlb101","henlb101","",0,0,0,0,0,0,0,0,0,0,0,0,0,"fonsl101","T","F","F","F",4,0,4,0,3,0,0,0,0,0,F,F,"1925PHI.EVN.regular.event.csv",1172
"PHI192505122","PIT",3,0,2,0,0,"",6,3,"cuylk101","?","cuylk101","?","oneas101","?","oneas101","?","henlb101","holkw101","fonsl101","hubec101","sandh101","burng101","harpg101","willc103","carem101","","smite106","D9.3-H;1-3","F","F",9,2,21,"T","T",2,"F","F",0,"F","F",1,"F","F",9,"","F","F","",0,0,"N",0,"N",0,"N",2,3,0,4,"","","","","F","F","F","F","F","F","F","F","F","oneas101","","oneas101","F","F","F","F","F","","","","",0,0,0,0,0,0,0,0,0,35,"PHI","PIT","PHI",0,"F","F",6,3,0,19,4,"T","F",5,6,"T","T","moore102","barnc102","F","F",8,1,34,0,0,0,2,8,32,"henlb101","","henlb101",0,0,0,0,0,0,0,0,0,0,0,0,1,"willc103","F","F","F","F",4,4,0,4,2,0,0,0,0,0,F,F,"1925PHI.EVN.regular.event.csv",1173
"PHI192505122","PIT",3,0,2,0,0,"",7,3,"moore102","?","moore102","?","ulrid101","?","ulrid101","?","henlb101","holkw101","fonsl101","hubec101","sandh101","burng101","harpg101","willc103","","cuylk101","carem101","S8.3-H;2-H","F","F",4,3,20,"T","T",1,"F","F",0,"F","F",2,"F","F",8,"","F","F","",0,0,"N",0,"N",0,"N",1,0,4,4,"","","","","F","F","F","F","F","F","F","F","F","","oneas101","oneas101","F","F","F","F","F","","","","",0,0,0,0,0,0,0,0,0,36,"PHI","PIT","PHI",0,"F","F",7,3,1,20,5,"T","F",6,1,"T","T","barnc102","trayp101","F","F",0,0,0,9,2,35,8,1,34,"","henlb101","henlb101",0,0,0,0,0,0,0,0,0,0,0,0,2,"harpg101","F","F","F","F",0,0,4,4,0,0,0,0,0,0,F,F,"1925PHI.EVN.regular.event.csv",1174
"PHI192505122","PIT",3,0,2,0,0,"",9,3,"barnc102","?","barnc102","?","ulrid101","?","ulrid101","?","henlb101","holkw101","fonsl101","hubec101","sandh101","burng101","harpg101","willc103","moore102","","","9/F","F","F",7,4,2,"T","T",0,"F","F",1,"F","F",0,"F","F",9,"F","F","F","",0,0,"N",0,"N",0,"N",0,1,0,0,"9","","","","F","F","F","F","F","F","F","F","F","ulrid101","","","F","F","F","F","F","","","","",0,9,0,0,0,0,0,0,0,37,"PHI","PIT","PHI",0,"F","T",9,3,3,21,6,"T","F",1,1,"T","T","trayp101","wrigg102","F","F",4,3,36,0,0,0,0,0,0,"henlb101","","",0,0,0,0,0,0,0,0,0,0,0,0,0,"willc103","F","F","F","F",0,0,0,0,0,0,0,0,0,0,F,F,"1925PHI.EVN.regular.event.csv",1175
"PHI192505122","PIT",3,1,0,0,0,"",9,3,"harpg101","?","harpg101","?","meadl101","?","meadl101","?","smite106","nieha101","moore102","trayp101","wrigg102","barnc102","carem101","cuylk101","","","","43","T","F",8,4,2,"T","T",0,"F","F",1,"F","F",0,"F","F",4,"G","F","F","",0,0,"N",0,"N",0,"N",0,0,0,0,"43","","","","F","F","F","F","F","F","F","F","F","","","","F","F","F","F","F","","","","",0,3,0,0,4,0,0,0,0,38,"PHI","PHI","PIT",1,"T","F",3,9,0,12,0,"T","F",0,0,"T","T","holkw101","henlb101","F","F",0,0,0,0,0,0,0,0,0,"","","",0,0,0,0,0,0,0,0,0,0,0,0,0,"moore102","F","F","F","F",0,0,0,0,0,0,0,0,0,0,F,F,"1925PHI.EVN.regular.event.csv",1176
"PHI192505122","PIT",3,1,1,0,0,"",9,3,"holkw101","?","holkw101","?","meadl101","?","meadl101","?","smite106","nieha101","moore102","trayp101","wrigg102","barnc102","carem101","cuylk101","","","","7/F","F","F",3,5,2,"T","T",0,"F","F",1,"F","F",0,"F","F",7,"F","F","F","",0,0,"N",0,"N",0,"N",0,0,0,0,"7","","","","F","F","F","F","F","F","F","F","F","","","","F","F","F","F","F","","","","",0,7,0,0,0,0,0,0,0,39,"PHI","PHI","PIT",1,"F","F",3,9,0,13,1,"T","F",0,0,"T","T","henlb101","sandh101","F","F",0,0,0,0,0,0,0,0,0,"","","",0,0,0,0,0,0,0,0,0,0,0,0,0,"barnc102","F","F","F","F",0,0,0,0,0,0,0,0,0,0,F,F,"1925PHI.EVN.regular.event.csv",1177
"PHI192505122","PIT",3,1,2,0,0,"",9,3,"henlb101","?","henlb101","?","meadl101","?","meadl101","?","smite106","nieha101","moore102","trayp101","wrigg102","barnc102","carem101","cuylk101","","","","S9","F","F",2,6,20,"T","T",1,"F","F",0,"F","F",0,"F","F",9,"","F","F","",0,0,"N",0,"N",0,"N",1,0,0,0,"","","","","F","F","F","F","F","F","F","F","F","","","","F","F","F","F","F","","","","",0,0,0,0,0,0,0,0,0,40,"PHI","PHI","PIT",1,"F","F",3,9,0,14,2,"T","F",0,1,"T","T","sandh101","hubec101","F","F",0,0,0,0,0,0,0,0,0,"","","",0,0,0,0,0,0,0,0,0,0,0,0,0,"cuylk101","F","F","F","F",0,0,0,0,0,0,0,0,0,0,F,F,"1925PHI.EVN.regular.event.csv",1178
"PHI192505122","PIT",3,1,2,0,0,"",9,3,"sandh101","?","sandh101","?","meadl101","?","meadl101","?","smite106","nieha101","moore102","trayp101","wrigg102","barnc102","carem101","cuylk101","henlb101","","","5/P","F","F",6,7,2,"T","T",0,"F","F",1,"F","F",0,"F","F",5,"P","F","F","",0,0,"N",0,"N",0,"N",0,1,0,0,"5","","","","F","F","F","F","F","F","F","F","F","meadl101","","","F","F","F","F","F","","","","",0,5,0,0,0,0,0,0,0,41,"PHI","PHI","PIT",1,"F","T",3,9,0,15,3,"T","F",1,1,"T","T","hubec101","ulrid101","F","F",2,6,40,0,0,0,0,0,0,"smite106","","",0,0,0,0,0,0,0,0,0,0,0,0,0,"trayp101","F","F","F","F",0,0,0,0,0,0,0,0,0,0,F,F,"1925PHI.EVN.regular.event.csv",1179
"PHI192505122","PIT",4,0,0,0,0,"",9,3,"trayp101","?","trayp101","?","ulrid101","?","ulrid101","?","henlb101","holkw101","fonsl101","hubec101","sandh101","burng101","harpg101","willc103","","","","8/F","T","F",5,5,2,"T","T",0,"F","F",1,"F","F",0,"F","F",8,"F","F","F","",0,0,"N",0,"N",0,"N",0,0,0,0,"8","","","","F","F","F","F","F","F","F","F","F","","","","F","F","F","F","F","","","","",0,8,0,0,0,0,0,0,0,42,"PHI","PIT","PHI",0,"T","F",9,3,0,22,0,"T","F",0,0,"T","T","wrigg102","nieha101","F","F",0,0,0,0,0,0,0,0,0,"","","",0,0,0,0,0,0,0,0,0,0,0,0,0,"harpg101","F","F","F","F",0,0,0,0,0,0,0,0,0,0,F,F,"1925PHI.EVN.regular.event.csv",1180
"PHI192505122","PIT",4,0,1,0,0,"",9,3,"wrigg102","?","wrigg102","?","ulrid101","?","ulrid101","?","henlb101","holkw101","fonsl101","hubec101","sandh101","burng101","harpg101","willc103","","","","3/G","F","F",6,6,2,"T","T",0,"F","F",1,"F","F",0,"F","F",3,"G","F","F","",0,0,"N",0,"N",0,"N",0,0,0,0,"3","","","","F","F","F","F","F","F","F","F","F","","","","F","F","F","F","F","","","","",0,3,0,0,0,0,0,0,0,43,"PHI","PIT","PHI",0,"F","F",9,3,0,23,1,"T","F",0,0,"T","T","nieha101","smite106","F","F",0,0,0,0,0,0,0,0,0,"","","",0,0,0,0,0,0,0,0,0,0,0,0,0,"holkw101","F","F","F","F",0,0,0,0,0,0,0,0,0,0,F,F,"1925PHI.EVN.regular.event.csv",1181
"PHI192505122","PIT",4,0,2,0,0,"",9,3,"nieha101","?","nieha101","?","ulrid101","?","ulrid101","?","henlb101","holkw101","fonsl101","hubec101","sandh101","burng101","harpg101","willc103","","","","5/P","F","F",3,7,2,"T","T",0,"F","F",1,"F","F",0,"F","F",5,"P","F","F","",0,0,"N",0,"N",0,"N",0,0,0,0,"5","","","","F","F","F","F","F","F","F","F","F","","","","F","F","F","F","F","","","","",0,5,0,0,0,0,0,0,0,44,"PHI","PIT","PHI",0,"F","T",9,3,0,24,2,"T","F",0,0,"T","T","smite106","meadl101","F","F",0,0,0,0,0,0,0,0,0,"","","",0,0,0,0,0,0,0,0,0,0,0,0,0,"hubec101","F","F","F","F",0,0,0,0,0,0,0,0,0,0,F,F,"1925PHI.EVN.regular.event.csv",1182
"PHI192505122","PIT",4,1,0,0,0,"",9,3,"hubec101","?","hubec101","?","meadl101","?","meadl101","?","smite106","nieha101","moore102","trayp101","wrigg102","barnc102","carem101","cuylk101","","","","5/P","T","F",5,8,2,"T","T",0,"F","F",1,"F","F",0,"F","F",5,"P","F","F","",0,0,"N",0,"N",0,"N",0,0,0,0,"5","","","","F","F","F","F","F","F","F","F","F","","","","F","F","F","F","F","","","","",0,5,0,0,0,0,0,0,0,45,"PHI","PHI","PIT",1,"T","F",3,9,0,16,0,"T","F",0,0,"T","T","ulrid101","burng101","F","F",0,0,0,0,0,0,0,0,0,"","","",0,0,0,0,0,0,0,0,0,0,0,0,0,"trayp101","F","F","F","F",0,0,0,0,0,0,0,0,0,0,F,F,"1925PHI.EVN.regular.event.csv",1183
"PHI192505122","PIT",4,1,1,0,0,"",9,3,"ulrid101","?","ulrid101","?","meadl101","?","meadl101","?","smite106","nieha101","moore102","trayp101","wrigg102","barnc102","carem101","cuylk101","","","","W","F","F",1,9,14,"T","F",0,"F","F",0,"F","F",0,"F","F",0,"","F","F","",0,0,"N",0,"N",0,"N",1,0,0,0,"","","","","F","F","F","F","F","F","F","F","F","","","","F","F","F","F","F","","","","",0,0,0,0,0,0,0,0,0,46,"PHI","PHI","PIT",1,"F","F",3,9,0,17,1,"T","F",0,1,"F","F","burng101","fonsl101","F","F",0,0,0,0,0,0,0,0,0,"","","",0,0,0,0,0,0,0,0,0,0,0,0,0,"","F","F","F","F",0,0,0,0,0,0,0,0,0,0,F,F,"1925PHI.EVN.regular.event.csv",1184
"PHI192505122","PIT",4,1,1,0,0,"",9,3,"burng101","?","burng101","?","meadl101","?","meadl101","?","smite106","nieha101","moore102","trayp101","wrigg102","barnc102","carem101","cuylk101","ulrid101","","","3/G.1-2","F","F",7,1,2,"T","T",0,"F","F",1,"F","F",0,"F","F",3,"G","F","F","",0,0,"N",0,"N",0,"N",0,2,0,0,"3","","","","F","F","F","F","F","F","F","F","F","meadl101","","","F","F","F","F","F","","","","",0,3,0,0,0,0,0,0,0,47,"PHI","PHI","PIT",1,"F","F",3,9,0,18,2,"T","F",1,2,"T","T","fonsl101","willc103","F","F",1,9,46,0,0,0,0,0,0,"smite106","","",0,0,0,0,0,0,0,0,0,0,0,0,0,"nieha101","F","F","F","F",0,0,0,0,0,0,0,0,0,0,F,F,"1925PHI.EVN.regular.event.csv",1185
"PHI192505122","PIT",4,1,2,0,0,"",9,3,"fonsl101","?","fonsl101","?","meadl101","?","meadl101","?","smite106","nieha101","moore102","trayp101","wrigg102","barnc102","carem101","cuylk101","","ulrid101","","9/F","F","F",4,2,2,"T","T",0,"F","F",1,"F","F",0,"F","F",9,"F","F","F","",0,0,"N",0,"N",0,"N",0,0,2,0,"9","","","","F","F","F","F","F","F","F","F","F","","meadl101","","F","F","F","F","F","","","","",0,9,0,0,0,0,0,0,0,48,"PHI","PHI","PIT",1,"F","T",3,9,0,19,3,"T","F",2,2,"T","T","willc103","harpg101","F","F",0,0,0,1,9,46,0,0,0,"","smite106","",0,0,0,0,0,0,0,0,0,0,0,0,0,"cuylk101","F","F","F","F",0,0,0,0,0,0,0,0,0,0,F,F,"1925PHI.EVN.regular.event.csv",1186
"PHI192505122","PIT",5,0,0,0,0,"",9,3,"smite106","?","smite106","?","ulrid101","?","ulrid101","?","henlb101","holkw101","fonsl101","hubec101","sandh101","burng101","harpg101","willc103","","","","3/G","T","F",2,8,2,"T","T",0,"F","F",1,"F","F",0,"F","F",3,"G","F","F","",0,0,"N",0,"N",0,"N",0,0,0,0,"3","","","","F","F","F","F","F","F","F","F","F","","","","F","F","F","F","F","","","","",0,3,0,0,0,0,0,0,0,49,"PHI","PIT","PHI",0,"T","F",9,3,0,25,0,"T","F",0,0,"T","T","meadl101","carem101","F","F",0,0,0,0,0,0,0,0,0,"","","",0,0,0,0,0,0,0,0,0,0,0,0,0,"holkw101","F","F","F","F",0,0,0,0,0,0,0,0,0,0,F,F,"1925PHI.EVN.regular.event.csv",1187
"PHI192505122","PIT",5,0,1,0,0,"",9,3,"meadl101","?","meadl101","?","ulrid101","?","ulrid101","?","henlb101","holkw101","fonsl101","hubec101","sandh101","burng101","harpg101","willc103","","","","6/P","F","F",1,9,2,"T","T",0,"F","F",1,"F","F",0,"F","F",6,"P","F","F","",0,0,"N",0,"N",0,"N",0,0,0,0,"6","","","","F","F","F","F","F","F","F","F","F","","","","F","F","F","F","F","","","","",0,6,0,0,0,0,0,0,0,50,"PHI","PIT","PHI",0,"F","F",9,3,0,26,1,"T","F",0,0,"F","F","carem101","cuylk101","F","F",0,0,0,0,0,0,0,0,0,"","","",0,0,0,0,0,0,0,0,0,0,0,0,0,"sandh101","F","F","F","F",0,0,0,0,0,0,0,0,0,0,F,F,"1925PHI.EVN.regular.event.csv",1188
"PHI192505122","PIT",5,0,2,0,0,"",9,3,"carem101","?","carem101","?","ulrid101","?","ulrid101","?","henlb101","holkw101","fonsl101","hubec101","sandh101","burng101","harpg101","willc103","","","","7/F","F","F",8,1,2,"T","T",0,"F","F",1,"F","F",0,"F","F",7,"F","F","F","",0,0,"N",0,"N",0,"N",0,0,0,0,"7","","","","F","F","F","F","F","F","F","F","F","","","","F","F","F","F","F","","","","",0,7,0,0,0,0,0,0,0,51,"PHI","PIT","PHI",0,"F","T",9,3,0,27,2,"T","F",0,0,"T","T","cuylk101","moore102","F","F",0,0,0,0,0,0,0,0,0,"","","",0,0,0,0,0,0,0,0,0,0,0,0,0,"burng101","F","F","F","F",0,0,0,0,0,0,0,0,0,0,F,F,"1925PHI.EVN.regular.event.csv",1189
"PHI192505122","PIT",5,1,0,0,0,"",9,3,"willc103","?","willc103","?","meadl101","?","meadl101","?","smite106","nieha101","moore102","trayp101","wrigg102","barnc102","carem101","cuylk101","","","","S8","T","F",9,3,20,"T","T",1,"F","F",0,"F","F",0,"F","F",8,"","F","F","",0,0,"N",0,"N",0,"N",1,0,0,0,"","","","","F","F","F","F","F","F","F","F","F","","","","F","F","F","F","F","","","","",0,0,0,0,0,0,0,0,0,52,"PHI","PHI","PIT",1,"T","F",3,9,0,20,0,"T","F",0,1,"T","T","harpg101","holkw101","F","F",0,0,0,0,0,0,0,0,0,"","","",0,0,0,0,0,0,0,0,0,0,0,0,0,"carem101","F","F","F","F",2,0,0,0,0,0,0,0,0,0,F,F,"1925PHI.EVN.regular.event.csv",1190
"PHI192505122","PIT",5,1,0,0,0,"",9,3,"harpg101","?","harpg101","?","meadl101","?","meadl101","?","smite106","nieha101","moore102","trayp101","wrigg102","barnc102","carem101","cuylk101","willc103","","","W.1-2","F","F",8,4,14,"T","F",0,"F","F",0,"F","F",0,"F","F",0,"","F","F","",0,0,"N",0,"N",0,"N",1,2,0,0,"","","","","F","F","F","F","F","F","F","F","F","meadl101","","","F","F","F","F","F","","","","",0,0,0,0,0,0,0,0,0,53,"PHI","PHI","PIT",1,"F","F",3,9,0,21,1,"T","F",1,3,"T","T","holkw101","henlb101","F","F",9,3,52,0,0,0,0,0,0,"smite106","","",0,0,0,0,0,0,0,0,0,0,0,0,0,"","F","F","F","F",1,2,0,0,0,0,0,0,0,0,F,F,"1925PHI.EVN.regular.event.csv",1191
"PHI192505122","PIT",5,1,0,0,0,"",9,3,"holkw101","?","holkw101","?","meadl101","?","meadl101","?","smite106","nieha101","moore102","trayp101","wrigg102","barnc102","carem101","cuylk101","harpg101","willc103","","7/F","F","F",3,5,2,"T","T",0,"F","F",1,"F","F",0,"F","F",7,"F","F","F","",0,0,"N",0,"N",0,"N",0,1,2,0,"7","","","","F","F","F","F","F","F","F","F","F","meadl101","meadl101","","F","F","F","F","F","","","","",0,7,0,0,0,0,0,0,0,54,"PHI","PHI","PIT",1,"F","F",3,9,0,22,2,"T","F",3,3,"T","T","henlb101","sandh101","F","F",8,4,53,9,3,52,0,0,0,"smite106","smite106","",0,0,0,0,0,0,0,0,0,0,0,0,0,"barnc102","F","F","F","F",0,1,2,0,0,0,0,0,0,0,F,F,"1925PHI.EVN.regular.event.csv",1192
"PHI192505122","PIT",5,1,1,0,0,"",9,3,"henlb101","?","henlb101","?","meadl101","?","meadl101","?","smite106","nieha101","moore102","trayp101","wrigg102","barnc102","carem101","cuylk101","harpg101","willc103","","3/P","F","F",2,6,2,"T","T",0,"F","F",1,"F","F",0,"F","F",3,"P","F","F","",0,0,"N",0,"N",0,"N",0,1,2,0,"3","","","","F","F","F","F","F","F","F","F","F","meadl101","meadl101","","F","F","F","F","F","","","","",0,3,0,0,0,0,0,0,0,55,"PHI","PHI","PIT",1,"F","F",3,9,0,23,3,"T","F",3,3,"T","T","sandh101","hubec101","F","F",8,4,53,9,3,52,0,0,0,"smite106","smite106","",0,0,0,0,0,0,0,0,0,0,0,0,0,"nieha101","F","F","F","F",0,1,2,0,0,0,0,0,0,0,F,F,"1925PHI.EVN.regular.event.csv",1193
"PHI192505122","PIT",5,1,2,0,0,"",9,3,"wrigr102","?","wrigr102","?","meadl101","?","meadl101","?","smite106","nieha101","moore102","trayp101","wrigg102","barnc102","carem101","cuylk101","harpg101","willc103","","53","F","T",11,7,2,"T","T",0,"F","F",1,"F","F",0,"F","F",5,"G","F","F","",0,0,"N",0,"N",0,"N",0,1,2,0,"53","","","","F","F","F","F","F","F","F","F","F","meadl101","meadl101","","F","F","F","F","F","","","","sandh101",6,3,0,0,5,0,0,0,0,56,"PHI","PHI","PIT",1,"F","T",3,9,0,24,4,"T","F",3,3,"F","F","hubec101","ulrid101","F","F",8,4,53,9,3,52,0,0,0,"smite106","smite106","",0,0,0,0,0,0,0,0,0,0,0,0,0,"trayp101","F","F","F","F",0,1,2,0,0,0,0,0,0,0,F,F,"1925PHI.EVN.regular.event.csv",1194
"PHI192505122","PIT",6,0,0,0,0,"",9,3,"cuylk101","?","cuylk101","?","ulrid101","?","ulrid101","?","henlb101","holkw101","fonsl101","hubec101","wrigr102","burng101","harpg101","willc103","","","","HP","T","F",9,2,16,"T","F",0,"F","F",0,"F","F",0,"F","F",0,"","F","F","",0,0,"N",0,"N",0,"N",1,0,0,0,"","","","","F","F","F","F","F","F","F","F","F","","","","F","F","F","F","F","","","","",0,0,0,0,0,0,0,0,0,57,"PHI","PIT","PHI",0,"T","F",9,3,0,28,0,"T","F",0,1,"T","T","moore102","barnc102","F","F",0,0,0,0,0,0,0,0,0,"","","",0,0,0,0,0,0,0,0,0,0,0,0,0,"","F","F","F","F",5,0,0,0,2,0,0,0,0,0,F,F,"1925PHI.EVN.regular.event.csv",1195
"PHI192505122","PIT",6,0,0,0,0,"",9,3,"moore102","?","moore102","?","ulrid101","?","ulrid101","?","henlb101","holkw101","fonsl101","hubec101","wrigr102","burng101","harpg101","willc103","cuylk101","","","OA.1X2(2E6)","F","F",4,3,12,"F","F",0,"F","F",0,"F","F",0,"F","F",0,"","F","F","",1,6,"D",0,"N",0,"N",0,2,0,0,"","2E6","","","F","F","F","F","F","F","F","F","F","ulrid101","","","F","F","F","F","F","","","","",0,0,0,0,2,0,0,0,0,58,"PHI","PIT","PHI",0,"F","F",9,3,0,29,1,"T","F",1,2,"T","T","barnc102","trayp101","F","F",9,2,57,0,0,0,0,0,0,"henlb101","","",0,0,0,0,0,0,0,0,0,0,0,0,0,"","F","F","F","F",0,5,0,0,2,0,0,0,0,0,F,F,"1925PHI.EVN.regular.event.csv",1196
"PHI192505122","PIT",6,0,0,0,0,"",9,3,"moore102","?","moore102","?","ulrid101","?","ulrid101","?","henlb101","holkw101","fonsl101","hubec101","wrigr102","burng101","harpg101","willc103","","cuylk101","","W","F","F",4,3,14,"T","F",0,"F","F",0,"F","F",0,"F","F",0,"","F","F","",0,0,"N",0,"N",0,"N",1,0,2,0,"","","","","F","F","F","F","F","F","F","F","F","","ulrid101","","F","F","F","F","F","","","","",0,0,0,0,0,0,0,0,0,59,"PHI","PIT","PHI",0,"F","F",9,3,0,29,1,"F","F",2,3,"T","T","barnc102","trayp101","F","F",0,0,0,9,2,57,0,0,0,"","henlb101","",0,0,0,0,0,0,0,0,0,0,0,0,0,"","F","F","F","F",5,0,5,0,2,0,0,0,0,0,F,F,"1925PHI.EVN.regular.event.csv",1197
"PHI192505122","PIT",6,0,0,0,0,"",9,3,"barnc102","?","barnc102","?","ulrid101","?","ulrid101","?","henlb101","holkw101","fonsl101","hubec101","wrigr102","burng101","harpg101","willc103","moore102","cuylk101","","S1/G.2-3;1-2","F","F",7,4,20,"T","T",1,"F","F",0,"F","F",0,"F","F",1,"G","F","F","",0,0,"N",0,"N",0,"N",1,2,3,0,"","","","","F","F","F","F","F","F","F","F","F","ulrid101","ulrid101","","F","F","F","F","F","","","","",0,0,0,0,0,0,0,0,0,60,"PHI","PIT","PHI",0,"F","F",9,3,0,30,2,"T","F",3,7,"T","T","trayp101","wrigg102","F","F",4,3,59,9,2,57,0,0,0,"henlb101","henlb101","",0,0,0,0,0,0,0,0,0,0,0,0,0,"ulrid101","F","F","F","F",0,5,5,0,2,0,0,0,0,0,F,F,"1925PHI.EVN.regular.event.csv",1198
"PHI192505122","PIT",6,0,0,0,0,"",9,3,"trayp101","?","trayp101","?","ulrid101","?","ulrid101","?","henlb101","holkw101","fonsl101","hubec101","wrigr102","burng101","harpg101","willc103","barnc102","moore102","cuylk101","46(1)3/GDP.3-H(RBI)(UR);2-3","F","F",5,5,2,"T","T",0,"F","F",2,"T","F",1,"F","F",4,"G","F","F","",0,0,"N",0,"N",0,"N",0,0,3,5,"63","46","","","F","F","F","F","F","F","F","F","F","ulrid101","ulrid101","ulrid101","F","F","F","F","F","","","","",0,6,3,0,4,6,0,0,0,61,"PHI","PIT","PHI",0,"F","F",9,3,0,31,3,"T","F",7,4,"T","T","wrigg102","nieha101","F","F",7,4,60,4,3,59,9,2,57,"henlb101","henlb101","henlb101",0,0,0,0,0,0,0,0,0,0,0,0,1,"fonsl101","T","F","F","F",0,0,5,5,1,0,0,0,0,0,F,F,"1925PHI.EVN.regular.event.csv",1199
"PHI192505122","PIT",6,0,2,0,0,"",10,3,"wrigg102","?","wrigg102","?","ulrid101","?","ulrid101","?","henlb101","holkw101","fonsl101","hubec101","wrigr102","burng101","harpg101","willc103","","","moore102","S8.3-H(UR)","F","F",6,6,20,"T","T",1,"F","F",0,"F","F",1,"F","F",8,"","F","F","",0,0,"N",0,"N",0,"N",1,0,0,5,"","","","","F","F","F","F","F","F","F","F","F","","","ulrid101","F","F","F","F","F","","","","",0,0,0,0,0,0,0,0,0,62,"PHI","PIT","PHI",0,"F","F",10,3,1,32,4,"T","F",4,1,"T","T","nieha101","smite106","F","F",0,0,0,0,0,0,4,3,59,"","","henlb101",0,0,0,0,0,0,0,0,0,0,0,0,1,"harpg101","F","F","F","F",0,0,0,5,0,0,0,0,0,0,F,F,"1925PHI.EVN.regular.event.csv",1200
"PHI192505122","PIT",6,0,2,0,0,"",11,3,"nieha101","?","nieha101","?","ulrid101","?","ulrid101","?","henlb101","holkw101","fonsl101","hubec101","wrigr102","burng101","harpg101","willc103","wrigg102","","","2/FL","F","F",3,7,2,"T","T",0,"F","F",1,"F","F",0,"F","F",2,"F","F","T","",0,0,"N",0,"N",0,"N",0,1,0,0,"2","","","","F","F","F","F","F","F","F","F","F","ulrid101","","","F","F","F","F","F","","","","",0,2,0,0,0,0,0,0,0,63,"PHI","PIT","PHI",0,"F","T",11,3,2,33,5,"T","F",1,1,"T","T","smite106","meadl101","F","F",6,6,62,0,0,0,0,0,0,"henlb101","","",0,0,0,0,0,0,0,0,0,0,0,0,0,"henlb101","F","F","F","F",0,0,0,0,0,0,0,0,0,0,F,F,"1925PHI.EVN.regular.event.csv",1201
"PHI192505122","PIT",6,1,0,0,0,"",11,3,"hubec101","?","hubec101","?","meadl101","?","meadl101","?","smite106","nieha101","moore102","trayp101","wrigg102","barnc102","carem101","cuylk101","","","","7/F","T","F",5,8,2,"T","T",0,"F","F",1,"F","F",0,"F","F",7,"F","F","F","",0,0,"N",0,"N",0,"N",0,0,0,0,"7","","","","F","F","F","F","F","F","F","F","F","","","","F","F","F","F","F","","","","",0,7,0,0,0,0,0,0,0,64,"PHI","PHI","PIT",1,"T","F",3,11,0,25,0,"T","F",0,0,"T","T","ulrid101","burng101","F","F",0,0,0,0,0,0,0,0,0,"","","",0,0,0,0,0,0,0,0,0,0,0,0,0,"barnc102","F","F","F","F",0,0,0,0,0,0,0,0,0,0,F,F,"1925PHI.EVN.regular.event.csv",1202
"PHI192505122","PIT",6,1,1,0,0,"",11,3,"mitcc102","?","mitcc102","?","meadl101","?","meadl101","?","smite106","nieha101","moore102","trayp101","wrigg102","barnc102","carem101","cuylk101","","","","6/P","F","T",11,9,2,"T","T",0,"F","F",1,"F","F",0,"F","F",6,"P","F","F","",0,0,"N",0,"N",0,"N",0,0,0,0,"6","","","","F","F","F","F","F","F","F","F","F","","","","F","F","F","F","F","","","","ulrid101",1,6,0,0,0,0,0,0,0,65,"PHI","PHI","PIT",1,"F","F",3,11,0,26,1,"T","F",0,0,"F","F","burng101","fonsl101","F","F",0,0,0,0,0,0,0,0,0,"","","",0,0,0,0,0,0,0,0,0,0,0,0,0,"wrigg102","F","F","F","F",0,0,0,0,0,0,0,0,0,0,F,F,"1925PHI.EVN.regular.event.csv",1203
"PHI192505122","PIT",6,1,2,0,0,"",11,3,"schuj101","?","schuj101","?","meadl101","?","meadl101","?","smite106","nieha101","moore102","trayp101","wrigg102","barnc102","carem101","cuylk101","","","","63","F","T",11,1,2,"T","T",0,"F","F",1,"F","F",0,"F","F",6,"G","F","F","",0,0,"N",0,"N",0,"N",0,0,0,0,"63","","","","F","F","F","F","F","F","F","F","F","","","","F","F","F","F","F","","","","burng101",7,3,0,0,6,0,0,0,0,66,"PHI","PHI","PIT",1,"F","T",3,11,0,27,2,"T","F",0,0,"F","F","fonsl101","willc103","F","F",0,0,0,0,0,0,0,0,0,"","","",0,0,0,0,0,0,0,0,0,0,0,0,0,"wrigg102","F","F","F","F",0,0,0,0,0,0,0,0,0,0,F,F,"1925PHI.EVN.regular.event.csv",1204
"PHI192505122","PIT",7,0,0,0,0,"",11,3,"smite106","?","smite106","?","filld101","?","filld101","?","henlb101","holkw101","fonsl101","hubec101","wrigr102","schuj101","harpg101","willc103","","","","3/G","T","F",2,8,2,"T","T",0,"F","F",1,"F","F",0,"F","F",3,"G","F","F","",0,0,"N",0,"N",0,"N",0,0,0,0,"3","","","","F","F","F","F","F","F","F","F","F","","","","F","F","F","F","F","","","","",0,3,0,0,0,0,0,0,0,67,"PHI","PIT","PHI",0,"T","F",11,3,0,34,0,"T","F",0,0,"T","T","meadl101","carem101","F","F",0,0,0,0,0,0,0,0,0,"","","",0,0,0,0,0,0,0,0,0,0,0,0,0,"holkw101","F","F","F","F",0,0,0,0,0,0,0,0,0,0,F,F,"1925PHI.EVN.regular.event.csv",1205
"PHI192505122","PIT",7,0,1,0,0,"",11,3,"meadl101","?","meadl101","?","filld101","?","filld101","?","henlb101","holkw101","fonsl101","hubec101","wrigr102","schuj101","harpg101","willc103","","","","63","F","F",1,9,2,"T","T",0,"F","F",1,"F","F",0,"F","F",6,"G","F","F","",0,0,"N",0,"N",0,"N",0,0,0,0,"63","","","","F","F","F","F","F","F","F","F","F","","","","F","F","F","F","F","","","","",0,3,0,0,6,0,0,0,0,68,"PHI","PIT","PHI",0,"F","F",11,3,0,35,1,"T","F",0,0,"F","F","carem101","cuylk101","F","F",0,0,0,0,0,0,0,0,0,"","","",0,0,0,0,0,0,0,0,0,0,0,0,0,"wrigr102","F","F","F","F",0,0,0,0,0,0,0,0,0,0,F,F,"1925PHI.EVN.regular.event.csv",1206
"PHI192505122","PIT",7,0,2,0,0,"",11,3,"carem101","?","carem101","?","filld101","?","filld101","?","henlb101","holkw101","fonsl101","hubec101","wrigr102","schuj101","harpg101","willc103","","","","13","F","F",8,1,2,"T","T",0,"F","F",1,"F","F",0,"F","F",1,"G","F","F","",0,0,"N",0,"N",0,"N",0,0,0,0,"13","","","","F","F","F","F","F","F","F","F","F","","","","F","F","F","F","F","","","","",0,3,0,0,1,0,0,0,0,69,"PHI","PIT","PHI",0,"F","T",11,3,0,36,2,"T","F",0,0,"T","T","cuylk101","moore102","F","F",0,0,0,0,0,0,0,0,0,"","","",0,0,0,0,0,0,0,0,0,0,0,0,0,"filld101","F","F","F","F",0,0,0,0,0,0,0,0,0,0,F,F,"1925PHI.EVN.regular.event.csv",1207
"PHI192505122","PIT",7,1,0,0,0,"",11,3,"kimmw101","?","kimmw101","?","meadl101","?","meadl101","?","smite106","nieha101","moore102","trayp101","wrigg102","barnc102","carem101","cuylk101","","","","53","T","T",11,2,2,"T","T",0,"F","F",1,"F","F",0,"F","F",5,"G","F","F","",0,0,"N",0,"N",0,"N",0,0,0,0,"53","","","","F","F","F","F","F","F","F","F","F","","","","F","F","F","F","F","","","","fonsl101",4,3,0,0,5,0,0,0,0,70,"PHI","PHI","PIT",1,"T","F",3,11,0,28,0,"T","F",0,0,"F","F","willc103","harpg101","F","F",0,0,0,0,0,0,0,0,0,"","","",0,0,0,0,0,0,0,0,0,0,0,0,0,"trayp101","F","F","F","F",0,0,0,0,1,0,0,0,0,0,F,F,"1925PHI.EVN.regular.event.csv",1208
"PHI192505122","PIT",7,1,1,0,0,"",11,3,"willc103","?","willc103","?","meadl101","?","meadl101","?","smite106","nieha101","moore102","trayp101","wrigg102","barnc102","carem101","cuylk101","","","","S9","F","F",9,3,20,"T","T",1,"F","F",0,"F","F",0,"F","F",9,"","F","F","",0,0,"N",0,"N",0,"N",1,0,0,0,"","","","","F","F","F","F","F","F","F","F","F","","","","F","F","F","F","F","","","","",0,0,0,0,0,0,0,0,0,71,"PHI","PHI","PIT",1,"F","F",3,11,0,29,1,"T","F",0,1,"T","T","harpg101","holkw101","F","F",0,0,0,0,0,0,0,0,0,"","","",0,0,0,0,0,0,0,0,0,0,0,0,0,"cuylk101","F","F","F","F",4,0,0,0,1,0,0,0,0,0,F,F,"1925PHI.EVN.regular.event.csv",1209
"PHI192505122","PIT",7,1,1,0,0,"",11,3,"harpg101","?","harpg101","?","meadl101","?","meadl101","?","smite106","nieha101","moore102","trayp101","wrigg102","barnc102","carem101","cuylk101","willc103","","","S9.1-2","F","F",8,4,20,"T","T",1,"F","F",0,"F","F",0,"F","F",9,"","F","F","",0,0,"N",0,"N",0,"N",1,2,0,0,"","","","","F","F","F","F","F","F","F","F","F","meadl101","","","F","F","F","F","F","","","","",0,0,0,0,0,0,0,0,0,72,"PHI","PHI","PIT",1,"F","F",3,11,0,30,2,"T","F",1,3,"T","T","holkw101","henlb101","F","F",9,3,71,0,0,0,0,0,0,"smite106","","",0,0,0,0,0,0,0,0,0,0,0,0,0,"cuylk101","F","F","F","F",0,4,0,0,1,0,0,0,0,0,F,F,"1925PHI.EVN.regular.event.csv",1210
"PHI192505122","PIT",7,1,1,0,0,"",11,3,"holkw101","?","holkw101","?","meadl101","?","meadl101","?","smite106","nieha101","moore102","trayp101","wrigg102","barnc102","carem101","cuylk101","harpg101","willc103","","13.2-3;1-2","F","F",3,5,2,"T","T",0,"F","F",1,"F","F",0,"F","F",1,"G","F","F","",0,0,"N",0,"N",0,"N",0,2,3,0,"13","","","","F","F","F","F","F","F","F","F","F","meadl101","meadl101","","F","F","F","F","F","","","","",0,3,0,0,1,0,0,0,0,73,"PHI","PHI","PIT",1,"F","F",3,11,0,31,3,"T","F",3,6,"T","T","henlb101","wrigr102","F","F",8,4,72,9,3,71,0,0,0,"smite106","smite106","",0,0,0,0,0,0,0,0,0,0,0,0,0,"meadl101","F","F","F","F",0,0,4,0,1,0,0,0,0,0,F,F,"1925PHI.EVN.regular.event.csv",1211
"PHI192505122","PIT",7,1,2,0,0,"",11,3,"henlb101","?","henlb101","?","meadl101","?","meadl101","?","smite106","nieha101","moore102","trayp101","wrigg102","barnc102","carem101","cuylk101","","harpg101","willc103","FC6.3-H;2X3(65)","F","F",2,6,19,"T","T",0,"F","F",1,"F","F",1,"F","F",6,"G","F","F","",0,0,"N",0,"N",0,"N",1,0,0,4,"","","65","","F","F","F","F","F","F","F","F","F","","meadl101","meadl101","F","F","F","F","F","","","","",0,5,0,0,6,0,0,0,0,74,"PHI","PHI","PIT",1,"F","T",3,11,0,32,4,"T","F",6,1,"T","T","wrigr102","hubec101","F","F",0,0,0,8,4,72,9,3,71,"","smite106","smite106",0,0,0,0,0,0,0,0,0,0,0,0,1,"wrigg102","F","F","F","F",1,0,0,4,0,0,0,0,0,0,F,F,"1925PHI.EVN.regular.event.csv",1212
"PHI192505122","PIT",8,0,0,0,0,"",11,4,"cuylk101","?","cuylk101","?","filld101","?","filld101","?","wendl101","holkw101","kimmw101","hubec101","wrigr102","mokaj101","harpg101","schuj101","","","","W","T","F",9,2,14,"T","F",0,"F","F",0,"F","F",0,"F","F",0,"","F","F","",0,0,"N",0,"N",0,"N",1,0,0,0,"","","","","F","F","F","F","F","F","F","F","F","","","","F","F","F","F","F","","","","",0,0,0,0,0,0,0,0,0,75,"PHI","PIT","PHI",0,"T","F",11,4,0,37,0,"T","F",0,1,"T","T","moore102","barnc102","F","F",0,0,0,0,0,0,0,0,0,"","","",0,0,0,0,0,0,0,0,0,0,0,0,0,"","F","F","F","F",5,0,0,0,2,0,0,0,0,0,F,F,"1925PHI.EVN.regular.event.csv",1213
"PHI192505122","PIT",8,0,0,0,0,"",11,4,"moore102","?","moore102","?","filld101","?","filld101","?","wendl101","holkw101","kimmw101","hubec101","wrigr102","mokaj101","harpg101","schuj101","cuylk101","","","W.1-2","F","F",4,3,14,"T","F",0,"F","F",0,"F","F",0,"F","F",0,"","F","F","",0,0,"N",0,"N",0,"N",1,2,0,0,"","","","","F","F","F","F","F","F","F","F","F","filld101","","","F","F","F","F","F","","","","",0,0,0,0,0,0,0,0,0,76,"PHI","PIT","PHI",0,"F","F",11,4,0,38,1,"T","F",1,3,"T","T","barnc102","trayp101","F","F",9,2,75,0,0,0,0,0,0,"wendl101","","",0,0,0,0,0,0,0,0,0,0,0,0,0,"","F","F","F","F",0,5,0,0,2,0,0,0,0,0,F,F,"1925PHI.EVN.regular.event.csv",1214
"PHI192505122","PIT",8,0,0,0,0,"",11,4,"barnc102","?","barnc102","?","filld101","?","filld101","?","wendl101","holkw101","kimmw101","hubec101","wrigr102","mokaj101","harpg101","schuj101","moore102","cuylk101","","PO2(E2).2-3#","F","F",7,4,8,"F","F",0,"F","F",0,"F","F",0,"F","F",0,"","F","F","",1,2,"T",0,"N",0,"N",0,1,3,0,"","","E2","","F","F","F","F","F","F","F","T","F","filld101","filld101","","F","F","F","F","F","","","","",0,0,0,0,0,0,0,0,0,77,"PHI","PIT","PHI",0,"F","F",11,4,0,39,2,"T","F",3,5,"T","T","trayp101","wrigg102","F","F",4,3,76,9,2,75,0,0,0,"wendl101","wendl101","",0,0,0,0,0,0,0,0,0,0,0,0,0,"","F","F","F","F",0,0,5,0,2,0,0,0,0,0,F,T,"1925PHI.EVN.regular.event.csv",1215
"PHI192505122","PIT",8,0,0,0,0,"",11,4,"barnc102","?","barnc102","?","filld101","?","filld101","?","wendl101","holkw101","kimmw101","hubec101","wrigr102","mokaj101","harpg101","schuj101","moore102","","cuylk101","E6.3-H(NR)(UR);1X3(856);B-2","F","F",7,4,18,"T","T",0,"F","F",1,"F","F",0,"F","F",6,"G","F","F","",1,6,"F",0,"N",0,"N",2,0,0,5,"","856","","","F","F","F","F","F","F","F","F","F","filld101","","filld101","F","F","F","F","F","","","","",0,6,0,0,8,5,0,0,0,78,"PHI","PIT","PHI",0,"F","F",11,4,0,39,2,"F","F",5,2,"T","T","trayp101","wrigg102","F","F",4,3,76,0,0,0,9,2,75,"wendl101","","wendl101",0,0,0,0,0,0,0,0,0,0,0,0,1,"wrigr102","F","F","F","T",5,0,0,5,1,0,0,0,0,0,F,F,"1925PHI.EVN.regular.event.csv",1216
"PHI192505122","PIT",8,0,1,0,0,"",12,4,"trayp101","?","trayp101","?","filld101","?","filld101","?","wendl101","holkw101","kimmw101","hubec101","wrigr102","mokaj101","harpg101","schuj101","","barnc102","","9/F","F","F",5,5,2,"T","T",0,"F","F",1,"F","F",0,"F","F",9,"F","F","F","",0,0,"N",0,"N",0,"N",0,0,2,0,"9","","","","F","F","F","F","F","F","F","F","F","","filld101","","F","F","F","F","F","","","","",0,9,0,0,0,0,0,0,0,79,"PHI","PIT","PHI",0,"F","F",12,4,1,40,3,"T","F",2,2,"T","T","wrigg102","nieha101","F","F",0,0,0,7,4,78,0,0,0,"","wendl101","",0,0,0,0,0,0,0,0,0,0,0,0,0,"schuj101","F","F","F","F",0,0,5,0,1,0,0,0,0,0,F,F,"1925PHI.EVN.regular.event.csv",1217
"PHI192505122","PIT",8,0,2,0,0,"",12,4,"wrigg102","?","wrigg102","?","filld101","?","filld101","?","wendl101","holkw101","kimmw101","hubec101","wrigr102","mokaj101","harpg101","schuj101","","barnc102","","D8.2-H(UR)","F","F",6,6,21,"T","T",2,"F","F",0,"F","F",1,"F","F",8,"","F","F","",0,0,"N",0,"N",0,"N",2,0,5,0,"","","","","F","F","F","F","F","F","F","F","F","","filld101","","F","F","F","F","F","","","","",0,0,0,0,0,0,0,0,0,80,"PHI","PIT","PHI",0,"F","F",12,4,1,41,4,"T","F",2,2,"T","T","nieha101","smite106","F","F",0,0,0,7,4,78,0,0,0,"","wendl101","",0,0,0,0,0,0,0,0,0,0,0,0,1,"harpg101","F","F","F","F",0,0,5,0,0,0,0,0,0,0,F,F,"1925PHI.EVN.regular.event.csv",1218
"PHI192505122","PIT",8,0,2,0,0,"",13,4,"nieha101","?","nieha101","?","filld101","?","filld101","?","wendl101","holkw101","kimmw101","hubec101","wrigr102","mokaj101","harpg101","schuj101","","wrigg102","","13","F","F",3,7,2,"T","T",0,"F","F",1,"F","F",0,"F","F",1,"G","F","F","",0,0,"N",0,"N",0,"N",0,0,2,0,"13","","","","F","F","F","F","F","F","F","F","F","","filld101","","F","F","F","F","F","","","","",0,3,0,0,1,0,0,0,0,81,"PHI","PIT","PHI",0,"F","T",13,4,2,42,5,"T","F",2,2,"T","T","smite106","meadl101","F","F",0,0,0,6,6,80,0,0,0,"","wendl101","",0,0,0,0,0,0,0,0,0,0,0,0,0,"filld101","F","F","F","F",0,0,0,0,0,0,0,0,0,0,F,F,"1925PHI.EVN.regular.event.csv",1219
"PHI192505122","PIT",8,1,0,0,0,"",13,4,"wrigr102","?","wrigr102","?","meadl101","?","meadl101","?","smite106","nieha101","moore102","trayp101","wrigg102","barnc102","carem101","cuylk101","","","","HR/F9D","T","F",6,7,23,"T","T",4,"F","F",0,"F","F",1,"F","F",0,"F","F","F","9D",0,0,"N",0,"N",0,"N",4,0,0,0,"","","","","F","F","F","F","F","F","F","F","F","","","","F","F","F","F","F","","","","",0,0,0,0,0,0,0,0,0,82,"PHI","PHI","PIT",1,"T","F",4,13,0,33,0,"T","F",0,0,"F","F","hubec101","filld101","F","F",0,0,0,0,0,0,0,0,0,"","","",0,0,0,0,0,0,0,0,0,0,0,0,1,"","F","F","F","F",4,0,0,0,3,0,0,0,0,0,F,F,"1925PHI.EVN.regular.event.csv",1220
"PHI192505122","PIT",8,1,0,0,0,"",13,5,"hubec101","?","hubec101","?","meadl101","?","meadl101","?","smite106","nieha101","moore102","trayp101","wrigg102","barnc102","carem101","cuylk101","","","","S6","F","F",5,8,20,"T","T",1,"F","F",0,"F","F",0,"F","F",6,"","F","F","",0,0,"N",0,"N",0,"N",1,0,0,0,"","","","","F","F","F","F","F","F","F","F","F","","","","F","F","F","F","F","","","","",0,0,0,0,0,0,0,0,0,83,"PHI","PHI","PIT",1,"F","F",5,13,1,34,1,"T","F",0,1,"T","T","filld101","schuj101","F","F",0,0,0,0,0,0,0,0,0,"","","",0,0,0,0,0,0,0,0,0,0,0,0,0,"wrigg102","F","F","F","F",4,0,0,0,3,0,0,0,0,0,F,F,"1925PHI.EVN.regular.event.csv",1221
"PHI192505122","PIT",8,1,0,0,0,"",13,5,"filld101","?","filld101","?","meadl101","?","meadl101","?","smite106","nieha101","moore102","trayp101","wrigg102","barnc102","carem101","cuylk101","hubec101","","","W.1-2","F","F",1,9,14,"T","F",0,"F","F",0,"F","F",0,"F","F",0,"","F","F","",0,0,"N",0,"N",0,"N",1,2,0,0,"","","","","F","F","F","F","F","F","F","F","F","meadl101","","","F","F","F","F","F","","","","",0,0,0,0,0,0,0,0,0,84,"PHI","PHI","PIT",1,"F","F",5,13,1,35,2,"T","F",1,3,"F","F","schuj101","kimmw101","F","F",5,8,83,0,0,0,0,0,0,"smite106","","",0,0,0,0,0,0,0,0,0,0,0,0,0,"","F","F","F","F",4,4,0,0,3,0,0,0,0,0,F,F,"1925PHI.EVN.regular.event.csv",1222
"PHI192505122","PIT",8,1,0,0,0,"",13,5,"schuj101","?","schuj101","?","meadl101","?","meadl101","?","smite106","nieha101","moore102","trayp101","wrigg102","barnc102","carem101","cuylk101","filld101","hubec101","","S8.2-H;1-2","F","F",9,1,20,"T","T",1,"F","F",0,"F","F",1,"F","F",8,"","F","F","",0,0,"N",0,"N",0,"N",1,2,4,0,"","","","","F","F","F","F","F","F","F","F","F","meadl101","meadl101","","F","F","F","F","F","","","","",0,0,0,0,0,0,0,0,0,85,"PHI","PHI","PIT",1,"F","F",5,13,1,36,3,"T","F",3,3,"F","F","kimmw101","mokaj101","F","F",1,9,84,5,8,83,0,0,0,"smite106","smite106","",0,0,0,0,0,0,0,0,0,0,0,0,1,"carem101","F","F","F","F",4,4,4,0,2,0,0,0,0,0,F,F,"1925PHI.EVN.regular.event.csv",1223
"PHI192505122","PIT",8,1,0,0,0,"",13,6,"kimmw101","?","kimmw101","?","meadl101","?","meadl101","?","smite106","nieha101","moore102","trayp101","wrigg102","barnc102","carem101","cuylk101","schuj101","filld101","","S9.2-H;1-2","F","F",4,2,20,"T","T",1,"F","F",0,"F","F",1,"F","F",9,"","F","F","",0,0,"N",0,"N",0,"N",1,2,4,0,"","","","","F","F","F","F","F","F","F","F","F","meadl101","meadl101","","F","F","F","F","F","","","","",0,0,0,0,0,0,0,0,0,86,"PHI","PHI","PIT",1,"F","F",6,13,2,37,4,"T","F",3,3,"F","F","mokaj101","harpg101","F","F",9,1,85,1,9,84,0,0,0,"smite106","smite106","",0,0,0,0,0,0,0,0,0,0,0,0,1,"cuylk101","F","F","F","F",0,4,4,0,1,0,0,0,0,0,F,F,"1925PHI.EVN.regular.event.csv",1224
"PHI192505122","PIT",8,1,0,0,0,"",13,7,"mokaj101","?","mokaj101","?","adamb104","?","adamb104","?","smite106","nieha101","moore102","trayp101","wrigg102","barnc102","carem101","cuylk101","kimmw101","schuj101","","6/P","F","F",7,3,2,"T","T",0,"F","F",1,"F","F",0,"F","F",6,"P","F","F","",0,0,"N",0,"N",0,"N",0,1,2,0,"6","","","","F","F","F","F","F","F","F","F","F","meadl101","meadl101","","F","F","F","F","F","","","","",0,6,0,0,0,0,0,0,0,87,"PHI","PHI","PIT",1,"F","F",7,13,3,38,5,"T","F",3,3,"F","F","harpg101","holkw101","F","F",4,2,86,9,1,85,0,0,0,"smite106","smite106","",0,0,0,0,0,0,0,0,0,0,0,0,0,"wrigg102","F","F","F","F",0,0,4,0,1,0,0,0,0,0,F,F,"1925PHI.EVN.regular.event.csv",1225
"PHI192505122","PIT",8,1,1,0,0,"",13,7,"harpg101","?","harpg101","?","adamb104","?","adamb104","?","smite106","nieha101","moore102","trayp101","wrigg102","barnc102","carem101","cuylk101","kimmw101","schuj101","","HP.2-3;1-2","F","F",8,4,16,"T","F",0,"F","F",0,"F","F",0,"F","F",0,"","F","F","",0,0,"N",0,"N",0,"N",1,2,3,0,"","","","","F","F","F","F","F","F","F","F","F","meadl101","meadl101","","F","F","F","F","F","","","","",0,0,0,0,0,0,0,0,0,88,"PHI","PHI","PIT",1,"F","F",7,13,3,39,6,"T","F",3,7,"T","T","holkw101","wendl101","F","F",4,2,86,9,1,85,0,0,0,"smite106","smite106","",0,0,0,0,0,0,0,0,0,0,0,0,0,"","F","F","F","F",0,0,4,0,1,0,0,0,0,0,F,F,"1925PHI.EVN.regular.event.csv",1226
"PHI192505122","PIT",8,1,1,0,0,"",13,7,"holkw101","?","holkw101","?","adamb104","?","adamb104","?","smite106","nieha101","moore102","trayp101","wrigg102","barnc102","carem101","cuylk101","harpg101","kimmw101","schuj101","9/SF.3-H","F","F",3,5,2,"T","F",0,"F","T",1,"F","F",1,"F","F",9,"F","F","F","",0,0,"N",0,"N",0,"N",0,1,2,4,"9","","","","F","F","F","F","F","F","F","F","F","adamb104","meadl101","meadl101","F","F","F","F","F","","","","",0,9,0,0,0,0,0,0,0,89,"PHI","PHI","PIT",1,"F","F",7,13,3,40,7,"T","F",7,3,"T","T","wendl101","wrigr102","F","F",8,4,88,4,2,86,9,1,85,"smite106","smite106","smite106",0,0,0,0,0,0,0,0,0,0,0,0,1,"cuylk101","F","F","F","F",0,0,0,4,0,0,0,0,0,0,F,F,"1925PHI.EVN.regular.event.csv",1227
"PHI192505122","PIT",8,1,2,0,0,"",13,8,"wendl101","?","wendl101","?","adamb104","?","adamb104","?","smite106","nieha101","moore102","trayp101","wrigg102","barnc102","carem101","cuylk101","harpg101","kimmw101","","13","F","F",2,6,2,"T","T",0,"F","F",1,"F","F",0,"F","F",1,"G","F","F","",0,0,"N",0,"N",0,"N",0,1,2,0,"13","","","","F","F","F","F","F","F","F","F","F","adamb104","meadl101","","F","F","F","F","F","","","","",0,3,0,0,1,0,0,0,0,90,"PHI","PHI","PIT",1,"F","T",8,13,4,41,8,"T","F",3,3,"F","F","wrigr102","hubec101","F","F",8,4,88,4,2,86,0,0,0,"smite106","smite106","",0,0,0,0,0,0,0,0,0,0,0,0,0,"adamb104","F","F","F","F",0,0,0,0,0,0,0,0,0,0,F,F,"1925PHI.EVN.regular.event.csv",1228
"PHI192505122","PIT",9,0,0,0,0,"",13,8,"smite106","?","smite106","?","filld101","?","filld101","?","wendl101","holkw101","kimmw101","hubec101","wrigr102","mokaj101","harpg101","schuj101","","","","S9","T","F",2,8,20,"T","T",1,"F","F",0,"F","F",0,"F","F",9,"","F","F","",0,0,"N",0,"N",0,"N",1,0,0,0,"","","","","F","F","F","F","F","F","F","F","F","","","","F","F","F","F","F","","","","",0,0,0,0,0,0,0,0,0,91,"PHI","PIT","PHI",0,"T","F",13,8,0,43,0,"T","F",0,1,"T","T","adamb104","carem101","F","F",0,0,0,0,0,0,0,0,0,"","","",0,0,0,0,0,0,0,0,0,0,0,0,0,"schuj101","F","F","F","F",0,0,0,0,0,0,0,0,0,0,F,F,"1925PHI.EVN.regular.event.csv",1229
"PHI192505122","PIT",9,0,0,0,0,"",13,8,"adamb104","?","adamb104","?","filld101","?","filld101","?","wendl101","holkw101","kimmw101","hubec101","wrigr102","mokaj101","harpg101","schuj101","smite106","","","46(1)/FO","F","F",1,9,2,"T","T",0,"F","F",1,"F","F",0,"F","F",4,"G","F","F","",0,0,"N",0,"N",0,"N",1,0,0,0,"","46","","","F","F","F","F","F","F","F","F","F","filld101","","","F","F","F","F","F","","","","",0,6,0,0,4,0,0,0,0,92,"PHI","PIT","PHI",0,"F","F",13,8,0,44,1,"T","F",1,1,"F","F","carem101","cuylk101","F","F",2,8,91,0,0,0,0,0,0,"wendl101","","",0,0,0,0,0,0,0,0,0,0,0,0,0,"kimmw101","T","F","F","F",0,0,0,0,0,0,0,0,0,0,F,F,"1925PHI.EVN.regular.event.csv",1230
"PHI192505122","PIT",9,0,1,0,0,"",13,8,"carem101","?","carem101","?","filld101","?","filld101","?","wendl101","holkw101","kimmw101","hubec101","wrigr102","mokaj101","harpg101","schuj101","adamb104","","","9/F","F","F",8,1,2,"T","T",0,"F","F",1,"F","F",0,"F","F",9,"F","F","F","",0,0,"N",0,"N",0,"N",0,1,0,0,"9","","","","F","F","F","F","F","F","F","F","F","filld101","","","F","F","F","F","F","","","","",0,9,0,0,0,0,0,0,0,93,"PHI","PIT","PHI",0,"F","F",13,8,0,45,2,"T","F",1,1,"T","T","cuylk101","moore102","F","F",1,9,92,0,0,0,0,0,0,"wendl101","","",0,0,0,0,0,0,0,0,0,0,0,0,0,"schuj101","F","F","F","F",0,0,0,0,0,0,0,0,0,0,F,F,"1925PHI.EVN.regular.event.csv",1231
"PHI192505122","PIT",9,0,2,0,0,"",13,8,"cuylk101","?","cuylk101","?","filld101","?","filld101","?","wendl101","holkw101","kimmw101","hubec101","wrigr102","mokaj101","harpg101","schuj101","adamb104","","","S6.1-2","F","F",9,2,20,"T","T",1,"F","F",0,"F","F",0,"F","F",6,"","F","F","",0,0,"N",0,"N",0,"N",1,2,0,0,"","","","","F","F","F","F","F","F","F","F","F","filld101","","","F","F","F","F","F","","","","",0,0,0,0,0,0,0,0,0,94,"PHI","PIT","PHI",0,"F","F",13,8,0,46,3,"T","F",1,3,"T","T","moore102","barnc102","F","F",1,9,92,0,0,0,0,0,0,"wendl101","","",0,0,0,0,0,0,0,0,0,0,0,0,0,"wrigr102","F","F","F","F",0,0,0,0,0,0,0,0,0,0,F,F,"1925PHI.EVN.regular.event.csv",1232
"PHI192505122","PIT",9,0,2,0,0,"",13,8,"moore102","?","moore102","?","filld101","?","filld101","?","wendl101","holkw101","kimmw101","hubec101","wrigr102","mokaj101","harpg101","schuj101","cuylk101","adamb104","","64(1)/FO","F","F",4,3,2,"T","T",0,"F","F",1,"F","F",0,"F","F",6,"G","F","F","",0,0,"N",0,"N",0,"N",1,0,2,0,"","64","","","F","F","F","F","F","F","F","F","F","filld101","filld101","","F","F","F","F","F","","","","",0,4,0,0,6,0,0,0,0,95,"PHI","PIT","PHI",0,"F","T",13,8,0,47,4,"T","F",3,3,"T","T","barnc102","trayp101","F","F",9,2,94,1,9,92,0,0,0,"wendl101","wendl101","",0,0,0,0,0,0,0,0,0,0,0,0,0,"wrigr102","T","F","F","F",0,0,0,0,0,0,0,0,0,0,F,F,"1925PHI.EVN.regular.event.csv",1233
"PHI192505122","PIT",9,1,0,0,0,"",13,8,"wrigr102","?","wrigr102","?","adamb104","?","adamb104","?","smite106","nieha101","moore102","trayp101","wrigg102","barnc102","carem101","cuylk101","","","","K","T","F",6,7,3,"T","T",0,"F","F",1,"F","F",0,"F","F",0,"","F","F","",0,0,"N",0,"N",0,"N",0,0,0,0,"2","","","","F","F","F","F","F","F","F","F","F","","","","F","F","F","F","F","","","","",0,2,0,0,0,0,0,0,0,96,"PHI","PHI","PIT",1,"T","F",8,13,0,42,0,"T","F",0,0,"F","F","hubec101","filld101","F","F",0,0,0,0,0,0,0,0,0,"","","",0,0,0,0,0,0,0,0,0,0,0,0,0,"","F","F","F","F",0,0,0,0,0,0,0,0,0,0,F,F,"1925PHI.EVN.regular.event.csv",1234
"PHI192505122","PIT",9,1,1,0,0,"",13,8,"hubec101","?","hubec101","?","adamb104","?","adamb104","?","smite106","nieha101","moore102","trayp101","wrigg102","barnc102","carem101","cuylk101","","","","S7","F","F",5,8,20,"T","T",1,"F","F",0,"F","F",0,"F","F",7,"","F","F","",0,0,"N",0,"N",0,"N",1,0,0,0,"","","","","F","F","F","F","F","F","F","F","F","","","","F","F","F","F","F","","","","",0,0,0,0,0,0,0,0,0,97,"PHI","PHI","PIT",1,"F","F",8,13,0,43,1,"T","F",0,1,"T","T","filld101","schuj101","F","F",0,0,0,0,0,0,0,0,0,"","","",0,0,0,0,0,0,0,0,0,0,0,0,0,"barnc102","F","F","F","F",2,0,0,0,0,0,0,0,0,0,F,F,"1925PHI.EVN.regular.event.csv",1235
"PHI192505122","PIT",9,1,1,0,0,"",13,8,"filld101","?","filld101","?","adamb104","?","adamb104","?","smite106","nieha101","moore102","trayp101","wrigg102","barnc102","carem101","cuylk101","hubec101","","","43.1-2","F","F",1,9,2,"T","T",0,"F","F",1,"F","F",0,"F","F",4,"G","F","F","",0,0,"N",0,"N",0,"N",0,2,0,0,"43","","","","F","F","F","F","F","F","F","F","F","adamb104","","","F","F","F","F","F","","","","",0,3,0,0,4,0,0,0,0,98,"PHI","PHI","PIT",1,"F","F",8,13,0,44,2,"T","F",1,2,"F","F","schuj101","kimmw101","F","F",5,8,97,0,0,0,0,0,0,"smite106","","",0,0,0,0,0,0,0,0,0,0,0,0,0,"moore102","F","F","F","F",0,2,0,0,0,0,0,0,0,0,F,F,"1925PHI.EVN.regular.event.csv",1236
"PHI192505122","PIT",9,1,2,0,0,"",13,8,"schuj101","?","schuj101","?","adamb104","?","adamb104","?","smite106","nieha101","moore102","trayp101","wrigg102","barnc102","carem101","cuylk101","","hubec101","","63","F","F",9,1,2,"T","T",0,"F","F",1,"F","F",0,"F","F",6,"G","F","F","",0,0,"N",0,"N",0,"N",0,0,2,0,"63","","","","F","F","F","F","F","F","F","F","F","","adamb104","","F","T","F","F","F","","","","",0,3,0,0,6,0,0,0,0,99,"PHI","PHI","PIT",1,"F","T",8,13,0,45,3,"T","F",2,2,"F","F","kimmw101","mokaj101","F","F",0,0,0,5,8,97,0,0,0,"","smite106","",0,0,0,0,0,0,0,0,0,0,0,0,0,"wrigg102","F","F","F","F",0,0,2,0,0,0,0,0,0,0,F,F,"1925PHI.EVN.regular.event.csv",1237
"PHI192505130","CHN",1,0,0,0,0,"",0,0,"statj101","?","statj101","?","carlh101","?","carlh101","?","wilsj105","holkw101","fonsl101","hubec101","sandh101","burng101","harpg101","willc103","","","","8/F","T","F",7,1,2,"T","T",0,"F","F",1,"F","F",0,"F","F",8,"F","F","F","",0,0,"N",0,"N",0,"N",0,0,0,0,"8","","","","F","F","F","F","F","F","F","F","F","","","","T","F","F","F","F","","","","",0,8,0,0,0,0,0,0,0,1,"PHI","CHN","PHI",0,"T","F",0,0,0,0,0,"T","F",0,0,"T","T","heatc101","adams101","T","T",0,0,0,0,0,0,0,0,0,"","","",0,0,0,0,0,0,0,0,0,0,0,0,0,"harpg101","F","F","F","F",0,0,0,0,0,0,0,0,0,0,F,F,"1925PHI.EVN.regular.event.csv",1238
"PHI192505130","CHN",1,0,1,0,0,"",0,0,"heatc101","?","heatc101","?","carlh101","?","carlh101","?","wilsj105","holkw101","fonsl101","hubec101","sandh101","burng101","harpg101","willc103","","","","S9.BX2(94)","F","F",8,2,20,"T","T",1,"F","F",1,"F","F",0,"F","F",9,"","F","F","",0,0,"N",0,"N",0,"N",0,0,0,0,"94","","","","F","F","F","F","F","F","F","F","F","","","","F","F","F","F","F","","","","",0,4,0,0,9,0,0,0,0,2,"PHI","CHN","PHI",0,"F","F",0,0,0,1,1,"T","F",0,0,"T","T","adams101","hartg103","T","T",0,0,0,0,0,0,0,0,0,"","","",0,0,0,0,0,0,0,0,0,0,0,0,0,"willc103","F","F","F","F",0,0,0,0,0,0,0,0,0,0,F,F,"1925PHI.EVN.regular.event.csv",1239
"PHI192505130","CHN",1,0,2,0,0,"",0,0,"adams101","?","adams101","?","carlh101","?","carlh101","?","wilsj105","holkw101","fonsl101","hubec101","sandh101","burng101","harpg101","willc103","","","","S7","F","F",4,3,20,"T","T",1,"F","F",0,"F","F",0,"F","F",7,"","F","F","",0,0,"N",0,"N",0,"N",1,0,0,0,"","","","","F","F","F","F","F","F","F","F","F","","","","F","F","F","F","F","","","","",0,0,0,0,0,0,0,0,0,3,"PHI","CHN","PHI",0,"F","F",0,0,0,2,2,"T","F",0,1,"T","T","hartg103","fribb101","T","T",0,0,0,0,0,0,0,0,0,"","","",0,0,0,0,0,0,0,0,0,0,0,0,0,"burng101","F","F","F","F",0,0,0,0,0,0,0,0,0,0,F,F,"1925PHI.EVN.regular.event.csv",1240
"PHI192505130","CHN",1,0,2,0,0,"",0,0,"hartg103","?","hartg103","?","carlh101","?","carlh101","?","wilsj105","holkw101","fonsl101","hubec101","sandh101","burng101","harpg101","willc103","adams101","","","K","F","F",2,4,3,"T","T",0,"F","F",1,"F","F",0,"F","F",0,"","F","F","",0,0,"N",0,"N",0,"N",0,1,0,0,"2","","","","F","F","F","F","F","F","F","F","F","carlh101","","","F","F","F","F","F","","","","",0,2,0,0,0,0,0,0,0,4,"PHI","CHN","PHI",0,"F","T",0,0,0,3,3,"T","F",1,1,"T","T","fribb101","grift102","T","T",4,3,3,0,0,0,0,0,0,"wilsj105","","",0,0,0,0,0,0,0,0,0,0,0,0,0,"","F","F","F","F",0,0,0,0,0,0,0,0,0,0,F,F,"1925PHI.EVN.regular.event.csv",1241
"PHI192505130","CHN",1,1,0,0,0,"",0,0,"burng101","?","burng101","?","keenv101","?","keenv101","?","hartg103","grimc101","adams101","fribb101","mcaui101","statj101","heatc101","grift102","","","","D8","T","F",7,1,21,"T","T",2,"F","F",0,"F","F",0,"F","F",8,"","F","F","",0,0,"N",0,"N",0,"N",2,0,0,0,"","","","","F","F","F","F","F","F","F","F","F","","","","F","F","F","F","F","","","","",0,0,0,0,0,0,0,0,0,5,"PHI","PHI","CHN",1,"T","F",0,0,0,0,0,"T","F",0,2,"T","T","fonsl101","willc103","T","T",0,0,0,0,0,0,0,0,0,"","","",0,0,0,0,0,0,0,0,0,0,0,0,0,"heatc101","F","F","F","F",4,0,0,0,2,0,0,0,0,0,F,F,"1925PHI.EVN.regular.event.csv",1242
"PHI192505130","CHN",1,1,0,0,0,"",0,0,"fonsl101","?","fonsl101","?","keenv101","?","keenv101","?","hartg103","grimc101","adams101","fribb101","mcaui101","statj101","heatc101","grift102","","burng101","","14/SH.2-3","F","F",4,2,2,"T","F",0,"T","F",1,"F","F",0,"F","F",1,"G","T","F","",0,0,"N",0,"N",0,"N",0,0,3,0,"14","","","","F","F","F","F","F","F","F","F","F","","keenv101","","F","F","F","F","F","","","","",0,4,0,0,1,0,0,0,0,6,"PHI","PHI","CHN",1,"F","F",0,0,0,1,1,"T","F",2,4,"T","T","willc103","harpg101","T","T",0,0,0,7,1,5,0,0,0,"","hartg103","",0,0,0,0,0,0,0,0,0,0,0,0,0,"keenv101","F","F","F","F",0,0,4,0,2,0,0,0,0,0,F,F,"1925PHI.EVN.regular.event.csv",1243
"PHI192505130","CHN",1,1,1,0,0,"",0,0,"willc103","?","willc103","?","keenv101","?","keenv101","?","hartg103","grimc101","adams101","fribb101","mcaui101","statj101","heatc101","grift102","","","burng101","6/P","F","F",9,3,2,"T","T",0,"F","F",1,"F","F",0,"F","F",6,"P","F","F","",0,0,"N",0,"N",0,"N",0,0,0,3,"6","","","","F","F","F","F","F","F","F","F","F","","","keenv101","F","F","F","F","F","","","","",0,6,0,0,0,0,0,0,0,7,"PHI","PHI","CHN",1,"F","F",0,0,0,2,2,"T","F",4,4,"T","T","harpg101","holkw101","T","T",0,0,0,0,0,0,7,1,5,"","","hartg103",0,0,0,0,0,0,0,0,0,0,0,0,0,"mcaui101","F","F","F","F",0,0,0,4,2,0,0,0,0,0,F,F,"1925PHI.EVN.regular.event.csv",1244
"PHI192505130","CHN",1,1,2,0,0,"",0,0,"harpg101","?","harpg101","?","keenv101","?","keenv101","?","hartg103","grimc101","adams101","fribb101","mcaui101","statj101","heatc101","grift102","","","burng101","W","F","F",8,4,14,"T","F",0,"F","F",0,"F","F",0,"F","F",0,"","F","F","",0,0,"N",0,"N",0,"N",1,0,0,3,"","","","","F","F","F","F","F","F","F","F","F","","","keenv101","F","F","F","F","F","","","","",0,0,0,0,0,0,0,0,0,8,"PHI","PHI","CHN",1,"F","F",0,0,0,3,3,"T","F",4,5,"T","T","holkw101","wilsj105","T","T",0,0,0,0,0,0,7,1,5,"","","hartg103",0,0,0,0,0,0,0,0,0,0,0,0,0,"","F","F","F","F",4,0,0,4,2,0,0,0,0,0,F,F,"1925PHI.EVN.regular.event.csv",1245
"PHI192505130","CHN",1,1,2,0,0,"",0,0,"holkw101","?","holkw101","?","keenv101","?","keenv101","?","hartg103","grimc101","adams101","fribb101","mcaui101","statj101","heatc101","grift102","harpg101","","burng101","S/G34.3-H;1-2","F","F",3,5,20,"T","T",1,"F","F",0,"F","F",1,"F","F",0,"G","F","F","34",0,0,"N",0,"N",0,"N",1,2,0,4,"","","","","F","F","F","F","F","F","F","F","F","keenv101","","keenv101","F","F","F","F","F","","","","",0,0,0,0,0,0,0,0,0,9,"PHI","PHI","CHN",1,"F","F",0,0,0,4,4,"T","F",5,3,"T","T","wilsj105","sandh101","T","T",8,4,8,0,0,0,7,1,5,"hartg103","","hartg103",0,0,0,0,0,0,0,0,0,0,0,0,1,"","F","F","F","F",0,4,0,4,1,0,0,0,0,0,F,F,"1925PHI.EVN.regular.event.csv",1246
"PHI192505130","CHN",1,1,2,0,0,"",0,1,"wilsj105","?","wilsj105","?","keenv101","?","keenv101","?","hartg103","grimc101","adams101","fribb101","mcaui101","statj101","heatc101","grift102","holkw101","harpg101","","S9.2-3;1-2","F","F",2,6,20,"T","T",1,"F","F",0,"F","F",0,"F","F",9,"","F","F","",0,0,"N",0,"N",0,"N",1,2,3,0,"","","","","F","F","F","F","F","F","F","F","F","keenv101","keenv101","","F","F","F","F","F","","","","",0,0,0,0,0,0,0,0,0,10,"PHI","PHI","CHN",1,"F","F",1,0,1,5,5,"T","F",3,7,"T","T","sandh101","hubec101","T","T",3,5,9,8,4,8,0,0,0,"hartg103","hartg103","",0,0,0,0,0,0,0,0,0,0,0,0,0,"grift102","F","F","F","F",0,0,4,0,1,0,0,0,0,0,F,F,"1925PHI.EVN.regular.event.csv",1247
"PHI192505130","CHN",1,1,2,0,0,"",0,1,"sandh101","?","sandh101","?","keenv101","?","keenv101","?","hartg103","grimc101","adams101","fribb101","mcaui101","statj101","heatc101","grift102","wilsj105","holkw101","harpg101","W.3-H;2-3;1-2","F","F",6,7,14,"T","F",0,"F","F",0,"F","F",1,"F","F",0,"","F","F","",0,0,"N",0,"N",0,"N",1,2,3,4,"","","","","F","F","F","F","F","F","F","F","F","keenv101","keenv101","keenv101","F","F","F","F","F","","","","",0,0,0,0,0,0,0,0,0,11,"PHI","PHI","CHN",1,"F","F",1,0,1,6,6,"T","F",7,7,"T","T","hubec101","carlh101","T","T",2,6,10,3,5,9,8,4,8,"hartg103","hartg103","hartg103",0,0,0,0,0,0,0,0,0,0,0,0,1,"","F","F","F","F",0,0,0,4,0,0,0,0,0,0,F,F,"1925PHI.EVN.regular.event.csv",1248
"PHI192505130","CHN",1,1,2,0,0,"",0,2,"hubec101","?","hubec101","?","keenv101","?","keenv101","?","hartg103","grimc101","adams101","fribb101","mcaui101","statj101","heatc101","grift102","sandh101","wilsj105","holkw101","7/F","F","F",5,8,2,"T","T",0,"F","F",1,"F","F",0,"F","F",7,"F","F","F","",0,0,"N",0,"N",0,"N",0,1,2,3,"7","","","","F","F","F","F","F","F","F","F","F","keenv101","keenv101","keenv101","F","F","F","F","F","","","","",0,7,0,0,0,0,0,0,0,12,"PHI","PHI","CHN",1,"F","T",2,0,2,7,7,"T","F",7,7,"T","T","carlh101","burng101","T","T",6,7,11,2,6,10,3,5,9,"hartg103","hartg103","hartg103",0,0,0,0,0,0,0,0,0,0,0,0,0,"statj101","F","F","F","F",0,0,0,0,0,0,0,0,0,0,F,F,"1925PHI.EVN.regular.event.csv",1249
"PHI192505130","CHN",2,0,0,0,0,"",0,2,"fribb101","?","fribb101","?","carlh101","?","carlh101","?","wilsj105","holkw101","fonsl101","hubec101","sandh101","burng101","harpg101","willc103","","","","9/F","T","F",5,5,2,"T","T",0,"F","F",1,"F","F",0,"F","F",9,"F","F","F","",0,0,"N",0,"N",0,"N",0,0,0,0,"9","","","","F","F","F","F","F","F","F","F","F","","","","F","F","F","F","F","","","","",0,9,0,0,0,0,0,0,0,13,"PHI","CHN","PHI",0,"T","F",0,2,0,4,0,"T","F",0,0,"T","T","grift102","grimc101","T","T",0,0,0,0,0,0,0,0,0,"","","",0,0,0,0,0,0,0,0,0,0,0,0,0,"willc103","F","F","F","F",0,0,0,0,0,0,0,0,0,0,F,F,"1925PHI.EVN.regular.event.csv",1250
"PHI192505130","CHN",2,0,1,0,0,"",0,2,"grift102","?","grift102","?","carlh101","?","carlh101","?","wilsj105","holkw101","fonsl101","hubec101","sandh101","burng101","harpg101","willc103","","","","43","F","F",9,6,2,"T","T",0,"F","F",1,"F","F",0,"F","F",4,"G","F","F","",0,0,"N",0,"N",0,"N",0,0,0,0,"43","","","","F","F","F","F","F","F","F","F","F","","","","F","F","F","F","F","","","","",0,3,0,0,4,0,0,0,0,14,"PHI","CHN","PHI",0,"F","F",0,2,0,5,1,"T","F",0,0,"T","T","grimc101","mcaui101","T","T",0,0,0,0,0,0,0,0,0,"","","",0,0,0,0,0,0,0,0,0,0,0,0,0,"fonsl101","F","F","F","F",0,0,0,0,0,0,0,0,0,0,F,F,"1925PHI.EVN.regular.event.csv",1251
"PHI192505130","CHN",2,0,2,0,0,"",0,2,"grimc101","?","grimc101","?","carlh101","?","carlh101","?","wilsj105","holkw101","fonsl101","hubec101","sandh101","burng101","harpg101","willc103","","","","43","F","F",3,7,2,"T","T",0,"F","F",1,"F","F",0,"F","F",4,"G","F","F","",0,0,"N",0,"N",0,"N",0,0,0,0,"43","","","","F","F","F","F","F","F","F","F","F","","","","F","F","F","F","F","","","","",0,3,0,0,4,0,0,0,0,15,"PHI","CHN","PHI",0,"F","T",0,2,0,6,2,"T","F",0,0,"T","T","mcaui101","keenv101","T","T",0,0,0,0,0,0,0,0,0,"","","",0,0,0,0,0,0,0,0,0,0,0,0,0,"fonsl101","F","F","F","F",0,0,0,0,0,0,0,0,0,0,F,F,"1925PHI.EVN.regular.event.csv",1252
"PHI192505130","CHN",2,1,0,0,0,"",0,2,"carlh101","?","carlh101","?","keenv101","?","keenv101","?","hartg103","grimc101","adams101","fribb101","mcaui101","statj101","heatc101","grift102","","","","K","T","F",1,9,3,"T","T",0,"F","F",1,"F","F",0,"F","F",0,"","F","F","",0,0,"N",0,"N",0,"N",0,0,0,0,"2","","","","F","F","F","F","F","F","F","F","F","","","","F","F","F","F","F","","","","",0,2,0,0,0,0,0,0,0,16,"PHI","PHI","CHN",1,"T","F",2,0,0,8,0,"T","F",0,0,"T","T","burng101","fonsl101","T","T",0,0,0,0,0,0,0,0,0,"","","",0,0,0,0,0,0,0,0,0,0,0,0,0,"","F","F","F","F",0,0,0,0,0,0,0,0,0,0,F,F,"1925PHI.EVN.regular.event.csv",1253
"PHI192505130","CHN",2,1,1,0,0,"",0,2,"burng101","?","burng101","?","keenv101","?","keenv101","?","hartg103","grimc101","adams101","fribb101","mcaui101","statj101","heatc101","grift102","","","","E6/G","F","F",7,1,18,"T","T",0,"F","F",0,"F","F",0,"F","F",6,"G","F","F","",1,6,"F",0,"N",0,"N",1,0,0,0,"","","","","F","F","F","F","F","F","F","F","F","","","","F","F","F","F","F","","","","",0,0,0,0,0,0,0,0,0,17,"PHI","PHI","CHN",1,"F","F",2,0,0,9,1,"T","F",0,1,"T","T","fonsl101","willc103","T","T",0,0,0,0,0,0,0,0,0,"","","",0,0,0,0,0,0,0,0,0,0,0,0,0,"mcaui101","F","F","F","T",0,0,0,0,0,0,0,0,0,0,F,F,"1925PHI.EVN.regular.event.csv",1254
"PHI192505130","CHN",2,1,1,0,0,"",0,2,"fonsl101","?","fonsl101","?","keenv101","?","keenv101","?","hartg103","grimc101","adams101","fribb101","mcaui101","statj101","heatc101","grift102","burng101","","","7/L","F","F",4,2,2,"T","T",0,"F","F",1,"F","F",0,"F","F",7,"L","F","F","",0,0,"N",0,"N",0,"N",0,1,0,0,"7","","","","F","F","F","F","F","F","F","F","F","keenv101","","","F","F","F","F","F","","","","",0,7,0,0,0,0,0,0,0,18,"PHI","PHI","CHN",1,"F","F",2,0,0,10,2,"T","F",1,1,"T","T","willc103","harpg101","T","T",7,1,17,0,0,0,0,0,0,"hartg103","","",0,0,0,0,0,0,0,0,0,0,0,0,0,"statj101","F","F","F","F",0,0,0,0,0,0,0,0,0,0,F,F,"1925PHI.EVN.regular.event.csv",1255
"PHI192505130","CHN",2,1,2,0,0,"",0,2,"willc103","?","willc103","?","keenv101","?","keenv101","?","hartg103","grimc101","adams101","fribb101","mcaui101","statj101","heatc101","grift102","burng101","","","CS2(26)","F","F",9,3,6,"F","F",0,"F","F",1,"F","F",0,"F","F",0,"","F","F","",0,0,"N",0,"N",0,"N",0,0,0,0,"","26","","","F","F","F","T","F","F","F","F","F","keenv101","","","F","F","F","F","F","","","","",0,6,0,0,2,0,0,0,0,19,"PHI","PHI","CHN",1,"F","T",2,0,0,11,3,"T","T",1,0,"T","T","harpg101","holkw101","T","T",7,1,17,0,0,0,0,0,0,"hartg103","","",0,0,0,0,0,0,0,0,0,0,0,0,0,"","F","F","F","F",0,0,0,0,0,0,0,0,0,0,F,F,"1925PHI.EVN.regular.event.csv",1256
"PHI192505130","CHN",3,0,0,0,0,"",0,2,"mcaui101","?","mcaui101","?","carlh101","?","carlh101","?","wilsj105","holkw101","fonsl101","hubec101","sandh101","burng101","harpg101","willc103","","","","S/89","T","F",6,8,20,"T","T",1,"F","F",0,"F","F",0,"F","F",0,"","F","F","89",0,0,"N",0,"N",0,"N",1,0,0,0,"","","","","F","F","F","F","F","F","F","F","F","","","","F","F","F","F","F","","","","",0,0,0,0,0,0,0,0,0,20,"PHI","CHN","PHI",0,"T","F",0,2,0,7,0,"T","F",0,1,"T","T","keenv101","statj101","T","T",0,0,0,0,0,0,0,0,0,"","","",0,0,0,0,0,0,0,0,0,0,0,0,0,"","F","F","F","F",0,0,0,0,0,0,0,0,0,0,F,F,"1925PHI.EVN.regular.event.csv",1257
"PHI192505130","CHN",3,0,0,0,0,"",0,2,"keenv101","?","keenv101","?","carlh101","?","carlh101","?","wilsj105","holkw101","fonsl101","hubec101","sandh101","burng101","harpg101","willc103","mcaui101","","","56(1)/FO/BG","F","F",1,9,2,"T","T",0,"F","F",1,"F","F",0,"F","F",5,"G","T","F","",0,0,"N",0,"N",0,"N",1,0,0,0,"","56","","","F","F","F","F","F","F","F","F","F","carlh101","","","F","F","F","F","F","","","","",0,6,0,0,5,0,0,0,0,21,"PHI","CHN","PHI",0,"F","F",0,2,0,8,1,"T","F",1,1,"T","T","statj101","heatc101","T","T",6,8,20,0,0,0,0,0,0,"wilsj105","","",0,0,0,0,0,0,0,0,0,0,0,0,0,"hubec101","T","F","F","F",0,0,0,0,0,0,0,0,0,0,F,F,"1925PHI.EVN.regular.event.csv",1258
"PHI192505130","CHN",3,0,1,0,0,"",0,2,"statj101","?","statj101","?","carlh101","?","carlh101","?","wilsj105","holkw101","fonsl101","hubec101","sandh101","burng101","harpg101","willc103","keenv101","","","HP.1-2","F","F",7,1,16,"T","F",0,"F","F",0,"F","F",0,"F","F",0,"","F","F","",0,0,"N",0,"N",0,"N",1,2,0,0,"","","","","F","F","F","F","F","F","F","F","F","carlh101","","","F","F","F","F","F","","","","",0,0,0,0,0,0,0,0,0,22,"PHI","CHN","PHI",0,"F","F",0,2,0,9,2,"T","F",1,3,"T","T","heatc101","adams101","T","T",1,9,21,0,0,0,0,0,0,"wilsj105","","",0,0,0,0,0,0,0,0,0,0,0,0,0,"","F","F","F","F",0,0,0,0,0,0,0,0,0,0,F,F,"1925PHI.EVN.regular.event.csv",1259
"PHI192505130","CHN",3,0,1,0,0,"",0,2,"heatc101","?","heatc101","?","carlh101","?","carlh101","?","wilsj105","holkw101","fonsl101","hubec101","sandh101","burng101","harpg101","willc103","statj101","keenv101","","46(1)3/GDP","F","F",8,2,2,"T","T",0,"F","F",2,"T","F",0,"F","F",4,"G","F","F","",0,0,"N",0,"N",0,"N",0,0,2,0,"63","46","","","F","F","F","F","F","F","F","F","F","carlh101","carlh101","","F","F","F","F","F","","","","",0,6,3,0,4,6,0,0,0,23,"PHI","CHN","PHI",0,"F","T",0,2,0,10,3,"T","F",3,2,"T","T","adams101","hartg103","T","T",7,1,22,1,9,21,0,0,0,"wilsj105","wilsj105","",0,0,0,0,0,0,0,0,0,0,0,0,0,"fonsl101","T","F","F","F",0,0,0,0,0,0,0,0,0,0,F,F,"1925PHI.EVN.regular.event.csv",1260
"PHI192505130","CHN",3,1,0,0,0,"",0,2,"willc103","?","willc103","?","keenv101","?","keenv101","?","hartg103","grimc101","adams101","fribb101","mcaui101","statj101","heatc101","grift102","","","","S5/BG","T","F",9,3,20,"T","T",1,"F","F",0,"F","F",0,"F","F",5,"G","T","F","",0,0,"N",0,"N",0,"N",1,0,0,0,"","","","","F","F","F","F","F","F","F","F","F","","","","F","F","F","F","F","","","","",0,0,0,0,0,0,0,0,0,24,"PHI","PHI","CHN",1,"T","F",2,0,0,11,0,"T","F",0,1,"T","T","harpg101","holkw101","T","T",0,0,0,0,0,0,0,0,0,"","","",0,0,0,0,0,0,0,0,0,0,0,0,0,"fribb101","F","F","F","F",4,0,0,0,1,0,0,0,0,0,F,F,"1925PHI.EVN.regular.event.csv",1261
"PHI192505130","CHN",3,1,0,0,0,"",0,2,"harpg101","?","harpg101","?","keenv101","?","keenv101","?","hartg103","grimc101","adams101","fribb101","mcaui101","statj101","heatc101","grift102","willc103","","","S9/G4.1-3","F","F",8,4,20,"T","T",1,"F","F",0,"F","F",0,"F","F",9,"G","F","F","4",0,0,"N",0,"N",0,"N",1,3,0,0,"","","","","F","F","F","F","F","F","F","F","F","keenv101","","","F","F","F","F","F","","","","",0,0,0,0,0,0,0,0,0,25,"PHI","PHI","CHN",1,"F","F",2,0,0,12,1,"T","F",1,5,"T","T","holkw101","wilsj105","T","T",9,3,24,0,0,0,0,0,0,"hartg103","","",0,0,0,0,0,0,0,0,0,0,0,0,0,"grift102","F","F","F","F",0,4,0,0,1,0,0,0,0,0,F,F,"1925PHI.EVN.regular.event.csv",1262
"PHI192505130","CHN",3,1,0,0,0,"",0,2,"holkw101","?","holkw101","?","keenv101","?","keenv101","?","hartg103","grimc101","adams101","fribb101","mcaui101","statj101","heatc101","grift102","harpg101","","willc103","PO1(23)","F","F",3,5,8,"F","F",0,"F","F",1,"F","F",0,"F","F",0,"","F","F","",0,0,"N",0,"N",0,"N",0,0,0,3,"","23","","","F","F","F","F","F","F","T","F","F","keenv101","","keenv101","F","F","F","F","F","","","","",0,3,0,0,2,0,0,0,0,26,"PHI","PHI","CHN",1,"F","F",2,0,0,13,2,"T","F",5,4,"T","T","wilsj105","sandh101","T","T",8,4,25,0,0,0,9,3,24,"hartg103","","hartg103",0,0,0,0,0,0,0,0,0,0,0,0,0,"","F","F","F","F",0,0,0,4,1,0,0,0,0,0,F,F,"1925PHI.EVN.regular.event.csv",1263
"PHI192505130","CHN",3,1,1,0,0,"",0,2,"holkw101","?","holkw101","?","keenv101","?","keenv101","?","hartg103","grimc101","adams101","fribb101","mcaui101","statj101","heatc101","grift102","","","willc103","S8.3-H","F","F",3,5,20,"T","T",1,"F","F",0,"F","F",1,"F","F",8,"","F","F","",0,0,"N",0,"N",0,"N",1,0,0,4,"","","","","F","F","F","F","F","F","F","F","F","","","keenv101","F","F","F","F","F","","","","",0,0,0,0,0,0,0,0,0,27,"PHI","PHI","CHN",1,"F","F",2,0,0,13,2,"F","F",4,1,"T","T","wilsj105","sandh101","T","T",0,0,0,0,0,0,9,3,24,"","","hartg103",0,0,0,0,0,0,0,0,0,0,0,0,1,"heatc101","F","F","F","F",0,0,0,4,0,0,0,0,0,0,F,F,"1925PHI.EVN.regular.event.csv",1264
"PHI192505130","CHN",3,1,1,0,0,"",0,3,"wilsj105","?","wilsj105","?","keenv101","?","keenv101","?","hartg103","grimc101","adams101","fribb101","mcaui101","statj101","heatc101","grift102","holkw101","","","46(1)/FO","F","F",2,6,2,"T","T",0,"F","F",1,"F","F",0,"F","F",4,"G","F","F","",0,0,"N",0,"N",0,"N",1,0,0,0,"","46","","","F","F","F","F","F","F","F","F","F","keenv101","","","F","F","F","F","F","","","","",0,6,0,0,4,0,0,0,0,28,"PHI","PHI","CHN",1,"F","F",3,0,1,14,3,"T","F",1,1,"T","T","sandh101","hubec101","T","T",3,5,27,0,0,0,0,0,0,"hartg103","","",0,0,0,0,0,0,0,0,0,0,0,0,0,"adams101","T","F","F","F",0,0,0,0,0,0,0,0,0,0,F,F,"1925PHI.EVN.regular.event.csv",1265
"PHI192505130","CHN",3,1,2,0,0,"",0,3,"sandh101","?","sandh101","?","keenv101","?","keenv101","?","hartg103","grimc101","adams101","fribb101","mcaui101","statj101","heatc101","grift102","wilsj105","","","D7.1-3","F","F",6,7,21,"T","T",2,"F","F",0,"F","F",0,"F","F",7,"","F","F","",0,0,"N",0,"N",0,"N",2,3,0,0,"","","","","F","F","F","F","F","F","F","F","F","keenv101","","","F","F","F","F","F","","","","",0,0,0,0,0,0,0,0,0,29,"PHI","PHI","CHN",1,"F","F",3,0,1,15,4,"T","F",1,6,"T","T","hubec101","carlh101","T","T",2,6,28,0,0,0,0,0,0,"hartg103","","",0,0,0,0,0,0,0,0,0,0,0,0,0,"statj101","F","F","F","F",0,0,0,0,0,0,0,0,0,0,F,F,"1925PHI.EVN.regular.event.csv",1266
"PHI192505130","CHN",3,1,2,0,0,"",0,3,"hubec101","?","hubec101","?","keenv101","?","keenv101","?","hartg103","grimc101","adams101","fribb101","mcaui101","statj101","heatc101","grift102","","sandh101","wilsj105","W","F","F",5,8,14,"T","F",0,"F","F",0,"F","F",0,"F","F",0,"","F","F","",0,0,"N",0,"N",0,"N",1,0,2,3,"","","","","F","F","F","F","F","F","F","F","F","","keenv101","keenv101","F","F","F","F","F","","","","",0,0,0,0,0,0,0,0,0,30,"PHI","PHI","CHN",1,"F","F",3,0,1,16,5,"T","F",6,7,"T","T","carlh101","burng101","T","T",0,0,0,6,7,29,2,6,28,"","hartg103","hartg103",0,0,0,0,0,0,0,0,0,0,0,0,0,"","F","F","F","F",0,0,0,0,0,0,0,0,0,0,F,F,"1925PHI.EVN.regular.event.csv",1267
"PHI192505130","CHN",3,1,2,0,0,"",0,3,"carlh101","?","carlh101","?","keenv101","?","keenv101","?","hartg103","grimc101","adams101","fribb101","mcaui101","statj101","heatc101","grift102","hubec101","sandh101","wilsj105","64(1)/FO","F","F",1,9,2,"T","T",0,"F","F",1,"F","F",0,"F","F",6,"G","F","F","",0,0,"N",0,"N",0,"N",1,0,2,3,"","64","","","F","F","F","F","F","F","F","F","F","keenv101","keenv101","keenv101","F","F","F","F","F","","","","",0,4,0,0,6,0,0,0,0,31,"PHI","PHI","CHN",1,"F","T",3,0,1,17,6,"T","F",7,7,"T","T","burng101","fonsl101","T","T",5,8,30,6,7,29,2,6,28,"hartg103","hartg103","hartg103",0,0,0,0,0,0,0,0,0,0,0,0,0,"mcaui101","T","F","F","F",0,0,0,0,0,0,0,0,0,0,F,F,"1925PHI.EVN.regular.event.csv",1268
"PHI192505130","CHN",4,0,0,0,0,"",0,3,"adams101","?","adams101","?","carlh101","?","carlh101","?","wilsj105","holkw101","fonsl101","hubec101","sandh101","burng101","harpg101","willc103","","","","53","T","F",4,3,2,"T","T",0,"F","F",1,"F","F",0,"F","F",5,"G","F","F","",0,0,"N",0,"N",0,"N",0,0,0,0,"53","","","","F","F","F","F","F","F","F","F","F","","","","F","F","F","F","F","","","","",0,3,0,0,5,0,0,0,0,32,"PHI","CHN","PHI",0,"T","F",0,3,0,11,0,"T","F",0,0,"T","T","hartg103","fribb101","T","T",0,0,0,0,0,0,0,0,0,"","","",0,0,0,0,0,0,0,0,0,0,0,0,0,"hubec101","F","F","F","F",0,0,0,0,2,0,0,0,0,0,F,F,"1925PHI.EVN.regular.event.csv",1269
"PHI192505130","CHN",4,0,1,0,0,"",0,3,"hartg103","?","hartg103","?","carlh101","?","carlh101","?","wilsj105","holkw101","fonsl101","hubec101","sandh101","burng101","harpg101","willc103","","","","S6/G56","F","F",2,4,20,"T","T",1,"F","F",0,"F","F",0,"F","F",6,"G","F","F","56",0,0,"N",0,"N",0,"N",1,0,0,0,"","","","","F","F","F","F","F","F","F","F","F","","","","F","F","F","F","F","","","","",0,0,0,0,0,0,0,0,0,33,"PHI","CHN","PHI",0,"F","F",0,3,0,12,1,"T","F",0,1,"T","T","fribb101","grift102","T","T",0,0,0,0,0,0,0,0,0,"","","",0,0,0,0,0,0,0,0,0,0,0,0,0,"sandh101","F","F","F","F",4,0,0,0,2,0,0,0,0,0,F,F,"1925PHI.EVN.regular.event.csv",1270
"PHI192505130","CHN",4,0,1,0,0,"",0,3,"fribb101","?","fribb101","?","carlh101","?","carlh101","?","wilsj105","holkw101","fonsl101","hubec101","sandh101","burng101","harpg101","willc103","hartg103","","","S9.1-2","F","F",5,5,20,"T","T",1,"F","F",0,"F","F",0,"F","F",9,"","F","F","",0,0,"N",0,"N",0,"N",1,2,0,0,"","","","","F","F","F","F","F","F","F","F","F","carlh101","","","F","F","F","F","F","","","","",0,0,0,0,0,0,0,0,0,34,"PHI","CHN","PHI",0,"F","F",0,3,0,13,2,"T","F",1,3,"T","T","grift102","grimc101","T","T",2,4,33,0,0,0,0,0,0,"wilsj105","","",0,0,0,0,0,0,0,0,0,0,0,0,0,"willc103","F","F","F","F",4,4,0,0,2,0,0,0,0,0,F,F,"1925PHI.EVN.regular.event.csv",1271
"PHI192505130","CHN",4,0,1,0,0,"",0,3,"grift102","?","grift102","?","carlh101","?","carlh101","?","wilsj105","holkw101","fonsl101","hubec101","sandh101","burng101","harpg101","willc103","fribb101","hartg103","","D/89D.2-H;1-3","F","F",9,6,21,"T","T",2,"F","F",0,"F","F",1,"F","F",0,"","F","F","89D",0,0,"N",0,"N",0,"N",2,3,4,0,"","","","","F","F","F","F","F","F","F","F","F","carlh101","carlh101","","F","F","F","F","F","","","","",0,0,0,0,0,0,0,0,0,35,"PHI","CHN","PHI",0,"F","F",0,3,0,14,3,"T","F",3,6,"T","T","grimc101","mcaui101","T","T",5,5,34,2,4,33,0,0,0,"wilsj105","wilsj105","",0,0,0,0,0,0,0,0,0,0,0,0,1,"","F","F","F","F",0,4,4,0,1,0,0,0,0,0,F,F,"1925PHI.EVN.regular.event.csv",1272
"PHI192505130","CHN",4,0,1,0,0,"",1,3,"grimc101","?","grimc101","?","carlh101","?","carlh101","?","wilsj105","holkw101","fonsl101","hubec101","sandh101","burng101","harpg101","willc103","","grift102","fribb101","9/F9D/SF.3-H","F","F",3,7,2,"T","F",0,"F","T",1,"F","F",1,"F","F",9,"F","F","F","9D",0,0,"N",0,"N",0,"N",0,0,2,4,"9","","","","F","F","F","F","F","F","F","F","F","","carlh101","carlh101","F","F","F","F","F","","","","",0,9,0,0,0,0,0,0,0,36,"PHI","CHN","PHI",0,"F","F",1,3,1,15,4,"T","F",6,2,"T","T","mcaui101","keenv101","T","T",0,0,0,9,6,35,5,5,34,"","wilsj105","wilsj105",0,0,0,0,0,0,0,0,0,0,0,0,1,"willc103","F","F","F","F",0,0,0,4,0,0,0,0,0,0,F,F,"1925PHI.EVN.regular.event.csv",1273
"PHI192505130","CHN",4,0,2,0,0,"",2,3,"mcaui101","?","mcaui101","?","carlh101","?","carlh101","?","wilsj105","holkw101","fonsl101","hubec101","sandh101","burng101","harpg101","willc103","","grift102","","3/G","F","F",6,8,2,"T","T",0,"F","F",1,"F","F",0,"F","F",3,"G","F","F","",0,0,"N",0,"N",0,"N",0,0,2,0,"3","","","","F","F","F","F","F","F","F","F","F","","carlh101","","F","F","F","F","F","","","","",0,3,0,0,0,0,0,0,0,37,"PHI","CHN","PHI",0,"F","T",2,3,2,16,5,"T","F",2,2,"T","T","keenv101","statj101","T","T",0,0,0,9,6,35,0,0,0,"","wilsj105","",0,0,0,0,0,0,0,0,0,0,0,0,0,"holkw101","F","F","F","F",0,0,0,0,0,0,0,0,0,0,F,F,"1925PHI.EVN.regular.event.csv",1274
"PHI192505130","CHN",4,1,0,0,0,"",2,3,"burng101","?","burng101","?","keenv101","?","keenv101","?","hartg103","grimc101","adams101","fribb101","mcaui101","statj101","heatc101","grift102","","","","53","T","F",7,1,2,"T","T",0,"F","F",1,"F","F",0,"F","F",5,"G","F","F","",0,0,"N",0,"N",0,"N",0,0,0,0,"53","","","","F","F","F","F","F","F","F","F","F","","","","F","F","F","F","F","","","","",0,3,0,0,5,0,0,0,0,38,"PHI","PHI","CHN",1,"T","F",3,2,0,18,0,"T","F",0,0,"T","T","fonsl101","willc103","T","T",0,0,0,0,0,0,0,0,0,"","","",0,0,0,0,0,0,0,0,0,0,0,0,0,"fribb101","F","F","F","F",0,0,0,0,0,0,0,0,0,0,F,F,"1925PHI.EVN.regular.event.csv",1275
"PHI192505130","CHN",4,1,1,0,0,"",2,3,"fonsl101","?","fonsl101","?","keenv101","?","keenv101","?","hartg103","grimc101","adams101","fribb101","mcaui101","statj101","heatc101","grift102","","","","43","F","F",4,2,2,"T","T",0,"F","F",1,"F","F",0,"F","F",4,"G","F","F","",0,0,"N",0,"N",0,"N",0,0,0,0,"43","","","","F","F","F","F","F","F","F","F","F","","","","F","F","F","F","F","","","","",0,3,0,0,4,0,0,0,0,39,"PHI","PHI","CHN",1,"F","F",3,2,0,19,1,"T","F",0,0,"T","T","willc103","harpg101","T","T",0,0,0,0,0,0,0,0,0,"","","",0,0,0,0,0,0,0,0,0,0,0,0,0,"adams101","F","F","F","F",0,0,0,0,0,0,0,0,0,0,F,F,"1925PHI.EVN.regular.event.csv",1276
"PHI192505130","CHN",4,1,2,0,0,"",2,3,"willc103","?","willc103","?","keenv101","?","keenv101","?","hartg103","grimc101","adams101","fribb101","mcaui101","statj101","heatc101","grift102","","","","W","F","F",9,3,14,"T","F",0,"F","F",0,"F","F",0,"F","F",0,"","F","F","",0,0,"N",0,"N",0,"N",1,0,0,0,"","","","","F","F","F","F","F","F","F","F","F","","","","F","F","F","F","F","","","","",0,0,0,0,0,0,0,0,0,40,"PHI","PHI","CHN",1,"F","F",3,2,0,20,2,"T","F",0,1,"T","T","harpg101","holkw101","T","T",0,0,0,0,0,0,0,0,0,"","","",0,0,0,0,0,0,0,0,0,0,0,0,0,"","F","F","F","F",0,0,0,0,0,0,0,0,0,0,F,F,"1925PHI.EVN.regular.event.csv",1277
"PHI192505130","CHN",4,1,2,0,0,"",2,3,"harpg101","?","harpg101","?","keenv101","?","keenv101","?","hartg103","grimc101","adams101","fribb101","mcaui101","statj101","heatc101","grift102","willc103","","","13","F","F",8,4,2,"T","T",0,"F","F",1,"F","F",0,"F","F",1,"G","F","F","",0,0,"N",0,"N",0,"N",0,1,0,0,"13","","","","F","F","F","F","F","F","F","F","F","keenv101","","","F","F","F","F","F","","","","",0,3,0,0,1,0,0,0,0,41,"PHI","PHI","CHN",1,"F","T",3,2,0,21,3,"T","F",1,1,"T","T","holkw101","wilsj105","T","T",9,3,40,0,0,0,0,0,0,"hartg103","","",0,0,0,0,0,0,0,0,0,0,0,0,0,"keenv101","F","F","F","F",0,0,0,0,0,0,0,0,0,0,F,F,"1925PHI.EVN.regular.event.csv",1278
"PHI192505130","CHN",5,0,0,0,0,"",2,3,"keenv101","?","keenv101","?","carlh101","?","carlh101","?","wilsj105","holkw101","fonsl101","hubec101","sandh101","burng101","harpg101","willc103","","","","K","T","F",1,9,3,"T","T",0,"F","F",1,"F","F",0,"F","F",0,"","F","F","",0,0,"N",0,"N",0,"N",0,0,0,0,"2","","","","F","F","F","F","F","F","F","F","F","","","","F","F","F","F","F","","","","",0,2,0,0,0,0,0,0,0,42,"PHI","CHN","PHI",0,"T","F",2,3,0,17,0,"T","F",0,0,"T","T","statj101","heatc101","T","T",0,0,0,0,0,0,0,0,0,"","","",0,0,0,0,0,0,0,0,0,0,0,0,0,"","F","F","F","F",0,0,0,0,0,0,0,0,0,0,F,F,"1925PHI.EVN.regular.event.csv",1279
"PHI192505130","CHN",5,0,1,0,0,"",2,3,"statj101","?","statj101","?","carlh101","?","carlh101","?","wilsj105","holkw101","fonsl101","hubec101","sandh101","burng101","harpg101","willc103","","","","D/F78XD","F","F",7,1,21,"T","T",2,"F","F",0,"F","F",0,"F","F",0,"F","F","F","78XD",0,0,"N",0,"N",0,"N",2,0,0,0,"","","","","F","F","F","F","F","F","F","F","F","","","","F","F","F","F","F","","","","",0,0,0,0,0,0,0,0,0,43,"PHI","CHN","PHI",0,"F","F",2,3,0,18,1,"T","F",0,2,"T","T","heatc101","adams101","T","T",0,0,0,0,0,0,0,0,0,"","","",0,0,0,0,0,0,0,0,0,0,0,0,0,"","F","F","F","F",0,0,0,0,0,0,0,0,0,0,F,F,"1925PHI.EVN.regular.event.csv",1280
"PHI192505130","CHN",5,0,1,0,0,"",2,3,"heatc101","?","heatc101","?","carlh101","?","carlh101","?","wilsj105","holkw101","fonsl101","hubec101","sandh101","burng101","harpg101","willc103","","statj101","","43.2-3","F","F",8,2,2,"T","T",0,"F","F",1,"F","F",0,"F","F",4,"G","F","F","",0,0,"N",0,"N",0,"N",0,0,3,0,"43","","","","F","F","F","F","F","F","F","F","F","","carlh101","","F","F","F","F","F","","","","",0,3,0,0,4,0,0,0,0,44,"PHI","CHN","PHI",0,"F","F",2,3,0,19,2,"T","F",2,4,"T","T","adams101","hartg103","T","T",0,0,0,7,1,43,0,0,0,"","wilsj105","",0,0,0,0,0,0,0,0,0,0,0,0,0,"fonsl101","F","F","F","F",0,0,0,0,0,0,0,0,0,0,F,F,"1925PHI.EVN.regular.event.csv",1281
"PHI192505130","CHN",5,0,2,0,0,"",2,3,"adams101","?","adams101","?","carlh101","?","carlh101","?","wilsj105","holkw101","fonsl101","hubec101","sandh101","burng101","harpg101","willc103","","","statj101","53","F","F",4,3,2,"T","T",0,"F","F",1,"F","F",0,"F","F",5,"G","F","F","",0,0,"N",0,"N",0,"N",0,0,0,3,"53","","","","F","F","F","F","F","F","F","F","F","","","carlh101","F","F","F","F","F","","","","",0,3,0,0,5,0,0,0,0,45,"PHI","CHN","PHI",0,"F","T",2,3,0,20,3,"T","F",4,4,"T","T","hartg103","fribb101","T","T",0,0,0,0,0,0,7,1,43,"","","wilsj105",0,0,0,0,0,0,0,0,0,0,0,0,0,"hubec101","F","F","F","F",0,0,0,0,0,0,0,0,0,0,F,F,"1925PHI.EVN.regular.event.csv",1282
"PHI192505130","CHN",5,1,0,0,0,"",2,3,"holkw101","?","holkw101","?","keenv101","?","keenv101","?","hartg103","grimc101","adams101","fribb101","mcaui101","statj101","heatc101","grift102","","","","7/F","T","F",3,5,2,"T","T",0,"F","F",1,"F","F",0,"F","F",7,"F","F","F","",0,0,"N",0,"N",0,"N",0,0,0,0,"7","","","","F","F","F","F","F","F","F","F","F","","","","F","F","F","F","F","","","","",0,7,0,0,0,0,0,0,0,46,"PHI","PHI","CHN",1,"T","F",3,2,0,22,0,"T","F",0,0,"T","T","wilsj105","sandh101","T","T",0,0,0,0,0,0,0,0,0,"","","",0,0,0,0,0,0,0,0,0,0,0,0,0,"statj101","F","F","F","F",0,0,0,0,1,0,0,0,0,0,F,F,"1925PHI.EVN.regular.event.csv",1283
"PHI192505130","CHN",5,1,1,0,0,"",2,3,"wilsj105","?","wilsj105","?","keenv101","?","keenv101","?","hartg103","grimc101","adams101","fribb101","mcaui101","statj101","heatc101","grift102","","","","D/89","F","F",2,6,21,"T","T",2,"F","F",0,"F","F",0,"F","F",0,"","F","F","89",0,0,"N",0,"N",0,"N",2,0,0,0,"","","","","F","F","F","F","F","F","F","F","F","","","","F","F","F","F","F","","","","",0,0,0,0,0,0,0,0,0,47,"PHI","PHI","CHN",1,"F","F",3,2,0,23,1,"T","F",0,2,"T","T","sandh101","hubec101","T","T",0,0,0,0,0,0,0,0,0,"","","",0,0,0,0,0,0,0,0,0,0,0,0,0,"","F","F","F","F",4,0,0,0,1,0,0,0,0,0,F,F,"1925PHI.EVN.regular.event.csv",1284
"PHI192505130","CHN",5,1,1,0,0,"",2,3,"sandh101","?","sandh101","?","keenv101","?","keenv101","?","hartg103","grimc101","adams101","fribb101","mcaui101","statj101","heatc101","grift102","","wilsj105","","6/P","F","F",6,7,2,"T","T",0,"F","F",1,"F","F",0,"F","F",6,"P","F","F","",0,0,"N",0,"N",0,"N",0,0,2,0,"6","","","","F","F","F","F","F","F","F","F","F","","keenv101","","F","F","F","F","F","","","","",0,6,0,0,0,0,0,0,0,48,"PHI","PHI","CHN",1,"F","F",3,2,0,24,2,"T","F",2,2,"T","T","hubec101","carlh101","T","T",0,0,0,2,6,47,0,0,0,"","hartg103","",0,0,0,0,0,0,0,0,0,0,0,0,0,"mcaui101","F","F","F","F",0,0,4,0,1,0,0,0,0,0,F,F,"1925PHI.EVN.regular.event.csv",1285
"PHI192505130","CHN",5,1,2,0,0,"",2,3,"hubec101","?","hubec101","?","keenv101","?","keenv101","?","hartg103","grimc101","adams101","fribb101","mcaui101","statj101","heatc101","grift102","","wilsj105","","D9/9DW.2-H","F","F",5,8,21,"T","T",2,"F","F",0,"F","F",1,"F","F",9,"","F","F","9DW",0,0,"N",0,"N",0,"N",2,0,4,0,"","","","","F","F","F","F","F","F","F","F","F","","keenv101","","F","F","F","F","F","","","","",0,0,0,0,0,0,0,0,0,49,"PHI","PHI","CHN",1,"F","F",3,2,0,25,3,"T","F",2,2,"T","T","carlh101","burng101","T","T",0,0,0,2,6,47,0,0,0,"","hartg103","",0,0,0,0,0,0,0,0,0,0,0,0,1,"grift102","F","F","F","F",0,0,4,0,0,0,0,0,0,0,F,F,"1925PHI.EVN.regular.event.csv",1286
"PHI192505130","CHN",5,1,2,0,0,"",2,4,"carlh101","?","carlh101","?","keenv101","?","keenv101","?","hartg103","grimc101","adams101","fribb101","mcaui101","statj101","heatc101","grift102","","hubec101","","53","F","F",1,9,2,"T","T",0,"F","F",1,"F","F",0,"F","F",5,"G","F","F","",0,0,"N",0,"N",0,"N",0,0,2,0,"53","","","","F","F","F","F","F","F","F","F","F","","keenv101","","F","F","F","F","F","","","","",0,3,0,0,5,0,0,0,0,50,"PHI","PHI","CHN",1,"F","T",4,2,1,26,4,"T","F",2,2,"T","T","burng101","fonsl101","T","T",0,0,0,5,8,49,0,0,0,"","hartg103","",0,0,0,0,0,0,0,0,0,0,0,0,0,"fribb101","F","F","F","F",0,0,0,0,0,0,0,0,0,0,F,F,"1925PHI.EVN.regular.event.csv",1287
"PHI192505130","CHN",6,0,0,0,0,"",2,4,"hartg103","?","hartg103","?","carlh101","?","carlh101","?","wilsj105","holkw101","fonsl101","hubec101","sandh101","burng101","harpg101","willc103","","","","HR/L8XD+","T","F",2,4,23,"T","T",4,"F","F",0,"F","F",1,"F","F",0,"L","F","F","8XD",0,0,"N",0,"N",0,"N",4,0,0,0,"","","","","F","F","F","F","F","F","F","F","F","","","","F","F","F","F","F","","","","",0,0,0,0,0,0,0,0,0,51,"PHI","CHN","PHI",0,"T","F",2,4,0,21,0,"T","F",0,0,"T","T","fribb101","grift102","T","T",0,0,0,0,0,0,0,0,0,"","","",0,0,0,0,0,0,0,0,0,0,0,0,1,"","F","F","F","F",4,0,0,0,1,0,0,0,0,0,F,F,"1925PHI.EVN.regular.event.csv",1288
"PHI192505130","CHN",6,0,0,0,0,"",3,4,"fribb101","?","fribb101","?","carlh101","?","carlh101","?","wilsj105","holkw101","fonsl101","hubec101","sandh101","burng101","harpg101","willc103","","","","43","F","F",5,5,2,"T","T",0,"F","F",1,"F","F",0,"F","F",4,"G","F","F","",0,0,"N",0,"N",0,"N",0,0,0,0,"43","","","","F","F","F","F","F","F","F","F","F","","","","F","F","F","F","F","","","","",0,3,0,0,4,0,0,0,0,52,"PHI","CHN","PHI",0,"F","F",3,4,1,22,1,"T","F",0,0,"T","T","grift102","grimc101","T","T",0,0,0,0,0,0,0,0,0,"","","",0,0,0,0,0,0,0,0,0,0,0,0,0,"fonsl101","F","F","F","F",0,0,0,0,1,0,0,0,0,0,F,F,"1925PHI.EVN.regular.event.csv",1289
"PHI192505130","CHN",6,0,1,0,0,"",3,4,"grift102","?","grift102","?","carlh101","?","carlh101","?","wilsj105","holkw101","fonsl101","hubec101","sandh101","burng101","harpg101","willc103","","","","HR/F9D","F","F",9,6,23,"T","T",4,"F","F",0,"F","F",1,"F","F",0,"F","F","F","9D",0,0,"N",0,"N",0,"N",4,0,0,0,"","","","","F","F","F","F","F","F","F","F","F","","","","F","F","F","F","F","","","","",0,0,0,0,0,0,0,0,0,53,"PHI","CHN","PHI",0,"F","F",3,4,1,23,2,"T","F",0,0,"T","T","grimc101","mcaui101","T","T",0,0,0,0,0,0,0,0,0,"","","",0,0,0,0,0,0,0,0,0,0,0,0,1,"","F","F","F","F",4,0,0,0,0,0,0,0,0,0,F,F,"1925PHI.EVN.regular.event.csv",1290
"PHI192505130","CHN",6,0,1,0,0,"",4,4,"grimc101","?","grimc101","?","carlh101","?","carlh101","?","wilsj105","holkw101","fonsl101","hubec101","sandh101","burng101","harpg101","willc103","","","","4/P","F","F",3,7,2,"T","T",0,"F","F",1,"F","F",0,"F","F",4,"P","F","F","",0,0,"N",0,"N",0,"N",0,0,0,0,"4","","","","F","F","F","F","F","F","F","F","F","","","","F","F","F","F","F","","","","",0,4,0,0,0,0,0,0,0,54,"PHI","CHN","PHI",0,"F","F",4,4,2,24,3,"T","F",0,0,"T","T","mcaui101","keenv101","T","T",0,0,0,0,0,0,0,0,0,"","","",0,0,0,0,0,0,0,0,0,0,0,0,0,"fonsl101","F","F","F","F",0,0,0,0,0,0,0,0,0,0,F,F,"1925PHI.EVN.regular.event.csv",1291
"PHI192505130","CHN",6,0,2,0,0,"",4,4,"mcaui101","?","mcaui101","?","carlh101","?","carlh101","?","wilsj105","holkw101","fonsl101","hubec101","sandh101","burng101","harpg101","willc103","","","","D8","F","F",6,8,21,"T","T",2,"F","F",0,"F","F",0,"F","F",8,"","F","F","",0,0,"N",0,"N",0,"N",2,0,0,0,"","","","","F","F","F","F","F","F","F","F","F","","","","F","F","F","F","F","","","","",0,0,0,0,0,0,0,0,0,55,"PHI","CHN","PHI",0,"F","F",4,4,2,25,4,"T","F",0,2,"T","T","keenv101","statj101","T","T",0,0,0,0,0,0,0,0,0,"","","",0,0,0,0,0,0,0,0,0,0,0,0,0,"harpg101","F","F","F","F",0,0,0,0,0,0,0,0,0,0,F,F,"1925PHI.EVN.regular.event.csv",1292
"PHI192505130","CHN",6,0,2,0,0,"",4,4,"keenv101","?","keenv101","?","carlh101","?","carlh101","?","wilsj105","holkw101","fonsl101","hubec101","sandh101","burng101","harpg101","willc103","","mcaui101","","13","F","F",1,9,2,"T","T",0,"F","F",1,"F","F",0,"F","F",1,"G","F","F","",0,0,"N",0,"N",0,"N",0,0,2,0,"13","","","","F","F","F","F","F","F","F","F","F","","carlh101","","F","F","F","F","F","","","","",0,3,0,0,1,0,0,0,0,56,"PHI","CHN","PHI",0,"F","T",4,4,2,26,5,"T","F",2,2,"T","T","statj101","heatc101","T","T",0,0,0,6,8,55,0,0,0,"","wilsj105","",0,0,0,0,0,0,0,0,0,0,0,0,0,"carlh101","F","F","F","F",0,0,0,0,0,0,0,0,0,0,F,F,"1925PHI.EVN.regular.event.csv",1293
"PHI192505130","CHN",6,1,0,0,0,"",4,4,"burng101","?","burng101","?","keenv101","?","keenv101","?","hartg103","grimc101","adams101","fribb101","mcaui101","statj101","heatc101","grift102","","","","7/F7D","T","F",7,1,2,"T","T",0,"F","F",1,"F","F",0,"F","F",7,"F","F","F","7D",0,0,"N",0,"N",0,"N",0,0,0,0,"7","","","","F","F","F","F","F","F","F","F","F","","","","F","F","F","F","F","","","","",0,7,0,0,0,0,0,0,0,57,"PHI","PHI","CHN",1,"T","F",4,4,0,27,0,"T","F",0,0,"T","T","fonsl101","willc103","T","T",0,0,0,0,0,0,0,0,0,"","","",0,0,0,0,0,0,0,0,0,0,0,0,0,"statj101","F","F","F","F",0,0,0,0,0,0,0,0,0,0,F,F,"1925PHI.EVN.regular.event.csv",1294
"PHI192505130","CHN",6,1,1,0,0,"",4,4,"fonsl101","?","fonsl101","?","keenv101","?","keenv101","?","hartg103","grimc101","adams101","fribb101","mcaui101","statj101","heatc101","grift102","","","","K/C","F","F",4,2,3,"T","T",0,"F","F",1,"F","F",0,"F","F",0,"","F","F","",0,0,"N",0,"N",0,"N",0,0,0,0,"2","","","","F","F","F","F","F","F","F","F","F","","","","F","F","F","F","F","","","","",0,2,0,0,0,0,0,0,0,58,"PHI","PHI","CHN",1,"F","F",4,4,0,28,1,"T","F",0,0,"T","T","willc103","harpg101","T","T",0,0,0,0,0,0,0,0,0,"","","",0,0,0,0,0,0,0,0,0,0,0,0,0,"","F","F","F","F",0,0,0,0,0,0,0,0,0,0,F,F,"1925PHI.EVN.regular.event.csv",1295
"PHI192505130","CHN",6,1,2,0,0,"",4,4,"willc103","?","willc103","?","keenv101","?","keenv101","?","hartg103","grimc101","adams101","fribb101","mcaui101","statj101","heatc101","grift102","","","","W","F","F",9,3,14,"T","F",0,"F","F",0,"F","F",0,"F","F",0,"","F","F","",0,0,"N",0,"N",0,"N",1,0,0,0,"","","","","F","F","F","F","F","F","F","F","F","","","","F","F","F","F","F","","","","",0,0,0,0,0,0,0,0,0,59,"PHI","PHI","CHN",1,"F","F",4,4,0,29,2,"T","F",0,1,"T","T","harpg101","holkw101","T","T",0,0,0,0,0,0,0,0,0,"","","",0,0,0,0,0,0,0,0,0,0,0,0,0,"","F","F","F","F",0,0,0,0,0,0,0,0,0,0,F,F,"1925PHI.EVN.regular.event.csv",1296
"PHI192505130","CHN",6,1,2,0,0,"",4,4,"harpg101","?","harpg101","?","keenv101","?","keenv101","?","hartg103","grimc101","adams101","fribb101","mcaui101","statj101","heatc101","grift102","willc103","","","W.1-2","F","F",8,4,14,"T","F",0,"F","F",0,"F","F",0,"F","F",0,"","F","F","",0,0,"N",0,"N",0,"N",1,2,0,0,"","","","","F","F","F","F","F","F","F","F","F","keenv101","","","F","F","F","F","F","","","","",0,0,0,0,0,0,0,0,0,60,"PHI","PHI","CHN",1,"F","F",4,4,0,30,3,"T","F",1,3,"T","T","holkw101","wilsj105","T","T",9,3,59,0,0,0,0,0,0,"hartg103","","",0,0,0,0,0,0,0,0,0,0,0,0,0,"","F","F","F","F",0,0,0,0,0,0,0,0,0,0,F,F,"1925PHI.EVN.regular.event.csv",1297
"PHI192505130","CHN",6,1,2,0,0,"",4,4,"holkw101","?","holkw101","?","keenv101","?","keenv101","?","hartg103","grimc101","adams101","fribb101","mcaui101","statj101","heatc101","grift102","harpg101","willc103","","13","F","F",3,5,2,"T","T",0,"F","F",1,"F","F",0,"F","F",1,"G","F","F","",0,0,"N",0,"N",0,"N",0,1,2,0,"13","","","","F","F","F","F","F","F","F","F","F","keenv101","keenv101","","F","F","F","F","F","","","","",0,3,0,0,1,0,0,0,0,61,"PHI","PHI","CHN",1,"F","T",4,4,0,31,4,"T","F",3,3,"T","T","wilsj105","sandh101","T","T",8,4,60,9,3,59,0,0,0,"hartg103","hartg103","",0,0,0,0,0,0,0,0,0,0,0,0,0,"keenv101","F","F","F","F",0,0,0,0,0,0,0,0,0,0,F,F,"1925PHI.EVN.regular.event.csv",1298
"PHI192505130","CHN",7,0,0,0,0,"",4,4,"statj101","?","statj101","?","carlh101","?","carlh101","?","wilsj105","holkw101","fonsl101","hubec101","sandh101","burng101","harpg101","willc103","","","","8/F","T","F",7,1,2,"T","T",0,"F","F",1,"F","F",0,"F","F",8,"F","F","F","",0,0,"N",0,"N",0,"N",0,0,0,0,"8","","","","F","F","F","F","F","F","F","F","F","","","","F","F","F","F","F","","","","",0,8,0,0,0,0,0,0,0,62,"PHI","CHN","PHI",0,"T","F",4,4,0,27,0,"T","F",0,0,"T","T","heatc101","adams101","T","T",0,0,0,0,0,0,0,0,0,"","","",0,0,0,0,0,0,0,0,0,0,0,0,0,"harpg101","F","F","F","F",0,0,0,0,0,0,0,0,0,0,F,F,"1925PHI.EVN.regular.event.csv",1299
"PHI192505130","CHN",7,0,1,0,0,"",4,4,"heatc101","?","heatc101","?","carlh101","?","carlh101","?","wilsj105","holkw101","fonsl101","hubec101","sandh101","burng101","harpg101","willc103","","","","9/F","F","F",8,2,2,"T","T",0,"F","F",1,"F","F",0,"F","F",9,"F","F","F","",0,0,"N",0,"N",0,"N",0,0,0,0,"9","","","","F","F","F","F","F","F","F","F","F","","","","F","F","F","F","F","","","","",0,9,0,0,0,0,0,0,0,63,"PHI","CHN","PHI",0,"F","F",4,4,0,28,1,"T","F",0,0,"T","T","adams101","hartg103","T","T",0,0,0,0,0,0,0,0,0,"","","",0,0,0,0,0,0,0,0,0,0,0,0,0,"willc103","F","F","F","F",0,0,0,0,0,0,0,0,0,0,F,F,"1925PHI.EVN.regular.event.csv",1300
"PHI192505130","CHN",7,0,2,0,0,"",4,4,"adams101","?","adams101","?","carlh101","?","carlh101","?","wilsj105","holkw101","fonsl101","hubec101","sandh101","burng101","harpg101","willc103","","","","S6/G","F","F",4,3,20,"T","T",1,"F","F",0,"F","F",0,"F","F",6,"G","F","F","",0,0,"N",0,"N",0,"N",1,0,0,0,"","","","","F","F","F","F","F","F","F","F","F","","","","F","F","F","F","F","","","","",0,0,0,0,0,0,0,0,0,64,"PHI","CHN","PHI",0,"F","F",4,4,0,29,2,"T","F",0,1,"T","T","hartg103","fribb101","T","T",0,0,0,0,0,0,0,0,0,"","","",0,0,0,0,0,0,0,0,0,0,0,0,0,"sandh101","F","F","F","F",0,0,0,0,0,0,0,0,0,0,F,F,"1925PHI.EVN.regular.event.csv",1301
"PHI192505130","CHN",7,0,2,0,0,"",4,4,"hartg103","?","hartg103","?","carlh101","?","carlh101","?","wilsj105","holkw101","fonsl101","hubec101","sandh101","burng101","harpg101","willc103","adams101","","","46(1)/FO","F","F",2,4,2,"T","T",0,"F","F",1,"F","F",0,"F","F",4,"G","F","F","",0,0,"N",0,"N",0,"N",1,0,0,0,"","46","","","F","F","F","F","F","F","F","F","F","carlh101","","","F","F","F","F","F","","","","",0,6,0,0,4,0,0,0,0,65,"PHI","CHN","PHI",0,"F","T",4,4,0,30,3,"T","F",1,1,"T","T","fribb101","grift102","T","T",4,3,64,0,0,0,0,0,0,"wilsj105","","",0,0,0,0,0,0,0,0,0,0,0,0,0,"fonsl101","T","F","F","F",0,0,0,0,0,0,0,0,0,0,F,F,"1925PHI.EVN.regular.event.csv",1302
"PHI192505130","CHN",7,1,0,0,0,"",4,4,"wilsj105","?","wilsj105","?","keenv101","?","keenv101","?","hartg103","grimc101","adams101","fribb101","mcaui101","statj101","heatc101","grift102","","","","S8","T","F",2,6,20,"T","T",1,"F","F",0,"F","F",0,"F","F",8,"","F","F","",0,0,"N",0,"N",0,"N",1,0,0,0,"","","","","F","F","F","F","F","F","F","F","F","","","","F","F","F","F","F","","","","",0,0,0,0,0,0,0,0,0,66,"PHI","PHI","CHN",1,"T","F",4,4,0,32,0,"T","F",0,1,"T","T","sandh101","hubec101","T","T",0,0,0,0,0,0,0,0,0,"","","",0,0,0,0,0,0,0,0,0,0,0,0,0,"heatc101","F","F","F","F",0,0,0,0,0,0,0,0,0,0,F,F,"1925PHI.EVN.regular.event.csv",1303
"PHI192505130","CHN",7,1,0,0,0,"",4,4,"sandh101","?","sandh101","?","keenv101","?","keenv101","?","hartg103","grimc101","adams101","fribb101","mcaui101","statj101","heatc101","grift102","wilsj105","","","FC5.1X2(5E4);B-1","F","F",6,7,19,"T","T",0,"F","F",0,"F","F",0,"F","F",5,"G","F","F","",1,4,"D",0,"N",0,"N",1,2,0,0,"","5E4","","","F","F","F","F","F","F","F","F","F","keenv101","","","F","F","F","F","F","","","","",0,0,0,0,5,0,0,0,0,67,"PHI","PHI","CHN",1,"F","F",4,4,0,33,1,"T","F",1,3,"T","T","hubec101","carlh101","T","T",2,6,66,0,0,0,0,0,0,"hartg103","","",0,0,0,0,0,0,0,0,0,0,0,0,0,"fribb101","F","F","F","F",0,0,0,0,0,0,0,0,0,0,F,F,"1925PHI.EVN.regular.event.csv",1304
"PHI192505130","CHN",7,1,0,0,0,"",4,4,"hubec101","?","hubec101","?","keenv101","?","keenv101","?","hartg103","grimc101","adams101","fribb101","mcaui101","statj101","heatc101","grift102","sandh101","wilsj105","","9/F","F","F",5,8,2,"T","T",0,"F","F",1,"F","F",0,"F","F",9,"F","F","F","",0,0,"N",0,"N",0,"N",0,1,2,0,"9","","","","F","F","F","F","F","F","F","F","F","keenv101","keenv101","","F","F","F","F","F","","","","",0,9,0,0,0,0,0,0,0,68,"PHI","PHI","CHN",1,"F","F",4,4,0,34,2,"T","F",3,3,"T","T","carlh101","burng101","T","T",6,7,67,2,6,66,0,0,0,"hartg103","hartg103","",0,0,0,0,0,0,0,0,0,0,0,0,0,"grift102","F","F","F","F",0,0,0,0,0,0,0,0,0,0,F,F,"1925PHI.EVN.regular.event.csv",1305
"PHI192505130","CHN",7,1,1,0,0,"",4,4,"carlh101","?","carlh101","?","keenv101","?","keenv101","?","hartg103","grimc101","adams101","fribb101","mcaui101","statj101","heatc101","grift102","sandh101","wilsj105","","46(1)3/GDP","F","F",1,9,2,"T","T",0,"F","F",2,"T","F",0,"F","F",4,"G","F","F","",0,0,"N",0,"N",0,"N",0,0,2,0,"63","46","","","F","F","F","F","F","F","F","F","F","keenv101","keenv101","","F","F","F","F","F","","","","",0,6,3,0,4,6,0,0,0,69,"PHI","PHI","CHN",1,"F","T",4,4,0,35,3,"T","F",3,2,"T","T","burng101","fonsl101","T","T",6,7,67,2,6,66,0,0,0,"hartg103","hartg103","",0,0,0,0,0,0,0,0,0,0,0,0,0,"adams101","T","F","F","F",0,0,0,0,0,0,0,0,0,0,F,F,"1925PHI.EVN.regular.event.csv",1306
"PHI192505130","CHN",8,0,0,0,0,"",4,4,"fribb101","?","fribb101","?","carlh101","?","carlh101","?","wilsj105","holkw101","fonsl101","hubec101","sandh101","burng101","harpg101","willc103","","","","HR/F7D","T","F",5,5,23,"T","T",4,"F","F",0,"F","F",1,"F","F",0,"F","F","F","7D",0,0,"N",0,"N",0,"N",4,0,0,0,"","","","","F","F","F","F","F","F","F","F","F","","","","F","F","F","F","F","","","","",0,0,0,0,0,0,0,0,0,70,"PHI","CHN","PHI",0,"T","F",4,4,0,31,0,"T","F",0,0,"T","T","grift102","grimc101","T","T",0,0,0,0,0,0,0,0,0,"","","",0,0,0,0,0,0,0,0,0,0,0,0,1,"","F","F","F","F",4,0,0,0,0,0,0,0,0,0,F,F,"1925PHI.EVN.regular.event.csv",1307
"PHI192505130","CHN",8,0,0,0,0,"",5,4,"grift102","?","grift102","?","carlh101","?","carlh101","?","wilsj105","holkw101","fonsl101","hubec101","sandh101","burng101","harpg101","willc103","","","","5/P","F","F",9,6,2,"T","T",0,"F","F",1,"F","F",0,"F","F",5,"P","F","F","",0,0,"N",0,"N",0,"N",0,0,0,0,"5","","","","F","F","F","F","F","F","F","F","F","","","","F","F","F","F","F","","","","",0,5,0,0,0,0,0,0,0,71,"PHI","CHN","PHI",0,"F","F",5,4,1,32,1,"T","F",0,0,"T","T","grimc101","mcaui101","T","T",0,0,0,0,0,0,0,0,0,"","","",0,0,0,0,0,0,0,0,0,0,0,0,0,"hubec101","F","F","F","F",0,0,0,0,0,0,0,0,0,0,F,F,"1925PHI.EVN.regular.event.csv",1308
"PHI192505130","CHN",8,0,1,0,0,"",5,4,"grimc101","?","grimc101","?","carlh101","?","carlh101","?","wilsj105","holkw101","fonsl101","hubec101","sandh101","burng101","harpg101","willc103","","","","7/F","F","F",3,7,2,"T","T",0,"F","F",1,"F","F",0,"F","F",7,"F","F","F","",0,0,"N",0,"N",0,"N",0,0,0,0,"7","","","","F","F","F","F","F","F","F","F","F","","","","F","F","F","F","F","","","","",0,7,0,0,0,0,0,0,0,72,"PHI","CHN","PHI",0,"F","F",5,4,1,33,2,"T","F",0,0,"T","T","mcaui101","keenv101","T","T",0,0,0,0,0,0,0,0,0,"","","",0,0,0,0,0,0,0,0,0,0,0,0,0,"burng101","F","F","F","F",0,0,0,0,0,0,0,0,0,0,F,F,"1925PHI.EVN.regular.event.csv",1309
"PHI192505130","CHN",8,0,2,0,0,"",5,4,"mcaui101","?","mcaui101","?","carlh101","?","carlh101","?","wilsj105","holkw101","fonsl101","hubec101","sandh101","burng101","harpg101","willc103","","","","K23","F","F",6,8,3,"T","T",0,"F","F",1,"F","F",0,"F","F",0,"","F","F","",0,0,"N",0,"N",0,"N",0,0,0,0,"23","","","","F","F","F","F","F","F","F","F","F","","","","F","F","F","F","F","","","","",0,3,0,0,2,0,0,0,0,73,"PHI","CHN","PHI",0,"F","T",5,4,1,34,3,"T","F",0,0,"T","T","keenv101","statj101","T","T",0,0,0,0,0,0,0,0,0,"","","",0,0,0,0,0,0,0,0,0,0,0,0,0,"","F","F","F","F",0,0,0,0,0,0,0,0,0,0,F,F,"1925PHI.EVN.regular.event.csv",1310
"PHI192505130","CHN",8,1,0,0,0,"X",5,4,"burng101","?","burng101","?","keenv101","?","keenv101","?","hartg103","grimc101","adams101","fribb101","mcaui101","statj101","heatc101","grift102","","","","S8","T","F",7,1,20,"T","T",1,"F","F",0,"F","F",0,"F","F",8,"","F","F","",0,0,"N",0,"N",0,"N",1,0,0,0,"","","","","F","F","F","F","F","F","F","F","F","","","","F","F","F","F","F","","","","",0,0,0,0,0,0,0,0,0,74,"PHI","PHI","CHN",1,"T","F",4,5,0,36,0,"T","F",0,1,"T","T","fonsl101","willc103","T","T",0,0,0,0,0,0,0,0,0,"","","",0,0,0,0,0,0,1,0,0,0,1,0,0,"heatc101","F","F","F","F",0,0,0,0,2,0,0,0,0,0,F,F,"1925PHI.EVN.regular.event.csv",1311
"PHI192505130","CHN",8,1,0,0,0,"",5,4,"fonsl101","?","fonsl101","?","keenv101","?","keenv101","?","hartg103","grimc101","adams101","fribb101","mcaui101","statj101","heatc101","grift102","burng101","","","16(1)/FO.B-2(E6/TH1)","F","F",4,2,2,"T","T",0,"F","F",1,"F","F",0,"F","F",1,"G","F","F","",1,6,"T",0,"N",0,"N",2,0,0,0,"","16","","","F","F","F","F","F","F","F","F","F","keenv101","","","F","F","F","F","F","","","","",0,6,0,0,1,0,0,0,0,75,"PHI","PHI","CHN",1,"F","F",4,5,0,37,1,"T","F",1,2,"T","T","willc103","harpg101","T","T",7,1,74,0,0,0,0,0,0,"hartg103","","",0,0,0,0,0,0,0,0,0,0,0,0,0,"keenv101","T","F","F","F",4,0,0,0,2,0,0,0,0,0,F,F,"1925PHI.EVN.regular.event.csv",1312
"PHI192505130","CHN",8,1,1,0,0,"",5,4,"willc103","?","willc103","?","keenv101","?","keenv101","?","hartg103","grimc101","adams101","fribb101","mcaui101","statj101","heatc101","grift102","","fonsl101","","S7/P5D.2-H","F","F",9,3,20,"T","T",1,"F","F",0,"F","F",1,"F","F",7,"P","F","F","5D",0,0,"N",0,"N",0,"N",1,0,4,0,"","","","","F","F","F","F","F","F","F","F","F","","keenv101","","F","F","F","F","F","","","","",0,0,0,0,0,0,0,0,0,76,"PHI","PHI","CHN",1,"F","F",4,5,0,38,2,"T","F",2,1,"T","T","harpg101","holkw101","T","T",0,0,0,4,2,75,0,0,0,"","hartg103","",0,0,0,0,0,0,0,0,0,0,0,0,1,"statj101","F","F","F","F",4,0,4,0,1,0,0,0,0,0,F,F,"1925PHI.EVN.regular.event.csv",1313
"PHI192505130","CHN",8,1,1,0,0,"",5,5,"harpg101","?","harpg101","?","keenv101","?","keenv101","?","hartg103","grimc101","adams101","fribb101","mcaui101","statj101","heatc101","grift102","willc103","","","D7/7L.1-H","F","F",8,4,21,"T","T",2,"F","F",0,"F","F",1,"F","F",7,"","F","F","7L",0,0,"N",0,"N",0,"N",2,4,0,0,"","","","","F","F","F","F","F","F","F","F","F","keenv101","","","F","F","F","F","F","","","","",0,0,0,0,0,0,0,0,0,77,"PHI","PHI","CHN",1,"F","F",5,5,1,39,3,"T","F",1,2,"T","T","holkw101","wilsj105","T","T",9,3,76,0,0,0,0,0,0,"hartg103","","",0,0,0,0,0,0,0,0,0,0,0,0,1,"statj101","F","F","F","F",3,4,0,0,0,0,0,0,0,0,F,F,"1925PHI.EVN.regular.event.csv",1314
"PHI192505130","CHN",8,1,1,0,0,"",5,6,"holkw101","?","holkw101","?","bushg101","?","bushg101","?","hartg103","grimc101","adams101","fribb101","mcaui101","statj101","heatc101","grift102","","harpg101","","43.2-3","F","F",3,5,2,"T","T",0,"F","F",1,"F","F",0,"F","F",4,"G","F","F","",0,0,"N",0,"N",0,"N",0,0,3,0,"43","","","","F","F","F","F","F","F","F","F","F","","keenv101","","F","F","F","F","F","","","","",0,3,0,0,4,0,0,0,0,78,"PHI","PHI","CHN",1,"F","F",6,5,2,40,4,"T","F",2,4,"T","T","wilsj105","sandh101","F","F",0,0,0,8,4,77,0,0,0,"","hartg103","",0,0,0,0,0,0,0,0,0,0,0,0,0,"adams101","F","F","F","F",0,0,3,0,0,0,0,0,0,0,F,F,"1925PHI.EVN.regular.event.csv",1315
"PHI192505130","CHN",8,1,2,0,0,"",5,6,"wilsj105","?","wilsj105","?","bushg101","?","bushg101","?","hartg103","grimc101","adams101","fribb101","mcaui101","statj101","heatc101","grift102","","","harpg101","43","F","F",2,6,2,"T","T",0,"F","F",1,"F","F",0,"F","F",4,"G","F","F","",0,0,"N",0,"N",0,"N",0,0,0,3,"43","","","","F","F","F","F","F","F","F","F","F","","","keenv101","F","F","F","F","F","","","","",0,3,0,0,4,0,0,0,0,79,"PHI","PHI","CHN",1,"F","T",6,5,2,41,5,"T","F",4,4,"T","T","sandh101","hubec101","F","F",0,0,0,0,0,0,8,4,77,"","","hartg103",0,0,0,0,0,0,0,0,0,0,0,0,0,"adams101","F","F","F","F",0,0,0,3,0,0,0,0,0,0,F,F,"1925PHI.EVN.regular.event.csv",1316
"PHI192505130","CHN",9,0,0,0,0,"",5,6,"ofarb101","?","ofarb101","?","carlh101","?","carlh101","?","wilsj105","holkw101","fonsl101","hubec101","sandh101","burng101","harpg101","willc103","","","","K/C","T","T",11,9,3,"T","T",0,"F","F",1,"F","F",0,"F","F",0,"","F","F","",0,0,"N",0,"N",0,"N",0,0,0,0,"2","","","","F","F","F","F","F","F","F","F","F","","","","F","F","F","F","F","","","","bushg101",1,2,0,0,0,0,0,0,0,80,"PHI","CHN","PHI",0,"T","F",5,6,0,35,0,"T","F",0,0,"F","F","statj101","heatc101","T","T",0,0,0,0,0,0,0,0,0,"","","",0,0,0,0,0,0,0,0,0,0,0,0,0,"","F","F","F","F",0,0,0,0,0,0,0,0,0,0,F,F,"1925PHI.EVN.regular.event.csv",1317
"PHI192505130","CHN",9,0,1,0,0,"",5,6,"statj101","?","statj101","?","carlh101","?","carlh101","?","wilsj105","holkw101","fonsl101","hubec101","sandh101","burng101","harpg101","willc103","","","","9/F","F","F",7,1,2,"T","T",0,"F","F",1,"F","F",0,"F","F",9,"F","F","F","",0,0,"N",0,"N",0,"N",0,0,0,0,"9","","","","F","F","F","F","F","F","F","F","F","","","","F","F","F","F","F","","","","",0,9,0,0,0,0,0,0,0,81,"PHI","CHN","PHI",0,"F","F",5,6,0,36,1,"T","F",0,0,"T","T","heatc101","adams101","T","T",0,0,0,0,0,0,0,0,0,"","","",0,0,0,0,0,0,0,0,0,0,0,0,0,"willc103","F","F","F","F",0,0,0,0,0,0,0,0,0,0,F,F,"1925PHI.EVN.regular.event.csv",1318
"PHI192505130","CHN",9,0,2,0,0,"",5,6,"heatc101","?","heatc101","?","carlh101","?","carlh101","?","wilsj105","holkw101","fonsl101","hubec101","sandh101","burng101","harpg101","willc103","","","","D8/F89XDW","F","F",8,2,21,"T","T",2,"F","F",0,"F","F",0,"F","F",8,"F","F","F","89XDW",0,0,"N",0,"N",0,"N",2,0,0,0,"","","","","F","F","F","F","F","F","F","F","F","","","","F","F","F","F","F","","","","",0,0,0,0,0,0,0,0,0,82,"PHI","CHN","PHI",0,"F","F",5,6,0,37,2,"T","F",0,2,"T","T","adams101","hartg103","T","T",0,0,0,0,0,0,0,0,0,"","","",0,0,0,0,0,0,0,0,0,0,0,0,0,"harpg101","F","F","F","F",2,0,0,0,0,0,0,0,0,0,F,F,"1925PHI.EVN.regular.event.csv",1319
"PHI192505130","CHN",9,0,2,0,0,"",5,6,"adams101","?","adams101","?","carlh101","?","carlh101","?","wilsj105","holkw101","fonsl101","hubec101","sandh101","burng101","harpg101","willc103","","heatc101","","63","F","F",4,3,2,"T","T",0,"F","F",1,"F","F",0,"F","F",6,"G","F","F","",0,0,"N",0,"N",0,"N",0,0,2,0,"63","","","","F","F","F","F","F","F","F","F","F","","carlh101","","F","T","F","F","F","","","","",0,3,0,0,6,0,0,0,0,83,"PHI","CHN","PHI",0,"F","T",5,6,0,38,3,"T","F",2,2,"T","T","hartg103","fribb101","T","T",0,0,0,8,2,82,0,0,0,"","wilsj105","",0,0,0,0,0,0,0,0,0,0,0,0,0,"sandh101","F","F","F","F",0,0,2,0,0,0,0,0,0,0,F,F,"1925PHI.EVN.regular.event.csv",1320
"PHI192505140","CHN",1,0,0,0,0,"",0,0,"statj101","?","statj101","?","mitcc102","?","mitcc102","?","henlb101","holkw101","fonsl101","hubec101","sandh101","burng101","harpg101","willc103","","","","9/F","T","F",7,1,2,"T","T",0,"F","F",1,"F","F",0,"F","F",9,"F","F","F","",0,0,"N",0,"N",0,"N",0,0,0,0,"9","","","","F","F","F","F","F","F","F","F","F","","","","T","F","F","F","F","","","","",0,9,0,0,0,0,0,0,0,1,"PHI","CHN","PHI",0,"T","F",0,0,0,0,0,"T","F",0,0,"T","T","heatc101","adams101","T","T",0,0,0,0,0,0,0,0,0,"","","",0,0,0,0,0,0,0,0,0,0,0,0,0,"willc103","F","F","F","F",0,0,0,0,0,0,0,0,0,0,F,F,"1925PHI.EVN.regular.event.csv",1321
"PHI192505140","CHN",1,0,1,0,0,"",0,0,"heatc101","?","heatc101","?","mitcc102","?","mitcc102","?","henlb101","holkw101","fonsl101","hubec101","sandh101","burng101","harpg101","willc103","","","","K/C","F","F",8,2,3,"T","T",0,"F","F",1,"F","F",0,"F","F",0,"","F","F","",0,0,"N",0,"N",0,"N",0,0,0,0,"2","","","","F","F","F","F","F","F","F","F","F","","","","F","F","F","F","F","","","","",0,2,0,0,0,0,0,0,0,2,"PHI","CHN","PHI",0,"F","F",0,0,0,1,1,"T","F",0,0,"T","T","adams101","hartg103","T","T",0,0,0,0,0,0,0,0,0,"","","",0,0,0,0,0,0,0,0,0,0,0,0,0,"","F","F","F","F",0,0,0,0,0,0,0,0,0,0,F,F,"1925PHI.EVN.regular.event.csv",1322
"PHI192505140","CHN",1,0,2,0,0,"",0,0,"adams101","?","adams101","?","mitcc102","?","mitcc102","?","henlb101","holkw101","fonsl101","hubec101","sandh101","burng101","harpg101","willc103","","","","7/F","F","F",4,3,2,"T","T",0,"F","F",1,"F","F",0,"F","F",7,"F","F","F","",0,0,"N",0,"N",0,"N",0,0,0,0,"7","","","","F","F","F","F","F","F","F","F","F","","","","F","F","F","F","F","","","","",0,7,0,0,0,0,0,0,0,3,"PHI","CHN","PHI",0,"F","T",0,0,0,2,2,"T","F",0,0,"T","T","hartg103","fribb101","T","T",0,0,0,0,0,0,0,0,0,"","","",0,0,0,0,0,0,0,0,0,0,0,0,0,"burng101","F","F","F","F",0,0,0,0,0,0,0,0,0,0,F,F,"1925PHI.EVN.regular.event.csv",1323
"PHI192505140","CHN",1,1,0,0,0,"",0,0,"burng101","?","burng101","?","alexg102","?","alexg102","?","hartg103","grimc101","adams101","fribb101","mcaui101","statj101","heatc101","grift102","","","","9/F","T","F",7,1,2,"T","T",0,"F","F",1,"F","F",0,"F","F",9,"F","F","F","",0,0,"N",0,"N",0,"N",0,0,0,0,"9","","","","F","F","F","F","F","F","F","F","F","","","","F","F","F","F","F","","","","",0,9,0,0,0,0,0,0,0,4,"PHI","PHI","CHN",1,"T","F",0,0,0,0,0,"T","F",0,0,"T","T","fonsl101","willc103","T","T",0,0,0,0,0,0,0,0,0,"","","",0,0,0,0,0,0,0,0,0,0,0,0,0,"grift102","F","F","F","F",0,0,0,0,0,0,0,0,0,0,F,F,"1925PHI.EVN.regular.event.csv",1324
"PHI192505140","CHN",1,1,1,0,0,"",0,0,"fonsl101","?","fonsl101","?","alexg102","?","alexg102","?","hartg103","grimc101","adams101","fribb101","mcaui101","statj101","heatc101","grift102","","","","7/F","F","F",4,2,2,"T","T",0,"F","F",1,"F","F",0,"F","F",7,"F","F","F","",0,0,"N",0,"N",0,"N",0,0,0,0,"7","","","","F","F","F","F","F","F","F","F","F","","","","F","F","F","F","F","","","","",0,7,0,0,0,0,0,0,0,5,"PHI","PHI","CHN",1,"F","F",0,0,0,1,1,"T","F",0,0,"T","T","willc103","harpg101","T","T",0,0,0,0,0,0,0,0,0,"","","",0,0,0,0,0,0,0,0,0,0,0,0,0,"statj101","F","F","F","F",0,0,0,0,0,0,0,0,0,0,F,F,"1925PHI.EVN.regular.event.csv",1325
"PHI192505140","CHN",1,1,2,0,0,"",0,0,"willc103","?","willc103","?","alexg102","?","alexg102","?","hartg103","grimc101","adams101","fribb101","mcaui101","statj101","heatc101","grift102","","","","8/F","F","F",9,3,2,"T","T",0,"F","F",1,"F","F",0,"F","F",8,"F","F","F","",0,0,"N",0,"N",0,"N",0,0,0,0,"8","","","","F","F","F","F","F","F","F","F","F","","","","F","F","F","F","F","","","","",0,8,0,0,0,0,0,0,0,6,"PHI","PHI","CHN",1,"F","T",0,0,0,2,2,"T","F",0,0,"T","T","harpg101","holkw101","T","T",0,0,0,0,0,0,0,0,0,"","","",0,0,0,0,0,0,0,0,0,0,0,0,0,"heatc101","F","F","F","F",0,0,0,0,0,0,0,0,0,0,F,F,"1925PHI.EVN.regular.event.csv",1326
"PHI192505140","CHN",2,0,0,0,0,"",0,0,"hartg103","?","hartg103","?","mitcc102","?","mitcc102","?","henlb101","holkw101","fonsl101","hubec101","sandh101","burng101","harpg101","willc103","","","","8/L","T","F",2,4,2,"T","T",0,"F","F",1,"F","F",0,"F","F",8,"L","F","F","",0,0,"N",0,"N",0,"N",0,0,0,0,"8","","","","F","F","F","F","F","F","F","F","F","","","","F","F","F","F","F","","","","",0,8,0,0,0,0,0,0,0,7,"PHI","CHN","PHI",0,"T","F",0,0,0,3,0,"T","F",0,0,"T","T","fribb101","grift102","T","T",0,0,0,0,0,0,0,0,0,"","","",0,0,0,0,0,0,0,0,0,0,0,0,0,"harpg101","F","F","F","F",0,0,0,0,0,0,0,0,0,0,F,F,"1925PHI.EVN.regular.event.csv",1327
"PHI192505140","CHN",2,0,1,0,0,"",0,0,"fribb101","?","fribb101","?","mitcc102","?","mitcc102","?","henlb101","holkw101","fonsl101","hubec101","sandh101","burng101","harpg101","willc103","","","","S/4D","F","F",5,5,20,"T","T",1,"F","F",0,"F","F",0,"F","F",0,"","F","F","4D",0,0,"N",0,"N",0,"N",1,0,0,0,"","","","","F","F","F","F","F","F","F","F","F","","","","F","F","F","F","F","","","","",0,0,0,0,0,0,0,0,0,8,"PHI","CHN","PHI",0,"F","F",0,0,0,4,1,"T","F",0,1,"T","T","grift102","grimc101","T","T",0,0,0,0,0,0,0,0,0,"","","",0,0,0,0,0,0,0,0,0,0,0,0,0,"","F","F","F","F",0,0,0,0,0,0,0,0,0,0,F,F,"1925PHI.EVN.regular.event.csv",1328
"PHI192505140","CHN",2,0,1,0,0,"",0,0,"grift102","?","grift102","?","mitcc102","?","mitcc102","?","henlb101","holkw101","fonsl101","hubec101","sandh101","burng101","harpg101","willc103","fribb101","","","16(1)3/GDP","F","F",9,6,2,"T","T",0,"F","F",2,"T","F",0,"F","F",1,"G","F","F","",0,0,"N",0,"N",0,"N",0,0,0,0,"63","16","","","F","F","F","F","F","F","F","F","F","mitcc102","","","F","F","F","F","F","","","","",0,6,3,0,1,6,0,0,0,9,"PHI","CHN","PHI",0,"F","T",0,0,0,5,2,"T","F",1,0,"T","T","grimc101","mcaui101","T","T",5,5,8,0,0,0,0,0,0,"henlb101","","",0,0,0,0,0,0,0,0,0,0,0,0,0,"mitcc102","T","F","F","F",0,0,0,0,0,0,0,0,0,0,F,F,"1925PHI.EVN.regular.event.csv",1329
"PHI192505140","CHN",2,1,0,0,0,"",0,0,"harpg101","?","harpg101","?","alexg102","?","alexg102","?","hartg103","grimc101","adams101","fribb101","mcaui101","statj101","heatc101","grift102","","","","3/G","T","F",8,4,2,"T","T",0,"F","F",1,"F","F",0,"F","F",3,"G","F","F","",0,0,"N",0,"N",0,"N",0,0,0,0,"3","","","","F","F","F","F","F","F","F","F","F","","","","F","F","F","F","F","","","","",0,3,0,0,0,0,0,0,0,10,"PHI","PHI","CHN",1,"T","F",0,0,0,3,0,"T","F",0,0,"T","T","holkw101","henlb101","T","T",0,0,0,0,0,0,0,0,0,"","","",0,0,0,0,0,0,0,0,0,0,0,0,0,"grimc101","F","F","F","F",0,0,0,0,0,0,0,0,0,0,F,F,"1925PHI.EVN.regular.event.csv",1330
"PHI192505140","CHN",2,1,1,0,0,"",0,0,"holkw101","?","holkw101","?","alexg102","?","alexg102","?","hartg103","grimc101","adams101","fribb101","mcaui101","statj101","heatc101","grift102","","","","S/6","F","F",3,5,20,"T","T",1,"F","F",0,"F","F",0,"F","F",0,"","F","F","6",0,0,"N",0,"N",0,"N",1,0,0,0,"","","","","F","F","F","F","F","F","F","F","F","","","","F","F","F","F","F","","","","",0,0,0,0,0,0,0,0,0,11,"PHI","PHI","CHN",1,"F","F",0,0,0,4,1,"T","F",0,1,"T","T","henlb101","sandh101","T","T",0,0,0,0,0,0,0,0,0,"","","",0,0,0,0,0,0,0,0,0,0,0,0,0,"","F","F","F","F",0,0,0,0,0,0,0,0,0,0,F,F,"1925PHI.EVN.regular.event.csv",1331
"PHI192505140","CHN",2,1,1,0,0,"",0,0,"henlb101","?","henlb101","?","alexg102","?","alexg102","?","hartg103","grimc101","adams101","fribb101","mcaui101","statj101","heatc101","grift102","holkw101","","","E9/F.1-2","F","F",2,6,18,"T","T",0,"F","F",0,"F","F",0,"F","F",9,"F","F","F","",1,9,"F",0,"N",0,"N",1,2,0,0,"","","","","F","F","F","F","F","F","F","F","F","alexg102","","","F","F","F","F","F","","","","",0,0,0,0,0,0,0,0,0,12,"PHI","PHI","CHN",1,"F","F",0,0,0,5,2,"T","F",1,3,"T","T","sandh101","hubec101","T","T",3,5,11,0,0,0,0,0,0,"hartg103","","",0,0,0,0,0,0,0,0,0,0,0,0,0,"grift102","F","F","F","T",0,0,0,0,0,0,0,0,0,0,F,F,"1925PHI.EVN.regular.event.csv",1332
"PHI192505140","CHN",2,1,1,0,0,"",0,0,"sandh101","?","sandh101","?","alexg102","?","alexg102","?","hartg103","grimc101","adams101","fribb101","mcaui101","statj101","heatc101","grift102","henlb101","holkw101","","64(1)/FO.2-3","F","F",6,7,2,"T","T",0,"F","F",1,"F","F",0,"F","F",6,"G","F","F","",0,0,"N",0,"N",0,"N",1,0,3,0,"","64","","","F","F","F","F","F","F","F","F","F","alexg102","alexg102","","F","F","F","F","F","","","","",0,4,0,0,6,0,0,0,0,13,"PHI","PHI","CHN",1,"F","F",0,0,0,6,3,"T","F",3,5,"T","T","hubec101","mitcc102","T","T",2,6,12,3,5,11,0,0,0,"hartg103","hartg103","",0,0,0,0,0,0,0,0,0,0,0,0,0,"mcaui101","T","F","F","F",0,0,0,0,0,0,0,0,0,0,F,F,"1925PHI.EVN.regular.event.csv",1333
"PHI192505140","CHN",2,1,2,0,0,"",0,0,"hubec101","?","hubec101","?","alexg102","?","alexg102","?","hartg103","grimc101","adams101","fribb101","mcaui101","statj101","heatc101","grift102","sandh101","","holkw101","43","F","F",5,8,2,"T","T",0,"F","F",1,"F","F",0,"F","F",4,"G","F","F","",0,0,"N",0,"N",0,"N",0,1,0,3,"43","","","","F","F","F","F","F","F","F","F","F","alexg102","","alexg102","F","F","F","F","F","","","","",0,3,0,0,4,0,0,0,0,14,"PHI","PHI","CHN",1,"F","T",0,0,0,7,4,"T","F",5,5,"T","T","mitcc102","burng101","T","T",6,7,13,0,0,0,3,5,11,"hartg103","","hartg103",0,0,0,0,0,0,0,0,0,0,0,0,0,"adams101","F","F","F","F",0,0,0,0,0,0,0,0,0,0,F,F,"1925PHI.EVN.regular.event.csv",1334
"PHI192505140","CHN",3,0,0,0,0,"",0,0,"grimc101","?","grimc101","?","mitcc102","?","mitcc102","?","henlb101","holkw101","fonsl101","hubec101","sandh101","burng101","harpg101","willc103","","","","S7","T","F",3,7,20,"T","T",1,"F","F",0,"F","F",0,"F","F",7,"","F","F","",0,0,"N",0,"N",0,"N",1,0,0,0,"","","","","F","F","F","F","F","F","F","F","F","","","","F","F","F","F","F","","","","",0,0,0,0,0,0,0,0,0,15,"PHI","CHN","PHI",0,"T","F",0,0,0,6,0,"T","F",0,1,"T","T","mcaui101","alexg102","T","T",0,0,0,0,0,0,0,0,0,"","","",0,0,0,0,0,0,0,0,0,0,0,0,0,"burng101","F","F","F","F",4,0,0,0,1,0,0,0,0,0,F,F,"1925PHI.EVN.regular.event.csv",1335
"PHI192505140","CHN",3,0,0,0,0,"",0,0,"mcaui101","?","mcaui101","?","mitcc102","?","mitcc102","?","henlb101","holkw101","fonsl101","hubec101","sandh101","burng101","harpg101","willc103","grimc101","","","S/G6.1-2","F","F",6,8,20,"T","T",1,"F","F",0,"F","F",0,"F","F",0,"G","F","F","6",0,0,"N",0,"N",0,"N",1,2,0,0,"","","","","F","F","F","F","F","F","F","F","F","mitcc102","","","F","F","F","F","F","","","","",0,0,0,0,0,0,0,0,0,16,"PHI","CHN","PHI",0,"F","F",0,0,0,7,1,"T","F",1,3,"T","T","alexg102","statj101","T","T",3,7,15,0,0,0,0,0,0,"henlb101","","",0,0,0,0,0,0,0,0,0,0,0,0,0,"","F","F","F","F",0,4,0,0,1,0,0,0,0,0,F,F,"1925PHI.EVN.regular.event.csv",1336
"PHI192505140","CHN",3,0,0,0,0,"",0,0,"alexg102","?","alexg102","?","mitcc102","?","mitcc102","?","henlb101","holkw101","fonsl101","hubec101","sandh101","burng101","harpg101","willc103","mcaui101","grimc101","","56(1)4/BG/GDP.2-3","F","F",1,9,2,"T","T",0,"F","F",2,"T","F",0,"F","F",5,"G","T","F","",0,0,"N",0,"N",0,"N",0,0,3,0,"64","56","","","F","F","F","F","F","F","F","F","F","mitcc102","mitcc102","","F","F","F","F","F","","","","",0,6,4,0,5,6,0,0,0,17,"PHI","CHN","PHI",0,"F","F",0,0,0,8,2,"T","F",3,4,"T","T","statj101","heatc101","T","T",6,8,16,3,7,15,0,0,0,"henlb101","henlb101","",0,0,0,0,0,0,0,0,0,0,0,0,0,"hubec101","T","F","F","F",0,0,4,0,1,0,0,0,0,0,F,F,"1925PHI.EVN.regular.event.csv",1337
"PHI192505140","CHN",3,0,2,0,0,"",0,0,"statj101","?","statj101","?","mitcc102","?","mitcc102","?","henlb101","holkw101","fonsl101","hubec101","sandh101","burng101","harpg101","willc103","","","grimc101","S7/L.3-H","F","F",7,1,20,"T","T",1,"F","F",0,"F","F",1,"F","F",7,"L","F","F","",0,0,"N",0,"N",0,"N",1,0,0,4,"","","","","F","F","F","F","F","F","F","F","F","","","mitcc102","F","F","F","F","F","","","","",0,0,0,0,0,0,0,0,0,18,"PHI","CHN","PHI",0,"F","F",0,0,0,9,3,"T","F",4,1,"T","T","heatc101","adams101","T","T",0,0,0,0,0,0,3,7,15,"","","henlb101",0,0,0,0,0,0,0,0,0,0,0,0,1,"burng101","F","F","F","F",0,0,0,4,0,0,0,0,0,0,F,F,"1925PHI.EVN.regular.event.csv",1338
"PHI192505140","CHN",3,0,2,0,0,"",1,0,"heatc101","?","heatc101","?","mitcc102","?","mitcc102","?","henlb101","holkw101","fonsl101","hubec101","sandh101","burng101","harpg101","willc103","statj101","","","13","F","F",8,2,2,"T","T",0,"F","F",1,"F","F",0,"F","F",1,"G","F","F","",0,0,"N",0,"N",0,"N",0,1,0,0,"13","","","","F","F","F","F","F","F","F","F","F","mitcc102","","","F","F","F","F","F","","","","",0,3,0,0,1,0,0,0,0,19,"PHI","CHN","PHI",0,"F","T",1,0,1,10,4,"T","F",1,1,"T","T","adams101","hartg103","T","T",7,1,18,0,0,0,0,0,0,"henlb101","","",0,0,0,0,0,0,0,0,0,0,0,0,0,"mitcc102","F","F","F","F",0,0,0,0,0,0,0,0,0,0,F,F,"1925PHI.EVN.regular.event.csv",1339
"PHI192505140","CHN",3,1,0,0,0,"",1,0,"mitcc102","?","mitcc102","?","alexg102","?","alexg102","?","hartg103","grimc101","adams101","fribb101","mcaui101","statj101","heatc101","grift102","","","","E4/G","T","F",1,9,18,"T","T",0,"F","F",0,"F","F",0,"F","F",4,"G","F","F","",1,4,"F",0,"N",0,"N",1,0,0,0,"","","","","F","F","F","F","F","F","F","F","F","","","","F","F","F","F","F","","","","",0,0,0,0,0,0,0,0,0,20,"PHI","PHI","CHN",1,"T","F",0,1,0,8,0,"T","F",0,1,"T","T","burng101","fonsl101","T","T",0,0,0,0,0,0,0,0,0,"","","",0,0,0,0,0,0,0,0,0,0,0,0,0,"adams101","F","F","F","T",0,0,0,0,0,0,0,0,0,0,F,F,"1925PHI.EVN.regular.event.csv",1340
"PHI192505140","CHN",3,1,0,0,0,"",1,0,"burng101","?","burng101","?","alexg102","?","alexg102","?","hartg103","grimc101","adams101","fribb101","mcaui101","statj101","heatc101","grift102","mitcc102","","","64(1)/FO","F","F",7,1,2,"T","T",0,"F","F",1,"F","F",0,"F","F",6,"G","F","F","",0,0,"N",0,"N",0,"N",1,0,0,0,"","64","","","F","F","F","F","F","F","F","F","F","alexg102","","","F","F","F","F","F","","","","",0,4,0,0,6,0,0,0,0,21,"PHI","PHI","CHN",1,"F","F",0,1,0,9,1,"T","F",1,1,"T","T","fonsl101","willc103","T","T",1,9,20,0,0,0,0,0,0,"hartg103","","",0,0,0,0,0,0,0,0,0,0,0,0,0,"mcaui101","T","F","F","F",0,0,0,0,0,0,0,0,0,0,F,F,"1925PHI.EVN.regular.event.csv",1341
"PHI192505140","CHN",3,1,1,0,0,"",1,0,"fonsl101","?","fonsl101","?","alexg102","?","alexg102","?","hartg103","grimc101","adams101","fribb101","mcaui101","statj101","heatc101","grift102","burng101","","","S7.1-2","F","F",4,2,20,"T","T",1,"F","F",0,"F","F",0,"F","F",7,"","F","F","",0,0,"N",0,"N",0,"N",1,2,0,0,"","","","","F","F","F","F","F","F","F","F","F","alexg102","","","F","F","F","F","F","","","","",0,0,0,0,0,0,0,0,0,22,"PHI","PHI","CHN",1,"F","F",0,1,0,10,2,"T","F",1,3,"T","T","willc103","harpg101","T","T",7,1,21,0,0,0,0,0,0,"hartg103","","",0,0,0,0,0,0,0,0,0,0,0,0,0,"statj101","F","F","F","F",0,0,0,0,0,0,0,0,0,0,F,F,"1925PHI.EVN.regular.event.csv",1342
"PHI192505140","CHN",3,1,1,3,2,"",1,0,"willc103","?","willc103","?","alexg102","?","alexg102","?","hartg103","grimc101","adams101","fribb101","mcaui101","statj101","heatc101","grift102","fonsl101","burng101","","K+CS3(25)/DP","F","F",9,3,3,"T","T",0,"F","F",2,"T","F",0,"F","F",0,"","F","F","",0,0,"N",0,"N",0,"N",0,1,0,0,"2","","25","","F","F","F","F","T","F","F","F","F","alexg102","alexg102","","F","F","F","F","F","","","","",0,2,5,0,2,0,0,0,0,23,"PHI","PHI","CHN",1,"F","T",0,1,0,11,3,"T","F",3,1,"T","T","harpg101","holkw101","T","T",4,2,22,7,1,21,0,0,0,"hartg103","hartg103","",0,0,0,0,0,0,0,0,0,0,0,0,0,"","F","F","F","F",0,0,0,0,0,0,0,0,0,0,F,F,"1925PHI.EVN.regular.event.csv",1343
"PHI192505140","CHN",4,0,0,0,0,"",1,0,"adams101","?","adams101","?","mitcc102","?","mitcc102","?","henlb101","holkw101","fonsl101","hubec101","sandh101","burng101","harpg101","willc103","","","","43","T","F",4,3,2,"T","T",0,"F","F",1,"F","F",0,"F","F",4,"G","F","F","",0,0,"N",0,"N",0,"N",0,0,0,0,"43","","","","F","F","F","F","F","F","F","F","F","","","","F","F","F","F","F","","","","",0,3,0,0,4,0,0,0,0,24,"PHI","CHN","PHI",0,"T","F",1,0,0,11,0,"T","F",0,0,"T","T","hartg103","fribb101","T","T",0,0,0,0,0,0,0,0,0,"","","",0,0,0,0,0,0,0,0,0,0,0,0,0,"fonsl101","F","F","F","F",0,0,0,0,0,0,0,0,0,0,F,F,"1925PHI.EVN.regular.event.csv",1344
"PHI192505140","CHN",4,0,1,0,0,"",1,0,"hartg103","?","hartg103","?","mitcc102","?","mitcc102","?","henlb101","holkw101","fonsl101","hubec101","sandh101","burng101","harpg101","willc103","","","","D7/7L","F","F",2,4,21,"T","T",2,"F","F",0,"F","F",0,"F","F",7,"","F","F","7L",0,0,"N",0,"N",0,"N",2,0,0,0,"","","","","F","F","F","F","F","F","F","F","F","","","","F","F","F","F","F","","","","",0,0,0,0,0,0,0,0,0,25,"PHI","CHN","PHI",0,"F","F",1,0,0,12,1,"T","F",0,2,"T","T","fribb101","grift102","T","T",0,0,0,0,0,0,0,0,0,"","","",0,0,0,0,0,0,0,0,0,0,0,0,0,"burng101","F","F","F","F",0,0,0,0,0,0,0,0,0,0,F,F,"1925PHI.EVN.regular.event.csv",1345
"PHI192505140","CHN",4,0,1,0,0,"",1,0,"fribb101","?","fribb101","?","mitcc102","?","mitcc102","?","henlb101","holkw101","fonsl101","hubec101","sandh101","burng101","harpg101","willc103","","hartg103","","43.2-3","F","F",5,5,2,"T","T",0,"F","F",1,"F","F",0,"F","F",4,"G","F","F","",0,0,"N",0,"N",0,"N",0,0,3,0,"43","","","","F","F","F","F","F","F","F","F","F","","mitcc102","","F","F","F","F","F","","","","",0,3,0,0,4,0,0,0,0,26,"PHI","CHN","PHI",0,"F","F",1,0,0,13,2,"T","F",2,4,"T","T","grift102","grimc101","T","T",0,0,0,2,4,25,0,0,0,"","henlb101","",0,0,0,0,0,0,0,0,0,0,0,0,0,"fonsl101","F","F","F","F",0,0,0,0,0,0,0,0,0,0,F,F,"1925PHI.EVN.regular.event.csv",1346
"PHI192505140","CHN",4,0,2,0,0,"",1,0,"grift102","?","grift102","?","mitcc102","?","mitcc102","?","henlb101","holkw101","fonsl101","hubec101","sandh101","burng101","harpg101","willc103","","","hartg103","7/F","F","F",9,6,2,"T","T",0,"F","F",1,"F","F",0,"F","F",7,"F","F","F","",0,0,"N",0,"N",0,"N",0,0,0,3,"7","","","","F","F","F","F","F","F","F","F","F","","","mitcc102","F","F","F","F","F","","","","",0,7,0,0,0,0,0,0,0,27,"PHI","CHN","PHI",0,"F","T",1,0,0,14,3,"T","F",4,4,"T","T","grimc101","mcaui101","T","T",0,0,0,0,0,0,2,4,25,"","","henlb101",0,0,0,0,0,0,0,0,0,0,0,0,0,"burng101","F","F","F","F",0,0,0,0,0,0,0,0,0,0,F,F,"1925PHI.EVN.regular.event.csv",1347
"PHI192505140","CHN",4,1,0,0,0,"",1,0,"harpg101","?","harpg101","?","alexg102","?","alexg102","?","hartg103","grimc101","adams101","fribb101","mcaui101","statj101","heatc101","grift102","","","","8/F89XDW","T","F",8,4,2,"T","T",0,"F","F",1,"F","F",0,"F","F",8,"F","F","F","89XDW",0,0,"N",0,"N",0,"N",0,0,0,0,"8","","","","F","F","F","F","F","F","F","F","F","","","","F","F","F","F","F","","","","",0,8,0,0,0,0,0,0,0,28,"PHI","PHI","CHN",1,"T","F",0,1,0,12,0,"T","F",0,0,"T","T","holkw101","henlb101","T","T",0,0,0,0,0,0,0,0,0,"","","",0,0,0,0,0,0,0,0,0,0,0,0,0,"heatc101","F","F","F","F",0,0,0,0,0,0,0,0,0,0,F,F,"1925PHI.EVN.regular.event.csv",1348
"PHI192505140","CHN",4,1,1,0,0,"",1,0,"holkw101","?","holkw101","?","alexg102","?","alexg102","?","hartg103","grimc101","adams101","fribb101","mcaui101","statj101","heatc101","grift102","","","","6/P","F","F",3,5,2,"T","T",0,"F","F",1,"F","F",0,"F","F",6,"P","F","F","",0,0,"N",0,"N",0,"N",0,0,0,0,"6","","","","F","F","F","F","F","F","F","F","F","","","","F","F","F","F","F","","","","",0,6,0,0,0,0,0,0,0,29,"PHI","PHI","CHN",1,"F","F",0,1,0,13,1,"T","F",0,0,"T","T","henlb101","sandh101","T","T",0,0,0,0,0,0,0,0,0,"","","",0,0,0,0,0,0,0,0,0,0,0,0,0,"mcaui101","F","F","F","F",0,0,0,0,0,0,0,0,0,0,F,F,"1925PHI.EVN.regular.event.csv",1349
"PHI192505140","CHN",4,1,2,0,0,"",1,0,"henlb101","?","henlb101","?","alexg102","?","alexg102","?","hartg103","grimc101","adams101","fribb101","mcaui101","statj101","heatc101","grift102","","","","63","F","F",2,6,2,"T","T",0,"F","F",1,"F","F",0,"F","F",6,"G","F","F","",0,0,"N",0,"N",0,"N",0,0,0,0,"63","","","","F","F","F","F","F","F","F","F","F","","","","F","F","F","F","F","","","","",0,3,0,0,6,0,0,0,0,30,"PHI","PHI","CHN",1,"F","T",0,1,0,14,2,"T","F",0,0,"T","T","sandh101","hubec101","T","T",0,0,0,0,0,0,0,0,0,"","","",0,0,0,0,0,0,0,0,0,0,0,0,0,"mcaui101","F","F","F","F",0,0,0,0,0,0,0,0,0,0,F,F,"1925PHI.EVN.regular.event.csv",1350
"PHI192505140","CHN",5,0,0,0,0,"",1,0,"grimc101","?","grimc101","?","mitcc102","?","mitcc102","?","henlb101","holkw101","fonsl101","hubec101","sandh101","burng101","harpg101","willc103","","","","S6/G","T","F",3,7,20,"T","T",1,"F","F",0,"F","F",0,"F","F",6,"G","F","F","",0,0,"N",0,"N",0,"N",1,0,0,0,"","","","","F","F","F","F","F","F","F","F","F","","","","F","F","F","F","F","","","","",0,0,0,0,0,0,0,0,0,31,"PHI","CHN","PHI",0,"T","F",1,0,0,15,0,"T","F",0,1,"T","T","mcaui101","alexg102","T","T",0,0,0,0,0,0,0,0,0,"","","",0,0,0,0,0,0,0,0,0,0,0,0,0,"sandh101","F","F","F","F",0,0,0,0,0,0,0,0,0,0,F,F,"1925PHI.EVN.regular.event.csv",1351
"PHI192505140","CHN",5,0,0,0,0,"",1,0,"mcaui101","?","mcaui101","?","mitcc102","?","mitcc102","?","henlb101","holkw101","fonsl101","hubec101","sandh101","burng101","harpg101","willc103","grimc101","","","4(1)3/GDP","F","F",6,8,2,"T","T",0,"F","F",2,"T","F",0,"F","F",4,"G","F","F","",0,0,"N",0,"N",0,"N",0,0,0,0,"43","4","","","F","F","F","F","F","F","F","F","F","mitcc102","","","F","F","F","F","F","","","","",0,4,3,0,4,0,0,0,0,32,"PHI","CHN","PHI",0,"F","F",1,0,0,16,1,"T","F",1,0,"T","T","alexg102","statj101","T","T",3,7,31,0,0,0,0,0,0,"henlb101","","",0,0,0,0,0,0,0,0,0,0,0,0,0,"fonsl101","T","F","F","F",0,0,0,0,0,0,0,0,0,0,F,F,"1925PHI.EVN.regular.event.csv",1352
"PHI192505140","CHN",5,0,2,0,0,"",1,0,"alexg102","?","alexg102","?","mitcc102","?","mitcc102","?","henlb101","holkw101","fonsl101","hubec101","sandh101","burng101","harpg101","willc103","","","","4/P","F","F",1,9,2,"T","T",0,"F","F",1,"F","F",0,"F","F",4,"P","F","F","",0,0,"N",0,"N",0,"N",0,0,0,0,"4","","","","F","F","F","F","F","F","F","F","F","","","","F","F","F","F","F","","","","",0,4,0,0,0,0,0,0,0,33,"PHI","CHN","PHI",0,"F","T",1,0,0,17,2,"T","F",0,0,"T","T","statj101","heatc101","T","T",0,0,0,0,0,0,0,0,0,"","","",0,0,0,0,0,0,0,0,0,0,0,0,0,"fonsl101","F","F","F","F",0,0,0,0,0,0,0,0,0,0,F,F,"1925PHI.EVN.regular.event.csv",1353
"PHI192505140","CHN",5,1,0,0,0,"",1,0,"sandh101","?","sandh101","?","alexg102","?","alexg102","?","hartg103","grimc101","adams101","fribb101","mcaui101","statj101","heatc101","grift102","","","","D8/F8S-","T","F",6,7,21,"T","T",2,"F","F",0,"F","F",0,"F","F",8,"F","F","F","8S",0,0,"N",0,"N",0,"N",2,0,0,0,"","","","","F","F","F","F","F","F","F","F","F","","","","F","F","F","F","F","","","","",0,0,0,0,0,0,0,0,0,34,"PHI","PHI","CHN",1,"T","F",0,1,0,15,0,"T","F",0,2,"T","T","hubec101","mitcc102","T","T",0,0,0,0,0,0,0,0,0,"","","",0,0,0,0,0,0,0,0,0,0,0,0,0,"heatc101","F","F","F","F",0,0,0,0,0,0,0,0,0,0,F,F,"1925PHI.EVN.regular.event.csv",1354
"PHI192505140","CHN",5,1,0,0,0,"",1,0,"hubec101","?","hubec101","?","alexg102","?","alexg102","?","hartg103","grimc101","adams101","fribb101","mcaui101","statj101","heatc101","grift102","","sandh101","","FC1/BG.2X3(1561);B-2","F","F",5,8,19,"T","T",0,"F","F",1,"F","F",0,"F","F",1,"G","T","F","",0,0,"N",0,"N",0,"N",2,0,0,0,"","","1561","","F","F","F","F","F","F","F","F","F","","alexg102","","F","F","F","F","F","","","","",0,1,0,0,1,5,6,0,0,35,"PHI","PHI","CHN",1,"F","F",0,1,0,16,1,"T","F",2,2,"T","T","mitcc102","burng101","T","T",0,0,0,6,7,34,0,0,0,"","hartg103","",0,0,0,0,0,0,0,0,0,0,0,0,0,"alexg102","F","F","F","F",0,0,0,0,0,0,0,0,0,0,F,F,"1925PHI.EVN.regular.event.csv",1355
"PHI192505140","CHN",5,1,1,0,0,"",1,0,"mitcc102","?","mitcc102","?","alexg102","?","alexg102","?","hartg103","grimc101","adams101","fribb101","mcaui101","statj101","heatc101","grift102","","hubec101","","8/F","F","F",1,9,2,"T","T",0,"F","F",1,"F","F",0,"F","F",8,"F","F","F","",0,0,"N",0,"N",0,"N",0,0,2,0,"8","","","","F","F","F","F","F","F","F","F","F","","alexg102","","F","F","F","F","F","","","","",0,8,0,0,0,0,0,0,0,36,"PHI","PHI","CHN",1,"F","F",0,1,0,17,2,"T","F",2,2,"T","T","burng101","fonsl101","T","T",0,0,0,5,8,35,0,0,0,"","hartg103","",0,0,0,0,0,0,0,0,0,0,0,0,0,"heatc101","F","F","F","F",0,0,0,0,0,0,0,0,0,0,F,F,"1925PHI.EVN.regular.event.csv",1356
"PHI192505140","CHN",5,1,2,0,0,"",1,0,"burng101","?","burng101","?","alexg102","?","alexg102","?","hartg103","grimc101","adams101","fribb101","mcaui101","statj101","heatc101","grift102","","hubec101","","S/BG25.2-3","F","F",7,1,20,"T","T",1,"F","F",0,"F","F",0,"F","F",0,"G","T","F","25",0,0,"N",0,"N",0,"N",1,0,3,0,"","","","","F","F","F","F","F","F","F","F","F","","alexg102","","F","F","F","F","F","","","","",0,0,0,0,0,0,0,0,0,37,"PHI","PHI","CHN",1,"F","F",0,1,0,18,3,"T","F",2,5,"T","T","fonsl101","willc103","T","T",0,0,0,5,8,35,0,0,0,"","hartg103","",0,0,0,0,0,0,0,0,0,0,0,0,0,"","F","F","F","F",0,0,0,0,0,0,0,0,0,0,F,F,"1925PHI.EVN.regular.event.csv",1357
"PHI192505140","CHN",5,1,2,0,0,"",1,0,"fonsl101","?","fonsl101","?","alexg102","?","alexg102","?","hartg103","grimc101","adams101","fribb101","mcaui101","statj101","heatc101","grift102","burng101","","hubec101","7/L","F","F",4,2,2,"T","T",0,"F","F",1,"F","F",0,"F","F",7,"L","F","F","",0,0,"N",0,"N",0,"N",0,1,0,3,"7","","","","F","F","F","F","F","F","F","F","F","alexg102","","alexg102","F","F","F","F","F","","","","",0,7,0,0,0,0,0,0,0,38,"PHI","PHI","CHN",1,"F","T",0,1,0,19,4,"T","F",5,5,"T","T","willc103","harpg101","T","T",7,1,37,0,0,0,5,8,35,"hartg103","","hartg103",0,0,0,0,0,0,0,0,0,0,0,0,0,"statj101","F","F","F","F",0,0,0,0,0,0,0,0,0,0,F,F,"1925PHI.EVN.regular.event.csv",1358
"PHI192505140","CHN",6,0,0,0,0,"",1,0,"statj101","?","statj101","?","mitcc102","?","mitcc102","?","henlb101","holkw101","fonsl101","hubec101","sandh101","burng101","harpg101","willc103","","","","S/G4","T","F",7,1,20,"T","T",1,"F","F",0,"F","F",0,"F","F",0,"G","F","F","4",0,0,"N",0,"N",0,"N",1,0,0,0,"","","","","F","F","F","F","F","F","F","F","F","","","","F","F","F","F","F","","","","",0,0,0,0,0,0,0,0,0,39,"PHI","CHN","PHI",0,"T","F",1,0,0,18,0,"T","F",0,1,"T","T","heatc101","adams101","T","T",0,0,0,0,0,0,0,0,0,"","","",0,0,0,0,0,0,0,0,0,0,0,0,0,"","F","F","F","F",0,0,0,0,0,0,0,0,0,0,F,F,"1925PHI.EVN.regular.event.csv",1359
"PHI192505140","CHN",6,0,0,0,0,"",1,0,"heatc101","?","heatc101","?","mitcc102","?","mitcc102","?","henlb101","holkw101","fonsl101","hubec101","sandh101","burng101","harpg101","willc103","statj101","","","16(1)/FO/BG","F","F",8,2,2,"T","T",0,"F","F",1,"F","F",0,"F","F",1,"G","T","F","",0,0,"N",0,"N",0,"N",1,0,0,0,"","16","","","F","F","F","F","F","F","F","F","F","mitcc102","","","F","F","F","F","F","","","","",0,6,0,0,1,0,0,0,0,40,"PHI","CHN","PHI",0,"F","F",1,0,0,19,1,"T","F",1,1,"T","T","adams101","hartg103","T","T",7,1,39,0,0,0,0,0,0,"henlb101","","",0,0,0,0,0,0,0,0,0,0,0,0,0,"mitcc102","T","F","F","F",0,0,0,0,0,0,0,0,0,0,F,F,"1925PHI.EVN.regular.event.csv",1360
"PHI192505140","CHN",6,0,1,0,0,"",1,0,"adams101","?","adams101","?","mitcc102","?","mitcc102","?","henlb101","holkw101","fonsl101","hubec101","sandh101","burng101","harpg101","willc103","heatc101","","","7/F7D","F","F",4,3,2,"T","T",0,"F","F",1,"F","F",0,"F","F",7,"F","F","F","7D",0,0,"N",0,"N",0,"N",0,1,0,0,"7","","","","F","F","F","F","F","F","F","F","F","mitcc102","","","F","F","F","F","F","","","","",0,7,0,0,0,0,0,0,0,41,"PHI","CHN","PHI",0,"F","F",1,0,0,20,2,"T","F",1,1,"T","T","hartg103","fribb101","T","T",8,2,40,0,0,0,0,0,0,"henlb101","","",0,0,0,0,0,0,0,0,0,0,0,0,0,"burng101","F","F","F","F",0,0,0,0,0,0,0,0,0,0,F,F,"1925PHI.EVN.regular.event.csv",1361
"PHI192505140","CHN",6,0,2,0,0,"",1,0,"hartg103","?","hartg103","?","mitcc102","?","mitcc102","?","henlb101","holkw101","fonsl101","hubec101","sandh101","burng101","harpg101","willc103","heatc101","","","SB2","F","F",2,4,4,"F","F",0,"F","F",0,"F","F",0,"F","F",0,"","F","F","",0,0,"N",0,"N",0,"N",0,2,0,0,"","","","","T","F","F","F","F","F","F","F","F","mitcc102","","","F","F","F","F","F","","","","",0,0,0,0,0,0,0,0,0,42,"PHI","CHN","PHI",0,"F","F",1,0,0,21,3,"T","F",1,2,"T","T","fribb101","grift102","T","T",8,2,40,0,0,0,0,0,0,"henlb101","","",0,0,0,0,0,0,0,0,0,0,0,0,0,"","F","F","F","F",0,0,0,0,0,0,0,0,0,0,F,F,"1925PHI.EVN.regular.event.csv",1362
"PHI192505140","CHN",6,0,2,0,0,"",1,0,"hartg103","?","hartg103","?","mitcc102","?","mitcc102","?","henlb101","holkw101","fonsl101","hubec101","sandh101","burng101","harpg101","willc103","","heatc101","","K23","F","F",2,4,3,"T","T",0,"F","F",1,"F","F",0,"F","F",0,"","F","F","",0,0,"N",0,"N",0,"N",0,0,2,0,"23","","","","F","F","F","F","F","F","F","F","F","","mitcc102","","F","F","F","F","F","","","","",0,3,0,0,2,0,0,0,0,43,"PHI","CHN","PHI",0,"F","T",1,0,0,21,3,"F","F",2,2,"T","T","fribb101","grift102","T","T",0,0,0,8,2,40,0,0,0,"","henlb101","",0,0,0,0,0,0,0,0,0,0,0,0,0,"","F","F","F","F",0,0,0,0,0,0,0,0,0,0,F,F,"1925PHI.EVN.regular.event.csv",1363
"PHI192505140","CHN",6,1,0,0,0,"",1,0,"willc103","?","willc103","?","alexg102","?","alexg102","?","hartg103","grimc101","adams101","fribb101","mcaui101","statj101","heatc101","grift102","","","","W","T","F",9,3,14,"T","F",0,"F","F",0,"F","F",0,"F","F",0,"","F","F","",0,0,"N",0,"N",0,"N",1,0,0,0,"","","","","F","F","F","F","F","F","F","F","F","","","","F","F","F","F","F","","","","",0,0,0,0,0,0,0,0,0,44,"PHI","PHI","CHN",1,"T","F",0,1,0,20,0,"T","F",0,1,"T","T","harpg101","holkw101","T","T",0,0,0,0,0,0,0,0,0,"","","",0,0,0,0,0,0,0,0,0,0,0,0,0,"","F","F","F","F",5,0,0,0,2,0,0,0,0,0,F,F,"1925PHI.EVN.regular.event.csv",1364
"PHI192505140","CHN",6,1,0,0,0,"",1,0,"harpg101","?","harpg101","?","alexg102","?","alexg102","?","hartg103","grimc101","adams101","fribb101","mcaui101","statj101","heatc101","grift102","willc103","","","FC3.1-3(E3/TH2);B-1","F","F",8,4,19,"T","T",0,"F","F",0,"F","F",0,"F","F",3,"G","F","F","",1,3,"T",0,"N",0,"N",1,3,0,0,"","","","","F","F","F","F","F","F","F","F","F","alexg102","","","F","F","F","F","F","","","","",0,0,0,0,0,0,0,0,0,45,"PHI","PHI","CHN",1,"F","F",0,1,0,21,1,"T","F",1,5,"T","T","holkw101","henlb101","T","T",9,3,44,0,0,0,0,0,0,"hartg103","","",0,0,0,0,0,0,0,0,0,0,0,0,0,"grimc101","F","F","F","F",5,5,0,0,2,0,0,0,0,0,F,F,"1925PHI.EVN.regular.event.csv",1365
"PHI192505140","CHN",6,1,0,0,0,"",1,0,"holkw101","?","holkw101","?","alexg102","?","alexg102","?","hartg103","grimc101","adams101","fribb101","mcaui101","statj101","heatc101","grift102","harpg101","","willc103","7/F/SF.3-H(UR);1-2","F","F",3,5,2,"T","F",0,"F","T",1,"F","F",1,"F","F",7,"F","F","F","",0,0,"N",0,"N",0,"N",0,2,0,5,"7","","","","F","F","F","F","F","F","F","F","F","alexg102","","alexg102","F","F","F","F","F","","","","",0,7,0,0,0,0,0,0,0,46,"PHI","PHI","CHN",1,"F","F",0,1,0,22,2,"T","F",5,2,"T","T","henlb101","sandh101","T","T",8,4,45,0,0,0,9,3,44,"hartg103","","hartg103",0,0,0,0,0,0,0,0,0,0,0,0,1,"statj101","F","F","F","F",0,5,0,5,1,0,0,0,0,0,F,F,"1925PHI.EVN.regular.event.csv",1366
"PHI192505140","CHN",6,1,1,0,0,"",1,1,"henlb101","?","henlb101","?","alexg102","?","alexg102","?","hartg103","grimc101","adams101","fribb101","mcaui101","statj101","heatc101","grift102","","harpg101","","43.2-3","F","F",2,6,2,"T","T",0,"F","F",1,"F","F",0,"F","F",4,"G","F","F","",0,0,"N",0,"N",0,"N",0,0,3,0,"43","","","","F","F","F","F","F","F","F","F","F","","alexg102","","F","F","F","F","F","","","","",0,3,0,0,4,0,0,0,0,47,"PHI","PHI","CHN",1,"F","F",1,1,1,23,3,"T","F",2,4,"T","T","sandh101","hubec101","T","T",0,0,0,8,4,45,0,0,0,"","hartg103","",0,0,0,0,0,0,0,0,0,0,0,0,0,"adams101","F","F","F","F",0,0,5,0,1,0,0,0,0,0,F,F,"1925PHI.EVN.regular.event.csv",1367
"PHI192505140","CHN",6,1,2,0,0,"",1,1,"sandh101","?","sandh101","?","alexg102","?","alexg102","?","hartg103","grimc101","adams101","fribb101","mcaui101","statj101","heatc101","grift102","","","harpg101","T8/F8XD.3-H(UR);BXH(842)","F","F",6,7,22,"T","T",3,"F","F",1,"F","F",1,"F","F",8,"F","F","F","8XD",0,0,"N",0,"N",0,"N",0,0,0,5,"842","","","","F","F","F","F","F","F","F","F","F","","","alexg102","F","F","F","F","F","","","","",0,2,0,0,8,4,0,0,0,48,"PHI","PHI","CHN",1,"F","T",1,1,1,24,4,"T","F",4,0,"T","T","hubec101","mitcc102","T","T",0,0,0,0,0,0,8,4,45,"","","hartg103",0,0,0,0,0,0,0,0,0,0,0,0,1,"heatc101","F","F","F","F",0,0,0,5,0,0,0,0,0,0,F,F,"1925PHI.EVN.regular.event.csv",1368
"PHI192505140","CHN",7,0,0,0,0,"",1,2,"fribb101","?","fribb101","?","mitcc102","?","mitcc102","?","henlb101","holkw101","fonsl101","hubec101","sandh101","burng101","harpg101","willc103","","","","W","T","F",5,5,14,"T","F",0,"F","F",0,"F","F",0,"F","F",0,"","F","F","",0,0,"N",0,"N",0,"N",1,0,0,0,"","","","","F","F","F","F","F","F","F","F","F","","","","F","F","F","F","F","","","","",0,0,0,0,0,0,0,0,0,49,"PHI","CHN","PHI",0,"T","F",1,2,0,22,0,"T","F",0,1,"T","T","grift102","grimc101","T","T",0,0,0,0,0,0,0,0,0,"","","",0,0,0,0,0,0,0,0,0,0,0,0,0,"","F","F","F","F",4,0,0,0,3,0,0,0,0,0,F,F,"1925PHI.EVN.regular.event.csv",1369
"PHI192505140","CHN",7,0,0,0,0,"",1,2,"grift102","?","grift102","?","mitcc102","?","mitcc102","?","henlb101","holkw101","fonsl101","hubec101","sandh101","burng101","harpg101","willc103","fribb101","","","FC4.1-3(E4/TH2);B-1","F","F",9,6,19,"T","T",0,"F","F",0,"F","F",0,"F","F",4,"G","F","F","",1,4,"T",0,"N",0,"N",1,3,0,0,"","","","","F","F","F","F","F","F","F","F","F","mitcc102","","","F","F","F","F","F","","","","",0,0,0,0,0,0,0,0,0,50,"PHI","CHN","PHI",0,"F","F",1,2,0,23,1,"T","F",1,5,"T","T","grimc101","mcaui101","T","T",5,5,49,0,0,0,0,0,0,"henlb101","","",0,0,0,0,0,0,0,0,0,0,0,0,0,"fonsl101","F","F","F","F",5,4,0,0,3,0,0,0,0,0,F,F,"1925PHI.EVN.regular.event.csv",1370
"PHI192505140","CHN",7,0,0,0,0,"",1,2,"grimc101","?","grimc101","?","mitcc102","?","mitcc102","?","henlb101","holkw101","fonsl101","hubec101","sandh101","burng101","harpg101","willc103","grift102","","fribb101","D9/G3L.3-H;1-3","F","F",3,7,21,"T","T",2,"F","F",0,"F","F",1,"F","F",9,"G","F","F","3L",0,0,"N",0,"N",0,"N",2,3,0,4,"","","","","F","F","F","F","F","F","F","F","F","mitcc102","","mitcc102","F","F","F","F","F","","","","",0,0,0,0,0,0,0,0,0,51,"PHI","CHN","PHI",0,"F","F",1,2,0,24,2,"T","F",5,6,"T","T","mcaui101","alexg102","T","T",9,6,50,0,0,0,5,5,49,"henlb101","","henlb101",0,0,0,0,0,0,0,0,0,0,0,0,1,"willc103","F","F","F","F",5,5,0,4,2,0,0,0,0,0,F,F,"1925PHI.EVN.regular.event.csv",1371
"PHI192505140","CHN",7,0,0,0,0,"",2,2,"mcaui101","?","mcaui101","?","mitcc102","?","mitcc102","?","henlb101","holkw101","fonsl101","hubec101","sandh101","burng101","harpg101","willc103","","grimc101","grift102","6/P6MD","F","F",6,8,2,"T","T",0,"F","F",1,"F","F",0,"F","F",6,"P","F","F","6MD",0,0,"N",0,"N",0,"N",0,0,2,3,"6","","","","F","F","F","F","F","F","F","F","F","","mitcc102","mitcc102","F","F","F","F","F","","","","",0,6,0,0,0,0,0,0,0,52,"PHI","CHN","PHI",0,"F","F",2,2,1,25,3,"T","F",6,6,"T","T","alexg102","statj101","T","T",0,0,0,3,7,51,9,6,50,"","henlb101","henlb101",0,0,0,0,0,0,0,0,0,0,0,0,0,"sandh101","F","F","F","F",0,0,5,5,2,0,0,0,0,0,F,F,"1925PHI.EVN.regular.event.csv",1372
"PHI192505140","CHN",7,0,1,0,0,"",2,2,"alexg102","?","alexg102","?","mitcc102","?","mitcc102","?","henlb101","holkw101","fonsl101","hubec101","sandh101","burng101","harpg101","willc103","","grimc101","grift102","K","F","F",1,9,3,"T","T",0,"F","F",1,"F","F",0,"F","F",0,"","F","F","",0,0,"N",0,"N",0,"N",0,0,2,3,"2","","","","F","F","F","F","F","F","F","F","F","","mitcc102","mitcc102","F","F","F","F","F","","","","",0,2,0,0,0,0,0,0,0,53,"PHI","CHN","PHI",0,"F","F",2,2,1,26,4,"T","F",6,6,"T","T","statj101","heatc101","T","T",0,0,0,3,7,51,9,6,50,"","henlb101","henlb101",0,0,0,0,0,0,0,0,0,0,0,0,0,"","F","F","F","F",0,0,5,5,2,0,0,0,0,0,F,F,"1925PHI.EVN.regular.event.csv",1373
"PHI192505140","CHN",7,0,2,0,2,"KKX",2,2,"statj101","?","statj101","?","mitcc102","?","mitcc102","?","henlb101","holkw101","fonsl101","hubec101","sandh101","burng101","harpg101","willc103","","grimc101","grift102","S9/G3L.3-H(UR);2-H(UR)","F","F",7,1,20,"T","T",1,"F","F",0,"F","F",2,"F","F",9,"G","F","F","3L",0,0,"N",0,"N",0,"N",1,0,5,5,"","","","","F","F","F","F","F","F","F","F","F","","mitcc102","mitcc102","F","F","F","F","F","","","","",0,0,0,0,0,0,0,0,0,54,"PHI","CHN","PHI",0,"F","F",2,2,1,27,5,"T","F",6,1,"T","T","heatc101","adams101","T","T",0,0,0,3,7,51,9,6,50,"","henlb101","henlb101",0,0,0,0,0,0,3,0,0,0,1,2,2,"willc103","F","F","F","F",0,0,5,5,0,0,0,0,0,0,F,F,"1925PHI.EVN.regular.event.csv",1374
"PHI192505140","CHN",7,0,2,0,0,"",4,2,"heatc101","?","heatc101","?","mitcc102","?","mitcc102","?","henlb101","holkw101","fonsl101","hubec101","sandh101","burng101","harpg101","willc103","statj101","","","SB2","F","F",8,2,4,"F","F",0,"F","F",0,"F","F",0,"F","F",0,"","F","F","",0,0,"N",0,"N",0,"N",0,2,0,0,"","","","","T","F","F","F","F","F","F","F","F","mitcc102","","","F","F","F","F","F","","","","",0,0,0,0,0,0,0,0,0,55,"PHI","CHN","PHI",0,"F","F",4,2,3,28,6,"T","F",1,2,"T","T","adams101","hartg103","T","T",7,1,54,0,0,0,0,0,0,"henlb101","","",0,0,0,0,0,0,0,0,0,0,0,0,0,"","F","F","F","F",0,0,0,0,0,0,0,0,0,0,F,F,"1925PHI.EVN.regular.event.csv",1375
"PHI192505140","CHN",7,0,2,0,0,"",4,2,"heatc101","?","heatc101","?","mitcc102","?","mitcc102","?","henlb101","holkw101","fonsl101","hubec101","sandh101","burng101","harpg101","willc103","","statj101","","W","F","F",8,2,14,"T","F",0,"F","F",0,"F","F",0,"F","F",0,"","F","F","",0,0,"N",0,"N",0,"N",1,0,2,0,"","","","","F","F","F","F","F","F","F","F","F","","mitcc102","","F","F","F","F","F","","","","",0,0,0,0,0,0,0,0,0,56,"PHI","CHN","PHI",0,"F","F",4,2,3,28,6,"F","F",2,3,"T","T","adams101","hartg103","T","T",0,0,0,7,1,54,0,0,0,"","henlb101","",0,0,0,0,0,0,0,0,0,0,0,0,0,"","F","F","F","F",0,0,0,0,0,0,0,0,0,0,F,F,"1925PHI.EVN.regular.event.csv",1376
"PHI192505140","CHN",7,0,2,0,0,"",4,2,"adams101","?","adams101","?","mitcc102","?","mitcc102","?","henlb101","holkw101","fonsl101","hubec101","sandh101","burng101","harpg101","willc103","heatc101","statj101","","36(1)/FO","F","F",4,3,2,"T","T",0,"F","F",1,"F","F",0,"F","F",3,"G","F","F","",0,0,"N",0,"N",0,"N",1,0,2,0,"","36","","","F","F","F","F","F","F","F","F","F","mitcc102","mitcc102","","F","F","F","F","F","","","","",0,6,0,0,3,0,0,0,0,57,"PHI","CHN","PHI",0,"F","T",4,2,3,29,7,"T","F",3,3,"T","T","hartg103","fribb101","T","T",8,2,56,7,1,54,0,0,0,"henlb101","henlb101","",0,0,0,0,0,0,0,0,0,0,0,0,0,"holkw101","T","F","F","F",0,0,0,0,0,0,0,0,0,0,F,F,"1925PHI.EVN.regular.event.csv",1377
"PHI192505140","CHN",7,1,0,0,0,"",4,2,"hubec101","?","hubec101","?","alexg102","?","alexg102","?","hartg103","grimc101","adams101","fribb101","mcaui101","statj101","heatc101","grift102","","","","8/F8S","T","F",5,8,2,"T","T",0,"F","F",1,"F","F",0,"F","F",8,"F","F","F","8S",0,0,"N",0,"N",0,"N",0,0,0,0,"8","","","","F","F","F","F","F","F","F","F","F","","","","F","F","F","F","F","","","","",0,8,0,0,0,0,0,0,0,58,"PHI","PHI","CHN",1,"T","F",2,4,0,25,0,"T","F",0,0,"T","T","mitcc102","burng101","T","T",0,0,0,0,0,0,0,0,0,"","","",0,0,0,0,0,0,0,0,0,0,0,0,0,"heatc101","F","F","F","F",0,0,0,0,0,0,0,0,0,0,F,F,"1925PHI.EVN.regular.event.csv",1378
"PHI192505140","CHN",7,1,1,0,0,"",4,2,"mitcc102","?","mitcc102","?","alexg102","?","alexg102","?","hartg103","grimc101","adams101","fribb101","mcaui101","statj101","heatc101","grift102","","","","43","F","F",1,9,2,"T","T",0,"F","F",1,"F","F",0,"F","F",4,"G","F","F","",0,0,"N",0,"N",0,"N",0,0,0,0,"43","","","","F","F","F","F","F","F","F","F","F","","","","F","F","F","F","F","","","","",0,3,0,0,4,0,0,0,0,59,"PHI","PHI","CHN",1,"F","F",2,4,0,26,1,"T","F",0,0,"T","T","burng101","fonsl101","T","T",0,0,0,0,0,0,0,0,0,"","","",0,0,0,0,0,0,0,0,0,0,0,0,0,"adams101","F","F","F","F",0,0,0,0,0,0,0,0,0,0,F,F,"1925PHI.EVN.regular.event.csv",1379
"PHI192505140","CHN",7,1,2,0,0,"",4,2,"burng101","?","burng101","?","alexg102","?","alexg102","?","hartg103","grimc101","adams101","fribb101","mcaui101","statj101","heatc101","grift102","","","","3/FL","F","F",7,1,2,"T","T",0,"F","F",1,"F","F",0,"F","F",3,"F","F","T","",0,0,"N",0,"N",0,"N",0,0,0,0,"3","","","","F","F","F","F","F","F","F","F","F","","","","F","F","F","F","F","","","","",0,3,0,0,0,0,0,0,0,60,"PHI","PHI","CHN",1,"F","T",2,4,0,27,2,"T","F",0,0,"T","T","fonsl101","willc103","T","T",0,0,0,0,0,0,0,0,0,"","","",0,0,0,0,0,0,0,0,0,0,0,0,0,"grimc101","F","F","F","F",0,0,0,0,0,0,0,0,0,0,F,F,"1925PHI.EVN.regular.event.csv",1380
"PHI192505140","CHN",8,0,0,0,0,"",4,2,"hartg103","?","hartg103","?","mitcc102","?","mitcc102","?","henlb101","holkw101","fonsl101","hubec101","sandh101","burng101","harpg101","willc103","","","","S7","T","F",2,4,20,"T","T",1,"F","F",0,"F","F",0,"F","F",7,"","F","F","",0,0,"N",0,"N",0,"N",1,0,0,0,"","","","","F","F","F","F","F","F","F","F","F","","","","F","F","F","F","F","","","","",0,0,0,0,0,0,0,0,0,61,"PHI","CHN","PHI",0,"T","F",4,2,0,30,0,"T","F",0,1,"T","T","fribb101","grift102","T","T",0,0,0,0,0,0,0,0,0,"","","",0,0,0,0,0,0,0,0,0,0,0,0,0,"burng101","F","F","F","F",0,0,0,0,0,0,0,0,0,0,F,F,"1925PHI.EVN.regular.event.csv",1381
"PHI192505140","CHN",8,0,0,0,0,"",4,2,"fribb101","?","fribb101","?","mitcc102","?","mitcc102","?","henlb101","holkw101","fonsl101","hubec101","sandh101","burng101","harpg101","willc103","hartg103","","","CS2(24)","F","F",5,5,6,"F","F",0,"F","F",1,"F","F",0,"F","F",0,"","F","F","",0,0,"N",0,"N",0,"N",0,0,0,0,"","24","","","F","F","F","T","F","F","F","F","F","mitcc102","","","F","F","F","F","F","","","","",0,4,0,0,2,0,0,0,0,62,"PHI","CHN","PHI",0,"F","F",4,2,0,31,1,"T","F",1,0,"T","T","grift102","grimc101","T","T",2,4,61,0,0,0,0,0,0,"henlb101","","",0,0,0,0,0,0,0,0,0,0,0,0,0,"","F","F","F","F",0,0,0,0,0,0,0,0,0,0,F,F,"1925PHI.EVN.regular.event.csv",1382
"PHI192505140","CHN",8,0,1,0,0,"",4,2,"fribb101","?","fribb101","?","mitcc102","?","mitcc102","?","henlb101","holkw101","fonsl101","hubec101","sandh101","burng101","harpg101","willc103","","","","K","F","F",5,5,3,"T","T",0,"F","F",1,"F","F",0,"F","F",0,"","F","F","",0,0,"N",0,"N",0,"N",0,0,0,0,"2","","","","F","F","F","F","F","F","F","F","F","","","","F","F","F","F","F","","","","",0,2,0,0,0,0,0,0,0,63,"PHI","CHN","PHI",0,"F","F",4,2,0,31,1,"F","F",0,0,"T","T","grift102","grimc101","T","T",0,0,0,0,0,0,0,0,0,"","","",0,0,0,0,0,0,0,0,0,0,0,0,0,"","F","F","F","F",0,0,0,0,0,0,0,0,0,0,F,F,"1925PHI.EVN.regular.event.csv",1383
"PHI192505140","CHN",8,0,2,0,0,"",4,2,"grift102","?","grift102","?","mitcc102","?","mitcc102","?","henlb101","holkw101","fonsl101","hubec101","sandh101","burng101","harpg101","willc103","","","","43","F","F",9,6,2,"T","T",0,"F","F",1,"F","F",0,"F","F",4,"G","F","F","",0,0,"N",0,"N",0,"N",0,0,0,0,"43","","","","F","F","F","F","F","F","F","F","F","","","","F","F","F","F","F","","","","",0,3,0,0,4,0,0,0,0,64,"PHI","CHN","PHI",0,"F","T",4,2,0,32,2,"T","F",0,0,"T","T","grimc101","mcaui101","T","T",0,0,0,0,0,0,0,0,0,"","","",0,0,0,0,0,0,0,0,0,0,0,0,0,"fonsl101","F","F","F","F",0,0,0,0,0,0,0,0,0,0,F,F,"1925PHI.EVN.regular.event.csv",1384
"PHI192505140","CHN",8,1,0,0,0,"",4,2,"fonsl101","?","fonsl101","?","alexg102","?","alexg102","?","hartg103","grimc101","adams101","fribb101","mcaui101","statj101","heatc101","grift102","","","","3/P","T","F",4,2,2,"T","T",0,"F","F",1,"F","F",0,"F","F",3,"P","F","F","",0,0,"N",0,"N",0,"N",0,0,0,0,"3","","","","F","F","F","F","F","F","F","F","F","","","","F","F","F","F","F","","","","",0,3,0,0,0,0,0,0,0,65,"PHI","PHI","CHN",1,"T","F",2,4,0,28,0,"T","F",0,0,"T","T","willc103","harpg101","T","T",0,0,0,0,0,0,0,0,0,"","","",0,0,0,0,0,0,0,0,0,0,0,0,0,"grimc101","F","F","F","F",0,0,0,0,0,0,0,0,0,0,F,F,"1925PHI.EVN.regular.event.csv",1385
"PHI192505140","CHN",8,1,1,0,0,"",4,2,"willc103","?","willc103","?","alexg102","?","alexg102","?","hartg103","grimc101","adams101","fribb101","mcaui101","statj101","heatc101","grift102","","","","6/P56D","F","F",9,3,2,"T","T",0,"F","F",1,"F","F",0,"F","F",6,"P","F","F","56D",0,0,"N",0,"N",0,"N",0,0,0,0,"6","","","","F","F","F","F","F","F","F","F","F","","","","F","F","F","F","F","","","","",0,6,0,0,0,0,0,0,0,66,"PHI","PHI","CHN",1,"F","F",2,4,0,29,1,"T","F",0,0,"T","T","harpg101","holkw101","T","T",0,0,0,0,0,0,0,0,0,"","","",0,0,0,0,0,0,0,0,0,0,0,0,0,"mcaui101","F","F","F","F",0,0,0,0,0,0,0,0,0,0,F,F,"1925PHI.EVN.regular.event.csv",1386
"PHI192505140","CHN",8,1,2,0,0,"",4,2,"harpg101","?","harpg101","?","alexg102","?","alexg102","?","hartg103","grimc101","adams101","fribb101","mcaui101","statj101","heatc101","grift102","","","","S9/F9LDW","F","F",8,4,20,"T","T",1,"F","F",0,"F","F",0,"F","F",9,"F","F","F","9LDW",0,0,"N",0,"N",0,"N",1,0,0,0,"","","","","F","F","F","F","F","F","F","F","F","","","","F","F","F","F","F","","","","",0,0,0,0,0,0,0,0,0,67,"PHI","PHI","CHN",1,"F","F",2,4,0,30,2,"T","F",0,1,"T","T","holkw101","henlb101","T","T",0,0,0,0,0,0,0,0,0,"","","",0,0,0,0,0,0,0,0,0,0,0,0,0,"grift102","F","F","F","F",0,0,0,0,0,0,0,0,0,0,F,F,"1925PHI.EVN.regular.event.csv",1387
"PHI192505140","CHN",8,1,2,0,0,"",4,2,"holkw101","?","holkw101","?","alexg102","?","alexg102","?","hartg103","grimc101","adams101","fribb101","mcaui101","statj101","heatc101","grift102","harpg101","","","8/F8XDW","F","F",3,5,2,"T","T",0,"F","F",1,"F","F",0,"F","F",8,"F","F","F","8XDW",0,0,"N",0,"N",0,"N",0,1,0,0,"8","","","","F","F","F","F","F","F","F","F","F","alexg102","","","F","F","F","F","F","","","","",0,8,0,0,0,0,0,0,0,68,"PHI","PHI","CHN",1,"F","T",2,4,0,31,3,"T","F",1,1,"T","T","henlb101","sandh101","T","T",8,4,67,0,0,0,0,0,0,"hartg103","","",0,0,0,0,0,0,0,0,0,0,0,0,0,"heatc101","F","F","F","F",0,0,0,0,0,0,0,0,0,0,F,F,"1925PHI.EVN.regular.event.csv",1388
"PHI192505140","CHN",9,0,0,0,0,"",4,2,"grimc101","?","grimc101","?","mitcc102","?","mitcc102","?","henlb101","holkw101","fonsl101","hubec101","sandh101","burng101","harpg101","willc103","","","","9/F","T","F",3,7,2,"T","T",0,"F","F",1,"F","F",0,"F","F",9,"F","F","F","",0,0,"N",0,"N",0,"N",0,0,0,0,"9","","","","F","F","F","F","F","F","F","F","F","","","","F","F","F","F","F","","","","",0,9,0,0,0,0,0,0,0,69,"PHI","CHN","PHI",0,"T","F",4,2,0,33,0,"T","F",0,0,"T","T","mcaui101","alexg102","T","T",0,0,0,0,0,0,0,0,0,"","","",0,0,0,0,0,0,0,0,0,0,0,0,0,"willc103","F","F","F","F",0,0,0,0,0,0,0,0,0,0,F,F,"1925PHI.EVN.regular.event.csv",1389
"PHI192505140","CHN",9,0,1,0,0,"",4,2,"mcaui101","?","mcaui101","?","mitcc102","?","mitcc102","?","henlb101","holkw101","fonsl101","hubec101","sandh101","burng101","harpg101","willc103","","","","D8/8XD","F","F",6,8,21,"T","T",2,"F","F",0,"F","F",0,"F","F",8,"","F","F","8XD",0,0,"N",0,"N",0,"N",2,0,0,0,"","","","","F","F","F","F","F","F","F","F","F","","","","F","F","F","F","F","","","","",0,0,0,0,0,0,0,0,0,70,"PHI","CHN","PHI",0,"F","F",4,2,0,34,1,"T","F",0,2,"T","T","alexg102","statj101","T","T",0,0,0,0,0,0,0,0,0,"","","",0,0,0,0,0,0,0,0,0,0,0,0,0,"harpg101","F","F","F","F",0,0,0,0,0,0,0,0,0,0,F,F,"1925PHI.EVN.regular.event.csv",1390
"PHI192505140","CHN",9,0,1,0,0,"",4,2,"alexg102","?","alexg102","?","mitcc102","?","mitcc102","?","henlb101","holkw101","fonsl101","hubec101","sandh101","burng101","harpg101","willc103","","mcaui101","","7/F","F","F",1,9,2,"T","T",0,"F","F",1,"F","F",0,"F","F",7,"F","F","F","",0,0,"N",0,"N",0,"N",0,0,2,0,"7","","","","F","F","F","F","F","F","F","F","F","","mitcc102","","F","F","F","F","F","","","","",0,7,0,0,0,0,0,0,0,71,"PHI","CHN","PHI",0,"F","F",4,2,0,35,2,"T","F",2,2,"T","T","statj101","heatc101","T","T",0,0,0,6,8,70,0,0,0,"","henlb101","",0,0,0,0,0,0,0,0,0,0,0,0,0,"burng101","F","F","F","F",0,0,0,0,0,0,0,0,0,0,F,F,"1925PHI.EVN.regular.event.csv",1391
"PHI192505140","CHN",9,0,2,0,0,"",4,2,"statj101","?","statj101","?","mitcc102","?","mitcc102","?","henlb101","holkw101","fonsl101","hubec101","sandh101","burng101","harpg101","willc103","","mcaui101","","13","F","F",7,1,2,"T","T",0,"F","F",1,"F","F",0,"F","F",1,"G","F","F","",0,0,"N",0,"N",0,"N",0,0,2,0,"13","","","","F","F","F","F","F","F","F","F","F","","mitcc102","","F","F","F","F","F","","","","",0,3,0,0,1,0,0,0,0,72,"PHI","CHN","PHI",0,"F","T",4,2,0,36,3,"T","F",2,2,"T","T","heatc101","adams101","T","T",0,0,0,6,8,70,0,0,0,"","henlb101","",0,0,0,0,0,0,0,0,0,0,0,0,0,"mitcc102","F","F","F","F",0,0,0,0,0,0,0,0,0,0,F,F,"1925PHI.EVN.regular.event.csv",1392
"PHI192505140","CHN",9,1,0,0,0,"X",4,2,"henlb101","?","henlb101","?","alexg102","?","alexg102","?","hartg103","grimc101","adams101","fribb101","mcaui101","statj101","heatc101","grift102","","","","7/F","T","F",2,6,2,"T","T",0,"F","F",1,"F","F",0,"F","F",7,"F","F","F","",0,0,"N",0,"N",0,"N",0,0,0,0,"7","","","","F","F","F","F","F","F","F","F","F","","","","F","F","F","F","F","","","","",0,7,0,0,0,0,0,0,0,73,"PHI","PHI","CHN",1,"T","F",2,4,0,32,0,"T","F",0,0,"T","T","sandh101","hubec101","T","T",0,0,0,0,0,0,0,0,0,"","","",0,0,0,0,0,0,1,0,0,0,1,0,0,"statj101","F","F","F","F",0,0,0,0,0,0,0,0,0,0,F,F,"1925PHI.EVN.regular.event.csv",1393
"PHI192505140","CHN",9,1,1,0,2,"KKX",4,2,"hawkc101","?","hawkc101","?","alexg102","?","alexg102","?","hartg103","grimc101","adams101","fribb101","mcaui101","statj101","heatc101","grift102","","","","S9","F","T",11,7,20,"T","T",1,"F","F",0,"F","F",0,"F","F",9,"","F","F","",0,0,"N",0,"N",0,"N",1,0,0,0,"","","","","F","F","F","F","F","F","F","F","F","","","","F","F","F","F","F","","","","sandh101",6,0,0,0,0,0,0,0,0,74,"PHI","PHI","CHN",1,"F","F",2,4,0,33,1,"T","F",0,1,"F","F","hubec101","mitcc102","T","T",0,0,0,0,0,0,0,0,0,"","","",0,0,0,0,0,0,3,0,0,0,1,2,0,"grift102","F","F","F","F",3,0,0,0,0,0,0,0,0,0,F,F,"1925PHI.EVN.regular.event.csv",1394
"PHI192505140","CHN",9,1,1,3,0,"BBBB",4,2,"wrigr102","?","wrigr102","?","alexg102","?","alexg102","?","hartg103","grimc101","adams101","fribb101","mcaui101","statj101","heatc101","grift102","hawkc101","","","W.1-2","F","T",11,8,14,"T","F",0,"F","F",0,"F","F",0,"F","F",0,"","F","F","",0,0,"N",0,"N",0,"N",1,2,0,0,"","","","","F","F","F","F","F","F","F","F","F","alexg102","","","F","F","F","F","F","","","","hubec101",5,0,0,0,0,0,0,0,0,75,"PHI","PHI","CHN",1,"F","F",2,4,0,34,2,"T","F",1,3,"F","F","mitcc102","burng101","T","T",11,7,74,0,0,0,0,0,0,"hartg103","","",4,4,0,0,0,0,0,0,0,0,0,0,0,"","F","F","F","F",2,3,0,0,0,0,0,0,0,0,F,F,"1925PHI.EVN.regular.event.csv",1395
"PHI192505140","CHN",9,1,1,0,0,"",4,2,"wilsj105","?","wilsj105","?","alexg102","?","alexg102","?","hartg103","grimc101","adams101","fribb101","mcaui101","statj101","heatc101","grift102","wrigr102","hawkc101","","43/G4S.2-3;1-2","F","T",11,9,2,"T","T",0,"F","F",1,"F","F",0,"F","F",4,"G","F","F","4S",0,0,"N",0,"N",0,"N",0,2,3,0,"43","","","","F","F","F","F","F","F","F","F","F","alexg102","alexg102","","F","F","F","F","F","","","","mitcc102",1,3,0,0,4,0,0,0,0,76,"PHI","PHI","CHN",1,"F","F",2,4,0,35,3,"T","F",3,6,"F","F","burng101","fonsl101","T","T",11,8,75,11,7,74,0,0,0,"hartg103","hartg103","",0,0,0,0,0,0,0,0,0,0,0,0,0,"adams101","F","F","F","F",0,2,3,0,0,0,0,0,0,0,F,F,"1925PHI.EVN.regular.event.csv",1396
"PHI192505140","CHN",9,1,2,0,0,"",4,2,"schuj101","?","schuj101","?","alexg102","?","alexg102","?","hartg103","grimc101","adams101","fribb101","mcaui101","statj101","heatc101","grift102","","wrigr102","hawkc101","3/G","F","T",11,1,2,"T","T",0,"F","F",1,"F","F",0,"F","F",3,"G","F","F","",0,0,"N",0,"N",0,"N",0,0,2,3,"3","","","","F","F","F","F","F","F","F","F","F","","alexg102","alexg102","F","T","F","F","F","","","","burng101",7,3,0,0,0,0,0,0,0,77,"PHI","PHI","CHN",1,"F","T",2,4,0,36,4,"T","F",6,6,"F","F","fonsl101","willc103","T","T",0,0,0,11,8,75,11,7,74,"","hartg103","hartg103",0,0,0,0,0,0,0,0,0,0,0,0,0,"grimc101","F","F","F","F",0,0,2,3,0,0,0,0,0,0,F,F,"1925PHI.EVN.regular.event.csv",1397
"PHI192505150","CHN",1,0,0,0,0,"",0,0,"statj101","?","statj101","?","betth101","?","betth101","?","wilsj105","hawkc101","fonsl101","hubec101","sandh101","burng101","harpg101","willc103","","","","4/P","T","F",7,1,2,"T","T",0,"F","F",1,"F","F",0,"F","F",4,"P","F","F","",0,0,"N",0,"N",0,"N",0,0,0,0,"4","","","","F","F","F","F","F","F","F","F","F","","","","T","F","F","F","F","","","","",0,4,0,0,0,0,0,0,0,1,"PHI","CHN","PHI",0,"T","F",0,0,0,0,0,"T","F",0,0,"T","T","heatc101","adams101","T","T",0,0,0,0,0,0,0,0,0,"","","",0,0,0,0,0,0,0,0,0,0,0,0,0,"fonsl101","F","F","F","F",0,0,0,0,0,0,0,0,0,0,F,F,"1925PHI.EVN.regular.event.csv",1398
"PHI192505150","CHN",1,0,1,0,0,"",0,0,"heatc101","?","heatc101","?","betth101","?","betth101","?","wilsj105","hawkc101","fonsl101","hubec101","sandh101","burng101","harpg101","willc103","","","","7/L","F","F",8,2,2,"T","T",0,"F","F",1,"F","F",0,"F","F",7,"L","F","F","",0,0,"N",0,"N",0,"N",0,0,0,0,"7","","","","F","F","F","F","F","F","F","F","F","","","","F","F","F","F","F","","","","",0,7,0,0,0,0,0,0,0,2,"PHI","CHN","PHI",0,"F","F",0,0,0,1,1,"T","F",0,0,"T","T","adams101","hartg103","T","T",0,0,0,0,0,0,0,0,0,"","","",0,0,0,0,0,0,0,0,0,0,0,0,0,"burng101","F","F","F","F",0,0,0,0,0,0,0,0,0,0,F,F,"1925PHI.EVN.regular.event.csv",1399
"PHI192505150","CHN",1,0,2,0,0,"",0,0,"adams101","?","adams101","?","betth101","?","betth101","?","wilsj105","hawkc101","fonsl101","hubec101","sandh101","burng101","harpg101","willc103","","","","8/F8XD","F","F",4,3,2,"T","T",0,"F","F",1,"F","F",0,"F","F",8,"F","F","F","8XD",0,0,"N",0,"N",0,"N",0,0,0,0,"8","","","","F","F","F","F","F","F","F","F","F","","","","F","F","F","F","F","","","","",0,8,0,0,0,0,0,0,0,3,"PHI","CHN","PHI",0,"F","T",0,0,0,2,2,"T","F",0,0,"T","T","hartg103","fribb101","T","T",0,0,0,0,0,0,0,0,0,"","","",0,0,0,0,0,0,0,0,0,0,0,0,0,"harpg101","F","F","F","F",0,0,0,0,0,0,0,0,0,0,F,F,"1925PHI.EVN.regular.event.csv",1400
"PHI192505150","CHN",1,1,0,0,0,"",0,0,"burng101","?","burng101","?","blaks101","?","blaks101","?","hartg103","grimc101","adams101","fribb101","mcaui101","statj101","heatc101","grift102","","","","S7","T","F",7,1,20,"T","T",1,"F","F",0,"F","F",0,"F","F",7,"","F","F","",0,0,"N",0,"N",0,"N",1,0,0,0,"","","","","F","F","F","F","F","F","F","F","F","","","","F","F","F","F","F","","","","",0,0,0,0,0,0,0,0,0,4,"PHI","PHI","CHN",1,"T","F",0,0,0,0,0,"T","F",0,1,"T","T","fonsl101","willc103","T","T",0,0,0,0,0,0,0,0,0,"","","",0,0,0,0,0,0,0,0,0,0,0,0,0,"statj101","F","F","F","F",5,0,0,0,4,0,0,0,0,0,F,F,"1925PHI.EVN.regular.event.csv",1401
"PHI192505150","CHN",1,1,0,0,0,"",0,0,"fonsl101","?","fonsl101","?","blaks101","?","blaks101","?","hartg103","grimc101","adams101","fribb101","mcaui101","statj101","heatc101","grift102","burng101","","","W.1-2","F","F",4,2,14,"T","F",0,"F","F",0,"F","F",0,"F","F",0,"","F","F","",0,0,"N",0,"N",0,"N",1,2,0,0,"","","","","F","F","F","F","F","F","F","F","F","blaks101","","","F","F","F","F","F","","","","",0,0,0,0,0,0,0,0,0,5,"PHI","PHI","CHN",1,"F","F",0,0,0,1,1,"T","F",1,3,"T","T","willc103","harpg101","T","T",7,1,4,0,0,0,0,0,0,"hartg103","","",0,0,0,0,0,0,0,0,0,0,0,0,0,"","F","F","F","F",4,5,0,0,4,0,0,0,0,0,F,F,"1925PHI.EVN.regular.event.csv",1402
"PHI192505150","CHN",1,1,0,0,0,"",0,0,"willc103","?","willc103","?","blaks101","?","blaks101","?","hartg103","grimc101","adams101","fribb101","mcaui101","statj101","heatc101","grift102","fonsl101","burng101","","8/F.2X3(8E5)","F","F",9,3,2,"T","T",0,"F","F",1,"F","F",0,"F","F",8,"F","F","F","",1,5,"D",0,"N",0,"N",0,1,3,0,"8","","8E5","","F","F","F","F","F","F","F","F","F","blaks101","blaks101","","F","F","F","F","F","","","","",0,8,0,0,8,0,0,0,0,6,"PHI","PHI","CHN",1,"F","F",0,0,0,2,2,"T","F",3,5,"T","T","harpg101","hawkc101","T","T",4,2,5,7,1,4,0,0,0,"hartg103","hartg103","",0,0,0,0,0,0,0,0,0,0,0,0,0,"heatc101","F","F","F","F",0,4,5,0,4,0,0,0,0,0,F,F,"1925PHI.EVN.regular.event.csv",1403
"PHI192505150","CHN",1,1,1,0,0,"",0,0,"harpg101","?","harpg101","?","blaks101","?","blaks101","?","hartg103","grimc101","adams101","fribb101","mcaui101","statj101","heatc101","grift102","fonsl101","","burng101","D9/9L.3-H(UR);1-H(E9/TH2)(NR)","F","F",8,4,21,"T","T",2,"F","F",0,"F","F",1,"F","F",9,"","F","F","9L",1,9,"T",0,"N",0,"N",2,4,0,5,"","","","","F","F","F","F","F","F","F","F","F","blaks101","","blaks101","F","F","F","F","F","","","","",0,0,0,0,0,0,0,0,0,7,"PHI","PHI","CHN",1,"F","F",0,0,0,3,3,"T","F",5,2,"T","T","hawkc101","wilsj105","T","T",4,2,5,0,0,0,7,1,4,"hartg103","","hartg103",0,0,0,0,0,0,0,0,0,0,0,0,2,"grift102","F","F","F","F",5,4,0,5,2,0,0,0,0,0,F,F,"1925PHI.EVN.regular.event.csv",1404
"PHI192505150","CHN",1,1,1,0,0,"",0,2,"hawkc101","?","hawkc101","?","blaks101","?","blaks101","?","hartg103","grimc101","adams101","fribb101","mcaui101","statj101","heatc101","grift102","","harpg101","","S7.2-H(UR);B-2(THH)","F","F",3,5,20,"T","T",1,"F","F",0,"F","F",1,"F","F",7,"","F","F","",0,0,"N",0,"N",0,"N",2,0,5,0,"","","","","F","F","F","F","F","F","F","F","F","","blaks101","","F","F","F","F","F","","","","",0,0,0,0,0,0,0,0,0,8,"PHI","PHI","CHN",1,"F","F",2,0,2,4,4,"T","F",2,2,"T","T","wilsj105","sandh101","T","T",0,0,0,8,4,7,0,0,0,"","hartg103","",0,0,0,0,0,0,0,0,0,0,0,0,1,"statj101","F","F","F","F",4,0,5,0,1,0,0,0,0,0,F,F,"1925PHI.EVN.regular.event.csv",1405
"PHI192505150","CHN",1,1,1,0,0,"",0,3,"wilsj105","?","wilsj105","?","jacoe101","?","jacoe101","?","hartg103","grimc101","adams101","fribb101","mcaui101","statj101","heatc101","grift102","","hawkc101","","W","F","F",2,6,14,"T","F",0,"F","F",0,"F","F",0,"F","F",0,"","F","F","",0,0,"N",0,"N",0,"N",1,0,2,0,"","","","","F","F","F","F","F","F","F","F","F","","blaks101","","F","F","F","F","F","","","","",0,0,0,0,0,0,0,0,0,9,"PHI","PHI","CHN",1,"F","F",3,0,3,5,5,"T","F",2,3,"T","T","sandh101","hubec101","F","F",0,0,0,3,5,8,0,0,0,"","hartg103","",0,0,0,0,0,0,0,0,0,0,0,0,0,"","F","F","F","F",0,0,4,0,1,0,0,0,0,0,F,F,"1925PHI.EVN.regular.event.csv",1406
"PHI192505150","CHN",1,1,1,0,0,"",0,3,"sandh101","?","sandh101","?","jacoe101","?","jacoe101","?","hartg103","grimc101","adams101","fribb101","mcaui101","statj101","heatc101","grift102","wilsj105","hawkc101","","FLE7","F","F",6,7,13,"F","F",0,"F","F",0,"F","F",0,"F","F",7,"F","F","T","",1,7,"F",0,"N",0,"N",0,1,2,0,"","","","","F","F","F","F","F","F","F","F","F","jacoe101","blaks101","","F","F","F","F","F","","","","",0,0,0,0,0,0,0,0,0,10,"PHI","PHI","CHN",1,"F","F",3,0,3,6,6,"T","F",3,3,"T","T","hubec101","betth101","F","F",2,6,9,3,5,8,0,0,0,"hartg103","hartg103","",0,0,0,0,0,0,0,0,0,0,0,0,0,"statj101","F","F","F","F",0,0,4,0,1,0,0,0,0,0,F,F,"1925PHI.EVN.regular.event.csv",1407
"PHI192505150","CHN",1,1,1,0,0,"",0,3,"sandh101","?","sandh101","?","jacoe101","?","jacoe101","?","hartg103","grimc101","adams101","fribb101","mcaui101","statj101","heatc101","grift102","wilsj105","hawkc101","","S7.2-H;1-2","F","F",6,7,20,"T","T",1,"F","F",0,"F","F",1,"F","F",7,"","F","F","",0,0,"N",0,"N",0,"N",1,2,4,0,"","","","","F","F","F","F","F","F","F","F","F","jacoe101","blaks101","","F","F","F","F","F","","","","",0,0,0,0,0,0,0,0,0,11,"PHI","PHI","CHN",1,"F","F",3,0,3,6,6,"F","F",3,3,"T","T","hubec101","betth101","F","F",2,6,9,3,5,8,0,0,0,"hartg103","hartg103","",0,0,0,0,0,0,0,0,0,0,0,0,1,"statj101","F","F","F","F",0,0,4,0,0,0,0,0,0,0,F,F,"1925PHI.EVN.regular.event.csv",1408
"PHI192505150","CHN",1,1,1,0,0,"",0,4,"hubec101","?","hubec101","?","jacoe101","?","jacoe101","?","hartg103","grimc101","adams101","fribb101","mcaui101","statj101","heatc101","grift102","sandh101","wilsj105","","13.2-3;1-2","F","F",5,8,2,"T","T",0,"F","F",1,"F","F",0,"F","F",1,"G","F","F","",0,0,"N",0,"N",0,"N",0,2,3,0,"13","","","","F","F","F","F","F","F","F","F","F","jacoe101","jacoe101","","F","F","F","F","F","","","","",0,3,0,0,1,0,0,0,0,12,"PHI","PHI","CHN",1,"F","F",4,0,4,7,7,"T","F",3,6,"T","T","betth101","burng101","F","F",6,7,11,2,6,9,0,0,0,"hartg103","hartg103","",0,0,0,0,0,0,0,0,0,0,0,0,0,"jacoe101","F","F","F","F",0,0,0,0,0,0,0,0,0,0,F,F,"1925PHI.EVN.regular.event.csv",1409
"PHI192505150","CHN",1,1,2,0,0,"",0,4,"betth101","?","betth101","?","jacoe101","?","jacoe101","?","hartg103","grimc101","adams101","fribb101","mcaui101","statj101","heatc101","grift102","","sandh101","wilsj105","6/P","F","F",1,9,2,"T","T",0,"F","F",1,"F","F",0,"F","F",6,"P","F","F","",0,0,"N",0,"N",0,"N",0,0,2,3,"6","","","","F","F","F","F","F","F","F","F","F","","jacoe101","jacoe101","F","F","F","F","F","","","","",0,6,0,0,0,0,0,0,0,13,"PHI","PHI","CHN",1,"F","T",4,0,4,8,8,"T","F",6,6,"T","T","burng101","fonsl101","F","F",0,0,0,6,7,11,2,6,9,"","hartg103","hartg103",0,0,0,0,0,0,0,0,0,0,0,0,0,"mcaui101","F","F","F","F",0,0,0,0,0,0,0,0,0,0,F,F,"1925PHI.EVN.regular.event.csv",1410
"PHI192505150","CHN",2,0,0,0,0,"",0,4,"hartg103","?","hartg103","?","betth101","?","betth101","?","wilsj105","hawkc101","fonsl101","hubec101","sandh101","burng101","harpg101","willc103","","","","63","T","F",2,4,2,"T","T",0,"F","F",1,"F","F",0,"F","F",6,"G","F","F","",0,0,"N",0,"N",0,"N",0,0,0,0,"63","","","","F","F","F","F","F","F","F","F","F","","","","F","F","F","F","F","","","","",0,3,0,0,6,0,0,0,0,14,"PHI","CHN","PHI",0,"T","F",0,4,0,3,0,"T","F",0,0,"T","T","fribb101","grift102","T","T",0,0,0,0,0,0,0,0,0,"","","",0,0,0,0,0,0,0,0,0,0,0,0,0,"sandh101","F","F","F","F",0,0,0,0,0,0,0,0,0,0,F,F,"1925PHI.EVN.regular.event.csv",1411
"PHI192505150","CHN",2,0,1,0,0,"",0,4,"fribb101","?","fribb101","?","betth101","?","betth101","?","wilsj105","hawkc101","fonsl101","hubec101","sandh101","burng101","harpg101","willc103","","","","K","F","F",5,5,3,"T","T",0,"F","F",1,"F","F",0,"F","F",0,"","F","F","",0,0,"N",0,"N",0,"N",0,0,0,0,"2","","","","F","F","F","F","F","F","F","F","F","","","","F","F","F","F","F","","","","",0,2,0,0,0,0,0,0,0,15,"PHI","CHN","PHI",0,"F","F",0,4,0,4,1,"T","F",0,0,"T","T","grift102","grimc101","T","T",0,0,0,0,0,0,0,0,0,"","","",0,0,0,0,0,0,0,0,0,0,0,0,0,"","F","F","F","F",0,0,0,0,0,0,0,0,0,0,F,F,"1925PHI.EVN.regular.event.csv",1412
"PHI192505150","CHN",2,0,2,0,0,"",0,4,"grift102","?","grift102","?","betth101","?","betth101","?","wilsj105","hawkc101","fonsl101","hubec101","sandh101","burng101","harpg101","willc103","","","","E4/G","F","F",9,6,18,"T","T",0,"F","F",0,"F","F",0,"F","F",4,"G","F","F","",1,4,"F",0,"N",0,"N",1,0,0,0,"","","","","F","F","F","F","F","F","F","F","F","","","","F","F","F","F","F","","","","",0,0,0,0,0,0,0,0,0,16,"PHI","CHN","PHI",0,"F","F",0,4,0,5,2,"T","F",0,1,"T","T","grimc101","mcaui101","T","T",0,0,0,0,0,0,0,0,0,"","","",0,0,0,0,0,0,0,0,0,0,0,0,0,"fonsl101","F","F","F","T",0,0,0,0,0,0,0,0,0,0,F,F,"1925PHI.EVN.regular.event.csv",1413
"PHI192505150","CHN",2,0,2,0,0,"",0,4,"grimc101","?","grimc101","?","betth101","?","betth101","?","wilsj105","hawkc101","fonsl101","hubec101","sandh101","burng101","harpg101","willc103","grift102","","","S5/G.1-2","F","F",3,7,20,"T","T",1,"F","F",0,"F","F",0,"F","F",5,"G","F","F","",0,0,"N",0,"N",0,"N",1,2,0,0,"","","","","F","F","F","F","F","F","F","F","F","betth101","","","F","F","F","F","F","","","","",0,0,0,0,0,0,0,0,0,17,"PHI","CHN","PHI",0,"F","F",0,4,0,6,3,"T","F",1,3,"T","T","mcaui101","jacoe101","T","T",9,6,16,0,0,0,0,0,0,"wilsj105","","",0,0,0,0,0,0,0,0,0,0,0,0,0,"hubec101","F","F","F","F",0,0,0,0,0,0,0,0,0,0,F,F,"1925PHI.EVN.regular.event.csv",1414
"PHI192505150","CHN",2,0,2,0,0,"",0,4,"mcaui101","?","mcaui101","?","betth101","?","betth101","?","wilsj105","hawkc101","fonsl101","hubec101","sandh101","burng101","harpg101","willc103","grimc101","grift102","","3/G","F","F",6,8,2,"T","T",0,"F","F",1,"F","F",0,"F","F",3,"G","F","F","",0,0,"N",0,"N",0,"N",0,1,2,0,"3","","","","F","F","F","F","F","F","F","F","F","betth101","betth101","","F","F","F","F","F","","","","",0,3,0,0,0,0,0,0,0,18,"PHI","CHN","PHI",0,"F","T",0,4,0,7,4,"T","F",3,3,"T","T","jacoe101","statj101","T","T",3,7,17,9,6,16,0,0,0,"wilsj105","wilsj105","",0,0,0,0,0,0,0,0,0,0,0,0,0,"hawkc101","F","F","F","F",0,0,0,0,0,0,0,0,0,0,F,F,"1925PHI.EVN.regular.event.csv",1415
"PHI192505150","CHN",2,1,0,0,0,"",0,4,"burng101","?","burng101","?","jacoe101","?","jacoe101","?","hartg103","grimc101","adams101","fribb101","mcaui101","statj101","heatc101","grift102","","","","W","T","F",7,1,14,"T","F",0,"F","F",0,"F","F",0,"F","F",0,"","F","F","",0,0,"N",0,"N",0,"N",1,0,0,0,"","","","","F","F","F","F","F","F","F","F","F","","","","F","F","F","F","F","","","","",0,0,0,0,0,0,0,0,0,19,"PHI","PHI","CHN",1,"T","F",4,0,0,9,0,"T","F",0,1,"T","T","fonsl101","willc103","F","F",0,0,0,0,0,0,0,0,0,"","","",0,0,0,0,0,0,0,0,0,0,0,0,0,"","F","F","F","F",0,0,0,0,0,0,0,0,0,0,F,F,"1925PHI.EVN.regular.event.csv",1416
"PHI192505150","CHN",2,1,0,0,0,"",0,4,"fonsl101","?","fonsl101","?","jacoe101","?","jacoe101","?","hartg103","grimc101","adams101","fribb101","mcaui101","statj101","heatc101","grift102","burng101","","","K/C","F","F",4,2,3,"T","T",0,"F","F",1,"F","F",0,"F","F",0,"","F","F","",0,0,"N",0,"N",0,"N",0,1,0,0,"2","","","","F","F","F","F","F","F","F","F","F","jacoe101","","","F","F","F","F","F","","","","",0,2,0,0,0,0,0,0,0,20,"PHI","PHI","CHN",1,"F","F",4,0,0,10,1,"T","F",1,1,"T","T","willc103","harpg101","F","F",7,1,19,0,0,0,0,0,0,"hartg103","","",0,0,0,0,0,0,0,0,0,0,0,0,0,"","F","F","F","F",0,0,0,0,0,0,0,0,0,0,F,F,"1925PHI.EVN.regular.event.csv",1417
"PHI192505150","CHN",2,1,1,0,0,"",0,4,"willc103","?","willc103","?","jacoe101","?","jacoe101","?","hartg103","grimc101","adams101","fribb101","mcaui101","statj101","heatc101","grift102","burng101","","","3/G.1-2","F","F",9,3,2,"T","T",0,"F","F",1,"F","F",0,"F","F",3,"G","F","F","",0,0,"N",0,"N",0,"N",0,2,0,0,"3","","","","F","F","F","F","F","F","F","F","F","jacoe101","","","F","F","F","F","F","","","","",0,3,0,0,0,0,0,0,0,21,"PHI","PHI","CHN",1,"F","F",4,0,0,11,2,"T","F",1,2,"T","T","harpg101","hawkc101","F","F",7,1,19,0,0,0,0,0,0,"hartg103","","",0,0,0,0,0,0,0,0,0,0,0,0,0,"grimc101","F","F","F","F",0,0,0,0,0,0,0,0,0,0,F,F,"1925PHI.EVN.regular.event.csv",1418
"PHI192505150","CHN",2,1,2,0,0,"",0,4,"harpg101","?","harpg101","?","jacoe101","?","jacoe101","?","hartg103","grimc101","adams101","fribb101","mcaui101","statj101","heatc101","grift102","","burng101","","43","F","F",8,4,2,"T","T",0,"F","F",1,"F","F",0,"F","F",4,"G","F","F","",0,0,"N",0,"N",0,"N",0,0,2,0,"43","","","","F","F","F","F","F","F","F","F","F","","jacoe101","","F","F","F","F","F","","","","",0,3,0,0,4,0,0,0,0,22,"PHI","PHI","CHN",1,"F","T",4,0,0,12,3,"T","F",2,2,"T","T","hawkc101","wilsj105","F","F",0,0,0,7,1,19,0,0,0,"","hartg103","",0,0,0,0,0,0,0,0,0,0,0,0,0,"adams101","F","F","F","F",0,0,0,0,0,0,0,0,0,0,F,F,"1925PHI.EVN.regular.event.csv",1419
"PHI192505150","CHN",3,0,0,0,0,"",0,4,"jacoe101","?","jacoe101","?","betth101","?","betth101","?","wilsj105","hawkc101","fonsl101","hubec101","sandh101","burng101","harpg101","willc103","","","","3/P","T","F",1,9,2,"T","T",0,"F","F",1,"F","F",0,"F","F",3,"P","F","F","",0,0,"N",0,"N",0,"N",0,0,0,0,"3","","","","F","F","F","F","F","F","F","F","F","","","","F","F","F","F","F","","","","",0,3,0,0,0,0,0,0,0,23,"PHI","CHN","PHI",0,"T","F",0,4,0,8,0,"T","F",0,0,"F","F","statj101","heatc101","T","T",0,0,0,0,0,0,0,0,0,"","","",0,0,0,0,0,0,0,0,0,0,0,0,0,"hawkc101","F","F","F","F",0,0,0,0,0,0,0,0,0,0,F,F,"1925PHI.EVN.regular.event.csv",1420
"PHI192505150","CHN",3,0,1,0,0,"",0,4,"statj101","?","statj101","?","betth101","?","betth101","?","wilsj105","hawkc101","fonsl101","hubec101","sandh101","burng101","harpg101","willc103","","","","53","F","F",7,1,2,"T","T",0,"F","F",1,"F","F",0,"F","F",5,"G","F","F","",0,0,"N",0,"N",0,"N",0,0,0,0,"53","","","","F","F","F","F","F","F","F","F","F","","","","F","F","F","F","F","","","","",0,3,0,0,5,0,0,0,0,24,"PHI","CHN","PHI",0,"F","F",0,4,0,9,1,"T","F",0,0,"T","T","heatc101","adams101","T","T",0,0,0,0,0,0,0,0,0,"","","",0,0,0,0,0,0,0,0,0,0,0,0,0,"hubec101","F","F","F","F",0,0,0,0,0,0,0,0,0,0,F,F,"1925PHI.EVN.regular.event.csv",1421
"PHI192505150","CHN",3,0,2,0,0,"",0,4,"heatc101","?","heatc101","?","betth101","?","betth101","?","wilsj105","hawkc101","fonsl101","hubec101","sandh101","burng101","harpg101","willc103","","","","7/F","F","F",8,2,2,"T","T",0,"F","F",1,"F","F",0,"F","F",7,"F","F","F","",0,0,"N",0,"N",0,"N",0,0,0,0,"7","","","","F","F","F","F","F","F","F","F","F","","","","F","F","F","F","F","","","","",0,7,0,0,0,0,0,0,0,25,"PHI","CHN","PHI",0,"F","T",0,4,0,10,2,"T","F",0,0,"T","T","adams101","hartg103","T","T",0,0,0,0,0,0,0,0,0,"","","",0,0,0,0,0,0,0,0,0,0,0,0,0,"burng101","F","F","F","F",0,0,0,0,0,0,0,0,0,0,F,F,"1925PHI.EVN.regular.event.csv",1422
"PHI192505150","CHN",3,1,0,0,0,"",0,4,"hawkc101","?","hawkc101","?","jacoe101","?","jacoe101","?","hartg103","grimc101","adams101","fribb101","mcaui101","statj101","heatc101","grift102","","","","K","T","F",3,5,3,"T","T",0,"F","F",1,"F","F",0,"F","F",0,"","F","F","",0,0,"N",0,"N",0,"N",0,0,0,0,"2","","","","F","F","F","F","F","F","F","F","F","","","","F","F","F","F","F","","","","",0,2,0,0,0,0,0,0,0,26,"PHI","PHI","CHN",1,"T","F",4,0,0,13,0,"T","F",0,0,"T","T","wilsj105","sandh101","F","F",0,0,0,0,0,0,0,0,0,"","","",0,0,0,0,0,0,0,0,0,0,0,0,0,"","F","F","F","F",0,0,0,0,1,0,0,0,0,0,F,F,"1925PHI.EVN.regular.event.csv",1423
"PHI192505150","CHN",3,1,1,0,0,"",0,4,"wilsj105","?","wilsj105","?","jacoe101","?","jacoe101","?","hartg103","grimc101","adams101","fribb101","mcaui101","statj101","heatc101","grift102","","","","HR/F78XD","F","F",2,6,23,"T","T",4,"F","F",0,"F","F",1,"F","F",0,"F","F","F","78XD",0,0,"N",0,"N",0,"N",4,0,0,0,"","","","","F","F","F","F","F","F","F","F","F","","","","F","F","F","F","F","","","","",0,0,0,0,0,0,0,0,0,27,"PHI","PHI","CHN",1,"F","F",4,0,0,14,1,"T","F",0,0,"T","T","sandh101","hubec101","F","F",0,0,0,0,0,0,0,0,0,"","","",0,0,0,0,0,0,0,0,0,0,0,0,1,"","F","F","F","F",4,0,0,0,0,0,0,0,0,0,F,F,"1925PHI.EVN.regular.event.csv",1424
"PHI192505150","CHN",3,1,1,0,0,"",0,5,"sandh101","?","sandh101","?","jacoe101","?","jacoe101","?","hartg103","grimc101","adams101","fribb101","mcaui101","statj101","heatc101","grift102","","","","E5/TH1","F","F",6,7,18,"T","T",0,"F","F",0,"F","F",0,"F","F",5,"G","F","F","",1,5,"T",0,"N",0,"N",1,0,0,0,"","","","","F","F","F","F","F","F","F","F","F","","","","F","F","F","F","F","","","","",0,0,0,0,0,0,0,0,0,28,"PHI","PHI","CHN",1,"F","F",5,0,1,15,2,"T","F",0,1,"T","T","hubec101","betth101","F","F",0,0,0,0,0,0,0,0,0,"","","",0,0,0,0,0,0,0,0,0,0,0,0,0,"fribb101","F","F","F","T",0,0,0,0,0,0,0,0,0,0,F,F,"1925PHI.EVN.regular.event.csv",1425
"PHI192505150","CHN",3,1,1,0,0,"",0,5,"hubec101","?","hubec101","?","jacoe101","?","jacoe101","?","hartg103","grimc101","adams101","fribb101","mcaui101","statj101","heatc101","grift102","sandh101","","","S9.1-3;BX2(94)","F","F",5,8,20,"T","T",1,"F","F",1,"F","F",0,"F","F",9,"","F","F","",0,0,"N",0,"N",0,"N",0,3,0,0,"94","","","","F","F","F","F","F","F","F","F","F","jacoe101","","","F","F","F","F","F","","","","",0,4,0,0,9,0,0,0,0,29,"PHI","PHI","CHN",1,"F","F",5,0,1,16,3,"T","F",1,4,"T","T","betth101","burng101","F","F",6,7,28,0,0,0,0,0,0,"hartg103","","",0,0,0,0,0,0,0,0,0,0,0,0,0,"grift102","F","F","F","F",0,0,0,0,0,0,0,0,0,0,F,F,"1925PHI.EVN.regular.event.csv",1426
"PHI192505150","CHN",3,1,2,0,0,"",0,5,"betth101","?","betth101","?","jacoe101","?","jacoe101","?","hartg103","grimc101","adams101","fribb101","mcaui101","statj101","heatc101","grift102","","","sandh101","13","F","F",1,9,2,"T","T",0,"F","F",1,"F","F",0,"F","F",1,"G","F","F","",0,0,"N",0,"N",0,"N",0,0,0,3,"13","","","","F","F","F","F","F","F","F","F","F","","","jacoe101","F","F","F","F","F","","","","",0,3,0,0,1,0,0,0,0,30,"PHI","PHI","CHN",1,"F","T",5,0,1,17,4,"T","F",4,4,"T","T","burng101","fonsl101","F","F",0,0,0,0,0,0,6,7,28,"","","hartg103",0,0,0,0,0,0,0,0,0,0,0,0,0,"jacoe101","F","F","F","F",0,0,0,0,0,0,0,0,0,0,F,F,"1925PHI.EVN.regular.event.csv",1427
"PHI192505150","CHN",4,0,0,0,0,"",0,5,"adams101","?","adams101","?","betth101","?","betth101","?","wilsj105","hawkc101","fonsl101","hubec101","sandh101","burng101","harpg101","willc103","","","","T8/8XD+","T","F",4,3,22,"T","T",3,"F","F",0,"F","F",0,"F","F",8,"","F","F","8XD",0,0,"N",0,"N",0,"N",3,0,0,0,"","","","","F","F","F","F","F","F","F","F","F","","","","F","F","F","F","F","","","","",0,0,0,0,0,0,0,0,0,31,"PHI","CHN","PHI",0,"T","F",0,5,0,11,0,"T","F",0,4,"T","T","hartg103","fribb101","T","T",0,0,0,0,0,0,0,0,0,"","","",0,0,0,0,0,0,0,0,0,0,0,0,0,"harpg101","F","F","F","F",4,0,0,0,1,0,0,0,0,0,F,F,"1925PHI.EVN.regular.event.csv",1428
"PHI192505150","CHN",4,0,0,0,0,"",0,5,"hartg103","?","hartg103","?","betth101","?","betth101","?","wilsj105","hawkc101","fonsl101","hubec101","sandh101","burng101","harpg101","willc103","","","adams101","S7.3-H","F","F",2,4,20,"T","T",1,"F","F",0,"F","F",1,"F","F",7,"","F","F","",0,0,"N",0,"N",0,"N",1,0,0,4,"","","","","F","F","F","F","F","F","F","F","F","","","betth101","F","F","F","F","F","","","","",0,0,0,0,0,0,0,0,0,32,"PHI","CHN","PHI",0,"F","F",0,5,0,12,1,"T","F",4,1,"T","T","fribb101","grift102","T","T",0,0,0,0,0,0,4,3,31,"","","wilsj105",0,0,0,0,0,0,0,0,0,0,0,0,1,"burng101","F","F","F","F",0,0,0,4,0,0,0,0,0,0,F,F,"1925PHI.EVN.regular.event.csv",1429
"PHI192505150","CHN",4,0,0,0,0,"",1,5,"fribb101","?","fribb101","?","betth101","?","betth101","?","wilsj105","hawkc101","fonsl101","hubec101","sandh101","burng101","harpg101","willc103","hartg103","","","64(1)3/GDP","F","F",5,5,2,"T","T",0,"F","F",2,"T","F",0,"F","F",6,"G","F","F","",0,0,"N",0,"N",0,"N",0,0,0,0,"43","64","","","F","F","F","F","F","F","F","F","F","betth101","","","F","F","F","F","F","","","","",0,4,3,0,6,4,0,0,0,33,"PHI","CHN","PHI",0,"F","F",1,5,1,13,2,"T","F",1,0,"T","T","grift102","grimc101","T","T",2,4,32,0,0,0,0,0,0,"wilsj105","","",0,0,0,0,0,0,0,0,0,0,0,0,0,"sandh101","T","F","F","F",0,0,0,0,0,0,0,0,0,0,F,F,"1925PHI.EVN.regular.event.csv",1430
"PHI192505150","CHN",4,0,2,0,0,"",1,5,"grift102","?","grift102","?","betth101","?","betth101","?","wilsj105","hawkc101","fonsl101","hubec101","sandh101","burng101","harpg101","willc103","","","","S9","F","F",9,6,20,"T","T",1,"F","F",0,"F","F",0,"F","F",9,"","F","F","",0,0,"N",0,"N",0,"N",1,0,0,0,"","","","","F","F","F","F","F","F","F","F","F","","","","F","F","F","F","F","","","","",0,0,0,0,0,0,0,0,0,34,"PHI","CHN","PHI",0,"F","F",1,5,1,14,3,"T","F",0,1,"T","T","grimc101","mcaui101","T","T",0,0,0,0,0,0,0,0,0,"","","",0,0,0,0,0,0,0,0,0,0,0,0,0,"willc103","F","F","F","F",0,0,0,0,0,0,0,0,0,0,F,F,"1925PHI.EVN.regular.event.csv",1431
"PHI192505150","CHN",4,0,2,0,0,"",1,5,"grimc101","?","grimc101","?","betth101","?","betth101","?","wilsj105","hawkc101","fonsl101","hubec101","sandh101","burng101","harpg101","willc103","grift102","","","S8/8S.1-2","F","F",3,7,20,"T","T",1,"F","F",0,"F","F",0,"F","F",8,"","F","F","8S",0,0,"N",0,"N",0,"N",1,2,0,0,"","","","","F","F","F","F","F","F","F","F","F","betth101","","","F","F","F","F","F","","","","",0,0,0,0,0,0,0,0,0,35,"PHI","CHN","PHI",0,"F","F",1,5,1,15,4,"T","F",1,3,"T","T","mcaui101","jacoe101","T","T",9,6,34,0,0,0,0,0,0,"wilsj105","","",0,0,0,0,0,0,0,0,0,0,0,0,0,"harpg101","F","F","F","F",0,0,0,0,0,0,0,0,0,0,F,F,"1925PHI.EVN.regular.event.csv",1432
"PHI192505150","CHN",4,0,2,0,0,"",1,5,"mcaui101","?","mcaui101","?","betth101","?","betth101","?","wilsj105","hawkc101","fonsl101","hubec101","sandh101","burng101","harpg101","willc103","grimc101","grift102","","6/P","F","F",6,8,2,"T","T",0,"F","F",1,"F","F",0,"F","F",6,"P","F","F","",0,0,"N",0,"N",0,"N",0,1,2,0,"6","","","","F","F","F","F","F","F","F","F","F","betth101","betth101","","F","F","F","F","F","","","","",0,6,0,0,0,0,0,0,0,36,"PHI","CHN","PHI",0,"F","T",1,5,1,16,5,"T","F",3,3,"T","T","jacoe101","statj101","T","T",3,7,35,9,6,34,0,0,0,"wilsj105","wilsj105","",0,0,0,0,0,0,0,0,0,0,0,0,0,"sandh101","F","F","F","F",0,0,0,0,0,0,0,0,0,0,F,F,"1925PHI.EVN.regular.event.csv",1433
"PHI192505150","CHN",4,1,0,0,0,"",1,5,"burng101","?","burng101","?","jacoe101","?","jacoe101","?","hartg103","grimc101","adams101","fribb101","mcaui101","statj101","heatc101","grift102","","","","9/F","T","F",7,1,2,"T","T",0,"F","F",1,"F","F",0,"F","F",9,"F","F","F","",0,0,"N",0,"N",0,"N",0,0,0,0,"9","","","","F","F","F","F","F","F","F","F","F","","","","F","F","F","F","F","","","","",0,9,0,0,0,0,0,0,0,37,"PHI","PHI","CHN",1,"T","F",5,1,0,18,0,"T","F",0,0,"T","T","fonsl101","willc103","F","F",0,0,0,0,0,0,0,0,0,"","","",0,0,0,0,0,0,0,0,0,0,0,0,0,"grift102","F","F","F","F",0,0,0,0,0,0,0,0,0,0,F,F,"1925PHI.EVN.regular.event.csv",1434
"PHI192505150","CHN",4,1,1,0,0,"",1,5,"fonsl101","?","fonsl101","?","jacoe101","?","jacoe101","?","hartg103","grimc101","adams101","fribb101","mcaui101","statj101","heatc101","grift102","","","","8/F","F","F",4,2,2,"T","T",0,"F","F",1,"F","F",0,"F","F",8,"F","F","F","",0,0,"N",0,"N",0,"N",0,0,0,0,"8","","","","F","F","F","F","F","F","F","F","F","","","","F","F","F","F","F","","","","",0,8,0,0,0,0,0,0,0,38,"PHI","PHI","CHN",1,"F","F",5,1,0,19,1,"T","F",0,0,"T","T","willc103","harpg101","F","F",0,0,0,0,0,0,0,0,0,"","","",0,0,0,0,0,0,0,0,0,0,0,0,0,"heatc101","F","F","F","F",0,0,0,0,0,0,0,0,0,0,F,F,"1925PHI.EVN.regular.event.csv",1435
"PHI192505150","CHN",4,1,2,0,0,"",1,5,"willc103","?","willc103","?","jacoe101","?","jacoe101","?","hartg103","grimc101","adams101","fribb101","mcaui101","statj101","heatc101","grift102","","","","S9","F","F",9,3,20,"T","T",1,"F","F",0,"F","F",0,"F","F",9,"","F","F","",0,0,"N",0,"N",0,"N",1,0,0,0,"","","","","F","F","F","F","F","F","F","F","F","","","","F","F","F","F","F","","","","",0,0,0,0,0,0,0,0,0,39,"PHI","PHI","CHN",1,"F","F",5,1,0,20,2,"T","F",0,1,"T","T","harpg101","hawkc101","F","F",0,0,0,0,0,0,0,0,0,"","","",0,0,0,0,0,0,0,0,0,0,0,0,0,"grift102","F","F","F","F",0,0,0,0,0,0,0,0,0,0,F,F,"1925PHI.EVN.regular.event.csv",1436
"PHI192505150","CHN",4,1,2,0,0,"",1,5,"harpg101","?","harpg101","?","jacoe101","?","jacoe101","?","hartg103","grimc101","adams101","fribb101","mcaui101","statj101","heatc101","grift102","willc103","","","CS2(26)","F","F",8,4,6,"F","F",0,"F","F",1,"F","F",0,"F","F",0,"","F","F","",0,0,"N",0,"N",0,"N",0,0,0,0,"","26","","","F","F","F","T","F","F","F","F","F","jacoe101","","","F","F","F","F","F","","","","",0,6,0,0,2,0,0,0,0,40,"PHI","PHI","CHN",1,"F","T",5,1,0,21,3,"T","T",1,0,"T","T","hawkc101","wilsj105","F","F",9,3,39,0,0,0,0,0,0,"hartg103","","",0,0,0,0,0,0,0,0,0,0,0,0,0,"","F","F","F","F",0,0,0,0,0,0,0,0,0,0,F,F,"1925PHI.EVN.regular.event.csv",1437
"PHI192505150","CHN",5,0,0,0,0,"",1,5,"jacoe101","?","jacoe101","?","betth101","?","betth101","?","wilsj105","hawkc101","fonsl101","hubec101","sandh101","burng101","harpg101","willc103","","","","13","T","F",1,9,2,"T","T",0,"F","F",1,"F","F",0,"F","F",1,"G","F","F","",0,0,"N",0,"N",0,"N",0,0,0,0,"13","","","","F","F","F","F","F","F","F","F","F","","","","F","F","F","F","F","","","","",0,3,0,0,1,0,0,0,0,41,"PHI","CHN","PHI",0,"T","F",1,5,0,17,0,"T","F",0,0,"F","F","statj101","heatc101","T","T",0,0,0,0,0,0,0,0,0,"","","",0,0,0,0,0,0,0,0,0,0,0,0,0,"betth101","F","F","F","F",0,0,0,0,2,0,0,0,0,0,F,F,"1925PHI.EVN.regular.event.csv",1438
"PHI192505150","CHN",5,0,1,0,0,"",1,5,"statj101","?","statj101","?","betth101","?","betth101","?","wilsj105","hawkc101","fonsl101","hubec101","sandh101","burng101","harpg101","willc103","","","","D/F89XDW","F","F",7,1,21,"T","T",2,"F","F",0,"F","F",0,"F","F",0,"F","F","F","89XDW",0,0,"N",0,"N",0,"N",2,0,0,0,"","","","","F","F","F","F","F","F","F","F","F","","","","F","F","F","F","F","","","","",0,0,0,0,0,0,0,0,0,42,"PHI","CHN","PHI",0,"F","F",1,5,0,18,1,"T","F",0,2,"T","T","heatc101","adams101","T","T",0,0,0,0,0,0,0,0,0,"","","",0,0,0,0,0,0,0,0,0,0,0,0,0,"","F","F","F","F",4,0,0,0,2,0,0,0,0,0,F,F,"1925PHI.EVN.regular.event.csv",1439
"PHI192505150","CHN",5,0,1,0,0,"",1,5,"heatc101","?","heatc101","?","betth101","?","betth101","?","wilsj105","hawkc101","fonsl101","hubec101","sandh101","burng101","harpg101","willc103","","statj101","","D8/8XDW.2-H","F","F",8,2,21,"T","T",2,"F","F",0,"F","F",1,"F","F",8,"","F","F","8XDW",0,0,"N",0,"N",0,"N",2,0,4,0,"","","","","F","F","F","F","F","F","F","F","F","","betth101","","F","F","F","F","F","","","","",0,0,0,0,0,0,0,0,0,43,"PHI","CHN","PHI",0,"F","F",1,5,0,19,2,"T","F",2,2,"T","T","adams101","hartg103","T","T",0,0,0,7,1,42,0,0,0,"","wilsj105","",0,0,0,0,0,0,0,0,0,0,0,0,1,"harpg101","F","F","F","F",4,0,4,0,1,0,0,0,0,0,F,F,"1925PHI.EVN.regular.event.csv",1440
"PHI192505150","CHN",5,0,1,0,0,"",2,5,"adams101","?","adams101","?","knigj103","?","knigj103","?","wilsj105","hawkc101","fonsl101","hubec101","sandh101","burng101","harpg101","willc103","","heatc101","","S7.2-H","F","F",4,3,20,"T","T",1,"F","F",0,"F","F",1,"F","F",7,"","F","F","",0,0,"N",0,"N",0,"N",1,0,4,0,"","","","","F","F","F","F","F","F","F","F","F","","betth101","","F","F","F","F","F","","","","",0,0,0,0,0,0,0,0,0,44,"PHI","CHN","PHI",0,"F","F",2,5,1,20,3,"T","F",2,1,"T","T","hartg103","fribb101","F","F",0,0,0,8,2,43,0,0,0,"","wilsj105","",0,0,0,0,0,0,0,0,0,0,0,0,1,"burng101","F","F","F","F",0,0,4,0,0,0,0,0,0,0,F,F,"1925PHI.EVN.regular.event.csv",1441
"PHI192505150","CHN",5,0,1,0,0,"",3,5,"hartg103","?","hartg103","?","knigj103","?","knigj103","?","wilsj105","hawkc101","fonsl101","hubec101","sandh101","burng101","harpg101","willc103","adams101","","","64(1)3/GDP","F","F",2,4,2,"T","T",0,"F","F",2,"T","F",0,"F","F",6,"G","F","F","",0,0,"N",0,"N",0,"N",0,0,0,0,"43","64","","","F","F","F","F","F","F","F","F","F","knigj103","","","F","F","F","F","F","","","","",0,4,3,0,6,4,0,0,0,45,"PHI","CHN","PHI",0,"F","T",3,5,2,21,4,"T","F",1,0,"T","T","fribb101","grift102","F","F",4,3,44,0,0,0,0,0,0,"wilsj105","","",0,0,0,0,0,0,0,0,0,0,0,0,0,"sandh101","T","F","F","F",0,0,0,0,0,0,0,0,0,0,F,F,"1925PHI.EVN.regular.event.csv",1442
"PHI192505150","CHN",5,1,0,0,0,"",3,5,"harpg101","?","harpg101","?","jacoe101","?","jacoe101","?","hartg103","grimc101","adams101","fribb101","mcaui101","statj101","heatc101","grift102","","","","D3/G","T","F",8,4,21,"T","T",2,"F","F",0,"F","F",0,"F","F",3,"G","F","F","",0,0,"N",0,"N",0,"N",2,0,0,0,"","","","","F","F","F","F","F","F","F","F","F","","","","F","F","F","F","F","","","","",0,0,0,0,0,0,0,0,0,46,"PHI","PHI","CHN",1,"T","F",5,3,0,21,0,"T","F",0,2,"T","T","hawkc101","wilsj105","F","F",0,0,0,0,0,0,0,0,0,"","","",0,0,0,0,0,0,0,0,0,0,0,0,0,"grimc101","F","F","F","F",4,0,0,0,1,0,0,0,0,0,F,F,"1925PHI.EVN.regular.event.csv",1443
"PHI192505150","CHN",5,1,0,0,0,"",3,5,"hawkc101","?","hawkc101","?","jacoe101","?","jacoe101","?","hartg103","grimc101","adams101","fribb101","mcaui101","statj101","heatc101","grift102","","harpg101","","43.2-3","F","F",3,5,2,"T","T",0,"F","F",1,"F","F",0,"F","F",4,"G","F","F","",0,0,"N",0,"N",0,"N",0,0,3,0,"43","","","","F","F","F","F","F","F","F","F","F","","jacoe101","","F","F","F","F","F","","","","",0,3,0,0,4,0,0,0,0,47,"PHI","PHI","CHN",1,"F","F",5,3,0,22,1,"T","F",2,4,"T","T","wilsj105","sandh101","F","F",0,0,0,8,4,46,0,0,0,"","hartg103","",0,0,0,0,0,0,0,0,0,0,0,0,0,"adams101","F","F","F","F",0,0,4,0,1,0,0,0,0,0,F,F,"1925PHI.EVN.regular.event.csv",1444
"PHI192505150","CHN",5,1,1,0,0,"",3,5,"wilsj105","?","wilsj105","?","jacoe101","?","jacoe101","?","hartg103","grimc101","adams101","fribb101","mcaui101","statj101","heatc101","grift102","","","harpg101","D/89.3-H","F","F",2,6,21,"T","T",2,"F","F",0,"F","F",1,"F","F",0,"","F","F","89",0,0,"N",0,"N",0,"N",2,0,0,4,"","","","","F","F","F","F","F","F","F","F","F","","","jacoe101","F","F","F","F","F","","","","",0,0,0,0,0,0,0,0,0,48,"PHI","PHI","CHN",1,"F","F",5,3,0,23,2,"T","F",4,2,"T","T","sandh101","hubec101","F","F",0,0,0,0,0,0,8,4,46,"","","hartg103",0,0,0,0,0,0,0,0,0,0,0,0,1,"","F","F","F","F",0,0,0,4,0,0,0,0,0,0,F,F,"1925PHI.EVN.regular.event.csv",1445
"PHI192505150","CHN",5,1,1,0,0,"",3,6,"sandh101","?","sandh101","?","jacoe101","?","jacoe101","?","hartg103","grimc101","adams101","fribb101","mcaui101","statj101","heatc101","grift102","","wilsj105","","FC6.2X3(6545)","F","F",6,7,19,"T","T",0,"F","F",1,"F","F",0,"F","F",6,"G","F","F","",0,0,"N",0,"N",0,"N",1,0,0,0,"","","6545","","F","F","F","F","F","F","F","F","F","","jacoe101","","F","F","F","F","F","","","","",0,5,0,0,6,5,4,0,0,49,"PHI","PHI","CHN",1,"F","F",6,3,1,24,3,"T","F",2,1,"T","T","hubec101","knigj103","F","F",0,0,0,2,6,48,0,0,0,"","hartg103","",0,0,0,0,0,0,0,0,0,0,0,0,0,"mcaui101","F","F","F","F",0,0,0,0,0,0,0,0,0,0,F,F,"1925PHI.EVN.regular.event.csv",1446
"PHI192505150","CHN",5,1,2,0,0,"",3,6,"hubec101","?","hubec101","?","jacoe101","?","jacoe101","?","hartg103","grimc101","adams101","fribb101","mcaui101","statj101","heatc101","grift102","sandh101","","","6(1)/FO","F","F",5,8,2,"T","T",0,"F","F",1,"F","F",0,"F","F",6,"G","F","F","",0,0,"N",0,"N",0,"N",1,0,0,0,"","6","","","F","F","F","F","F","F","F","F","F","jacoe101","","","F","F","F","F","F","","","","",0,6,0,0,0,0,0,0,0,50,"PHI","PHI","CHN",1,"F","T",6,3,1,25,4,"T","F",1,1,"T","T","knigj103","burng101","F","F",6,7,49,0,0,0,0,0,0,"hartg103","","",0,0,0,0,0,0,0,0,0,0,0,0,0,"mcaui101","T","F","F","F",0,0,0,0,0,0,0,0,0,0,F,F,"1925PHI.EVN.regular.event.csv",1447
"PHI192505150","CHN",6,0,0,0,0,"",3,6,"fribb101","?","fribb101","?","knigj103","?","knigj103","?","wilsj105","hawkc101","fonsl101","hubec101","sandh101","burng101","harpg101","willc103","","","","S7","T","F",5,5,20,"T","T",1,"F","F",0,"F","F",0,"F","F",7,"","F","F","",0,0,"N",0,"N",0,"N",1,0,0,0,"","","","","F","F","F","F","F","F","F","F","F","","","","F","F","F","F","F","","","","",0,0,0,0,0,0,0,0,0,51,"PHI","CHN","PHI",0,"T","F",3,6,0,22,0,"T","F",0,1,"T","T","grift102","grimc101","F","F",0,0,0,0,0,0,0,0,0,"","","",0,0,0,0,0,0,0,0,0,0,0,0,0,"burng101","F","F","F","F",4,0,0,0,1,0,0,0,0,0,F,F,"1925PHI.EVN.regular.event.csv",1448
"PHI192505150","CHN",6,0,0,0,0,"",3,6,"grift102","?","grift102","?","knigj103","?","knigj103","?","wilsj105","hawkc101","fonsl101","hubec101","sandh101","burng101","harpg101","willc103","fribb101","","","4/P","F","F",9,6,2,"T","T",0,"F","F",1,"F","F",0,"F","F",4,"P","F","F","",0,0,"N",0,"N",0,"N",0,1,0,0,"4","","","","F","F","F","F","F","F","F","F","F","knigj103","","","F","F","F","F","F","","","","",0,4,0,0,0,0,0,0,0,52,"PHI","CHN","PHI",0,"F","F",3,6,0,23,1,"T","F",1,1,"T","T","grimc101","mcaui101","F","F",5,5,51,0,0,0,0,0,0,"wilsj105","","",0,0,0,0,0,0,0,0,0,0,0,0,0,"fonsl101","F","F","F","F",0,4,0,0,1,0,0,0,0,0,F,F,"1925PHI.EVN.regular.event.csv",1449
"PHI192505150","CHN",6,0,1,0,0,"",3,6,"grimc101","?","grimc101","?","knigj103","?","knigj103","?","wilsj105","hawkc101","fonsl101","hubec101","sandh101","burng101","harpg101","willc103","fribb101","","","D9/9DW.1-3","F","F",3,7,21,"T","T",2,"F","F",0,"F","F",0,"F","F",9,"","F","F","9DW",0,0,"N",0,"N",0,"N",2,3,0,0,"","","","","F","F","F","F","F","F","F","F","F","knigj103","","","F","F","F","F","F","","","","",0,0,0,0,0,0,0,0,0,53,"PHI","CHN","PHI",0,"F","F",3,6,0,24,2,"T","F",1,6,"T","T","mcaui101","jacoe101","F","F",5,5,51,0,0,0,0,0,0,"wilsj105","","",0,0,0,0,0,0,0,0,0,0,0,0,0,"willc103","F","F","F","F",3,4,0,0,1,0,0,0,0,0,F,F,"1925PHI.EVN.regular.event.csv",1450
"PHI192505150","CHN",6,0,1,0,0,"",3,6,"mcaui101","?","mcaui101","?","knigj103","?","knigj103","?","wilsj105","hawkc101","fonsl101","hubec101","sandh101","burng101","harpg101","willc103","","grimc101","fribb101","S6/G.3-H;2-3","F","F",6,8,20,"T","T",1,"F","F",0,"F","F",1,"F","F",6,"G","F","F","",0,0,"N",0,"N",0,"N",1,0,3,4,"","","","","F","F","F","F","F","F","F","F","F","","knigj103","knigj103","F","F","F","F","F","","","","",0,0,0,0,0,0,0,0,0,54,"PHI","CHN","PHI",0,"F","F",3,6,0,25,3,"T","F",6,5,"T","T","jacoe101","statj101","F","F",0,0,0,3,7,53,5,5,51,"","wilsj105","wilsj105",0,0,0,0,0,0,0,0,0,0,0,0,1,"sandh101","F","F","F","F",0,0,3,4,0,0,0,0,0,0,F,F,"1925PHI.EVN.regular.event.csv",1451
"PHI192505150","CHN",6,0,1,0,0,"",4,6,"millh103","?","millh103","?","knigj103","?","knigj103","?","wilsj105","hawkc101","fonsl101","hubec101","sandh101","burng101","harpg101","willc103","mcaui101","","grimc101","46(1)3/GDP","F","T",11,9,2,"T","T",0,"F","F",2,"T","F",0,"F","F",4,"G","F","F","",0,0,"N",0,"N",0,"N",0,0,0,3,"63","46","","","F","F","F","F","F","F","F","F","F","knigj103","","knigj103","F","F","F","F","F","","","","jacoe101",1,6,3,0,4,6,0,0,0,55,"PHI","CHN","PHI",0,"F","T",4,6,1,26,4,"T","F",5,4,"F","F","statj101","heatc101","F","F",6,8,54,0,0,0,3,7,53,"wilsj105","","wilsj105",0,0,0,0,0,0,0,0,0,0,0,0,0,"fonsl101","T","F","F","F",0,0,0,3,0,0,0,0,0,0,F,F,"1925PHI.EVN.regular.event.csv",1452
"PHI192505150","CHN",6,1,0,0,0,"",4,6,"knigj103","?","knigj103","?","jonep101","?","jonep101","?","hartg103","grimc101","adams101","fribb101","mcaui101","statj101","heatc101","grift102","","","","K","T","F",1,9,3,"T","T",0,"F","F",1,"F","F",0,"F","F",0,"","F","F","",0,0,"N",0,"N",0,"N",0,0,0,0,"2","","","","F","F","F","F","F","F","F","F","F","","","","F","F","F","F","F","","","","",0,2,0,0,0,0,0,0,0,56,"PHI","PHI","CHN",1,"T","F",6,4,0,26,0,"T","F",0,0,"F","F","burng101","fonsl101","F","F",0,0,0,0,0,0,0,0,0,"","","",0,0,0,0,0,0,0,0,0,0,0,0,0,"","F","F","F","F",0,0,0,0,0,0,0,0,0,0,F,F,"1925PHI.EVN.regular.event.csv",1453
"PHI192505150","CHN",6,1,1,3,0,"BBBB",4,6,"burng101","?","burng101","?","jonep101","?","jonep101","?","hartg103","grimc101","adams101","fribb101","mcaui101","statj101","heatc101","grift102","","","","W","F","F",7,1,14,"T","F",0,"F","F",0,"F","F",0,"F","F",0,"","F","F","",0,0,"N",0,"N",0,"N",1,0,0,0,"","","","","F","F","F","F","F","F","F","F","F","","","","F","F","F","F","F","","","","",0,0,0,0,0,0,0,0,0,57,"PHI","PHI","CHN",1,"F","F",6,4,0,27,1,"T","F",0,1,"T","T","fonsl101","willc103","F","F",0,0,0,0,0,0,0,0,0,"","","",4,4,0,0,0,0,0,0,0,0,0,0,0,"","F","F","F","F",0,0,0,0,0,0,0,0,0,0,F,F,"1925PHI.EVN.regular.event.csv",1454
"PHI192505150","CHN",6,1,1,0,0,"",4,6,"fonsl101","?","fonsl101","?","jonep101","?","jonep101","?","hartg103","grimc101","adams101","fribb101","mcaui101","statj101","heatc101","grift102","burng101","","","46(1)/FO","F","F",4,2,2,"T","T",0,"F","F",1,"F","F",0,"F","F",4,"G","F","F","",0,0,"N",0,"N",0,"N",1,0,0,0,"","46","","","F","F","F","F","F","F","F","F","F","jonep101","","","F","F","F","F","F","","","","",0,6,0,0,4,0,0,0,0,58,"PHI","PHI","CHN",1,"F","F",6,4,0,28,2,"T","F",1,1,"T","T","willc103","harpg101","F","F",7,1,57,0,0,0,0,0,0,"hartg103","","",0,0,0,0,0,0,0,0,0,0,0,0,0,"adams101","T","F","F","F",0,0,0,0,0,0,0,0,0,0,F,F,"1925PHI.EVN.regular.event.csv",1455
"PHI192505150","CHN",6,1,2,0,0,"",4,6,"willc103","?","willc103","?","jonep101","?","jonep101","?","hartg103","grimc101","adams101","fribb101","mcaui101","statj101","heatc101","grift102","fonsl101","","","4/P","F","F",9,3,2,"T","T",0,"F","F",1,"F","F",0,"F","F",4,"P","F","F","",0,0,"N",0,"N",0,"N",0,1,0,0,"4","","","","F","F","F","F","F","F","F","F","F","jonep101","","","F","F","F","F","F","","","","",0,4,0,0,0,0,0,0,0,59,"PHI","PHI","CHN",1,"F","T",6,4,0,29,3,"T","F",1,1,"T","T","harpg101","hawkc101","F","F",4,2,58,0,0,0,0,0,0,"hartg103","","",0,0,0,0,0,0,0,0,0,0,0,0,0,"adams101","F","F","F","F",0,0,0,0,0,0,0,0,0,0,F,F,"1925PHI.EVN.regular.event.csv",1456
"PHI192505150","CHN",7,0,0,0,0,"",4,6,"statj101","?","statj101","?","knigj103","?","knigj103","?","wilsj105","hawkc101","fonsl101","hubec101","sandh101","burng101","harpg101","willc103","","","","9/F","T","F",7,1,2,"T","T",0,"F","F",1,"F","F",0,"F","F",9,"F","F","F","",0,0,"N",0,"N",0,"N",0,0,0,0,"9","","","","F","F","F","F","F","F","F","F","F","","","","F","F","F","F","F","","","","",0,9,0,0,0,0,0,0,0,60,"PHI","CHN","PHI",0,"T","F",4,6,0,27,0,"T","F",0,0,"T","T","heatc101","adams101","F","F",0,0,0,0,0,0,0,0,0,"","","",0,0,0,0,0,0,0,0,0,0,0,0,0,"willc103","F","F","F","F",0,0,0,0,0,0,0,0,0,0,F,F,"1925PHI.EVN.regular.event.csv",1457
"PHI192505150","CHN",7,0,1,0,0,"",4,6,"heatc101","?","heatc101","?","knigj103","?","knigj103","?","wilsj105","hawkc101","fonsl101","hubec101","sandh101","burng101","harpg101","willc103","","","","K/C","F","F",8,2,3,"T","T",0,"F","F",1,"F","F",0,"F","F",0,"","F","F","",0,0,"N",0,"N",0,"N",0,0,0,0,"2","","","","F","F","F","F","F","F","F","F","F","","","","F","F","F","F","F","","","","",0,2,0,0,0,0,0,0,0,61,"PHI","CHN","PHI",0,"F","F",4,6,0,28,1,"T","F",0,0,"T","T","adams101","hartg103","F","F",0,0,0,0,0,0,0,0,0,"","","",0,0,0,0,0,0,0,0,0,0,0,0,0,"","F","F","F","F",0,0,0,0,0,0,0,0,0,0,F,F,"1925PHI.EVN.regular.event.csv",1458
"PHI192505150","CHN",7,0,2,0,0,"",4,6,"adams101","?","adams101","?","knigj103","?","knigj103","?","wilsj105","hawkc101","fonsl101","hubec101","sandh101","burng101","harpg101","willc103","","","","4/L","F","F",4,3,2,"T","T",0,"F","F",1,"F","F",0,"F","F",4,"L","F","F","",0,0,"N",0,"N",0,"N",0,0,0,0,"4","","","","F","F","F","F","F","F","F","F","F","","","","F","F","F","F","F","","","","",0,4,0,0,0,0,0,0,0,62,"PHI","CHN","PHI",0,"F","T",4,6,0,29,2,"T","F",0,0,"T","T","hartg103","fribb101","F","F",0,0,0,0,0,0,0,0,0,"","","",0,0,0,0,0,0,0,0,0,0,0,0,0,"fonsl101","F","F","F","F",0,0,0,0,0,0,0,0,0,0,F,F,"1925PHI.EVN.regular.event.csv",1459
"PHI192505150","CHN",7,1,0,0,0,"",4,6,"mokaj101","?","mokaj101","?","jonep101","?","jonep101","?","hartg103","grimc101","adams101","fribb101","mcaui101","statj101","heatc101","grift102","","","","W","T","T",11,4,14,"T","F",0,"F","F",0,"F","F",0,"F","F",0,"","F","F","",0,0,"N",0,"N",0,"N",1,0,0,0,"","","","","F","F","F","F","F","F","F","F","F","","","","F","F","F","F","F","","","","harpg101",8,0,0,0,0,0,0,0,0,63,"PHI","PHI","CHN",1,"T","F",6,4,0,30,0,"T","F",0,1,"F","F","hawkc101","wilsj105","F","F",0,0,0,0,0,0,0,0,0,"","","",0,0,0,0,0,0,0,0,0,0,0,0,0,"","F","F","F","F",4,0,0,0,2,0,0,0,0,0,F,F,"1925PHI.EVN.regular.event.csv",1460
"PHI192505150","CHN",7,1,0,0,0,"",4,6,"hawkc101","?","hawkc101","?","jonep101","?","jonep101","?","hartg103","grimc101","adams101","fribb101","mcaui101","statj101","heatc101","grift102","mokaj101","","","24/SH.1-2","F","F",3,5,2,"T","F",0,"T","F",1,"F","F",0,"F","F",2,"G","T","F","",0,0,"N",0,"N",0,"N",0,2,0,0,"24","","","","F","F","F","F","F","F","F","F","F","jonep101","","","F","F","F","F","F","","","","",0,4,0,0,2,0,0,0,0,64,"PHI","PHI","CHN",1,"F","F",6,4,0,31,1,"T","F",1,2,"T","T","wilsj105","sandh101","F","F",0,4,63,0,0,0,0,0,0,"hartg103","","",0,0,0,0,0,0,0,0,0,0,0,0,0,"hartg103","F","F","F","F",0,4,0,0,2,0,0,0,0,0,F,F,"1925PHI.EVN.regular.event.csv",1461
"PHI192505150","CHN",7,1,1,0,0,"",4,6,"wilsj105","?","wilsj105","?","jonep101","?","jonep101","?","hartg103","grimc101","adams101","fribb101","mcaui101","statj101","heatc101","grift102","","mokaj101","","S9.2-H;B-2(THH)","F","F",2,6,20,"T","T",1,"F","F",0,"F","F",1,"F","F",9,"","F","F","",0,0,"N",0,"N",0,"N",2,0,4,0,"","","","","F","F","F","F","F","F","F","F","F","","jonep101","","F","F","F","F","F","","","","",0,0,0,0,0,0,0,0,0,65,"PHI","PHI","CHN",1,"F","F",6,4,0,32,2,"T","F",2,2,"T","T","sandh101","hubec101","F","F",0,0,0,0,4,63,0,0,0,"","hartg103","",0,0,0,0,0,0,0,0,0,0,0,0,1,"grift102","F","F","F","F",4,0,4,0,1,0,0,0,0,0,F,F,"1925PHI.EVN.regular.event.csv",1462
"PHI192505150","CHN",7,1,1,0,0,"",4,7,"sandh101","?","sandh101","?","jonep101","?","jonep101","?","hartg103","grimc101","adams101","fribb101","mcaui101","statj101","heatc101","grift102","","wilsj105","","D/F89XDW.2-H","F","F",6,7,21,"T","T",2,"F","F",0,"F","F",1,"F","F",0,"F","F","F","89XDW",0,0,"N",0,"N",0,"N",2,0,4,0,"","","","","F","F","F","F","F","F","F","F","F","","jonep101","","F","F","F","F","F","","","","",0,0,0,0,0,0,0,0,0,66,"PHI","PHI","CHN",1,"F","F",7,4,1,33,3,"T","F",2,2,"T","T","hubec101","knigj103","F","F",0,0,0,2,6,65,0,0,0,"","hartg103","",0,0,0,0,0,0,0,0,0,0,0,0,1,"","F","F","F","F",0,0,4,0,0,0,0,0,0,0,F,F,"1925PHI.EVN.regular.event.csv",1463
"PHI192505150","CHN",7,1,1,0,0,"",4,8,"hubec101","?","hubec101","?","jonep101","?","jonep101","?","hartg103","grimc101","adams101","fribb101","mcaui101","statj101","heatc101","grift102","","sandh101","","FC5.2X3(545)","F","F",5,8,19,"T","T",0,"F","F",1,"F","F",0,"F","F",5,"G","F","F","",0,0,"N",0,"N",0,"N",1,0,0,0,"","","545","","F","F","F","F","F","F","F","F","F","","jonep101","","F","F","F","F","F","","","","",0,5,0,0,5,4,0,0,0,67,"PHI","PHI","CHN",1,"F","F",8,4,2,34,4,"T","F",2,1,"T","T","knigj103","burng101","F","F",0,0,0,6,7,66,0,0,0,"","hartg103","",0,0,0,0,0,0,0,0,0,0,0,0,0,"fribb101","F","F","F","F",1,0,0,0,0,0,0,0,0,0,F,F,"1925PHI.EVN.regular.event.csv",1464
"PHI192505150","CHN",7,1,2,0,0,"",4,8,"knigj103","?","knigj103","?","jonep101","?","jonep101","?","hartg103","grimc101","adams101","fribb101","mcaui101","statj101","heatc101","grift102","hubec101","","","K","F","F",1,9,3,"T","T",0,"F","F",1,"F","F",0,"F","F",0,"","F","F","",0,0,"N",0,"N",0,"N",0,1,0,0,"2","","","","F","F","F","F","F","F","F","F","F","jonep101","","","F","F","F","F","F","","","","",0,2,0,0,0,0,0,0,0,68,"PHI","PHI","CHN",1,"F","T",8,4,2,35,5,"T","F",1,1,"F","F","burng101","fonsl101","F","F",5,8,67,0,0,0,0,0,0,"hartg103","","",0,0,0,0,0,0,0,0,0,0,0,0,0,"","F","F","F","F",0,1,0,0,0,0,0,0,0,0,F,F,"1925PHI.EVN.regular.event.csv",1465
"PHI192505150","CHN",8,0,0,0,0,"",4,8,"hartg103","?","hartg103","?","knigj103","?","knigj103","?","wilsj105","hawkc101","fonsl101","hubec101","sandh101","burng101","mokaj101","willc103","","","","43","T","F",2,4,2,"T","T",0,"F","F",1,"F","F",0,"F","F",4,"G","F","F","",0,0,"N",0,"N",0,"N",0,0,0,0,"43","","","","F","F","F","F","F","F","F","F","F","","","","F","F","F","F","F","","","","",0,3,0,0,4,0,0,0,0,69,"PHI","CHN","PHI",0,"T","F",4,8,0,30,0,"T","F",0,0,"T","T","fribb101","grift102","F","F",0,0,0,0,0,0,0,0,0,"","","",0,0,0,0,0,0,0,0,0,0,0,0,0,"fonsl101","F","F","F","F",0,0,0,0,0,0,0,0,0,0,F,F,"1925PHI.EVN.regular.event.csv",1466
"PHI192505150","CHN",8,0,1,0,0,"",4,8,"fribb101","?","fribb101","?","knigj103","?","knigj103","?","wilsj105","hawkc101","fonsl101","hubec101","sandh101","burng101","mokaj101","willc103","","","","4/P","F","F",5,5,2,"T","T",0,"F","F",1,"F","F",0,"F","F",4,"P","F","F","",0,0,"N",0,"N",0,"N",0,0,0,0,"4","","","","F","F","F","F","F","F","F","F","F","","","","F","F","F","F","F","","","","",0,4,0,0,0,0,0,0,0,70,"PHI","CHN","PHI",0,"F","F",4,8,0,31,1,"T","F",0,0,"T","T","grift102","grimc101","F","F",0,0,0,0,0,0,0,0,0,"","","",0,0,0,0,0,0,0,0,0,0,0,0,0,"fonsl101","F","F","F","F",0,0,0,0,0,0,0,0,0,0,F,F,"1925PHI.EVN.regular.event.csv",1467
"PHI192505150","CHN",8,0,2,0,0,"",4,8,"grift102","?","grift102","?","knigj103","?","knigj103","?","wilsj105","hawkc101","fonsl101","hubec101","sandh101","burng101","mokaj101","willc103","","","","53","F","F",9,6,2,"T","T",0,"F","F",1,"F","F",0,"F","F",5,"G","F","F","",0,0,"N",0,"N",0,"N",0,0,0,0,"53","","","","F","F","F","F","F","F","F","F","F","","","","F","F","F","F","F","","","","",0,3,0,0,5,0,0,0,0,71,"PHI","CHN","PHI",0,"F","T",4,8,0,32,2,"T","F",0,0,"T","T","grimc101","mcaui101","F","F",0,0,0,0,0,0,0,0,0,"","","",0,0,0,0,0,0,0,0,0,0,0,0,0,"hubec101","F","F","F","F",0,0,0,0,0,0,0,0,0,0,F,F,"1925PHI.EVN.regular.event.csv",1468
"PHI192505150","CHN",8,1,0,0,0,"",4,8,"burng101","?","burng101","?","jonep101","?","jonep101","?","hartg103","grimc101","adams101","fribb101","mcaui101","statj101","heatc101","grift102","","","","13","T","F",7,1,2,"T","T",0,"F","F",1,"F","F",0,"F","F",1,"G","F","F","",0,0,"N",0,"N",0,"N",0,0,0,0,"13","","","","F","F","F","F","F","F","F","F","F","","","","F","F","F","F","F","","","","",0,3,0,0,1,0,0,0,0,72,"PHI","PHI","CHN",1,"T","F",8,4,0,36,0,"T","F",0,0,"T","T","fonsl101","willc103","F","F",0,0,0,0,0,0,0,0,0,"","","",0,0,0,0,0,0,0,0,0,0,0,0,0,"jonep101","F","F","F","F",0,0,0,0,0,0,0,0,0,0,F,F,"1925PHI.EVN.regular.event.csv",1469
"PHI192505150","CHN",8,1,1,0,0,"",4,8,"fonsl101","?","fonsl101","?","jonep101","?","jonep101","?","hartg103","grimc101","adams101","fribb101","mcaui101","statj101","heatc101","grift102","","","","K","F","F",4,2,3,"T","T",0,"F","F",1,"F","F",0,"F","F",0,"","F","F","",0,0,"N",0,"N",0,"N",0,0,0,0,"2","","","","F","F","F","F","F","F","F","F","F","","","","F","F","F","F","F","","","","",0,2,0,0,0,0,0,0,0,73,"PHI","PHI","CHN",1,"F","F",8,4,0,37,1,"T","F",0,0,"T","T","willc103","mokaj101","F","F",0,0,0,0,0,0,0,0,0,"","","",0,0,0,0,0,0,0,0,0,0,0,0,0,"","F","F","F","F",0,0,0,0,0,0,0,0,0,0,F,F,"1925PHI.EVN.regular.event.csv",1470
"PHI192505150","CHN",8,1,2,0,0,"",4,8,"willc103","?","willc103","?","jonep101","?","jonep101","?","hartg103","grimc101","adams101","fribb101","mcaui101","statj101","heatc101","grift102","","","","K","F","F",9,3,3,"T","T",0,"F","F",1,"F","F",0,"F","F",0,"","F","F","",0,0,"N",0,"N",0,"N",0,0,0,0,"2","","","","F","F","F","F","F","F","F","F","F","","","","F","F","F","F","F","","","","",0,2,0,0,0,0,0,0,0,74,"PHI","PHI","CHN",1,"F","T",8,4,0,38,2,"T","F",0,0,"T","T","mokaj101","hawkc101","F","F",0,0,0,0,0,0,0,0,0,"","","",0,0,0,0,0,0,0,0,0,0,0,0,0,"","F","F","F","F",0,0,0,0,0,0,0,0,0,0,F,F,"1925PHI.EVN.regular.event.csv",1471
"PHI192505150","CHN",9,0,0,0,0,"",4,8,"grimc101","?","grimc101","?","knigj103","?","knigj103","?","wilsj105","hawkc101","fonsl101","hubec101","sandh101","burng101","mokaj101","willc103","","","","D/89XDW","T","F",3,7,21,"T","T",2,"F","F",0,"F","F",0,"F","F",0,"","F","F","89XDW",0,0,"N",0,"N",0,"N",2,0,0,0,"","","","","F","F","F","F","F","F","F","F","F","","","","F","F","F","F","F","","","","",0,0,0,0,0,0,0,0,0,75,"PHI","CHN","PHI",0,"T","F",4,8,0,33,0,"T","F",0,2,"T","T","mcaui101","jonep101","F","F",0,0,0,0,0,0,0,0,0,"","","",0,0,0,0,0,0,0,0,0,0,0,0,0,"","F","F","F","F",2,0,0,0,0,0,0,0,0,0,F,F,"1925PHI.EVN.regular.event.csv",1472
"PHI192505150","CHN",9,0,0,0,0,"",4,8,"mcaui101","?","mcaui101","?","knigj103","?","knigj103","?","wilsj105","hawkc101","fonsl101","hubec101","sandh101","burng101","mokaj101","willc103","","grimc101","","7/F","F","F",6,8,2,"T","T",0,"F","F",1,"F","F",0,"F","F",7,"F","F","F","",0,0,"N",0,"N",0,"N",0,0,2,0,"7","","","","F","F","F","F","F","F","F","F","F","","knigj103","","F","F","F","F","F","","","","",0,7,0,0,0,0,0,0,0,76,"PHI","CHN","PHI",0,"F","F",4,8,0,34,1,"T","F",2,2,"T","T","jonep101","statj101","F","F",0,0,0,3,7,75,0,0,0,"","wilsj105","",0,0,0,0,0,0,0,0,0,0,0,0,0,"burng101","F","F","F","F",0,0,2,0,0,0,0,0,0,0,F,F,"1925PHI.EVN.regular.event.csv",1473
"PHI192505150","CHN",9,0,1,0,0,"",4,8,"ofarb101","?","ofarb101","?","knigj103","?","knigj103","?","wilsj105","hawkc101","fonsl101","hubec101","sandh101","burng101","mokaj101","willc103","","grimc101","","7/F","F","T",11,9,2,"T","T",0,"F","F",1,"F","F",0,"F","F",7,"F","F","F","",0,0,"N",0,"N",0,"N",0,0,2,0,"7","","","","F","F","F","F","F","F","F","F","F","","knigj103","","F","F","F","F","F","","","","jonep101",1,7,0,0,0,0,0,0,0,77,"PHI","CHN","PHI",0,"F","F",4,8,0,35,2,"T","F",2,2,"F","F","statj101","heatc101","F","F",0,0,0,3,7,75,0,0,0,"","wilsj105","",0,0,0,0,0,0,0,0,0,0,0,0,0,"burng101","F","F","F","F",0,0,2,0,0,0,0,0,0,0,F,F,"1925PHI.EVN.regular.event.csv",1474
"PHI192505150","CHN",9,0,2,0,0,"",4,8,"statj101","?","statj101","?","knigj103","?","knigj103","?","wilsj105","hawkc101","fonsl101","hubec101","sandh101","burng101","mokaj101","willc103","","grimc101","","8/F","F","F",7,1,2,"T","T",0,"F","F",1,"F","F",0,"F","F",8,"F","F","F","",0,0,"N",0,"N",0,"N",0,0,2,0,"8","","","","F","F","F","F","F","F","F","F","F","","knigj103","","F","T","F","F","F","","","","",0,8,0,0,0,0,0,0,0,78,"PHI","CHN","PHI",0,"F","T",4,8,0,36,3,"T","F",2,2,"T","T","heatc101","adams101","F","F",0,0,0,3,7,75,0,0,0,"","wilsj105","",0,0,0,0,0,0,0,0,0,0,0,0,0,"mokaj101","F","F","F","F",0,0,2,0,0,0,0,0,0,0,F,F,"1925PHI.EVN.regular.event.csv",1475
"PHI192505160","CHN",1,0,0,0,0,"",0,0,"statj101","?","statj101","?","ringj101","?","ringj101","?","wilsj105","hawkc101","fonsl101","hubec101","sandh101","burng101","harpg101","willc103","","","","9/F","T","F",7,1,2,"T","T",0,"F","F",1,"F","F",0,"F","F",9,"F","F","F","",0,0,"N",0,"N",0,"N",0,0,0,0,"9","","","","F","F","F","F","F","F","F","F","F","","","","T","F","F","F","F","","","","",0,9,0,0,0,0,0,0,0,1,"PHI","CHN","PHI",0,"T","F",0,0,0,0,0,"T","F",0,0,"T","T","heatc101","adams101","T","T",0,0,0,0,0,0,0,0,0,"","","",0,0,0,0,0,0,0,0,0,0,0,0,0,"willc103","F","F","F","F",0,0,0,0,1,0,0,0,0,0,F,F,"1925PHI.EVN.regular.event.csv",1476
"PHI192505160","CHN",1,0,1,0,0,"",0,0,"heatc101","?","heatc101","?","ringj101","?","ringj101","?","wilsj105","hawkc101","fonsl101","hubec101","sandh101","burng101","harpg101","willc103","","","","D8/L","F","F",8,2,21,"T","T",2,"F","F",0,"F","F",0,"F","F",8,"L","F","F","",0,0,"N",0,"N",0,"N",2,0,0,0,"","","","","F","F","F","F","F","F","F","F","F","","","","F","F","F","F","F","","","","",0,0,0,0,0,0,0,0,0,2,"PHI","CHN","PHI",0,"F","F",0,0,0,1,1,"T","F",0,2,"T","T","adams101","hartg103","T","T",0,0,0,0,0,0,0,0,0,"","","",0,0,0,0,0,0,0,0,0,0,0,0,0,"harpg101","F","F","F","F",4,0,0,0,1,0,0,0,0,0,F,F,"1925PHI.EVN.regular.event.csv",1477
"PHI192505160","CHN",1,0,1,0,0,"",0,0,"adams101","?","adams101","?","ringj101","?","ringj101","?","wilsj105","hawkc101","fonsl101","hubec101","sandh101","burng101","harpg101","willc103","","heatc101","","7/F","F","F",4,3,2,"T","T",0,"F","F",1,"F","F",0,"F","F",7,"F","F","F","",0,0,"N",0,"N",0,"N",0,0,2,0,"7","","","","F","F","F","F","F","F","F","F","F","","ringj101","","F","F","F","F","F","","","","",0,7,0,0,0,0,0,0,0,3,"PHI","CHN","PHI",0,"F","F",0,0,0,2,2,"T","F",2,2,"T","T","hartg103","grift102","T","T",0,0,0,8,2,2,0,0,0,"","wilsj105","",0,0,0,0,0,0,0,0,0,0,0,0,0,"burng101","F","F","F","F",0,0,4,0,1,0,0,0,0,0,F,F,"1925PHI.EVN.regular.event.csv",1478
"PHI192505160","CHN",1,0,2,0,0,"",0,0,"hartg103","?","hartg103","?","ringj101","?","ringj101","?","wilsj105","hawkc101","fonsl101","hubec101","sandh101","burng101","harpg101","willc103","","heatc101","","S7.2-H","F","F",2,4,20,"T","T",1,"F","F",0,"F","F",1,"F","F",7,"","F","F","",0,0,"N",0,"N",0,"N",1,0,4,0,"","","","","F","F","F","F","F","F","F","F","F","","ringj101","","F","F","F","F","F","","","","",0,0,0,0,0,0,0,0,0,4,"PHI","CHN","PHI",0,"F","F",0,0,0,3,3,"T","F",2,1,"T","T","grift102","fribb101","T","T",0,0,0,8,2,2,0,0,0,"","wilsj105","",0,0,0,0,0,0,0,0,0,0,0,0,1,"burng101","F","F","F","F",0,0,4,0,0,0,0,0,0,0,F,F,"1925PHI.EVN.regular.event.csv",1479
"PHI192505160","CHN",1,0,2,0,0,"",1,0,"grift102","?","grift102","?","ringj101","?","ringj101","?","wilsj105","hawkc101","fonsl101","hubec101","sandh101","burng101","harpg101","willc103","hartg103","","","43","F","F",9,5,2,"T","T",0,"F","F",1,"F","F",0,"F","F",4,"G","F","F","",0,0,"N",0,"N",0,"N",0,1,0,0,"43","","","","F","F","F","F","F","F","F","F","F","ringj101","","","F","F","F","F","F","","","","",0,3,0,0,4,0,0,0,0,5,"PHI","CHN","PHI",0,"F","T",1,0,1,4,4,"T","F",1,1,"T","T","fribb101","grimc101","T","T",2,4,4,0,0,0,0,0,0,"wilsj105","","",0,0,0,0,0,0,0,0,0,0,0,0,0,"fonsl101","F","F","F","F",0,0,0,0,0,0,0,0,0,0,F,F,"1925PHI.EVN.regular.event.csv",1480
"PHI192505160","CHN",1,1,0,0,0,"",1,0,"burng101","?","burng101","?","kauft101","?","kauft101","?","hartg103","grimc101","adams101","fribb101","mcaui101","statj101","heatc101","grift102","","","","S5/G5L","T","F",7,1,20,"T","T",1,"F","F",0,"F","F",0,"F","F",5,"G","F","F","5L",0,0,"N",0,"N",0,"N",1,0,0,0,"","","","","F","F","F","F","F","F","F","F","F","","","","F","F","F","F","F","","","","",0,0,0,0,0,0,0,0,0,6,"PHI","PHI","CHN",1,"T","F",0,1,0,0,0,"T","F",0,1,"T","T","fonsl101","willc103","T","T",0,0,0,0,0,0,0,0,0,"","","",0,0,0,0,0,0,0,0,0,0,0,0,0,"fribb101","F","F","F","F",4,0,0,0,4,0,0,0,0,0,F,F,"1925PHI.EVN.regular.event.csv",1481
"PHI192505160","CHN",1,1,0,0,0,"",1,0,"fonsl101","?","fonsl101","?","kauft101","?","kauft101","?","hartg103","grimc101","adams101","fribb101","mcaui101","statj101","heatc101","grift102","burng101","","","D7/7D.1-H","F","F",4,2,21,"T","T",2,"F","F",0,"F","F",1,"F","F",7,"","F","F","7D",0,0,"N",0,"N",0,"N",2,4,0,0,"","","","","F","F","F","F","F","F","F","F","F","kauft101","","","F","F","F","F","F","","","","",0,0,0,0,0,0,0,0,0,7,"PHI","PHI","CHN",1,"F","F",0,1,0,1,1,"T","F",1,2,"T","T","willc103","harpg101","T","T",7,1,6,0,0,0,0,0,0,"hartg103","","",0,0,0,0,0,0,0,0,0,0,0,0,1,"statj101","F","F","F","F",4,4,0,0,3,0,0,0,0,0,F,F,"1925PHI.EVN.regular.event.csv",1482
"PHI192505160","CHN",1,1,0,0,0,"",1,1,"willc103","?","willc103","?","kauft101","?","kauft101","?","hartg103","grimc101","adams101","fribb101","mcaui101","statj101","heatc101","grift102","","fonsl101","","HP","F","F",9,3,16,"T","F",0,"F","F",0,"F","F",0,"F","F",0,"","F","F","",0,0,"N",0,"N",0,"N",1,0,2,0,"","","","","F","F","F","F","F","F","F","F","F","","kauft101","","F","F","F","F","F","","","","",0,0,0,0,0,0,0,0,0,8,"PHI","PHI","CHN",1,"F","F",1,1,1,2,2,"T","F",2,3,"T","T","harpg101","hawkc101","T","T",0,0,0,4,2,7,0,0,0,"","hartg103","",0,0,0,0,0,0,0,0,0,0,0,0,0,"","F","F","F","F",4,0,4,0,3,0,0,0,0,0,F,F,"1925PHI.EVN.regular.event.csv",1483
"PHI192505160","CHN",1,1,0,0,0,"",1,1,"harpg101","?","harpg101","?","kauft101","?","kauft101","?","hartg103","grimc101","adams101","fribb101","mcaui101","statj101","heatc101","grift102","willc103","fonsl101","","D9/F9DW.2-H;1-3","F","F",8,4,21,"T","T",2,"F","F",0,"F","F",1,"F","F",9,"F","F","F","9DW",0,0,"N",0,"N",0,"N",2,3,4,0,"","","","","F","F","F","F","F","F","F","F","F","kauft101","kauft101","","F","F","F","F","F","","","","",0,0,0,0,0,0,0,0,0,9,"PHI","PHI","CHN",1,"F","F",1,1,1,3,3,"T","F",3,6,"T","T","hawkc101","wilsj105","T","T",9,3,8,4,2,7,0,0,0,"hartg103","hartg103","",0,0,0,0,0,0,0,0,0,0,0,0,1,"grift102","F","F","F","F",4,4,4,0,2,0,0,0,0,0,F,F,"1925PHI.EVN.regular.event.csv",1484
"PHI192505160","CHN",1,1,0,0,0,"",1,2,"hawkc101","?","hawkc101","?","kauft101","?","kauft101","?","hartg103","grimc101","adams101","fribb101","mcaui101","statj101","heatc101","grift102","","harpg101","willc103","43","F","F",3,5,2,"T","T",0,"F","F",1,"F","F",0,"F","F",4,"G","F","F","",0,0,"N",0,"N",0,"N",0,0,2,3,"43","","","","F","F","F","F","F","F","F","F","F","","kauft101","kauft101","F","F","F","F","F","","","","",0,3,0,0,4,0,0,0,0,10,"PHI","PHI","CHN",1,"F","F",2,1,2,4,4,"T","F",6,6,"T","T","wilsj105","sandh101","T","T",0,0,0,8,4,9,9,3,8,"","hartg103","hartg103",0,0,0,0,0,0,0,0,0,0,0,0,0,"adams101","F","F","F","F",0,0,4,4,2,0,0,0,0,0,F,F,"1925PHI.EVN.regular.event.csv",1485
"PHI192505160","CHN",1,1,1,0,0,"",1,2,"wilsj105","?","wilsj105","?","kauft101","?","kauft101","?","hartg103","grimc101","adams101","fribb101","mcaui101","statj101","heatc101","grift102","","harpg101","willc103","2/FL","F","F",2,6,2,"T","T",0,"F","F",1,"F","F",0,"F","F",2,"F","F","T","",0,0,"N",0,"N",0,"N",0,0,2,3,"2","","","","F","F","F","F","F","F","F","F","F","","kauft101","kauft101","F","F","F","F","F","","","","",0,2,0,0,0,0,0,0,0,11,"PHI","PHI","CHN",1,"F","F",2,1,2,5,5,"T","F",6,6,"T","T","sandh101","hubec101","T","T",0,0,0,8,4,9,9,3,8,"","hartg103","hartg103",0,0,0,0,0,0,0,0,0,0,0,0,0,"hartg103","F","F","F","F",0,0,4,4,2,0,0,0,0,0,F,F,"1925PHI.EVN.regular.event.csv",1486
"PHI192505160","CHN",1,1,2,0,0,"",1,2,"sandh101","?","sandh101","?","kauft101","?","kauft101","?","hartg103","grimc101","adams101","fribb101","mcaui101","statj101","heatc101","grift102","","harpg101","willc103","S8/L.3-H;2-H","F","F",6,7,20,"T","T",1,"F","F",0,"F","F",2,"F","F",8,"L","F","F","",0,0,"N",0,"N",0,"N",1,0,4,4,"","","","","F","F","F","F","F","F","F","F","F","","kauft101","kauft101","F","F","F","F","F","","","","",0,0,0,0,0,0,0,0,0,12,"PHI","PHI","CHN",1,"F","F",2,1,2,6,6,"T","F",6,1,"T","T","hubec101","ringj101","T","T",0,0,0,8,4,9,9,3,8,"","hartg103","hartg103",0,0,0,0,0,0,0,0,0,0,0,0,2,"heatc101","F","F","F","F",0,0,4,4,0,0,0,0,0,0,F,F,"1925PHI.EVN.regular.event.csv",1487
"PHI192505160","CHN",1,1,2,0,0,"",1,4,"hubec101","?","hubec101","?","kauft101","?","kauft101","?","hartg103","grimc101","adams101","fribb101","mcaui101","statj101","heatc101","grift102","sandh101","","","S1/G.1-2","F","F",5,8,20,"T","T",1,"F","F",0,"F","F",0,"F","F",1,"G","F","F","",0,0,"N",0,"N",0,"N",1,2,0,0,"","","","","F","F","F","F","F","F","F","F","F","kauft101","","","F","F","F","F","F","","","","",0,0,0,0,0,0,0,0,0,13,"PHI","PHI","CHN",1,"F","F",4,1,4,7,7,"T","F",1,3,"T","T","ringj101","burng101","T","T",6,7,12,0,0,0,0,0,0,"hartg103","","",0,0,0,0,0,0,0,0,0,0,0,0,0,"kauft101","F","F","F","F",0,0,0,0,0,0,0,0,0,0,F,F,"1925PHI.EVN.regular.event.csv",1488
"PHI192505160","CHN",1,1,2,0,0,"",1,4,"ringj101","?","ringj101","?","kauft101","?","kauft101","?","hartg103","grimc101","adams101","fribb101","mcaui101","statj101","heatc101","grift102","hubec101","sandh101","","K","F","F",1,9,3,"T","T",0,"F","F",1,"F","F",0,"F","F",0,"","F","F","",0,0,"N",0,"N",0,"N",0,1,2,0,"2","","","","F","F","F","F","F","F","F","F","F","kauft101","kauft101","","F","F","F","F","F","","","","",0,2,0,0,0,0,0,0,0,14,"PHI","PHI","CHN",1,"F","T",4,1,4,8,8,"T","F",3,3,"T","T","burng101","fonsl101","T","T",5,8,13,6,7,12,0,0,0,"hartg103","hartg103","",0,0,0,0,0,0,0,0,0,0,0,0,0,"","F","F","F","F",0,0,0,0,0,0,0,0,0,0,F,F,"1925PHI.EVN.regular.event.csv",1489
"PHI192505160","CHN",2,0,0,0,0,"",1,4,"fribb101","?","fribb101","?","ringj101","?","ringj101","?","wilsj105","hawkc101","fonsl101","hubec101","sandh101","burng101","harpg101","willc103","","","","3/G","T","F",5,6,2,"T","T",0,"F","F",1,"F","F",0,"F","F",3,"G","F","F","",0,0,"N",0,"N",0,"N",0,0,0,0,"3","","","","F","F","F","F","F","F","F","F","F","","","","F","F","F","F","F","","","","",0,3,0,0,0,0,0,0,0,15,"PHI","CHN","PHI",0,"T","F",1,4,0,5,0,"T","F",0,0,"T","T","grimc101","mcaui101","T","T",0,0,0,0,0,0,0,0,0,"","","",0,0,0,0,0,0,0,0,0,0,0,0,0,"hawkc101","F","F","F","F",0,0,0,0,1,0,0,0,0,0,F,F,"1925PHI.EVN.regular.event.csv",1490
"PHI192505160","CHN",2,0,1,0,0,"",1,4,"grimc101","?","grimc101","?","ringj101","?","ringj101","?","wilsj105","hawkc101","fonsl101","hubec101","sandh101","burng101","harpg101","willc103","","","","HR/F89XD","F","F",3,7,23,"T","T",4,"F","F",0,"F","F",1,"F","F",0,"F","F","F","89XD",0,0,"N",0,"N",0,"N",4,0,0,0,"","","","","F","F","F","F","F","F","F","F","F","","","","F","F","F","F","F","","","","",0,0,0,0,0,0,0,0,0,16,"PHI","CHN","PHI",0,"F","F",1,4,0,6,1,"T","F",0,0,"T","T","mcaui101","kauft101","T","T",0,0,0,0,0,0,0,0,0,"","","",0,0,0,0,0,0,0,0,0,0,0,0,1,"","F","F","F","F",4,0,0,0,0,0,0,0,0,0,F,F,"1925PHI.EVN.regular.event.csv",1491
"PHI192505160","CHN",2,0,1,0,0,"",2,4,"mcaui101","?","mcaui101","?","ringj101","?","ringj101","?","wilsj105","hawkc101","fonsl101","hubec101","sandh101","burng101","harpg101","willc103","","","","6/P","F","F",6,8,2,"T","T",0,"F","F",1,"F","F",0,"F","F",6,"P","F","F","",0,0,"N",0,"N",0,"N",0,0,0,0,"6","","","","F","F","F","F","F","F","F","F","F","","","","F","F","F","F","F","","","","",0,6,0,0,0,0,0,0,0,17,"PHI","CHN","PHI",0,"F","F",2,4,1,7,2,"T","F",0,0,"T","T","kauft101","statj101","T","T",0,0,0,0,0,0,0,0,0,"","","",0,0,0,0,0,0,0,0,0,0,0,0,0,"sandh101","F","F","F","F",0,0,0,0,0,0,0,0,0,0,F,F,"1925PHI.EVN.regular.event.csv",1492
"PHI192505160","CHN",2,0,2,0,0,"",2,4,"kauft101","?","kauft101","?","ringj101","?","ringj101","?","wilsj105","hawkc101","fonsl101","hubec101","sandh101","burng101","harpg101","willc103","","","","K/C","F","F",1,9,3,"T","T",0,"F","F",1,"F","F",0,"F","F",0,"","F","F","",0,0,"N",0,"N",0,"N",0,0,0,0,"2","","","","F","F","F","F","F","F","F","F","F","","","","F","F","F","F","F","","","","",0,2,0,0,0,0,0,0,0,18,"PHI","CHN","PHI",0,"F","T",2,4,1,8,3,"T","F",0,0,"T","T","statj101","heatc101","T","T",0,0,0,0,0,0,0,0,0,"","","",0,0,0,0,0,0,0,0,0,0,0,0,0,"","F","F","F","F",0,0,0,0,0,0,0,0,0,0,F,F,"1925PHI.EVN.regular.event.csv",1493
"PHI192505160","CHN",2,1,0,0,0,"",2,4,"burng101","?","burng101","?","kauft101","?","kauft101","?","hartg103","grimc101","adams101","fribb101","mcaui101","statj101","heatc101","grift102","","","","9/L","T","F",7,1,2,"T","T",0,"F","F",1,"F","F",0,"F","F",9,"L","F","F","",0,0,"N",0,"N",0,"N",0,0,0,0,"9","","","","F","F","F","F","F","F","F","F","F","","","","F","F","F","F","F","","","","",0,9,0,0,0,0,0,0,0,19,"PHI","PHI","CHN",1,"T","F",4,2,0,9,0,"T","F",0,0,"T","T","fonsl101","willc103","T","T",0,0,0,0,0,0,0,0,0,"","","",0,0,0,0,0,0,0,0,0,0,0,0,0,"grift102","F","F","F","F",0,0,0,0,0,0,0,0,0,0,F,F,"1925PHI.EVN.regular.event.csv",1494
"PHI192505160","CHN",2,1,1,0,0,"",2,4,"fonsl101","?","fonsl101","?","kauft101","?","kauft101","?","hartg103","grimc101","adams101","fribb101","mcaui101","statj101","heatc101","grift102","","","","63","F","F",4,2,2,"T","T",0,"F","F",1,"F","F",0,"F","F",6,"G","F","F","",0,0,"N",0,"N",0,"N",0,0,0,0,"63","","","","F","F","F","F","F","F","F","F","F","","","","F","F","F","F","F","","","","",0,3,0,0,6,0,0,0,0,20,"PHI","PHI","CHN",1,"F","F",4,2,0,10,1,"T","F",0,0,"T","T","willc103","harpg101","T","T",0,0,0,0,0,0,0,0,0,"","","",0,0,0,0,0,0,0,0,0,0,0,0,0,"mcaui101","F","F","F","F",0,0,0,0,0,0,0,0,0,0,F,F,"1925PHI.EVN.regular.event.csv",1495
"PHI192505160","CHN",2,1,2,0,0,"",2,4,"willc103","?","willc103","?","kauft101","?","kauft101","?","hartg103","grimc101","adams101","fribb101","mcaui101","statj101","heatc101","grift102","","","","6/P","F","F",9,3,2,"T","T",0,"F","F",1,"F","F",0,"F","F",6,"P","F","F","",0,0,"N",0,"N",0,"N",0,0,0,0,"6","","","","F","F","F","F","F","F","F","F","F","","","","F","F","F","F","F","","","","",0,6,0,0,0,0,0,0,0,21,"PHI","PHI","CHN",1,"F","T",4,2,0,11,2,"T","F",0,0,"T","T","harpg101","hawkc101","T","T",0,0,0,0,0,0,0,0,0,"","","",0,0,0,0,0,0,0,0,0,0,0,0,0,"mcaui101","F","F","F","F",0,0,0,0,0,0,0,0,0,0,F,F,"1925PHI.EVN.regular.event.csv",1496
"PHI192505160","CHN",3,0,0,0,0,"",2,4,"statj101","?","statj101","?","ringj101","?","ringj101","?","wilsj105","hawkc101","fonsl101","hubec101","sandh101","burng101","harpg101","willc103","","","","43","T","F",7,1,2,"T","T",0,"F","F",1,"F","F",0,"F","F",4,"G","F","F","",0,0,"N",0,"N",0,"N",0,0,0,0,"43","","","","F","F","F","F","F","F","F","F","F","","","","F","F","F","F","F","","","","",0,3,0,0,4,0,0,0,0,22,"PHI","CHN","PHI",0,"T","F",2,4,0,9,0,"T","F",0,0,"T","T","heatc101","adams101","T","T",0,0,0,0,0,0,0,0,0,"","","",0,0,0,0,0,0,0,0,0,0,0,0,0,"fonsl101","F","F","F","F",0,0,0,0,0,0,0,0,0,0,F,F,"1925PHI.EVN.regular.event.csv",1497
"PHI192505160","CHN",3,0,1,0,0,"",2,4,"heatc101","?","heatc101","?","ringj101","?","ringj101","?","wilsj105","hawkc101","fonsl101","hubec101","sandh101","burng101","harpg101","willc103","","","","K/C","F","F",8,2,3,"T","T",0,"F","F",1,"F","F",0,"F","F",0,"","F","F","",0,0,"N",0,"N",0,"N",0,0,0,0,"2","","","","F","F","F","F","F","F","F","F","F","","","","F","F","F","F","F","","","","",0,2,0,0,0,0,0,0,0,23,"PHI","CHN","PHI",0,"F","F",2,4,0,10,1,"T","F",0,0,"T","T","adams101","hartg103","T","T",0,0,0,0,0,0,0,0,0,"","","",0,0,0,0,0,0,0,0,0,0,0,0,0,"","F","F","F","F",0,0,0,0,0,0,0,0,0,0,F,F,"1925PHI.EVN.regular.event.csv",1498
"PHI192505160","CHN",3,0,2,0,0,"",2,4,"adams101","?","adams101","?","ringj101","?","ringj101","?","wilsj105","hawkc101","fonsl101","hubec101","sandh101","burng101","harpg101","willc103","","","","43","F","F",4,3,2,"T","T",0,"F","F",1,"F","F",0,"F","F",4,"G","F","F","",0,0,"N",0,"N",0,"N",0,0,0,0,"43","","","","F","F","F","F","F","F","F","F","F","","","","F","F","F","F","F","","","","",0,3,0,0,4,0,0,0,0,24,"PHI","CHN","PHI",0,"F","T",2,4,0,11,2,"T","F",0,0,"T","T","hartg103","grift102","T","T",0,0,0,0,0,0,0,0,0,"","","",0,0,0,0,0,0,0,0,0,0,0,0,0,"fonsl101","F","F","F","F",0,0,0,0,0,0,0,0,0,0,F,F,"1925PHI.EVN.regular.event.csv",1499
"PHI192505160","CHN",3,1,0,0,0,"",2,4,"harpg101","?","harpg101","?","kauft101","?","kauft101","?","hartg103","grimc101","adams101","fribb101","mcaui101","statj101","heatc101","grift102","","","","D9","T","F",8,4,21,"T","T",2,"F","F",0,"F","F",0,"F","F",9,"","F","F","",0,0,"N",0,"N",0,"N",2,0,0,0,"","","","","F","F","F","F","F","F","F","F","F","","","","F","F","F","F","F","","","","",0,0,0,0,0,0,0,0,0,25,"PHI","PHI","CHN",1,"T","F",4,2,0,12,0,"T","F",0,2,"T","T","hawkc101","wilsj105","T","T",0,0,0,0,0,0,0,0,0,"","","",0,0,0,0,0,0,0,0,0,0,0,0,0,"grift102","F","F","F","F",0,0,0,0,0,0,0,0,0,0,F,F,"1925PHI.EVN.regular.event.csv",1500
"PHI192505160","CHN",3,1,0,0,0,"",2,4,"hawkc101","?","hawkc101","?","kauft101","?","kauft101","?","hartg103","grimc101","adams101","fribb101","mcaui101","statj101","heatc101","grift102","","harpg101","","5/P","F","F",3,5,2,"T","T",0,"F","F",1,"F","F",0,"F","F",5,"P","F","F","",0,0,"N",0,"N",0,"N",0,0,2,0,"5","","","","F","F","F","F","F","F","F","F","F","","kauft101","","F","F","F","F","F","","","","",0,5,0,0,0,0,0,0,0,26,"PHI","PHI","CHN",1,"F","F",4,2,0,13,1,"T","F",2,2,"T","T","wilsj105","sandh101","T","T",0,0,0,8,4,25,0,0,0,"","hartg103","",0,0,0,0,0,0,0,0,0,0,0,0,0,"fribb101","F","F","F","F",0,0,0,0,0,0,0,0,0,0,F,F,"1925PHI.EVN.regular.event.csv",1501
"PHI192505160","CHN",3,1,1,0,0,"",2,4,"wilsj105","?","wilsj105","?","kauft101","?","kauft101","?","hartg103","grimc101","adams101","fribb101","mcaui101","statj101","heatc101","grift102","","harpg101","","W","F","F",2,6,14,"T","F",0,"F","F",0,"F","F",0,"F","F",0,"","F","F","",0,0,"N",0,"N",0,"N",1,0,2,0,"","","","","F","F","F","F","F","F","F","F","F","","kauft101","","F","F","F","F","F","","","","",0,0,0,0,0,0,0,0,0,27,"PHI","PHI","CHN",1,"F","F",4,2,0,14,2,"T","F",2,3,"T","T","sandh101","hubec101","T","T",0,0,0,8,4,25,0,0,0,"","hartg103","",0,0,0,0,0,0,0,0,0,0,0,0,0,"","F","F","F","F",0,0,0,0,0,0,0,0,0,0,F,F,"1925PHI.EVN.regular.event.csv",1502
"PHI192505160","CHN",3,1,1,0,0,"",2,4,"sandh101","?","sandh101","?","kauft101","?","kauft101","?","hartg103","grimc101","adams101","fribb101","mcaui101","statj101","heatc101","grift102","wilsj105","harpg101","","4/LDP.1X1(43)","F","F",6,7,2,"T","T",0,"F","F",2,"T","F",0,"F","F",4,"L","F","F","",0,0,"N",0,"N",0,"N",0,0,2,0,"4","43","","","F","F","F","F","F","F","F","F","F","kauft101","kauft101","","F","F","F","F","F","","","","",0,4,3,0,4,0,0,0,0,28,"PHI","PHI","CHN",1,"F","T",4,2,0,15,3,"T","F",3,2,"T","T","hubec101","ringj101","T","T",2,6,27,8,4,25,0,0,0,"hartg103","hartg103","",0,0,0,0,0,0,0,0,0,0,0,0,0,"adams101","F","F","F","F",0,0,0,0,0,0,0,0,0,0,F,F,"1925PHI.EVN.regular.event.csv",1503
"PHI192505160","CHN",4,0,0,0,0,"",2,4,"hartg103","?","hartg103","?","ringj101","?","ringj101","?","wilsj105","hawkc101","fonsl101","hubec101","sandh101","burng101","harpg101","willc103","","","","8/F","T","F",2,4,2,"T","T",0,"F","F",1,"F","F",0,"F","F",8,"F","F","F","",0,0,"N",0,"N",0,"N",0,0,0,0,"8","","","","F","F","F","F","F","F","F","F","F","","","","F","F","F","F","F","","","","",0,8,0,0,0,0,0,0,0,29,"PHI","CHN","PHI",0,"T","F",2,4,0,12,0,"T","F",0,0,"T","T","grift102","fribb101","T","T",0,0,0,0,0,0,0,0,0,"","","",0,0,0,0,0,0,0,0,0,0,0,0,0,"harpg101","F","F","F","F",0,0,0,0,0,0,0,0,0,0,F,F,"1925PHI.EVN.regular.event.csv",1504
"PHI192505160","CHN",4,0,1,0,0,"",2,4,"grift102","?","grift102","?","ringj101","?","ringj101","?","wilsj105","hawkc101","fonsl101","hubec101","sandh101","burng101","harpg101","willc103","","","","43","F","F",9,5,2,"T","T",0,"F","F",1,"F","F",0,"F","F",4,"G","F","F","",0,0,"N",0,"N",0,"N",0,0,0,0,"43","","","","F","F","F","F","F","F","F","F","F","","","","F","F","F","F","F","","","","",0,3,0,0,4,0,0,0,0,30,"PHI","CHN","PHI",0,"F","F",2,4,0,13,1,"T","F",0,0,"T","T","fribb101","grimc101","T","T",0,0,0,0,0,0,0,0,0,"","","",0,0,0,0,0,0,0,0,0,0,0,0,0,"fonsl101","F","F","F","F",0,0,0,0,0,0,0,0,0,0,F,F,"1925PHI.EVN.regular.event.csv",1505
"PHI192505160","CHN",4,0,2,0,0,"",2,4,"fribb101","?","fribb101","?","ringj101","?","ringj101","?","wilsj105","hawkc101","fonsl101","hubec101","sandh101","burng101","harpg101","willc103","","","","63","F","F",5,6,2,"T","T",0,"F","F",1,"F","F",0,"F","F",6,"G","F","F","",0,0,"N",0,"N",0,"N",0,0,0,0,"63","","","","F","F","F","F","F","F","F","F","F","","","","F","F","F","F","F","","","","",0,3,0,0,6,0,0,0,0,31,"PHI","CHN","PHI",0,"F","T",2,4,0,14,2,"T","F",0,0,"T","T","grimc101","mcaui101","T","T",0,0,0,0,0,0,0,0,0,"","","",0,0,0,0,0,0,0,0,0,0,0,0,0,"sandh101","F","F","F","F",0,0,0,0,0,0,0,0,0,0,F,F,"1925PHI.EVN.regular.event.csv",1506
"PHI192505160","CHN",4,1,0,0,0,"",2,4,"hubec101","?","hubec101","?","kauft101","?","kauft101","?","hartg103","grimc101","adams101","fribb101","mcaui101","statj101","heatc101","grift102","","","","FLE5","T","F",5,8,13,"F","F",0,"F","F",0,"F","F",0,"F","F",5,"P","F","T","",1,5,"F",0,"N",0,"N",0,0,0,0,"","","","","F","F","F","F","F","F","F","F","F","","","","F","F","F","F","F","","","","",0,0,0,0,0,0,0,0,0,32,"PHI","PHI","CHN",1,"T","F",4,2,0,16,0,"T","F",0,0,"T","T","ringj101","burng101","T","T",0,0,0,0,0,0,0,0,0,"","","",0,0,0,0,0,0,0,0,0,0,0,0,0,"fribb101","F","F","F","F",0,0,0,0,1,0,0,0,0,0,F,F,"1925PHI.EVN.regular.event.csv",1507
"PHI192505160","CHN",4,1,0,0,0,"",2,4,"hubec101","?","hubec101","?","kauft101","?","kauft101","?","hartg103","grimc101","adams101","fribb101","mcaui101","statj101","heatc101","grift102","","","","S9","T","F",5,8,20,"T","T",1,"F","F",0,"F","F",0,"F","F",9,"","F","F","",0,0,"N",0,"N",0,"N",1,0,0,0,"","","","","F","F","F","F","F","F","F","F","F","","","","F","F","F","F","F","","","","",0,0,0,0,0,0,0,0,0,33,"PHI","PHI","CHN",1,"F","F",4,2,0,16,0,"F","F",0,1,"T","T","ringj101","burng101","T","T",0,0,0,0,0,0,0,0,0,"","","",0,0,0,0,0,0,0,0,0,0,0,0,0,"grift102","F","F","F","F",4,0,0,0,1,0,0,0,0,0,F,F,"1925PHI.EVN.regular.event.csv",1508
"PHI192505160","CHN",4,1,0,0,0,"",2,4,"ringj101","?","ringj101","?","kauft101","?","kauft101","?","hartg103","grimc101","adams101","fribb101","mcaui101","statj101","heatc101","grift102","hubec101","","","S4/BG.1-2","F","F",1,9,20,"T","T",1,"F","F",0,"F","F",0,"F","F",4,"G","T","F","",0,0,"N",0,"N",0,"N",1,2,0,0,"","","","","F","F","F","F","F","F","F","F","F","kauft101","","","F","F","F","F","F","","","","",0,0,0,0,0,0,0,0,0,34,"PHI","PHI","CHN",1,"F","F",4,2,0,17,1,"T","F",1,3,"T","T","burng101","fonsl101","T","T",5,8,33,0,0,0,0,0,0,"hartg103","","",0,0,0,0,0,0,0,0,0,0,0,0,0,"adams101","F","F","F","F",0,4,0,0,1,0,0,0,0,0,F,F,"1925PHI.EVN.regular.event.csv",1509
"PHI192505160","CHN",4,1,0,0,0,"",2,4,"burng101","?","burng101","?","kauft101","?","kauft101","?","hartg103","grimc101","adams101","fribb101","mcaui101","statj101","heatc101","grift102","ringj101","hubec101","","S8.2-H;1-2","F","F",7,1,20,"T","T",1,"F","F",0,"F","F",1,"F","F",8,"","F","F","",0,0,"N",0,"N",0,"N",1,2,4,0,"","","","","F","F","F","F","F","F","F","F","F","kauft101","kauft101","","F","F","F","F","F","","","","",0,0,0,0,0,0,0,0,0,35,"PHI","PHI","CHN",1,"F","F",4,2,0,18,2,"T","F",3,3,"T","T","fonsl101","willc103","T","T",1,9,34,5,8,33,0,0,0,"hartg103","hartg103","",0,0,0,0,0,0,0,0,0,0,0,0,1,"heatc101","F","F","F","F",0,0,4,0,0,0,0,0,0,0,F,F,"1925PHI.EVN.regular.event.csv",1510
"PHI192505160","CHN",4,1,0,0,0,"",2,5,"fonsl101","?","fonsl101","?","keenv101","?","keenv101","?","hartg103","grimc101","adams101","fribb101","mcaui101","statj101","heatc101","grift102","burng101","ringj101","","6(1)3/GDP.2-3","F","F",4,2,2,"T","T",0,"F","F",2,"T","F",0,"F","F",6,"G","F","F","",0,0,"N",0,"N",0,"N",0,0,3,0,"63","6","","","F","F","F","F","F","F","F","F","F","kauft101","kauft101","","F","F","F","F","F","","","","",0,6,3,0,6,0,0,0,0,36,"PHI","PHI","CHN",1,"F","F",5,2,1,19,3,"T","F",3,4,"T","T","willc103","harpg101","F","F",7,1,35,1,9,34,0,0,0,"hartg103","hartg103","",0,0,0,0,0,0,0,0,0,0,0,0,0,"mcaui101","T","F","F","F",0,0,0,0,0,0,0,0,0,0,F,F,"1925PHI.EVN.regular.event.csv",1511
"PHI192505160","CHN",4,1,2,0,0,"",2,5,"willc103","?","willc103","?","keenv101","?","keenv101","?","hartg103","grimc101","adams101","fribb101","mcaui101","statj101","heatc101","grift102","","","ringj101","3/G","F","F",9,3,2,"T","T",0,"F","F",1,"F","F",0,"F","F",3,"G","F","F","",0,0,"N",0,"N",0,"N",0,0,0,3,"3","","","","F","F","F","F","F","F","F","F","F","","","kauft101","F","F","F","F","F","","","","",0,3,0,0,0,0,0,0,0,37,"PHI","PHI","CHN",1,"F","T",5,2,1,20,4,"T","F",4,4,"T","T","harpg101","hawkc101","F","F",0,0,0,0,0,0,1,9,34,"","","hartg103",0,0,0,0,0,0,0,0,0,0,0,0,0,"grimc101","F","F","F","F",0,0,0,0,0,0,0,0,0,0,F,F,"1925PHI.EVN.regular.event.csv",1512
"PHI192505160","CHN",5,0,0,0,0,"",2,5,"grimc101","?","grimc101","?","ringj101","?","ringj101","?","wilsj105","hawkc101","fonsl101","hubec101","sandh101","burng101","harpg101","willc103","","","","43","T","F",3,7,2,"T","T",0,"F","F",1,"F","F",0,"F","F",4,"G","F","F","",0,0,"N",0,"N",0,"N",0,0,0,0,"43","","","","F","F","F","F","F","F","F","F","F","","","","F","F","F","F","F","","","","",0,3,0,0,4,0,0,0,0,38,"PHI","CHN","PHI",0,"T","F",2,5,0,15,0,"T","F",0,0,"T","T","mcaui101","keenv101","T","T",0,0,0,0,0,0,0,0,0,"","","",0,0,0,0,0,0,0,0,0,0,0,0,0,"fonsl101","F","F","F","F",0,0,0,0,0,0,0,0,0,0,F,F,"1925PHI.EVN.regular.event.csv",1513
"PHI192505160","CHN",5,0,1,0,0,"",2,5,"mcaui101","?","mcaui101","?","ringj101","?","ringj101","?","wilsj105","hawkc101","fonsl101","hubec101","sandh101","burng101","harpg101","willc103","","","","W","F","F",6,8,14,"T","F",0,"F","F",0,"F","F",0,"F","F",0,"","F","F","",0,0,"N",0,"N",0,"N",1,0,0,0,"","","","","F","F","F","F","F","F","F","F","F","","","","F","F","F","F","F","","","","",0,0,0,0,0,0,0,0,0,39,"PHI","CHN","PHI",0,"F","F",2,5,0,16,1,"T","F",0,1,"T","T","keenv101","statj101","T","T",0,0,0,0,0,0,0,0,0,"","","",0,0,0,0,0,0,0,0,0,0,0,0,0,"","F","F","F","F",0,0,0,0,0,0,0,0,0,0,F,F,"1925PHI.EVN.regular.event.csv",1514
"PHI192505160","CHN",5,0,1,0,0,"",2,5,"keenv101","?","keenv101","?","ringj101","?","ringj101","?","wilsj105","hawkc101","fonsl101","hubec101","sandh101","burng101","harpg101","willc103","mcaui101","","","3(B)6(1)/GDP","F","F",1,9,2,"T","T",0,"F","F",2,"T","F",0,"F","F",3,"G","F","F","",0,0,"N",0,"N",0,"N",0,0,0,0,"3","36","","","F","F","F","F","F","F","F","F","F","ringj101","","","F","F","F","F","F","","","","",0,3,6,0,3,0,0,0,0,40,"PHI","CHN","PHI",0,"F","T",2,5,0,17,2,"T","F",1,0,"F","F","statj101","heatc101","T","T",6,8,39,0,0,0,0,0,0,"wilsj105","","",0,0,0,0,0,0,0,0,0,0,0,0,0,"hawkc101","T","F","F","F",0,0,0,0,0,0,0,0,0,0,F,F,"1925PHI.EVN.regular.event.csv",1515
"PHI192505160","CHN",5,1,0,0,0,"",2,5,"harpg101","?","harpg101","?","keenv101","?","keenv101","?","hartg103","grimc101","adams101","fribb101","mcaui101","statj101","heatc101","grift102","","","","3/G","T","F",8,4,2,"T","T",0,"F","F",1,"F","F",0,"F","F",3,"G","F","F","",0,0,"N",0,"N",0,"N",0,0,0,0,"3","","","","F","F","F","F","F","F","F","F","F","","","","F","F","F","F","F","","","","",0,3,0,0,0,0,0,0,0,41,"PHI","PHI","CHN",1,"T","F",5,2,0,21,0,"T","F",0,0,"T","T","hawkc101","wilsj105","F","F",0,0,0,0,0,0,0,0,0,"","","",0,0,0,0,0,0,0,0,0,0,0,0,0,"grimc101","F","F","F","F",0,0,0,0,0,0,0,0,0,0,F,F,"1925PHI.EVN.regular.event.csv",1516
"PHI192505160","CHN",5,1,1,0,0,"",2,5,"hawkc101","?","hawkc101","?","keenv101","?","keenv101","?","hartg103","grimc101","adams101","fribb101","mcaui101","statj101","heatc101","grift102","","","","8/F","F","F",3,5,2,"T","T",0,"F","F",1,"F","F",0,"F","F",8,"F","F","F","",0,0,"N",0,"N",0,"N",0,0,0,0,"8","","","","F","F","F","F","F","F","F","F","F","","","","F","F","F","F","F","","","","",0,8,0,0,0,0,0,0,0,42,"PHI","PHI","CHN",1,"F","F",5,2,0,22,1,"T","F",0,0,"T","T","wilsj105","sandh101","F","F",0,0,0,0,0,0,0,0,0,"","","",0,0,0,0,0,0,0,0,0,0,0,0,0,"heatc101","F","F","F","F",0,0,0,0,0,0,0,0,0,0,F,F,"1925PHI.EVN.regular.event.csv",1517
"PHI192505160","CHN",5,1,2,0,0,"",2,5,"wilsj105","?","wilsj105","?","keenv101","?","keenv101","?","hartg103","grimc101","adams101","fribb101","mcaui101","statj101","heatc101","grift102","","","","53","F","F",2,6,2,"T","T",0,"F","F",1,"F","F",0,"F","F",5,"G","F","F","",0,0,"N",0,"N",0,"N",0,0,0,0,"53","","","","F","F","F","F","F","F","F","F","F","","","","F","F","F","F","F","","","","",0,3,0,0,5,0,0,0,0,43,"PHI","PHI","CHN",1,"F","T",5,2,0,23,2,"T","F",0,0,"T","T","sandh101","hubec101","F","F",0,0,0,0,0,0,0,0,0,"","","",0,0,0,0,0,0,0,0,0,0,0,0,0,"fribb101","F","F","F","F",0,0,0,0,0,0,0,0,0,0,F,F,"1925PHI.EVN.regular.event.csv",1518
"PHI192505160","CHN",6,0,0,0,0,"",2,5,"statj101","?","statj101","?","ringj101","?","ringj101","?","wilsj105","hawkc101","fonsl101","hubec101","sandh101","burng101","harpg101","willc103","","","","13","T","F",7,1,2,"T","T",0,"F","F",1,"F","F",0,"F","F",1,"G","F","F","",0,0,"N",0,"N",0,"N",0,0,0,0,"13","","","","F","F","F","F","F","F","F","F","F","","","","F","F","F","F","F","","","","",0,3,0,0,1,0,0,0,0,44,"PHI","CHN","PHI",0,"T","F",2,5,0,18,0,"T","F",0,0,"T","T","heatc101","adams101","T","T",0,0,0,0,0,0,0,0,0,"","","",0,0,0,0,0,0,0,0,0,0,0,0,0,"ringj101","F","F","F","F",0,0,0,0,0,0,0,0,0,0,F,F,"1925PHI.EVN.regular.event.csv",1519
"PHI192505160","CHN",6,0,1,0,0,"",2,5,"heatc101","?","heatc101","?","ringj101","?","ringj101","?","wilsj105","hawkc101","fonsl101","hubec101","sandh101","burng101","harpg101","willc103","","","","43","F","F",8,2,2,"T","T",0,"F","F",1,"F","F",0,"F","F",4,"G","F","F","",0,0,"N",0,"N",0,"N",0,0,0,0,"43","","","","F","F","F","F","F","F","F","F","F","","","","F","F","F","F","F","","","","",0,3,0,0,4,0,0,0,0,45,"PHI","CHN","PHI",0,"F","F",2,5,0,19,1,"T","F",0,0,"T","T","adams101","hartg103","T","T",0,0,0,0,0,0,0,0,0,"","","",0,0,0,0,0,0,0,0,0,0,0,0,0,"fonsl101","F","F","F","F",0,0,0,0,0,0,0,0,0,0,F,F,"1925PHI.EVN.regular.event.csv",1520
"PHI192505160","CHN",6,0,2,0,0,"",2,5,"adams101","?","adams101","?","ringj101","?","ringj101","?","wilsj105","hawkc101","fonsl101","hubec101","sandh101","burng101","harpg101","willc103","","","","8/F","F","F",4,3,2,"T","T",0,"F","F",1,"F","F",0,"F","F",8,"F","F","F","",0,0,"N",0,"N",0,"N",0,0,0,0,"8","","","","F","F","F","F","F","F","F","F","F","","","","F","F","F","F","F","","","","",0,8,0,0,0,0,0,0,0,46,"PHI","CHN","PHI",0,"F","T",2,5,0,20,2,"T","F",0,0,"T","T","hartg103","grift102","T","T",0,0,0,0,0,0,0,0,0,"","","",0,0,0,0,0,0,0,0,0,0,0,0,0,"harpg101","F","F","F","F",0,0,0,0,0,0,0,0,0,0,F,F,"1925PHI.EVN.regular.event.csv",1521
"PHI192505160","CHN",6,1,0,0,0,"",2,5,"sandh101","?","sandh101","?","keenv101","?","keenv101","?","hartg103","grimc101","adams101","fribb101","mcaui101","statj101","heatc101","grift102","","","","43","T","F",6,7,2,"T","T",0,"F","F",1,"F","F",0,"F","F",4,"G","F","F","",0,0,"N",0,"N",0,"N",0,0,0,0,"43","","","","F","F","F","F","F","F","F","F","F","","","","F","F","F","F","F","","","","",0,3,0,0,4,0,0,0,0,47,"PHI","PHI","CHN",1,"T","F",5,2,0,24,0,"T","F",0,0,"T","T","hubec101","ringj101","F","F",0,0,0,0,0,0,0,0,0,"","","",0,0,0,0,0,0,0,0,0,0,0,0,0,"adams101","F","F","F","F",0,0,0,0,0,0,0,0,0,0,F,F,"1925PHI.EVN.regular.event.csv",1522
"PHI192505160","CHN",6,1,1,0,0,"",2,5,"hubec101","?","hubec101","?","keenv101","?","keenv101","?","hartg103","grimc101","adams101","fribb101","mcaui101","statj101","heatc101","grift102","","","","8/L","F","F",5,8,2,"T","T",0,"F","F",1,"F","F",0,"F","F",8,"L","F","F","",0,0,"N",0,"N",0,"N",0,0,0,0,"8","","","","F","F","F","F","F","F","F","F","F","","","","F","F","F","F","F","","","","",0,8,0,0,0,0,0,0,0,48,"PHI","PHI","CHN",1,"F","F",5,2,0,25,1,"T","F",0,0,"T","T","ringj101","burng101","F","F",0,0,0,0,0,0,0,0,0,"","","",0,0,0,0,0,0,0,0,0,0,0,0,0,"heatc101","F","F","F","F",0,0,0,0,0,0,0,0,0,0,F,F,"1925PHI.EVN.regular.event.csv",1523
"PHI192505160","CHN",6,1,2,0,0,"",2,5,"ringj101","?","ringj101","?","keenv101","?","keenv101","?","hartg103","grimc101","adams101","fribb101","mcaui101","statj101","heatc101","grift102","","","","9/F","F","F",1,9,2,"T","T",0,"F","F",1,"F","F",0,"F","F",9,"F","F","F","",0,0,"N",0,"N",0,"N",0,0,0,0,"9","","","","F","F","F","F","F","F","F","F","F","","","","F","F","F","F","F","","","","",0,9,0,0,0,0,0,0,0,49,"PHI","PHI","CHN",1,"F","T",5,2,0,26,2,"T","F",0,0,"T","T","burng101","fonsl101","F","F",0,0,0,0,0,0,0,0,0,"","","",0,0,0,0,0,0,0,0,0,0,0,0,0,"grift102","F","F","F","F",0,0,0,0,0,0,0,0,0,0,F,F,"1925PHI.EVN.regular.event.csv",1524
"PHI192505160","CHN",7,0,0,0,0,"",2,5,"hartg103","?","hartg103","?","ringj101","?","ringj101","?","wilsj105","hawkc101","fonsl101","hubec101","sandh101","burng101","harpg101","willc103","","","","HR/L7D","T","F",2,4,23,"T","T",4,"F","F",0,"F","F",1,"F","F",0,"L","F","F","7D",0,0,"N",0,"N",0,"N",4,0,0,0,"","","","","F","F","F","F","F","F","F","F","F","","","","F","F","F","F","F","","","","",0,0,0,0,0,0,0,0,0,50,"PHI","CHN","PHI",0,"T","F",2,5,0,21,0,"T","F",0,0,"T","T","grift102","fribb101","T","T",0,0,0,0,0,0,0,0,0,"","","",0,0,0,0,0,0,0,0,0,0,0,0,1,"","F","F","F","F",4,0,0,0,0,0,0,0,0,0,F,F,"1925PHI.EVN.regular.event.csv",1525
"PHI192505160","CHN",7,0,0,0,0,"",3,5,"grift102","?","grift102","?","coucj101","?","coucj101","?","wilsj105","hawkc101","fonsl101","hubec101","sandh101","burng101","harpg101","willc103","","","","43/G4M","F","F",9,5,2,"T","T",0,"F","F",1,"F","F",0,"F","F",4,"G","F","F","4M",0,0,"N",0,"N",0,"N",0,0,0,0,"43","","","","F","F","F","F","F","F","F","F","F","","","","F","F","F","F","F","","","","",0,3,0,0,4,0,0,0,0,51,"PHI","CHN","PHI",0,"F","F",3,5,1,22,1,"T","F",0,0,"T","T","fribb101","grimc101","F","F",0,0,0,0,0,0,0,0,0,"","","",0,0,0,0,0,0,0,0,0,0,0,0,0,"fonsl101","F","F","F","F",0,0,0,0,0,0,0,0,0,0,F,F,"1925PHI.EVN.regular.event.csv",1526
"PHI192505160","CHN",7,0,1,0,0,"",3,5,"fribb101","?","fribb101","?","coucj101","?","coucj101","?","wilsj105","hawkc101","fonsl101","hubec101","sandh101","burng101","harpg101","willc103","","","","9/F","F","F",5,6,2,"T","T",0,"F","F",1,"F","F",0,"F","F",9,"F","F","F","",0,0,"N",0,"N",0,"N",0,0,0,0,"9","","","","F","F","F","F","F","F","F","F","F","","","","F","F","F","F","F","","","","",0,9,0,0,0,0,0,0,0,52,"PHI","CHN","PHI",0,"F","F",3,5,1,23,2,"T","F",0,0,"T","T","grimc101","mcaui101","F","F",0,0,0,0,0,0,0,0,0,"","","",0,0,0,0,0,0,0,0,0,0,0,0,0,"willc103","F","F","F","F",0,0,0,0,0,0,0,0,0,0,F,F,"1925PHI.EVN.regular.event.csv",1527
"PHI192505160","CHN",7,0,2,0,0,"",3,5,"grimc101","?","grimc101","?","coucj101","?","coucj101","?","wilsj105","hawkc101","fonsl101","hubec101","sandh101","burng101","harpg101","willc103","","","","7/F","F","F",3,7,2,"T","T",0,"F","F",1,"F","F",0,"F","F",7,"F","F","F","",0,0,"N",0,"N",0,"N",0,0,0,0,"7","","","","F","F","F","F","F","F","F","F","F","","","","F","F","F","F","F","","","","",0,7,0,0,0,0,0,0,0,53,"PHI","CHN","PHI",0,"F","T",3,5,1,24,3,"T","F",0,0,"T","T","mcaui101","keenv101","F","F",0,0,0,0,0,0,0,0,0,"","","",0,0,0,0,0,0,0,0,0,0,0,0,0,"burng101","F","F","F","F",0,0,0,0,0,0,0,0,0,0,F,F,"1925PHI.EVN.regular.event.csv",1528
"PHI192505160","CHN",7,1,0,0,0,"",3,5,"burng101","?","burng101","?","keenv101","?","keenv101","?","hartg103","grimc101","adams101","fribb101","mcaui101","statj101","heatc101","grift102","","","","K/C","T","F",7,1,3,"T","T",0,"F","F",1,"F","F",0,"F","F",0,"","F","F","",0,0,"N",0,"N",0,"N",0,0,0,0,"2","","","","F","F","F","F","F","F","F","F","F","","","","F","F","F","F","F","","","","",0,2,0,0,0,0,0,0,0,54,"PHI","PHI","CHN",1,"T","F",5,3,0,27,0,"T","F",0,0,"T","T","fonsl101","willc103","F","F",0,0,0,0,0,0,0,0,0,"","","",0,0,0,0,0,0,0,0,0,0,0,0,0,"","F","F","F","F",0,0,0,0,0,0,0,0,0,0,F,F,"1925PHI.EVN.regular.event.csv",1529
"PHI192505160","CHN",7,1,1,0,0,"",3,5,"fonsl101","?","fonsl101","?","keenv101","?","keenv101","?","hartg103","grimc101","adams101","fribb101","mcaui101","statj101","heatc101","grift102","","","","63/G56","F","F",4,2,2,"T","T",0,"F","F",1,"F","F",0,"F","F",6,"G","F","F","56",0,0,"N",0,"N",0,"N",0,0,0,0,"63","","","","F","F","F","F","F","F","F","F","F","","","","F","F","F","F","F","","","","",0,3,0,0,6,0,0,0,0,55,"PHI","PHI","CHN",1,"F","F",5,3,0,28,1,"T","F",0,0,"T","T","willc103","harpg101","F","F",0,0,0,0,0,0,0,0,0,"","","",0,0,0,0,0,0,0,0,0,0,0,0,0,"mcaui101","F","F","F","F",0,0,0,0,0,0,0,0,0,0,F,F,"1925PHI.EVN.regular.event.csv",1530
"PHI192505160","CHN",7,1,2,0,0,"",3,5,"willc103","?","willc103","?","keenv101","?","keenv101","?","hartg103","grimc101","adams101","fribb101","mcaui101","statj101","heatc101","grift102","","","","3/G","F","F",9,3,2,"T","T",0,"F","F",1,"F","F",0,"F","F",3,"G","F","F","",0,0,"N",0,"N",0,"N",0,0,0,0,"3","","","","F","F","F","F","F","F","F","F","F","","","","F","F","F","F","F","","","","",0,3,0,0,0,0,0,0,0,56,"PHI","PHI","CHN",1,"F","T",5,3,0,29,2,"T","F",0,0,"T","T","harpg101","hawkc101","F","F",0,0,0,0,0,0,0,0,0,"","","",0,0,0,0,0,0,0,0,0,0,0,0,0,"grimc101","F","F","F","F",0,0,0,0,0,0,0,0,0,0,F,F,"1925PHI.EVN.regular.event.csv",1531
"PHI192505160","CHN",8,0,0,0,0,"",3,5,"mcaui101","?","mcaui101","?","coucj101","?","coucj101","?","wilsj105","hawkc101","fonsl101","hubec101","sandh101","burng101","harpg101","willc103","","","","13","T","F",6,8,2,"T","T",0,"F","F",1,"F","F",0,"F","F",1,"G","F","F","",0,0,"N",0,"N",0,"N",0,0,0,0,"13","","","","F","F","F","F","F","F","F","F","F","","","","F","F","F","F","F","","","","",0,3,0,0,1,0,0,0,0,57,"PHI","CHN","PHI",0,"T","F",3,5,0,25,0,"T","F",0,0,"T","T","keenv101","statj101","F","F",0,0,0,0,0,0,0,0,0,"","","",0,0,0,0,0,0,0,0,0,0,0,0,0,"coucj101","F","F","F","F",0,0,0,0,0,0,0,0,0,0,F,F,"1925PHI.EVN.regular.event.csv",1532
"PHI192505160","CHN",8,0,1,0,0,"",3,5,"ofarb101","?","ofarb101","?","coucj101","?","coucj101","?","wilsj105","hawkc101","fonsl101","hubec101","sandh101","burng101","harpg101","willc103","","","","8/F","F","T",11,9,2,"T","T",0,"F","F",1,"F","F",0,"F","F",8,"F","F","F","",0,0,"N",0,"N",0,"N",0,0,0,0,"8","","","","F","F","F","F","F","F","F","F","F","","","","F","F","F","F","F","","","","keenv101",1,8,0,0,0,0,0,0,0,58,"PHI","CHN","PHI",0,"F","F",3,5,0,26,1,"T","F",0,0,"F","F","statj101","heatc101","F","F",0,0,0,0,0,0,0,0,0,"","","",0,0,0,0,0,0,0,0,0,0,0,0,0,"harpg101","F","F","F","F",0,0,0,0,0,0,0,0,0,0,F,F,"1925PHI.EVN.regular.event.csv",1533
"PHI192505160","CHN",8,0,2,0,0,"",3,5,"statj101","?","statj101","?","coucj101","?","coucj101","?","wilsj105","hawkc101","fonsl101","hubec101","sandh101","burng101","harpg101","willc103","","","","S9","F","F",7,1,20,"T","T",1,"F","F",0,"F","F",0,"F","F",9,"","F","F","",0,0,"N",0,"N",0,"N",1,0,0,0,"","","","","F","F","F","F","F","F","F","F","F","","","","F","F","F","F","F","","","","",0,0,0,0,0,0,0,0,0,59,"PHI","CHN","PHI",0,"F","F",3,5,0,27,2,"T","F",0,1,"T","T","heatc101","adams101","F","F",0,0,0,0,0,0,0,0,0,"","","",0,0,0,0,0,0,0,0,0,0,0,0,0,"willc103","F","F","F","F",1,0,0,0,0,0,0,0,0,0,F,F,"1925PHI.EVN.regular.event.csv",1534
"PHI192505160","CHN",8,0,2,0,0,"",3,5,"heatc101","?","heatc101","?","coucj101","?","coucj101","?","wilsj105","hawkc101","fonsl101","hubec101","sandh101","burng101","harpg101","willc103","statj101","","","13","F","F",8,2,2,"T","T",0,"F","F",1,"F","F",0,"F","F",1,"G","F","F","",0,0,"N",0,"N",0,"N",0,1,0,0,"13","","","","F","F","F","F","F","F","F","F","F","coucj101","","","F","F","F","F","F","","","","",0,3,0,0,1,0,0,0,0,60,"PHI","CHN","PHI",0,"F","T",3,5,0,28,3,"T","F",1,1,"T","T","adams101","hartg103","F","F",7,1,59,0,0,0,0,0,0,"wilsj105","","",0,0,0,0,0,0,0,0,0,0,0,0,0,"coucj101","F","F","F","F",0,1,0,0,0,0,0,0,0,0,F,F,"1925PHI.EVN.regular.event.csv",1535
"PHI192505160","CHN",8,1,0,0,0,"",3,5,"harpg101","?","harpg101","?","bushg101","?","bushg101","?","hartg103","grimc101","adams101","fribb101","mcaui101","statj101","heatc101","grift102","","","","43","T","F",8,4,2,"T","T",0,"F","F",1,"F","F",0,"F","F",4,"G","F","F","",0,0,"N",0,"N",0,"N",0,0,0,0,"43","","","","F","F","F","F","F","F","F","F","F","","","","F","F","F","F","F","","","","",0,3,0,0,4,0,0,0,0,61,"PHI","PHI","CHN",1,"T","F",5,3,0,30,0,"T","F",0,0,"T","T","hawkc101","wilsj105","F","F",0,0,0,0,0,0,0,0,0,"","","",0,0,0,0,0,0,0,0,0,0,0,0,0,"adams101","F","F","F","F",0,0,0,0,2,0,0,0,0,0,F,F,"1925PHI.EVN.regular.event.csv",1536
"PHI192505160","CHN",8,1,1,0,0,"",3,5,"hawkc101","?","hawkc101","?","bushg101","?","bushg101","?","hartg103","grimc101","adams101","fribb101","mcaui101","statj101","heatc101","grift102","","","","D8","F","F",3,5,21,"T","T",2,"F","F",0,"F","F",0,"F","F",8,"","F","F","",0,0,"N",0,"N",0,"N",2,0,0,0,"","","","","F","F","F","F","F","F","F","F","F","","","","F","F","F","F","F","","","","",0,0,0,0,0,0,0,0,0,62,"PHI","PHI","CHN",1,"F","F",5,3,0,31,1,"T","F",0,2,"T","T","wilsj105","sandh101","F","F",0,0,0,0,0,0,0,0,0,"","","",0,0,0,0,0,0,0,0,0,0,0,0,0,"heatc101","F","F","F","F",4,0,0,0,2,0,0,0,0,0,F,F,"1925PHI.EVN.regular.event.csv",1537
"PHI192505160","CHN",8,1,1,0,0,"",3,5,"wilsj105","?","wilsj105","?","bushg101","?","bushg101","?","hartg103","grimc101","adams101","fribb101","mcaui101","statj101","heatc101","grift102","","hawkc101","","53","F","F",2,6,2,"T","T",0,"F","F",1,"F","F",0,"F","F",5,"G","F","F","",0,0,"N",0,"N",0,"N",0,0,2,0,"53","","","","F","F","F","F","F","F","F","F","F","","bushg101","","F","F","F","F","F","","","","",0,3,0,0,5,0,0,0,0,63,"PHI","PHI","CHN",1,"F","F",5,3,0,32,2,"T","F",2,2,"T","T","sandh101","hubec101","F","F",0,0,0,3,5,62,0,0,0,"","hartg103","",0,0,0,0,0,0,0,0,0,0,0,0,0,"fribb101","F","F","F","F",0,0,4,0,2,0,0,0,0,0,F,F,"1925PHI.EVN.regular.event.csv",1538
"PHI192505160","CHN",8,1,2,0,0,"",3,5,"sandh101","?","sandh101","?","bushg101","?","bushg101","?","hartg103","grimc101","adams101","fribb101","mcaui101","statj101","heatc101","grift102","","hawkc101","","D7.2-H;B-3(E7/TH2)","F","F",6,7,21,"T","T",2,"F","F",0,"F","F",1,"F","F",7,"","F","F","",1,7,"T",0,"N",0,"N",3,0,4,0,"","","","","F","F","F","F","F","F","F","F","F","","bushg101","","F","F","F","F","F","","","","",0,0,0,0,0,0,0,0,0,64,"PHI","PHI","CHN",1,"F","F",5,3,0,33,3,"T","F",2,4,"T","T","hubec101","coucj101","F","F",0,0,0,3,5,62,0,0,0,"","hartg103","",0,0,0,0,0,0,0,0,0,0,0,0,1,"statj101","F","F","F","F",5,0,4,0,1,0,0,0,0,0,F,F,"1925PHI.EVN.regular.event.csv",1539
"PHI192505160","CHN",8,1,2,0,0,"",3,6,"hubec101","?","hubec101","?","bushg101","?","bushg101","?","hartg103","grimc101","adams101","fribb101","mcaui101","statj101","heatc101","grift102","","","sandh101","S8.3-H(UR)","F","F",5,8,20,"T","T",1,"F","F",0,"F","F",1,"F","F",8,"","F","F","",0,0,"N",0,"N",0,"N",1,0,0,5,"","","","","F","F","F","F","F","F","F","F","F","","","bushg101","F","F","F","F","F","","","","",0,0,0,0,0,0,0,0,0,65,"PHI","PHI","CHN",1,"F","F",6,3,1,34,4,"T","F",4,1,"T","T","coucj101","burng101","F","F",0,0,0,0,0,0,6,7,64,"","","hartg103",0,0,0,0,0,0,0,0,0,0,0,0,1,"heatc101","F","F","F","F",0,0,0,5,0,0,0,0,0,0,F,F,"1925PHI.EVN.regular.event.csv",1540
"PHI192505160","CHN",8,1,2,0,0,"",3,7,"coucj101","?","coucj101","?","bushg101","?","bushg101","?","hartg103","grimc101","adams101","fribb101","mcaui101","statj101","heatc101","grift102","hubec101","","","K","F","F",1,9,3,"T","T",0,"F","F",1,"F","F",0,"F","F",0,"","F","F","",0,0,"N",0,"N",0,"N",0,1,0,0,"2","","","","F","F","F","F","F","F","F","F","F","bushg101","","","F","F","F","F","F","","","","",0,2,0,0,0,0,0,0,0,66,"PHI","PHI","CHN",1,"F","T",7,3,2,35,5,"T","F",1,1,"F","F","burng101","fonsl101","F","F",5,8,65,0,0,0,0,0,0,"hartg103","","",0,0,0,0,0,0,0,0,0,0,0,0,0,"","F","F","F","F",0,0,0,0,0,0,0,0,0,0,F,F,"1925PHI.EVN.regular.event.csv",1541
"PHI192505160","CHN",9,0,0,0,0,"",3,7,"adams101","?","adams101","?","coucj101","?","coucj101","?","wilsj105","hawkc101","fonsl101","hubec101","sandh101","burng101","harpg101","willc103","","","","8/F","T","F",4,3,2,"T","T",0,"F","F",1,"F","F",0,"F","F",8,"F","F","F","",0,0,"N",0,"N",0,"N",0,0,0,0,"8","","","","F","F","F","F","F","F","F","F","F","","","","F","F","F","F","F","","","","",0,8,0,0,0,0,0,0,0,67,"PHI","CHN","PHI",0,"T","F",3,7,0,29,0,"T","F",0,0,"T","T","hartg103","grift102","F","F",0,0,0,0,0,0,0,0,0,"","","",0,0,0,0,0,0,0,0,0,0,0,0,0,"harpg101","F","F","F","F",0,0,0,0,2,0,0,0,0,0,F,F,"1925PHI.EVN.regular.event.csv",1542
"PHI192505160","CHN",9,0,1,0,0,"",3,7,"hartg103","?","hartg103","?","coucj101","?","coucj101","?","wilsj105","hawkc101","fonsl101","hubec101","sandh101","burng101","harpg101","willc103","","","","7/F","F","F",2,4,2,"T","T",0,"F","F",1,"F","F",0,"F","F",7,"F","F","F","",0,0,"N",0,"N",0,"N",0,0,0,0,"7","","","","F","F","F","F","F","F","F","F","F","","","","F","F","F","F","F","","","","",0,7,0,0,0,0,0,0,0,68,"PHI","CHN","PHI",0,"F","F",3,7,0,30,1,"T","F",0,0,"T","T","grift102","fribb101","F","F",0,0,0,0,0,0,0,0,0,"","","",0,0,0,0,0,0,0,0,0,0,0,0,0,"burng101","F","F","F","F",0,0,0,0,2,0,0,0,0,0,F,F,"1925PHI.EVN.regular.event.csv",1543
"PHI192505160","CHN",9,0,2,0,0,"",3,7,"grift102","?","grift102","?","coucj101","?","coucj101","?","wilsj105","hawkc101","fonsl101","hubec101","sandh101","burng101","harpg101","willc103","","","","S9","F","F",9,5,20,"T","T",1,"F","F",0,"F","F",0,"F","F",9,"","F","F","",0,0,"N",0,"N",0,"N",1,0,0,0,"","","","","F","F","F","F","F","F","F","F","F","","","","F","F","F","F","F","","","","",0,0,0,0,0,0,0,0,0,69,"PHI","CHN","PHI",0,"F","F",3,7,0,31,2,"T","F",0,1,"T","T","fribb101","grimc101","F","F",0,0,0,0,0,0,0,0,0,"","","",0,0,0,0,0,0,0,0,0,0,0,0,0,"willc103","F","F","F","F",4,0,0,0,2,0,0,0,0,0,F,F,"1925PHI.EVN.regular.event.csv",1544
"PHI192505160","CHN",9,0,2,0,0,"",3,7,"fribb101","?","fribb101","?","coucj101","?","coucj101","?","wilsj105","hawkc101","fonsl101","hubec101","sandh101","burng101","harpg101","willc103","grift102","","","DI.1-2","F","F",5,6,5,"F","F",0,"F","F",0,"F","F",0,"F","F",0,"","F","F","",0,0,"N",0,"N",0,"N",0,2,0,0,"","","","","F","F","F","F","F","F","F","F","F","coucj101","","","F","F","F","F","F","","","","",0,0,0,0,0,0,0,0,0,70,"PHI","CHN","PHI",0,"F","F",3,7,0,32,3,"T","F",1,2,"T","T","grimc101","mcaui101","F","F",9,5,69,0,0,0,0,0,0,"wilsj105","","",0,0,0,0,0,0,0,0,0,0,0,0,0,"","F","F","F","F",0,4,0,0,2,0,0,0,0,0,F,F,"1925PHI.EVN.regular.event.csv",1545
"PHI192505160","CHN",9,0,2,0,0,"",3,7,"fribb101","?","fribb101","?","coucj101","?","coucj101","?","wilsj105","hawkc101","fonsl101","hubec101","sandh101","burng101","harpg101","willc103","","grift102","","DI.2-3","F","F",5,6,5,"F","F",0,"F","F",0,"F","F",0,"F","F",0,"","F","F","",0,0,"N",0,"N",0,"N",0,0,3,0,"","","","","F","F","F","F","F","F","F","F","F","","coucj101","","F","F","F","F","F","","","","",0,0,0,0,0,0,0,0,0,71,"PHI","CHN","PHI",0,"F","F",3,7,0,32,3,"F","F",2,4,"T","T","grimc101","mcaui101","F","F",0,0,0,9,5,69,0,0,0,"","wilsj105","",0,0,0,0,0,0,0,0,0,0,0,0,0,"","F","F","F","F",0,0,4,0,2,0,0,0,0,0,F,F,"1925PHI.EVN.regular.event.csv",1546
"PHI192505160","CHN",9,0,2,0,0,"",3,7,"fribb101","?","fribb101","?","coucj101","?","coucj101","?","wilsj105","hawkc101","fonsl101","hubec101","sandh101","burng101","harpg101","willc103","","","grift102","D9.3-H","F","F",5,6,21,"T","T",2,"F","F",0,"F","F",1,"F","F",9,"","F","F","",0,0,"N",0,"N",0,"N",2,0,0,4,"","","","","F","F","F","F","F","F","F","F","F","","","coucj101","F","F","F","F","F","","","","",0,0,0,0,0,0,0,0,0,72,"PHI","CHN","PHI",0,"F","F",3,7,0,32,3,"F","F",4,2,"T","T","grimc101","mcaui101","F","F",0,0,0,0,0,0,9,5,69,"","","wilsj105",0,0,0,0,0,0,0,0,0,0,0,0,1,"willc103","F","F","F","F",5,0,0,4,1,0,0,0,0,0,F,F,"1925PHI.EVN.regular.event.csv",1547
"PHI192505160","CHN",9,0,2,0,0,"",4,7,"grimc101","?","grimc101","?","coucj101","?","coucj101","?","wilsj105","hawkc101","fonsl101","hubec101","sandh101","burng101","harpg101","willc103","","fribb101","","E4/G.2-3","F","F",3,7,18,"T","T",0,"F","F",0,"F","F",0,"F","F",4,"G","F","F","",1,4,"F",0,"N",0,"N",1,0,3,0,"","","","","F","F","F","F","F","F","F","F","F","","coucj101","","F","F","F","F","F","","","","",0,0,0,0,0,0,0,0,0,73,"PHI","CHN","PHI",0,"F","F",4,7,1,33,4,"T","F",2,5,"T","T","mcaui101","bushg101","F","F",0,0,0,5,6,72,0,0,0,"","wilsj105","",0,0,0,0,0,0,0,0,0,0,0,0,0,"fonsl101","F","F","F","T",2,0,5,0,1,0,0,0,0,0,F,F,"1925PHI.EVN.regular.event.csv",1548
"PHI192505160","CHN",9,0,2,0,0,"X",4,7,"millh103","?","millh103","?","coucj101","?","coucj101","?","wilsj105","hawkc101","fonsl101","hubec101","sandh101","burng101","harpg101","willc103","grimc101","","fribb101","S7/7S.3-H(UR);1-2","F","T",11,8,20,"T","T",1,"F","F",0,"F","F",1,"F","F",7,"","F","F","7S",0,0,"N",0,"N",0,"N",1,2,0,5,"","","","","F","F","F","F","F","F","F","F","F","coucj101","","coucj101","F","F","F","F","F","","","","mcaui101",6,0,0,0,0,0,0,0,0,74,"PHI","CHN","PHI",0,"F","F",4,7,1,34,5,"T","F",5,3,"F","F","bushg101","statj101","F","F",3,7,73,0,0,0,5,6,72,"wilsj105","","wilsj105",0,0,0,0,0,0,1,0,0,0,1,0,1,"burng101","F","F","F","F",1,2,0,5,0,0,0,0,0,0,F,F,"1925PHI.EVN.regular.event.csv",1549
"PHI192505160","CHN",9,0,2,0,0,"",5,7,"barrb104","?","barrb104","?","decaa101","?","decaa101","?","wilsj105","hawkc101","fonsl101","hubec101","sandh101","burng101","harpg101","willc103","taylc103","grimc101","","K","F","T",11,9,3,"T","T",0,"F","F",1,"F","F",0,"F","F",0,"","F","F","",0,0,"N",0,"N",0,"N",0,1,2,0,"2","","","","F","F","F","F","F","F","F","F","F","coucj101","coucj101","","F","T","T","F","F","millh103","","","bushg101",1,2,0,0,0,0,0,0,0,75,"PHI","CHN","PHI",0,"F","T",5,7,2,35,6,"T","F",3,3,"F","F","statj101","heatc101","F","F",12,8,74,3,7,73,0,0,0,"wilsj105","wilsj105","",0,0,0,0,0,0,0,0,0,0,0,0,0,"","F","F","F","F",0,1,2,0,0,0,0,0,0,0,F,F,"1925PHI.EVN.regular.event.csv",1550
"PHI192505180","SLN",1,0,0,0,0,"",0,0,"smitj106","?","smitj106","?","carlh101","?","carlh101","?","henlb101","hawkc101","fonsl101","hubec101","sandh101","burng101","harpg101","willc103","","","","S9","T","F",9,1,20,"T","T",1,"F","F",0,"F","F",0,"F","F",9,"","F","F","",0,0,"N",0,"N",0,"N",1,0,0,0,"","","","","F","F","F","F","F","F","F","F","F","","","","T","F","F","F","F","","","","",0,0,0,0,0,0,0,0,0,1,"PHI","SLN","PHI",0,"T","F",0,0,0,0,0,"T","F",0,1,"T","T","coonj103","hornr101","T","T",0,0,0,0,0,0,0,0,0,"","","",0,0,0,0,0,0,0,0,0,0,0,0,0,"willc103","F","F","F","F",0,0,0,0,0,0,0,0,0,0,F,F,"1925PHI.EVN.regular.event.csv",1551
"PHI192505180","SLN",1,0,0,0,0,"",0,0,"coonj103","?","coonj103","?","carlh101","?","carlh101","?","henlb101","hawkc101","fonsl101","hubec101","sandh101","burng101","harpg101","willc103","smitj106","","","4/LDP.1X1(43)","F","F",6,2,2,"T","T",0,"F","F",2,"T","F",0,"F","F",4,"L","F","F","",0,0,"N",0,"N",0,"N",0,0,0,0,"4","43","","","F","F","F","F","F","F","F","F","F","carlh101","","","F","F","F","F","F","","","","",0,4,3,0,4,0,0,0,0,2,"PHI","SLN","PHI",0,"F","F",0,0,0,1,1,"T","F",1,0,"T","T","hornr101","bottj101","T","T",9,1,1,0,0,0,0,0,0,"henlb101","","",0,0,0,0,0,0,0,0,0,0,0,0,0,"fonsl101","F","F","F","F",0,0,0,0,0,0,0,0,0,0,F,F,"1925PHI.EVN.regular.event.csv",1552
"PHI192505180","SLN",1,0,2,0,0,"",0,0,"hornr101","?","hornr101","?","carlh101","?","carlh101","?","henlb101","hawkc101","fonsl101","hubec101","sandh101","burng101","harpg101","willc103","","","","9/L","F","F",4,3,2,"T","T",0,"F","F",1,"F","F",0,"F","F",9,"L","F","F","",0,0,"N",0,"N",0,"N",0,0,0,0,"9","","","","F","F","F","F","F","F","F","F","F","","","","F","F","F","F","F","","","","",0,9,0,0,0,0,0,0,0,3,"PHI","SLN","PHI",0,"F","T",0,0,0,2,2,"T","F",0,0,"T","T","bottj101","belll101","T","T",0,0,0,0,0,0,0,0,0,"","","",0,0,0,0,0,0,0,0,0,0,0,0,0,"willc103","F","F","F","F",0,0,0,0,0,0,0,0,0,0,F,F,"1925PHI.EVN.regular.event.csv",1553
"PHI192505180","SLN",1,1,0,0,0,"",0,0,"burng101","?","burng101","?","rhemf101","?","rhemf101","?","gonzm101","bottj101","hornr101","belll101","coonj103","bladr102","muelh102","smitj106","","","","3/G","T","F",7,1,2,"T","T",0,"F","F",1,"F","F",0,"F","F",3,"G","F","F","",0,0,"N",0,"N",0,"N",0,0,0,0,"3","","","","F","F","F","F","F","F","F","F","F","","","","F","F","F","F","F","","","","",0,3,0,0,0,0,0,0,0,4,"PHI","PHI","SLN",1,"T","F",0,0,0,0,0,"T","F",0,0,"T","T","fonsl101","willc103","T","T",0,0,0,0,0,0,0,0,0,"","","",0,0,0,0,0,0,0,0,0,0,0,0,0,"bottj101","F","F","F","F",0,0,0,0,0,0,0,0,0,0,F,F,"1925PHI.EVN.regular.event.csv",1554
"PHI192505180","SLN",1,1,1,0,0,"",0,0,"fonsl101","?","fonsl101","?","rhemf101","?","rhemf101","?","gonzm101","bottj101","hornr101","belll101","coonj103","bladr102","muelh102","smitj106","","","","9/F","F","F",4,2,2,"T","T",0,"F","F",1,"F","F",0,"F","F",9,"F","F","F","",0,0,"N",0,"N",0,"N",0,0,0,0,"9","","","","F","F","F","F","F","F","F","F","F","","","","F","F","F","F","F","","","","",0,9,0,0,0,0,0,0,0,5,"PHI","PHI","SLN",1,"F","F",0,0,0,1,1,"T","F",0,0,"T","T","willc103","harpg101","T","T",0,0,0,0,0,0,0,0,0,"","","",0,0,0,0,0,0,0,0,0,0,0,0,0,"smitj106","F","F","F","F",0,0,0,0,0,0,0,0,0,0,F,F,"1925PHI.EVN.regular.event.csv",1555
"PHI192505180","SLN",1,1,2,0,0,"",0,0,"willc103","?","willc103","?","rhemf101","?","rhemf101","?","gonzm101","bottj101","hornr101","belll101","coonj103","bladr102","muelh102","smitj106","","","","S5/BG","F","F",9,3,20,"T","T",1,"F","F",0,"F","F",0,"F","F",5,"G","T","F","",0,0,"N",0,"N",0,"N",1,0,0,0,"","","","","F","F","F","F","F","F","F","F","F","","","","F","F","F","F","F","","","","",0,0,0,0,0,0,0,0,0,6,"PHI","PHI","SLN",1,"F","F",0,0,0,2,2,"T","F",0,1,"T","T","harpg101","hawkc101","T","T",0,0,0,0,0,0,0,0,0,"","","",0,0,0,0,0,0,0,0,0,0,0,0,0,"belll101","F","F","F","F",0,0,0,0,0,0,0,0,0,0,F,F,"1925PHI.EVN.regular.event.csv",1556
"PHI192505180","SLN",1,1,2,0,0,"",0,0,"harpg101","?","harpg101","?","rhemf101","?","rhemf101","?","gonzm101","bottj101","hornr101","belll101","coonj103","bladr102","muelh102","smitj106","willc103","","","3/G","F","F",8,4,2,"T","T",0,"F","F",1,"F","F",0,"F","F",3,"G","F","F","",0,0,"N",0,"N",0,"N",0,1,0,0,"3","","","","F","F","F","F","F","F","F","F","F","rhemf101","","","F","F","F","F","F","","","","",0,3,0,0,0,0,0,0,0,7,"PHI","PHI","SLN",1,"F","T",0,0,0,3,3,"T","F",1,1,"T","T","hawkc101","henlb101","T","T",9,3,6,0,0,0,0,0,0,"gonzm101","","",0,0,0,0,0,0,0,0,0,0,0,0,0,"bottj101","F","F","F","F",0,0,0,0,0,0,0,0,0,0,F,F,"1925PHI.EVN.regular.event.csv",1557
"PHI192505180","SLN",2,0,0,0,0,"",0,0,"bottj101","?","bottj101","?","carlh101","?","carlh101","?","henlb101","hawkc101","fonsl101","hubec101","sandh101","burng101","harpg101","willc103","","","","43","T","F",3,4,2,"T","T",0,"F","F",1,"F","F",0,"F","F",4,"G","F","F","",0,0,"N",0,"N",0,"N",0,0,0,0,"43","","","","F","F","F","F","F","F","F","F","F","","","","F","F","F","F","F","","","","",0,3,0,0,4,0,0,0,0,8,"PHI","SLN","PHI",0,"T","F",0,0,0,3,0,"T","F",0,0,"T","T","belll101","muelh102","T","T",0,0,0,0,0,0,0,0,0,"","","",0,0,0,0,0,0,0,0,0,0,0,0,0,"fonsl101","F","F","F","F",0,0,0,0,0,0,0,0,0,0,F,F,"1925PHI.EVN.regular.event.csv",1558
"PHI192505180","SLN",2,0,1,0,0,"",0,0,"belll101","?","belll101","?","carlh101","?","carlh101","?","henlb101","hawkc101","fonsl101","hubec101","sandh101","burng101","harpg101","willc103","","","","13/G1S","F","F",5,5,2,"T","T",0,"F","F",1,"F","F",0,"F","F",1,"G","F","F","1S",0,0,"N",0,"N",0,"N",0,0,0,0,"13","","","","F","F","F","F","F","F","F","F","F","","","","F","F","F","F","F","","","","",0,3,0,0,1,0,0,0,0,9,"PHI","SLN","PHI",0,"F","F",0,0,0,4,1,"T","F",0,0,"T","T","muelh102","bladr102","T","T",0,0,0,0,0,0,0,0,0,"","","",0,0,0,0,0,0,0,0,0,0,0,0,0,"carlh101","F","F","F","F",0,0,0,0,0,0,0,0,0,0,F,F,"1925PHI.EVN.regular.event.csv",1559
"PHI192505180","SLN",2,0,2,0,0,"",0,0,"muelh102","?","muelh102","?","carlh101","?","carlh101","?","henlb101","hawkc101","fonsl101","hubec101","sandh101","burng101","harpg101","willc103","","","","13","F","F",8,6,2,"T","T",0,"F","F",1,"F","F",0,"F","F",1,"G","F","F","",0,0,"N",0,"N",0,"N",0,0,0,0,"13","","","","F","F","F","F","F","F","F","F","F","","","","F","F","F","F","F","","","","",0,3,0,0,1,0,0,0,0,10,"PHI","SLN","PHI",0,"F","T",0,0,0,5,2,"T","F",0,0,"T","T","bladr102","gonzm101","T","T",0,0,0,0,0,0,0,0,0,"","","",0,0,0,0,0,0,0,0,0,0,0,0,0,"carlh101","F","F","F","F",0,0,0,0,0,0,0,0,0,0,F,F,"1925PHI.EVN.regular.event.csv",1560
"PHI192505180","SLN",2,1,0,0,0,"",0,0,"hawkc101","?","hawkc101","?","rhemf101","?","rhemf101","?","gonzm101","bottj101","hornr101","belll101","coonj103","bladr102","muelh102","smitj106","","","","D7","T","F",3,5,21,"T","T",2,"F","F",0,"F","F",0,"F","F",7,"","F","F","",0,0,"N",0,"N",0,"N",2,0,0,0,"","","","","F","F","F","F","F","F","F","F","F","","","","F","F","F","F","F","","","","",0,0,0,0,0,0,0,0,0,11,"PHI","PHI","SLN",1,"T","F",0,0,0,4,0,"T","F",0,2,"T","T","henlb101","sandh101","T","T",0,0,0,0,0,0,0,0,0,"","","",0,0,0,0,0,0,0,0,0,0,0,0,0,"bladr102","F","F","F","F",4,0,0,0,2,0,0,0,0,0,F,F,"1925PHI.EVN.regular.event.csv",1561
"PHI192505180","SLN",2,1,0,0,0,"",0,0,"henlb101","?","henlb101","?","rhemf101","?","rhemf101","?","gonzm101","bottj101","hornr101","belll101","coonj103","bladr102","muelh102","smitj106","","hawkc101","","13","F","F",2,6,2,"T","T",0,"F","F",1,"F","F",0,"F","F",1,"G","F","F","",0,0,"N",0,"N",0,"N",0,0,2,0,"13","","","","F","F","F","F","F","F","F","F","F","","rhemf101","","F","F","F","F","F","","","","",0,3,0,0,1,0,0,0,0,12,"PHI","PHI","SLN",1,"F","F",0,0,0,5,1,"T","F",2,2,"T","T","sandh101","hubec101","T","T",0,0,0,3,5,11,0,0,0,"","gonzm101","",0,0,0,0,0,0,0,0,0,0,0,0,0,"rhemf101","F","F","F","F",0,0,4,0,2,0,0,0,0,0,F,F,"1925PHI.EVN.regular.event.csv",1562
"PHI192505180","SLN",2,1,1,0,0,"",0,0,"sandh101","?","sandh101","?","rhemf101","?","rhemf101","?","gonzm101","bottj101","hornr101","belll101","coonj103","bladr102","muelh102","smitj106","","hawkc101","","S7.2-H","F","F",6,7,20,"T","T",1,"F","F",0,"F","F",1,"F","F",7,"","F","F","",0,0,"N",0,"N",0,"N",1,0,4,0,"","","","","F","F","F","F","F","F","F","F","F","","rhemf101","","F","F","F","F","F","","","","",0,0,0,0,0,0,0,0,0,13,"PHI","PHI","SLN",1,"F","F",0,0,0,6,2,"T","F",2,1,"T","T","hubec101","carlh101","T","T",0,0,0,3,5,11,0,0,0,"","gonzm101","",0,0,0,0,0,0,0,0,0,0,0,0,1,"bladr102","F","F","F","F",4,0,4,0,1,0,0,0,0,0,F,F,"1925PHI.EVN.regular.event.csv",1563
"PHI192505180","SLN",2,1,1,0,0,"",0,1,"hubec101","?","hubec101","?","rhemf101","?","rhemf101","?","gonzm101","bottj101","hornr101","belll101","coonj103","bladr102","muelh102","smitj106","sandh101","","","S9.1-3","F","F",5,8,20,"T","T",1,"F","F",0,"F","F",0,"F","F",9,"","F","F","",0,0,"N",0,"N",0,"N",1,3,0,0,"","","","","F","F","F","F","F","F","F","F","F","rhemf101","","","F","F","F","F","F","","","","",0,0,0,0,0,0,0,0,0,14,"PHI","PHI","SLN",1,"F","F",1,0,1,7,3,"T","F",1,5,"T","T","carlh101","burng101","T","T",6,7,13,0,0,0,0,0,0,"gonzm101","","",0,0,0,0,0,0,0,0,0,0,0,0,0,"smitj106","F","F","F","F",0,4,0,0,1,0,0,0,0,0,F,F,"1925PHI.EVN.regular.event.csv",1564
"PHI192505180","SLN",2,1,1,0,0,"",0,1,"carlh101","?","carlh101","?","rhemf101","?","rhemf101","?","gonzm101","bottj101","hornr101","belll101","coonj103","bladr102","muelh102","smitj106","hubec101","","sandh101","13/G1S.3-H;1-2","F","F",1,9,2,"T","T",0,"F","F",1,"F","F",1,"F","F",1,"G","F","F","1S",0,0,"N",0,"N",0,"N",0,2,0,4,"13","","","","F","F","F","F","F","F","F","F","F","rhemf101","","rhemf101","F","F","F","F","F","","","","",0,3,0,0,1,0,0,0,0,15,"PHI","PHI","SLN",1,"F","F",1,0,1,8,4,"T","F",5,2,"T","T","burng101","fonsl101","T","T",5,8,14,0,0,0,6,7,13,"gonzm101","","gonzm101",0,0,0,0,0,0,0,0,0,0,0,0,1,"rhemf101","F","F","F","F",0,0,0,4,0,0,0,0,0,0,F,F,"1925PHI.EVN.regular.event.csv",1565
"PHI192505180","SLN",2,1,2,0,0,"",0,2,"burng101","?","burng101","?","rhemf101","?","rhemf101","?","gonzm101","bottj101","hornr101","belll101","coonj103","bladr102","muelh102","smitj106","","hubec101","","S6/G56.2-3","F","F",7,1,20,"T","T",1,"F","F",0,"F","F",0,"F","F",6,"G","F","F","56",0,0,"N",0,"N",0,"N",1,0,3,0,"","","","","F","F","F","F","F","F","F","F","F","","rhemf101","","F","F","F","F","F","","","","",0,0,0,0,0,0,0,0,0,16,"PHI","PHI","SLN",1,"F","F",2,0,2,9,5,"T","F",2,5,"T","T","fonsl101","willc103","T","T",0,0,0,5,8,14,0,0,0,"","gonzm101","",0,0,0,0,0,0,0,0,0,0,0,0,0,"coonj103","F","F","F","F",0,0,0,0,0,0,0,0,0,0,F,F,"1925PHI.EVN.regular.event.csv",1566
"PHI192505180","SLN",2,1,2,0,0,"",0,2,"fonsl101","?","fonsl101","?","rhemf101","?","rhemf101","?","gonzm101","bottj101","hornr101","belll101","coonj103","bladr102","muelh102","smitj106","burng101","","hubec101","8/L","F","F",4,2,2,"T","T",0,"F","F",1,"F","F",0,"F","F",8,"L","F","F","",0,0,"N",0,"N",0,"N",0,1,0,3,"8","","","","F","F","F","F","F","F","F","F","F","rhemf101","","rhemf101","F","F","F","F","F","","","","",0,8,0,0,0,0,0,0,0,17,"PHI","PHI","SLN",1,"F","T",2,0,2,10,6,"T","F",5,5,"T","T","willc103","harpg101","T","T",7,1,16,0,0,0,5,8,14,"gonzm101","","gonzm101",0,0,0,0,0,0,0,0,0,0,0,0,0,"muelh102","F","F","F","F",0,0,0,0,0,0,0,0,0,0,F,F,"1925PHI.EVN.regular.event.csv",1567
"PHI192505180","SLN",3,0,0,0,0,"",0,2,"bladr102","?","bladr102","?","carlh101","?","carlh101","?","henlb101","hawkc101","fonsl101","hubec101","sandh101","burng101","harpg101","willc103","","","","S8","T","F",7,7,20,"T","T",1,"F","F",0,"F","F",0,"F","F",8,"","F","F","",0,0,"N",0,"N",0,"N",1,0,0,0,"","","","","F","F","F","F","F","F","F","F","F","","","","F","F","F","F","F","","","","",0,0,0,0,0,0,0,0,0,18,"PHI","SLN","PHI",0,"T","F",0,2,0,6,0,"T","F",0,1,"T","T","gonzm101","rhemf101","T","T",0,0,0,0,0,0,0,0,0,"","","",0,0,0,0,0,0,0,0,0,0,0,0,0,"harpg101","F","F","F","F",4,0,0,0,3,0,0,0,0,0,F,F,"1925PHI.EVN.regular.event.csv",1568
"PHI192505180","SLN",3,0,0,0,0,"",0,2,"gonzm101","?","gonzm101","?","carlh101","?","carlh101","?","henlb101","hawkc101","fonsl101","hubec101","sandh101","burng101","harpg101","willc103","bladr102","","","S8/8S.1-2","F","F",2,8,20,"T","T",1,"F","F",0,"F","F",0,"F","F",8,"","F","F","8S",0,0,"N",0,"N",0,"N",1,2,0,0,"","","","","F","F","F","F","F","F","F","F","F","carlh101","","","F","F","F","F","F","","","","",0,0,0,0,0,0,0,0,0,19,"PHI","SLN","PHI",0,"F","F",0,2,0,7,1,"T","F",1,3,"T","T","rhemf101","smitj106","T","T",7,7,18,0,0,0,0,0,0,"henlb101","","",0,0,0,0,0,0,0,0,0,0,0,0,0,"harpg101","F","F","F","F",4,4,0,0,3,0,0,0,0,0,F,F,"1925PHI.EVN.regular.event.csv",1569
"PHI192505180","SLN",3,0,0,0,0,"",0,2,"rhemf101","?","rhemf101","?","carlh101","?","carlh101","?","henlb101","hawkc101","fonsl101","hubec101","sandh101","burng101","harpg101","willc103","gonzm101","bladr102","","D8.2-H;1-3","F","F",1,9,21,"T","T",2,"F","F",0,"F","F",1,"F","F",8,"","F","F","",0,0,"N",0,"N",0,"N",2,3,4,0,"","","","","F","F","F","F","F","F","F","F","F","carlh101","carlh101","","F","F","F","F","F","","","","",0,0,0,0,0,0,0,0,0,20,"PHI","SLN","PHI",0,"F","F",0,2,0,8,2,"T","F",3,6,"T","T","smitj106","coonj103","T","T",2,8,19,7,7,18,0,0,0,"henlb101","henlb101","",0,0,0,0,0,0,0,0,0,0,0,0,1,"harpg101","F","F","F","F",4,4,4,0,2,0,0,0,0,0,F,F,"1925PHI.EVN.regular.event.csv",1570
"PHI192505180","SLN",3,0,0,0,0,"",1,2,"smitj106","?","smitj106","?","carlh101","?","carlh101","?","henlb101","hawkc101","fonsl101","hubec101","sandh101","burng101","harpg101","willc103","","rhemf101","gonzm101","S8/G46.3-H;2-H","F","F",9,1,20,"T","T",1,"F","F",0,"F","F",2,"F","F",8,"G","F","F","46",0,0,"N",0,"N",0,"N",1,0,4,4,"","","","","F","F","F","F","F","F","F","F","F","","carlh101","carlh101","F","F","F","F","F","","","","",0,0,0,0,0,0,0,0,0,21,"PHI","SLN","PHI",0,"F","F",1,2,1,9,3,"T","F",6,1,"T","T","coonj103","hornr101","T","T",0,0,0,1,9,20,2,8,19,"","henlb101","henlb101",0,0,0,0,0,0,0,0,0,0,0,0,2,"harpg101","F","F","F","F",0,0,4,4,0,0,0,0,0,0,F,F,"1925PHI.EVN.regular.event.csv",1571
"PHI192505180","SLN",3,0,0,0,0,"",3,2,"coonj103","?","coonj103","?","carlh101","?","carlh101","?","henlb101","hawkc101","fonsl101","hubec101","sandh101","burng101","harpg101","willc103","smitj106","","","13/SH.1-2","F","F",6,2,2,"T","F",0,"T","F",1,"F","F",0,"F","F",1,"G","T","F","",0,0,"N",0,"N",0,"N",0,2,0,0,"13","","","","F","F","F","F","F","F","F","F","F","carlh101","","","F","F","F","F","F","","","","",0,3,0,0,1,0,0,0,0,22,"PHI","SLN","PHI",0,"F","F",3,2,3,10,4,"T","F",1,2,"T","T","hornr101","bottj101","T","T",9,1,21,0,0,0,0,0,0,"henlb101","","",0,0,0,0,0,0,0,0,0,0,0,0,0,"carlh101","F","F","F","F",0,0,0,0,0,0,0,0,0,0,F,F,"1925PHI.EVN.regular.event.csv",1572
"PHI192505180","SLN",3,0,1,0,0,"",3,2,"hornr101","?","hornr101","?","carlh101","?","carlh101","?","henlb101","hawkc101","fonsl101","hubec101","sandh101","burng101","harpg101","willc103","","smitj106","","43/DP.2XH(32)","F","F",4,3,2,"T","T",0,"F","F",2,"T","F",0,"F","F",4,"G","F","F","",0,0,"N",0,"N",0,"N",0,0,0,0,"43","","32","","F","F","F","F","F","F","F","F","F","","carlh101","","F","F","F","F","F","","","","",0,3,2,0,4,3,0,0,0,23,"PHI","SLN","PHI",0,"F","T",3,2,3,11,5,"T","F",2,0,"T","T","bottj101","belll101","T","T",0,0,0,9,1,21,0,0,0,"","henlb101","",0,0,0,0,0,0,0,0,0,0,0,0,0,"fonsl101","F","F","F","F",0,0,0,0,0,0,0,0,0,0,F,F,"1925PHI.EVN.regular.event.csv",1573
"PHI192505180","SLN",3,1,0,0,0,"",3,2,"willc103","?","willc103","?","rhemf101","?","rhemf101","?","gonzm101","bottj101","hornr101","belll101","coonj103","bladr102","muelh102","smitj106","","","","43","T","F",9,3,2,"T","T",0,"F","F",1,"F","F",0,"F","F",4,"G","F","F","",0,0,"N",0,"N",0,"N",0,0,0,0,"43","","","","F","F","F","F","F","F","F","F","F","","","","F","F","F","F","F","","","","",0,3,0,0,4,0,0,0,0,24,"PHI","PHI","SLN",1,"T","F",2,3,0,11,0,"T","F",0,0,"T","T","harpg101","hawkc101","T","T",0,0,0,0,0,0,0,0,0,"","","",0,0,0,0,0,0,0,0,0,0,0,0,0,"hornr101","F","F","F","F",0,0,0,0,0,0,0,0,0,0,F,F,"1925PHI.EVN.regular.event.csv",1574
"PHI192505180","SLN",3,1,1,0,0,"",3,2,"harpg101","?","harpg101","?","rhemf101","?","rhemf101","?","gonzm101","bottj101","hornr101","belll101","coonj103","bladr102","muelh102","smitj106","","","","K","F","F",8,4,3,"T","T",0,"F","F",1,"F","F",0,"F","F",0,"","F","F","",0,0,"N",0,"N",0,"N",0,0,0,0,"2","","","","F","F","F","F","F","F","F","F","F","","","","F","F","F","F","F","","","","",0,2,0,0,0,0,0,0,0,25,"PHI","PHI","SLN",1,"F","F",2,3,0,12,1,"T","F",0,0,"T","T","hawkc101","henlb101","T","T",0,0,0,0,0,0,0,0,0,"","","",0,0,0,0,0,0,0,0,0,0,0,0,0,"","F","F","F","F",0,0,0,0,0,0,0,0,0,0,F,F,"1925PHI.EVN.regular.event.csv",1575
"PHI192505180","SLN",3,1,2,0,0,"",3,2,"hawkc101","?","hawkc101","?","rhemf101","?","rhemf101","?","gonzm101","bottj101","hornr101","belll101","coonj103","bladr102","muelh102","smitj106","","","","D8/89","F","F",3,5,21,"T","T",2,"F","F",0,"F","F",0,"F","F",8,"","F","F","89",0,0,"N",0,"N",0,"N",2,0,0,0,"","","","","F","F","F","F","F","F","F","F","F","","","","F","F","F","F","F","","","","",0,0,0,0,0,0,0,0,0,26,"PHI","PHI","SLN",1,"F","F",2,3,0,13,2,"T","F",0,2,"T","T","henlb101","sandh101","T","T",0,0,0,0,0,0,0,0,0,"","","",0,0,0,0,0,0,0,0,0,0,0,0,0,"muelh102","F","F","F","F",0,0,0,0,0,0,0,0,0,0,F,F,"1925PHI.EVN.regular.event.csv",1576
"PHI192505180","SLN",3,1,2,0,0,"",3,2,"henlb101","?","henlb101","?","rhemf101","?","rhemf101","?","gonzm101","bottj101","hornr101","belll101","coonj103","bladr102","muelh102","smitj106","","hawkc101","","W","F","F",2,6,14,"T","F",0,"F","F",0,"F","F",0,"F","F",0,"","F","F","",0,0,"N",0,"N",0,"N",1,0,2,0,"","","","","F","F","F","F","F","F","F","F","F","","rhemf101","","F","F","F","F","F","","","","",0,0,0,0,0,0,0,0,0,27,"PHI","PHI","SLN",1,"F","F",2,3,0,14,3,"T","F",2,3,"T","T","sandh101","hubec101","T","T",0,0,0,3,5,26,0,0,0,"","gonzm101","",0,0,0,0,0,0,0,0,0,0,0,0,0,"","F","F","F","F",0,0,0,0,0,0,0,0,0,0,F,F,"1925PHI.EVN.regular.event.csv",1577
"PHI192505180","SLN",3,1,2,0,0,"",3,2,"sandh101","?","sandh101","?","rhemf101","?","rhemf101","?","gonzm101","bottj101","hornr101","belll101","coonj103","bladr102","muelh102","smitj106","henlb101","hawkc101","","8/F8XD","F","F",6,7,2,"T","T",0,"F","F",1,"F","F",0,"F","F",8,"F","F","F","8XD",0,0,"N",0,"N",0,"N",0,1,2,0,"8","","","","F","F","F","F","F","F","F","F","F","rhemf101","rhemf101","","F","F","F","F","F","","","","",0,8,0,0,0,0,0,0,0,28,"PHI","PHI","SLN",1,"F","T",2,3,0,15,4,"T","F",3,3,"T","T","hubec101","carlh101","T","T",2,6,27,3,5,26,0,0,0,"gonzm101","gonzm101","",0,0,0,0,0,0,0,0,0,0,0,0,0,"muelh102","F","F","F","F",0,0,0,0,0,0,0,0,0,0,F,F,"1925PHI.EVN.regular.event.csv",1578
"PHI192505180","SLN",4,0,0,0,0,"",3,2,"bottj101","?","bottj101","?","carlh101","?","carlh101","?","henlb101","hawkc101","fonsl101","hubec101","sandh101","burng101","harpg101","willc103","","","","63","T","F",3,4,2,"T","T",0,"F","F",1,"F","F",0,"F","F",6,"G","F","F","",0,0,"N",0,"N",0,"N",0,0,0,0,"63","","","","F","F","F","F","F","F","F","F","F","","","","F","F","F","F","F","","","","",0,3,0,0,6,0,0,0,0,29,"PHI","SLN","PHI",0,"T","F",3,2,0,12,0,"T","F",0,0,"T","T","belll101","muelh102","T","T",0,0,0,0,0,0,0,0,0,"","","",0,0,0,0,0,0,0,0,0,0,0,0,0,"sandh101","F","F","F","F",0,0,0,0,2,0,0,0,0,0,F,F,"1925PHI.EVN.regular.event.csv",1579
"PHI192505180","SLN",4,0,1,0,0,"",3,2,"belll101","?","belll101","?","carlh101","?","carlh101","?","henlb101","hawkc101","fonsl101","hubec101","sandh101","burng101","harpg101","willc103","","","","S8","F","F",5,5,20,"T","T",1,"F","F",0,"F","F",0,"F","F",8,"","F","F","",0,0,"N",0,"N",0,"N",1,0,0,0,"","","","","F","F","F","F","F","F","F","F","F","","","","F","F","F","F","F","","","","",0,0,0,0,0,0,0,0,0,30,"PHI","SLN","PHI",0,"F","F",3,2,0,13,1,"T","F",0,1,"T","T","muelh102","bladr102","T","T",0,0,0,0,0,0,0,0,0,"","","",0,0,0,0,0,0,0,0,0,0,0,0,0,"harpg101","F","F","F","F",4,0,0,0,2,0,0,0,0,0,F,F,"1925PHI.EVN.regular.event.csv",1580
"PHI192505180","SLN",4,0,1,0,0,"",3,2,"muelh102","?","muelh102","?","carlh101","?","carlh101","?","henlb101","hawkc101","fonsl101","hubec101","sandh101","burng101","harpg101","willc103","belll101","","","D9.1-3","F","F",8,6,21,"T","T",2,"F","F",0,"F","F",0,"F","F",9,"","F","F","",0,0,"N",0,"N",0,"N",2,3,0,0,"","","","","F","F","F","F","F","F","F","F","F","carlh101","","","F","F","F","F","F","","","","",0,0,0,0,0,0,0,0,0,31,"PHI","SLN","PHI",0,"F","F",3,2,0,14,2,"T","F",1,6,"T","T","bladr102","gonzm101","T","T",5,5,30,0,0,0,0,0,0,"henlb101","","",0,0,0,0,0,0,0,0,0,0,0,0,0,"willc103","F","F","F","F",4,4,0,0,2,0,0,0,0,0,F,F,"1925PHI.EVN.regular.event.csv",1581
"PHI192505180","SLN",4,0,1,0,0,"",3,2,"bladr102","?","bladr102","?","carlh101","?","carlh101","?","henlb101","hawkc101","fonsl101","hubec101","sandh101","burng101","harpg101","willc103","","muelh102","belll101","D8/89XDW.3-H;2-H","F","F",7,7,21,"T","T",2,"F","F",0,"F","F",2,"F","F",8,"","F","F","89XDW",0,0,"N",0,"N",0,"N",2,0,4,4,"","","","","F","F","F","F","F","F","F","F","F","","carlh101","carlh101","F","F","F","F","F","","","","",0,0,0,0,0,0,0,0,0,32,"PHI","SLN","PHI",0,"F","F",3,2,0,15,3,"T","F",6,2,"T","T","gonzm101","rhemf101","T","T",0,0,0,8,6,31,5,5,30,"","henlb101","henlb101",0,0,0,0,0,0,0,0,0,0,0,0,2,"harpg101","F","F","F","F",0,0,4,4,0,0,0,0,0,0,F,F,"1925PHI.EVN.regular.event.csv",1582
"PHI192505180","SLN",4,0,1,0,0,"",5,2,"gonzm101","?","gonzm101","?","betth101","?","betth101","?","henlb101","hawkc101","fonsl101","hubec101","sandh101","burng101","harpg101","willc103","","bladr102","","7/L","F","F",2,8,2,"T","T",0,"F","F",1,"F","F",0,"F","F",7,"L","F","F","",0,0,"N",0,"N",0,"N",0,0,2,0,"7","","","","F","F","F","F","F","F","F","F","F","","carlh101","","F","F","F","F","F","","","","",0,7,0,0,0,0,0,0,0,33,"PHI","SLN","PHI",0,"F","F",5,2,2,16,4,"T","F",2,2,"T","T","rhemf101","smitj106","F","F",0,0,0,7,7,32,0,0,0,"","henlb101","",0,0,0,0,0,0,0,0,0,0,0,0,0,"burng101","F","F","F","F",0,0,0,0,0,0,0,0,0,0,F,F,"1925PHI.EVN.regular.event.csv",1583
"PHI192505180","SLN",4,0,2,0,0,"",5,2,"rhemf101","?","rhemf101","?","betth101","?","betth101","?","henlb101","hawkc101","fonsl101","hubec101","sandh101","burng101","harpg101","willc103","","bladr102","","K","F","F",1,9,3,"T","T",0,"F","F",1,"F","F",0,"F","F",0,"","F","F","",0,0,"N",0,"N",0,"N",0,0,2,0,"2","","","","F","F","F","F","F","F","F","F","F","","carlh101","","F","F","F","F","F","","","","",0,2,0,0,0,0,0,0,0,34,"PHI","SLN","PHI",0,"F","T",5,2,2,17,5,"T","F",2,2,"T","T","smitj106","coonj103","F","F",0,0,0,7,7,32,0,0,0,"","henlb101","",0,0,0,0,0,0,0,0,0,0,0,0,0,"","F","F","F","F",0,0,0,0,0,0,0,0,0,0,F,F,"1925PHI.EVN.regular.event.csv",1584
"PHI192505180","SLN",4,1,0,0,0,"",5,2,"hubec101","?","hubec101","?","rhemf101","?","rhemf101","?","gonzm101","bottj101","hornr101","belll101","coonj103","bladr102","muelh102","smitj106","","","","K","T","F",5,8,3,"T","T",0,"F","F",1,"F","F",0,"F","F",0,"","F","F","",0,0,"N",0,"N",0,"N",0,0,0,0,"2","","","","F","F","F","F","F","F","F","F","F","","","","F","F","F","F","F","","","","",0,2,0,0,0,0,0,0,0,35,"PHI","PHI","SLN",1,"T","F",2,5,0,16,0,"T","F",0,0,"T","T","betth101","burng101","T","T",0,0,0,0,0,0,0,0,0,"","","",0,0,0,0,0,0,0,0,0,0,0,0,0,"","F","F","F","F",0,0,0,0,0,0,0,0,0,0,F,F,"1925PHI.EVN.regular.event.csv",1585
"PHI192505180","SLN",4,1,1,0,0,"",5,2,"betth101","?","betth101","?","rhemf101","?","rhemf101","?","gonzm101","bottj101","hornr101","belll101","coonj103","bladr102","muelh102","smitj106","","","","S7/G56","F","F",1,9,20,"T","T",1,"F","F",0,"F","F",0,"F","F",7,"G","F","F","56",0,0,"N",0,"N",0,"N",1,0,0,0,"","","","","F","F","F","F","F","F","F","F","F","","","","F","F","F","F","F","","","","",0,0,0,0,0,0,0,0,0,36,"PHI","PHI","SLN",1,"F","F",2,5,0,17,1,"T","F",0,1,"F","F","burng101","fonsl101","T","T",0,0,0,0,0,0,0,0,0,"","","",0,0,0,0,0,0,0,0,0,0,0,0,0,"bladr102","F","F","F","F",0,0,0,0,0,0,0,0,0,0,F,F,"1925PHI.EVN.regular.event.csv",1586
"PHI192505180","SLN",4,1,1,0,0,"",5,2,"burng101","?","burng101","?","rhemf101","?","rhemf101","?","gonzm101","bottj101","hornr101","belll101","coonj103","bladr102","muelh102","smitj106","betth101","","","S9.1-2","F","F",7,1,20,"T","T",1,"F","F",0,"F","F",0,"F","F",9,"","F","F","",0,0,"N",0,"N",0,"N",1,2,0,0,"","","","","F","F","F","F","F","F","F","F","F","rhemf101","","","F","F","F","F","F","","","","",0,0,0,0,0,0,0,0,0,37,"PHI","PHI","SLN",1,"F","F",2,5,0,18,2,"T","F",1,3,"T","T","fonsl101","willc103","T","T",1,9,36,0,0,0,0,0,0,"gonzm101","","",0,0,0,0,0,0,0,0,0,0,0,0,0,"smitj106","F","F","F","F",0,0,0,0,0,0,0,0,0,0,F,F,"1925PHI.EVN.regular.event.csv",1587
"PHI192505180","SLN",4,1,1,0,0,"",5,2,"fonsl101","?","fonsl101","?","rhemf101","?","rhemf101","?","gonzm101","bottj101","hornr101","belll101","coonj103","bladr102","muelh102","smitj106","burng101","betth101","","K/C","F","F",4,2,3,"T","T",0,"F","F",1,"F","F",0,"F","F",0,"","F","F","",0,0,"N",0,"N",0,"N",0,1,2,0,"2","","","","F","F","F","F","F","F","F","F","F","rhemf101","rhemf101","","F","F","F","F","F","","","","",0,2,0,0,0,0,0,0,0,38,"PHI","PHI","SLN",1,"F","F",2,5,0,19,3,"T","F",3,3,"T","T","willc103","harpg101","T","T",7,1,37,1,9,36,0,0,0,"gonzm101","gonzm101","",0,0,0,0,0,0,0,0,0,0,0,0,0,"","F","F","F","F",0,0,0,0,0,0,0,0,0,0,F,F,"1925PHI.EVN.regular.event.csv",1588
"PHI192505180","SLN",4,1,2,0,0,"",5,2,"willc103","?","willc103","?","rhemf101","?","rhemf101","?","gonzm101","bottj101","hornr101","belll101","coonj103","bladr102","muelh102","smitj106","burng101","betth101","","K","F","F",9,3,3,"T","T",0,"F","F",1,"F","F",0,"F","F",0,"","F","F","",0,0,"N",0,"N",0,"N",0,1,2,0,"2","","","","F","F","F","F","F","F","F","F","F","rhemf101","rhemf101","","F","F","F","F","F","","","","",0,2,0,0,0,0,0,0,0,39,"PHI","PHI","SLN",1,"F","T",2,5,0,20,4,"T","F",3,3,"T","T","harpg101","hawkc101","T","T",7,1,37,1,9,36,0,0,0,"gonzm101","gonzm101","",0,0,0,0,0,0,0,0,0,0,0,0,0,"","F","F","F","F",0,0,0,0,0,0,0,0,0,0,F,F,"1925PHI.EVN.regular.event.csv",1589
"PHI192505180","SLN",5,0,0,0,0,"",5,2,"smitj106","?","smitj106","?","betth101","?","betth101","?","henlb101","hawkc101","fonsl101","hubec101","sandh101","burng101","harpg101","willc103","","","","9/L","T","F",9,1,2,"T","T",0,"F","F",1,"F","F",0,"F","F",9,"L","F","F","",0,0,"N",0,"N",0,"N",0,0,0,0,"9","","","","F","F","F","F","F","F","F","F","F","","","","F","F","F","F","F","","","","",0,9,0,0,0,0,0,0,0,40,"PHI","SLN","PHI",0,"T","F",5,2,0,18,0,"T","F",0,0,"T","T","coonj103","hornr101","F","F",0,0,0,0,0,0,0,0,0,"","","",0,0,0,0,0,0,0,0,0,0,0,0,0,"willc103","F","F","F","F",0,0,0,0,0,0,0,0,0,0,F,F,"1925PHI.EVN.regular.event.csv",1590
"PHI192505180","SLN",5,0,1,0,0,"",5,2,"coonj103","?","coonj103","?","betth101","?","betth101","?","henlb101","hawkc101","fonsl101","hubec101","sandh101","burng101","harpg101","willc103","","","","9/F","F","F",6,2,2,"T","T",0,"F","F",1,"F","F",0,"F","F",9,"F","F","F","",0,0,"N",0,"N",0,"N",0,0,0,0,"9","","","","F","F","F","F","F","F","F","F","F","","","","F","F","F","F","F","","","","",0,9,0,0,0,0,0,0,0,41,"PHI","SLN","PHI",0,"F","F",5,2,0,19,1,"T","F",0,0,"T","T","hornr101","bottj101","F","F",0,0,0,0,0,0,0,0,0,"","","",0,0,0,0,0,0,0,0,0,0,0,0,0,"willc103","F","F","F","F",0,0,0,0,0,0,0,0,0,0,F,F,"1925PHI.EVN.regular.event.csv",1591
"PHI192505180","SLN",5,0,2,0,0,"",5,2,"hornr101","?","hornr101","?","betth101","?","betth101","?","henlb101","hawkc101","fonsl101","hubec101","sandh101","burng101","harpg101","willc103","","","","E4/G","F","F",4,3,18,"T","T",0,"F","F",0,"F","F",0,"F","F",4,"G","F","F","",1,4,"F",0,"N",0,"N",1,0,0,0,"","","","","F","F","F","F","F","F","F","F","F","","","","F","F","F","F","F","","","","",0,0,0,0,0,0,0,0,0,42,"PHI","SLN","PHI",0,"F","F",5,2,0,20,2,"T","F",0,1,"T","T","bottj101","belll101","F","F",0,0,0,0,0,0,0,0,0,"","","",0,0,0,0,0,0,0,0,0,0,0,0,0,"fonsl101","F","F","F","T",0,0,0,0,0,0,0,0,0,0,F,F,"1925PHI.EVN.regular.event.csv",1592
"PHI192505180","SLN",5,0,2,0,0,"",5,2,"bottj101","?","bottj101","?","betth101","?","betth101","?","henlb101","hawkc101","fonsl101","hubec101","sandh101","burng101","harpg101","willc103","hornr101","","","K","F","F",3,4,3,"T","T",0,"F","F",1,"F","F",0,"F","F",0,"","F","F","",0,0,"N",0,"N",0,"N",0,1,0,0,"2","","","","F","F","F","F","F","F","F","F","F","betth101","","","F","F","F","F","F","","","","",0,2,0,0,0,0,0,0,0,43,"PHI","SLN","PHI",0,"F","T",5,2,0,21,3,"T","F",1,1,"T","T","belll101","muelh102","F","F",4,3,42,0,0,0,0,0,0,"henlb101","","",0,0,0,0,0,0,0,0,0,0,0,0,0,"","F","F","F","F",0,0,0,0,0,0,0,0,0,0,F,F,"1925PHI.EVN.regular.event.csv",1593
"PHI192505180","SLN",5,1,0,0,0,"",5,2,"harpg101","?","harpg101","?","rhemf101","?","rhemf101","?","gonzm101","bottj101","hornr101","belll101","coonj103","bladr102","muelh102","smitj106","","","","8/L8XDW","T","F",8,4,2,"T","T",0,"F","F",1,"F","F",0,"F","F",8,"L","F","F","8XDW",0,0,"N",0,"N",0,"N",0,0,0,0,"8","","","","F","F","F","F","F","F","F","F","F","","","","F","F","F","F","F","","","","",0,8,0,0,0,0,0,0,0,44,"PHI","PHI","SLN",1,"T","F",2,5,0,21,0,"T","F",0,0,"T","T","hawkc101","henlb101","T","T",0,0,0,0,0,0,0,0,0,"","","",0,0,0,0,0,0,0,0,0,0,0,0,0,"muelh102","F","F","F","F",0,0,0,0,0,0,0,0,0,0,F,F,"1925PHI.EVN.regular.event.csv",1594
"PHI192505180","SLN",5,1,1,0,0,"",5,2,"hawkc101","?","hawkc101","?","rhemf101","?","rhemf101","?","gonzm101","bottj101","hornr101","belll101","coonj103","bladr102","muelh102","smitj106","","","","W","F","F",3,5,14,"T","F",0,"F","F",0,"F","F",0,"F","F",0,"","F","F","",0,0,"N",0,"N",0,"N",1,0,0,0,"","","","","F","F","F","F","F","F","F","F","F","","","","F","F","F","F","F","","","","",0,0,0,0,0,0,0,0,0,45,"PHI","PHI","SLN",1,"F","F",2,5,0,22,1,"T","F",0,1,"T","T","henlb101","sandh101","T","T",0,0,0,0,0,0,0,0,0,"","","",0,0,0,0,0,0,0,0,0,0,0,0,0,"","F","F","F","F",0,0,0,0,0,0,0,0,0,0,F,F,"1925PHI.EVN.regular.event.csv",1595
"PHI192505180","SLN",5,1,1,0,0,"",5,2,"henlb101","?","henlb101","?","rhemf101","?","rhemf101","?","gonzm101","bottj101","hornr101","belll101","coonj103","bladr102","muelh102","smitj106","hawkc101","","","S/F9S.1-2","F","F",2,6,20,"T","T",1,"F","F",0,"F","F",0,"F","F",0,"F","F","F","9S",0,0,"N",0,"N",0,"N",1,2,0,0,"","","","","F","F","F","F","F","F","F","F","F","rhemf101","","","F","F","F","F","F","","","","",0,0,0,0,0,0,0,0,0,46,"PHI","PHI","SLN",1,"F","F",2,5,0,23,2,"T","F",1,3,"T","T","sandh101","hubec101","T","T",3,5,45,0,0,0,0,0,0,"gonzm101","","",0,0,0,0,0,0,0,0,0,0,0,0,0,"","F","F","F","F",0,0,0,0,0,0,0,0,0,0,F,F,"1925PHI.EVN.regular.event.csv",1596
"PHI192505180","SLN",5,1,1,0,0,"",5,2,"sandh101","?","sandh101","?","rhemf101","?","rhemf101","?","gonzm101","bottj101","hornr101","belll101","coonj103","bladr102","muelh102","smitj106","henlb101","hawkc101","","S4/G34.2-3;1-2","F","F",6,7,20,"T","T",1,"F","F",0,"F","F",0,"F","F",4,"G","F","F","34",0,0,"N",0,"N",0,"N",1,2,3,0,"","","","","F","F","F","F","F","F","F","F","F","rhemf101","rhemf101","","F","F","F","F","F","","","","",0,0,0,0,0,0,0,0,0,47,"PHI","PHI","SLN",1,"F","F",2,5,0,24,3,"T","F",3,7,"T","T","hubec101","betth101","T","T",2,6,46,3,5,45,0,0,0,"gonzm101","gonzm101","",0,0,0,0,0,0,0,0,0,0,0,0,0,"hornr101","F","F","F","F",0,0,0,0,0,0,0,0,0,0,F,F,"1925PHI.EVN.regular.event.csv",1597
"PHI192505180","SLN",5,1,1,0,0,"",5,2,"hubec101","?","hubec101","?","rhemf101","?","rhemf101","?","gonzm101","bottj101","hornr101","belll101","coonj103","bladr102","muelh102","smitj106","sandh101","henlb101","hawkc101","12(3)/FO.2-3;1-2","F","F",5,8,2,"T","T",0,"F","F",1,"F","F",0,"F","F",1,"G","F","F","",0,0,"N",0,"N",0,"N",1,2,3,0,"","","","12","F","F","F","F","F","F","F","F","F","rhemf101","rhemf101","rhemf101","F","F","F","F","F","","","","",0,2,0,0,1,0,0,0,0,48,"PHI","PHI","SLN",1,"F","F",2,5,0,25,4,"T","F",7,7,"T","T","betth101","burng101","T","T",6,7,47,2,6,46,3,5,45,"gonzm101","gonzm101","gonzm101",0,0,0,0,0,0,0,0,0,0,0,0,0,"rhemf101","F","F","T","F",0,0,0,0,0,0,0,0,0,0,F,F,"1925PHI.EVN.regular.event.csv",1598
"PHI192505180","SLN",5,1,2,0,0,"",5,2,"betth101","?","betth101","?","rhemf101","?","rhemf101","?","gonzm101","bottj101","hornr101","belll101","coonj103","bladr102","muelh102","smitj106","hubec101","sandh101","henlb101","K","F","F",1,9,3,"T","T",0,"F","F",1,"F","F",0,"F","F",0,"","F","F","",0,0,"N",0,"N",0,"N",0,1,2,3,"2","","","","F","F","F","F","F","F","F","F","F","rhemf101","rhemf101","rhemf101","F","F","F","F","F","","","","",0,2,0,0,0,0,0,0,0,49,"PHI","PHI","SLN",1,"F","T",2,5,0,26,5,"T","F",7,7,"F","F","burng101","fonsl101","T","T",5,8,48,6,7,47,2,6,46,"gonzm101","gonzm101","gonzm101",0,0,0,0,0,0,0,0,0,0,0,0,0,"","F","F","F","F",0,0,0,0,0,0,0,0,0,0,F,F,"1925PHI.EVN.regular.event.csv",1599
"PHI192505180","SLN",6,0,0,0,0,"",5,2,"belll101","?","belll101","?","betth101","?","betth101","?","henlb101","hawkc101","fonsl101","hubec101","sandh101","burng101","harpg101","willc103","","","","E6/P56D.B-2","T","F",5,5,18,"T","T",0,"F","F",0,"F","F",0,"F","F",6,"P","F","F","56D",1,6,"F",0,"N",0,"N",2,0,0,0,"","","","","F","F","F","F","F","F","F","F","F","","","","F","F","F","F","F","","","","",0,0,0,0,0,0,0,0,0,50,"PHI","SLN","PHI",0,"T","F",5,2,0,22,0,"T","F",0,2,"T","T","muelh102","bladr102","F","F",0,0,0,0,0,0,0,0,0,"","","",0,0,0,0,0,0,0,0,0,0,0,0,0,"sandh101","F","F","F","T",5,0,0,0,3,0,0,0,0,0,F,F,"1925PHI.EVN.regular.event.csv",1600
"PHI192505180","SLN",6,0,0,0,0,"",5,2,"muelh102","?","muelh102","?","betth101","?","betth101","?","henlb101","hawkc101","fonsl101","hubec101","sandh101","burng101","harpg101","willc103","","belll101","","S8.2-H(UR);B-2(THH)","F","F",8,6,20,"T","T",1,"F","F",0,"F","F",1,"F","F",8,"","F","F","",0,0,"N",0,"N",0,"N",2,0,5,0,"","","","","F","F","F","F","F","F","F","F","F","","betth101","","F","F","F","F","F","","","","",0,0,0,0,0,0,0,0,0,51,"PHI","SLN","PHI",0,"F","F",5,2,0,23,1,"T","F",2,2,"T","T","bladr102","gonzm101","F","F",0,0,0,5,5,50,0,0,0,"","henlb101","",0,0,0,0,0,0,0,0,0,0,0,0,1,"harpg101","F","F","F","F",5,0,5,0,2,0,0,0,0,0,F,F,"1925PHI.EVN.regular.event.csv",1601
"PHI192505180","SLN",6,0,0,0,0,"",6,2,"bladr102","?","bladr102","?","betth101","?","betth101","?","henlb101","hawkc101","fonsl101","hubec101","sandh101","burng101","harpg101","willc103","","muelh102","","HP","F","F",7,7,16,"T","F",0,"F","F",0,"F","F",0,"F","F",0,"","F","F","",0,0,"N",0,"N",0,"N",1,0,2,0,"","","","","F","F","F","F","F","F","F","F","F","","betth101","","F","F","F","F","F","","","","",0,0,0,0,0,0,0,0,0,52,"PHI","SLN","PHI",0,"F","F",6,2,1,24,2,"T","F",2,3,"T","T","gonzm101","rhemf101","F","F",0,0,0,8,6,51,0,0,0,"","henlb101","",0,0,0,0,0,0,0,0,0,0,0,0,0,"","F","F","F","F",5,0,5,0,2,0,0,0,0,0,F,F,"1925PHI.EVN.regular.event.csv",1602
"PHI192505180","SLN",6,0,0,0,0,"",6,2,"gonzm101","?","gonzm101","?","betth101","?","betth101","?","henlb101","hawkc101","fonsl101","hubec101","sandh101","burng101","harpg101","willc103","bladr102","muelh102","","13/SH.2-3;1-2","F","F",2,8,2,"T","F",0,"T","F",1,"F","F",0,"F","F",1,"G","T","F","",0,0,"N",0,"N",0,"N",0,2,3,0,"13","","","","F","F","F","F","F","F","F","F","F","betth101","betth101","","F","F","F","F","F","","","","",0,3,0,0,1,0,0,0,0,53,"PHI","SLN","PHI",0,"F","F",6,2,1,25,3,"T","F",3,6,"T","T","rhemf101","smitj106","F","F",7,7,52,8,6,51,0,0,0,"henlb101","henlb101","",0,0,0,0,0,0,0,0,0,0,0,0,0,"betth101","F","F","F","F",0,5,5,0,2,0,0,0,0,0,F,F,"1925PHI.EVN.regular.event.csv",1603
"PHI192505180","SLN",6,0,1,0,0,"",6,2,"rhemf101","?","rhemf101","?","betth101","?","betth101","?","henlb101","hawkc101","fonsl101","hubec101","sandh101","burng101","harpg101","willc103","","bladr102","muelh102","9/F/SF.3-H(UR);2-3","F","F",1,9,2,"T","F",0,"F","T",1,"F","F",1,"F","F",9,"F","F","F","",0,0,"N",0,"N",0,"N",0,0,3,5,"9","","","","F","F","F","F","F","F","F","F","F","","betth101","betth101","F","F","F","F","F","","","","",0,9,0,0,0,0,0,0,0,54,"PHI","SLN","PHI",0,"F","F",6,2,1,26,4,"T","F",6,4,"T","T","smitj106","coonj103","F","F",0,0,0,7,7,52,8,6,51,"","henlb101","henlb101",0,0,0,0,0,0,0,0,0,0,0,0,1,"willc103","F","F","F","F",0,0,5,5,1,0,0,0,0,0,F,F,"1925PHI.EVN.regular.event.csv",1604
"PHI192505180","SLN",6,0,2,0,0,"",7,2,"smitj106","?","smitj106","?","betth101","?","betth101","?","henlb101","hawkc101","fonsl101","hubec101","sandh101","burng101","harpg101","willc103","","","bladr102","D/89.3-H(UR)","F","F",9,1,21,"T","T",2,"F","F",0,"F","F",1,"F","F",0,"","F","F","89",0,0,"N",0,"N",0,"N",2,0,0,5,"","","","","F","F","F","F","F","F","F","F","F","","","betth101","F","F","F","F","F","","","","",0,0,0,0,0,0,0,0,0,55,"PHI","SLN","PHI",0,"F","F",7,2,2,27,5,"T","F",4,2,"T","T","coonj103","hornr101","F","F",0,0,0,0,0,0,7,7,52,"","","henlb101",0,0,0,0,0,0,0,0,0,0,0,0,1,"","F","F","F","F",0,0,0,5,0,0,0,0,0,0,F,F,"1925PHI.EVN.regular.event.csv",1605
"PHI192505180","SLN",6,0,2,0,0,"",8,2,"coonj103","?","coonj103","?","betth101","?","betth101","?","henlb101","hawkc101","fonsl101","hubec101","sandh101","burng101","harpg101","willc103","","smitj106","","43","F","F",6,2,2,"T","T",0,"F","F",1,"F","F",0,"F","F",4,"G","F","F","",0,0,"N",0,"N",0,"N",0,0,2,0,"43","","","","F","F","F","F","F","F","F","F","F","","betth101","","F","F","F","F","F","","","","",0,3,0,0,4,0,0,0,0,56,"PHI","SLN","PHI",0,"F","T",8,2,3,28,6,"T","F",2,2,"T","T","hornr101","bottj101","F","F",0,0,0,9,1,55,0,0,0,"","henlb101","",0,0,0,0,0,0,0,0,0,0,0,0,0,"fonsl101","F","F","F","F",0,0,0,0,0,0,0,0,0,0,F,F,"1925PHI.EVN.regular.event.csv",1606
"PHI192505180","SLN",6,1,0,0,0,"",8,2,"burng101","?","burng101","?","rhemf101","?","rhemf101","?","gonzm101","bottj101","hornr101","belll101","coonj103","bladr102","muelh102","smitj106","","","","6/P","T","F",7,1,2,"T","T",0,"F","F",1,"F","F",0,"F","F",6,"P","F","F","",0,0,"N",0,"N",0,"N",0,0,0,0,"6","","","","F","F","F","F","F","F","F","F","F","","","","F","F","F","F","F","","","","",0,6,0,0,0,0,0,0,0,57,"PHI","PHI","SLN",1,"T","F",2,8,0,27,0,"T","F",0,0,"T","T","fonsl101","willc103","T","T",0,0,0,0,0,0,0,0,0,"","","",0,0,0,0,0,0,0,0,0,0,0,0,0,"coonj103","F","F","F","F",0,0,0,0,1,0,0,0,0,0,F,F,"1925PHI.EVN.regular.event.csv",1607
"PHI192505180","SLN",6,1,1,0,0,"",8,2,"fonsl101","?","fonsl101","?","rhemf101","?","rhemf101","?","gonzm101","bottj101","hornr101","belll101","coonj103","bladr102","muelh102","smitj106","","","","63","F","F",4,2,2,"T","T",0,"F","F",1,"F","F",0,"F","F",6,"G","F","F","",0,0,"N",0,"N",0,"N",0,0,0,0,"63","","","","F","F","F","F","F","F","F","F","F","","","","F","F","F","F","F","","","","",0,3,0,0,6,0,0,0,0,58,"PHI","PHI","SLN",1,"F","F",2,8,0,28,1,"T","F",0,0,"T","T","willc103","harpg101","T","T",0,0,0,0,0,0,0,0,0,"","","",0,0,0,0,0,0,0,0,0,0,0,0,0,"coonj103","F","F","F","F",0,0,0,0,1,0,0,0,0,0,F,F,"1925PHI.EVN.regular.event.csv",1608
"PHI192505180","SLN",6,1,2,0,0,"",8,2,"willc103","?","willc103","?","rhemf101","?","rhemf101","?","gonzm101","bottj101","hornr101","belll101","coonj103","bladr102","muelh102","smitj106","","","","HR/F89XD","F","F",9,3,23,"T","T",4,"F","F",0,"F","F",1,"F","F",0,"F","F","F","89XD",0,0,"N",0,"N",0,"N",4,0,0,0,"","","","","F","F","F","F","F","F","F","F","F","","","","F","F","F","F","F","","","","",0,0,0,0,0,0,0,0,0,59,"PHI","PHI","SLN",1,"F","F",2,8,0,29,2,"T","F",0,0,"T","T","harpg101","hawkc101","T","T",0,0,0,0,0,0,0,0,0,"","","",0,0,0,0,0,0,0,0,0,0,0,0,1,"","F","F","F","F",4,0,0,0,0,0,0,0,0,0,F,F,"1925PHI.EVN.regular.event.csv",1609
"PHI192505180","SLN",6,1,2,0,0,"",8,3,"harpg101","?","harpg101","?","rhemf101","?","rhemf101","?","gonzm101","bottj101","hornr101","belll101","coonj103","bladr102","muelh102","smitj106","","","","S15/G","F","F",8,4,20,"T","T",1,"F","F",0,"F","F",0,"F","F",1,"G","F","F","",0,0,"N",0,"N",0,"N",1,0,0,0,"","","","","F","F","F","F","F","F","F","F","F","","","","F","F","F","F","F","","","","",0,0,0,0,0,0,0,0,0,60,"PHI","PHI","SLN",1,"F","F",3,8,1,30,3,"T","F",0,1,"T","T","hawkc101","henlb101","T","T",0,0,0,0,0,0,0,0,0,"","","",0,0,0,0,0,0,0,0,0,0,0,0,0,"rhemf101","F","F","F","F",0,0,0,0,0,0,0,0,0,0,F,F,"1925PHI.EVN.regular.event.csv",1610
"PHI192505180","SLN",6,1,2,0,0,"",8,3,"hawkc101","?","hawkc101","?","rhemf101","?","rhemf101","?","gonzm101","bottj101","hornr101","belll101","coonj103","bladr102","muelh102","smitj106","harpg101","","","S3/G.1-3(E3/TH1);B-2","F","F",3,5,20,"T","T",1,"F","F",0,"F","F",0,"F","F",3,"G","F","F","",1,3,"T",0,"N",0,"N",2,3,0,0,"","","","","F","F","F","F","F","F","F","F","F","rhemf101","","","F","F","F","F","F","","","","",0,0,0,0,0,0,0,0,0,61,"PHI","PHI","SLN",1,"F","F",3,8,1,31,4,"T","F",1,6,"T","T","henlb101","sandh101","T","T",8,4,60,0,0,0,0,0,0,"gonzm101","","",0,0,0,0,0,0,0,0,0,0,0,0,0,"bottj101","F","F","F","F",0,0,0,0,0,0,0,0,0,0,F,F,"1925PHI.EVN.regular.event.csv",1611
"PHI192505180","SLN",6,1,2,0,0,"",8,3,"henlb101","?","henlb101","?","rhemf101","?","rhemf101","?","gonzm101","bottj101","hornr101","belll101","coonj103","bladr102","muelh102","smitj106","","hawkc101","harpg101","K/C","F","F",2,6,3,"T","T",0,"F","F",1,"F","F",0,"F","F",0,"","F","F","",0,0,"N",0,"N",0,"N",0,0,2,3,"2","","","","F","F","F","F","F","F","F","F","F","","rhemf101","rhemf101","F","F","F","F","F","","","","",0,2,0,0,0,0,0,0,0,62,"PHI","PHI","SLN",1,"F","T",3,8,1,32,5,"T","F",6,6,"T","T","sandh101","hubec101","T","T",0,0,0,3,5,61,8,4,60,"","gonzm101","gonzm101",0,0,0,0,0,0,0,0,0,0,0,0,0,"","F","F","F","F",0,0,0,0,0,0,0,0,0,0,F,F,"1925PHI.EVN.regular.event.csv",1612
"PHI192505180","SLN",7,0,0,0,0,"",8,3,"hornr101","?","hornr101","?","betth101","?","betth101","?","henlb101","hawkc101","fonsl101","hubec101","sandh101","burng101","harpg101","willc103","","","","S8/G46","T","F",4,3,20,"T","T",1,"F","F",0,"F","F",0,"F","F",8,"G","F","F","46",0,0,"N",0,"N",0,"N",1,0,0,0,"","","","","F","F","F","F","F","F","F","F","F","","","","F","F","F","F","F","","","","",0,0,0,0,0,0,0,0,0,63,"PHI","SLN","PHI",0,"T","F",8,3,0,29,0,"T","F",0,1,"T","T","bottj101","belll101","F","F",0,0,0,0,0,0,0,0,0,"","","",0,0,0,0,0,0,0,0,0,0,0,0,0,"harpg101","F","F","F","F",0,0,0,0,1,0,0,0,0,0,F,F,"1925PHI.EVN.regular.event.csv",1613
"PHI192505180","SLN",7,0,0,0,0,"",8,3,"bottj101","?","bottj101","?","betth101","?","betth101","?","henlb101","hawkc101","fonsl101","hubec101","sandh101","burng101","harpg101","willc103","hornr101","","","K/C","F","F",3,4,3,"T","T",0,"F","F",1,"F","F",0,"F","F",0,"","F","F","",0,0,"N",0,"N",0,"N",0,1,0,0,"2","","","","F","F","F","F","F","F","F","F","F","betth101","","","F","F","F","F","F","","","","",0,2,0,0,0,0,0,0,0,64,"PHI","SLN","PHI",0,"F","F",8,3,0,30,1,"T","F",1,1,"T","T","belll101","muelh102","F","F",4,3,63,0,0,0,0,0,0,"henlb101","","",0,0,0,0,0,0,0,0,0,0,0,0,0,"","F","F","F","F",0,0,0,0,1,0,0,0,0,0,F,F,"1925PHI.EVN.regular.event.csv",1614
"PHI192505180","SLN",7,0,1,0,0,"",8,3,"belll101","?","belll101","?","betth101","?","betth101","?","henlb101","hawkc101","fonsl101","hubec101","sandh101","burng101","harpg101","willc103","hornr101","","","64(1)/FO","F","F",5,5,2,"T","T",0,"F","F",1,"F","F",0,"F","F",6,"G","F","F","",0,0,"N",0,"N",0,"N",1,0,0,0,"","64","","","F","F","F","F","F","F","F","F","F","betth101","","","F","F","F","F","F","","","","",0,4,0,0,6,0,0,0,0,65,"PHI","SLN","PHI",0,"F","F",8,3,0,31,2,"T","F",1,1,"T","T","muelh102","bladr102","F","F",4,3,63,0,0,0,0,0,0,"henlb101","","",0,0,0,0,0,0,0,0,0,0,0,0,0,"sandh101","T","F","F","F",4,0,0,0,1,0,0,0,0,0,F,F,"1925PHI.EVN.regular.event.csv",1615
"PHI192505180","SLN",7,0,2,0,0,"",8,3,"muelh102","?","muelh102","?","betth101","?","betth101","?","henlb101","hawkc101","fonsl101","hubec101","sandh101","burng101","harpg101","willc103","belll101","","","W.1-2","F","F",8,6,14,"T","F",0,"F","F",0,"F","F",0,"F","F",0,"","F","F","",0,0,"N",0,"N",0,"N",1,2,0,0,"","","","","F","F","F","F","F","F","F","F","F","betth101","","","F","F","F","F","F","","","","",0,0,0,0,0,0,0,0,0,66,"PHI","SLN","PHI",0,"F","F",8,3,0,32,3,"T","F",1,3,"T","T","bladr102","gonzm101","F","F",5,5,65,0,0,0,0,0,0,"henlb101","","",0,0,0,0,0,0,0,0,0,0,0,0,0,"","F","F","F","F",0,4,0,0,1,0,0,0,0,0,F,F,"1925PHI.EVN.regular.event.csv",1616
"PHI192505180","SLN",7,0,2,0,0,"",8,3,"bladr102","?","bladr102","?","betth101","?","betth101","?","henlb101","hawkc101","fonsl101","hubec101","sandh101","burng101","harpg101","willc103","muelh102","belll101","","S7.2-H;1-3;B-2(TH3)","F","F",7,7,20,"T","T",1,"F","F",0,"F","F",1,"F","F",7,"","F","F","",0,0,"N",0,"N",0,"N",2,3,4,0,"","","","","F","F","F","F","F","F","F","F","F","betth101","betth101","","F","F","F","F","F","","","","",0,0,0,0,0,0,0,0,0,67,"PHI","SLN","PHI",0,"F","F",8,3,0,33,4,"T","F",3,6,"T","T","gonzm101","rhemf101","F","F",8,6,66,5,5,65,0,0,0,"henlb101","henlb101","",0,0,0,0,0,0,0,0,0,0,0,0,1,"burng101","F","F","F","F",0,0,4,0,0,0,0,0,0,0,F,F,"1925PHI.EVN.regular.event.csv",1617
"PHI192505180","SLN",7,0,2,0,0,"",9,3,"gonzm101","?","gonzm101","?","pierr101","?","pierr101","?","henlb101","hawkc101","fonsl101","hubec101","sandh101","burng101","harpg101","willc103","","bladr102","muelh102","W","F","F",2,8,14,"T","F",0,"F","F",0,"F","F",0,"F","F",0,"","F","F","",0,0,"N",0,"N",0,"N",1,0,2,3,"","","","","F","F","F","F","F","F","F","F","F","","betth101","betth101","F","F","F","F","F","","","","",0,0,0,0,0,0,0,0,0,68,"PHI","SLN","PHI",0,"F","F",9,3,1,34,5,"T","F",6,7,"T","T","rhemf101","smitj106","F","F",0,0,0,7,7,67,8,6,66,"","henlb101","henlb101",0,0,0,0,0,0,0,0,0,0,0,0,0,"","F","F","F","F",0,0,0,0,0,0,0,0,0,0,F,F,"1925PHI.EVN.regular.event.csv",1618
"PHI192505180","SLN",7,0,2,0,0,"",9,3,"rhemf101","?","rhemf101","?","pierr101","?","pierr101","?","henlb101","hawkc101","fonsl101","hubec101","sandh101","burng101","harpg101","willc103","gonzm101","bladr102","muelh102","CSH(12)","F","F",1,9,6,"F","F",0,"F","F",1,"F","F",0,"F","F",0,"","F","F","",0,0,"N",0,"N",0,"N",0,1,2,0,"","","","12","F","F","F","F","F","T","F","F","F","pierr101","betth101","betth101","F","F","F","F","F","","","","",0,2,0,0,1,0,0,0,0,69,"PHI","SLN","PHI",0,"F","T",9,3,1,35,6,"T","T",7,3,"T","T","smitj106","coonj103","F","F",2,8,68,7,7,67,8,6,66,"henlb101","henlb101","henlb101",0,0,0,0,0,0,0,0,0,0,0,0,0,"","F","F","F","F",0,0,0,0,0,0,0,0,0,0,F,F,"1925PHI.EVN.regular.event.csv",1619
"PHI192505180","SLN",7,1,0,0,0,"",9,3,"sandh101","?","sandh101","?","rhemf101","?","rhemf101","?","gonzm101","bottj101","hornr101","belll101","coonj103","bladr102","muelh102","smitj106","","","","8/L","T","F",6,7,2,"T","T",0,"F","F",1,"F","F",0,"F","F",8,"L","F","F","",0,0,"N",0,"N",0,"N",0,0,0,0,"8","","","","F","F","F","F","F","F","F","F","F","","","","F","F","F","F","F","","","","",0,8,0,0,0,0,0,0,0,70,"PHI","PHI","SLN",1,"T","F",3,9,0,33,0,"T","F",0,0,"T","T","hubec101","pierr101","T","T",0,0,0,0,0,0,0,0,0,"","","",0,0,0,0,0,0,0,0,0,0,0,0,0,"muelh102","F","F","F","F",0,0,0,0,0,0,0,0,0,0,F,F,"1925PHI.EVN.regular.event.csv",1620
"PHI192505180","SLN",7,1,1,0,0,"",9,3,"hubec101","?","hubec101","?","rhemf101","?","rhemf101","?","gonzm101","bottj101","hornr101","belll101","coonj103","bladr102","muelh102","smitj106","","","","31","F","F",5,8,2,"T","T",0,"F","F",1,"F","F",0,"F","F",3,"G","F","F","",0,0,"N",0,"N",0,"N",0,0,0,0,"31","","","","F","F","F","F","F","F","F","F","F","","","","F","F","F","F","F","","","","",0,1,0,0,3,0,0,0,0,71,"PHI","PHI","SLN",1,"F","F",3,9,0,34,1,"T","F",0,0,"T","T","pierr101","burng101","T","T",0,0,0,0,0,0,0,0,0,"","","",0,0,0,0,0,0,0,0,0,0,0,0,0,"bottj101","F","F","F","F",0,0,0,0,0,0,0,0,0,0,F,F,"1925PHI.EVN.regular.event.csv",1621
"PHI192505180","SLN",7,1,2,0,0,"",9,3,"pierr101","?","pierr101","?","rhemf101","?","rhemf101","?","gonzm101","bottj101","hornr101","belll101","coonj103","bladr102","muelh102","smitj106","","","","K","F","F",1,9,3,"T","T",0,"F","F",1,"F","F",0,"F","F",0,"","F","F","",0,0,"N",0,"N",0,"N",0,0,0,0,"2","","","","F","F","F","F","F","F","F","F","F","","","","F","F","F","F","F","","","","",0,2,0,0,0,0,0,0,0,72,"PHI","PHI","SLN",1,"F","T",3,9,0,35,2,"T","F",0,0,"F","F","burng101","fonsl101","T","T",0,0,0,0,0,0,0,0,0,"","","",0,0,0,0,0,0,0,0,0,0,0,0,0,"","F","F","F","F",0,0,0,0,0,0,0,0,0,0,F,F,"1925PHI.EVN.regular.event.csv",1622
"PHI192505180","SLN",8,0,0,0,0,"",9,3,"rhemf101","?","rhemf101","?","pierr101","?","pierr101","?","henlb101","hawkc101","kimmw101","hubec101","sandh101","burng101","harpg101","willc103","","","","43","T","F",1,9,2,"T","T",0,"F","F",1,"F","F",0,"F","F",4,"G","F","F","",0,0,"N",0,"N",0,"N",0,0,0,0,"43","","","","F","F","F","F","F","F","F","F","F","","","","F","F","F","F","F","","","","",0,3,0,0,4,0,0,0,0,73,"PHI","SLN","PHI",0,"T","F",9,3,0,35,0,"T","F",0,0,"T","T","smitj106","coonj103","F","F",0,0,0,0,0,0,0,0,0,"","","",0,0,0,0,0,0,0,0,0,0,0,0,0,"kimmw101","F","F","F","F",0,0,0,0,0,0,0,0,0,0,F,F,"1925PHI.EVN.regular.event.csv",1623
"PHI192505180","SLN",8,0,1,0,0,"",9,3,"shinr101","?","shinr101","?","pierr101","?","pierr101","?","henlb101","hawkc101","kimmw101","hubec101","sandh101","burng101","harpg101","willc103","","","","63","F","T",11,1,2,"T","T",0,"F","F",1,"F","F",0,"F","F",6,"G","F","F","",0,0,"N",0,"N",0,"N",0,0,0,0,"63","","","","F","F","F","F","F","F","F","F","F","","","","F","F","F","F","F","","","","smitj106",9,3,0,0,6,0,0,0,0,74,"PHI","SLN","PHI",0,"F","F",9,3,0,36,1,"T","F",0,0,"F","F","coonj103","hornr101","F","F",0,0,0,0,0,0,0,0,0,"","","",0,0,0,0,0,0,0,0,0,0,0,0,0,"sandh101","F","F","F","F",0,0,0,0,0,0,0,0,0,0,F,F,"1925PHI.EVN.regular.event.csv",1624
"PHI192505180","SLN",8,0,2,0,0,"",9,3,"coonj103","?","coonj103","?","pierr101","?","pierr101","?","henlb101","hawkc101","kimmw101","hubec101","sandh101","burng101","harpg101","willc103","","","","S8.B-3(E8)","F","F",6,2,20,"T","T",1,"F","F",0,"F","F",0,"F","F",8,"","F","F","",1,8,"F",0,"N",0,"N",3,0,0,0,"","","","","F","F","F","F","F","F","F","F","F","","","","F","F","F","F","F","","","","",0,0,0,0,0,0,0,0,0,75,"PHI","SLN","PHI",0,"F","F",9,3,0,37,2,"T","F",0,4,"T","T","hornr101","bottj101","F","F",0,0,0,0,0,0,0,0,0,"","","",0,0,0,0,0,0,0,0,0,0,0,0,0,"harpg101","F","F","F","F",3,0,0,0,0,0,0,0,0,0,F,F,"1925PHI.EVN.regular.event.csv",1625
"PHI192505180","SLN",8,0,2,0,0,"",9,3,"hornr101","?","hornr101","?","pierr101","?","pierr101","?","henlb101","hawkc101","kimmw101","hubec101","sandh101","burng101","harpg101","willc103","","","coonj103","K","F","F",4,3,3,"T","T",0,"F","F",1,"F","F",0,"F","F",0,"","F","F","",0,0,"N",0,"N",0,"N",0,0,0,3,"2","","","","F","F","F","F","F","F","F","F","F","","","pierr101","F","F","F","F","F","","","","",0,2,0,0,0,0,0,0,0,76,"PHI","SLN","PHI",0,"F","T",9,3,0,38,3,"T","F",4,4,"T","T","bottj101","belll101","F","F",0,0,0,0,0,0,6,2,75,"","","henlb101",0,0,0,0,0,0,0,0,0,0,0,0,0,"","F","F","F","F",0,0,0,3,0,0,0,0,0,0,F,F,"1925PHI.EVN.regular.event.csv",1626
"PHI192505180","SLN",8,1,0,0,0,"",9,3,"burng101","?","burng101","?","rhemf101","?","rhemf101","?","gonzm101","bottj101","hornr101","belll101","coonj103","bladr102","muelh102","shinr101","","","","63","T","F",7,1,2,"T","T",0,"F","F",1,"F","F",0,"F","F",6,"G","F","F","",0,0,"N",0,"N",0,"N",0,0,0,0,"63","","","","F","F","F","F","F","F","F","F","F","","","","F","F","F","F","F","","","","",0,3,0,0,6,0,0,0,0,77,"PHI","PHI","SLN",1,"T","F",3,9,0,36,0,"T","F",0,0,"T","T","kimmw101","willc103","T","T",0,0,0,0,0,0,0,0,0,"","","",0,0,0,0,0,0,0,0,0,0,0,0,0,"coonj103","F","F","F","F",0,0,0,0,1,0,0,0,0,0,F,F,"1925PHI.EVN.regular.event.csv",1627
"PHI192505180","SLN",8,1,1,0,0,"",9,3,"kimmw101","?","kimmw101","?","rhemf101","?","rhemf101","?","gonzm101","bottj101","hornr101","belll101","coonj103","bladr102","muelh102","shinr101","","","","S7","F","F",4,2,20,"T","T",1,"F","F",0,"F","F",0,"F","F",7,"","F","F","",0,0,"N",0,"N",0,"N",1,0,0,0,"","","","","F","F","F","F","F","F","F","F","F","","","","F","F","F","F","F","","","","",0,0,0,0,0,0,0,0,0,78,"PHI","PHI","SLN",1,"F","F",3,9,0,37,1,"T","F",0,1,"F","F","willc103","harpg101","T","T",0,0,0,0,0,0,0,0,0,"","","",0,0,0,0,0,0,0,0,0,0,0,0,0,"bladr102","F","F","F","F",0,0,0,0,1,0,0,0,0,0,F,F,"1925PHI.EVN.regular.event.csv",1628
"PHI192505180","SLN",8,1,1,0,0,"",9,3,"willc103","?","willc103","?","rhemf101","?","rhemf101","?","gonzm101","bottj101","hornr101","belll101","coonj103","bladr102","muelh102","shinr101","kimmw101","","","46(1)/FO","F","F",9,3,2,"T","T",0,"F","F",1,"F","F",0,"F","F",4,"G","F","F","",0,0,"N",0,"N",0,"N",1,0,0,0,"","46","","","F","F","F","F","F","F","F","F","F","rhemf101","","","F","F","F","F","F","","","","",0,6,0,0,4,0,0,0,0,79,"PHI","PHI","SLN",1,"F","F",3,9,0,38,2,"T","F",1,1,"T","T","harpg101","hawkc101","T","T",4,2,78,0,0,0,0,0,0,"gonzm101","","",0,0,0,0,0,0,0,0,0,0,0,0,0,"hornr101","T","F","F","F",4,0,0,0,1,0,0,0,0,0,F,F,"1925PHI.EVN.regular.event.csv",1629
"PHI192505180","SLN",8,1,2,0,0,"",9,3,"harpg101","?","harpg101","?","rhemf101","?","rhemf101","?","gonzm101","bottj101","hornr101","belll101","coonj103","bladr102","muelh102","shinr101","willc103","","","WP.1-2","F","F",8,4,9,"F","F",0,"F","F",0,"F","F",0,"T","F",0,"","F","F","",0,0,"N",0,"N",0,"N",0,2,0,0,"","","","","F","F","F","F","F","F","F","F","F","rhemf101","","","F","F","F","F","F","","","","",0,0,0,0,0,0,0,0,0,80,"PHI","PHI","SLN",1,"F","F",3,9,0,39,3,"T","F",1,2,"T","T","hawkc101","henlb101","T","T",9,3,79,0,0,0,0,0,0,"gonzm101","","",0,0,0,0,0,0,0,0,0,0,0,0,0,"","F","F","F","F",0,4,0,0,1,0,0,0,0,0,F,F,"1925PHI.EVN.regular.event.csv",1630
"PHI192505180","SLN",8,1,2,0,0,"",9,3,"harpg101","?","harpg101","?","rhemf101","?","rhemf101","?","gonzm101","bottj101","hornr101","belll101","coonj103","bladr102","muelh102","shinr101","","willc103","","S8.2-H","F","F",8,4,20,"T","T",1,"F","F",0,"F","F",1,"F","F",8,"","F","F","",0,0,"N",0,"N",0,"N",1,0,4,0,"","","","","F","F","F","F","F","F","F","F","F","","rhemf101","","F","F","F","F","F","","","","",0,0,0,0,0,0,0,0,0,81,"PHI","PHI","SLN",1,"F","F",3,9,0,39,3,"F","F",2,1,"T","T","hawkc101","henlb101","T","T",0,0,0,9,3,79,0,0,0,"","gonzm101","",0,0,0,0,0,0,0,0,0,0,0,0,1,"muelh102","F","F","F","F",0,0,4,0,0,0,0,0,0,0,F,F,"1925PHI.EVN.regular.event.csv",1631
"PHI192505180","SLN",8,1,2,0,0,"",9,4,"hawkc101","?","hawkc101","?","rhemf101","?","rhemf101","?","gonzm101","bottj101","hornr101","belll101","coonj103","bladr102","muelh102","shinr101","harpg101","","","S9.1-3","F","F",3,5,20,"T","T",1,"F","F",0,"F","F",0,"F","F",9,"","F","F","",0,0,"N",0,"N",0,"N",1,3,0,0,"","","","","F","F","F","F","F","F","F","F","F","rhemf101","","","F","F","F","F","F","","","","",0,0,0,0,0,0,0,0,0,82,"PHI","PHI","SLN",1,"F","F",4,9,1,40,4,"T","F",1,5,"T","T","henlb101","sandh101","T","T",8,4,81,0,0,0,0,0,0,"gonzm101","","",0,0,0,0,0,0,0,0,0,0,0,0,0,"shinr101","F","F","F","F",0,0,0,0,0,0,0,0,0,0,F,F,"1925PHI.EVN.regular.event.csv",1632
"PHI192505180","SLN",8,1,2,0,0,"",9,4,"henlb101","?","henlb101","?","rhemf101","?","rhemf101","?","gonzm101","bottj101","hornr101","belll101","coonj103","bladr102","muelh102","shinr101","hawkc101","","harpg101","64(1)/FO","F","F",2,6,2,"T","T",0,"F","F",1,"F","F",0,"F","F",6,"G","F","F","",0,0,"N",0,"N",0,"N",1,0,0,3,"","64","","","F","F","F","F","F","F","F","F","F","rhemf101","","rhemf101","F","F","F","F","F","","","","",0,4,0,0,6,0,0,0,0,83,"PHI","PHI","SLN",1,"F","T",4,9,1,41,5,"T","F",5,5,"T","T","sandh101","hubec101","T","T",3,5,82,0,0,0,8,4,81,"gonzm101","","gonzm101",0,0,0,0,0,0,0,0,0,0,0,0,0,"coonj103","T","F","F","F",0,0,0,0,0,0,0,0,0,0,F,F,"1925PHI.EVN.regular.event.csv",1633
"PHI192505180","SLN",9,0,0,0,0,"",9,4,"bottj101","?","bottj101","?","pierr101","?","pierr101","?","henlb101","hawkc101","kimmw101","hubec101","sandh101","burng101","harpg101","willc103","","","","S1/G","T","F",3,4,20,"T","T",1,"F","F",0,"F","F",0,"F","F",1,"G","F","F","",0,0,"N",0,"N",0,"N",1,0,0,0,"","","","","F","F","F","F","F","F","F","F","F","","","","F","F","F","F","F","","","","",0,0,0,0,0,0,0,0,0,84,"PHI","SLN","PHI",0,"T","F",9,4,0,39,0,"T","F",0,1,"T","T","belll101","muelh102","F","F",0,0,0,0,0,0,0,0,0,"","","",0,0,0,0,0,0,0,0,0,0,0,0,0,"pierr101","F","F","F","F",0,0,0,0,0,0,0,0,0,0,F,F,"1925PHI.EVN.regular.event.csv",1634
"PHI192505180","SLN",9,0,0,0,0,"",9,4,"belll101","?","belll101","?","pierr101","?","pierr101","?","henlb101","hawkc101","kimmw101","hubec101","sandh101","burng101","harpg101","willc103","bottj101","","","8/F","F","F",5,5,2,"T","T",0,"F","F",1,"F","F",0,"F","F",8,"F","F","F","",0,0,"N",0,"N",0,"N",0,1,0,0,"8","","","","F","F","F","F","F","F","F","F","F","pierr101","","","F","F","F","F","F","","","","",0,8,0,0,0,0,0,0,0,85,"PHI","SLN","PHI",0,"F","F",9,4,0,40,1,"T","F",1,1,"T","T","muelh102","bladr102","F","F",3,4,84,0,0,0,0,0,0,"henlb101","","",0,0,0,0,0,0,0,0,0,0,0,0,0,"harpg101","F","F","F","F",0,0,0,0,0,0,0,0,0,0,F,F,"1925PHI.EVN.regular.event.csv",1635
"PHI192505180","SLN",9,0,1,0,0,"",9,4,"hafec101","?","hafec101","?","pierr101","?","pierr101","?","henlb101","hawkc101","kimmw101","hubec101","sandh101","burng101","harpg101","willc103","bottj101","","","64(1)/FO","F","T",11,6,2,"T","T",0,"F","F",1,"F","F",0,"F","F",6,"G","F","F","",0,0,"N",0,"N",0,"N",1,0,0,0,"","64","","","F","F","F","F","F","F","F","F","F","pierr101","","","F","F","F","F","F","","","","muelh102",8,4,0,0,6,0,0,0,0,86,"PHI","SLN","PHI",0,"F","F",9,4,0,41,2,"T","F",1,1,"F","F","bladr102","gonzm101","F","F",3,4,84,0,0,0,0,0,0,"henlb101","","",0,0,0,0,0,0,0,0,0,0,0,0,0,"sandh101","T","F","F","F",1,0,0,0,0,0,0,0,0,0,F,F,"1925PHI.EVN.regular.event.csv",1636
"PHI192505180","SLN",9,0,2,0,0,"",9,4,"bladr102","?","bladr102","?","pierr101","?","pierr101","?","henlb101","hawkc101","kimmw101","hubec101","sandh101","burng101","harpg101","willc103","hafec101","","","13","F","F",7,7,2,"T","T",0,"F","F",1,"F","F",0,"F","F",1,"G","F","F","",0,0,"N",0,"N",0,"N",0,1,0,0,"13","","","","F","F","F","F","F","F","F","F","F","pierr101","","","F","F","F","F","F","","","","",0,3,0,0,1,0,0,0,0,87,"PHI","SLN","PHI",0,"F","T",9,4,0,42,3,"T","F",1,1,"T","T","gonzm101","rhemf101","F","F",0,6,86,0,0,0,0,0,0,"henlb101","","",0,0,0,0,0,0,0,0,0,0,0,0,0,"pierr101","F","F","F","F",0,1,0,0,0,0,0,0,0,0,F,F,"1925PHI.EVN.regular.event.csv",1637
"PHI192505180","SLN",9,1,0,0,0,"",9,4,"sandh101","?","sandh101","?","rhemf101","?","rhemf101","?","gonzm101","bottj101","hornr101","belll101","coonj103","bladr102","hafec101","shinr101","","","","D8/78","T","F",6,7,21,"T","T",2,"F","F",0,"F","F",0,"F","F",8,"","F","F","78",0,0,"N",0,"N",0,"N",2,0,0,0,"","","","","F","F","F","F","F","F","F","F","F","","","","F","F","F","F","F","","","","",0,0,0,0,0,0,0,0,0,88,"PHI","PHI","SLN",1,"T","F",4,9,0,42,0,"T","F",0,2,"T","T","hubec101","pierr101","T","T",0,0,0,0,0,0,0,0,0,"","","",0,0,0,0,0,0,0,0,0,0,0,0,0,"hafec101","F","F","F","F",4,0,0,0,5,0,0,0,0,0,F,F,"1925PHI.EVN.regular.event.csv",1638
"PHI192505180","SLN",9,1,0,0,0,"",9,4,"hubec101","?","hubec101","?","rhemf101","?","rhemf101","?","gonzm101","bottj101","hornr101","belll101","coonj103","bladr102","hafec101","shinr101","","sandh101","","S8/89.2-3","F","F",5,8,20,"T","T",1,"F","F",0,"F","F",0,"F","F",8,"","F","F","89",0,0,"N",0,"N",0,"N",1,0,3,0,"","","","","F","F","F","F","F","F","F","F","F","","rhemf101","","F","F","F","F","F","","","","",0,0,0,0,0,0,0,0,0,89,"PHI","PHI","SLN",1,"F","F",4,9,0,43,1,"T","F",2,5,"T","T","pierr101","burng101","T","T",0,0,0,6,7,88,0,0,0,"","gonzm101","",0,0,0,0,0,0,0,0,0,0,0,0,0,"hafec101","F","F","F","F",4,0,4,0,5,0,0,0,0,0,F,F,"1925PHI.EVN.regular.event.csv",1639
"PHI192505180","SLN",9,1,0,0,0,"",9,4,"wrigr102","?","wrigr102","?","rhemf101","?","rhemf101","?","gonzm101","bottj101","hornr101","belll101","coonj103","bladr102","hafec101","shinr101","hubec101","","sandh101","HR/F89XD.3-H;1-H","F","T",11,9,23,"T","T",4,"F","F",0,"F","F",3,"F","F",0,"F","F","F","89XD",0,0,"N",0,"N",0,"N",4,4,0,4,"","","","","F","F","F","F","F","F","F","F","F","rhemf101","","rhemf101","F","F","F","F","F","","","","pierr101",1,0,0,0,0,0,0,0,0,90,"PHI","PHI","SLN",1,"F","F",4,9,0,44,2,"T","F",5,0,"F","F","burng101","kimmw101","T","T",5,8,89,0,0,0,6,7,88,"gonzm101","","gonzm101",0,0,0,0,0,0,0,0,0,0,0,0,3,"","F","F","F","F",4,4,0,4,2,0,0,0,0,0,F,F,"1925PHI.EVN.regular.event.csv",1640
"PHI192505180","SLN",9,1,0,0,0,"",9,7,"wilsj105","?","wilsj105","?","sotha101","?","sotha101","?","gonzm101","bottj101","hornr101","belll101","coonj103","bladr102","hafec101","shinr101","","","","S9","F","T",11,1,20,"T","T",1,"F","F",0,"F","F",0,"F","F",9,"","F","F","",0,0,"N",0,"N",0,"N",1,0,0,0,"","","","","F","F","F","F","F","F","F","F","F","","","","F","F","F","F","F","","","","burng101",7,0,0,0,0,0,0,0,0,91,"PHI","PHI","SLN",1,"F","F",7,9,3,45,3,"T","F",0,1,"F","F","kimmw101","willc103","F","F",0,0,0,0,0,0,0,0,0,"","","",0,0,0,0,0,0,0,0,0,0,0,0,0,"shinr101","F","F","F","F",4,0,0,0,2,0,0,0,0,0,F,F,"1925PHI.EVN.regular.event.csv",1641
"PHI192505180","SLN",9,1,0,0,0,"",9,7,"kimmw101","?","kimmw101","?","sotha101","?","sotha101","?","gonzm101","bottj101","hornr101","belll101","coonj103","bladr102","hafec101","shinr101","wilsj105","","","43/G34.1-2","F","F",4,2,2,"T","T",0,"F","F",1,"F","F",0,"F","F",4,"G","F","F","34",0,0,"N",0,"N",0,"N",0,2,0,0,"43","","","","F","F","F","F","F","F","F","F","F","sotha101","","","F","F","F","F","F","","","","",0,3,0,0,4,0,0,0,0,92,"PHI","PHI","SLN",1,"F","F",7,9,3,46,4,"T","F",1,2,"F","F","willc103","harpg101","F","F",0,1,91,0,0,0,0,0,0,"gonzm101","","",0,0,0,0,0,0,0,0,0,0,0,0,0,"hornr101","F","F","F","F",0,4,0,0,2,0,0,0,0,0,F,F,"1925PHI.EVN.regular.event.csv",1642
"PHI192505180","SLN",9,1,1,0,0,"",9,7,"willc103","?","willc103","?","sotha101","?","sotha101","?","gonzm101","bottj101","hornr101","belll101","coonj103","bladr102","hafec101","shinr101","","wilsj105","","6/P","F","F",9,3,2,"T","T",0,"F","F",1,"F","F",0,"F","F",6,"P","F","F","",0,0,"N",0,"N",0,"N",0,0,2,0,"6","","","","F","F","F","F","F","F","F","F","F","","sotha101","","F","F","F","F","F","","","","",0,6,0,0,0,0,0,0,0,93,"PHI","PHI","SLN",1,"F","F",7,9,3,47,5,"T","F",2,2,"T","T","harpg101","hawkc101","F","F",0,0,0,0,1,91,0,0,0,"","gonzm101","",0,0,0,0,0,0,0,0,0,0,0,0,0,"coonj103","F","F","F","F",0,0,4,0,2,0,0,0,0,0,F,F,"1925PHI.EVN.regular.event.csv",1643
"PHI192505180","SLN",9,1,2,0,0,"",9,7,"harpg101","?","harpg101","?","sotha101","?","sotha101","?","gonzm101","bottj101","hornr101","belll101","coonj103","bladr102","hafec101","shinr101","","wilsj105","","D/89.2-H","F","F",8,4,21,"T","T",2,"F","F",0,"F","F",1,"F","F",0,"","F","F","89",0,0,"N",0,"N",0,"N",2,0,4,0,"","","","","F","F","F","F","F","F","F","F","F","","sotha101","","F","F","F","F","F","","","","",0,0,0,0,0,0,0,0,0,94,"PHI","PHI","SLN",1,"F","F",7,9,3,48,6,"T","F",2,2,"T","T","hawkc101","henlb101","F","F",0,0,0,0,1,91,0,0,0,"","gonzm101","",0,0,0,0,0,0,0,0,0,0,0,0,1,"","F","F","F","F",4,0,4,0,1,0,0,0,0,0,F,F,"1925PHI.EVN.regular.event.csv",1644
"PHI192505180","SLN",9,1,2,0,0,"",9,8,"hawkc101","?","hawkc101","?","sotha101","?","sotha101","?","gonzm101","bottj101","hornr101","belll101","coonj103","bladr102","hafec101","shinr101","","harpg101","","D7/5D.2-H","F","F",3,5,21,"T","T",2,"F","F",0,"F","F",1,"F","F",7,"","F","F","5D",0,0,"N",0,"N",0,"N",2,0,4,0,"","","","","F","F","F","F","F","F","F","F","F","","sotha101","","F","F","F","F","F","","","","",0,0,0,0,0,0,0,0,0,95,"PHI","PHI","SLN",1,"F","F",8,9,4,49,7,"T","F",2,2,"T","T","henlb101","sandh101","F","F",0,0,0,8,4,94,0,0,0,"","gonzm101","",0,0,0,0,0,0,0,0,0,0,0,0,1,"bladr102","F","F","F","F",2,0,4,0,0,0,0,0,0,0,F,F,"1925PHI.EVN.regular.event.csv",1645
"PHI192505180","SLN",9,1,2,0,0,"",9,9,"henlb101","?","henlb101","?","day-c101","?","day-c101","?","gonzm101","bottj101","hornr101","belll101","coonj103","doutt101","hafec101","shinr101","","hawkc101","","IW","F","F",2,6,15,"T","F",0,"F","F",0,"F","F",0,"F","F",0,"","F","F","",0,0,"N",0,"N",0,"N",1,0,2,0,"","","","","F","F","F","F","F","F","F","F","F","","sotha101","","F","F","F","F","F","","","","",0,0,0,0,0,0,0,0,0,96,"PHI","PHI","SLN",1,"F","F",9,9,5,50,8,"T","F",2,3,"T","T","sandh101","hubec101","F","F",0,0,0,3,5,95,0,0,0,"","gonzm101","",0,0,0,0,0,0,0,0,0,0,0,0,0,"","F","F","F","F",1,0,2,0,0,0,0,0,0,0,F,F,"1925PHI.EVN.regular.event.csv",1646
"PHI192505180","SLN",9,1,2,0,0,"",9,9,"sandh101","?","sandh101","?","day-c101","?","day-c101","?","gonzm101","bottj101","hornr101","belll101","coonj103","doutt101","hafec101","shinr101","henlb101","hawkc101","","8/F","F","F",6,7,2,"T","T",0,"F","F",1,"F","F",0,"F","F",8,"F","F","F","",0,0,"N",0,"N",0,"N",0,1,2,0,"8","","","","F","F","F","F","F","F","F","F","F","day-c101","sotha101","","F","F","F","F","F","","","","",0,8,0,0,0,0,0,0,0,97,"PHI","PHI","SLN",1,"F","T",9,9,5,51,9,"T","F",3,3,"T","T","hubec101","wrigr102","F","F",2,6,96,3,5,95,0,0,0,"gonzm101","gonzm101","",0,0,0,0,0,0,0,0,0,0,0,0,0,"hafec101","F","F","F","F",0,1,2,0,0,0,0,0,0,0,F,F,"1925PHI.EVN.regular.event.csv",1647
"PHI192505180","SLN",10,0,0,0,0,"",9,9,"gonzm101","?","gonzm101","?","decaa101","?","decaa101","?","henlb101","hawkc101","kimmw101","hubec101","sandh101","wrigr102","harpg101","willc103","","","","13","T","F",2,8,2,"T","T",0,"F","F",1,"F","F",0,"F","F",1,"G","F","F","",0,0,"N",0,"N",0,"N",0,0,0,0,"13","","","","F","F","F","F","F","F","F","F","F","","","","F","F","F","F","F","","","","",0,3,0,0,1,0,0,0,0,98,"PHI","SLN","PHI",0,"T","F",9,9,0,43,0,"T","F",0,0,"T","T","day-c101","shinr101","F","F",0,0,0,0,0,0,0,0,0,"","","",0,0,0,0,0,0,0,0,0,0,0,0,0,"decaa101","F","F","F","F",0,0,0,0,0,0,0,0,0,0,F,F,"1925PHI.EVN.regular.event.csv",1648
"PHI192505180","SLN",10,0,1,0,0,"",9,9,"day-c101","?","day-c101","?","decaa101","?","decaa101","?","henlb101","hawkc101","kimmw101","hubec101","sandh101","wrigr102","harpg101","willc103","","","","13","F","F",1,9,2,"T","T",0,"F","F",1,"F","F",0,"F","F",1,"G","F","F","",0,0,"N",0,"N",0,"N",0,0,0,0,"13","","","","F","F","F","F","F","F","F","F","F","","","","F","F","F","F","F","","","","",0,3,0,0,1,0,0,0,0,99,"PHI","SLN","PHI",0,"F","F",9,9,0,44,1,"T","F",0,0,"F","F","shinr101","coonj103","F","F",0,0,0,0,0,0,0,0,0,"","","",0,0,0,0,0,0,0,0,0,0,0,0,0,"decaa101","F","F","F","F",0,0,0,0,0,0,0,0,0,0,F,F,"1925PHI.EVN.regular.event.csv",1649
"PHI192505180","SLN",10,0,2,0,0,"",9,9,"shinr101","?","shinr101","?","decaa101","?","decaa101","?","henlb101","hawkc101","kimmw101","hubec101","sandh101","wrigr102","harpg101","willc103","","","","K/C","F","F",9,1,3,"T","T",0,"F","F",1,"F","F",0,"F","F",0,"","F","F","",0,0,"N",0,"N",0,"N",0,0,0,0,"2","","","","F","F","F","F","F","F","F","F","F","","","","F","F","F","F","F","","","","",0,2,0,0,0,0,0,0,0,100,"PHI","SLN","PHI",0,"F","T",9,9,0,45,2,"T","F",0,0,"F","F","coonj103","hornr101","F","F",0,0,0,0,0,0,0,0,0,"","","",0,0,0,0,0,0,0,0,0,0,0,0,0,"","F","F","F","F",0,0,0,0,0,0,0,0,0,0,F,F,"1925PHI.EVN.regular.event.csv",1650
"PHI192505180","SLN",10,1,0,0,0,"",9,9,"hubec101","?","hubec101","?","day-c101","?","day-c101","?","gonzm101","bottj101","hornr101","belll101","coonj103","doutt101","hafec101","shinr101","","","","9/FL","T","F",5,8,2,"T","T",0,"F","F",1,"F","F",0,"F","F",9,"F","F","T","",0,0,"N",0,"N",0,"N",0,0,0,0,"9","","","","F","F","F","F","F","F","F","F","F","","","","F","F","F","F","F","","","","",0,9,0,0,0,0,0,0,0,101,"PHI","PHI","SLN",1,"T","F",9,9,0,52,0,"T","F",0,0,"T","T","wrigr102","decaa101","F","F",0,0,0,0,0,0,0,0,0,"","","",0,0,0,0,0,0,0,0,0,0,0,0,0,"shinr101","F","F","F","F",0,0,0,0,0,0,0,0,0,0,F,F,"1925PHI.EVN.regular.event.csv",1651
"PHI192505180","SLN",10,1,1,0,0,"",9,9,"wrigr102","?","wrigr102","?","day-c101","?","day-c101","?","gonzm101","bottj101","hornr101","belll101","coonj103","doutt101","hafec101","shinr101","","","","2/FL","F","F",7,9,2,"T","T",0,"F","F",1,"F","F",0,"F","F",2,"F","F","T","",0,0,"N",0,"N",0,"N",0,0,0,0,"2","","","","F","F","F","F","F","F","F","F","F","","","","F","F","F","F","F","","","","",0,2,0,0,0,0,0,0,0,102,"PHI","PHI","SLN",1,"F","F",9,9,0,53,1,"T","F",0,0,"F","F","decaa101","kimmw101","F","F",0,0,0,0,0,0,0,0,0,"","","",0,0,0,0,0,0,0,0,0,0,0,0,0,"gonzm101","F","F","F","F",0,0,0,0,0,0,0,0,0,0,F,F,"1925PHI.EVN.regular.event.csv",1652
"PHI192505180","SLN",10,1,2,0,0,"",9,9,"decaa101","?","decaa101","?","day-c101","?","day-c101","?","gonzm101","bottj101","hornr101","belll101","coonj103","doutt101","hafec101","shinr101","","","","5/P","F","F",1,1,2,"T","T",0,"F","F",1,"F","F",0,"F","F",5,"P","F","F","",0,0,"N",0,"N",0,"N",0,0,0,0,"5","","","","F","F","F","F","F","F","F","F","F","","","","F","F","F","F","F","","","","",0,5,0,0,0,0,0,0,0,103,"PHI","PHI","SLN",1,"F","T",9,9,0,54,2,"T","F",0,0,"F","F","kimmw101","willc103","F","F",0,0,0,0,0,0,0,0,0,"","","",0,0,0,0,0,0,0,0,0,0,0,0,0,"belll101","F","F","F","F",0,0,0,0,0,0,0,0,0,0,F,F,"1925PHI.EVN.regular.event.csv",1653
"PHI192505180","SLN",11,0,0,0,0,"",9,9,"coonj103","?","coonj103","?","decaa101","?","decaa101","?","henlb101","hawkc101","kimmw101","hubec101","sandh101","wrigr102","harpg101","willc103","","","","13","T","F",6,2,2,"T","T",0,"F","F",1,"F","F",0,"F","F",1,"G","F","F","",0,0,"N",0,"N",0,"N",0,0,0,0,"13","","","","F","F","F","F","F","F","F","F","F","","","","F","F","F","F","F","","","","",0,3,0,0,1,0,0,0,0,104,"PHI","SLN","PHI",0,"T","F",9,9,0,46,0,"T","F",0,0,"T","T","hornr101","bottj101","F","F",0,0,0,0,0,0,0,0,0,"","","",0,0,0,0,0,0,0,0,0,0,0,0,0,"decaa101","F","F","F","F",0,0,0,0,1,0,0,0,0,0,F,F,"1925PHI.EVN.regular.event.csv",1654
"PHI192505180","SLN",11,0,1,0,0,"",9,9,"hornr101","?","hornr101","?","decaa101","?","decaa101","?","henlb101","hawkc101","kimmw101","hubec101","sandh101","wrigr102","harpg101","willc103","","","","W","F","F",4,3,14,"T","F",0,"F","F",0,"F","F",0,"F","F",0,"","F","F","",0,0,"N",0,"N",0,"N",1,0,0,0,"","","","","F","F","F","F","F","F","F","F","F","","","","F","F","F","F","F","","","","",0,0,0,0,0,0,0,0,0,105,"PHI","SLN","PHI",0,"F","F",9,9,0,47,1,"T","F",0,1,"T","T","bottj101","belll101","F","F",0,0,0,0,0,0,0,0,0,"","","",0,0,0,0,0,0,0,0,0,0,0,0,0,"","F","F","F","F",4,0,0,0,1,0,0,0,0,0,F,F,"1925PHI.EVN.regular.event.csv",1655
"PHI192505180","SLN",11,0,1,3,1,"",9,9,"bottj101","?","bottj101","?","decaa101","?","decaa101","?","henlb101","hawkc101","kimmw101","hubec101","sandh101","wrigr102","harpg101","willc103","hornr101","","","D8/89XDW.1-H","F","F",3,4,21,"T","T",2,"F","F",0,"F","F",1,"F","F",8,"","F","F","89XDW",0,0,"N",0,"N",0,"N",2,4,0,0,"","","","","F","F","F","F","F","F","F","F","F","decaa101","","","F","F","F","F","F","","","","",0,0,0,0,0,0,0,0,0,106,"PHI","SLN","PHI",0,"F","F",9,9,0,48,2,"T","F",1,2,"T","T","belll101","hafec101","F","F",4,3,105,0,0,0,0,0,0,"henlb101","","",0,0,0,0,0,0,0,0,0,0,0,0,1,"harpg101","F","F","F","F",0,4,0,0,0,0,0,0,0,0,F,F,"1925PHI.EVN.regular.event.csv",1656
"PHI192505180","SLN",11,0,1,0,0,"",10,9,"belll101","?","belll101","?","decaa101","?","decaa101","?","henlb101","hawkc101","kimmw101","hubec101","sandh101","wrigr102","harpg101","willc103","","bottj101","","7/F","F","F",5,5,2,"T","T",0,"F","F",1,"F","F",0,"F","F",7,"F","F","F","",0,0,"N",0,"N",0,"N",0,0,2,0,"7","","","","F","F","F","F","F","F","F","F","F","","decaa101","","F","F","F","F","F","","","","",0,7,0,0,0,0,0,0,0,107,"PHI","SLN","PHI",0,"F","F",10,9,1,49,3,"T","F",2,2,"T","T","hafec101","doutt101","F","F",0,0,0,3,4,106,0,0,0,"","henlb101","",0,0,0,0,0,0,0,0,0,0,0,0,0,"wrigr102","F","F","F","F",0,0,0,0,0,0,0,0,0,0,F,F,"1925PHI.EVN.regular.event.csv",1657
"PHI192505180","SLN",11,0,2,0,0,"",10,9,"hafec101","?","hafec101","?","decaa101","?","decaa101","?","henlb101","hawkc101","kimmw101","hubec101","sandh101","wrigr102","harpg101","willc103","","bottj101","","63","F","F",8,6,2,"T","T",0,"F","F",1,"F","F",0,"F","F",6,"G","F","F","",0,0,"N",0,"N",0,"N",0,0,2,0,"63","","","","F","F","F","F","F","F","F","F","F","","decaa101","","F","F","F","F","F","","","","",0,3,0,0,6,0,0,0,0,108,"PHI","SLN","PHI",0,"F","T",10,9,1,50,4,"T","F",2,2,"F","F","doutt101","gonzm101","F","F",0,0,0,3,4,106,0,0,0,"","henlb101","",0,0,0,0,0,0,0,0,0,0,0,0,0,"sandh101","F","F","F","F",0,0,0,0,0,0,0,0,0,0,F,F,"1925PHI.EVN.regular.event.csv",1658
"PHI192505180","SLN",11,1,0,0,0,"",10,9,"kimmw101","?","kimmw101","?","day-c101","?","day-c101","?","gonzm101","bottj101","hornr101","belll101","coonj103","doutt101","hafec101","shinr101","","","","53","T","F",4,2,2,"T","T",0,"F","F",1,"F","F",0,"F","F",5,"G","F","F","",0,0,"N",0,"N",0,"N",0,0,0,0,"53","","","","F","F","F","F","F","F","F","F","F","","","","F","F","F","F","F","","","","",0,3,0,0,5,0,0,0,0,109,"PHI","PHI","SLN",1,"T","F",9,10,0,55,0,"T","F",0,0,"F","F","willc103","harpg101","F","F",0,0,0,0,0,0,0,0,0,"","","",0,0,0,0,0,0,0,0,0,0,0,0,0,"belll101","F","F","F","F",0,0,0,0,0,0,0,0,0,0,F,F,"1925PHI.EVN.regular.event.csv",1659
"PHI192505180","SLN",11,1,1,0,0,"",10,9,"willc103","?","willc103","?","day-c101","?","day-c101","?","gonzm101","bottj101","hornr101","belll101","coonj103","doutt101","hafec101","shinr101","","","","W","F","F",9,3,14,"T","F",0,"F","F",0,"F","F",0,"F","F",0,"","F","F","",0,0,"N",0,"N",0,"N",1,0,0,0,"","","","","F","F","F","F","F","F","F","F","F","","","","F","F","F","F","F","","","","",0,0,0,0,0,0,0,0,0,110,"PHI","PHI","SLN",1,"F","F",9,10,0,56,1,"T","F",0,1,"T","T","harpg101","hawkc101","F","F",0,0,0,0,0,0,0,0,0,"","","",0,0,0,0,0,0,0,0,0,0,0,0,0,"","F","F","F","F",0,0,0,0,0,0,0,0,0,0,F,F,"1925PHI.EVN.regular.event.csv",1660
"PHI192505180","SLN",11,1,1,0,0,"",10,9,"harpg101","?","harpg101","?","day-c101","?","day-c101","?","gonzm101","bottj101","hornr101","belll101","coonj103","doutt101","hafec101","shinr101","willc103","","","6(1)3/GDP","F","F",8,4,2,"T","T",0,"F","F",2,"T","F",0,"F","F",6,"G","F","F","",0,0,"N",0,"N",0,"N",0,0,0,0,"63","6","","","F","F","F","F","F","F","F","F","F","day-c101","","","F","T","F","F","F","","","","",0,6,3,0,6,0,0,0,0,111,"PHI","PHI","SLN",1,"F","T",9,10,0,57,2,"T","F",1,0,"T","T","hawkc101","henlb101","F","F",9,3,110,0,0,0,0,0,0,"gonzm101","","",0,0,0,0,0,0,0,0,0,0,0,0,0,"coonj103","T","F","F","F",0,0,0,0,0,0,0,0,0,0,F,F,"1925PHI.EVN.regular.event.csv",1661
"PHI192505190","SLN",1,0,0,0,0,"",0,0,"shinr101","?","shinr101","?","mitcc102","?","mitcc102","?","wilsj105","hawkc101","wrigr102","hubec101","sandh101","burng101","harpg101","willc103","","","","S/F8S-","T","F",9,1,20,"T","T",1,"F","F",0,"F","F",0,"F","F",0,"F","F","F","8S",0,0,"N",0,"N",0,"N",1,0,0,0,"","","","","F","F","F","F","F","F","F","F","F","","","","T","F","F","F","F","","","","",0,0,0,0,0,0,0,0,0,1,"PHI","SLN","PHI",0,"T","F",0,0,0,0,0,"T","F",0,1,"T","T","coonj103","hornr101","T","T",0,0,0,0,0,0,0,0,0,"","","",0,0,0,0,0,0,0,0,0,0,0,0,0,"","F","F","F","F",4,0,0,0,1,0,0,0,0,0,F,F,"1925PHI.EVN.regular.event.csv",1662
"PHI192505190","SLN",1,0,0,0,0,"",0,0,"coonj103","?","coonj103","?","mitcc102","?","mitcc102","?","wilsj105","hawkc101","wrigr102","hubec101","sandh101","burng101","harpg101","willc103","shinr101","","","D8/F78XD.1-H","F","F",6,2,21,"T","T",2,"F","F",0,"F","F",1,"F","F",8,"F","F","F","78XD",0,0,"N",0,"N",0,"N",2,4,0,0,"","","","","F","F","F","F","F","F","F","F","F","mitcc102","","","F","F","F","F","F","","","","",0,0,0,0,0,0,0,0,0,2,"PHI","SLN","PHI",0,"F","F",0,0,0,1,1,"T","F",1,2,"T","T","hornr101","bottj101","T","T",9,1,1,0,0,0,0,0,0,"wilsj105","","",0,0,0,0,0,0,0,0,0,0,0,0,1,"harpg101","F","F","F","F",0,4,0,0,0,0,0,0,0,0,F,F,"1925PHI.EVN.regular.event.csv",1663
"PHI192505190","SLN",1,0,0,0,0,"",1,0,"hornr101","?","hornr101","?","mitcc102","?","mitcc102","?","wilsj105","hawkc101","wrigr102","hubec101","sandh101","burng101","harpg101","willc103","","coonj103","","4/P","F","F",4,3,2,"T","T",0,"F","F",1,"F","F",0,"F","F",4,"P","F","F","",0,0,"N",0,"N",0,"N",0,0,2,0,"4","","","","F","F","F","F","F","F","F","F","F","","mitcc102","","F","F","F","F","F","","","","",0,4,0,0,0,0,0,0,0,3,"PHI","SLN","PHI",0,"F","F",1,0,1,2,2,"T","F",2,2,"T","T","bottj101","belll101","T","T",0,0,0,6,2,2,0,0,0,"","wilsj105","",0,0,0,0,0,0,0,0,0,0,0,0,0,"wrigr102","F","F","F","F",0,0,0,0,0,0,0,0,0,0,F,F,"1925PHI.EVN.regular.event.csv",1664
"PHI192505190","SLN",1,0,1,0,0,"",1,0,"bottj101","?","bottj101","?","mitcc102","?","mitcc102","?","wilsj105","hawkc101","wrigr102","hubec101","sandh101","burng101","harpg101","willc103","","coonj103","","7/F","F","F",3,4,2,"T","T",0,"F","F",1,"F","F",0,"F","F",7,"F","F","F","",0,0,"N",0,"N",0,"N",0,0,2,0,"7","","","","F","F","F","F","F","F","F","F","F","","mitcc102","","F","F","F","F","F","","","","",0,7,0,0,0,0,0,0,0,4,"PHI","SLN","PHI",0,"F","F",1,0,1,3,3,"T","F",2,2,"T","T","belll101","bladr102","T","T",0,0,0,6,2,2,0,0,0,"","wilsj105","",0,0,0,0,0,0,0,0,0,0,0,0,0,"burng101","F","F","F","F",0,0,0,0,0,0,0,0,0,0,F,F,"1925PHI.EVN.regular.event.csv",1665
"PHI192505190","SLN",1,0,2,0,0,"",1,0,"belll101","?","belll101","?","mitcc102","?","mitcc102","?","wilsj105","hawkc101","wrigr102","hubec101","sandh101","burng101","harpg101","willc103","","coonj103","","5/L","F","F",5,5,2,"T","T",0,"F","F",1,"F","F",0,"F","F",5,"L","F","F","",0,0,"N",0,"N",0,"N",0,0,2,0,"5","","","","F","F","F","F","F","F","F","F","F","","mitcc102","","F","F","F","F","F","","","","",0,5,0,0,0,0,0,0,0,5,"PHI","SLN","PHI",0,"F","T",1,0,1,4,4,"T","F",2,2,"T","T","bladr102","doutt101","T","T",0,0,0,6,2,2,0,0,0,"","wilsj105","",0,0,0,0,0,0,0,0,0,0,0,0,0,"hubec101","F","F","F","F",0,0,0,0,0,0,0,0,0,0,F,F,"1925PHI.EVN.regular.event.csv",1666
"PHI192505190","SLN",1,1,0,0,0,"",1,0,"burng101","?","burng101","?","hainj101","?","hainj101","?","schmw102","bottj101","hornr101","belll101","coonj103","bladr102","doutt101","shinr101","","","","8/F","T","F",7,1,2,"T","T",0,"F","F",1,"F","F",0,"F","F",8,"F","F","F","",0,0,"N",0,"N",0,"N",0,0,0,0,"8","","","","F","F","F","F","F","F","F","F","F","","","","F","F","F","F","F","","","","",0,8,0,0,0,0,0,0,0,6,"PHI","PHI","SLN",1,"T","F",0,1,0,0,0,"T","F",0,0,"T","T","wrigr102","willc103","T","T",0,0,0,0,0,0,0,0,0,"","","",0,0,0,0,0,0,0,0,0,0,0,0,0,"doutt101","F","F","F","F",0,0,0,0,0,0,0,0,0,0,F,F,"1925PHI.EVN.regular.event.csv",1667
"PHI192505190","SLN",1,1,1,0,0,"",1,0,"wrigr102","?","wrigr102","?","hainj101","?","hainj101","?","schmw102","bottj101","hornr101","belll101","coonj103","bladr102","doutt101","shinr101","","","","K/C","F","F",4,2,3,"T","T",0,"F","F",1,"F","F",0,"F","F",0,"","F","F","",0,0,"N",0,"N",0,"N",0,0,0,0,"2","","","","F","F","F","F","F","F","F","F","F","","","","F","F","F","F","F","","","","",0,2,0,0,0,0,0,0,0,7,"PHI","PHI","SLN",1,"F","F",0,1,0,1,1,"T","F",0,0,"T","T","willc103","harpg101","T","T",0,0,0,0,0,0,0,0,0,"","","",0,0,0,0,0,0,0,0,0,0,0,0,0,"","F","F","F","F",0,0,0,0,0,0,0,0,0,0,F,F,"1925PHI.EVN.regular.event.csv",1668
"PHI192505190","SLN",1,1,2,0,0,"",1,0,"willc103","?","willc103","?","hainj101","?","hainj101","?","schmw102","bottj101","hornr101","belll101","coonj103","bladr102","doutt101","shinr101","","","","W","F","F",9,3,14,"T","F",0,"F","F",0,"F","F",0,"F","F",0,"","F","F","",0,0,"N",0,"N",0,"N",1,0,0,0,"","","","","F","F","F","F","F","F","F","F","F","","","","F","F","F","F","F","","","","",0,0,0,0,0,0,0,0,0,8,"PHI","PHI","SLN",1,"F","F",0,1,0,2,2,"T","F",0,1,"T","T","harpg101","hawkc101","T","T",0,0,0,0,0,0,0,0,0,"","","",0,0,0,0,0,0,0,0,0,0,0,0,0,"","F","F","F","F",0,0,0,0,0,0,0,0,0,0,F,F,"1925PHI.EVN.regular.event.csv",1669
"PHI192505190","SLN",1,1,2,0,0,"",1,0,"harpg101","?","harpg101","?","hainj101","?","hainj101","?","schmw102","bottj101","hornr101","belll101","coonj103","bladr102","doutt101","shinr101","willc103","","","43","F","F",8,4,2,"T","T",0,"F","F",1,"F","F",0,"F","F",4,"G","F","F","",0,0,"N",0,"N",0,"N",0,1,0,0,"43","","","","F","F","F","F","F","F","F","F","F","hainj101","","","F","F","F","F","F","","","","",0,3,0,0,4,0,0,0,0,9,"PHI","PHI","SLN",1,"F","T",0,1,0,3,3,"T","F",1,1,"T","T","hawkc101","wilsj105","T","T",9,3,8,0,0,0,0,0,0,"schmw102","","",0,0,0,0,0,0,0,0,0,0,0,0,0,"hornr101","F","F","F","F",0,0,0,0,0,0,0,0,0,0,F,F,"1925PHI.EVN.regular.event.csv",1670
"PHI192505190","SLN",2,0,0,0,0,"",1,0,"bladr102","?","bladr102","?","mitcc102","?","mitcc102","?","wilsj105","hawkc101","wrigr102","hubec101","sandh101","burng101","harpg101","willc103","","","","3/L","T","F",7,6,2,"T","T",0,"F","F",1,"F","F",0,"F","F",3,"L","F","F","",0,0,"N",0,"N",0,"N",0,0,0,0,"3","","","","F","F","F","F","F","F","F","F","F","","","","F","F","F","F","F","","","","",0,3,0,0,0,0,0,0,0,10,"PHI","SLN","PHI",0,"T","F",1,0,0,5,0,"T","F",0,0,"T","T","doutt101","schmw102","T","T",0,0,0,0,0,0,0,0,0,"","","",0,0,0,0,0,0,0,0,0,0,0,0,0,"hawkc101","F","F","F","F",0,0,0,0,0,0,0,0,0,0,F,F,"1925PHI.EVN.regular.event.csv",1671
"PHI192505190","SLN",2,0,1,0,0,"",1,0,"doutt101","?","doutt101","?","mitcc102","?","mitcc102","?","wilsj105","hawkc101","wrigr102","hubec101","sandh101","burng101","harpg101","willc103","","","","6/P","F","F",8,7,2,"T","T",0,"F","F",1,"F","F",0,"F","F",6,"P","F","F","",0,0,"N",0,"N",0,"N",0,0,0,0,"6","","","","F","F","F","F","F","F","F","F","F","","","","F","F","F","F","F","","","","",0,6,0,0,0,0,0,0,0,11,"PHI","SLN","PHI",0,"F","F",1,0,0,6,1,"T","F",0,0,"T","T","schmw102","hainj101","T","T",0,0,0,0,0,0,0,0,0,"","","",0,0,0,0,0,0,0,0,0,0,0,0,0,"sandh101","F","F","F","F",0,0,0,0,0,0,0,0,0,0,F,F,"1925PHI.EVN.regular.event.csv",1672
"PHI192505190","SLN",2,0,2,0,0,"",1,0,"schmw102","?","schmw102","?","mitcc102","?","mitcc102","?","wilsj105","hawkc101","wrigr102","hubec101","sandh101","burng101","harpg101","willc103","","","","563","F","F",2,8,2,"T","T",0,"F","F",1,"F","F",0,"F","F",5,"G","F","F","",0,0,"N",0,"N",0,"N",0,0,0,0,"563","","","","F","F","F","F","F","F","F","F","F","","","","F","F","F","F","F","","","","",0,3,0,0,5,6,0,0,0,12,"PHI","SLN","PHI",0,"F","T",1,0,0,7,2,"T","F",0,0,"T","T","hainj101","shinr101","T","T",0,0,0,0,0,0,0,0,0,"","","",0,0,0,0,0,0,0,0,0,0,0,0,0,"hubec101","F","F","F","F",0,0,0,0,0,0,0,0,0,0,F,F,"1925PHI.EVN.regular.event.csv",1673
"PHI192505190","SLN",2,1,0,0,0,"",1,0,"hawkc101","?","hawkc101","?","hainj101","?","hainj101","?","schmw102","bottj101","hornr101","belll101","coonj103","bladr102","doutt101","shinr101","","","","S8","T","F",3,5,20,"T","T",1,"F","F",0,"F","F",0,"F","F",8,"","F","F","",0,0,"N",0,"N",0,"N",1,0,0,0,"","","","","F","F","F","F","F","F","F","F","F","","","","F","F","F","F","F","","","","",0,0,0,0,0,0,0,0,0,13,"PHI","PHI","SLN",1,"T","F",0,1,0,4,0,"T","F",0,1,"T","T","wilsj105","sandh101","T","T",0,0,0,0,0,0,0,0,0,"","","",0,0,0,0,0,0,0,0,0,0,0,0,0,"doutt101","F","F","F","F",4,0,0,0,1,0,0,0,0,0,F,F,"1925PHI.EVN.regular.event.csv",1674
"PHI192505190","SLN",2,1,0,0,0,"",1,0,"wilsj105","?","wilsj105","?","hainj101","?","hainj101","?","schmw102","bottj101","hornr101","belll101","coonj103","bladr102","doutt101","shinr101","hawkc101","","","S9.1-2","F","F",2,6,20,"T","T",1,"F","F",0,"F","F",0,"F","F",9,"","F","F","",0,0,"N",0,"N",0,"N",1,2,0,0,"","","","","F","F","F","F","F","F","F","F","F","hainj101","","","F","F","F","F","F","","","","",0,0,0,0,0,0,0,0,0,14,"PHI","PHI","SLN",1,"F","F",0,1,0,5,1,"T","F",1,3,"T","T","sandh101","hubec101","T","T",3,5,13,0,0,0,0,0,0,"schmw102","","",0,0,0,0,0,0,0,0,0,0,0,0,0,"shinr101","F","F","F","F",0,4,0,0,1,0,0,0,0,0,F,F,"1925PHI.EVN.regular.event.csv",1675
"PHI192505190","SLN",2,1,0,0,0,"",1,0,"sandh101","?","sandh101","?","hainj101","?","hainj101","?","schmw102","bottj101","hornr101","belll101","coonj103","bladr102","doutt101","shinr101","wilsj105","hawkc101","","S1/BG.2-3;1-2","F","F",6,7,20,"T","T",1,"F","F",0,"F","F",0,"F","F",1,"G","T","F","",0,0,"N",0,"N",0,"N",1,2,3,0,"","","","","F","F","F","F","F","F","F","F","F","hainj101","hainj101","","F","F","F","F","F","","","","",0,0,0,0,0,0,0,0,0,15,"PHI","PHI","SLN",1,"F","F",0,1,0,6,2,"T","F",3,7,"T","T","hubec101","mitcc102","T","T",2,6,14,3,5,13,0,0,0,"schmw102","schmw102","",0,0,0,0,0,0,0,0,0,0,0,0,0,"hainj101","F","F","F","F",0,0,4,0,1,0,0,0,0,0,F,F,"1925PHI.EVN.regular.event.csv",1676
"PHI192505190","SLN",2,1,0,0,0,"",1,0,"hubec101","?","hubec101","?","hainj101","?","hainj101","?","schmw102","bottj101","hornr101","belll101","coonj103","bladr102","doutt101","shinr101","sandh101","wilsj105","hawkc101","W.3-H;2-3;1-2","F","F",5,8,14,"T","F",0,"F","F",0,"F","F",1,"F","F",0,"","F","F","",0,0,"N",0,"N",0,"N",1,2,3,4,"","","","","F","F","F","F","F","F","F","F","F","hainj101","hainj101","hainj101","F","F","F","F","F","","","","",0,0,0,0,0,0,0,0,0,16,"PHI","PHI","SLN",1,"F","F",0,1,0,7,3,"T","F",7,7,"T","T","mitcc102","burng101","T","T",6,7,15,2,6,14,3,5,13,"schmw102","schmw102","schmw102",0,0,0,0,0,0,0,0,0,0,0,0,1,"","F","F","F","F",0,0,0,4,0,0,0,0,0,0,F,F,"1925PHI.EVN.regular.event.csv",1677
"PHI192505190","SLN",2,1,0,0,0,"",1,1,"mitcc102","?","mitcc102","?","hainj101","?","hainj101","?","schmw102","bottj101","hornr101","belll101","coonj103","bladr102","doutt101","shinr101","hubec101","sandh101","wilsj105","12(3)3/GDP.2-3;1-2","F","F",1,9,2,"T","T",0,"F","F",2,"T","F",0,"F","F",1,"G","F","F","",0,0,"N",0,"N",0,"N",0,2,3,0,"23","","","12","F","F","F","F","F","F","F","F","F","hainj101","hainj101","hainj101","F","F","F","F","F","","","","",0,2,3,0,1,2,0,0,0,17,"PHI","PHI","SLN",1,"F","F",1,1,1,8,4,"T","F",7,6,"T","T","burng101","wrigr102","T","T",5,8,16,6,7,15,2,6,14,"schmw102","schmw102","schmw102",0,0,0,0,0,0,0,0,0,0,0,0,0,"hainj101","F","F","T","F",0,0,0,0,0,0,0,0,0,0,F,F,"1925PHI.EVN.regular.event.csv",1678
"PHI192505190","SLN",2,1,2,0,0,"",1,1,"burng101","?","burng101","?","hainj101","?","hainj101","?","schmw102","bottj101","hornr101","belll101","coonj103","bladr102","doutt101","shinr101","","hubec101","sandh101","13","F","F",7,1,2,"T","T",0,"F","F",1,"F","F",0,"F","F",1,"G","F","F","",0,0,"N",0,"N",0,"N",0,0,2,3,"13","","","","F","F","F","F","F","F","F","F","F","","hainj101","hainj101","F","F","F","F","F","","","","",0,3,0,0,1,0,0,0,0,18,"PHI","PHI","SLN",1,"F","T",1,1,1,9,5,"T","F",6,6,"T","T","wrigr102","willc103","T","T",0,0,0,5,8,16,6,7,15,"","schmw102","schmw102",0,0,0,0,0,0,0,0,0,0,0,0,0,"hainj101","F","F","F","F",0,0,0,0,0,0,0,0,0,0,F,F,"1925PHI.EVN.regular.event.csv",1679
"PHI192505190","SLN",3,0,0,0,0,"",1,1,"hainj101","?","hainj101","?","mitcc102","?","mitcc102","?","wilsj105","hawkc101","wrigr102","hubec101","sandh101","burng101","harpg101","willc103","","","","K","T","F",1,9,3,"T","T",0,"F","F",1,"F","F",0,"F","F",0,"","F","F","",0,0,"N",0,"N",0,"N",0,0,0,0,"2","","","","F","F","F","F","F","F","F","F","F","","","","F","F","F","F","F","","","","",0,2,0,0,0,0,0,0,0,19,"PHI","SLN","PHI",0,"T","F",1,1,0,8,0,"T","F",0,0,"T","T","shinr101","coonj103","T","T",0,0,0,0,0,0,0,0,0,"","","",0,0,0,0,0,0,0,0,0,0,0,0,0,"","F","F","F","F",0,0,0,0,0,0,0,0,0,0,F,F,"1925PHI.EVN.regular.event.csv",1680
"PHI192505190","SLN",3,0,1,0,0,"",1,1,"shinr101","?","shinr101","?","mitcc102","?","mitcc102","?","wilsj105","hawkc101","wrigr102","hubec101","sandh101","burng101","harpg101","willc103","","","","2/FL","F","F",9,1,2,"T","T",0,"F","F",1,"F","F",0,"F","F",2,"F","F","T","",0,0,"N",0,"N",0,"N",0,0,0,0,"2","","","","F","F","F","F","F","F","F","F","F","","","","F","F","F","F","F","","","","",0,2,0,0,0,0,0,0,0,20,"PHI","SLN","PHI",0,"F","F",1,1,0,9,1,"T","F",0,0,"T","T","coonj103","hornr101","T","T",0,0,0,0,0,0,0,0,0,"","","",0,0,0,0,0,0,0,0,0,0,0,0,0,"wilsj105","F","F","F","F",0,0,0,0,0,0,0,0,0,0,F,F,"1925PHI.EVN.regular.event.csv",1681
"PHI192505190","SLN",3,0,2,0,0,"",1,1,"coonj103","?","coonj103","?","mitcc102","?","mitcc102","?","wilsj105","hawkc101","wrigr102","hubec101","sandh101","burng101","harpg101","willc103","","","","13","F","F",6,2,2,"T","T",0,"F","F",1,"F","F",0,"F","F",1,"G","F","F","",0,0,"N",0,"N",0,"N",0,0,0,0,"13","","","","F","F","F","F","F","F","F","F","F","","","","F","F","F","F","F","","","","",0,3,0,0,1,0,0,0,0,21,"PHI","SLN","PHI",0,"F","T",1,1,0,10,2,"T","F",0,0,"T","T","hornr101","bottj101","T","T",0,0,0,0,0,0,0,0,0,"","","",0,0,0,0,0,0,0,0,0,0,0,0,0,"mitcc102","F","F","F","F",0,0,0,0,0,0,0,0,0,0,F,F,"1925PHI.EVN.regular.event.csv",1682
"PHI192505190","SLN",3,1,0,0,0,"",1,1,"wrigr102","?","wrigr102","?","hainj101","?","hainj101","?","schmw102","bottj101","hornr101","belll101","coonj103","bladr102","doutt101","shinr101","","","","T8/L8XD","T","F",4,2,22,"T","T",3,"F","F",0,"F","F",0,"F","F",8,"L","F","F","8XD",0,0,"N",0,"N",0,"N",3,0,0,0,"","","","","F","F","F","F","F","F","F","F","F","","","","F","F","F","F","F","","","","",0,0,0,0,0,0,0,0,0,22,"PHI","PHI","SLN",1,"T","F",1,1,0,10,0,"T","F",0,4,"T","T","willc103","harpg101","T","T",0,0,0,0,0,0,0,0,0,"","","",0,0,0,0,0,0,0,0,0,0,0,0,0,"doutt101","F","F","F","F",4,0,0,0,1,0,0,0,0,0,F,F,"1925PHI.EVN.regular.event.csv",1683
"PHI192505190","SLN",3,1,0,0,0,"",1,1,"willc103","?","willc103","?","hainj101","?","hainj101","?","schmw102","bottj101","hornr101","belll101","coonj103","bladr102","doutt101","shinr101","","","wrigr102","7/F/SF.3-H","F","F",9,3,2,"T","F",0,"F","T",1,"F","F",1,"F","F",7,"F","F","F","",0,0,"N",0,"N",0,"N",0,0,0,4,"7","","","","F","F","F","F","F","F","F","F","F","","","hainj101","F","F","F","F","F","","","","",0,7,0,0,0,0,0,0,0,23,"PHI","PHI","SLN",1,"F","F",1,1,0,11,1,"T","F",4,0,"T","T","harpg101","hawkc101","T","T",0,0,0,0,0,0,4,2,22,"","","schmw102",0,0,0,0,0,0,0,0,0,0,0,0,1,"bladr102","F","F","F","F",0,0,0,4,0,0,0,0,0,0,F,F,"1925PHI.EVN.regular.event.csv",1684
"PHI192505190","SLN",3,1,1,0,0,"",1,2,"harpg101","?","harpg101","?","hainj101","?","hainj101","?","schmw102","bottj101","hornr101","belll101","coonj103","bladr102","doutt101","shinr101","","","","3/P","F","F",8,4,2,"T","T",0,"F","F",1,"F","F",0,"F","F",3,"P","F","F","",0,0,"N",0,"N",0,"N",0,0,0,0,"3","","","","F","F","F","F","F","F","F","F","F","","","","F","F","F","F","F","","","","",0,3,0,0,0,0,0,0,0,24,"PHI","PHI","SLN",1,"F","F",2,1,1,12,2,"T","F",0,0,"T","T","hawkc101","wilsj105","T","T",0,0,0,0,0,0,0,0,0,"","","",0,0,0,0,0,0,0,0,0,0,0,0,0,"bottj101","F","F","F","F",0,0,0,0,0,0,0,0,0,0,F,F,"1925PHI.EVN.regular.event.csv",1685
"PHI192505190","SLN",3,1,2,0,0,"",1,2,"hawkc101","?","hawkc101","?","hainj101","?","hainj101","?","schmw102","bottj101","hornr101","belll101","coonj103","bladr102","doutt101","shinr101","","","","D9/89XDW","F","F",3,5,21,"T","T",2,"F","F",0,"F","F",0,"F","F",9,"","F","F","89XDW",0,0,"N",0,"N",0,"N",2,0,0,0,"","","","","F","F","F","F","F","F","F","F","F","","","","F","F","F","F","F","","","","",0,0,0,0,0,0,0,0,0,25,"PHI","PHI","SLN",1,"F","F",2,1,1,13,3,"T","F",0,2,"T","T","wilsj105","sandh101","T","T",0,0,0,0,0,0,0,0,0,"","","",0,0,0,0,0,0,0,0,0,0,0,0,0,"shinr101","F","F","F","F",0,0,0,0,0,0,0,0,0,0,F,F,"1925PHI.EVN.regular.event.csv",1686
"PHI192505190","SLN",3,1,2,0,0,"",1,2,"wilsj105","?","wilsj105","?","hainj101","?","hainj101","?","schmw102","bottj101","hornr101","belll101","coonj103","bladr102","doutt101","shinr101","","hawkc101","","E5/TH1.2XH(32)","F","F",2,6,18,"T","T",0,"F","F",1,"F","F",0,"F","F",5,"G","F","F","",1,5,"T",0,"N",0,"N",1,0,0,0,"","","32","","F","F","F","F","F","F","F","F","F","","hainj101","","F","F","F","F","F","","","","",0,2,0,0,3,0,0,0,0,26,"PHI","PHI","SLN",1,"F","T",2,1,1,14,4,"T","F",2,1,"T","T","sandh101","hubec101","T","T",0,0,0,3,5,25,0,0,0,"","schmw102","",0,0,0,0,0,0,0,0,0,0,0,0,0,"belll101","F","F","F","T",0,0,0,0,0,0,0,0,0,0,F,F,"1925PHI.EVN.regular.event.csv",1687
"PHI192505190","SLN",4,0,0,0,0,"",1,2,"hornr101","?","hornr101","?","mitcc102","?","mitcc102","?","wilsj105","hawkc101","wrigr102","hubec101","sandh101","burng101","harpg101","willc103","","","","K/C","T","F",4,3,3,"T","T",0,"F","F",1,"F","F",0,"F","F",0,"","F","F","",0,0,"N",0,"N",0,"N",0,0,0,0,"2","","","","F","F","F","F","F","F","F","F","F","","","","F","F","F","F","F","","","","",0,2,0,0,0,0,0,0,0,27,"PHI","SLN","PHI",0,"T","F",1,2,0,11,0,"T","F",0,0,"T","T","bottj101","belll101","T","T",0,0,0,0,0,0,0,0,0,"","","",0,0,0,0,0,0,0,0,0,0,0,0,0,"","F","F","F","F",0,0,0,0,0,0,0,0,0,0,F,F,"1925PHI.EVN.regular.event.csv",1688
"PHI192505190","SLN",4,0,1,0,0,"",1,2,"bottj101","?","bottj101","?","mitcc102","?","mitcc102","?","wilsj105","hawkc101","wrigr102","hubec101","sandh101","burng101","harpg101","willc103","","","","S7","F","F",3,4,20,"T","T",1,"F","F",0,"F","F",0,"F","F",7,"","F","F","",0,0,"N",0,"N",0,"N",1,0,0,0,"","","","","F","F","F","F","F","F","F","F","F","","","","F","F","F","F","F","","","","",0,0,0,0,0,0,0,0,0,28,"PHI","SLN","PHI",0,"F","F",1,2,0,12,1,"T","F",0,1,"T","T","belll101","bladr102","T","T",0,0,0,0,0,0,0,0,0,"","","",0,0,0,0,0,0,0,0,0,0,0,0,0,"burng101","F","F","F","F",0,0,0,0,0,0,0,0,0,0,F,F,"1925PHI.EVN.regular.event.csv",1689
"PHI192505190","SLN",4,0,1,0,0,"",1,2,"belll101","?","belll101","?","mitcc102","?","mitcc102","?","wilsj105","hawkc101","wrigr102","hubec101","sandh101","burng101","harpg101","willc103","bottj101","","","7/F7D","F","F",5,5,2,"T","T",0,"F","F",1,"F","F",0,"F","F",7,"F","F","F","7D",0,0,"N",0,"N",0,"N",0,1,0,0,"7","","","","F","F","F","F","F","F","F","F","F","mitcc102","","","F","F","F","F","F","","","","",0,7,0,0,0,0,0,0,0,29,"PHI","SLN","PHI",0,"F","F",1,2,0,13,2,"T","F",1,1,"T","T","bladr102","doutt101","T","T",3,4,28,0,0,0,0,0,0,"wilsj105","","",0,0,0,0,0,0,0,0,0,0,0,0,0,"burng101","F","F","F","F",0,0,0,0,0,0,0,0,0,0,F,F,"1925PHI.EVN.regular.event.csv",1690
"PHI192505190","SLN",4,0,2,0,0,"",1,2,"bladr102","?","bladr102","?","mitcc102","?","mitcc102","?","wilsj105","hawkc101","wrigr102","hubec101","sandh101","burng101","harpg101","willc103","bottj101","","","W.1-2","F","F",7,6,14,"T","F",0,"F","F",0,"F","F",0,"F","F",0,"","F","F","",0,0,"N",0,"N",0,"N",1,2,0,0,"","","","","F","F","F","F","F","F","F","F","F","mitcc102","","","F","F","F","F","F","","","","",0,0,0,0,0,0,0,0,0,30,"PHI","SLN","PHI",0,"F","F",1,2,0,14,3,"T","F",1,3,"T","T","doutt101","schmw102","T","T",3,4,28,0,0,0,0,0,0,"wilsj105","","",0,0,0,0,0,0,0,0,0,0,0,0,0,"","F","F","F","F",0,0,0,0,0,0,0,0,0,0,F,F,"1925PHI.EVN.regular.event.csv",1691
"PHI192505190","SLN",4,0,2,0,0,"",1,2,"doutt101","?","doutt101","?","mitcc102","?","mitcc102","?","wilsj105","hawkc101","wrigr102","hubec101","sandh101","burng101","harpg101","willc103","bladr102","bottj101","","6(1)/FO","F","F",8,7,2,"T","T",0,"F","F",1,"F","F",0,"F","F",6,"G","F","F","",0,0,"N",0,"N",0,"N",1,0,2,0,"","6","","","F","F","F","F","F","F","F","F","F","mitcc102","mitcc102","","F","F","F","F","F","","","","",0,6,0,0,0,0,0,0,0,31,"PHI","SLN","PHI",0,"F","T",1,2,0,15,4,"T","F",3,3,"T","T","schmw102","hainj101","T","T",7,6,30,3,4,28,0,0,0,"wilsj105","wilsj105","",0,0,0,0,0,0,0,0,0,0,0,0,0,"sandh101","T","F","F","F",0,0,0,0,0,0,0,0,0,0,F,F,"1925PHI.EVN.regular.event.csv",1692
"PHI192505190","SLN",4,1,0,0,0,"",1,2,"sandh101","?","sandh101","?","hainj101","?","hainj101","?","schmw102","bottj101","hornr101","belll101","coonj103","bladr102","doutt101","shinr101","","","","K23","T","F",6,7,3,"T","T",0,"F","F",1,"F","F",0,"F","F",0,"","F","F","",0,0,"N",0,"N",0,"N",0,0,0,0,"23","","","","F","F","F","F","F","F","F","F","F","","","","F","F","F","F","F","","","","",0,3,0,0,2,0,0,0,0,32,"PHI","PHI","SLN",1,"T","F",2,1,0,15,0,"T","F",0,0,"T","T","hubec101","mitcc102","T","T",0,0,0,0,0,0,0,0,0,"","","",0,0,0,0,0,0,0,0,0,0,0,0,0,"","F","F","F","F",0,0,0,0,5,0,0,0,0,0,F,F,"1925PHI.EVN.regular.event.csv",1693
"PHI192505190","SLN",4,1,1,0,0,"",1,2,"hubec101","?","hubec101","?","hainj101","?","hainj101","?","schmw102","bottj101","hornr101","belll101","coonj103","bladr102","doutt101","shinr101","","","","T8/L8XD","F","F",5,8,22,"T","T",3,"F","F",0,"F","F",0,"F","F",8,"L","F","F","8XD",0,0,"N",0,"N",0,"N",3,0,0,0,"","","","","F","F","F","F","F","F","F","F","F","","","","F","F","F","F","F","","","","",0,0,0,0,0,0,0,0,0,33,"PHI","PHI","SLN",1,"F","F",2,1,0,16,1,"T","F",0,4,"T","T","mitcc102","burng101","T","T",0,0,0,0,0,0,0,0,0,"","","",0,0,0,0,0,0,0,0,0,0,0,0,0,"doutt101","F","F","F","F",4,0,0,0,5,0,0,0,0,0,F,F,"1925PHI.EVN.regular.event.csv",1694
"PHI192505190","SLN",4,1,1,0,0,"",1,2,"mitcc102","?","mitcc102","?","hainj101","?","hainj101","?","schmw102","bottj101","hornr101","belll101","coonj103","bladr102","doutt101","shinr101","","","hubec101","FC4.3-3;B-2","F","F",1,9,19,"T","T",0,"F","F",0,"F","F",0,"F","F",4,"G","F","F","",0,0,"N",0,"N",0,"N",2,0,0,3,"","","","","F","F","F","F","F","F","F","F","F","","","hainj101","F","F","F","F","F","","","","",0,0,0,0,0,0,0,0,0,34,"PHI","PHI","SLN",1,"F","F",2,1,0,17,2,"T","F",4,6,"T","T","burng101","wrigr102","T","T",0,0,0,0,0,0,5,8,33,"","","schmw102",0,0,0,0,0,0,0,0,0,0,0,0,0,"hornr101","F","F","F","F",4,0,0,4,5,0,0,0,0,0,F,F,"1925PHI.EVN.regular.event.csv",1695
"PHI192505190","SLN",4,1,1,0,0,"",1,2,"burng101","?","burng101","?","hainj101","?","hainj101","?","schmw102","bottj101","hornr101","belll101","coonj103","bladr102","doutt101","shinr101","","mitcc102","hubec101","D/89.3-H;2-3","F","F",7,1,21,"T","T",2,"F","F",0,"F","F",1,"F","F",0,"","F","F","89",0,0,"N",0,"N",0,"N",2,0,3,4,"","","","","F","F","F","F","F","F","F","F","F","","hainj101","hainj101","F","F","F","F","F","","","","",0,0,0,0,0,0,0,0,0,35,"PHI","PHI","SLN",1,"F","F",2,1,0,18,3,"T","F",6,6,"T","T","wrigr102","willc103","T","T",0,0,0,1,9,34,5,8,33,"","schmw102","schmw102",0,0,0,0,0,0,0,0,0,0,0,0,1,"","F","F","F","F",4,0,4,4,4,0,0,0,0,0,F,F,"1925PHI.EVN.regular.event.csv",1696
"PHI192505190","SLN",4,1,1,0,0,"",1,3,"wrigr102","?","wrigr102","?","hainj101","?","hainj101","?","schmw102","bottj101","hornr101","belll101","coonj103","bladr102","doutt101","shinr101","","burng101","mitcc102","43","F","F",4,2,2,"T","T",0,"F","F",1,"F","F",0,"F","F",4,"G","F","F","",0,0,"N",0,"N",0,"N",0,0,2,3,"43","","","","F","F","F","F","F","F","F","F","F","","hainj101","hainj101","F","F","F","F","F","","","","",0,3,0,0,4,0,0,0,0,36,"PHI","PHI","SLN",1,"F","F",3,1,1,19,4,"T","F",6,6,"T","T","willc103","harpg101","T","T",0,0,0,7,1,35,1,9,34,"","schmw102","schmw102",0,0,0,0,0,0,0,0,0,0,0,0,0,"hornr101","F","F","F","F",0,0,4,4,4,0,0,0,0,0,F,F,"1925PHI.EVN.regular.event.csv",1697
"PHI192505190","SLN",4,1,2,0,0,"",1,3,"willc103","?","willc103","?","hainj101","?","hainj101","?","schmw102","bottj101","hornr101","belll101","coonj103","bladr102","doutt101","shinr101","","burng101","mitcc102","W","F","F",9,3,14,"T","F",0,"F","F",0,"F","F",0,"F","F",0,"","F","F","",0,0,"N",0,"N",0,"N",1,0,2,3,"","","","","F","F","F","F","F","F","F","F","F","","hainj101","hainj101","F","F","F","F","F","","","","",0,0,0,0,0,0,0,0,0,37,"PHI","PHI","SLN",1,"F","F",3,1,1,20,5,"T","F",6,7,"T","T","harpg101","hawkc101","T","T",0,0,0,7,1,35,1,9,34,"","schmw102","schmw102",0,0,0,0,0,0,0,0,0,0,0,0,0,"","F","F","F","F",4,0,4,4,4,0,0,0,0,0,F,F,"1925PHI.EVN.regular.event.csv",1698
"PHI192505190","SLN",4,1,2,3,2,"",1,3,"harpg101","?","harpg101","?","hainj101","?","hainj101","?","schmw102","bottj101","hornr101","belll101","coonj103","bladr102","doutt101","shinr101","willc103","burng101","mitcc102","HR/F9D.3-H;2-H;1-H","F","F",8,4,23,"T","T",4,"F","F",0,"F","F",4,"F","F",0,"F","F","F","9D",0,0,"N",0,"N",0,"N",4,4,4,4,"","","","","F","F","F","F","F","F","F","F","F","hainj101","hainj101","hainj101","F","F","F","F","F","","","","",0,0,0,0,0,0,0,0,0,38,"PHI","PHI","SLN",1,"F","F",3,1,1,21,6,"T","F",7,0,"T","T","hawkc101","wilsj105","T","T",9,3,37,7,1,35,1,9,34,"schmw102","schmw102","schmw102",0,0,0,0,0,0,0,0,0,0,0,0,4,"","F","F","F","F",4,4,4,4,0,0,0,0,0,0,F,F,"1925PHI.EVN.regular.event.csv",1699
"PHI192505190","SLN",4,1,2,0,0,"",1,7,"hawkc101","?","hawkc101","?","hainj101","?","hainj101","?","schmw102","bottj101","hornr101","belll101","coonj103","bladr102","doutt101","shinr101","","","","S4/G","F","F",3,5,20,"T","T",1,"F","F",0,"F","F",0,"F","F",4,"G","F","F","",0,0,"N",0,"N",0,"N",1,0,0,0,"","","","","F","F","F","F","F","F","F","F","F","","","","F","F","F","F","F","","","","",0,0,0,0,0,0,0,0,0,39,"PHI","PHI","SLN",1,"F","F",7,1,5,22,7,"T","F",0,1,"T","T","wilsj105","sandh101","T","T",0,0,0,0,0,0,0,0,0,"","","",0,0,0,0,0,0,0,0,0,0,0,0,0,"hornr101","F","F","F","F",0,0,0,0,0,0,0,0,0,0,F,F,"1925PHI.EVN.regular.event.csv",1700
"PHI192505190","SLN",4,1,2,0,0,"",1,7,"wilsj105","?","wilsj105","?","dyere101","?","dyere101","?","schmw102","bottj101","hornr101","belll101","coonj103","bladr102","doutt101","shinr101","hawkc101","","","S7/78.1-3","F","F",2,6,20,"T","T",1,"F","F",0,"F","F",0,"F","F",7,"","F","F","78",0,0,"N",0,"N",0,"N",1,3,0,0,"","","","","F","F","F","F","F","F","F","F","F","hainj101","","","F","F","F","F","F","","","","",0,0,0,0,0,0,0,0,0,40,"PHI","PHI","SLN",1,"F","F",7,1,5,23,8,"T","F",1,5,"T","T","sandh101","hubec101","F","F",3,5,39,0,0,0,0,0,0,"schmw102","","",0,0,0,0,0,0,0,0,0,0,0,0,0,"bladr102","F","F","F","F",0,0,0,0,0,0,0,0,0,0,F,F,"1925PHI.EVN.regular.event.csv",1701
"PHI192505190","SLN",4,1,2,0,0,"",1,7,"sandh101","?","sandh101","?","dyere101","?","dyere101","?","schmw102","bottj101","hornr101","belll101","coonj103","bladr102","doutt101","shinr101","wilsj105","","hawkc101","CSH(242)","F","F",6,7,6,"F","F",0,"F","F",1,"F","F",0,"F","F",0,"","F","F","",0,0,"N",0,"N",0,"N",0,1,0,0,"","","","242","F","F","F","F","F","T","F","F","F","dyere101","","hainj101","F","F","F","F","F","","","","",0,2,0,0,2,4,0,0,0,41,"PHI","PHI","SLN",1,"F","T",7,1,5,24,9,"T","T",5,1,"T","T","hubec101","mitcc102","F","F",2,6,40,0,0,0,3,5,39,"schmw102","","schmw102",0,0,0,0,0,0,0,0,0,0,0,0,0,"","F","F","F","F",0,0,0,0,0,0,0,0,0,0,F,F,"1925PHI.EVN.regular.event.csv",1702
"PHI192505190","SLN",5,0,0,0,0,"",1,7,"schmw102","?","schmw102","?","mitcc102","?","mitcc102","?","wilsj105","hawkc101","wrigr102","hubec101","sandh101","burng101","harpg101","willc103","","","","4/P","T","F",2,8,2,"T","T",0,"F","F",1,"F","F",0,"F","F",4,"P","F","F","",0,0,"N",0,"N",0,"N",0,0,0,0,"4","","","","F","F","F","F","F","F","F","F","F","","","","F","F","F","F","F","","","","",0,4,0,0,0,0,0,0,0,42,"PHI","SLN","PHI",0,"T","F",1,7,0,16,0,"T","F",0,0,"T","T","dyere101","shinr101","T","T",0,0,0,0,0,0,0,0,0,"","","",0,0,0,0,0,0,0,0,0,0,0,0,0,"wrigr102","F","F","F","F",0,0,0,0,0,0,0,0,0,0,F,F,"1925PHI.EVN.regular.event.csv",1703
"PHI192505190","SLN",5,0,1,0,0,"",1,7,"dyere101","?","dyere101","?","mitcc102","?","mitcc102","?","wilsj105","hawkc101","wrigr102","hubec101","sandh101","burng101","harpg101","willc103","","","","S8","F","F",1,9,20,"T","T",1,"F","F",0,"F","F",0,"F","F",8,"","F","F","",0,0,"N",0,"N",0,"N",1,0,0,0,"","","","","F","F","F","F","F","F","F","F","F","","","","F","F","F","F","F","","","","",0,0,0,0,0,0,0,0,0,43,"PHI","SLN","PHI",0,"F","F",1,7,0,17,1,"T","F",0,1,"F","F","shinr101","coonj103","T","T",0,0,0,0,0,0,0,0,0,"","","",0,0,0,0,0,0,0,0,0,0,0,0,0,"harpg101","F","F","F","F",0,0,0,0,0,0,0,0,0,0,F,F,"1925PHI.EVN.regular.event.csv",1704
"PHI192505190","SLN",5,0,1,0,0,"",1,7,"shinr101","?","shinr101","?","mitcc102","?","mitcc102","?","wilsj105","hawkc101","wrigr102","hubec101","sandh101","burng101","harpg101","willc103","dyere101","","","K","F","F",9,1,3,"T","T",0,"F","F",1,"F","F",0,"F","F",0,"","F","F","",0,0,"N",0,"N",0,"N",0,1,0,0,"2","","","","F","F","F","F","F","F","F","F","F","mitcc102","","","F","F","F","F","F","","","","",0,2,0,0,0,0,0,0,0,44,"PHI","SLN","PHI",0,"F","F",1,7,0,18,2,"T","F",1,1,"T","T","coonj103","hornr101","T","T",1,9,43,0,0,0,0,0,0,"wilsj105","","",0,0,0,0,0,0,0,0,0,0,0,0,0,"","F","F","F","F",0,0,0,0,0,0,0,0,0,0,F,F,"1925PHI.EVN.regular.event.csv",1705
"PHI192505190","SLN",5,0,2,0,0,"",1,7,"coonj103","?","coonj103","?","mitcc102","?","mitcc102","?","wilsj105","hawkc101","wrigr102","hubec101","sandh101","burng101","harpg101","willc103","dyere101","","","4/P","F","F",6,2,2,"T","T",0,"F","F",1,"F","F",0,"F","F",4,"P","F","F","",0,0,"N",0,"N",0,"N",0,1,0,0,"4","","","","F","F","F","F","F","F","F","F","F","mitcc102","","","F","F","F","F","F","","","","",0,4,0,0,0,0,0,0,0,45,"PHI","SLN","PHI",0,"F","T",1,7,0,19,3,"T","F",1,1,"T","T","hornr101","bottj101","T","T",1,9,43,0,0,0,0,0,0,"wilsj105","","",0,0,0,0,0,0,0,0,0,0,0,0,0,"wrigr102","F","F","F","F",0,0,0,0,0,0,0,0,0,0,F,F,"1925PHI.EVN.regular.event.csv",1706
"PHI192505190","SLN",5,1,0,0,0,"",1,7,"sandh101","?","sandh101","?","dyere101","?","dyere101","?","schmw102","bottj101","hornr101","belll101","coonj103","bladr102","doutt101","shinr101","","","","8/F","T","F",6,7,2,"T","T",0,"F","F",1,"F","F",0,"F","F",8,"F","F","F","",0,0,"N",0,"N",0,"N",0,0,0,0,"8","","","","F","F","F","F","F","F","F","F","F","","","","F","F","F","F","F","","","","",0,8,0,0,0,0,0,0,0,46,"PHI","PHI","SLN",1,"T","F",7,1,0,24,0,"T","F",0,0,"T","T","hubec101","mitcc102","F","F",0,0,0,0,0,0,0,0,0,"","","",0,0,0,0,0,0,0,0,0,0,0,0,0,"doutt101","F","F","F","F",0,0,0,0,0,0,0,0,0,0,F,F,"1925PHI.EVN.regular.event.csv",1707
"PHI192505190","SLN",5,1,1,0,0,"",1,7,"hubec101","?","hubec101","?","dyere101","?","dyere101","?","schmw102","bottj101","hornr101","belll101","coonj103","bladr102","doutt101","shinr101","","","","13","F","F",5,8,2,"T","T",0,"F","F",1,"F","F",0,"F","F",1,"G","F","F","",0,0,"N",0,"N",0,"N",0,0,0,0,"13","","","","F","F","F","F","F","F","F","F","F","","","","F","F","F","F","F","","","","",0,3,0,0,1,0,0,0,0,47,"PHI","PHI","SLN",1,"F","F",7,1,0,25,1,"T","F",0,0,"T","T","mitcc102","burng101","F","F",0,0,0,0,0,0,0,0,0,"","","",0,0,0,0,0,0,0,0,0,0,0,0,0,"dyere101","F","F","F","F",0,0,0,0,0,0,0,0,0,0,F,F,"1925PHI.EVN.regular.event.csv",1708
"PHI192505190","SLN",5,1,2,0,0,"",1,7,"mitcc102","?","mitcc102","?","dyere101","?","dyere101","?","schmw102","bottj101","hornr101","belll101","coonj103","bladr102","doutt101","shinr101","","","","13","F","F",1,9,2,"T","T",0,"F","F",1,"F","F",0,"F","F",1,"G","F","F","",0,0,"N",0,"N",0,"N",0,0,0,0,"13","","","","F","F","F","F","F","F","F","F","F","","","","F","F","F","F","F","","","","",0,3,0,0,1,0,0,0,0,48,"PHI","PHI","SLN",1,"F","T",7,1,0,26,2,"T","F",0,0,"T","T","burng101","wrigr102","F","F",0,0,0,0,0,0,0,0,0,"","","",0,0,0,0,0,0,0,0,0,0,0,0,0,"dyere101","F","F","F","F",0,0,0,0,0,0,0,0,0,0,F,F,"1925PHI.EVN.regular.event.csv",1709
"PHI192505190","SLN",6,0,0,0,0,"",1,7,"hornr101","?","hornr101","?","mitcc102","?","mitcc102","?","wilsj105","hawkc101","wrigr102","hubec101","sandh101","burng101","harpg101","willc103","","","","D9/9DW","T","F",4,3,21,"T","T",2,"F","F",0,"F","F",0,"F","F",9,"","F","F","9DW",0,0,"N",0,"N",0,"N",2,0,0,0,"","","","","F","F","F","F","F","F","F","F","F","","","","F","F","F","F","F","","","","",0,0,0,0,0,0,0,0,0,49,"PHI","SLN","PHI",0,"T","F",1,7,0,20,0,"T","F",0,2,"T","T","bottj101","belll101","T","T",0,0,0,0,0,0,0,0,0,"","","",0,0,0,0,0,0,0,0,0,0,0,0,0,"willc103","F","F","F","F",4,0,0,0,3,0,0,0,0,0,F,F,"1925PHI.EVN.regular.event.csv",1710
"PHI192505190","SLN",6,0,0,0,0,"",1,7,"bottj101","?","bottj101","?","mitcc102","?","mitcc102","?","wilsj105","hawkc101","wrigr102","hubec101","sandh101","burng101","harpg101","willc103","","hornr101","","D9/89XDW.2-H","F","F",3,4,21,"T","T",2,"F","F",0,"F","F",1,"F","F",9,"","F","F","89XDW",0,0,"N",0,"N",0,"N",2,0,4,0,"","","","","F","F","F","F","F","F","F","F","F","","mitcc102","","F","F","F","F","F","","","","",0,0,0,0,0,0,0,0,0,50,"PHI","SLN","PHI",0,"F","F",1,7,0,21,1,"T","F",2,2,"T","T","belll101","bladr102","T","T",0,0,0,4,3,49,0,0,0,"","wilsj105","",0,0,0,0,0,0,0,0,0,0,0,0,1,"willc103","F","F","F","F",4,0,4,0,2,0,0,0,0,0,F,F,"1925PHI.EVN.regular.event.csv",1711
"PHI192505190","SLN",6,0,0,0,0,"",2,7,"belll101","?","belll101","?","mitcc102","?","mitcc102","?","wilsj105","hawkc101","wrigr102","hubec101","sandh101","burng101","harpg101","willc103","","bottj101","","53","F","F",5,5,2,"T","T",0,"F","F",1,"F","F",0,"F","F",5,"G","F","F","",0,0,"N",0,"N",0,"N",0,0,2,0,"53","","","","F","F","F","F","F","F","F","F","F","","mitcc102","","F","F","F","F","F","","","","",0,3,0,0,5,0,0,0,0,51,"PHI","SLN","PHI",0,"F","F",2,7,1,22,2,"T","F",2,2,"T","T","bladr102","doutt101","T","T",0,0,0,3,4,50,0,0,0,"","wilsj105","",0,0,0,0,0,0,0,0,0,0,0,0,0,"hubec101","F","F","F","F",0,0,4,0,2,0,0,0,0,0,F,F,"1925PHI.EVN.regular.event.csv",1712
"PHI192505190","SLN",6,0,1,0,0,"",2,7,"bladr102","?","bladr102","?","mitcc102","?","mitcc102","?","wilsj105","hawkc101","wrigr102","hubec101","sandh101","burng101","harpg101","willc103","","bottj101","","S9.2-H","F","F",7,6,20,"T","T",1,"F","F",0,"F","F",1,"F","F",9,"","F","F","",0,0,"N",0,"N",0,"N",1,0,4,0,"","","","","F","F","F","F","F","F","F","F","F","","mitcc102","","F","F","F","F","F","","","","",0,0,0,0,0,0,0,0,0,52,"PHI","SLN","PHI",0,"F","F",2,7,1,23,3,"T","F",2,1,"T","T","doutt101","schmw102","T","T",0,0,0,3,4,50,0,0,0,"","wilsj105","",0,0,0,0,0,0,0,0,0,0,0,0,1,"willc103","F","F","F","F",4,0,4,0,1,0,0,0,0,0,F,F,"1925PHI.EVN.regular.event.csv",1713
"PHI192505190","SLN",6,0,1,0,0,"",3,7,"doutt101","?","doutt101","?","mitcc102","?","mitcc102","?","wilsj105","hawkc101","wrigr102","hubec101","sandh101","burng101","harpg101","willc103","bladr102","","","S9.1-3","F","F",8,7,20,"T","T",1,"F","F",0,"F","F",0,"F","F",9,"","F","F","",0,0,"N",0,"N",0,"N",1,3,0,0,"","","","","F","F","F","F","F","F","F","F","F","mitcc102","","","F","F","F","F","F","","","","",0,0,0,0,0,0,0,0,0,53,"PHI","SLN","PHI",0,"F","F",3,7,2,24,4,"T","F",1,5,"T","T","schmw102","dyere101","T","T",7,6,52,0,0,0,0,0,0,"wilsj105","","",0,0,0,0,0,0,0,0,0,0,0,0,0,"willc103","F","F","F","F",0,4,0,0,1,0,0,0,0,0,F,F,"1925PHI.EVN.regular.event.csv",1714
"PHI192505190","SLN",6,0,1,0,0,"",3,7,"schmw102","?","schmw102","?","mitcc102","?","mitcc102","?","wilsj105","hawkc101","wrigr102","hubec101","sandh101","burng101","harpg101","willc103","doutt101","","bladr102","S9.3-H;1-3","F","F",2,8,20,"T","T",1,"F","F",0,"F","F",1,"F","F",9,"","F","F","",0,0,"N",0,"N",0,"N",1,3,0,4,"","","","","F","F","F","F","F","F","F","F","F","mitcc102","","mitcc102","F","F","F","F","F","","","","",0,0,0,0,0,0,0,0,0,54,"PHI","SLN","PHI",0,"F","F",3,7,2,25,5,"T","F",5,5,"T","T","dyere101","shinr101","T","T",8,7,53,0,0,0,7,6,52,"wilsj105","","wilsj105",0,0,0,0,0,0,0,0,0,0,0,0,1,"willc103","F","F","F","F",0,0,0,4,0,0,0,0,0,0,F,F,"1925PHI.EVN.regular.event.csv",1715
"PHI192505190","SLN",6,0,1,0,0,"",4,7,"dyere101","?","dyere101","?","mitcc102","?","mitcc102","?","wilsj105","hawkc101","wrigr102","hubec101","sandh101","burng101","harpg101","willc103","schmw102","","doutt101","53.1-2","F","F",1,9,2,"T","T",0,"F","F",1,"F","F",0,"F","F",5,"G","F","F","",0,0,"N",0,"N",0,"N",0,2,0,3,"53","","","","F","F","F","F","F","F","F","F","F","mitcc102","","mitcc102","F","F","F","F","F","","","","",0,3,0,0,5,0,0,0,0,55,"PHI","SLN","PHI",0,"F","F",4,7,3,26,6,"T","F",5,6,"F","F","shinr101","coonj103","T","T",2,8,54,0,0,0,8,7,53,"wilsj105","","wilsj105",0,0,0,0,0,0,0,0,0,0,0,0,0,"hubec101","F","F","F","F",0,0,0,0,0,0,0,0,0,0,F,F,"1925PHI.EVN.regular.event.csv",1716
"PHI192505190","SLN",6,0,2,0,0,"",4,7,"shinr101","?","shinr101","?","mitcc102","?","mitcc102","?","wilsj105","hawkc101","wrigr102","hubec101","sandh101","burng101","harpg101","willc103","","schmw102","doutt101","8/F8XDW","F","F",9,1,2,"T","T",0,"F","F",1,"F","F",0,"F","F",8,"F","F","F","8XDW",0,0,"N",0,"N",0,"N",0,0,2,3,"8","","","","F","F","F","F","F","F","F","F","F","","mitcc102","mitcc102","F","F","F","F","F","","","","",0,8,0,0,0,0,0,0,0,56,"PHI","SLN","PHI",0,"F","T",4,7,3,27,7,"T","F",6,6,"T","T","coonj103","hornr101","T","T",0,0,0,2,8,54,8,7,53,"","wilsj105","wilsj105",0,0,0,0,0,0,0,0,0,0,0,0,0,"harpg101","F","F","F","F",0,0,0,0,0,0,0,0,0,0,F,F,"1925PHI.EVN.regular.event.csv",1717
"PHI192505190","SLN",6,1,0,0,0,"",4,7,"burng101","?","burng101","?","dyere101","?","dyere101","?","schmw102","bottj101","hornr101","belll101","coonj103","bladr102","doutt101","shinr101","","","","E7/F7D.B-2","T","F",7,1,18,"T","T",0,"F","F",0,"F","F",0,"F","F",7,"F","F","F","7D",1,7,"F",0,"N",0,"N",2,0,0,0,"","","","","F","F","F","F","F","F","F","F","F","","","","F","F","F","F","F","","","","",0,0,0,0,0,0,0,0,0,57,"PHI","PHI","SLN",1,"T","F",7,4,0,27,0,"T","F",0,2,"T","T","wrigr102","willc103","F","F",0,0,0,0,0,0,0,0,0,"","","",0,0,0,0,0,0,0,0,0,0,0,0,0,"bladr102","F","F","F","T",5,0,0,0,1,0,0,0,0,0,F,F,"1925PHI.EVN.regular.event.csv",1718
"PHI192505190","SLN",6,1,0,0,0,"",4,7,"wrigr102","?","wrigr102","?","dyere101","?","dyere101","?","schmw102","bottj101","hornr101","belll101","coonj103","bladr102","doutt101","shinr101","","burng101","","43.2-3","F","F",4,2,2,"T","T",0,"F","F",1,"F","F",0,"F","F",4,"G","F","F","",0,0,"N",0,"N",0,"N",0,0,3,0,"43","","","","F","F","F","F","F","F","F","F","F","","dyere101","","F","F","F","F","F","","","","",0,3,0,0,4,0,0,0,0,58,"PHI","PHI","SLN",1,"F","F",7,4,0,28,1,"T","F",2,4,"T","T","willc103","harpg101","F","F",0,0,0,7,1,57,0,0,0,"","schmw102","",0,0,0,0,0,0,0,0,0,0,0,0,0,"hornr101","F","F","F","F",0,0,5,0,1,0,0,0,0,0,F,F,"1925PHI.EVN.regular.event.csv",1719
"PHI192505190","SLN",6,1,1,0,0,"",4,7,"schuj101","?","schuj101","?","dyere101","?","dyere101","?","schmw102","bottj101","hornr101","belll101","coonj103","bladr102","doutt101","shinr101","","","burng101","2/FL","F","T",11,3,2,"T","T",0,"F","F",1,"F","F",0,"F","F",2,"F","F","T","",0,0,"N",0,"N",0,"N",0,0,0,3,"2","","","","F","F","F","F","F","F","F","F","F","","","dyere101","F","F","F","F","F","","","","willc103",9,2,0,0,0,0,0,0,0,59,"PHI","PHI","SLN",1,"F","F",7,4,0,29,2,"T","F",4,4,"F","F","harpg101","hawkc101","F","F",0,0,0,0,0,0,7,1,57,"","","schmw102",0,0,0,0,0,0,0,0,0,0,0,0,0,"schmw102","F","F","F","F",0,0,0,5,1,0,0,0,0,0,F,F,"1925PHI.EVN.regular.event.csv",1720
"PHI192505190","SLN",6,1,2,0,0,"",4,7,"harpg101","?","harpg101","?","dyere101","?","dyere101","?","schmw102","bottj101","hornr101","belll101","coonj103","bladr102","doutt101","shinr101","","","burng101","S3/G.3-H(UR)","F","F",8,4,20,"T","T",1,"F","F",0,"F","F",1,"F","F",3,"G","F","F","",0,0,"N",0,"N",0,"N",1,0,0,5,"","","","","F","F","F","F","F","F","F","F","F","","","dyere101","F","F","F","F","F","","","","",0,0,0,0,0,0,0,0,0,60,"PHI","PHI","SLN",1,"F","F",7,4,0,30,3,"T","F",4,1,"T","T","hawkc101","wilsj105","F","F",0,0,0,0,0,0,7,1,57,"","","schmw102",0,0,0,0,0,0,0,0,0,0,0,0,1,"bottj101","F","F","F","F",1,0,0,5,0,0,0,0,0,0,F,F,"1925PHI.EVN.regular.event.csv",1721
"PHI192505190","SLN",6,1,2,0,0,"",4,8,"hawkc101","?","hawkc101","?","dyere101","?","dyere101","?","schmw102","bottj101","hornr101","belll101","coonj103","bladr102","doutt101","shinr101","harpg101","","","43","F","F",3,5,2,"T","T",0,"F","F",1,"F","F",0,"F","F",4,"G","F","F","",0,0,"N",0,"N",0,"N",0,1,0,0,"43","","","","F","F","F","F","F","F","F","F","F","dyere101","","","F","F","F","F","F","","","","",0,3,0,0,4,0,0,0,0,61,"PHI","PHI","SLN",1,"F","T",8,4,1,31,4,"T","F",1,1,"T","T","wilsj105","sandh101","F","F",8,4,60,0,0,0,0,0,0,"schmw102","","",0,0,0,0,0,0,0,0,0,0,0,0,0,"hornr101","F","F","F","F",0,1,0,0,0,0,0,0,0,0,F,F,"1925PHI.EVN.regular.event.csv",1722
"PHI192505190","SLN",7,0,0,0,0,"",4,8,"coonj103","?","coonj103","?","mitcc102","?","mitcc102","?","wilsj105","hawkc101","wrigr102","hubec101","sandh101","burng101","harpg101","schuj101","","","","K/C","T","F",6,2,3,"T","T",0,"F","F",1,"F","F",0,"F","F",0,"","F","F","",0,0,"N",0,"N",0,"N",0,0,0,0,"2","","","","F","F","F","F","F","F","F","F","F","","","","F","F","F","F","F","","","","",0,2,0,0,0,0,0,0,0,62,"PHI","SLN","PHI",0,"T","F",4,8,0,28,0,"T","F",0,0,"T","T","hornr101","bottj101","T","T",0,0,0,0,0,0,0,0,0,"","","",0,0,0,0,0,0,0,0,0,0,0,0,0,"","F","F","F","F",0,0,0,0,0,0,0,0,0,0,F,F,"1925PHI.EVN.regular.event.csv",1723
"PHI192505190","SLN",7,0,1,0,0,"",4,8,"hornr101","?","hornr101","?","mitcc102","?","mitcc102","?","wilsj105","hawkc101","wrigr102","hubec101","sandh101","burng101","harpg101","schuj101","","","","S8","F","F",4,3,20,"T","T",1,"F","F",0,"F","F",0,"F","F",8,"","F","F","",0,0,"N",0,"N",0,"N",1,0,0,0,"","","","","F","F","F","F","F","F","F","F","F","","","","F","F","F","F","F","","","","",0,0,0,0,0,0,0,0,0,63,"PHI","SLN","PHI",0,"F","F",4,8,0,29,1,"T","F",0,1,"T","T","bottj101","belll101","T","T",0,0,0,0,0,0,0,0,0,"","","",0,0,0,0,0,0,0,0,0,0,0,0,0,"harpg101","F","F","F","F",0,0,0,0,0,0,0,0,0,0,F,F,"1925PHI.EVN.regular.event.csv",1724
"PHI192505190","SLN",7,0,1,0,0,"",4,8,"bottj101","?","bottj101","?","mitcc102","?","mitcc102","?","wilsj105","hawkc101","wrigr102","hubec101","sandh101","burng101","harpg101","schuj101","hornr101","","","E9/F.1-2","F","F",3,4,18,"T","T",0,"F","F",0,"F","F",0,"F","F",9,"F","F","F","",1,9,"F",0,"N",0,"N",1,2,0,0,"","","","","F","F","F","F","F","F","F","F","F","mitcc102","","","F","F","F","F","F","","","","",0,0,0,0,0,0,0,0,0,64,"PHI","SLN","PHI",0,"F","F",4,8,0,30,2,"T","F",1,3,"T","T","belll101","bladr102","T","T",4,3,63,0,0,0,0,0,0,"wilsj105","","",0,0,0,0,0,0,0,0,0,0,0,0,0,"schuj101","F","F","F","T",0,0,0,0,0,0,0,0,0,0,F,F,"1925PHI.EVN.regular.event.csv",1725
"PHI192505190","SLN",7,0,1,0,0,"",4,8,"belll101","?","belll101","?","mitcc102","?","mitcc102","?","wilsj105","hawkc101","wrigr102","hubec101","sandh101","burng101","harpg101","schuj101","bottj101","hornr101","","9/F","F","F",5,5,2,"T","T",0,"F","F",1,"F","F",0,"F","F",9,"F","F","F","",0,0,"N",0,"N",0,"N",0,1,2,0,"9","","","","F","F","F","F","F","F","F","F","F","mitcc102","mitcc102","","F","F","F","F","F","","","","",0,9,0,0,0,0,0,0,0,65,"PHI","SLN","PHI",0,"F","F",4,8,0,31,3,"T","F",3,3,"T","T","bladr102","doutt101","T","T",3,4,64,4,3,63,0,0,0,"wilsj105","wilsj105","",0,0,0,0,0,0,0,0,0,0,0,0,0,"schuj101","F","F","F","F",0,0,0,0,0,0,0,0,0,0,F,F,"1925PHI.EVN.regular.event.csv",1726
"PHI192505190","SLN",7,0,2,0,0,"",4,8,"bladr102","?","bladr102","?","mitcc102","?","mitcc102","?","wilsj105","hawkc101","wrigr102","hubec101","sandh101","burng101","harpg101","schuj101","bottj101","hornr101","","13","F","F",7,6,2,"T","T",0,"F","F",1,"F","F",0,"F","F",1,"G","F","F","",0,0,"N",0,"N",0,"N",0,1,2,0,"13","","","","F","F","F","F","F","F","F","F","F","mitcc102","mitcc102","","F","F","F","F","F","","","","",0,3,0,0,1,0,0,0,0,66,"PHI","SLN","PHI",0,"F","T",4,8,0,32,4,"T","F",3,3,"T","T","doutt101","schmw102","T","T",3,4,64,4,3,63,0,0,0,"wilsj105","wilsj105","",0,0,0,0,0,0,0,0,0,0,0,0,0,"mitcc102","F","F","F","F",0,0,0,0,0,0,0,0,0,0,F,F,"1925PHI.EVN.regular.event.csv",1727
"PHI192505190","SLN",7,1,0,0,0,"",4,8,"wilsj105","?","wilsj105","?","dyere101","?","dyere101","?","schmw102","bottj101","hornr101","belll101","coonj103","bladr102","doutt101","shinr101","","","","43","T","F",2,6,2,"T","T",0,"F","F",1,"F","F",0,"F","F",4,"G","F","F","",0,0,"N",0,"N",0,"N",0,0,0,0,"43","","","","F","F","F","F","F","F","F","F","F","","","","F","F","F","F","F","","","","",0,3,0,0,4,0,0,0,0,67,"PHI","PHI","SLN",1,"T","F",8,4,0,32,0,"T","F",0,0,"T","T","sandh101","hubec101","F","F",0,0,0,0,0,0,0,0,0,"","","",0,0,0,0,0,0,0,0,0,0,0,0,0,"hornr101","F","F","F","F",0,0,0,0,0,0,0,0,0,0,F,F,"1925PHI.EVN.regular.event.csv",1728
"PHI192505190","SLN",7,1,1,0,0,"",4,8,"sandh101","?","sandh101","?","dyere101","?","dyere101","?","schmw102","bottj101","hornr101","belll101","coonj103","bladr102","doutt101","shinr101","","","","5/L5L","F","F",6,7,2,"T","T",0,"F","F",1,"F","F",0,"F","F",5,"L","F","F","5L",0,0,"N",0,"N",0,"N",0,0,0,0,"5","","","","F","F","F","F","F","F","F","F","F","","","","F","F","F","F","F","","","","",0,5,0,0,0,0,0,0,0,68,"PHI","PHI","SLN",1,"F","F",8,4,0,33,1,"T","F",0,0,"T","T","hubec101","mitcc102","F","F",0,0,0,0,0,0,0,0,0,"","","",0,0,0,0,0,0,0,0,0,0,0,0,0,"belll101","F","F","F","F",0,0,0,0,0,0,0,0,0,0,F,F,"1925PHI.EVN.regular.event.csv",1729
"PHI192505190","SLN",7,1,2,0,0,"",4,8,"hubec101","?","hubec101","?","dyere101","?","dyere101","?","schmw102","bottj101","hornr101","belll101","coonj103","bladr102","doutt101","shinr101","","","","S4/G","F","F",5,8,20,"T","T",1,"F","F",0,"F","F",0,"F","F",4,"G","F","F","",0,0,"N",0,"N",0,"N",1,0,0,0,"","","","","F","F","F","F","F","F","F","F","F","","","","F","F","F","F","F","","","","",0,0,0,0,0,0,0,0,0,69,"PHI","PHI","SLN",1,"F","F",8,4,0,34,2,"T","F",0,1,"T","T","mitcc102","burng101","F","F",0,0,0,0,0,0,0,0,0,"","","",0,0,0,0,0,0,0,0,0,0,0,0,0,"hornr101","F","F","F","F",0,0,0,0,0,0,0,0,0,0,F,F,"1925PHI.EVN.regular.event.csv",1730
"PHI192505190","SLN",7,1,2,0,0,"",4,8,"mitcc102","?","mitcc102","?","dyere101","?","dyere101","?","schmw102","bottj101","hornr101","belll101","coonj103","bladr102","doutt101","shinr101","hubec101","","","43","F","F",1,9,2,"T","T",0,"F","F",1,"F","F",0,"F","F",4,"G","F","F","",0,0,"N",0,"N",0,"N",0,1,0,0,"43","","","","F","F","F","F","F","F","F","F","F","dyere101","","","F","F","F","F","F","","","","",0,3,0,0,4,0,0,0,0,70,"PHI","PHI","SLN",1,"F","T",8,4,0,35,3,"T","F",1,1,"T","T","burng101","wrigr102","F","F",5,8,69,0,0,0,0,0,0,"schmw102","","",0,0,0,0,0,0,0,0,0,0,0,0,0,"hornr101","F","F","F","F",0,0,0,0,0,0,0,0,0,0,F,F,"1925PHI.EVN.regular.event.csv",1731
"PHI192505190","SLN",8,0,0,0,0,"",4,8,"doutt101","?","doutt101","?","mitcc102","?","mitcc102","?","wilsj105","hawkc101","wrigr102","hubec101","sandh101","burng101","harpg101","schuj101","","","","9/F","T","F",8,7,2,"T","T",0,"F","F",1,"F","F",0,"F","F",9,"F","F","F","",0,0,"N",0,"N",0,"N",0,0,0,0,"9","","","","F","F","F","F","F","F","F","F","F","","","","F","F","F","F","F","","","","",0,9,0,0,0,0,0,0,0,71,"PHI","SLN","PHI",0,"T","F",4,8,0,33,0,"T","F",0,0,"T","T","schmw102","dyere101","T","T",0,0,0,0,0,0,0,0,0,"","","",0,0,0,0,0,0,0,0,0,0,0,0,0,"schuj101","F","F","F","F",0,0,0,0,0,0,0,0,0,0,F,F,"1925PHI.EVN.regular.event.csv",1732
"PHI192505190","SLN",8,0,1,0,0,"",4,8,"schmw102","?","schmw102","?","mitcc102","?","mitcc102","?","wilsj105","hawkc101","wrigr102","hubec101","sandh101","burng101","harpg101","schuj101","","","","63","F","F",2,8,2,"T","T",0,"F","F",1,"F","F",0,"F","F",6,"G","F","F","",0,0,"N",0,"N",0,"N",0,0,0,0,"63","","","","F","F","F","F","F","F","F","F","F","","","","F","F","F","F","F","","","","",0,3,0,0,6,0,0,0,0,72,"PHI","SLN","PHI",0,"F","F",4,8,0,34,1,"T","F",0,0,"T","T","dyere101","shinr101","T","T",0,0,0,0,0,0,0,0,0,"","","",0,0,0,0,0,0,0,0,0,0,0,0,0,"sandh101","F","F","F","F",0,0,0,0,0,0,0,0,0,0,F,F,"1925PHI.EVN.regular.event.csv",1733
"PHI192505190","SLN",8,0,2,0,0,"",4,8,"dyere101","?","dyere101","?","mitcc102","?","mitcc102","?","wilsj105","hawkc101","wrigr102","hubec101","sandh101","burng101","harpg101","schuj101","","","","31","F","F",1,9,2,"T","T",0,"F","F",1,"F","F",0,"F","F",3,"G","F","F","",0,0,"N",0,"N",0,"N",0,0,0,0,"31","","","","F","F","F","F","F","F","F","F","F","","","","F","F","F","F","F","","","","",0,1,0,0,3,0,0,0,0,73,"PHI","SLN","PHI",0,"F","T",4,8,0,35,2,"T","F",0,0,"F","F","shinr101","coonj103","T","T",0,0,0,0,0,0,0,0,0,"","","",0,0,0,0,0,0,0,0,0,0,0,0,0,"hawkc101","F","F","F","F",0,0,0,0,0,0,0,0,0,0,F,F,"1925PHI.EVN.regular.event.csv",1734
"PHI192505190","SLN",8,1,0,0,0,"",4,8,"burng101","?","burng101","?","dyere101","?","dyere101","?","schmw102","bottj101","hornr101","belll101","coonj103","bladr102","doutt101","shinr101","","","","S6/G56","T","F",7,1,20,"T","T",1,"F","F",0,"F","F",0,"F","F",6,"G","F","F","56",0,0,"N",0,"N",0,"N",1,0,0,0,"","","","","F","F","F","F","F","F","F","F","F","","","","F","F","F","F","F","","","","",0,0,0,0,0,0,0,0,0,74,"PHI","PHI","SLN",1,"T","F",8,4,0,36,0,"T","F",0,1,"T","T","wrigr102","schuj101","F","F",0,0,0,0,0,0,0,0,0,"","","",0,0,0,0,0,0,0,0,0,0,0,0,0,"coonj103","F","F","F","F",0,0,0,0,0,0,0,0,0,0,F,F,"1925PHI.EVN.regular.event.csv",1735
"PHI192505190","SLN",8,1,0,0,0,"",4,8,"wrigr102","?","wrigr102","?","dyere101","?","dyere101","?","schmw102","bottj101","hornr101","belll101","coonj103","bladr102","doutt101","shinr101","burng101","","","5/BP","F","F",4,2,2,"T","T",0,"F","F",1,"F","F",0,"F","F",5,"P","T","F","",0,0,"N",0,"N",0,"N",0,1,0,0,"5","","","","F","F","F","F","F","F","F","F","F","dyere101","","","F","F","F","F","F","","","","",0,5,0,0,0,0,0,0,0,75,"PHI","PHI","SLN",1,"F","F",8,4,0,37,1,"T","F",1,1,"T","T","schuj101","harpg101","F","F",7,1,74,0,0,0,0,0,0,"schmw102","","",0,0,0,0,0,0,0,0,0,0,0,0,0,"belll101","F","F","F","F",0,0,0,0,0,0,0,0,0,0,F,F,"1925PHI.EVN.regular.event.csv",1736
"PHI192505190","SLN",8,1,1,0,0,"",4,8,"schuj101","?","schuj101","?","dyere101","?","dyere101","?","schmw102","bottj101","hornr101","belll101","coonj103","bladr102","doutt101","shinr101","burng101","","","4(1)3/GDP","F","F",9,3,2,"T","T",0,"F","F",2,"T","F",0,"F","F",4,"G","F","F","",0,0,"N",0,"N",0,"N",0,0,0,0,"43","4","","","F","F","F","F","F","F","F","F","F","dyere101","","","F","F","F","F","F","","","","",0,4,3,0,4,0,0,0,0,76,"PHI","PHI","SLN",1,"F","T",8,4,0,38,2,"T","F",1,0,"F","F","harpg101","hawkc101","F","F",7,1,74,0,0,0,0,0,0,"schmw102","","",0,0,0,0,0,0,0,0,0,0,0,0,0,"hornr101","T","F","F","F",0,0,0,0,0,0,0,0,0,0,F,F,"1925PHI.EVN.regular.event.csv",1737
"PHI192505190","SLN",9,0,0,0,0,"",4,8,"shinr101","?","shinr101","?","mitcc102","?","mitcc102","?","wilsj105","hawkc101","wrigr102","hubec101","sandh101","burng101","harpg101","schuj101","","","","S8","T","F",9,1,20,"T","T",1,"F","F",0,"F","F",0,"F","F",8,"","F","F","",0,0,"N",0,"N",0,"N",1,0,0,0,"","","","","F","F","F","F","F","F","F","F","F","","","","F","F","F","F","F","","","","",0,0,0,0,0,0,0,0,0,77,"PHI","SLN","PHI",0,"T","F",4,8,0,36,0,"T","F",0,1,"T","T","coonj103","hornr101","T","T",0,0,0,0,0,0,0,0,0,"","","",0,0,0,0,0,0,0,0,0,0,0,0,0,"harpg101","F","F","F","F",2,0,0,0,0,0,0,0,0,0,F,F,"1925PHI.EVN.regular.event.csv",1738
"PHI192505190","SLN",9,0,0,0,0,"",4,8,"coonj103","?","coonj103","?","mitcc102","?","mitcc102","?","wilsj105","hawkc101","wrigr102","hubec101","sandh101","burng101","harpg101","schuj101","shinr101","","","13.1-2","F","F",6,2,2,"T","T",0,"F","F",1,"F","F",0,"F","F",1,"G","F","F","",0,0,"N",0,"N",0,"N",0,2,0,0,"13","","","","F","F","F","F","F","F","F","F","F","mitcc102","","","F","F","F","F","F","","","","",0,3,0,0,1,0,0,0,0,78,"PHI","SLN","PHI",0,"F","F",4,8,0,37,1,"T","F",1,2,"T","T","hornr101","bottj101","T","T",9,1,77,0,0,0,0,0,0,"wilsj105","","",0,0,0,0,0,0,0,0,0,0,0,0,0,"mitcc102","F","F","F","F",0,2,0,0,0,0,0,0,0,0,F,F,"1925PHI.EVN.regular.event.csv",1739
"PHI192505190","SLN",9,0,1,0,0,"",4,8,"hornr101","?","hornr101","?","mitcc102","?","mitcc102","?","wilsj105","hawkc101","wrigr102","hubec101","sandh101","burng101","harpg101","schuj101","","shinr101","","3/L","F","F",4,3,2,"T","T",0,"F","F",1,"F","F",0,"F","F",3,"L","F","F","",0,0,"N",0,"N",0,"N",0,0,2,0,"3","","","","F","F","F","F","F","F","F","F","F","","mitcc102","","F","F","F","F","F","","","","",0,3,0,0,0,0,0,0,0,79,"PHI","SLN","PHI",0,"F","F",4,8,0,38,2,"T","F",2,2,"T","T","bottj101","belll101","T","T",0,0,0,9,1,77,0,0,0,"","wilsj105","",0,0,0,0,0,0,0,0,0,0,0,0,0,"hawkc101","F","F","F","F",0,0,2,0,0,0,0,0,0,0,F,F,"1925PHI.EVN.regular.event.csv",1740
"PHI192505190","SLN",9,0,2,0,0,"",4,8,"bottj101","?","bottj101","?","mitcc102","?","mitcc102","?","wilsj105","hawkc101","wrigr102","hubec101","sandh101","burng101","harpg101","schuj101","","shinr101","","9/F","F","F",3,4,2,"T","T",0,"F","F",1,"F","F",0,"F","F",9,"F","F","F","",0,0,"N",0,"N",0,"N",0,0,2,0,"9","","","","F","F","F","F","F","F","F","F","F","","mitcc102","","F","T","F","F","F","","","","",0,9,0,0,0,0,0,0,0,80,"PHI","SLN","PHI",0,"F","T",4,8,0,39,3,"T","F",2,2,"T","T","belll101","bladr102","T","T",0,0,0,9,1,77,0,0,0,"","wilsj105","",0,0,0,0,0,0,0,0,0,0,0,0,0,"schuj101","F","F","F","F",0,0,2,0,0,0,0,0,0,0,F,F,"1925PHI.EVN.regular.event.csv",1741
"PHI192505200","SLN",1,0,0,0,0,"",0,0,"bladr102","?","bladr102","?","knigj103","?","knigj103","?","wilsj105","hawkc101","wrigr102","hubec101","sandh101","burng101","harpg101","willc103","","","","D9/9DW","T","F",7,1,21,"T","T",2,"F","F",0,"F","F",0,"F","F",9,"","F","F","9DW",0,0,"N",0,"N",0,"N",2,0,0,0,"","","","","F","F","F","F","F","F","F","F","F","","","","T","F","F","F","F","","","","",0,0,0,0,0,0,0,0,0,1,"PHI","SLN","PHI",0,"T","F",0,0,0,0,0,"T","F",0,2,"T","T","smitj106","hornr101","T","T",0,0,0,0,0,0,0,0,0,"","","",0,0,0,0,0,0,0,0,0,0,0,0,0,"willc103","F","F","F","F",4,0,0,0,1,0,0,0,0,0,F,F,"1925PHI.EVN.regular.event.csv",1742
"PHI192505200","SLN",1,0,0,0,0,"",0,0,"smitj106","?","smitj106","?","knigj103","?","knigj103","?","wilsj105","hawkc101","wrigr102","hubec101","sandh101","burng101","harpg101","willc103","","bladr102","","WP.2-3","F","F",9,2,9,"F","F",0,"F","F",0,"F","F",0,"T","F",0,"","F","F","",0,0,"N",0,"N",0,"N",0,0,3,0,"","","","","F","F","F","F","F","F","F","F","F","","knigj103","","F","F","F","F","F","","","","",0,0,0,0,0,0,0,0,0,2,"PHI","SLN","PHI",0,"F","F",0,0,0,1,1,"T","F",2,4,"T","T","hornr101","bottj101","T","T",0,0,0,7,1,1,0,0,0,"","wilsj105","",0,0,0,0,0,0,0,0,0,0,0,0,0,"","F","F","F","F",0,0,4,0,1,0,0,0,0,0,F,F,"1925PHI.EVN.regular.event.csv",1743
"PHI192505200","SLN",1,0,0,0,0,"",0,0,"smitj106","?","smitj106","?","knigj103","?","knigj103","?","wilsj105","hawkc101","wrigr102","hubec101","sandh101","burng101","harpg101","willc103","","","bladr102","9/F9S","F","F",9,2,2,"T","T",0,"F","F",1,"F","F",0,"F","F",9,"F","F","F","9S",0,0,"N",0,"N",0,"N",0,0,0,3,"9","","","","F","F","F","F","F","F","F","F","F","","","knigj103","F","F","F","F","F","","","","",0,9,0,0,0,0,0,0,0,3,"PHI","SLN","PHI",0,"F","F",0,0,0,1,1,"F","F",4,4,"T","T","hornr101","bottj101","T","T",0,0,0,0,0,0,7,1,1,"","","wilsj105",0,0,0,0,0,0,0,0,0,0,0,0,0,"willc103","F","F","F","F",0,0,0,4,1,0,0,0,0,0,F,F,"1925PHI.EVN.regular.event.csv",1744
"PHI192505200","SLN",1,0,1,0,0,"",0,0,"hornr101","?","hornr101","?","knigj103","?","knigj103","?","wilsj105","hawkc101","wrigr102","hubec101","sandh101","burng101","harpg101","willc103","","","bladr102","S8.3-H","F","F",4,3,20,"T","T",1,"F","F",0,"F","F",1,"F","F",8,"","F","F","",0,0,"N",0,"N",0,"N",1,0,0,4,"","","","","F","F","F","F","F","F","F","F","F","","","knigj103","F","F","F","F","F","","","","",0,0,0,0,0,0,0,0,0,4,"PHI","SLN","PHI",0,"F","F",0,0,0,2,2,"T","F",4,1,"T","T","bottj101","belll101","T","T",0,0,0,0,0,0,7,1,1,"","","wilsj105",0,0,0,0,0,0,0,0,0,0,0,0,1,"harpg101","F","F","F","F",0,0,0,4,0,0,0,0,0,0,F,F,"1925PHI.EVN.regular.event.csv",1745
"PHI192505200","SLN",1,0,1,0,0,"",1,0,"bottj101","?","bottj101","?","knigj103","?","knigj103","?","wilsj105","hawkc101","wrigr102","hubec101","sandh101","burng101","harpg101","willc103","hornr101","","","46(1)/FO","F","F",3,4,2,"T","T",0,"F","F",1,"F","F",0,"F","F",4,"G","F","F","",0,0,"N",0,"N",0,"N",1,0,0,0,"","46","","","F","F","F","F","F","F","F","F","F","knigj103","","","F","F","F","F","F","","","","",0,6,0,0,4,0,0,0,0,5,"PHI","SLN","PHI",0,"F","F",1,0,1,3,3,"T","F",1,1,"T","T","belll101","muelh102","T","T",4,3,4,0,0,0,0,0,0,"wilsj105","","",0,0,0,0,0,0,0,0,0,0,0,0,0,"wrigr102","T","F","F","F",0,0,0,0,0,0,0,0,0,0,F,F,"1925PHI.EVN.regular.event.csv",1746
"PHI192505200","SLN",1,0,2,0,0,"",1,0,"belll101","?","belll101","?","knigj103","?","knigj103","?","wilsj105","hawkc101","wrigr102","hubec101","sandh101","burng101","harpg101","willc103","bottj101","","","54(1)/FO","F","F",5,5,2,"T","T",0,"F","F",1,"F","F",0,"F","F",5,"G","F","F","",0,0,"N",0,"N",0,"N",1,0,0,0,"","54","","","F","F","F","F","F","F","F","F","F","knigj103","","","F","F","F","F","F","","","","",0,4,0,0,5,0,0,0,0,6,"PHI","SLN","PHI",0,"F","T",1,0,1,4,4,"T","F",1,1,"T","T","muelh102","freih101","T","T",3,4,5,0,0,0,0,0,0,"wilsj105","","",0,0,0,0,0,0,0,0,0,0,0,0,0,"hubec101","T","F","F","F",0,0,0,0,0,0,0,0,0,0,F,F,"1925PHI.EVN.regular.event.csv",1747
"PHI192505200","SLN",1,1,0,0,0,"",1,0,"burng101","?","burng101","?","dickl101","?","dickl101","?","gonzm101","bottj101","hornr101","belll101","freih101","bladr102","muelh102","smitj106","","","","31","T","F",7,1,2,"T","T",0,"F","F",1,"F","F",0,"F","F",3,"G","F","F","",0,0,"N",0,"N",0,"N",0,0,0,0,"31","","","","F","F","F","F","F","F","F","F","F","","","","F","F","F","F","F","","","","",0,1,0,0,3,0,0,0,0,7,"PHI","PHI","SLN",1,"T","F",0,1,0,0,0,"T","F",0,0,"T","T","wrigr102","willc103","T","T",0,0,0,0,0,0,0,0,0,"","","",0,0,0,0,0,0,0,0,0,0,0,0,0,"bottj101","F","F","F","F",0,0,0,0,2,0,0,0,0,0,F,F,"1925PHI.EVN.regular.event.csv",1748
"PHI192505200","SLN",1,1,1,0,0,"",1,0,"wrigr102","?","wrigr102","?","dickl101","?","dickl101","?","gonzm101","bottj101","hornr101","belll101","freih101","bladr102","muelh102","smitj106","","","","W","F","F",4,2,14,"T","F",0,"F","F",0,"F","F",0,"F","F",0,"","F","F","",0,0,"N",0,"N",0,"N",1,0,0,0,"","","","","F","F","F","F","F","F","F","F","F","","","","F","F","F","F","F","","","","",0,0,0,0,0,0,0,0,0,8,"PHI","PHI","SLN",1,"F","F",0,1,0,1,1,"T","F",0,1,"T","T","willc103","harpg101","T","T",0,0,0,0,0,0,0,0,0,"","","",0,0,0,0,0,0,0,0,0,0,0,0,0,"","F","F","F","F",4,0,0,0,2,0,0,0,0,0,F,F,"1925PHI.EVN.regular.event.csv",1749
"PHI192505200","SLN",1,1,1,0,0,"",1,0,"willc103","?","willc103","?","dickl101","?","dickl101","?","gonzm101","bottj101","hornr101","belll101","freih101","bladr102","muelh102","smitj106","wrigr102","","","W.1-2","F","F",9,3,14,"T","F",0,"F","F",0,"F","F",0,"F","F",0,"","F","F","",0,0,"N",0,"N",0,"N",1,2,0,0,"","","","","F","F","F","F","F","F","F","F","F","dickl101","","","F","F","F","F","F","","","","",0,0,0,0,0,0,0,0,0,9,"PHI","PHI","SLN",1,"F","F",0,1,0,2,2,"T","F",1,3,"T","T","harpg101","hawkc101","T","T",4,2,8,0,0,0,0,0,0,"gonzm101","","",0,0,0,0,0,0,0,0,0,0,0,0,0,"","F","F","F","F",5,4,0,0,2,0,0,0,0,0,F,F,"1925PHI.EVN.regular.event.csv",1750
"PHI192505200","SLN",1,1,1,0,0,"",1,0,"harpg101","?","harpg101","?","dickl101","?","dickl101","?","gonzm101","bottj101","hornr101","belll101","freih101","bladr102","muelh102","smitj106","willc103","wrigr102","","S3/G.2-H(E3/TH1)(NR);1-2","F","F",8,4,20,"T","T",1,"F","F",0,"F","F",0,"F","F",3,"G","F","F","",1,3,"T",0,"N",0,"N",1,2,4,0,"","","","","F","F","F","F","F","F","F","F","F","dickl101","dickl101","","F","F","F","F","F","","","","",0,0,0,0,0,0,0,0,0,10,"PHI","PHI","SLN",1,"F","F",0,1,0,3,3,"T","F",3,3,"T","T","hawkc101","wilsj105","T","T",9,3,9,4,2,8,0,0,0,"gonzm101","gonzm101","",0,0,0,0,0,0,0,0,0,0,0,0,1,"bottj101","F","F","F","F",0,5,4,0,1,0,0,0,0,0,F,F,"1925PHI.EVN.regular.event.csv",1751
"PHI192505200","SLN",1,1,1,0,0,"",1,1,"hawkc101","?","hawkc101","?","dickl101","?","dickl101","?","gonzm101","bottj101","hornr101","belll101","freih101","bladr102","muelh102","smitj106","harpg101","willc103","","FC4.2-3;1-2(E4/TH2)","F","F",3,5,19,"T","T",0,"F","F",0,"F","F",0,"F","F",4,"G","F","F","",1,4,"T",0,"N",0,"N",1,2,3,0,"","","","","F","F","F","F","F","F","F","F","F","dickl101","dickl101","","F","F","F","F","F","","","","",0,0,0,0,0,0,0,0,0,11,"PHI","PHI","SLN",1,"F","F",1,1,1,4,4,"T","F",3,7,"T","T","wilsj105","sandh101","T","T",8,4,10,9,3,9,0,0,0,"gonzm101","gonzm101","",0,0,0,0,0,0,0,0,0,0,0,0,0,"hornr101","F","F","F","F",0,0,5,0,1,0,0,0,0,0,F,F,"1925PHI.EVN.regular.event.csv",1752
"PHI192505200","SLN",1,1,1,0,0,"",1,1,"wilsj105","?","wilsj105","?","dickl101","?","dickl101","?","gonzm101","bottj101","hornr101","belll101","freih101","bladr102","muelh102","smitj106","hawkc101","harpg101","willc103","64(1)/FO.3-H(UR);2-3","F","F",2,6,2,"T","T",0,"F","F",1,"F","F",1,"F","F",6,"G","F","F","",0,0,"N",0,"N",0,"N",1,0,3,5,"","64","","","F","F","F","F","F","F","F","F","F","dickl101","dickl101","dickl101","F","F","F","F","F","","","","",0,4,0,0,6,0,0,0,0,12,"PHI","PHI","SLN",1,"F","F",1,1,1,5,5,"T","F",7,5,"T","T","sandh101","hubec101","T","T",3,5,11,8,4,10,9,3,9,"gonzm101","gonzm101","gonzm101",0,0,0,0,0,0,0,0,0,0,0,0,1,"freih101","T","F","F","F",0,0,0,5,0,0,0,0,0,0,F,F,"1925PHI.EVN.regular.event.csv",1753
"PHI192505200","SLN",1,1,2,0,0,"",1,2,"sandh101","?","sandh101","?","dickl101","?","dickl101","?","gonzm101","bottj101","hornr101","belll101","freih101","bladr102","muelh102","smitj106","wilsj105","","harpg101","K/C","F","F",6,7,3,"T","T",0,"F","F",1,"F","F",0,"F","F",0,"","F","F","",0,0,"N",0,"N",0,"N",0,1,0,3,"2","","","","F","F","F","F","F","F","F","F","F","dickl101","","dickl101","F","F","F","F","F","","","","",0,2,0,0,0,0,0,0,0,13,"PHI","PHI","SLN",1,"F","T",2,1,2,6,6,"T","F",5,5,"T","T","hubec101","knigj103","T","T",2,6,12,0,0,0,8,4,10,"gonzm101","","gonzm101",0,0,0,0,0,0,0,0,0,0,0,0,0,"","F","F","F","F",0,0,0,0,0,0,0,0,0,0,F,F,"1925PHI.EVN.regular.event.csv",1754
"PHI192505200","SLN",2,0,0,0,0,"",1,2,"muelh102","?","muelh102","?","knigj103","?","knigj103","?","wilsj105","hawkc101","wrigr102","hubec101","sandh101","burng101","harpg101","willc103","","","","S9","T","F",8,6,20,"T","T",1,"F","F",0,"F","F",0,"F","F",9,"","F","F","",0,0,"N",0,"N",0,"N",1,0,0,0,"","","","","F","F","F","F","F","F","F","F","F","","","","F","F","F","F","F","","","","",0,0,0,0,0,0,0,0,0,14,"PHI","SLN","PHI",0,"T","F",1,2,0,5,0,"T","F",0,1,"T","T","freih101","gonzm101","T","T",0,0,0,0,0,0,0,0,0,"","","",0,0,0,0,0,0,0,0,0,0,0,0,0,"willc103","F","F","F","F",0,0,0,0,0,0,0,0,0,0,F,F,"1925PHI.EVN.regular.event.csv",1755
"PHI192505200","SLN",2,0,0,0,0,"",1,2,"freih101","?","freih101","?","knigj103","?","knigj103","?","wilsj105","hawkc101","wrigr102","hubec101","sandh101","burng101","harpg101","willc103","muelh102","","","9/LDP.1X1(93)","F","F",6,7,2,"T","T",0,"F","F",2,"T","F",0,"F","F",9,"L","F","F","",0,0,"N",0,"N",0,"N",0,0,0,0,"9","93","","","F","F","F","F","F","F","F","F","F","knigj103","","","F","F","F","F","F","","","","",0,9,3,0,9,0,0,0,0,15,"PHI","SLN","PHI",0,"F","F",1,2,0,6,1,"T","F",1,0,"T","T","gonzm101","dickl101","T","T",8,6,14,0,0,0,0,0,0,"wilsj105","","",0,0,0,0,0,0,0,0,0,0,0,0,0,"willc103","F","F","F","F",0,0,0,0,0,0,0,0,0,0,F,F,"1925PHI.EVN.regular.event.csv",1756
"PHI192505200","SLN",2,0,2,0,0,"",1,2,"gonzm101","?","gonzm101","?","knigj103","?","knigj103","?","wilsj105","hawkc101","wrigr102","hubec101","sandh101","burng101","harpg101","willc103","","","","W","F","F",2,8,14,"T","F",0,"F","F",0,"F","F",0,"F","F",0,"","F","F","",0,0,"N",0,"N",0,"N",1,0,0,0,"","","","","F","F","F","F","F","F","F","F","F","","","","F","F","F","F","F","","","","",0,0,0,0,0,0,0,0,0,16,"PHI","SLN","PHI",0,"F","F",1,2,0,7,2,"T","F",0,1,"T","T","dickl101","bladr102","T","T",0,0,0,0,0,0,0,0,0,"","","",0,0,0,0,0,0,0,0,0,0,0,0,0,"","F","F","F","F",0,0,0,0,0,0,0,0,0,0,F,F,"1925PHI.EVN.regular.event.csv",1757
"PHI192505200","SLN",2,0,2,0,0,"",1,2,"dickl101","?","dickl101","?","knigj103","?","knigj103","?","wilsj105","hawkc101","wrigr102","hubec101","sandh101","burng101","harpg101","willc103","gonzm101","","","54(1)/FO","F","F",1,9,2,"T","T",0,"F","F",1,"F","F",0,"F","F",5,"G","F","F","",0,0,"N",0,"N",0,"N",1,0,0,0,"","54","","","F","F","F","F","F","F","F","F","F","knigj103","","","F","F","F","F","F","","","","",0,4,0,0,5,0,0,0,0,17,"PHI","SLN","PHI",0,"F","T",1,2,0,8,3,"T","F",1,1,"T","T","bladr102","smitj106","T","T",2,8,16,0,0,0,0,0,0,"wilsj105","","",0,0,0,0,0,0,0,0,0,0,0,0,0,"hubec101","T","F","F","F",0,0,0,0,0,0,0,0,0,0,F,F,"1925PHI.EVN.regular.event.csv",1758
"PHI192505200","SLN",2,1,0,0,0,"",1,2,"hubec101","?","hubec101","?","dickl101","?","dickl101","?","gonzm101","bottj101","hornr101","belll101","freih101","bladr102","muelh102","smitj106","","","","6/P56D","T","F",5,8,2,"T","T",0,"F","F",1,"F","F",0,"F","F",6,"P","F","F","56D",0,0,"N",0,"N",0,"N",0,0,0,0,"6","","","","F","F","F","F","F","F","F","F","F","","","","F","F","F","F","F","","","","",0,6,0,0,0,0,0,0,0,18,"PHI","PHI","SLN",1,"T","F",2,1,0,7,0,"T","F",0,0,"T","T","knigj103","burng101","T","T",0,0,0,0,0,0,0,0,0,"","","",0,0,0,0,0,0,0,0,0,0,0,0,0,"freih101","F","F","F","F",0,0,0,0,0,0,0,0,0,0,F,F,"1925PHI.EVN.regular.event.csv",1759
"PHI192505200","SLN",2,1,1,0,0,"",1,2,"knigj103","?","knigj103","?","dickl101","?","dickl101","?","gonzm101","bottj101","hornr101","belll101","freih101","bladr102","muelh102","smitj106","","","","63","F","F",1,9,2,"T","T",0,"F","F",1,"F","F",0,"F","F",6,"G","F","F","",0,0,"N",0,"N",0,"N",0,0,0,0,"63","","","","F","F","F","F","F","F","F","F","F","","","","F","F","F","F","F","","","","",0,3,0,0,6,0,0,0,0,19,"PHI","PHI","SLN",1,"F","F",2,1,0,8,1,"T","F",0,0,"T","T","burng101","wrigr102","T","T",0,0,0,0,0,0,0,0,0,"","","",0,0,0,0,0,0,0,0,0,0,0,0,0,"freih101","F","F","F","F",0,0,0,0,0,0,0,0,0,0,F,F,"1925PHI.EVN.regular.event.csv",1760
"PHI192505200","SLN",2,1,2,0,0,"",1,2,"burng101","?","burng101","?","dickl101","?","dickl101","?","gonzm101","bottj101","hornr101","belll101","freih101","bladr102","muelh102","smitj106","","","","13","F","F",7,1,2,"T","T",0,"F","F",1,"F","F",0,"F","F",1,"G","F","F","",0,0,"N",0,"N",0,"N",0,0,0,0,"13","","","","F","F","F","F","F","F","F","F","F","","","","F","F","F","F","F","","","","",0,3,0,0,1,0,0,0,0,20,"PHI","PHI","SLN",1,"F","T",2,1,0,9,2,"T","F",0,0,"T","T","wrigr102","willc103","T","T",0,0,0,0,0,0,0,0,0,"","","",0,0,0,0,0,0,0,0,0,0,0,0,0,"dickl101","F","F","F","F",0,0,0,0,0,0,0,0,0,0,F,F,"1925PHI.EVN.regular.event.csv",1761
"PHI192505200","SLN",3,0,0,0,0,"",1,2,"bladr102","?","bladr102","?","knigj103","?","knigj103","?","wilsj105","hawkc101","wrigr102","hubec101","sandh101","burng101","harpg101","willc103","","","","S7","T","F",7,1,20,"T","T",1,"F","F",0,"F","F",0,"F","F",7,"","F","F","",0,0,"N",0,"N",0,"N",1,0,0,0,"","","","","F","F","F","F","F","F","F","F","F","","","","F","F","F","F","F","","","","",0,0,0,0,0,0,0,0,0,21,"PHI","SLN","PHI",0,"T","F",1,2,0,9,0,"T","F",0,1,"T","T","smitj106","hornr101","T","T",0,0,0,0,0,0,0,0,0,"","","",0,0,0,0,0,0,0,0,0,0,0,0,0,"burng101","F","F","F","F",0,0,0,0,0,0,0,0,0,0,F,F,"1925PHI.EVN.regular.event.csv",1762
"PHI192505200","SLN",3,0,0,0,0,"",1,2,"smitj106","?","smitj106","?","knigj103","?","knigj103","?","wilsj105","hawkc101","wrigr102","hubec101","sandh101","burng101","harpg101","willc103","bladr102","","","6/P","F","F",9,2,2,"T","T",0,"F","F",1,"F","F",0,"F","F",6,"P","F","F","",0,0,"N",0,"N",0,"N",0,1,0,0,"6","","","","F","F","F","F","F","F","F","F","F","knigj103","","","F","F","F","F","F","","","","",0,6,0,0,0,0,0,0,0,22,"PHI","SLN","PHI",0,"F","F",1,2,0,10,1,"T","F",1,1,"T","T","hornr101","bottj101","T","T",7,1,21,0,0,0,0,0,0,"wilsj105","","",0,0,0,0,0,0,0,0,0,0,0,0,0,"sandh101","F","F","F","F",0,0,0,0,0,0,0,0,0,0,F,F,"1925PHI.EVN.regular.event.csv",1763
"PHI192505200","SLN",3,0,1,0,0,"",1,2,"hornr101","?","hornr101","?","knigj103","?","knigj103","?","wilsj105","hawkc101","wrigr102","hubec101","sandh101","burng101","harpg101","willc103","bladr102","","","13/SH.1-2","F","F",4,3,2,"T","F",0,"T","F",1,"F","F",0,"F","F",1,"G","T","F","",0,0,"N",0,"N",0,"N",0,2,0,0,"13","","","","F","F","F","F","F","F","F","F","F","knigj103","","","F","F","F","F","F","","","","",0,3,0,0,1,0,0,0,0,23,"PHI","SLN","PHI",0,"F","F",1,2,0,11,2,"T","F",1,2,"T","T","bottj101","belll101","T","T",7,1,21,0,0,0,0,0,0,"wilsj105","","",0,0,0,0,0,0,0,0,0,0,0,0,0,"knigj103","F","F","F","F",0,0,0,0,0,0,0,0,0,0,F,F,"1925PHI.EVN.regular.event.csv",1764
"PHI192505200","SLN",3,0,2,0,0,"",1,2,"bottj101","?","bottj101","?","knigj103","?","knigj103","?","wilsj105","hawkc101","wrigr102","hubec101","sandh101","burng101","harpg101","willc103","","bladr102","","W","F","F",3,4,14,"T","F",0,"F","F",0,"F","F",0,"F","F",0,"","F","F","",0,0,"N",0,"N",0,"N",1,0,2,0,"","","","","F","F","F","F","F","F","F","F","F","","knigj103","","F","F","F","F","F","","","","",0,0,0,0,0,0,0,0,0,24,"PHI","SLN","PHI",0,"F","F",1,2,0,12,3,"T","F",2,3,"T","T","belll101","muelh102","T","T",0,0,0,7,1,21,0,0,0,"","wilsj105","",0,0,0,0,0,0,0,0,0,0,0,0,0,"","F","F","F","F",0,0,0,0,0,0,0,0,0,0,F,F,"1925PHI.EVN.regular.event.csv",1765
"PHI192505200","SLN",3,0,2,0,0,"",1,2,"belll101","?","belll101","?","knigj103","?","knigj103","?","wilsj105","hawkc101","wrigr102","hubec101","sandh101","burng101","harpg101","willc103","bottj101","bladr102","","5(2)/FO","F","F",5,5,2,"T","T",0,"F","F",1,"F","F",0,"F","F",5,"G","F","F","",0,0,"N",0,"N",0,"N",1,1,0,0,"","","5","","F","F","F","F","F","F","F","F","F","knigj103","knigj103","","F","F","F","F","F","","","","",0,5,0,0,0,0,0,0,0,25,"PHI","SLN","PHI",0,"F","T",1,2,0,13,4,"T","F",3,1,"T","T","muelh102","freih101","T","T",3,4,24,7,1,21,0,0,0,"wilsj105","wilsj105","",0,0,0,0,0,0,0,0,0,0,0,0,0,"hubec101","F","T","F","F",0,0,0,0,0,0,0,0,0,0,F,F,"1925PHI.EVN.regular.event.csv",1766
"PHI192505200","SLN",3,1,0,0,0,"",1,2,"wrigr102","?","wrigr102","?","dickl101","?","dickl101","?","gonzm101","bottj101","hornr101","belll101","freih101","bladr102","muelh102","smitj106","","","","9/F","T","F",4,2,2,"T","T",0,"F","F",1,"F","F",0,"F","F",9,"F","F","F","",0,0,"N",0,"N",0,"N",0,0,0,0,"9","","","","F","F","F","F","F","F","F","F","F","","","","F","F","F","F","F","","","","",0,9,0,0,0,0,0,0,0,26,"PHI","PHI","SLN",1,"T","F",2,1,0,10,0,"T","F",0,0,"T","T","willc103","harpg101","T","T",0,0,0,0,0,0,0,0,0,"","","",0,0,0,0,0,0,0,0,0,0,0,0,0,"smitj106","F","F","F","F",0,0,0,0,0,0,0,0,0,0,F,F,"1925PHI.EVN.regular.event.csv",1767
"PHI192505200","SLN",3,1,1,0,0,"",1,2,"willc103","?","willc103","?","dickl101","?","dickl101","?","gonzm101","bottj101","hornr101","belll101","freih101","bladr102","muelh102","smitj106","","","","W","F","F",9,3,14,"T","F",0,"F","F",0,"F","F",0,"F","F",0,"","F","F","",0,0,"N",0,"N",0,"N",1,0,0,0,"","","","","F","F","F","F","F","F","F","F","F","","","","F","F","F","F","F","","","","",0,0,0,0,0,0,0,0,0,27,"PHI","PHI","SLN",1,"F","F",2,1,0,11,1,"T","F",0,1,"T","T","harpg101","hawkc101","T","T",0,0,0,0,0,0,0,0,0,"","","",0,0,0,0,0,0,0,0,0,0,0,0,0,"","F","F","F","F",0,0,0,0,0,0,0,0,0,0,F,F,"1925PHI.EVN.regular.event.csv",1768
"PHI192505200","SLN",3,1,1,0,0,"",1,2,"harpg101","?","harpg101","?","dickl101","?","dickl101","?","gonzm101","bottj101","hornr101","belll101","freih101","bladr102","muelh102","smitj106","willc103","","","S7/G5L.1-2","F","F",8,4,20,"T","T",1,"F","F",0,"F","F",0,"F","F",7,"G","F","F","5L",0,0,"N",0,"N",0,"N",1,2,0,0,"","","","","F","F","F","F","F","F","F","F","F","dickl101","","","F","F","F","F","F","","","","",0,0,0,0,0,0,0,0,0,28,"PHI","PHI","SLN",1,"F","F",2,1,0,12,2,"T","F",1,3,"T","T","hawkc101","wilsj105","T","T",9,3,27,0,0,0,0,0,0,"gonzm101","","",0,0,0,0,0,0,0,0,0,0,0,0,0,"bladr102","F","F","F","F",0,0,0,0,0,0,0,0,0,0,F,F,"1925PHI.EVN.regular.event.csv",1769
"PHI192505200","SLN",3,1,1,0,0,"",1,2,"hawkc101","?","hawkc101","?","dickl101","?","dickl101","?","gonzm101","bottj101","hornr101","belll101","freih101","bladr102","muelh102","smitj106","harpg101","willc103","","43.2-3;1-2","F","F",3,5,2,"T","T",0,"F","F",1,"F","F",0,"F","F",4,"G","F","F","",0,0,"N",0,"N",0,"N",0,2,3,0,"43","","","","F","F","F","F","F","F","F","F","F","dickl101","dickl101","","F","F","F","F","F","","","","",0,3,0,0,4,0,0,0,0,29,"PHI","PHI","SLN",1,"F","F",2,1,0,13,3,"T","F",3,6,"T","T","wilsj105","sandh101","T","T",8,4,28,9,3,27,0,0,0,"gonzm101","gonzm101","",0,0,0,0,0,0,0,0,0,0,0,0,0,"hornr101","F","F","F","F",0,0,0,0,0,0,0,0,0,0,F,F,"1925PHI.EVN.regular.event.csv",1770
"PHI192505200","SLN",3,1,2,0,0,"",1,2,"wilsj105","?","wilsj105","?","dickl101","?","dickl101","?","gonzm101","bottj101","hornr101","belll101","freih101","bladr102","muelh102","smitj106","","harpg101","willc103","W","F","F",2,6,14,"T","F",0,"F","F",0,"F","F",0,"F","F",0,"","F","F","",0,0,"N",0,"N",0,"N",1,0,2,3,"","","","","F","F","F","F","F","F","F","F","F","","dickl101","dickl101","F","F","F","F","F","","","","",0,0,0,0,0,0,0,0,0,30,"PHI","PHI","SLN",1,"F","F",2,1,0,14,4,"T","F",6,7,"T","T","sandh101","hubec101","T","T",0,0,0,8,4,28,9,3,27,"","gonzm101","gonzm101",0,0,0,0,0,0,0,0,0,0,0,0,0,"","F","F","F","F",0,0,0,0,0,0,0,0,0,0,F,F,"1925PHI.EVN.regular.event.csv",1771
"PHI192505200","SLN",3,1,2,0,0,"",1,2,"sandh101","?","sandh101","?","dickl101","?","dickl101","?","gonzm101","bottj101","hornr101","belll101","freih101","bladr102","muelh102","smitj106","wilsj105","harpg101","willc103","K","F","F",6,7,3,"T","T",0,"F","F",1,"F","F",0,"F","F",0,"","F","F","",0,0,"N",0,"N",0,"N",0,1,2,3,"2","","","","F","F","F","F","F","F","F","F","F","dickl101","dickl101","dickl101","F","F","F","F","F","","","","",0,2,0,0,0,0,0,0,0,31,"PHI","PHI","SLN",1,"F","T",2,1,0,15,5,"T","F",7,7,"T","T","hubec101","knigj103","T","T",2,6,30,8,4,28,9,3,27,"gonzm101","gonzm101","gonzm101",0,0,0,0,0,0,0,0,0,0,0,0,0,"","F","F","F","F",0,0,0,0,0,0,0,0,0,0,F,F,"1925PHI.EVN.regular.event.csv",1772
"PHI192505200","SLN",4,0,0,0,0,"",1,2,"muelh102","?","muelh102","?","knigj103","?","knigj103","?","wilsj105","hawkc101","wrigr102","hubec101","sandh101","burng101","harpg101","willc103","","","","E4/G","T","F",8,6,18,"T","T",0,"F","F",0,"F","F",0,"F","F",4,"G","F","F","",1,4,"F",0,"N",0,"N",1,0,0,0,"","","","","F","F","F","F","F","F","F","F","F","","","","F","F","F","F","F","","","","",0,0,0,0,0,0,0,0,0,32,"PHI","SLN","PHI",0,"T","F",1,2,0,14,0,"T","F",0,1,"T","T","freih101","gonzm101","T","T",0,0,0,0,0,0,0,0,0,"","","",0,0,0,0,0,0,0,0,0,0,0,0,0,"wrigr102","F","F","F","T",5,0,0,0,1,0,0,0,0,0,F,F,"1925PHI.EVN.regular.event.csv",1773
"PHI192505200","SLN",4,0,0,0,0,"",1,2,"freih101","?","freih101","?","knigj103","?","knigj103","?","wilsj105","hawkc101","wrigr102","hubec101","sandh101","burng101","harpg101","willc103","muelh102","","","13/G1S.1-2","F","F",6,7,2,"T","T",0,"F","F",1,"F","F",0,"F","F",1,"G","F","F","1S",0,0,"N",0,"N",0,"N",0,2,0,0,"13","","","","F","F","F","F","F","F","F","F","F","knigj103","","","F","F","F","F","F","","","","",0,3,0,0,1,0,0,0,0,33,"PHI","SLN","PHI",0,"F","F",1,2,0,15,1,"T","F",1,2,"T","T","gonzm101","dickl101","T","T",8,6,32,0,0,0,0,0,0,"wilsj105","","",0,0,0,0,0,0,0,0,0,0,0,0,0,"knigj103","F","F","F","F",0,5,0,0,1,0,0,0,0,0,F,F,"1925PHI.EVN.regular.event.csv",1774
"PHI192505200","SLN",4,0,1,0,0,"",1,2,"gonzm101","?","gonzm101","?","knigj103","?","knigj103","?","wilsj105","hawkc101","wrigr102","hubec101","sandh101","burng101","harpg101","willc103","","muelh102","","53.2-3","F","F",2,8,2,"T","T",0,"F","F",1,"F","F",0,"F","F",5,"G","F","F","",0,0,"N",0,"N",0,"N",0,0,3,0,"53","","","","F","F","F","F","F","F","F","F","F","","knigj103","","F","F","F","F","F","","","","",0,3,0,0,5,0,0,0,0,34,"PHI","SLN","PHI",0,"F","F",1,2,0,16,2,"T","F",2,4,"T","T","dickl101","bladr102","T","T",0,0,0,8,6,32,0,0,0,"","wilsj105","",0,0,0,0,0,0,0,0,0,0,0,0,0,"hubec101","F","F","F","F",0,0,5,0,1,0,0,0,0,0,F,F,"1925PHI.EVN.regular.event.csv",1775
"PHI192505200","SLN",4,0,2,0,0,"",1,2,"dickl101","?","dickl101","?","knigj103","?","knigj103","?","wilsj105","hawkc101","wrigr102","hubec101","sandh101","burng101","harpg101","willc103","","","muelh102","S7.3-H(UR)","F","F",1,9,20,"T","T",1,"F","F",0,"F","F",1,"F","F",7,"","F","F","",0,0,"N",0,"N",0,"N",1,0,0,5,"","","","","F","F","F","F","F","F","F","F","F","","","knigj103","F","F","F","F","F","","","","",0,0,0,0,0,0,0,0,0,35,"PHI","SLN","PHI",0,"F","F",1,2,0,17,3,"T","F",4,1,"T","T","bladr102","smitj106","T","T",0,0,0,0,0,0,8,6,32,"","","wilsj105",0,0,0,0,0,0,0,0,0,0,0,0,1,"burng101","F","F","F","F",0,0,0,5,0,0,0,0,0,0,F,F,"1925PHI.EVN.regular.event.csv",1776
"PHI192505200","SLN",4,0,2,0,0,"",2,2,"bladr102","?","bladr102","?","knigj103","?","knigj103","?","wilsj105","hawkc101","wrigr102","hubec101","sandh101","burng101","harpg101","willc103","dickl101","","","S7.1-2","F","F",7,1,20,"T","T",1,"F","F",0,"F","F",0,"F","F",7,"","F","F","",0,0,"N",0,"N",0,"N",1,2,0,0,"","","","","F","F","F","F","F","F","F","F","F","knigj103","","","F","F","F","F","F","","","","",0,0,0,0,0,0,0,0,0,36,"PHI","SLN","PHI",0,"F","F",2,2,1,18,4,"T","F",1,3,"T","T","smitj106","hornr101","T","T",1,9,35,0,0,0,0,0,0,"wilsj105","","",0,0,0,0,0,0,0,0,0,0,0,0,0,"burng101","F","F","F","F",0,0,0,0,0,0,0,0,0,0,F,F,"1925PHI.EVN.regular.event.csv",1777
"PHI192505200","SLN",4,0,2,0,0,"",2,2,"smitj106","?","smitj106","?","knigj103","?","knigj103","?","wilsj105","hawkc101","wrigr102","hubec101","sandh101","burng101","harpg101","willc103","bladr102","dickl101","","46(1)/FO","F","F",9,2,2,"T","T",0,"F","F",1,"F","F",0,"F","F",4,"G","F","F","",0,0,"N",0,"N",0,"N",1,0,2,0,"","46","","","F","F","F","F","F","F","F","F","F","knigj103","knigj103","","F","F","F","F","F","","","","",0,6,0,0,4,0,0,0,0,37,"PHI","SLN","PHI",0,"F","T",2,2,1,19,5,"T","F",3,3,"T","T","hornr101","bottj101","T","T",7,1,36,1,9,35,0,0,0,"wilsj105","wilsj105","",0,0,0,0,0,0,0,0,0,0,0,0,0,"wrigr102","T","F","F","F",0,0,0,0,0,0,0,0,0,0,F,F,"1925PHI.EVN.regular.event.csv",1778
"PHI192505200","SLN",4,1,0,0,0,"",2,2,"hubec101","?","hubec101","?","dickl101","?","dickl101","?","gonzm101","bottj101","hornr101","belll101","freih101","bladr102","muelh102","smitj106","","","","T8/L","T","F",5,8,22,"T","T",3,"F","F",0,"F","F",0,"F","F",8,"L","F","F","",0,0,"N",0,"N",0,"N",3,0,0,0,"","","","","F","F","F","F","F","F","F","F","F","","","","F","F","F","F","F","","","","",0,0,0,0,0,0,0,0,0,38,"PHI","PHI","SLN",1,"T","F",2,2,0,16,0,"T","F",0,4,"T","T","knigj103","burng101","T","T",0,0,0,0,0,0,0,0,0,"","","",0,0,0,0,0,0,0,0,0,0,0,0,0,"muelh102","F","F","F","F",4,0,0,0,1,0,0,0,0,0,F,F,"1925PHI.EVN.regular.event.csv",1779
"PHI192505200","SLN",4,1,0,0,0,"",2,2,"knigj103","?","knigj103","?","dickl101","?","dickl101","?","gonzm101","bottj101","hornr101","belll101","freih101","bladr102","muelh102","smitj106","","","hubec101","43","F","F",1,9,2,"T","T",0,"F","F",1,"F","F",0,"F","F",4,"G","F","F","",0,0,"N",0,"N",0,"N",0,0,0,3,"43","","","","F","F","F","F","F","F","F","F","F","","","dickl101","F","F","F","F","F","","","","",0,3,0,0,4,0,0,0,0,39,"PHI","PHI","SLN",1,"F","F",2,2,0,17,1,"T","F",4,4,"T","T","burng101","wrigr102","T","T",0,0,0,0,0,0,5,8,38,"","","gonzm101",0,0,0,0,0,0,0,0,0,0,0,0,0,"hornr101","F","F","F","F",0,0,0,4,1,0,0,0,0,0,F,F,"1925PHI.EVN.regular.event.csv",1780
"PHI192505200","SLN",4,1,1,0,0,"",2,2,"burng101","?","burng101","?","dickl101","?","dickl101","?","gonzm101","bottj101","hornr101","belll101","freih101","bladr102","muelh102","smitj106","","","hubec101","9/F/SF.3-H","F","F",7,1,2,"T","F",0,"F","T",1,"F","F",1,"F","F",9,"F","F","F","",0,0,"N",0,"N",0,"N",0,0,0,4,"9","","","","F","F","F","F","F","F","F","F","F","","","dickl101","F","F","F","F","F","","","","",0,9,0,0,0,0,0,0,0,40,"PHI","PHI","SLN",1,"F","F",2,2,0,18,2,"T","F",4,0,"T","T","wrigr102","willc103","T","T",0,0,0,0,0,0,5,8,38,"","","gonzm101",0,0,0,0,0,0,0,0,0,0,0,0,1,"smitj106","F","F","F","F",0,0,0,4,0,0,0,0,0,0,F,F,"1925PHI.EVN.regular.event.csv",1781
"PHI192505200","SLN",4,1,2,0,0,"",2,3,"wrigr102","?","wrigr102","?","dickl101","?","dickl101","?","gonzm101","bottj101","hornr101","belll101","freih101","bladr102","muelh102","smitj106","","","","T8","F","F",4,2,22,"T","T",3,"F","F",0,"F","F",0,"F","F",8,"","F","F","",0,0,"N",0,"N",0,"N",3,0,0,0,"","","","","F","F","F","F","F","F","F","F","F","","","","F","F","F","F","F","","","","",0,0,0,0,0,0,0,0,0,41,"PHI","PHI","SLN",1,"F","F",3,2,1,19,3,"T","F",0,4,"T","T","willc103","harpg101","T","T",0,0,0,0,0,0,0,0,0,"","","",0,0,0,0,0,0,0,0,0,0,0,0,0,"muelh102","F","F","F","F",0,0,0,0,0,0,0,0,0,0,F,F,"1925PHI.EVN.regular.event.csv",1782
"PHI192505200","SLN",4,1,2,0,0,"",2,3,"willc103","?","willc103","?","dickl101","?","dickl101","?","gonzm101","bottj101","hornr101","belll101","freih101","bladr102","muelh102","smitj106","","","wrigr102","5/FL","F","F",9,3,2,"T","T",0,"F","F",1,"F","F",0,"F","F",5,"F","F","T","",0,0,"N",0,"N",0,"N",0,0,0,3,"5","","","","F","F","F","F","F","F","F","F","F","","","dickl101","F","F","F","F","F","","","","",0,5,0,0,0,0,0,0,0,42,"PHI","PHI","SLN",1,"F","T",3,2,1,20,4,"T","F",4,4,"T","T","harpg101","hawkc101","T","T",0,0,0,0,0,0,4,2,41,"","","gonzm101",0,0,0,0,0,0,0,0,0,0,0,0,0,"belll101","F","F","F","F",0,0,0,0,0,0,0,0,0,0,F,F,"1925PHI.EVN.regular.event.csv",1783
"PHI192505200","SLN",5,0,0,0,0,"",2,3,"hornr101","?","hornr101","?","knigj103","?","knigj103","?","wilsj105","hawkc101","wrigr102","hubec101","sandh101","burng101","harpg101","willc103","","","","43","T","F",4,3,2,"T","T",0,"F","F",1,"F","F",0,"F","F",4,"G","F","F","",0,0,"N",0,"N",0,"N",0,0,0,0,"43","","","","F","F","F","F","F","F","F","F","F","","","","F","F","F","F","F","","","","",0,3,0,0,4,0,0,0,0,43,"PHI","SLN","PHI",0,"T","F",2,3,0,20,0,"T","F",0,0,"T","T","bottj101","belll101","T","T",0,0,0,0,0,0,0,0,0,"","","",0,0,0,0,0,0,0,0,0,0,0,0,0,"wrigr102","F","F","F","F",0,0,0,0,1,0,0,0,0,0,F,F,"1925PHI.EVN.regular.event.csv",1784
"PHI192505200","SLN",5,0,1,0,0,"",2,3,"bottj101","?","bottj101","?","knigj103","?","knigj103","?","wilsj105","hawkc101","wrigr102","hubec101","sandh101","burng101","harpg101","willc103","","","","D9","F","F",3,4,21,"T","T",2,"F","F",0,"F","F",0,"F","F",9,"","F","F","",0,0,"N",0,"N",0,"N",2,0,0,0,"","","","","F","F","F","F","F","F","F","F","F","","","","F","F","F","F","F","","","","",0,0,0,0,0,0,0,0,0,44,"PHI","SLN","PHI",0,"F","F",2,3,0,21,1,"T","F",0,2,"T","T","belll101","muelh102","T","T",0,0,0,0,0,0,0,0,0,"","","",0,0,0,0,0,0,0,0,0,0,0,0,0,"willc103","F","F","F","F",4,0,0,0,1,0,0,0,0,0,F,F,"1925PHI.EVN.regular.event.csv",1785
"PHI192505200","SLN",5,0,1,0,0,"",2,3,"belll101","?","belll101","?","knigj103","?","knigj103","?","wilsj105","hawkc101","wrigr102","hubec101","sandh101","burng101","harpg101","willc103","","bottj101","","5/FL","F","F",5,5,2,"T","T",0,"F","F",1,"F","F",0,"F","F",5,"F","F","T","",0,0,"N",0,"N",0,"N",0,0,2,0,"5","","","","F","F","F","F","F","F","F","F","F","","knigj103","","F","F","F","F","F","","","","",0,5,0,0,0,0,0,0,0,45,"PHI","SLN","PHI",0,"F","F",2,3,0,22,2,"T","F",2,2,"T","T","muelh102","freih101","T","T",0,0,0,3,4,44,0,0,0,"","wilsj105","",0,0,0,0,0,0,0,0,0,0,0,0,0,"hubec101","F","F","F","F",0,0,4,0,1,0,0,0,0,0,F,F,"1925PHI.EVN.regular.event.csv",1786
"PHI192505200","SLN",5,0,2,0,0,"",2,3,"muelh102","?","muelh102","?","knigj103","?","knigj103","?","wilsj105","hawkc101","wrigr102","hubec101","sandh101","burng101","harpg101","willc103","","bottj101","","D9.2-H","F","F",8,6,21,"T","T",2,"F","F",0,"F","F",1,"F","F",9,"","F","F","",0,0,"N",0,"N",0,"N",2,0,4,0,"","","","","F","F","F","F","F","F","F","F","F","","knigj103","","F","F","F","F","F","","","","",0,0,0,0,0,0,0,0,0,46,"PHI","SLN","PHI",0,"F","F",2,3,0,23,3,"T","F",2,2,"T","T","freih101","gonzm101","T","T",0,0,0,3,4,44,0,0,0,"","wilsj105","",0,0,0,0,0,0,0,0,0,0,0,0,1,"willc103","F","F","F","F",0,0,4,0,0,0,0,0,0,0,F,F,"1925PHI.EVN.regular.event.csv",1787
"PHI192505200","SLN",5,0,2,0,0,"",3,3,"freih101","?","freih101","?","knigj103","?","knigj103","?","wilsj105","hawkc101","wrigr102","hubec101","sandh101","burng101","harpg101","willc103","","muelh102","","7/F","F","F",6,7,2,"T","T",0,"F","F",1,"F","F",0,"F","F",7,"F","F","F","",0,0,"N",0,"N",0,"N",0,0,2,0,"7","","","","F","F","F","F","F","F","F","F","F","","knigj103","","F","F","F","F","F","","","","",0,7,0,0,0,0,0,0,0,47,"PHI","SLN","PHI",0,"F","T",3,3,1,24,4,"T","F",2,2,"T","T","gonzm101","dickl101","T","T",0,0,0,8,6,46,0,0,0,"","wilsj105","",0,0,0,0,0,0,0,0,0,0,0,0,0,"burng101","F","F","F","F",0,0,0,0,0,0,0,0,0,0,F,F,"1925PHI.EVN.regular.event.csv",1788
"PHI192505200","SLN",5,1,0,0,0,"",3,3,"harpg101","?","harpg101","?","dickl101","?","dickl101","?","gonzm101","bottj101","hornr101","belll101","freih101","bladr102","muelh102","smitj106","","","","S9","T","F",8,4,20,"T","T",1,"F","F",0,"F","F",0,"F","F",9,"","F","F","",0,0,"N",0,"N",0,"N",1,0,0,0,"","","","","F","F","F","F","F","F","F","F","F","","","","F","F","F","F","F","","","","",0,0,0,0,0,0,0,0,0,48,"PHI","PHI","SLN",1,"T","F",3,3,0,21,0,"T","F",0,1,"T","T","hawkc101","wilsj105","T","T",0,0,0,0,0,0,0,0,0,"","","",0,0,0,0,0,0,0,0,0,0,0,0,0,"smitj106","F","F","F","F",0,0,0,0,0,0,0,0,0,0,F,F,"1925PHI.EVN.regular.event.csv",1789
"PHI192505200","SLN",5,1,0,0,0,"",3,3,"hawkc101","?","hawkc101","?","dickl101","?","dickl101","?","gonzm101","bottj101","hornr101","belll101","freih101","bladr102","muelh102","smitj106","harpg101","","","S7/G56.1-2","F","F",3,5,20,"T","T",1,"F","F",0,"F","F",0,"F","F",7,"G","F","F","56",0,0,"N",0,"N",0,"N",1,2,0,0,"","","","","F","F","F","F","F","F","F","F","F","dickl101","","","F","F","F","F","F","","","","",0,0,0,0,0,0,0,0,0,49,"PHI","PHI","SLN",1,"F","F",3,3,0,22,1,"T","F",1,3,"T","T","wilsj105","sandh101","T","T",8,4,48,0,0,0,0,0,0,"gonzm101","","",0,0,0,0,0,0,0,0,0,0,0,0,0,"bladr102","F","F","F","F",0,0,0,0,0,0,0,0,0,0,F,F,"1925PHI.EVN.regular.event.csv",1790
"PHI192505200","SLN",5,1,0,0,0,"",3,3,"wilsj105","?","wilsj105","?","dickl101","?","dickl101","?","gonzm101","bottj101","hornr101","belll101","freih101","bladr102","muelh102","smitj106","hawkc101","harpg101","","15(2)/FO.1-2","F","F",2,6,2,"T","T",0,"F","F",1,"F","F",0,"F","F",1,"G","F","F","",0,0,"N",0,"N",0,"N",1,2,0,0,"","","15","","F","F","F","F","F","F","F","F","F","dickl101","dickl101","","F","F","F","F","F","","","","",0,5,0,0,1,0,0,0,0,50,"PHI","PHI","SLN",1,"F","F",3,3,0,23,2,"T","F",3,3,"T","T","sandh101","hubec101","T","T",3,5,49,8,4,48,0,0,0,"gonzm101","gonzm101","",0,0,0,0,0,0,0,0,0,0,0,0,0,"dickl101","F","T","F","F",0,0,0,0,0,0,0,0,0,0,F,F,"1925PHI.EVN.regular.event.csv",1791
"PHI192505200","SLN",5,1,1,0,0,"",3,3,"sandh101","?","sandh101","?","dickl101","?","dickl101","?","gonzm101","bottj101","hornr101","belll101","freih101","bladr102","muelh102","smitj106","wilsj105","hawkc101","","W.2-3;1-2","F","F",6,7,14,"T","F",0,"F","F",0,"F","F",0,"F","F",0,"","F","F","",0,0,"N",0,"N",0,"N",1,2,3,0,"","","","","F","F","F","F","F","F","F","F","F","dickl101","dickl101","","F","F","F","F","F","","","","",0,0,0,0,0,0,0,0,0,51,"PHI","PHI","SLN",1,"F","F",3,3,0,24,3,"T","F",3,7,"T","T","hubec101","knigj103","T","T",2,6,50,3,5,49,0,0,0,"gonzm101","gonzm101","",0,0,0,0,0,0,0,0,0,0,0,0,0,"","F","F","F","F",0,0,0,0,0,0,0,0,0,0,F,F,"1925PHI.EVN.regular.event.csv",1792
"PHI192505200","SLN",5,1,1,0,0,"",3,3,"hubec101","?","hubec101","?","dickl101","?","dickl101","?","gonzm101","bottj101","hornr101","belll101","freih101","bladr102","muelh102","smitj106","sandh101","wilsj105","hawkc101","4(B)2(3)/DP/P","F","F",5,8,2,"T","T",0,"F","F",2,"T","F",0,"F","F",4,"P","F","F","",0,0,"N",0,"N",0,"N",0,1,2,0,"4","","","42","F","F","F","F","F","F","F","F","F","dickl101","dickl101","dickl101","F","F","F","F","F","","","","",0,4,2,0,4,0,0,0,0,52,"PHI","PHI","SLN",1,"F","T",3,3,0,25,4,"T","F",7,3,"T","T","knigj103","burng101","T","T",6,7,51,2,6,50,3,5,49,"gonzm101","gonzm101","gonzm101",0,0,0,0,0,0,0,0,0,0,0,0,0,"hornr101","F","F","F","F",0,0,0,0,0,0,0,0,0,0,F,F,"1925PHI.EVN.regular.event.csv",1793
"PHI192505200","SLN",6,0,0,0,0,"",3,3,"gonzm101","?","gonzm101","?","knigj103","?","knigj103","?","wilsj105","hawkc101","wrigr102","hubec101","sandh101","burng101","harpg101","willc103","","","","63","T","F",2,8,2,"T","T",0,"F","F",1,"F","F",0,"F","F",6,"G","F","F","",0,0,"N",0,"N",0,"N",0,0,0,0,"63","","","","F","F","F","F","F","F","F","F","F","","","","F","F","F","F","F","","","","",0,3,0,0,6,0,0,0,0,53,"PHI","SLN","PHI",0,"T","F",3,3,0,25,0,"T","F",0,0,"T","T","dickl101","bladr102","T","T",0,0,0,0,0,0,0,0,0,"","","",0,0,0,0,0,0,0,0,0,0,0,0,0,"sandh101","F","F","F","F",0,0,0,0,0,0,0,0,0,0,F,F,"1925PHI.EVN.regular.event.csv",1794
"PHI192505200","SLN",6,0,1,0,0,"",3,3,"dickl101","?","dickl101","?","knigj103","?","knigj103","?","wilsj105","hawkc101","wrigr102","hubec101","sandh101","burng101","harpg101","willc103","","","","3/G","F","F",1,9,2,"T","T",0,"F","F",1,"F","F",0,"F","F",3,"G","F","F","",0,0,"N",0,"N",0,"N",0,0,0,0,"3","","","","F","F","F","F","F","F","F","F","F","","","","F","F","F","F","F","","","","",0,3,0,0,0,0,0,0,0,54,"PHI","SLN","PHI",0,"F","F",3,3,0,26,1,"T","F",0,0,"T","T","bladr102","smitj106","T","T",0,0,0,0,0,0,0,0,0,"","","",0,0,0,0,0,0,0,0,0,0,0,0,0,"hawkc101","F","F","F","F",0,0,0,0,0,0,0,0,0,0,F,F,"1925PHI.EVN.regular.event.csv",1795
"PHI192505200","SLN",6,0,2,0,0,"",3,3,"bladr102","?","bladr102","?","knigj103","?","knigj103","?","wilsj105","hawkc101","wrigr102","hubec101","sandh101","burng101","harpg101","willc103","","","","63","F","F",7,1,2,"T","T",0,"F","F",1,"F","F",0,"F","F",6,"G","F","F","",0,0,"N",0,"N",0,"N",0,0,0,0,"63","","","","F","F","F","F","F","F","F","F","F","","","","F","F","F","F","F","","","","",0,3,0,0,6,0,0,0,0,55,"PHI","SLN","PHI",0,"F","T",3,3,0,27,2,"T","F",0,0,"T","T","smitj106","hornr101","T","T",0,0,0,0,0,0,0,0,0,"","","",0,0,0,0,0,0,0,0,0,0,0,0,0,"sandh101","F","F","F","F",0,0,0,0,0,0,0,0,0,0,F,F,"1925PHI.EVN.regular.event.csv",1796
"PHI192505200","SLN",6,1,0,0,0,"",3,3,"knigj103","?","knigj103","?","dickl101","?","dickl101","?","gonzm101","bottj101","hornr101","belll101","freih101","bladr102","muelh102","smitj106","","","","S/F8S-","T","F",1,9,20,"T","T",1,"F","F",0,"F","F",0,"F","F",0,"F","F","F","8S",0,0,"N",0,"N",0,"N",1,0,0,0,"","","","","F","F","F","F","F","F","F","F","F","","","","F","F","F","F","F","","","","",0,0,0,0,0,0,0,0,0,56,"PHI","PHI","SLN",1,"T","F",3,3,0,26,0,"T","F",0,1,"T","T","burng101","wrigr102","T","T",0,0,0,0,0,0,0,0,0,"","","",0,0,0,0,0,0,0,0,0,0,0,0,0,"","F","F","F","F",0,0,0,0,1,0,0,0,0,0,F,F,"1925PHI.EVN.regular.event.csv",1797
"PHI192505200","SLN",6,1,0,0,0,"",3,3,"burng101","?","burng101","?","dickl101","?","dickl101","?","gonzm101","bottj101","hornr101","belll101","freih101","bladr102","muelh102","smitj106","knigj103","","","16(1)3/GDP","F","F",7,1,2,"T","T",0,"F","F",2,"T","F",0,"F","F",1,"G","F","F","",0,0,"N",0,"N",0,"N",0,0,0,0,"63","16","","","F","F","F","F","F","F","F","F","F","dickl101","","","F","F","F","F","F","","","","",0,6,3,0,1,6,0,0,0,57,"PHI","PHI","SLN",1,"F","F",3,3,0,27,1,"T","F",1,0,"T","T","wrigr102","willc103","T","T",1,9,56,0,0,0,0,0,0,"gonzm101","","",0,0,0,0,0,0,0,0,0,0,0,0,0,"dickl101","T","F","F","F",0,0,0,0,1,0,0,0,0,0,F,F,"1925PHI.EVN.regular.event.csv",1798
"PHI192505200","SLN",6,1,2,0,0,"",3,3,"wrigr102","?","wrigr102","?","dickl101","?","dickl101","?","gonzm101","bottj101","hornr101","belll101","freih101","bladr102","muelh102","smitj106","","","","HR/F9D","F","F",4,2,23,"T","T",4,"F","F",0,"F","F",1,"F","F",0,"F","F","F","9D",0,0,"N",0,"N",0,"N",4,0,0,0,"","","","","F","F","F","F","F","F","F","F","F","","","","F","F","F","F","F","","","","",0,0,0,0,0,0,0,0,0,58,"PHI","PHI","SLN",1,"F","F",3,3,0,28,2,"T","F",0,0,"T","T","willc103","harpg101","T","T",0,0,0,0,0,0,0,0,0,"","","",0,0,0,0,0,0,0,0,0,0,0,0,1,"","F","F","F","F",4,0,0,0,0,0,0,0,0,0,F,F,"1925PHI.EVN.regular.event.csv",1799
"PHI192505200","SLN",6,1,2,0,0,"",3,4,"willc103","?","willc103","?","dickl101","?","dickl101","?","gonzm101","bottj101","hornr101","belll101","freih101","bladr102","muelh102","smitj106","","","","13","F","F",9,3,2,"T","T",0,"F","F",1,"F","F",0,"F","F",1,"G","F","F","",0,0,"N",0,"N",0,"N",0,0,0,0,"13","","","","F","F","F","F","F","F","F","F","F","","","","F","F","F","F","F","","","","",0,3,0,0,1,0,0,0,0,59,"PHI","PHI","SLN",1,"F","T",4,3,1,29,3,"T","F",0,0,"T","T","harpg101","hawkc101","T","T",0,0,0,0,0,0,0,0,0,"","","",0,0,0,0,0,0,0,0,0,0,0,0,0,"dickl101","F","F","F","F",0,0,0,0,0,0,0,0,0,0,F,F,"1925PHI.EVN.regular.event.csv",1800
"PHI192505200","SLN",7,0,0,0,0,"",3,4,"smitj106","?","smitj106","?","knigj103","?","knigj103","?","wilsj105","hawkc101","wrigr102","hubec101","sandh101","burng101","harpg101","willc103","","","","S8","T","F",9,2,20,"T","T",1,"F","F",0,"F","F",0,"F","F",8,"","F","F","",0,0,"N",0,"N",0,"N",1,0,0,0,"","","","","F","F","F","F","F","F","F","F","F","","","","F","F","F","F","F","","","","",0,0,0,0,0,0,0,0,0,60,"PHI","SLN","PHI",0,"T","F",3,4,0,28,0,"T","F",0,1,"T","T","hornr101","bottj101","T","T",0,0,0,0,0,0,0,0,0,"","","",0,0,0,0,0,0,0,0,0,0,0,0,0,"harpg101","F","F","F","F",4,0,0,0,1,0,0,0,0,0,F,F,"1925PHI.EVN.regular.event.csv",1801
"PHI192505200","SLN",7,0,0,0,0,"",3,4,"hornr101","?","hornr101","?","knigj103","?","knigj103","?","wilsj105","hawkc101","wrigr102","hubec101","sandh101","burng101","harpg101","willc103","smitj106","","","D9/89.1-3","F","F",4,3,21,"T","T",2,"F","F",0,"F","F",0,"F","F",9,"","F","F","89",0,0,"N",0,"N",0,"N",2,3,0,0,"","","","","F","F","F","F","F","F","F","F","F","knigj103","","","F","F","F","F","F","","","","",0,0,0,0,0,0,0,0,0,61,"PHI","SLN","PHI",0,"F","F",3,4,0,29,1,"T","F",1,6,"T","T","bottj101","belll101","T","T",9,2,60,0,0,0,0,0,0,"wilsj105","","",0,0,0,0,0,0,0,0,0,0,0,0,0,"willc103","F","F","F","F",0,4,0,0,1,0,0,0,0,0,F,F,"1925PHI.EVN.regular.event.csv",1802
"PHI192505200","SLN",7,0,0,0,0,"",3,4,"bottj101","?","bottj101","?","knigj103","?","knigj103","?","wilsj105","hawkc101","wrigr102","hubec101","sandh101","burng101","harpg101","willc103","","hornr101","smitj106","143.3-H;2-3","F","F",3,4,2,"T","T",0,"F","F",1,"F","F",1,"F","F",1,"G","F","F","",0,0,"N",0,"N",0,"N",0,0,3,4,"143","","","","F","F","F","F","F","F","F","F","F","","knigj103","knigj103","F","F","F","F","F","","","","",0,3,0,0,1,4,0,0,0,62,"PHI","SLN","PHI",0,"F","F",3,4,0,30,2,"T","F",6,4,"T","T","belll101","muelh102","T","T",0,0,0,4,3,61,9,2,60,"","wilsj105","wilsj105",0,0,0,0,0,0,0,0,0,0,0,0,1,"knigj103","F","F","F","F",0,0,0,4,0,0,0,0,0,0,F,F,"1925PHI.EVN.regular.event.csv",1803
"PHI192505200","SLN",7,0,1,0,0,"",4,4,"belll101","?","belll101","?","knigj103","?","knigj103","?","wilsj105","hawkc101","wrigr102","hubec101","sandh101","burng101","harpg101","willc103","","","hornr101","5/P","F","F",5,5,2,"T","T",0,"F","F",1,"F","F",0,"F","F",5,"P","F","F","",0,0,"N",0,"N",0,"N",0,0,0,3,"5","","","","F","F","F","F","F","F","F","F","F","","","knigj103","F","F","F","F","F","","","","",0,5,0,0,0,0,0,0,0,63,"PHI","SLN","PHI",0,"F","F",4,4,1,31,3,"T","F",4,4,"T","T","muelh102","freih101","T","T",0,0,0,0,0,0,4,3,61,"","","wilsj105",0,0,0,0,0,0,0,0,0,0,0,0,0,"hubec101","F","F","F","F",0,0,0,0,0,0,0,0,0,0,F,F,"1925PHI.EVN.regular.event.csv",1804
"PHI192505200","SLN",7,0,2,0,0,"",4,4,"muelh102","?","muelh102","?","knigj103","?","knigj103","?","wilsj105","hawkc101","wrigr102","hubec101","sandh101","burng101","harpg101","willc103","","","hornr101","63","F","F",8,6,2,"T","T",0,"F","F",1,"F","F",0,"F","F",6,"G","F","F","",0,0,"N",0,"N",0,"N",0,0,0,3,"63","","","","F","F","F","F","F","F","F","F","F","","","knigj103","F","F","F","F","F","","","","",0,3,0,0,6,0,0,0,0,64,"PHI","SLN","PHI",0,"F","T",4,4,1,32,4,"T","F",4,4,"T","T","freih101","gonzm101","T","T",0,0,0,0,0,0,4,3,61,"","","wilsj105",0,0,0,0,0,0,0,0,0,0,0,0,0,"sandh101","F","F","F","F",0,0,0,0,0,0,0,0,0,0,F,F,"1925PHI.EVN.regular.event.csv",1805
"PHI192505200","SLN",7,1,0,0,0,"",4,4,"harpg101","?","harpg101","?","dickl101","?","dickl101","?","gonzm101","bottj101","hornr101","belll101","freih101","bladr102","muelh102","smitj106","","","","W","T","F",8,4,14,"T","F",0,"F","F",0,"F","F",0,"F","F",0,"","F","F","",0,0,"N",0,"N",0,"N",1,0,0,0,"","","","","F","F","F","F","F","F","F","F","F","","","","F","F","F","F","F","","","","",0,0,0,0,0,0,0,0,0,65,"PHI","PHI","SLN",1,"T","F",4,4,0,30,0,"T","F",0,1,"T","T","hawkc101","wilsj105","T","T",0,0,0,0,0,0,0,0,0,"","","",0,0,0,0,0,0,0,0,0,0,0,0,0,"","F","F","F","F",4,0,0,0,1,0,0,0,0,0,F,F,"1925PHI.EVN.regular.event.csv",1806
"PHI192505200","SLN",7,1,0,0,0,"",4,4,"hawkc101","?","hawkc101","?","dickl101","?","dickl101","?","gonzm101","bottj101","hornr101","belll101","freih101","bladr102","muelh102","smitj106","harpg101","","","W.1-2","F","F",3,5,14,"T","F",0,"F","F",0,"F","F",0,"F","F",0,"","F","F","",0,0,"N",0,"N",0,"N",1,2,0,0,"","","","","F","F","F","F","F","F","F","F","F","dickl101","","","F","F","F","F","F","","","","",0,0,0,0,0,0,0,0,0,66,"PHI","PHI","SLN",1,"F","F",4,4,0,31,1,"T","F",1,3,"T","T","wilsj105","sandh101","T","T",8,4,65,0,0,0,0,0,0,"gonzm101","","",0,0,0,0,0,0,0,0,0,0,0,0,0,"","F","F","F","F",0,4,0,0,1,0,0,0,0,0,F,F,"1925PHI.EVN.regular.event.csv",1807
"PHI192505200","SLN",7,1,0,0,0,"",4,4,"wilsj105","?","wilsj105","?","dickl101","?","dickl101","?","gonzm101","bottj101","hornr101","belll101","freih101","bladr102","muelh102","smitj106","hawkc101","harpg101","","S7.2-H;1-2","F","F",2,6,20,"T","T",1,"F","F",0,"F","F",1,"F","F",7,"","F","F","",0,0,"N",0,"N",0,"N",1,2,4,0,"","","","","F","F","F","F","F","F","F","F","F","dickl101","dickl101","","F","F","F","F","F","","","","",0,0,0,0,0,0,0,0,0,67,"PHI","PHI","SLN",1,"F","F",4,4,0,32,2,"T","F",3,3,"T","T","sandh101","hubec101","T","T",3,5,66,8,4,65,0,0,0,"gonzm101","gonzm101","",0,0,0,0,0,0,0,0,0,0,0,0,1,"bladr102","F","F","F","F",3,0,4,0,0,0,0,0,0,0,F,F,"1925PHI.EVN.regular.event.csv",1808
"PHI192505200","SLN",7,1,0,0,0,"",4,5,"sandh101","?","sandh101","?","dickl101","?","dickl101","?","gonzm101","bottj101","hornr101","belll101","freih101","bladr102","muelh102","smitj106","wilsj105","hawkc101","","13.2-3;1-2","F","F",6,7,2,"T","T",0,"F","F",1,"F","F",0,"F","F",1,"G","F","F","",0,0,"N",0,"N",0,"N",0,2,3,0,"13","","","","F","F","F","F","F","F","F","F","F","dickl101","dickl101","","F","F","F","F","F","","","","",0,3,0,0,1,0,0,0,0,68,"PHI","PHI","SLN",1,"F","F",5,4,1,33,3,"T","F",3,6,"T","T","hubec101","knigj103","T","T",2,6,67,3,5,66,0,0,0,"gonzm101","gonzm101","",0,0,0,0,0,0,0,0,0,0,0,0,0,"dickl101","F","F","F","F",0,3,0,0,0,0,0,0,0,0,F,F,"1925PHI.EVN.regular.event.csv",1809
"PHI192505200","SLN",7,1,1,0,0,"",4,5,"hubec101","?","hubec101","?","dickl101","?","dickl101","?","gonzm101","bottj101","hornr101","belll101","freih101","bladr102","muelh102","smitj106","","wilsj105","hawkc101","FC6.3XH(62);2-3","F","F",5,8,19,"T","T",0,"F","F",1,"F","F",0,"F","F",6,"G","F","F","",0,0,"N",0,"N",0,"N",1,0,3,0,"","","","62","F","F","F","F","F","F","F","F","F","","dickl101","dickl101","F","F","F","F","F","","","","",0,2,0,0,6,0,0,0,0,69,"PHI","PHI","SLN",1,"F","F",5,4,1,34,4,"T","F",6,5,"T","T","knigj103","burng101","T","T",0,0,0,2,6,67,3,5,66,"","gonzm101","gonzm101",0,0,0,0,0,0,0,0,0,0,0,0,0,"freih101","F","F","F","F",1,0,3,0,0,0,0,0,0,0,F,F,"1925PHI.EVN.regular.event.csv",1810
"PHI192505200","SLN",7,1,2,0,0,"",4,5,"knigj103","?","knigj103","?","dickl101","?","dickl101","?","gonzm101","bottj101","hornr101","belll101","freih101","bladr102","muelh102","smitj106","hubec101","","wilsj105","3/G","F","F",1,9,2,"T","T",0,"F","F",1,"F","F",0,"F","F",3,"G","F","F","",0,0,"N",0,"N",0,"N",0,1,0,3,"3","","","","F","F","F","F","F","F","F","F","F","dickl101","","dickl101","F","F","F","F","F","","","","",0,3,0,0,0,0,0,0,0,70,"PHI","PHI","SLN",1,"F","T",5,4,1,35,5,"T","F",5,5,"T","T","burng101","wrigr102","T","T",5,8,69,0,0,0,2,6,67,"gonzm101","","gonzm101",0,0,0,0,0,0,0,0,0,0,0,0,0,"bottj101","F","F","F","F",0,1,0,3,0,0,0,0,0,0,F,F,"1925PHI.EVN.regular.event.csv",1811
"PHI192505200","SLN",8,0,0,0,0,"",4,5,"flacm101","?","flacm101","?","knigj103","?","knigj103","?","wilsj105","hawkc101","wrigr102","hubec101","sandh101","burng101","harpg101","willc103","","","","8/F","T","T",11,7,2,"T","T",0,"F","F",1,"F","F",0,"F","F",8,"F","F","F","",0,0,"N",0,"N",0,"N",0,0,0,0,"8","","","","F","F","F","F","F","F","F","F","F","","","","F","F","F","F","F","","","","freih101",6,8,0,0,0,0,0,0,0,71,"PHI","SLN","PHI",0,"T","F",4,5,0,33,0,"T","F",0,0,"F","F","gonzm101","dickl101","T","T",0,0,0,0,0,0,0,0,0,"","","",0,0,0,0,0,0,0,0,0,0,0,0,0,"harpg101","F","F","F","F",0,0,0,0,0,0,0,0,0,0,F,F,"1925PHI.EVN.regular.event.csv",1812
"PHI192505200","SLN",8,0,1,0,0,"",4,5,"gonzm101","?","gonzm101","?","knigj103","?","knigj103","?","wilsj105","hawkc101","wrigr102","hubec101","sandh101","burng101","harpg101","willc103","","","","E4/G","F","F",2,8,18,"T","T",0,"F","F",0,"F","F",0,"F","F",4,"G","F","F","",1,4,"F",0,"N",0,"N",1,0,0,0,"","","","","F","F","F","F","F","F","F","F","F","","","","F","F","F","F","F","","","","",0,0,0,0,0,0,0,0,0,72,"PHI","SLN","PHI",0,"F","F",4,5,0,34,1,"T","F",0,1,"T","T","dickl101","bladr102","T","T",0,0,0,0,0,0,0,0,0,"","","",0,0,0,0,0,0,0,0,0,0,0,0,0,"wrigr102","F","F","F","T",2,0,0,0,0,0,0,0,0,0,F,F,"1925PHI.EVN.regular.event.csv",1813
"PHI192505200","SLN",8,0,1,0,0,"",4,5,"topos101","?","topos101","?","knigj103","?","knigj103","?","wilsj105","hawkc101","wrigr102","hubec101","sandh101","burng101","harpg101","willc103","dyere101","","","8/F","F","T",11,9,2,"T","T",0,"F","F",1,"F","F",0,"F","F",8,"F","F","F","",0,0,"N",0,"N",0,"N",0,1,0,0,"8","","","","F","F","F","F","F","F","F","F","F","knigj103","","","F","F","T","F","F","gonzm101","","","dickl101",1,8,0,0,0,0,0,0,0,73,"PHI","SLN","PHI",0,"F","F",4,5,0,35,2,"T","F",1,1,"F","F","bladr102","smitj106","T","T",12,8,72,0,0,0,0,0,0,"wilsj105","","",0,0,0,0,0,0,0,0,0,0,0,0,0,"harpg101","F","F","F","F",0,2,0,0,0,0,0,0,0,0,F,F,"1925PHI.EVN.regular.event.csv",1814
"PHI192505200","SLN",8,0,2,0,0,"",4,5,"bladr102","?","bladr102","?","knigj103","?","knigj103","?","wilsj105","hawkc101","wrigr102","hubec101","sandh101","burng101","harpg101","willc103","dyere101","","","SB2","F","F",7,1,4,"F","F",0,"F","F",0,"F","F",0,"F","F",0,"","F","F","",0,0,"N",0,"N",0,"N",0,2,0,0,"","","","","T","F","F","F","F","F","F","F","F","knigj103","","","F","F","F","F","F","","","","",0,0,0,0,0,0,0,0,0,74,"PHI","SLN","PHI",0,"F","F",4,5,0,36,3,"T","F",1,2,"T","T","smitj106","hornr101","T","T",0,8,72,0,0,0,0,0,0,"wilsj105","","",0,0,0,0,0,0,0,0,0,0,0,0,0,"","F","F","F","F",0,2,0,0,0,0,0,0,0,0,F,F,"1925PHI.EVN.regular.event.csv",1815
"PHI192505200","SLN",8,0,2,0,0,"",4,5,"bladr102","?","bladr102","?","knigj103","?","knigj103","?","wilsj105","hawkc101","wrigr102","hubec101","sandh101","burng101","harpg101","willc103","","dyere101","","3/FL","F","F",7,1,2,"T","T",0,"F","F",1,"F","F",0,"F","F",3,"F","F","T","",0,0,"N",0,"N",0,"N",0,0,2,0,"3","","","","F","F","F","F","F","F","F","F","F","","knigj103","","F","F","F","F","F","","","","",0,3,0,0,0,0,0,0,0,75,"PHI","SLN","PHI",0,"F","T",4,5,0,36,3,"F","F",2,2,"T","T","smitj106","hornr101","T","T",0,0,0,0,8,72,0,0,0,"","wilsj105","",0,0,0,0,0,0,0,0,0,0,0,0,0,"hawkc101","F","F","F","F",0,0,2,0,0,0,0,0,0,0,F,F,"1925PHI.EVN.regular.event.csv",1816
"PHI192505200","SLN",8,1,0,0,0,"",4,5,"burng101","?","burng101","?","day-c101","?","day-c101","?","schmw102","bottj101","hornr101","belll101","coonj103","bladr102","muelh102","smitj106","","","","9/L","T","F",7,1,2,"T","T",0,"F","F",1,"F","F",0,"F","F",9,"L","F","F","",0,0,"N",0,"N",0,"N",0,0,0,0,"9","","","","F","F","F","F","F","F","F","F","F","","","","F","F","F","F","F","","","","",0,9,0,0,0,0,0,0,0,76,"PHI","PHI","SLN",1,"T","F",5,4,0,36,0,"T","F",0,0,"T","T","wrigr102","willc103","F","F",0,0,0,0,0,0,0,0,0,"","","",0,0,0,0,0,0,0,0,0,0,0,0,0,"smitj106","F","F","F","F",0,0,0,0,3,0,0,0,0,0,F,F,"1925PHI.EVN.regular.event.csv",1817
"PHI192505200","SLN",8,1,1,0,0,"",4,5,"wrigr102","?","wrigr102","?","day-c101","?","day-c101","?","schmw102","bottj101","hornr101","belll101","coonj103","bladr102","muelh102","smitj106","","","","W","F","F",4,2,14,"T","F",0,"F","F",0,"F","F",0,"F","F",0,"","F","F","",0,0,"N",0,"N",0,"N",1,0,0,0,"","","","","F","F","F","F","F","F","F","F","F","","","","F","F","F","F","F","","","","",0,0,0,0,0,0,0,0,0,77,"PHI","PHI","SLN",1,"F","F",5,4,0,37,1,"T","F",0,1,"T","T","willc103","harpg101","F","F",0,0,0,0,0,0,0,0,0,"","","",0,0,0,0,0,0,0,0,0,0,0,0,0,"","F","F","F","F",4,0,0,0,3,0,0,0,0,0,F,F,"1925PHI.EVN.regular.event.csv",1818
"PHI192505200","SLN",8,1,1,0,0,"",4,5,"willc103","?","willc103","?","day-c101","?","day-c101","?","schmw102","bottj101","hornr101","belll101","coonj103","bladr102","muelh102","smitj106","wrigr102","","","S9.1-2","F","F",9,3,20,"T","T",1,"F","F",0,"F","F",0,"F","F",9,"","F","F","",0,0,"N",0,"N",0,"N",1,2,0,0,"","","","","F","F","F","F","F","F","F","F","F","day-c101","","","F","F","F","F","F","","","","",0,0,0,0,0,0,0,0,0,78,"PHI","PHI","SLN",1,"F","F",5,4,0,38,2,"T","F",1,3,"T","T","harpg101","hawkc101","F","F",4,2,77,0,0,0,0,0,0,"schmw102","","",0,0,0,0,0,0,0,0,0,0,0,0,0,"smitj106","F","F","F","F",4,4,0,0,3,0,0,0,0,0,F,F,"1925PHI.EVN.regular.event.csv",1819
"PHI192505200","SLN",8,1,1,0,0,"",4,5,"harpg101","?","harpg101","?","sherb101","?","sherb101","?","schmw102","bottj101","hornr101","belll101","coonj103","bladr102","muelh102","smitj106","willc103","wrigr102","","K","F","F",8,4,3,"T","T",0,"F","F",1,"F","F",0,"F","F",0,"","F","F","",0,0,"N",0,"N",0,"N",0,1,2,0,"2","","","","F","F","F","F","F","F","F","F","F","day-c101","day-c101","","F","F","F","F","F","","","","",0,2,0,0,0,0,0,0,0,79,"PHI","PHI","SLN",1,"F","F",5,4,0,39,3,"T","F",3,3,"T","T","hawkc101","wilsj105","F","F",9,3,78,4,2,77,0,0,0,"schmw102","schmw102","",0,0,0,0,0,0,0,0,0,0,0,0,0,"","F","F","F","F",0,4,4,0,3,0,0,0,0,0,F,F,"1925PHI.EVN.regular.event.csv",1820
"PHI192505200","SLN",8,1,2,0,0,"",4,5,"hawkc101","?","hawkc101","?","sherb101","?","sherb101","?","schmw102","bottj101","hornr101","belll101","coonj103","bladr102","muelh102","smitj106","willc103","wrigr102","","T9.2-H;1-H","F","F",3,5,22,"T","T",3,"F","F",0,"F","F",2,"F","F",9,"","F","F","",0,0,"N",0,"N",0,"N",3,4,4,0,"","","","","F","F","F","F","F","F","F","F","F","day-c101","day-c101","","F","F","F","F","F","","","","",0,0,0,0,0,0,0,0,0,80,"PHI","PHI","SLN",1,"F","F",5,4,0,40,4,"T","F",3,4,"T","T","wilsj105","sandh101","F","F",9,3,78,4,2,77,0,0,0,"schmw102","schmw102","",0,0,0,0,0,0,0,0,0,0,0,0,2,"smitj106","F","F","F","F",5,4,4,0,1,0,0,0,0,0,F,F,"1925PHI.EVN.regular.event.csv",1821
"PHI192505200","SLN",8,1,2,0,0,"",4,7,"wilsj105","?","wilsj105","?","sherb101","?","sherb101","?","schmw102","bottj101","hornr101","belll101","coonj103","bladr102","muelh102","smitj106","","","hawkc101","E3/P.3-H(NR)(UR)","F","F",2,6,18,"T","T",0,"F","F",0,"F","F",0,"F","F",3,"P","F","F","",1,3,"F",0,"N",0,"N",1,0,0,5,"","","","","F","F","F","F","F","F","F","F","F","","","sherb101","F","F","F","F","F","","","","",0,0,0,0,0,0,0,0,0,81,"PHI","PHI","SLN",1,"F","F",7,4,2,41,5,"T","F",4,1,"T","T","sandh101","hubec101","F","F",0,0,0,0,0,0,3,5,80,"","","schmw102",0,0,0,0,0,0,0,0,0,0,0,0,1,"bottj101","F","F","F","T",0,0,0,5,0,0,0,0,0,0,F,F,"1925PHI.EVN.regular.event.csv",1822
"PHI192505200","SLN",8,1,2,0,0,"",4,8,"sandh101","?","sandh101","?","sherb101","?","sherb101","?","schmw102","bottj101","hornr101","belll101","coonj103","bladr102","muelh102","smitj106","wilsj105","","","8/F","F","F",6,7,2,"T","T",0,"F","F",1,"F","F",0,"F","F",8,"F","F","F","",0,0,"N",0,"N",0,"N",0,1,0,0,"8","","","","F","F","F","F","F","F","F","F","F","sherb101","","","F","F","F","F","F","","","","",0,8,0,0,0,0,0,0,0,82,"PHI","PHI","SLN",1,"F","T",8,4,3,42,6,"T","F",1,1,"T","T","hubec101","knigj103","F","F",2,6,81,0,0,0,0,0,0,"schmw102","","",0,0,0,0,0,0,0,0,0,0,0,0,0,"muelh102","F","F","F","F",0,0,0,0,0,0,0,0,0,0,F,F,"1925PHI.EVN.regular.event.csv",1823
"PHI192505200","SLN",9,0,0,0,0,"",4,8,"smitj106","?","smitj106","?","knigj103","?","knigj103","?","wilsj105","hawkc101","wrigr102","hubec101","sandh101","burng101","harpg101","willc103","","","","9/F","T","F",9,2,2,"T","T",0,"F","F",1,"F","F",0,"F","F",9,"F","F","F","",0,0,"N",0,"N",0,"N",0,0,0,0,"9","","","","F","F","F","F","F","F","F","F","F","","","","F","F","F","F","F","","","","",0,9,0,0,0,0,0,0,0,83,"PHI","SLN","PHI",0,"T","F",4,8,0,37,0,"T","F",0,0,"T","T","hornr101","bottj101","T","T",0,0,0,0,0,0,0,0,0,"","","",0,0,0,0,0,0,0,0,0,0,0,0,0,"willc103","F","F","F","F",0,0,0,0,0,0,0,0,0,0,F,F,"1925PHI.EVN.regular.event.csv",1824
"PHI192505200","SLN",9,0,1,0,0,"",4,8,"hornr101","?","hornr101","?","knigj103","?","knigj103","?","wilsj105","hawkc101","wrigr102","hubec101","sandh101","burng101","harpg101","willc103","","","","8/F","F","F",4,3,2,"T","T",0,"F","F",1,"F","F",0,"F","F",8,"F","F","F","",0,0,"N",0,"N",0,"N",0,0,0,0,"8","","","","F","F","F","F","F","F","F","F","F","","","","F","F","F","F","F","","","","",0,8,0,0,0,0,0,0,0,84,"PHI","SLN","PHI",0,"F","F",4,8,0,38,1,"T","F",0,0,"T","T","bottj101","belll101","T","T",0,0,0,0,0,0,0,0,0,"","","",0,0,0,0,0,0,0,0,0,0,0,0,0,"harpg101","F","F","F","F",0,0,0,0,0,0,0,0,0,0,F,F,"1925PHI.EVN.regular.event.csv",1825
"PHI192505200","SLN",9,0,2,0,0,"",4,8,"bottj101","?","bottj101","?","knigj103","?","knigj103","?","wilsj105","hawkc101","wrigr102","hubec101","sandh101","burng101","harpg101","willc103","","","","D9","F","F",3,4,21,"T","T",2,"F","F",0,"F","F",0,"F","F",9,"","F","F","",0,0,"N",0,"N",0,"N",2,0,0,0,"","","","","F","F","F","F","F","F","F","F","F","","","","F","F","F","F","F","","","","",0,0,0,0,0,0,0,0,0,85,"PHI","SLN","PHI",0,"F","F",4,8,0,39,2,"T","F",0,2,"T","T","belll101","muelh102","T","T",0,0,0,0,0,0,0,0,0,"","","",0,0,0,0,0,0,0,0,0,0,0,0,0,"willc103","F","F","F","F",2,0,0,0,0,0,0,0,0,0,F,F,"1925PHI.EVN.regular.event.csv",1826
"PHI192505200","SLN",9,0,2,0,0,"",4,8,"belll101","?","belll101","?","knigj103","?","knigj103","?","wilsj105","hawkc101","wrigr102","hubec101","sandh101","burng101","harpg101","willc103","","bottj101","","43","F","F",5,5,2,"T","T",0,"F","F",1,"F","F",0,"F","F",4,"G","F","F","",0,0,"N",0,"N",0,"N",0,0,2,0,"43","","","","F","F","F","F","F","F","F","F","F","","knigj103","","F","T","F","F","F","","","","",0,3,0,0,4,0,0,0,0,86,"PHI","SLN","PHI",0,"F","T",4,8,0,40,3,"T","F",2,2,"T","T","muelh102","coonj103","T","T",0,0,0,3,4,85,0,0,0,"","wilsj105","",0,0,0,0,0,0,0,0,0,0,0,0,0,"wrigr102","F","F","F","F",0,0,2,0,0,0,0,0,0,0,F,F,"1925PHI.EVN.regular.event.csv",1827
"PHI192505210","CIN",1,0,0,0,0,"",0,0,"crith101","?","crith101","?","carlh101","?","carlh101","?","wilsj105","hawkc101","kimmw101","hubec101","sandh101","burng101","harpg101","schuj101","","","","43","T","F",4,1,2,"T","T",0,"F","F",1,"F","F",0,"F","F",4,"G","F","F","",0,0,"N",0,"N",0,"N",0,0,0,0,"43","","","","F","F","F","F","F","F","F","F","F","","","","T","F","F","F","F","","","","",0,3,0,0,4,0,0,0,0,1,"PHI","CIN","PHI",0,"T","F",0,0,0,0,0,"T","F",0,0,"T","T","smite104","dresc101","T","T",0,0,0,0,0,0,0,0,0,"","","",0,0,0,0,0,0,0,0,0,0,0,0,0,"kimmw101","F","F","F","F",0,0,0,0,0,0,0,0,0,0,F,F,"1925PHI.EVN.regular.event.csv",1828
"PHI192505210","CIN",1,0,1,0,0,"",0,0,"smite104","?","smite104","?","carlh101","?","carlh101","?","wilsj105","hawkc101","kimmw101","hubec101","sandh101","burng101","harpg101","schuj101","","","","D8/8XDW","F","F",7,2,21,"T","T",2,"F","F",0,"F","F",0,"F","F",8,"","F","F","8XDW",0,0,"N",0,"N",0,"N",2,0,0,0,"","","","","F","F","F","F","F","F","F","F","F","","","","F","F","F","F","F","","","","",0,0,0,0,0,0,0,0,0,2,"PHI","CIN","PHI",0,"F","F",0,0,0,1,1,"T","F",0,2,"T","T","dresc101","rouse101","T","T",0,0,0,0,0,0,0,0,0,"","","",0,0,0,0,0,0,0,0,0,0,0,0,0,"harpg101","F","F","F","F",0,0,0,0,0,0,0,0,0,0,F,F,"1925PHI.EVN.regular.event.csv",1829
"PHI192505210","CIN",1,0,1,0,0,"",0,0,"dresc101","?","dresc101","?","carlh101","?","carlh101","?","wilsj105","hawkc101","kimmw101","hubec101","sandh101","burng101","harpg101","schuj101","","smite104","","63","F","F",5,3,2,"T","T",0,"F","F",1,"F","F",0,"F","F",6,"G","F","F","",0,0,"N",0,"N",0,"N",0,0,2,0,"63","","","","F","F","F","F","F","F","F","F","F","","carlh101","","F","F","F","F","F","","","","",0,3,0,0,6,0,0,0,0,3,"PHI","CIN","PHI",0,"F","F",0,0,0,2,2,"T","F",2,2,"T","T","rouse101","bresr101","T","T",0,0,0,7,2,2,0,0,0,"","wilsj105","",0,0,0,0,0,0,0,0,0,0,0,0,0,"sandh101","F","F","F","F",0,0,0,0,0,0,0,0,0,0,F,F,"1925PHI.EVN.regular.event.csv",1830
"PHI192505210","CIN",1,0,2,0,0,"",0,0,"rouse101","?","rouse101","?","carlh101","?","carlh101","?","wilsj105","hawkc101","kimmw101","hubec101","sandh101","burng101","harpg101","schuj101","","smite104","","8/F","F","F",8,4,2,"T","T",0,"F","F",1,"F","F",0,"F","F",8,"F","F","F","",0,0,"N",0,"N",0,"N",0,0,2,0,"8","","","","F","F","F","F","F","F","F","F","F","","carlh101","","F","F","F","F","F","","","","",0,8,0,0,0,0,0,0,0,4,"PHI","CIN","PHI",0,"F","T",0,0,0,3,3,"T","F",2,2,"T","T","bresr101","walkc101","T","T",0,0,0,7,2,2,0,0,0,"","wilsj105","",0,0,0,0,0,0,0,0,0,0,0,0,0,"harpg101","F","F","F","F",0,0,0,0,0,0,0,0,0,0,F,F,"1925PHI.EVN.regular.event.csv",1831
"PHI192505210","CIN",1,1,0,0,0,"",0,0,"burng101","?","burng101","?","may-j102","?","may-j102","?","wingi101","bresr101","crith101","dresc101","bohns101","smite104","rouse101","walkc101","","","","W","T","F",7,1,14,"T","F",0,"F","F",0,"F","F",0,"F","F",0,"","F","F","",0,0,"N",0,"N",0,"N",1,0,0,0,"","","","","F","F","F","F","F","F","F","F","F","","","","F","F","F","F","F","","","","",0,0,0,0,0,0,0,0,0,5,"PHI","PHI","CIN",1,"T","F",0,0,0,0,0,"T","F",0,1,"T","T","kimmw101","schuj101","T","T",0,0,0,0,0,0,0,0,0,"","","",0,0,0,0,0,0,0,0,0,0,0,0,0,"","F","F","F","F",4,0,0,0,1,0,0,0,0,0,F,F,"1925PHI.EVN.regular.event.csv",1832
"PHI192505210","CIN",1,1,0,0,0,"",0,0,"kimmw101","?","kimmw101","?","may-j102","?","may-j102","?","wingi101","bresr101","crith101","dresc101","bohns101","smite104","rouse101","walkc101","burng101","","","543.1-2","F","F",4,2,2,"T","T",0,"F","F",1,"F","F",0,"F","F",5,"G","F","F","",0,0,"N",0,"N",0,"N",0,2,0,0,"543","","","","F","F","F","F","F","F","F","F","F","may-j102","","","F","F","F","F","F","","","","",0,3,0,0,5,4,0,0,0,6,"PHI","PHI","CIN",1,"F","F",0,0,0,1,1,"T","F",1,2,"T","T","schuj101","harpg101","T","T",7,1,5,0,0,0,0,0,0,"wingi101","","",0,0,0,0,0,0,0,0,0,0,0,0,0,"dresc101","F","F","F","F",0,4,0,0,1,0,0,0,0,0,F,F,"1925PHI.EVN.regular.event.csv",1833
"PHI192505210","CIN",1,1,1,0,0,"",0,0,"schuj101","?","schuj101","?","may-j102","?","may-j102","?","wingi101","bresr101","crith101","dresc101","bohns101","smite104","rouse101","walkc101","","burng101","","S8.2-H","F","F",9,3,20,"T","T",1,"F","F",0,"F","F",1,"F","F",8,"","F","F","",0,0,"N",0,"N",0,"N",1,0,4,0,"","","","","F","F","F","F","F","F","F","F","F","","may-j102","","F","F","F","F","F","","","","",0,0,0,0,0,0,0,0,0,7,"PHI","PHI","CIN",1,"F","F",0,0,0,2,2,"T","F",2,1,"T","T","harpg101","hawkc101","T","T",0,0,0,7,1,5,0,0,0,"","wingi101","",0,0,0,0,0,0,0,0,0,0,0,0,1,"rouse101","F","F","F","F",0,0,4,0,0,0,0,0,0,0,F,F,"1925PHI.EVN.regular.event.csv",1834
"PHI192505210","CIN",1,1,1,0,0,"",0,1,"harpg101","?","harpg101","?","may-j102","?","may-j102","?","wingi101","bresr101","crith101","dresc101","bohns101","smite104","rouse101","walkc101","schuj101","","","CS2(26)","F","F",8,4,6,"F","F",0,"F","F",1,"F","F",0,"F","F",0,"","F","F","",0,0,"N",0,"N",0,"N",0,0,0,0,"","26","","","F","F","F","T","F","F","F","F","F","may-j102","","","F","F","F","F","F","","","","",0,6,0,0,2,0,0,0,0,8,"PHI","PHI","CIN",1,"F","F",1,0,1,3,3,"T","F",1,0,"T","T","hawkc101","wilsj105","T","T",9,3,7,0,0,0,0,0,0,"wingi101","","",0,0,0,0,0,0,0,0,0,0,0,0,0,"","F","F","F","F",0,0,0,0,0,0,0,0,0,0,F,F,"1925PHI.EVN.regular.event.csv",1835
"PHI192505210","CIN",1,1,2,0,0,"",0,1,"harpg101","?","harpg101","?","may-j102","?","may-j102","?","wingi101","bresr101","crith101","dresc101","bohns101","smite104","rouse101","walkc101","","","","K","F","F",8,4,3,"T","T",0,"F","F",1,"F","F",0,"F","F",0,"","F","F","",0,0,"N",0,"N",0,"N",0,0,0,0,"2","","","","F","F","F","F","F","F","F","F","F","","","","F","F","F","F","F","","","","",0,2,0,0,0,0,0,0,0,9,"PHI","PHI","CIN",1,"F","T",1,0,1,3,3,"F","F",0,0,"T","T","hawkc101","wilsj105","T","T",0,0,0,0,0,0,0,0,0,"","","",0,0,0,0,0,0,0,0,0,0,0,0,0,"","F","F","F","F",0,0,0,0,0,0,0,0,0,0,F,F,"1925PHI.EVN.regular.event.csv",1836
"PHI192505210","CIN",2,0,0,0,0,"",0,1,"bresr101","?","bresr101","?","carlh101","?","carlh101","?","wilsj105","hawkc101","kimmw101","hubec101","sandh101","burng101","harpg101","schuj101","","","","43","T","F",3,5,2,"T","T",0,"F","F",1,"F","F",0,"F","F",4,"G","F","F","",0,0,"N",0,"N",0,"N",0,0,0,0,"43","","","","F","F","F","F","F","F","F","F","F","","","","F","F","F","F","F","","","","",0,3,0,0,4,0,0,0,0,10,"PHI","CIN","PHI",0,"T","F",0,1,0,4,0,"T","F",0,0,"T","T","walkc101","bohns101","T","T",0,0,0,0,0,0,0,0,0,"","","",0,0,0,0,0,0,0,0,0,0,0,0,0,"kimmw101","F","F","F","F",0,0,0,0,0,0,0,0,0,0,F,F,"1925PHI.EVN.regular.event.csv",1837
"PHI192505210","CIN",2,0,1,0,0,"",0,1,"walkc101","?","walkc101","?","carlh101","?","carlh101","?","wilsj105","hawkc101","kimmw101","hubec101","sandh101","burng101","harpg101","schuj101","","","","63","F","F",9,6,2,"T","T",0,"F","F",1,"F","F",0,"F","F",6,"G","F","F","",0,0,"N",0,"N",0,"N",0,0,0,0,"63","","","","F","F","F","F","F","F","F","F","F","","","","F","F","F","F","F","","","","",0,3,0,0,6,0,0,0,0,11,"PHI","CIN","PHI",0,"F","F",0,1,0,5,1,"T","F",0,0,"T","T","bohns101","wingi101","T","T",0,0,0,0,0,0,0,0,0,"","","",0,0,0,0,0,0,0,0,0,0,0,0,0,"sandh101","F","F","F","F",0,0,0,0,0,0,0,0,0,0,F,F,"1925PHI.EVN.regular.event.csv",1838
"PHI192505210","CIN",2,0,2,0,0,"",0,1,"bohns101","?","bohns101","?","carlh101","?","carlh101","?","wilsj105","hawkc101","kimmw101","hubec101","sandh101","burng101","harpg101","schuj101","","","","E8/F.BX2(84)","F","F",6,7,18,"T","T",0,"F","F",1,"F","F",0,"F","F",8,"F","F","F","",1,8,"F",0,"N",0,"N",0,0,0,0,"84","","","","F","F","F","F","F","F","F","F","F","","","","F","F","F","F","F","","","","",0,4,0,0,8,0,0,0,0,12,"PHI","CIN","PHI",0,"F","T",0,1,0,6,2,"T","F",0,0,"T","T","wingi101","may-j102","T","T",0,0,0,0,0,0,0,0,0,"","","",0,0,0,0,0,0,0,0,0,0,0,0,0,"harpg101","F","F","F","T",0,0,0,0,0,0,0,0,0,0,F,F,"1925PHI.EVN.regular.event.csv",1839
"PHI192505210","CIN",2,1,0,0,0,"",0,1,"hawkc101","?","hawkc101","?","may-j102","?","may-j102","?","wingi101","bresr101","crith101","dresc101","bohns101","smite104","rouse101","walkc101","","","","K","T","F",3,5,3,"T","T",0,"F","F",1,"F","F",0,"F","F",0,"","F","F","",0,0,"N",0,"N",0,"N",0,0,0,0,"2","","","","F","F","F","F","F","F","F","F","F","","","","F","F","F","F","F","","","","",0,2,0,0,0,0,0,0,0,13,"PHI","PHI","CIN",1,"T","F",1,0,0,4,0,"T","F",0,0,"T","T","wilsj105","sandh101","T","T",0,0,0,0,0,0,0,0,0,"","","",0,0,0,0,0,0,0,0,0,0,0,0,0,"","F","F","F","F",0,0,0,0,0,0,0,0,0,0,F,F,"1925PHI.EVN.regular.event.csv",1840
"PHI192505210","CIN",2,1,1,0,0,"",0,1,"wilsj105","?","wilsj105","?","may-j102","?","may-j102","?","wingi101","bresr101","crith101","dresc101","bohns101","smite104","rouse101","walkc101","","","","3/G","F","F",2,6,2,"T","T",0,"F","F",1,"F","F",0,"F","F",3,"G","F","F","",0,0,"N",0,"N",0,"N",0,0,0,0,"3","","","","F","F","F","F","F","F","F","F","F","","","","F","F","F","F","F","","","","",0,3,0,0,0,0,0,0,0,14,"PHI","PHI","CIN",1,"F","F",1,0,0,5,1,"T","F",0,0,"T","T","sandh101","hubec101","T","T",0,0,0,0,0,0,0,0,0,"","","",0,0,0,0,0,0,0,0,0,0,0,0,0,"bresr101","F","F","F","F",0,0,0,0,0,0,0,0,0,0,F,F,"1925PHI.EVN.regular.event.csv",1841
"PHI192505210","CIN",2,1,2,0,0,"",0,1,"sandh101","?","sandh101","?","may-j102","?","may-j102","?","wingi101","bresr101","crith101","dresc101","bohns101","smite104","rouse101","walkc101","","","","K/C","F","F",6,7,3,"T","T",0,"F","F",1,"F","F",0,"F","F",0,"","F","F","",0,0,"N",0,"N",0,"N",0,0,0,0,"2","","","","F","F","F","F","F","F","F","F","F","","","","F","F","F","F","F","","","","",0,2,0,0,0,0,0,0,0,15,"PHI","PHI","CIN",1,"F","T",1,0,0,6,2,"T","F",0,0,"T","T","hubec101","carlh101","T","T",0,0,0,0,0,0,0,0,0,"","","",0,0,0,0,0,0,0,0,0,0,0,0,0,"","F","F","F","F",0,0,0,0,0,0,0,0,0,0,F,F,"1925PHI.EVN.regular.event.csv",1842
"PHI192505210","CIN",3,0,0,0,0,"",0,1,"wingi101","?","wingi101","?","carlh101","?","carlh101","?","wilsj105","hawkc101","kimmw101","hubec101","sandh101","burng101","harpg101","schuj101","","","","4/P/FL","T","F",2,8,2,"T","T",0,"F","F",1,"F","F",0,"F","F",4,"P","F","T","",0,0,"N",0,"N",0,"N",0,0,0,0,"4","","","","F","F","F","F","F","F","F","F","F","","","","F","F","F","F","F","","","","",0,4,0,0,0,0,0,0,0,16,"PHI","CIN","PHI",0,"T","F",0,1,0,7,0,"T","F",0,0,"T","T","may-j102","crith101","T","T",0,0,0,0,0,0,0,0,0,"","","",0,0,0,0,0,0,0,0,0,0,0,0,0,"kimmw101","F","F","F","F",0,0,0,0,0,0,0,0,0,0,F,F,"1925PHI.EVN.regular.event.csv",1843
"PHI192505210","CIN",3,0,1,0,0,"",0,1,"may-j102","?","may-j102","?","carlh101","?","carlh101","?","wilsj105","hawkc101","kimmw101","hubec101","sandh101","burng101","harpg101","schuj101","","","","63","F","F",1,9,2,"T","T",0,"F","F",1,"F","F",0,"F","F",6,"G","F","F","",0,0,"N",0,"N",0,"N",0,0,0,0,"63","","","","F","F","F","F","F","F","F","F","F","","","","F","F","F","F","F","","","","",0,3,0,0,6,0,0,0,0,17,"PHI","CIN","PHI",0,"F","F",0,1,0,8,1,"T","F",0,0,"T","T","crith101","smite104","T","T",0,0,0,0,0,0,0,0,0,"","","",0,0,0,0,0,0,0,0,0,0,0,0,0,"sandh101","F","F","F","F",0,0,0,0,0,0,0,0,0,0,F,F,"1925PHI.EVN.regular.event.csv",1844
"PHI192505210","CIN",3,0,2,0,0,"",0,1,"crith101","?","crith101","?","carlh101","?","carlh101","?","wilsj105","hawkc101","kimmw101","hubec101","sandh101","burng101","harpg101","schuj101","","","","S8","F","F",4,1,20,"T","T",1,"F","F",0,"F","F",0,"F","F",8,"","F","F","",0,0,"N",0,"N",0,"N",1,0,0,0,"","","","","F","F","F","F","F","F","F","F","F","","","","F","F","F","F","F","","","","",0,0,0,0,0,0,0,0,0,18,"PHI","CIN","PHI",0,"F","F",0,1,0,9,2,"T","F",0,1,"T","T","smite104","dresc101","T","T",0,0,0,0,0,0,0,0,0,"","","",0,0,0,0,0,0,0,0,0,0,0,0,0,"harpg101","F","F","F","F",0,0,0,0,0,0,0,0,0,0,F,F,"1925PHI.EVN.regular.event.csv",1845
"PHI192505210","CIN",3,0,2,0,0,"",0,1,"smite104","?","smite104","?","carlh101","?","carlh101","?","wilsj105","hawkc101","kimmw101","hubec101","sandh101","burng101","harpg101","schuj101","crith101","","","43","F","F",7,2,2,"T","T",0,"F","F",1,"F","F",0,"F","F",4,"G","F","F","",0,0,"N",0,"N",0,"N",0,1,0,0,"43","","","","F","F","F","F","F","F","F","F","F","carlh101","","","F","F","F","F","F","","","","",0,3,0,0,4,0,0,0,0,19,"PHI","CIN","PHI",0,"F","T",0,1,0,10,3,"T","F",1,1,"T","T","dresc101","rouse101","T","T",4,1,18,0,0,0,0,0,0,"wilsj105","","",0,0,0,0,0,0,0,0,0,0,0,0,0,"kimmw101","F","F","F","F",0,0,0,0,0,0,0,0,0,0,F,F,"1925PHI.EVN.regular.event.csv",1846
"PHI192505210","CIN",3,1,0,0,0,"",0,1,"hubec101","?","hubec101","?","may-j102","?","may-j102","?","wingi101","bresr101","crith101","dresc101","bohns101","smite104","rouse101","walkc101","","","","K","T","F",5,8,3,"T","T",0,"F","F",1,"F","F",0,"F","F",0,"","F","F","",0,0,"N",0,"N",0,"N",0,0,0,0,"2","","","","F","F","F","F","F","F","F","F","F","","","","F","F","F","F","F","","","","",0,2,0,0,0,0,0,0,0,20,"PHI","PHI","CIN",1,"T","F",1,0,0,7,0,"T","F",0,0,"T","T","carlh101","burng101","T","T",0,0,0,0,0,0,0,0,0,"","","",0,0,0,0,0,0,0,0,0,0,0,0,0,"","F","F","F","F",0,0,0,0,0,0,0,0,0,0,F,F,"1925PHI.EVN.regular.event.csv",1847
"PHI192505210","CIN",3,1,1,0,0,"",0,1,"carlh101","?","carlh101","?","may-j102","?","may-j102","?","wingi101","bresr101","crith101","dresc101","bohns101","smite104","rouse101","walkc101","","","","9/F","F","F",1,9,2,"T","T",0,"F","F",1,"F","F",0,"F","F",9,"F","F","F","",0,0,"N",0,"N",0,"N",0,0,0,0,"9","","","","F","F","F","F","F","F","F","F","F","","","","F","F","F","F","F","","","","",0,9,0,0,0,0,0,0,0,21,"PHI","PHI","CIN",1,"F","F",1,0,0,8,1,"T","F",0,0,"T","T","burng101","kimmw101","T","T",0,0,0,0,0,0,0,0,0,"","","",0,0,0,0,0,0,0,0,0,0,0,0,0,"walkc101","F","F","F","F",0,0,0,0,0,0,0,0,0,0,F,F,"1925PHI.EVN.regular.event.csv",1848
"PHI192505210","CIN",3,1,2,0,0,"",0,1,"burng101","?","burng101","?","may-j102","?","may-j102","?","wingi101","bresr101","crith101","dresc101","bohns101","smite104","rouse101","walkc101","","","","S6/G","F","F",7,1,20,"T","T",1,"F","F",0,"F","F",0,"F","F",6,"G","F","F","",0,0,"N",0,"N",0,"N",1,0,0,0,"","","","","F","F","F","F","F","F","F","F","F","","","","F","F","F","F","F","","","","",0,0,0,0,0,0,0,0,0,22,"PHI","PHI","CIN",1,"F","F",1,0,0,9,2,"T","F",0,1,"T","T","kimmw101","schuj101","T","T",0,0,0,0,0,0,0,0,0,"","","",0,0,0,0,0,0,0,0,0,0,0,0,0,"bohns101","F","F","F","F",0,0,0,0,0,0,0,0,0,0,F,F,"1925PHI.EVN.regular.event.csv",1849
"PHI192505210","CIN",3,1,2,0,0,"",0,1,"kimmw101","?","kimmw101","?","may-j102","?","may-j102","?","wingi101","bresr101","crith101","dresc101","bohns101","smite104","rouse101","walkc101","burng101","","","43","F","F",4,2,2,"T","T",0,"F","F",1,"F","F",0,"F","F",4,"G","F","F","",0,0,"N",0,"N",0,"N",0,1,0,0,"43","","","","F","F","F","F","F","F","F","F","F","may-j102","","","F","F","F","F","F","","","","",0,3,0,0,4,0,0,0,0,23,"PHI","PHI","CIN",1,"F","T",1,0,0,10,3,"T","F",1,1,"T","T","schuj101","harpg101","T","T",7,1,22,0,0,0,0,0,0,"wingi101","","",0,0,0,0,0,0,0,0,0,0,0,0,0,"crith101","F","F","F","F",0,0,0,0,0,0,0,0,0,0,F,F,"1925PHI.EVN.regular.event.csv",1850
"PHI192505210","CIN",4,0,0,0,0,"",0,1,"dresc101","?","dresc101","?","carlh101","?","carlh101","?","wilsj105","hawkc101","kimmw101","hubec101","sandh101","burng101","harpg101","schuj101","","","","13","T","F",5,3,2,"T","T",0,"F","F",1,"F","F",0,"F","F",1,"G","F","F","",0,0,"N",0,"N",0,"N",0,0,0,0,"13","","","","F","F","F","F","F","F","F","F","F","","","","F","F","F","F","F","","","","",0,3,0,0,1,0,0,0,0,24,"PHI","CIN","PHI",0,"T","F",0,1,0,11,0,"T","F",0,0,"T","T","rouse101","bresr101","T","T",0,0,0,0,0,0,0,0,0,"","","",0,0,0,0,0,0,0,0,0,0,0,0,0,"carlh101","F","F","F","F",0,0,0,0,0,0,0,0,0,0,F,F,"1925PHI.EVN.regular.event.csv",1851
"PHI192505210","CIN",4,0,1,0,0,"",0,1,"rouse101","?","rouse101","?","carlh101","?","carlh101","?","wilsj105","hawkc101","kimmw101","hubec101","sandh101","burng101","harpg101","schuj101","","","","43","F","F",8,4,2,"T","T",0,"F","F",1,"F","F",0,"F","F",4,"G","F","F","",0,0,"N",0,"N",0,"N",0,0,0,0,"43","","","","F","F","F","F","F","F","F","F","F","","","","F","F","F","F","F","","","","",0,3,0,0,4,0,0,0,0,25,"PHI","CIN","PHI",0,"F","F",0,1,0,12,1,"T","F",0,0,"T","T","bresr101","walkc101","T","T",0,0,0,0,0,0,0,0,0,"","","",0,0,0,0,0,0,0,0,0,0,0,0,0,"kimmw101","F","F","F","F",0,0,0,0,0,0,0,0,0,0,F,F,"1925PHI.EVN.regular.event.csv",1852
"PHI192505210","CIN",4,0,2,0,0,"",0,1,"bresr101","?","bresr101","?","carlh101","?","carlh101","?","wilsj105","hawkc101","kimmw101","hubec101","sandh101","burng101","harpg101","schuj101","","","","9/F9S","F","F",3,5,2,"T","T",0,"F","F",1,"F","F",0,"F","F",9,"F","F","F","9S",0,0,"N",0,"N",0,"N",0,0,0,0,"9","","","","F","F","F","F","F","F","F","F","F","","","","F","F","F","F","F","","","","",0,9,0,0,0,0,0,0,0,26,"PHI","CIN","PHI",0,"F","T",0,1,0,13,2,"T","F",0,0,"T","T","walkc101","bohns101","T","T",0,0,0,0,0,0,0,0,0,"","","",0,0,0,0,0,0,0,0,0,0,0,0,0,"schuj101","F","F","F","F",0,0,0,0,0,0,0,0,0,0,F,F,"1925PHI.EVN.regular.event.csv",1853
"PHI192505210","CIN",4,1,0,0,0,"",0,1,"schuj101","?","schuj101","?","may-j102","?","may-j102","?","wingi101","bresr101","crith101","dresc101","bohns101","smite104","rouse101","walkc101","","","","63","T","F",9,3,2,"T","T",0,"F","F",1,"F","F",0,"F","F",6,"G","F","F","",0,0,"N",0,"N",0,"N",0,0,0,0,"63","","","","F","F","F","F","F","F","F","F","F","","","","F","F","F","F","F","","","","",0,3,0,0,6,0,0,0,0,27,"PHI","PHI","CIN",1,"T","F",1,0,0,11,0,"T","F",0,0,"T","T","harpg101","hawkc101","T","T",0,0,0,0,0,0,0,0,0,"","","",0,0,0,0,0,0,0,0,0,0,0,0,0,"bohns101","F","F","F","F",0,0,0,0,2,0,0,0,0,0,F,F,"1925PHI.EVN.regular.event.csv",1854
"PHI192505210","CIN",4,1,1,0,0,"",0,1,"harpg101","?","harpg101","?","may-j102","?","may-j102","?","wingi101","bresr101","crith101","dresc101","bohns101","smite104","rouse101","walkc101","","","","S3/G","F","F",8,4,20,"T","T",1,"F","F",0,"F","F",0,"F","F",3,"G","F","F","",0,0,"N",0,"N",0,"N",1,0,0,0,"","","","","F","F","F","F","F","F","F","F","F","","","","F","F","F","F","F","","","","",0,0,0,0,0,0,0,0,0,28,"PHI","PHI","CIN",1,"F","F",1,0,0,12,1,"T","F",0,1,"T","T","hawkc101","wilsj105","T","T",0,0,0,0,0,0,0,0,0,"","","",0,0,0,0,0,0,0,0,0,0,0,0,0,"bresr101","F","F","F","F",4,0,0,0,2,0,0,0,0,0,F,F,"1925PHI.EVN.regular.event.csv",1855
"PHI192505210","CIN",4,1,1,0,0,"",0,1,"hawkc101","?","hawkc101","?","may-j102","?","may-j102","?","wingi101","bresr101","crith101","dresc101","bohns101","smite104","rouse101","walkc101","harpg101","","","HR/F9D.1-H","F","F",3,5,23,"T","T",4,"F","F",0,"F","F",2,"F","F",0,"F","F","F","9D",0,0,"N",0,"N",0,"N",4,4,0,0,"","","","","F","F","F","F","F","F","F","F","F","may-j102","","","F","F","F","F","F","","","","",0,0,0,0,0,0,0,0,0,29,"PHI","PHI","CIN",1,"F","F",1,0,0,13,2,"T","F",1,0,"T","T","wilsj105","sandh101","T","T",8,4,28,0,0,0,0,0,0,"wingi101","","",0,0,0,0,0,0,0,0,0,0,0,0,2,"","F","F","F","F",4,4,0,0,0,0,0,0,0,0,F,F,"1925PHI.EVN.regular.event.csv",1856
"PHI192505210","CIN",4,1,1,0,0,"",0,3,"wilsj105","?","wilsj105","?","may-j102","?","may-j102","?","wingi101","bresr101","crith101","dresc101","bohns101","smite104","rouse101","walkc101","","","","43","F","F",2,6,2,"T","T",0,"F","F",1,"F","F",0,"F","F",4,"G","F","F","",0,0,"N",0,"N",0,"N",0,0,0,0,"43","","","","F","F","F","F","F","F","F","F","F","","","","F","F","F","F","F","","","","",0,3,0,0,4,0,0,0,0,30,"PHI","PHI","CIN",1,"F","F",3,0,2,14,3,"T","F",0,0,"T","T","sandh101","hubec101","T","T",0,0,0,0,0,0,0,0,0,"","","",0,0,0,0,0,0,0,0,0,0,0,0,0,"crith101","F","F","F","F",0,0,0,0,0,0,0,0,0,0,F,F,"1925PHI.EVN.regular.event.csv",1857
"PHI192505210","CIN",4,1,2,0,0,"",0,3,"sandh101","?","sandh101","?","may-j102","?","may-j102","?","wingi101","bresr101","crith101","dresc101","bohns101","smite104","rouse101","walkc101","","","","S9","F","F",6,7,20,"T","T",1,"F","F",0,"F","F",0,"F","F",9,"","F","F","",0,0,"N",0,"N",0,"N",1,0,0,0,"","","","","F","F","F","F","F","F","F","F","F","","","","F","F","F","F","F","","","","",0,0,0,0,0,0,0,0,0,31,"PHI","PHI","CIN",1,"F","F",3,0,2,15,4,"T","F",0,1,"T","T","hubec101","carlh101","T","T",0,0,0,0,0,0,0,0,0,"","","",0,0,0,0,0,0,0,0,0,0,0,0,0,"walkc101","F","F","F","F",0,0,0,0,0,0,0,0,0,0,F,F,"1925PHI.EVN.regular.event.csv",1858
"PHI192505210","CIN",4,1,2,0,0,"",0,3,"hubec101","?","hubec101","?","may-j102","?","may-j102","?","wingi101","bresr101","crith101","dresc101","bohns101","smite104","rouse101","walkc101","sandh101","","","3/FL","F","F",5,8,2,"T","T",0,"F","F",1,"F","F",0,"F","F",3,"F","F","T","",0,0,"N",0,"N",0,"N",0,1,0,0,"3","","","","F","F","F","F","F","F","F","F","F","may-j102","","","F","F","F","F","F","","","","",0,3,0,0,0,0,0,0,0,32,"PHI","PHI","CIN",1,"F","T",3,0,2,16,5,"T","F",1,1,"T","T","carlh101","burng101","T","T",6,7,31,0,0,0,0,0,0,"wingi101","","",0,0,0,0,0,0,0,0,0,0,0,0,0,"bresr101","F","F","F","F",0,0,0,0,0,0,0,0,0,0,F,F,"1925PHI.EVN.regular.event.csv",1859
"PHI192505210","CIN",5,0,0,0,0,"",0,3,"walkc101","?","walkc101","?","carlh101","?","carlh101","?","wilsj105","hawkc101","kimmw101","hubec101","sandh101","burng101","harpg101","schuj101","","","","S9","T","F",9,6,20,"T","T",1,"F","F",0,"F","F",0,"F","F",9,"","F","F","",0,0,"N",0,"N",0,"N",1,0,0,0,"","","","","F","F","F","F","F","F","F","F","F","","","","F","F","F","F","F","","","","",0,0,0,0,0,0,0,0,0,33,"PHI","CIN","PHI",0,"T","F",0,3,0,14,0,"T","F",0,1,"T","T","bohns101","wingi101","T","T",0,0,0,0,0,0,0,0,0,"","","",0,0,0,0,0,0,0,0,0,0,0,0,0,"schuj101","F","F","F","F",0,0,0,0,0,0,0,0,0,0,F,F,"1925PHI.EVN.regular.event.csv",1860
"PHI192505210","CIN",5,0,0,0,0,"",0,3,"bohns101","?","bohns101","?","carlh101","?","carlh101","?","wilsj105","hawkc101","kimmw101","hubec101","sandh101","burng101","harpg101","schuj101","walkc101","","","S8.1-2","F","F",6,7,20,"T","T",1,"F","F",0,"F","F",0,"F","F",8,"","F","F","",0,0,"N",0,"N",0,"N",1,2,0,0,"","","","","F","F","F","F","F","F","F","F","F","carlh101","","","F","F","F","F","F","","","","",0,0,0,0,0,0,0,0,0,34,"PHI","CIN","PHI",0,"F","F",0,3,0,15,1,"T","F",1,3,"T","T","wingi101","may-j102","T","T",9,6,33,0,0,0,0,0,0,"wilsj105","","",0,0,0,0,0,0,0,0,0,0,0,0,0,"harpg101","F","F","F","F",0,0,0,0,0,0,0,0,0,0,F,F,"1925PHI.EVN.regular.event.csv",1861
"PHI192505210","CIN",5,0,0,0,0,"",0,3,"wingi101","?","wingi101","?","carlh101","?","carlh101","?","wilsj105","hawkc101","kimmw101","hubec101","sandh101","burng101","harpg101","schuj101","bohns101","walkc101","","8/F.2-3","F","F",2,8,2,"T","T",0,"F","F",1,"F","F",0,"F","F",8,"F","F","F","",0,0,"N",0,"N",0,"N",0,1,3,0,"8","","","","F","F","F","F","F","F","F","F","F","carlh101","carlh101","","F","F","F","F","F","","","","",0,8,0,0,0,0,0,0,0,35,"PHI","CIN","PHI",0,"F","F",0,3,0,16,2,"T","F",3,5,"T","T","may-j102","crith101","T","T",6,7,34,9,6,33,0,0,0,"wilsj105","wilsj105","",0,0,0,0,0,0,0,0,0,0,0,0,0,"harpg101","F","F","F","F",0,0,0,0,0,0,0,0,0,0,F,F,"1925PHI.EVN.regular.event.csv",1862
"PHI192505210","CIN",5,0,1,0,0,"",0,3,"may-j102","?","may-j102","?","carlh101","?","carlh101","?","wilsj105","hawkc101","kimmw101","hubec101","sandh101","burng101","harpg101","schuj101","bohns101","","walkc101","FC5/P5L/DP.1X2(564);3XH(42)","F","F",1,9,19,"T","T",0,"F","F",2,"T","F",0,"F","F",5,"P","F","F","5L",0,0,"N",0,"N",0,"N",1,0,0,0,"","564","","42","F","F","F","F","F","F","F","F","F","carlh101","","carlh101","F","F","F","F","F","","","","",0,4,2,0,5,6,4,0,0,36,"PHI","CIN","PHI",0,"F","T",0,3,0,17,3,"T","F",5,1,"T","T","crith101","smite104","T","T",6,7,34,0,0,0,9,6,33,"wilsj105","","wilsj105",0,0,0,0,0,0,0,0,0,0,0,0,0,"hubec101","F","F","F","F",0,0,0,0,0,0,0,0,0,0,F,F,"1925PHI.EVN.regular.event.csv",1863
"PHI192505210","CIN",5,1,0,0,0,"",0,3,"carlh101","?","carlh101","?","may-j102","?","may-j102","?","wingi101","bresr101","crith101","dresc101","bohns101","smite104","rouse101","walkc101","","","","7/F","T","F",1,9,2,"T","T",0,"F","F",1,"F","F",0,"F","F",7,"F","F","F","",0,0,"N",0,"N",0,"N",0,0,0,0,"7","","","","F","F","F","F","F","F","F","F","F","","","","F","F","F","F","F","","","","",0,7,0,0,0,0,0,0,0,37,"PHI","PHI","CIN",1,"T","F",3,0,0,17,0,"T","F",0,0,"T","T","burng101","kimmw101","T","T",0,0,0,0,0,0,0,0,0,"","","",0,0,0,0,0,0,0,0,0,0,0,0,0,"smite104","F","F","F","F",0,0,0,0,3,0,0,0,0,0,F,F,"1925PHI.EVN.regular.event.csv",1864
"PHI192505210","CIN",5,1,1,0,0,"",0,3,"burng101","?","burng101","?","may-j102","?","may-j102","?","wingi101","bresr101","crith101","dresc101","bohns101","smite104","rouse101","walkc101","","","","W","F","F",7,1,14,"T","F",0,"F","F",0,"F","F",0,"F","F",0,"","F","F","",0,0,"N",0,"N",0,"N",1,0,0,0,"","","","","F","F","F","F","F","F","F","F","F","","","","F","F","F","F","F","","","","",0,0,0,0,0,0,0,0,0,38,"PHI","PHI","CIN",1,"F","F",3,0,0,18,1,"T","F",0,1,"T","T","kimmw101","schuj101","T","T",0,0,0,0,0,0,0,0,0,"","","",0,0,0,0,0,0,0,0,0,0,0,0,0,"","F","F","F","F",0,0,0,0,3,0,0,0,0,0,F,F,"1925PHI.EVN.regular.event.csv",1865
"PHI192505210","CIN",5,1,1,0,0,"",0,3,"kimmw101","?","kimmw101","?","may-j102","?","may-j102","?","wingi101","bresr101","crith101","dresc101","bohns101","smite104","rouse101","walkc101","burng101","","","14(1)/FO","F","F",4,2,2,"T","T",0,"F","F",1,"F","F",0,"F","F",1,"G","F","F","",0,0,"N",0,"N",0,"N",1,0,0,0,"","14","","","F","F","F","F","F","F","F","F","F","may-j102","","","F","F","F","F","F","","","","",0,4,0,0,1,0,0,0,0,39,"PHI","PHI","CIN",1,"F","F",3,0,0,19,2,"T","F",1,1,"T","T","schuj101","harpg101","T","T",7,1,38,0,0,0,0,0,0,"wingi101","","",0,0,0,0,0,0,0,0,0,0,0,0,0,"may-j102","T","F","F","F",4,0,0,0,3,0,0,0,0,0,F,F,"1925PHI.EVN.regular.event.csv",1866
"PHI192505210","CIN",5,1,2,0,0,"",0,3,"schuj101","?","schuj101","?","may-j102","?","may-j102","?","wingi101","bresr101","crith101","dresc101","bohns101","smite104","rouse101","walkc101","kimmw101","","","S7.1-2","F","F",9,3,20,"T","T",1,"F","F",0,"F","F",0,"F","F",7,"","F","F","",0,0,"N",0,"N",0,"N",1,2,0,0,"","","","","F","F","F","F","F","F","F","F","F","may-j102","","","F","F","F","F","F","","","","",0,0,0,0,0,0,0,0,0,40,"PHI","PHI","CIN",1,"F","F",3,0,0,20,3,"T","F",1,3,"T","T","harpg101","hawkc101","T","T",4,2,39,0,0,0,0,0,0,"wingi101","","",0,0,0,0,0,0,0,0,0,0,0,0,0,"smite104","F","F","F","F",4,4,0,0,3,0,0,0,0,0,F,F,"1925PHI.EVN.regular.event.csv",1867
"PHI192505210","CIN",5,1,2,0,0,"",0,3,"harpg101","?","harpg101","?","may-j102","?","may-j102","?","wingi101","bresr101","crith101","dresc101","bohns101","smite104","rouse101","walkc101","schuj101","kimmw101","","D8/F.2-H;1-3","F","F",8,4,21,"T","T",2,"F","F",0,"F","F",1,"F","F",8,"F","F","F","",0,0,"N",0,"N",0,"N",2,3,4,0,"","","","","F","F","F","F","F","F","F","F","F","may-j102","may-j102","","F","F","F","F","F","","","","",0,0,0,0,0,0,0,0,0,41,"PHI","PHI","CIN",1,"F","F",3,0,0,21,4,"T","F",3,6,"T","T","hawkc101","wilsj105","T","T",9,3,40,4,2,39,0,0,0,"wingi101","wingi101","",0,0,0,0,0,0,0,0,0,0,0,0,1,"rouse101","F","F","F","F",4,4,4,0,2,0,0,0,0,0,F,F,"1925PHI.EVN.regular.event.csv",1868
"PHI192505210","CIN",5,1,2,0,0,"",0,4,"hawkc101","?","hawkc101","?","may-j102","?","may-j102","?","wingi101","bresr101","crith101","dresc101","bohns101","smite104","rouse101","walkc101","","harpg101","schuj101","S7.3-H;2-H;B-2(THH)","F","F",3,5,20,"T","T",1,"F","F",0,"F","F",2,"F","F",7,"","F","F","",0,0,"N",0,"N",0,"N",2,0,4,4,"","","","","F","F","F","F","F","F","F","F","F","","may-j102","may-j102","F","F","F","F","F","","","","",0,0,0,0,0,0,0,0,0,42,"PHI","PHI","CIN",1,"F","F",4,0,1,22,5,"T","F",6,2,"T","T","wilsj105","sandh101","T","T",0,0,0,8,4,41,9,3,40,"","wingi101","wingi101",0,0,0,0,0,0,0,0,0,0,0,0,2,"smite104","F","F","F","F",0,0,4,4,0,0,0,0,0,0,F,F,"1925PHI.EVN.regular.event.csv",1869
"PHI192505210","CIN",5,1,2,0,0,"",0,6,"wilsj105","?","wilsj105","?","may-j102","?","may-j102","?","wingi101","bresr101","crith101","dresc101","bohns101","smite104","rouse101","walkc101","","hawkc101","","WP.2-3","F","F",2,6,9,"F","F",0,"F","F",0,"F","F",0,"T","F",0,"","F","F","",0,0,"N",0,"N",0,"N",0,0,3,0,"","","","","F","F","F","F","F","F","F","F","F","","may-j102","","F","F","F","F","F","","","","",0,0,0,0,0,0,0,0,0,43,"PHI","PHI","CIN",1,"F","F",6,0,3,23,6,"T","F",2,4,"T","T","sandh101","hubec101","T","T",0,0,0,3,5,42,0,0,0,"","wingi101","",0,0,0,0,0,0,0,0,0,0,0,0,0,"","F","F","F","F",0,0,0,0,0,0,0,0,0,0,F,F,"1925PHI.EVN.regular.event.csv",1870
"PHI192505210","CIN",5,1,2,0,0,"",0,6,"wilsj105","?","wilsj105","?","may-j102","?","may-j102","?","wingi101","bresr101","crith101","dresc101","bohns101","smite104","rouse101","walkc101","","","hawkc101","K","F","F",2,6,3,"T","T",0,"F","F",1,"F","F",0,"F","F",0,"","F","F","",0,0,"N",0,"N",0,"N",0,0,0,3,"2","","","","F","F","F","F","F","F","F","F","F","","","may-j102","F","F","F","F","F","","","","",0,2,0,0,0,0,0,0,0,44,"PHI","PHI","CIN",1,"F","T",6,0,3,23,6,"F","F",4,4,"T","T","sandh101","hubec101","T","T",0,0,0,0,0,0,3,5,42,"","","wingi101",0,0,0,0,0,0,0,0,0,0,0,0,0,"","F","F","F","F",0,0,0,0,0,0,0,0,0,0,F,F,"1925PHI.EVN.regular.event.csv",1871
"PHI192505210","CIN",6,0,0,0,0,"",0,6,"crith101","?","crith101","?","carlh101","?","carlh101","?","wilsj105","hawkc101","kimmw101","hubec101","sandh101","burng101","harpg101","schuj101","","","","4/P","T","F",4,1,2,"T","T",0,"F","F",1,"F","F",0,"F","F",4,"P","F","F","",0,0,"N",0,"N",0,"N",0,0,0,0,"4","","","","F","F","F","F","F","F","F","F","F","","","","F","F","F","F","F","","","","",0,4,0,0,0,0,0,0,0,45,"PHI","CIN","PHI",0,"T","F",0,6,0,18,0,"T","F",0,0,"T","T","smite104","dresc101","T","T",0,0,0,0,0,0,0,0,0,"","","",0,0,0,0,0,0,0,0,0,0,0,0,0,"kimmw101","F","F","F","F",0,0,0,0,1,0,0,0,0,0,F,F,"1925PHI.EVN.regular.event.csv",1872
"PHI192505210","CIN",6,0,1,0,0,"",0,6,"smite104","?","smite104","?","carlh101","?","carlh101","?","wilsj105","hawkc101","kimmw101","hubec101","sandh101","burng101","harpg101","schuj101","","","","5/FL","F","F",7,2,2,"T","T",0,"F","F",1,"F","F",0,"F","F",5,"F","F","T","",0,0,"N",0,"N",0,"N",0,0,0,0,"5","","","","F","F","F","F","F","F","F","F","F","","","","F","F","F","F","F","","","","",0,5,0,0,0,0,0,0,0,46,"PHI","CIN","PHI",0,"F","F",0,6,0,19,1,"T","F",0,0,"T","T","dresc101","rouse101","T","T",0,0,0,0,0,0,0,0,0,"","","",0,0,0,0,0,0,0,0,0,0,0,0,0,"hubec101","F","F","F","F",0,0,0,0,1,0,0,0,0,0,F,F,"1925PHI.EVN.regular.event.csv",1873
"PHI192505210","CIN",6,0,2,0,0,"",0,6,"dresc101","?","dresc101","?","carlh101","?","carlh101","?","wilsj105","hawkc101","kimmw101","hubec101","sandh101","burng101","harpg101","schuj101","","","","D9/9DW","F","F",5,3,21,"T","T",2,"F","F",0,"F","F",0,"F","F",9,"","F","F","9DW",0,0,"N",0,"N",0,"N",2,0,0,0,"","","","","F","F","F","F","F","F","F","F","F","","","","F","F","F","F","F","","","","",0,0,0,0,0,0,0,0,0,47,"PHI","CIN","PHI",0,"F","F",0,6,0,20,2,"T","F",0,2,"T","T","rouse101","bresr101","T","T",0,0,0,0,0,0,0,0,0,"","","",0,0,0,0,0,0,0,0,0,0,0,0,0,"schuj101","F","F","F","F",4,0,0,0,1,0,0,0,0,0,F,F,"1925PHI.EVN.regular.event.csv",1874
"PHI192505210","CIN",6,0,2,0,0,"",0,6,"rouse101","?","rouse101","?","carlh101","?","carlh101","?","wilsj105","hawkc101","kimmw101","hubec101","sandh101","burng101","harpg101","schuj101","","dresc101","","S9.2-H","F","F",8,4,20,"T","T",1,"F","F",0,"F","F",1,"F","F",9,"","F","F","",0,0,"N",0,"N",0,"N",1,0,4,0,"","","","","F","F","F","F","F","F","F","F","F","","carlh101","","F","F","F","F","F","","","","",0,0,0,0,0,0,0,0,0,48,"PHI","CIN","PHI",0,"F","F",0,6,0,21,3,"T","F",2,1,"T","T","bresr101","walkc101","T","T",0,0,0,5,3,47,0,0,0,"","wilsj105","",0,0,0,0,0,0,0,0,0,0,0,0,1,"schuj101","F","F","F","F",0,0,4,0,0,0,0,0,0,0,F,F,"1925PHI.EVN.regular.event.csv",1875
"PHI192505210","CIN",6,0,2,0,0,"",1,6,"bresr101","?","bresr101","?","carlh101","?","carlh101","?","wilsj105","hawkc101","kimmw101","hubec101","sandh101","burng101","harpg101","schuj101","rouse101","","","9/F","F","F",3,5,2,"T","T",0,"F","F",1,"F","F",0,"F","F",9,"F","F","F","",0,0,"N",0,"N",0,"N",0,1,0,0,"9","","","","F","F","F","F","F","F","F","F","F","carlh101","","","F","F","F","F","F","","","","",0,9,0,0,0,0,0,0,0,49,"PHI","CIN","PHI",0,"F","T",1,6,1,22,4,"T","F",1,1,"T","T","walkc101","bohns101","T","T",8,4,48,0,0,0,0,0,0,"wilsj105","","",0,0,0,0,0,0,0,0,0,0,0,0,0,"schuj101","F","F","F","F",0,0,0,0,0,0,0,0,0,0,F,F,"1925PHI.EVN.regular.event.csv",1876
"PHI192505210","CIN",6,1,0,0,0,"",1,6,"sandh101","?","sandh101","?","may-j102","?","may-j102","?","wingi101","bresr101","crith101","dresc101","bohns101","smite104","rouse101","walkc101","","","","W","T","F",6,7,14,"T","F",0,"F","F",0,"F","F",0,"F","F",0,"","F","F","",0,0,"N",0,"N",0,"N",1,0,0,0,"","","","","F","F","F","F","F","F","F","F","F","","","","F","F","F","F","F","","","","",0,0,0,0,0,0,0,0,0,50,"PHI","PHI","CIN",1,"T","F",6,1,0,24,0,"T","F",0,1,"T","T","hubec101","carlh101","T","T",0,0,0,0,0,0,0,0,0,"","","",0,0,0,0,0,0,0,0,0,0,0,0,0,"","F","F","F","F",0,0,0,0,3,0,0,0,0,0,F,F,"1925PHI.EVN.regular.event.csv",1877
"PHI192505210","CIN",6,1,0,0,0,"",1,6,"hubec101","?","hubec101","?","may-j102","?","may-j102","?","wingi101","bresr101","crith101","dresc101","bohns101","smite104","rouse101","walkc101","sandh101","","","S9.1-3;B-2(E9)","F","F",5,8,20,"T","T",1,"F","F",0,"F","F",0,"F","F",9,"","F","F","",1,9,"F",0,"N",0,"N",2,3,0,0,"","","","","F","F","F","F","F","F","F","F","F","may-j102","","","F","F","F","F","F","","","","",0,0,0,0,0,0,0,0,0,51,"PHI","PHI","CIN",1,"F","F",6,1,0,25,1,"T","F",1,6,"T","T","carlh101","burng101","T","T",6,7,50,0,0,0,0,0,0,"wingi101","","",0,0,0,0,0,0,0,0,0,0,0,0,0,"walkc101","F","F","F","F",5,0,0,0,3,0,0,0,0,0,F,F,"1925PHI.EVN.regular.event.csv",1878
"PHI192505210","CIN",6,1,0,0,0,"",1,6,"carlh101","?","carlh101","?","biemh101","?","biemh101","?","wingi101","bresr101","crith101","dresc101","bohns101","smite104","rouse101","walkc101","","hubec101","sandh101","OA.3XH(21);2-3","F","F",1,9,12,"F","F",0,"F","F",1,"F","F",0,"F","F",0,"","F","F","",0,0,"N",0,"N",0,"N",0,0,3,0,"","","","21","F","F","F","F","F","F","F","F","F","","may-j102","may-j102","F","F","F","F","F","","","","",0,1,0,0,2,0,0,0,0,52,"PHI","PHI","CIN",1,"F","F",6,1,0,26,2,"T","F",6,4,"T","T","burng101","kimmw101","F","F",0,0,0,5,8,51,6,7,50,"","wingi101","wingi101",0,0,0,0,0,0,0,0,0,0,0,0,0,"","F","F","F","F",0,0,5,0,3,0,0,0,0,0,F,F,"1925PHI.EVN.regular.event.csv",1879
"PHI192505210","CIN",6,1,1,0,0,"",1,6,"carlh101","?","carlh101","?","biemh101","?","biemh101","?","wingi101","bresr101","crith101","dresc101","bohns101","smite104","rouse101","walkc101","","","hubec101","E6/G.3-H(NR)(UR)","F","F",1,9,18,"T","T",0,"F","F",0,"F","F",0,"F","F",6,"G","F","F","",1,6,"F",0,"N",0,"N",1,0,0,5,"","","","","F","F","F","F","F","F","F","F","F","","","may-j102","F","F","F","F","F","","","","",0,0,0,0,0,0,0,0,0,53,"PHI","PHI","CIN",1,"F","F",6,1,0,26,2,"F","F",4,1,"T","T","burng101","kimmw101","F","F",0,0,0,0,0,0,5,8,51,"","","wingi101",0,0,0,0,0,0,0,0,0,0,0,0,1,"bohns101","F","F","F","T",5,0,0,5,2,0,0,0,0,0,F,F,"1925PHI.EVN.regular.event.csv",1880
"PHI192505210","CIN",6,1,1,0,0,"",1,7,"burng101","?","burng101","?","biemh101","?","biemh101","?","wingi101","bresr101","crith101","dresc101","bohns101","smite104","rouse101","walkc101","carlh101","","","13.1-2","F","F",7,1,2,"T","T",0,"F","F",1,"F","F",0,"F","F",1,"G","F","F","",0,0,"N",0,"N",0,"N",0,2,0,0,"13","","","","F","F","F","F","F","F","F","F","F","biemh101","","","F","F","F","F","F","","","","",0,3,0,0,1,0,0,0,0,54,"PHI","PHI","CIN",1,"F","F",7,1,1,27,3,"T","F",1,2,"T","T","kimmw101","schuj101","F","F",1,9,53,0,0,0,0,0,0,"wingi101","","",0,0,0,0,0,0,0,0,0,0,0,0,0,"biemh101","F","F","F","F",0,5,0,0,2,0,0,0,0,0,F,F,"1925PHI.EVN.regular.event.csv",1881
"PHI192505210","CIN",6,1,2,0,0,"",1,7,"kimmw101","?","kimmw101","?","biemh101","?","biemh101","?","wingi101","bresr101","crith101","dresc101","bohns101","smite104","rouse101","walkc101","","carlh101","","HR/7D.2-H(UR);B-H(UR)","F","F",4,2,23,"T","T",4,"F","F",0,"F","F",2,"F","F",0,"","F","F","7D",0,0,"N",0,"N",0,"N",5,0,5,0,"","","","","F","F","F","F","F","F","F","F","F","","biemh101","","F","F","F","F","F","","","","",0,0,0,0,0,0,0,0,0,55,"PHI","PHI","CIN",1,"F","F",7,1,1,28,4,"T","F",2,0,"T","T","schuj101","harpg101","F","F",0,0,0,1,9,53,0,0,0,"","wingi101","",0,0,0,0,0,0,0,0,0,0,0,0,2,"","F","F","F","F",5,0,5,0,0,0,0,0,0,0,F,F,"1925PHI.EVN.regular.event.csv",1882
"PHI192505210","CIN",6,1,2,0,0,"",1,9,"willc103","?","willc103","?","biemh101","?","biemh101","?","wingi101","bresr101","crith101","dresc101","bohns101","smite104","rouse101","walkc101","","","","K","F","T",11,3,3,"T","T",0,"F","F",1,"F","F",0,"F","F",0,"","F","F","",0,0,"N",0,"N",0,"N",0,0,0,0,"2","","","","F","F","F","F","F","F","F","F","F","","","","F","F","F","F","F","","","","schuj101",9,2,0,0,0,0,0,0,0,56,"PHI","PHI","CIN",1,"F","T",9,1,3,29,5,"T","F",0,0,"F","F","harpg101","hawkc101","F","F",0,0,0,0,0,0,0,0,0,"","","",0,0,0,0,0,0,0,0,0,0,0,0,0,"","F","F","F","F",0,0,0,0,0,0,0,0,0,0,F,F,"1925PHI.EVN.regular.event.csv",1883
"PHI192505210","CIN",7,0,0,0,0,"",1,9,"walkc101","?","walkc101","?","carlh101","?","carlh101","?","wilsj105","hawkc101","kimmw101","hubec101","sandh101","burng101","harpg101","willc103","","","","D9/9DW","T","F",9,6,21,"T","T",2,"F","F",0,"F","F",0,"F","F",9,"","F","F","9DW",0,0,"N",0,"N",0,"N",2,0,0,0,"","","","","F","F","F","F","F","F","F","F","F","","","","F","F","F","F","F","","","","",0,0,0,0,0,0,0,0,0,57,"PHI","CIN","PHI",0,"T","F",1,9,0,23,0,"T","F",0,2,"T","T","bohns101","wingi101","T","T",0,0,0,0,0,0,0,0,0,"","","",0,0,0,0,0,0,0,0,0,0,0,0,0,"willc103","F","F","F","F",3,0,0,0,0,0,0,0,0,0,F,F,"1925PHI.EVN.regular.event.csv",1884
"PHI192505210","CIN",7,0,0,0,0,"",1,9,"bohns101","?","bohns101","?","carlh101","?","carlh101","?","wilsj105","hawkc101","kimmw101","hubec101","sandh101","burng101","harpg101","willc103","","walkc101","","K/C","F","F",6,7,3,"T","T",0,"F","F",1,"F","F",0,"F","F",0,"","F","F","",0,0,"N",0,"N",0,"N",0,0,2,0,"2","","","","F","F","F","F","F","F","F","F","F","","carlh101","","F","F","F","F","F","","","","",0,2,0,0,0,0,0,0,0,58,"PHI","CIN","PHI",0,"F","F",1,9,0,24,1,"T","F",2,2,"T","T","wingi101","biemh101","T","T",0,0,0,9,6,57,0,0,0,"","wilsj105","",0,0,0,0,0,0,0,0,0,0,0,0,0,"","F","F","F","F",0,0,3,0,0,0,0,0,0,0,F,F,"1925PHI.EVN.regular.event.csv",1885
"PHI192505210","CIN",7,0,1,0,0,"",1,9,"wingi101","?","wingi101","?","carlh101","?","carlh101","?","wilsj105","hawkc101","kimmw101","hubec101","sandh101","burng101","harpg101","willc103","","walkc101","","8/F.2-3","F","F",2,8,2,"T","T",0,"F","F",1,"F","F",0,"F","F",8,"F","F","F","",0,0,"N",0,"N",0,"N",0,0,3,0,"8","","","","F","F","F","F","F","F","F","F","F","","carlh101","","F","F","F","F","F","","","","",0,8,0,0,0,0,0,0,0,59,"PHI","CIN","PHI",0,"F","F",1,9,0,25,2,"T","F",2,4,"T","T","biemh101","crith101","T","T",0,0,0,9,6,57,0,0,0,"","wilsj105","",0,0,0,0,0,0,0,0,0,0,0,0,0,"harpg101","F","F","F","F",0,0,3,0,0,0,0,0,0,0,F,F,"1925PHI.EVN.regular.event.csv",1886
"PHI192505210","CIN",7,0,2,0,0,"",1,9,"biemh101","?","biemh101","?","carlh101","?","carlh101","?","wilsj105","hawkc101","kimmw101","hubec101","sandh101","burng101","harpg101","willc103","","","walkc101","K","F","F",1,9,3,"T","T",0,"F","F",1,"F","F",0,"F","F",0,"","F","F","",0,0,"N",0,"N",0,"N",0,0,0,3,"2","","","","F","F","F","F","F","F","F","F","F","","","carlh101","F","F","F","F","F","","","","",0,2,0,0,0,0,0,0,0,60,"PHI","CIN","PHI",0,"F","T",1,9,0,26,3,"T","F",4,4,"F","F","crith101","smite104","T","T",0,0,0,0,0,0,9,6,57,"","","wilsj105",0,0,0,0,0,0,0,0,0,0,0,0,0,"","F","F","F","F",0,0,0,3,0,0,0,0,0,0,F,F,"1925PHI.EVN.regular.event.csv",1887
"PHI192505210","CIN",7,1,0,0,0,"",1,9,"harpg101","?","harpg101","?","biemh101","?","biemh101","?","douga101","bresr101","crith101","dresc101","bohns101","smite104","rouse101","walkc101","","","","S9.BX2(94)","T","F",8,4,20,"T","T",1,"F","F",1,"F","F",0,"F","F",9,"","F","F","",0,0,"N",0,"N",0,"N",0,0,0,0,"94","","","","F","F","F","F","F","F","F","F","F","","","","F","F","F","F","F","","","","",0,4,0,0,9,0,0,0,0,61,"PHI","PHI","CIN",1,"T","F",9,1,0,30,0,"T","F",0,0,"T","T","hawkc101","wilsj105","F","F",0,0,0,0,0,0,0,0,0,"","","",0,0,0,0,0,0,0,0,0,0,0,0,0,"walkc101","F","F","F","F",0,0,0,0,0,0,0,0,0,0,F,F,"1925PHI.EVN.regular.event.csv",1888
"PHI192505210","CIN",7,1,1,0,0,"",1,9,"hawkc101","?","hawkc101","?","biemh101","?","biemh101","?","douga101","bresr101","crith101","dresc101","bohns101","smite104","rouse101","walkc101","","","","S4/G","F","F",3,5,20,"T","T",1,"F","F",0,"F","F",0,"F","F",4,"G","F","F","",0,0,"N",0,"N",0,"N",1,0,0,0,"","","","","F","F","F","F","F","F","F","F","F","","","","F","F","F","F","F","","","","",0,0,0,0,0,0,0,0,0,62,"PHI","PHI","CIN",1,"F","F",9,1,0,31,1,"T","F",0,1,"T","T","wilsj105","sandh101","F","F",0,0,0,0,0,0,0,0,0,"","","",0,0,0,0,0,0,0,0,0,0,0,0,0,"crith101","F","F","F","F",0,0,0,0,0,0,0,0,0,0,F,F,"1925PHI.EVN.regular.event.csv",1889
"PHI192505210","CIN",7,1,1,0,0,"",1,9,"wilsj105","?","wilsj105","?","biemh101","?","biemh101","?","douga101","bresr101","crith101","dresc101","bohns101","smite104","rouse101","walkc101","hawkc101","","","53.1-2","F","F",2,6,2,"T","T",0,"F","F",1,"F","F",0,"F","F",5,"G","F","F","",0,0,"N",0,"N",0,"N",0,2,0,0,"53","","","","F","F","F","F","F","F","F","F","F","biemh101","","","F","F","F","F","F","","","","",0,3,0,0,5,0,0,0,0,63,"PHI","PHI","CIN",1,"F","F",9,1,0,32,2,"T","F",1,2,"T","T","sandh101","hubec101","F","F",3,5,62,0,0,0,0,0,0,"douga101","","",0,0,0,0,0,0,0,0,0,0,0,0,0,"dresc101","F","F","F","F",0,0,0,0,0,0,0,0,0,0,F,F,"1925PHI.EVN.regular.event.csv",1890
"PHI192505210","CIN",7,1,2,0,0,"",1,9,"sandh101","?","sandh101","?","biemh101","?","biemh101","?","douga101","bresr101","crith101","dresc101","bohns101","smite104","rouse101","walkc101","","hawkc101","","63","F","F",6,7,2,"T","T",0,"F","F",1,"F","F",0,"F","F",6,"G","F","F","",0,0,"N",0,"N",0,"N",0,0,2,0,"63","","","","F","F","F","F","F","F","F","F","F","","biemh101","","F","F","F","F","F","","","","",0,3,0,0,6,0,0,0,0,64,"PHI","PHI","CIN",1,"F","T",9,1,0,33,3,"T","F",2,2,"T","T","hubec101","carlh101","F","F",0,0,0,3,5,62,0,0,0,"","douga101","",0,0,0,0,0,0,0,0,0,0,0,0,0,"bohns101","F","F","F","F",0,0,0,0,0,0,0,0,0,0,F,F,"1925PHI.EVN.regular.event.csv",1891
"PHI192505210","CIN",8,0,0,0,0,"",1,9,"crith101","?","crith101","?","carlh101","?","carlh101","?","wilsj105","hawkc101","kimmw101","hubec101","sandh101","burng101","harpg101","willc103","","","","8/F","T","F",4,1,2,"T","T",0,"F","F",1,"F","F",0,"F","F",8,"F","F","F","",0,0,"N",0,"N",0,"N",0,0,0,0,"8","","","","F","F","F","F","F","F","F","F","F","","","","F","F","F","F","F","","","","",0,8,0,0,0,0,0,0,0,65,"PHI","CIN","PHI",0,"T","F",1,9,0,27,0,"T","F",0,0,"T","T","smite104","dresc101","T","T",0,0,0,0,0,0,0,0,0,"","","",0,0,0,0,0,0,0,0,0,0,0,0,0,"harpg101","F","F","F","F",0,0,0,0,0,0,0,0,0,0,F,F,"1925PHI.EVN.regular.event.csv",1892
"PHI192505210","CIN",8,0,1,0,0,"",1,9,"smite104","?","smite104","?","carlh101","?","carlh101","?","wilsj105","hawkc101","kimmw101","hubec101","sandh101","burng101","harpg101","willc103","","","","S9","F","F",7,2,20,"T","T",1,"F","F",0,"F","F",0,"F","F",9,"","F","F","",0,0,"N",0,"N",0,"N",1,0,0,0,"","","","","F","F","F","F","F","F","F","F","F","","","","F","F","F","F","F","","","","",0,0,0,0,0,0,0,0,0,66,"PHI","CIN","PHI",0,"F","F",1,9,0,28,1,"T","F",0,1,"T","T","dresc101","rouse101","T","T",0,0,0,0,0,0,0,0,0,"","","",0,0,0,0,0,0,0,0,0,0,0,0,0,"willc103","F","F","F","F",0,0,0,0,0,0,0,0,0,0,F,F,"1925PHI.EVN.regular.event.csv",1893
"PHI192505210","CIN",8,0,1,0,0,"",1,9,"dresc101","?","dresc101","?","carlh101","?","carlh101","?","wilsj105","hawkc101","kimmw101","hubec101","sandh101","burng101","harpg101","willc103","smite104","","","54(1)/FO","F","F",5,3,2,"T","T",0,"F","F",1,"F","F",0,"F","F",5,"G","F","F","",0,0,"N",0,"N",0,"N",1,0,0,0,"","54","","","F","F","F","F","F","F","F","F","F","carlh101","","","F","F","F","F","F","","","","",0,4,0,0,5,0,0,0,0,67,"PHI","CIN","PHI",0,"F","F",1,9,0,29,2,"T","F",1,1,"T","T","rouse101","bresr101","T","T",7,2,66,0,0,0,0,0,0,"wilsj105","","",0,0,0,0,0,0,0,0,0,0,0,0,0,"hubec101","T","F","F","F",0,0,0,0,0,0,0,0,0,0,F,F,"1925PHI.EVN.regular.event.csv",1894
"PHI192505210","CIN",8,0,2,0,0,"",1,9,"rouse101","?","rouse101","?","carlh101","?","carlh101","?","wilsj105","hawkc101","kimmw101","hubec101","sandh101","burng101","harpg101","willc103","dresc101","","","K","F","F",8,4,3,"T","T",0,"F","F",1,"F","F",0,"F","F",0,"","F","F","",0,0,"N",0,"N",0,"N",0,1,0,0,"2","","","","F","F","F","F","F","F","F","F","F","carlh101","","","F","F","F","F","F","","","","",0,2,0,0,0,0,0,0,0,68,"PHI","CIN","PHI",0,"F","T",1,9,0,30,3,"T","F",1,1,"T","T","bresr101","walkc101","T","T",5,3,67,0,0,0,0,0,0,"wilsj105","","",0,0,0,0,0,0,0,0,0,0,0,0,0,"","F","F","F","F",0,0,0,0,0,0,0,0,0,0,F,F,"1925PHI.EVN.regular.event.csv",1895
"PHI192505210","CIN",8,1,0,0,0,"",1,9,"hubec101","?","hubec101","?","biemh101","?","biemh101","?","douga101","bresr101","crith101","dresc101","bohns101","smite104","rouse101","walkc101","","","","S9","T","F",5,8,20,"T","T",1,"F","F",0,"F","F",0,"F","F",9,"","F","F","",0,0,"N",0,"N",0,"N",1,0,0,0,"","","","","F","F","F","F","F","F","F","F","F","","","","F","F","F","F","F","","","","",0,0,0,0,0,0,0,0,0,69,"PHI","PHI","CIN",1,"T","F",9,1,0,34,0,"T","F",0,1,"T","T","carlh101","burng101","F","F",0,0,0,0,0,0,0,0,0,"","","",0,0,0,0,0,0,0,0,0,0,0,0,0,"walkc101","F","F","F","F",0,0,0,0,0,0,0,0,0,0,F,F,"1925PHI.EVN.regular.event.csv",1896
"PHI192505210","CIN",8,1,0,0,0,"",1,9,"carlh101","?","carlh101","?","biemh101","?","biemh101","?","douga101","bresr101","crith101","dresc101","bohns101","smite104","rouse101","walkc101","hubec101","","","CS2(24)","F","F",1,9,6,"F","F",0,"F","F",1,"F","F",0,"F","F",0,"","F","F","",0,0,"N",0,"N",0,"N",0,0,0,0,"","24","","","F","F","F","T","F","F","F","F","F","biemh101","","","F","F","F","F","F","","","","",0,4,0,0,2,0,0,0,0,70,"PHI","PHI","CIN",1,"F","F",9,1,0,35,1,"T","F",1,0,"T","T","burng101","kimmw101","F","F",5,8,69,0,0,0,0,0,0,"douga101","","",0,0,0,0,0,0,0,0,0,0,0,0,0,"","F","F","F","F",0,0,0,0,0,0,0,0,0,0,F,F,"1925PHI.EVN.regular.event.csv",1897
"PHI192505210","CIN",8,1,1,0,0,"",1,9,"carlh101","?","carlh101","?","biemh101","?","biemh101","?","douga101","bresr101","crith101","dresc101","bohns101","smite104","rouse101","walkc101","","","","53","F","F",1,9,2,"T","T",0,"F","F",1,"F","F",0,"F","F",5,"G","F","F","",0,0,"N",0,"N",0,"N",0,0,0,0,"53","","","","F","F","F","F","F","F","F","F","F","","","","F","F","F","F","F","","","","",0,3,0,0,5,0,0,0,0,71,"PHI","PHI","CIN",1,"F","F",9,1,0,35,1,"F","F",0,0,"T","T","burng101","kimmw101","F","F",0,0,0,0,0,0,0,0,0,"","","",0,0,0,0,0,0,0,0,0,0,0,0,0,"dresc101","F","F","F","F",0,0,0,0,0,0,0,0,0,0,F,F,"1925PHI.EVN.regular.event.csv",1898
"PHI192505210","CIN",8,1,2,0,0,"",1,9,"burng101","?","burng101","?","biemh101","?","biemh101","?","douga101","bresr101","crith101","dresc101","bohns101","smite104","rouse101","walkc101","","","","7/F","F","F",7,1,2,"T","T",0,"F","F",1,"F","F",0,"F","F",7,"F","F","F","",0,0,"N",0,"N",0,"N",0,0,0,0,"7","","","","F","F","F","F","F","F","F","F","F","","","","F","F","F","F","F","","","","",0,7,0,0,0,0,0,0,0,72,"PHI","PHI","CIN",1,"F","T",9,1,0,36,2,"T","F",0,0,"T","T","kimmw101","willc103","F","F",0,0,0,0,0,0,0,0,0,"","","",0,0,0,0,0,0,0,0,0,0,0,0,0,"smite104","F","F","F","F",0,0,0,0,0,0,0,0,0,0,F,F,"1925PHI.EVN.regular.event.csv",1899
"PHI192505210","CIN",9,0,0,0,0,"",1,9,"bresr101","?","bresr101","?","carlh101","?","carlh101","?","wilsj105","hawkc101","kimmw101","hubec101","sandh101","burng101","harpg101","willc103","","","","143","T","F",3,5,2,"T","T",0,"F","F",1,"F","F",0,"F","F",1,"G","F","F","",0,0,"N",0,"N",0,"N",0,0,0,0,"143","","","","F","F","F","F","F","F","F","F","F","","","","F","F","F","F","F","","","","",0,3,0,0,1,4,0,0,0,73,"PHI","CIN","PHI",0,"T","F",1,9,0,31,0,"T","F",0,0,"T","T","walkc101","bohns101","T","T",0,0,0,0,0,0,0,0,0,"","","",0,0,0,0,0,0,0,0,0,0,0,0,0,"carlh101","F","F","F","F",0,0,0,0,0,0,0,0,0,0,F,F,"1925PHI.EVN.regular.event.csv",1900
"PHI192505210","CIN",9,0,1,0,0,"",1,9,"walkc101","?","walkc101","?","carlh101","?","carlh101","?","wilsj105","hawkc101","kimmw101","hubec101","sandh101","burng101","harpg101","willc103","","","","53","F","F",9,6,2,"T","T",0,"F","F",1,"F","F",0,"F","F",5,"G","F","F","",0,0,"N",0,"N",0,"N",0,0,0,0,"53","","","","F","F","F","F","F","F","F","F","F","","","","F","F","F","F","F","","","","",0,3,0,0,5,0,0,0,0,74,"PHI","CIN","PHI",0,"F","F",1,9,0,32,1,"T","F",0,0,"T","T","bohns101","douga101","T","T",0,0,0,0,0,0,0,0,0,"","","",0,0,0,0,0,0,0,0,0,0,0,0,0,"hubec101","F","F","F","F",0,0,0,0,0,0,0,0,0,0,F,F,"1925PHI.EVN.regular.event.csv",1901
"PHI192505210","CIN",9,0,2,0,0,"",1,9,"bohns101","?","bohns101","?","carlh101","?","carlh101","?","wilsj105","hawkc101","kimmw101","hubec101","sandh101","burng101","harpg101","willc103","","","","S7","F","F",6,7,20,"T","T",1,"F","F",0,"F","F",0,"F","F",7,"","F","F","",0,0,"N",0,"N",0,"N",1,0,0,0,"","","","","F","F","F","F","F","F","F","F","F","","","","F","F","F","F","F","","","","",0,0,0,0,0,0,0,0,0,75,"PHI","CIN","PHI",0,"F","F",1,9,0,33,2,"T","F",0,1,"T","T","douga101","biemh101","T","T",0,0,0,0,0,0,0,0,0,"","","",0,0,0,0,0,0,0,0,0,0,0,0,0,"burng101","F","F","F","F",1,0,0,0,0,0,0,0,0,0,F,F,"1925PHI.EVN.regular.event.csv",1902
"PHI192505210","CIN",9,0,2,0,0,"",1,9,"douga101","?","douga101","?","carlh101","?","carlh101","?","wilsj105","hawkc101","kimmw101","hubec101","sandh101","burng101","harpg101","willc103","bohns101","","","8/F","F","F",2,8,2,"T","T",0,"F","F",1,"F","F",0,"F","F",8,"F","F","F","",0,0,"N",0,"N",0,"N",0,1,0,0,"8","","","","F","F","F","F","F","F","F","F","F","carlh101","","","F","T","F","F","F","","","","",0,8,0,0,0,0,0,0,0,76,"PHI","CIN","PHI",0,"F","T",1,9,0,34,3,"T","F",1,1,"F","F","biemh101","crith101","T","T",6,7,75,0,0,0,0,0,0,"wilsj105","","",0,0,0,0,0,0,0,0,0,0,0,0,0,"harpg101","F","F","F","F",0,1,0,0,0,0,0,0,0,0,F,F,"1925PHI.EVN.regular.event.csv",1903
"PHI192505220","CIN",1,0,0,0,0,"",0,0,"crith101","?","crith101","?","decaa101","?","decaa101","?","wilsj105","hawkc101","wrigr102","hubec101","sandh101","burng101","harpg101","willc103","","","","S5/G","T","F",4,1,20,"T","T",1,"F","F",0,"F","F",0,"F","F",5,"G","F","F","",0,0,"N",0,"N",0,"N",1,0,0,0,"","","","","F","F","F","F","F","F","F","F","F","","","","T","F","F","F","F","","","","",0,0,0,0,0,0,0,0,0,1,"PHI","CIN","PHI",0,"T","F",0,0,0,0,0,"T","F",0,1,"T","T","smite104","dresc101","T","T",0,0,0,0,0,0,0,0,0,"","","",0,0,0,0,0,0,0,0,0,0,0,0,0,"hubec101","F","F","F","F",0,0,0,0,0,0,0,0,0,0,F,F,"1925PHI.EVN.regular.event.csv",1904
"PHI192505220","CIN",1,0,0,0,0,"",0,0,"smite104","?","smite104","?","decaa101","?","decaa101","?","wilsj105","hawkc101","wrigr102","hubec101","sandh101","burng101","harpg101","willc103","crith101","","","W.1-2","F","F",7,2,14,"T","F",0,"F","F",0,"F","F",0,"F","F",0,"","F","F","",0,0,"N",0,"N",0,"N",1,2,0,0,"","","","","F","F","F","F","F","F","F","F","F","decaa101","","","F","F","F","F","F","","","","",0,0,0,0,0,0,0,0,0,2,"PHI","CIN","PHI",0,"F","F",0,0,0,1,1,"T","F",1,3,"T","T","dresc101","rouse101","T","T",4,1,1,0,0,0,0,0,0,"wilsj105","","",0,0,0,0,0,0,0,0,0,0,0,0,0,"","F","F","F","F",0,0,0,0,0,0,0,0,0,0,F,F,"1925PHI.EVN.regular.event.csv",1905
"PHI192505220","CIN",1,0,0,0,0,"",0,0,"dresc101","?","dresc101","?","decaa101","?","decaa101","?","wilsj105","hawkc101","wrigr102","hubec101","sandh101","burng101","harpg101","willc103","smite104","crith101","","8/F","F","F",5,3,2,"T","T",0,"F","F",1,"F","F",0,"F","F",8,"F","F","F","",0,0,"N",0,"N",0,"N",0,1,2,0,"8","","","","F","F","F","F","F","F","F","F","F","decaa101","decaa101","","F","F","F","F","F","","","","",0,8,0,0,0,0,0,0,0,3,"PHI","CIN","PHI",0,"F","F",0,0,0,2,2,"T","F",3,3,"T","T","rouse101","bresr101","T","T",7,2,2,4,1,1,0,0,0,"wilsj105","wilsj105","",0,0,0,0,0,0,0,0,0,0,0,0,0,"harpg101","F","F","F","F",0,0,0,0,0,0,0,0,0,0,F,F,"1925PHI.EVN.regular.event.csv",1906
"PHI192505220","CIN",1,0,1,0,0,"",0,0,"rouse101","?","rouse101","?","decaa101","?","decaa101","?","wilsj105","hawkc101","wrigr102","hubec101","sandh101","burng101","harpg101","willc103","smite104","crith101","","9/F9S","F","F",8,4,2,"T","T",0,"F","F",1,"F","F",0,"F","F",9,"F","F","F","9S",0,0,"N",0,"N",0,"N",0,1,2,0,"9","","","","F","F","F","F","F","F","F","F","F","decaa101","decaa101","","F","F","F","F","F","","","","",0,9,0,0,0,0,0,0,0,4,"PHI","CIN","PHI",0,"F","F",0,0,0,3,3,"T","F",3,3,"T","T","bresr101","walkc101","T","T",7,2,2,4,1,1,0,0,0,"wilsj105","wilsj105","",0,0,0,0,0,0,0,0,0,0,0,0,0,"willc103","F","F","F","F",0,0,0,0,0,0,0,0,0,0,F,F,"1925PHI.EVN.regular.event.csv",1907
"PHI192505220","CIN",1,0,2,0,0,"",0,0,"bresr101","?","bresr101","?","decaa101","?","decaa101","?","wilsj105","hawkc101","wrigr102","hubec101","sandh101","burng101","harpg101","willc103","smite104","crith101","","7/F","F","F",3,5,2,"T","T",0,"F","F",1,"F","F",0,"F","F",7,"F","F","F","",0,0,"N",0,"N",0,"N",0,1,2,0,"7","","","","F","F","F","F","F","F","F","F","F","decaa101","decaa101","","F","F","F","F","F","","","","",0,7,0,0,0,0,0,0,0,5,"PHI","CIN","PHI",0,"F","T",0,0,0,4,4,"T","F",3,3,"T","T","walkc101","bohns101","T","T",7,2,2,4,1,1,0,0,0,"wilsj105","wilsj105","",0,0,0,0,0,0,0,0,0,0,0,0,0,"burng101","F","F","F","F",0,0,0,0,0,0,0,0,0,0,F,F,"1925PHI.EVN.regular.event.csv",1908
"PHI192505220","CIN",1,1,0,0,0,"",0,0,"burng101","?","burng101","?","donop102","?","donop102","?","wingi101","bresr101","crith101","dresc101","bohns101","smite104","rouse101","walkc101","","","","63","T","F",7,1,2,"T","T",0,"F","F",1,"F","F",0,"F","F",6,"G","F","F","",0,0,"N",0,"N",0,"N",0,0,0,0,"63","","","","F","F","F","F","F","F","F","F","F","","","","F","F","F","F","F","","","","",0,3,0,0,6,0,0,0,0,6,"PHI","PHI","CIN",1,"T","F",0,0,0,0,0,"T","F",0,0,"T","T","wrigr102","willc103","T","T",0,0,0,0,0,0,0,0,0,"","","",0,0,0,0,0,0,0,0,0,0,0,0,0,"bohns101","F","F","F","F",0,0,0,0,0,0,0,0,0,0,F,F,"1925PHI.EVN.regular.event.csv",1909
"PHI192505220","CIN",1,1,1,0,0,"",0,0,"wrigr102","?","wrigr102","?","donop102","?","donop102","?","wingi101","bresr101","crith101","dresc101","bohns101","smite104","rouse101","walkc101","","","","S48","F","F",4,2,20,"T","T",1,"F","F",0,"F","F",0,"F","F",4,"","F","F","",0,0,"N",0,"N",0,"N",1,0,0,0,"","","","","F","F","F","F","F","F","F","F","F","","","","F","F","F","F","F","","","","",0,0,0,0,0,0,0,0,0,7,"PHI","PHI","CIN",1,"F","F",0,0,0,1,1,"T","F",0,1,"T","T","willc103","harpg101","T","T",0,0,0,0,0,0,0,0,0,"","","",0,0,0,0,0,0,0,0,0,0,0,0,0,"crith101","F","F","F","F",0,0,0,0,0,0,0,0,0,0,F,F,"1925PHI.EVN.regular.event.csv",1910
"PHI192505220","CIN",1,1,1,0,0,"",0,0,"willc103","?","willc103","?","donop102","?","donop102","?","wingi101","bresr101","crith101","dresc101","bohns101","smite104","rouse101","walkc101","wrigr102","","","36(1)3/GDP","F","F",9,3,2,"T","T",0,"F","F",2,"T","F",0,"F","F",3,"G","F","F","",0,0,"N",0,"N",0,"N",0,0,0,0,"63","36","","","F","F","F","F","F","F","F","F","F","donop102","","","F","F","F","F","F","","","","",0,6,3,0,3,6,0,0,0,8,"PHI","PHI","CIN",1,"F","T",0,0,0,2,2,"T","F",1,0,"T","T","harpg101","hawkc101","T","T",4,2,7,0,0,0,0,0,0,"wingi101","","",0,0,0,0,0,0,0,0,0,0,0,0,0,"bresr101","T","F","F","F",0,0,0,0,0,0,0,0,0,0,F,F,"1925PHI.EVN.regular.event.csv",1911
"PHI192505220","CIN",2,0,0,0,0,"",0,0,"walkc101","?","walkc101","?","decaa101","?","decaa101","?","wilsj105","hawkc101","wrigr102","hubec101","sandh101","burng101","harpg101","willc103","","","","S8","T","F",9,6,20,"T","T",1,"F","F",0,"F","F",0,"F","F",8,"","F","F","",0,0,"N",0,"N",0,"N",1,0,0,0,"","","","","F","F","F","F","F","F","F","F","F","","","","F","F","F","F","F","","","","",0,0,0,0,0,0,0,0,0,9,"PHI","CIN","PHI",0,"T","F",0,0,0,5,0,"T","F",0,1,"T","T","bohns101","wingi101","T","T",0,0,0,0,0,0,0,0,0,"","","",0,0,0,0,0,0,0,0,0,0,0,0,0,"harpg101","F","F","F","F",0,0,0,0,0,0,0,0,0,0,F,F,"1925PHI.EVN.regular.event.csv",1912
"PHI192505220","CIN",2,0,0,0,0,"",0,0,"bohns101","?","bohns101","?","decaa101","?","decaa101","?","wilsj105","hawkc101","wrigr102","hubec101","sandh101","burng101","harpg101","willc103","walkc101","","","54(1)/FO","F","F",6,7,2,"T","T",0,"F","F",1,"F","F",0,"F","F",5,"G","F","F","",0,0,"N",0,"N",0,"N",1,0,0,0,"","54","","","F","F","F","F","F","F","F","F","F","decaa101","","","F","F","F","F","F","","","","",0,4,0,0,5,0,0,0,0,10,"PHI","CIN","PHI",0,"F","F",0,0,0,6,1,"T","F",1,1,"T","T","wingi101","donop102","T","T",9,6,9,0,0,0,0,0,0,"wilsj105","","",0,0,0,0,0,0,0,0,0,0,0,0,0,"hubec101","T","F","F","F",0,0,0,0,0,0,0,0,0,0,F,F,"1925PHI.EVN.regular.event.csv",1913
"PHI192505220","CIN",2,0,1,0,0,"",0,0,"wingi101","?","wingi101","?","decaa101","?","decaa101","?","wilsj105","hawkc101","wrigr102","hubec101","sandh101","burng101","harpg101","willc103","bohns101","","","7/F","F","F",2,8,2,"T","T",0,"F","F",1,"F","F",0,"F","F",7,"F","F","F","",0,0,"N",0,"N",0,"N",0,1,0,0,"7","","","","F","F","F","F","F","F","F","F","F","decaa101","","","F","F","F","F","F","","","","",0,7,0,0,0,0,0,0,0,11,"PHI","CIN","PHI",0,"F","F",0,0,0,7,2,"T","F",1,1,"T","T","donop102","crith101","T","T",6,7,10,0,0,0,0,0,0,"wilsj105","","",0,0,0,0,0,0,0,0,0,0,0,0,0,"burng101","F","F","F","F",0,0,0,0,0,0,0,0,0,0,F,F,"1925PHI.EVN.regular.event.csv",1914
"PHI192505220","CIN",2,0,2,0,0,"",0,0,"donop102","?","donop102","?","decaa101","?","decaa101","?","wilsj105","hawkc101","wrigr102","hubec101","sandh101","burng101","harpg101","willc103","bohns101","","","S7.1-3(E7)","F","F",1,9,20,"T","T",1,"F","F",0,"F","F",0,"F","F",7,"","F","F","",1,7,"F",0,"N",0,"N",1,3,0,0,"","","","","F","F","F","F","F","F","F","F","F","decaa101","","","F","F","F","F","F","","","","",0,0,0,0,0,0,0,0,0,12,"PHI","CIN","PHI",0,"F","F",0,0,0,8,3,"T","F",1,5,"T","T","crith101","smite104","T","T",6,7,10,0,0,0,0,0,0,"wilsj105","","",0,0,0,0,0,0,0,0,0,0,0,0,0,"burng101","F","F","F","F",0,0,0,0,0,0,0,0,0,0,F,F,"1925PHI.EVN.regular.event.csv",1915
"PHI192505220","CIN",2,0,2,0,0,"",0,0,"crith101","?","crith101","?","decaa101","?","decaa101","?","wilsj105","hawkc101","wrigr102","hubec101","sandh101","burng101","harpg101","willc103","donop102","","bohns101","3/P","F","F",4,1,2,"T","T",0,"F","F",1,"F","F",0,"F","F",3,"P","F","F","",0,0,"N",0,"N",0,"N",0,1,0,3,"3","","","","F","F","F","F","F","F","F","F","F","decaa101","","decaa101","F","F","F","F","F","","","","",0,3,0,0,0,0,0,0,0,13,"PHI","CIN","PHI",0,"F","T",0,0,0,9,4,"T","F",5,5,"T","T","smite104","dresc101","T","T",1,9,12,0,0,0,6,7,10,"wilsj105","","wilsj105",0,0,0,0,0,0,0,0,0,0,0,0,0,"hawkc101","F","F","F","F",0,0,0,0,0,0,0,0,0,0,F,F,"1925PHI.EVN.regular.event.csv",1916
"PHI192505220","CIN",2,1,0,0,0,"",0,0,"harpg101","?","harpg101","?","donop102","?","donop102","?","wingi101","bresr101","crith101","dresc101","bohns101","smite104","rouse101","walkc101","","","","K/C","T","F",8,4,3,"T","T",0,"F","F",1,"F","F",0,"F","F",0,"","F","F","",0,0,"N",0,"N",0,"N",0,0,0,0,"2","","","","F","F","F","F","F","F","F","F","F","","","","F","F","F","F","F","","","","",0,2,0,0,0,0,0,0,0,14,"PHI","PHI","CIN",1,"T","F",0,0,0,3,0,"T","F",0,0,"T","T","hawkc101","wilsj105","T","T",0,0,0,0,0,0,0,0,0,"","","",0,0,0,0,0,0,0,0,0,0,0,0,0,"","F","F","F","F",0,0,0,0,1,0,0,0,0,0,F,F,"1925PHI.EVN.regular.event.csv",1917
"PHI192505220","CIN",2,1,1,0,0,"",0,0,"hawkc101","?","hawkc101","?","donop102","?","donop102","?","wingi101","bresr101","crith101","dresc101","bohns101","smite104","rouse101","walkc101","","","","S5/BG","F","F",3,5,20,"T","T",1,"F","F",0,"F","F",0,"F","F",5,"G","T","F","",0,0,"N",0,"N",0,"N",1,0,0,0,"","","","","F","F","F","F","F","F","F","F","F","","","","F","F","F","F","F","","","","",0,0,0,0,0,0,0,0,0,15,"PHI","PHI","CIN",1,"F","F",0,0,0,4,1,"T","F",0,1,"T","T","wilsj105","sandh101","T","T",0,0,0,0,0,0,0,0,0,"","","",0,0,0,0,0,0,0,0,0,0,0,0,0,"dresc101","F","F","F","F",4,0,0,0,1,0,0,0,0,0,F,F,"1925PHI.EVN.regular.event.csv",1918
"PHI192505220","CIN",2,1,1,0,0,"",0,0,"wilsj105","?","wilsj105","?","donop102","?","donop102","?","wingi101","bresr101","crith101","dresc101","bohns101","smite104","rouse101","walkc101","hawkc101","","","13/SH.1-2","F","F",2,6,2,"T","F",0,"T","F",1,"F","F",0,"F","F",1,"G","T","F","",0,0,"N",0,"N",0,"N",0,2,0,0,"13","","","","F","F","F","F","F","F","F","F","F","donop102","","","F","F","F","F","F","","","","",0,3,0,0,1,0,0,0,0,16,"PHI","PHI","CIN",1,"F","F",0,0,0,5,2,"T","F",1,2,"T","T","sandh101","hubec101","T","T",3,5,15,0,0,0,0,0,0,"wingi101","","",0,0,0,0,0,0,0,0,0,0,0,0,0,"donop102","F","F","F","F",0,4,0,0,1,0,0,0,0,0,F,F,"1925PHI.EVN.regular.event.csv",1919
"PHI192505220","CIN",2,1,2,0,0,"",0,0,"sandh101","?","sandh101","?","donop102","?","donop102","?","wingi101","bresr101","crith101","dresc101","bohns101","smite104","rouse101","walkc101","","hawkc101","","S57.2-H","F","F",6,7,20,"T","T",1,"F","F",0,"F","F",1,"F","F",5,"","F","F","",0,0,"N",0,"N",0,"N",1,0,4,0,"","","","","F","F","F","F","F","F","F","F","F","","donop102","","F","F","F","F","F","","","","",0,0,0,0,0,0,0,0,0,17,"PHI","PHI","CIN",1,"F","F",0,0,0,6,3,"T","F",2,1,"T","T","hubec101","decaa101","T","T",0,0,0,3,5,15,0,0,0,"","wingi101","",0,0,0,0,0,0,0,0,0,0,0,0,1,"dresc101","F","F","F","F",0,0,4,0,0,0,0,0,0,0,F,F,"1925PHI.EVN.regular.event.csv",1920
"PHI192505220","CIN",2,1,2,0,0,"",0,1,"hubec101","?","hubec101","?","donop102","?","donop102","?","wingi101","bresr101","crith101","dresc101","bohns101","smite104","rouse101","walkc101","sandh101","","","16(1)/FO","F","F",5,8,2,"T","T",0,"F","F",1,"F","F",0,"F","F",1,"G","F","F","",0,0,"N",0,"N",0,"N",1,0,0,0,"","16","","","F","F","F","F","F","F","F","F","F","donop102","","","F","F","F","F","F","","","","",0,6,0,0,1,0,0,0,0,18,"PHI","PHI","CIN",1,"F","T",1,0,1,7,4,"T","F",1,1,"T","T","decaa101","burng101","T","T",6,7,17,0,0,0,0,0,0,"wingi101","","",0,0,0,0,0,0,0,0,0,0,0,0,0,"donop102","T","F","F","F",0,0,0,0,0,0,0,0,0,0,F,F,"1925PHI.EVN.regular.event.csv",1921
"PHI192505220","CIN",3,0,0,0,0,"",0,1,"smite104","?","smite104","?","decaa101","?","decaa101","?","wilsj105","hawkc101","wrigr102","hubec101","sandh101","burng101","harpg101","willc103","","","","13","T","F",7,2,2,"T","T",0,"F","F",1,"F","F",0,"F","F",1,"G","F","F","",0,0,"N",0,"N",0,"N",0,0,0,0,"13","","","","F","F","F","F","F","F","F","F","F","","","","F","F","F","F","F","","","","",0,3,0,0,1,0,0,0,0,19,"PHI","CIN","PHI",0,"T","F",0,1,0,10,0,"T","F",0,0,"T","T","dresc101","rouse101","T","T",0,0,0,0,0,0,0,0,0,"","","",0,0,0,0,0,0,0,0,0,0,0,0,0,"decaa101","F","F","F","F",0,0,0,0,1,0,0,0,0,0,F,F,"1925PHI.EVN.regular.event.csv",1922
"PHI192505220","CIN",3,0,1,0,0,"",0,1,"dresc101","?","dresc101","?","decaa101","?","decaa101","?","wilsj105","hawkc101","wrigr102","hubec101","sandh101","burng101","harpg101","willc103","","","","53","F","F",5,3,2,"T","T",0,"F","F",1,"F","F",0,"F","F",5,"G","F","F","",0,0,"N",0,"N",0,"N",0,0,0,0,"53","","","","F","F","F","F","F","F","F","F","F","","","","F","F","F","F","F","","","","",0,3,0,0,5,0,0,0,0,20,"PHI","CIN","PHI",0,"F","F",0,1,0,11,1,"T","F",0,0,"T","T","rouse101","bresr101","T","T",0,0,0,0,0,0,0,0,0,"","","",0,0,0,0,0,0,0,0,0,0,0,0,0,"hubec101","F","F","F","F",0,0,0,0,1,0,0,0,0,0,F,F,"1925PHI.EVN.regular.event.csv",1923
"PHI192505220","CIN",3,0,2,0,0,"",0,1,"rouse101","?","rouse101","?","decaa101","?","decaa101","?","wilsj105","hawkc101","wrigr102","hubec101","sandh101","burng101","harpg101","willc103","","","","HR/F9D","F","F",8,4,23,"T","T",4,"F","F",0,"F","F",1,"F","F",0,"F","F","F","9D",0,0,"N",0,"N",0,"N",4,0,0,0,"","","","","F","F","F","F","F","F","F","F","F","","","","F","F","F","F","F","","","","",0,0,0,0,0,0,0,0,0,21,"PHI","CIN","PHI",0,"F","F",0,1,0,12,2,"T","F",0,0,"T","T","bresr101","walkc101","T","T",0,0,0,0,0,0,0,0,0,"","","",0,0,0,0,0,0,0,0,0,0,0,0,1,"","F","F","F","F",4,0,0,0,0,0,0,0,0,0,F,F,"1925PHI.EVN.regular.event.csv",1924
"PHI192505220","CIN",3,0,2,0,0,"",1,1,"bresr101","?","bresr101","?","decaa101","?","decaa101","?","wilsj105","hawkc101","wrigr102","hubec101","sandh101","burng101","harpg101","willc103","","","","2/P/FL","F","F",3,5,2,"T","T",0,"F","F",1,"F","F",0,"F","F",2,"P","F","T","",0,0,"N",0,"N",0,"N",0,0,0,0,"2","","","","F","F","F","F","F","F","F","F","F","","","","F","F","F","F","F","","","","",0,2,0,0,0,0,0,0,0,22,"PHI","CIN","PHI",0,"F","T",1,1,1,13,3,"T","F",0,0,"T","T","walkc101","bohns101","T","T",0,0,0,0,0,0,0,0,0,"","","",0,0,0,0,0,0,0,0,0,0,0,0,0,"wilsj105","F","F","F","F",0,0,0,0,0,0,0,0,0,0,F,F,"1925PHI.EVN.regular.event.csv",1925
"PHI192505220","CIN",3,1,0,0,0,"",1,1,"decaa101","?","decaa101","?","donop102","?","donop102","?","wingi101","bresr101","crith101","dresc101","bohns101","smite104","rouse101","walkc101","","","","3/L","T","F",1,9,2,"T","T",0,"F","F",1,"F","F",0,"F","F",3,"L","F","F","",0,0,"N",0,"N",0,"N",0,0,0,0,"3","","","","F","F","F","F","F","F","F","F","F","","","","F","F","F","F","F","","","","",0,3,0,0,0,0,0,0,0,23,"PHI","PHI","CIN",1,"T","F",1,1,0,8,0,"T","F",0,0,"T","T","burng101","wrigr102","T","T",0,0,0,0,0,0,0,0,0,"","","",0,0,0,0,0,0,0,0,0,0,0,0,0,"bresr101","F","F","F","F",0,0,0,0,0,0,0,0,0,0,F,F,"1925PHI.EVN.regular.event.csv",1926
"PHI192505220","CIN",3,1,1,0,0,"",1,1,"burng101","?","burng101","?","donop102","?","donop102","?","wingi101","bresr101","crith101","dresc101","bohns101","smite104","rouse101","walkc101","","","","D9","F","F",7,1,21,"T","T",2,"F","F",0,"F","F",0,"F","F",9,"","F","F","",0,0,"N",0,"N",0,"N",2,0,0,0,"","","","","F","F","F","F","F","F","F","F","F","","","","F","F","F","F","F","","","","",0,0,0,0,0,0,0,0,0,24,"PHI","PHI","CIN",1,"F","F",1,1,0,9,1,"T","F",0,2,"T","T","wrigr102","willc103","T","T",0,0,0,0,0,0,0,0,0,"","","",0,0,0,0,0,0,0,0,0,0,0,0,0,"walkc101","F","F","F","F",0,0,0,0,0,0,0,0,0,0,F,F,"1925PHI.EVN.regular.event.csv",1927
"PHI192505220","CIN",3,1,1,0,0,"",1,1,"wrigr102","?","wrigr102","?","donop102","?","donop102","?","wingi101","bresr101","crith101","dresc101","bohns101","smite104","rouse101","walkc101","","burng101","","FC6.2X3(65)","F","F",4,2,19,"T","T",0,"F","F",1,"F","F",0,"F","F",6,"G","F","F","",0,0,"N",0,"N",0,"N",1,0,0,0,"","","65","","F","F","F","F","F","F","F","F","F","","donop102","","F","F","F","F","F","","","","",0,5,0,0,6,0,0,0,0,25,"PHI","PHI","CIN",1,"F","F",1,1,0,10,2,"T","F",2,1,"T","T","willc103","harpg101","T","T",0,0,0,7,1,24,0,0,0,"","wingi101","",0,0,0,0,0,0,0,0,0,0,0,0,0,"bohns101","F","F","F","F",0,0,0,0,0,0,0,0,0,0,F,F,"1925PHI.EVN.regular.event.csv",1928
"PHI192505220","CIN",3,1,2,0,0,"",1,1,"willc103","?","willc103","?","donop102","?","donop102","?","wingi101","bresr101","crith101","dresc101","bohns101","smite104","rouse101","walkc101","wrigr102","","","K/C","F","F",9,3,3,"T","T",0,"F","F",1,"F","F",0,"F","F",0,"","F","F","",0,0,"N",0,"N",0,"N",0,1,0,0,"2","","","","F","F","F","F","F","F","F","F","F","donop102","","","F","F","F","F","F","","","","",0,2,0,0,0,0,0,0,0,26,"PHI","PHI","CIN",1,"F","T",1,1,0,11,3,"T","F",1,1,"T","T","harpg101","hawkc101","T","T",4,2,25,0,0,0,0,0,0,"wingi101","","",0,0,0,0,0,0,0,0,0,0,0,0,0,"","F","F","F","F",0,0,0,0,0,0,0,0,0,0,F,F,"1925PHI.EVN.regular.event.csv",1929
"PHI192505220","CIN",4,0,0,0,0,"",1,1,"walkc101","?","walkc101","?","decaa101","?","decaa101","?","wilsj105","hawkc101","wrigr102","hubec101","sandh101","burng101","harpg101","willc103","","","","S9","T","F",9,6,20,"T","T",1,"F","F",0,"F","F",0,"F","F",9,"","F","F","",0,0,"N",0,"N",0,"N",1,0,0,0,"","","","","F","F","F","F","F","F","F","F","F","","","","F","F","F","F","F","","","","",0,0,0,0,0,0,0,0,0,27,"PHI","CIN","PHI",0,"T","F",1,1,0,14,0,"T","F",0,1,"T","T","bohns101","wingi101","T","T",0,0,0,0,0,0,0,0,0,"","","",0,0,0,0,0,0,0,0,0,0,0,0,0,"willc103","F","F","F","F",0,0,0,0,0,0,0,0,0,0,F,F,"1925PHI.EVN.regular.event.csv",1930
"PHI192505220","CIN",4,0,0,0,0,"",1,1,"bohns101","?","bohns101","?","decaa101","?","decaa101","?","wilsj105","hawkc101","wrigr102","hubec101","sandh101","burng101","harpg101","willc103","walkc101","","","64(1)/FO","F","F",6,7,2,"T","T",0,"F","F",1,"F","F",0,"F","F",6,"G","F","F","",0,0,"N",0,"N",0,"N",1,0,0,0,"","64","","","F","F","F","F","F","F","F","F","F","decaa101","","","F","F","F","F","F","","","","",0,4,0,0,6,0,0,0,0,28,"PHI","CIN","PHI",0,"F","F",1,1,0,15,1,"T","F",1,1,"T","T","wingi101","donop102","T","T",9,6,27,0,0,0,0,0,0,"wilsj105","","",0,0,0,0,0,0,0,0,0,0,0,0,0,"sandh101","T","F","F","F",0,0,0,0,0,0,0,0,0,0,F,F,"1925PHI.EVN.regular.event.csv",1931
"PHI192505220","CIN",4,0,1,0,0,"",1,1,"wingi101","?","wingi101","?","decaa101","?","decaa101","?","wilsj105","hawkc101","wrigr102","hubec101","sandh101","burng101","harpg101","willc103","bohns101","","","CS2(26)","F","F",2,8,6,"F","F",0,"F","F",1,"F","F",0,"F","F",0,"","F","F","",0,0,"N",0,"N",0,"N",0,0,0,0,"","26","","","F","F","F","T","F","F","F","F","F","decaa101","","","F","F","F","F","F","","","","",0,6,0,0,2,0,0,0,0,29,"PHI","CIN","PHI",0,"F","F",1,1,0,16,2,"T","F",1,0,"T","T","donop102","crith101","T","T",6,7,28,0,0,0,0,0,0,"wilsj105","","",0,0,0,0,0,0,0,0,0,0,0,0,0,"","F","F","F","F",0,0,0,0,0,0,0,0,0,0,F,F,"1925PHI.EVN.regular.event.csv",1932
"PHI192505220","CIN",4,0,2,0,0,"",1,1,"wingi101","?","wingi101","?","decaa101","?","decaa101","?","wilsj105","hawkc101","wrigr102","hubec101","sandh101","burng101","harpg101","willc103","","","","S8","F","F",2,8,20,"T","T",1,"F","F",0,"F","F",0,"F","F",8,"","F","F","",0,0,"N",0,"N",0,"N",1,0,0,0,"","","","","F","F","F","F","F","F","F","F","F","","","","F","F","F","F","F","","","","",0,0,0,0,0,0,0,0,0,30,"PHI","CIN","PHI",0,"F","F",1,1,0,16,2,"F","F",0,1,"T","T","donop102","crith101","T","T",0,0,0,0,0,0,0,0,0,"","","",0,0,0,0,0,0,0,0,0,0,0,0,0,"harpg101","F","F","F","F",0,0,0,0,0,0,0,0,0,0,F,F,"1925PHI.EVN.regular.event.csv",1933
"PHI192505220","CIN",4,0,2,0,0,"",1,1,"donop102","?","donop102","?","decaa101","?","decaa101","?","wilsj105","hawkc101","wrigr102","hubec101","sandh101","burng101","harpg101","willc103","wingi101","","","S7.1-3","F","F",1,9,20,"T","T",1,"F","F",0,"F","F",0,"F","F",7,"","F","F","",0,0,"N",0,"N",0,"N",1,3,0,0,"","","","","F","F","F","F","F","F","F","F","F","decaa101","","","F","F","F","F","F","","","","",0,0,0,0,0,0,0,0,0,31,"PHI","CIN","PHI",0,"F","F",1,1,0,17,3,"T","F",1,5,"T","T","crith101","smite104","T","T",2,8,30,0,0,0,0,0,0,"wilsj105","","",0,0,0,0,0,0,0,0,0,0,0,0,0,"burng101","F","F","F","F",0,0,0,0,0,0,0,0,0,0,F,F,"1925PHI.EVN.regular.event.csv",1934
"PHI192505220","CIN",4,0,2,0,0,"",1,1,"crith101","?","crith101","?","decaa101","?","decaa101","?","wilsj105","hawkc101","wrigr102","hubec101","sandh101","burng101","harpg101","willc103","donop102","","wingi101","FLE2","F","F",4,1,13,"F","F",0,"F","F",0,"F","F",0,"F","F",2,"P","F","T","",1,2,"F",0,"N",0,"N",0,1,0,3,"","","","","F","F","F","F","F","F","F","F","F","decaa101","","decaa101","F","F","F","F","F","","","","",0,0,0,0,0,0,0,0,0,32,"PHI","CIN","PHI",0,"F","F",1,1,0,18,4,"T","F",5,5,"T","T","smite104","dresc101","T","T",1,9,31,0,0,0,2,8,30,"wilsj105","","wilsj105",0,0,0,0,0,0,0,0,0,0,0,0,0,"wilsj105","F","F","F","F",0,0,0,0,0,0,0,0,0,0,F,F,"1925PHI.EVN.regular.event.csv",1935
"PHI192505220","CIN",4,0,2,0,0,"",1,1,"crith101","?","crith101","?","decaa101","?","decaa101","?","wilsj105","hawkc101","wrigr102","hubec101","sandh101","burng101","harpg101","willc103","donop102","","wingi101","8/L","F","F",4,1,2,"T","T",0,"F","F",1,"F","F",0,"F","F",8,"L","F","F","",0,0,"N",0,"N",0,"N",0,1,0,3,"8","","","","F","F","F","F","F","F","F","F","F","decaa101","","decaa101","F","F","F","F","F","","","","",0,8,0,0,0,0,0,0,0,33,"PHI","CIN","PHI",0,"F","T",1,1,0,18,4,"F","F",5,5,"T","T","smite104","dresc101","T","T",1,9,31,0,0,0,2,8,30,"wilsj105","","wilsj105",0,0,0,0,0,0,0,0,0,0,0,0,0,"harpg101","F","F","F","F",0,0,0,0,0,0,0,0,0,0,F,F,"1925PHI.EVN.regular.event.csv",1936
"PHI192505220","CIN",4,1,0,0,0,"",1,1,"harpg101","?","harpg101","?","donop102","?","donop102","?","wingi101","bresr101","crith101","dresc101","bohns101","smite104","rouse101","walkc101","","","","K","T","F",8,4,3,"T","T",0,"F","F",1,"F","F",0,"F","F",0,"","F","F","",0,0,"N",0,"N",0,"N",0,0,0,0,"2","","","","F","F","F","F","F","F","F","F","F","","","","F","F","F","F","F","","","","",0,2,0,0,0,0,0,0,0,34,"PHI","PHI","CIN",1,"T","F",1,1,0,12,0,"T","F",0,0,"T","T","hawkc101","wilsj105","T","T",0,0,0,0,0,0,0,0,0,"","","",0,0,0,0,0,0,0,0,0,0,0,0,0,"","F","F","F","F",0,0,0,0,1,0,0,0,0,0,F,F,"1925PHI.EVN.regular.event.csv",1937
"PHI192505220","CIN",4,1,1,0,0,"",1,1,"hawkc101","?","hawkc101","?","donop102","?","donop102","?","wingi101","bresr101","crith101","dresc101","bohns101","smite104","rouse101","walkc101","","","","E4/G","F","F",3,5,18,"T","T",0,"F","F",0,"F","F",0,"F","F",4,"G","F","F","",1,4,"F",0,"N",0,"N",1,0,0,0,"","","","","F","F","F","F","F","F","F","F","F","","","","F","F","F","F","F","","","","",0,0,0,0,0,0,0,0,0,35,"PHI","PHI","CIN",1,"F","F",1,1,0,13,1,"T","F",0,1,"T","T","wilsj105","sandh101","T","T",0,0,0,0,0,0,0,0,0,"","","",0,0,0,0,0,0,0,0,0,0,0,0,0,"crith101","F","F","F","T",5,0,0,0,1,0,0,0,0,0,F,F,"1925PHI.EVN.regular.event.csv",1938
"PHI192505220","CIN",4,1,1,0,0,"",1,1,"wilsj105","?","wilsj105","?","donop102","?","donop102","?","wingi101","bresr101","crith101","dresc101","bohns101","smite104","rouse101","walkc101","hawkc101","","","S8.1-3","F","F",2,6,20,"T","T",1,"F","F",0,"F","F",0,"F","F",8,"","F","F","",0,0,"N",0,"N",0,"N",1,3,0,0,"","","","","F","F","F","F","F","F","F","F","F","donop102","","","F","F","F","F","F","","","","",0,0,0,0,0,0,0,0,0,36,"PHI","PHI","CIN",1,"F","F",1,1,0,14,2,"T","F",1,5,"T","T","sandh101","hubec101","T","T",3,5,35,0,0,0,0,0,0,"wingi101","","",0,0,0,0,0,0,0,0,0,0,0,0,0,"rouse101","F","F","F","F",0,5,0,0,1,0,0,0,0,0,F,F,"1925PHI.EVN.regular.event.csv",1939
"PHI192505220","CIN",4,1,1,0,0,"",1,1,"sandh101","?","sandh101","?","donop102","?","donop102","?","wingi101","bresr101","crith101","dresc101","bohns101","smite104","rouse101","walkc101","wilsj105","","hawkc101","K/C","F","F",6,7,3,"T","T",0,"F","F",1,"F","F",0,"F","F",0,"","F","F","",0,0,"N",0,"N",0,"N",0,1,0,3,"2","","","","F","F","F","F","F","F","F","F","F","donop102","","donop102","F","F","F","F","F","","","","",0,2,0,0,0,0,0,0,0,37,"PHI","PHI","CIN",1,"F","F",1,1,0,15,3,"T","F",5,5,"T","T","hubec101","decaa101","T","T",2,6,36,0,0,0,3,5,35,"wingi101","","wingi101",0,0,0,0,0,0,0,0,0,0,0,0,0,"","F","F","F","F",0,0,0,5,1,0,0,0,0,0,F,F,"1925PHI.EVN.regular.event.csv",1940
"PHI192505220","CIN",4,1,2,0,0,"",1,1,"hubec101","?","hubec101","?","donop102","?","donop102","?","wingi101","bresr101","crith101","dresc101","bohns101","smite104","rouse101","walkc101","wilsj105","","hawkc101","SBH(UR);SB2","F","F",5,8,4,"F","F",0,"F","F",0,"F","F",0,"F","F",0,"","F","F","",0,0,"N",0,"N",0,"N",0,2,0,5,"","","","","T","F","T","F","F","F","F","F","F","donop102","","donop102","F","F","F","F","F","","","","",0,0,0,0,0,0,0,0,0,38,"PHI","PHI","CIN",1,"F","F",1,1,0,16,4,"T","F",5,2,"T","T","decaa101","burng101","T","T",2,6,36,0,0,0,3,5,35,"wingi101","","wingi101",0,0,0,0,0,0,0,0,0,0,0,0,1,"","F","F","F","F",0,0,0,5,0,0,0,0,0,0,F,F,"1925PHI.EVN.regular.event.csv",1941
"PHI192505220","CIN",4,1,2,0,0,"",1,2,"hubec101","?","hubec101","?","donop102","?","donop102","?","wingi101","bresr101","crith101","dresc101","bohns101","smite104","rouse101","walkc101","","wilsj105","","43","F","F",5,8,2,"T","T",0,"F","F",1,"F","F",0,"F","F",4,"G","F","F","",0,0,"N",0,"N",0,"N",0,0,2,0,"43","","","","F","F","F","F","F","F","F","F","F","","donop102","","F","F","F","F","F","","","","",0,3,0,0,4,0,0,0,0,39,"PHI","PHI","CIN",1,"F","T",2,1,1,16,4,"F","F",2,2,"T","T","decaa101","burng101","T","T",0,0,0,2,6,36,0,0,0,"","wingi101","",0,0,0,0,0,0,0,0,0,0,0,0,0,"crith101","F","F","F","F",0,0,0,0,0,0,0,0,0,0,F,F,"1925PHI.EVN.regular.event.csv",1942
"PHI192505220","CIN",5,0,0,0,0,"",1,2,"smite104","?","smite104","?","decaa101","?","decaa101","?","wilsj105","hawkc101","wrigr102","hubec101","sandh101","burng101","harpg101","willc103","","","","9/F","T","F",7,2,2,"T","T",0,"F","F",1,"F","F",0,"F","F",9,"F","F","F","",0,0,"N",0,"N",0,"N",0,0,0,0,"9","","","","F","F","F","F","F","F","F","F","F","","","","F","F","F","F","F","","","","",0,9,0,0,0,0,0,0,0,40,"PHI","CIN","PHI",0,"T","F",1,2,0,19,0,"T","F",0,0,"T","T","dresc101","rouse101","T","T",0,0,0,0,0,0,0,0,0,"","","",0,0,0,0,0,0,0,0,0,0,0,0,0,"willc103","F","F","F","F",0,0,0,0,1,0,0,0,0,0,F,F,"1925PHI.EVN.regular.event.csv",1943
"PHI192505220","CIN",5,0,1,0,0,"",1,2,"dresc101","?","dresc101","?","decaa101","?","decaa101","?","wilsj105","hawkc101","wrigr102","hubec101","sandh101","burng101","harpg101","willc103","","","","HR/F7D","F","F",5,3,23,"T","T",4,"F","F",0,"F","F",1,"F","F",0,"F","F","F","7D",0,0,"N",0,"N",0,"N",4,0,0,0,"","","","","F","F","F","F","F","F","F","F","F","","","","F","F","F","F","F","","","","",0,0,0,0,0,0,0,0,0,41,"PHI","CIN","PHI",0,"F","F",1,2,0,20,1,"T","F",0,0,"T","T","rouse101","bresr101","T","T",0,0,0,0,0,0,0,0,0,"","","",0,0,0,0,0,0,0,0,0,0,0,0,1,"","F","F","F","F",4,0,0,0,0,0,0,0,0,0,F,F,"1925PHI.EVN.regular.event.csv",1944
"PHI192505220","CIN",5,0,1,0,0,"",2,2,"rouse101","?","rouse101","?","decaa101","?","decaa101","?","wilsj105","hawkc101","wrigr102","hubec101","sandh101","burng101","harpg101","willc103","","","","5/L","F","F",8,4,2,"T","T",0,"F","F",1,"F","F",0,"F","F",5,"L","F","F","",0,0,"N",0,"N",0,"N",0,0,0,0,"5","","","","F","F","F","F","F","F","F","F","F","","","","F","F","F","F","F","","","","",0,5,0,0,0,0,0,0,0,42,"PHI","CIN","PHI",0,"F","F",2,2,1,21,2,"T","F",0,0,"T","T","bresr101","walkc101","T","T",0,0,0,0,0,0,0,0,0,"","","",0,0,0,0,0,0,0,0,0,0,0,0,0,"hubec101","F","F","F","F",0,0,0,0,0,0,0,0,0,0,F,F,"1925PHI.EVN.regular.event.csv",1945
"PHI192505220","CIN",5,0,2,0,0,"",2,2,"bresr101","?","bresr101","?","decaa101","?","decaa101","?","wilsj105","hawkc101","wrigr102","hubec101","sandh101","burng101","harpg101","willc103","","","","2/P/FL","F","F",3,5,2,"T","T",0,"F","F",1,"F","F",0,"F","F",2,"P","F","T","",0,0,"N",0,"N",0,"N",0,0,0,0,"2","","","","F","F","F","F","F","F","F","F","F","","","","F","F","F","F","F","","","","",0,2,0,0,0,0,0,0,0,43,"PHI","CIN","PHI",0,"F","T",2,2,1,22,3,"T","F",0,0,"T","T","walkc101","bohns101","T","T",0,0,0,0,0,0,0,0,0,"","","",0,0,0,0,0,0,0,0,0,0,0,0,0,"wilsj105","F","F","F","F",0,0,0,0,0,0,0,0,0,0,F,F,"1925PHI.EVN.regular.event.csv",1946
"PHI192505220","CIN",5,1,0,0,0,"",2,2,"decaa101","?","decaa101","?","donop102","?","donop102","?","wingi101","bresr101","crith101","dresc101","bohns101","smite104","rouse101","walkc101","","","","7/F","T","F",1,9,2,"T","T",0,"F","F",1,"F","F",0,"F","F",7,"F","F","F","",0,0,"N",0,"N",0,"N",0,0,0,0,"7","","","","F","F","F","F","F","F","F","F","F","","","","F","F","F","F","F","","","","",0,7,0,0,0,0,0,0,0,44,"PHI","PHI","CIN",1,"T","F",2,2,0,17,0,"T","F",0,0,"T","T","burng101","wrigr102","T","T",0,0,0,0,0,0,0,0,0,"","","",0,0,0,0,0,0,0,0,0,0,0,0,0,"smite104","F","F","F","F",0,0,0,0,0,0,0,0,0,0,F,F,"1925PHI.EVN.regular.event.csv",1947
"PHI192505220","CIN",5,1,1,0,0,"",2,2,"burng101","?","burng101","?","donop102","?","donop102","?","wingi101","bresr101","crith101","dresc101","bohns101","smite104","rouse101","walkc101","","","","W","F","F",7,1,14,"T","F",0,"F","F",0,"F","F",0,"F","F",0,"","F","F","",0,0,"N",0,"N",0,"N",1,0,0,0,"","","","","F","F","F","F","F","F","F","F","F","","","","F","F","F","F","F","","","","",0,0,0,0,0,0,0,0,0,45,"PHI","PHI","CIN",1,"F","F",2,2,0,18,1,"T","F",0,1,"T","T","wrigr102","willc103","T","T",0,0,0,0,0,0,0,0,0,"","","",0,0,0,0,0,0,0,0,0,0,0,0,0,"","F","F","F","F",0,0,0,0,0,0,0,0,0,0,F,F,"1925PHI.EVN.regular.event.csv",1948
"PHI192505220","CIN",5,1,1,0,0,"",2,2,"wrigr102","?","wrigr102","?","donop102","?","donop102","?","wingi101","bresr101","crith101","dresc101","bohns101","smite104","rouse101","walkc101","burng101","","","7/F","F","F",4,2,2,"T","T",0,"F","F",1,"F","F",0,"F","F",7,"F","F","F","",0,0,"N",0,"N",0,"N",0,1,0,0,"7","","","","F","F","F","F","F","F","F","F","F","donop102","","","F","F","F","F","F","","","","",0,7,0,0,0,0,0,0,0,46,"PHI","PHI","CIN",1,"F","F",2,2,0,19,2,"T","F",1,1,"T","T","willc103","harpg101","T","T",7,1,45,0,0,0,0,0,0,"wingi101","","",0,0,0,0,0,0,0,0,0,0,0,0,0,"smite104","F","F","F","F",0,0,0,0,0,0,0,0,0,0,F,F,"1925PHI.EVN.regular.event.csv",1949
"PHI192505220","CIN",5,1,2,0,0,"",2,2,"willc103","?","willc103","?","donop102","?","donop102","?","wingi101","bresr101","crith101","dresc101","bohns101","smite104","rouse101","walkc101","burng101","","","8/L","F","F",9,3,2,"T","T",0,"F","F",1,"F","F",0,"F","F",8,"L","F","F","",0,0,"N",0,"N",0,"N",0,1,0,0,"8","","","","F","F","F","F","F","F","F","F","F","donop102","","","F","F","F","F","F","","","","",0,8,0,0,0,0,0,0,0,47,"PHI","PHI","CIN",1,"F","T",2,2,0,20,3,"T","F",1,1,"T","T","harpg101","hawkc101","T","T",7,1,45,0,0,0,0,0,0,"wingi101","","",0,0,0,0,0,0,0,0,0,0,0,0,0,"rouse101","F","F","F","F",0,0,0,0,0,0,0,0,0,0,F,F,"1925PHI.EVN.regular.event.csv",1950
"PHI192505220","CIN",6,0,0,0,0,"",2,2,"walkc101","?","walkc101","?","decaa101","?","decaa101","?","wilsj105","hawkc101","wrigr102","hubec101","sandh101","burng101","harpg101","willc103","","","","S8","T","F",9,6,20,"T","T",1,"F","F",0,"F","F",0,"F","F",8,"","F","F","",0,0,"N",0,"N",0,"N",1,0,0,0,"","","","","F","F","F","F","F","F","F","F","F","","","","F","F","F","F","F","","","","",0,0,0,0,0,0,0,0,0,48,"PHI","CIN","PHI",0,"T","F",2,2,0,23,0,"T","F",0,1,"T","T","bohns101","wingi101","T","T",0,0,0,0,0,0,0,0,0,"","","",0,0,0,0,0,0,0,0,0,0,0,0,0,"harpg101","F","F","F","F",4,0,0,0,2,0,0,0,0,0,F,F,"1925PHI.EVN.regular.event.csv",1951
"PHI192505220","CIN",6,0,0,0,0,"",2,2,"bohns101","?","bohns101","?","decaa101","?","decaa101","?","wilsj105","hawkc101","wrigr102","hubec101","sandh101","burng101","harpg101","willc103","walkc101","","","5/P/FL","F","F",6,7,2,"T","T",0,"F","F",1,"F","F",0,"F","F",5,"P","F","T","",0,0,"N",0,"N",0,"N",0,1,0,0,"5","","","","F","F","F","F","F","F","F","F","F","decaa101","","","F","F","F","F","F","","","","",0,5,0,0,0,0,0,0,0,49,"PHI","CIN","PHI",0,"F","F",2,2,0,24,1,"T","F",1,1,"T","T","wingi101","donop102","T","T",9,6,48,0,0,0,0,0,0,"wilsj105","","",0,0,0,0,0,0,0,0,0,0,0,0,0,"hubec101","F","F","F","F",0,4,0,0,2,0,0,0,0,0,F,F,"1925PHI.EVN.regular.event.csv",1952
"PHI192505220","CIN",6,0,1,0,0,"",2,2,"wingi101","?","wingi101","?","decaa101","?","decaa101","?","wilsj105","hawkc101","wrigr102","hubec101","sandh101","burng101","harpg101","willc103","walkc101","","","34/G.1-2","F","F",2,8,2,"T","T",0,"F","F",1,"F","F",0,"F","F",3,"G","F","F","",0,0,"N",0,"N",0,"N",0,2,0,0,"34","","","","F","F","F","F","F","F","F","F","F","decaa101","","","F","F","F","F","F","","","","",0,4,0,0,3,0,0,0,0,50,"PHI","CIN","PHI",0,"F","F",2,2,0,25,2,"T","F",1,2,"T","T","donop102","crith101","T","T",9,6,48,0,0,0,0,0,0,"wilsj105","","",0,0,0,0,0,0,0,0,0,0,0,0,0,"hawkc101","F","F","F","F",0,4,0,0,2,0,0,0,0,0,F,F,"1925PHI.EVN.regular.event.csv",1953
"PHI192505220","CIN",6,0,2,0,0,"",2,2,"donop102","?","donop102","?","decaa101","?","decaa101","?","wilsj105","hawkc101","wrigr102","hubec101","sandh101","burng101","harpg101","willc103","","walkc101","","HR/F7D.2-H","F","F",1,9,23,"T","T",4,"F","F",0,"F","F",2,"F","F",0,"F","F","F","7D",0,0,"N",0,"N",0,"N",4,0,4,0,"","","","","F","F","F","F","F","F","F","F","F","","decaa101","","F","F","F","F","F","","","","",0,0,0,0,0,0,0,0,0,51,"PHI","CIN","PHI",0,"F","F",2,2,0,26,3,"T","F",2,0,"T","T","crith101","smite104","T","T",0,0,0,9,6,48,0,0,0,"","wilsj105","",0,0,0,0,0,0,0,0,0,0,0,0,2,"","F","F","F","F",4,0,4,0,0,0,0,0,0,0,F,F,"1925PHI.EVN.regular.event.csv",1954
"PHI192505220","CIN",6,0,2,0,0,"",4,2,"crith101","?","crith101","?","decaa101","?","decaa101","?","wilsj105","hawkc101","wrigr102","hubec101","sandh101","burng101","harpg101","willc103","","","","13","F","F",4,1,2,"T","T",0,"F","F",1,"F","F",0,"F","F",1,"G","F","F","",0,0,"N",0,"N",0,"N",0,0,0,0,"13","","","","F","F","F","F","F","F","F","F","F","","","","F","F","F","F","F","","","","",0,3,0,0,1,0,0,0,0,52,"PHI","CIN","PHI",0,"F","T",4,2,2,27,4,"T","F",0,0,"T","T","smite104","dresc101","T","T",0,0,0,0,0,0,0,0,0,"","","",0,0,0,0,0,0,0,0,0,0,0,0,0,"decaa101","F","F","F","F",0,0,0,0,0,0,0,0,0,0,F,F,"1925PHI.EVN.regular.event.csv",1955
"PHI192505220","CIN",6,1,0,0,0,"",4,2,"harpg101","?","harpg101","?","donop102","?","donop102","?","wingi101","bresr101","crith101","dresc101","bohns101","smite104","rouse101","walkc101","","","","7/L","T","F",8,4,2,"T","T",0,"F","F",1,"F","F",0,"F","F",7,"L","F","F","",0,0,"N",0,"N",0,"N",0,0,0,0,"7","","","","F","F","F","F","F","F","F","F","F","","","","F","F","F","F","F","","","","",0,7,0,0,0,0,0,0,0,53,"PHI","PHI","CIN",1,"T","F",2,4,0,21,0,"T","F",0,0,"T","T","hawkc101","wilsj105","T","T",0,0,0,0,0,0,0,0,0,"","","",0,0,0,0,0,0,0,0,0,0,0,0,0,"smite104","F","F","F","F",0,0,0,0,0,0,0,0,0,0,F,F,"1925PHI.EVN.regular.event.csv",1956
"PHI192505220","CIN",6,1,1,0,0,"",4,2,"hawkc101","?","hawkc101","?","donop102","?","donop102","?","wingi101","bresr101","crith101","dresc101","bohns101","smite104","rouse101","walkc101","","","","9/L","F","F",3,5,2,"T","T",0,"F","F",1,"F","F",0,"F","F",9,"L","F","F","",0,0,"N",0,"N",0,"N",0,0,0,0,"9","","","","F","F","F","F","F","F","F","F","F","","","","F","F","F","F","F","","","","",0,9,0,0,0,0,0,0,0,54,"PHI","PHI","CIN",1,"F","F",2,4,0,22,1,"T","F",0,0,"T","T","wilsj105","sandh101","T","T",0,0,0,0,0,0,0,0,0,"","","",0,0,0,0,0,0,0,0,0,0,0,0,0,"walkc101","F","F","F","F",0,0,0,0,0,0,0,0,0,0,F,F,"1925PHI.EVN.regular.event.csv",1957
"PHI192505220","CIN",6,1,2,0,0,"",4,2,"wilsj105","?","wilsj105","?","donop102","?","donop102","?","wingi101","bresr101","crith101","dresc101","bohns101","smite104","rouse101","walkc101","","","","9/F","F","F",2,6,2,"T","T",0,"F","F",1,"F","F",0,"F","F",9,"F","F","F","",0,0,"N",0,"N",0,"N",0,0,0,0,"9","","","","F","F","F","F","F","F","F","F","F","","","","F","F","F","F","F","","","","",0,9,0,0,0,0,0,0,0,55,"PHI","PHI","CIN",1,"F","T",2,4,0,23,2,"T","F",0,0,"T","T","sandh101","hubec101","T","T",0,0,0,0,0,0,0,0,0,"","","",0,0,0,0,0,0,0,0,0,0,0,0,0,"walkc101","F","F","F","F",0,0,0,0,0,0,0,0,0,0,F,F,"1925PHI.EVN.regular.event.csv",1958
"PHI192505220","CIN",7,0,0,0,0,"",4,2,"smite104","?","smite104","?","decaa101","?","decaa101","?","wilsj105","hawkc101","wrigr102","hubec101","sandh101","burng101","harpg101","willc103","","","","D8","T","F",7,2,21,"T","T",2,"F","F",0,"F","F",0,"F","F",8,"","F","F","",0,0,"N",0,"N",0,"N",2,0,0,0,"","","","","F","F","F","F","F","F","F","F","F","","","","F","F","F","F","F","","","","",0,0,0,0,0,0,0,0,0,56,"PHI","CIN","PHI",0,"T","F",4,2,0,28,0,"T","F",0,2,"T","T","dresc101","rouse101","T","T",0,0,0,0,0,0,0,0,0,"","","",0,0,0,0,0,0,0,0,0,0,0,0,0,"harpg101","F","F","F","F",4,0,0,0,5,0,0,0,0,0,F,F,"1925PHI.EVN.regular.event.csv",1959
"PHI192505220","CIN",7,0,0,0,0,"",4,2,"dresc101","?","dresc101","?","decaa101","?","decaa101","?","wilsj105","hawkc101","wrigr102","hubec101","sandh101","burng101","harpg101","willc103","","smite104","","D7.2-H","F","F",5,3,21,"T","T",2,"F","F",0,"F","F",1,"F","F",7,"","F","F","",0,0,"N",0,"N",0,"N",2,0,4,0,"","","","","F","F","F","F","F","F","F","F","F","","decaa101","","F","F","F","F","F","","","","",0,0,0,0,0,0,0,0,0,57,"PHI","CIN","PHI",0,"F","F",4,2,0,29,1,"T","F",2,2,"T","T","rouse101","bresr101","T","T",0,0,0,7,2,56,0,0,0,"","wilsj105","",0,0,0,0,0,0,0,0,0,0,0,0,1,"burng101","F","F","F","F",4,0,4,0,4,0,0,0,0,0,F,F,"1925PHI.EVN.regular.event.csv",1960
"PHI192505220","CIN",7,0,0,0,0,"",5,2,"rouse101","?","rouse101","?","decaa101","?","decaa101","?","wilsj105","hawkc101","wrigr102","hubec101","sandh101","burng101","harpg101","willc103","","dresc101","","S7.2-H","F","F",8,4,20,"T","T",1,"F","F",0,"F","F",1,"F","F",7,"","F","F","",0,0,"N",0,"N",0,"N",1,0,4,0,"","","","","F","F","F","F","F","F","F","F","F","","decaa101","","F","F","F","F","F","","","","",0,0,0,0,0,0,0,0,0,58,"PHI","CIN","PHI",0,"F","F",5,2,1,30,2,"T","F",2,1,"T","T","bresr101","walkc101","T","T",0,0,0,5,3,57,0,0,0,"","wilsj105","",0,0,0,0,0,0,0,0,0,0,0,0,1,"burng101","F","F","F","F",4,0,4,0,3,0,0,0,0,0,F,F,"1925PHI.EVN.regular.event.csv",1961
"PHI192505220","CIN",7,0,0,0,0,"",6,2,"bresr101","?","bresr101","?","betth101","?","betth101","?","wilsj105","hawkc101","wrigr102","hubec101","sandh101","burng101","harpg101","willc103","rouse101","","","SB2","F","F",3,5,4,"F","F",0,"F","F",0,"F","F",0,"F","F",0,"","F","F","",0,0,"N",0,"N",0,"N",0,2,0,0,"","","","","T","F","F","F","F","F","F","F","F","decaa101","","","F","F","F","F","F","","","","",0,0,0,0,0,0,0,0,0,59,"PHI","CIN","PHI",0,"F","F",6,2,2,31,3,"T","F",1,2,"T","T","walkc101","bohns101","F","F",8,4,58,0,0,0,0,0,0,"wilsj105","","",0,0,0,0,0,0,0,0,0,0,0,0,0,"","F","F","F","F",0,4,0,0,3,0,0,0,0,0,F,F,"1925PHI.EVN.regular.event.csv",1962
"PHI192505220","CIN",7,0,0,0,0,"",6,2,"bresr101","?","bresr101","?","betth101","?","betth101","?","wilsj105","hawkc101","wrigr102","hubec101","sandh101","burng101","harpg101","willc103","","rouse101","","S9.2-3","F","F",3,5,20,"T","T",1,"F","F",0,"F","F",0,"F","F",9,"","F","F","",0,0,"N",0,"N",0,"N",1,0,3,0,"","","","","F","F","F","F","F","F","F","F","F","","decaa101","","F","F","F","F","F","","","","",0,0,0,0,0,0,0,0,0,60,"PHI","CIN","PHI",0,"F","F",6,2,2,31,3,"F","F",2,5,"T","T","walkc101","bohns101","F","F",0,0,0,8,4,58,0,0,0,"","wilsj105","",0,0,0,0,0,0,0,0,0,0,0,0,0,"willc103","F","F","F","F",4,0,4,0,3,0,0,0,0,0,F,F,"1925PHI.EVN.regular.event.csv",1963
"PHI192505220","CIN",7,0,0,0,0,"",6,2,"walkc101","?","walkc101","?","betth101","?","betth101","?","wilsj105","hawkc101","wrigr102","hubec101","sandh101","burng101","harpg101","willc103","bresr101","","rouse101","S8.3-H;1-3","F","F",9,6,20,"T","T",1,"F","F",0,"F","F",1,"F","F",8,"","F","F","",0,0,"N",0,"N",0,"N",1,3,0,4,"","","","","F","F","F","F","F","F","F","F","F","betth101","","decaa101","F","F","F","F","F","","","","",0,0,0,0,0,0,0,0,0,61,"PHI","CIN","PHI",0,"F","F",6,2,2,32,4,"T","F",5,5,"T","T","bohns101","wingi101","F","F",3,5,60,0,0,0,8,4,58,"wilsj105","","wilsj105",0,0,0,0,0,0,0,0,0,0,0,0,1,"harpg101","F","F","F","F",0,4,0,4,2,0,0,0,0,0,F,F,"1925PHI.EVN.regular.event.csv",1964
"PHI192505220","CIN",7,0,0,0,0,"",7,2,"bohns101","?","bohns101","?","vineb101","?","vineb101","?","wilsj105","hawkc101","wrigr102","hubec101","sandh101","burng101","harpg101","willc103","walkc101","","bresr101","5/P/FL","F","F",6,7,2,"T","T",0,"F","F",1,"F","F",0,"F","F",5,"P","F","T","",0,0,"N",0,"N",0,"N",0,1,0,3,"5","","","","F","F","F","F","F","F","F","F","F","betth101","","betth101","F","F","F","F","F","","","","",0,5,0,0,0,0,0,0,0,62,"PHI","CIN","PHI",0,"F","F",7,2,3,33,5,"T","F",5,5,"T","T","wingi101","donop102","F","F",9,6,61,0,0,0,3,5,60,"wilsj105","","wilsj105",0,0,0,0,0,0,0,0,0,0,0,0,0,"hubec101","F","F","F","F",0,0,0,4,2,0,0,0,0,0,F,F,"1925PHI.EVN.regular.event.csv",1965
"PHI192505220","CIN",7,0,1,0,0,"",7,2,"wingi101","?","wingi101","?","vineb101","?","vineb101","?","wilsj105","hawkc101","wrigr102","hubec101","sandh101","burng101","harpg101","willc103","walkc101","","bresr101","54(1)/FO.3-H;B-2(E4/TH1)","F","F",2,8,2,"T","T",0,"F","F",1,"F","F",1,"F","F",5,"G","F","F","",1,4,"T",0,"N",0,"N",2,0,0,4,"","54","","","F","F","F","F","F","F","F","F","F","betth101","","betth101","F","F","F","F","F","","","","",0,4,0,0,5,0,0,0,0,63,"PHI","CIN","PHI",0,"F","F",7,2,3,34,6,"T","F",5,2,"T","T","donop102","crith101","F","F",9,6,61,0,0,0,3,5,60,"wilsj105","","wilsj105",0,0,0,0,0,0,0,0,0,0,0,0,1,"hubec101","T","F","F","F",4,0,0,4,1,0,0,0,0,0,F,F,"1925PHI.EVN.regular.event.csv",1966
"PHI192505220","CIN",7,0,2,0,0,"",8,2,"donop102","?","donop102","?","vineb101","?","vineb101","?","wilsj105","hawkc101","wrigr102","hubec101","sandh101","burng101","harpg101","willc103","","wingi101","","S7.2-H","F","F",1,9,20,"T","T",1,"F","F",0,"F","F",1,"F","F",7,"","F","F","",0,0,"N",0,"N",0,"N",1,0,4,0,"","","","","F","F","F","F","F","F","F","F","F","","betth101","","F","F","F","F","F","","","","",0,0,0,0,0,0,0,0,0,64,"PHI","CIN","PHI",0,"F","F",8,2,4,35,7,"T","F",2,1,"T","T","crith101","smite104","F","F",0,0,0,2,8,63,0,0,0,"","wilsj105","",0,0,0,0,0,0,0,0,0,0,0,0,1,"burng101","F","F","F","F",0,0,4,0,0,0,0,0,0,0,F,F,"1925PHI.EVN.regular.event.csv",1967
"PHI192505220","CIN",7,0,2,0,0,"",9,2,"crith101","?","crith101","?","vineb101","?","vineb101","?","wilsj105","hawkc101","wrigr102","hubec101","sandh101","burng101","harpg101","willc103","donop102","","","W.1-2","F","F",4,1,14,"T","F",0,"F","F",0,"F","F",0,"F","F",0,"","F","F","",0,0,"N",0,"N",0,"N",1,2,0,0,"","","","","F","F","F","F","F","F","F","F","F","vineb101","","","F","F","F","F","F","","","","",0,0,0,0,0,0,0,0,0,65,"PHI","CIN","PHI",0,"F","F",9,2,5,36,8,"T","F",1,3,"T","T","smite104","dresc101","F","F",1,9,64,0,0,0,0,0,0,"wilsj105","","",0,0,0,0,0,0,0,0,0,0,0,0,0,"","F","F","F","F",0,0,0,0,0,0,0,0,0,0,F,F,"1925PHI.EVN.regular.event.csv",1968
"PHI192505220","CIN",7,0,2,0,0,"",9,2,"smite104","?","smite104","?","vineb101","?","vineb101","?","wilsj105","hawkc101","wrigr102","hubec101","sandh101","burng101","harpg101","willc103","crith101","donop102","","W.2-3;1-2","F","F",7,2,14,"T","F",0,"F","F",0,"F","F",0,"F","F",0,"","F","F","",0,0,"N",0,"N",0,"N",1,2,3,0,"","","","","F","F","F","F","F","F","F","F","F","vineb101","vineb101","","F","F","F","F","F","","","","",0,0,0,0,0,0,0,0,0,66,"PHI","CIN","PHI",0,"F","F",9,2,5,37,9,"T","F",3,7,"T","T","dresc101","rouse101","F","F",4,1,65,1,9,64,0,0,0,"wilsj105","wilsj105","",0,0,0,0,0,0,0,0,0,0,0,0,0,"","F","F","F","F",0,0,0,0,0,0,0,0,0,0,F,F,"1925PHI.EVN.regular.event.csv",1969
"PHI192505220","CIN",7,0,2,0,0,"",9,2,"dresc101","?","dresc101","?","vineb101","?","vineb101","?","wilsj105","hawkc101","wrigr102","hubec101","sandh101","burng101","harpg101","willc103","smite104","crith101","donop102","9/F","F","F",5,3,2,"T","T",0,"F","F",1,"F","F",0,"F","F",9,"F","F","F","",0,0,"N",0,"N",0,"N",0,1,2,3,"9","","","","F","F","F","F","F","F","F","F","F","vineb101","vineb101","vineb101","F","F","F","F","F","","","","",0,9,0,0,0,0,0,0,0,67,"PHI","CIN","PHI",0,"F","T",9,2,5,38,10,"T","F",7,7,"T","T","rouse101","bresr101","F","F",7,2,66,4,1,65,1,9,64,"wilsj105","wilsj105","wilsj105",0,0,0,0,0,0,0,0,0,0,0,0,0,"willc103","F","F","F","F",0,0,0,0,0,0,0,0,0,0,F,F,"1925PHI.EVN.regular.event.csv",1970
"PHI192505220","CIN",7,1,0,0,0,"",9,2,"sandh101","?","sandh101","?","donop102","?","donop102","?","wingi101","bresr101","crith101","dresc101","bohns101","smite104","rouse101","walkc101","","","","53","T","F",6,7,2,"T","T",0,"F","F",1,"F","F",0,"F","F",5,"G","F","F","",0,0,"N",0,"N",0,"N",0,0,0,0,"53","","","","F","F","F","F","F","F","F","F","F","","","","F","F","F","F","F","","","","",0,3,0,0,5,0,0,0,0,68,"PHI","PHI","CIN",1,"T","F",2,9,0,24,0,"T","F",0,0,"T","T","hubec101","vineb101","T","T",0,0,0,0,0,0,0,0,0,"","","",0,0,0,0,0,0,0,0,0,0,0,0,0,"dresc101","F","F","F","F",0,0,0,0,0,0,0,0,0,0,F,F,"1925PHI.EVN.regular.event.csv",1971
"PHI192505220","CIN",7,1,1,0,0,"",9,2,"hubec101","?","hubec101","?","donop102","?","donop102","?","wingi101","bresr101","crith101","dresc101","bohns101","smite104","rouse101","walkc101","","","","7/F","F","F",5,8,2,"T","T",0,"F","F",1,"F","F",0,"F","F",7,"F","F","F","",0,0,"N",0,"N",0,"N",0,0,0,0,"7","","","","F","F","F","F","F","F","F","F","F","","","","F","F","F","F","F","","","","",0,7,0,0,0,0,0,0,0,69,"PHI","PHI","CIN",1,"F","F",2,9,0,25,1,"T","F",0,0,"T","T","vineb101","burng101","T","T",0,0,0,0,0,0,0,0,0,"","","",0,0,0,0,0,0,0,0,0,0,0,0,0,"smite104","F","F","F","F",0,0,0,0,0,0,0,0,0,0,F,F,"1925PHI.EVN.regular.event.csv",1972
"PHI192505220","CIN",7,1,2,0,0,"",9,2,"mitcc102","?","mitcc102","?","donop102","?","donop102","?","wingi101","bresr101","crith101","dresc101","bohns101","smite104","rouse101","walkc101","","","","S/78","F","T",11,9,20,"T","T",1,"F","F",0,"F","F",0,"F","F",0,"","F","F","78",0,0,"N",0,"N",0,"N",1,0,0,0,"","","","","F","F","F","F","F","F","F","F","F","","","","F","F","F","F","F","","","","vineb101",1,0,0,0,0,0,0,0,0,70,"PHI","PHI","CIN",1,"F","F",2,9,0,26,2,"T","F",0,1,"F","F","burng101","wrigr102","T","T",0,0,0,0,0,0,0,0,0,"","","",0,0,0,0,0,0,0,0,0,0,0,0,0,"","F","F","F","F",1,0,0,0,0,0,0,0,0,0,F,F,"1925PHI.EVN.regular.event.csv",1973
"PHI192505220","CIN",7,1,2,0,0,"",9,2,"burng101","?","burng101","?","donop102","?","donop102","?","wingi101","bresr101","crith101","dresc101","bohns101","smite104","rouse101","walkc101","mitcc102","","","43","F","F",7,1,2,"T","T",0,"F","F",1,"F","F",0,"F","F",4,"G","F","F","",0,0,"N",0,"N",0,"N",0,1,0,0,"43","","","","F","F","F","F","F","F","F","F","F","donop102","","","F","F","F","F","F","","","","",0,3,0,0,4,0,0,0,0,71,"PHI","PHI","CIN",1,"F","T",2,9,0,27,3,"T","F",1,1,"T","T","wrigr102","willc103","T","T",0,9,70,0,0,0,0,0,0,"wingi101","","",0,0,0,0,0,0,0,0,0,0,0,0,0,"crith101","F","F","F","F",0,1,0,0,0,0,0,0,0,0,F,F,"1925PHI.EVN.regular.event.csv",1974
"PHI192505220","CIN",8,0,0,0,0,"",9,2,"rouse101","?","rouse101","?","pierr101","?","pierr101","?","wilsj105","hawkc101","wrigr102","hubec101","sandh101","burng101","harpg101","schuj101","","","","31","T","F",8,4,2,"T","T",0,"F","F",1,"F","F",0,"F","F",3,"G","F","F","",0,0,"N",0,"N",0,"N",0,0,0,0,"31","","","","F","F","F","F","F","F","F","F","F","","","","F","F","F","F","F","","","","",0,1,0,0,3,0,0,0,0,72,"PHI","CIN","PHI",0,"T","F",9,2,0,39,0,"T","F",0,0,"T","T","bresr101","walkc101","F","F",0,0,0,0,0,0,0,0,0,"","","",0,0,0,0,0,0,0,0,0,0,0,0,0,"hawkc101","F","F","F","F",0,0,0,0,2,0,0,0,0,0,F,F,"1925PHI.EVN.regular.event.csv",1975
"PHI192505220","CIN",8,0,1,0,0,"",9,2,"bresr101","?","bresr101","?","pierr101","?","pierr101","?","wilsj105","hawkc101","wrigr102","hubec101","sandh101","burng101","harpg101","schuj101","","","","W","F","F",3,5,14,"T","F",0,"F","F",0,"F","F",0,"F","F",0,"","F","F","",0,0,"N",0,"N",0,"N",1,0,0,0,"","","","","F","F","F","F","F","F","F","F","F","","","","F","F","F","F","F","","","","",0,0,0,0,0,0,0,0,0,73,"PHI","CIN","PHI",0,"F","F",9,2,0,40,1,"T","F",0,1,"T","T","walkc101","bohns101","F","F",0,0,0,0,0,0,0,0,0,"","","",0,0,0,0,0,0,0,0,0,0,0,0,0,"","F","F","F","F",4,0,0,0,2,0,0,0,0,0,F,F,"1925PHI.EVN.regular.event.csv",1976
"PHI192505220","CIN",8,0,1,0,0,"",9,2,"walkc101","?","walkc101","?","pierr101","?","pierr101","?","wilsj105","hawkc101","wrigr102","hubec101","sandh101","burng101","harpg101","schuj101","bresr101","","","HR/F9D.1-H","F","F",9,6,23,"T","T",4,"F","F",0,"F","F",2,"F","F",0,"F","F","F","9D",0,0,"N",0,"N",0,"N",4,4,0,0,"","","","","F","F","F","F","F","F","F","F","F","pierr101","","","F","F","F","F","F","","","","",0,0,0,0,0,0,0,0,0,74,"PHI","CIN","PHI",0,"F","F",9,2,0,41,2,"T","F",1,0,"T","T","bohns101","wingi101","F","F",3,5,73,0,0,0,0,0,0,"wilsj105","","",0,0,0,0,0,0,0,0,0,0,0,0,2,"","F","F","F","F",4,4,0,0,0,0,0,0,0,0,F,F,"1925PHI.EVN.regular.event.csv",1977
"PHI192505220","CIN",8,0,1,0,0,"",11,2,"bohns101","?","bohns101","?","pierr101","?","pierr101","?","wilsj105","hawkc101","wrigr102","hubec101","sandh101","burng101","harpg101","schuj101","","","","S7","F","F",6,7,20,"T","T",1,"F","F",0,"F","F",0,"F","F",7,"","F","F","",0,0,"N",0,"N",0,"N",1,0,0,0,"","","","","F","F","F","F","F","F","F","F","F","","","","F","F","F","F","F","","","","",0,0,0,0,0,0,0,0,0,75,"PHI","CIN","PHI",0,"F","F",11,2,2,42,3,"T","F",0,1,"T","T","wingi101","donop102","F","F",0,0,0,0,0,0,0,0,0,"","","",0,0,0,0,0,0,0,0,0,0,0,0,0,"burng101","F","F","F","F",0,0,0,0,0,0,0,0,0,0,F,F,"1925PHI.EVN.regular.event.csv",1978
"PHI192505220","CIN",8,0,1,0,0,"",11,2,"wingi101","?","wingi101","?","pierr101","?","pierr101","?","wilsj105","hawkc101","wrigr102","hubec101","sandh101","burng101","harpg101","schuj101","bohns101","","","7/LDP.1X1(73)","F","F",2,8,2,"T","T",0,"F","F",2,"T","F",0,"F","F",7,"L","F","F","",0,0,"N",0,"N",0,"N",0,0,0,0,"7","73","","","F","F","F","F","F","F","F","F","F","pierr101","","","F","F","F","F","F","","","","",0,7,3,0,7,0,0,0,0,76,"PHI","CIN","PHI",0,"F","T",11,2,2,43,4,"T","F",1,0,"T","T","donop102","crith101","F","F",6,7,75,0,0,0,0,0,0,"wilsj105","","",0,0,0,0,0,0,0,0,0,0,0,0,0,"burng101","F","F","F","F",0,0,0,0,0,0,0,0,0,0,F,F,"1925PHI.EVN.regular.event.csv",1979
"PHI192505220","CIN",8,1,0,0,0,"",11,2,"wrigr102","?","wrigr102","?","donop102","?","donop102","?","wingi101","bresr101","crith101","dresc101","bohns101","smite104","rouse101","walkc101","","","","43","T","F",4,2,2,"T","T",0,"F","F",1,"F","F",0,"F","F",4,"G","F","F","",0,0,"N",0,"N",0,"N",0,0,0,0,"43","","","","F","F","F","F","F","F","F","F","F","","","","F","F","F","F","F","","","","",0,3,0,0,4,0,0,0,0,77,"PHI","PHI","CIN",1,"T","F",2,11,0,28,0,"T","F",0,0,"T","T","schuj101","harpg101","T","T",0,0,0,0,0,0,0,0,0,"","","",0,0,0,0,0,0,0,0,0,0,0,0,0,"crith101","F","F","F","F",0,0,0,0,0,0,0,0,0,0,F,F,"1925PHI.EVN.regular.event.csv",1980
"PHI192505220","CIN",8,1,1,0,0,"",11,2,"schuj101","?","schuj101","?","donop102","?","donop102","?","wingi101","bresr101","crith101","dresc101","bohns101","smite104","rouse101","walkc101","","","","63","F","F",9,3,2,"T","T",0,"F","F",1,"F","F",0,"F","F",6,"G","F","F","",0,0,"N",0,"N",0,"N",0,0,0,0,"63","","","","F","F","F","F","F","F","F","F","F","","","","F","F","F","F","F","","","","",0,3,0,0,6,0,0,0,0,78,"PHI","PHI","CIN",1,"F","F",2,11,0,29,1,"T","F",0,0,"F","F","harpg101","hawkc101","T","T",0,0,0,0,0,0,0,0,0,"","","",0,0,0,0,0,0,0,0,0,0,0,0,0,"bohns101","F","F","F","F",0,0,0,0,0,0,0,0,0,0,F,F,"1925PHI.EVN.regular.event.csv",1981
"PHI192505220","CIN",8,1,2,0,0,"",11,2,"harpg101","?","harpg101","?","donop102","?","donop102","?","wingi101","bresr101","crith101","dresc101","bohns101","smite104","rouse101","walkc101","","","","K","F","F",8,4,3,"T","T",0,"F","F",1,"F","F",0,"F","F",0,"","F","F","",0,0,"N",0,"N",0,"N",0,0,0,0,"2","","","","F","F","F","F","F","F","F","F","F","","","","F","F","F","F","F","","","","",0,2,0,0,0,0,0,0,0,79,"PHI","PHI","CIN",1,"F","T",2,11,0,30,2,"T","F",0,0,"T","T","hawkc101","wilsj105","T","T",0,0,0,0,0,0,0,0,0,"","","",0,0,0,0,0,0,0,0,0,0,0,0,0,"","F","F","F","F",0,0,0,0,0,0,0,0,0,0,F,F,"1925PHI.EVN.regular.event.csv",1982
"PHI192505220","CIN",9,0,0,0,0,"",11,2,"donop102","?","donop102","?","pierr101","?","pierr101","?","wilsj105","hawkc101","wrigr102","hubec101","sandh101","burng101","harpg101","schuj101","","","","S6","T","F",1,9,20,"T","T",1,"F","F",0,"F","F",0,"F","F",6,"","F","F","",0,0,"N",0,"N",0,"N",1,0,0,0,"","","","","F","F","F","F","F","F","F","F","F","","","","F","F","F","F","F","","","","",0,0,0,0,0,0,0,0,0,80,"PHI","CIN","PHI",0,"T","F",11,2,0,44,0,"T","F",0,1,"T","T","crith101","smite104","F","F",0,0,0,0,0,0,0,0,0,"","","",0,0,0,0,0,0,0,0,0,0,0,0,0,"sandh101","F","F","F","F",0,0,0,0,0,0,0,0,0,0,F,F,"1925PHI.EVN.regular.event.csv",1983
"PHI192505220","CIN",9,0,0,0,0,"",11,2,"crith101","?","crith101","?","pierr101","?","pierr101","?","wilsj105","hawkc101","wrigr102","hubec101","sandh101","burng101","harpg101","schuj101","donop102","","","S8.1-2","F","F",4,1,20,"T","T",1,"F","F",0,"F","F",0,"F","F",8,"","F","F","",0,0,"N",0,"N",0,"N",1,2,0,0,"","","","","F","F","F","F","F","F","F","F","F","pierr101","","","F","F","F","F","F","","","","",0,0,0,0,0,0,0,0,0,81,"PHI","CIN","PHI",0,"F","F",11,2,0,45,1,"T","F",1,3,"T","T","smite104","dresc101","F","F",1,9,80,0,0,0,0,0,0,"wilsj105","","",0,0,0,0,0,0,0,0,0,0,0,0,0,"harpg101","F","F","F","F",0,0,0,0,0,0,0,0,0,0,F,F,"1925PHI.EVN.regular.event.csv",1984
"PHI192505220","CIN",9,0,0,0,0,"",11,2,"smite104","?","smite104","?","pierr101","?","pierr101","?","wilsj105","hawkc101","wrigr102","hubec101","sandh101","burng101","harpg101","schuj101","crith101","donop102","","7/F","F","F",7,2,2,"T","T",0,"F","F",1,"F","F",0,"F","F",7,"F","F","F","",0,0,"N",0,"N",0,"N",0,1,2,0,"7","","","","F","F","F","F","F","F","F","F","F","pierr101","pierr101","","F","F","F","F","F","","","","",0,7,0,0,0,0,0,0,0,82,"PHI","CIN","PHI",0,"F","F",11,2,0,46,2,"T","F",3,3,"T","T","dresc101","rouse101","F","F",4,1,81,1,9,80,0,0,0,"wilsj105","wilsj105","",0,0,0,0,0,0,0,0,0,0,0,0,0,"burng101","F","F","F","F",0,0,0,0,0,0,0,0,0,0,F,F,"1925PHI.EVN.regular.event.csv",1985
"PHI192505220","CIN",9,0,1,0,0,"",11,2,"dresc101","?","dresc101","?","pierr101","?","pierr101","?","wilsj105","hawkc101","wrigr102","hubec101","sandh101","burng101","harpg101","schuj101","crith101","donop102","","64(1)/FO.2-3","F","F",5,3,2,"T","T",0,"F","F",1,"F","F",0,"F","F",6,"G","F","F","",0,0,"N",0,"N",0,"N",1,0,3,0,"","64","","","F","F","F","F","F","F","F","F","F","pierr101","pierr101","","F","F","F","F","F","","","","",0,4,0,0,6,0,0,0,0,83,"PHI","CIN","PHI",0,"F","F",11,2,0,47,3,"T","F",3,5,"T","T","rouse101","bresr101","F","F",4,1,81,1,9,80,0,0,0,"wilsj105","wilsj105","",0,0,0,0,0,0,0,0,0,0,0,0,0,"sandh101","T","F","F","F",0,0,0,0,0,0,0,0,0,0,F,F,"1925PHI.EVN.regular.event.csv",1986
"PHI192505220","CIN",9,0,2,0,0,"",11,2,"rouse101","?","rouse101","?","pierr101","?","pierr101","?","wilsj105","hawkc101","wrigr102","hubec101","sandh101","burng101","harpg101","schuj101","dresc101","","donop102","CS2(24)","F","F",8,4,6,"F","F",0,"F","F",1,"F","F",0,"F","F",0,"","F","F","",0,0,"N",0,"N",0,"N",0,0,0,3,"","24","","","F","F","F","T","F","F","F","F","F","pierr101","","pierr101","F","F","F","F","F","","","","",0,4,0,0,2,0,0,0,0,84,"PHI","CIN","PHI",0,"F","T",11,2,0,48,4,"T","T",5,4,"T","T","bresr101","walkc101","F","F",5,3,83,0,0,0,1,9,80,"wilsj105","","wilsj105",0,0,0,0,0,0,0,0,0,0,0,0,0,"","F","F","F","F",0,0,0,0,0,0,0,0,0,0,F,F,"1925PHI.EVN.regular.event.csv",1987
"PHI192505220","CIN",9,1,0,0,0,"",11,2,"hawkc101","?","hawkc101","?","donop102","?","donop102","?","wingi101","bresr101","crith101","dresc101","bohns101","smite104","rouse101","walkc101","","","","13","T","F",3,5,2,"T","T",0,"F","F",1,"F","F",0,"F","F",1,"G","F","F","",0,0,"N",0,"N",0,"N",0,0,0,0,"13","","","","F","F","F","F","F","F","F","F","F","","","","F","F","F","F","F","","","","",0,3,0,0,1,0,0,0,0,85,"PHI","PHI","CIN",1,"T","F",2,11,0,31,0,"T","F",0,0,"T","T","wilsj105","sandh101","T","T",0,0,0,0,0,0,0,0,0,"","","",0,0,0,0,0,0,0,0,0,0,0,0,0,"donop102","F","F","F","F",0,0,0,0,0,0,0,0,0,0,F,F,"1925PHI.EVN.regular.event.csv",1988
"PHI192505220","CIN",9,1,1,0,0,"",11,2,"wilsj105","?","wilsj105","?","donop102","?","donop102","?","wingi101","bresr101","crith101","dresc101","bohns101","smite104","rouse101","walkc101","","","","S7","F","F",2,6,20,"T","T",1,"F","F",0,"F","F",0,"F","F",7,"","F","F","",0,0,"N",0,"N",0,"N",1,0,0,0,"","","","","F","F","F","F","F","F","F","F","F","","","","F","F","F","F","F","","","","",0,0,0,0,0,0,0,0,0,86,"PHI","PHI","CIN",1,"F","F",2,11,0,32,1,"T","F",0,1,"T","T","sandh101","hubec101","T","T",0,0,0,0,0,0,0,0,0,"","","",0,0,0,0,0,0,0,0,0,0,0,0,0,"smite104","F","F","F","F",0,0,0,0,0,0,0,0,0,0,F,F,"1925PHI.EVN.regular.event.csv",1989
"PHI192505220","CIN",9,1,1,0,0,"",11,2,"knigj103","?","knigj103","?","donop102","?","donop102","?","wingi101","bresr101","crith101","dresc101","bohns101","smite104","rouse101","walkc101","wilsj105","","","16(1)3/GDP","F","T",11,7,2,"T","T",0,"F","F",2,"T","F",0,"F","F",1,"G","F","F","",0,0,"N",0,"N",0,"N",0,0,0,0,"63","16","","","F","F","F","F","F","F","F","F","F","donop102","","","F","T","F","F","F","","","","sandh101",6,6,3,0,1,6,0,0,0,87,"PHI","PHI","CIN",1,"F","T",2,11,0,33,2,"T","F",1,0,"F","F","hubec101","pierr101","T","T",2,6,86,0,0,0,0,0,0,"wingi101","","",0,0,0,0,0,0,0,0,0,0,0,0,0,"donop102","T","F","F","F",0,0,0,0,0,0,0,0,0,0,F,F,"1925PHI.EVN.regular.event.csv",1990
"PHI192505230","CIN",1,0,0,0,0,"",0,0,"crith101","?","crith101","?","ringj101","?","ringj101","?","wilsj105","hawkc101","kimmw101","hubec101","sandh101","henlb101","burng101","schuj101","","","","S9","T","F",4,1,20,"T","T",1,"F","F",0,"F","F",0,"F","F",9,"","F","F","",0,0,"N",0,"N",0,"N",1,0,0,0,"","","","","F","F","F","F","F","F","F","F","F","","","","T","F","F","F","F","","","","",0,0,0,0,0,0,0,0,0,1,"PHI","CIN","PHI",0,"T","F",0,0,0,0,0,"T","F",0,1,"T","T","smite104","dresc101","T","T",0,0,0,0,0,0,0,0,0,"","","",0,0,0,0,0,0,0,0,0,0,0,0,0,"schuj101","F","F","F","F",4,0,0,0,1,0,0,0,0,0,F,F,"1925PHI.EVN.regular.event.csv",1991
"PHI192505230","CIN",1,0,0,0,0,"",0,0,"smite104","?","smite104","?","ringj101","?","ringj101","?","wilsj105","hawkc101","kimmw101","hubec101","sandh101","henlb101","burng101","schuj101","crith101","","","S7/56D.1-2","F","F",7,2,20,"T","T",1,"F","F",0,"F","F",0,"F","F",7,"","F","F","56D",0,0,"N",0,"N",0,"N",1,2,0,0,"","","","","F","F","F","F","F","F","F","F","F","ringj101","","","F","F","F","F","F","","","","",0,0,0,0,0,0,0,0,0,2,"PHI","CIN","PHI",0,"F","F",0,0,0,1,1,"T","F",1,3,"T","T","dresc101","rouse101","T","T",4,1,1,0,0,0,0,0,0,"wilsj105","","",0,0,0,0,0,0,0,0,0,0,0,0,0,"henlb101","F","F","F","F",0,4,0,0,1,0,0,0,0,0,F,F,"1925PHI.EVN.regular.event.csv",1992
"PHI192505230","CIN",1,0,0,0,0,"",0,0,"dresc101","?","dresc101","?","ringj101","?","ringj101","?","wilsj105","hawkc101","kimmw101","hubec101","sandh101","henlb101","burng101","schuj101","smite104","crith101","","46(1)/FO.2-3","F","F",5,3,2,"T","T",0,"F","F",1,"F","F",0,"F","F",4,"G","F","F","",0,0,"N",0,"N",0,"N",1,0,3,0,"","46","","","F","F","F","F","F","F","F","F","F","ringj101","ringj101","","F","F","F","F","F","","","","",0,6,0,0,4,0,0,0,0,3,"PHI","CIN","PHI",0,"F","F",0,0,0,2,2,"T","F",3,5,"T","T","rouse101","bresr101","T","T",7,2,2,4,1,1,0,0,0,"wilsj105","wilsj105","",0,0,0,0,0,0,0,0,0,0,0,0,0,"kimmw101","T","F","F","F",0,0,4,0,1,0,0,0,0,0,F,F,"1925PHI.EVN.regular.event.csv",1993
"PHI192505230","CIN",1,0,1,0,0,"",0,0,"rouse101","?","rouse101","?","ringj101","?","ringj101","?","wilsj105","hawkc101","kimmw101","hubec101","sandh101","henlb101","burng101","schuj101","dresc101","","crith101","64(1)/FO.3-H","F","F",8,4,2,"T","T",0,"F","F",1,"F","F",1,"F","F",6,"G","F","F","",0,0,"N",0,"N",0,"N",1,0,0,4,"","64","","","F","F","F","F","F","F","F","F","F","ringj101","","ringj101","F","F","F","F","F","","","","",0,4,0,0,6,0,0,0,0,4,"PHI","CIN","PHI",0,"F","F",0,0,0,3,3,"T","F",5,1,"T","T","bresr101","walkc101","T","T",5,3,3,0,0,0,4,1,1,"wilsj105","","wilsj105",0,0,0,0,0,0,0,0,0,0,0,0,1,"sandh101","T","F","F","F",0,0,0,4,0,0,0,0,0,0,F,F,"1925PHI.EVN.regular.event.csv",1994
"PHI192505230","CIN",1,0,2,0,0,"",1,0,"bresr101","?","bresr101","?","ringj101","?","ringj101","?","wilsj105","hawkc101","kimmw101","hubec101","sandh101","henlb101","burng101","schuj101","rouse101","","","64(1)/FO","F","F",3,5,2,"T","T",0,"F","F",1,"F","F",0,"F","F",6,"G","F","F","",0,0,"N",0,"N",0,"N",1,0,0,0,"","64","","","F","F","F","F","F","F","F","F","F","ringj101","","","F","F","F","F","F","","","","",0,4,0,0,6,0,0,0,0,5,"PHI","CIN","PHI",0,"F","T",1,0,1,4,4,"T","F",1,1,"T","T","walkc101","bohns101","T","T",8,4,4,0,0,0,0,0,0,"wilsj105","","",0,0,0,0,0,0,0,0,0,0,0,0,0,"sandh101","T","F","F","F",0,0,0,0,0,0,0,0,0,0,F,F,"1925PHI.EVN.regular.event.csv",1995
"PHI192505230","CIN",1,1,0,0,0,"",1,0,"burng101","?","burng101","?","rixee101","?","rixee101","?","wingi101","bresr101","crith101","dresc101","bohns101","smite104","rouse101","walkc101","","","","63","T","F",8,1,2,"T","T",0,"F","F",1,"F","F",0,"F","F",6,"G","F","F","",0,0,"N",0,"N",0,"N",0,0,0,0,"63","","","","F","F","F","F","F","F","F","F","F","","","","F","F","F","F","F","","","","",0,3,0,0,6,0,0,0,0,6,"PHI","PHI","CIN",1,"T","F",0,1,0,0,0,"T","F",0,0,"T","T","kimmw101","schuj101","T","T",0,0,0,0,0,0,0,0,0,"","","",0,0,0,0,0,0,0,0,0,0,0,0,0,"bohns101","F","F","F","F",0,0,0,0,0,0,0,0,0,0,F,F,"1925PHI.EVN.regular.event.csv",1996
"PHI192505230","CIN",1,1,1,0,0,"",1,0,"kimmw101","?","kimmw101","?","rixee101","?","rixee101","?","wingi101","bresr101","crith101","dresc101","bohns101","smite104","rouse101","walkc101","","","","S5/G","F","F",4,2,20,"T","T",1,"F","F",0,"F","F",0,"F","F",5,"G","F","F","",0,0,"N",0,"N",0,"N",1,0,0,0,"","","","","F","F","F","F","F","F","F","F","F","","","","F","F","F","F","F","","","","",0,0,0,0,0,0,0,0,0,7,"PHI","PHI","CIN",1,"F","F",0,1,0,1,1,"T","F",0,1,"T","T","schuj101","henlb101","T","T",0,0,0,0,0,0,0,0,0,"","","",0,0,0,0,0,0,0,0,0,0,0,0,0,"dresc101","F","F","F","F",0,0,0,0,0,0,0,0,0,0,F,F,"1925PHI.EVN.regular.event.csv",1997
"PHI192505230","CIN",1,1,1,0,0,"",1,0,"schuj101","?","schuj101","?","rixee101","?","rixee101","?","wingi101","bresr101","crith101","dresc101","bohns101","smite104","rouse101","walkc101","kimmw101","","","54(1)3/GDP","F","F",9,3,2,"T","T",0,"F","F",2,"T","F",0,"F","F",5,"G","F","F","",0,0,"N",0,"N",0,"N",0,0,0,0,"43","54","","","F","F","F","F","F","F","F","F","F","rixee101","","","F","F","F","F","F","","","","",0,4,3,0,5,4,0,0,0,8,"PHI","PHI","CIN",1,"F","T",0,1,0,2,2,"T","F",1,0,"T","T","henlb101","hawkc101","T","T",4,2,7,0,0,0,0,0,0,"wingi101","","",0,0,0,0,0,0,0,0,0,0,0,0,0,"dresc101","T","F","F","F",0,0,0,0,0,0,0,0,0,0,F,F,"1925PHI.EVN.regular.event.csv",1998
"PHI192505230","CIN",2,0,0,0,0,"",1,0,"walkc101","?","walkc101","?","ringj101","?","ringj101","?","wilsj105","hawkc101","kimmw101","hubec101","sandh101","henlb101","burng101","schuj101","","","","HR/F9D","T","F",9,6,23,"T","T",4,"F","F",0,"F","F",1,"F","F",0,"F","F","F","9D",0,0,"N",0,"N",0,"N",4,0,0,0,"","","","","F","F","F","F","F","F","F","F","F","","","","F","F","F","F","F","","","","",0,0,0,0,0,0,0,0,0,9,"PHI","CIN","PHI",0,"T","F",1,0,0,5,0,"T","F",0,0,"T","T","bohns101","wingi101","T","T",0,0,0,0,0,0,0,0,0,"","","",0,0,0,0,0,0,0,0,0,0,0,0,1,"","F","F","F","F",4,0,0,0,0,0,0,0,0,0,F,F,"1925PHI.EVN.regular.event.csv",1999
"PHI192505230","CIN",2,0,0,0,0,"",2,0,"bohns101","?","bohns101","?","ringj101","?","ringj101","?","wilsj105","hawkc101","kimmw101","hubec101","sandh101","henlb101","burng101","schuj101","","","","K","F","F",6,7,3,"T","T",0,"F","F",1,"F","F",0,"F","F",0,"","F","F","",0,0,"N",0,"N",0,"N",0,0,0,0,"2","","","","F","F","F","F","F","F","F","F","F","","","","F","F","F","F","F","","","","",0,2,0,0,0,0,0,0,0,10,"PHI","CIN","PHI",0,"F","F",2,0,1,6,1,"T","F",0,0,"T","T","wingi101","rixee101","T","T",0,0,0,0,0,0,0,0,0,"","","",0,0,0,0,0,0,0,0,0,0,0,0,0,"","F","F","F","F",0,0,0,0,0,0,0,0,0,0,F,F,"1925PHI.EVN.regular.event.csv",2000
"PHI192505230","CIN",2,0,1,0,0,"",2,0,"wingi101","?","wingi101","?","ringj101","?","ringj101","?","wilsj105","hawkc101","kimmw101","hubec101","sandh101","henlb101","burng101","schuj101","","","","13","F","F",2,8,2,"T","T",0,"F","F",1,"F","F",0,"F","F",1,"G","F","F","",0,0,"N",0,"N",0,"N",0,0,0,0,"13","","","","F","F","F","F","F","F","F","F","F","","","","F","F","F","F","F","","","","",0,3,0,0,1,0,0,0,0,11,"PHI","CIN","PHI",0,"F","F",2,0,1,7,2,"T","F",0,0,"T","T","rixee101","crith101","T","T",0,0,0,0,0,0,0,0,0,"","","",0,0,0,0,0,0,0,0,0,0,0,0,0,"ringj101","F","F","F","F",0,0,0,0,0,0,0,0,0,0,F,F,"1925PHI.EVN.regular.event.csv",2001
"PHI192505230","CIN",2,0,2,0,0,"",2,0,"rixee101","?","rixee101","?","ringj101","?","ringj101","?","wilsj105","hawkc101","kimmw101","hubec101","sandh101","henlb101","burng101","schuj101","","","","13","F","F",1,9,2,"T","T",0,"F","F",1,"F","F",0,"F","F",1,"G","F","F","",0,0,"N",0,"N",0,"N",0,0,0,0,"13","","","","F","F","F","F","F","F","F","F","F","","","","F","F","F","F","F","","","","",0,3,0,0,1,0,0,0,0,12,"PHI","CIN","PHI",0,"F","T",2,0,1,8,3,"T","F",0,0,"T","T","crith101","smite104","T","T",0,0,0,0,0,0,0,0,0,"","","",0,0,0,0,0,0,0,0,0,0,0,0,0,"ringj101","F","F","F","F",0,0,0,0,0,0,0,0,0,0,F,F,"1925PHI.EVN.regular.event.csv",2002
"PHI192505230","CIN",2,1,0,0,0,"",2,0,"henlb101","?","henlb101","?","rixee101","?","rixee101","?","wingi101","bresr101","crith101","dresc101","bohns101","smite104","rouse101","walkc101","","","","S3/G","T","F",7,4,20,"T","T",1,"F","F",0,"F","F",0,"F","F",3,"G","F","F","",0,0,"N",0,"N",0,"N",1,0,0,0,"","","","","F","F","F","F","F","F","F","F","F","","","","F","F","F","F","F","","","","",0,0,0,0,0,0,0,0,0,13,"PHI","PHI","CIN",1,"T","F",0,2,0,3,0,"T","F",0,1,"T","T","hawkc101","wilsj105","T","T",0,0,0,0,0,0,0,0,0,"","","",0,0,0,0,0,0,0,0,0,0,0,0,0,"bresr101","F","F","F","F",0,0,0,0,0,0,0,0,0,0,F,F,"1925PHI.EVN.regular.event.csv",2003
"PHI192505230","CIN",2,1,0,0,0,"",2,0,"hawkc101","?","hawkc101","?","rixee101","?","rixee101","?","wingi101","bresr101","crith101","dresc101","bohns101","smite104","rouse101","walkc101","henlb101","","","64(1)/FO","F","F",3,5,2,"T","T",0,"F","F",1,"F","F",0,"F","F",6,"G","F","F","",0,0,"N",0,"N",0,"N",1,0,0,0,"","64","","","F","F","F","F","F","F","F","F","F","rixee101","","","F","F","F","F","F","","","","",0,4,0,0,6,0,0,0,0,14,"PHI","PHI","CIN",1,"F","F",0,2,0,4,1,"T","F",1,1,"T","T","wilsj105","sandh101","T","T",7,4,13,0,0,0,0,0,0,"wingi101","","",0,0,0,0,0,0,0,0,0,0,0,0,0,"bohns101","T","F","F","F",0,0,0,0,0,0,0,0,0,0,F,F,"1925PHI.EVN.regular.event.csv",2004
"PHI192505230","CIN",2,1,1,0,0,"",2,0,"wilsj105","?","wilsj105","?","rixee101","?","rixee101","?","wingi101","bresr101","crith101","dresc101","bohns101","smite104","rouse101","walkc101","hawkc101","","","7/LDP.1X1(743)","F","F",2,6,2,"T","T",0,"F","F",2,"T","F",0,"F","F",7,"L","F","F","",0,0,"N",0,"N",0,"N",0,0,0,0,"7","743","","","F","F","F","F","F","F","F","F","F","rixee101","","","F","F","F","F","F","","","","",0,7,3,0,7,4,0,0,0,15,"PHI","PHI","CIN",1,"F","T",0,2,0,5,2,"T","F",1,0,"T","T","sandh101","hubec101","T","T",3,5,14,0,0,0,0,0,0,"wingi101","","",0,0,0,0,0,0,0,0,0,0,0,0,0,"smite104","F","F","F","F",0,0,0,0,0,0,0,0,0,0,F,F,"1925PHI.EVN.regular.event.csv",2005
"PHI192505230","CIN",3,0,0,0,0,"",2,0,"crith101","?","crith101","?","ringj101","?","ringj101","?","wilsj105","hawkc101","kimmw101","hubec101","sandh101","henlb101","burng101","schuj101","","","","S6/G56","T","F",4,1,20,"T","T",1,"F","F",0,"F","F",0,"F","F",6,"G","F","F","56",0,0,"N",0,"N",0,"N",1,0,0,0,"","","","","F","F","F","F","F","F","F","F","F","","","","F","F","F","F","F","","","","",0,0,0,0,0,0,0,0,0,16,"PHI","CIN","PHI",0,"T","F",2,0,0,9,0,"T","F",0,1,"T","T","smite104","dresc101","T","T",0,0,0,0,0,0,0,0,0,"","","",0,0,0,0,0,0,0,0,0,0,0,0,0,"sandh101","F","F","F","F",0,0,0,0,0,0,0,0,0,0,F,F,"1925PHI.EVN.regular.event.csv",2006
"PHI192505230","CIN",3,0,0,0,0,"",2,0,"smite104","?","smite104","?","ringj101","?","ringj101","?","wilsj105","hawkc101","kimmw101","hubec101","sandh101","henlb101","burng101","schuj101","crith101","","","FC4.1-2(E4/TH2)","F","F",7,2,19,"T","T",0,"F","F",0,"F","F",0,"F","F",4,"G","F","F","",1,4,"T",0,"N",0,"N",1,2,0,0,"","","","","F","F","F","F","F","F","F","F","F","ringj101","","","F","F","F","F","F","","","","",0,0,0,0,0,0,0,0,0,17,"PHI","CIN","PHI",0,"F","F",2,0,0,10,1,"T","F",1,3,"T","T","dresc101","rouse101","T","T",4,1,16,0,0,0,0,0,0,"wilsj105","","",0,0,0,0,0,0,0,0,0,0,0,0,0,"kimmw101","F","F","F","F",0,0,0,0,0,0,0,0,0,0,F,F,"1925PHI.EVN.regular.event.csv",2007
"PHI192505230","CIN",3,0,0,0,0,"",2,0,"dresc101","?","dresc101","?","ringj101","?","ringj101","?","wilsj105","hawkc101","kimmw101","hubec101","sandh101","henlb101","burng101","schuj101","smite104","crith101","","S9.2-3;1-2","F","F",5,3,20,"T","T",1,"F","F",0,"F","F",0,"F","F",9,"","F","F","",0,0,"N",0,"N",0,"N",1,2,3,0,"","","","","F","F","F","F","F","F","F","F","F","ringj101","ringj101","","F","F","F","F","F","","","","",0,0,0,0,0,0,0,0,0,18,"PHI","CIN","PHI",0,"F","F",2,0,0,11,2,"T","F",3,7,"T","T","rouse101","bresr101","T","T",7,2,17,4,1,16,0,0,0,"wilsj105","wilsj105","",0,0,0,0,0,0,0,0,0,0,0,0,0,"schuj101","F","F","F","F",0,0,0,0,0,0,0,0,0,0,F,F,"1925PHI.EVN.regular.event.csv",2008
"PHI192505230","CIN",3,0,0,0,0,"",2,0,"rouse101","?","rouse101","?","ringj101","?","ringj101","?","wilsj105","hawkc101","kimmw101","hubec101","sandh101","henlb101","burng101","schuj101","dresc101","smite104","crith101","52(3)/FO.2-3;1-2","F","F",8,4,2,"T","T",0,"F","F",1,"F","F",0,"F","F",5,"G","F","F","",0,0,"N",0,"N",0,"N",1,2,3,0,"","","","52","F","F","F","F","F","F","F","F","F","ringj101","ringj101","ringj101","F","F","F","F","F","","","","",0,2,0,0,5,0,0,0,0,19,"PHI","CIN","PHI",0,"F","F",2,0,0,12,3,"T","F",7,7,"T","T","bresr101","walkc101","T","T",5,3,18,7,2,17,4,1,16,"wilsj105","wilsj105","wilsj105",0,0,0,0,0,0,0,0,0,0,0,0,0,"hubec101","F","F","T","F",0,0,0,0,0,0,0,0,0,0,F,F,"1925PHI.EVN.regular.event.csv",2009
"PHI192505230","CIN",3,0,1,0,0,"",2,0,"bresr101","?","bresr101","?","ringj101","?","ringj101","?","wilsj105","hawkc101","kimmw101","hubec101","sandh101","henlb101","burng101","schuj101","rouse101","dresc101","smite104","12(3)3/GDP","F","F",3,5,2,"T","T",0,"F","F",2,"T","F",0,"F","F",1,"G","F","F","",0,0,"N",0,"N",0,"N",0,1,2,0,"23","","","12","F","F","F","F","F","F","F","F","F","ringj101","ringj101","ringj101","F","F","F","F","F","","","","",0,2,3,0,1,2,0,0,0,20,"PHI","CIN","PHI",0,"F","T",2,0,0,13,4,"T","F",7,3,"T","T","walkc101","bohns101","T","T",8,4,19,5,3,18,7,2,17,"wilsj105","wilsj105","wilsj105",0,0,0,0,0,0,0,0,0,0,0,0,0,"ringj101","F","F","T","F",0,0,0,0,0,0,0,0,0,0,F,F,"1925PHI.EVN.regular.event.csv",2010
"PHI192505230","CIN",3,1,0,0,0,"",2,0,"sandh101","?","sandh101","?","rixee101","?","rixee101","?","wingi101","bresr101","crith101","dresc101","bohns101","smite104","rouse101","walkc101","","","","53","T","F",6,7,2,"T","T",0,"F","F",1,"F","F",0,"F","F",5,"G","F","F","",0,0,"N",0,"N",0,"N",0,0,0,0,"53","","","","F","F","F","F","F","F","F","F","F","","","","F","F","F","F","F","","","","",0,3,0,0,5,0,0,0,0,21,"PHI","PHI","CIN",1,"T","F",0,2,0,6,0,"T","F",0,0,"T","T","hubec101","ringj101","T","T",0,0,0,0,0,0,0,0,0,"","","",0,0,0,0,0,0,0,0,0,0,0,0,0,"dresc101","F","F","F","F",0,0,0,0,0,0,0,0,0,0,F,F,"1925PHI.EVN.regular.event.csv",2011
"PHI192505230","CIN",3,1,1,0,0,"",2,0,"hubec101","?","hubec101","?","rixee101","?","rixee101","?","wingi101","bresr101","crith101","dresc101","bohns101","smite104","rouse101","walkc101","","","","13","F","F",5,8,2,"T","T",0,"F","F",1,"F","F",0,"F","F",1,"G","F","F","",0,0,"N",0,"N",0,"N",0,0,0,0,"13","","","","F","F","F","F","F","F","F","F","F","","","","F","F","F","F","F","","","","",0,3,0,0,1,0,0,0,0,22,"PHI","PHI","CIN",1,"F","F",0,2,0,7,1,"T","F",0,0,"T","T","ringj101","burng101","T","T",0,0,0,0,0,0,0,0,0,"","","",0,0,0,0,0,0,0,0,0,0,0,0,0,"rixee101","F","F","F","F",0,0,0,0,0,0,0,0,0,0,F,F,"1925PHI.EVN.regular.event.csv",2012
"PHI192505230","CIN",3,1,2,0,0,"",2,0,"ringj101","?","ringj101","?","rixee101","?","rixee101","?","wingi101","bresr101","crith101","dresc101","bohns101","smite104","rouse101","walkc101","","","","9/F","F","F",1,9,2,"T","T",0,"F","F",1,"F","F",0,"F","F",9,"F","F","F","",0,0,"N",0,"N",0,"N",0,0,0,0,"9","","","","F","F","F","F","F","F","F","F","F","","","","F","F","F","F","F","","","","",0,9,0,0,0,0,0,0,0,23,"PHI","PHI","CIN",1,"F","T",0,2,0,8,2,"T","F",0,0,"T","T","burng101","kimmw101","T","T",0,0,0,0,0,0,0,0,0,"","","",0,0,0,0,0,0,0,0,0,0,0,0,0,"walkc101","F","F","F","F",0,0,0,0,0,0,0,0,0,0,F,F,"1925PHI.EVN.regular.event.csv",2013
"PHI192505230","CIN",4,0,0,0,0,"",2,0,"walkc101","?","walkc101","?","coucj101","?","coucj101","?","wilsj105","hawkc101","kimmw101","hubec101","sandh101","henlb101","burng101","schuj101","","","","W","T","F",9,6,14,"T","F",0,"F","F",0,"F","F",0,"F","F",0,"","F","F","",0,0,"N",0,"N",0,"N",1,0,0,0,"","","","","F","F","F","F","F","F","F","F","F","","","","F","F","F","F","F","","","","",0,0,0,0,0,0,0,0,0,24,"PHI","CIN","PHI",0,"T","F",2,0,0,14,0,"T","F",0,1,"T","T","bohns101","wingi101","F","F",0,0,0,0,0,0,0,0,0,"","","",0,0,0,0,0,0,0,0,0,0,0,0,0,"","F","F","F","F",0,0,0,0,0,0,0,0,0,0,F,F,"1925PHI.EVN.regular.event.csv",2014
"PHI192505230","CIN",4,0,0,0,0,"",2,0,"bohns101","?","bohns101","?","coucj101","?","coucj101","?","wilsj105","hawkc101","kimmw101","hubec101","sandh101","henlb101","burng101","schuj101","walkc101","","","64(1)/FO","F","F",6,7,2,"T","T",0,"F","F",1,"F","F",0,"F","F",6,"G","F","F","",0,0,"N",0,"N",0,"N",1,0,0,0,"","64","","","F","F","F","F","F","F","F","F","F","coucj101","","","F","F","F","F","F","","","","",0,4,0,0,6,0,0,0,0,25,"PHI","CIN","PHI",0,"F","F",2,0,0,15,1,"T","F",1,1,"T","T","wingi101","rixee101","F","F",9,6,24,0,0,0,0,0,0,"wilsj105","","",0,0,0,0,0,0,0,0,0,0,0,0,0,"sandh101","T","F","F","F",0,0,0,0,0,0,0,0,0,0,F,F,"1925PHI.EVN.regular.event.csv",2015
"PHI192505230","CIN",4,0,1,0,0,"",2,0,"wingi101","?","wingi101","?","coucj101","?","coucj101","?","wilsj105","hawkc101","kimmw101","hubec101","sandh101","henlb101","burng101","schuj101","bohns101","","","16(1)3/GDP","F","F",2,8,2,"T","T",0,"F","F",2,"T","F",0,"F","F",1,"G","F","F","",0,0,"N",0,"N",0,"N",0,0,0,0,"63","16","","","F","F","F","F","F","F","F","F","F","coucj101","","","F","F","F","F","F","","","","",0,6,3,0,1,6,0,0,0,26,"PHI","CIN","PHI",0,"F","T",2,0,0,16,2,"T","F",1,0,"T","T","rixee101","crith101","F","F",6,7,25,0,0,0,0,0,0,"wilsj105","","",0,0,0,0,0,0,0,0,0,0,0,0,0,"coucj101","T","F","F","F",0,0,0,0,0,0,0,0,0,0,F,F,"1925PHI.EVN.regular.event.csv",2016
"PHI192505230","CIN",4,1,0,0,0,"",2,0,"burng101","?","burng101","?","rixee101","?","rixee101","?","wingi101","bresr101","crith101","dresc101","bohns101","smite104","rouse101","walkc101","","","","S9","T","F",8,1,20,"T","T",1,"F","F",0,"F","F",0,"F","F",9,"","F","F","",0,0,"N",0,"N",0,"N",1,0,0,0,"","","","","F","F","F","F","F","F","F","F","F","","","","F","F","F","F","F","","","","",0,0,0,0,0,0,0,0,0,27,"PHI","PHI","CIN",1,"T","F",0,2,0,9,0,"T","F",0,1,"T","T","kimmw101","schuj101","T","T",0,0,0,0,0,0,0,0,0,"","","",0,0,0,0,0,0,0,0,0,0,0,0,0,"walkc101","F","F","F","F",4,0,0,0,3,0,0,0,0,0,F,F,"1925PHI.EVN.regular.event.csv",2017
"PHI192505230","CIN",4,1,0,0,0,"",2,0,"kimmw101","?","kimmw101","?","rixee101","?","rixee101","?","wingi101","bresr101","crith101","dresc101","bohns101","smite104","rouse101","walkc101","burng101","","","S7.1-3","F","F",4,2,20,"T","T",1,"F","F",0,"F","F",0,"F","F",7,"","F","F","",0,0,"N",0,"N",0,"N",1,3,0,0,"","","","","F","F","F","F","F","F","F","F","F","rixee101","","","F","F","F","F","F","","","","",0,0,0,0,0,0,0,0,0,28,"PHI","PHI","CIN",1,"F","F",0,2,0,10,1,"T","F",1,5,"T","T","schuj101","henlb101","T","T",8,1,27,0,0,0,0,0,0,"wingi101","","",0,0,0,0,0,0,0,0,0,0,0,0,0,"smite104","F","F","F","F",4,4,0,0,3,0,0,0,0,0,F,F,"1925PHI.EVN.regular.event.csv",2018
"PHI192505230","CIN",4,1,0,0,0,"",2,0,"schuj101","?","schuj101","?","rixee101","?","rixee101","?","wingi101","bresr101","crith101","dresc101","bohns101","smite104","rouse101","walkc101","kimmw101","","burng101","S/89.3-H;1-3;B-2(THH)","F","F",9,3,20,"T","T",1,"F","F",0,"F","F",1,"F","F",0,"","F","F","89",0,0,"N",0,"N",0,"N",2,3,0,4,"","","","","F","F","F","F","F","F","F","F","F","rixee101","","rixee101","F","F","F","F","F","","","","",0,0,0,0,0,0,0,0,0,29,"PHI","PHI","CIN",1,"F","F",0,2,0,11,2,"T","F",5,6,"T","T","henlb101","hawkc101","T","T",4,2,28,0,0,0,8,1,27,"wingi101","","wingi101",0,0,0,0,0,0,0,0,0,0,0,0,1,"","F","F","F","F",4,4,0,4,2,0,0,0,0,0,F,F,"1925PHI.EVN.regular.event.csv",2019
"PHI192505230","CIN",4,1,0,0,0,"",2,1,"henlb101","?","henlb101","?","rixee101","?","rixee101","?","wingi101","bresr101","crith101","dresc101","bohns101","smite104","rouse101","walkc101","","schuj101","kimmw101","S9/F9DW.3-H;2-H","F","F",7,4,20,"T","T",1,"F","F",0,"F","F",2,"F","F",9,"F","F","F","9DW",0,0,"N",0,"N",0,"N",1,0,4,4,"","","","","F","F","F","F","F","F","F","F","F","","rixee101","rixee101","F","F","F","F","F","","","","",0,0,0,0,0,0,0,0,0,30,"PHI","PHI","CIN",1,"F","F",1,2,1,12,3,"T","F",6,1,"T","T","hawkc101","wilsj105","T","T",0,0,0,9,3,29,4,2,28,"","wingi101","wingi101",0,0,0,0,0,0,0,0,0,0,0,0,2,"walkc101","F","F","F","F",0,0,4,4,0,0,0,0,0,0,F,F,"1925PHI.EVN.regular.event.csv",2020
"PHI192505230","CIN",4,1,0,0,0,"",2,3,"hawkc101","?","hawkc101","?","rixee101","?","rixee101","?","wingi101","bresr101","crith101","dresc101","bohns101","smite104","rouse101","walkc101","henlb101","","","53/SH.1-2","F","F",3,5,2,"T","F",0,"T","F",1,"F","F",0,"F","F",5,"G","T","F","",0,0,"N",0,"N",0,"N",0,2,0,0,"53","","","","F","F","F","F","F","F","F","F","F","rixee101","","","F","F","F","F","F","","","","",0,3,0,0,5,0,0,0,0,31,"PHI","PHI","CIN",1,"F","F",3,2,3,13,4,"T","F",1,2,"T","T","wilsj105","sandh101","T","T",7,4,30,0,0,0,0,0,0,"wingi101","","",0,0,0,0,0,0,0,0,0,0,0,0,0,"dresc101","F","F","F","F",0,0,0,0,0,0,0,0,0,0,F,F,"1925PHI.EVN.regular.event.csv",2021
"PHI192505230","CIN",4,1,1,0,0,"",2,3,"wilsj105","?","wilsj105","?","rixee101","?","rixee101","?","wingi101","bresr101","crith101","dresc101","bohns101","smite104","rouse101","walkc101","","henlb101","","FC1.2X2(16E5)","F","F",2,6,19,"T","T",0,"F","F",0,"F","F",0,"F","F",1,"G","F","F","",1,5,"D",0,"N",0,"N",1,0,2,0,"","","16E5","","F","F","F","F","F","F","F","F","F","","rixee101","","F","F","F","F","F","","","","",0,0,0,0,1,6,0,0,0,32,"PHI","PHI","CIN",1,"F","F",3,2,3,14,5,"T","F",2,3,"T","T","sandh101","hubec101","T","T",0,0,0,7,4,30,0,0,0,"","wingi101","",0,0,0,0,0,0,0,0,0,0,0,0,0,"rixee101","F","F","F","F",0,0,0,0,0,0,0,0,0,0,F,F,"1925PHI.EVN.regular.event.csv",2022
"PHI192505230","CIN",4,1,1,0,0,"",2,3,"sandh101","?","sandh101","?","rixee101","?","rixee101","?","wingi101","bresr101","crith101","dresc101","bohns101","smite104","rouse101","walkc101","wilsj105","henlb101","","9/F","F","F",6,7,2,"T","T",0,"F","F",1,"F","F",0,"F","F",9,"F","F","F","",0,0,"N",0,"N",0,"N",0,1,2,0,"9","","","","F","F","F","F","F","F","F","F","F","rixee101","rixee101","","F","F","F","F","F","","","","",0,9,0,0,0,0,0,0,0,33,"PHI","PHI","CIN",1,"F","F",3,2,3,15,6,"T","F",3,3,"T","T","hubec101","coucj101","T","T",2,6,32,7,4,30,0,0,0,"wingi101","wingi101","",0,0,0,0,0,0,0,0,0,0,0,0,0,"walkc101","F","F","F","F",0,0,0,0,0,0,0,0,0,0,F,F,"1925PHI.EVN.regular.event.csv",2023
"PHI192505230","CIN",4,1,2,0,0,"",2,3,"hubec101","?","hubec101","?","rixee101","?","rixee101","?","wingi101","bresr101","crith101","dresc101","bohns101","smite104","rouse101","walkc101","wilsj105","henlb101","","64(1)/FO","F","F",5,8,2,"T","T",0,"F","F",1,"F","F",0,"F","F",6,"G","F","F","",0,0,"N",0,"N",0,"N",1,0,2,0,"","64","","","F","F","F","F","F","F","F","F","F","rixee101","rixee101","","F","F","F","F","F","","","","",0,4,0,0,6,0,0,0,0,34,"PHI","PHI","CIN",1,"F","T",3,2,3,16,7,"T","F",3,3,"T","T","coucj101","burng101","T","T",2,6,32,7,4,30,0,0,0,"wingi101","wingi101","",0,0,0,0,0,0,0,0,0,0,0,0,0,"bohns101","T","F","F","F",0,0,0,0,0,0,0,0,0,0,F,F,"1925PHI.EVN.regular.event.csv",2024
"PHI192505230","CIN",5,0,0,0,0,"",2,3,"rixee101","?","rixee101","?","coucj101","?","coucj101","?","wilsj105","hawkc101","kimmw101","hubec101","sandh101","henlb101","burng101","schuj101","","","","43","T","F",1,9,2,"T","T",0,"F","F",1,"F","F",0,"F","F",4,"G","F","F","",0,0,"N",0,"N",0,"N",0,0,0,0,"43","","","","F","F","F","F","F","F","F","F","F","","","","F","F","F","F","F","","","","",0,3,0,0,4,0,0,0,0,35,"PHI","CIN","PHI",0,"T","F",2,3,0,17,0,"T","F",0,0,"T","T","crith101","smite104","F","F",0,0,0,0,0,0,0,0,0,"","","",0,0,0,0,0,0,0,0,0,0,0,0,0,"kimmw101","F","F","F","F",0,0,0,0,0,0,0,0,0,0,F,F,"1925PHI.EVN.regular.event.csv",2025
"PHI192505230","CIN",5,0,1,0,0,"",2,3,"crith101","?","crith101","?","coucj101","?","coucj101","?","wilsj105","hawkc101","kimmw101","hubec101","sandh101","henlb101","burng101","schuj101","","","","63","F","F",4,1,2,"T","T",0,"F","F",1,"F","F",0,"F","F",6,"G","F","F","",0,0,"N",0,"N",0,"N",0,0,0,0,"63","","","","F","F","F","F","F","F","F","F","F","","","","F","F","F","F","F","","","","",0,3,0,0,6,0,0,0,0,36,"PHI","CIN","PHI",0,"F","F",2,3,0,18,1,"T","F",0,0,"T","T","smite104","dresc101","F","F",0,0,0,0,0,0,0,0,0,"","","",0,0,0,0,0,0,0,0,0,0,0,0,0,"sandh101","F","F","F","F",0,0,0,0,0,0,0,0,0,0,F,F,"1925PHI.EVN.regular.event.csv",2026
"PHI192505230","CIN",5,0,2,0,0,"",2,3,"smite104","?","smite104","?","coucj101","?","coucj101","?","wilsj105","hawkc101","kimmw101","hubec101","sandh101","henlb101","burng101","schuj101","","","","2/FL","F","F",7,2,2,"T","T",0,"F","F",1,"F","F",0,"F","F",2,"F","F","T","",0,0,"N",0,"N",0,"N",0,0,0,0,"2","","","","F","F","F","F","F","F","F","F","F","","","","F","F","F","F","F","","","","",0,2,0,0,0,0,0,0,0,37,"PHI","CIN","PHI",0,"F","T",2,3,0,19,2,"T","F",0,0,"T","T","dresc101","rouse101","F","F",0,0,0,0,0,0,0,0,0,"","","",0,0,0,0,0,0,0,0,0,0,0,0,0,"wilsj105","F","F","F","F",0,0,0,0,0,0,0,0,0,0,F,F,"1925PHI.EVN.regular.event.csv",2027
"PHI192505230","CIN",5,1,0,0,0,"",2,3,"coucj101","?","coucj101","?","rixee101","?","rixee101","?","wingi101","bresr101","crith101","dresc101","bohns101","smite104","rouse101","walkc101","","","","3/G","T","F",1,9,2,"T","T",0,"F","F",1,"F","F",0,"F","F",3,"G","F","F","",0,0,"N",0,"N",0,"N",0,0,0,0,"3","","","","F","F","F","F","F","F","F","F","F","","","","F","F","F","F","F","","","","",0,3,0,0,0,0,0,0,0,38,"PHI","PHI","CIN",1,"T","F",3,2,0,17,0,"T","F",0,0,"F","F","burng101","kimmw101","T","T",0,0,0,0,0,0,0,0,0,"","","",0,0,0,0,0,0,0,0,0,0,0,0,0,"bresr101","F","F","F","F",0,0,0,0,0,0,0,0,0,0,F,F,"1925PHI.EVN.regular.event.csv",2028
"PHI192505230","CIN",5,1,1,0,0,"",2,3,"burng101","?","burng101","?","rixee101","?","rixee101","?","wingi101","bresr101","crith101","dresc101","bohns101","smite104","rouse101","walkc101","","","","8/F","F","F",8,1,2,"T","T",0,"F","F",1,"F","F",0,"F","F",8,"F","F","F","",0,0,"N",0,"N",0,"N",0,0,0,0,"8","","","","F","F","F","F","F","F","F","F","F","","","","F","F","F","F","F","","","","",0,8,0,0,0,0,0,0,0,39,"PHI","PHI","CIN",1,"F","F",3,2,0,18,1,"T","F",0,0,"T","T","kimmw101","schuj101","T","T",0,0,0,0,0,0,0,0,0,"","","",0,0,0,0,0,0,0,0,0,0,0,0,0,"rouse101","F","F","F","F",0,0,0,0,0,0,0,0,0,0,F,F,"1925PHI.EVN.regular.event.csv",2029
"PHI192505230","CIN",5,1,2,0,0,"",2,3,"kimmw101","?","kimmw101","?","rixee101","?","rixee101","?","wingi101","bresr101","crith101","dresc101","bohns101","smite104","rouse101","walkc101","","","","63","F","F",4,2,2,"T","T",0,"F","F",1,"F","F",0,"F","F",6,"G","F","F","",0,0,"N",0,"N",0,"N",0,0,0,0,"63","","","","F","F","F","F","F","F","F","F","F","","","","F","F","F","F","F","","","","",0,3,0,0,6,0,0,0,0,40,"PHI","PHI","CIN",1,"F","T",3,2,0,19,2,"T","F",0,0,"T","T","schuj101","henlb101","T","T",0,0,0,0,0,0,0,0,0,"","","",0,0,0,0,0,0,0,0,0,0,0,0,0,"bohns101","F","F","F","F",0,0,0,0,0,0,0,0,0,0,F,F,"1925PHI.EVN.regular.event.csv",2030
"PHI192505230","CIN",6,0,0,0,0,"",2,3,"dresc101","?","dresc101","?","coucj101","?","coucj101","?","wilsj105","hawkc101","kimmw101","hubec101","sandh101","henlb101","burng101","schuj101","","","","7/F","T","F",5,3,2,"T","T",0,"F","F",1,"F","F",0,"F","F",7,"F","F","F","",0,0,"N",0,"N",0,"N",0,0,0,0,"7","","","","F","F","F","F","F","F","F","F","F","","","","F","F","F","F","F","","","","",0,7,0,0,0,0,0,0,0,41,"PHI","CIN","PHI",0,"T","F",2,3,0,20,0,"T","F",0,0,"T","T","rouse101","bresr101","F","F",0,0,0,0,0,0,0,0,0,"","","",0,0,0,0,0,0,0,0,0,0,0,0,0,"henlb101","F","F","F","F",0,0,0,0,3,0,0,0,0,0,F,F,"1925PHI.EVN.regular.event.csv",2031
"PHI192505230","CIN",6,0,1,0,0,"",2,3,"rouse101","?","rouse101","?","coucj101","?","coucj101","?","wilsj105","hawkc101","kimmw101","hubec101","sandh101","henlb101","burng101","schuj101","","","","S9","F","F",8,4,20,"T","T",1,"F","F",0,"F","F",0,"F","F",9,"","F","F","",0,0,"N",0,"N",0,"N",1,0,0,0,"","","","","F","F","F","F","F","F","F","F","F","","","","F","F","F","F","F","","","","",0,0,0,0,0,0,0,0,0,42,"PHI","CIN","PHI",0,"F","F",2,3,0,21,1,"T","F",0,1,"T","T","bresr101","walkc101","F","F",0,0,0,0,0,0,0,0,0,"","","",0,0,0,0,0,0,0,0,0,0,0,0,0,"schuj101","F","F","F","F",4,0,0,0,3,0,0,0,0,0,F,F,"1925PHI.EVN.regular.event.csv",2032
"PHI192505230","CIN",6,0,1,0,0,"",2,3,"bresr101","?","bresr101","?","coucj101","?","coucj101","?","wilsj105","hawkc101","kimmw101","hubec101","sandh101","henlb101","burng101","schuj101","rouse101","","","S/78.1-3","F","F",3,5,20,"T","T",1,"F","F",0,"F","F",0,"F","F",0,"","F","F","78",0,0,"N",0,"N",0,"N",1,3,0,0,"","","","","F","F","F","F","F","F","F","F","F","coucj101","","","F","F","F","F","F","","","","",0,0,0,0,0,0,0,0,0,43,"PHI","CIN","PHI",0,"F","F",2,3,0,22,2,"T","F",1,5,"T","T","walkc101","bohns101","F","F",8,4,42,0,0,0,0,0,0,"wilsj105","","",0,0,0,0,0,0,0,0,0,0,0,0,0,"","F","F","F","F",4,4,0,0,3,0,0,0,0,0,F,F,"1925PHI.EVN.regular.event.csv",2033
"PHI192505230","CIN",6,0,1,0,0,"",2,3,"walkc101","?","walkc101","?","coucj101","?","coucj101","?","wilsj105","hawkc101","kimmw101","hubec101","sandh101","henlb101","burng101","schuj101","bresr101","","rouse101","2/P/FL","F","F",9,6,2,"T","T",0,"F","F",1,"F","F",0,"F","F",2,"P","F","T","",0,0,"N",0,"N",0,"N",0,1,0,3,"2","","","","F","F","F","F","F","F","F","F","F","coucj101","","coucj101","F","F","F","F","F","","","","",0,2,0,0,0,0,0,0,0,44,"PHI","CIN","PHI",0,"F","F",2,3,0,23,3,"T","F",5,5,"T","T","bohns101","wingi101","F","F",3,5,43,0,0,0,8,4,42,"wilsj105","","wilsj105",0,0,0,0,0,0,0,0,0,0,0,0,0,"wilsj105","F","F","F","F",0,4,0,4,3,0,0,0,0,0,F,F,"1925PHI.EVN.regular.event.csv",2034
"PHI192505230","CIN",6,0,2,0,0,"",2,3,"bohns101","?","bohns101","?","coucj101","?","coucj101","?","wilsj105","hawkc101","kimmw101","hubec101","sandh101","henlb101","burng101","schuj101","bresr101","","rouse101","SB2","F","F",6,7,4,"F","F",0,"F","F",0,"F","F",0,"F","F",0,"","F","F","",0,0,"N",0,"N",0,"N",0,2,0,3,"","","","","T","F","F","F","F","F","F","F","F","coucj101","","coucj101","F","F","F","F","F","","","","",0,0,0,0,0,0,0,0,0,45,"PHI","CIN","PHI",0,"F","F",2,3,0,24,4,"T","F",5,6,"T","T","wingi101","rixee101","F","F",3,5,43,0,0,0,8,4,42,"wilsj105","","wilsj105",0,0,0,0,0,0,0,0,0,0,0,0,0,"","F","F","F","F",0,4,0,4,3,0,0,0,0,0,F,F,"1925PHI.EVN.regular.event.csv",2035
"PHI192505230","CIN",6,0,2,2,2,"",2,3,"bohns101","?","bohns101","?","coucj101","?","coucj101","?","wilsj105","hawkc101","kimmw101","hubec101","sandh101","henlb101","burng101","schuj101","","bresr101","rouse101","HR/F7D.3-H;2-H","F","F",6,7,23,"T","T",4,"F","F",0,"F","F",3,"F","F",0,"F","F","F","7D",0,0,"N",0,"N",0,"N",4,0,4,4,"","","","","F","F","F","F","F","F","F","F","F","","coucj101","coucj101","F","F","F","F","F","","","","",0,0,0,0,0,0,0,0,0,46,"PHI","CIN","PHI",0,"F","F",2,3,0,24,4,"F","F",6,0,"T","T","wingi101","rixee101","F","F",0,0,0,3,5,43,8,4,42,"","wilsj105","wilsj105",0,0,0,0,0,0,0,0,0,0,0,0,3,"","F","F","F","F",4,0,4,4,0,0,0,0,0,0,F,F,"1925PHI.EVN.regular.event.csv",2036
"PHI192505230","CIN",6,0,2,0,0,"",5,3,"wingi101","?","wingi101","?","coucj101","?","coucj101","?","wilsj105","hawkc101","kimmw101","hubec101","sandh101","henlb101","burng101","schuj101","","","","9/L","F","F",2,8,2,"T","T",0,"F","F",1,"F","F",0,"F","F",9,"L","F","F","",0,0,"N",0,"N",0,"N",0,0,0,0,"9","","","","F","F","F","F","F","F","F","F","F","","","","F","F","F","F","F","","","","",0,9,0,0,0,0,0,0,0,47,"PHI","CIN","PHI",0,"F","T",5,3,3,25,5,"T","F",0,0,"T","T","rixee101","crith101","F","F",0,0,0,0,0,0,0,0,0,"","","",0,0,0,0,0,0,0,0,0,0,0,0,0,"schuj101","F","F","F","F",0,0,0,0,0,0,0,0,0,0,F,F,"1925PHI.EVN.regular.event.csv",2037
"PHI192505230","CIN",6,1,0,0,0,"",5,3,"schuj101","?","schuj101","?","rixee101","?","rixee101","?","wingi101","bresr101","crith101","dresc101","bohns101","smite104","rouse101","walkc101","","","","8/F","T","F",9,3,2,"T","T",0,"F","F",1,"F","F",0,"F","F",8,"F","F","F","",0,0,"N",0,"N",0,"N",0,0,0,0,"8","","","","F","F","F","F","F","F","F","F","F","","","","F","F","F","F","F","","","","",0,8,0,0,0,0,0,0,0,48,"PHI","PHI","CIN",1,"T","F",3,5,0,20,0,"T","F",0,0,"T","T","henlb101","hawkc101","T","T",0,0,0,0,0,0,0,0,0,"","","",0,0,0,0,0,0,0,0,0,0,0,0,0,"rouse101","F","F","F","F",0,0,0,0,0,0,0,0,0,0,F,F,"1925PHI.EVN.regular.event.csv",2038
"PHI192505230","CIN",6,1,1,0,0,"",5,3,"henlb101","?","henlb101","?","rixee101","?","rixee101","?","wingi101","bresr101","crith101","dresc101","bohns101","smite104","rouse101","walkc101","","","","63","F","F",7,4,2,"T","T",0,"F","F",1,"F","F",0,"F","F",6,"G","F","F","",0,0,"N",0,"N",0,"N",0,0,0,0,"63","","","","F","F","F","F","F","F","F","F","F","","","","F","F","F","F","F","","","","",0,3,0,0,6,0,0,0,0,49,"PHI","PHI","CIN",1,"F","F",3,5,0,21,1,"T","F",0,0,"T","T","hawkc101","wilsj105","T","T",0,0,0,0,0,0,0,0,0,"","","",0,0,0,0,0,0,0,0,0,0,0,0,0,"bohns101","F","F","F","F",0,0,0,0,0,0,0,0,0,0,F,F,"1925PHI.EVN.regular.event.csv",2039
"PHI192505230","CIN",6,1,2,0,0,"",5,3,"hawkc101","?","hawkc101","?","rixee101","?","rixee101","?","wingi101","bresr101","crith101","dresc101","bohns101","smite104","rouse101","walkc101","","","","8/F","F","F",3,5,2,"T","T",0,"F","F",1,"F","F",0,"F","F",8,"F","F","F","",0,0,"N",0,"N",0,"N",0,0,0,0,"8","","","","F","F","F","F","F","F","F","F","F","","","","F","F","F","F","F","","","","",0,8,0,0,0,0,0,0,0,50,"PHI","PHI","CIN",1,"F","T",3,5,0,22,2,"T","F",0,0,"T","T","wilsj105","sandh101","T","T",0,0,0,0,0,0,0,0,0,"","","",0,0,0,0,0,0,0,0,0,0,0,0,0,"rouse101","F","F","F","F",0,0,0,0,0,0,0,0,0,0,F,F,"1925PHI.EVN.regular.event.csv",2040
"PHI192505230","CIN",7,0,0,0,0,"",5,3,"rixee101","?","rixee101","?","coucj101","?","coucj101","?","wilsj105","hawkc101","kimmw101","hubec101","sandh101","henlb101","burng101","schuj101","","","","9/L","T","F",1,9,2,"T","T",0,"F","F",1,"F","F",0,"F","F",9,"L","F","F","",0,0,"N",0,"N",0,"N",0,0,0,0,"9","","","","F","F","F","F","F","F","F","F","F","","","","F","F","F","F","F","","","","",0,9,0,0,0,0,0,0,0,51,"PHI","CIN","PHI",0,"T","F",5,3,0,26,0,"T","F",0,0,"T","T","crith101","smite104","F","F",0,0,0,0,0,0,0,0,0,"","","",0,0,0,0,0,0,0,0,0,0,0,0,0,"schuj101","F","F","F","F",0,0,0,0,0,0,0,0,0,0,F,F,"1925PHI.EVN.regular.event.csv",2041
"PHI192505230","CIN",7,0,1,0,0,"",5,3,"crith101","?","crith101","?","coucj101","?","coucj101","?","wilsj105","hawkc101","kimmw101","hubec101","sandh101","henlb101","burng101","schuj101","","","","6/P","F","F",4,1,2,"T","T",0,"F","F",1,"F","F",0,"F","F",6,"P","F","F","",0,0,"N",0,"N",0,"N",0,0,0,0,"6","","","","F","F","F","F","F","F","F","F","F","","","","F","F","F","F","F","","","","",0,6,0,0,0,0,0,0,0,52,"PHI","CIN","PHI",0,"F","F",5,3,0,27,1,"T","F",0,0,"T","T","smite104","dresc101","F","F",0,0,0,0,0,0,0,0,0,"","","",0,0,0,0,0,0,0,0,0,0,0,0,0,"sandh101","F","F","F","F",0,0,0,0,0,0,0,0,0,0,F,F,"1925PHI.EVN.regular.event.csv",2042
"PHI192505230","CIN",7,0,2,0,0,"",5,3,"smite104","?","smite104","?","coucj101","?","coucj101","?","wilsj105","hawkc101","kimmw101","hubec101","sandh101","henlb101","burng101","schuj101","","","","6/P","F","F",7,2,2,"T","T",0,"F","F",1,"F","F",0,"F","F",6,"P","F","F","",0,0,"N",0,"N",0,"N",0,0,0,0,"6","","","","F","F","F","F","F","F","F","F","F","","","","F","F","F","F","F","","","","",0,6,0,0,0,0,0,0,0,53,"PHI","CIN","PHI",0,"F","T",5,3,0,28,2,"T","F",0,0,"T","T","dresc101","rouse101","F","F",0,0,0,0,0,0,0,0,0,"","","",0,0,0,0,0,0,0,0,0,0,0,0,0,"sandh101","F","F","F","F",0,0,0,0,0,0,0,0,0,0,F,F,"1925PHI.EVN.regular.event.csv",2043
"PHI192505230","CIN",7,1,0,0,0,"",5,3,"wilsj105","?","wilsj105","?","rixee101","?","rixee101","?","wingi101","bresr101","crith101","dresc101","bohns101","smite104","rouse101","walkc101","","","","63","T","F",2,6,2,"T","T",0,"F","F",1,"F","F",0,"F","F",6,"G","F","F","",0,0,"N",0,"N",0,"N",0,0,0,0,"63","","","","F","F","F","F","F","F","F","F","F","","","","F","F","F","F","F","","","","",0,3,0,0,6,0,0,0,0,54,"PHI","PHI","CIN",1,"T","F",3,5,0,23,0,"T","F",0,0,"T","T","sandh101","hubec101","T","T",0,0,0,0,0,0,0,0,0,"","","",0,0,0,0,0,0,0,0,0,0,0,0,0,"bohns101","F","F","F","F",0,0,0,0,1,0,0,0,0,0,F,F,"1925PHI.EVN.regular.event.csv",2044
"PHI192505230","CIN",7,1,1,0,0,"",5,3,"sandh101","?","sandh101","?","rixee101","?","rixee101","?","wingi101","bresr101","crith101","dresc101","bohns101","smite104","rouse101","walkc101","","","","D8","F","F",6,7,21,"T","T",2,"F","F",0,"F","F",0,"F","F",8,"","F","F","",0,0,"N",0,"N",0,"N",2,0,0,0,"","","","","F","F","F","F","F","F","F","F","F","","","","F","F","F","F","F","","","","",0,0,0,0,0,0,0,0,0,55,"PHI","PHI","CIN",1,"F","F",3,5,0,24,1,"T","F",0,2,"T","T","hubec101","coucj101","T","T",0,0,0,0,0,0,0,0,0,"","","",0,0,0,0,0,0,0,0,0,0,0,0,0,"rouse101","F","F","F","F",4,0,0,0,1,0,0,0,0,0,F,F,"1925PHI.EVN.regular.event.csv",2045
"PHI192505230","CIN",7,1,1,0,0,"",5,3,"hubec101","?","hubec101","?","rixee101","?","rixee101","?","wingi101","bresr101","crith101","dresc101","bohns101","smite104","rouse101","walkc101","","sandh101","","7/F","F","F",5,8,2,"T","T",0,"F","F",1,"F","F",0,"F","F",7,"F","F","F","",0,0,"N",0,"N",0,"N",0,0,2,0,"7","","","","F","F","F","F","F","F","F","F","F","","rixee101","","F","F","F","F","F","","","","",0,7,0,0,0,0,0,0,0,56,"PHI","PHI","CIN",1,"F","F",3,5,0,25,2,"T","F",2,2,"T","T","coucj101","burng101","T","T",0,0,0,6,7,55,0,0,0,"","wingi101","",0,0,0,0,0,0,0,0,0,0,0,0,0,"smite104","F","F","F","F",0,0,4,0,1,0,0,0,0,0,F,F,"1925PHI.EVN.regular.event.csv",2046
"PHI192505230","CIN",7,1,2,0,0,"",5,3,"wendl101","?","wendl101","?","rixee101","?","rixee101","?","wingi101","bresr101","crith101","dresc101","bohns101","smite104","rouse101","walkc101","","sandh101","","W","F","T",11,9,14,"T","F",0,"F","F",0,"F","F",0,"F","F",0,"","F","F","",0,0,"N",0,"N",0,"N",1,0,2,0,"","","","","F","F","F","F","F","F","F","F","F","","rixee101","","F","F","F","F","F","","","","coucj101",1,0,0,0,0,0,0,0,0,57,"PHI","PHI","CIN",1,"F","F",3,5,0,26,3,"T","F",2,3,"F","F","burng101","kimmw101","T","T",0,0,0,6,7,55,0,0,0,"","wingi101","",0,0,0,0,0,0,0,0,0,0,0,0,0,"","F","F","F","F",3,0,4,0,1,0,0,0,0,0,F,F,"1925PHI.EVN.regular.event.csv",2047
"PHI192505230","CIN",7,1,2,0,0,"",5,3,"burng101","?","burng101","?","rixee101","?","rixee101","?","wingi101","bresr101","crith101","dresc101","bohns101","smite104","rouse101","walkc101","wendl101","sandh101","","S9/L.2-H;1-2","F","F",8,1,20,"T","T",1,"F","F",0,"F","F",1,"F","F",9,"L","F","F","",0,0,"N",0,"N",0,"N",1,2,4,0,"","","","","F","F","F","F","F","F","F","F","F","rixee101","rixee101","","F","F","F","F","F","","","","",0,0,0,0,0,0,0,0,0,58,"PHI","PHI","CIN",1,"F","F",3,5,0,27,4,"T","F",3,3,"T","T","kimmw101","schuj101","T","T",0,9,57,6,7,55,0,0,0,"wingi101","wingi101","",0,0,0,0,0,0,0,0,0,0,0,0,1,"walkc101","F","F","F","F",2,3,4,0,0,0,0,0,0,0,F,F,"1925PHI.EVN.regular.event.csv",2048
"PHI192505230","CIN",7,1,2,0,0,"",5,4,"kimmw101","?","kimmw101","?","rixee101","?","rixee101","?","wingi101","bresr101","crith101","dresc101","bohns101","smite104","rouse101","walkc101","burng101","wendl101","","W.2-3;1-2","F","F",4,2,14,"T","F",0,"F","F",0,"F","F",0,"F","F",0,"","F","F","",0,0,"N",0,"N",0,"N",1,2,3,0,"","","","","F","F","F","F","F","F","F","F","F","rixee101","rixee101","","F","F","F","F","F","","","","",0,0,0,0,0,0,0,0,0,59,"PHI","PHI","CIN",1,"F","F",4,5,1,28,5,"T","F",3,7,"T","T","schuj101","henlb101","T","T",8,1,58,0,9,57,0,0,0,"wingi101","wingi101","",0,0,0,0,0,0,0,0,0,0,0,0,0,"","F","F","F","F",1,2,3,0,0,0,0,0,0,0,F,F,"1925PHI.EVN.regular.event.csv",2049
"PHI192505230","CIN",7,1,2,3,2,"",5,4,"schuj101","?","schuj101","?","rixee101","?","rixee101","?","wingi101","bresr101","crith101","dresc101","bohns101","smite104","rouse101","walkc101","kimmw101","burng101","wendl101","53","F","F",9,3,2,"T","T",0,"F","F",1,"F","F",0,"F","F",5,"G","F","F","",0,0,"N",0,"N",0,"N",0,1,2,3,"53","","","","F","F","F","F","F","F","F","F","F","rixee101","rixee101","rixee101","F","F","F","F","F","","","","",0,3,0,0,5,0,0,0,0,60,"PHI","PHI","CIN",1,"F","T",4,5,1,29,6,"T","F",7,7,"T","T","henlb101","hawkc101","T","T",4,2,59,8,1,58,0,9,57,"wingi101","wingi101","wingi101",0,0,0,0,0,0,0,0,0,0,0,0,0,"dresc101","F","F","F","F",0,1,2,3,0,0,0,0,0,0,F,F,"1925PHI.EVN.regular.event.csv",2050
"PHI192505230","CIN",8,0,0,0,0,"",5,4,"dresc101","?","dresc101","?","knigj103","?","knigj103","?","wilsj105","hawkc101","kimmw101","hubec101","sandh101","henlb101","burng101","schuj101","","","","53","T","F",5,3,2,"T","T",0,"F","F",1,"F","F",0,"F","F",5,"G","F","F","",0,0,"N",0,"N",0,"N",0,0,0,0,"53","","","","F","F","F","F","F","F","F","F","F","","","","F","F","F","F","F","","","","",0,3,0,0,5,0,0,0,0,61,"PHI","CIN","PHI",0,"T","F",5,4,0,29,0,"T","F",0,0,"T","T","rouse101","bresr101","F","F",0,0,0,0,0,0,0,0,0,"","","",0,0,0,0,0,0,0,0,0,0,0,0,0,"hubec101","F","F","F","F",0,0,0,0,0,0,0,0,0,0,F,F,"1925PHI.EVN.regular.event.csv",2051
"PHI192505230","CIN",8,0,1,0,0,"",5,4,"rouse101","?","rouse101","?","knigj103","?","knigj103","?","wilsj105","hawkc101","kimmw101","hubec101","sandh101","henlb101","burng101","schuj101","","","","S8","F","F",8,4,20,"T","T",1,"F","F",0,"F","F",0,"F","F",8,"","F","F","",0,0,"N",0,"N",0,"N",1,0,0,0,"","","","","F","F","F","F","F","F","F","F","F","","","","F","F","F","F","F","","","","",0,0,0,0,0,0,0,0,0,62,"PHI","CIN","PHI",0,"F","F",5,4,0,30,1,"T","F",0,1,"T","T","bresr101","walkc101","F","F",0,0,0,0,0,0,0,0,0,"","","",0,0,0,0,0,0,0,0,0,0,0,0,0,"burng101","F","F","F","F",0,0,0,0,0,0,0,0,0,0,F,F,"1925PHI.EVN.regular.event.csv",2052
"PHI192505230","CIN",8,0,1,0,0,"",5,4,"bresr101","?","bresr101","?","knigj103","?","knigj103","?","wilsj105","hawkc101","kimmw101","hubec101","sandh101","henlb101","burng101","schuj101","rouse101","","","S9.1-2","F","F",3,5,20,"T","T",1,"F","F",0,"F","F",0,"F","F",9,"","F","F","",0,0,"N",0,"N",0,"N",1,2,0,0,"","","","","F","F","F","F","F","F","F","F","F","knigj103","","","F","F","F","F","F","","","","",0,0,0,0,0,0,0,0,0,63,"PHI","CIN","PHI",0,"F","F",5,4,0,31,2,"T","F",1,3,"T","T","walkc101","bohns101","F","F",8,4,62,0,0,0,0,0,0,"wilsj105","","",0,0,0,0,0,0,0,0,0,0,0,0,0,"schuj101","F","F","F","F",0,0,0,0,0,0,0,0,0,0,F,F,"1925PHI.EVN.regular.event.csv",2053
"PHI192505230","CIN",8,0,1,0,0,"",5,4,"walkc101","?","walkc101","?","knigj103","?","knigj103","?","wilsj105","hawkc101","kimmw101","hubec101","sandh101","henlb101","burng101","schuj101","bresr101","rouse101","","K","F","F",9,6,3,"T","T",0,"F","F",1,"F","F",0,"F","F",0,"","F","F","",0,0,"N",0,"N",0,"N",0,1,2,0,"2","","","","F","F","F","F","F","F","F","F","F","knigj103","knigj103","","F","F","F","F","F","","","","",0,2,0,0,0,0,0,0,0,64,"PHI","CIN","PHI",0,"F","F",5,4,0,32,3,"T","F",3,3,"T","T","bohns101","wingi101","F","F",3,5,63,8,4,62,0,0,0,"wilsj105","wilsj105","",0,0,0,0,0,0,0,0,0,0,0,0,0,"","F","F","F","F",0,0,0,0,0,0,0,0,0,0,F,F,"1925PHI.EVN.regular.event.csv",2054
"PHI192505230","CIN",8,0,2,0,0,"",5,4,"bohns101","?","bohns101","?","knigj103","?","knigj103","?","wilsj105","hawkc101","kimmw101","hubec101","sandh101","henlb101","burng101","schuj101","bresr101","rouse101","","E6/G.2-3;1-2","F","F",6,7,18,"T","T",0,"F","F",0,"F","F",0,"F","F",6,"G","F","F","",1,6,"F",0,"N",0,"N",1,2,3,0,"","","","","F","F","F","F","F","F","F","F","F","knigj103","knigj103","","F","F","F","F","F","","","","",0,0,0,0,0,0,0,0,0,65,"PHI","CIN","PHI",0,"F","F",5,4,0,33,4,"T","F",3,7,"T","T","wingi101","rixee101","F","F",3,5,63,8,4,62,0,0,0,"wilsj105","wilsj105","",0,0,0,0,0,0,0,0,0,0,0,0,0,"sandh101","F","F","F","T",0,0,0,0,0,0,0,0,0,0,F,F,"1925PHI.EVN.regular.event.csv",2055
"PHI192505230","CIN",8,0,2,0,0,"",5,4,"wingi101","?","wingi101","?","knigj103","?","knigj103","?","wilsj105","hawkc101","kimmw101","hubec101","sandh101","henlb101","burng101","schuj101","bohns101","bresr101","rouse101","64(1)/FO","F","F",2,8,2,"T","T",0,"F","F",1,"F","F",0,"F","F",6,"G","F","F","",0,0,"N",0,"N",0,"N",1,0,2,3,"","64","","","F","F","F","F","F","F","F","F","F","knigj103","knigj103","knigj103","F","F","F","F","F","","","","",0,4,0,0,6,0,0,0,0,66,"PHI","CIN","PHI",0,"F","T",5,4,0,34,5,"T","F",7,7,"T","T","rixee101","crith101","F","F",6,7,65,3,5,63,8,4,62,"wilsj105","wilsj105","wilsj105",0,0,0,0,0,0,0,0,0,0,0,0,0,"sandh101","T","F","F","F",0,0,0,0,0,0,0,0,0,0,F,F,"1925PHI.EVN.regular.event.csv",2056
"PHI192505230","CIN",8,1,0,0,0,"",5,4,"henlb101","?","henlb101","?","rixee101","?","rixee101","?","wingi101","bresr101","crith101","dresc101","bohns101","smite104","rouse101","walkc101","","","","53","T","F",7,4,2,"T","T",0,"F","F",1,"F","F",0,"F","F",5,"G","F","F","",0,0,"N",0,"N",0,"N",0,0,0,0,"53","","","","F","F","F","F","F","F","F","F","F","","","","F","F","F","F","F","","","","",0,3,0,0,5,0,0,0,0,67,"PHI","PHI","CIN",1,"T","F",4,5,0,30,0,"T","F",0,0,"T","T","hawkc101","wilsj105","T","T",0,0,0,0,0,0,0,0,0,"","","",0,0,0,0,0,0,0,0,0,0,0,0,0,"dresc101","F","F","F","F",0,0,0,0,0,0,0,0,0,0,F,F,"1925PHI.EVN.regular.event.csv",2057
"PHI192505230","CIN",8,1,1,0,0,"",5,4,"hawkc101","?","hawkc101","?","rixee101","?","rixee101","?","wingi101","bresr101","crith101","dresc101","bohns101","smite104","rouse101","walkc101","","","","S7","F","F",3,5,20,"T","T",1,"F","F",0,"F","F",0,"F","F",7,"","F","F","",0,0,"N",0,"N",0,"N",1,0,0,0,"","","","","F","F","F","F","F","F","F","F","F","","","","F","F","F","F","F","","","","",0,0,0,0,0,0,0,0,0,68,"PHI","PHI","CIN",1,"F","F",4,5,0,31,1,"T","F",0,1,"T","T","wilsj105","sandh101","T","T",0,0,0,0,0,0,0,0,0,"","","",0,0,0,0,0,0,0,0,0,0,0,0,0,"smite104","F","F","F","F",3,0,0,0,0,0,0,0,0,0,F,F,"1925PHI.EVN.regular.event.csv",2058
"PHI192505230","CIN",8,1,1,0,0,"",5,4,"wilsj105","?","wilsj105","?","rixee101","?","rixee101","?","wingi101","bresr101","crith101","dresc101","bohns101","smite104","rouse101","walkc101","hawkc101","","","W.1-2","F","F",2,6,14,"T","F",0,"F","F",0,"F","F",0,"F","F",0,"","F","F","",0,0,"N",0,"N",0,"N",1,2,0,0,"","","","","F","F","F","F","F","F","F","F","F","rixee101","","","F","F","F","F","F","","","","",0,0,0,0,0,0,0,0,0,69,"PHI","PHI","CIN",1,"F","F",4,5,0,32,2,"T","F",1,3,"T","T","sandh101","hubec101","T","T",3,5,68,0,0,0,0,0,0,"wingi101","","",0,0,0,0,0,0,0,0,0,0,0,0,0,"","F","F","F","F",2,3,0,0,0,0,0,0,0,0,F,F,"1925PHI.EVN.regular.event.csv",2059
"PHI192505230","CIN",8,1,1,0,0,"",5,4,"wrigr102","?","wrigr102","?","sheet102","?","sheet102","?","wingi101","bresr101","crith101","dresc101","bohns101","smite104","rouse101","walkc101","wilsj105","hawkc101","","1/G.2-3;1-2","F","T",11,7,2,"T","T",0,"F","F",1,"F","F",0,"F","F",1,"G","F","F","",0,0,"N",0,"N",0,"N",0,2,3,0,"1","","","","F","F","F","F","F","F","F","F","F","rixee101","rixee101","","F","F","F","F","F","","","","sandh101",6,1,0,0,0,0,0,0,0,70,"PHI","PHI","CIN",1,"F","F",4,5,0,33,3,"T","F",3,6,"F","F","hubec101","knigj103","F","F",2,6,69,3,5,68,0,0,0,"wingi101","wingi101","",0,0,0,0,0,0,0,0,0,0,0,0,0,"sheet102","F","F","F","F",0,2,3,0,0,0,0,0,0,0,F,F,"1925PHI.EVN.regular.event.csv",2060
"PHI192505230","CIN",8,1,2,0,0,"",5,4,"hubec101","?","hubec101","?","sheet102","?","sheet102","?","wingi101","bresr101","crith101","dresc101","bohns101","smite104","rouse101","walkc101","","wilsj105","hawkc101","43/G-","F","F",5,8,2,"T","T",0,"F","F",1,"F","F",0,"F","F",4,"G","F","F","",0,0,"N",0,"N",0,"N",0,0,2,3,"43","","","","F","F","F","F","F","F","F","F","F","","rixee101","rixee101","F","F","F","F","F","","","","",0,3,0,0,4,0,0,0,0,71,"PHI","PHI","CIN",1,"F","T",4,5,0,34,4,"T","F",6,6,"T","T","knigj103","burng101","F","F",0,0,0,2,6,69,3,5,68,"","wingi101","wingi101",0,0,0,0,0,0,0,0,0,0,0,0,0,"crith101","F","F","F","F",0,0,2,3,0,0,0,0,0,0,F,F,"1925PHI.EVN.regular.event.csv",2061
"PHI192505230","CIN",9,0,0,0,0,"",5,4,"sheet102","?","sheet102","?","knigj103","?","knigj103","?","wilsj105","hawkc101","kimmw101","hubec101","wrigr102","henlb101","burng101","schuj101","","","","E6/TH1.B-2","T","F",1,9,18,"T","T",0,"F","F",0,"F","F",0,"F","F",6,"G","F","F","",1,6,"T",0,"N",0,"N",2,0,0,0,"","","","","F","F","F","F","F","F","F","F","F","","","","F","F","F","F","F","","","","",0,0,0,0,0,0,0,0,0,72,"PHI","CIN","PHI",0,"T","F",5,4,0,35,0,"T","F",0,2,"F","F","crith101","smite104","F","F",0,0,0,0,0,0,0,0,0,"","","",0,0,0,0,0,0,0,0,0,0,0,0,0,"wrigr102","F","F","F","T",0,0,0,0,4,0,0,0,0,0,F,F,"1925PHI.EVN.regular.event.csv",2062
"PHI192505230","CIN",9,0,0,0,0,"",5,4,"crith101","?","crith101","?","knigj103","?","knigj103","?","wilsj105","hawkc101","kimmw101","hubec101","wrigr102","henlb101","burng101","schuj101","","sheet102","","FC5.2X3(5)","F","F",4,1,19,"T","T",0,"F","F",1,"F","F",0,"F","F",5,"G","F","F","",0,0,"N",0,"N",0,"N",1,0,0,0,"","","5","","F","F","F","F","F","F","F","F","F","","knigj103","","F","F","F","F","F","","","","",0,5,0,0,0,0,0,0,0,73,"PHI","CIN","PHI",0,"F","F",5,4,0,36,1,"T","F",2,1,"T","T","smite104","dresc101","F","F",0,0,0,1,9,72,0,0,0,"","wilsj105","",0,0,0,0,0,0,0,0,0,0,0,0,0,"hubec101","F","F","F","F",5,0,0,0,4,0,0,0,0,0,F,F,"1925PHI.EVN.regular.event.csv",2063
"PHI192505230","CIN",9,0,1,3,0,"BBBB",5,4,"smite104","?","smite104","?","knigj103","?","knigj103","?","wilsj105","hawkc101","kimmw101","hubec101","wrigr102","henlb101","burng101","schuj101","crith101","","","W.1-2","F","F",7,2,14,"T","F",0,"F","F",0,"F","F",0,"F","F",0,"","F","F","",0,0,"N",0,"N",0,"N",1,2,0,0,"","","","","F","F","F","F","F","F","F","F","F","knigj103","","","F","F","F","F","F","","","","",0,0,0,0,0,0,0,0,0,74,"PHI","CIN","PHI",0,"F","F",5,4,0,37,2,"T","F",1,3,"T","T","dresc101","rouse101","F","F",4,1,73,0,0,0,0,0,0,"wilsj105","","",4,4,0,0,0,0,0,0,0,0,0,0,0,"","F","F","F","F",4,5,0,0,4,0,0,0,0,0,F,F,"1925PHI.EVN.regular.event.csv",2064
"PHI192505230","CIN",9,0,1,0,0,"",5,4,"dresc101","?","dresc101","?","knigj103","?","knigj103","?","wilsj105","hawkc101","kimmw101","hubec101","wrigr102","henlb101","burng101","schuj101","smite104","crith101","","D/89.2-H(UR);1-H","F","F",5,3,21,"T","T",2,"F","F",0,"F","F",2,"F","F",0,"","F","F","89",0,0,"N",0,"N",0,"N",2,4,5,0,"","","","","F","F","F","F","F","F","F","F","F","knigj103","knigj103","","F","F","F","F","F","","","","",0,0,0,0,0,0,0,0,0,75,"PHI","CIN","PHI",0,"F","F",5,4,0,38,3,"T","F",3,2,"T","T","rouse101","bresr101","F","F",7,2,74,4,1,73,0,0,0,"wilsj105","wilsj105","",0,0,0,0,0,0,0,0,0,0,0,0,2,"","F","F","F","F",0,4,5,0,2,0,0,0,0,0,F,F,"1925PHI.EVN.regular.event.csv",2065
"PHI192505230","CIN",9,0,1,0,0,"",7,4,"rouse101","?","rouse101","?","knigj103","?","knigj103","?","wilsj105","hawkc101","kimmw101","hubec101","wrigr102","henlb101","burng101","schuj101","","dresc101","","FC5.2X3(1565);B-2","F","F",8,4,19,"T","T",0,"F","F",1,"F","F",0,"F","F",5,"G","F","F","",0,0,"N",0,"N",0,"N",2,0,0,0,"","","1565","","F","F","F","F","F","F","F","F","F","","knigj103","","F","F","F","F","F","","","","",0,5,0,0,1,5,6,0,0,76,"PHI","CIN","PHI",0,"F","F",7,4,2,39,4,"T","F",2,2,"T","T","bresr101","walkc101","F","F",0,0,0,5,3,75,0,0,0,"","wilsj105","",0,0,0,0,0,0,0,0,0,0,0,0,0,"hubec101","F","F","F","F",5,0,0,0,2,0,0,0,0,0,F,F,"1925PHI.EVN.regular.event.csv",2066
"PHI192505230","CIN",9,0,2,0,0,"",7,4,"bresr101","?","bresr101","?","knigj103","?","knigj103","?","wilsj105","hawkc101","kimmw101","hubec101","wrigr102","henlb101","burng101","schuj101","","rouse101","","HR/L78XD.2-H(UR);B-H(UR)","F","F",3,5,23,"T","T",4,"F","F",0,"F","F",2,"F","F",0,"L","F","F","78XD",0,0,"N",0,"N",0,"N",5,0,5,0,"","","","","F","F","F","F","F","F","F","F","F","","knigj103","","F","F","F","F","F","","","","",0,0,0,0,0,0,0,0,0,77,"PHI","CIN","PHI",0,"F","F",7,4,2,40,5,"T","F",2,0,"T","T","walkc101","bohns101","F","F",0,0,0,8,4,76,0,0,0,"","wilsj105","",0,0,0,0,0,0,0,0,0,0,0,0,2,"","F","F","F","F",5,0,5,0,0,0,0,0,0,0,F,F,"1925PHI.EVN.regular.event.csv",2067
"PHI192505230","CIN",9,0,2,0,0,"",9,4,"walkc101","?","walkc101","?","betth101","?","betth101","?","wilsj105","hawkc101","kimmw101","hubec101","wrigr102","henlb101","burng101","schuj101","","","","7/L#","F","F",9,6,2,"T","T",0,"F","F",1,"F","F",0,"F","F",7,"L","F","F","",0,0,"N",0,"N",0,"N",0,0,0,0,"7","","","","F","F","F","F","F","F","F","F","F","","","","F","F","F","F","F","","","","",0,7,0,0,0,0,0,0,0,78,"PHI","CIN","PHI",0,"F","T",9,4,4,41,6,"T","F",0,0,"T","T","bohns101","wingi101","F","F",0,0,0,0,0,0,0,0,0,"","","",0,0,0,0,0,0,0,0,0,0,0,0,0,"henlb101","F","F","F","F",0,0,0,0,0,0,0,0,0,0,F,T,"1925PHI.EVN.regular.event.csv",2068
"PHI192505230","CIN",9,1,0,0,0,"",9,4,"harpg101","?","harpg101","?","sheet102","?","sheet102","?","wingi101","bresr101","crith101","dresc101","bohns101","smite104","rouse101","walkc101","","","","S9","T","T",11,9,20,"T","T",1,"F","F",0,"F","F",0,"F","F",9,"","F","F","",0,0,"N",0,"N",0,"N",1,0,0,0,"","","","","F","F","F","F","F","F","F","F","F","","","","F","F","F","F","F","","","","betth101",1,0,0,0,0,0,0,0,0,79,"PHI","PHI","CIN",1,"T","F",4,9,0,35,0,"T","F",0,1,"F","F","burng101","kimmw101","F","F",0,0,0,0,0,0,0,0,0,"","","",0,0,0,0,0,0,0,0,0,0,0,0,0,"walkc101","F","F","F","F",4,0,0,0,3,0,0,0,0,0,F,F,"1925PHI.EVN.regular.event.csv",2069
"PHI192505230","CIN",9,1,0,0,0,"",9,4,"willc103","?","willc103","?","sheet102","?","sheet102","?","wingi101","bresr101","crith101","dresc101","bohns101","smite104","rouse101","walkc101","harpg101","","","HR/F9D.1-H","F","T",11,1,23,"T","T",4,"F","F",0,"F","F",2,"F","F",0,"F","F","F","9D",0,0,"N",0,"N",0,"N",4,4,0,0,"","","","","F","F","F","F","F","F","F","F","F","sheet102","","","F","F","F","F","F","","","","burng101",8,0,0,0,0,0,0,0,0,80,"PHI","PHI","CIN",1,"F","F",4,9,0,36,1,"T","F",1,0,"F","F","kimmw101","schuj101","F","F",11,9,79,0,0,0,0,0,0,"wingi101","","",0,0,0,0,0,0,0,0,0,0,0,0,2,"","F","F","F","F",4,4,0,0,1,0,0,0,0,0,F,F,"1925PHI.EVN.regular.event.csv",2070
"PHI192505230","CIN",9,1,0,0,0,"",9,6,"holkw101","?","holkw101","?","sheet102","?","sheet102","?","wingi101","bresr101","crith101","dresc101","bohns101","smite104","rouse101","walkc101","","","","43/G4M","F","T",11,2,2,"T","T",0,"F","F",1,"F","F",0,"F","F",4,"G","F","F","4M",0,0,"N",0,"N",0,"N",0,0,0,0,"43","","","","F","F","F","F","F","F","F","F","F","","","","F","F","F","F","F","","","","kimmw101",4,3,0,0,4,0,0,0,0,81,"PHI","PHI","CIN",1,"F","F",6,9,2,37,2,"T","F",0,0,"F","F","schuj101","henlb101","F","F",0,0,0,0,0,0,0,0,0,"","","",0,0,0,0,0,0,0,0,0,0,0,0,0,"crith101","F","F","F","F",0,0,0,0,1,0,0,0,0,0,F,F,"1925PHI.EVN.regular.event.csv",2071
"PHI192505230","CIN",9,1,1,0,0,"",9,6,"schuj101","?","schuj101","?","sheet102","?","sheet102","?","wingi101","bresr101","crith101","dresc101","bohns101","smite104","rouse101","walkc101","","","","S6","F","F",9,3,20,"T","T",1,"F","F",0,"F","F",0,"F","F",6,"","F","F","",0,0,"N",0,"N",0,"N",1,0,0,0,"","","","","F","F","F","F","F","F","F","F","F","","","","F","F","F","F","F","","","","",0,0,0,0,0,0,0,0,0,82,"PHI","PHI","CIN",1,"F","F",6,9,2,38,3,"T","F",0,1,"T","T","henlb101","hawkc101","F","F",0,0,0,0,0,0,0,0,0,"","","",0,0,0,0,0,0,0,0,0,0,0,0,0,"bohns101","F","F","F","F",4,0,0,0,1,0,0,0,0,0,F,F,"1925PHI.EVN.regular.event.csv",2072
"PHI192505230","CIN",9,1,1,0,0,"",9,6,"henlb101","?","henlb101","?","sheet102","?","sheet102","?","wingi101","bresr101","crith101","dresc101","bohns101","smite104","rouse101","walkc101","schuj101","","","S7.1-2","F","F",7,4,20,"T","T",1,"F","F",0,"F","F",0,"F","F",7,"","F","F","",0,0,"N",0,"N",0,"N",1,2,0,0,"","","","","F","F","F","F","F","F","F","F","F","sheet102","","","F","F","F","F","F","","","","",0,0,0,0,0,0,0,0,0,83,"PHI","PHI","CIN",1,"F","F",6,9,2,39,4,"T","F",1,3,"T","T","hawkc101","wilsj105","F","F",9,3,82,0,0,0,0,0,0,"wingi101","","",0,0,0,0,0,0,0,0,0,0,0,0,0,"smite104","F","F","F","F",0,4,0,0,1,0,0,0,0,0,F,F,"1925PHI.EVN.regular.event.csv",2073
"PHI192505230","CIN",9,1,1,0,0,"",9,6,"hawkc101","?","hawkc101","?","bentr102","?","bentr102","?","wingi101","bresr101","crith101","dresc101","bohns101","smite104","rouse101","walkc101","henlb101","schuj101","","64(1)/FO.2-3","F","F",3,5,2,"T","T",0,"F","F",1,"F","F",0,"F","F",6,"G","F","F","",0,0,"N",0,"N",0,"N",1,0,3,0,"","64","","","F","F","F","F","F","F","F","F","F","sheet102","sheet102","","F","F","F","F","F","","","","",0,4,0,0,6,0,0,0,0,84,"PHI","PHI","CIN",1,"F","F",6,9,2,40,5,"T","F",3,5,"T","T","wilsj105","wrigr102","F","F",7,4,83,9,3,82,0,0,0,"wingi101","wingi101","",0,0,0,0,0,0,0,0,0,0,0,0,0,"bohns101","T","F","F","F",3,0,4,0,1,0,0,0,0,0,F,F,"1925PHI.EVN.regular.event.csv",2074
"PHI192505230","CIN",9,1,2,0,0,"",9,6,"wilsj105","?","wilsj105","?","bentr102","?","bentr102","?","wingi101","bresr101","crith101","dresc101","bohns101","smite104","rouse101","walkc101","hawkc101","","schuj101","S9/G3L.3-H;1-3","F","F",2,6,20,"T","T",1,"F","F",0,"F","F",1,"F","F",9,"G","F","F","3L",0,0,"N",0,"N",0,"N",1,3,0,4,"","","","","F","F","F","F","F","F","F","F","F","sheet102","","sheet102","F","F","F","F","F","","","","",0,0,0,0,0,0,0,0,0,85,"PHI","PHI","CIN",1,"F","F",6,9,2,41,6,"T","F",5,5,"T","T","wrigr102","hubec101","F","F",3,5,84,0,0,0,9,3,82,"wingi101","","wingi101",0,0,0,0,0,0,0,0,0,0,0,0,1,"walkc101","F","F","F","F",1,3,0,4,0,0,0,0,0,0,F,F,"1925PHI.EVN.regular.event.csv",2075
"PHI192505230","CIN",9,1,2,0,0,"",9,7,"wrigr102","?","wrigr102","?","bentr102","?","bentr102","?","wingi101","bresr101","crith101","dresc101","bohns101","smite104","rouse101","walkc101","wilsj105","","hawkc101","3/G","F","F",6,7,2,"T","T",0,"F","F",1,"F","F",0,"F","F",3,"G","F","F","",0,0,"N",0,"N",0,"N",0,1,0,3,"3","","","","F","F","F","F","F","F","F","F","F","bentr102","","sheet102","F","T","F","F","F","","","","",0,3,0,0,0,0,0,0,0,86,"PHI","PHI","CIN",1,"F","T",7,9,3,42,7,"T","F",5,5,"F","F","hubec101","harpg101","F","F",2,6,85,0,0,0,3,5,84,"wingi101","","wingi101",0,0,0,0,0,0,0,0,0,0,0,0,0,"bresr101","F","F","F","F",0,1,0,3,0,0,0,0,0,0,F,F,"1925PHI.EVN.regular.event.csv",2076
"PHI192505261","BRO",1,0,0,0,0,"",0,0,"fordh101","?","fordh101","?","mitcc102","?","mitcc102","?","henlb101","hawkc101","wrigr102","hubec101","sandh101","burng101","harpg101","willc103","","","","53","T","F",6,1,2,"T","T",0,"F","F",1,"F","F",0,"F","F",5,"G","F","F","",0,0,"N",0,"N",0,"N",0,0,0,0,"53","","","","F","F","F","F","F","F","F","F","F","","","","T","F","F","F","F","","","","",0,3,0,0,5,0,0,0,0,1,"PHI","BRO","PHI",0,"T","F",0,0,0,0,0,"T","F",0,0,"T","T","johnj107","wheaz101","T","T",0,0,0,0,0,0,0,0,0,"","","",0,0,0,0,0,0,0,0,0,0,0,0,0,"hubec101","F","F","F","F",0,0,0,0,0,0,0,0,0,0,F,F,"1925PHI.EVN.regular.event.csv",2077
"PHI192505261","BRO",1,0,1,0,0,"",0,0,"johnj107","?","johnj107","?","mitcc102","?","mitcc102","?","henlb101","hawkc101","wrigr102","hubec101","sandh101","burng101","harpg101","willc103","","","","S9","F","F",5,2,20,"T","T",1,"F","F",0,"F","F",0,"F","F",9,"","F","F","",0,0,"N",0,"N",0,"N",1,0,0,0,"","","","","F","F","F","F","F","F","F","F","F","","","","F","F","F","F","F","","","","",0,0,0,0,0,0,0,0,0,2,"PHI","BRO","PHI",0,"F","F",0,0,0,1,1,"T","F",0,1,"T","T","wheaz101","fourj101","T","T",0,0,0,0,0,0,0,0,0,"","","",0,0,0,0,0,0,0,0,0,0,0,0,0,"willc103","F","F","F","F",0,0,0,0,0,0,0,0,0,0,F,F,"1925PHI.EVN.regular.event.csv",2078
"PHI192505261","BRO",1,0,1,0,0,"",0,0,"wheaz101","?","wheaz101","?","mitcc102","?","mitcc102","?","henlb101","hawkc101","wrigr102","hubec101","sandh101","burng101","harpg101","willc103","johnj107","","","6/P","F","F",7,3,2,"T","T",0,"F","F",1,"F","F",0,"F","F",6,"P","F","F","",0,0,"N",0,"N",0,"N",0,1,0,0,"6","","","","F","F","F","F","F","F","F","F","F","mitcc102","","","F","F","F","F","F","","","","",0,6,0,0,0,0,0,0,0,3,"PHI","BRO","PHI",0,"F","F",0,0,0,2,2,"T","F",1,1,"T","T","fourj101","browe102","T","T",5,2,2,0,0,0,0,0,0,"henlb101","","",0,0,0,0,0,0,0,0,0,0,0,0,0,"sandh101","F","F","F","F",0,0,0,0,0,0,0,0,0,0,F,F,"1925PHI.EVN.regular.event.csv",2079
"PHI192505261","BRO",1,0,2,0,0,"",0,0,"fourj101","?","fourj101","?","mitcc102","?","mitcc102","?","henlb101","hawkc101","wrigr102","hubec101","sandh101","burng101","harpg101","willc103","johnj107","","","43","F","F",3,4,2,"T","T",0,"F","F",1,"F","F",0,"F","F",4,"G","F","F","",0,0,"N",0,"N",0,"N",0,1,0,0,"43","","","","F","F","F","F","F","F","F","F","F","mitcc102","","","F","F","F","F","F","","","","",0,3,0,0,4,0,0,0,0,4,"PHI","BRO","PHI",0,"F","T",0,0,0,3,3,"T","F",1,1,"T","T","browe102","cox-d101","T","T",5,2,2,0,0,0,0,0,0,"henlb101","","",0,0,0,0,0,0,0,0,0,0,0,0,0,"wrigr102","F","F","F","F",0,0,0,0,0,0,0,0,0,0,F,F,"1925PHI.EVN.regular.event.csv",2080
"PHI192505261","BRO",1,1,0,0,0,"",0,0,"burng101","?","burng101","?","vancd101","?","vancd101","?","debeh101","fourj101","stocm101","johnj107","fordh101","wheaz101","browe102","cox-d101","","","","K/C","T","F",7,1,3,"T","T",0,"F","F",1,"F","F",0,"F","F",0,"","F","F","",0,0,"N",0,"N",0,"N",0,0,0,0,"2","","","","F","F","F","F","F","F","F","F","F","","","","F","F","F","F","F","","","","",0,2,0,0,0,0,0,0,0,5,"PHI","PHI","BRO",1,"T","F",0,0,0,0,0,"T","F",0,0,"T","T","wrigr102","willc103","T","T",0,0,0,0,0,0,0,0,0,"","","",0,0,0,0,0,0,0,0,0,0,0,0,0,"","F","F","F","F",0,0,0,0,1,0,0,0,0,0,F,F,"1925PHI.EVN.regular.event.csv",2081
"PHI192505261","BRO",1,1,1,0,0,"",0,0,"wrigr102","?","wrigr102","?","vancd101","?","vancd101","?","debeh101","fourj101","stocm101","johnj107","fordh101","wheaz101","browe102","cox-d101","","","","HR/F9D","F","F",4,2,23,"T","T",4,"F","F",0,"F","F",1,"F","F",0,"F","F","F","9D",0,0,"N",0,"N",0,"N",4,0,0,0,"","","","","F","F","F","F","F","F","F","F","F","","","","F","F","F","F","F","","","","",0,0,0,0,0,0,0,0,0,6,"PHI","PHI","BRO",1,"F","F",0,0,0,1,1,"T","F",0,0,"T","T","willc103","harpg101","T","T",0,0,0,0,0,0,0,0,0,"","","",0,0,0,0,0,0,0,0,0,0,0,0,1,"","F","F","F","F",4,0,0,0,0,0,0,0,0,0,F,F,"1925PHI.EVN.regular.event.csv",2082
"PHI192505261","BRO",1,1,1,0,0,"",0,1,"willc103","?","willc103","?","vancd101","?","vancd101","?","debeh101","fourj101","stocm101","johnj107","fordh101","wheaz101","browe102","cox-d101","","","","S9","F","F",9,3,20,"T","T",1,"F","F",0,"F","F",0,"F","F",9,"","F","F","",0,0,"N",0,"N",0,"N",1,0,0,0,"","","","","F","F","F","F","F","F","F","F","F","","","","F","F","F","F","F","","","","",0,0,0,0,0,0,0,0,0,7,"PHI","PHI","BRO",1,"F","F",1,0,1,2,2,"T","F",0,1,"T","T","harpg101","hawkc101","T","T",0,0,0,0,0,0,0,0,0,"","","",0,0,0,0,0,0,0,0,0,0,0,0,0,"cox-d101","F","F","F","F",0,0,0,0,0,0,0,0,0,0,F,F,"1925PHI.EVN.regular.event.csv",2083
"PHI192505261","BRO",1,1,1,0,0,"",0,1,"harpg101","?","harpg101","?","vancd101","?","vancd101","?","debeh101","fourj101","stocm101","johnj107","fordh101","wheaz101","browe102","cox-d101","willc103","","","CS2(26)","F","F",8,4,6,"F","F",0,"F","F",1,"F","F",0,"F","F",0,"","F","F","",0,0,"N",0,"N",0,"N",0,0,0,0,"","26","","","F","F","F","T","F","F","F","F","F","vancd101","","","F","F","F","F","F","","","","",0,6,0,0,2,0,0,0,0,8,"PHI","PHI","BRO",1,"F","F",1,0,1,3,3,"T","F",1,0,"T","T","hawkc101","henlb101","T","T",9,3,7,0,0,0,0,0,0,"debeh101","","",0,0,0,0,0,0,0,0,0,0,0,0,0,"","F","F","F","F",0,0,0,0,0,0,0,0,0,0,F,F,"1925PHI.EVN.regular.event.csv",2084
"PHI192505261","BRO",1,1,2,0,0,"",0,1,"harpg101","?","harpg101","?","vancd101","?","vancd101","?","debeh101","fourj101","stocm101","johnj107","fordh101","wheaz101","browe102","cox-d101","","","","K","F","F",8,4,3,"T","T",0,"F","F",1,"F","F",0,"F","F",0,"","F","F","",0,0,"N",0,"N",0,"N",0,0,0,0,"2","","","","F","F","F","F","F","F","F","F","F","","","","F","F","F","F","F","","","","",0,2,0,0,0,0,0,0,0,9,"PHI","PHI","BRO",1,"F","T",1,0,1,3,3,"F","F",0,0,"T","T","hawkc101","henlb101","T","T",0,0,0,0,0,0,0,0,0,"","","",0,0,0,0,0,0,0,0,0,0,0,0,0,"","F","F","F","F",0,0,0,0,0,0,0,0,0,0,F,F,"1925PHI.EVN.regular.event.csv",2085
"PHI192505261","BRO",2,0,0,0,0,"",0,1,"browe102","?","browe102","?","mitcc102","?","mitcc102","?","henlb101","hawkc101","wrigr102","hubec101","sandh101","burng101","harpg101","willc103","","","","D8","T","F",8,5,21,"T","T",2,"F","F",0,"F","F",0,"F","F",8,"","F","F","",0,0,"N",0,"N",0,"N",2,0,0,0,"","","","","F","F","F","F","F","F","F","F","F","","","","F","F","F","F","F","","","","",0,0,0,0,0,0,0,0,0,10,"PHI","BRO","PHI",0,"T","F",0,1,0,4,0,"T","F",0,2,"T","T","cox-d101","stocm101","T","T",0,0,0,0,0,0,0,0,0,"","","",0,0,0,0,0,0,0,0,0,0,0,0,0,"harpg101","F","F","F","F",0,0,0,0,0,0,0,0,0,0,F,F,"1925PHI.EVN.regular.event.csv",2086
"PHI192505261","BRO",2,0,0,0,0,"",0,1,"cox-d101","?","cox-d101","?","mitcc102","?","mitcc102","?","henlb101","hawkc101","wrigr102","hubec101","sandh101","burng101","harpg101","willc103","","browe102","","9/FDP.2X2(916)","F","F",9,6,2,"T","T",0,"F","F",2,"T","F",0,"F","F",9,"F","F","F","",0,0,"N",0,"N",0,"N",0,0,0,0,"9","","916","","F","F","F","F","F","F","F","F","F","","mitcc102","","F","F","F","F","F","","","","",0,9,6,0,9,1,0,0,0,11,"PHI","BRO","PHI",0,"F","F",0,1,0,5,1,"T","F",2,0,"T","T","stocm101","debeh101","T","T",0,0,0,8,5,10,0,0,0,"","henlb101","",0,0,0,0,0,0,0,0,0,0,0,0,0,"willc103","F","F","F","F",0,0,0,0,0,0,0,0,0,0,F,F,"1925PHI.EVN.regular.event.csv",2087
"PHI192505261","BRO",2,0,2,0,0,"",0,1,"stocm101","?","stocm101","?","mitcc102","?","mitcc102","?","henlb101","hawkc101","wrigr102","hubec101","sandh101","burng101","harpg101","willc103","","","","43","F","F",4,7,2,"T","T",0,"F","F",1,"F","F",0,"F","F",4,"G","F","F","",0,0,"N",0,"N",0,"N",0,0,0,0,"43","","","","F","F","F","F","F","F","F","F","F","","","","F","F","F","F","F","","","","",0,3,0,0,4,0,0,0,0,12,"PHI","BRO","PHI",0,"F","T",0,1,0,6,2,"T","F",0,0,"T","T","debeh101","vancd101","T","T",0,0,0,0,0,0,0,0,0,"","","",0,0,0,0,0,0,0,0,0,0,0,0,0,"wrigr102","F","F","F","F",0,0,0,0,0,0,0,0,0,0,F,F,"1925PHI.EVN.regular.event.csv",2088
"PHI192505261","BRO",2,1,0,0,0,"",0,1,"hawkc101","?","hawkc101","?","vancd101","?","vancd101","?","debeh101","fourj101","stocm101","johnj107","fordh101","wheaz101","browe102","cox-d101","","","","K","T","F",3,5,3,"T","T",0,"F","F",1,"F","F",0,"F","F",0,"","F","F","",0,0,"N",0,"N",0,"N",0,0,0,0,"2","","","","F","F","F","F","F","F","F","F","F","","","","F","F","F","F","F","","","","",0,2,0,0,0,0,0,0,0,13,"PHI","PHI","BRO",1,"T","F",1,0,0,4,0,"T","F",0,0,"T","T","henlb101","sandh101","T","T",0,0,0,0,0,0,0,0,0,"","","",0,0,0,0,0,0,0,0,0,0,0,0,0,"","F","F","F","F",0,0,0,0,0,0,0,0,0,0,F,F,"1925PHI.EVN.regular.event.csv",2089
"PHI192505261","BRO",2,1,1,0,0,"",0,1,"henlb101","?","henlb101","?","vancd101","?","vancd101","?","debeh101","fourj101","stocm101","johnj107","fordh101","wheaz101","browe102","cox-d101","","","","K","F","F",2,6,3,"T","T",0,"F","F",1,"F","F",0,"F","F",0,"","F","F","",0,0,"N",0,"N",0,"N",0,0,0,0,"2","","","","F","F","F","F","F","F","F","F","F","","","","F","F","F","F","F","","","","",0,2,0,0,0,0,0,0,0,14,"PHI","PHI","BRO",1,"F","F",1,0,0,5,1,"T","F",0,0,"T","T","sandh101","hubec101","T","T",0,0,0,0,0,0,0,0,0,"","","",0,0,0,0,0,0,0,0,0,0,0,0,0,"","F","F","F","F",0,0,0,0,0,0,0,0,0,0,F,F,"1925PHI.EVN.regular.event.csv",2090
"PHI192505261","BRO",2,1,2,0,0,"",0,1,"sandh101","?","sandh101","?","vancd101","?","vancd101","?","debeh101","fourj101","stocm101","johnj107","fordh101","wheaz101","browe102","cox-d101","","","","8/F","F","F",6,7,2,"T","T",0,"F","F",1,"F","F",0,"F","F",8,"F","F","F","",0,0,"N",0,"N",0,"N",0,0,0,0,"8","","","","F","F","F","F","F","F","F","F","F","","","","F","F","F","F","F","","","","",0,8,0,0,0,0,0,0,0,15,"PHI","PHI","BRO",1,"F","T",1,0,0,6,2,"T","F",0,0,"T","T","hubec101","mitcc102","T","T",0,0,0,0,0,0,0,0,0,"","","",0,0,0,0,0,0,0,0,0,0,0,0,0,"browe102","F","F","F","F",0,0,0,0,0,0,0,0,0,0,F,F,"1925PHI.EVN.regular.event.csv",2091
"PHI192505261","BRO",3,0,0,0,0,"",0,1,"debeh101","?","debeh101","?","mitcc102","?","mitcc102","?","henlb101","hawkc101","wrigr102","hubec101","sandh101","burng101","harpg101","willc103","","","","S8","T","F",2,8,20,"T","T",1,"F","F",0,"F","F",0,"F","F",8,"","F","F","",0,0,"N",0,"N",0,"N",1,0,0,0,"","","","","F","F","F","F","F","F","F","F","F","","","","F","F","F","F","F","","","","",0,0,0,0,0,0,0,0,0,16,"PHI","BRO","PHI",0,"T","F",0,1,0,7,0,"T","F",0,1,"T","T","vancd101","fordh101","T","T",0,0,0,0,0,0,0,0,0,"","","",0,0,0,0,0,0,0,0,0,0,0,0,0,"harpg101","F","F","F","F",0,0,0,0,0,0,0,0,0,0,F,F,"1925PHI.EVN.regular.event.csv",2092
"PHI192505261","BRO",3,0,0,0,0,"",0,1,"vancd101","?","vancd101","?","mitcc102","?","mitcc102","?","henlb101","hawkc101","wrigr102","hubec101","sandh101","burng101","harpg101","willc103","debeh101","","","64(1)3/GDP","F","F",1,9,2,"T","T",0,"F","F",2,"T","F",0,"F","F",6,"G","F","F","",0,0,"N",0,"N",0,"N",0,0,0,0,"43","64","","","F","F","F","F","F","F","F","F","F","mitcc102","","","F","F","F","F","F","","","","",0,4,3,0,6,4,0,0,0,17,"PHI","BRO","PHI",0,"F","F",0,1,0,8,1,"T","F",1,0,"T","T","fordh101","johnj107","T","T",2,8,16,0,0,0,0,0,0,"henlb101","","",0,0,0,0,0,0,0,0,0,0,0,0,0,"sandh101","T","F","F","F",0,0,0,0,0,0,0,0,0,0,F,F,"1925PHI.EVN.regular.event.csv",2093
"PHI192505261","BRO",3,0,2,0,0,"",0,1,"fordh101","?","fordh101","?","mitcc102","?","mitcc102","?","henlb101","hawkc101","wrigr102","hubec101","sandh101","burng101","harpg101","willc103","","","","9/F","F","F",6,1,2,"T","T",0,"F","F",1,"F","F",0,"F","F",9,"F","F","F","",0,0,"N",0,"N",0,"N",0,0,0,0,"9","","","","F","F","F","F","F","F","F","F","F","","","","F","F","F","F","F","","","","",0,9,0,0,0,0,0,0,0,18,"PHI","BRO","PHI",0,"F","T",0,1,0,9,2,"T","F",0,0,"T","T","johnj107","wheaz101","T","T",0,0,0,0,0,0,0,0,0,"","","",0,0,0,0,0,0,0,0,0,0,0,0,0,"willc103","F","F","F","F",0,0,0,0,0,0,0,0,0,0,F,F,"1925PHI.EVN.regular.event.csv",2094
"PHI192505261","BRO",3,1,0,0,0,"",0,1,"hubec101","?","hubec101","?","vancd101","?","vancd101","?","debeh101","fourj101","stocm101","johnj107","fordh101","wheaz101","browe102","cox-d101","","","","43","T","F",5,8,2,"T","T",0,"F","F",1,"F","F",0,"F","F",4,"G","F","F","",0,0,"N",0,"N",0,"N",0,0,0,0,"43","","","","F","F","F","F","F","F","F","F","F","","","","F","F","F","F","F","","","","",0,3,0,0,4,0,0,0,0,19,"PHI","PHI","BRO",1,"T","F",1,0,0,7,0,"T","F",0,0,"T","T","mitcc102","burng101","T","T",0,0,0,0,0,0,0,0,0,"","","",0,0,0,0,0,0,0,0,0,0,0,0,0,"stocm101","F","F","F","F",0,0,0,0,1,0,0,0,0,0,F,F,"1925PHI.EVN.regular.event.csv",2095
"PHI192505261","BRO",3,1,1,0,0,"",0,1,"mitcc102","?","mitcc102","?","vancd101","?","vancd101","?","debeh101","fourj101","stocm101","johnj107","fordh101","wheaz101","browe102","cox-d101","","","","8/F","F","F",1,9,2,"T","T",0,"F","F",1,"F","F",0,"F","F",8,"F","F","F","",0,0,"N",0,"N",0,"N",0,0,0,0,"8","","","","F","F","F","F","F","F","F","F","F","","","","F","F","F","F","F","","","","",0,8,0,0,0,0,0,0,0,20,"PHI","PHI","BRO",1,"F","F",1,0,0,8,1,"T","F",0,0,"T","T","burng101","wrigr102","T","T",0,0,0,0,0,0,0,0,0,"","","",0,0,0,0,0,0,0,0,0,0,0,0,0,"browe102","F","F","F","F",0,0,0,0,1,0,0,0,0,0,F,F,"1925PHI.EVN.regular.event.csv",2096
"PHI192505261","BRO",3,1,2,0,0,"",0,1,"burng101","?","burng101","?","vancd101","?","vancd101","?","debeh101","fourj101","stocm101","johnj107","fordh101","wheaz101","browe102","cox-d101","","","","D9/9DW","F","F",7,1,21,"T","T",2,"F","F",0,"F","F",0,"F","F",9,"","F","F","9DW",0,0,"N",0,"N",0,"N",2,0,0,0,"","","","","F","F","F","F","F","F","F","F","F","","","","F","F","F","F","F","","","","",0,0,0,0,0,0,0,0,0,21,"PHI","PHI","BRO",1,"F","F",1,0,0,9,2,"T","F",0,2,"T","T","wrigr102","willc103","T","T",0,0,0,0,0,0,0,0,0,"","","",0,0,0,0,0,0,0,0,0,0,0,0,0,"cox-d101","F","F","F","F",4,0,0,0,1,0,0,0,0,0,F,F,"1925PHI.EVN.regular.event.csv",2097
"PHI192505261","BRO",3,1,2,0,0,"",0,1,"wrigr102","?","wrigr102","?","vancd101","?","vancd101","?","debeh101","fourj101","stocm101","johnj107","fordh101","wheaz101","browe102","cox-d101","","burng101","","S7.2-H;BX2(754)","F","F",4,2,20,"T","T",1,"F","F",1,"F","F",1,"F","F",7,"","F","F","",0,0,"N",0,"N",0,"N",0,0,4,0,"754","","","","F","F","F","F","F","F","F","F","F","","vancd101","","F","F","F","F","F","","","","",0,4,0,0,7,5,0,0,0,22,"PHI","PHI","BRO",1,"F","T",1,0,0,10,3,"T","F",2,0,"T","T","willc103","harpg101","T","T",0,0,0,7,1,21,0,0,0,"","debeh101","",0,0,0,0,0,0,0,0,0,0,0,0,1,"wheaz101","F","F","F","F",0,0,4,0,0,0,0,0,0,0,F,F,"1925PHI.EVN.regular.event.csv",2098
"PHI192505261","BRO",4,0,0,0,0,"",0,2,"johnj107","?","johnj107","?","mitcc102","?","mitcc102","?","henlb101","hawkc101","wrigr102","hubec101","sandh101","burng101","harpg101","willc103","","","","D9","T","F",5,2,21,"T","T",2,"F","F",0,"F","F",0,"F","F",9,"","F","F","",0,0,"N",0,"N",0,"N",2,0,0,0,"","","","","F","F","F","F","F","F","F","F","F","","","","F","F","F","F","F","","","","",0,0,0,0,0,0,0,0,0,23,"PHI","BRO","PHI",0,"T","F",0,2,0,10,0,"T","F",0,2,"T","T","wheaz101","fourj101","T","T",0,0,0,0,0,0,0,0,0,"","","",0,0,0,0,0,0,0,0,0,0,0,0,0,"willc103","F","F","F","F",0,0,0,0,0,0,0,0,0,0,F,F,"1925PHI.EVN.regular.event.csv",2099
"PHI192505261","BRO",4,0,0,0,0,"",0,2,"wheaz101","?","wheaz101","?","mitcc102","?","mitcc102","?","henlb101","hawkc101","wrigr102","hubec101","sandh101","burng101","harpg101","willc103","","johnj107","","63.2-3","F","F",7,3,2,"T","T",0,"F","F",1,"F","F",0,"F","F",6,"G","F","F","",0,0,"N",0,"N",0,"N",0,0,3,0,"63","","","","F","F","F","F","F","F","F","F","F","","mitcc102","","F","F","F","F","F","","","","",0,3,0,0,6,0,0,0,0,24,"PHI","BRO","PHI",0,"F","F",0,2,0,11,1,"T","F",2,4,"T","T","fourj101","browe102","T","T",0,0,0,5,2,23,0,0,0,"","henlb101","",0,0,0,0,0,0,0,0,0,0,0,0,0,"sandh101","F","F","F","F",0,0,0,0,0,0,0,0,0,0,F,F,"1925PHI.EVN.regular.event.csv",2100
"PHI192505261","BRO",4,0,1,0,0,"",0,2,"fourj101","?","fourj101","?","mitcc102","?","mitcc102","?","henlb101","hawkc101","wrigr102","hubec101","sandh101","burng101","harpg101","willc103","","","johnj107","FC3.3XH(3253);B-2","F","F",3,4,19,"T","T",0,"F","F",1,"F","F",0,"F","F",3,"G","F","F","",0,0,"N",0,"N",0,"N",2,0,0,0,"","","","3253","F","F","F","F","F","F","F","F","F","","","mitcc102","F","F","F","F","F","","","","",0,3,0,0,3,2,5,0,0,25,"PHI","BRO","PHI",0,"F","F",0,2,0,12,2,"T","F",4,2,"T","T","browe102","cox-d101","T","T",0,0,0,0,0,0,5,2,23,"","","henlb101",0,0,0,0,0,0,0,0,0,0,0,0,0,"hawkc101","F","F","F","F",0,0,0,0,0,0,0,0,0,0,F,F,"1925PHI.EVN.regular.event.csv",2101
"PHI192505261","BRO",4,0,2,0,0,"",0,2,"browe102","?","browe102","?","mitcc102","?","mitcc102","?","henlb101","hawkc101","wrigr102","hubec101","sandh101","burng101","harpg101","willc103","","fourj101","","43","F","F",8,5,2,"T","T",0,"F","F",1,"F","F",0,"F","F",4,"G","F","F","",0,0,"N",0,"N",0,"N",0,0,2,0,"43","","","","F","F","F","F","F","F","F","F","F","","mitcc102","","F","F","F","F","F","","","","",0,3,0,0,4,0,0,0,0,26,"PHI","BRO","PHI",0,"F","T",0,2,0,13,3,"T","F",2,2,"T","T","cox-d101","stocm101","T","T",0,0,0,3,4,25,0,0,0,"","henlb101","",0,0,0,0,0,0,0,0,0,0,0,0,0,"wrigr102","F","F","F","F",0,0,0,0,0,0,0,0,0,0,F,F,"1925PHI.EVN.regular.event.csv",2102
"PHI192505261","BRO",4,1,0,0,0,"",0,2,"willc103","?","willc103","?","vancd101","?","vancd101","?","debeh101","fourj101","stocm101","johnj107","fordh101","wheaz101","browe102","cox-d101","","","","S9","T","F",9,3,20,"T","T",1,"F","F",0,"F","F",0,"F","F",9,"","F","F","",0,0,"N",0,"N",0,"N",1,0,0,0,"","","","","F","F","F","F","F","F","F","F","F","","","","F","F","F","F","F","","","","",0,0,0,0,0,0,0,0,0,27,"PHI","PHI","BRO",1,"T","F",2,0,0,11,0,"T","F",0,1,"T","T","harpg101","hawkc101","T","T",0,0,0,0,0,0,0,0,0,"","","",0,0,0,0,0,0,0,0,0,0,0,0,0,"cox-d101","F","F","F","F",0,0,0,0,0,0,0,0,0,0,F,F,"1925PHI.EVN.regular.event.csv",2103
"PHI192505261","BRO",4,1,0,0,0,"",0,2,"harpg101","?","harpg101","?","vancd101","?","vancd101","?","debeh101","fourj101","stocm101","johnj107","fordh101","wheaz101","browe102","cox-d101","willc103","","","K","F","F",8,4,3,"T","T",0,"F","F",1,"F","F",0,"F","F",0,"","F","F","",0,0,"N",0,"N",0,"N",0,1,0,0,"2","","","","F","F","F","F","F","F","F","F","F","vancd101","","","F","F","F","F","F","","","","",0,2,0,0,0,0,0,0,0,28,"PHI","PHI","BRO",1,"F","F",2,0,0,12,1,"T","F",1,1,"T","T","hawkc101","henlb101","T","T",9,3,27,0,0,0,0,0,0,"debeh101","","",0,0,0,0,0,0,0,0,0,0,0,0,0,"","F","F","F","F",0,0,0,0,0,0,0,0,0,0,F,F,"1925PHI.EVN.regular.event.csv",2104
"PHI192505261","BRO",4,1,1,0,0,"",0,2,"hawkc101","?","hawkc101","?","vancd101","?","vancd101","?","debeh101","fourj101","stocm101","johnj107","fordh101","wheaz101","browe102","cox-d101","willc103","","","7/F","F","F",3,5,2,"T","T",0,"F","F",1,"F","F",0,"F","F",7,"F","F","F","",0,0,"N",0,"N",0,"N",0,1,0,0,"7","","","","F","F","F","F","F","F","F","F","F","vancd101","","","F","F","F","F","F","","","","",0,7,0,0,0,0,0,0,0,29,"PHI","PHI","BRO",1,"F","F",2,0,0,13,2,"T","F",1,1,"T","T","henlb101","sandh101","T","T",9,3,27,0,0,0,0,0,0,"debeh101","","",0,0,0,0,0,0,0,0,0,0,0,0,0,"wheaz101","F","F","F","F",0,0,0,0,0,0,0,0,0,0,F,F,"1925PHI.EVN.regular.event.csv",2105
"PHI192505261","BRO",4,1,2,0,0,"",0,2,"henlb101","?","henlb101","?","vancd101","?","vancd101","?","debeh101","fourj101","stocm101","johnj107","fordh101","wheaz101","browe102","cox-d101","willc103","","","W.1-2","F","F",2,6,14,"T","F",0,"F","F",0,"F","F",0,"F","F",0,"","F","F","",0,0,"N",0,"N",0,"N",1,2,0,0,"","","","","F","F","F","F","F","F","F","F","F","vancd101","","","F","F","F","F","F","","","","",0,0,0,0,0,0,0,0,0,30,"PHI","PHI","BRO",1,"F","F",2,0,0,14,3,"T","F",1,3,"T","T","sandh101","hubec101","T","T",9,3,27,0,0,0,0,0,0,"debeh101","","",0,0,0,0,0,0,0,0,0,0,0,0,0,"","F","F","F","F",0,0,0,0,0,0,0,0,0,0,F,F,"1925PHI.EVN.regular.event.csv",2106
"PHI192505261","BRO",4,1,2,0,0,"",0,2,"sandh101","?","sandh101","?","vancd101","?","vancd101","?","debeh101","fourj101","stocm101","johnj107","fordh101","wheaz101","browe102","cox-d101","henlb101","willc103","","5/P/FL","F","F",6,7,2,"T","T",0,"F","F",1,"F","F",0,"F","F",5,"P","F","T","",0,0,"N",0,"N",0,"N",0,1,2,0,"5","","","","F","F","F","F","F","F","F","F","F","vancd101","vancd101","","F","F","F","F","F","","","","",0,5,0,0,0,0,0,0,0,31,"PHI","PHI","BRO",1,"F","T",2,0,0,15,4,"T","F",3,3,"T","T","hubec101","mitcc102","T","T",2,6,30,9,3,27,0,0,0,"debeh101","debeh101","",0,0,0,0,0,0,0,0,0,0,0,0,0,"johnj107","F","F","F","F",0,0,0,0,0,0,0,0,0,0,F,F,"1925PHI.EVN.regular.event.csv",2107
"PHI192505261","BRO",5,0,0,0,0,"",0,2,"cox-d101","?","cox-d101","?","mitcc102","?","mitcc102","?","henlb101","hawkc101","wrigr102","hubec101","sandh101","burng101","harpg101","willc103","","","","S7","T","F",9,6,20,"T","T",1,"F","F",0,"F","F",0,"F","F",7,"","F","F","",0,0,"N",0,"N",0,"N",1,0,0,0,"","","","","F","F","F","F","F","F","F","F","F","","","","F","F","F","F","F","","","","",0,0,0,0,0,0,0,0,0,32,"PHI","BRO","PHI",0,"T","F",0,2,0,14,0,"T","F",0,1,"T","T","stocm101","debeh101","T","T",0,0,0,0,0,0,0,0,0,"","","",0,0,0,0,0,0,0,0,0,0,0,0,0,"burng101","F","F","F","F",4,0,0,0,3,0,0,0,0,0,F,F,"1925PHI.EVN.regular.event.csv",2108
"PHI192505261","BRO",5,0,0,0,0,"",0,2,"stocm101","?","stocm101","?","mitcc102","?","mitcc102","?","henlb101","hawkc101","wrigr102","hubec101","sandh101","burng101","harpg101","willc103","cox-d101","","","S/89.1-2","F","F",4,7,20,"T","T",1,"F","F",0,"F","F",0,"F","F",0,"","F","F","89",0,0,"N",0,"N",0,"N",1,2,0,0,"","","","","F","F","F","F","F","F","F","F","F","mitcc102","","","F","F","F","F","F","","","","",0,0,0,0,0,0,0,0,0,33,"PHI","BRO","PHI",0,"F","F",0,2,0,15,1,"T","F",1,3,"T","T","debeh101","vancd101","T","T",9,6,32,0,0,0,0,0,0,"henlb101","","",0,0,0,0,0,0,0,0,0,0,0,0,0,"","F","F","F","F",4,4,0,0,3,0,0,0,0,0,F,F,"1925PHI.EVN.regular.event.csv",2109
"PHI192505261","BRO",5,0,0,0,0,"",0,2,"debeh101","?","debeh101","?","mitcc102","?","mitcc102","?","henlb101","hawkc101","wrigr102","hubec101","sandh101","burng101","harpg101","willc103","stocm101","cox-d101","","53/SH.2-3;1-2","F","F",2,8,2,"T","F",0,"T","F",1,"F","F",0,"F","F",5,"G","T","F","",0,0,"N",0,"N",0,"N",0,2,3,0,"53","","","","F","F","F","F","F","F","F","F","F","mitcc102","mitcc102","","F","F","F","F","F","","","","",0,3,0,0,5,0,0,0,0,34,"PHI","BRO","PHI",0,"F","F",0,2,0,16,2,"T","F",3,6,"T","T","vancd101","fordh101","T","T",4,7,33,9,6,32,0,0,0,"henlb101","henlb101","",0,0,0,0,0,0,0,0,0,0,0,0,0,"hubec101","F","F","F","F",0,4,4,0,3,0,0,0,0,0,F,F,"1925PHI.EVN.regular.event.csv",2110
"PHI192505261","BRO",5,0,1,0,0,"",0,2,"vancd101","?","vancd101","?","mitcc102","?","mitcc102","?","henlb101","hawkc101","wrigr102","hubec101","sandh101","burng101","harpg101","willc103","","stocm101","cox-d101","K","F","F",1,9,3,"T","T",0,"F","F",1,"F","F",0,"F","F",0,"","F","F","",0,0,"N",0,"N",0,"N",0,0,2,3,"2","","","","F","F","F","F","F","F","F","F","F","","mitcc102","mitcc102","F","F","F","F","F","","","","",0,2,0,0,0,0,0,0,0,35,"PHI","BRO","PHI",0,"F","F",0,2,0,17,3,"T","F",6,6,"T","T","fordh101","johnj107","T","T",0,0,0,4,7,33,9,6,32,"","henlb101","henlb101",0,0,0,0,0,0,0,0,0,0,0,0,0,"","F","F","F","F",0,0,4,4,3,0,0,0,0,0,F,F,"1925PHI.EVN.regular.event.csv",2111
"PHI192505261","BRO",5,0,2,0,0,"",0,2,"fordh101","?","fordh101","?","mitcc102","?","mitcc102","?","henlb101","hawkc101","wrigr102","hubec101","sandh101","burng101","harpg101","willc103","","stocm101","cox-d101","S7.3-H;2-H;B-2(THH)","F","F",6,1,20,"T","T",1,"F","F",0,"F","F",2,"F","F",7,"","F","F","",0,0,"N",0,"N",0,"N",2,0,4,4,"","","","","F","F","F","F","F","F","F","F","F","","mitcc102","mitcc102","F","F","F","F","F","","","","",0,0,0,0,0,0,0,0,0,36,"PHI","BRO","PHI",0,"F","F",0,2,0,18,4,"T","F",6,2,"T","T","johnj107","wheaz101","T","T",0,0,0,4,7,33,9,6,32,"","henlb101","henlb101",0,0,0,0,0,0,0,0,0,0,0,0,2,"burng101","F","F","F","F",4,0,4,4,1,0,0,0,0,0,F,F,"1925PHI.EVN.regular.event.csv",2112
"PHI192505261","BRO",5,0,2,0,0,"",2,2,"johnj107","?","johnj107","?","mitcc102","?","mitcc102","?","henlb101","hawkc101","wrigr102","hubec101","sandh101","burng101","harpg101","willc103","","fordh101","","S8.2-H","F","F",5,2,20,"T","T",1,"F","F",0,"F","F",1,"F","F",8,"","F","F","",0,0,"N",0,"N",0,"N",1,0,4,0,"","","","","F","F","F","F","F","F","F","F","F","","mitcc102","","F","F","F","F","F","","","","",0,0,0,0,0,0,0,0,0,37,"PHI","BRO","PHI",0,"F","F",2,2,2,19,5,"T","F",2,1,"T","T","wheaz101","fourj101","T","T",0,0,0,6,1,36,0,0,0,"","henlb101","",0,0,0,0,0,0,0,0,0,0,0,0,1,"harpg101","F","F","F","F",0,0,4,0,0,0,0,0,0,0,F,F,"1925PHI.EVN.regular.event.csv",2113
"PHI192505261","BRO",5,0,2,0,0,"",3,2,"wheaz101","?","wheaz101","?","mitcc102","?","mitcc102","?","henlb101","hawkc101","wrigr102","hubec101","sandh101","burng101","harpg101","willc103","johnj107","","","43","F","F",7,3,2,"T","T",0,"F","F",1,"F","F",0,"F","F",4,"G","F","F","",0,0,"N",0,"N",0,"N",0,1,0,0,"43","","","","F","F","F","F","F","F","F","F","F","mitcc102","","","F","F","F","F","F","","","","",0,3,0,0,4,0,0,0,0,38,"PHI","BRO","PHI",0,"F","T",3,2,3,20,6,"T","F",1,1,"T","T","fourj101","browe102","T","T",5,2,37,0,0,0,0,0,0,"henlb101","","",0,0,0,0,0,0,0,0,0,0,0,0,0,"wrigr102","F","F","F","F",0,0,0,0,0,0,0,0,0,0,F,F,"1925PHI.EVN.regular.event.csv",2114
"PHI192505261","BRO",5,1,0,0,0,"",3,2,"hubec101","?","hubec101","?","vancd101","?","vancd101","?","debeh101","fourj101","stocm101","johnj107","fordh101","wheaz101","browe102","cox-d101","","","","K/C","T","F",5,8,3,"T","T",0,"F","F",1,"F","F",0,"F","F",0,"","F","F","",0,0,"N",0,"N",0,"N",0,0,0,0,"2","","","","F","F","F","F","F","F","F","F","F","","","","F","F","F","F","F","","","","",0,2,0,0,0,0,0,0,0,39,"PHI","PHI","BRO",1,"T","F",2,3,0,16,0,"T","F",0,0,"T","T","mitcc102","burng101","T","T",0,0,0,0,0,0,0,0,0,"","","",0,0,0,0,0,0,0,0,0,0,0,0,0,"","F","F","F","F",0,0,0,0,0,0,0,0,0,0,F,F,"1925PHI.EVN.regular.event.csv",2115
"PHI192505261","BRO",5,1,1,0,0,"",3,2,"mitcc102","?","mitcc102","?","vancd101","?","vancd101","?","debeh101","fourj101","stocm101","johnj107","fordh101","wheaz101","browe102","cox-d101","","","","E6/G.B-2","F","F",1,9,18,"T","T",0,"F","F",0,"F","F",0,"F","F",6,"G","F","F","",1,6,"F",0,"N",0,"N",2,0,0,0,"","","","","F","F","F","F","F","F","F","F","F","","","","F","F","F","F","F","","","","",0,0,0,0,0,0,0,0,0,40,"PHI","PHI","BRO",1,"F","F",2,3,0,17,1,"T","F",0,2,"T","T","burng101","wrigr102","T","T",0,0,0,0,0,0,0,0,0,"","","",0,0,0,0,0,0,0,0,0,0,0,0,0,"fordh101","F","F","F","T",0,0,0,0,0,0,0,0,0,0,F,F,"1925PHI.EVN.regular.event.csv",2116
"PHI192505261","BRO",5,1,1,0,0,"",3,2,"burng101","?","burng101","?","vancd101","?","vancd101","?","debeh101","fourj101","stocm101","johnj107","fordh101","wheaz101","browe102","cox-d101","","mitcc102","","9/F","F","F",7,1,2,"T","T",0,"F","F",1,"F","F",0,"F","F",9,"F","F","F","",0,0,"N",0,"N",0,"N",0,0,2,0,"9","","","","F","F","F","F","F","F","F","F","F","","vancd101","","F","F","F","F","F","","","","",0,9,0,0,0,0,0,0,0,41,"PHI","PHI","BRO",1,"F","F",2,3,0,18,2,"T","F",2,2,"T","T","wrigr102","willc103","T","T",0,0,0,1,9,40,0,0,0,"","debeh101","",0,0,0,0,0,0,0,0,0,0,0,0,0,"cox-d101","F","F","F","F",0,0,0,0,0,0,0,0,0,0,F,F,"1925PHI.EVN.regular.event.csv",2117
"PHI192505261","BRO",5,1,2,0,0,"",3,2,"wrigr102","?","wrigr102","?","vancd101","?","vancd101","?","debeh101","fourj101","stocm101","johnj107","fordh101","wheaz101","browe102","cox-d101","","mitcc102","","K","F","F",4,2,3,"T","T",0,"F","F",1,"F","F",0,"F","F",0,"","F","F","",0,0,"N",0,"N",0,"N",0,0,2,0,"2","","","","F","F","F","F","F","F","F","F","F","","vancd101","","F","F","F","F","F","","","","",0,2,0,0,0,0,0,0,0,42,"PHI","PHI","BRO",1,"F","T",2,3,0,19,3,"T","F",2,2,"T","T","willc103","harpg101","T","T",0,0,0,1,9,40,0,0,0,"","debeh101","",0,0,0,0,0,0,0,0,0,0,0,0,0,"","F","F","F","F",0,0,0,0,0,0,0,0,0,0,F,F,"1925PHI.EVN.regular.event.csv",2118
"PHI192505261","BRO",6,0,0,0,0,"",3,2,"fourj101","?","fourj101","?","mitcc102","?","mitcc102","?","henlb101","hawkc101","wrigr102","hubec101","sandh101","burng101","harpg101","willc103","","","","6/P","T","F",3,4,2,"T","T",0,"F","F",1,"F","F",0,"F","F",6,"P","F","F","",0,0,"N",0,"N",0,"N",0,0,0,0,"6","","","","F","F","F","F","F","F","F","F","F","","","","F","F","F","F","F","","","","",0,6,0,0,0,0,0,0,0,43,"PHI","BRO","PHI",0,"T","F",3,2,0,21,0,"T","F",0,0,"T","T","browe102","cox-d101","T","T",0,0,0,0,0,0,0,0,0,"","","",0,0,0,0,0,0,0,0,0,0,0,0,0,"sandh101","F","F","F","F",0,0,0,0,0,0,0,0,0,0,F,F,"1925PHI.EVN.regular.event.csv",2119
"PHI192505261","BRO",6,0,1,0,0,"",3,2,"browe102","?","browe102","?","mitcc102","?","mitcc102","?","henlb101","hawkc101","wrigr102","hubec101","sandh101","burng101","harpg101","willc103","","","","53","F","F",8,5,2,"T","T",0,"F","F",1,"F","F",0,"F","F",5,"G","F","F","",0,0,"N",0,"N",0,"N",0,0,0,0,"53","","","","F","F","F","F","F","F","F","F","F","","","","F","F","F","F","F","","","","",0,3,0,0,5,0,0,0,0,44,"PHI","BRO","PHI",0,"F","F",3,2,0,22,1,"T","F",0,0,"T","T","cox-d101","stocm101","T","T",0,0,0,0,0,0,0,0,0,"","","",0,0,0,0,0,0,0,0,0,0,0,0,0,"hubec101","F","F","F","F",0,0,0,0,0,0,0,0,0,0,F,F,"1925PHI.EVN.regular.event.csv",2120
"PHI192505261","BRO",6,0,2,0,0,"",3,2,"cox-d101","?","cox-d101","?","mitcc102","?","mitcc102","?","henlb101","hawkc101","wrigr102","hubec101","sandh101","burng101","harpg101","willc103","","","","S2/G2.B-2(E2/TH1)","F","F",9,6,20,"T","T",1,"F","F",0,"F","F",0,"F","F",2,"G","F","F","2",1,2,"T",0,"N",0,"N",2,0,0,0,"","","","","F","F","F","F","F","F","F","F","F","","","","F","F","F","F","F","","","","",0,0,0,0,0,0,0,0,0,45,"PHI","BRO","PHI",0,"F","F",3,2,0,23,2,"T","F",0,2,"T","T","stocm101","debeh101","T","T",0,0,0,0,0,0,0,0,0,"","","",0,0,0,0,0,0,0,0,0,0,0,0,0,"henlb101","F","F","F","F",0,0,0,0,0,0,0,0,0,0,F,F,"1925PHI.EVN.regular.event.csv",2121
"PHI192505261","BRO",6,0,2,0,0,"",3,2,"stocm101","?","stocm101","?","mitcc102","?","mitcc102","?","henlb101","hawkc101","wrigr102","hubec101","sandh101","burng101","harpg101","willc103","","cox-d101","","13","F","F",4,7,2,"T","T",0,"F","F",1,"F","F",0,"F","F",1,"G","F","F","",0,0,"N",0,"N",0,"N",0,0,2,0,"13","","","","F","F","F","F","F","F","F","F","F","","mitcc102","","F","F","F","F","F","","","","",0,3,0,0,1,0,0,0,0,46,"PHI","BRO","PHI",0,"F","T",3,2,0,24,3,"T","F",2,2,"T","T","debeh101","vancd101","T","T",0,0,0,9,6,45,0,0,0,"","henlb101","",0,0,0,0,0,0,0,0,0,0,0,0,0,"mitcc102","F","F","F","F",0,0,0,0,0,0,0,0,0,0,F,F,"1925PHI.EVN.regular.event.csv",2122
"PHI192505261","BRO",6,1,0,0,0,"",3,2,"willc103","?","willc103","?","vancd101","?","vancd101","?","debeh101","fourj101","stocm101","johnj107","fordh101","wheaz101","browe102","cox-d101","","","","K","T","F",9,3,3,"T","T",0,"F","F",1,"F","F",0,"F","F",0,"","F","F","",0,0,"N",0,"N",0,"N",0,0,0,0,"2","","","","F","F","F","F","F","F","F","F","F","","","","F","F","F","F","F","","","","",0,2,0,0,0,0,0,0,0,47,"PHI","PHI","BRO",1,"T","F",2,3,0,20,0,"T","F",0,0,"T","T","harpg101","hawkc101","T","T",0,0,0,0,0,0,0,0,0,"","","",0,0,0,0,0,0,0,0,0,0,0,0,0,"","F","F","F","F",0,0,0,0,0,0,0,0,0,0,F,F,"1925PHI.EVN.regular.event.csv",2123
"PHI192505261","BRO",6,1,1,0,0,"",3,2,"harpg101","?","harpg101","?","vancd101","?","vancd101","?","debeh101","fourj101","stocm101","johnj107","fordh101","wheaz101","browe102","cox-d101","","","","2/P","F","F",8,4,2,"T","T",0,"F","F",1,"F","F",0,"F","F",2,"P","F","F","",0,0,"N",0,"N",0,"N",0,0,0,0,"2","","","","F","F","F","F","F","F","F","F","F","","","","F","F","F","F","F","","","","",0,2,0,0,0,0,0,0,0,48,"PHI","PHI","BRO",1,"F","F",2,3,0,21,1,"T","F",0,0,"T","T","hawkc101","henlb101","T","T",0,0,0,0,0,0,0,0,0,"","","",0,0,0,0,0,0,0,0,0,0,0,0,0,"debeh101","F","F","F","F",0,0,0,0,0,0,0,0,0,0,F,F,"1925PHI.EVN.regular.event.csv",2124
"PHI192505261","BRO",6,1,2,0,0,"",3,2,"hawkc101","?","hawkc101","?","vancd101","?","vancd101","?","debeh101","fourj101","stocm101","johnj107","fordh101","wheaz101","browe102","cox-d101","","","","K/C","F","F",3,5,3,"T","T",0,"F","F",1,"F","F",0,"F","F",0,"","F","F","",0,0,"N",0,"N",0,"N",0,0,0,0,"2","","","","F","F","F","F","F","F","F","F","F","","","","F","F","F","F","F","","","","",0,2,0,0,0,0,0,0,0,49,"PHI","PHI","BRO",1,"F","T",2,3,0,22,2,"T","F",0,0,"T","T","henlb101","sandh101","T","T",0,0,0,0,0,0,0,0,0,"","","",0,0,0,0,0,0,0,0,0,0,0,0,0,"","F","F","F","F",0,0,0,0,0,0,0,0,0,0,F,F,"1925PHI.EVN.regular.event.csv",2125
"PHI192505261","BRO",7,0,0,0,0,"",3,2,"debeh101","?","debeh101","?","mitcc102","?","mitcc102","?","henlb101","hawkc101","wrigr102","hubec101","sandh101","burng101","harpg101","willc103","","","","7/F","T","F",2,8,2,"T","T",0,"F","F",1,"F","F",0,"F","F",7,"F","F","F","",0,0,"N",0,"N",0,"N",0,0,0,0,"7","","","","F","F","F","F","F","F","F","F","F","","","","F","F","F","F","F","","","","",0,7,0,0,0,0,0,0,0,50,"PHI","BRO","PHI",0,"T","F",3,2,0,25,0,"T","F",0,0,"T","T","vancd101","fordh101","T","T",0,0,0,0,0,0,0,0,0,"","","",0,0,0,0,0,0,0,0,0,0,0,0,0,"burng101","F","F","F","F",0,0,0,0,0,0,0,0,0,0,F,F,"1925PHI.EVN.regular.event.csv",2126
"PHI192505261","BRO",7,0,1,0,0,"",3,2,"vancd101","?","vancd101","?","mitcc102","?","mitcc102","?","henlb101","hawkc101","wrigr102","hubec101","sandh101","burng101","harpg101","willc103","","","","13","F","F",1,9,2,"T","T",0,"F","F",1,"F","F",0,"F","F",1,"G","F","F","",0,0,"N",0,"N",0,"N",0,0,0,0,"13","","","","F","F","F","F","F","F","F","F","F","","","","F","F","F","F","F","","","","",0,3,0,0,1,0,0,0,0,51,"PHI","BRO","PHI",0,"F","F",3,2,0,26,1,"T","F",0,0,"T","T","fordh101","johnj107","T","T",0,0,0,0,0,0,0,0,0,"","","",0,0,0,0,0,0,0,0,0,0,0,0,0,"mitcc102","F","F","F","F",0,0,0,0,0,0,0,0,0,0,F,F,"1925PHI.EVN.regular.event.csv",2127
"PHI192505261","BRO",7,0,2,0,0,"",3,2,"fordh101","?","fordh101","?","mitcc102","?","mitcc102","?","henlb101","hawkc101","wrigr102","hubec101","sandh101","burng101","harpg101","willc103","","","","W","F","F",6,1,14,"T","F",0,"F","F",0,"F","F",0,"F","F",0,"","F","F","",0,0,"N",0,"N",0,"N",1,0,0,0,"","","","","F","F","F","F","F","F","F","F","F","","","","F","F","F","F","F","","","","",0,0,0,0,0,0,0,0,0,52,"PHI","BRO","PHI",0,"F","F",3,2,0,27,2,"T","F",0,1,"T","T","johnj107","wheaz101","T","T",0,0,0,0,0,0,0,0,0,"","","",0,0,0,0,0,0,0,0,0,0,0,0,0,"","F","F","F","F",0,0,0,0,0,0,0,0,0,0,F,F,"1925PHI.EVN.regular.event.csv",2128
"PHI192505261","BRO",7,0,2,0,0,"",3,2,"johnj107","?","johnj107","?","mitcc102","?","mitcc102","?","henlb101","hawkc101","wrigr102","hubec101","sandh101","burng101","harpg101","willc103","fordh101","","","9/F","F","F",5,2,2,"T","T",0,"F","F",1,"F","F",0,"F","F",9,"F","F","F","",0,0,"N",0,"N",0,"N",0,1,0,0,"9","","","","F","F","F","F","F","F","F","F","F","mitcc102","","","F","F","F","F","F","","","","",0,9,0,0,0,0,0,0,0,53,"PHI","BRO","PHI",0,"F","T",3,2,0,28,3,"T","F",1,1,"T","T","wheaz101","fourj101","T","T",6,1,52,0,0,0,0,0,0,"henlb101","","",0,0,0,0,0,0,0,0,0,0,0,0,0,"willc103","F","F","F","F",0,0,0,0,0,0,0,0,0,0,F,F,"1925PHI.EVN.regular.event.csv",2129
"PHI192505261","BRO",7,1,0,0,0,"",3,2,"henlb101","?","henlb101","?","vancd101","?","vancd101","?","debeh101","fourj101","stocm101","johnj107","fordh101","wheaz101","browe102","cox-d101","","","","8/F","T","F",2,6,2,"T","T",0,"F","F",1,"F","F",0,"F","F",8,"F","F","F","",0,0,"N",0,"N",0,"N",0,0,0,0,"8","","","","F","F","F","F","F","F","F","F","F","","","","F","F","F","F","F","","","","",0,8,0,0,0,0,0,0,0,54,"PHI","PHI","BRO",1,"T","F",2,3,0,23,0,"T","F",0,0,"T","T","sandh101","hubec101","T","T",0,0,0,0,0,0,0,0,0,"","","",0,0,0,0,0,0,0,0,0,0,0,0,0,"browe102","F","F","F","F",0,0,0,0,0,0,0,0,0,0,F,F,"1925PHI.EVN.regular.event.csv",2130
"PHI192505261","BRO",7,1,1,0,0,"",3,2,"sandh101","?","sandh101","?","vancd101","?","vancd101","?","debeh101","fourj101","stocm101","johnj107","fordh101","wheaz101","browe102","cox-d101","","","","S6/G","F","F",6,7,20,"T","T",1,"F","F",0,"F","F",0,"F","F",6,"G","F","F","",0,0,"N",0,"N",0,"N",1,0,0,0,"","","","","F","F","F","F","F","F","F","F","F","","","","F","F","F","F","F","","","","",0,0,0,0,0,0,0,0,0,55,"PHI","PHI","BRO",1,"F","F",2,3,0,24,1,"T","F",0,1,"T","T","hubec101","mitcc102","T","T",0,0,0,0,0,0,0,0,0,"","","",0,0,0,0,0,0,0,0,0,0,0,0,0,"fordh101","F","F","F","F",0,0,0,0,0,0,0,0,0,0,F,F,"1925PHI.EVN.regular.event.csv",2131
"PHI192505261","BRO",7,1,1,0,0,"",3,2,"hubec101","?","hubec101","?","vancd101","?","vancd101","?","debeh101","fourj101","stocm101","johnj107","fordh101","wheaz101","browe102","cox-d101","sandh101","","","46(1)3/GDP","F","F",5,8,2,"T","T",0,"F","F",2,"T","F",0,"F","F",4,"G","F","F","",0,0,"N",0,"N",0,"N",0,0,0,0,"63","46","","","F","F","F","F","F","F","F","F","F","vancd101","","","F","F","F","F","F","","","","",0,6,3,0,4,6,0,0,0,56,"PHI","PHI","BRO",1,"F","T",2,3,0,25,2,"T","F",1,0,"T","T","mitcc102","burng101","T","T",6,7,55,0,0,0,0,0,0,"debeh101","","",0,0,0,0,0,0,0,0,0,0,0,0,0,"stocm101","T","F","F","F",0,0,0,0,0,0,0,0,0,0,F,F,"1925PHI.EVN.regular.event.csv",2132
"PHI192505261","BRO",8,0,0,0,0,"",3,2,"wheaz101","?","wheaz101","?","mitcc102","?","mitcc102","?","henlb101","hawkc101","wrigr102","hubec101","sandh101","burng101","harpg101","willc103","","","","D9","T","F",7,3,21,"T","T",2,"F","F",0,"F","F",0,"F","F",9,"","F","F","",0,0,"N",0,"N",0,"N",2,0,0,0,"","","","","F","F","F","F","F","F","F","F","F","","","","F","F","F","F","F","","","","",0,0,0,0,0,0,0,0,0,57,"PHI","BRO","PHI",0,"T","F",3,2,0,29,0,"T","F",0,2,"T","T","fourj101","browe102","T","T",0,0,0,0,0,0,0,0,0,"","","",0,0,0,0,0,0,0,0,0,0,0,0,0,"willc103","F","F","F","F",4,0,0,0,3,0,0,0,0,0,F,F,"1925PHI.EVN.regular.event.csv",2133
"PHI192505261","BRO",8,0,0,0,0,"",3,2,"fourj101","?","fourj101","?","mitcc102","?","mitcc102","?","henlb101","hawkc101","wrigr102","hubec101","sandh101","burng101","harpg101","willc103","","wheaz101","","D9.2-H","F","F",3,4,21,"T","T",2,"F","F",0,"F","F",1,"F","F",9,"","F","F","",0,0,"N",0,"N",0,"N",2,0,4,0,"","","","","F","F","F","F","F","F","F","F","F","","mitcc102","","F","F","F","F","F","","","","",0,0,0,0,0,0,0,0,0,58,"PHI","BRO","PHI",0,"F","F",3,2,0,30,1,"T","F",2,2,"T","T","browe102","cox-d101","T","T",0,0,0,7,3,57,0,0,0,"","henlb101","",0,0,0,0,0,0,0,0,0,0,0,0,1,"willc103","F","F","F","F",4,0,4,0,2,0,0,0,0,0,F,F,"1925PHI.EVN.regular.event.csv",2134
"PHI192505261","BRO",8,0,0,0,0,"",4,2,"browe102","?","browe102","?","mitcc102","?","mitcc102","?","henlb101","hawkc101","wrigr102","hubec101","sandh101","burng101","harpg101","willc103","","fourj101","","63.2-3","F","F",8,5,2,"T","T",0,"F","F",1,"F","F",0,"F","F",6,"G","F","F","",0,0,"N",0,"N",0,"N",0,0,3,0,"63","","","","F","F","F","F","F","F","F","F","F","","mitcc102","","F","F","F","F","F","","","","",0,3,0,0,6,0,0,0,0,59,"PHI","BRO","PHI",0,"F","F",4,2,1,31,2,"T","F",2,4,"T","T","cox-d101","stocm101","T","T",0,0,0,3,4,58,0,0,0,"","henlb101","",0,0,0,0,0,0,0,0,0,0,0,0,0,"sandh101","F","F","F","F",0,0,4,0,2,0,0,0,0,0,F,F,"1925PHI.EVN.regular.event.csv",2135
"PHI192505261","BRO",8,0,1,0,0,"",4,2,"cox-d101","?","cox-d101","?","mitcc102","?","mitcc102","?","henlb101","hawkc101","wrigr102","hubec101","sandh101","burng101","harpg101","willc103","","","fourj101","E6/G.3-H(NR)","F","F",9,6,18,"T","T",0,"F","F",0,"F","F",0,"F","F",6,"G","F","F","",1,6,"F",0,"N",0,"N",1,0,0,4,"","","","","F","F","F","F","F","F","F","F","F","","","mitcc102","F","F","F","F","F","","","","",0,0,0,0,0,0,0,0,0,60,"PHI","BRO","PHI",0,"F","F",4,2,1,32,3,"T","F",4,1,"T","T","stocm101","debeh101","T","T",0,0,0,0,0,0,3,4,58,"","","henlb101",0,0,0,0,0,0,0,0,0,0,0,0,1,"sandh101","F","F","F","T",5,0,0,4,1,0,0,0,0,0,F,F,"1925PHI.EVN.regular.event.csv",2136
"PHI192505261","BRO",8,0,1,0,0,"",5,2,"stocm101","?","stocm101","?","mitcc102","?","mitcc102","?","henlb101","hawkc101","wrigr102","hubec101","sandh101","burng101","harpg101","willc103","cox-d101","","","S9.1-3","F","F",4,7,20,"T","T",1,"F","F",0,"F","F",0,"F","F",9,"","F","F","",0,0,"N",0,"N",0,"N",1,3,0,0,"","","","","F","F","F","F","F","F","F","F","F","mitcc102","","","F","F","F","F","F","","","","",0,0,0,0,0,0,0,0,0,61,"PHI","BRO","PHI",0,"F","F",5,2,2,33,4,"T","F",1,5,"T","T","debeh101","vancd101","T","T",9,6,60,0,0,0,0,0,0,"henlb101","","",0,0,0,0,0,0,0,0,0,0,0,0,0,"willc103","F","F","F","F",2,5,0,0,1,0,0,0,0,0,F,F,"1925PHI.EVN.regular.event.csv",2137
"PHI192505261","BRO",8,0,1,0,0,"",5,2,"debeh101","?","debeh101","?","mitcc102","?","mitcc102","?","henlb101","hawkc101","wrigr102","hubec101","sandh101","burng101","harpg101","willc103","stocm101","","cox-d101","S7.3-H(UR);1-2","F","F",2,8,20,"T","T",1,"F","F",0,"F","F",1,"F","F",7,"","F","F","",0,0,"N",0,"N",0,"N",1,2,0,5,"","","","","F","F","F","F","F","F","F","F","F","mitcc102","","mitcc102","F","F","F","F","F","","","","",0,0,0,0,0,0,0,0,0,62,"PHI","BRO","PHI",0,"F","F",5,2,2,34,5,"T","F",5,3,"T","T","vancd101","fordh101","T","T",4,7,61,0,0,0,9,6,60,"henlb101","","henlb101",0,0,0,0,0,0,0,0,0,0,0,0,1,"burng101","F","F","F","F",0,2,0,5,0,0,0,0,0,0,F,F,"1925PHI.EVN.regular.event.csv",2138
"PHI192505261","BRO",8,0,1,0,0,"",6,2,"vancd101","?","vancd101","?","betth101","?","betth101","?","henlb101","hawkc101","wrigr102","hubec101","sandh101","burng101","harpg101","willc103","debeh101","stocm101","","K","F","F",1,9,3,"T","T",0,"F","F",1,"F","F",0,"F","F",0,"","F","F","",0,0,"N",0,"N",0,"N",0,1,2,0,"2","","","","F","F","F","F","F","F","F","F","F","mitcc102","mitcc102","","F","F","F","F","F","","","","",0,2,0,0,0,0,0,0,0,63,"PHI","BRO","PHI",0,"F","F",6,2,3,35,6,"T","F",3,3,"T","T","fordh101","johnj107","F","F",2,8,62,4,7,61,0,0,0,"henlb101","henlb101","",0,0,0,0,0,0,0,0,0,0,0,0,0,"","F","F","F","F",0,0,2,0,0,0,0,0,0,0,F,F,"1925PHI.EVN.regular.event.csv",2139
"PHI192505261","BRO",8,0,2,0,0,"",6,2,"fordh101","?","fordh101","?","betth101","?","betth101","?","henlb101","hawkc101","wrigr102","hubec101","sandh101","burng101","harpg101","willc103","debeh101","stocm101","","54(1)/FO","F","F",6,1,2,"T","T",0,"F","F",1,"F","F",0,"F","F",5,"G","F","F","",0,0,"N",0,"N",0,"N",1,0,2,0,"","54","","","F","F","F","F","F","F","F","F","F","mitcc102","mitcc102","","F","F","F","F","F","","","","",0,4,0,0,5,0,0,0,0,64,"PHI","BRO","PHI",0,"F","T",6,2,3,36,7,"T","F",3,3,"T","T","johnj107","wheaz101","F","F",2,8,62,4,7,61,0,0,0,"henlb101","henlb101","",0,0,0,0,0,0,0,0,0,0,0,0,0,"hubec101","T","F","F","F",1,0,2,0,0,0,0,0,0,0,F,F,"1925PHI.EVN.regular.event.csv",2140
"PHI192505261","BRO",8,1,0,0,0,"",6,2,"schuj101","?","schuj101","?","vancd101","?","vancd101","?","debeh101","fourj101","stocm101","johnj107","fordh101","wheaz101","browe102","cox-d101","","","","D8","T","T",11,9,21,"T","T",2,"F","F",0,"F","F",0,"F","F",8,"","F","F","",0,0,"N",0,"N",0,"N",2,0,0,0,"","","","","F","F","F","F","F","F","F","F","F","","","","F","F","F","F","F","","","","betth101",1,0,0,0,0,0,0,0,0,65,"PHI","PHI","BRO",1,"T","F",2,6,0,26,0,"T","F",0,2,"F","F","burng101","wrigr102","T","T",0,0,0,0,0,0,0,0,0,"","","",0,0,0,0,0,0,0,0,0,0,0,0,0,"browe102","F","F","F","F",3,0,0,0,0,0,0,0,0,0,F,F,"1925PHI.EVN.regular.event.csv",2141
"PHI192505261","BRO",8,1,0,0,0,"",6,2,"holkw101","?","holkw101","?","vancd101","?","vancd101","?","debeh101","fourj101","stocm101","johnj107","fordh101","wheaz101","browe102","cox-d101","","schuj101","","31.2-3","F","T",11,1,2,"T","T",0,"F","F",1,"F","F",0,"F","F",3,"G","F","F","",0,0,"N",0,"N",0,"N",0,0,3,0,"31","","","","F","F","F","F","F","F","F","F","F","","vancd101","","F","F","F","F","F","","","","burng101",7,1,0,0,3,0,0,0,0,66,"PHI","PHI","BRO",1,"F","F",2,6,0,27,1,"T","F",2,4,"F","F","wrigr102","willc103","T","T",0,0,0,11,9,65,0,0,0,"","debeh101","",0,0,0,0,0,0,0,0,0,0,0,0,0,"fourj101","F","F","F","F",0,0,3,0,0,0,0,0,0,0,F,F,"1925PHI.EVN.regular.event.csv",2142
"PHI192505261","BRO",8,1,1,0,0,"",6,2,"wrigr102","?","wrigr102","?","vancd101","?","vancd101","?","debeh101","fourj101","stocm101","johnj107","fordh101","wheaz101","browe102","cox-d101","","","schuj101","5/P/FL","F","F",4,2,2,"T","T",0,"F","F",1,"F","F",0,"F","F",5,"P","F","T","",0,0,"N",0,"N",0,"N",0,0,0,3,"5","","","","F","F","F","F","F","F","F","F","F","","","vancd101","F","F","F","F","F","","","","",0,5,0,0,0,0,0,0,0,67,"PHI","PHI","BRO",1,"F","F",2,6,0,28,2,"T","F",4,4,"T","T","willc103","harpg101","T","T",0,0,0,0,0,0,0,9,65,"","","debeh101",0,0,0,0,0,0,0,0,0,0,0,0,0,"johnj107","F","F","F","F",0,0,0,3,0,0,0,0,0,0,F,F,"1925PHI.EVN.regular.event.csv",2143
"PHI192505261","BRO",8,1,2,0,0,"",6,2,"willc103","?","willc103","?","vancd101","?","vancd101","?","debeh101","fourj101","stocm101","johnj107","fordh101","wheaz101","browe102","cox-d101","","","schuj101","4/P","F","F",9,3,2,"T","T",0,"F","F",1,"F","F",0,"F","F",4,"P","F","F","",0,0,"N",0,"N",0,"N",0,0,0,3,"4","","","","F","F","F","F","F","F","F","F","F","","","vancd101","F","F","F","F","F","","","","",0,4,0,0,0,0,0,0,0,68,"PHI","PHI","BRO",1,"F","T",2,6,0,29,3,"T","F",4,4,"T","T","harpg101","hawkc101","T","T",0,0,0,0,0,0,0,9,65,"","","debeh101",0,0,0,0,0,0,0,0,0,0,0,0,0,"stocm101","F","F","F","F",0,0,0,3,0,0,0,0,0,0,F,F,"1925PHI.EVN.regular.event.csv",2144
"PHI192505261","BRO",9,0,0,0,0,"",6,2,"johnj107","?","johnj107","?","vineb101","?","vineb101","?","henlb101","hawkc101","wrigr102","hubec101","sandh101","schuj101","harpg101","willc103","","","","9/F","T","F",5,2,2,"T","T",0,"F","F",1,"F","F",0,"F","F",9,"F","F","F","",0,0,"N",0,"N",0,"N",0,0,0,0,"9","","","","F","F","F","F","F","F","F","F","F","","","","F","F","F","F","F","","","","",0,9,0,0,0,0,0,0,0,69,"PHI","BRO","PHI",0,"T","F",6,2,0,37,0,"T","F",0,0,"T","T","wheaz101","fourj101","F","F",0,0,0,0,0,0,0,0,0,"","","",0,0,0,0,0,0,0,0,0,0,0,0,0,"willc103","F","F","F","F",0,0,0,0,4,0,0,0,0,0,F,F,"1925PHI.EVN.regular.event.csv",2145
"PHI192505261","BRO",9,0,1,0,0,"",6,2,"wheaz101","?","wheaz101","?","vineb101","?","vineb101","?","henlb101","hawkc101","wrigr102","hubec101","sandh101","schuj101","harpg101","willc103","","","","E6/TH1","F","F",7,3,18,"T","T",0,"F","F",0,"F","F",0,"F","F",6,"G","F","F","",1,6,"T",0,"N",0,"N",1,0,0,0,"","","","","F","F","F","F","F","F","F","F","F","","","","F","F","F","F","F","","","","",0,0,0,0,0,0,0,0,0,70,"PHI","BRO","PHI",0,"F","F",6,2,0,38,1,"T","F",0,1,"T","T","fourj101","browe102","F","F",0,0,0,0,0,0,0,0,0,"","","",0,0,0,0,0,0,0,0,0,0,0,0,0,"sandh101","F","F","F","T",5,0,0,0,4,0,0,0,0,0,F,F,"1925PHI.EVN.regular.event.csv",2146
"PHI192505261","BRO",9,0,1,0,0,"",6,2,"fourj101","?","fourj101","?","vineb101","?","vineb101","?","henlb101","hawkc101","wrigr102","hubec101","sandh101","schuj101","harpg101","willc103","wheaz101","","","E3/G.1-2","F","F",3,4,18,"T","T",0,"F","F",0,"F","F",0,"F","F",3,"G","F","F","",1,3,"F",0,"N",0,"N",1,2,0,0,"","","","","F","F","F","F","F","F","F","F","F","vineb101","","","F","F","F","F","F","","","","",0,0,0,0,0,0,0,0,0,71,"PHI","BRO","PHI",0,"F","F",6,2,0,39,2,"T","F",1,3,"T","T","browe102","cox-d101","F","F",7,3,70,0,0,0,0,0,0,"henlb101","","",0,0,0,0,0,0,0,0,0,0,0,0,0,"hawkc101","F","F","F","T",5,5,0,0,4,0,0,0,0,0,F,F,"1925PHI.EVN.regular.event.csv",2147
"PHI192505261","BRO",9,0,1,0,0,"",6,2,"browe102","?","browe102","?","vineb101","?","vineb101","?","henlb101","hawkc101","wrigr102","hubec101","sandh101","schuj101","harpg101","willc103","fourj101","wheaz101","","S8/8S.2-H(UR);1-3","F","F",8,5,20,"T","T",1,"F","F",0,"F","F",1,"F","F",8,"","F","F","8S",0,0,"N",0,"N",0,"N",1,3,5,0,"","","","","F","F","F","F","F","F","F","F","F","vineb101","vineb101","","F","F","F","F","F","","","","",0,0,0,0,0,0,0,0,0,72,"PHI","BRO","PHI",0,"F","F",6,2,0,40,3,"T","F",3,5,"T","T","cox-d101","stocm101","F","F",3,4,71,7,3,70,0,0,0,"henlb101","henlb101","",0,0,0,0,0,0,0,0,0,0,0,0,1,"harpg101","F","F","F","F",5,5,5,0,3,0,0,0,0,0,F,F,"1925PHI.EVN.regular.event.csv",2148
"PHI192505261","BRO",9,0,1,0,0,"",7,2,"cox-d101","?","cox-d101","?","vineb101","?","vineb101","?","henlb101","hawkc101","wrigr102","hubec101","sandh101","schuj101","harpg101","willc103","browe102","","fourj101","WP.3-H(UR)","F","F",9,6,9,"F","F",0,"F","F",0,"F","F",0,"T","F",0,"","F","F","",0,0,"N",0,"N",0,"N",0,1,0,5,"","","","","F","F","F","F","F","F","F","F","F","vineb101","","vineb101","F","F","F","F","F","","","","",0,0,0,0,0,0,0,0,0,73,"PHI","BRO","PHI",0,"F","F",7,2,1,41,4,"T","F",5,1,"T","T","stocm101","debeh101","F","F",8,5,72,0,0,0,3,4,71,"henlb101","","henlb101",0,0,0,0,0,0,0,0,0,0,0,0,1,"","F","F","F","F",0,5,0,5,2,0,0,0,0,0,F,F,"1925PHI.EVN.regular.event.csv",2149
"PHI192505261","BRO",9,0,1,0,0,"",8,2,"cox-d101","?","cox-d101","?","vineb101","?","vineb101","?","henlb101","hawkc101","wrigr102","hubec101","sandh101","schuj101","harpg101","willc103","browe102","","","S8.1-2","F","F",9,6,20,"T","T",1,"F","F",0,"F","F",0,"F","F",8,"","F","F","",0,0,"N",0,"N",0,"N",1,2,0,0,"","","","","F","F","F","F","F","F","F","F","F","vineb101","","","F","F","F","F","F","","","","",0,0,0,0,0,0,0,0,0,74,"PHI","BRO","PHI",0,"F","F",8,2,2,41,4,"F","F",1,3,"T","T","stocm101","debeh101","F","F",8,5,72,0,0,0,0,0,0,"henlb101","","",0,0,0,0,0,0,0,0,0,0,0,0,0,"harpg101","F","F","F","F",5,5,0,0,2,0,0,0,0,0,F,F,"1925PHI.EVN.regular.event.csv",2150
"PHI192505261","BRO",9,0,1,0,0,"",8,2,"stocm101","?","stocm101","?","vineb101","?","vineb101","?","henlb101","hawkc101","wrigr102","hubec101","sandh101","schuj101","harpg101","willc103","cox-d101","browe102","","S9.2-H(UR);1-3","F","F",4,7,20,"T","T",1,"F","F",0,"F","F",1,"F","F",9,"","F","F","",0,0,"N",0,"N",0,"N",1,3,5,0,"","","","","F","F","F","F","F","F","F","F","F","vineb101","vineb101","","F","F","F","F","F","","","","",0,0,0,0,0,0,0,0,0,75,"PHI","BRO","PHI",0,"F","F",8,2,2,42,5,"T","F",3,5,"T","T","debeh101","vancd101","F","F",9,6,74,8,5,72,0,0,0,"henlb101","henlb101","",0,0,0,0,0,0,0,0,0,0,0,0,1,"willc103","F","F","F","F",0,5,5,0,1,0,0,0,0,0,F,F,"1925PHI.EVN.regular.event.csv",2151
"PHI192505261","BRO",9,0,1,0,0,"",9,2,"debeh101","?","debeh101","?","vineb101","?","vineb101","?","henlb101","hawkc101","wrigr102","hubec101","sandh101","schuj101","harpg101","willc103","stocm101","","cox-d101","SBH;SB2.3-H(UR)","F","F",2,8,4,"F","F",0,"F","F",0,"F","F",0,"F","F",0,"","F","F","",0,0,"N",0,"N",0,"N",0,2,0,5,"","","","","T","F","T","F","F","F","F","F","F","vineb101","","vineb101","F","F","F","F","F","","","","",0,0,0,0,0,0,0,0,0,76,"PHI","BRO","PHI",0,"F","F",9,2,3,43,6,"T","F",5,2,"T","T","vancd101","fordh101","F","F",4,7,75,0,0,0,9,6,74,"henlb101","","henlb101",0,0,0,0,0,0,0,0,0,0,0,0,1,"","F","F","F","F",0,0,0,5,0,0,0,0,0,0,F,F,"1925PHI.EVN.regular.event.csv",2152
"PHI192505261","BRO",9,0,1,0,0,"",10,2,"debeh101","?","debeh101","?","vineb101","?","vineb101","?","henlb101","hawkc101","wrigr102","hubec101","sandh101","schuj101","harpg101","willc103","","stocm101","","2/P","F","F",2,8,2,"T","T",0,"F","F",1,"F","F",0,"F","F",2,"P","F","F","",0,0,"N",0,"N",0,"N",0,0,2,0,"2","","","","F","F","F","F","F","F","F","F","F","","vineb101","","F","F","F","F","F","","","","",0,2,0,0,0,0,0,0,0,77,"PHI","BRO","PHI",0,"F","F",10,2,4,43,6,"F","F",2,2,"T","T","vancd101","fordh101","F","F",0,0,0,4,7,75,0,0,0,"","henlb101","",0,0,0,0,0,0,0,0,0,0,0,0,0,"henlb101","F","F","F","F",0,0,0,0,0,0,0,0,0,0,F,F,"1925PHI.EVN.regular.event.csv",2153
"PHI192505261","BRO",9,0,2,0,0,"",10,2,"vancd101","?","vancd101","?","vineb101","?","vineb101","?","henlb101","hawkc101","wrigr102","hubec101","sandh101","schuj101","harpg101","willc103","","stocm101","","63","F","F",1,9,2,"T","T",0,"F","F",1,"F","F",0,"F","F",6,"G","F","F","",0,0,"N",0,"N",0,"N",0,0,2,0,"63","","","","F","F","F","F","F","F","F","F","F","","vineb101","","F","F","F","F","F","","","","",0,3,0,0,6,0,0,0,0,78,"PHI","BRO","PHI",0,"F","T",10,2,4,44,7,"T","F",2,2,"T","T","fordh101","johnj107","F","F",0,0,0,4,7,75,0,0,0,"","henlb101","",0,0,0,0,0,0,0,0,0,0,0,0,0,"sandh101","F","F","F","F",0,0,0,0,0,0,0,0,0,0,F,F,"1925PHI.EVN.regular.event.csv",2154
"PHI192505261","BRO",9,1,0,0,0,"",10,2,"harpg101","?","harpg101","?","vancd101","?","vancd101","?","debeh101","fourj101","stocm101","johnj107","fordh101","wheaz101","browe102","cox-d101","","","","43","T","F",8,4,2,"T","T",0,"F","F",1,"F","F",0,"F","F",4,"G","F","F","",0,0,"N",0,"N",0,"N",0,0,0,0,"43","","","","F","F","F","F","F","F","F","F","F","","","","F","F","F","F","F","","","","",0,3,0,0,4,0,0,0,0,79,"PHI","PHI","BRO",1,"T","F",2,10,0,30,0,"T","F",0,0,"T","T","hawkc101","henlb101","T","T",0,0,0,0,0,0,0,0,0,"","","",0,0,0,0,0,0,0,0,0,0,0,0,0,"stocm101","F","F","F","F",0,0,0,0,2,0,0,0,0,0,F,F,"1925PHI.EVN.regular.event.csv",2155
"PHI192505261","BRO",9,1,1,0,0,"",10,2,"hawkc101","?","hawkc101","?","vancd101","?","vancd101","?","debeh101","fourj101","stocm101","johnj107","fordh101","wheaz101","browe102","cox-d101","","","","D/F89XDW","F","F",3,5,21,"T","T",2,"F","F",0,"F","F",0,"F","F",0,"F","F","F","89XDW",0,0,"N",0,"N",0,"N",2,0,0,0,"","","","","F","F","F","F","F","F","F","F","F","","","","F","F","F","F","F","","","","",0,0,0,0,0,0,0,0,0,80,"PHI","PHI","BRO",1,"F","F",2,10,0,31,1,"T","F",0,2,"T","T","henlb101","sandh101","T","T",0,0,0,0,0,0,0,0,0,"","","",0,0,0,0,0,0,0,0,0,0,0,0,0,"","F","F","F","F",4,0,0,0,2,0,0,0,0,0,F,F,"1925PHI.EVN.regular.event.csv",2156
"PHI192505261","BRO",9,1,1,0,0,"",10,2,"henlb101","?","henlb101","?","vancd101","?","vancd101","?","debeh101","fourj101","stocm101","johnj107","fordh101","wheaz101","browe102","cox-d101","","hawkc101","","S9.2-3","F","F",2,6,20,"T","T",1,"F","F",0,"F","F",0,"F","F",9,"","F","F","",0,0,"N",0,"N",0,"N",1,0,3,0,"","","","","F","F","F","F","F","F","F","F","F","","vancd101","","F","F","F","F","F","","","","",0,0,0,0,0,0,0,0,0,81,"PHI","PHI","BRO",1,"F","F",2,10,0,32,2,"T","F",2,5,"T","T","sandh101","hubec101","T","T",0,0,0,3,5,80,0,0,0,"","debeh101","",0,0,0,0,0,0,0,0,0,0,0,0,0,"cox-d101","F","F","F","F",4,0,4,0,2,0,0,0,0,0,F,F,"1925PHI.EVN.regular.event.csv",2157
"PHI192505261","BRO",9,1,1,0,0,"",10,2,"knigj103","?","knigj103","?","vancd101","?","vancd101","?","debeh101","fourj101","stocm101","johnj107","fordh101","wheaz101","browe102","cox-d101","henlb101","","hawkc101","K","F","T",11,7,3,"T","T",0,"F","F",1,"F","F",0,"F","F",0,"","F","F","",0,0,"N",0,"N",0,"N",0,1,0,3,"2","","","","F","F","F","F","F","F","F","F","F","vancd101","","vancd101","F","F","F","F","F","","","","sandh101",6,2,0,0,0,0,0,0,0,82,"PHI","PHI","BRO",1,"F","F",2,10,0,33,3,"T","F",5,5,"F","F","hubec101","schuj101","T","T",2,6,81,0,0,0,3,5,80,"debeh101","","debeh101",0,0,0,0,0,0,0,0,0,0,0,0,0,"","F","F","F","F",0,4,0,4,2,0,0,0,0,0,F,F,"1925PHI.EVN.regular.event.csv",2158
"PHI192505261","BRO",9,1,2,0,0,"",10,2,"wilsj105","?","wilsj105","?","vancd101","?","vancd101","?","debeh101","fourj101","stocm101","johnj107","fordh101","wheaz101","browe102","cox-d101","henlb101","","hawkc101","D9.3-H;1-H","F","T",11,8,21,"T","T",2,"F","F",0,"F","F",2,"F","F",9,"","F","F","",0,0,"N",0,"N",0,"N",2,4,0,4,"","","","","F","F","F","F","F","F","F","F","F","vancd101","","vancd101","F","F","F","F","F","","","","hubec101",5,0,0,0,0,0,0,0,0,83,"PHI","PHI","BRO",1,"F","F",2,10,0,34,4,"T","F",5,2,"F","F","schuj101","vineb101","T","T",2,6,81,0,0,0,3,5,80,"debeh101","","debeh101",0,0,0,0,0,0,0,0,0,0,0,0,2,"cox-d101","F","F","F","F",2,4,0,4,0,0,0,0,0,0,F,F,"1925PHI.EVN.regular.event.csv",2159
"PHI192505261","BRO",9,1,2,0,0,"",10,4,"schuj101","?","schuj101","?","vancd101","?","vancd101","?","debeh101","fourj101","stocm101","johnj107","fordh101","wheaz101","browe102","cox-d101","","wilsj105","","63","F","F",7,9,2,"T","T",0,"F","F",1,"F","F",0,"F","F",6,"G","F","F","",0,0,"N",0,"N",0,"N",0,0,2,0,"63","","","","F","F","F","F","F","F","F","F","F","","vancd101","","F","T","F","F","F","","","","",0,3,0,0,6,0,0,0,0,84,"PHI","PHI","BRO",1,"F","T",4,10,2,35,5,"T","F",2,2,"F","F","vineb101","wrigr102","T","T",0,0,0,0,8,83,0,0,0,"","debeh101","",0,0,0,0,0,0,0,0,0,0,0,0,0,"fordh101","F","F","F","F",0,0,2,0,0,0,0,0,0,0,F,F,"1925PHI.EVN.regular.event.csv",2160
"PHI192505262","BRO",1,0,0,0,0,"",0,0,"mitcj101","?","mitcj101","?","carlh101","?","carlh101","?","wilsj105","hawkc101","wrigr102","hubec101","sandh101","burng101","harpg101","schuj101","","","","K","T","F",6,1,3,"T","T",0,"F","F",1,"F","F",0,"F","F",0,"","F","F","",0,0,"N",0,"N",0,"N",0,0,0,0,"2","","","","F","F","F","F","F","F","F","F","F","","","","T","F","F","F","F","","","","",0,2,0,0,0,0,0,0,0,1,"PHI","BRO","PHI",0,"T","F",0,0,0,0,0,"T","F",0,0,"T","T","johnj107","wheaz101","T","T",0,0,0,0,0,0,0,0,0,"","","",0,0,0,0,0,0,0,0,0,0,0,0,0,"","F","F","F","F",0,0,0,0,0,0,0,0,0,0,F,F,"1925PHI.EVN.regular.event.csv",2161
"PHI192505262","BRO",1,0,1,0,0,"",0,0,"johnj107","?","johnj107","?","carlh101","?","carlh101","?","wilsj105","hawkc101","wrigr102","hubec101","sandh101","burng101","harpg101","schuj101","","","","S8","F","F",5,2,20,"T","T",1,"F","F",0,"F","F",0,"F","F",8,"","F","F","",0,0,"N",0,"N",0,"N",1,0,0,0,"","","","","F","F","F","F","F","F","F","F","F","","","","F","F","F","F","F","","","","",0,0,0,0,0,0,0,0,0,2,"PHI","BRO","PHI",0,"F","F",0,0,0,1,1,"T","F",0,1,"T","T","wheaz101","fourj101","T","T",0,0,0,0,0,0,0,0,0,"","","",0,0,0,0,0,0,0,0,0,0,0,0,0,"harpg101","F","F","F","F",0,0,0,0,0,0,0,0,0,0,F,F,"1925PHI.EVN.regular.event.csv",2162
"PHI192505262","BRO",1,0,1,0,0,"",0,0,"wheaz101","?","wheaz101","?","carlh101","?","carlh101","?","wilsj105","hawkc101","wrigr102","hubec101","sandh101","burng101","harpg101","schuj101","johnj107","","","6/P","F","F",7,3,2,"T","T",0,"F","F",1,"F","F",0,"F","F",6,"P","F","F","",0,0,"N",0,"N",0,"N",0,1,0,0,"6","","","","F","F","F","F","F","F","F","F","F","carlh101","","","F","F","F","F","F","","","","",0,6,0,0,0,0,0,0,0,3,"PHI","BRO","PHI",0,"F","F",0,0,0,2,2,"T","F",1,1,"T","T","fourj101","browe102","T","T",5,2,2,0,0,0,0,0,0,"wilsj105","","",0,0,0,0,0,0,0,0,0,0,0,0,0,"sandh101","F","F","F","F",0,0,0,0,0,0,0,0,0,0,F,F,"1925PHI.EVN.regular.event.csv",2163
"PHI192505262","BRO",1,0,2,0,0,"",0,0,"fourj101","?","fourj101","?","carlh101","?","carlh101","?","wilsj105","hawkc101","wrigr102","hubec101","sandh101","burng101","harpg101","schuj101","johnj107","","","S8.1-3","F","F",3,4,20,"T","T",1,"F","F",0,"F","F",0,"F","F",8,"","F","F","",0,0,"N",0,"N",0,"N",1,3,0,0,"","","","","F","F","F","F","F","F","F","F","F","carlh101","","","F","F","F","F","F","","","","",0,0,0,0,0,0,0,0,0,4,"PHI","BRO","PHI",0,"F","F",0,0,0,3,3,"T","F",1,5,"T","T","browe102","loftd101","T","T",5,2,2,0,0,0,0,0,0,"wilsj105","","",0,0,0,0,0,0,0,0,0,0,0,0,0,"harpg101","F","F","F","F",0,0,0,0,0,0,0,0,0,0,F,F,"1925PHI.EVN.regular.event.csv",2164
"PHI192505262","BRO",1,0,2,0,0,"",0,0,"browe102","?","browe102","?","carlh101","?","carlh101","?","wilsj105","hawkc101","wrigr102","hubec101","sandh101","burng101","harpg101","schuj101","fourj101","","johnj107","6/P","F","F",8,5,2,"T","T",0,"F","F",1,"F","F",0,"F","F",6,"P","F","F","",0,0,"N",0,"N",0,"N",0,1,0,3,"6","","","","F","F","F","F","F","F","F","F","F","carlh101","","carlh101","F","F","F","F","F","","","","",0,6,0,0,0,0,0,0,0,5,"PHI","BRO","PHI",0,"F","T",0,0,0,4,4,"T","F",5,5,"T","T","loftd101","stocm101","T","T",3,4,4,0,0,0,5,2,2,"wilsj105","","wilsj105",0,0,0,0,0,0,0,0,0,0,0,0,0,"sandh101","F","F","F","F",0,0,0,0,0,0,0,0,0,0,F,F,"1925PHI.EVN.regular.event.csv",2165
"PHI192505262","BRO",1,1,0,0,0,"",0,0,"burng101","?","burng101","?","grimb101","?","grimb101","?","hargc101","fourj101","stocm101","johnj107","mitcj101","wheaz101","browe102","loftd101","","","","7/F","T","F",7,1,2,"T","T",0,"F","F",1,"F","F",0,"F","F",7,"F","F","F","",0,0,"N",0,"N",0,"N",0,0,0,0,"7","","","","F","F","F","F","F","F","F","F","F","","","","F","F","F","F","F","","","","",0,7,0,0,0,0,0,0,0,6,"PHI","PHI","BRO",1,"T","F",0,0,0,0,0,"T","F",0,0,"T","T","wrigr102","schuj101","T","T",0,0,0,0,0,0,0,0,0,"","","",0,0,0,0,0,0,0,0,0,0,0,0,0,"wheaz101","F","F","F","F",0,0,0,0,0,0,0,0,0,0,F,F,"1925PHI.EVN.regular.event.csv",2166
"PHI192505262","BRO",1,1,1,0,0,"",0,0,"wrigr102","?","wrigr102","?","grimb101","?","grimb101","?","hargc101","fourj101","stocm101","johnj107","mitcj101","wheaz101","browe102","loftd101","","","","43","F","F",4,2,2,"T","T",0,"F","F",1,"F","F",0,"F","F",4,"G","F","F","",0,0,"N",0,"N",0,"N",0,0,0,0,"43","","","","F","F","F","F","F","F","F","F","F","","","","F","F","F","F","F","","","","",0,3,0,0,4,0,0,0,0,7,"PHI","PHI","BRO",1,"F","F",0,0,0,1,1,"T","F",0,0,"T","T","schuj101","harpg101","T","T",0,0,0,0,0,0,0,0,0,"","","",0,0,0,0,0,0,0,0,0,0,0,0,0,"stocm101","F","F","F","F",0,0,0,0,0,0,0,0,0,0,F,F,"1925PHI.EVN.regular.event.csv",2167
"PHI192505262","BRO",1,1,2,0,0,"",0,0,"schuj101","?","schuj101","?","grimb101","?","grimb101","?","hargc101","fourj101","stocm101","johnj107","mitcj101","wheaz101","browe102","loftd101","","","","D7","F","F",9,3,21,"T","T",2,"F","F",0,"F","F",0,"F","F",7,"","F","F","",0,0,"N",0,"N",0,"N",2,0,0,0,"","","","","F","F","F","F","F","F","F","F","F","","","","F","F","F","F","F","","","","",0,0,0,0,0,0,0,0,0,8,"PHI","PHI","BRO",1,"F","F",0,0,0,2,2,"T","F",0,2,"T","T","harpg101","hawkc101","T","T",0,0,0,0,0,0,0,0,0,"","","",0,0,0,0,0,0,0,0,0,0,0,0,0,"wheaz101","F","F","F","F",0,0,0,0,0,0,0,0,0,0,F,F,"1925PHI.EVN.regular.event.csv",2168
"PHI192505262","BRO",1,1,2,0,0,"",0,0,"harpg101","?","harpg101","?","grimb101","?","grimb101","?","hargc101","fourj101","stocm101","johnj107","mitcj101","wheaz101","browe102","loftd101","","schuj101","","7/F","F","F",8,4,2,"T","T",0,"F","F",1,"F","F",0,"F","F",7,"F","F","F","",0,0,"N",0,"N",0,"N",0,0,2,0,"7","","","","F","F","F","F","F","F","F","F","F","","grimb101","","F","F","F","F","F","","","","",0,7,0,0,0,0,0,0,0,9,"PHI","PHI","BRO",1,"F","T",0,0,0,3,3,"T","F",2,2,"T","T","hawkc101","wilsj105","T","T",0,0,0,9,3,8,0,0,0,"","hargc101","",0,0,0,0,0,0,0,0,0,0,0,0,0,"wheaz101","F","F","F","F",0,0,0,0,0,0,0,0,0,0,F,F,"1925PHI.EVN.regular.event.csv",2169
"PHI192505262","BRO",2,0,0,0,0,"",0,0,"loftd101","?","loftd101","?","carlh101","?","carlh101","?","wilsj105","hawkc101","wrigr102","hubec101","sandh101","burng101","harpg101","schuj101","","","","W","T","F",9,6,14,"T","F",0,"F","F",0,"F","F",0,"F","F",0,"","F","F","",0,0,"N",0,"N",0,"N",1,0,0,0,"","","","","F","F","F","F","F","F","F","F","F","","","","F","F","F","F","F","","","","",0,0,0,0,0,0,0,0,0,10,"PHI","BRO","PHI",0,"T","F",0,0,0,5,0,"T","F",0,1,"T","T","stocm101","hargc101","T","T",0,0,0,0,0,0,0,0,0,"","","",0,0,0,0,0,0,0,0,0,0,0,0,0,"","F","F","F","F",0,0,0,0,0,0,0,0,0,0,F,F,"1925PHI.EVN.regular.event.csv",2170
"PHI192505262","BRO",2,0,0,0,0,"",0,0,"stocm101","?","stocm101","?","carlh101","?","carlh101","?","wilsj105","hawkc101","wrigr102","hubec101","sandh101","burng101","harpg101","schuj101","loftd101","","","D9.1-3","F","F",4,7,21,"T","T",2,"F","F",0,"F","F",0,"F","F",9,"","F","F","",0,0,"N",0,"N",0,"N",2,3,0,0,"","","","","F","F","F","F","F","F","F","F","F","carlh101","","","F","F","F","F","F","","","","",0,0,0,0,0,0,0,0,0,11,"PHI","BRO","PHI",0,"F","F",0,0,0,6,1,"T","F",1,6,"T","T","hargc101","grimb101","T","T",9,6,10,0,0,0,0,0,0,"wilsj105","","",0,0,0,0,0,0,0,0,0,0,0,0,0,"schuj101","F","F","F","F",0,0,0,0,0,0,0,0,0,0,F,F,"1925PHI.EVN.regular.event.csv",2171
"PHI192505262","BRO",2,0,0,0,0,"",0,0,"hargc101","?","hargc101","?","carlh101","?","carlh101","?","wilsj105","hawkc101","wrigr102","hubec101","sandh101","burng101","harpg101","schuj101","","stocm101","loftd101","63","F","F",2,8,2,"T","T",0,"F","F",1,"F","F",0,"F","F",6,"G","F","F","",0,0,"N",0,"N",0,"N",0,0,2,3,"63","","","","F","F","F","F","F","F","F","F","F","","carlh101","carlh101","F","F","F","F","F","","","","",0,3,0,0,6,0,0,0,0,12,"PHI","BRO","PHI",0,"F","F",0,0,0,7,2,"T","F",6,6,"T","T","grimb101","mitcj101","T","T",0,0,0,4,7,11,9,6,10,"","wilsj105","wilsj105",0,0,0,0,0,0,0,0,0,0,0,0,0,"sandh101","F","F","F","F",0,0,0,0,0,0,0,0,0,0,F,F,"1925PHI.EVN.regular.event.csv",2172
"PHI192505262","BRO",2,0,1,0,0,"",0,0,"grimb101","?","grimb101","?","carlh101","?","carlh101","?","wilsj105","hawkc101","wrigr102","hubec101","sandh101","burng101","harpg101","schuj101","","stocm101","loftd101","FC5.3-3;2X3(52);B-1","F","F",1,9,19,"T","T",0,"F","F",1,"F","F",0,"F","F",5,"G","F","F","",0,0,"N",0,"N",0,"N",1,0,0,3,"","","52","","F","F","F","F","F","F","F","F","F","","carlh101","carlh101","F","F","F","F","F","","","","",0,2,0,0,5,0,0,0,0,13,"PHI","BRO","PHI",0,"F","F",0,0,0,8,3,"T","F",6,5,"T","T","mitcj101","johnj107","T","T",0,0,0,4,7,11,9,6,10,"","wilsj105","wilsj105",0,0,0,0,0,0,0,0,0,0,0,0,0,"hubec101","F","F","F","F",0,0,0,0,0,0,0,0,0,0,F,F,"1925PHI.EVN.regular.event.csv",2173
"PHI192505262","BRO",2,0,2,0,0,"",0,0,"mitcj101","?","mitcj101","?","carlh101","?","carlh101","?","wilsj105","hawkc101","wrigr102","hubec101","sandh101","burng101","harpg101","schuj101","grimb101","","loftd101","9/F","F","F",6,1,2,"T","T",0,"F","F",1,"F","F",0,"F","F",9,"F","F","F","",0,0,"N",0,"N",0,"N",0,1,0,3,"9","","","","F","F","F","F","F","F","F","F","F","carlh101","","carlh101","F","F","F","F","F","","","","",0,9,0,0,0,0,0,0,0,14,"PHI","BRO","PHI",0,"F","T",0,0,0,9,4,"T","F",5,5,"T","T","johnj107","wheaz101","T","T",1,9,13,0,0,0,9,6,10,"wilsj105","","wilsj105",0,0,0,0,0,0,0,0,0,0,0,0,0,"schuj101","F","F","F","F",0,0,0,0,0,0,0,0,0,0,F,F,"1925PHI.EVN.regular.event.csv",2174
"PHI192505262","BRO",2,1,0,0,0,"",0,0,"hawkc101","?","hawkc101","?","grimb101","?","grimb101","?","hargc101","fourj101","stocm101","johnj107","mitcj101","wheaz101","browe102","loftd101","","","","43","T","F",3,5,2,"T","T",0,"F","F",1,"F","F",0,"F","F",4,"G","F","F","",0,0,"N",0,"N",0,"N",0,0,0,0,"43","","","","F","F","F","F","F","F","F","F","F","","","","F","F","F","F","F","","","","",0,3,0,0,4,0,0,0,0,15,"PHI","PHI","BRO",1,"T","F",0,0,0,4,0,"T","F",0,0,"T","T","wilsj105","sandh101","T","T",0,0,0,0,0,0,0,0,0,"","","",0,0,0,0,0,0,0,0,0,0,0,0,0,"stocm101","F","F","F","F",0,0,0,0,0,0,0,0,0,0,F,F,"1925PHI.EVN.regular.event.csv",2175
"PHI192505262","BRO",2,1,1,0,0,"",0,0,"wilsj105","?","wilsj105","?","grimb101","?","grimb101","?","hargc101","fourj101","stocm101","johnj107","mitcj101","wheaz101","browe102","loftd101","","","","63","F","F",2,6,2,"T","T",0,"F","F",1,"F","F",0,"F","F",6,"G","F","F","",0,0,"N",0,"N",0,"N",0,0,0,0,"63","","","","F","F","F","F","F","F","F","F","F","","","","F","F","F","F","F","","","","",0,3,0,0,6,0,0,0,0,16,"PHI","PHI","BRO",1,"F","F",0,0,0,5,1,"T","F",0,0,"T","T","sandh101","hubec101","T","T",0,0,0,0,0,0,0,0,0,"","","",0,0,0,0,0,0,0,0,0,0,0,0,0,"mitcj101","F","F","F","F",0,0,0,0,0,0,0,0,0,0,F,F,"1925PHI.EVN.regular.event.csv",2176
"PHI192505262","BRO",2,1,2,0,0,"",0,0,"sandh101","?","sandh101","?","grimb101","?","grimb101","?","hargc101","fourj101","stocm101","johnj107","mitcj101","wheaz101","browe102","loftd101","","","","7/F","F","F",6,7,2,"T","T",0,"F","F",1,"F","F",0,"F","F",7,"F","F","F","",0,0,"N",0,"N",0,"N",0,0,0,0,"7","","","","F","F","F","F","F","F","F","F","F","","","","F","F","F","F","F","","","","",0,7,0,0,0,0,0,0,0,17,"PHI","PHI","BRO",1,"F","T",0,0,0,6,2,"T","F",0,0,"T","T","hubec101","carlh101","T","T",0,0,0,0,0,0,0,0,0,"","","",0,0,0,0,0,0,0,0,0,0,0,0,0,"wheaz101","F","F","F","F",0,0,0,0,0,0,0,0,0,0,F,F,"1925PHI.EVN.regular.event.csv",2177
"PHI192505262","BRO",3,0,0,0,0,"",0,0,"johnj107","?","johnj107","?","carlh101","?","carlh101","?","wilsj105","hawkc101","wrigr102","hubec101","sandh101","burng101","harpg101","schuj101","","","","8/F","T","F",5,2,2,"T","T",0,"F","F",1,"F","F",0,"F","F",8,"F","F","F","",0,0,"N",0,"N",0,"N",0,0,0,0,"8","","","","F","F","F","F","F","F","F","F","F","","","","F","F","F","F","F","","","","",0,8,0,0,0,0,0,0,0,18,"PHI","BRO","PHI",0,"T","F",0,0,0,10,0,"T","F",0,0,"T","T","wheaz101","fourj101","T","T",0,0,0,0,0,0,0,0,0,"","","",0,0,0,0,0,0,0,0,0,0,0,0,0,"harpg101","F","F","F","F",0,0,0,0,0,0,0,0,0,0,F,F,"1925PHI.EVN.regular.event.csv",2178
"PHI192505262","BRO",3,0,1,0,0,"",0,0,"wheaz101","?","wheaz101","?","carlh101","?","carlh101","?","wilsj105","hawkc101","wrigr102","hubec101","sandh101","burng101","harpg101","schuj101","","","","4/P","F","F",7,3,2,"T","T",0,"F","F",1,"F","F",0,"F","F",4,"P","F","F","",0,0,"N",0,"N",0,"N",0,0,0,0,"4","","","","F","F","F","F","F","F","F","F","F","","","","F","F","F","F","F","","","","",0,4,0,0,0,0,0,0,0,19,"PHI","BRO","PHI",0,"F","F",0,0,0,11,1,"T","F",0,0,"T","T","fourj101","browe102","T","T",0,0,0,0,0,0,0,0,0,"","","",0,0,0,0,0,0,0,0,0,0,0,0,0,"wrigr102","F","F","F","F",0,0,0,0,0,0,0,0,0,0,F,F,"1925PHI.EVN.regular.event.csv",2179
"PHI192505262","BRO",3,0,2,0,0,"",0,0,"fourj101","?","fourj101","?","carlh101","?","carlh101","?","wilsj105","hawkc101","wrigr102","hubec101","sandh101","burng101","harpg101","schuj101","","","","8/F","F","F",3,4,2,"T","T",0,"F","F",1,"F","F",0,"F","F",8,"F","F","F","",0,0,"N",0,"N",0,"N",0,0,0,0,"8","","","","F","F","F","F","F","F","F","F","F","","","","F","F","F","F","F","","","","",0,8,0,0,0,0,0,0,0,20,"PHI","BRO","PHI",0,"F","T",0,0,0,12,2,"T","F",0,0,"T","T","browe102","loftd101","T","T",0,0,0,0,0,0,0,0,0,"","","",0,0,0,0,0,0,0,0,0,0,0,0,0,"harpg101","F","F","F","F",0,0,0,0,0,0,0,0,0,0,F,F,"1925PHI.EVN.regular.event.csv",2180
"PHI192505262","BRO",3,1,0,0,0,"",0,0,"hubec101","?","hubec101","?","grimb101","?","grimb101","?","hargc101","fourj101","stocm101","johnj107","mitcj101","wheaz101","browe102","loftd101","","","","13","T","F",5,8,2,"T","T",0,"F","F",1,"F","F",0,"F","F",1,"G","F","F","",0,0,"N",0,"N",0,"N",0,0,0,0,"13","","","","F","F","F","F","F","F","F","F","F","","","","F","F","F","F","F","","","","",0,3,0,0,1,0,0,0,0,21,"PHI","PHI","BRO",1,"T","F",0,0,0,7,0,"T","F",0,0,"T","T","carlh101","burng101","T","T",0,0,0,0,0,0,0,0,0,"","","",0,0,0,0,0,0,0,0,0,0,0,0,0,"grimb101","F","F","F","F",0,0,0,0,0,0,0,0,0,0,F,F,"1925PHI.EVN.regular.event.csv",2181
"PHI192505262","BRO",3,1,1,0,0,"",0,0,"carlh101","?","carlh101","?","grimb101","?","grimb101","?","hargc101","fourj101","stocm101","johnj107","mitcj101","wheaz101","browe102","loftd101","","","","7/F","F","F",1,9,2,"T","T",0,"F","F",1,"F","F",0,"F","F",7,"F","F","F","",0,0,"N",0,"N",0,"N",0,0,0,0,"7","","","","F","F","F","F","F","F","F","F","F","","","","F","F","F","F","F","","","","",0,7,0,0,0,0,0,0,0,22,"PHI","PHI","BRO",1,"F","F",0,0,0,8,1,"T","F",0,0,"T","T","burng101","wrigr102","T","T",0,0,0,0,0,0,0,0,0,"","","",0,0,0,0,0,0,0,0,0,0,0,0,0,"wheaz101","F","F","F","F",0,0,0,0,0,0,0,0,0,0,F,F,"1925PHI.EVN.regular.event.csv",2182
"PHI192505262","BRO",3,1,2,0,0,"",0,0,"burng101","?","burng101","?","grimb101","?","grimb101","?","hargc101","fourj101","stocm101","johnj107","mitcj101","wheaz101","browe102","loftd101","","","","43","F","F",7,1,2,"T","T",0,"F","F",1,"F","F",0,"F","F",4,"G","F","F","",0,0,"N",0,"N",0,"N",0,0,0,0,"43","","","","F","F","F","F","F","F","F","F","F","","","","F","F","F","F","F","","","","",0,3,0,0,4,0,0,0,0,23,"PHI","PHI","BRO",1,"F","T",0,0,0,9,2,"T","F",0,0,"T","T","wrigr102","schuj101","T","T",0,0,0,0,0,0,0,0,0,"","","",0,0,0,0,0,0,0,0,0,0,0,0,0,"stocm101","F","F","F","F",0,0,0,0,0,0,0,0,0,0,F,F,"1925PHI.EVN.regular.event.csv",2183
"PHI192505262","BRO",4,0,0,0,0,"",0,0,"browe102","?","browe102","?","carlh101","?","carlh101","?","wilsj105","hawkc101","wrigr102","hubec101","sandh101","burng101","harpg101","schuj101","","","","6/P","T","F",8,5,2,"T","T",0,"F","F",1,"F","F",0,"F","F",6,"P","F","F","",0,0,"N",0,"N",0,"N",0,0,0,0,"6","","","","F","F","F","F","F","F","F","F","F","","","","F","F","F","F","F","","","","",0,6,0,0,0,0,0,0,0,24,"PHI","BRO","PHI",0,"T","F",0,0,0,13,0,"T","F",0,0,"T","T","loftd101","stocm101","T","T",0,0,0,0,0,0,0,0,0,"","","",0,0,0,0,0,0,0,0,0,0,0,0,0,"sandh101","F","F","F","F",0,0,0,0,0,0,0,0,0,0,F,F,"1925PHI.EVN.regular.event.csv",2184
"PHI192505262","BRO",4,0,1,0,0,"",0,0,"loftd101","?","loftd101","?","carlh101","?","carlh101","?","wilsj105","hawkc101","wrigr102","hubec101","sandh101","burng101","harpg101","schuj101","","","","S7","F","F",9,6,20,"T","T",1,"F","F",0,"F","F",0,"F","F",7,"","F","F","",0,0,"N",0,"N",0,"N",1,0,0,0,"","","","","F","F","F","F","F","F","F","F","F","","","","F","F","F","F","F","","","","",0,0,0,0,0,0,0,0,0,25,"PHI","BRO","PHI",0,"F","F",0,0,0,14,1,"T","F",0,1,"T","T","stocm101","hargc101","T","T",0,0,0,0,0,0,0,0,0,"","","",0,0,0,0,0,0,0,0,0,0,0,0,0,"burng101","F","F","F","F",0,0,0,0,0,0,0,0,0,0,F,F,"1925PHI.EVN.regular.event.csv",2185
"PHI192505262","BRO",4,0,1,0,0,"",0,0,"stocm101","?","stocm101","?","carlh101","?","carlh101","?","wilsj105","hawkc101","wrigr102","hubec101","sandh101","burng101","harpg101","schuj101","loftd101","","","16(1)/FO","F","F",4,7,2,"T","T",0,"F","F",1,"F","F",0,"F","F",1,"G","F","F","",0,0,"N",0,"N",0,"N",1,0,0,0,"","16","","","F","F","F","F","F","F","F","F","F","carlh101","","","F","F","F","F","F","","","","",0,6,0,0,1,0,0,0,0,26,"PHI","BRO","PHI",0,"F","F",0,0,0,15,2,"T","F",1,1,"T","T","hargc101","grimb101","T","T",9,6,25,0,0,0,0,0,0,"wilsj105","","",0,0,0,0,0,0,0,0,0,0,0,0,0,"carlh101","T","F","F","F",0,0,0,0,0,0,0,0,0,0,F,F,"1925PHI.EVN.regular.event.csv",2186
"PHI192505262","BRO",4,0,2,0,0,"",0,0,"hargc101","?","hargc101","?","carlh101","?","carlh101","?","wilsj105","hawkc101","wrigr102","hubec101","sandh101","burng101","harpg101","schuj101","stocm101","","","4/P","F","F",2,8,2,"T","T",0,"F","F",1,"F","F",0,"F","F",4,"P","F","F","",0,0,"N",0,"N",0,"N",0,1,0,0,"4","","","","F","F","F","F","F","F","F","F","F","carlh101","","","F","F","F","F","F","","","","",0,4,0,0,0,0,0,0,0,27,"PHI","BRO","PHI",0,"F","T",0,0,0,16,3,"T","F",1,1,"T","T","grimb101","mitcj101","T","T",4,7,26,0,0,0,0,0,0,"wilsj105","","",0,0,0,0,0,0,0,0,0,0,0,0,0,"wrigr102","F","F","F","F",0,0,0,0,0,0,0,0,0,0,F,F,"1925PHI.EVN.regular.event.csv",2187
"PHI192505262","BRO",4,1,0,0,0,"",0,0,"wrigr102","?","wrigr102","?","grimb101","?","grimb101","?","hargc101","fourj101","stocm101","johnj107","mitcj101","wheaz101","browe102","loftd101","","","","D9","T","F",4,2,21,"T","T",2,"F","F",0,"F","F",0,"F","F",9,"","F","F","",0,0,"N",0,"N",0,"N",2,0,0,0,"","","","","F","F","F","F","F","F","F","F","F","","","","F","F","F","F","F","","","","",0,0,0,0,0,0,0,0,0,28,"PHI","PHI","BRO",1,"T","F",0,0,0,10,0,"T","F",0,2,"T","T","schuj101","harpg101","T","T",0,0,0,0,0,0,0,0,0,"","","",0,0,0,0,0,0,0,0,0,0,0,0,0,"loftd101","F","F","F","F",0,0,0,0,0,0,0,0,0,0,F,F,"1925PHI.EVN.regular.event.csv",2188
"PHI192505262","BRO",4,1,0,0,0,"",0,0,"schuj101","?","schuj101","?","grimb101","?","grimb101","?","hargc101","fourj101","stocm101","johnj107","mitcj101","wheaz101","browe102","loftd101","","wrigr102","","K","F","F",9,3,3,"T","T",0,"F","F",1,"F","F",0,"F","F",0,"","F","F","",0,0,"N",0,"N",0,"N",0,0,2,0,"2","","","","F","F","F","F","F","F","F","F","F","","grimb101","","F","F","F","F","F","","","","",0,2,0,0,0,0,0,0,0,29,"PHI","PHI","BRO",1,"F","F",0,0,0,11,1,"T","F",2,2,"T","T","harpg101","hawkc101","T","T",0,0,0,4,2,28,0,0,0,"","hargc101","",0,0,0,0,0,0,0,0,0,0,0,0,0,"","F","F","F","F",0,0,0,0,0,0,0,0,0,0,F,F,"1925PHI.EVN.regular.event.csv",2189
"PHI192505262","BRO",4,1,1,0,0,"",0,0,"harpg101","?","harpg101","?","grimb101","?","grimb101","?","hargc101","fourj101","stocm101","johnj107","mitcj101","wheaz101","browe102","loftd101","","wrigr102","","6/P","F","F",8,4,2,"T","T",0,"F","F",1,"F","F",0,"F","F",6,"P","F","F","",0,0,"N",0,"N",0,"N",0,0,2,0,"6","","","","F","F","F","F","F","F","F","F","F","","grimb101","","F","F","F","F","F","","","","",0,6,0,0,0,0,0,0,0,30,"PHI","PHI","BRO",1,"F","F",0,0,0,12,2,"T","F",2,2,"T","T","hawkc101","wilsj105","T","T",0,0,0,4,2,28,0,0,0,"","hargc101","",0,0,0,0,0,0,0,0,0,0,0,0,0,"mitcj101","F","F","F","F",0,0,0,0,0,0,0,0,0,0,F,F,"1925PHI.EVN.regular.event.csv",2190
"PHI192505262","BRO",4,1,2,0,0,"",0,0,"hawkc101","?","hawkc101","?","grimb101","?","grimb101","?","hargc101","fourj101","stocm101","johnj107","mitcj101","wheaz101","browe102","loftd101","","wrigr102","","W","F","F",3,5,14,"T","F",0,"F","F",0,"F","F",0,"F","F",0,"","F","F","",0,0,"N",0,"N",0,"N",1,0,2,0,"","","","","F","F","F","F","F","F","F","F","F","","grimb101","","F","F","F","F","F","","","","",0,0,0,0,0,0,0,0,0,31,"PHI","PHI","BRO",1,"F","F",0,0,0,13,3,"T","F",2,3,"T","T","wilsj105","sandh101","T","T",0,0,0,4,2,28,0,0,0,"","hargc101","",0,0,0,0,0,0,0,0,0,0,0,0,0,"","F","F","F","F",0,0,0,0,0,0,0,0,0,0,F,F,"1925PHI.EVN.regular.event.csv",2191
"PHI192505262","BRO",4,1,2,0,0,"",0,0,"wilsj105","?","wilsj105","?","grimb101","?","grimb101","?","hargc101","fourj101","stocm101","johnj107","mitcj101","wheaz101","browe102","loftd101","hawkc101","wrigr102","","13","F","F",2,6,2,"T","T",0,"F","F",1,"F","F",0,"F","F",1,"G","F","F","",0,0,"N",0,"N",0,"N",0,1,2,0,"13","","","","F","F","F","F","F","F","F","F","F","grimb101","grimb101","","F","F","F","F","F","","","","",0,3,0,0,1,0,0,0,0,32,"PHI","PHI","BRO",1,"F","T",0,0,0,14,4,"T","F",3,3,"T","T","sandh101","hubec101","T","T",3,5,31,4,2,28,0,0,0,"hargc101","hargc101","",0,0,0,0,0,0,0,0,0,0,0,0,0,"grimb101","F","F","F","F",0,0,0,0,0,0,0,0,0,0,F,F,"1925PHI.EVN.regular.event.csv",2192
"PHI192505262","BRO",5,0,0,0,0,"",0,0,"grimb101","?","grimb101","?","carlh101","?","carlh101","?","wilsj105","hawkc101","wrigr102","hubec101","sandh101","burng101","harpg101","schuj101","","","","K/C","T","F",1,9,3,"T","T",0,"F","F",1,"F","F",0,"F","F",0,"","F","F","",0,0,"N",0,"N",0,"N",0,0,0,0,"2","","","","F","F","F","F","F","F","F","F","F","","","","F","F","F","F","F","","","","",0,2,0,0,0,0,0,0,0,33,"PHI","BRO","PHI",0,"T","F",0,0,0,17,0,"T","F",0,0,"T","T","mitcj101","johnj107","T","T",0,0,0,0,0,0,0,0,0,"","","",0,0,0,0,0,0,0,0,0,0,0,0,0,"","F","F","F","F",0,0,0,0,2,0,0,0,0,0,F,F,"1925PHI.EVN.regular.event.csv",2193
"PHI192505262","BRO",5,0,1,0,0,"",0,0,"mitcj101","?","mitcj101","?","carlh101","?","carlh101","?","wilsj105","hawkc101","wrigr102","hubec101","sandh101","burng101","harpg101","schuj101","","","","5/P/FL","F","F",6,1,2,"T","T",0,"F","F",1,"F","F",0,"F","F",5,"P","F","T","",0,0,"N",0,"N",0,"N",0,0,0,0,"5","","","","F","F","F","F","F","F","F","F","F","","","","F","F","F","F","F","","","","",0,5,0,0,0,0,0,0,0,34,"PHI","BRO","PHI",0,"F","F",0,0,0,18,1,"T","F",0,0,"T","T","johnj107","wheaz101","T","T",0,0,0,0,0,0,0,0,0,"","","",0,0,0,0,0,0,0,0,0,0,0,0,0,"hubec101","F","F","F","F",0,0,0,0,2,0,0,0,0,0,F,F,"1925PHI.EVN.regular.event.csv",2194
"PHI192505262","BRO",5,0,2,0,0,"",0,0,"johnj107","?","johnj107","?","carlh101","?","carlh101","?","wilsj105","hawkc101","wrigr102","hubec101","sandh101","burng101","harpg101","schuj101","","","","D9","F","F",5,2,21,"T","T",2,"F","F",0,"F","F",0,"F","F",9,"","F","F","",0,0,"N",0,"N",0,"N",2,0,0,0,"","","","","F","F","F","F","F","F","F","F","F","","","","F","F","F","F","F","","","","",0,0,0,0,0,0,0,0,0,35,"PHI","BRO","PHI",0,"F","F",0,0,0,19,2,"T","F",0,2,"T","T","wheaz101","fourj101","T","T",0,0,0,0,0,0,0,0,0,"","","",0,0,0,0,0,0,0,0,0,0,0,0,0,"schuj101","F","F","F","F",4,0,0,0,2,0,0,0,0,0,F,F,"1925PHI.EVN.regular.event.csv",2195
"PHI192505262","BRO",5,0,2,0,0,"",0,0,"wheaz101","?","wheaz101","?","carlh101","?","carlh101","?","wilsj105","hawkc101","wrigr102","hubec101","sandh101","burng101","harpg101","schuj101","","johnj107","","S6/G.2-H","F","F",7,3,20,"T","T",1,"F","F",0,"F","F",1,"F","F",6,"G","F","F","",0,0,"N",0,"N",0,"N",1,0,4,0,"","","","","F","F","F","F","F","F","F","F","F","","carlh101","","F","F","F","F","F","","","","",0,0,0,0,0,0,0,0,0,36,"PHI","BRO","PHI",0,"F","F",0,0,0,20,3,"T","F",2,1,"T","T","fourj101","browe102","T","T",0,0,0,5,2,35,0,0,0,"","wilsj105","",0,0,0,0,0,0,0,0,0,0,0,0,1,"sandh101","F","F","F","F",5,0,4,0,1,0,0,0,0,0,F,F,"1925PHI.EVN.regular.event.csv",2196
"PHI192505262","BRO",5,0,2,0,0,"",1,0,"fourj101","?","fourj101","?","carlh101","?","carlh101","?","wilsj105","hawkc101","wrigr102","hubec101","sandh101","burng101","harpg101","schuj101","wheaz101","","","E4/G.1-3","F","F",3,4,18,"T","T",0,"F","F",0,"F","F",0,"F","F",4,"G","F","F","",1,4,"F",0,"N",0,"N",1,3,0,0,"","","","","F","F","F","F","F","F","F","F","F","carlh101","","","F","F","F","F","F","","","","",0,0,0,0,0,0,0,0,0,37,"PHI","BRO","PHI",0,"F","F",1,0,1,21,4,"T","F",1,5,"T","T","browe102","loftd101","T","T",7,3,36,0,0,0,0,0,0,"wilsj105","","",0,0,0,0,0,0,0,0,0,0,0,0,0,"wrigr102","F","F","F","T",0,5,0,0,1,0,0,0,0,0,F,F,"1925PHI.EVN.regular.event.csv",2197
"PHI192505262","BRO",5,0,2,0,0,"",1,0,"browe102","?","browe102","?","carlh101","?","carlh101","?","wilsj105","hawkc101","wrigr102","hubec101","sandh101","burng101","harpg101","schuj101","fourj101","","wheaz101","D9.3-H(UR);1-3","F","F",8,5,21,"T","T",2,"F","F",0,"F","F",1,"F","F",9,"","F","F","",0,0,"N",0,"N",0,"N",2,3,0,5,"","","","","F","F","F","F","F","F","F","F","F","carlh101","","carlh101","F","F","F","F","F","","","","",0,0,0,0,0,0,0,0,0,38,"PHI","BRO","PHI",0,"F","F",1,0,1,22,5,"T","F",5,6,"T","T","loftd101","stocm101","T","T",3,4,37,0,0,0,7,3,36,"wilsj105","","wilsj105",0,0,0,0,0,0,0,0,0,0,0,0,1,"schuj101","F","F","F","F",0,0,0,5,0,0,0,0,0,0,F,F,"1925PHI.EVN.regular.event.csv",2198
"PHI192505262","BRO",5,0,2,0,0,"",2,0,"loftd101","?","loftd101","?","carlh101","?","carlh101","?","wilsj105","hawkc101","wrigr102","hubec101","sandh101","burng101","harpg101","schuj101","","browe102","fourj101","1/P","F","F",9,6,2,"T","T",0,"F","F",1,"F","F",0,"F","F",1,"P","F","F","",0,0,"N",0,"N",0,"N",0,0,2,3,"1","","","","F","F","F","F","F","F","F","F","F","","carlh101","carlh101","F","F","F","F","F","","","","",0,1,0,0,0,0,0,0,0,39,"PHI","BRO","PHI",0,"F","T",2,0,2,23,6,"T","F",6,6,"T","T","stocm101","hargc101","T","T",0,0,0,8,5,38,3,4,37,"","wilsj105","wilsj105",0,0,0,0,0,0,0,0,0,0,0,0,0,"carlh101","F","F","F","F",0,0,0,0,0,0,0,0,0,0,F,F,"1925PHI.EVN.regular.event.csv",2199
"PHI192505262","BRO",5,1,0,0,0,"",2,0,"sandh101","?","sandh101","?","grimb101","?","grimb101","?","hargc101","fourj101","stocm101","johnj107","mitcj101","wheaz101","browe102","loftd101","","","","7/F7D","T","F",6,7,2,"T","T",0,"F","F",1,"F","F",0,"F","F",7,"F","F","F","7D",0,0,"N",0,"N",0,"N",0,0,0,0,"7","","","","F","F","F","F","F","F","F","F","F","","","","F","F","F","F","F","","","","",0,7,0,0,0,0,0,0,0,40,"PHI","PHI","BRO",1,"T","F",0,2,0,15,0,"T","F",0,0,"T","T","hubec101","carlh101","T","T",0,0,0,0,0,0,0,0,0,"","","",0,0,0,0,0,0,0,0,0,0,0,0,0,"wheaz101","F","F","F","F",0,0,0,0,0,0,0,0,0,0,F,F,"1925PHI.EVN.regular.event.csv",2200
"PHI192505262","BRO",5,1,1,0,0,"",2,0,"hubec101","?","hubec101","?","grimb101","?","grimb101","?","hargc101","fourj101","stocm101","johnj107","mitcj101","wheaz101","browe102","loftd101","","","","3/P","F","F",5,8,2,"T","T",0,"F","F",1,"F","F",0,"F","F",3,"P","F","F","",0,0,"N",0,"N",0,"N",0,0,0,0,"3","","","","F","F","F","F","F","F","F","F","F","","","","F","F","F","F","F","","","","",0,3,0,0,0,0,0,0,0,41,"PHI","PHI","BRO",1,"F","F",0,2,0,16,1,"T","F",0,0,"T","T","carlh101","burng101","T","T",0,0,0,0,0,0,0,0,0,"","","",0,0,0,0,0,0,0,0,0,0,0,0,0,"fourj101","F","F","F","F",0,0,0,0,0,0,0,0,0,0,F,F,"1925PHI.EVN.regular.event.csv",2201
"PHI192505262","BRO",5,1,2,0,0,"",2,0,"carlh101","?","carlh101","?","grimb101","?","grimb101","?","hargc101","fourj101","stocm101","johnj107","mitcj101","wheaz101","browe102","loftd101","","","","S8","F","F",1,9,20,"T","T",1,"F","F",0,"F","F",0,"F","F",8,"","F","F","",0,0,"N",0,"N",0,"N",1,0,0,0,"","","","","F","F","F","F","F","F","F","F","F","","","","F","F","F","F","F","","","","",0,0,0,0,0,0,0,0,0,42,"PHI","PHI","BRO",1,"F","F",0,2,0,17,2,"T","F",0,1,"T","T","burng101","wrigr102","T","T",0,0,0,0,0,0,0,0,0,"","","",0,0,0,0,0,0,0,0,0,0,0,0,0,"browe102","F","F","F","F",0,0,0,0,0,0,0,0,0,0,F,F,"1925PHI.EVN.regular.event.csv",2202
"PHI192505262","BRO",5,1,2,0,0,"",2,0,"burng101","?","burng101","?","grimb101","?","grimb101","?","hargc101","fourj101","stocm101","johnj107","mitcj101","wheaz101","browe102","loftd101","carlh101","","","63","F","F",7,1,2,"T","T",0,"F","F",1,"F","F",0,"F","F",6,"G","F","F","",0,0,"N",0,"N",0,"N",0,1,0,0,"63","","","","F","F","F","F","F","F","F","F","F","grimb101","","","F","F","F","F","F","","","","",0,3,0,0,6,0,0,0,0,43,"PHI","PHI","BRO",1,"F","T",0,2,0,18,3,"T","F",1,1,"T","T","wrigr102","schuj101","T","T",1,9,42,0,0,0,0,0,0,"hargc101","","",0,0,0,0,0,0,0,0,0,0,0,0,0,"mitcj101","F","F","F","F",0,0,0,0,0,0,0,0,0,0,F,F,"1925PHI.EVN.regular.event.csv",2203
"PHI192505262","BRO",6,0,0,0,0,"",2,0,"stocm101","?","stocm101","?","carlh101","?","carlh101","?","wilsj105","hawkc101","wrigr102","hubec101","sandh101","burng101","harpg101","schuj101","","","","8/F","T","F",4,7,2,"T","T",0,"F","F",1,"F","F",0,"F","F",8,"F","F","F","",0,0,"N",0,"N",0,"N",0,0,0,0,"8","","","","F","F","F","F","F","F","F","F","F","","","","F","F","F","F","F","","","","",0,8,0,0,0,0,0,0,0,44,"PHI","BRO","PHI",0,"T","F",2,0,0,24,0,"T","F",0,0,"T","T","hargc101","grimb101","T","T",0,0,0,0,0,0,0,0,0,"","","",0,0,0,0,0,0,0,0,0,0,0,0,0,"harpg101","F","F","F","F",0,0,0,0,0,0,0,0,0,0,F,F,"1925PHI.EVN.regular.event.csv",2204
"PHI192505262","BRO",6,0,1,0,0,"",2,0,"hargc101","?","hargc101","?","carlh101","?","carlh101","?","wilsj105","hawkc101","wrigr102","hubec101","sandh101","burng101","harpg101","schuj101","","","","S67/G","F","F",2,8,20,"T","T",1,"F","F",0,"F","F",0,"F","F",6,"G","F","F","",0,0,"N",0,"N",0,"N",1,0,0,0,"","","","","F","F","F","F","F","F","F","F","F","","","","F","F","F","F","F","","","","",0,0,0,0,0,0,0,0,0,45,"PHI","BRO","PHI",0,"F","F",2,0,0,25,1,"T","F",0,1,"T","T","grimb101","mitcj101","T","T",0,0,0,0,0,0,0,0,0,"","","",0,0,0,0,0,0,0,0,0,0,0,0,0,"sandh101","F","F","F","F",0,0,0,0,0,0,0,0,0,0,F,F,"1925PHI.EVN.regular.event.csv",2205
"PHI192505262","BRO",6,0,1,0,0,"",2,0,"grimb101","?","grimb101","?","carlh101","?","carlh101","?","wilsj105","hawkc101","wrigr102","hubec101","sandh101","burng101","harpg101","schuj101","hargc101","","","K","F","F",1,9,3,"T","T",0,"F","F",1,"F","F",0,"F","F",0,"","F","F","",0,0,"N",0,"N",0,"N",0,1,0,0,"2","","","","F","F","F","F","F","F","F","F","F","carlh101","","","F","F","F","F","F","","","","",0,2,0,0,0,0,0,0,0,46,"PHI","BRO","PHI",0,"F","F",2,0,0,26,2,"T","F",1,1,"T","T","mitcj101","johnj107","T","T",2,8,45,0,0,0,0,0,0,"wilsj105","","",0,0,0,0,0,0,0,0,0,0,0,0,0,"","F","F","F","F",0,0,0,0,0,0,0,0,0,0,F,F,"1925PHI.EVN.regular.event.csv",2206
"PHI192505262","BRO",6,0,2,0,0,"",2,0,"mitcj101","?","mitcj101","?","carlh101","?","carlh101","?","wilsj105","hawkc101","wrigr102","hubec101","sandh101","burng101","harpg101","schuj101","hargc101","","","S8.1-2","F","F",6,1,20,"T","T",1,"F","F",0,"F","F",0,"F","F",8,"","F","F","",0,0,"N",0,"N",0,"N",1,2,0,0,"","","","","F","F","F","F","F","F","F","F","F","carlh101","","","F","F","F","F","F","","","","",0,0,0,0,0,0,0,0,0,47,"PHI","BRO","PHI",0,"F","F",2,0,0,27,3,"T","F",1,3,"T","T","johnj107","wheaz101","T","T",2,8,45,0,0,0,0,0,0,"wilsj105","","",0,0,0,0,0,0,0,0,0,0,0,0,0,"harpg101","F","F","F","F",0,0,0,0,0,0,0,0,0,0,F,F,"1925PHI.EVN.regular.event.csv",2207
"PHI192505262","BRO",6,0,2,0,0,"",2,0,"johnj107","?","johnj107","?","carlh101","?","carlh101","?","wilsj105","hawkc101","wrigr102","hubec101","sandh101","burng101","harpg101","schuj101","mitcj101","hargc101","","6/P","F","F",5,2,2,"T","T",0,"F","F",1,"F","F",0,"F","F",6,"P","F","F","",0,0,"N",0,"N",0,"N",0,1,2,0,"6","","","","F","F","F","F","F","F","F","F","F","carlh101","carlh101","","F","F","F","F","F","","","","",0,6,0,0,0,0,0,0,0,48,"PHI","BRO","PHI",0,"F","T",2,0,0,28,4,"T","F",3,3,"T","T","wheaz101","fourj101","T","T",6,1,47,2,8,45,0,0,0,"wilsj105","wilsj105","",0,0,0,0,0,0,0,0,0,0,0,0,0,"sandh101","F","F","F","F",0,0,0,0,0,0,0,0,0,0,F,F,"1925PHI.EVN.regular.event.csv",2208
"PHI192505262","BRO",6,1,0,0,0,"",2,0,"wrigr102","?","wrigr102","?","grimb101","?","grimb101","?","hargc101","fourj101","stocm101","johnj107","mitcj101","wheaz101","browe102","loftd101","","","","S9","T","F",4,2,20,"T","T",1,"F","F",0,"F","F",0,"F","F",9,"","F","F","",0,0,"N",0,"N",0,"N",1,0,0,0,"","","","","F","F","F","F","F","F","F","F","F","","","","F","F","F","F","F","","","","",0,0,0,0,0,0,0,0,0,49,"PHI","PHI","BRO",1,"T","F",0,2,0,19,0,"T","F",0,1,"T","T","schuj101","harpg101","T","T",0,0,0,0,0,0,0,0,0,"","","",0,0,0,0,0,0,0,0,0,0,0,0,0,"loftd101","F","F","F","F",0,0,0,0,0,0,0,0,0,0,F,F,"1925PHI.EVN.regular.event.csv",2209
"PHI192505262","BRO",6,1,0,0,0,"",2,0,"schuj101","?","schuj101","?","grimb101","?","grimb101","?","hargc101","fourj101","stocm101","johnj107","mitcj101","wheaz101","browe102","loftd101","wrigr102","","","43.1-2","F","F",9,3,2,"T","T",0,"F","F",1,"F","F",0,"F","F",4,"G","F","F","",0,0,"N",0,"N",0,"N",0,2,0,0,"43","","","","F","F","F","F","F","F","F","F","F","grimb101","","","F","F","F","F","F","","","","",0,3,0,0,4,0,0,0,0,50,"PHI","PHI","BRO",1,"F","F",0,2,0,20,1,"T","F",1,2,"T","T","harpg101","hawkc101","T","T",4,2,49,0,0,0,0,0,0,"hargc101","","",0,0,0,0,0,0,0,0,0,0,0,0,0,"stocm101","F","F","F","F",0,0,0,0,0,0,0,0,0,0,F,F,"1925PHI.EVN.regular.event.csv",2210
"PHI192505262","BRO",6,1,1,0,0,"",2,0,"harpg101","?","harpg101","?","grimb101","?","grimb101","?","hargc101","fourj101","stocm101","johnj107","mitcj101","wheaz101","browe102","loftd101","","wrigr102","","8/L","F","F",8,4,2,"T","T",0,"F","F",1,"F","F",0,"F","F",8,"L","F","F","",0,0,"N",0,"N",0,"N",0,0,2,0,"8","","","","F","F","F","F","F","F","F","F","F","","grimb101","","F","F","F","F","F","","","","",0,8,0,0,0,0,0,0,0,51,"PHI","PHI","BRO",1,"F","F",0,2,0,21,2,"T","F",2,2,"T","T","hawkc101","wilsj105","T","T",0,0,0,4,2,49,0,0,0,"","hargc101","",0,0,0,0,0,0,0,0,0,0,0,0,0,"browe102","F","F","F","F",0,0,0,0,0,0,0,0,0,0,F,F,"1925PHI.EVN.regular.event.csv",2211
"PHI192505262","BRO",6,1,2,0,0,"",2,0,"hawkc101","?","hawkc101","?","grimb101","?","grimb101","?","hargc101","fourj101","stocm101","johnj107","mitcj101","wheaz101","browe102","loftd101","","wrigr102","","7/F","F","F",3,5,2,"T","T",0,"F","F",1,"F","F",0,"F","F",7,"F","F","F","",0,0,"N",0,"N",0,"N",0,0,2,0,"7","","","","F","F","F","F","F","F","F","F","F","","grimb101","","F","F","F","F","F","","","","",0,7,0,0,0,0,0,0,0,52,"PHI","PHI","BRO",1,"F","T",0,2,0,22,3,"T","F",2,2,"T","T","wilsj105","sandh101","T","T",0,0,0,4,2,49,0,0,0,"","hargc101","",0,0,0,0,0,0,0,0,0,0,0,0,0,"wheaz101","F","F","F","F",0,0,0,0,0,0,0,0,0,0,F,F,"1925PHI.EVN.regular.event.csv",2212
"PHI192505262","BRO",7,0,0,0,0,"",2,0,"wheaz101","?","wheaz101","?","carlh101","?","carlh101","?","wilsj105","hawkc101","wrigr102","hubec101","sandh101","burng101","harpg101","schuj101","","","","13","T","F",7,3,2,"T","T",0,"F","F",1,"F","F",0,"F","F",1,"G","F","F","",0,0,"N",0,"N",0,"N",0,0,0,0,"13","","","","F","F","F","F","F","F","F","F","F","","","","F","F","F","F","F","","","","",0,3,0,0,1,0,0,0,0,53,"PHI","BRO","PHI",0,"T","F",2,0,0,29,0,"T","F",0,0,"T","T","fourj101","browe102","T","T",0,0,0,0,0,0,0,0,0,"","","",0,0,0,0,0,0,0,0,0,0,0,0,0,"carlh101","F","F","F","F",0,0,0,0,0,0,0,0,0,0,F,F,"1925PHI.EVN.regular.event.csv",2213
"PHI192505262","BRO",7,0,1,0,0,"",2,0,"fourj101","?","fourj101","?","carlh101","?","carlh101","?","wilsj105","hawkc101","wrigr102","hubec101","sandh101","burng101","harpg101","schuj101","","","","2/P/FL","F","F",3,4,2,"T","T",0,"F","F",1,"F","F",0,"F","F",2,"P","F","T","",0,0,"N",0,"N",0,"N",0,0,0,0,"2","","","","F","F","F","F","F","F","F","F","F","","","","F","F","F","F","F","","","","",0,2,0,0,0,0,0,0,0,54,"PHI","BRO","PHI",0,"F","F",2,0,0,30,1,"T","F",0,0,"T","T","browe102","loftd101","T","T",0,0,0,0,0,0,0,0,0,"","","",0,0,0,0,0,0,0,0,0,0,0,0,0,"wilsj105","F","F","F","F",0,0,0,0,0,0,0,0,0,0,F,F,"1925PHI.EVN.regular.event.csv",2214
"PHI192505262","BRO",7,0,2,0,0,"",2,0,"browe102","?","browe102","?","carlh101","?","carlh101","?","wilsj105","hawkc101","wrigr102","hubec101","sandh101","burng101","harpg101","schuj101","","","","D7","F","F",8,5,21,"T","T",2,"F","F",0,"F","F",0,"F","F",7,"","F","F","",0,0,"N",0,"N",0,"N",2,0,0,0,"","","","","F","F","F","F","F","F","F","F","F","","","","F","F","F","F","F","","","","",0,0,0,0,0,0,0,0,0,55,"PHI","BRO","PHI",0,"F","F",2,0,0,31,2,"T","F",0,2,"T","T","loftd101","stocm101","T","T",0,0,0,0,0,0,0,0,0,"","","",0,0,0,0,0,0,0,0,0,0,0,0,0,"burng101","F","F","F","F",0,0,0,0,0,0,0,0,0,0,F,F,"1925PHI.EVN.regular.event.csv",2215
"PHI192505262","BRO",7,0,2,0,0,"",2,0,"loftd101","?","loftd101","?","carlh101","?","carlh101","?","wilsj105","hawkc101","wrigr102","hubec101","sandh101","burng101","harpg101","schuj101","","browe102","","E3/G.2-3","F","F",9,6,18,"T","T",0,"F","F",0,"F","F",0,"F","F",3,"G","F","F","",1,3,"F",0,"N",0,"N",1,0,3,0,"","","","","F","F","F","F","F","F","F","F","F","","carlh101","","F","F","F","F","F","","","","",0,0,0,0,0,0,0,0,0,56,"PHI","BRO","PHI",0,"F","F",2,0,0,32,3,"T","F",2,5,"T","T","stocm101","hargc101","T","T",0,0,0,8,5,55,0,0,0,"","wilsj105","",0,0,0,0,0,0,0,0,0,0,0,0,0,"hawkc101","F","F","F","T",0,0,0,0,0,0,0,0,0,0,F,F,"1925PHI.EVN.regular.event.csv",2216
"PHI192505262","BRO",7,0,2,0,0,"",2,0,"stocm101","?","stocm101","?","carlh101","?","carlh101","?","wilsj105","hawkc101","wrigr102","hubec101","sandh101","burng101","harpg101","schuj101","loftd101","","browe102","8/F","F","F",4,7,2,"T","T",0,"F","F",1,"F","F",0,"F","F",8,"F","F","F","",0,0,"N",0,"N",0,"N",0,1,0,3,"8","","","","F","F","F","F","F","F","F","F","F","carlh101","","carlh101","F","F","F","F","F","","","","",0,8,0,0,0,0,0,0,0,57,"PHI","BRO","PHI",0,"F","T",2,0,0,33,4,"T","F",5,5,"T","T","hargc101","grimb101","T","T",9,6,56,0,0,0,8,5,55,"wilsj105","","wilsj105",0,0,0,0,0,0,0,0,0,0,0,0,0,"harpg101","F","F","F","F",0,0,0,0,0,0,0,0,0,0,F,F,"1925PHI.EVN.regular.event.csv",2217
"PHI192505262","BRO",7,1,0,0,0,"",2,0,"wilsj105","?","wilsj105","?","grimb101","?","grimb101","?","hargc101","fourj101","stocm101","johnj107","mitcj101","wheaz101","browe102","loftd101","","","","8/F","T","F",2,6,2,"T","T",0,"F","F",1,"F","F",0,"F","F",8,"F","F","F","",0,0,"N",0,"N",0,"N",0,0,0,0,"8","","","","F","F","F","F","F","F","F","F","F","","","","F","F","F","F","F","","","","",0,8,0,0,0,0,0,0,0,58,"PHI","PHI","BRO",1,"T","F",0,2,0,23,0,"T","F",0,0,"T","T","sandh101","hubec101","T","T",0,0,0,0,0,0,0,0,0,"","","",0,0,0,0,0,0,0,0,0,0,0,0,0,"browe102","F","F","F","F",0,0,0,0,0,0,0,0,0,0,F,F,"1925PHI.EVN.regular.event.csv",2218
"PHI192505262","BRO",7,1,1,0,0,"",2,0,"sandh101","?","sandh101","?","grimb101","?","grimb101","?","hargc101","fourj101","stocm101","johnj107","mitcj101","wheaz101","browe102","loftd101","","","","53","F","F",6,7,2,"T","T",0,"F","F",1,"F","F",0,"F","F",5,"G","F","F","",0,0,"N",0,"N",0,"N",0,0,0,0,"53","","","","F","F","F","F","F","F","F","F","F","","","","F","F","F","F","F","","","","",0,3,0,0,5,0,0,0,0,59,"PHI","PHI","BRO",1,"F","F",0,2,0,24,1,"T","F",0,0,"T","T","hubec101","carlh101","T","T",0,0,0,0,0,0,0,0,0,"","","",0,0,0,0,0,0,0,0,0,0,0,0,0,"johnj107","F","F","F","F",0,0,0,0,0,0,0,0,0,0,F,F,"1925PHI.EVN.regular.event.csv",2219
"PHI192505262","BRO",7,1,2,0,0,"",2,0,"hubec101","?","hubec101","?","grimb101","?","grimb101","?","hargc101","fourj101","stocm101","johnj107","mitcj101","wheaz101","browe102","loftd101","","","","63","F","F",5,8,2,"T","T",0,"F","F",1,"F","F",0,"F","F",6,"G","F","F","",0,0,"N",0,"N",0,"N",0,0,0,0,"63","","","","F","F","F","F","F","F","F","F","F","","","","F","F","F","F","F","","","","",0,3,0,0,6,0,0,0,0,60,"PHI","PHI","BRO",1,"F","T",0,2,0,25,2,"T","F",0,0,"T","T","carlh101","burng101","T","T",0,0,0,0,0,0,0,0,0,"","","",0,0,0,0,0,0,0,0,0,0,0,0,0,"mitcj101","F","F","F","F",0,0,0,0,0,0,0,0,0,0,F,F,"1925PHI.EVN.regular.event.csv",2220
"PHI192505262","BRO",8,0,0,0,0,"",2,0,"hargc101","?","hargc101","?","carlh101","?","carlh101","?","wilsj105","hawkc101","wrigr102","hubec101","sandh101","burng101","harpg101","schuj101","","","","S7","T","F",2,8,20,"T","T",1,"F","F",0,"F","F",0,"F","F",7,"","F","F","",0,0,"N",0,"N",0,"N",1,0,0,0,"","","","","F","F","F","F","F","F","F","F","F","","","","F","F","F","F","F","","","","",0,0,0,0,0,0,0,0,0,61,"PHI","BRO","PHI",0,"T","F",2,0,0,34,0,"T","F",0,1,"T","T","grimb101","mitcj101","T","T",0,0,0,0,0,0,0,0,0,"","","",0,0,0,0,0,0,0,0,0,0,0,0,0,"burng101","F","F","F","F",2,0,0,0,0,0,0,0,0,0,F,F,"1925PHI.EVN.regular.event.csv",2221
"PHI192505262","BRO",8,0,0,0,0,"",2,0,"grimb101","?","grimb101","?","carlh101","?","carlh101","?","wilsj105","hawkc101","wrigr102","hubec101","sandh101","burng101","harpg101","schuj101","hargc101","","","34/SH.1-2","F","F",1,9,2,"T","F",0,"T","F",1,"F","F",0,"F","F",3,"G","T","F","",0,0,"N",0,"N",0,"N",0,2,0,0,"34","","","","F","F","F","F","F","F","F","F","F","carlh101","","","F","F","F","F","F","","","","",0,4,0,0,3,0,0,0,0,62,"PHI","BRO","PHI",0,"F","F",2,0,0,35,1,"T","F",1,2,"T","T","mitcj101","johnj107","T","T",2,8,61,0,0,0,0,0,0,"wilsj105","","",0,0,0,0,0,0,0,0,0,0,0,0,0,"hawkc101","F","F","F","F",0,2,0,0,0,0,0,0,0,0,F,F,"1925PHI.EVN.regular.event.csv",2222
"PHI192505262","BRO",8,0,1,0,0,"",2,0,"mitcj101","?","mitcj101","?","carlh101","?","carlh101","?","wilsj105","hawkc101","wrigr102","hubec101","sandh101","burng101","harpg101","schuj101","","hargc101","","K","F","F",6,1,3,"T","T",0,"F","F",1,"F","F",0,"F","F",0,"","F","F","",0,0,"N",0,"N",0,"N",0,0,2,0,"2","","","","F","F","F","F","F","F","F","F","F","","carlh101","","F","F","F","F","F","","","","",0,2,0,0,0,0,0,0,0,63,"PHI","BRO","PHI",0,"F","F",2,0,0,36,2,"T","F",2,2,"T","T","johnj107","wheaz101","T","T",0,0,0,2,8,61,0,0,0,"","wilsj105","",0,0,0,0,0,0,0,0,0,0,0,0,0,"","F","F","F","F",0,0,2,0,0,0,0,0,0,0,F,F,"1925PHI.EVN.regular.event.csv",2223
"PHI192505262","BRO",8,0,2,0,0,"",2,0,"johnj107","?","johnj107","?","carlh101","?","carlh101","?","wilsj105","hawkc101","wrigr102","hubec101","sandh101","burng101","harpg101","schuj101","","hargc101","","4/P/FL","F","F",5,2,2,"T","T",0,"F","F",1,"F","F",0,"F","F",4,"P","F","T","",0,0,"N",0,"N",0,"N",0,0,2,0,"4","","","","F","F","F","F","F","F","F","F","F","","carlh101","","F","F","F","F","F","","","","",0,4,0,0,0,0,0,0,0,64,"PHI","BRO","PHI",0,"F","T",2,0,0,37,3,"T","F",2,2,"T","T","wheaz101","fourj101","T","T",0,0,0,2,8,61,0,0,0,"","wilsj105","",0,0,0,0,0,0,0,0,0,0,0,0,0,"wrigr102","F","F","F","F",0,0,2,0,0,0,0,0,0,0,F,F,"1925PHI.EVN.regular.event.csv",2224
"PHI192505262","BRO",8,1,0,0,0,"",2,0,"holkw101","?","holkw101","?","grimb101","?","grimb101","?","hargc101","fourj101","stocm101","johnj107","mitcj101","wheaz101","browe102","loftd101","","","","D9","T","T",11,9,21,"T","T",2,"F","F",0,"F","F",0,"F","F",9,"","F","F","",0,0,"N",0,"N",0,"N",2,0,0,0,"","","","","F","F","F","F","F","F","F","F","F","","","","F","F","F","F","F","","","","carlh101",1,0,0,0,0,0,0,0,0,65,"PHI","PHI","BRO",1,"T","F",0,2,0,26,0,"T","F",0,2,"F","F","burng101","wrigr102","T","T",0,0,0,0,0,0,0,0,0,"","","",0,0,0,0,0,0,0,0,0,0,0,0,0,"loftd101","F","F","F","F",4,0,0,0,1,0,0,0,0,0,F,F,"1925PHI.EVN.regular.event.csv",2225
"PHI192505262","BRO",8,1,0,0,0,"",2,0,"willc103","?","willc103","?","grimb101","?","grimb101","?","hargc101","fourj101","stocm101","johnj107","mitcj101","wheaz101","browe102","loftd101","","holkw101","","43.2-3","F","T",11,1,2,"T","T",0,"F","F",1,"F","F",0,"F","F",4,"G","F","F","",0,0,"N",0,"N",0,"N",0,0,3,0,"43","","","","F","F","F","F","F","F","F","F","F","","grimb101","","F","F","F","F","F","","","","burng101",7,3,0,0,4,0,0,0,0,66,"PHI","PHI","BRO",1,"F","F",0,2,0,27,1,"T","F",2,4,"F","F","wrigr102","schuj101","T","T",0,0,0,11,9,65,0,0,0,"","hargc101","",0,0,0,0,0,0,0,0,0,0,0,0,0,"stocm101","F","F","F","F",0,0,4,0,1,0,0,0,0,0,F,F,"1925PHI.EVN.regular.event.csv",2226
"PHI192505262","BRO",8,1,1,0,0,"",2,0,"wrigr102","?","wrigr102","?","grimb101","?","grimb101","?","hargc101","fourj101","stocm101","johnj107","mitcj101","wheaz101","browe102","loftd101","","","holkw101","8/SF.3-H","F","F",4,2,2,"T","F",0,"F","T",1,"F","F",1,"F","F",8,"F","F","F","",0,0,"N",0,"N",0,"N",0,0,0,4,"8","","","","F","F","F","F","F","F","F","F","F","","","grimb101","F","F","F","F","F","","","","",0,8,0,0,0,0,0,0,0,67,"PHI","PHI","BRO",1,"F","F",0,2,0,28,2,"T","F",4,0,"T","T","schuj101","harpg101","T","T",0,0,0,0,0,0,0,9,65,"","","hargc101",0,0,0,0,0,0,0,0,0,0,0,0,1,"browe102","F","F","F","F",0,0,0,4,0,0,0,0,0,0,F,F,"1925PHI.EVN.regular.event.csv",2227
"PHI192505262","BRO",8,1,2,0,0,"",2,1,"schuj101","?","schuj101","?","grimb101","?","grimb101","?","hargc101","fourj101","stocm101","johnj107","mitcj101","wheaz101","browe102","loftd101","","","","S6/G","F","F",9,3,20,"T","T",1,"F","F",0,"F","F",0,"F","F",6,"G","F","F","",0,0,"N",0,"N",0,"N",1,0,0,0,"","","","","F","F","F","F","F","F","F","F","F","","","","F","F","F","F","F","","","","",0,0,0,0,0,0,0,0,0,68,"PHI","PHI","BRO",1,"F","F",1,2,1,29,3,"T","F",0,1,"T","T","harpg101","hawkc101","T","T",0,0,0,0,0,0,0,0,0,"","","",0,0,0,0,0,0,0,0,0,0,0,0,0,"mitcj101","F","F","F","F",0,0,0,0,0,0,0,0,0,0,F,F,"1925PHI.EVN.regular.event.csv",2228
"PHI192505262","BRO",8,1,2,0,0,"",2,1,"harpg101","?","harpg101","?","grimb101","?","grimb101","?","hargc101","fourj101","stocm101","johnj107","mitcj101","wheaz101","browe102","loftd101","schuj101","","","64(1)/FO","F","F",8,4,2,"T","T",0,"F","F",1,"F","F",0,"F","F",6,"G","F","F","",0,0,"N",0,"N",0,"N",1,0,0,0,"","64","","","F","F","F","F","F","F","F","F","F","grimb101","","","F","F","F","F","F","","","","",0,4,0,0,6,0,0,0,0,69,"PHI","PHI","BRO",1,"F","T",1,2,1,30,4,"T","F",1,1,"T","T","hawkc101","wilsj105","T","T",9,3,68,0,0,0,0,0,0,"hargc101","","",0,0,0,0,0,0,0,0,0,0,0,0,0,"mitcj101","T","F","F","F",1,0,0,0,0,0,0,0,0,0,F,F,"1925PHI.EVN.regular.event.csv",2229
"PHI192505262","BRO",9,0,0,0,0,"X",2,1,"wheaz101","?","wheaz101","?","knigj103","?","knigj103","?","wilsj105","hawkc101","wrigr102","hubec101","sandh101","schuj101","harpg101","willc103","","","","HR/F9D","T","F",7,3,23,"T","T",4,"F","F",0,"F","F",1,"F","F",0,"F","F","F","9D",0,0,"N",0,"N",0,"N",4,0,0,0,"","","","","F","F","F","F","F","F","F","F","F","","","","F","F","F","F","F","","","","",0,0,0,0,0,0,0,0,0,70,"PHI","BRO","PHI",0,"T","F",2,1,0,38,0,"T","F",0,0,"T","T","fourj101","browe102","F","F",0,0,0,0,0,0,0,0,0,"","","",0,0,0,0,0,0,1,0,0,0,1,0,1,"","F","F","F","F",4,0,0,0,0,0,0,0,0,0,F,F,"1925PHI.EVN.regular.event.csv",2230
"PHI192505262","BRO",9,0,0,0,0,"",3,1,"fourj101","?","fourj101","?","knigj103","?","knigj103","?","wilsj105","hawkc101","wrigr102","hubec101","sandh101","schuj101","harpg101","willc103","","","","3/G","F","F",3,4,2,"T","T",0,"F","F",1,"F","F",0,"F","F",3,"G","F","F","",0,0,"N",0,"N",0,"N",0,0,0,0,"3","","","","F","F","F","F","F","F","F","F","F","","","","F","F","F","F","F","","","","",0,3,0,0,0,0,0,0,0,71,"PHI","BRO","PHI",0,"F","F",3,1,1,39,1,"T","F",0,0,"T","T","browe102","loftd101","F","F",0,0,0,0,0,0,0,0,0,"","","",0,0,0,0,0,0,0,0,0,0,0,0,0,"hawkc101","F","F","F","F",0,0,0,0,0,0,0,0,0,0,F,F,"1925PHI.EVN.regular.event.csv",2231
"PHI192505262","BRO",9,0,1,0,0,"",3,1,"browe102","?","browe102","?","knigj103","?","knigj103","?","wilsj105","hawkc101","wrigr102","hubec101","sandh101","schuj101","harpg101","willc103","","","","63","F","F",8,5,2,"T","T",0,"F","F",1,"F","F",0,"F","F",6,"G","F","F","",0,0,"N",0,"N",0,"N",0,0,0,0,"63","","","","F","F","F","F","F","F","F","F","F","","","","F","F","F","F","F","","","","",0,3,0,0,6,0,0,0,0,72,"PHI","BRO","PHI",0,"F","F",3,1,1,40,2,"T","F",0,0,"T","T","loftd101","stocm101","F","F",0,0,0,0,0,0,0,0,0,"","","",0,0,0,0,0,0,0,0,0,0,0,0,0,"sandh101","F","F","F","F",0,0,0,0,0,0,0,0,0,0,F,F,"1925PHI.EVN.regular.event.csv",2232
"PHI192505262","BRO",9,0,2,0,0,"",3,1,"loftd101","?","loftd101","?","knigj103","?","knigj103","?","wilsj105","hawkc101","wrigr102","hubec101","sandh101","schuj101","harpg101","willc103","","","","4/L","F","F",9,6,2,"T","T",0,"F","F",1,"F","F",0,"F","F",4,"L","F","F","",0,0,"N",0,"N",0,"N",0,0,0,0,"4","","","","F","F","F","F","F","F","F","F","F","","","","F","F","F","F","F","","","","",0,4,0,0,0,0,0,0,0,73,"PHI","BRO","PHI",0,"F","T",3,1,1,41,3,"T","F",0,0,"T","T","stocm101","hargc101","F","F",0,0,0,0,0,0,0,0,0,"","","",0,0,0,0,0,0,0,0,0,0,0,0,0,"wrigr102","F","F","F","F",0,0,0,0,0,0,0,0,0,0,F,F,"1925PHI.EVN.regular.event.csv",2233
"PHI192505262","BRO",9,1,0,0,0,"",3,1,"hawkc101","?","hawkc101","?","grimb101","?","grimb101","?","hargc101","fourj101","stocm101","johnj107","mitcj101","wheaz101","browe102","loftd101","","","","7/F/FL","T","F",3,5,2,"T","T",0,"F","F",1,"F","F",0,"F","F",7,"F","F","T","",0,0,"N",0,"N",0,"N",0,0,0,0,"7","","","","F","F","F","F","F","F","F","F","F","","","","F","F","F","F","F","","","","",0,7,0,0,0,0,0,0,0,74,"PHI","PHI","BRO",1,"T","F",1,3,0,31,0,"T","F",0,0,"T","T","wilsj105","sandh101","T","T",0,0,0,0,0,0,0,0,0,"","","",0,0,0,0,0,0,0,0,0,0,0,0,0,"wheaz101","F","F","F","F",0,0,0,0,0,0,0,0,0,0,F,F,"1925PHI.EVN.regular.event.csv",2234
"PHI192505262","BRO",9,1,1,0,0,"",3,1,"wilsj105","?","wilsj105","?","grimb101","?","grimb101","?","hargc101","fourj101","stocm101","johnj107","mitcj101","wheaz101","browe102","loftd101","","","","13","F","F",2,6,2,"T","T",0,"F","F",1,"F","F",0,"F","F",1,"G","F","F","",0,0,"N",0,"N",0,"N",0,0,0,0,"13","","","","F","F","F","F","F","F","F","F","F","","","","F","F","F","F","F","","","","",0,3,0,0,1,0,0,0,0,75,"PHI","PHI","BRO",1,"F","F",1,3,0,32,1,"T","F",0,0,"T","T","sandh101","hubec101","T","T",0,0,0,0,0,0,0,0,0,"","","",0,0,0,0,0,0,0,0,0,0,0,0,0,"grimb101","F","F","F","F",0,0,0,0,0,0,0,0,0,0,F,F,"1925PHI.EVN.regular.event.csv",2235
"PHI192505262","BRO",9,1,2,0,0,"",3,1,"henlb101","?","henlb101","?","grimb101","?","grimb101","?","hargc101","fourj101","stocm101","johnj107","mitcj101","wheaz101","browe102","loftd101","","","","8/F","F","T",11,7,2,"T","T",0,"F","F",1,"F","F",0,"F","F",8,"F","F","F","",0,0,"N",0,"N",0,"N",0,0,0,0,"8","","","","F","F","F","F","F","F","F","F","F","","","","F","T","F","F","F","","","","sandh101",6,8,0,0,0,0,0,0,0,76,"PHI","PHI","BRO",1,"F","T",1,3,0,33,2,"T","F",0,0,"F","F","hubec101","knigj103","T","T",0,0,0,0,0,0,0,0,0,"","","",0,0,0,0,0,0,0,0,0,0,0,0,0,"browe102","F","F","F","F",0,0,0,0,0,0,0,0,0,0,F,F,"1925PHI.EVN.regular.event.csv",2236
"PHI192506290","BRO",1,0,0,0,0,"",0,0,"higha101","?","higha101","?","carlh101","?","carlh101","?","wilsj105","hawkc101","fonsl101","fribb101","sandh101","wrigr102","harpg101","willc103","","","","13","T","F",5,1,2,"T","T",0,"F","F",1,"F","F",0,"F","F",1,"G","F","F","",0,0,"N",0,"N",0,"N",0,0,0,0,"13","","","","F","F","F","F","F","F","F","F","F","","","","T","F","F","F","F","","","","",0,3,0,0,1,0,0,0,0,1,"PHI","BRO","PHI",0,"T","F",0,0,0,0,0,"T","F",0,0,"T","T","stocm101","wheaz101","T","T",0,0,0,0,0,0,0,0,0,"","","",0,0,0,0,0,0,0,0,0,0,0,0,0,"carlh101","F","F","F","F",0,0,0,0,3,0,0,0,0,0,F,F,"1925PHI.EVN.regular.event.csv",2237
"PHI192506290","BRO",1,0,1,0,0,"",0,0,"stocm101","?","stocm101","?","carlh101","?","carlh101","?","wilsj105","hawkc101","fonsl101","fribb101","sandh101","wrigr102","harpg101","willc103","","","","S9","F","F",4,2,20,"T","T",1,"F","F",0,"F","F",0,"F","F",9,"","F","F","",0,0,"N",0,"N",0,"N",1,0,0,0,"","","","","F","F","F","F","F","F","F","F","F","","","","F","F","F","F","F","","","","",0,0,0,0,0,0,0,0,0,2,"PHI","BRO","PHI",0,"F","F",0,0,0,1,1,"T","F",0,1,"T","T","wheaz101","fourj101","T","T",0,0,0,0,0,0,0,0,0,"","","",0,0,0,0,0,0,0,0,0,0,0,0,0,"willc103","F","F","F","F",4,0,0,0,3,0,0,0,0,0,F,F,"1925PHI.EVN.regular.event.csv",2238
"PHI192506290","BRO",1,0,1,0,0,"",0,0,"wheaz101","?","wheaz101","?","carlh101","?","carlh101","?","wilsj105","hawkc101","fonsl101","fribb101","sandh101","wrigr102","harpg101","willc103","stocm101","","","D8/8XDW.1-H;B-3(THH)","F","F",7,3,21,"T","T",2,"F","F",0,"F","F",1,"F","F",8,"","F","F","8XDW",0,0,"N",0,"N",0,"N",3,4,0,0,"","","","","F","F","F","F","F","F","F","F","F","carlh101","","","F","F","F","F","F","","","","",0,0,0,0,0,0,0,0,0,3,"PHI","BRO","PHI",0,"F","F",0,0,0,2,2,"T","F",1,4,"T","T","fourj101","browe102","T","T",4,2,2,0,0,0,0,0,0,"wilsj105","","",0,0,0,0,0,0,0,0,0,0,0,0,1,"harpg101","F","F","F","F",4,4,0,0,2,0,0,0,0,0,F,F,"1925PHI.EVN.regular.event.csv",2239
"PHI192506290","BRO",1,0,1,0,0,"",1,0,"fourj101","?","fourj101","?","carlh101","?","carlh101","?","wilsj105","hawkc101","fonsl101","fribb101","sandh101","wrigr102","harpg101","willc103","","","wheaz101","S/P5D.3-H","F","F",3,4,20,"T","T",1,"F","F",0,"F","F",1,"F","F",0,"P","F","F","5D",0,0,"N",0,"N",0,"N",1,0,0,4,"","","","","F","F","F","F","F","F","F","F","F","","","carlh101","F","F","F","F","F","","","","",0,0,0,0,0,0,0,0,0,4,"PHI","BRO","PHI",0,"F","F",1,0,1,3,3,"T","F",4,1,"T","T","browe102","cox-d101","T","T",0,0,0,0,0,0,7,3,3,"","","wilsj105",0,0,0,0,0,0,0,0,0,0,0,0,1,"","F","F","F","F",4,0,0,4,1,0,0,0,0,0,F,F,"1925PHI.EVN.regular.event.csv",2240
"PHI192506290","BRO",1,0,1,0,0,"",2,0,"browe102","?","browe102","?","carlh101","?","carlh101","?","wilsj105","hawkc101","fonsl101","fribb101","sandh101","wrigr102","harpg101","willc103","fourj101","","","D9/9DW.1-H","F","F",8,5,21,"T","T",2,"F","F",0,"F","F",1,"F","F",9,"","F","F","9DW",0,0,"N",0,"N",0,"N",2,4,0,0,"","","","","F","F","F","F","F","F","F","F","F","carlh101","","","F","F","F","F","F","","","","",0,0,0,0,0,0,0,0,0,5,"PHI","BRO","PHI",0,"F","F",2,0,2,4,4,"T","F",1,2,"T","T","cox-d101","fordh101","T","T",3,4,4,0,0,0,0,0,0,"wilsj105","","",0,0,0,0,0,0,0,0,0,0,0,0,1,"willc103","F","F","F","F",0,4,0,0,0,0,0,0,0,0,F,F,"1925PHI.EVN.regular.event.csv",2241
"PHI192506290","BRO",1,0,1,0,0,"",3,0,"cox-d101","?","cox-d101","?","carlh101","?","carlh101","?","wilsj105","hawkc101","fonsl101","fribb101","sandh101","wrigr102","harpg101","willc103","","browe102","","8/F.2-3","F","F",9,6,2,"T","T",0,"F","F",1,"F","F",0,"F","F",8,"F","F","F","",0,0,"N",0,"N",0,"N",0,0,3,0,"8","","","","F","F","F","F","F","F","F","F","F","","carlh101","","F","F","F","F","F","","","","",0,8,0,0,0,0,0,0,0,6,"PHI","BRO","PHI",0,"F","F",3,0,3,5,5,"T","F",2,4,"T","T","fordh101","debeh101","T","T",0,0,0,8,5,5,0,0,0,"","wilsj105","",0,0,0,0,0,0,0,0,0,0,0,0,0,"harpg101","F","F","F","F",0,0,0,0,0,0,0,0,0,0,F,F,"1925PHI.EVN.regular.event.csv",2242
"PHI192506290","BRO",1,0,2,0,0,"",3,0,"fordh101","?","fordh101","?","carlh101","?","carlh101","?","wilsj105","hawkc101","fonsl101","fribb101","sandh101","wrigr102","harpg101","willc103","","","browe102","K","F","F",6,7,3,"T","T",0,"F","F",1,"F","F",0,"F","F",0,"","F","F","",0,0,"N",0,"N",0,"N",0,0,0,3,"2","","","","F","F","F","F","F","F","F","F","F","","","carlh101","F","F","F","F","F","","","","",0,2,0,0,0,0,0,0,0,7,"PHI","BRO","PHI",0,"F","T",3,0,3,6,6,"T","F",4,4,"T","T","debeh101","vancd101","T","T",0,0,0,0,0,0,8,5,5,"","","wilsj105",0,0,0,0,0,0,0,0,0,0,0,0,0,"","F","F","F","F",0,0,0,0,0,0,0,0,0,0,F,F,"1925PHI.EVN.regular.event.csv",2243
"PHI192506290","BRO",1,1,0,0,0,"",3,0,"sandh101","?","sandh101","?","vancd101","?","vancd101","?","debeh101","fourj101","stocm101","higha101","fordh101","wheaz101","browe102","cox-d101","","","","8/F8XD","T","F",6,1,2,"T","T",0,"F","F",1,"F","F",0,"F","F",8,"F","F","F","8XD",0,0,"N",0,"N",0,"N",0,0,0,0,"8","","","","F","F","F","F","F","F","F","F","F","","","","F","F","F","F","F","","","","",0,8,0,0,0,0,0,0,0,8,"PHI","PHI","BRO",1,"T","F",0,3,0,0,0,"T","F",0,0,"T","T","fonsl101","wrigr102","T","T",0,0,0,0,0,0,0,0,0,"","","",0,0,0,0,0,0,0,0,0,0,0,0,0,"browe102","F","F","F","F",0,0,0,0,0,0,0,0,0,0,F,F,"1925PHI.EVN.regular.event.csv",2244
"PHI192506290","BRO",1,1,1,0,0,"",3,0,"fonsl101","?","fonsl101","?","vancd101","?","vancd101","?","debeh101","fourj101","stocm101","higha101","fordh101","wheaz101","browe102","cox-d101","","","","7/L","F","F",4,2,2,"T","T",0,"F","F",1,"F","F",0,"F","F",7,"L","F","F","",0,0,"N",0,"N",0,"N",0,0,0,0,"7","","","","F","F","F","F","F","F","F","F","F","","","","F","F","F","F","F","","","","",0,7,0,0,0,0,0,0,0,9,"PHI","PHI","BRO",1,"F","F",0,3,0,1,1,"T","F",0,0,"T","T","wrigr102","harpg101","T","T",0,0,0,0,0,0,0,0,0,"","","",0,0,0,0,0,0,0,0,0,0,0,0,0,"wheaz101","F","F","F","F",0,0,0,0,0,0,0,0,0,0,F,F,"1925PHI.EVN.regular.event.csv",2245
"PHI192506290","BRO",1,1,2,0,0,"",3,0,"wrigr102","?","wrigr102","?","vancd101","?","vancd101","?","debeh101","fourj101","stocm101","higha101","fordh101","wheaz101","browe102","cox-d101","","","","43","F","F",7,3,2,"T","T",0,"F","F",1,"F","F",0,"F","F",4,"G","F","F","",0,0,"N",0,"N",0,"N",0,0,0,0,"43","","","","F","F","F","F","F","F","F","F","F","","","","F","F","F","F","F","","","","",0,3,0,0,4,0,0,0,0,10,"PHI","PHI","BRO",1,"F","T",0,3,0,2,2,"T","F",0,0,"T","T","harpg101","wilsj105","T","T",0,0,0,0,0,0,0,0,0,"","","",0,0,0,0,0,0,0,0,0,0,0,0,0,"stocm101","F","F","F","F",0,0,0,0,0,0,0,0,0,0,F,F,"1925PHI.EVN.regular.event.csv",2246
"PHI192506290","BRO",2,0,0,0,0,"",3,0,"debeh101","?","debeh101","?","carlh101","?","carlh101","?","wilsj105","hawkc101","fonsl101","fribb101","sandh101","wrigr102","harpg101","willc103","","","","S7","T","F",2,8,20,"T","T",1,"F","F",0,"F","F",0,"F","F",7,"","F","F","",0,0,"N",0,"N",0,"N",1,0,0,0,"","","","","F","F","F","F","F","F","F","F","F","","","","F","F","F","F","F","","","","",0,0,0,0,0,0,0,0,0,11,"PHI","BRO","PHI",0,"T","F",3,0,0,7,0,"T","F",0,1,"T","T","vancd101","higha101","T","T",0,0,0,0,0,0,0,0,0,"","","",0,0,0,0,0,0,0,0,0,0,0,0,0,"wrigr102","F","F","F","F",0,0,0,0,0,0,0,0,0,0,F,F,"1925PHI.EVN.regular.event.csv",2247
"PHI192506290","BRO",2,0,0,0,0,"",3,0,"vancd101","?","vancd101","?","carlh101","?","carlh101","?","wilsj105","hawkc101","fonsl101","fribb101","sandh101","wrigr102","harpg101","willc103","debeh101","","","16(1)/FO","F","F",1,9,2,"T","T",0,"F","F",1,"F","F",0,"F","F",1,"G","F","F","",0,0,"N",0,"N",0,"N",1,0,0,0,"","16","","","F","F","F","F","F","F","F","F","F","carlh101","","","F","F","F","F","F","","","","",0,6,0,0,1,0,0,0,0,12,"PHI","BRO","PHI",0,"F","F",3,0,0,8,1,"T","F",1,1,"T","T","higha101","stocm101","T","T",2,8,11,0,0,0,0,0,0,"wilsj105","","",0,0,0,0,0,0,0,0,0,0,0,0,0,"carlh101","T","F","F","F",0,0,0,0,0,0,0,0,0,0,F,F,"1925PHI.EVN.regular.event.csv",2248
"PHI192506290","BRO",2,0,1,0,0,"",3,0,"higha101","?","higha101","?","carlh101","?","carlh101","?","wilsj105","hawkc101","fonsl101","fribb101","sandh101","wrigr102","harpg101","willc103","vancd101","","","2/P/FL","F","F",5,1,2,"T","T",0,"F","F",1,"F","F",0,"F","F",2,"P","F","T","",0,0,"N",0,"N",0,"N",0,1,0,0,"2","","","","F","F","F","F","F","F","F","F","F","carlh101","","","F","F","F","F","F","","","","",0,2,0,0,0,0,0,0,0,13,"PHI","BRO","PHI",0,"F","F",3,0,0,9,2,"T","F",1,1,"T","T","stocm101","wheaz101","T","T",1,9,12,0,0,0,0,0,0,"wilsj105","","",0,0,0,0,0,0,0,0,0,0,0,0,0,"wilsj105","F","F","F","F",0,0,0,0,0,0,0,0,0,0,F,F,"1925PHI.EVN.regular.event.csv",2249
"PHI192506290","BRO",2,0,2,0,0,"",3,0,"stocm101","?","stocm101","?","carlh101","?","carlh101","?","wilsj105","hawkc101","fonsl101","fribb101","sandh101","wrigr102","harpg101","willc103","vancd101","","","46(1)/FO","F","F",4,2,2,"T","T",0,"F","F",1,"F","F",0,"F","F",4,"G","F","F","",0,0,"N",0,"N",0,"N",1,0,0,0,"","46","","","F","F","F","F","F","F","F","F","F","carlh101","","","F","F","F","F","F","","","","",0,6,0,0,4,0,0,0,0,14,"PHI","BRO","PHI",0,"F","T",3,0,0,10,3,"T","F",1,1,"T","T","wheaz101","fourj101","T","T",1,9,12,0,0,0,0,0,0,"wilsj105","","",0,0,0,0,0,0,0,0,0,0,0,0,0,"fonsl101","T","F","F","F",0,0,0,0,0,0,0,0,0,0,F,F,"1925PHI.EVN.regular.event.csv",2250
"PHI192506290","BRO",2,1,0,0,0,"",3,0,"harpg101","?","harpg101","?","vancd101","?","vancd101","?","debeh101","fourj101","stocm101","higha101","fordh101","wheaz101","browe102","cox-d101","","","","8/F","T","F",8,4,2,"T","T",0,"F","F",1,"F","F",0,"F","F",8,"F","F","F","",0,0,"N",0,"N",0,"N",0,0,0,0,"8","","","","F","F","F","F","F","F","F","F","F","","","","F","F","F","F","F","","","","",0,8,0,0,0,0,0,0,0,15,"PHI","PHI","BRO",1,"T","F",0,3,0,3,0,"T","F",0,0,"T","T","wilsj105","hawkc101","T","T",0,0,0,0,0,0,0,0,0,"","","",0,0,0,0,0,0,0,0,0,0,0,0,0,"browe102","F","F","F","F",0,0,0,0,0,0,0,0,0,0,F,F,"1925PHI.EVN.regular.event.csv",2251
"PHI192506290","BRO",2,1,1,0,0,"",3,0,"wilsj105","?","wilsj105","?","vancd101","?","vancd101","?","debeh101","fourj101","stocm101","higha101","fordh101","wheaz101","browe102","cox-d101","","","","43","F","F",2,5,2,"T","T",0,"F","F",1,"F","F",0,"F","F",4,"G","F","F","",0,0,"N",0,"N",0,"N",0,0,0,0,"43","","","","F","F","F","F","F","F","F","F","F","","","","F","F","F","F","F","","","","",0,3,0,0,4,0,0,0,0,16,"PHI","PHI","BRO",1,"F","F",0,3,0,4,1,"T","F",0,0,"T","T","hawkc101","willc103","T","T",0,0,0,0,0,0,0,0,0,"","","",0,0,0,0,0,0,0,0,0,0,0,0,0,"stocm101","F","F","F","F",0,0,0,0,0,0,0,0,0,0,F,F,"1925PHI.EVN.regular.event.csv",2252
"PHI192506290","BRO",2,1,2,0,0,"",3,0,"hawkc101","?","hawkc101","?","vancd101","?","vancd101","?","debeh101","fourj101","stocm101","higha101","fordh101","wheaz101","browe102","cox-d101","","","","8/F","F","F",3,6,2,"T","T",0,"F","F",1,"F","F",0,"F","F",8,"F","F","F","",0,0,"N",0,"N",0,"N",0,0,0,0,"8","","","","F","F","F","F","F","F","F","F","F","","","","F","F","F","F","F","","","","",0,8,0,0,0,0,0,0,0,17,"PHI","PHI","BRO",1,"F","T",0,3,0,5,2,"T","F",0,0,"T","T","willc103","fribb101","T","T",0,0,0,0,0,0,0,0,0,"","","",0,0,0,0,0,0,0,0,0,0,0,0,0,"browe102","F","F","F","F",0,0,0,0,0,0,0,0,0,0,F,F,"1925PHI.EVN.regular.event.csv",2253
"PHI192506290","BRO",3,0,0,0,0,"",3,0,"wheaz101","?","wheaz101","?","carlh101","?","carlh101","?","wilsj105","hawkc101","fonsl101","fribb101","sandh101","wrigr102","harpg101","willc103","","","","K/C","T","F",7,3,3,"T","T",0,"F","F",1,"F","F",0,"F","F",0,"","F","F","",0,0,"N",0,"N",0,"N",0,0,0,0,"2","","","","F","F","F","F","F","F","F","F","F","","","","F","F","F","F","F","","","","",0,2,0,0,0,0,0,0,0,18,"PHI","BRO","PHI",0,"T","F",3,0,0,11,0,"T","F",0,0,"T","T","fourj101","browe102","T","T",0,0,0,0,0,0,0,0,0,"","","",0,0,0,0,0,0,0,0,0,0,0,0,0,"","F","F","F","F",0,0,0,0,1,0,0,0,0,0,F,F,"1925PHI.EVN.regular.event.csv",2254
"PHI192506290","BRO",3,0,1,0,0,"",3,0,"fourj101","?","fourj101","?","carlh101","?","carlh101","?","wilsj105","hawkc101","fonsl101","fribb101","sandh101","wrigr102","harpg101","willc103","","","","1/G","F","F",3,4,2,"T","T",0,"F","F",1,"F","F",0,"F","F",1,"G","F","F","",0,0,"N",0,"N",0,"N",0,0,0,0,"1","","","","F","F","F","F","F","F","F","F","F","","","","F","F","F","F","F","","","","",0,1,0,0,0,0,0,0,0,19,"PHI","BRO","PHI",0,"F","F",3,0,0,12,1,"T","F",0,0,"T","T","browe102","cox-d101","T","T",0,0,0,0,0,0,0,0,0,"","","",0,0,0,0,0,0,0,0,0,0,0,0,0,"carlh101","F","F","F","F",0,0,0,0,1,0,0,0,0,0,F,F,"1925PHI.EVN.regular.event.csv",2255
"PHI192506290","BRO",3,0,2,0,0,"",3,0,"browe102","?","browe102","?","carlh101","?","carlh101","?","wilsj105","hawkc101","fonsl101","fribb101","sandh101","wrigr102","harpg101","willc103","","","","S7","F","F",8,5,20,"T","T",1,"F","F",0,"F","F",0,"F","F",7,"","F","F","",0,0,"N",0,"N",0,"N",1,0,0,0,"","","","","F","F","F","F","F","F","F","F","F","","","","F","F","F","F","F","","","","",0,0,0,0,0,0,0,0,0,20,"PHI","BRO","PHI",0,"F","F",3,0,0,13,2,"T","F",0,1,"T","T","cox-d101","fordh101","T","T",0,0,0,0,0,0,0,0,0,"","","",0,0,0,0,0,0,0,0,0,0,0,0,0,"wrigr102","F","F","F","F",4,0,0,0,1,0,0,0,0,0,F,F,"1925PHI.EVN.regular.event.csv",2256
"PHI192506290","BRO",3,0,2,0,0,"",3,0,"cox-d101","?","cox-d101","?","carlh101","?","carlh101","?","wilsj105","hawkc101","fonsl101","fribb101","sandh101","wrigr102","harpg101","willc103","browe102","","","D/78.1-H","F","F",9,6,21,"T","T",2,"F","F",0,"F","F",1,"F","F",0,"","F","F","78",0,0,"N",0,"N",0,"N",2,4,0,0,"","","","","F","F","F","F","F","F","F","F","F","carlh101","","","F","F","F","F","F","","","","",0,0,0,0,0,0,0,0,0,21,"PHI","BRO","PHI",0,"F","F",3,0,0,14,3,"T","F",1,2,"T","T","fordh101","debeh101","T","T",8,5,20,0,0,0,0,0,0,"wilsj105","","",0,0,0,0,0,0,0,0,0,0,0,0,1,"","F","F","F","F",0,4,0,0,0,0,0,0,0,0,F,F,"1925PHI.EVN.regular.event.csv",2257
"PHI192506290","BRO",3,0,2,0,0,"",4,0,"fordh101","?","fordh101","?","carlh101","?","carlh101","?","wilsj105","hawkc101","fonsl101","fribb101","sandh101","wrigr102","harpg101","willc103","","cox-d101","","7/F","F","F",6,7,2,"T","T",0,"F","F",1,"F","F",0,"F","F",7,"F","F","F","",0,0,"N",0,"N",0,"N",0,0,2,0,"7","","","","F","F","F","F","F","F","F","F","F","","carlh101","","F","F","F","F","F","","","","",0,7,0,0,0,0,0,0,0,22,"PHI","BRO","PHI",0,"F","T",4,0,1,15,4,"T","F",2,2,"T","T","debeh101","vancd101","T","T",0,0,0,9,6,21,0,0,0,"","wilsj105","",0,0,0,0,0,0,0,0,0,0,0,0,0,"wrigr102","F","F","F","F",0,0,0,0,0,0,0,0,0,0,F,F,"1925PHI.EVN.regular.event.csv",2258
"PHI192506290","BRO",3,1,0,0,0,"",4,0,"willc103","?","willc103","?","vancd101","?","vancd101","?","debeh101","fourj101","stocm101","higha101","fordh101","wheaz101","browe102","cox-d101","","","","63","T","F",9,7,2,"T","T",0,"F","F",1,"F","F",0,"F","F",6,"G","F","F","",0,0,"N",0,"N",0,"N",0,0,0,0,"63","","","","F","F","F","F","F","F","F","F","F","","","","F","F","F","F","F","","","","",0,3,0,0,6,0,0,0,0,23,"PHI","PHI","BRO",1,"T","F",0,4,0,6,0,"T","F",0,0,"T","T","fribb101","carlh101","T","T",0,0,0,0,0,0,0,0,0,"","","",0,0,0,0,0,0,0,0,0,0,0,0,0,"fordh101","F","F","F","F",0,0,0,0,0,0,0,0,0,0,F,F,"1925PHI.EVN.regular.event.csv",2259
"PHI192506290","BRO",3,1,1,0,0,"",4,0,"fribb101","?","fribb101","?","vancd101","?","vancd101","?","debeh101","fourj101","stocm101","higha101","fordh101","wheaz101","browe102","cox-d101","","","","13","F","F",5,8,2,"T","T",0,"F","F",1,"F","F",0,"F","F",1,"G","F","F","",0,0,"N",0,"N",0,"N",0,0,0,0,"13","","","","F","F","F","F","F","F","F","F","F","","","","F","F","F","F","F","","","","",0,3,0,0,1,0,0,0,0,24,"PHI","PHI","BRO",1,"F","F",0,4,0,7,1,"T","F",0,0,"T","T","carlh101","sandh101","T","T",0,0,0,0,0,0,0,0,0,"","","",0,0,0,0,0,0,0,0,0,0,0,0,0,"vancd101","F","F","F","F",0,0,0,0,0,0,0,0,0,0,F,F,"1925PHI.EVN.regular.event.csv",2260
"PHI192506290","BRO",3,1,2,0,0,"",4,0,"carlh101","?","carlh101","?","vancd101","?","vancd101","?","debeh101","fourj101","stocm101","higha101","fordh101","wheaz101","browe102","cox-d101","","","","43","F","F",1,9,2,"T","T",0,"F","F",1,"F","F",0,"F","F",4,"G","F","F","",0,0,"N",0,"N",0,"N",0,0,0,0,"43","","","","F","F","F","F","F","F","F","F","F","","","","F","F","F","F","F","","","","",0,3,0,0,4,0,0,0,0,25,"PHI","PHI","BRO",1,"F","T",0,4,0,8,2,"T","F",0,0,"T","T","sandh101","fonsl101","T","T",0,0,0,0,0,0,0,0,0,"","","",0,0,0,0,0,0,0,0,0,0,0,0,0,"stocm101","F","F","F","F",0,0,0,0,0,0,0,0,0,0,F,F,"1925PHI.EVN.regular.event.csv",2261
"PHI192506290","BRO",4,0,0,0,0,"",4,0,"debeh101","?","debeh101","?","carlh101","?","carlh101","?","wilsj105","hawkc101","fonsl101","fribb101","sandh101","wrigr102","harpg101","willc103","","","","W","T","F",2,8,14,"T","F",0,"F","F",0,"F","F",0,"F","F",0,"","F","F","",0,0,"N",0,"N",0,"N",1,0,0,0,"","","","","F","F","F","F","F","F","F","F","F","","","","F","F","F","F","F","","","","",0,0,0,0,0,0,0,0,0,26,"PHI","BRO","PHI",0,"T","F",4,0,0,16,0,"T","F",0,1,"T","T","vancd101","higha101","T","T",0,0,0,0,0,0,0,0,0,"","","",0,0,0,0,0,0,0,0,0,0,0,0,0,"","F","F","F","F",0,0,0,0,0,0,0,0,0,0,F,F,"1925PHI.EVN.regular.event.csv",2262
"PHI192506290","BRO",4,0,0,0,0,"",4,0,"vancd101","?","vancd101","?","carlh101","?","carlh101","?","wilsj105","hawkc101","fonsl101","fribb101","sandh101","wrigr102","harpg101","willc103","debeh101","","","13/SH.1-2","F","F",1,9,2,"T","F",0,"T","F",1,"F","F",0,"F","F",1,"G","T","F","",0,0,"N",0,"N",0,"N",0,2,0,0,"13","","","","F","F","F","F","F","F","F","F","F","carlh101","","","F","F","F","F","F","","","","",0,3,0,0,1,0,0,0,0,27,"PHI","BRO","PHI",0,"F","F",4,0,0,17,1,"T","F",1,2,"T","T","higha101","stocm101","T","T",2,8,26,0,0,0,0,0,0,"wilsj105","","",0,0,0,0,0,0,0,0,0,0,0,0,0,"carlh101","F","F","F","F",0,0,0,0,0,0,0,0,0,0,F,F,"1925PHI.EVN.regular.event.csv",2263
"PHI192506290","BRO",4,0,1,0,0,"",4,0,"higha101","?","higha101","?","carlh101","?","carlh101","?","wilsj105","hawkc101","fonsl101","fribb101","sandh101","wrigr102","harpg101","willc103","","debeh101","","FC6/DP.2X3(654);BX2(43)","F","F",5,1,19,"T","T",0,"F","F",2,"T","F",0,"F","F",6,"G","F","F","",0,0,"N",0,"N",0,"N",0,0,0,0,"43","","654","","F","F","F","F","F","F","F","F","F","","carlh101","","F","F","F","F","F","","","","",0,4,3,0,6,5,4,0,0,28,"PHI","BRO","PHI",0,"F","T",4,0,0,18,2,"T","F",2,0,"T","T","stocm101","wheaz101","T","T",0,0,0,2,8,26,0,0,0,"","wilsj105","",0,0,0,0,0,0,0,0,0,0,0,0,0,"sandh101","F","F","F","F",0,0,0,0,0,0,0,0,0,0,F,F,"1925PHI.EVN.regular.event.csv",2264
"PHI192506290","BRO",4,1,0,0,0,"",4,0,"sandh101","?","sandh101","?","vancd101","?","vancd101","?","debeh101","fourj101","stocm101","higha101","fordh101","wheaz101","browe102","cox-d101","","","","63","T","F",6,1,2,"T","T",0,"F","F",1,"F","F",0,"F","F",6,"G","F","F","",0,0,"N",0,"N",0,"N",0,0,0,0,"63","","","","F","F","F","F","F","F","F","F","F","","","","F","F","F","F","F","","","","",0,3,0,0,6,0,0,0,0,29,"PHI","PHI","BRO",1,"T","F",0,4,0,9,0,"T","F",0,0,"T","T","fonsl101","wrigr102","T","T",0,0,0,0,0,0,0,0,0,"","","",0,0,0,0,0,0,0,0,0,0,0,0,0,"fordh101","F","F","F","F",0,0,0,0,2,0,0,0,0,0,F,F,"1925PHI.EVN.regular.event.csv",2265
"PHI192506290","BRO",4,1,1,0,0,"",4,0,"fonsl101","?","fonsl101","?","vancd101","?","vancd101","?","debeh101","fourj101","stocm101","higha101","fordh101","wheaz101","browe102","cox-d101","","","","43","F","F",4,2,2,"T","T",0,"F","F",1,"F","F",0,"F","F",4,"G","F","F","",0,0,"N",0,"N",0,"N",0,0,0,0,"43","","","","F","F","F","F","F","F","F","F","F","","","","F","F","F","F","F","","","","",0,3,0,0,4,0,0,0,0,30,"PHI","PHI","BRO",1,"F","F",0,4,0,10,1,"T","F",0,0,"T","T","wrigr102","harpg101","T","T",0,0,0,0,0,0,0,0,0,"","","",0,0,0,0,0,0,0,0,0,0,0,0,0,"stocm101","F","F","F","F",0,0,0,0,2,0,0,0,0,0,F,F,"1925PHI.EVN.regular.event.csv",2266
"PHI192506290","BRO",4,1,2,0,0,"",4,0,"wrigr102","?","wrigr102","?","vancd101","?","vancd101","?","debeh101","fourj101","stocm101","higha101","fordh101","wheaz101","browe102","cox-d101","","","","D/F89XDW","F","F",7,3,21,"T","T",2,"F","F",0,"F","F",0,"F","F",0,"F","F","F","89XDW",0,0,"N",0,"N",0,"N",2,0,0,0,"","","","","F","F","F","F","F","F","F","F","F","","","","F","F","F","F","F","","","","",0,0,0,0,0,0,0,0,0,31,"PHI","PHI","BRO",1,"F","F",0,4,0,11,2,"T","F",0,2,"T","T","harpg101","wilsj105","T","T",0,0,0,0,0,0,0,0,0,"","","",0,0,0,0,0,0,0,0,0,0,0,0,0,"","F","F","F","F",4,0,0,0,2,0,0,0,0,0,F,F,"1925PHI.EVN.regular.event.csv",2267
"PHI192506290","BRO",4,1,2,0,0,"",4,0,"harpg101","?","harpg101","?","vancd101","?","vancd101","?","debeh101","fourj101","stocm101","higha101","fordh101","wheaz101","browe102","cox-d101","","wrigr102","","HR/F9D.2-H","F","F",8,4,23,"T","T",4,"F","F",0,"F","F",2,"F","F",0,"F","F","F","9D",0,0,"N",0,"N",0,"N",4,0,4,0,"","","","","F","F","F","F","F","F","F","F","F","","vancd101","","F","F","F","F","F","","","","",0,0,0,0,0,0,0,0,0,32,"PHI","PHI","BRO",1,"F","F",0,4,0,12,3,"T","F",2,0,"T","T","wilsj105","hawkc101","T","T",0,0,0,7,3,31,0,0,0,"","debeh101","",0,0,0,0,0,0,0,0,0,0,0,0,2,"","F","F","F","F",4,0,4,0,0,0,0,0,0,0,F,F,"1925PHI.EVN.regular.event.csv",2268
"PHI192506290","BRO",4,1,2,0,0,"",4,2,"wilsj105","?","wilsj105","?","vancd101","?","vancd101","?","debeh101","fourj101","stocm101","higha101","fordh101","wheaz101","browe102","cox-d101","","","","K","F","F",2,5,3,"T","T",0,"F","F",1,"F","F",0,"F","F",0,"","F","F","",0,0,"N",0,"N",0,"N",0,0,0,0,"2","","","","F","F","F","F","F","F","F","F","F","","","","F","F","F","F","F","","","","",0,2,0,0,0,0,0,0,0,33,"PHI","PHI","BRO",1,"F","T",2,4,2,13,4,"T","F",0,0,"T","T","hawkc101","willc103","T","T",0,0,0,0,0,0,0,0,0,"","","",0,0,0,0,0,0,0,0,0,0,0,0,0,"","F","F","F","F",0,0,0,0,0,0,0,0,0,0,F,F,"1925PHI.EVN.regular.event.csv",2269
"PHI192506290","BRO",5,0,0,0,0,"",4,2,"stocm101","?","stocm101","?","carlh101","?","carlh101","?","wilsj105","hawkc101","fonsl101","fribb101","sandh101","wrigr102","harpg101","willc103","","","","D7","T","F",4,2,21,"T","T",2,"F","F",0,"F","F",0,"F","F",7,"","F","F","",0,0,"N",0,"N",0,"N",2,0,0,0,"","","","","F","F","F","F","F","F","F","F","F","","","","F","F","F","F","F","","","","",0,0,0,0,0,0,0,0,0,34,"PHI","BRO","PHI",0,"T","F",4,2,0,19,0,"T","F",0,2,"T","T","wheaz101","fourj101","T","T",0,0,0,0,0,0,0,0,0,"","","",0,0,0,0,0,0,0,0,0,0,0,0,0,"wrigr102","F","F","F","F",0,0,0,0,0,0,0,0,0,0,F,F,"1925PHI.EVN.regular.event.csv",2270
"PHI192506290","BRO",5,0,0,0,0,"",4,2,"wheaz101","?","wheaz101","?","carlh101","?","carlh101","?","wilsj105","hawkc101","fonsl101","fribb101","sandh101","wrigr102","harpg101","willc103","","stocm101","","43.2-3","F","F",7,3,2,"T","T",0,"F","F",1,"F","F",0,"F","F",4,"G","F","F","",0,0,"N",0,"N",0,"N",0,0,3,0,"43","","","","F","F","F","F","F","F","F","F","F","","carlh101","","F","F","F","F","F","","","","",0,3,0,0,4,0,0,0,0,35,"PHI","BRO","PHI",0,"F","F",4,2,0,20,1,"T","F",2,4,"T","T","fourj101","browe102","T","T",0,0,0,4,2,34,0,0,0,"","wilsj105","",0,0,0,0,0,0,0,0,0,0,0,0,0,"fonsl101","F","F","F","F",0,0,0,0,0,0,0,0,0,0,F,F,"1925PHI.EVN.regular.event.csv",2271
"PHI192506290","BRO",5,0,1,0,0,"",4,2,"fourj101","?","fourj101","?","carlh101","?","carlh101","?","wilsj105","hawkc101","fonsl101","fribb101","sandh101","wrigr102","harpg101","willc103","","","stocm101","K","F","F",3,4,3,"T","T",0,"F","F",1,"F","F",0,"F","F",0,"","F","F","",0,0,"N",0,"N",0,"N",0,0,0,3,"2","","","","F","F","F","F","F","F","F","F","F","","","carlh101","F","F","F","F","F","","","","",0,2,0,0,0,0,0,0,0,36,"PHI","BRO","PHI",0,"F","F",4,2,0,21,2,"T","F",4,4,"T","T","browe102","cox-d101","T","T",0,0,0,0,0,0,4,2,34,"","","wilsj105",0,0,0,0,0,0,0,0,0,0,0,0,0,"","F","F","F","F",0,0,0,0,0,0,0,0,0,0,F,F,"1925PHI.EVN.regular.event.csv",2272
"PHI192506290","BRO",5,0,2,0,0,"",4,2,"browe102","?","browe102","?","carlh101","?","carlh101","?","wilsj105","hawkc101","fonsl101","fribb101","sandh101","wrigr102","harpg101","willc103","","","stocm101","9/F","F","F",8,5,2,"T","T",0,"F","F",1,"F","F",0,"F","F",9,"F","F","F","",0,0,"N",0,"N",0,"N",0,0,0,3,"9","","","","F","F","F","F","F","F","F","F","F","","","carlh101","F","F","F","F","F","","","","",0,9,0,0,0,0,0,0,0,37,"PHI","BRO","PHI",0,"F","T",4,2,0,22,3,"T","F",4,4,"T","T","cox-d101","fordh101","T","T",0,0,0,0,0,0,4,2,34,"","","wilsj105",0,0,0,0,0,0,0,0,0,0,0,0,0,"willc103","F","F","F","F",0,0,0,0,0,0,0,0,0,0,F,F,"1925PHI.EVN.regular.event.csv",2273
"PHI192506290","BRO",5,1,0,0,0,"",4,2,"hawkc101","?","hawkc101","?","vancd101","?","vancd101","?","debeh101","fourj101","stocm101","higha101","fordh101","wheaz101","browe102","cox-d101","","","","K","T","F",3,6,3,"T","T",0,"F","F",1,"F","F",0,"F","F",0,"","F","F","",0,0,"N",0,"N",0,"N",0,0,0,0,"2","","","","F","F","F","F","F","F","F","F","F","","","","F","F","F","F","F","","","","",0,2,0,0,0,0,0,0,0,38,"PHI","PHI","BRO",1,"T","F",2,4,0,14,0,"T","F",0,0,"T","T","willc103","fribb101","T","T",0,0,0,0,0,0,0,0,0,"","","",0,0,0,0,0,0,0,0,0,0,0,0,0,"","F","F","F","F",0,0,0,0,0,0,0,0,0,0,F,F,"1925PHI.EVN.regular.event.csv",2274
"PHI192506290","BRO",5,1,1,0,0,"",4,2,"willc103","?","willc103","?","vancd101","?","vancd101","?","debeh101","fourj101","stocm101","higha101","fordh101","wheaz101","browe102","cox-d101","","","","K/C","F","F",9,7,3,"T","T",0,"F","F",1,"F","F",0,"F","F",0,"","F","F","",0,0,"N",0,"N",0,"N",0,0,0,0,"2","","","","F","F","F","F","F","F","F","F","F","","","","F","F","F","F","F","","","","",0,2,0,0,0,0,0,0,0,39,"PHI","PHI","BRO",1,"F","F",2,4,0,15,1,"T","F",0,0,"T","T","fribb101","carlh101","T","T",0,0,0,0,0,0,0,0,0,"","","",0,0,0,0,0,0,0,0,0,0,0,0,0,"","F","F","F","F",0,0,0,0,0,0,0,0,0,0,F,F,"1925PHI.EVN.regular.event.csv",2275
"PHI192506290","BRO",5,1,2,0,0,"",4,2,"fribb101","?","fribb101","?","vancd101","?","vancd101","?","debeh101","fourj101","stocm101","higha101","fordh101","wheaz101","browe102","cox-d101","","","","43","F","F",5,8,2,"T","T",0,"F","F",1,"F","F",0,"F","F",4,"G","F","F","",0,0,"N",0,"N",0,"N",0,0,0,0,"43","","","","F","F","F","F","F","F","F","F","F","","","","F","F","F","F","F","","","","",0,3,0,0,4,0,0,0,0,40,"PHI","PHI","BRO",1,"F","T",2,4,0,16,2,"T","F",0,0,"T","T","carlh101","sandh101","T","T",0,0,0,0,0,0,0,0,0,"","","",0,0,0,0,0,0,0,0,0,0,0,0,0,"stocm101","F","F","F","F",0,0,0,0,0,0,0,0,0,0,F,F,"1925PHI.EVN.regular.event.csv",2276
"PHI192506290","BRO",6,0,0,0,0,"",4,2,"cox-d101","?","cox-d101","?","carlh101","?","carlh101","?","wilsj105","hawkc101","fonsl101","fribb101","sandh101","wrigr102","harpg101","willc103","","","","S8","T","F",9,6,20,"T","T",1,"F","F",0,"F","F",0,"F","F",8,"","F","F","",0,0,"N",0,"N",0,"N",1,0,0,0,"","","","","F","F","F","F","F","F","F","F","F","","","","F","F","F","F","F","","","","",0,0,0,0,0,0,0,0,0,41,"PHI","BRO","PHI",0,"T","F",4,2,0,23,0,"T","F",0,1,"T","T","fordh101","debeh101","T","T",0,0,0,0,0,0,0,0,0,"","","",0,0,0,0,0,0,0,0,0,0,0,0,0,"harpg101","F","F","F","F",0,0,0,0,0,0,0,0,0,0,F,F,"1925PHI.EVN.regular.event.csv",2277
"PHI192506290","BRO",6,0,0,0,0,"",4,2,"fordh101","?","fordh101","?","carlh101","?","carlh101","?","wilsj105","hawkc101","fonsl101","fribb101","sandh101","wrigr102","harpg101","willc103","cox-d101","","","S8.1-2","F","F",6,7,20,"T","T",1,"F","F",0,"F","F",0,"F","F",8,"","F","F","",0,0,"N",0,"N",0,"N",1,2,0,0,"","","","","F","F","F","F","F","F","F","F","F","carlh101","","","F","F","F","F","F","","","","",0,0,0,0,0,0,0,0,0,42,"PHI","BRO","PHI",0,"F","F",4,2,0,24,1,"T","F",1,3,"T","T","debeh101","vancd101","T","T",9,6,41,0,0,0,0,0,0,"wilsj105","","",0,0,0,0,0,0,0,0,0,0,0,0,0,"harpg101","F","F","F","F",0,0,0,0,0,0,0,0,0,0,F,F,"1925PHI.EVN.regular.event.csv",2278
"PHI192506290","BRO",6,0,0,0,0,"",4,2,"debeh101","?","debeh101","?","carlh101","?","carlh101","?","wilsj105","hawkc101","fonsl101","fribb101","sandh101","wrigr102","harpg101","willc103","fordh101","cox-d101","","1/LTP.2X2(16);1X1(63)","F","F",2,8,2,"T","T",0,"F","F",3,"F","T",0,"F","F",1,"L","F","F","",0,0,"N",0,"N",0,"N",0,0,0,0,"1","63","16","","F","F","F","F","F","F","F","F","F","carlh101","carlh101","","F","F","F","F","F","","","","",0,1,6,3,1,6,0,0,0,43,"PHI","BRO","PHI",0,"F","T",4,2,0,25,2,"T","F",3,0,"T","T","vancd101","higha101","T","T",6,7,42,9,6,41,0,0,0,"wilsj105","wilsj105","",0,0,0,0,0,0,0,0,0,0,0,0,0,"carlh101","F","F","F","F",0,0,0,0,0,0,0,0,0,0,F,F,"1925PHI.EVN.regular.event.csv",2279
"PHI192506290","BRO",6,1,0,0,0,"",4,2,"carlh101","?","carlh101","?","vancd101","?","vancd101","?","debeh101","fourj101","stocm101","higha101","fordh101","wheaz101","browe102","cox-d101","","","","13","T","F",1,9,2,"T","T",0,"F","F",1,"F","F",0,"F","F",1,"G","F","F","",0,0,"N",0,"N",0,"N",0,0,0,0,"13","","","","F","F","F","F","F","F","F","F","F","","","","F","F","F","F","F","","","","",0,3,0,0,1,0,0,0,0,44,"PHI","PHI","BRO",1,"T","F",2,4,0,17,0,"T","F",0,0,"T","T","sandh101","fonsl101","T","T",0,0,0,0,0,0,0,0,0,"","","",0,0,0,0,0,0,0,0,0,0,0,0,0,"vancd101","F","F","F","F",0,0,0,0,0,0,0,0,0,0,F,F,"1925PHI.EVN.regular.event.csv",2280
"PHI192506290","BRO",6,1,1,0,0,"",4,2,"sandh101","?","sandh101","?","vancd101","?","vancd101","?","debeh101","fourj101","stocm101","higha101","fordh101","wheaz101","browe102","cox-d101","","","","9/F","F","F",6,1,2,"T","T",0,"F","F",1,"F","F",0,"F","F",9,"F","F","F","",0,0,"N",0,"N",0,"N",0,0,0,0,"9","","","","F","F","F","F","F","F","F","F","F","","","","F","F","F","F","F","","","","",0,9,0,0,0,0,0,0,0,45,"PHI","PHI","BRO",1,"F","F",2,4,0,18,1,"T","F",0,0,"T","T","fonsl101","wrigr102","T","T",0,0,0,0,0,0,0,0,0,"","","",0,0,0,0,0,0,0,0,0,0,0,0,0,"cox-d101","F","F","F","F",0,0,0,0,0,0,0,0,0,0,F,F,"1925PHI.EVN.regular.event.csv",2281
"PHI192506290","BRO",6,1,2,0,0,"",4,2,"fonsl101","?","fonsl101","?","vancd101","?","vancd101","?","debeh101","fourj101","stocm101","higha101","fordh101","wheaz101","browe102","cox-d101","","","","3/P/FL","F","F",4,2,2,"T","T",0,"F","F",1,"F","F",0,"F","F",3,"P","F","T","",0,0,"N",0,"N",0,"N",0,0,0,0,"3","","","","F","F","F","F","F","F","F","F","F","","","","F","F","F","F","F","","","","",0,3,0,0,0,0,0,0,0,46,"PHI","PHI","BRO",1,"F","T",2,4,0,19,2,"T","F",0,0,"T","T","wrigr102","harpg101","T","T",0,0,0,0,0,0,0,0,0,"","","",0,0,0,0,0,0,0,0,0,0,0,0,0,"fourj101","F","F","F","F",0,0,0,0,0,0,0,0,0,0,F,F,"1925PHI.EVN.regular.event.csv",2282
"PHI192506290","BRO",7,0,0,0,0,"",4,2,"vancd101","?","vancd101","?","carlh101","?","carlh101","?","wilsj105","hawkc101","fonsl101","fribb101","sandh101","wrigr102","harpg101","willc103","","","","2/P/FL","T","F",1,9,2,"T","T",0,"F","F",1,"F","F",0,"F","F",2,"P","F","T","",0,0,"N",0,"N",0,"N",0,0,0,0,"2","","","","F","F","F","F","F","F","F","F","F","","","","F","F","F","F","F","","","","",0,2,0,0,0,0,0,0,0,47,"PHI","BRO","PHI",0,"T","F",4,2,0,26,0,"T","F",0,0,"T","T","higha101","stocm101","T","T",0,0,0,0,0,0,0,0,0,"","","",0,0,0,0,0,0,0,0,0,0,0,0,0,"wilsj105","F","F","F","F",0,0,0,0,0,0,0,0,0,0,F,F,"1925PHI.EVN.regular.event.csv",2283
"PHI192506290","BRO",7,0,1,0,0,"",4,2,"higha101","?","higha101","?","carlh101","?","carlh101","?","wilsj105","hawkc101","fonsl101","fribb101","sandh101","wrigr102","harpg101","willc103","","","","8/F","F","F",5,1,2,"T","T",0,"F","F",1,"F","F",0,"F","F",8,"F","F","F","",0,0,"N",0,"N",0,"N",0,0,0,0,"8","","","","F","F","F","F","F","F","F","F","F","","","","F","F","F","F","F","","","","",0,8,0,0,0,0,0,0,0,48,"PHI","BRO","PHI",0,"F","F",4,2,0,27,1,"T","F",0,0,"T","T","stocm101","wheaz101","T","T",0,0,0,0,0,0,0,0,0,"","","",0,0,0,0,0,0,0,0,0,0,0,0,0,"harpg101","F","F","F","F",0,0,0,0,0,0,0,0,0,0,F,F,"1925PHI.EVN.regular.event.csv",2284
"PHI192506290","BRO",7,0,2,0,0,"",4,2,"stocm101","?","stocm101","?","carlh101","?","carlh101","?","wilsj105","hawkc101","fonsl101","fribb101","sandh101","wrigr102","harpg101","willc103","","","","3/G","F","F",4,2,2,"T","T",0,"F","F",1,"F","F",0,"F","F",3,"G","F","F","",0,0,"N",0,"N",0,"N",0,0,0,0,"3","","","","F","F","F","F","F","F","F","F","F","","","","F","F","F","F","F","","","","",0,3,0,0,0,0,0,0,0,49,"PHI","BRO","PHI",0,"F","T",4,2,0,28,2,"T","F",0,0,"T","T","wheaz101","fourj101","T","T",0,0,0,0,0,0,0,0,0,"","","",0,0,0,0,0,0,0,0,0,0,0,0,0,"hawkc101","F","F","F","F",0,0,0,0,0,0,0,0,0,0,F,F,"1925PHI.EVN.regular.event.csv",2285
"PHI192506290","BRO",7,1,0,0,0,"",4,2,"wrigr102","?","wrigr102","?","vancd101","?","vancd101","?","debeh101","fourj101","stocm101","higha101","fordh101","wheaz101","browe102","cox-d101","","","","S9/F9DW","T","F",7,3,20,"T","T",1,"F","F",0,"F","F",0,"F","F",9,"F","F","F","9DW",0,0,"N",0,"N",0,"N",1,0,0,0,"","","","","F","F","F","F","F","F","F","F","F","","","","F","F","F","F","F","","","","",0,0,0,0,0,0,0,0,0,50,"PHI","PHI","BRO",1,"T","F",2,4,0,20,0,"T","F",0,1,"T","T","harpg101","wilsj105","T","T",0,0,0,0,0,0,0,0,0,"","","",0,0,0,0,0,0,0,0,0,0,0,0,0,"cox-d101","F","F","F","F",0,0,0,0,0,0,0,0,0,0,F,F,"1925PHI.EVN.regular.event.csv",2286
"PHI192506290","BRO",7,1,0,0,0,"",4,2,"harpg101","?","harpg101","?","vancd101","?","vancd101","?","debeh101","fourj101","stocm101","higha101","fordh101","wheaz101","browe102","cox-d101","wrigr102","","","HP.1-2","F","F",8,4,16,"T","F",0,"F","F",0,"F","F",0,"F","F",0,"","F","F","",0,0,"N",0,"N",0,"N",1,2,0,0,"","","","","F","F","F","F","F","F","F","F","F","vancd101","","","F","F","F","F","F","","","","",0,0,0,0,0,0,0,0,0,51,"PHI","PHI","BRO",1,"F","F",2,4,0,21,1,"T","F",1,3,"T","T","wilsj105","hawkc101","T","T",7,3,50,0,0,0,0,0,0,"debeh101","","",0,0,0,0,0,0,0,0,0,0,0,0,0,"","F","F","F","F",0,0,0,0,0,0,0,0,0,0,F,F,"1925PHI.EVN.regular.event.csv",2287
"PHI192506290","BRO",7,1,0,0,0,"",4,2,"wilsj105","?","wilsj105","?","vancd101","?","vancd101","?","debeh101","fourj101","stocm101","higha101","fordh101","wheaz101","browe102","cox-d101","harpg101","wrigr102","","K","F","F",2,5,3,"T","T",0,"F","F",1,"F","F",0,"F","F",0,"","F","F","",0,0,"N",0,"N",0,"N",0,1,2,0,"2","","","","F","F","F","F","F","F","F","F","F","vancd101","vancd101","","F","F","F","F","F","","","","",0,2,0,0,0,0,0,0,0,52,"PHI","PHI","BRO",1,"F","F",2,4,0,22,2,"T","F",3,3,"T","T","hawkc101","willc103","T","T",8,4,51,7,3,50,0,0,0,"debeh101","debeh101","",0,0,0,0,0,0,0,0,0,0,0,0,0,"","F","F","F","F",0,0,0,0,0,0,0,0,0,0,F,F,"1925PHI.EVN.regular.event.csv",2288
"PHI192506290","BRO",7,1,1,0,0,"",4,2,"hawkc101","?","hawkc101","?","vancd101","?","vancd101","?","debeh101","fourj101","stocm101","higha101","fordh101","wheaz101","browe102","cox-d101","harpg101","wrigr102","","46(1)/FO.2-3","F","F",3,6,2,"T","T",0,"F","F",1,"F","F",0,"F","F",4,"G","F","F","",0,0,"N",0,"N",0,"N",1,0,3,0,"","46","","","F","F","F","F","F","F","F","F","F","vancd101","vancd101","","F","F","F","F","F","","","","",0,6,0,0,4,0,0,0,0,53,"PHI","PHI","BRO",1,"F","F",2,4,0,23,3,"T","F",3,5,"T","T","willc103","fribb101","T","T",8,4,51,7,3,50,0,0,0,"debeh101","debeh101","",0,0,0,0,0,0,0,0,0,0,0,0,0,"stocm101","T","F","F","F",0,0,0,0,0,0,0,0,0,0,F,F,"1925PHI.EVN.regular.event.csv",2289
"PHI192506290","BRO",7,1,2,0,0,"",4,2,"willc103","?","willc103","?","vancd101","?","vancd101","?","debeh101","fourj101","stocm101","higha101","fordh101","wheaz101","browe102","cox-d101","hawkc101","","wrigr102","9/F","F","F",9,7,2,"T","T",0,"F","F",1,"F","F",0,"F","F",9,"F","F","F","",0,0,"N",0,"N",0,"N",0,1,0,3,"9","","","","F","F","F","F","F","F","F","F","F","vancd101","","vancd101","F","F","F","F","F","","","","",0,9,0,0,0,0,0,0,0,54,"PHI","PHI","BRO",1,"F","T",2,4,0,24,4,"T","F",5,5,"T","T","fribb101","carlh101","T","T",3,6,53,0,0,0,7,3,50,"debeh101","","debeh101",0,0,0,0,0,0,0,0,0,0,0,0,0,"cox-d101","F","F","F","F",0,0,0,0,0,0,0,0,0,0,F,F,"1925PHI.EVN.regular.event.csv",2290
"PHI192506290","BRO",8,0,0,0,0,"",4,2,"wheaz101","?","wheaz101","?","carlh101","?","carlh101","?","wilsj105","hawkc101","fonsl101","fribb101","sandh101","wrigr102","harpg101","willc103","","","","43","T","F",7,3,2,"T","T",0,"F","F",1,"F","F",0,"F","F",4,"G","F","F","",0,0,"N",0,"N",0,"N",0,0,0,0,"43","","","","F","F","F","F","F","F","F","F","F","","","","F","F","F","F","F","","","","",0,3,0,0,4,0,0,0,0,55,"PHI","BRO","PHI",0,"T","F",4,2,0,29,0,"T","F",0,0,"T","T","fourj101","browe102","T","T",0,0,0,0,0,0,0,0,0,"","","",0,0,0,0,0,0,0,0,0,0,0,0,0,"fonsl101","F","F","F","F",0,0,0,0,3,0,0,0,0,0,F,F,"1925PHI.EVN.regular.event.csv",2291
"PHI192506290","BRO",8,0,1,0,0,"",4,2,"fourj101","?","fourj101","?","carlh101","?","carlh101","?","wilsj105","hawkc101","fonsl101","fribb101","sandh101","wrigr102","harpg101","willc103","","","","HR/F9D","F","F",3,4,23,"T","T",4,"F","F",0,"F","F",1,"F","F",0,"F","F","F","9D",0,0,"N",0,"N",0,"N",4,0,0,0,"","","","","F","F","F","F","F","F","F","F","F","","","","F","F","F","F","F","","","","",0,0,0,0,0,0,0,0,0,56,"PHI","BRO","PHI",0,"F","F",4,2,0,30,1,"T","F",0,0,"T","T","browe102","cox-d101","T","T",0,0,0,0,0,0,0,0,0,"","","",0,0,0,0,0,0,0,0,0,0,0,0,1,"","F","F","F","F",4,0,0,0,2,0,0,0,0,0,F,F,"1925PHI.EVN.regular.event.csv",2292
"PHI192506290","BRO",8,0,1,0,0,"",5,2,"browe102","?","browe102","?","carlh101","?","carlh101","?","wilsj105","hawkc101","fonsl101","fribb101","sandh101","wrigr102","harpg101","willc103","","","","E6/TH1","F","F",8,5,18,"T","T",0,"F","F",0,"F","F",0,"F","F",6,"G","F","F","",1,6,"T",0,"N",0,"N",1,0,0,0,"","","","","F","F","F","F","F","F","F","F","F","","","","F","F","F","F","F","","","","",0,0,0,0,0,0,0,0,0,57,"PHI","BRO","PHI",0,"F","F",5,2,1,31,2,"T","F",0,1,"T","T","cox-d101","fordh101","T","T",0,0,0,0,0,0,0,0,0,"","","",0,0,0,0,0,0,0,0,0,0,0,0,0,"sandh101","F","F","F","T",5,0,0,0,2,0,0,0,0,0,F,F,"1925PHI.EVN.regular.event.csv",2293
"PHI192506290","BRO",8,0,1,0,0,"",5,2,"cox-d101","?","cox-d101","?","carlh101","?","carlh101","?","wilsj105","hawkc101","fonsl101","fribb101","sandh101","wrigr102","harpg101","willc103","browe102","","","S6/G.1-2","F","F",9,6,20,"T","T",1,"F","F",0,"F","F",0,"F","F",6,"G","F","F","",0,0,"N",0,"N",0,"N",1,2,0,0,"","","","","F","F","F","F","F","F","F","F","F","carlh101","","","F","F","F","F","F","","","","",0,0,0,0,0,0,0,0,0,58,"PHI","BRO","PHI",0,"F","F",5,2,1,32,3,"T","F",1,3,"T","T","fordh101","debeh101","T","T",8,5,57,0,0,0,0,0,0,"wilsj105","","",0,0,0,0,0,0,0,0,0,0,0,0,0,"sandh101","F","F","F","F",5,5,0,0,2,0,0,0,0,0,F,F,"1925PHI.EVN.regular.event.csv",2294
"PHI192506290","BRO",8,0,1,0,0,"",5,2,"fordh101","?","fordh101","?","carlh101","?","carlh101","?","wilsj105","hawkc101","fonsl101","fribb101","sandh101","wrigr102","harpg101","willc103","cox-d101","browe102","","D7/L.2-H(UR);1-3","F","F",6,7,21,"T","T",2,"F","F",0,"F","F",1,"F","F",7,"L","F","F","",0,0,"N",0,"N",0,"N",2,3,5,0,"","","","","F","F","F","F","F","F","F","F","F","carlh101","carlh101","","F","F","F","F","F","","","","",0,0,0,0,0,0,0,0,0,59,"PHI","BRO","PHI",0,"F","F",5,2,1,33,4,"T","F",3,6,"T","T","debeh101","vancd101","T","T",9,6,58,8,5,57,0,0,0,"wilsj105","wilsj105","",0,0,0,0,0,0,0,0,0,0,0,0,1,"wrigr102","F","F","F","F",3,5,5,0,1,0,0,0,0,0,F,F,"1925PHI.EVN.regular.event.csv",2295
"PHI192506290","BRO",8,0,1,0,0,"",6,2,"debeh101","?","debeh101","?","carlh101","?","carlh101","?","wilsj105","hawkc101","fonsl101","fribb101","sandh101","wrigr102","harpg101","willc103","","fordh101","cox-d101","63.3-H(UR);2-3","F","F",2,8,2,"T","T",0,"F","F",1,"F","F",1,"F","F",6,"G","F","F","",0,0,"N",0,"N",0,"N",0,0,3,5,"63","","","","F","F","F","F","F","F","F","F","F","","carlh101","carlh101","F","F","F","F","F","","","","",0,3,0,0,6,0,0,0,0,60,"PHI","BRO","PHI",0,"F","F",6,2,2,34,5,"T","F",6,4,"T","T","vancd101","higha101","T","T",0,0,0,6,7,59,9,6,58,"","wilsj105","wilsj105",0,0,0,0,0,0,0,0,0,0,0,0,1,"sandh101","F","F","F","F",0,0,3,5,0,0,0,0,0,0,F,F,"1925PHI.EVN.regular.event.csv",2296
"PHI192506290","BRO",8,0,2,0,0,"",7,2,"vancd101","?","vancd101","?","carlh101","?","carlh101","?","wilsj105","hawkc101","fonsl101","fribb101","sandh101","wrigr102","harpg101","willc103","","","fordh101","K","F","F",1,9,3,"T","T",0,"F","F",1,"F","F",0,"F","F",0,"","F","F","",0,0,"N",0,"N",0,"N",0,0,0,3,"2","","","","F","F","F","F","F","F","F","F","F","","","carlh101","F","F","F","F","F","","","","",0,2,0,0,0,0,0,0,0,61,"PHI","BRO","PHI",0,"F","T",7,2,3,35,6,"T","F",4,4,"T","T","higha101","stocm101","T","T",0,0,0,0,0,0,6,7,59,"","","wilsj105",0,0,0,0,0,0,0,0,0,0,0,0,0,"","F","F","F","F",0,0,0,3,0,0,0,0,0,0,F,F,"1925PHI.EVN.regular.event.csv",2297
"PHI192506290","BRO",8,1,0,0,0,"",7,2,"holkw101","?","holkw101","?","vancd101","?","vancd101","?","debeh101","fourj101","stocm101","higha101","fordh101","wheaz101","browe102","cox-d101","","","","63","T","T",11,8,2,"T","T",0,"F","F",1,"F","F",0,"F","F",6,"G","F","F","",0,0,"N",0,"N",0,"N",0,0,0,0,"63","","","","F","F","F","F","F","F","F","F","F","","","","F","F","F","F","F","","","","fribb101",5,3,0,0,6,0,0,0,0,62,"PHI","PHI","BRO",1,"T","F",2,7,0,25,0,"T","F",0,0,"F","F","carlh101","sandh101","T","T",0,0,0,0,0,0,0,0,0,"","","",0,0,0,0,0,0,0,0,0,0,0,0,0,"fordh101","F","F","F","F",0,0,0,0,0,0,0,0,0,0,F,F,"1925PHI.EVN.regular.event.csv",2298
"PHI192506290","BRO",8,1,1,0,0,"",7,2,"mitcc102","?","mitcc102","?","vancd101","?","vancd101","?","debeh101","fourj101","stocm101","higha101","fordh101","wheaz101","browe102","cox-d101","","","","31","F","T",11,9,2,"T","T",0,"F","F",1,"F","F",0,"F","F",3,"G","F","F","",0,0,"N",0,"N",0,"N",0,0,0,0,"31","","","","F","F","F","F","F","F","F","F","F","","","","F","F","F","F","F","","","","carlh101",1,1,0,0,3,0,0,0,0,63,"PHI","PHI","BRO",1,"F","F",2,7,0,26,1,"T","F",0,0,"F","F","sandh101","fonsl101","T","T",0,0,0,0,0,0,0,0,0,"","","",0,0,0,0,0,0,0,0,0,0,0,0,0,"fourj101","F","F","F","F",0,0,0,0,0,0,0,0,0,0,F,F,"1925PHI.EVN.regular.event.csv",2299
"PHI192506290","BRO",8,1,2,0,0,"",7,2,"henlb101","?","henlb101","?","vancd101","?","vancd101","?","debeh101","fourj101","stocm101","higha101","fordh101","wheaz101","browe102","cox-d101","","","","W","F","T",11,1,14,"T","F",0,"F","F",0,"F","F",0,"F","F",0,"","F","F","",0,0,"N",0,"N",0,"N",1,0,0,0,"","","","","F","F","F","F","F","F","F","F","F","","","","F","F","F","F","F","","","","sandh101",6,0,0,0,0,0,0,0,0,64,"PHI","PHI","BRO",1,"F","F",2,7,0,27,2,"T","F",0,1,"F","F","fonsl101","wrigr102","T","T",0,0,0,0,0,0,0,0,0,"","","",0,0,0,0,0,0,0,0,0,0,0,0,0,"","F","F","F","F",1,0,0,0,0,0,0,0,0,0,F,F,"1925PHI.EVN.regular.event.csv",2300
"PHI192506290","BRO",8,1,2,0,0,"",7,2,"fonsl101","?","fonsl101","?","vancd101","?","vancd101","?","debeh101","fourj101","stocm101","higha101","fordh101","wheaz101","browe102","cox-d101","henlb101","","","K","F","F",4,2,3,"T","T",0,"F","F",1,"F","F",0,"F","F",0,"","F","F","",0,0,"N",0,"N",0,"N",0,1,0,0,"2","","","","F","F","F","F","F","F","F","F","F","vancd101","","","F","F","F","F","F","","","","",0,2,0,0,0,0,0,0,0,65,"PHI","PHI","BRO",1,"F","T",2,7,0,28,3,"T","F",1,1,"T","T","wrigr102","harpg101","T","T",0,1,64,0,0,0,0,0,0,"debeh101","","",0,0,0,0,0,0,0,0,0,0,0,0,0,"","F","F","F","F",0,1,0,0,0,0,0,0,0,0,F,F,"1925PHI.EVN.regular.event.csv",2301
"PHI192506290","BRO",9,0,0,0,0,"",7,2,"higha101","?","higha101","?","knigj103","?","knigj103","?","wilsj105","hawkc101","fonsl101","hubec101","kimmw101","wrigr102","harpg101","willc103","","","","7/F","T","F",5,1,2,"T","T",0,"F","F",1,"F","F",0,"F","F",7,"F","F","F","",0,0,"N",0,"N",0,"N",0,0,0,0,"7","","","","F","F","F","F","F","F","F","F","F","","","","F","F","F","F","F","","","","",0,7,0,0,0,0,0,0,0,66,"PHI","BRO","PHI",0,"T","F",7,2,0,36,0,"T","F",0,0,"T","T","stocm101","wheaz101","F","F",0,0,0,0,0,0,0,0,0,"","","",0,0,0,0,0,0,0,0,0,0,0,0,0,"wrigr102","F","F","F","F",0,0,0,0,1,0,0,0,0,0,F,F,"1925PHI.EVN.regular.event.csv",2302
"PHI192506290","BRO",9,0,1,0,0,"",7,2,"stocm101","?","stocm101","?","knigj103","?","knigj103","?","wilsj105","hawkc101","fonsl101","hubec101","kimmw101","wrigr102","harpg101","willc103","","","","43","F","F",4,2,2,"T","T",0,"F","F",1,"F","F",0,"F","F",4,"G","F","F","",0,0,"N",0,"N",0,"N",0,0,0,0,"43","","","","F","F","F","F","F","F","F","F","F","","","","F","F","F","F","F","","","","",0,3,0,0,4,0,0,0,0,67,"PHI","BRO","PHI",0,"F","F",7,2,0,37,1,"T","F",0,0,"T","T","wheaz101","fourj101","F","F",0,0,0,0,0,0,0,0,0,"","","",0,0,0,0,0,0,0,0,0,0,0,0,0,"fonsl101","F","F","F","F",0,0,0,0,1,0,0,0,0,0,F,F,"1925PHI.EVN.regular.event.csv",2303
"PHI192506290","BRO",9,0,2,0,0,"",7,2,"wheaz101","?","wheaz101","?","knigj103","?","knigj103","?","wilsj105","hawkc101","fonsl101","hubec101","kimmw101","wrigr102","harpg101","willc103","","","","S8","F","F",7,3,20,"T","T",1,"F","F",0,"F","F",0,"F","F",8,"","F","F","",0,0,"N",0,"N",0,"N",1,0,0,0,"","","","","F","F","F","F","F","F","F","F","F","","","","F","F","F","F","F","","","","",0,0,0,0,0,0,0,0,0,68,"PHI","BRO","PHI",0,"F","F",7,2,0,38,2,"T","F",0,1,"T","T","fourj101","browe102","F","F",0,0,0,0,0,0,0,0,0,"","","",0,0,0,0,0,0,0,0,0,0,0,0,0,"harpg101","F","F","F","F",5,0,0,0,1,0,0,0,0,0,F,F,"1925PHI.EVN.regular.event.csv",2304
"PHI192506290","BRO",9,0,2,0,0,"",7,2,"fourj101","?","fourj101","?","knigj103","?","knigj103","?","wilsj105","hawkc101","fonsl101","hubec101","kimmw101","wrigr102","harpg101","willc103","wheaz101","","","S7.1-H(E7)(UR)(NR);B-2","F","F",3,4,20,"T","T",1,"F","F",0,"F","F",0,"F","F",7,"","F","F","",1,7,"F",0,"N",0,"N",2,5,0,0,"","","","","F","F","F","F","F","F","F","F","F","knigj103","","","F","F","F","F","F","","","","",0,0,0,0,0,0,0,0,0,69,"PHI","BRO","PHI",0,"F","F",7,2,0,39,3,"T","F",1,2,"T","T","browe102","cox-d101","F","F",7,3,68,0,0,0,0,0,0,"wilsj105","","",0,0,0,0,0,0,0,0,0,0,0,0,1,"wrigr102","F","F","F","F",0,5,0,0,0,0,0,0,0,0,F,F,"1925PHI.EVN.regular.event.csv",2305
"PHI192506290","BRO",9,0,2,0,0,"",8,2,"browe102","?","browe102","?","knigj103","?","knigj103","?","wilsj105","hawkc101","fonsl101","hubec101","kimmw101","wrigr102","harpg101","willc103","","fourj101","","63#","F","F",8,5,2,"T","T",0,"F","F",1,"F","F",0,"F","F",6,"G","F","F","",0,0,"N",0,"N",0,"N",0,0,2,0,"63","","","","F","F","F","F","F","F","F","F","F","","knigj103","","F","F","F","F","F","","","","",0,3,0,0,6,0,0,0,0,70,"PHI","BRO","PHI",0,"F","T",8,2,1,40,4,"T","F",2,2,"T","T","cox-d101","fordh101","F","F",0,0,0,3,4,69,0,0,0,"","wilsj105","",0,0,0,0,0,0,0,0,0,0,0,0,0,"kimmw101","F","F","F","F",0,0,0,0,0,0,0,0,0,0,F,T,"1925PHI.EVN.regular.event.csv",2306
"PHI192506290","BRO",9,1,0,0,0,"",8,2,"wrigr102","?","wrigr102","?","vancd101","?","vancd101","?","debeh101","fourj101","stocm101","higha101","fordh101","wheaz101","browe102","cox-d101","","","","43","T","F",7,3,2,"T","T",0,"F","F",1,"F","F",0,"F","F",4,"G","F","F","",0,0,"N",0,"N",0,"N",0,0,0,0,"43","","","","F","F","F","F","F","F","F","F","F","","","","F","F","F","F","F","","","","",0,3,0,0,4,0,0,0,0,71,"PHI","PHI","BRO",1,"T","F",2,8,0,29,0,"T","F",0,0,"T","T","harpg101","wilsj105","T","T",0,0,0,0,0,0,0,0,0,"","","",0,0,0,0,0,0,0,0,0,0,0,0,0,"stocm101","F","F","F","F",0,0,0,0,1,0,0,0,0,0,F,F,"1925PHI.EVN.regular.event.csv",2307
"PHI192506290","BRO",9,1,1,0,0,"",8,2,"harpg101","?","harpg101","?","vancd101","?","vancd101","?","debeh101","fourj101","stocm101","higha101","fordh101","wheaz101","browe102","cox-d101","","","","S8","F","F",8,4,20,"T","T",1,"F","F",0,"F","F",0,"F","F",8,"","F","F","",0,0,"N",0,"N",0,"N",1,0,0,0,"","","","","F","F","F","F","F","F","F","F","F","","","","F","F","F","F","F","","","","",0,0,0,0,0,0,0,0,0,72,"PHI","PHI","BRO",1,"F","F",2,8,0,30,1,"T","F",0,1,"T","T","wilsj105","hawkc101","T","T",0,0,0,0,0,0,0,0,0,"","","",0,0,0,0,0,0,0,0,0,0,0,0,0,"browe102","F","F","F","F",4,0,0,0,1,0,0,0,0,0,F,F,"1925PHI.EVN.regular.event.csv",2308
"PHI192506290","BRO",9,1,1,0,0,"",8,2,"wilsj105","?","wilsj105","?","vancd101","?","vancd101","?","debeh101","fourj101","stocm101","higha101","fordh101","wheaz101","browe102","cox-d101","harpg101","","","T8.1-H","F","F",2,5,22,"T","T",3,"F","F",0,"F","F",1,"F","F",8,"","F","F","",0,0,"N",0,"N",0,"N",3,4,0,0,"","","","","F","F","F","F","F","F","F","F","F","vancd101","","","F","F","F","F","F","","","","",0,0,0,0,0,0,0,0,0,73,"PHI","PHI","BRO",1,"F","F",2,8,0,31,2,"T","F",1,4,"T","T","hawkc101","willc103","T","T",8,4,72,0,0,0,0,0,0,"debeh101","","",0,0,0,0,0,0,0,0,0,0,0,0,1,"browe102","F","F","F","F",3,4,0,0,0,0,0,0,0,0,F,F,"1925PHI.EVN.regular.event.csv",2309
"PHI192506290","BRO",9,1,1,0,0,"",8,3,"hawkc101","?","hawkc101","?","vancd101","?","vancd101","?","debeh101","fourj101","stocm101","higha101","fordh101","wheaz101","browe102","cox-d101","","","wilsj105","6/P","F","F",3,6,2,"T","T",0,"F","F",1,"F","F",0,"F","F",6,"P","F","F","",0,0,"N",0,"N",0,"N",0,0,0,3,"6","","","","F","F","F","F","F","F","F","F","F","","","vancd101","F","F","F","F","F","","","","",0,6,0,0,0,0,0,0,0,74,"PHI","PHI","BRO",1,"F","F",3,8,1,32,3,"T","F",4,4,"T","T","willc103","hubec101","T","T",0,0,0,0,0,0,2,5,73,"","","debeh101",0,0,0,0,0,0,0,0,0,0,0,0,0,"fordh101","F","F","F","F",0,0,0,3,0,0,0,0,0,0,F,F,"1925PHI.EVN.regular.event.csv",2310
"PHI192506290","BRO",9,1,2,0,0,"",8,3,"willc103","?","willc103","?","vancd101","?","vancd101","?","debeh101","fourj101","stocm101","higha101","fordh101","wheaz101","browe102","cox-d101","","","wilsj105","K","F","F",9,7,3,"T","T",0,"F","F",1,"F","F",0,"F","F",0,"","F","F","",0,0,"N",0,"N",0,"N",0,0,0,3,"2","","","","F","F","F","F","F","F","F","F","F","","","vancd101","F","T","F","F","F","","","","",0,2,0,0,0,0,0,0,0,75,"PHI","PHI","BRO",1,"F","T",3,8,1,33,4,"T","F",4,4,"T","T","hubec101","knigj103","T","T",0,0,0,0,0,0,2,5,73,"","","debeh101",0,0,0,0,0,0,0,0,0,0,0,0,0,"","F","F","F","F",0,0,0,3,0,0,0,0,0,0,F,F,"1925PHI.EVN.regular.event.csv",2311
"PHI192506300","BRO",1,0,0,0,0,"",0,0,"higha101","?","higha101","?","betth101","?","betth101","?","wilsj105","hawkc101","fonsl101","fribb101","sandh101","wrigr102","harpg101","burng101","","","","S9","T","F",5,1,20,"T","T",1,"F","F",0,"F","F",0,"F","F",9,"","F","F","",0,0,"N",0,"N",0,"N",1,0,0,0,"","","","","F","F","F","F","F","F","F","F","F","","","","T","F","F","F","F","","","","",0,0,0,0,0,0,0,0,0,1,"PHI","BRO","PHI",0,"T","F",0,0,0,0,0,"T","F",0,1,"T","T","stocm101","wheaz101","T","T",0,0,0,0,0,0,0,0,0,"","","",0,0,0,0,0,0,0,0,0,0,0,0,0,"burng101","F","F","F","F",0,0,0,0,2,0,0,0,0,0,F,F,"1925PHI.EVN.regular.event.csv",2312
"PHI192506300","BRO",1,0,0,0,0,"",0,0,"stocm101","?","stocm101","?","betth101","?","betth101","?","wilsj105","hawkc101","fonsl101","fribb101","sandh101","wrigr102","harpg101","burng101","higha101","","","S9.1-2","F","F",4,2,20,"T","T",1,"F","F",0,"F","F",0,"F","F",9,"","F","F","",0,0,"N",0,"N",0,"N",1,2,0,0,"","","","","F","F","F","F","F","F","F","F","F","betth101","","","F","F","F","F","F","","","","",0,0,0,0,0,0,0,0,0,2,"PHI","BRO","PHI",0,"F","F",0,0,0,1,1,"T","F",1,3,"T","T","wheaz101","fourj101","T","T",5,1,1,0,0,0,0,0,0,"wilsj105","","",0,0,0,0,0,0,0,0,0,0,0,0,0,"burng101","F","F","F","F",5,0,0,0,2,0,0,0,0,0,F,F,"1925PHI.EVN.regular.event.csv",2313
"PHI192506300","BRO",1,0,0,0,0,"",0,0,"wheaz101","?","wheaz101","?","betth101","?","betth101","?","wilsj105","hawkc101","fonsl101","fribb101","sandh101","wrigr102","harpg101","burng101","stocm101","higha101","","W.2-3;1-2","F","F",7,3,14,"T","F",0,"F","F",0,"F","F",0,"F","F",0,"","F","F","",0,0,"N",0,"N",0,"N",1,2,3,0,"","","","","F","F","F","F","F","F","F","F","F","betth101","betth101","","F","F","F","F","F","","","","",0,0,0,0,0,0,0,0,0,3,"PHI","BRO","PHI",0,"F","F",0,0,0,2,2,"T","F",3,7,"T","T","fourj101","browe102","T","T",4,2,2,5,1,1,0,0,0,"wilsj105","wilsj105","",0,0,0,0,0,0,0,0,0,0,0,0,0,"","F","F","F","F",5,5,0,0,2,0,0,0,0,0,F,F,"1925PHI.EVN.regular.event.csv",2314
"PHI192506300","BRO",1,0,0,0,0,"",0,0,"fourj101","?","fourj101","?","betth101","?","betth101","?","wilsj105","hawkc101","fonsl101","fribb101","sandh101","wrigr102","harpg101","burng101","wheaz101","stocm101","higha101","8/F8S","F","F",3,4,2,"T","T",0,"F","F",1,"F","F",0,"F","F",8,"F","F","F","8S",0,0,"N",0,"N",0,"N",0,1,2,3,"8","","","","F","F","F","F","F","F","F","F","F","betth101","betth101","betth101","F","F","F","F","F","","","","",0,8,0,0,0,0,0,0,0,4,"PHI","BRO","PHI",0,"F","F",0,0,0,3,3,"T","F",7,7,"T","T","browe102","cox-d101","T","T",7,3,3,4,2,2,5,1,1,"wilsj105","wilsj105","wilsj105",0,0,0,0,0,0,0,0,0,0,0,0,0,"harpg101","F","F","F","F",0,5,5,0,2,0,0,0,0,0,F,F,"1925PHI.EVN.regular.event.csv",2315
"PHI192506300","BRO",1,0,1,0,0,"",0,0,"browe102","?","browe102","?","betth101","?","betth101","?","wilsj105","hawkc101","fonsl101","fribb101","sandh101","wrigr102","harpg101","burng101","wheaz101","stocm101","higha101","32(3)/FO.2-3;1-2","F","F",8,5,2,"T","T",0,"F","F",1,"F","F",0,"F","F",3,"G","F","F","",0,0,"N",0,"N",0,"N",1,2,3,0,"","","","32","F","F","F","F","F","F","F","F","F","betth101","betth101","betth101","F","F","F","F","F","","","","",0,2,0,0,3,0,0,0,0,5,"PHI","BRO","PHI",0,"F","F",0,0,0,4,4,"T","F",7,7,"T","T","cox-d101","fordh101","T","T",7,3,3,4,2,2,5,1,1,"wilsj105","wilsj105","wilsj105",0,0,0,0,0,0,0,0,0,0,0,0,0,"hawkc101","F","F","T","F",0,5,5,0,2,0,0,0,0,0,F,F,"1925PHI.EVN.regular.event.csv",2316
"PHI192506300","BRO",1,0,2,0,0,"",0,0,"cox-d101","?","cox-d101","?","betth101","?","betth101","?","wilsj105","hawkc101","fonsl101","fribb101","sandh101","wrigr102","harpg101","burng101","browe102","wheaz101","stocm101","E4/P.3-H(NR)(UR);2-H(NR)(UR);1-2","F","F",9,6,18,"T","T",0,"F","F",0,"F","F",0,"F","F",4,"P","F","F","",1,4,"F",0,"N",0,"N",1,2,5,5,"","","","","F","F","F","F","F","F","F","F","F","betth101","betth101","betth101","F","F","F","F","F","","","","",0,0,0,0,0,0,0,0,0,6,"PHI","BRO","PHI",0,"F","F",0,0,0,5,5,"T","F",7,3,"T","T","fordh101","taylz101","T","T",8,5,5,7,3,3,4,2,2,"wilsj105","wilsj105","wilsj105",0,0,0,0,0,0,0,0,0,0,0,0,2,"fonsl101","F","F","F","T",0,0,5,5,0,0,0,0,0,0,F,F,"1925PHI.EVN.regular.event.csv",2317
"PHI192506300","BRO",1,0,2,0,0,"",2,0,"fordh101","?","fordh101","?","betth101","?","betth101","?","wilsj105","hawkc101","fonsl101","fribb101","sandh101","wrigr102","harpg101","burng101","cox-d101","browe102","","63","F","F",6,7,2,"T","T",0,"F","F",1,"F","F",0,"F","F",6,"G","F","F","",0,0,"N",0,"N",0,"N",0,1,2,0,"63","","","","F","F","F","F","F","F","F","F","F","betth101","betth101","","F","F","F","F","F","","","","",0,3,0,0,6,0,0,0,0,7,"PHI","BRO","PHI",0,"F","T",2,0,2,6,6,"T","F",3,3,"T","T","taylz101","ehrhr101","T","T",9,6,6,8,5,5,0,0,0,"wilsj105","wilsj105","",0,0,0,0,0,0,0,0,0,0,0,0,0,"sandh101","F","F","F","F",0,0,0,0,0,0,0,0,0,0,F,F,"1925PHI.EVN.regular.event.csv",2318
"PHI192506300","BRO",1,1,0,0,0,"",2,0,"burng101","?","burng101","?","ehrhr101","?","ehrhr101","?","taylz101","fourj101","stocm101","higha101","fordh101","wheaz101","browe102","cox-d101","","","","8/L","T","F",9,1,2,"T","T",0,"F","F",1,"F","F",0,"F","F",8,"L","F","F","",0,0,"N",0,"N",0,"N",0,0,0,0,"8","","","","F","F","F","F","F","F","F","F","F","","","","F","F","F","F","F","","","","",0,8,0,0,0,0,0,0,0,8,"PHI","PHI","BRO",1,"T","F",0,2,0,0,0,"T","F",0,0,"T","T","fonsl101","wrigr102","T","T",0,0,0,0,0,0,0,0,0,"","","",0,0,0,0,0,0,0,0,0,0,0,0,0,"browe102","F","F","F","F",0,0,0,0,0,0,0,0,0,0,F,F,"1925PHI.EVN.regular.event.csv",2319
"PHI192506300","BRO",1,1,1,0,0,"",2,0,"fonsl101","?","fonsl101","?","ehrhr101","?","ehrhr101","?","taylz101","fourj101","stocm101","higha101","fordh101","wheaz101","browe102","cox-d101","","","","63","F","F",4,2,2,"T","T",0,"F","F",1,"F","F",0,"F","F",6,"G","F","F","",0,0,"N",0,"N",0,"N",0,0,0,0,"63","","","","F","F","F","F","F","F","F","F","F","","","","F","F","F","F","F","","","","",0,3,0,0,6,0,0,0,0,9,"PHI","PHI","BRO",1,"F","F",0,2,0,1,1,"T","F",0,0,"T","T","wrigr102","harpg101","T","T",0,0,0,0,0,0,0,0,0,"","","",0,0,0,0,0,0,0,0,0,0,0,0,0,"fordh101","F","F","F","F",0,0,0,0,0,0,0,0,0,0,F,F,"1925PHI.EVN.regular.event.csv",2320
"PHI192506300","BRO",1,1,2,0,0,"",2,0,"wrigr102","?","wrigr102","?","ehrhr101","?","ehrhr101","?","taylz101","fourj101","stocm101","higha101","fordh101","wheaz101","browe102","cox-d101","","","","7/F/FL","F","F",7,3,2,"T","T",0,"F","F",1,"F","F",0,"F","F",7,"F","F","T","",0,0,"N",0,"N",0,"N",0,0,0,0,"7","","","","F","F","F","F","F","F","F","F","F","","","","F","F","F","F","F","","","","",0,7,0,0,0,0,0,0,0,10,"PHI","PHI","BRO",1,"F","T",0,2,0,2,2,"T","F",0,0,"T","T","harpg101","wilsj105","T","T",0,0,0,0,0,0,0,0,0,"","","",0,0,0,0,0,0,0,0,0,0,0,0,0,"wheaz101","F","F","F","F",0,0,0,0,0,0,0,0,0,0,F,F,"1925PHI.EVN.regular.event.csv",2321
"PHI192506300","BRO",2,0,0,0,0,"",2,0,"taylz101","?","taylz101","?","betth101","?","betth101","?","wilsj105","hawkc101","fonsl101","fribb101","sandh101","wrigr102","harpg101","burng101","","","","S8","T","F",2,8,20,"T","T",1,"F","F",0,"F","F",0,"F","F",8,"","F","F","",0,0,"N",0,"N",0,"N",1,0,0,0,"","","","","F","F","F","F","F","F","F","F","F","","","","F","F","F","F","F","","","","",0,0,0,0,0,0,0,0,0,11,"PHI","BRO","PHI",0,"T","F",2,0,0,7,0,"T","F",0,1,"T","T","ehrhr101","higha101","T","T",0,0,0,0,0,0,0,0,0,"","","",0,0,0,0,0,0,0,0,0,0,0,0,0,"harpg101","F","F","F","F",0,0,0,0,0,0,0,0,0,0,F,F,"1925PHI.EVN.regular.event.csv",2322
"PHI192506300","BRO",2,0,0,0,0,"",2,0,"ehrhr101","?","ehrhr101","?","betth101","?","betth101","?","wilsj105","hawkc101","fonsl101","fribb101","sandh101","wrigr102","harpg101","burng101","taylz101","","","K","F","F",1,9,3,"T","T",0,"F","F",1,"F","F",0,"F","F",0,"","F","F","",0,0,"N",0,"N",0,"N",0,1,0,0,"2","","","","F","F","F","F","F","F","F","F","F","betth101","","","F","F","F","F","F","","","","",0,2,0,0,0,0,0,0,0,12,"PHI","BRO","PHI",0,"F","F",2,0,0,8,1,"T","F",1,1,"T","T","higha101","stocm101","T","T",2,8,11,0,0,0,0,0,0,"wilsj105","","",0,0,0,0,0,0,0,0,0,0,0,0,0,"","F","F","F","F",0,0,0,0,0,0,0,0,0,0,F,F,"1925PHI.EVN.regular.event.csv",2323
"PHI192506300","BRO",2,0,1,0,0,"",2,0,"higha101","?","higha101","?","betth101","?","betth101","?","wilsj105","hawkc101","fonsl101","fribb101","sandh101","wrigr102","harpg101","burng101","taylz101","","","7/F","F","F",5,1,2,"T","T",0,"F","F",1,"F","F",0,"F","F",7,"F","F","F","",0,0,"N",0,"N",0,"N",0,1,0,0,"7","","","","F","F","F","F","F","F","F","F","F","betth101","","","F","F","F","F","F","","","","",0,7,0,0,0,0,0,0,0,13,"PHI","BRO","PHI",0,"F","F",2,0,0,9,2,"T","F",1,1,"T","T","stocm101","wheaz101","T","T",2,8,11,0,0,0,0,0,0,"wilsj105","","",0,0,0,0,0,0,0,0,0,0,0,0,0,"wrigr102","F","F","F","F",0,0,0,0,0,0,0,0,0,0,F,F,"1925PHI.EVN.regular.event.csv",2324
"PHI192506300","BRO",2,0,2,0,0,"",2,0,"stocm101","?","stocm101","?","betth101","?","betth101","?","wilsj105","hawkc101","fonsl101","fribb101","sandh101","wrigr102","harpg101","burng101","taylz101","","","D9.1-3","F","F",4,2,21,"T","T",2,"F","F",0,"F","F",0,"F","F",9,"","F","F","",0,0,"N",0,"N",0,"N",2,3,0,0,"","","","","F","F","F","F","F","F","F","F","F","betth101","","","F","F","F","F","F","","","","",0,0,0,0,0,0,0,0,0,14,"PHI","BRO","PHI",0,"F","F",2,0,0,10,3,"T","F",1,6,"T","T","wheaz101","fourj101","T","T",2,8,11,0,0,0,0,0,0,"wilsj105","","",0,0,0,0,0,0,0,0,0,0,0,0,0,"burng101","F","F","F","F",0,0,0,0,0,0,0,0,0,0,F,F,"1925PHI.EVN.regular.event.csv",2325
"PHI192506300","BRO",2,0,2,0,0,"",2,0,"wheaz101","?","wheaz101","?","betth101","?","betth101","?","wilsj105","hawkc101","fonsl101","fribb101","sandh101","wrigr102","harpg101","burng101","","stocm101","taylz101","63","F","F",7,3,2,"T","T",0,"F","F",1,"F","F",0,"F","F",6,"G","F","F","",0,0,"N",0,"N",0,"N",0,0,2,3,"63","","","","F","F","F","F","F","F","F","F","F","","betth101","betth101","F","F","F","F","F","","","","",0,3,0,0,6,0,0,0,0,15,"PHI","BRO","PHI",0,"F","T",2,0,0,11,4,"T","F",6,6,"T","T","fourj101","browe102","T","T",0,0,0,4,2,14,2,8,11,"","wilsj105","wilsj105",0,0,0,0,0,0,0,0,0,0,0,0,0,"sandh101","F","F","F","F",0,0,0,0,0,0,0,0,0,0,F,F,"1925PHI.EVN.regular.event.csv",2326
"PHI192506300","BRO",2,1,0,0,0,"",2,0,"harpg101","?","harpg101","?","ehrhr101","?","ehrhr101","?","taylz101","fourj101","stocm101","higha101","fordh101","wheaz101","browe102","cox-d101","","","","W","T","F",8,4,14,"T","F",0,"F","F",0,"F","F",0,"F","F",0,"","F","F","",0,0,"N",0,"N",0,"N",1,0,0,0,"","","","","F","F","F","F","F","F","F","F","F","","","","F","F","F","F","F","","","","",0,0,0,0,0,0,0,0,0,16,"PHI","PHI","BRO",1,"T","F",0,2,0,3,0,"T","F",0,1,"T","T","wilsj105","hawkc101","T","T",0,0,0,0,0,0,0,0,0,"","","",0,0,0,0,0,0,0,0,0,0,0,0,0,"","F","F","F","F",0,0,0,0,0,0,0,0,0,0,F,F,"1925PHI.EVN.regular.event.csv",2327
"PHI192506300","BRO",2,1,0,0,0,"",2,0,"wilsj105","?","wilsj105","?","ehrhr101","?","ehrhr101","?","taylz101","fourj101","stocm101","higha101","fordh101","wheaz101","browe102","cox-d101","harpg101","","","W.1-2","F","F",2,5,14,"T","F",0,"F","F",0,"F","F",0,"F","F",0,"","F","F","",0,0,"N",0,"N",0,"N",1,2,0,0,"","","","","F","F","F","F","F","F","F","F","F","ehrhr101","","","F","F","F","F","F","","","","",0,0,0,0,0,0,0,0,0,17,"PHI","PHI","BRO",1,"F","F",0,2,0,4,1,"T","F",1,3,"T","T","hawkc101","fribb101","T","T",8,4,16,0,0,0,0,0,0,"taylz101","","",0,0,0,0,0,0,0,0,0,0,0,0,0,"","F","F","F","F",0,0,0,0,0,0,0,0,0,0,F,F,"1925PHI.EVN.regular.event.csv",2328
"PHI192506300","BRO",2,1,0,0,0,"",2,0,"hawkc101","?","hawkc101","?","ehrhr101","?","ehrhr101","?","taylz101","fourj101","stocm101","higha101","fordh101","wheaz101","browe102","cox-d101","wilsj105","harpg101","","8/F","F","F",3,6,2,"T","T",0,"F","F",1,"F","F",0,"F","F",8,"F","F","F","",0,0,"N",0,"N",0,"N",0,1,2,0,"8","","","","F","F","F","F","F","F","F","F","F","ehrhr101","ehrhr101","","F","F","F","F","F","","","","",0,8,0,0,0,0,0,0,0,18,"PHI","PHI","BRO",1,"F","F",0,2,0,5,2,"T","F",3,3,"T","T","fribb101","sandh101","T","T",2,5,17,8,4,16,0,0,0,"taylz101","taylz101","",0,0,0,0,0,0,0,0,0,0,0,0,0,"browe102","F","F","F","F",0,0,0,0,0,0,0,0,0,0,F,F,"1925PHI.EVN.regular.event.csv",2329
"PHI192506300","BRO",2,1,1,0,0,"",2,0,"fribb101","?","fribb101","?","ehrhr101","?","ehrhr101","?","taylz101","fourj101","stocm101","higha101","fordh101","wheaz101","browe102","cox-d101","wilsj105","harpg101","","K/C","F","F",5,7,3,"T","T",0,"F","F",1,"F","F",0,"F","F",0,"","F","F","",0,0,"N",0,"N",0,"N",0,1,2,0,"2","","","","F","F","F","F","F","F","F","F","F","ehrhr101","ehrhr101","","F","F","F","F","F","","","","",0,2,0,0,0,0,0,0,0,19,"PHI","PHI","BRO",1,"F","F",0,2,0,6,3,"T","F",3,3,"T","T","sandh101","betth101","T","T",2,5,17,8,4,16,0,0,0,"taylz101","taylz101","",0,0,0,0,0,0,0,0,0,0,0,0,0,"","F","F","F","F",0,0,0,0,0,0,0,0,0,0,F,F,"1925PHI.EVN.regular.event.csv",2330
"PHI192506300","BRO",2,1,2,0,0,"",2,0,"sandh101","?","sandh101","?","ehrhr101","?","ehrhr101","?","taylz101","fourj101","stocm101","higha101","fordh101","wheaz101","browe102","cox-d101","wilsj105","harpg101","","53","F","F",6,8,2,"T","T",0,"F","F",1,"F","F",0,"F","F",5,"G","F","F","",0,0,"N",0,"N",0,"N",0,1,2,0,"53","","","","F","F","F","F","F","F","F","F","F","ehrhr101","ehrhr101","","F","F","F","F","F","","","","",0,3,0,0,5,0,0,0,0,20,"PHI","PHI","BRO",1,"F","T",0,2,0,7,4,"T","F",3,3,"T","T","betth101","burng101","T","T",2,5,17,8,4,16,0,0,0,"taylz101","taylz101","",0,0,0,0,0,0,0,0,0,0,0,0,0,"higha101","F","F","F","F",0,0,0,0,0,0,0,0,0,0,F,F,"1925PHI.EVN.regular.event.csv",2331
"PHI192506300","BRO",3,0,0,0,0,"",2,0,"fourj101","?","fourj101","?","betth101","?","betth101","?","wilsj105","hawkc101","fonsl101","fribb101","sandh101","wrigr102","harpg101","burng101","","","","3/G","T","F",3,4,2,"T","T",0,"F","F",1,"F","F",0,"F","F",3,"G","F","F","",0,0,"N",0,"N",0,"N",0,0,0,0,"3","","","","F","F","F","F","F","F","F","F","F","","","","F","F","F","F","F","","","","",0,3,0,0,0,0,0,0,0,21,"PHI","BRO","PHI",0,"T","F",2,0,0,12,0,"T","F",0,0,"T","T","browe102","cox-d101","T","T",0,0,0,0,0,0,0,0,0,"","","",0,0,0,0,0,0,0,0,0,0,0,0,0,"hawkc101","F","F","F","F",0,0,0,0,2,0,0,0,0,0,F,F,"1925PHI.EVN.regular.event.csv",2332
"PHI192506300","BRO",3,0,1,0,0,"",2,0,"browe102","?","browe102","?","betth101","?","betth101","?","wilsj105","hawkc101","fonsl101","fribb101","sandh101","wrigr102","harpg101","burng101","","","","D8","F","F",8,5,21,"T","T",2,"F","F",0,"F","F",0,"F","F",8,"","F","F","",0,0,"N",0,"N",0,"N",2,0,0,0,"","","","","F","F","F","F","F","F","F","F","F","","","","F","F","F","F","F","","","","",0,0,0,0,0,0,0,0,0,22,"PHI","BRO","PHI",0,"F","F",2,0,0,13,1,"T","F",0,2,"T","T","cox-d101","fordh101","T","T",0,0,0,0,0,0,0,0,0,"","","",0,0,0,0,0,0,0,0,0,0,0,0,0,"harpg101","F","F","F","F",4,0,0,0,2,0,0,0,0,0,F,F,"1925PHI.EVN.regular.event.csv",2333
"PHI192506300","BRO",3,0,1,0,0,"",2,0,"cox-d101","?","cox-d101","?","betth101","?","betth101","?","wilsj105","hawkc101","fonsl101","fribb101","sandh101","wrigr102","harpg101","burng101","","browe102","","D/89XDW.2-H","F","F",9,6,21,"T","T",2,"F","F",0,"F","F",1,"F","F",0,"","F","F","89XDW",0,0,"N",0,"N",0,"N",2,0,4,0,"","","","","F","F","F","F","F","F","F","F","F","","betth101","","F","F","F","F","F","","","","",0,0,0,0,0,0,0,0,0,23,"PHI","BRO","PHI",0,"F","F",2,0,0,14,2,"T","F",2,2,"T","T","fordh101","taylz101","T","T",0,0,0,8,5,22,0,0,0,"","wilsj105","",0,0,0,0,0,0,0,0,0,0,0,0,1,"","F","F","F","F",4,0,4,0,1,0,0,0,0,0,F,F,"1925PHI.EVN.regular.event.csv",2334
"PHI192506300","BRO",3,0,1,0,0,"",3,0,"fordh101","?","fordh101","?","betth101","?","betth101","?","wilsj105","hawkc101","fonsl101","fribb101","sandh101","wrigr102","harpg101","burng101","","cox-d101","","D7.2-H","F","F",6,7,21,"T","T",2,"F","F",0,"F","F",1,"F","F",7,"","F","F","",0,0,"N",0,"N",0,"N",2,0,4,0,"","","","","F","F","F","F","F","F","F","F","F","","betth101","","F","F","F","F","F","","","","",0,0,0,0,0,0,0,0,0,24,"PHI","BRO","PHI",0,"F","F",3,0,1,15,3,"T","F",2,2,"T","T","taylz101","ehrhr101","T","T",0,0,0,9,6,23,0,0,0,"","wilsj105","",0,0,0,0,0,0,0,0,0,0,0,0,1,"wrigr102","F","F","F","F",0,0,4,0,0,0,0,0,0,0,F,F,"1925PHI.EVN.regular.event.csv",2335
"PHI192506300","BRO",3,0,1,0,0,"",4,0,"taylz101","?","taylz101","?","betth101","?","betth101","?","wilsj105","hawkc101","fonsl101","fribb101","sandh101","wrigr102","harpg101","burng101","","fordh101","","FC5.2X3(545);B-2","F","F",2,8,19,"T","T",0,"F","F",1,"F","F",0,"F","F",5,"G","F","F","",0,0,"N",0,"N",0,"N",2,0,0,0,"","","545","","F","F","F","F","F","F","F","F","F","","betth101","","F","F","F","F","F","","","","",0,5,0,0,5,4,0,0,0,25,"PHI","BRO","PHI",0,"F","F",4,0,2,16,4,"T","F",2,2,"T","T","ehrhr101","higha101","T","T",0,0,0,6,7,24,0,0,0,"","wilsj105","",0,0,0,0,0,0,0,0,0,0,0,0,0,"fribb101","F","F","F","F",0,0,0,0,0,0,0,0,0,0,F,F,"1925PHI.EVN.regular.event.csv",2336
"PHI192506300","BRO",3,0,2,0,0,"",4,0,"ehrhr101","?","ehrhr101","?","betth101","?","betth101","?","wilsj105","hawkc101","fonsl101","fribb101","sandh101","wrigr102","harpg101","burng101","","taylz101","","6/P","F","F",1,9,2,"T","T",0,"F","F",1,"F","F",0,"F","F",6,"P","F","F","",0,0,"N",0,"N",0,"N",0,0,2,0,"6","","","","F","F","F","F","F","F","F","F","F","","betth101","","F","F","F","F","F","","","","",0,6,0,0,0,0,0,0,0,26,"PHI","BRO","PHI",0,"F","T",4,0,2,17,5,"T","F",2,2,"T","T","higha101","stocm101","T","T",0,0,0,2,8,25,0,0,0,"","wilsj105","",0,0,0,0,0,0,0,0,0,0,0,0,0,"sandh101","F","F","F","F",0,0,0,0,0,0,0,0,0,0,F,F,"1925PHI.EVN.regular.event.csv",2337
"PHI192506300","BRO",3,1,0,0,0,"",4,0,"betth101","?","betth101","?","ehrhr101","?","ehrhr101","?","taylz101","fourj101","stocm101","higha101","fordh101","wheaz101","browe102","cox-d101","","","","7/F","T","F",1,9,2,"T","T",0,"F","F",1,"F","F",0,"F","F",7,"F","F","F","",0,0,"N",0,"N",0,"N",0,0,0,0,"7","","","","F","F","F","F","F","F","F","F","F","","","","F","F","F","F","F","","","","",0,7,0,0,0,0,0,0,0,27,"PHI","PHI","BRO",1,"T","F",0,4,0,8,0,"T","F",0,0,"T","T","burng101","fonsl101","T","T",0,0,0,0,0,0,0,0,0,"","","",0,0,0,0,0,0,0,0,0,0,0,0,0,"wheaz101","F","F","F","F",0,0,0,0,0,0,0,0,0,0,F,F,"1925PHI.EVN.regular.event.csv",2338
"PHI192506300","BRO",3,1,1,0,0,"",4,0,"burng101","?","burng101","?","ehrhr101","?","ehrhr101","?","taylz101","fourj101","stocm101","higha101","fordh101","wheaz101","browe102","cox-d101","","","","8/F","F","F",9,1,2,"T","T",0,"F","F",1,"F","F",0,"F","F",8,"F","F","F","",0,0,"N",0,"N",0,"N",0,0,0,0,"8","","","","F","F","F","F","F","F","F","F","F","","","","F","F","F","F","F","","","","",0,8,0,0,0,0,0,0,0,28,"PHI","PHI","BRO",1,"F","F",0,4,0,9,1,"T","F",0,0,"T","T","fonsl101","wrigr102","T","T",0,0,0,0,0,0,0,0,0,"","","",0,0,0,0,0,0,0,0,0,0,0,0,0,"browe102","F","F","F","F",0,0,0,0,0,0,0,0,0,0,F,F,"1925PHI.EVN.regular.event.csv",2339
"PHI192506300","BRO",3,1,2,0,0,"",4,0,"fonsl101","?","fonsl101","?","ehrhr101","?","ehrhr101","?","taylz101","fourj101","stocm101","higha101","fordh101","wheaz101","browe102","cox-d101","","","","63","F","F",4,2,2,"T","T",0,"F","F",1,"F","F",0,"F","F",6,"G","F","F","",0,0,"N",0,"N",0,"N",0,0,0,0,"63","","","","F","F","F","F","F","F","F","F","F","","","","F","F","F","F","F","","","","",0,3,0,0,6,0,0,0,0,29,"PHI","PHI","BRO",1,"F","T",0,4,0,10,2,"T","F",0,0,"T","T","wrigr102","harpg101","T","T",0,0,0,0,0,0,0,0,0,"","","",0,0,0,0,0,0,0,0,0,0,0,0,0,"fordh101","F","F","F","F",0,0,0,0,0,0,0,0,0,0,F,F,"1925PHI.EVN.regular.event.csv",2340
"PHI192506300","BRO",4,0,0,0,0,"",4,0,"higha101","?","higha101","?","betth101","?","betth101","?","wilsj105","hawkc101","fonsl101","fribb101","sandh101","wrigr102","harpg101","burng101","","","","8/F","T","F",5,1,2,"T","T",0,"F","F",1,"F","F",0,"F","F",8,"F","F","F","",0,0,"N",0,"N",0,"N",0,0,0,0,"8","","","","F","F","F","F","F","F","F","F","F","","","","F","F","F","F","F","","","","",0,8,0,0,0,0,0,0,0,30,"PHI","BRO","PHI",0,"T","F",4,0,0,18,0,"T","F",0,0,"T","T","stocm101","wheaz101","T","T",0,0,0,0,0,0,0,0,0,"","","",0,0,0,0,0,0,0,0,0,0,0,0,0,"harpg101","F","F","F","F",0,0,0,0,0,0,0,0,0,0,F,F,"1925PHI.EVN.regular.event.csv",2341
"PHI192506300","BRO",4,0,1,0,0,"",4,0,"stocm101","?","stocm101","?","betth101","?","betth101","?","wilsj105","hawkc101","fonsl101","fribb101","sandh101","wrigr102","harpg101","burng101","","","","3/P/FL","F","F",4,2,2,"T","T",0,"F","F",1,"F","F",0,"F","F",3,"P","F","T","",0,0,"N",0,"N",0,"N",0,0,0,0,"3","","","","F","F","F","F","F","F","F","F","F","","","","F","F","F","F","F","","","","",0,3,0,0,0,0,0,0,0,31,"PHI","BRO","PHI",0,"F","F",4,0,0,19,1,"T","F",0,0,"T","T","wheaz101","fourj101","T","T",0,0,0,0,0,0,0,0,0,"","","",0,0,0,0,0,0,0,0,0,0,0,0,0,"hawkc101","F","F","F","F",0,0,0,0,0,0,0,0,0,0,F,F,"1925PHI.EVN.regular.event.csv",2342
"PHI192506300","BRO",4,0,2,0,0,"",4,0,"wheaz101","?","wheaz101","?","betth101","?","betth101","?","wilsj105","hawkc101","fonsl101","fribb101","sandh101","wrigr102","harpg101","burng101","","","","6/P","F","F",7,3,2,"T","T",0,"F","F",1,"F","F",0,"F","F",6,"P","F","F","",0,0,"N",0,"N",0,"N",0,0,0,0,"6","","","","F","F","F","F","F","F","F","F","F","","","","F","F","F","F","F","","","","",0,6,0,0,0,0,0,0,0,32,"PHI","BRO","PHI",0,"F","T",4,0,0,20,2,"T","F",0,0,"T","T","fourj101","browe102","T","T",0,0,0,0,0,0,0,0,0,"","","",0,0,0,0,0,0,0,0,0,0,0,0,0,"sandh101","F","F","F","F",0,0,0,0,0,0,0,0,0,0,F,F,"1925PHI.EVN.regular.event.csv",2343
"PHI192506300","BRO",4,1,0,0,0,"",4,0,"wrigr102","?","wrigr102","?","ehrhr101","?","ehrhr101","?","taylz101","fourj101","stocm101","higha101","fordh101","wheaz101","browe102","cox-d101","","","","13","T","F",7,3,2,"T","T",0,"F","F",1,"F","F",0,"F","F",1,"G","F","F","",0,0,"N",0,"N",0,"N",0,0,0,0,"13","","","","F","F","F","F","F","F","F","F","F","","","","F","F","F","F","F","","","","",0,3,0,0,1,0,0,0,0,33,"PHI","PHI","BRO",1,"T","F",0,4,0,11,0,"T","F",0,0,"T","T","harpg101","wilsj105","T","T",0,0,0,0,0,0,0,0,0,"","","",0,0,0,0,0,0,0,0,0,0,0,0,0,"ehrhr101","F","F","F","F",0,0,0,0,1,0,0,0,0,0,F,F,"1925PHI.EVN.regular.event.csv",2344
"PHI192506300","BRO",4,1,1,0,0,"",4,0,"harpg101","?","harpg101","?","ehrhr101","?","ehrhr101","?","taylz101","fourj101","stocm101","higha101","fordh101","wheaz101","browe102","cox-d101","","","","HR/F9D","F","F",8,4,23,"T","T",4,"F","F",0,"F","F",1,"F","F",0,"F","F","F","9D",0,0,"N",0,"N",0,"N",4,0,0,0,"","","","","F","F","F","F","F","F","F","F","F","","","","F","F","F","F","F","","","","",0,0,0,0,0,0,0,0,0,34,"PHI","PHI","BRO",1,"F","F",0,4,0,12,1,"T","F",0,0,"T","T","wilsj105","hawkc101","T","T",0,0,0,0,0,0,0,0,0,"","","",0,0,0,0,0,0,0,0,0,0,0,0,1,"","F","F","F","F",4,0,0,0,0,0,0,0,0,0,F,F,"1925PHI.EVN.regular.event.csv",2345
"PHI192506300","BRO",4,1,1,0,0,"",4,1,"wilsj105","?","wilsj105","?","ehrhr101","?","ehrhr101","?","taylz101","fourj101","stocm101","higha101","fordh101","wheaz101","browe102","cox-d101","","","","43","F","F",2,5,2,"T","T",0,"F","F",1,"F","F",0,"F","F",4,"G","F","F","",0,0,"N",0,"N",0,"N",0,0,0,0,"43","","","","F","F","F","F","F","F","F","F","F","","","","F","F","F","F","F","","","","",0,3,0,0,4,0,0,0,0,35,"PHI","PHI","BRO",1,"F","F",1,4,1,13,2,"T","F",0,0,"T","T","hawkc101","fribb101","T","T",0,0,0,0,0,0,0,0,0,"","","",0,0,0,0,0,0,0,0,0,0,0,0,0,"stocm101","F","F","F","F",0,0,0,0,0,0,0,0,0,0,F,F,"1925PHI.EVN.regular.event.csv",2346
"PHI192506300","BRO",4,1,2,0,0,"",4,1,"hawkc101","?","hawkc101","?","ehrhr101","?","ehrhr101","?","taylz101","fourj101","stocm101","higha101","fordh101","wheaz101","browe102","cox-d101","","","","8/F","F","F",3,6,2,"T","T",0,"F","F",1,"F","F",0,"F","F",8,"F","F","F","",0,0,"N",0,"N",0,"N",0,0,0,0,"8","","","","F","F","F","F","F","F","F","F","F","","","","F","F","F","F","F","","","","",0,8,0,0,0,0,0,0,0,36,"PHI","PHI","BRO",1,"F","T",1,4,1,14,3,"T","F",0,0,"T","T","fribb101","sandh101","T","T",0,0,0,0,0,0,0,0,0,"","","",0,0,0,0,0,0,0,0,0,0,0,0,0,"browe102","F","F","F","F",0,0,0,0,0,0,0,0,0,0,F,F,"1925PHI.EVN.regular.event.csv",2347
"PHI192506300","BRO",5,0,0,0,0,"",4,1,"fourj101","?","fourj101","?","betth101","?","betth101","?","wilsj105","hawkc101","fonsl101","fribb101","sandh101","wrigr102","harpg101","burng101","","","","S3/G","T","F",3,4,20,"T","T",1,"F","F",0,"F","F",0,"F","F",3,"G","F","F","",0,0,"N",0,"N",0,"N",1,0,0,0,"","","","","F","F","F","F","F","F","F","F","F","","","","F","F","F","F","F","","","","",0,0,0,0,0,0,0,0,0,37,"PHI","BRO","PHI",0,"T","F",4,1,0,21,0,"T","F",0,1,"T","T","browe102","cox-d101","T","T",0,0,0,0,0,0,0,0,0,"","","",0,0,0,0,0,0,0,0,0,0,0,0,0,"hawkc101","F","F","F","F",0,0,0,0,0,0,0,0,0,0,F,F,"1925PHI.EVN.regular.event.csv",2348
"PHI192506300","BRO",5,0,0,0,0,"",4,1,"browe102","?","browe102","?","betth101","?","betth101","?","wilsj105","hawkc101","fonsl101","fribb101","sandh101","wrigr102","harpg101","burng101","fourj101","","","4/P","F","F",8,5,2,"T","T",0,"F","F",1,"F","F",0,"F","F",4,"P","F","F","",0,0,"N",0,"N",0,"N",0,1,0,0,"4","","","","F","F","F","F","F","F","F","F","F","betth101","","","F","F","F","F","F","","","","",0,4,0,0,0,0,0,0,0,38,"PHI","BRO","PHI",0,"F","F",4,1,0,22,1,"T","F",1,1,"T","T","cox-d101","fordh101","T","T",3,4,37,0,0,0,0,0,0,"wilsj105","","",0,0,0,0,0,0,0,0,0,0,0,0,0,"fonsl101","F","F","F","F",0,0,0,0,0,0,0,0,0,0,F,F,"1925PHI.EVN.regular.event.csv",2349
"PHI192506300","BRO",5,0,1,0,0,"",4,1,"cox-d101","?","cox-d101","?","betth101","?","betth101","?","wilsj105","hawkc101","fonsl101","fribb101","sandh101","wrigr102","harpg101","burng101","fourj101","","","S8.1-2","F","F",9,6,20,"T","T",1,"F","F",0,"F","F",0,"F","F",8,"","F","F","",0,0,"N",0,"N",0,"N",1,2,0,0,"","","","","F","F","F","F","F","F","F","F","F","betth101","","","F","F","F","F","F","","","","",0,0,0,0,0,0,0,0,0,39,"PHI","BRO","PHI",0,"F","F",4,1,0,23,2,"T","F",1,3,"T","T","fordh101","taylz101","T","T",3,4,37,0,0,0,0,0,0,"wilsj105","","",0,0,0,0,0,0,0,0,0,0,0,0,0,"harpg101","F","F","F","F",0,0,0,0,0,0,0,0,0,0,F,F,"1925PHI.EVN.regular.event.csv",2350
"PHI192506300","BRO",5,0,1,0,0,"",4,1,"fordh101","?","fordh101","?","betth101","?","betth101","?","wilsj105","hawkc101","fonsl101","fribb101","sandh101","wrigr102","harpg101","burng101","cox-d101","fourj101","","K","F","F",6,7,3,"T","T",0,"F","F",1,"F","F",0,"F","F",0,"","F","F","",0,0,"N",0,"N",0,"N",0,1,2,0,"2","","","","F","F","F","F","F","F","F","F","F","betth101","betth101","","F","F","F","F","F","","","","",0,2,0,0,0,0,0,0,0,40,"PHI","BRO","PHI",0,"F","F",4,1,0,24,3,"T","F",3,3,"T","T","taylz101","ehrhr101","T","T",9,6,39,3,4,37,0,0,0,"wilsj105","wilsj105","",0,0,0,0,0,0,0,0,0,0,0,0,0,"","F","F","F","F",0,0,0,0,0,0,0,0,0,0,F,F,"1925PHI.EVN.regular.event.csv",2351
"PHI192506300","BRO",5,0,2,0,0,"",4,1,"taylz101","?","taylz101","?","betth101","?","betth101","?","wilsj105","hawkc101","fonsl101","fribb101","sandh101","wrigr102","harpg101","burng101","cox-d101","fourj101","","8/F","F","F",2,8,2,"T","T",0,"F","F",1,"F","F",0,"F","F",8,"F","F","F","",0,0,"N",0,"N",0,"N",0,1,2,0,"8","","","","F","F","F","F","F","F","F","F","F","betth101","betth101","","F","F","F","F","F","","","","",0,8,0,0,0,0,0,0,0,41,"PHI","BRO","PHI",0,"F","T",4,1,0,25,4,"T","F",3,3,"T","T","ehrhr101","higha101","T","T",9,6,39,3,4,37,0,0,0,"wilsj105","wilsj105","",0,0,0,0,0,0,0,0,0,0,0,0,0,"harpg101","F","F","F","F",0,0,0,0,0,0,0,0,0,0,F,F,"1925PHI.EVN.regular.event.csv",2352
"PHI192506300","BRO",5,1,0,0,0,"",4,1,"fribb101","?","fribb101","?","ehrhr101","?","ehrhr101","?","taylz101","fourj101","stocm101","higha101","fordh101","wheaz101","browe102","cox-d101","","","","D9/9L","T","F",5,7,21,"T","T",2,"F","F",0,"F","F",0,"F","F",9,"","F","F","9L",0,0,"N",0,"N",0,"N",2,0,0,0,"","","","","F","F","F","F","F","F","F","F","F","","","","F","F","F","F","F","","","","",0,0,0,0,0,0,0,0,0,42,"PHI","PHI","BRO",1,"T","F",1,4,0,15,0,"T","F",0,2,"T","T","sandh101","betth101","T","T",0,0,0,0,0,0,0,0,0,"","","",0,0,0,0,0,0,0,0,0,0,0,0,0,"cox-d101","F","F","F","F",4,0,0,0,4,0,0,0,0,0,F,F,"1925PHI.EVN.regular.event.csv",2353
"PHI192506300","BRO",5,1,0,0,0,"",4,1,"sandh101","?","sandh101","?","ehrhr101","?","ehrhr101","?","taylz101","fourj101","stocm101","higha101","fordh101","wheaz101","browe102","cox-d101","","fribb101","","S1/BG.2-H(E1/TH1)(NR);B-2","F","F",6,8,20,"T","T",1,"F","F",0,"F","F",0,"F","F",1,"G","T","F","",1,1,"T",0,"N",0,"N",2,0,4,0,"","","","","F","F","F","F","F","F","F","F","F","","ehrhr101","","F","F","F","F","F","","","","",0,0,0,0,0,0,0,0,0,43,"PHI","PHI","BRO",1,"F","F",1,4,0,16,1,"T","F",2,2,"T","T","betth101","burng101","T","T",0,0,0,5,7,42,0,0,0,"","taylz101","",0,0,0,0,0,0,0,0,0,0,0,0,1,"ehrhr101","F","F","F","F",4,0,4,0,3,0,0,0,0,0,F,F,"1925PHI.EVN.regular.event.csv",2354
"PHI192506300","BRO",5,1,0,0,0,"",4,2,"betth101","?","betth101","?","ehrhr101","?","ehrhr101","?","taylz101","fourj101","stocm101","higha101","fordh101","wheaz101","browe102","cox-d101","","sandh101","","W","F","F",1,9,14,"T","F",0,"F","F",0,"F","F",0,"F","F",0,"","F","F","",0,0,"N",0,"N",0,"N",1,0,2,0,"","","","","F","F","F","F","F","F","F","F","F","","ehrhr101","","F","F","F","F","F","","","","",0,0,0,0,0,0,0,0,0,44,"PHI","PHI","BRO",1,"F","F",2,4,1,17,2,"T","F",2,3,"T","T","burng101","fonsl101","T","T",0,0,0,6,8,43,0,0,0,"","taylz101","",0,0,0,0,0,0,0,0,0,0,0,0,0,"","F","F","F","F",4,0,4,0,3,0,0,0,0,0,F,F,"1925PHI.EVN.regular.event.csv",2355
"PHI192506300","BRO",5,1,0,0,0,"",4,2,"burng101","?","burng101","?","ehrhr101","?","ehrhr101","?","taylz101","fourj101","stocm101","higha101","fordh101","wheaz101","browe102","cox-d101","betth101","sandh101","","13/SH.2-3;1-2","F","F",9,1,2,"T","F",0,"T","F",1,"F","F",0,"F","F",1,"G","T","F","",0,0,"N",0,"N",0,"N",0,2,3,0,"13","","","","F","F","F","F","F","F","F","F","F","ehrhr101","ehrhr101","","F","F","F","F","F","","","","",0,3,0,0,1,0,0,0,0,45,"PHI","PHI","BRO",1,"F","F",2,4,1,18,3,"T","F",3,6,"T","T","fonsl101","wrigr102","T","T",1,9,44,6,8,43,0,0,0,"taylz101","taylz101","",0,0,0,0,0,0,0,0,0,0,0,0,0,"ehrhr101","F","F","F","F",0,4,4,0,3,0,0,0,0,0,F,F,"1925PHI.EVN.regular.event.csv",2356
"PHI192506300","BRO",5,1,1,0,0,"",4,2,"fonsl101","?","fonsl101","?","ehrhr101","?","ehrhr101","?","taylz101","fourj101","stocm101","higha101","fordh101","wheaz101","browe102","cox-d101","","betth101","sandh101","S5/G.3-H;2-3","F","F",4,2,20,"T","T",1,"F","F",0,"F","F",1,"F","F",5,"G","F","F","",0,0,"N",0,"N",0,"N",1,0,3,4,"","","","","F","F","F","F","F","F","F","F","F","","ehrhr101","ehrhr101","F","F","F","F","F","","","","",0,0,0,0,0,0,0,0,0,46,"PHI","PHI","BRO",1,"F","F",2,4,1,19,4,"T","F",6,5,"T","T","wrigr102","harpg101","T","T",0,0,0,1,9,44,6,8,43,"","taylz101","taylz101",0,0,0,0,0,0,0,0,0,0,0,0,1,"higha101","F","F","F","F",4,0,4,4,2,0,0,0,0,0,F,F,"1925PHI.EVN.regular.event.csv",2357
"PHI192506300","BRO",5,1,1,0,0,"",4,3,"wrigr102","?","wrigr102","?","ehrhr101","?","ehrhr101","?","taylz101","fourj101","stocm101","higha101","fordh101","wheaz101","browe102","cox-d101","fonsl101","","betth101","S9.3-H;1-2","F","F",7,3,20,"T","T",1,"F","F",0,"F","F",1,"F","F",9,"","F","F","",0,0,"N",0,"N",0,"N",1,2,0,4,"","","","","F","F","F","F","F","F","F","F","F","ehrhr101","","ehrhr101","F","F","F","F","F","","","","",0,0,0,0,0,0,0,0,0,47,"PHI","PHI","BRO",1,"F","F",3,4,2,20,5,"T","F",5,3,"T","T","harpg101","wilsj105","T","T",4,2,46,0,0,0,1,9,44,"taylz101","","taylz101",0,0,0,0,0,0,0,0,0,0,0,0,1,"cox-d101","F","F","F","F",0,4,0,4,1,0,0,0,0,0,F,F,"1925PHI.EVN.regular.event.csv",2358
"PHI192506300","BRO",5,1,1,0,0,"",4,4,"harpg101","?","harpg101","?","hubbb101","?","hubbb101","?","taylz101","fourj101","stocm101","higha101","fordh101","wheaz101","browe102","cox-d101","wrigr102","fonsl101","","D9/L89D.2-H;1-3","F","F",8,4,21,"T","T",2,"F","F",0,"F","F",1,"F","F",9,"L","F","F","89D",0,0,"N",0,"N",0,"N",2,3,4,0,"","","","","F","F","F","F","F","F","F","F","F","ehrhr101","ehrhr101","","F","F","F","F","F","","","","",0,0,0,0,0,0,0,0,0,48,"PHI","PHI","BRO",1,"F","F",4,4,3,21,6,"T","F",3,6,"T","T","wilsj105","hawkc101","F","F",7,3,47,4,2,46,0,0,0,"taylz101","taylz101","",0,0,0,0,0,0,0,0,0,0,0,0,1,"cox-d101","F","F","F","F",0,0,4,0,0,0,0,0,0,0,F,F,"1925PHI.EVN.regular.event.csv",2359
"PHI192506300","BRO",5,1,1,0,0,"",4,5,"wilsj105","?","wilsj105","?","hubbb101","?","hubbb101","?","taylz101","fourj101","stocm101","higha101","fordh101","wheaz101","browe102","cox-d101","","harpg101","wrigr102","FC6.3XH(62);2-3","F","F",2,5,19,"T","T",0,"F","F",1,"F","F",0,"F","F",6,"G","F","F","",0,0,"N",0,"N",0,"N",1,0,3,0,"","","","62","F","F","F","F","F","F","F","F","F","","hubbb101","ehrhr101","F","F","F","F","F","","","","",0,2,0,0,6,0,0,0,0,49,"PHI","PHI","BRO",1,"F","F",5,4,4,22,7,"T","F",6,5,"T","T","hawkc101","fribb101","F","F",0,0,0,8,4,48,7,3,47,"","taylz101","taylz101",0,0,0,0,0,0,0,0,0,0,0,0,0,"fordh101","F","F","F","F",0,0,0,0,0,0,0,0,0,0,F,F,"1925PHI.EVN.regular.event.csv",2360
"PHI192506300","BRO",5,1,2,0,0,"",4,5,"hawkc101","?","hawkc101","?","hubbb101","?","hubbb101","?","taylz101","fourj101","stocm101","higha101","fordh101","wheaz101","browe102","cox-d101","wilsj105","","harpg101","7/F","F","F",3,6,2,"T","T",0,"F","F",1,"F","F",0,"F","F",7,"F","F","F","",0,0,"N",0,"N",0,"N",0,1,0,3,"7","","","","F","F","F","F","F","F","F","F","F","hubbb101","","ehrhr101","F","F","F","F","F","","","","",0,7,0,0,0,0,0,0,0,50,"PHI","PHI","BRO",1,"F","T",5,4,4,23,8,"T","F",5,5,"T","T","fribb101","sandh101","F","F",2,5,49,0,0,0,8,4,48,"taylz101","","taylz101",0,0,0,0,0,0,0,0,0,0,0,0,0,"wheaz101","F","F","F","F",0,0,0,0,0,0,0,0,0,0,F,F,"1925PHI.EVN.regular.event.csv",2361
"PHI192506300","BRO",6,0,0,0,0,"",4,5,"hubbb101","?","hubbb101","?","betth101","?","betth101","?","wilsj105","hawkc101","fonsl101","fribb101","sandh101","wrigr102","harpg101","burng101","","","","W","T","F",1,9,14,"T","F",0,"F","F",0,"F","F",0,"F","F",0,"","F","F","",0,0,"N",0,"N",0,"N",1,0,0,0,"","","","","F","F","F","F","F","F","F","F","F","","","","F","F","F","F","F","","","","",0,0,0,0,0,0,0,0,0,51,"PHI","BRO","PHI",0,"T","F",4,5,0,26,0,"T","F",0,1,"F","F","higha101","stocm101","T","T",0,0,0,0,0,0,0,0,0,"","","",0,0,0,0,0,0,0,0,0,0,0,0,0,"","F","F","F","F",5,0,0,0,1,0,0,0,0,0,F,F,"1925PHI.EVN.regular.event.csv",2362
"PHI192506300","BRO",6,0,0,0,0,"",4,5,"higha101","?","higha101","?","betth101","?","betth101","?","wilsj105","hawkc101","fonsl101","fribb101","sandh101","wrigr102","harpg101","burng101","hubbb101","","","FC6.1X3(6E4);B-1","F","F",5,1,19,"T","T",0,"F","F",0,"F","F",0,"F","F",6,"G","F","F","",1,4,"D",0,"N",0,"N",1,3,0,0,"","6E4","","","F","F","F","F","F","F","F","F","F","betth101","","","F","F","F","F","F","","","","",0,0,0,0,6,0,0,0,0,52,"PHI","BRO","PHI",0,"F","F",4,5,0,27,1,"T","F",1,5,"T","T","stocm101","wheaz101","T","T",1,9,51,0,0,0,0,0,0,"wilsj105","","",0,0,0,0,0,0,0,0,0,0,0,0,0,"sandh101","F","F","F","F",0,5,0,0,1,0,0,0,0,0,F,F,"1925PHI.EVN.regular.event.csv",2363
"PHI192506300","BRO",6,0,0,0,0,"",4,5,"stocm101","?","stocm101","?","betth101","?","betth101","?","wilsj105","hawkc101","fonsl101","fribb101","sandh101","wrigr102","harpg101","burng101","higha101","","hubbb101","FC3.3-H(UR);1-2#","F","F",4,2,19,"T","T",0,"F","F",0,"F","F",1,"F","F",3,"G","F","F","",0,0,"N",0,"N",0,"N",1,2,0,5,"","","","","F","F","F","F","F","F","F","F","F","betth101","","betth101","F","F","F","F","F","","","","",0,0,0,0,0,0,0,0,0,53,"PHI","BRO","PHI",0,"F","F",4,5,0,28,2,"T","F",5,3,"T","T","wheaz101","fourj101","T","T",5,1,52,0,0,0,1,9,51,"wilsj105","","wilsj105",0,0,0,0,0,0,0,0,0,0,0,0,1,"hawkc101","F","F","F","F",0,0,0,5,0,0,0,0,0,0,F,T,"1925PHI.EVN.regular.event.csv",2364
"PHI192506300","BRO",6,0,0,0,0,"",5,5,"wheaz101","?","wheaz101","?","betth101","?","betth101","?","wilsj105","hawkc101","fonsl101","fribb101","sandh101","wrigr102","harpg101","burng101","stocm101","higha101","","16(1)/FO.2-3","F","F",7,3,2,"T","T",0,"F","F",1,"F","F",0,"F","F",1,"G","F","F","",0,0,"N",0,"N",0,"N",1,0,3,0,"","16","","","F","F","F","F","F","F","F","F","F","betth101","betth101","","F","F","F","F","F","","","","",0,6,0,0,1,0,0,0,0,54,"PHI","BRO","PHI",0,"F","F",5,5,1,29,3,"T","F",3,5,"T","T","fourj101","browe102","T","T",4,2,53,5,1,52,0,0,0,"wilsj105","wilsj105","",0,0,0,0,0,0,0,0,0,0,0,0,0,"betth101","T","F","F","F",0,0,0,0,0,0,0,0,0,0,F,F,"1925PHI.EVN.regular.event.csv",2365
"PHI192506300","BRO",6,0,1,0,0,"",5,5,"fourj101","?","fourj101","?","betth101","?","betth101","?","wilsj105","hawkc101","fonsl101","fribb101","sandh101","wrigr102","harpg101","burng101","wheaz101","","higha101","W.1-2","F","F",3,4,14,"T","F",0,"F","F",0,"F","F",0,"F","F",0,"","F","F","",0,0,"N",0,"N",0,"N",1,2,0,3,"","","","","F","F","F","F","F","F","F","F","F","betth101","","betth101","F","F","F","F","F","","","","",0,0,0,0,0,0,0,0,0,55,"PHI","BRO","PHI",0,"F","F",5,5,1,30,4,"T","F",5,7,"T","T","browe102","cox-d101","T","T",7,3,54,0,0,0,5,1,52,"wilsj105","","wilsj105",0,0,0,0,0,0,0,0,0,0,0,0,0,"","F","F","F","F",0,0,0,0,0,0,0,0,0,0,F,F,"1925PHI.EVN.regular.event.csv",2366
"PHI192506300","BRO",6,0,1,0,0,"",5,5,"browe102","?","browe102","?","betth101","?","betth101","?","wilsj105","hawkc101","fonsl101","fribb101","sandh101","wrigr102","harpg101","burng101","fourj101","wheaz101","higha101","62(3)/FO.2-3;1-2","F","F",8,5,2,"T","T",0,"F","F",1,"F","F",0,"F","F",6,"G","F","F","",0,0,"N",0,"N",0,"N",1,2,3,0,"","","","62","F","F","F","F","F","F","F","F","F","betth101","betth101","betth101","F","F","F","F","F","","","","",0,2,0,0,6,0,0,0,0,56,"PHI","BRO","PHI",0,"F","F",5,5,1,31,5,"T","F",7,7,"T","T","cox-d101","fordh101","T","T",3,4,55,7,3,54,5,1,52,"wilsj105","wilsj105","wilsj105",0,0,0,0,0,0,0,0,0,0,0,0,0,"sandh101","F","F","T","F",0,0,0,0,0,0,0,0,0,0,F,F,"1925PHI.EVN.regular.event.csv",2367
"PHI192506300","BRO",6,0,2,0,0,"",5,5,"cox-d101","?","cox-d101","?","betth101","?","betth101","?","wilsj105","hawkc101","fonsl101","fribb101","sandh101","wrigr102","harpg101","burng101","browe102","fourj101","wheaz101","S/L/BR.2X2(6);1-2","F","F",9,6,20,"T","T",1,"F","F",1,"F","F",0,"F","F",0,"L","F","F","",0,0,"N",0,"N",0,"N",1,2,0,3,"","","6","","F","F","F","F","F","F","F","F","F","betth101","betth101","betth101","F","F","F","F","F","","","","",0,6,0,0,0,0,0,0,0,57,"PHI","BRO","PHI",0,"F","T",5,5,1,32,6,"T","F",7,7,"T","T","fordh101","taylz101","T","T",8,5,56,3,4,55,7,3,54,"wilsj105","wilsj105","wilsj105",0,0,0,0,0,0,0,0,0,0,0,0,0,"","F","F","F","F",0,0,0,0,0,0,0,0,0,0,F,F,"1925PHI.EVN.regular.event.csv",2368
"PHI192506300","BRO",6,1,0,0,0,"",5,5,"fribb101","?","fribb101","?","hubbb101","?","hubbb101","?","taylz101","fourj101","stocm101","higha101","fordh101","wheaz101","browe102","cox-d101","","","","9/F","T","F",5,7,2,"T","T",0,"F","F",1,"F","F",0,"F","F",9,"F","F","F","",0,0,"N",0,"N",0,"N",0,0,0,0,"9","","","","F","F","F","F","F","F","F","F","F","","","","F","F","F","F","F","","","","",0,9,0,0,0,0,0,0,0,58,"PHI","PHI","BRO",1,"T","F",5,5,0,24,0,"T","F",0,0,"T","T","sandh101","betth101","F","F",0,0,0,0,0,0,0,0,0,"","","",0,0,0,0,0,0,0,0,0,0,0,0,0,"cox-d101","F","F","F","F",0,0,0,0,0,0,0,0,0,0,F,F,"1925PHI.EVN.regular.event.csv",2369
"PHI192506300","BRO",6,1,1,0,0,"",5,5,"sandh101","?","sandh101","?","hubbb101","?","hubbb101","?","taylz101","fourj101","stocm101","higha101","fordh101","wheaz101","browe102","cox-d101","","","","K","F","F",6,8,3,"T","T",0,"F","F",1,"F","F",0,"F","F",0,"","F","F","",0,0,"N",0,"N",0,"N",0,0,0,0,"2","","","","F","F","F","F","F","F","F","F","F","","","","F","F","F","F","F","","","","",0,2,0,0,0,0,0,0,0,59,"PHI","PHI","BRO",1,"F","F",5,5,0,25,1,"T","F",0,0,"T","T","betth101","burng101","F","F",0,0,0,0,0,0,0,0,0,"","","",0,0,0,0,0,0,0,0,0,0,0,0,0,"","F","F","F","F",0,0,0,0,0,0,0,0,0,0,F,F,"1925PHI.EVN.regular.event.csv",2370
"PHI192506300","BRO",6,1,2,0,0,"",5,5,"betth101","?","betth101","?","hubbb101","?","hubbb101","?","taylz101","fourj101","stocm101","higha101","fordh101","wheaz101","browe102","cox-d101","","","","S8","F","F",1,9,20,"T","T",1,"F","F",0,"F","F",0,"F","F",8,"","F","F","",0,0,"N",0,"N",0,"N",1,0,0,0,"","","","","F","F","F","F","F","F","F","F","F","","","","F","F","F","F","F","","","","",0,0,0,0,0,0,0,0,0,60,"PHI","PHI","BRO",1,"F","F",5,5,0,26,2,"T","F",0,1,"T","T","burng101","fonsl101","F","F",0,0,0,0,0,0,0,0,0,"","","",0,0,0,0,0,0,0,0,0,0,0,0,0,"browe102","F","F","F","F",0,0,0,0,0,0,0,0,0,0,F,F,"1925PHI.EVN.regular.event.csv",2371
"PHI192506300","BRO",6,1,2,0,0,"",5,5,"burng101","?","burng101","?","hubbb101","?","hubbb101","?","taylz101","fourj101","stocm101","higha101","fordh101","wheaz101","browe102","cox-d101","betth101","","","64(1)/FO","F","F",9,1,2,"T","T",0,"F","F",1,"F","F",0,"F","F",6,"G","F","F","",0,0,"N",0,"N",0,"N",1,0,0,0,"","64","","","F","F","F","F","F","F","F","F","F","hubbb101","","","F","F","F","F","F","","","","",0,4,0,0,6,0,0,0,0,61,"PHI","PHI","BRO",1,"F","T",5,5,0,27,3,"T","F",1,1,"T","T","fonsl101","wrigr102","F","F",1,9,60,0,0,0,0,0,0,"taylz101","","",0,0,0,0,0,0,0,0,0,0,0,0,0,"fordh101","T","F","F","F",0,0,0,0,0,0,0,0,0,0,F,F,"1925PHI.EVN.regular.event.csv",2372
"PHI192506300","BRO",7,0,0,0,0,"",5,5,"fordh101","?","fordh101","?","betth101","?","betth101","?","wilsj105","hawkc101","fonsl101","fribb101","sandh101","wrigr102","harpg101","burng101","","","","53","T","F",6,7,2,"T","T",0,"F","F",1,"F","F",0,"F","F",5,"G","F","F","",0,0,"N",0,"N",0,"N",0,0,0,0,"53","","","","F","F","F","F","F","F","F","F","F","","","","F","F","F","F","F","","","","",0,3,0,0,5,0,0,0,0,62,"PHI","BRO","PHI",0,"T","F",5,5,0,33,0,"T","F",0,0,"T","T","taylz101","hubbb101","T","T",0,0,0,0,0,0,0,0,0,"","","",0,0,0,0,0,0,0,0,0,0,0,0,0,"fribb101","F","F","F","F",0,0,0,0,3,0,0,0,0,0,F,F,"1925PHI.EVN.regular.event.csv",2373
"PHI192506300","BRO",7,0,1,0,0,"",5,5,"taylz101","?","taylz101","?","betth101","?","betth101","?","wilsj105","hawkc101","fonsl101","fribb101","sandh101","wrigr102","harpg101","burng101","","","","E6/TH1","F","F",2,8,18,"T","T",0,"F","F",0,"F","F",0,"F","F",6,"G","F","F","",1,6,"T",0,"N",0,"N",1,0,0,0,"","","","","F","F","F","F","F","F","F","F","F","","","","F","F","F","F","F","","","","",0,0,0,0,0,0,0,0,0,63,"PHI","BRO","PHI",0,"F","F",5,5,0,34,1,"T","F",0,1,"T","T","hubbb101","higha101","T","T",0,0,0,0,0,0,0,0,0,"","","",0,0,0,0,0,0,0,0,0,0,0,0,0,"sandh101","F","F","F","T",5,0,0,0,3,0,0,0,0,0,F,F,"1925PHI.EVN.regular.event.csv",2374
"PHI192506300","BRO",7,0,1,0,0,"",5,5,"hubbb101","?","hubbb101","?","betth101","?","betth101","?","wilsj105","hawkc101","fonsl101","fribb101","sandh101","wrigr102","harpg101","burng101","taylz101","","","S/78.1-2","F","F",1,9,20,"T","T",1,"F","F",0,"F","F",0,"F","F",0,"","F","F","78",0,0,"N",0,"N",0,"N",1,2,0,0,"","","","","F","F","F","F","F","F","F","F","F","betth101","","","F","F","F","F","F","","","","",0,0,0,0,0,0,0,0,0,64,"PHI","BRO","PHI",0,"F","F",5,5,0,35,2,"T","F",1,3,"F","F","higha101","stocm101","T","T",2,8,63,0,0,0,0,0,0,"wilsj105","","",0,0,0,0,0,0,0,0,0,0,0,0,0,"","F","F","F","F",0,5,0,0,3,0,0,0,0,0,F,F,"1925PHI.EVN.regular.event.csv",2375
"PHI192506300","BRO",7,0,1,0,0,"",5,5,"higha101","?","higha101","?","betth101","?","betth101","?","wilsj105","hawkc101","fonsl101","fribb101","sandh101","wrigr102","harpg101","burng101","hubbb101","taylz101","","36(1)/FO.2-3","F","F",5,1,2,"T","T",0,"F","F",1,"F","F",0,"F","F",3,"G","F","F","",0,0,"N",0,"N",0,"N",1,0,3,0,"","36","","","F","F","F","F","F","F","F","F","F","betth101","betth101","","F","F","F","F","F","","","","",0,6,0,0,3,0,0,0,0,65,"PHI","BRO","PHI",0,"F","F",5,5,0,36,3,"T","F",3,5,"T","T","stocm101","wheaz101","T","T",1,9,64,2,8,63,0,0,0,"wilsj105","wilsj105","",0,0,0,0,0,0,0,0,0,0,0,0,0,"hawkc101","T","F","F","F",5,0,5,0,3,0,0,0,0,0,F,F,"1925PHI.EVN.regular.event.csv",2376
"PHI192506300","BRO",7,0,2,0,0,"",5,5,"stocm101","?","stocm101","?","betth101","?","betth101","?","wilsj105","hawkc101","fonsl101","fribb101","sandh101","wrigr102","harpg101","burng101","higha101","","taylz101","S7.3-H(UR);1-2","F","F",4,2,20,"T","T",1,"F","F",0,"F","F",1,"F","F",7,"","F","F","",0,0,"N",0,"N",0,"N",1,2,0,5,"","","","","F","F","F","F","F","F","F","F","F","betth101","","betth101","F","F","F","F","F","","","","",0,0,0,0,0,0,0,0,0,66,"PHI","BRO","PHI",0,"F","F",5,5,0,37,4,"T","F",5,3,"T","T","wheaz101","fourj101","T","T",5,1,65,0,0,0,2,8,63,"wilsj105","","wilsj105",0,0,0,0,0,0,0,0,0,0,0,0,1,"wrigr102","F","F","F","F",5,5,0,5,2,0,0,0,0,0,F,F,"1925PHI.EVN.regular.event.csv",2377
"PHI192506300","BRO",7,0,2,0,0,"",6,5,"wheaz101","?","wheaz101","?","betth101","?","betth101","?","wilsj105","hawkc101","fonsl101","fribb101","sandh101","wrigr102","harpg101","burng101","stocm101","higha101","","E7/F.2-H(NR)(UR);1-H(NR)(UR)","F","F",7,3,18,"T","T",0,"F","F",0,"F","F",0,"F","F",7,"F","F","F","",1,7,"F",0,"N",0,"N",1,5,5,0,"","","","","F","F","F","F","F","F","F","F","F","betth101","betth101","","F","F","F","F","F","","","","",0,0,0,0,0,0,0,0,0,67,"PHI","BRO","PHI",0,"F","F",6,5,1,38,5,"T","F",3,1,"T","T","fourj101","browe102","T","T",4,2,66,5,1,65,0,0,0,"wilsj105","wilsj105","",0,0,0,0,0,0,0,0,0,0,0,0,2,"wrigr102","F","F","F","T",0,5,5,0,0,0,0,0,0,0,F,F,"1925PHI.EVN.regular.event.csv",2378
"PHI192506300","BRO",7,0,2,0,0,"",8,5,"fourj101","?","fourj101","?","betth101","?","betth101","?","wilsj105","hawkc101","fonsl101","fribb101","sandh101","wrigr102","harpg101","burng101","wheaz101","","","S9.1-2","F","F",3,4,20,"T","T",1,"F","F",0,"F","F",0,"F","F",9,"","F","F","",0,0,"N",0,"N",0,"N",1,2,0,0,"","","","","F","F","F","F","F","F","F","F","F","betth101","","","F","F","F","F","F","","","","",0,0,0,0,0,0,0,0,0,68,"PHI","BRO","PHI",0,"F","F",8,5,3,39,6,"T","F",1,3,"T","T","browe102","cox-d101","T","T",7,3,67,0,0,0,0,0,0,"wilsj105","","",0,0,0,0,0,0,0,0,0,0,0,0,0,"burng101","F","F","F","F",0,0,0,0,0,0,0,0,0,0,F,F,"1925PHI.EVN.regular.event.csv",2379
"PHI192506300","BRO",7,0,2,0,0,"",8,5,"browe102","?","browe102","?","betth101","?","betth101","?","wilsj105","hawkc101","fonsl101","fribb101","sandh101","wrigr102","harpg101","burng101","fourj101","wheaz101","","6/L","F","F",8,5,2,"T","T",0,"F","F",1,"F","F",0,"F","F",6,"L","F","F","",0,0,"N",0,"N",0,"N",0,1,2,0,"6","","","","F","F","F","F","F","F","F","F","F","betth101","betth101","","F","F","F","F","F","","","","",0,6,0,0,0,0,0,0,0,69,"PHI","BRO","PHI",0,"F","T",8,5,3,40,7,"T","F",3,3,"T","T","cox-d101","fordh101","T","T",3,4,68,7,3,67,0,0,0,"wilsj105","wilsj105","",0,0,0,0,0,0,0,0,0,0,0,0,0,"sandh101","F","F","F","F",0,0,0,0,0,0,0,0,0,0,F,F,"1925PHI.EVN.regular.event.csv",2380
"PHI192506300","BRO",7,1,0,0,0,"",8,5,"fonsl101","?","fonsl101","?","hubbb101","?","hubbb101","?","taylz101","fourj101","stocm101","higha101","fordh101","wheaz101","browe102","cox-d101","","","","9/F","T","F",4,2,2,"T","T",0,"F","F",1,"F","F",0,"F","F",9,"F","F","F","",0,0,"N",0,"N",0,"N",0,0,0,0,"9","","","","F","F","F","F","F","F","F","F","F","","","","F","F","F","F","F","","","","",0,9,0,0,0,0,0,0,0,70,"PHI","PHI","BRO",1,"T","F",5,8,0,28,0,"T","F",0,0,"T","T","wrigr102","harpg101","F","F",0,0,0,0,0,0,0,0,0,"","","",0,0,0,0,0,0,0,0,0,0,0,0,0,"cox-d101","F","F","F","F",0,0,0,0,2,0,0,0,0,0,F,F,"1925PHI.EVN.regular.event.csv",2381
"PHI192506300","BRO",7,1,1,0,0,"",8,5,"wrigr102","?","wrigr102","?","hubbb101","?","hubbb101","?","taylz101","fourj101","stocm101","higha101","fordh101","wheaz101","browe102","cox-d101","","","","HR/F9D","F","F",7,3,23,"T","T",4,"F","F",0,"F","F",1,"F","F",0,"F","F","F","9D",0,0,"N",0,"N",0,"N",4,0,0,0,"","","","","F","F","F","F","F","F","F","F","F","","","","F","F","F","F","F","","","","",0,0,0,0,0,0,0,0,0,71,"PHI","PHI","BRO",1,"F","F",5,8,0,29,1,"T","F",0,0,"T","T","harpg101","wilsj105","F","F",0,0,0,0,0,0,0,0,0,"","","",0,0,0,0,0,0,0,0,0,0,0,0,1,"","F","F","F","F",4,0,0,0,1,0,0,0,0,0,F,F,"1925PHI.EVN.regular.event.csv",2382
"PHI192506300","BRO",7,1,1,0,0,"",8,6,"harpg101","?","harpg101","?","hubbb101","?","hubbb101","?","taylz101","fourj101","stocm101","higha101","fordh101","wheaz101","browe102","cox-d101","","","","T/F89XDW","F","F",8,4,22,"T","T",3,"F","F",0,"F","F",0,"F","F",0,"F","F","F","89XDW",0,0,"N",0,"N",0,"N",3,0,0,0,"","","","","F","F","F","F","F","F","F","F","F","","","","F","F","F","F","F","","","","",0,0,0,0,0,0,0,0,0,72,"PHI","PHI","BRO",1,"F","F",6,8,1,30,2,"T","F",0,4,"T","T","wilsj105","hawkc101","F","F",0,0,0,0,0,0,0,0,0,"","","",0,0,0,0,0,0,0,0,0,0,0,0,0,"","F","F","F","F",4,0,0,0,1,0,0,0,0,0,F,F,"1925PHI.EVN.regular.event.csv",2383
"PHI192506300","BRO",7,1,1,0,0,"",8,6,"wilsj105","?","wilsj105","?","hubbb101","?","hubbb101","?","taylz101","fourj101","stocm101","higha101","fordh101","wheaz101","browe102","cox-d101","","","harpg101","43.3-H","F","F",2,5,2,"T","T",0,"F","F",1,"F","F",1,"F","F",4,"G","F","F","",0,0,"N",0,"N",0,"N",0,0,0,4,"43","","","","F","F","F","F","F","F","F","F","F","","","hubbb101","F","F","F","F","F","","","","",0,3,0,0,4,0,0,0,0,73,"PHI","PHI","BRO",1,"F","F",6,8,1,31,3,"T","F",4,0,"T","T","hawkc101","fribb101","F","F",0,0,0,0,0,0,8,4,72,"","","taylz101",0,0,0,0,0,0,0,0,0,0,0,0,1,"stocm101","F","F","F","F",0,0,0,4,0,0,0,0,0,0,F,F,"1925PHI.EVN.regular.event.csv",2384
"PHI192506300","BRO",7,1,2,0,0,"",8,7,"hawkc101","?","hawkc101","?","hubbb101","?","hubbb101","?","taylz101","fourj101","stocm101","higha101","fordh101","wheaz101","browe102","cox-d101","","","","S8","F","F",3,6,20,"T","T",1,"F","F",0,"F","F",0,"F","F",8,"","F","F","",0,0,"N",0,"N",0,"N",1,0,0,0,"","","","","F","F","F","F","F","F","F","F","F","","","","F","F","F","F","F","","","","",0,0,0,0,0,0,0,0,0,74,"PHI","PHI","BRO",1,"F","F",7,8,2,32,4,"T","F",0,1,"T","T","fribb101","sandh101","F","F",0,0,0,0,0,0,0,0,0,"","","",0,0,0,0,0,0,0,0,0,0,0,0,0,"browe102","F","F","F","F",0,0,0,0,0,0,0,0,0,0,F,F,"1925PHI.EVN.regular.event.csv",2385
"PHI192506300","BRO",7,1,2,0,0,"",8,7,"fribb101","?","fribb101","?","hubbb101","?","hubbb101","?","taylz101","fourj101","stocm101","higha101","fordh101","wheaz101","browe102","cox-d101","hawkc101","","","46(1)/FO","F","F",5,7,2,"T","T",0,"F","F",1,"F","F",0,"F","F",4,"G","F","F","",0,0,"N",0,"N",0,"N",1,0,0,0,"","46","","","F","F","F","F","F","F","F","F","F","hubbb101","","","F","F","F","F","F","","","","",0,6,0,0,4,0,0,0,0,75,"PHI","PHI","BRO",1,"F","T",7,8,2,33,5,"T","F",1,1,"T","T","sandh101","betth101","F","F",3,6,74,0,0,0,0,0,0,"taylz101","","",0,0,0,0,0,0,0,0,0,0,0,0,0,"stocm101","T","F","F","F",0,0,0,0,0,0,0,0,0,0,F,F,"1925PHI.EVN.regular.event.csv",2386
"PHI192506300","BRO",8,0,0,0,0,"",8,7,"cox-d101","?","cox-d101","?","betth101","?","betth101","?","wilsj105","hawkc101","fonsl101","fribb101","sandh101","wrigr102","harpg101","burng101","","","","63","T","F",9,6,2,"T","T",0,"F","F",1,"F","F",0,"F","F",6,"G","F","F","",0,0,"N",0,"N",0,"N",0,0,0,0,"63","","","","F","F","F","F","F","F","F","F","F","","","","F","F","F","F","F","","","","",0,3,0,0,6,0,0,0,0,76,"PHI","BRO","PHI",0,"T","F",8,7,0,41,0,"T","F",0,0,"T","T","fordh101","taylz101","T","T",0,0,0,0,0,0,0,0,0,"","","",0,0,0,0,0,0,0,0,0,0,0,0,0,"sandh101","F","F","F","F",0,0,0,0,1,0,0,0,0,0,F,F,"1925PHI.EVN.regular.event.csv",2387
"PHI192506300","BRO",8,0,1,0,0,"",8,7,"fordh101","?","fordh101","?","betth101","?","betth101","?","wilsj105","hawkc101","fonsl101","fribb101","sandh101","wrigr102","harpg101","burng101","","","","HR/F78XD","F","F",6,7,23,"T","T",4,"F","F",0,"F","F",1,"F","F",0,"F","F","F","78XD",0,0,"N",0,"N",0,"N",4,0,0,0,"","","","","F","F","F","F","F","F","F","F","F","","","","F","F","F","F","F","","","","",0,0,0,0,0,0,0,0,0,77,"PHI","BRO","PHI",0,"F","F",8,7,0,42,1,"T","F",0,0,"T","T","taylz101","hubbb101","T","T",0,0,0,0,0,0,0,0,0,"","","",0,0,0,0,0,0,0,0,0,0,0,0,1,"","F","F","F","F",4,0,0,0,0,0,0,0,0,0,F,F,"1925PHI.EVN.regular.event.csv",2388
"PHI192506300","BRO",8,0,1,0,0,"",9,7,"taylz101","?","taylz101","?","betth101","?","betth101","?","wilsj105","hawkc101","fonsl101","fribb101","sandh101","wrigr102","harpg101","burng101","","","","63","F","F",2,8,2,"T","T",0,"F","F",1,"F","F",0,"F","F",6,"G","F","F","",0,0,"N",0,"N",0,"N",0,0,0,0,"63","","","","F","F","F","F","F","F","F","F","F","","","","F","F","F","F","F","","","","",0,3,0,0,6,0,0,0,0,78,"PHI","BRO","PHI",0,"F","F",9,7,1,43,2,"T","F",0,0,"T","T","hubbb101","higha101","T","T",0,0,0,0,0,0,0,0,0,"","","",0,0,0,0,0,0,0,0,0,0,0,0,0,"sandh101","F","F","F","F",0,0,0,0,0,0,0,0,0,0,F,F,"1925PHI.EVN.regular.event.csv",2389
"PHI192506300","BRO",8,0,2,0,0,"",9,7,"hubbb101","?","hubbb101","?","betth101","?","betth101","?","wilsj105","hawkc101","fonsl101","fribb101","sandh101","wrigr102","harpg101","burng101","","","","W","F","F",1,9,14,"T","F",0,"F","F",0,"F","F",0,"F","F",0,"","F","F","",0,0,"N",0,"N",0,"N",1,0,0,0,"","","","","F","F","F","F","F","F","F","F","F","","","","F","F","F","F","F","","","","",0,0,0,0,0,0,0,0,0,79,"PHI","BRO","PHI",0,"F","F",9,7,1,44,3,"T","F",0,1,"F","F","higha101","stocm101","T","T",0,0,0,0,0,0,0,0,0,"","","",0,0,0,0,0,0,0,0,0,0,0,0,0,"","F","F","F","F",0,0,0,0,0,0,0,0,0,0,F,F,"1925PHI.EVN.regular.event.csv",2390
"PHI192506300","BRO",8,0,2,0,0,"",9,7,"higha101","?","higha101","?","betth101","?","betth101","?","wilsj105","hawkc101","fonsl101","fribb101","sandh101","wrigr102","harpg101","burng101","hubbb101","","","46(1)/FO","F","F",5,1,2,"T","T",0,"F","F",1,"F","F",0,"F","F",4,"G","F","F","",0,0,"N",0,"N",0,"N",1,0,0,0,"","46","","","F","F","F","F","F","F","F","F","F","betth101","","","F","F","F","F","F","","","","",0,6,0,0,4,0,0,0,0,80,"PHI","BRO","PHI",0,"F","T",9,7,1,45,4,"T","F",1,1,"T","T","stocm101","wheaz101","T","T",1,9,79,0,0,0,0,0,0,"wilsj105","","",0,0,0,0,0,0,0,0,0,0,0,0,0,"fonsl101","T","F","F","F",1,0,0,0,0,0,0,0,0,0,F,F,"1925PHI.EVN.regular.event.csv",2391
"PHI192506300","BRO",8,1,0,0,0,"",9,7,"holkw101","?","holkw101","?","hubbb101","?","hubbb101","?","taylz101","fourj101","stocm101","higha101","fordh101","wheaz101","browe102","cox-d101","","","","43","T","T",11,8,2,"T","T",0,"F","F",1,"F","F",0,"F","F",4,"G","F","F","",0,0,"N",0,"N",0,"N",0,0,0,0,"43","","","","F","F","F","F","F","F","F","F","F","","","","F","F","F","F","F","","","","sandh101",6,3,0,0,4,0,0,0,0,81,"PHI","PHI","BRO",1,"T","F",7,9,0,34,0,"T","F",0,0,"F","F","betth101","burng101","F","F",0,0,0,0,0,0,0,0,0,"","","",0,0,0,0,0,0,0,0,0,0,0,0,0,"stocm101","F","F","F","F",0,0,0,0,0,0,0,0,0,0,F,F,"1925PHI.EVN.regular.event.csv",2392
"PHI192506300","BRO",8,1,1,0,0,"",9,7,"willc103","?","willc103","?","hubbb101","?","hubbb101","?","taylz101","fourj101","stocm101","higha101","fordh101","wheaz101","browe102","cox-d101","","","","53","F","T",11,9,2,"T","T",0,"F","F",1,"F","F",0,"F","F",5,"G","F","F","",0,0,"N",0,"N",0,"N",0,0,0,0,"53","","","","F","F","F","F","F","F","F","F","F","","","","F","F","F","F","F","","","","betth101",1,3,0,0,5,0,0,0,0,82,"PHI","PHI","BRO",1,"F","F",7,9,0,35,1,"T","F",0,0,"F","F","burng101","fonsl101","F","F",0,0,0,0,0,0,0,0,0,"","","",0,0,0,0,0,0,0,0,0,0,0,0,0,"higha101","F","F","F","F",0,0,0,0,0,0,0,0,0,0,F,F,"1925PHI.EVN.regular.event.csv",2393
"PHI192506300","BRO",8,1,2,0,0,"",9,7,"mitcc102","?","mitcc102","?","hubbb101","?","hubbb101","?","taylz101","fourj101","stocm101","higha101","fordh101","wheaz101","browe102","cox-d101","","","","43","F","T",11,1,2,"T","T",0,"F","F",1,"F","F",0,"F","F",4,"G","F","F","",0,0,"N",0,"N",0,"N",0,0,0,0,"43","","","","F","F","F","F","F","F","F","F","F","","","","F","F","F","F","F","","","","burng101",9,3,0,0,4,0,0,0,0,83,"PHI","PHI","BRO",1,"F","T",7,9,0,36,2,"T","F",0,0,"F","F","fonsl101","wrigr102","F","F",0,0,0,0,0,0,0,0,0,"","","",0,0,0,0,0,0,0,0,0,0,0,0,0,"stocm101","F","F","F","F",0,0,0,0,0,0,0,0,0,0,F,F,"1925PHI.EVN.regular.event.csv",2394
"PHI192506300","BRO",9,0,0,0,0,"",9,7,"stocm101","?","stocm101","?","ulrid101","?","ulrid101","?","wilsj105","hawkc101","fonsl101","fribb101","kimmw101","wrigr102","harpg101","willc103","","","","7/F","T","F",4,2,2,"T","T",0,"F","F",1,"F","F",0,"F","F",7,"F","F","F","",0,0,"N",0,"N",0,"N",0,0,0,0,"7","","","","F","F","F","F","F","F","F","F","F","","","","F","F","F","F","F","","","","",0,7,0,0,0,0,0,0,0,84,"PHI","BRO","PHI",0,"T","F",9,7,0,46,0,"T","F",0,0,"T","T","wheaz101","fourj101","F","F",0,0,0,0,0,0,0,0,0,"","","",0,0,0,0,0,0,0,0,0,0,0,0,0,"wrigr102","F","F","F","F",0,0,0,0,0,0,0,0,0,0,F,F,"1925PHI.EVN.regular.event.csv",2395
"PHI192506300","BRO",9,0,1,0,0,"",9,7,"wheaz101","?","wheaz101","?","ulrid101","?","ulrid101","?","wilsj105","hawkc101","fonsl101","fribb101","kimmw101","wrigr102","harpg101","willc103","","","","8/F","F","F",7,3,2,"T","T",0,"F","F",1,"F","F",0,"F","F",8,"F","F","F","",0,0,"N",0,"N",0,"N",0,0,0,0,"8","","","","F","F","F","F","F","F","F","F","F","","","","F","F","F","F","F","","","","",0,8,0,0,0,0,0,0,0,85,"PHI","BRO","PHI",0,"F","F",9,7,0,47,1,"T","F",0,0,"T","T","fourj101","browe102","F","F",0,0,0,0,0,0,0,0,0,"","","",0,0,0,0,0,0,0,0,0,0,0,0,0,"harpg101","F","F","F","F",0,0,0,0,0,0,0,0,0,0,F,F,"1925PHI.EVN.regular.event.csv",2396
"PHI192506300","BRO",9,0,2,0,0,"",9,7,"fourj101","?","fourj101","?","ulrid101","?","ulrid101","?","wilsj105","hawkc101","fonsl101","fribb101","kimmw101","wrigr102","harpg101","willc103","","","","W","F","F",3,4,14,"T","F",0,"F","F",0,"F","F",0,"F","F",0,"","F","F","",0,0,"N",0,"N",0,"N",1,0,0,0,"","","","","F","F","F","F","F","F","F","F","F","","","","F","F","F","F","F","","","","",0,0,0,0,0,0,0,0,0,86,"PHI","BRO","PHI",0,"F","F",9,7,0,48,2,"T","F",0,1,"T","T","browe102","cox-d101","F","F",0,0,0,0,0,0,0,0,0,"","","",0,0,0,0,0,0,0,0,0,0,0,0,0,"","F","F","F","F",0,0,0,0,0,0,0,0,0,0,F,F,"1925PHI.EVN.regular.event.csv",2397
"PHI192506300","BRO",9,0,2,0,0,"",9,7,"browe102","?","browe102","?","ulrid101","?","ulrid101","?","wilsj105","hawkc101","fonsl101","fribb101","kimmw101","wrigr102","harpg101","willc103","fourj101","","","D7.1-3","F","F",8,5,21,"T","T",2,"F","F",0,"F","F",0,"F","F",7,"","F","F","",0,0,"N",0,"N",0,"N",2,3,0,0,"","","","","F","F","F","F","F","F","F","F","F","ulrid101","","","F","F","F","F","F","","","","",0,0,0,0,0,0,0,0,0,87,"PHI","BRO","PHI",0,"F","F",9,7,0,49,3,"T","F",1,6,"T","T","cox-d101","fordh101","F","F",3,4,86,0,0,0,0,0,0,"wilsj105","","",0,0,0,0,0,0,0,0,0,0,0,0,0,"wrigr102","F","F","F","F",0,0,0,0,0,0,0,0,0,0,F,F,"1925PHI.EVN.regular.event.csv",2398
"PHI192506300","BRO",9,0,2,0,0,"",9,7,"cox-d101","?","cox-d101","?","ulrid101","?","ulrid101","?","wilsj105","hawkc101","fonsl101","fribb101","kimmw101","wrigr102","harpg101","willc103","","browe102","fourj101","13","F","F",9,6,2,"T","T",0,"F","F",1,"F","F",0,"F","F",1,"G","F","F","",0,0,"N",0,"N",0,"N",0,0,2,3,"13","","","","F","F","F","F","F","F","F","F","F","","ulrid101","ulrid101","F","F","F","F","F","","","","",0,3,0,0,1,0,0,0,0,88,"PHI","BRO","PHI",0,"F","T",9,7,0,50,4,"T","F",6,6,"T","T","fordh101","taylz101","F","F",0,0,0,8,5,87,3,4,86,"","wilsj105","wilsj105",0,0,0,0,0,0,0,0,0,0,0,0,0,"ulrid101","F","F","F","F",0,0,0,0,0,0,0,0,0,0,F,F,"1925PHI.EVN.regular.event.csv",2399
"PHI192506300","BRO",9,1,0,0,0,"",9,7,"fonsl101","?","fonsl101","?","hubbb101","?","hubbb101","?","taylz101","fourj101","stocm101","higha101","fordh101","wheaz101","browe102","cox-d101","","","","S7/L+","T","F",4,2,20,"T","T",1,"F","F",0,"F","F",0,"F","F",7,"L","F","F","",0,0,"N",0,"N",0,"N",1,0,0,0,"","","","","F","F","F","F","F","F","F","F","F","","","","F","F","F","F","F","","","","",0,0,0,0,0,0,0,0,0,89,"PHI","PHI","BRO",1,"T","F",7,9,0,37,0,"T","F",0,1,"T","T","wrigr102","harpg101","F","F",0,0,0,0,0,0,0,0,0,"","","",0,0,0,0,0,0,0,0,0,0,0,0,0,"wheaz101","F","F","F","F",4,0,0,0,2,0,0,0,0,0,F,F,"1925PHI.EVN.regular.event.csv",2400
"PHI192506300","BRO",9,1,0,0,0,"",9,7,"wrigr102","?","wrigr102","?","hubbb101","?","hubbb101","?","taylz101","fourj101","stocm101","higha101","fordh101","wheaz101","browe102","cox-d101","fonsl101","","","T9/89XDW.1-H","F","F",7,3,22,"T","T",3,"F","F",0,"F","F",1,"F","F",9,"","F","F","89XDW",0,0,"N",0,"N",0,"N",3,4,0,0,"","","","","F","F","F","F","F","F","F","F","F","hubbb101","","","F","F","F","F","F","","","","",0,0,0,0,0,0,0,0,0,90,"PHI","PHI","BRO",1,"F","F",7,9,0,38,1,"T","F",1,4,"T","T","harpg101","wilsj105","F","F",4,2,89,0,0,0,0,0,0,"taylz101","","",0,0,0,0,0,0,0,0,0,0,0,0,1,"cox-d101","F","F","F","F",4,4,0,0,1,0,0,0,0,0,F,F,"1925PHI.EVN.regular.event.csv",2401
"PHI192506300","BRO",9,1,0,0,0,"",9,8,"harpg101","?","harpg101","?","osbot101","?","osbot101","?","taylz101","fourj101","stocm101","higha101","fordh101","wheaz101","browe102","cox-d101","","","wrigr102","9/F9D/SF.3-H","F","F",8,4,2,"T","F",0,"F","T",1,"F","F",1,"F","F",9,"F","F","F","9D",0,0,"N",0,"N",0,"N",0,0,0,4,"9","","","","F","F","F","F","F","F","F","F","F","","","hubbb101","F","F","F","F","F","","","","",0,9,0,0,0,0,0,0,0,91,"PHI","PHI","BRO",1,"F","F",8,9,1,39,2,"T","F",4,0,"T","T","wilsj105","hawkc101","F","F",0,0,0,0,0,0,7,3,90,"","","taylz101",0,0,0,0,0,0,0,0,0,0,0,0,1,"cox-d101","F","F","F","F",0,0,0,4,0,0,0,0,0,0,F,F,"1925PHI.EVN.regular.event.csv",2402
"PHI192506300","BRO",9,1,1,0,0,"",9,9,"wilsj105","?","wilsj105","?","osbot101","?","osbot101","?","taylz101","fourj101","stocm101","higha101","fordh101","wheaz101","browe102","cox-d101","","","","9/F","F","F",2,5,2,"T","T",0,"F","F",1,"F","F",0,"F","F",9,"F","F","F","",0,0,"N",0,"N",0,"N",0,0,0,0,"9","","","","F","F","F","F","F","F","F","F","F","","","","F","F","F","F","F","","","","",0,9,0,0,0,0,0,0,0,92,"PHI","PHI","BRO",1,"F","F",9,9,2,40,3,"T","F",0,0,"T","T","hawkc101","fribb101","F","F",0,0,0,0,0,0,0,0,0,"","","",0,0,0,0,0,0,0,0,0,0,0,0,0,"cox-d101","F","F","F","F",0,0,0,0,0,0,0,0,0,0,F,F,"1925PHI.EVN.regular.event.csv",2403
"PHI192506300","BRO",9,1,2,0,0,"",9,9,"hawkc101","?","hawkc101","?","osbot101","?","osbot101","?","taylz101","fourj101","stocm101","higha101","fordh101","wheaz101","browe102","cox-d101","","","","43","F","F",3,6,2,"T","T",0,"F","F",1,"F","F",0,"F","F",4,"G","F","F","",0,0,"N",0,"N",0,"N",0,0,0,0,"43","","","","F","F","F","F","F","F","F","F","F","","","","F","F","F","F","F","","","","",0,3,0,0,4,0,0,0,0,93,"PHI","PHI","BRO",1,"F","T",9,9,2,41,4,"T","F",0,0,"T","T","fribb101","kimmw101","F","F",0,0,0,0,0,0,0,0,0,"","","",0,0,0,0,0,0,0,0,0,0,0,0,0,"stocm101","F","F","F","F",0,0,0,0,0,0,0,0,0,0,F,F,"1925PHI.EVN.regular.event.csv",2404
"PHI192506300","BRO",10,0,0,0,0,"",9,9,"fordh101","?","fordh101","?","ulrid101","?","ulrid101","?","wilsj105","hawkc101","fonsl101","fribb101","kimmw101","wrigr102","harpg101","willc103","","","","K","T","F",6,7,3,"T","T",0,"F","F",1,"F","F",0,"F","F",0,"","F","F","",0,0,"N",0,"N",0,"N",0,0,0,0,"2","","","","F","F","F","F","F","F","F","F","F","","","","F","F","F","F","F","","","","",0,2,0,0,0,0,0,0,0,94,"PHI","BRO","PHI",0,"T","F",9,9,0,51,0,"T","F",0,0,"T","T","taylz101","osbot101","F","F",0,0,0,0,0,0,0,0,0,"","","",0,0,0,0,0,0,0,0,0,0,0,0,0,"","F","F","F","F",0,0,0,0,0,0,0,0,0,0,F,F,"1925PHI.EVN.regular.event.csv",2405
"PHI192506300","BRO",10,0,1,0,0,"",9,9,"taylz101","?","taylz101","?","ulrid101","?","ulrid101","?","wilsj105","hawkc101","fonsl101","fribb101","kimmw101","wrigr102","harpg101","willc103","","","","D9","F","F",2,8,21,"T","T",2,"F","F",0,"F","F",0,"F","F",9,"","F","F","",0,0,"N",0,"N",0,"N",2,0,0,0,"","","","","F","F","F","F","F","F","F","F","F","","","","F","F","F","F","F","","","","",0,0,0,0,0,0,0,0,0,95,"PHI","BRO","PHI",0,"F","F",9,9,0,52,1,"T","F",0,2,"T","T","osbot101","higha101","F","F",0,0,0,0,0,0,0,0,0,"","","",0,0,0,0,0,0,0,0,0,0,0,0,0,"willc103","F","F","F","F",0,0,0,0,0,0,0,0,0,0,F,F,"1925PHI.EVN.regular.event.csv",2406
"PHI192506300","BRO",10,0,1,0,0,"",9,9,"osbot101","?","osbot101","?","ulrid101","?","ulrid101","?","wilsj105","hawkc101","fonsl101","fribb101","kimmw101","wrigr102","harpg101","willc103","","taylz101","","FC5.2X2(54)","F","F",1,9,19,"T","T",0,"F","F",1,"F","F",0,"F","F",5,"G","F","F","",0,0,"N",0,"N",0,"N",1,0,0,0,"","","54","","F","F","F","F","F","F","F","F","F","","ulrid101","","F","F","F","F","F","","","","",0,4,0,0,5,0,0,0,0,96,"PHI","BRO","PHI",0,"F","F",9,9,0,53,2,"T","F",2,1,"F","F","higha101","stocm101","F","F",0,0,0,2,8,95,0,0,0,"","wilsj105","",0,0,0,0,0,0,0,0,0,0,0,0,0,"fribb101","F","F","F","F",0,0,0,0,0,0,0,0,0,0,F,F,"1925PHI.EVN.regular.event.csv",2407
"PHI192506300","BRO",10,0,2,0,0,"",9,9,"higha101","?","higha101","?","ulrid101","?","ulrid101","?","wilsj105","hawkc101","fonsl101","fribb101","kimmw101","wrigr102","harpg101","willc103","osbot101","","","64(1)/FO","F","F",5,1,2,"T","T",0,"F","F",1,"F","F",0,"F","F",6,"G","F","F","",0,0,"N",0,"N",0,"N",1,0,0,0,"","64","","","F","F","F","F","F","F","F","F","F","ulrid101","","","F","F","F","F","F","","","","",0,4,0,0,6,0,0,0,0,97,"PHI","BRO","PHI",0,"F","T",9,9,0,54,3,"T","F",1,1,"T","T","stocm101","wheaz101","F","F",1,9,96,0,0,0,0,0,0,"wilsj105","","",0,0,0,0,0,0,0,0,0,0,0,0,0,"kimmw101","T","F","F","F",0,0,0,0,0,0,0,0,0,0,F,F,"1925PHI.EVN.regular.event.csv",2408
"PHI192506300","BRO",10,1,0,0,0,"",9,9,"fribb101","?","fribb101","?","osbot101","?","osbot101","?","taylz101","fourj101","stocm101","higha101","fordh101","wheaz101","browe102","cox-d101","","","","K","T","F",5,7,3,"T","T",0,"F","F",1,"F","F",0,"F","F",0,"","F","F","",0,0,"N",0,"N",0,"N",0,0,0,0,"2","","","","F","F","F","F","F","F","F","F","F","","","","F","F","F","F","F","","","","",0,2,0,0,0,0,0,0,0,98,"PHI","PHI","BRO",1,"T","F",9,9,0,42,0,"T","F",0,0,"T","T","kimmw101","willc103","F","F",0,0,0,0,0,0,0,0,0,"","","",0,0,0,0,0,0,0,0,0,0,0,0,0,"","F","F","F","F",0,0,0,0,0,0,0,0,0,0,F,F,"1925PHI.EVN.regular.event.csv",2409
"PHI192506300","BRO",10,1,1,0,0,"",9,9,"kimmw101","?","kimmw101","?","osbot101","?","osbot101","?","taylz101","fourj101","stocm101","higha101","fordh101","wheaz101","browe102","cox-d101","","","","W","F","F",6,8,14,"T","F",0,"F","F",0,"F","F",0,"F","F",0,"","F","F","",0,0,"N",0,"N",0,"N",1,0,0,0,"","","","","F","F","F","F","F","F","F","F","F","","","","F","F","F","F","F","","","","",0,0,0,0,0,0,0,0,0,99,"PHI","PHI","BRO",1,"F","F",9,9,0,43,1,"T","F",0,1,"F","F","willc103","ulrid101","F","F",0,0,0,0,0,0,0,0,0,"","","",0,0,0,0,0,0,0,0,0,0,0,0,0,"","F","F","F","F",0,0,0,0,0,0,0,0,0,0,F,F,"1925PHI.EVN.regular.event.csv",2410
"PHI192506300","BRO",10,1,1,0,0,"",9,9,"willc103","?","willc103","?","osbot101","?","osbot101","?","taylz101","fourj101","stocm101","higha101","fordh101","wheaz101","browe102","cox-d101","kimmw101","","","8/F","F","F",9,9,2,"T","T",0,"F","F",1,"F","F",0,"F","F",8,"F","F","F","",0,0,"N",0,"N",0,"N",0,1,0,0,"8","","","","F","F","F","F","F","F","F","F","F","osbot101","","","F","F","F","F","F","","","","",0,8,0,0,0,0,0,0,0,100,"PHI","PHI","BRO",1,"F","F",9,9,0,44,2,"T","F",1,1,"F","F","ulrid101","fonsl101","F","F",6,8,99,0,0,0,0,0,0,"taylz101","","",0,0,0,0,0,0,0,0,0,0,0,0,0,"browe102","F","F","F","F",0,0,0,0,0,0,0,0,0,0,F,F,"1925PHI.EVN.regular.event.csv",2411
"PHI192506300","BRO",10,1,2,0,0,"",9,9,"ulrid101","?","ulrid101","?","osbot101","?","osbot101","?","taylz101","fourj101","stocm101","higha101","fordh101","wheaz101","browe102","cox-d101","kimmw101","","","S8.1-2","F","F",1,1,20,"T","T",1,"F","F",0,"F","F",0,"F","F",8,"","F","F","",0,0,"N",0,"N",0,"N",1,2,0,0,"","","","","F","F","F","F","F","F","F","F","F","osbot101","","","F","F","F","F","F","","","","",0,0,0,0,0,0,0,0,0,101,"PHI","PHI","BRO",1,"F","F",9,9,0,45,3,"T","F",1,3,"F","F","fonsl101","wrigr102","F","F",6,8,99,0,0,0,0,0,0,"taylz101","","",0,0,0,0,0,0,0,0,0,0,0,0,0,"browe102","F","F","F","F",0,0,0,0,0,0,0,0,0,0,F,F,"1925PHI.EVN.regular.event.csv",2412
"PHI192506300","BRO",10,1,2,0,0,"",9,9,"fonsl101","?","fonsl101","?","osbot101","?","osbot101","?","taylz101","fourj101","stocm101","higha101","fordh101","wheaz101","browe102","cox-d101","ulrid101","kimmw101","","8/F","F","F",4,2,2,"T","T",0,"F","F",1,"F","F",0,"F","F",8,"F","F","F","",0,0,"N",0,"N",0,"N",0,1,2,0,"8","","","","F","F","F","F","F","F","F","F","F","osbot101","osbot101","","F","F","F","F","F","","","","",0,8,0,0,0,0,0,0,0,102,"PHI","PHI","BRO",1,"F","T",9,9,0,46,4,"T","F",3,3,"T","T","wrigr102","harpg101","F","F",1,1,101,6,8,99,0,0,0,"taylz101","taylz101","",0,0,0,0,0,0,0,0,0,0,0,0,0,"browe102","F","F","F","F",0,0,0,0,0,0,0,0,0,0,F,F,"1925PHI.EVN.regular.event.csv",2413
"PHI192506300","BRO",11,0,0,0,0,"",9,9,"stocm101","?","stocm101","?","ulrid101","?","ulrid101","?","wilsj105","hawkc101","fonsl101","fribb101","kimmw101","wrigr102","harpg101","willc103","","","","D9","T","F",4,2,21,"T","T",2,"F","F",0,"F","F",0,"F","F",9,"","F","F","",0,0,"N",0,"N",0,"N",2,0,0,0,"","","","","F","F","F","F","F","F","F","F","F","","","","F","F","F","F","F","","","","",0,0,0,0,0,0,0,0,0,103,"PHI","BRO","PHI",0,"T","F",9,9,0,55,0,"T","F",0,2,"T","T","wheaz101","fourj101","F","F",0,0,0,0,0,0,0,0,0,"","","",0,0,0,0,0,0,0,0,0,0,0,0,0,"willc103","F","F","F","F",0,0,0,0,0,0,0,0,0,0,F,F,"1925PHI.EVN.regular.event.csv",2414
"PHI192506300","BRO",11,0,0,0,0,"",9,9,"wheaz101","?","wheaz101","?","ulrid101","?","ulrid101","?","wilsj105","hawkc101","fonsl101","fribb101","kimmw101","wrigr102","harpg101","willc103","","stocm101","","FC1/DP.BX2(154);2X3(42)","F","F",7,3,19,"T","T",0,"F","F",2,"T","F",0,"F","F",1,"G","F","F","",0,0,"N",0,"N",0,"N",0,0,0,0,"154","","42","","F","F","F","F","F","F","F","F","F","","ulrid101","","F","F","F","F","F","","","","",0,4,2,0,1,5,4,0,0,104,"PHI","BRO","PHI",0,"F","F",9,9,0,56,1,"T","F",2,0,"T","T","fourj101","browe102","F","F",0,0,0,4,2,103,0,0,0,"","wilsj105","",0,0,0,0,0,0,0,0,0,0,0,0,0,"ulrid101","F","F","F","F",0,0,0,0,0,0,0,0,0,0,F,F,"1925PHI.EVN.regular.event.csv",2415
"PHI192506300","BRO",11,0,2,0,0,"",9,9,"fourj101","?","fourj101","?","ulrid101","?","ulrid101","?","wilsj105","hawkc101","fonsl101","fribb101","kimmw101","wrigr102","harpg101","willc103","","","","S9","F","F",3,4,20,"T","T",1,"F","F",0,"F","F",0,"F","F",9,"","F","F","",0,0,"N",0,"N",0,"N",1,0,0,0,"","","","","F","F","F","F","F","F","F","F","F","","","","F","F","F","F","F","","","","",0,0,0,0,0,0,0,0,0,105,"PHI","BRO","PHI",0,"F","F",9,9,0,57,2,"T","F",0,1,"T","T","browe102","cox-d101","F","F",0,0,0,0,0,0,0,0,0,"","","",0,0,0,0,0,0,0,0,0,0,0,0,0,"willc103","F","F","F","F",0,0,0,0,0,0,0,0,0,0,F,F,"1925PHI.EVN.regular.event.csv",2416
"PHI192506300","BRO",11,0,2,0,0,"",9,9,"browe102","?","browe102","?","ulrid101","?","ulrid101","?","wilsj105","hawkc101","fonsl101","fribb101","kimmw101","wrigr102","harpg101","willc103","fourj101","","","8/F","F","F",8,5,2,"T","T",0,"F","F",1,"F","F",0,"F","F",8,"F","F","F","",0,0,"N",0,"N",0,"N",0,1,0,0,"8","","","","F","F","F","F","F","F","F","F","F","ulrid101","","","F","F","F","F","F","","","","",0,8,0,0,0,0,0,0,0,106,"PHI","BRO","PHI",0,"F","T",9,9,0,58,3,"T","F",1,1,"T","T","cox-d101","fordh101","F","F",3,4,105,0,0,0,0,0,0,"wilsj105","","",0,0,0,0,0,0,0,0,0,0,0,0,0,"harpg101","F","F","F","F",0,0,0,0,0,0,0,0,0,0,F,F,"1925PHI.EVN.regular.event.csv",2417
"PHI192506300","BRO",11,1,0,0,0,"",9,9,"wrigr102","?","wrigr102","?","osbot101","?","osbot101","?","taylz101","fourj101","stocm101","higha101","fordh101","wheaz101","browe102","cox-d101","","","","S9","T","F",7,3,20,"T","T",1,"F","F",0,"F","F",0,"F","F",9,"","F","F","",0,0,"N",0,"N",0,"N",1,0,0,0,"","","","","F","F","F","F","F","F","F","F","F","","","","F","F","F","F","F","","","","",0,0,0,0,0,0,0,0,0,107,"PHI","PHI","BRO",1,"T","F",9,9,0,47,0,"T","F",0,1,"T","T","harpg101","wilsj105","F","F",0,0,0,0,0,0,0,0,0,"","","",0,0,0,0,0,0,0,0,0,0,0,0,0,"cox-d101","F","F","F","F",4,0,0,0,1,0,0,0,0,0,F,F,"1925PHI.EVN.regular.event.csv",2418
"PHI192506300","BRO",11,1,0,0,0,"",9,9,"harpg101","?","harpg101","?","osbot101","?","osbot101","?","taylz101","fourj101","stocm101","higha101","fordh101","wheaz101","browe102","cox-d101","wrigr102","","","23/SH.1-2","F","F",8,4,2,"T","F",0,"T","F",1,"F","F",0,"F","F",2,"G","T","F","",0,0,"N",0,"N",0,"N",0,2,0,0,"23","","","","F","F","F","F","F","F","F","F","F","osbot101","","","F","F","F","F","F","","","","",0,3,0,0,2,0,0,0,0,108,"PHI","PHI","BRO",1,"F","F",9,9,0,48,1,"T","F",1,2,"T","T","wilsj105","hawkc101","F","F",7,3,107,0,0,0,0,0,0,"taylz101","","",0,0,0,0,0,0,0,0,0,0,0,0,0,"taylz101","F","F","F","F",0,4,0,0,1,0,0,0,0,0,F,F,"1925PHI.EVN.regular.event.csv",2419
"PHI192506300","BRO",11,1,1,0,0,"",9,9,"wilsj105","?","wilsj105","?","osbot101","?","osbot101","?","taylz101","fourj101","stocm101","higha101","fordh101","wheaz101","browe102","cox-d101","","wrigr102","","S9/F89XDW.2-H","F","F",2,5,20,"T","T",1,"F","F",0,"F","F",1,"F","F",9,"F","F","F","89XDW",0,0,"N",0,"N",0,"N",1,0,4,0,"","","","","F","F","F","F","F","F","F","F","F","","osbot101","","F","T","F","F","F","","","","",0,0,0,0,0,0,0,0,0,109,"PHI","PHI","BRO",1,"F","T",9,9,0,49,2,"T","F",2,1,"T","T","hawkc101","fribb101","F","F",0,0,0,7,3,107,0,0,0,"","taylz101","",0,0,0,0,0,0,0,0,0,0,0,0,1,"cox-d101","F","F","F","F",1,0,4,0,0,0,0,0,0,0,F,F,"1925PHI.EVN.regular.event.csv",2420
"PHI192507011","NY1",1,0,0,0,0,"",0,0,"younr101","?","younr101","?","ringj101","?","ringj101","?","wilsj105","hawkc101","fonsl101","fribb101","sandh101","wrigr102","mokaj101","burng101","","","","S9","T","F",9,1,20,"T","T",1,"F","F",0,"F","F",0,"F","F",9,"","F","F","",0,0,"N",0,"N",0,"N",1,0,0,0,"","","","","F","F","F","F","F","F","F","F","F","","","","T","F","F","F","F","","","","",0,0,0,0,0,0,0,0,0,1,"PHI","NY1","PHI",0,"T","F",0,0,0,0,0,"T","F",0,1,"T","T","wilsh102","frisf101","T","T",0,0,0,0,0,0,0,0,0,"","","",0,0,0,0,0,0,0,0,0,0,0,0,0,"burng101","F","F","F","F",0,0,0,0,0,0,0,0,0,0,F,F,"1925PHI.EVN.regular.event.csv",2421
"PHI192507011","NY1",1,0,0,0,0,"",0,0,"wilsh102","?","wilsh102","?","ringj101","?","ringj101","?","wilsj105","hawkc101","fonsl101","fribb101","sandh101","wrigr102","mokaj101","burng101","younr101","","","E6/G.1-2","F","F",8,2,18,"T","T",0,"F","F",0,"F","F",0,"F","F",6,"G","F","F","",1,6,"F",0,"N",0,"N",1,2,0,0,"","","","","F","F","F","F","F","F","F","F","F","ringj101","","","F","F","F","F","F","","","","",0,0,0,0,0,0,0,0,0,2,"PHI","NY1","PHI",0,"F","F",0,0,0,1,1,"T","F",1,3,"T","T","frisf101","terrb101","T","T",9,1,1,0,0,0,0,0,0,"wilsj105","","",0,0,0,0,0,0,0,0,0,0,0,0,0,"sandh101","F","F","F","T",0,0,0,0,0,0,0,0,0,0,F,F,"1925PHI.EVN.regular.event.csv",2422
"PHI192507011","NY1",1,0,0,0,0,"",0,0,"frisf101","?","frisf101","?","ringj101","?","ringj101","?","wilsj105","hawkc101","fonsl101","fribb101","sandh101","wrigr102","mokaj101","burng101","wilsh102","younr101","","7/F","F","F",5,3,2,"T","T",0,"F","F",1,"F","F",0,"F","F",7,"F","F","F","",0,0,"N",0,"N",0,"N",0,1,2,0,"7","","","","F","F","F","F","F","F","F","F","F","ringj101","ringj101","","F","F","F","F","F","","","","",0,7,0,0,0,0,0,0,0,3,"PHI","NY1","PHI",0,"F","F",0,0,0,2,2,"T","F",3,3,"T","T","terrb101","kellg101","T","T",8,2,2,9,1,1,0,0,0,"wilsj105","wilsj105","",0,0,0,0,0,0,0,0,0,0,0,0,0,"wrigr102","F","F","F","F",0,0,0,0,0,0,0,0,0,0,F,F,"1925PHI.EVN.regular.event.csv",2423
"PHI192507011","NY1",1,0,1,0,0,"",0,0,"terrb101","?","terrb101","?","ringj101","?","ringj101","?","wilsj105","hawkc101","fonsl101","fribb101","sandh101","wrigr102","mokaj101","burng101","wilsh102","younr101","","W.2-3;1-2","F","F",3,4,14,"T","F",0,"F","F",0,"F","F",0,"F","F",0,"","F","F","",0,0,"N",0,"N",0,"N",1,2,3,0,"","","","","F","F","F","F","F","F","F","F","F","ringj101","ringj101","","F","F","F","F","F","","","","",0,0,0,0,0,0,0,0,0,4,"PHI","NY1","PHI",0,"F","F",0,0,0,3,3,"T","F",3,7,"T","T","kellg101","meusi101","T","T",8,2,2,9,1,1,0,0,0,"wilsj105","wilsj105","",0,0,0,0,0,0,0,0,0,0,0,0,0,"","F","F","F","F",0,0,0,0,0,0,0,0,0,0,F,F,"1925PHI.EVN.regular.event.csv",2424
"PHI192507011","NY1",1,0,1,0,0,"",0,0,"kellg101","?","kellg101","?","ringj101","?","ringj101","?","wilsj105","hawkc101","fonsl101","fribb101","sandh101","wrigr102","mokaj101","burng101","terrb101","wilsh102","younr101","2/FL","F","F",4,5,2,"T","T",0,"F","F",1,"F","F",0,"F","F",2,"F","F","T","",0,0,"N",0,"N",0,"N",0,1,2,3,"2","","","","F","F","F","F","F","F","F","F","F","ringj101","ringj101","ringj101","F","F","F","F","F","","","","",0,2,0,0,0,0,0,0,0,5,"PHI","NY1","PHI",0,"F","F",0,0,0,4,4,"T","F",7,7,"T","T","meusi101","jackt101","T","T",3,4,4,8,2,2,9,1,1,"wilsj105","wilsj105","wilsj105",0,0,0,0,0,0,0,0,0,0,0,0,0,"wilsj105","F","F","F","F",0,0,0,0,0,0,0,0,0,0,F,F,"1925PHI.EVN.regular.event.csv",2425
"PHI192507011","NY1",1,0,2,0,0,"",0,0,"meusi101","?","meusi101","?","ringj101","?","ringj101","?","wilsj105","hawkc101","fonsl101","fribb101","sandh101","wrigr102","mokaj101","burng101","terrb101","wilsh102","younr101","12(3)/FO","F","F",7,6,2,"T","T",0,"F","F",1,"F","F",0,"F","F",1,"G","F","F","",0,0,"N",0,"N",0,"N",1,1,2,0,"","","","12","F","F","F","F","F","F","F","F","F","ringj101","ringj101","ringj101","F","F","F","F","F","","","","",0,2,0,0,1,0,0,0,0,6,"PHI","NY1","PHI",0,"F","T",0,0,0,5,5,"T","F",7,3,"T","T","jackt101","gowdh101","T","T",3,4,4,8,2,2,9,1,1,"wilsj105","wilsj105","wilsj105",0,0,0,0,0,0,0,0,0,0,0,0,0,"ringj101","F","F","T","F",0,0,0,0,0,0,0,0,0,0,F,F,"1925PHI.EVN.regular.event.csv",2426
"PHI192507011","NY1",1,1,0,0,0,"",0,0,"burng101","?","burng101","?","bentj101","?","bentj101","?","gowdh101","terrb101","kellg101","frisf101","jackt101","meusi101","wilsh102","younr101","","","","D9/9DW","T","F",9,1,21,"T","T",2,"F","F",0,"F","F",0,"F","F",9,"","F","F","9DW",0,0,"N",0,"N",0,"N",2,0,0,0,"","","","","F","F","F","F","F","F","F","F","F","","","","F","F","F","F","F","","","","",0,0,0,0,0,0,0,0,0,7,"PHI","PHI","NY1",1,"T","F",0,0,0,0,0,"T","F",0,2,"T","T","fonsl101","wrigr102","T","T",0,0,0,0,0,0,0,0,0,"","","",0,0,0,0,0,0,0,0,0,0,0,0,0,"younr101","F","F","F","F",5,0,0,0,1,0,0,0,0,0,F,F,"1925PHI.EVN.regular.event.csv",2427
"PHI192507011","NY1",1,1,0,0,0,"",0,0,"fonsl101","?","fonsl101","?","bentj101","?","bentj101","?","gowdh101","terrb101","kellg101","frisf101","jackt101","meusi101","wilsh102","younr101","","burng101","","7/F","F","F",4,2,2,"T","T",0,"F","F",1,"F","F",0,"F","F",7,"F","F","F","",0,0,"N",0,"N",0,"N",0,0,2,0,"7","","","","F","F","F","F","F","F","F","F","F","","bentj101","","F","F","F","F","F","","","","",0,7,0,0,0,0,0,0,0,8,"PHI","PHI","NY1",1,"F","F",0,0,0,1,1,"T","F",2,2,"T","T","wrigr102","mokaj101","T","T",0,0,0,9,1,7,0,0,0,"","gowdh101","",0,0,0,0,0,0,0,0,0,0,0,0,0,"meusi101","F","F","F","F",0,0,5,0,1,0,0,0,0,0,F,F,"1925PHI.EVN.regular.event.csv",2428
"PHI192507011","NY1",1,1,1,0,0,"",0,0,"wrigr102","?","wrigr102","?","bentj101","?","bentj101","?","gowdh101","terrb101","kellg101","frisf101","jackt101","meusi101","wilsh102","younr101","","burng101","","CS3(2E5)","F","F",7,3,6,"F","F",0,"F","F",0,"F","F",0,"F","F",0,"","F","F","",1,5,"D",0,"N",0,"N",0,0,3,0,"","","2E5","","F","F","F","F","T","F","F","F","F","","bentj101","","F","F","F","F","F","","","","",0,0,0,0,2,0,0,0,0,9,"PHI","PHI","NY1",1,"F","F",0,0,0,2,2,"T","F",2,4,"T","T","mokaj101","wilsj105","T","T",0,0,0,9,1,7,0,0,0,"","gowdh101","",0,0,0,0,0,0,0,0,0,0,0,0,0,"","F","F","F","F",0,0,5,0,1,0,0,0,0,0,F,F,"1925PHI.EVN.regular.event.csv",2429
"PHI192507011","NY1",1,1,1,0,0,"",0,0,"wrigr102","?","wrigr102","?","bentj101","?","bentj101","?","gowdh101","terrb101","kellg101","frisf101","jackt101","meusi101","wilsh102","younr101","","","burng101","S9/9DW.3-H(UR)","F","F",7,3,20,"T","T",1,"F","F",0,"F","F",1,"F","F",9,"","F","F","9DW",0,0,"N",0,"N",0,"N",1,0,0,5,"","","","","F","F","F","F","F","F","F","F","F","","","bentj101","F","F","F","F","F","","","","",0,0,0,0,0,0,0,0,0,10,"PHI","PHI","NY1",1,"F","F",0,0,0,2,2,"F","F",4,1,"T","T","mokaj101","wilsj105","T","T",0,0,0,0,0,0,9,1,7,"","","gowdh101",0,0,0,0,0,0,0,0,0,0,0,0,1,"younr101","F","F","F","F",0,0,0,5,0,0,0,0,0,0,F,F,"1925PHI.EVN.regular.event.csv",2430
"PHI192507011","NY1",1,1,1,0,0,"",0,1,"mokaj101","?","mokaj101","?","bentj101","?","bentj101","?","gowdh101","terrb101","kellg101","frisf101","jackt101","meusi101","wilsh102","younr101","wrigr102","","","9/F","F","F",8,4,2,"T","T",0,"F","F",1,"F","F",0,"F","F",9,"F","F","F","",0,0,"N",0,"N",0,"N",0,1,0,0,"9","","","","F","F","F","F","F","F","F","F","F","bentj101","","","F","F","F","F","F","","","","",0,9,0,0,0,0,0,0,0,11,"PHI","PHI","NY1",1,"F","F",1,0,1,3,3,"T","F",1,1,"T","T","wilsj105","hawkc101","T","T",7,3,10,0,0,0,0,0,0,"gowdh101","","",0,0,0,0,0,0,0,0,0,0,0,0,0,"younr101","F","F","F","F",0,0,0,0,0,0,0,0,0,0,F,F,"1925PHI.EVN.regular.event.csv",2431
"PHI192507011","NY1",1,1,2,0,0,"",0,1,"wilsj105","?","wilsj105","?","bentj101","?","bentj101","?","gowdh101","terrb101","kellg101","frisf101","jackt101","meusi101","wilsh102","younr101","wrigr102","","","S8.1-3","F","F",2,5,20,"T","T",1,"F","F",0,"F","F",0,"F","F",8,"","F","F","",0,0,"N",0,"N",0,"N",1,3,0,0,"","","","","F","F","F","F","F","F","F","F","F","bentj101","","","F","F","F","F","F","","","","",0,0,0,0,0,0,0,0,0,12,"PHI","PHI","NY1",1,"F","F",1,0,1,4,4,"T","F",1,5,"T","T","hawkc101","fribb101","T","T",7,3,10,0,0,0,0,0,0,"gowdh101","","",0,0,0,0,0,0,0,0,0,0,0,0,0,"wilsh102","F","F","F","F",0,0,0,0,0,0,0,0,0,0,F,F,"1925PHI.EVN.regular.event.csv",2432
"PHI192507011","NY1",1,1,2,0,0,"",0,1,"hawkc101","?","hawkc101","?","bentj101","?","bentj101","?","gowdh101","terrb101","kellg101","frisf101","jackt101","meusi101","wilsh102","younr101","wilsj105","","wrigr102","SB2","F","F",3,6,4,"F","F",0,"F","F",0,"F","F",0,"F","F",0,"","F","F","",0,0,"N",0,"N",0,"N",0,2,0,3,"","","","","T","F","F","F","F","F","F","F","F","bentj101","","bentj101","F","F","F","F","F","","","","",0,0,0,0,0,0,0,0,0,13,"PHI","PHI","NY1",1,"F","F",1,0,1,5,5,"T","F",5,6,"T","T","fribb101","sandh101","T","T",2,5,12,0,0,0,7,3,10,"gowdh101","","gowdh101",0,0,0,0,0,0,0,0,0,0,0,0,0,"","F","F","F","F",0,0,0,0,0,0,0,0,0,0,F,F,"1925PHI.EVN.regular.event.csv",2433
"PHI192507011","NY1",1,1,2,0,0,"",0,1,"hawkc101","?","hawkc101","?","bentj101","?","bentj101","?","gowdh101","terrb101","kellg101","frisf101","jackt101","meusi101","wilsh102","younr101","","wilsj105","wrigr102","43","F","F",3,6,2,"T","T",0,"F","F",1,"F","F",0,"F","F",4,"G","F","F","",0,0,"N",0,"N",0,"N",0,0,2,3,"43","","","","F","F","F","F","F","F","F","F","F","","bentj101","bentj101","F","F","F","F","F","","","","",0,3,0,0,4,0,0,0,0,14,"PHI","PHI","NY1",1,"F","T",1,0,1,5,5,"F","F",6,6,"T","T","fribb101","sandh101","T","T",0,0,0,2,5,12,7,3,10,"","gowdh101","gowdh101",0,0,0,0,0,0,0,0,0,0,0,0,0,"kellg101","F","F","F","F",0,0,0,0,0,0,0,0,0,0,F,F,"1925PHI.EVN.regular.event.csv",2434
"PHI192507011","NY1",2,0,0,0,0,"",0,1,"jackt101","?","jackt101","?","ringj101","?","ringj101","?","wilsj105","hawkc101","fonsl101","fribb101","sandh101","wrigr102","mokaj101","burng101","","","","7/F","T","F",6,7,2,"T","T",0,"F","F",1,"F","F",0,"F","F",7,"F","F","F","",0,0,"N",0,"N",0,"N",0,0,0,0,"7","","","","F","F","F","F","F","F","F","F","F","","","","F","F","F","F","F","","","","",0,7,0,0,0,0,0,0,0,15,"PHI","NY1","PHI",0,"T","F",0,1,0,6,0,"T","F",0,0,"T","T","gowdh101","bentj101","T","T",0,0,0,0,0,0,0,0,0,"","","",0,0,0,0,0,0,0,0,0,0,0,0,0,"wrigr102","F","F","F","F",0,0,0,0,0,0,0,0,0,0,F,F,"1925PHI.EVN.regular.event.csv",2435
"PHI192507011","NY1",2,0,1,0,0,"",0,1,"gowdh101","?","gowdh101","?","ringj101","?","ringj101","?","wilsj105","hawkc101","fonsl101","fribb101","sandh101","wrigr102","mokaj101","burng101","","","","3/G","F","F",2,8,2,"T","T",0,"F","F",1,"F","F",0,"F","F",3,"G","F","F","",0,0,"N",0,"N",0,"N",0,0,0,0,"3","","","","F","F","F","F","F","F","F","F","F","","","","F","F","F","F","F","","","","",0,3,0,0,0,0,0,0,0,16,"PHI","NY1","PHI",0,"F","F",0,1,0,7,1,"T","F",0,0,"T","T","bentj101","younr101","T","T",0,0,0,0,0,0,0,0,0,"","","",0,0,0,0,0,0,0,0,0,0,0,0,0,"hawkc101","F","F","F","F",0,0,0,0,0,0,0,0,0,0,F,F,"1925PHI.EVN.regular.event.csv",2436
"PHI192507011","NY1",2,0,2,0,0,"",0,1,"bentj101","?","bentj101","?","ringj101","?","ringj101","?","wilsj105","hawkc101","fonsl101","fribb101","sandh101","wrigr102","mokaj101","burng101","","","","S9","F","F",1,9,20,"T","T",1,"F","F",0,"F","F",0,"F","F",9,"","F","F","",0,0,"N",0,"N",0,"N",1,0,0,0,"","","","","F","F","F","F","F","F","F","F","F","","","","F","F","F","F","F","","","","",0,0,0,0,0,0,0,0,0,17,"PHI","NY1","PHI",0,"F","F",0,1,0,8,2,"T","F",0,1,"T","T","younr101","wilsh102","T","T",0,0,0,0,0,0,0,0,0,"","","",0,0,0,0,0,0,0,0,0,0,0,0,0,"burng101","F","F","F","F",0,0,0,0,0,0,0,0,0,0,F,F,"1925PHI.EVN.regular.event.csv",2437
"PHI192507011","NY1",2,0,2,0,0,"",0,1,"younr101","?","younr101","?","ringj101","?","ringj101","?","wilsj105","hawkc101","fonsl101","fribb101","sandh101","wrigr102","mokaj101","burng101","bentj101","","","8/L","F","F",9,1,2,"T","T",0,"F","F",1,"F","F",0,"F","F",8,"L","F","F","",0,0,"N",0,"N",0,"N",0,1,0,0,"8","","","","F","F","F","F","F","F","F","F","F","ringj101","","","F","F","F","F","F","","","","",0,8,0,0,0,0,0,0,0,18,"PHI","NY1","PHI",0,"F","T",0,1,0,9,3,"T","F",1,1,"T","T","wilsh102","frisf101","T","T",1,9,17,0,0,0,0,0,0,"wilsj105","","",0,0,0,0,0,0,0,0,0,0,0,0,0,"mokaj101","F","F","F","F",0,0,0,0,0,0,0,0,0,0,F,F,"1925PHI.EVN.regular.event.csv",2438
"PHI192507011","NY1",2,1,0,0,0,"",0,1,"fribb101","?","fribb101","?","bentj101","?","bentj101","?","gowdh101","terrb101","kellg101","frisf101","jackt101","meusi101","wilsh102","younr101","","","","S8","T","F",5,7,20,"T","T",1,"F","F",0,"F","F",0,"F","F",8,"","F","F","",0,0,"N",0,"N",0,"N",1,0,0,0,"","","","","F","F","F","F","F","F","F","F","F","","","","F","F","F","F","F","","","","",0,0,0,0,0,0,0,0,0,19,"PHI","PHI","NY1",1,"T","F",1,0,0,6,0,"T","F",0,1,"T","T","sandh101","ringj101","T","T",0,0,0,0,0,0,0,0,0,"","","",0,0,0,0,0,0,0,0,0,0,0,0,0,"wilsh102","F","F","F","F",0,0,0,0,0,0,0,0,0,0,F,F,"1925PHI.EVN.regular.event.csv",2439
"PHI192507011","NY1",2,1,0,0,0,"",0,1,"sandh101","?","sandh101","?","bentj101","?","bentj101","?","gowdh101","terrb101","kellg101","frisf101","jackt101","meusi101","wilsh102","younr101","fribb101","","","CS2(26)","F","F",6,8,6,"F","F",0,"F","F",1,"F","F",0,"F","F",0,"","F","F","",0,0,"N",0,"N",0,"N",0,0,0,0,"","26","","","F","F","F","T","F","F","F","F","F","bentj101","","","F","F","F","F","F","","","","",0,6,0,0,2,0,0,0,0,20,"PHI","PHI","NY1",1,"F","F",1,0,0,7,1,"T","F",1,0,"T","T","ringj101","burng101","T","T",5,7,19,0,0,0,0,0,0,"gowdh101","","",0,0,0,0,0,0,0,0,0,0,0,0,0,"","F","F","F","F",0,0,0,0,0,0,0,0,0,0,F,F,"1925PHI.EVN.regular.event.csv",2440
"PHI192507011","NY1",2,1,1,0,0,"",0,1,"sandh101","?","sandh101","?","bentj101","?","bentj101","?","gowdh101","terrb101","kellg101","frisf101","jackt101","meusi101","wilsh102","younr101","","","","8/F","F","F",6,8,2,"T","T",0,"F","F",1,"F","F",0,"F","F",8,"F","F","F","",0,0,"N",0,"N",0,"N",0,0,0,0,"8","","","","F","F","F","F","F","F","F","F","F","","","","F","F","F","F","F","","","","",0,8,0,0,0,0,0,0,0,21,"PHI","PHI","NY1",1,"F","F",1,0,0,7,1,"F","F",0,0,"T","T","ringj101","burng101","T","T",0,0,0,0,0,0,0,0,0,"","","",0,0,0,0,0,0,0,0,0,0,0,0,0,"wilsh102","F","F","F","F",0,0,0,0,0,0,0,0,0,0,F,F,"1925PHI.EVN.regular.event.csv",2441
"PHI192507011","NY1",2,1,2,0,0,"",0,1,"ringj101","?","ringj101","?","bentj101","?","bentj101","?","gowdh101","terrb101","kellg101","frisf101","jackt101","meusi101","wilsh102","younr101","","","","53","F","F",1,9,2,"T","T",0,"F","F",1,"F","F",0,"F","F",5,"G","F","F","",0,0,"N",0,"N",0,"N",0,0,0,0,"53","","","","F","F","F","F","F","F","F","F","F","","","","F","F","F","F","F","","","","",0,3,0,0,5,0,0,0,0,22,"PHI","PHI","NY1",1,"F","T",1,0,0,8,2,"T","F",0,0,"T","T","burng101","fonsl101","T","T",0,0,0,0,0,0,0,0,0,"","","",0,0,0,0,0,0,0,0,0,0,0,0,0,"frisf101","F","F","F","F",0,0,0,0,0,0,0,0,0,0,F,F,"1925PHI.EVN.regular.event.csv",2442
"PHI192507011","NY1",3,0,0,0,0,"",0,1,"wilsh102","?","wilsh102","?","ringj101","?","ringj101","?","wilsj105","hawkc101","fonsl101","fribb101","sandh101","wrigr102","mokaj101","burng101","","","","9/F","T","F",8,2,2,"T","T",0,"F","F",1,"F","F",0,"F","F",9,"F","F","F","",0,0,"N",0,"N",0,"N",0,0,0,0,"9","","","","F","F","F","F","F","F","F","F","F","","","","F","F","F","F","F","","","","",0,9,0,0,0,0,0,0,0,23,"PHI","NY1","PHI",0,"T","F",0,1,0,10,0,"T","F",0,0,"T","T","frisf101","terrb101","T","T",0,0,0,0,0,0,0,0,0,"","","",0,0,0,0,0,0,0,0,0,0,0,0,0,"burng101","F","F","F","F",0,0,0,0,2,0,0,0,0,0,F,F,"1925PHI.EVN.regular.event.csv",2443
"PHI192507011","NY1",3,0,1,0,0,"",0,1,"frisf101","?","frisf101","?","ringj101","?","ringj101","?","wilsj105","hawkc101","fonsl101","fribb101","sandh101","wrigr102","mokaj101","burng101","","","","S6/G","F","F",5,3,20,"T","T",1,"F","F",0,"F","F",0,"F","F",6,"G","F","F","",0,0,"N",0,"N",0,"N",1,0,0,0,"","","","","F","F","F","F","F","F","F","F","F","","","","F","F","F","F","F","","","","",0,0,0,0,0,0,0,0,0,24,"PHI","NY1","PHI",0,"F","F",0,1,0,11,1,"T","F",0,1,"T","T","terrb101","kellg101","T","T",0,0,0,0,0,0,0,0,0,"","","",0,0,0,0,0,0,0,0,0,0,0,0,0,"sandh101","F","F","F","F",4,0,0,0,2,0,0,0,0,0,F,F,"1925PHI.EVN.regular.event.csv",2444
"PHI192507011","NY1",3,0,1,0,0,"",0,1,"terrb101","?","terrb101","?","ringj101","?","ringj101","?","wilsj105","hawkc101","fonsl101","fribb101","sandh101","wrigr102","mokaj101","burng101","frisf101","","","S7.1-3(E7);B-2","F","F",3,4,20,"T","T",1,"F","F",0,"F","F",0,"F","F",7,"","F","F","",1,7,"F",0,"N",0,"N",2,3,0,0,"","","","","F","F","F","F","F","F","F","F","F","ringj101","","","F","F","F","F","F","","","","",0,0,0,0,0,0,0,0,0,25,"PHI","NY1","PHI",0,"F","F",0,1,0,12,2,"T","F",1,6,"T","T","kellg101","meusi101","T","T",5,3,24,0,0,0,0,0,0,"wilsj105","","",0,0,0,0,0,0,0,0,0,0,0,0,0,"wrigr102","F","F","F","F",5,4,0,0,2,0,0,0,0,0,F,F,"1925PHI.EVN.regular.event.csv",2445
"PHI192507011","NY1",3,0,1,0,0,"",0,1,"kellg101","?","kellg101","?","ringj101","?","ringj101","?","wilsj105","hawkc101","fonsl101","fribb101","sandh101","wrigr102","mokaj101","burng101","","terrb101","frisf101","D8/L8S.3-H;2-H(UR)","F","F",4,5,21,"T","T",2,"F","F",0,"F","F",2,"F","F",8,"L","F","F","8S",0,0,"N",0,"N",0,"N",2,0,5,4,"","","","","F","F","F","F","F","F","F","F","F","","ringj101","ringj101","F","F","F","F","F","","","","",0,0,0,0,0,0,0,0,0,26,"PHI","NY1","PHI",0,"F","F",0,1,0,13,3,"T","F",6,2,"T","T","meusi101","jackt101","T","T",0,0,0,3,4,25,5,3,24,"","wilsj105","wilsj105",0,0,0,0,0,0,0,0,0,0,0,0,2,"mokaj101","F","F","F","F",0,0,5,4,0,0,0,0,0,0,F,F,"1925PHI.EVN.regular.event.csv",2446
"PHI192507011","NY1",3,0,1,0,0,"",2,1,"meusi101","?","meusi101","?","ringj101","?","ringj101","?","wilsj105","hawkc101","fonsl101","fribb101","sandh101","wrigr102","mokaj101","burng101","","kellg101","","13","F","F",7,6,2,"T","T",0,"F","F",1,"F","F",0,"F","F",1,"G","F","F","",0,0,"N",0,"N",0,"N",0,0,2,0,"13","","","","F","F","F","F","F","F","F","F","F","","ringj101","","F","F","F","F","F","","","","",0,3,0,0,1,0,0,0,0,27,"PHI","NY1","PHI",0,"F","F",2,1,2,14,4,"T","F",2,2,"T","T","jackt101","gowdh101","T","T",0,0,0,4,5,26,0,0,0,"","wilsj105","",0,0,0,0,0,0,0,0,0,0,0,0,0,"ringj101","F","F","F","F",0,0,0,0,0,0,0,0,0,0,F,F,"1925PHI.EVN.regular.event.csv",2447
"PHI192507011","NY1",3,0,2,0,0,"",2,1,"jackt101","?","jackt101","?","ringj101","?","ringj101","?","wilsj105","hawkc101","fonsl101","fribb101","sandh101","wrigr102","mokaj101","burng101","","kellg101","","63","F","F",6,7,2,"T","T",0,"F","F",1,"F","F",0,"F","F",6,"G","F","F","",0,0,"N",0,"N",0,"N",0,0,2,0,"63","","","","F","F","F","F","F","F","F","F","F","","ringj101","","F","F","F","F","F","","","","",0,3,0,0,6,0,0,0,0,28,"PHI","NY1","PHI",0,"F","T",2,1,2,15,5,"T","F",2,2,"T","T","gowdh101","bentj101","T","T",0,0,0,4,5,26,0,0,0,"","wilsj105","",0,0,0,0,0,0,0,0,0,0,0,0,0,"sandh101","F","F","F","F",0,0,0,0,0,0,0,0,0,0,F,F,"1925PHI.EVN.regular.event.csv",2448
"PHI192507011","NY1",3,1,0,0,0,"",2,1,"burng101","?","burng101","?","bentj101","?","bentj101","?","gowdh101","terrb101","kellg101","frisf101","jackt101","meusi101","wilsh102","younr101","","","","W","T","F",9,1,14,"T","F",0,"F","F",0,"F","F",0,"F","F",0,"","F","F","",0,0,"N",0,"N",0,"N",1,0,0,0,"","","","","F","F","F","F","F","F","F","F","F","","","","F","F","F","F","F","","","","",0,0,0,0,0,0,0,0,0,29,"PHI","PHI","NY1",1,"T","F",1,2,0,9,0,"T","F",0,1,"T","T","fonsl101","wrigr102","T","T",0,0,0,0,0,0,0,0,0,"","","",0,0,0,0,0,0,0,0,0,0,0,0,0,"","F","F","F","F",0,0,0,0,0,0,0,0,0,0,F,F,"1925PHI.EVN.regular.event.csv",2449
"PHI192507011","NY1",3,1,0,0,0,"",2,1,"fonsl101","?","fonsl101","?","bentj101","?","bentj101","?","gowdh101","terrb101","kellg101","frisf101","jackt101","meusi101","wilsh102","younr101","burng101","","","54(1)/FO","F","F",4,2,2,"T","T",0,"F","F",1,"F","F",0,"F","F",5,"G","F","F","",0,0,"N",0,"N",0,"N",1,0,0,0,"","54","","","F","F","F","F","F","F","F","F","F","bentj101","","","F","F","F","F","F","","","","",0,4,0,0,5,0,0,0,0,30,"PHI","PHI","NY1",1,"F","F",1,2,0,10,1,"T","F",1,1,"T","T","wrigr102","mokaj101","T","T",9,1,29,0,0,0,0,0,0,"gowdh101","","",0,0,0,0,0,0,0,0,0,0,0,0,0,"frisf101","T","F","F","F",0,0,0,0,0,0,0,0,0,0,F,F,"1925PHI.EVN.regular.event.csv",2450
"PHI192507011","NY1",3,1,1,0,0,"",2,1,"wrigr102","?","wrigr102","?","bentj101","?","bentj101","?","gowdh101","terrb101","kellg101","frisf101","jackt101","meusi101","wilsh102","younr101","fonsl101","","","K","F","F",7,3,3,"T","T",0,"F","F",1,"F","F",0,"F","F",0,"","F","F","",0,0,"N",0,"N",0,"N",0,1,0,0,"2","","","","F","F","F","F","F","F","F","F","F","bentj101","","","F","F","F","F","F","","","","",0,2,0,0,0,0,0,0,0,31,"PHI","PHI","NY1",1,"F","F",1,2,0,11,2,"T","F",1,1,"T","T","mokaj101","wilsj105","T","T",4,2,30,0,0,0,0,0,0,"gowdh101","","",0,0,0,0,0,0,0,0,0,0,0,0,0,"","F","F","F","F",0,0,0,0,0,0,0,0,0,0,F,F,"1925PHI.EVN.regular.event.csv",2451
"PHI192507011","NY1",3,1,2,0,0,"",2,1,"mokaj101","?","mokaj101","?","bentj101","?","bentj101","?","gowdh101","terrb101","kellg101","frisf101","jackt101","meusi101","wilsh102","younr101","fonsl101","","","CS2(24)","F","F",8,4,6,"F","F",0,"F","F",1,"F","F",0,"F","F",0,"","F","F","",0,0,"N",0,"N",0,"N",0,0,0,0,"","24","","","F","F","F","T","F","F","F","F","F","bentj101","","","F","F","F","F","F","","","","",0,4,0,0,2,0,0,0,0,32,"PHI","PHI","NY1",1,"F","T",1,2,0,12,3,"T","T",1,0,"T","T","wilsj105","hawkc101","T","T",4,2,30,0,0,0,0,0,0,"gowdh101","","",0,0,0,0,0,0,0,0,0,0,0,0,0,"","F","F","F","F",0,0,0,0,0,0,0,0,0,0,F,F,"1925PHI.EVN.regular.event.csv",2452
"PHI192507011","NY1",4,0,0,0,0,"",2,1,"gowdh101","?","gowdh101","?","ringj101","?","ringj101","?","wilsj105","hawkc101","fonsl101","fribb101","sandh101","wrigr102","mokaj101","burng101","","","","8/F","T","F",2,8,2,"T","T",0,"F","F",1,"F","F",0,"F","F",8,"F","F","F","",0,0,"N",0,"N",0,"N",0,0,0,0,"8","","","","F","F","F","F","F","F","F","F","F","","","","F","F","F","F","F","","","","",0,8,0,0,0,0,0,0,0,33,"PHI","NY1","PHI",0,"T","F",2,1,0,16,0,"T","F",0,0,"T","T","bentj101","younr101","T","T",0,0,0,0,0,0,0,0,0,"","","",0,0,0,0,0,0,0,0,0,0,0,0,0,"mokaj101","F","F","F","F",0,0,0,0,2,0,0,0,0,0,F,F,"1925PHI.EVN.regular.event.csv",2453
"PHI192507011","NY1",4,0,1,0,0,"",2,1,"bentj101","?","bentj101","?","ringj101","?","ringj101","?","wilsj105","hawkc101","fonsl101","fribb101","sandh101","wrigr102","mokaj101","burng101","","","","3E1","F","F",1,9,2,"T","T",0,"F","F",0,"F","F",0,"F","F",3,"G","F","F","",1,1,"D",0,"N",0,"N",1,0,0,0,"3E1","","","","F","F","F","F","F","F","F","F","F","","","","F","F","F","F","F","","","","",0,0,0,0,3,0,0,0,0,34,"PHI","NY1","PHI",0,"F","F",2,1,0,17,1,"T","F",0,1,"T","T","younr101","wilsh102","T","T",0,0,0,0,0,0,0,0,0,"","","",0,0,0,0,0,0,0,0,0,0,0,0,0,"hawkc101","F","F","F","T",5,0,0,0,2,0,0,0,0,0,F,F,"1925PHI.EVN.regular.event.csv",2454
"PHI192507011","NY1",4,0,1,0,0,"",2,1,"younr101","?","younr101","?","ringj101","?","ringj101","?","wilsj105","hawkc101","fonsl101","fribb101","sandh101","wrigr102","mokaj101","burng101","bentj101","","","4/P","F","F",9,1,2,"T","T",0,"F","F",1,"F","F",0,"F","F",4,"P","F","F","",0,0,"N",0,"N",0,"N",0,1,0,0,"4","","","","F","F","F","F","F","F","F","F","F","ringj101","","","F","F","F","F","F","","","","",0,4,0,0,0,0,0,0,0,35,"PHI","NY1","PHI",0,"F","F",2,1,0,18,2,"T","F",1,1,"T","T","wilsh102","frisf101","T","T",1,9,34,0,0,0,0,0,0,"wilsj105","","",0,0,0,0,0,0,0,0,0,0,0,0,0,"fonsl101","F","F","F","F",0,5,0,0,2,0,0,0,0,0,F,F,"1925PHI.EVN.regular.event.csv",2455
"PHI192507011","NY1",4,0,2,0,0,"",2,1,"wilsh102","?","wilsh102","?","ringj101","?","ringj101","?","wilsj105","hawkc101","fonsl101","fribb101","sandh101","wrigr102","mokaj101","burng101","bentj101","","","HP.1-2","F","F",8,2,16,"T","F",0,"F","F",0,"F","F",0,"F","F",0,"","F","F","",0,0,"N",0,"N",0,"N",1,2,0,0,"","","","","F","F","F","F","F","F","F","F","F","ringj101","","","F","F","F","F","F","","","","",0,0,0,0,0,0,0,0,0,36,"PHI","NY1","PHI",0,"F","F",2,1,0,19,3,"T","F",1,3,"T","T","frisf101","terrb101","T","T",1,9,34,0,0,0,0,0,0,"wilsj105","","",0,0,0,0,0,0,0,0,0,0,0,0,0,"","F","F","F","F",5,5,0,0,2,0,0,0,0,0,F,F,"1925PHI.EVN.regular.event.csv",2456
"PHI192507011","NY1",4,0,2,0,0,"X",2,1,"frisf101","?","frisf101","?","ringj101","?","ringj101","?","wilsj105","hawkc101","fonsl101","fribb101","sandh101","wrigr102","mokaj101","burng101","wilsh102","bentj101","","D8/78XD.2-H(UR);1-H(UR)","F","F",5,3,21,"T","T",2,"F","F",0,"F","F",2,"F","F",8,"","F","F","78XD",0,0,"N",0,"N",0,"N",2,5,5,0,"","","","","F","F","F","F","F","F","F","F","F","ringj101","ringj101","","F","F","F","F","F","","","","",0,0,0,0,0,0,0,0,0,37,"PHI","NY1","PHI",0,"F","F",2,1,0,20,4,"T","F",3,2,"T","T","terrb101","kellg101","T","T",8,2,36,1,9,34,0,0,0,"wilsj105","wilsj105","",0,0,0,0,0,0,1,0,0,0,1,0,2,"mokaj101","F","F","F","F",0,5,5,0,0,0,0,0,0,0,F,F,"1925PHI.EVN.regular.event.csv",2457
"PHI192507011","NY1",4,0,2,0,0,"",4,1,"terrb101","?","terrb101","?","ringj101","?","ringj101","?","wilsj105","hawkc101","fonsl101","fribb101","sandh101","wrigr102","mokaj101","burng101","","frisf101","","31","F","F",3,4,2,"T","T",0,"F","F",1,"F","F",0,"F","F",3,"G","F","F","",0,0,"N",0,"N",0,"N",0,0,2,0,"31","","","","F","F","F","F","F","F","F","F","F","","ringj101","","F","F","F","F","F","","","","",0,1,0,0,3,0,0,0,0,38,"PHI","NY1","PHI",0,"F","T",4,1,2,21,5,"T","F",2,2,"T","T","kellg101","meusi101","T","T",0,0,0,5,3,37,0,0,0,"","wilsj105","",0,0,0,0,0,0,0,0,0,0,0,0,0,"hawkc101","F","F","F","F",0,0,0,0,0,0,0,0,0,0,F,F,"1925PHI.EVN.regular.event.csv",2458
"PHI192507011","NY1",4,1,0,0,0,"",4,1,"mokaj101","?","mokaj101","?","bentj101","?","bentj101","?","gowdh101","terrb101","kellg101","frisf101","jackt101","meusi101","wilsh102","younr101","","","","S9","T","F",8,4,20,"T","T",1,"F","F",0,"F","F",0,"F","F",9,"","F","F","",0,0,"N",0,"N",0,"N",1,0,0,0,"","","","","F","F","F","F","F","F","F","F","F","","","","F","F","F","F","F","","","","",0,0,0,0,0,0,0,0,0,39,"PHI","PHI","NY1",1,"T","F",1,4,0,12,0,"T","F",0,1,"T","T","wilsj105","hawkc101","T","T",0,0,0,0,0,0,0,0,0,"","","",0,0,0,0,0,0,0,0,0,0,0,0,0,"younr101","F","F","F","F",0,0,0,0,0,0,0,0,0,0,F,F,"1925PHI.EVN.regular.event.csv",2459
"PHI192507011","NY1",4,1,0,0,0,"",4,1,"wilsj105","?","wilsj105","?","bentj101","?","bentj101","?","gowdh101","terrb101","kellg101","frisf101","jackt101","meusi101","wilsh102","younr101","mokaj101","","","S9.1-2","F","F",2,5,20,"T","T",1,"F","F",0,"F","F",0,"F","F",9,"","F","F","",0,0,"N",0,"N",0,"N",1,2,0,0,"","","","","F","F","F","F","F","F","F","F","F","bentj101","","","F","F","F","F","F","","","","",0,0,0,0,0,0,0,0,0,40,"PHI","PHI","NY1",1,"F","F",1,4,0,13,1,"T","F",1,3,"T","T","hawkc101","fribb101","T","T",8,4,39,0,0,0,0,0,0,"gowdh101","","",0,0,0,0,0,0,0,0,0,0,0,0,0,"younr101","F","F","F","F",0,0,0,0,0,0,0,0,0,0,F,F,"1925PHI.EVN.regular.event.csv",2460
"PHI192507011","NY1",4,1,0,0,0,"",4,1,"hawkc101","?","hawkc101","?","bentj101","?","bentj101","?","gowdh101","terrb101","kellg101","frisf101","jackt101","meusi101","wilsh102","younr101","wilsj105","mokaj101","","9/F","F","F",3,6,2,"T","T",0,"F","F",1,"F","F",0,"F","F",9,"F","F","F","",0,0,"N",0,"N",0,"N",0,1,2,0,"9","","","","F","F","F","F","F","F","F","F","F","bentj101","bentj101","","F","F","F","F","F","","","","",0,9,0,0,0,0,0,0,0,41,"PHI","PHI","NY1",1,"F","F",1,4,0,14,2,"T","F",3,3,"T","T","fribb101","sandh101","T","T",2,5,40,8,4,39,0,0,0,"gowdh101","gowdh101","",0,0,0,0,0,0,0,0,0,0,0,0,0,"younr101","F","F","F","F",0,0,0,0,0,0,0,0,0,0,F,F,"1925PHI.EVN.regular.event.csv",2461
"PHI192507011","NY1",4,1,1,0,0,"",4,1,"fribb101","?","fribb101","?","bentj101","?","bentj101","?","gowdh101","terrb101","kellg101","frisf101","jackt101","meusi101","wilsh102","younr101","wilsj105","mokaj101","","9/F","F","F",5,7,2,"T","T",0,"F","F",1,"F","F",0,"F","F",9,"F","F","F","",0,0,"N",0,"N",0,"N",0,1,2,0,"9","","","","F","F","F","F","F","F","F","F","F","bentj101","bentj101","","F","F","F","F","F","","","","",0,9,0,0,0,0,0,0,0,42,"PHI","PHI","NY1",1,"F","F",1,4,0,15,3,"T","F",3,3,"T","T","sandh101","ringj101","T","T",2,5,40,8,4,39,0,0,0,"gowdh101","gowdh101","",0,0,0,0,0,0,0,0,0,0,0,0,0,"younr101","F","F","F","F",0,0,0,0,0,0,0,0,0,0,F,F,"1925PHI.EVN.regular.event.csv",2462
"PHI192507011","NY1",4,1,2,0,0,"",4,1,"sandh101","?","sandh101","?","bentj101","?","bentj101","?","gowdh101","terrb101","kellg101","frisf101","jackt101","meusi101","wilsh102","younr101","wilsj105","mokaj101","","46(1)/FO","F","F",6,8,2,"T","T",0,"F","F",1,"F","F",0,"F","F",4,"G","F","F","",0,0,"N",0,"N",0,"N",1,0,2,0,"","46","","","F","F","F","F","F","F","F","F","F","bentj101","bentj101","","F","F","F","F","F","","","","",0,6,0,0,4,0,0,0,0,43,"PHI","PHI","NY1",1,"F","T",1,4,0,16,4,"T","F",3,3,"T","T","ringj101","burng101","T","T",2,5,40,8,4,39,0,0,0,"gowdh101","gowdh101","",0,0,0,0,0,0,0,0,0,0,0,0,0,"kellg101","T","F","F","F",0,0,0,0,0,0,0,0,0,0,F,F,"1925PHI.EVN.regular.event.csv",2463
"PHI192507011","NY1",5,0,0,0,0,"",4,1,"kellg101","?","kellg101","?","ringj101","?","ringj101","?","wilsj105","hawkc101","fonsl101","fribb101","sandh101","wrigr102","mokaj101","burng101","","","","K","T","F",4,5,3,"T","T",0,"F","F",1,"F","F",0,"F","F",0,"","F","F","",0,0,"N",0,"N",0,"N",0,0,0,0,"2","","","","F","F","F","F","F","F","F","F","F","","","","F","F","F","F","F","","","","",0,2,0,0,0,0,0,0,0,44,"PHI","NY1","PHI",0,"T","F",4,1,0,22,0,"T","F",0,0,"T","T","meusi101","jackt101","T","T",0,0,0,0,0,0,0,0,0,"","","",0,0,0,0,0,0,0,0,0,0,0,0,0,"","F","F","F","F",0,0,0,0,0,0,0,0,0,0,F,F,"1925PHI.EVN.regular.event.csv",2464
"PHI192507011","NY1",5,0,1,0,0,"",4,1,"meusi101","?","meusi101","?","ringj101","?","ringj101","?","wilsj105","hawkc101","fonsl101","fribb101","sandh101","wrigr102","mokaj101","burng101","","","","S4/G","F","F",7,6,20,"T","T",1,"F","F",0,"F","F",0,"F","F",4,"G","F","F","",0,0,"N",0,"N",0,"N",1,0,0,0,"","","","","F","F","F","F","F","F","F","F","F","","","","F","F","F","F","F","","","","",0,0,0,0,0,0,0,0,0,45,"PHI","NY1","PHI",0,"F","F",4,1,0,23,1,"T","F",0,1,"T","T","jackt101","gowdh101","T","T",0,0,0,0,0,0,0,0,0,"","","",0,0,0,0,0,0,0,0,0,0,0,0,0,"fonsl101","F","F","F","F",0,0,0,0,0,0,0,0,0,0,F,F,"1925PHI.EVN.regular.event.csv",2465
"PHI192507011","NY1",5,0,1,0,0,"",4,1,"jackt101","?","jackt101","?","ringj101","?","ringj101","?","wilsj105","hawkc101","fonsl101","fribb101","sandh101","wrigr102","mokaj101","burng101","meusi101","","","9/F","F","F",6,7,2,"T","T",0,"F","F",1,"F","F",0,"F","F",9,"F","F","F","",0,0,"N",0,"N",0,"N",0,1,0,0,"9","","","","F","F","F","F","F","F","F","F","F","ringj101","","","F","F","F","F","F","","","","",0,9,0,0,0,0,0,0,0,46,"PHI","NY1","PHI",0,"F","F",4,1,0,24,2,"T","F",1,1,"T","T","gowdh101","bentj101","T","T",7,6,45,0,0,0,0,0,0,"wilsj105","","",0,0,0,0,0,0,0,0,0,0,0,0,0,"burng101","F","F","F","F",0,0,0,0,0,0,0,0,0,0,F,F,"1925PHI.EVN.regular.event.csv",2466
"PHI192507011","NY1",5,0,2,0,0,"",4,1,"gowdh101","?","gowdh101","?","ringj101","?","ringj101","?","wilsj105","hawkc101","fonsl101","fribb101","sandh101","wrigr102","mokaj101","burng101","meusi101","","","9/F","F","F",2,8,2,"T","T",0,"F","F",1,"F","F",0,"F","F",9,"F","F","F","",0,0,"N",0,"N",0,"N",0,1,0,0,"9","","","","F","F","F","F","F","F","F","F","F","ringj101","","","F","F","F","F","F","","","","",0,9,0,0,0,0,0,0,0,47,"PHI","NY1","PHI",0,"F","T",4,1,0,25,3,"T","F",1,1,"T","T","bentj101","younr101","T","T",7,6,45,0,0,0,0,0,0,"wilsj105","","",0,0,0,0,0,0,0,0,0,0,0,0,0,"burng101","F","F","F","F",0,0,0,0,0,0,0,0,0,0,F,F,"1925PHI.EVN.regular.event.csv",2467
"PHI192507011","NY1",5,1,0,0,0,"",4,1,"ringj101","?","ringj101","?","bentj101","?","bentj101","?","gowdh101","terrb101","kellg101","frisf101","jackt101","meusi101","wilsh102","younr101","","","","K","T","F",1,9,3,"T","T",0,"F","F",1,"F","F",0,"F","F",0,"","F","F","",0,0,"N",0,"N",0,"N",0,0,0,0,"2","","","","F","F","F","F","F","F","F","F","F","","","","F","F","F","F","F","","","","",0,2,0,0,0,0,0,0,0,48,"PHI","PHI","NY1",1,"T","F",1,4,0,17,0,"T","F",0,0,"T","T","burng101","fonsl101","T","T",0,0,0,0,0,0,0,0,0,"","","",0,0,0,0,0,0,0,0,0,0,0,0,0,"","F","F","F","F",0,0,0,0,0,0,0,0,0,0,F,F,"1925PHI.EVN.regular.event.csv",2468
"PHI192507011","NY1",5,1,1,0,0,"",4,1,"burng101","?","burng101","?","bentj101","?","bentj101","?","gowdh101","terrb101","kellg101","frisf101","jackt101","meusi101","wilsh102","younr101","","","","13","F","F",9,1,2,"T","T",0,"F","F",1,"F","F",0,"F","F",1,"G","F","F","",0,0,"N",0,"N",0,"N",0,0,0,0,"13","","","","F","F","F","F","F","F","F","F","F","","","","F","F","F","F","F","","","","",0,3,0,0,1,0,0,0,0,49,"PHI","PHI","NY1",1,"F","F",1,4,0,18,1,"T","F",0,0,"T","T","fonsl101","wrigr102","T","T",0,0,0,0,0,0,0,0,0,"","","",0,0,0,0,0,0,0,0,0,0,0,0,0,"bentj101","F","F","F","F",0,0,0,0,0,0,0,0,0,0,F,F,"1925PHI.EVN.regular.event.csv",2469
"PHI192507011","NY1",5,1,2,0,0,"",4,1,"fonsl101","?","fonsl101","?","bentj101","?","bentj101","?","gowdh101","terrb101","kellg101","frisf101","jackt101","meusi101","wilsh102","younr101","","","","63","F","F",4,2,2,"T","T",0,"F","F",1,"F","F",0,"F","F",6,"G","F","F","",0,0,"N",0,"N",0,"N",0,0,0,0,"63","","","","F","F","F","F","F","F","F","F","F","","","","F","F","F","F","F","","","","",0,3,0,0,6,0,0,0,0,50,"PHI","PHI","NY1",1,"F","T",1,4,0,19,2,"T","F",0,0,"T","T","wrigr102","mokaj101","T","T",0,0,0,0,0,0,0,0,0,"","","",0,0,0,0,0,0,0,0,0,0,0,0,0,"jackt101","F","F","F","F",0,0,0,0,0,0,0,0,0,0,F,F,"1925PHI.EVN.regular.event.csv",2470
"PHI192507011","NY1",6,0,0,0,0,"",4,1,"bentj101","?","bentj101","?","ringj101","?","ringj101","?","wilsj105","hawkc101","fonsl101","fribb101","sandh101","wrigr102","mokaj101","burng101","","","","8/F","T","F",1,9,2,"T","T",0,"F","F",1,"F","F",0,"F","F",8,"F","F","F","",0,0,"N",0,"N",0,"N",0,0,0,0,"8","","","","F","F","F","F","F","F","F","F","F","","","","F","F","F","F","F","","","","",0,8,0,0,0,0,0,0,0,51,"PHI","NY1","PHI",0,"T","F",4,1,0,26,0,"T","F",0,0,"T","T","younr101","wilsh102","T","T",0,0,0,0,0,0,0,0,0,"","","",0,0,0,0,0,0,0,0,0,0,0,0,0,"mokaj101","F","F","F","F",0,0,0,0,0,0,0,0,0,0,F,F,"1925PHI.EVN.regular.event.csv",2471
"PHI192507011","NY1",6,0,1,0,0,"",4,1,"younr101","?","younr101","?","ringj101","?","ringj101","?","wilsj105","hawkc101","fonsl101","fribb101","sandh101","wrigr102","mokaj101","burng101","","","","S8/G46","F","F",9,1,20,"T","T",1,"F","F",0,"F","F",0,"F","F",8,"G","F","F","46",0,0,"N",0,"N",0,"N",1,0,0,0,"","","","","F","F","F","F","F","F","F","F","F","","","","F","F","F","F","F","","","","",0,0,0,0,0,0,0,0,0,52,"PHI","NY1","PHI",0,"F","F",4,1,0,27,1,"T","F",0,1,"T","T","wilsh102","frisf101","T","T",0,0,0,0,0,0,0,0,0,"","","",0,0,0,0,0,0,0,0,0,0,0,0,0,"mokaj101","F","F","F","F",0,0,0,0,0,0,0,0,0,0,F,F,"1925PHI.EVN.regular.event.csv",2472
"PHI192507011","NY1",6,0,1,0,0,"",4,1,"wilsh102","?","wilsh102","?","ringj101","?","ringj101","?","wilsj105","hawkc101","fonsl101","fribb101","sandh101","wrigr102","mokaj101","burng101","younr101","","","W.1-2","F","F",8,2,14,"T","F",0,"F","F",0,"F","F",0,"F","F",0,"","F","F","",0,0,"N",0,"N",0,"N",1,2,0,0,"","","","","F","F","F","F","F","F","F","F","F","ringj101","","","F","F","F","F","F","","","","",0,0,0,0,0,0,0,0,0,53,"PHI","NY1","PHI",0,"F","F",4,1,0,28,2,"T","F",1,3,"T","T","frisf101","terrb101","T","T",9,1,52,0,0,0,0,0,0,"wilsj105","","",0,0,0,0,0,0,0,0,0,0,0,0,0,"","F","F","F","F",0,0,0,0,0,0,0,0,0,0,F,F,"1925PHI.EVN.regular.event.csv",2473
"PHI192507011","NY1",6,0,1,0,0,"",4,1,"frisf101","?","frisf101","?","ringj101","?","ringj101","?","wilsj105","hawkc101","fonsl101","fribb101","sandh101","wrigr102","mokaj101","burng101","wilsh102","younr101","","54(1)/FO.2-3","F","F",5,3,2,"T","T",0,"F","F",1,"F","F",0,"F","F",5,"G","F","F","",0,0,"N",0,"N",0,"N",1,0,3,0,"","54","","","F","F","F","F","F","F","F","F","F","ringj101","ringj101","","F","F","F","F","F","","","","",0,4,0,0,5,0,0,0,0,54,"PHI","NY1","PHI",0,"F","F",4,1,0,29,3,"T","F",3,5,"T","T","terrb101","kellg101","T","T",8,2,53,9,1,52,0,0,0,"wilsj105","wilsj105","",0,0,0,0,0,0,0,0,0,0,0,0,0,"fribb101","T","F","F","F",0,0,0,0,0,0,0,0,0,0,F,F,"1925PHI.EVN.regular.event.csv",2474
"PHI192507011","NY1",6,0,2,0,0,"",4,1,"terrb101","?","terrb101","?","ringj101","?","ringj101","?","wilsj105","hawkc101","fonsl101","fribb101","sandh101","wrigr102","mokaj101","burng101","frisf101","","younr101","46(1)/FO","F","F",3,4,2,"T","T",0,"F","F",1,"F","F",0,"F","F",4,"G","F","F","",0,0,"N",0,"N",0,"N",1,0,0,3,"","46","","","F","F","F","F","F","F","F","F","F","ringj101","","ringj101","F","F","F","F","F","","","","",0,6,0,0,4,0,0,0,0,55,"PHI","NY1","PHI",0,"F","T",4,1,0,30,4,"T","F",5,5,"T","T","kellg101","meusi101","T","T",5,3,54,0,0,0,9,1,52,"wilsj105","","wilsj105",0,0,0,0,0,0,0,0,0,0,0,0,0,"fonsl101","T","F","F","F",0,0,0,0,0,0,0,0,0,0,F,F,"1925PHI.EVN.regular.event.csv",2475
"PHI192507011","NY1",6,1,0,0,0,"",4,1,"wrigr102","?","wrigr102","?","bentj101","?","bentj101","?","gowdh101","terrb101","kellg101","frisf101","jackt101","meusi101","wilsh102","younr101","","","","43","T","F",7,3,2,"T","T",0,"F","F",1,"F","F",0,"F","F",4,"G","F","F","",0,0,"N",0,"N",0,"N",0,0,0,0,"43","","","","F","F","F","F","F","F","F","F","F","","","","F","F","F","F","F","","","","",0,3,0,0,4,0,0,0,0,56,"PHI","PHI","NY1",1,"T","F",1,4,0,20,0,"T","F",0,0,"T","T","mokaj101","wilsj105","T","T",0,0,0,0,0,0,0,0,0,"","","",0,0,0,0,0,0,0,0,0,0,0,0,0,"kellg101","F","F","F","F",0,0,0,0,0,0,0,0,0,0,F,F,"1925PHI.EVN.regular.event.csv",2476
"PHI192507011","NY1",6,1,1,0,0,"",4,1,"mokaj101","?","mokaj101","?","bentj101","?","bentj101","?","gowdh101","terrb101","kellg101","frisf101","jackt101","meusi101","wilsh102","younr101","","","","S8/8S","F","F",8,4,20,"T","T",1,"F","F",0,"F","F",0,"F","F",8,"","F","F","8S",0,0,"N",0,"N",0,"N",1,0,0,0,"","","","","F","F","F","F","F","F","F","F","F","","","","F","F","F","F","F","","","","",0,0,0,0,0,0,0,0,0,57,"PHI","PHI","NY1",1,"F","F",1,4,0,21,1,"T","F",0,1,"T","T","wilsj105","hawkc101","T","T",0,0,0,0,0,0,0,0,0,"","","",0,0,0,0,0,0,0,0,0,0,0,0,0,"wilsh102","F","F","F","F",0,0,0,0,0,0,0,0,0,0,F,F,"1925PHI.EVN.regular.event.csv",2477
"PHI192507011","NY1",6,1,1,0,0,"",4,1,"wilsj105","?","wilsj105","?","bentj101","?","bentj101","?","gowdh101","terrb101","kellg101","frisf101","jackt101","meusi101","wilsh102","younr101","mokaj101","","","64(1)3/GDP/G+","F","F",2,5,2,"T","T",0,"F","F",2,"T","F",0,"F","F",6,"G","F","F","",0,0,"N",0,"N",0,"N",0,0,0,0,"43","64","","","F","F","F","F","F","F","F","F","F","bentj101","","","F","F","F","F","F","","","","",0,4,3,0,6,4,0,0,0,58,"PHI","PHI","NY1",1,"F","T",1,4,0,22,2,"T","F",1,0,"T","T","hawkc101","fribb101","T","T",8,4,57,0,0,0,0,0,0,"gowdh101","","",0,0,0,0,0,0,0,0,0,0,0,0,0,"jackt101","T","F","F","F",0,0,0,0,0,0,0,0,0,0,F,F,"1925PHI.EVN.regular.event.csv",2478
"PHI192507011","NY1",7,0,0,0,0,"",4,1,"kellg101","?","kellg101","?","ringj101","?","ringj101","?","wilsj105","hawkc101","fonsl101","fribb101","sandh101","wrigr102","mokaj101","burng101","","","","K23","T","F",4,5,3,"T","T",0,"F","F",1,"F","F",0,"F","F",0,"","F","F","",0,0,"N",0,"N",0,"N",0,0,0,0,"23","","","","F","F","F","F","F","F","F","F","F","","","","F","F","F","F","F","","","","",0,3,0,0,2,0,0,0,0,59,"PHI","NY1","PHI",0,"T","F",4,1,0,31,0,"T","F",0,0,"T","T","meusi101","jackt101","T","T",0,0,0,0,0,0,0,0,0,"","","",0,0,0,0,0,0,0,0,0,0,0,0,0,"","F","F","F","F",0,0,0,0,2,0,0,0,0,0,F,F,"1925PHI.EVN.regular.event.csv",2479
"PHI192507011","NY1",7,0,1,0,0,"",4,1,"meusi101","?","meusi101","?","ringj101","?","ringj101","?","wilsj105","hawkc101","fonsl101","fribb101","sandh101","wrigr102","mokaj101","burng101","","","","HR/F89XD","F","F",7,6,23,"T","T",4,"F","F",0,"F","F",1,"F","F",0,"F","F","F","89XD",0,0,"N",0,"N",0,"N",4,0,0,0,"","","","","F","F","F","F","F","F","F","F","F","","","","F","F","F","F","F","","","","",0,0,0,0,0,0,0,0,0,60,"PHI","NY1","PHI",0,"F","F",4,1,0,32,1,"T","F",0,0,"T","T","jackt101","gowdh101","T","T",0,0,0,0,0,0,0,0,0,"","","",0,0,0,0,0,0,0,0,0,0,0,0,1,"","F","F","F","F",4,0,0,0,1,0,0,0,0,0,F,F,"1925PHI.EVN.regular.event.csv",2480
"PHI192507011","NY1",7,0,1,0,0,"",5,1,"jackt101","?","jackt101","?","ringj101","?","ringj101","?","wilsj105","hawkc101","fonsl101","fribb101","sandh101","wrigr102","mokaj101","burng101","","","","S8","F","F",6,7,20,"T","T",1,"F","F",0,"F","F",0,"F","F",8,"","F","F","",0,0,"N",0,"N",0,"N",1,0,0,0,"","","","","F","F","F","F","F","F","F","F","F","","","","F","F","F","F","F","","","","",0,0,0,0,0,0,0,0,0,61,"PHI","NY1","PHI",0,"F","F",5,1,1,33,2,"T","F",0,1,"T","T","gowdh101","bentj101","T","T",0,0,0,0,0,0,0,0,0,"","","",0,0,0,0,0,0,0,0,0,0,0,0,0,"mokaj101","F","F","F","F",4,0,0,0,1,0,0,0,0,0,F,F,"1925PHI.EVN.regular.event.csv",2481
"PHI192507011","NY1",7,0,1,0,0,"",5,1,"gowdh101","?","gowdh101","?","ringj101","?","ringj101","?","wilsj105","hawkc101","fonsl101","fribb101","sandh101","wrigr102","mokaj101","burng101","jackt101","","","SB2","F","F",2,8,4,"F","F",0,"F","F",0,"F","F",0,"F","F",0,"","F","F","",0,0,"N",0,"N",0,"N",0,2,0,0,"","","","","T","F","F","F","F","F","F","F","F","ringj101","","","F","F","F","F","F","","","","",0,0,0,0,0,0,0,0,0,62,"PHI","NY1","PHI",0,"F","F",5,1,1,34,3,"T","F",1,2,"T","T","bentj101","younr101","T","T",6,7,61,0,0,0,0,0,0,"wilsj105","","",0,0,0,0,0,0,0,0,0,0,0,0,0,"","F","F","F","F",0,4,0,0,1,0,0,0,0,0,F,F,"1925PHI.EVN.regular.event.csv",2482
"PHI192507011","NY1",7,0,1,0,0,"",5,1,"gowdh101","?","gowdh101","?","ringj101","?","ringj101","?","wilsj105","hawkc101","fonsl101","fribb101","sandh101","wrigr102","mokaj101","burng101","","jackt101","","3/G.2-3","F","F",2,8,2,"T","T",0,"F","F",1,"F","F",0,"F","F",3,"G","F","F","",0,0,"N",0,"N",0,"N",0,0,3,0,"3","","","","F","F","F","F","F","F","F","F","F","","ringj101","","F","F","F","F","F","","","","",0,3,0,0,0,0,0,0,0,63,"PHI","NY1","PHI",0,"F","F",5,1,1,34,3,"F","F",2,4,"T","T","bentj101","younr101","T","T",0,0,0,6,7,61,0,0,0,"","wilsj105","",0,0,0,0,0,0,0,0,0,0,0,0,0,"hawkc101","F","F","F","F",0,0,4,0,1,0,0,0,0,0,F,F,"1925PHI.EVN.regular.event.csv",2483
"PHI192507011","NY1",7,0,2,0,0,"",5,1,"bentj101","?","bentj101","?","ringj101","?","ringj101","?","wilsj105","hawkc101","fonsl101","fribb101","sandh101","wrigr102","mokaj101","burng101","","","jackt101","S9.3-H","F","F",1,9,20,"T","T",1,"F","F",0,"F","F",1,"F","F",9,"","F","F","",0,0,"N",0,"N",0,"N",1,0,0,4,"","","","","F","F","F","F","F","F","F","F","F","","","ringj101","F","F","F","F","F","","","","",0,0,0,0,0,0,0,0,0,64,"PHI","NY1","PHI",0,"F","F",5,1,1,35,4,"T","F",4,1,"T","T","younr101","wilsh102","T","T",0,0,0,0,0,0,6,7,61,"","","wilsj105",0,0,0,0,0,0,0,0,0,0,0,0,1,"burng101","F","F","F","F",0,0,0,4,0,0,0,0,0,0,F,F,"1925PHI.EVN.regular.event.csv",2484
"PHI192507011","NY1",7,0,2,0,0,"",6,1,"younr101","?","younr101","?","ringj101","?","ringj101","?","wilsj105","hawkc101","fonsl101","fribb101","sandh101","wrigr102","mokaj101","burng101","bentj101","","","4/P","F","F",9,1,2,"T","T",0,"F","F",1,"F","F",0,"F","F",4,"P","F","F","",0,0,"N",0,"N",0,"N",0,1,0,0,"4","","","","F","F","F","F","F","F","F","F","F","ringj101","","","F","F","F","F","F","","","","",0,4,0,0,0,0,0,0,0,65,"PHI","NY1","PHI",0,"F","T",6,1,2,36,5,"T","F",1,1,"T","T","wilsh102","frisf101","T","T",1,9,64,0,0,0,0,0,0,"wilsj105","","",0,0,0,0,0,0,0,0,0,0,0,0,0,"fonsl101","F","F","F","F",0,0,0,0,0,0,0,0,0,0,F,F,"1925PHI.EVN.regular.event.csv",2485
"PHI192507011","NY1",7,1,0,0,0,"",6,1,"hawkc101","?","hawkc101","?","bentj101","?","bentj101","?","gowdh101","terrb101","kellg101","frisf101","jackt101","meusi101","wilsh102","younr101","","","","43","T","F",3,6,2,"T","T",0,"F","F",1,"F","F",0,"F","F",4,"G","F","F","",0,0,"N",0,"N",0,"N",0,0,0,0,"43","","","","F","F","F","F","F","F","F","F","F","","","","F","F","F","F","F","","","","",0,3,0,0,4,0,0,0,0,66,"PHI","PHI","NY1",1,"T","F",1,6,0,23,0,"T","F",0,0,"T","T","fribb101","sandh101","T","T",0,0,0,0,0,0,0,0,0,"","","",0,0,0,0,0,0,0,0,0,0,0,0,0,"kellg101","F","F","F","F",0,0,0,0,0,0,0,0,0,0,F,F,"1925PHI.EVN.regular.event.csv",2486
"PHI192507011","NY1",7,1,1,0,0,"",6,1,"fribb101","?","fribb101","?","bentj101","?","bentj101","?","gowdh101","terrb101","kellg101","frisf101","jackt101","meusi101","wilsh102","younr101","","","","S/6","F","F",5,7,20,"T","T",1,"F","F",0,"F","F",0,"F","F",0,"","F","F","6",0,0,"N",0,"N",0,"N",1,0,0,0,"","","","","F","F","F","F","F","F","F","F","F","","","","F","F","F","F","F","","","","",0,0,0,0,0,0,0,0,0,67,"PHI","PHI","NY1",1,"F","F",1,6,0,24,1,"T","F",0,1,"T","T","sandh101","ringj101","T","T",0,0,0,0,0,0,0,0,0,"","","",0,0,0,0,0,0,0,0,0,0,0,0,0,"","F","F","F","F",3,0,0,0,0,0,0,0,0,0,F,F,"1925PHI.EVN.regular.event.csv",2487
"PHI192507011","NY1",7,1,1,0,0,"",6,1,"kimmw101","?","kimmw101","?","bentj101","?","bentj101","?","gowdh101","terrb101","kellg101","frisf101","jackt101","meusi101","wilsh102","younr101","fribb101","","","4/P","F","T",11,8,2,"T","T",0,"F","F",1,"F","F",0,"F","F",4,"P","F","F","",0,0,"N",0,"N",0,"N",0,1,0,0,"4","","","","F","F","F","F","F","F","F","F","F","bentj101","","","F","F","F","F","F","","","","sandh101",6,4,0,0,0,0,0,0,0,68,"PHI","PHI","NY1",1,"F","F",1,6,0,25,2,"T","F",1,1,"F","F","ringj101","burng101","T","T",5,7,67,0,0,0,0,0,0,"gowdh101","","",0,0,0,0,0,0,0,0,0,0,0,0,0,"kellg101","F","F","F","F",0,3,0,0,0,0,0,0,0,0,F,F,"1925PHI.EVN.regular.event.csv",2488
"PHI192507011","NY1",7,1,2,0,0,"",6,1,"henlb101","?","henlb101","?","bentj101","?","bentj101","?","gowdh101","terrb101","kellg101","frisf101","jackt101","meusi101","wilsh102","younr101","fribb101","","","S9.1-3","F","T",11,9,20,"T","T",1,"F","F",0,"F","F",0,"F","F",9,"","F","F","",0,0,"N",0,"N",0,"N",1,3,0,0,"","","","","F","F","F","F","F","F","F","F","F","bentj101","","","F","F","F","F","F","","","","ringj101",1,0,0,0,0,0,0,0,0,69,"PHI","PHI","NY1",1,"F","F",1,6,0,26,3,"T","F",1,5,"F","F","burng101","fonsl101","T","T",5,7,67,0,0,0,0,0,0,"gowdh101","","",0,0,0,0,0,0,0,0,0,0,0,0,0,"younr101","F","F","F","F",1,3,0,0,0,0,0,0,0,0,F,F,"1925PHI.EVN.regular.event.csv",2489
"PHI192507011","NY1",7,1,2,0,0,"",6,1,"burng101","?","burng101","?","bentj101","?","bentj101","?","gowdh101","terrb101","kellg101","frisf101","jackt101","meusi101","wilsh102","younr101","henlb101","","fribb101","8/F","F","F",9,1,2,"T","T",0,"F","F",1,"F","F",0,"F","F",8,"F","F","F","",0,0,"N",0,"N",0,"N",0,1,0,3,"8","","","","F","F","F","F","F","F","F","F","F","bentj101","","bentj101","F","F","F","F","F","","","","",0,8,0,0,0,0,0,0,0,70,"PHI","PHI","NY1",1,"F","T",1,6,0,27,4,"T","F",5,5,"T","T","fonsl101","wrigr102","T","T",0,9,69,0,0,0,5,7,67,"gowdh101","","gowdh101",0,0,0,0,0,0,0,0,0,0,0,0,0,"wilsh102","F","F","F","F",0,1,0,3,0,0,0,0,0,0,F,F,"1925PHI.EVN.regular.event.csv",2490
"PHI192507011","NY1",8,0,0,0,0,"",6,1,"wilsh102","?","wilsh102","?","coucj101","?","coucj101","?","wilsj105","hawkc101","fonsl101","fribb101","kimmw101","wrigr102","mokaj101","burng101","","","","8/F","T","F",8,2,2,"T","T",0,"F","F",1,"F","F",0,"F","F",8,"F","F","F","",0,0,"N",0,"N",0,"N",0,0,0,0,"8","","","","F","F","F","F","F","F","F","F","F","","","","F","F","F","F","F","","","","",0,8,0,0,0,0,0,0,0,71,"PHI","NY1","PHI",0,"T","F",6,1,0,37,0,"T","F",0,0,"T","T","frisf101","terrb101","F","F",0,0,0,0,0,0,0,0,0,"","","",0,0,0,0,0,0,0,0,0,0,0,0,0,"mokaj101","F","F","F","F",0,0,0,0,0,0,0,0,0,0,F,F,"1925PHI.EVN.regular.event.csv",2491
"PHI192507011","NY1",8,0,1,0,0,"",6,1,"frisf101","?","frisf101","?","coucj101","?","coucj101","?","wilsj105","hawkc101","fonsl101","fribb101","kimmw101","wrigr102","mokaj101","burng101","","","","3/G","F","F",5,3,2,"T","T",0,"F","F",1,"F","F",0,"F","F",3,"G","F","F","",0,0,"N",0,"N",0,"N",0,0,0,0,"3","","","","F","F","F","F","F","F","F","F","F","","","","F","F","F","F","F","","","","",0,3,0,0,0,0,0,0,0,72,"PHI","NY1","PHI",0,"F","F",6,1,0,38,1,"T","F",0,0,"T","T","terrb101","kellg101","F","F",0,0,0,0,0,0,0,0,0,"","","",0,0,0,0,0,0,0,0,0,0,0,0,0,"hawkc101","F","F","F","F",0,0,0,0,0,0,0,0,0,0,F,F,"1925PHI.EVN.regular.event.csv",2492
"PHI192507011","NY1",8,0,2,0,0,"",6,1,"terrb101","?","terrb101","?","coucj101","?","coucj101","?","wilsj105","hawkc101","fonsl101","fribb101","kimmw101","wrigr102","mokaj101","burng101","","","","3/G","F","F",3,4,2,"T","T",0,"F","F",1,"F","F",0,"F","F",3,"G","F","F","",0,0,"N",0,"N",0,"N",0,0,0,0,"3","","","","F","F","F","F","F","F","F","F","F","","","","F","F","F","F","F","","","","",0,3,0,0,0,0,0,0,0,73,"PHI","NY1","PHI",0,"F","T",6,1,0,39,2,"T","F",0,0,"T","T","kellg101","meusi101","F","F",0,0,0,0,0,0,0,0,0,"","","",0,0,0,0,0,0,0,0,0,0,0,0,0,"hawkc101","F","F","F","F",0,0,0,0,0,0,0,0,0,0,F,F,"1925PHI.EVN.regular.event.csv",2493
"PHI192507011","NY1",8,1,0,0,0,"",6,1,"fonsl101","?","fonsl101","?","bentj101","?","bentj101","?","gowdh101","terrb101","kellg101","frisf101","jackt101","meusi101","wilsh102","younr101","","","","S7.B-2(E7)","T","F",4,2,20,"T","T",1,"F","F",0,"F","F",0,"F","F",7,"","F","F","",1,7,"F",0,"N",0,"N",2,0,0,0,"","","","","F","F","F","F","F","F","F","F","F","","","","F","F","F","F","F","","","","",0,0,0,0,0,0,0,0,0,74,"PHI","PHI","NY1",1,"T","F",1,6,0,28,0,"T","F",0,2,"T","T","wrigr102","mokaj101","T","T",0,0,0,0,0,0,0,0,0,"","","",0,0,0,0,0,0,0,0,0,0,0,0,0,"meusi101","F","F","F","F",4,0,0,0,3,0,0,0,0,0,F,F,"1925PHI.EVN.regular.event.csv",2494
"PHI192507011","NY1",8,1,0,0,0,"",6,1,"wrigr102","?","wrigr102","?","bentj101","?","bentj101","?","gowdh101","terrb101","kellg101","frisf101","jackt101","meusi101","wilsh102","younr101","","fonsl101","","8/F","F","F",7,3,2,"T","T",0,"F","F",1,"F","F",0,"F","F",8,"F","F","F","",0,0,"N",0,"N",0,"N",0,0,2,0,"8","","","","F","F","F","F","F","F","F","F","F","","bentj101","","F","F","F","F","F","","","","",0,8,0,0,0,0,0,0,0,75,"PHI","PHI","NY1",1,"F","F",1,6,0,29,1,"T","F",2,2,"T","T","mokaj101","wilsj105","T","T",0,0,0,4,2,74,0,0,0,"","gowdh101","",0,0,0,0,0,0,0,0,0,0,0,0,0,"wilsh102","F","F","F","F",0,0,4,0,3,0,0,0,0,0,F,F,"1925PHI.EVN.regular.event.csv",2495
"PHI192507011","NY1",8,1,1,0,0,"",6,1,"mokaj101","?","mokaj101","?","bentj101","?","bentj101","?","gowdh101","terrb101","kellg101","frisf101","jackt101","meusi101","wilsh102","younr101","","fonsl101","","T7/F7DW.2-H","F","F",8,4,22,"T","T",3,"F","F",0,"F","F",1,"F","F",7,"F","F","F","7DW",0,0,"N",0,"N",0,"N",3,0,4,0,"","","","","F","F","F","F","F","F","F","F","F","","bentj101","","F","F","F","F","F","","","","",0,0,0,0,0,0,0,0,0,76,"PHI","PHI","NY1",1,"F","F",1,6,0,30,2,"T","F",2,4,"T","T","wilsj105","hawkc101","T","T",0,0,0,4,2,74,0,0,0,"","gowdh101","",0,0,0,0,0,0,0,0,0,0,0,0,1,"meusi101","F","F","F","F",4,0,4,0,2,0,0,0,0,0,F,F,"1925PHI.EVN.regular.event.csv",2496
"PHI192507011","NY1",8,1,1,0,0,"",6,2,"wilsj105","?","wilsj105","?","bentj101","?","bentj101","?","gowdh101","terrb101","kellg101","frisf101","jackt101","meusi101","wilsh102","younr101","","","mokaj101","E6/P6MD.3-3","F","F",2,5,18,"T","T",0,"F","F",0,"F","F",0,"F","F",6,"P","F","F","6MD",1,6,"F",0,"N",0,"N",1,0,0,3,"","","","","F","F","F","F","F","F","F","F","F","","","bentj101","F","F","F","F","F","","","","",0,0,0,0,0,0,0,0,0,77,"PHI","PHI","NY1",1,"F","F",2,6,1,31,3,"T","F",4,5,"T","T","hawkc101","fribb101","T","T",0,0,0,0,0,0,8,4,76,"","","gowdh101",0,0,0,0,0,0,0,0,0,0,0,0,0,"jackt101","F","F","F","T",5,0,0,4,2,0,0,0,0,0,F,F,"1925PHI.EVN.regular.event.csv",2497
"PHI192507011","NY1",8,1,1,3,2,"",6,2,"hubec101","?","hubec101","?","bentj101","?","bentj101","?","gowdh101","terrb101","kellg101","frisf101","jackt101","meusi101","wilsh102","younr101","wilsj105","","mokaj101","D7/7L.3-H;1-H(UR)","F","T",11,6,21,"T","T",2,"F","F",0,"F","F",2,"F","F",7,"","F","F","7L",0,0,"N",0,"N",0,"N",2,5,0,4,"","","","","F","F","F","F","F","F","F","F","F","bentj101","","bentj101","F","F","F","F","F","","","","hawkc101",3,0,0,0,0,0,0,0,0,78,"PHI","PHI","NY1",1,"F","F",2,6,1,32,4,"T","F",5,2,"F","F","fribb101","kimmw101","T","T",2,5,77,0,0,0,8,4,76,"gowdh101","","gowdh101",0,0,0,0,0,0,0,0,0,0,0,0,2,"meusi101","F","F","F","F",3,5,0,4,0,0,0,0,0,0,F,F,"1925PHI.EVN.regular.event.csv",2498
"PHI192507011","NY1",8,1,1,0,0,"",6,4,"fribb101","?","fribb101","?","bentj101","?","bentj101","?","gowdh101","terrb101","kellg101","frisf101","jackt101","meusi101","wilsh102","younr101","","hubec101","","63.2-3","F","F",5,7,2,"T","T",0,"F","F",1,"F","F",0,"F","F",6,"G","F","F","",0,0,"N",0,"N",0,"N",0,0,3,0,"63","","","","F","F","F","F","F","F","F","F","F","","bentj101","","F","F","F","F","F","","","","",0,3,0,0,6,0,0,0,0,79,"PHI","PHI","NY1",1,"F","F",4,6,3,33,5,"T","F",2,4,"T","T","kimmw101","coucj101","T","T",0,0,0,0,6,78,0,0,0,"","gowdh101","",0,0,0,0,0,0,0,0,0,0,0,0,0,"jackt101","F","F","F","F",0,0,3,0,0,0,0,0,0,0,F,F,"1925PHI.EVN.regular.event.csv",2499
"PHI192507011","NY1",8,1,2,0,0,"",6,4,"kimmw101","?","kimmw101","?","bentj101","?","bentj101","?","gowdh101","terrb101","kellg101","frisf101","jackt101","meusi101","wilsh102","younr101","","","hubec101","53","F","F",6,8,2,"T","T",0,"F","F",1,"F","F",0,"F","F",5,"G","F","F","",0,0,"N",0,"N",0,"N",0,0,0,3,"53","","","","F","F","F","F","F","F","F","F","F","","","bentj101","F","F","F","F","F","","","","",0,3,0,0,5,0,0,0,0,80,"PHI","PHI","NY1",1,"F","T",4,6,3,34,6,"T","F",4,4,"F","F","coucj101","burng101","T","T",0,0,0,0,0,0,0,6,78,"","","gowdh101",0,0,0,0,0,0,0,0,0,0,0,0,0,"frisf101","F","F","F","F",0,0,0,3,0,0,0,0,0,0,F,F,"1925PHI.EVN.regular.event.csv",2500
"PHI192507011","NY1",9,0,0,0,0,"",6,4,"kellg101","?","kellg101","?","coucj101","?","coucj101","?","wilsj105","holkw101","fonsl101","fribb101","kimmw101","wrigr102","mokaj101","burng101","","","","D8/89XDW","T","F",4,5,21,"T","T",2,"F","F",0,"F","F",0,"F","F",8,"","F","F","89XDW",0,0,"N",0,"N",0,"N",2,0,0,0,"","","","","F","F","F","F","F","F","F","F","F","","","","F","F","F","F","F","","","","",0,0,0,0,0,0,0,0,0,81,"PHI","NY1","PHI",0,"T","F",6,4,0,40,0,"T","F",0,2,"T","T","meusi101","jackt101","F","F",0,0,0,0,0,0,0,0,0,"","","",0,0,0,0,0,0,0,0,0,0,0,0,0,"mokaj101","F","F","F","F",2,0,0,0,0,0,0,0,0,0,F,F,"1925PHI.EVN.regular.event.csv",2501
"PHI192507011","NY1",9,0,0,0,0,"",6,4,"meusi101","?","meusi101","?","coucj101","?","coucj101","?","wilsj105","holkw101","fonsl101","fribb101","kimmw101","wrigr102","mokaj101","burng101","","kellg101","","3/L","F","F",7,6,2,"T","T",0,"F","F",1,"F","F",0,"F","F",3,"L","F","F","",0,0,"N",0,"N",0,"N",0,0,2,0,"3","","","","F","F","F","F","F","F","F","F","F","","coucj101","","F","F","F","F","F","","","","",0,3,0,0,0,0,0,0,0,82,"PHI","NY1","PHI",0,"F","F",6,4,0,41,1,"T","F",2,2,"T","T","jackt101","gowdh101","F","F",0,0,0,4,5,81,0,0,0,"","wilsj105","",0,0,0,0,0,0,0,0,0,0,0,0,0,"holkw101","F","F","F","F",0,0,2,0,0,0,0,0,0,0,F,F,"1925PHI.EVN.regular.event.csv",2502
"PHI192507011","NY1",9,0,1,0,0,"",6,4,"jackt101","?","jackt101","?","coucj101","?","coucj101","?","wilsj105","holkw101","fonsl101","fribb101","kimmw101","wrigr102","mokaj101","burng101","","kellg101","","7/F","F","F",6,7,2,"T","T",0,"F","F",1,"F","F",0,"F","F",7,"F","F","F","",0,0,"N",0,"N",0,"N",0,0,2,0,"7","","","","F","F","F","F","F","F","F","F","F","","coucj101","","F","F","F","F","F","","","","",0,7,0,0,0,0,0,0,0,83,"PHI","NY1","PHI",0,"F","F",6,4,0,42,2,"T","F",2,2,"T","T","gowdh101","bentj101","F","F",0,0,0,4,5,81,0,0,0,"","wilsj105","",0,0,0,0,0,0,0,0,0,0,0,0,0,"wrigr102","F","F","F","F",0,0,2,0,0,0,0,0,0,0,F,F,"1925PHI.EVN.regular.event.csv",2503
"PHI192507011","NY1",9,0,2,0,0,"",6,4,"gowdh101","?","gowdh101","?","coucj101","?","coucj101","?","wilsj105","holkw101","fonsl101","fribb101","kimmw101","wrigr102","mokaj101","burng101","","kellg101","","6/P","F","F",2,8,2,"T","T",0,"F","F",1,"F","F",0,"F","F",6,"P","F","F","",0,0,"N",0,"N",0,"N",0,0,2,0,"6","","","","F","F","F","F","F","F","F","F","F","","coucj101","","F","F","F","F","F","","","","",0,6,0,0,0,0,0,0,0,84,"PHI","NY1","PHI",0,"F","T",6,4,0,43,3,"T","F",2,2,"T","T","bentj101","younr101","F","F",0,0,0,4,5,81,0,0,0,"","wilsj105","",0,0,0,0,0,0,0,0,0,0,0,0,0,"kimmw101","F","F","F","F",0,0,2,0,0,0,0,0,0,0,F,F,"1925PHI.EVN.regular.event.csv",2504
"PHI192507011","NY1",9,1,0,0,0,"",6,4,"wendl101","?","wendl101","?","bentj101","?","bentj101","?","gowdh101","terrb101","kellg101","frisf101","jackt101","meusi101","wilsh102","younr101","","","","53","T","T",11,9,2,"T","T",0,"F","F",1,"F","F",0,"F","F",5,"G","F","F","",0,0,"N",0,"N",0,"N",0,0,0,0,"53","","","","F","F","F","F","F","F","F","F","F","","","","F","F","F","F","F","","","","coucj101",1,3,0,0,5,0,0,0,0,85,"PHI","PHI","NY1",1,"T","F",4,6,0,35,0,"T","F",0,0,"F","F","burng101","fonsl101","T","T",0,0,0,0,0,0,0,0,0,"","","",0,0,0,0,0,0,0,0,0,0,0,0,0,"frisf101","F","F","F","F",0,0,0,0,0,0,0,0,0,0,F,F,"1925PHI.EVN.regular.event.csv",2505
"PHI192507011","NY1",9,1,1,0,0,"",6,4,"burng101","?","burng101","?","bentj101","?","bentj101","?","gowdh101","terrb101","kellg101","frisf101","jackt101","meusi101","wilsh102","younr101","","","","63","F","F",9,1,2,"T","T",0,"F","F",1,"F","F",0,"F","F",6,"G","F","F","",0,0,"N",0,"N",0,"N",0,0,0,0,"63","","","","F","F","F","F","F","F","F","F","F","","","","F","F","F","F","F","","","","",0,3,0,0,6,0,0,0,0,86,"PHI","PHI","NY1",1,"F","F",4,6,0,36,1,"T","F",0,0,"T","T","fonsl101","wrigr102","T","T",0,0,0,0,0,0,0,0,0,"","","",0,0,0,0,0,0,0,0,0,0,0,0,0,"jackt101","F","F","F","F",0,0,0,0,0,0,0,0,0,0,F,F,"1925PHI.EVN.regular.event.csv",2506
"PHI192507011","NY1",9,1,2,0,0,"",6,4,"fonsl101","?","fonsl101","?","bentj101","?","bentj101","?","gowdh101","terrb101","kellg101","frisf101","jackt101","meusi101","wilsh102","younr101","","","","7/F7DW","F","F",4,2,2,"T","T",0,"F","F",1,"F","F",0,"F","F",7,"F","F","F","7DW",0,0,"N",0,"N",0,"N",0,0,0,0,"7","","","","F","F","F","F","F","F","F","F","F","","","","F","T","F","F","F","","","","",0,7,0,0,0,0,0,0,0,87,"PHI","PHI","NY1",1,"F","T",4,6,0,37,2,"T","F",0,0,"T","T","wrigr102","mokaj101","T","T",0,0,0,0,0,0,0,0,0,"","","",0,0,0,0,0,0,0,0,0,0,0,0,0,"meusi101","F","F","F","F",0,0,0,0,0,0,0,0,0,0,F,F,"1925PHI.EVN.regular.event.csv",2507
"PHI192507012","NY1",1,0,0,0,0,"X",0,0,"younr101","?","younr101","?","mitcc102","?","mitcc102","?","henlb101","hawkc101","fonsl101","fribb101","sandh101","wrigr102","harpg101","burng101","","","","HR/F89XD","T","F",9,1,23,"T","T",4,"F","F",0,"F","F",1,"F","F",0,"F","F","F","89XD",0,0,"N",0,"N",0,"N",4,0,0,0,"","","","","F","F","F","F","F","F","F","F","F","","","","T","F","F","F","F","","","","",0,0,0,0,0,0,0,0,0,1,"PHI","NY1","PHI",0,"T","F",0,0,0,0,0,"T","F",0,0,"T","T","wilsh102","frisf101","T","T",0,0,0,0,0,0,0,0,0,"","","",0,0,0,0,0,0,1,0,0,0,1,0,1,"","F","F","F","F",4,0,0,0,0,0,0,0,0,0,F,F,"1925PHI.EVN.regular.event.csv",2508
"PHI192507012","NY1",1,0,0,0,0,"",1,0,"wilsh102","?","wilsh102","?","mitcc102","?","mitcc102","?","henlb101","hawkc101","fonsl101","fribb101","sandh101","wrigr102","harpg101","burng101","","","","13","F","F",8,2,2,"T","T",0,"F","F",1,"F","F",0,"F","F",1,"G","F","F","",0,0,"N",0,"N",0,"N",0,0,0,0,"13","","","","F","F","F","F","F","F","F","F","F","","","","F","F","F","F","F","","","","",0,3,0,0,1,0,0,0,0,2,"PHI","NY1","PHI",0,"F","F",1,0,1,1,1,"T","F",0,0,"T","T","frisf101","terrb101","T","T",0,0,0,0,0,0,0,0,0,"","","",0,0,0,0,0,0,0,0,0,0,0,0,0,"mitcc102","F","F","F","F",0,0,0,0,0,0,0,0,0,0,F,F,"1925PHI.EVN.regular.event.csv",2509
"PHI192507012","NY1",1,0,1,0,0,"",1,0,"frisf101","?","frisf101","?","mitcc102","?","mitcc102","?","henlb101","hawkc101","fonsl101","fribb101","sandh101","wrigr102","harpg101","burng101","","","","43","F","F",5,3,2,"T","T",0,"F","F",1,"F","F",0,"F","F",4,"G","F","F","",0,0,"N",0,"N",0,"N",0,0,0,0,"43","","","","F","F","F","F","F","F","F","F","F","","","","F","F","F","F","F","","","","",0,3,0,0,4,0,0,0,0,3,"PHI","NY1","PHI",0,"F","F",1,0,1,2,2,"T","F",0,0,"T","T","terrb101","kellg101","T","T",0,0,0,0,0,0,0,0,0,"","","",0,0,0,0,0,0,0,0,0,0,0,0,0,"fonsl101","F","F","F","F",0,0,0,0,0,0,0,0,0,0,F,F,"1925PHI.EVN.regular.event.csv",2510
"PHI192507012","NY1",1,0,2,0,0,"",1,0,"terrb101","?","terrb101","?","mitcc102","?","mitcc102","?","henlb101","hawkc101","fonsl101","fribb101","sandh101","wrigr102","harpg101","burng101","","","","D7","F","F",3,4,21,"T","T",2,"F","F",0,"F","F",0,"F","F",7,"","F","F","",0,0,"N",0,"N",0,"N",2,0,0,0,"","","","","F","F","F","F","F","F","F","F","F","","","","F","F","F","F","F","","","","",0,0,0,0,0,0,0,0,0,4,"PHI","NY1","PHI",0,"F","F",1,0,1,3,3,"T","F",0,2,"T","T","kellg101","meusi101","T","T",0,0,0,0,0,0,0,0,0,"","","",0,0,0,0,0,0,0,0,0,0,0,0,0,"wrigr102","F","F","F","F",0,0,0,0,0,0,0,0,0,0,F,F,"1925PHI.EVN.regular.event.csv",2511
"PHI192507012","NY1",1,0,2,0,0,"",1,0,"kellg101","?","kellg101","?","mitcc102","?","mitcc102","?","henlb101","hawkc101","fonsl101","fribb101","sandh101","wrigr102","harpg101","burng101","","terrb101","","43","F","F",4,5,2,"T","T",0,"F","F",1,"F","F",0,"F","F",4,"G","F","F","",0,0,"N",0,"N",0,"N",0,0,2,0,"43","","","","F","F","F","F","F","F","F","F","F","","mitcc102","","F","F","F","F","F","","","","",0,3,0,0,4,0,0,0,0,5,"PHI","NY1","PHI",0,"F","T",1,0,1,4,4,"T","F",2,2,"T","T","meusi101","jackt101","T","T",0,0,0,3,4,4,0,0,0,"","henlb101","",0,0,0,0,0,0,0,0,0,0,0,0,0,"fonsl101","F","F","F","F",0,0,0,0,0,0,0,0,0,0,F,F,"1925PHI.EVN.regular.event.csv",2512
"PHI192507012","NY1",1,1,0,0,0,"",1,0,"burng101","?","burng101","?","barnv101","?","barnv101","?","snydf101","terrb101","kellg101","frisf101","jackt101","meusi101","wilsh102","younr101","","","","S/6","T","F",9,1,20,"T","T",1,"F","F",0,"F","F",0,"F","F",0,"","F","F","6",0,0,"N",0,"N",0,"N",1,0,0,0,"","","","","F","F","F","F","F","F","F","F","F","","","","F","F","F","F","F","","","","",0,0,0,0,0,0,0,0,0,6,"PHI","PHI","NY1",1,"T","F",0,1,0,0,0,"T","F",0,1,"T","T","fonsl101","wrigr102","T","T",0,0,0,0,0,0,0,0,0,"","","",0,0,0,0,0,0,0,0,0,0,0,0,0,"","F","F","F","F",0,0,0,0,0,0,0,0,0,0,F,F,"1925PHI.EVN.regular.event.csv",2513
"PHI192507012","NY1",1,1,0,0,0,"",1,0,"fonsl101","?","fonsl101","?","barnv101","?","barnv101","?","snydf101","terrb101","kellg101","frisf101","jackt101","meusi101","wilsh102","younr101","burng101","","","36(1)/FO","F","F",4,2,2,"T","T",0,"F","F",1,"F","F",0,"F","F",3,"G","F","F","",0,0,"N",0,"N",0,"N",1,0,0,0,"","36","","","F","F","F","F","F","F","F","F","F","barnv101","","","F","F","F","F","F","","","","",0,6,0,0,3,0,0,0,0,7,"PHI","PHI","NY1",1,"F","F",0,1,0,1,1,"T","F",1,1,"T","T","wrigr102","harpg101","T","T",9,1,6,0,0,0,0,0,0,"snydf101","","",0,0,0,0,0,0,0,0,0,0,0,0,0,"terrb101","T","F","F","F",0,0,0,0,0,0,0,0,0,0,F,F,"1925PHI.EVN.regular.event.csv",2514
"PHI192507012","NY1",1,1,1,0,0,"",1,0,"wrigr102","?","wrigr102","?","barnv101","?","barnv101","?","snydf101","terrb101","kellg101","frisf101","jackt101","meusi101","wilsh102","younr101","fonsl101","","","4/LDP.1X1(43)","F","F",7,3,2,"T","T",0,"F","F",2,"T","F",0,"F","F",4,"L","F","F","",0,0,"N",0,"N",0,"N",0,0,0,0,"4","43","","","F","F","F","F","F","F","F","F","F","barnv101","","","F","F","F","F","F","","","","",0,4,3,0,4,0,0,0,0,8,"PHI","PHI","NY1",1,"F","T",0,1,0,2,2,"T","F",1,0,"T","T","harpg101","henlb101","T","T",4,2,7,0,0,0,0,0,0,"snydf101","","",0,0,0,0,0,0,0,0,0,0,0,0,0,"kellg101","F","F","F","F",0,0,0,0,0,0,0,0,0,0,F,F,"1925PHI.EVN.regular.event.csv",2515
"PHI192507012","NY1",2,0,0,0,0,"",1,0,"meusi101","?","meusi101","?","mitcc102","?","mitcc102","?","henlb101","hawkc101","fonsl101","fribb101","sandh101","wrigr102","harpg101","burng101","","","","S8/78","T","F",7,6,20,"T","T",1,"F","F",0,"F","F",0,"F","F",8,"","F","F","78",0,0,"N",0,"N",0,"N",1,0,0,0,"","","","","F","F","F","F","F","F","F","F","F","","","","F","F","F","F","F","","","","",0,0,0,0,0,0,0,0,0,9,"PHI","NY1","PHI",0,"T","F",1,0,0,5,0,"T","F",0,1,"T","T","jackt101","snydf101","T","T",0,0,0,0,0,0,0,0,0,"","","",0,0,0,0,0,0,0,0,0,0,0,0,0,"harpg101","F","F","F","F",0,0,0,0,0,0,0,0,0,0,F,F,"1925PHI.EVN.regular.event.csv",2516
"PHI192507012","NY1",2,0,0,0,0,"",1,0,"jackt101","?","jackt101","?","mitcc102","?","mitcc102","?","henlb101","hawkc101","fonsl101","fribb101","sandh101","wrigr102","harpg101","burng101","meusi101","","","54(1)/FO","F","F",6,7,2,"T","T",0,"F","F",1,"F","F",0,"F","F",5,"G","F","F","",0,0,"N",0,"N",0,"N",1,0,0,0,"","54","","","F","F","F","F","F","F","F","F","F","mitcc102","","","F","F","F","F","F","","","","",0,4,0,0,5,0,0,0,0,10,"PHI","NY1","PHI",0,"F","F",1,0,0,6,1,"T","F",1,1,"T","T","snydf101","barnv101","T","T",7,6,9,0,0,0,0,0,0,"henlb101","","",0,0,0,0,0,0,0,0,0,0,0,0,0,"fribb101","T","F","F","F",0,0,0,0,0,0,0,0,0,0,F,F,"1925PHI.EVN.regular.event.csv",2517
"PHI192507012","NY1",2,0,1,0,0,"",1,0,"snydf101","?","snydf101","?","mitcc102","?","mitcc102","?","henlb101","hawkc101","fonsl101","fribb101","sandh101","wrigr102","harpg101","burng101","jackt101","","","7/L78","F","F",2,8,2,"T","T",0,"F","F",1,"F","F",0,"F","F",7,"L","F","F","78",0,0,"N",0,"N",0,"N",0,1,0,0,"7","","","","F","F","F","F","F","F","F","F","F","mitcc102","","","F","F","F","F","F","","","","",0,7,0,0,0,0,0,0,0,11,"PHI","NY1","PHI",0,"F","F",1,0,0,7,2,"T","F",1,1,"T","T","barnv101","younr101","T","T",6,7,10,0,0,0,0,0,0,"henlb101","","",0,0,0,0,0,0,0,0,0,0,0,0,0,"wrigr102","F","F","F","F",0,0,0,0,0,0,0,0,0,0,F,F,"1925PHI.EVN.regular.event.csv",2518
"PHI192507012","NY1",2,0,2,0,0,"",1,0,"barnv101","?","barnv101","?","mitcc102","?","mitcc102","?","henlb101","hawkc101","fonsl101","fribb101","sandh101","wrigr102","harpg101","burng101","jackt101","","","K","F","F",1,9,3,"T","T",0,"F","F",1,"F","F",0,"F","F",0,"","F","F","",0,0,"N",0,"N",0,"N",0,1,0,0,"2","","","","F","F","F","F","F","F","F","F","F","mitcc102","","","F","F","F","F","F","","","","",0,2,0,0,0,0,0,0,0,12,"PHI","NY1","PHI",0,"F","T",1,0,0,8,3,"T","F",1,1,"T","T","younr101","wilsh102","T","T",6,7,10,0,0,0,0,0,0,"henlb101","","",0,0,0,0,0,0,0,0,0,0,0,0,0,"","F","F","F","F",0,0,0,0,0,0,0,0,0,0,F,F,"1925PHI.EVN.regular.event.csv",2519
"PHI192507012","NY1",2,1,0,0,0,"",1,0,"harpg101","?","harpg101","?","barnv101","?","barnv101","?","snydf101","terrb101","kellg101","frisf101","jackt101","meusi101","wilsh102","younr101","","","","T8/89XDW","T","F",8,4,22,"T","T",3,"F","F",0,"F","F",0,"F","F",8,"","F","F","89XDW",0,0,"N",0,"N",0,"N",3,0,0,0,"","","","","F","F","F","F","F","F","F","F","F","","","","F","F","F","F","F","","","","",0,0,0,0,0,0,0,0,0,13,"PHI","PHI","NY1",1,"T","F",0,1,0,3,0,"T","F",0,4,"T","T","henlb101","hawkc101","T","T",0,0,0,0,0,0,0,0,0,"","","",0,0,0,0,0,0,0,0,0,0,0,0,0,"wilsh102","F","F","F","F",4,0,0,0,3,0,0,0,0,0,F,F,"1925PHI.EVN.regular.event.csv",2520
"PHI192507012","NY1",2,1,0,0,0,"",1,0,"henlb101","?","henlb101","?","barnv101","?","barnv101","?","snydf101","terrb101","kellg101","frisf101","jackt101","meusi101","wilsh102","younr101","","","harpg101","6/P","F","F",2,5,2,"T","T",0,"F","F",1,"F","F",0,"F","F",6,"P","F","F","",0,0,"N",0,"N",0,"N",0,0,0,3,"6","","","","F","F","F","F","F","F","F","F","F","","","barnv101","F","F","F","F","F","","","","",0,6,0,0,0,0,0,0,0,14,"PHI","PHI","NY1",1,"F","F",0,1,0,4,1,"T","F",4,4,"T","T","hawkc101","fribb101","T","T",0,0,0,0,0,0,8,4,13,"","","snydf101",0,0,0,0,0,0,0,0,0,0,0,0,0,"jackt101","F","F","F","F",0,0,0,4,3,0,0,0,0,0,F,F,"1925PHI.EVN.regular.event.csv",2521
"PHI192507012","NY1",2,1,1,0,0,"",1,0,"hawkc101","?","hawkc101","?","barnv101","?","barnv101","?","snydf101","terrb101","kellg101","frisf101","jackt101","meusi101","wilsh102","younr101","","","harpg101","8/L/SF.3-H","F","F",3,6,2,"T","F",0,"F","T",1,"F","F",1,"F","F",8,"L","F","F","",0,0,"N",0,"N",0,"N",0,0,0,4,"8","","","","F","F","F","F","F","F","F","F","F","","","barnv101","F","F","F","F","F","","","","",0,8,0,0,0,0,0,0,0,15,"PHI","PHI","NY1",1,"F","F",0,1,0,5,2,"T","F",4,0,"T","T","fribb101","sandh101","T","T",0,0,0,0,0,0,8,4,13,"","","snydf101",0,0,0,0,0,0,0,0,0,0,0,0,1,"wilsh102","F","F","F","F",0,0,0,4,2,0,0,0,0,0,F,F,"1925PHI.EVN.regular.event.csv",2522
"PHI192507012","NY1",2,1,2,0,0,"",1,1,"fribb101","?","fribb101","?","barnv101","?","barnv101","?","snydf101","terrb101","kellg101","frisf101","jackt101","meusi101","wilsh102","younr101","","","","D/89D","F","F",5,7,21,"T","T",2,"F","F",0,"F","F",0,"F","F",0,"","F","F","89D",0,0,"N",0,"N",0,"N",2,0,0,0,"","","","","F","F","F","F","F","F","F","F","F","","","","F","F","F","F","F","","","","",0,0,0,0,0,0,0,0,0,16,"PHI","PHI","NY1",1,"F","F",1,1,1,6,3,"T","F",0,2,"T","T","sandh101","mitcc102","T","T",0,0,0,0,0,0,0,0,0,"","","",0,0,0,0,0,0,0,0,0,0,0,0,0,"","F","F","F","F",4,0,0,0,2,0,0,0,0,0,F,F,"1925PHI.EVN.regular.event.csv",2523
"PHI192507012","NY1",2,1,2,0,0,"",1,1,"sandh101","?","sandh101","?","barnv101","?","barnv101","?","snydf101","terrb101","kellg101","frisf101","jackt101","meusi101","wilsh102","younr101","","fribb101","","S8.2-H;B-2(E8/THH)","F","F",6,8,20,"T","T",1,"F","F",0,"F","F",1,"F","F",8,"","F","F","",1,8,"T",0,"N",0,"N",2,0,4,0,"","","","","F","F","F","F","F","F","F","F","F","","barnv101","","F","F","F","F","F","","","","",0,0,0,0,0,0,0,0,0,17,"PHI","PHI","NY1",1,"F","F",1,1,1,7,4,"T","F",2,2,"T","T","mitcc102","burng101","T","T",0,0,0,5,7,16,0,0,0,"","snydf101","",0,0,0,0,0,0,0,0,0,0,0,0,1,"wilsh102","F","F","F","F",5,0,4,0,1,0,0,0,0,0,F,F,"1925PHI.EVN.regular.event.csv",2524
"PHI192507012","NY1",2,1,2,0,0,"",1,2,"mitcc102","?","mitcc102","?","barnv101","?","barnv101","?","snydf101","terrb101","kellg101","frisf101","jackt101","meusi101","wilsh102","younr101","","sandh101","","S8/78.2-H(UR)","F","F",1,9,20,"T","T",1,"F","F",0,"F","F",1,"F","F",8,"","F","F","78",0,0,"N",0,"N",0,"N",1,0,5,0,"","","","","F","F","F","F","F","F","F","F","F","","barnv101","","F","F","F","F","F","","","","",0,0,0,0,0,0,0,0,0,18,"PHI","PHI","NY1",1,"F","F",2,1,2,8,5,"T","F",2,1,"T","T","burng101","fonsl101","T","T",0,0,0,6,8,17,0,0,0,"","snydf101","",0,0,0,0,0,0,0,0,0,0,0,0,1,"wilsh102","F","F","F","F",0,0,5,0,0,0,0,0,0,0,F,F,"1925PHI.EVN.regular.event.csv",2525
"PHI192507012","NY1",2,1,2,0,0,"",1,3,"burng101","?","burng101","?","barnv101","?","barnv101","?","snydf101","terrb101","kellg101","frisf101","jackt101","meusi101","wilsh102","younr101","mitcc102","","","4/P","F","F",9,1,2,"T","T",0,"F","F",1,"F","F",0,"F","F",4,"P","F","F","",0,0,"N",0,"N",0,"N",0,1,0,0,"4","","","","F","F","F","F","F","F","F","F","F","barnv101","","","F","F","F","F","F","","","","",0,4,0,0,0,0,0,0,0,19,"PHI","PHI","NY1",1,"F","T",3,1,3,9,6,"T","F",1,1,"T","T","fonsl101","wrigr102","T","T",1,9,18,0,0,0,0,0,0,"snydf101","","",0,0,0,0,0,0,0,0,0,0,0,0,0,"kellg101","F","F","F","F",0,0,0,0,0,0,0,0,0,0,F,F,"1925PHI.EVN.regular.event.csv",2526
"PHI192507012","NY1",3,0,0,0,0,"",1,3,"younr101","?","younr101","?","mitcc102","?","mitcc102","?","henlb101","hawkc101","fonsl101","fribb101","sandh101","wrigr102","harpg101","burng101","","","","W","T","F",9,1,14,"T","F",0,"F","F",0,"F","F",0,"F","F",0,"","F","F","",0,0,"N",0,"N",0,"N",1,0,0,0,"","","","","F","F","F","F","F","F","F","F","F","","","","F","F","F","F","F","","","","",0,0,0,0,0,0,0,0,0,20,"PHI","NY1","PHI",0,"T","F",1,3,0,9,0,"T","F",0,1,"T","T","wilsh102","frisf101","T","T",0,0,0,0,0,0,0,0,0,"","","",0,0,0,0,0,0,0,0,0,0,0,0,0,"","F","F","F","F",4,0,0,0,9,0,0,0,0,0,F,F,"1925PHI.EVN.regular.event.csv",2527
"PHI192507012","NY1",3,0,0,0,0,"",1,3,"wilsh102","?","wilsh102","?","mitcc102","?","mitcc102","?","henlb101","hawkc101","fonsl101","fribb101","sandh101","wrigr102","harpg101","burng101","younr101","","","HR/F78XD.1-H","F","F",8,2,23,"T","T",4,"F","F",0,"F","F",2,"F","F",0,"F","F","F","78XD",0,0,"N",0,"N",0,"N",4,4,0,0,"","","","","F","F","F","F","F","F","F","F","F","mitcc102","","","F","F","F","F","F","","","","",0,0,0,0,0,0,0,0,0,21,"PHI","NY1","PHI",0,"F","F",1,3,0,10,1,"T","F",1,0,"T","T","frisf101","terrb101","T","T",9,1,20,0,0,0,0,0,0,"henlb101","","",0,0,0,0,0,0,0,0,0,0,0,0,2,"","F","F","F","F",4,4,0,0,7,0,0,0,0,0,F,F,"1925PHI.EVN.regular.event.csv",2528
"PHI192507012","NY1",3,0,0,0,0,"",3,3,"frisf101","?","frisf101","?","mitcc102","?","mitcc102","?","henlb101","hawkc101","fonsl101","fribb101","sandh101","wrigr102","harpg101","burng101","","","","D9","F","F",5,3,21,"T","T",2,"F","F",0,"F","F",0,"F","F",9,"","F","F","",0,0,"N",0,"N",0,"N",2,0,0,0,"","","","","F","F","F","F","F","F","F","F","F","","","","F","F","F","F","F","","","","",0,0,0,0,0,0,0,0,0,22,"PHI","NY1","PHI",0,"F","F",3,3,2,11,2,"T","F",0,2,"T","T","terrb101","kellg101","T","T",0,0,0,0,0,0,0,0,0,"","","",0,0,0,0,0,0,0,0,0,0,0,0,0,"burng101","F","F","F","F",4,0,0,0,7,0,0,0,0,0,F,F,"1925PHI.EVN.regular.event.csv",2529
"PHI192507012","NY1",3,0,0,0,0,"",3,3,"terrb101","?","terrb101","?","mitcc102","?","mitcc102","?","henlb101","hawkc101","fonsl101","fribb101","sandh101","wrigr102","harpg101","burng101","","frisf101","","S8.2-H(E8/TH3)(NR);B-2","F","F",3,4,20,"T","T",1,"F","F",0,"F","F",0,"F","F",8,"","F","F","",1,8,"T",0,"N",0,"N",2,0,4,0,"","","","","F","F","F","F","F","F","F","F","F","","mitcc102","","F","F","F","F","F","","","","",0,0,0,0,0,0,0,0,0,23,"PHI","NY1","PHI",0,"F","F",3,3,2,12,3,"T","F",2,2,"T","T","kellg101","meusi101","T","T",0,0,0,5,3,22,0,0,0,"","henlb101","",0,0,0,0,0,0,0,0,0,0,0,0,1,"harpg101","F","F","F","F",4,0,4,0,6,0,0,0,0,0,F,F,"1925PHI.EVN.regular.event.csv",2530
"PHI192507012","NY1",3,0,0,0,0,"",4,3,"kellg101","?","kellg101","?","mitcc102","?","mitcc102","?","henlb101","hawkc101","fonsl101","fribb101","sandh101","wrigr102","harpg101","burng101","","terrb101","","9/F.2-3","F","F",4,5,2,"T","T",0,"F","F",1,"F","F",0,"F","F",9,"F","F","F","",0,0,"N",0,"N",0,"N",0,0,3,0,"9","","","","F","F","F","F","F","F","F","F","F","","mitcc102","","F","F","F","F","F","","","","",0,9,0,0,0,0,0,0,0,24,"PHI","NY1","PHI",0,"F","F",4,3,3,13,4,"T","F",2,4,"T","T","meusi101","jackt101","T","T",0,0,0,3,4,23,0,0,0,"","henlb101","",0,0,0,0,0,0,0,0,0,0,0,0,0,"burng101","F","F","F","F",0,0,4,0,6,0,0,0,0,0,F,F,"1925PHI.EVN.regular.event.csv",2531
"PHI192507012","NY1",3,0,1,0,0,"",4,3,"meusi101","?","meusi101","?","mitcc102","?","mitcc102","?","henlb101","hawkc101","fonsl101","fribb101","sandh101","wrigr102","harpg101","burng101","","","terrb101","W","F","F",7,6,14,"T","F",0,"F","F",0,"F","F",0,"F","F",0,"","F","F","",0,0,"N",0,"N",0,"N",1,0,0,3,"","","","","F","F","F","F","F","F","F","F","F","","","mitcc102","F","F","F","F","F","","","","",0,0,0,0,0,0,0,0,0,25,"PHI","NY1","PHI",0,"F","F",4,3,3,14,5,"T","F",4,5,"T","T","jackt101","snydf101","T","T",0,0,0,0,0,0,3,4,23,"","","henlb101",0,0,0,0,0,0,0,0,0,0,0,0,0,"","F","F","F","F",4,0,0,4,6,0,0,0,0,0,F,F,"1925PHI.EVN.regular.event.csv",2532
"PHI192507012","NY1",3,0,1,0,0,"",4,3,"jackt101","?","jackt101","?","mitcc102","?","mitcc102","?","henlb101","hawkc101","fonsl101","fribb101","sandh101","wrigr102","harpg101","burng101","meusi101","","terrb101","S6/G.3-H;1-2","F","F",6,7,20,"T","T",1,"F","F",0,"F","F",1,"F","F",6,"G","F","F","",0,0,"N",0,"N",0,"N",1,2,0,4,"","","","","F","F","F","F","F","F","F","F","F","mitcc102","","mitcc102","F","F","F","F","F","","","","",0,0,0,0,0,0,0,0,0,26,"PHI","NY1","PHI",0,"F","F",4,3,3,15,6,"T","F",5,3,"T","T","snydf101","barnv101","T","T",7,6,25,0,0,0,3,4,23,"henlb101","","henlb101",0,0,0,0,0,0,0,0,0,0,0,0,1,"sandh101","F","F","F","F",4,4,0,4,5,0,0,0,0,0,F,F,"1925PHI.EVN.regular.event.csv",2533
"PHI192507012","NY1",3,0,1,0,0,"",5,3,"snydf101","?","snydf101","?","knigj103","?","knigj103","?","henlb101","hawkc101","fonsl101","fribb101","sandh101","wrigr102","harpg101","burng101","jackt101","meusi101","","S7.2-H;1-2","F","F",2,8,20,"T","T",1,"F","F",0,"F","F",1,"F","F",7,"","F","F","",0,0,"N",0,"N",0,"N",1,2,4,0,"","","","","F","F","F","F","F","F","F","F","F","mitcc102","mitcc102","","F","F","F","F","F","","","","",0,0,0,0,0,0,0,0,0,27,"PHI","NY1","PHI",0,"F","F",5,3,4,16,7,"T","F",3,3,"T","T","barnv101","younr101","F","F",6,7,26,7,6,25,0,0,0,"henlb101","henlb101","",0,0,0,0,0,0,0,0,0,0,0,0,1,"wrigr102","F","F","F","F",4,4,4,0,4,0,0,0,0,0,F,F,"1925PHI.EVN.regular.event.csv",2534
"PHI192507012","NY1",3,0,1,0,0,"",6,3,"barnv101","?","barnv101","?","knigj103","?","knigj103","?","henlb101","hawkc101","fonsl101","fribb101","sandh101","wrigr102","harpg101","burng101","snydf101","jackt101","","S9.2-3;1-2","F","F",1,9,20,"T","T",1,"F","F",0,"F","F",0,"F","F",9,"","F","F","",0,0,"N",0,"N",0,"N",1,2,3,0,"","","","","F","F","F","F","F","F","F","F","F","knigj103","mitcc102","","F","F","F","F","F","","","","",0,0,0,0,0,0,0,0,0,28,"PHI","NY1","PHI",0,"F","F",6,3,5,17,8,"T","F",3,7,"T","T","younr101","wilsh102","F","F",2,8,27,6,7,26,0,0,0,"henlb101","henlb101","",0,0,0,0,0,0,0,0,0,0,0,0,0,"burng101","F","F","F","F",0,4,4,0,4,0,0,0,0,0,F,F,"1925PHI.EVN.regular.event.csv",2535
"PHI192507012","NY1",3,0,1,0,0,"",6,3,"younr101","?","younr101","?","knigj103","?","knigj103","?","henlb101","hawkc101","fonsl101","fribb101","sandh101","wrigr102","harpg101","burng101","barnv101","snydf101","jackt101","46(1)/FO.3-H;2-3","F","F",9,1,2,"T","T",0,"F","F",1,"F","F",1,"F","F",4,"G","F","F","",0,0,"N",0,"N",0,"N",1,0,3,4,"","46","","","F","F","F","F","F","F","F","F","F","knigj103","knigj103","mitcc102","F","F","F","F","F","","","","",0,6,0,0,4,0,0,0,0,29,"PHI","NY1","PHI",0,"F","F",6,3,5,18,9,"T","F",7,5,"T","T","wilsh102","frisf101","F","F",1,9,28,2,8,27,6,7,26,"henlb101","henlb101","henlb101",0,0,0,0,0,0,0,0,0,0,0,0,1,"fonsl101","T","F","F","F",4,0,4,4,3,0,0,0,0,0,F,F,"1925PHI.EVN.regular.event.csv",2536
"PHI192507012","NY1",3,0,2,0,0,"",7,3,"wilsh102","?","wilsh102","?","knigj103","?","knigj103","?","henlb101","hawkc101","fonsl101","fribb101","sandh101","wrigr102","harpg101","burng101","younr101","","snydf101","HR/F89XD.3-H;1-H","F","F",8,2,23,"T","T",4,"F","F",0,"F","F",3,"F","F",0,"F","F","F","89XD",0,0,"N",0,"N",0,"N",4,4,0,4,"","","","","F","F","F","F","F","F","F","F","F","knigj103","","knigj103","F","F","F","F","F","","","","",0,0,0,0,0,0,0,0,0,30,"PHI","NY1","PHI",0,"F","F",7,3,6,19,10,"T","F",5,0,"T","T","frisf101","terrb101","F","F",9,1,29,0,0,0,2,8,27,"henlb101","","henlb101",0,0,0,0,0,0,0,0,0,0,0,0,3,"","F","F","F","F",4,4,0,4,0,0,0,0,0,0,F,F,"1925PHI.EVN.regular.event.csv",2537
"PHI192507012","NY1",3,0,2,0,0,"",10,3,"frisf101","?","frisf101","?","coucj101","?","coucj101","?","henlb101","hawkc101","fonsl101","fribb101","sandh101","wrigr102","harpg101","burng101","","","","S8/G46","F","F",5,3,20,"T","T",1,"F","F",0,"F","F",0,"F","F",8,"G","F","F","46",0,0,"N",0,"N",0,"N",1,0,0,0,"","","","","F","F","F","F","F","F","F","F","F","","","","F","F","F","F","F","","","","",0,0,0,0,0,0,0,0,0,31,"PHI","NY1","PHI",0,"F","F",10,3,9,20,11,"T","F",0,1,"T","T","terrb101","kellg101","F","F",0,0,0,0,0,0,0,0,0,"","","",0,0,0,0,0,0,0,0,0,0,0,0,0,"harpg101","F","F","F","F",0,0,0,0,0,0,0,0,0,0,F,F,"1925PHI.EVN.regular.event.csv",2538
"PHI192507012","NY1",3,0,2,0,0,"",10,3,"terrb101","?","terrb101","?","coucj101","?","coucj101","?","henlb101","hawkc101","fonsl101","fribb101","sandh101","wrigr102","harpg101","burng101","frisf101","","","8/F","F","F",3,4,2,"T","T",0,"F","F",1,"F","F",0,"F","F",8,"F","F","F","",0,0,"N",0,"N",0,"N",0,1,0,0,"8","","","","F","F","F","F","F","F","F","F","F","coucj101","","","F","F","F","F","F","","","","",0,8,0,0,0,0,0,0,0,32,"PHI","NY1","PHI",0,"F","T",10,3,9,21,12,"T","F",1,1,"T","T","kellg101","meusi101","F","F",5,3,31,0,0,0,0,0,0,"henlb101","","",0,0,0,0,0,0,0,0,0,0,0,0,0,"harpg101","F","F","F","F",0,0,0,0,0,0,0,0,0,0,F,F,"1925PHI.EVN.regular.event.csv",2539
"PHI192507012","NY1",3,1,0,0,0,"",10,3,"fonsl101","?","fonsl101","?","barnv101","?","barnv101","?","snydf101","terrb101","kellg101","frisf101","jackt101","meusi101","wilsh102","younr101","","","","63","T","F",4,2,2,"T","T",0,"F","F",1,"F","F",0,"F","F",6,"G","F","F","",0,0,"N",0,"N",0,"N",0,0,0,0,"63","","","","F","F","F","F","F","F","F","F","F","","","","F","F","F","F","F","","","","",0,3,0,0,6,0,0,0,0,33,"PHI","PHI","NY1",1,"T","F",3,10,0,10,0,"T","F",0,0,"T","T","wrigr102","harpg101","T","T",0,0,0,0,0,0,0,0,0,"","","",0,0,0,0,0,0,0,0,0,0,0,0,0,"jackt101","F","F","F","F",0,0,0,0,0,0,0,0,0,0,F,F,"1925PHI.EVN.regular.event.csv",2540
"PHI192507012","NY1",3,1,1,0,0,"",10,3,"wrigr102","?","wrigr102","?","barnv101","?","barnv101","?","snydf101","terrb101","kellg101","frisf101","jackt101","meusi101","wilsh102","younr101","","","","43","F","F",7,3,2,"T","T",0,"F","F",1,"F","F",0,"F","F",4,"G","F","F","",0,0,"N",0,"N",0,"N",0,0,0,0,"43","","","","F","F","F","F","F","F","F","F","F","","","","F","F","F","F","F","","","","",0,3,0,0,4,0,0,0,0,34,"PHI","PHI","NY1",1,"F","F",3,10,0,11,1,"T","F",0,0,"T","T","harpg101","henlb101","T","T",0,0,0,0,0,0,0,0,0,"","","",0,0,0,0,0,0,0,0,0,0,0,0,0,"kellg101","F","F","F","F",0,0,0,0,0,0,0,0,0,0,F,F,"1925PHI.EVN.regular.event.csv",2541
"PHI192507012","NY1",3,1,2,0,0,"",10,3,"harpg101","?","harpg101","?","barnv101","?","barnv101","?","snydf101","terrb101","kellg101","frisf101","jackt101","meusi101","wilsh102","younr101","","","","8/F","F","F",8,4,2,"T","T",0,"F","F",1,"F","F",0,"F","F",8,"F","F","F","",0,0,"N",0,"N",0,"N",0,0,0,0,"8","","","","F","F","F","F","F","F","F","F","F","","","","F","F","F","F","F","","","","",0,8,0,0,0,0,0,0,0,35,"PHI","PHI","NY1",1,"F","T",3,10,0,12,2,"T","F",0,0,"T","T","henlb101","hawkc101","T","T",0,0,0,0,0,0,0,0,0,"","","",0,0,0,0,0,0,0,0,0,0,0,0,0,"wilsh102","F","F","F","F",0,0,0,0,0,0,0,0,0,0,F,F,"1925PHI.EVN.regular.event.csv",2542
"PHI192507012","NY1",4,0,0,0,0,"",10,3,"kellg101","?","kellg101","?","coucj101","?","coucj101","?","henlb101","hawkc101","fonsl101","fribb101","sandh101","wrigr102","harpg101","burng101","","","","13","T","F",4,5,2,"T","T",0,"F","F",1,"F","F",0,"F","F",1,"G","F","F","",0,0,"N",0,"N",0,"N",0,0,0,0,"13","","","","F","F","F","F","F","F","F","F","F","","","","F","F","F","F","F","","","","",0,3,0,0,1,0,0,0,0,36,"PHI","NY1","PHI",0,"T","F",10,3,0,22,0,"T","F",0,0,"T","T","meusi101","jackt101","F","F",0,0,0,0,0,0,0,0,0,"","","",0,0,0,0,0,0,0,0,0,0,0,0,0,"coucj101","F","F","F","F",0,0,0,0,1,0,0,0,0,0,F,F,"1925PHI.EVN.regular.event.csv",2543
"PHI192507012","NY1",4,0,1,0,0,"",10,3,"meusi101","?","meusi101","?","coucj101","?","coucj101","?","henlb101","hawkc101","fonsl101","fribb101","sandh101","wrigr102","harpg101","burng101","","","","HR/F78XD","F","F",7,6,23,"T","T",4,"F","F",0,"F","F",1,"F","F",0,"F","F","F","78XD",0,0,"N",0,"N",0,"N",4,0,0,0,"","","","","F","F","F","F","F","F","F","F","F","","","","F","F","F","F","F","","","","",0,0,0,0,0,0,0,0,0,37,"PHI","NY1","PHI",0,"F","F",10,3,0,23,1,"T","F",0,0,"T","T","jackt101","snydf101","F","F",0,0,0,0,0,0,0,0,0,"","","",0,0,0,0,0,0,0,0,0,0,0,0,1,"","F","F","F","F",4,0,0,0,0,0,0,0,0,0,F,F,"1925PHI.EVN.regular.event.csv",2544
"PHI192507012","NY1",4,0,1,0,0,"",11,3,"jackt101","?","jackt101","?","coucj101","?","coucj101","?","henlb101","hawkc101","fonsl101","fribb101","sandh101","wrigr102","harpg101","burng101","","","","W","F","F",6,7,14,"T","F",0,"F","F",0,"F","F",0,"F","F",0,"","F","F","",0,0,"N",0,"N",0,"N",1,0,0,0,"","","","","F","F","F","F","F","F","F","F","F","","","","F","F","F","F","F","","","","",0,0,0,0,0,0,0,0,0,38,"PHI","NY1","PHI",0,"F","F",11,3,1,24,2,"T","F",0,1,"T","T","snydf101","barnv101","F","F",0,0,0,0,0,0,0,0,0,"","","",0,0,0,0,0,0,0,0,0,0,0,0,0,"","F","F","F","F",0,0,0,0,0,0,0,0,0,0,F,F,"1925PHI.EVN.regular.event.csv",2545
"PHI192507012","NY1",4,0,1,0,0,"",11,3,"snydf101","?","snydf101","?","coucj101","?","coucj101","?","henlb101","hawkc101","fonsl101","fribb101","sandh101","wrigr102","harpg101","burng101","jackt101","","","46(1)3/GDP","F","F",2,8,2,"T","T",0,"F","F",2,"T","F",0,"F","F",4,"G","F","F","",0,0,"N",0,"N",0,"N",0,0,0,0,"63","46","","","F","F","F","F","F","F","F","F","F","coucj101","","","F","F","F","F","F","","","","",0,6,3,0,4,6,0,0,0,39,"PHI","NY1","PHI",0,"F","T",11,3,1,25,3,"T","F",1,0,"T","T","barnv101","younr101","F","F",6,7,38,0,0,0,0,0,0,"henlb101","","",0,0,0,0,0,0,0,0,0,0,0,0,0,"fonsl101","T","F","F","F",0,0,0,0,0,0,0,0,0,0,F,F,"1925PHI.EVN.regular.event.csv",2546
"PHI192507012","NY1",4,1,0,0,0,"",11,3,"henlb101","?","henlb101","?","barnv101","?","barnv101","?","snydf101","terrb101","kellg101","frisf101","jackt101","meusi101","wilsh102","younr101","","","","S5/G","T","F",2,5,20,"T","T",1,"F","F",0,"F","F",0,"F","F",5,"G","F","F","",0,0,"N",0,"N",0,"N",1,0,0,0,"","","","","F","F","F","F","F","F","F","F","F","","","","F","F","F","F","F","","","","",0,0,0,0,0,0,0,0,0,40,"PHI","PHI","NY1",1,"T","F",3,11,0,13,0,"T","F",0,1,"T","T","hawkc101","fribb101","T","T",0,0,0,0,0,0,0,0,0,"","","",0,0,0,0,0,0,0,0,0,0,0,0,0,"frisf101","F","F","F","F",0,0,0,0,0,0,0,0,0,0,F,F,"1925PHI.EVN.regular.event.csv",2547
"PHI192507012","NY1",4,1,0,0,0,"",11,3,"hawkc101","?","hawkc101","?","barnv101","?","barnv101","?","snydf101","terrb101","kellg101","frisf101","jackt101","meusi101","wilsh102","younr101","henlb101","","","7/F","F","F",3,6,2,"T","T",0,"F","F",1,"F","F",0,"F","F",7,"F","F","F","",0,0,"N",0,"N",0,"N",0,1,0,0,"7","","","","F","F","F","F","F","F","F","F","F","barnv101","","","F","F","F","F","F","","","","",0,7,0,0,0,0,0,0,0,41,"PHI","PHI","NY1",1,"F","F",3,11,0,14,1,"T","F",1,1,"T","T","fribb101","sandh101","T","T",2,5,40,0,0,0,0,0,0,"snydf101","","",0,0,0,0,0,0,0,0,0,0,0,0,0,"meusi101","F","F","F","F",0,0,0,0,0,0,0,0,0,0,F,F,"1925PHI.EVN.regular.event.csv",2548
"PHI192507012","NY1",4,1,1,0,0,"",11,3,"fribb101","?","fribb101","?","barnv101","?","barnv101","?","snydf101","terrb101","kellg101","frisf101","jackt101","meusi101","wilsh102","younr101","henlb101","","","14(1)/FO","F","F",5,7,2,"T","T",0,"F","F",1,"F","F",0,"F","F",1,"G","F","F","",0,0,"N",0,"N",0,"N",1,0,0,0,"","14","","","F","F","F","F","F","F","F","F","F","barnv101","","","F","F","F","F","F","","","","",0,4,0,0,1,0,0,0,0,42,"PHI","PHI","NY1",1,"F","F",3,11,0,15,2,"T","F",1,1,"T","T","sandh101","coucj101","T","T",2,5,40,0,0,0,0,0,0,"snydf101","","",0,0,0,0,0,0,0,0,0,0,0,0,0,"barnv101","T","F","F","F",3,0,0,0,0,0,0,0,0,0,F,F,"1925PHI.EVN.regular.event.csv",2549
"PHI192507012","NY1",4,1,2,0,0,"",11,3,"sandh101","?","sandh101","?","barnv101","?","barnv101","?","snydf101","terrb101","kellg101","frisf101","jackt101","meusi101","wilsh102","younr101","fribb101","","","S9/9DW.1-3","F","F",6,8,20,"T","T",1,"F","F",0,"F","F",0,"F","F",9,"","F","F","9DW",0,0,"N",0,"N",0,"N",1,3,0,0,"","","","","F","F","F","F","F","F","F","F","F","barnv101","","","F","F","F","F","F","","","","",0,0,0,0,0,0,0,0,0,43,"PHI","PHI","NY1",1,"F","F",3,11,0,16,3,"T","F",1,5,"T","T","coucj101","burng101","T","T",5,7,42,0,0,0,0,0,0,"snydf101","","",0,0,0,0,0,0,0,0,0,0,0,0,0,"younr101","F","F","F","F",1,3,0,0,0,0,0,0,0,0,F,F,"1925PHI.EVN.regular.event.csv",2550
"PHI192507012","NY1",4,1,2,0,0,"",11,3,"coucj101","?","coucj101","?","barnv101","?","barnv101","?","snydf101","terrb101","kellg101","frisf101","jackt101","meusi101","wilsh102","younr101","sandh101","","fribb101","8/F8XD","F","F",1,9,2,"T","T",0,"F","F",1,"F","F",0,"F","F",8,"F","F","F","8XD",0,0,"N",0,"N",0,"N",0,1,0,3,"8","","","","F","F","F","F","F","F","F","F","F","barnv101","","barnv101","F","F","F","F","F","","","","",0,8,0,0,0,0,0,0,0,44,"PHI","PHI","NY1",1,"F","T",3,11,0,17,4,"T","F",5,5,"F","F","burng101","fonsl101","T","T",6,8,43,0,0,0,5,7,42,"snydf101","","snydf101",0,0,0,0,0,0,0,0,0,0,0,0,0,"wilsh102","F","F","F","F",0,1,0,3,0,0,0,0,0,0,F,F,"1925PHI.EVN.regular.event.csv",2551
"PHI192507012","NY1",5,0,0,0,0,"",11,3,"barnv101","?","barnv101","?","coucj101","?","coucj101","?","wendl101","hawkc101","fonsl101","fribb101","sandh101","wrigr102","harpg101","burng101","","","","7/F","T","F",1,9,2,"T","T",0,"F","F",1,"F","F",0,"F","F",7,"F","F","F","",0,0,"N",0,"N",0,"N",0,0,0,0,"7","","","","F","F","F","F","F","F","F","F","F","","","","F","F","F","F","F","","","","",0,7,0,0,0,0,0,0,0,45,"PHI","NY1","PHI",0,"T","F",11,3,0,26,0,"T","F",0,0,"T","T","younr101","wilsh102","F","F",0,0,0,0,0,0,0,0,0,"","","",0,0,0,0,0,0,0,0,0,0,0,0,0,"wrigr102","F","F","F","F",0,0,0,0,1,0,0,0,0,0,F,F,"1925PHI.EVN.regular.event.csv",2552
"PHI192507012","NY1",5,0,1,0,0,"",11,3,"younr101","?","younr101","?","coucj101","?","coucj101","?","wendl101","hawkc101","fonsl101","fribb101","sandh101","wrigr102","harpg101","burng101","","","","3/G","F","F",9,1,2,"T","T",0,"F","F",1,"F","F",0,"F","F",3,"G","F","F","",0,0,"N",0,"N",0,"N",0,0,0,0,"3","","","","F","F","F","F","F","F","F","F","F","","","","F","F","F","F","F","","","","",0,3,0,0,0,0,0,0,0,46,"PHI","NY1","PHI",0,"F","F",11,3,0,27,1,"T","F",0,0,"T","T","wilsh102","frisf101","F","F",0,0,0,0,0,0,0,0,0,"","","",0,0,0,0,0,0,0,0,0,0,0,0,0,"hawkc101","F","F","F","F",0,0,0,0,1,0,0,0,0,0,F,F,"1925PHI.EVN.regular.event.csv",2553
"PHI192507012","NY1",5,0,2,0,0,"",11,3,"wilsh102","?","wilsh102","?","coucj101","?","coucj101","?","wendl101","hawkc101","fonsl101","fribb101","sandh101","wrigr102","harpg101","burng101","","","","D9/9DW","F","F",8,2,21,"T","T",2,"F","F",0,"F","F",0,"F","F",9,"","F","F","9DW",0,0,"N",0,"N",0,"N",2,0,0,0,"","","","","F","F","F","F","F","F","F","F","F","","","","F","F","F","F","F","","","","",0,0,0,0,0,0,0,0,0,47,"PHI","NY1","PHI",0,"F","F",11,3,0,28,2,"T","F",0,2,"T","T","frisf101","terrb101","F","F",0,0,0,0,0,0,0,0,0,"","","",0,0,0,0,0,0,0,0,0,0,0,0,0,"burng101","F","F","F","F",4,0,0,0,1,0,0,0,0,0,F,F,"1925PHI.EVN.regular.event.csv",2554
"PHI192507012","NY1",5,0,2,0,0,"",11,3,"frisf101","?","frisf101","?","coucj101","?","coucj101","?","wendl101","hawkc101","fonsl101","fribb101","sandh101","wrigr102","harpg101","burng101","","wilsh102","","S7.2-H","F","F",5,3,20,"T","T",1,"F","F",0,"F","F",1,"F","F",7,"","F","F","",0,0,"N",0,"N",0,"N",1,0,4,0,"","","","","F","F","F","F","F","F","F","F","F","","coucj101","","F","F","F","F","F","","","","",0,0,0,0,0,0,0,0,0,48,"PHI","NY1","PHI",0,"F","F",11,3,0,29,3,"T","F",2,1,"T","T","terrb101","kellg101","F","F",0,0,0,8,2,47,0,0,0,"","wendl101","",0,0,0,0,0,0,0,0,0,0,0,0,1,"wrigr102","F","F","F","F",1,0,4,0,0,0,0,0,0,0,F,F,"1925PHI.EVN.regular.event.csv",2555
"PHI192507012","NY1",5,0,2,0,0,"",12,3,"terrb101","?","terrb101","?","coucj101","?","coucj101","?","wendl101","hawkc101","fonsl101","fribb101","sandh101","wrigr102","harpg101","burng101","frisf101","","","43","F","F",3,4,2,"T","T",0,"F","F",1,"F","F",0,"F","F",4,"G","F","F","",0,0,"N",0,"N",0,"N",0,1,0,0,"43","","","","F","F","F","F","F","F","F","F","F","coucj101","","","F","F","F","F","F","","","","",0,3,0,0,4,0,0,0,0,49,"PHI","NY1","PHI",0,"F","T",12,3,1,30,4,"T","F",1,1,"T","T","kellg101","meusi101","F","F",5,3,48,0,0,0,0,0,0,"wendl101","","",0,0,0,0,0,0,0,0,0,0,0,0,0,"fonsl101","F","F","F","F",0,1,0,0,0,0,0,0,0,0,F,F,"1925PHI.EVN.regular.event.csv",2556
"PHI192507012","NY1",5,1,0,0,0,"",12,3,"willc103","?","willc103","?","barnv101","?","barnv101","?","snydf101","terrb101","kellg101","frisf101","jackt101","meusi101","wilsh102","younr101","","","","13","T","T",11,1,2,"T","T",0,"F","F",1,"F","F",0,"F","F",1,"G","F","F","",0,0,"N",0,"N",0,"N",0,0,0,0,"13","","","","F","F","F","F","F","F","F","F","F","","","","F","F","F","F","F","","","","burng101",9,3,0,0,1,0,0,0,0,50,"PHI","PHI","NY1",1,"T","F",3,12,0,18,0,"T","F",0,0,"F","F","fonsl101","wrigr102","T","T",0,0,0,0,0,0,0,0,0,"","","",0,0,0,0,0,0,0,0,0,0,0,0,0,"barnv101","F","F","F","F",0,0,0,0,0,0,0,0,0,0,F,F,"1925PHI.EVN.regular.event.csv",2557
"PHI192507012","NY1",5,1,1,0,0,"",12,3,"fonsl101","?","fonsl101","?","barnv101","?","barnv101","?","snydf101","terrb101","kellg101","frisf101","jackt101","meusi101","wilsh102","younr101","","","","W","F","F",4,2,14,"T","F",0,"F","F",0,"F","F",0,"F","F",0,"","F","F","",0,0,"N",0,"N",0,"N",1,0,0,0,"","","","","F","F","F","F","F","F","F","F","F","","","","F","F","F","F","F","","","","",0,0,0,0,0,0,0,0,0,51,"PHI","PHI","NY1",1,"F","F",3,12,0,19,1,"T","F",0,1,"T","T","wrigr102","harpg101","T","T",0,0,0,0,0,0,0,0,0,"","","",0,0,0,0,0,0,0,0,0,0,0,0,0,"","F","F","F","F",3,0,0,0,0,0,0,0,0,0,F,F,"1925PHI.EVN.regular.event.csv",2558
"PHI192507012","NY1",5,1,1,0,0,"",12,3,"wrigr102","?","wrigr102","?","barnv101","?","barnv101","?","snydf101","terrb101","kellg101","frisf101","jackt101","meusi101","wilsh102","younr101","fonsl101","","","43.1-2","F","F",7,3,2,"T","T",0,"F","F",1,"F","F",0,"F","F",4,"G","F","F","",0,0,"N",0,"N",0,"N",0,2,0,0,"43","","","","F","F","F","F","F","F","F","F","F","barnv101","","","F","F","F","F","F","","","","",0,3,0,0,4,0,0,0,0,52,"PHI","PHI","NY1",1,"F","F",3,12,0,20,2,"T","F",1,2,"T","T","harpg101","wendl101","T","T",4,2,51,0,0,0,0,0,0,"snydf101","","",0,0,0,0,0,0,0,0,0,0,0,0,0,"kellg101","F","F","F","F",0,3,0,0,0,0,0,0,0,0,F,F,"1925PHI.EVN.regular.event.csv",2559
"PHI192507012","NY1",5,1,2,0,0,"",12,3,"harpg101","?","harpg101","?","barnv101","?","barnv101","?","snydf101","terrb101","kellg101","frisf101","jackt101","meusi101","wilsh102","younr101","","fonsl101","","S4/G.2-3","F","F",8,4,20,"T","T",1,"F","F",0,"F","F",0,"F","F",4,"G","F","F","",0,0,"N",0,"N",0,"N",1,0,3,0,"","","","","F","F","F","F","F","F","F","F","F","","barnv101","","F","F","F","F","F","","","","",0,0,0,0,0,0,0,0,0,53,"PHI","PHI","NY1",1,"F","F",3,12,0,21,3,"T","F",2,5,"T","T","wendl101","hawkc101","T","T",0,0,0,4,2,51,0,0,0,"","snydf101","",0,0,0,0,0,0,0,0,0,0,0,0,0,"kellg101","F","F","F","F",1,0,3,0,0,0,0,0,0,0,F,F,"1925PHI.EVN.regular.event.csv",2560
"PHI192507012","NY1",5,1,2,0,0,"",12,3,"wendl101","?","wendl101","?","barnv101","?","barnv101","?","snydf101","terrb101","kellg101","frisf101","jackt101","meusi101","wilsh102","younr101","harpg101","","fonsl101","8/F","F","F",2,5,2,"T","T",0,"F","F",1,"F","F",0,"F","F",8,"F","F","F","",0,0,"N",0,"N",0,"N",0,1,0,3,"8","","","","F","F","F","F","F","F","F","F","F","barnv101","","barnv101","F","F","F","F","F","","","","",0,8,0,0,0,0,0,0,0,54,"PHI","PHI","NY1",1,"F","T",3,12,0,22,4,"T","F",5,5,"F","F","hawkc101","fribb101","T","T",8,4,53,0,0,0,4,2,51,"snydf101","","snydf101",0,0,0,0,0,0,0,0,0,0,0,0,0,"wilsh102","F","F","F","F",0,1,0,3,0,0,0,0,0,0,F,F,"1925PHI.EVN.regular.event.csv",2561
"PHI192507012","NY1",6,0,0,0,0,"",12,3,"kellg101","?","kellg101","?","coucj101","?","coucj101","?","wendl101","hawkc101","fonsl101","fribb101","sandh101","wrigr102","harpg101","willc103","","","","S8.B-2(E8)","T","F",4,5,20,"T","T",1,"F","F",0,"F","F",0,"F","F",8,"","F","F","",1,8,"F",0,"N",0,"N",2,0,0,0,"","","","","F","F","F","F","F","F","F","F","F","","","","F","F","F","F","F","","","","",0,0,0,0,0,0,0,0,0,55,"PHI","NY1","PHI",0,"T","F",12,3,0,31,0,"T","F",0,2,"T","T","meusi101","jackt101","F","F",0,0,0,0,0,0,0,0,0,"","","",0,0,0,0,0,0,0,0,0,0,0,0,0,"harpg101","F","F","F","F",4,0,0,0,2,0,0,0,0,0,F,F,"1925PHI.EVN.regular.event.csv",2562
"PHI192507012","NY1",6,0,0,0,0,"",12,3,"meusi101","?","meusi101","?","coucj101","?","coucj101","?","wendl101","hawkc101","fonsl101","fribb101","sandh101","wrigr102","harpg101","willc103","","kellg101","","9/F9D.2-3","F","F",7,6,2,"T","T",0,"F","F",1,"F","F",0,"F","F",9,"F","F","F","9D",0,0,"N",0,"N",0,"N",0,0,3,0,"9","","","","F","F","F","F","F","F","F","F","F","","coucj101","","F","F","F","F","F","","","","",0,9,0,0,0,0,0,0,0,56,"PHI","NY1","PHI",0,"F","F",12,3,0,32,1,"T","F",2,4,"T","T","jackt101","snydf101","F","F",0,0,0,4,5,55,0,0,0,"","wendl101","",0,0,0,0,0,0,0,0,0,0,0,0,0,"willc103","F","F","F","F",0,0,4,0,2,0,0,0,0,0,F,F,"1925PHI.EVN.regular.event.csv",2563
"PHI192507012","NY1",6,0,1,0,0,"",12,3,"jackt101","?","jackt101","?","coucj101","?","coucj101","?","wendl101","hawkc101","fonsl101","fribb101","sandh101","wrigr102","harpg101","willc103","","","kellg101","8/F8XD/SF.3-H","F","F",6,7,2,"T","F",0,"F","T",1,"F","F",1,"F","F",8,"F","F","F","8XD",0,0,"N",0,"N",0,"N",0,0,0,4,"8","","","","F","F","F","F","F","F","F","F","F","","","coucj101","F","F","F","F","F","","","","",0,8,0,0,0,0,0,0,0,57,"PHI","NY1","PHI",0,"F","F",12,3,0,33,2,"T","F",4,0,"T","T","snydf101","barnv101","F","F",0,0,0,0,0,0,4,5,55,"","","wendl101",0,0,0,0,0,0,0,0,0,0,0,0,1,"harpg101","F","F","F","F",0,0,0,4,1,0,0,0,0,0,F,F,"1925PHI.EVN.regular.event.csv",2564
"PHI192507012","NY1",6,0,2,0,0,"",13,3,"snydf101","?","snydf101","?","coucj101","?","coucj101","?","wendl101","hawkc101","fonsl101","fribb101","sandh101","wrigr102","harpg101","willc103","","","","HR/F9D","F","F",2,8,23,"T","T",4,"F","F",0,"F","F",1,"F","F",0,"F","F","F","9D",0,0,"N",0,"N",0,"N",4,0,0,0,"","","","","F","F","F","F","F","F","F","F","F","","","","F","F","F","F","F","","","","",0,0,0,0,0,0,0,0,0,58,"PHI","NY1","PHI",0,"F","F",13,3,1,34,3,"T","F",0,0,"T","T","barnv101","younr101","F","F",0,0,0,0,0,0,0,0,0,"","","",0,0,0,0,0,0,0,0,0,0,0,0,1,"","F","F","F","F",4,0,0,0,0,0,0,0,0,0,F,F,"1925PHI.EVN.regular.event.csv",2565
"PHI192507012","NY1",6,0,2,0,0,"",14,3,"barnv101","?","barnv101","?","coucj101","?","coucj101","?","wendl101","hawkc101","fonsl101","fribb101","sandh101","wrigr102","harpg101","willc103","","","","S8","F","F",1,9,20,"T","T",1,"F","F",0,"F","F",0,"F","F",8,"","F","F","",0,0,"N",0,"N",0,"N",1,0,0,0,"","","","","F","F","F","F","F","F","F","F","F","","","","F","F","F","F","F","","","","",0,0,0,0,0,0,0,0,0,59,"PHI","NY1","PHI",0,"F","F",14,3,2,35,4,"T","F",0,1,"T","T","younr101","wilsh102","F","F",0,0,0,0,0,0,0,0,0,"","","",0,0,0,0,0,0,0,0,0,0,0,0,0,"harpg101","F","F","F","F",2,0,0,0,0,0,0,0,0,0,F,F,"1925PHI.EVN.regular.event.csv",2566
"PHI192507012","NY1",6,0,2,0,0,"",14,3,"younr101","?","younr101","?","coucj101","?","coucj101","?","wendl101","hawkc101","fonsl101","fribb101","sandh101","wrigr102","harpg101","willc103","barnv101","","","S8/8S.1-2","F","F",9,1,20,"T","T",1,"F","F",0,"F","F",0,"F","F",8,"","F","F","8S",0,0,"N",0,"N",0,"N",1,2,0,0,"","","","","F","F","F","F","F","F","F","F","F","coucj101","","","F","F","F","F","F","","","","",0,0,0,0,0,0,0,0,0,60,"PHI","NY1","PHI",0,"F","F",14,3,2,36,5,"T","F",1,3,"T","T","wilsh102","frisf101","F","F",1,9,59,0,0,0,0,0,0,"wendl101","","",0,0,0,0,0,0,0,0,0,0,0,0,0,"harpg101","F","F","F","F",1,2,0,0,0,0,0,0,0,0,F,F,"1925PHI.EVN.regular.event.csv",2567
"PHI192507012","NY1",6,0,2,0,0,"",14,3,"wilsh102","?","wilsh102","?","ulrid101","?","ulrid101","?","wendl101","hawkc101","fonsl101","fribb101","sandh101","wrigr102","harpg101","willc103","younr101","barnv101","","8/F","F","F",8,2,2,"T","T",0,"F","F",1,"F","F",0,"F","F",8,"F","F","F","",0,0,"N",0,"N",0,"N",0,1,2,0,"8","","","","F","F","F","F","F","F","F","F","F","coucj101","coucj101","","F","F","F","F","F","","","","",0,8,0,0,0,0,0,0,0,61,"PHI","NY1","PHI",0,"F","T",14,3,2,37,6,"T","F",3,3,"T","T","frisf101","terrb101","F","F",9,1,60,1,9,59,0,0,0,"wendl101","wendl101","",0,0,0,0,0,0,0,0,0,0,0,0,0,"harpg101","F","F","F","F",0,1,2,0,0,0,0,0,0,0,F,F,"1925PHI.EVN.regular.event.csv",2568
"PHI192507012","NY1",6,1,0,0,0,"",14,3,"hawkc101","?","hawkc101","?","barnv101","?","barnv101","?","snydf101","hartg102","kellg101","frisf101","jackt101","meusi101","wilsh102","younr101","","","","9/F","T","F",3,6,2,"T","T",0,"F","F",1,"F","F",0,"F","F",9,"F","F","F","",0,0,"N",0,"N",0,"N",0,0,0,0,"9","","","","F","F","F","F","F","F","F","F","F","","","","F","F","F","F","F","","","","",0,9,0,0,0,0,0,0,0,62,"PHI","PHI","NY1",1,"T","F",3,14,0,23,0,"T","F",0,0,"T","T","fribb101","sandh101","T","T",0,0,0,0,0,0,0,0,0,"","","",0,0,0,0,0,0,0,0,0,0,0,0,0,"younr101","F","F","F","F",0,0,0,0,1,0,0,0,0,0,F,F,"1925PHI.EVN.regular.event.csv",2569
"PHI192507012","NY1",6,1,1,0,0,"",14,3,"fribb101","?","fribb101","?","barnv101","?","barnv101","?","snydf101","hartg102","kellg101","frisf101","jackt101","meusi101","wilsh102","younr101","","","","D8/89XD","F","F",5,7,21,"T","T",2,"F","F",0,"F","F",0,"F","F",8,"","F","F","89XD",0,0,"N",0,"N",0,"N",2,0,0,0,"","","","","F","F","F","F","F","F","F","F","F","","","","F","F","F","F","F","","","","",0,0,0,0,0,0,0,0,0,63,"PHI","PHI","NY1",1,"F","F",3,14,0,24,1,"T","F",0,2,"T","T","sandh101","ulrid101","T","T",0,0,0,0,0,0,0,0,0,"","","",0,0,0,0,0,0,0,0,0,0,0,0,0,"wilsh102","F","F","F","F",4,0,0,0,1,0,0,0,0,0,F,F,"1925PHI.EVN.regular.event.csv",2570
"PHI192507012","NY1",6,1,1,0,0,"",14,3,"kimmw101","?","kimmw101","?","barnv101","?","barnv101","?","snydf101","hartg102","kellg101","frisf101","jackt101","meusi101","wilsh102","younr101","","fribb101","","S8.2-H","F","T",11,8,20,"T","T",1,"F","F",0,"F","F",1,"F","F",8,"","F","F","",0,0,"N",0,"N",0,"N",1,0,4,0,"","","","","F","F","F","F","F","F","F","F","F","","barnv101","","F","F","F","F","F","","","","sandh101",6,0,0,0,0,0,0,0,0,64,"PHI","PHI","NY1",1,"F","F",3,14,0,25,2,"T","F",2,1,"F","F","ulrid101","willc103","T","T",0,0,0,5,7,63,0,0,0,"","snydf101","",0,0,0,0,0,0,0,0,0,0,0,0,1,"wilsh102","F","F","F","F",1,0,4,0,0,0,0,0,0,0,F,F,"1925PHI.EVN.regular.event.csv",2571
"PHI192507012","NY1",6,1,1,0,0,"",14,4,"ulrid101","?","ulrid101","?","barnv101","?","barnv101","?","snydf101","hartg102","kellg101","frisf101","jackt101","meusi101","wilsh102","younr101","kimmw101","","","K","F","F",1,9,3,"T","T",0,"F","F",1,"F","F",0,"F","F",0,"","F","F","",0,0,"N",0,"N",0,"N",0,1,0,0,"2","","","","F","F","F","F","F","F","F","F","F","barnv101","","","F","F","F","F","F","","","","",0,2,0,0,0,0,0,0,0,65,"PHI","PHI","NY1",1,"F","F",4,14,1,26,3,"T","F",1,1,"F","F","willc103","fonsl101","T","T",0,8,64,0,0,0,0,0,0,"snydf101","","",0,0,0,0,0,0,0,0,0,0,0,0,0,"","F","F","F","F",0,1,0,0,0,0,0,0,0,0,F,F,"1925PHI.EVN.regular.event.csv",2572
"PHI192507012","NY1",6,1,2,0,0,"",14,4,"willc103","?","willc103","?","barnv101","?","barnv101","?","snydf101","hartg102","kellg101","frisf101","jackt101","meusi101","wilsh102","younr101","kimmw101","","","43","F","F",9,1,2,"T","T",0,"F","F",1,"F","F",0,"F","F",4,"G","F","F","",0,0,"N",0,"N",0,"N",0,1,0,0,"43","","","","F","F","F","F","F","F","F","F","F","barnv101","","","F","F","F","F","F","","","","",0,3,0,0,4,0,0,0,0,66,"PHI","PHI","NY1",1,"F","T",4,14,1,27,4,"T","F",1,1,"F","F","fonsl101","wrigr102","T","T",0,8,64,0,0,0,0,0,0,"snydf101","","",0,0,0,0,0,0,0,0,0,0,0,0,0,"kellg101","F","F","F","F",0,1,0,0,0,0,0,0,0,0,F,F,"1925PHI.EVN.regular.event.csv",2573
"PHI192507012","NY1",7,0,0,0,0,"",14,4,"frisf101","?","frisf101","?","ulrid101","?","ulrid101","?","wendl101","hawkc101","fonsl101","hubec101","kimmw101","wrigr102","harpg101","willc103","","","","8/F","T","F",5,3,2,"T","T",0,"F","F",1,"F","F",0,"F","F",8,"F","F","F","",0,0,"N",0,"N",0,"N",0,0,0,0,"8","","","","F","F","F","F","F","F","F","F","F","","","","F","F","F","F","F","","","","",0,8,0,0,0,0,0,0,0,67,"PHI","NY1","PHI",0,"T","F",14,4,0,38,0,"T","F",0,0,"T","T","hartg102","kellg101","F","F",0,0,0,0,0,0,0,0,0,"","","",0,0,0,0,0,0,0,0,0,0,0,0,0,"harpg101","F","F","F","F",0,0,0,0,0,0,0,0,0,0,F,F,"1925PHI.EVN.regular.event.csv",2574
"PHI192507012","NY1",7,0,1,0,0,"",14,4,"hartg102","?","hartg102","?","ulrid101","?","ulrid101","?","wendl101","hawkc101","fonsl101","hubec101","kimmw101","wrigr102","harpg101","willc103","","","","6/P","F","F",3,4,2,"T","T",0,"F","F",1,"F","F",0,"F","F",6,"P","F","F","",0,0,"N",0,"N",0,"N",0,0,0,0,"6","","","","F","F","F","F","F","F","F","F","F","","","","F","F","F","F","F","","","","",0,6,0,0,0,0,0,0,0,68,"PHI","NY1","PHI",0,"F","F",14,4,0,39,1,"T","F",0,0,"F","F","kellg101","meusi101","F","F",0,0,0,0,0,0,0,0,0,"","","",0,0,0,0,0,0,0,0,0,0,0,0,0,"kimmw101","F","F","F","F",0,0,0,0,0,0,0,0,0,0,F,F,"1925PHI.EVN.regular.event.csv",2575
"PHI192507012","NY1",7,0,2,0,0,"",14,4,"kellg101","?","kellg101","?","ulrid101","?","ulrid101","?","wendl101","hawkc101","fonsl101","hubec101","kimmw101","wrigr102","harpg101","willc103","","","","5/FL","F","F",4,5,2,"T","T",0,"F","F",1,"F","F",0,"F","F",5,"F","F","T","",0,0,"N",0,"N",0,"N",0,0,0,0,"5","","","","F","F","F","F","F","F","F","F","F","","","","F","F","F","F","F","","","","",0,5,0,0,0,0,0,0,0,69,"PHI","NY1","PHI",0,"F","T",14,4,0,40,2,"T","F",0,0,"T","T","meusi101","jackt101","F","F",0,0,0,0,0,0,0,0,0,"","","",0,0,0,0,0,0,0,0,0,0,0,0,0,"hubec101","F","F","F","F",0,0,0,0,0,0,0,0,0,0,F,F,"1925PHI.EVN.regular.event.csv",2576
"PHI192507012","NY1",7,1,0,0,0,"",14,4,"fonsl101","?","fonsl101","?","barnv101","?","barnv101","?","snydf101","hartg102","farrd101","frisf101","jackt101","meusi101","wilsh102","younr101","","","","43","T","F",4,2,2,"T","T",0,"F","F",1,"F","F",0,"F","F",4,"G","F","F","",0,0,"N",0,"N",0,"N",0,0,0,0,"43","","","","F","F","F","F","F","F","F","F","F","","","","F","F","F","F","F","","","","",0,3,0,0,4,0,0,0,0,70,"PHI","PHI","NY1",1,"T","F",4,14,0,28,0,"T","F",0,0,"T","T","wrigr102","harpg101","T","T",0,0,0,0,0,0,0,0,0,"","","",0,0,0,0,0,0,0,0,0,0,0,0,0,"farrd101","F","F","F","F",0,0,0,0,0,0,0,0,0,0,F,F,"1925PHI.EVN.regular.event.csv",2577
"PHI192507012","NY1",7,1,1,0,0,"",14,4,"wrigr102","?","wrigr102","?","barnv101","?","barnv101","?","snydf101","hartg102","farrd101","frisf101","jackt101","meusi101","wilsh102","younr101","","","","S8","F","F",7,3,20,"T","T",1,"F","F",0,"F","F",0,"F","F",8,"","F","F","",0,0,"N",0,"N",0,"N",1,0,0,0,"","","","","F","F","F","F","F","F","F","F","F","","","","F","F","F","F","F","","","","",0,0,0,0,0,0,0,0,0,71,"PHI","PHI","NY1",1,"F","F",4,14,0,29,1,"T","F",0,1,"T","T","harpg101","wendl101","T","T",0,0,0,0,0,0,0,0,0,"","","",0,0,0,0,0,0,0,0,0,0,0,0,0,"wilsh102","F","F","F","F",0,0,0,0,0,0,0,0,0,0,F,F,"1925PHI.EVN.regular.event.csv",2578
"PHI192507012","NY1",7,1,1,0,0,"",14,4,"harpg101","?","harpg101","?","barnv101","?","barnv101","?","snydf101","hartg102","farrd101","frisf101","jackt101","meusi101","wilsh102","younr101","wrigr102","","","S9.1-2","F","F",8,4,20,"T","T",1,"F","F",0,"F","F",0,"F","F",9,"","F","F","",0,0,"N",0,"N",0,"N",1,2,0,0,"","","","","F","F","F","F","F","F","F","F","F","barnv101","","","F","F","F","F","F","","","","",0,0,0,0,0,0,0,0,0,72,"PHI","PHI","NY1",1,"F","F",4,14,0,30,2,"T","F",1,3,"T","T","wendl101","hawkc101","T","T",7,3,71,0,0,0,0,0,0,"snydf101","","",0,0,0,0,0,0,0,0,0,0,0,0,0,"younr101","F","F","F","F",0,0,0,0,0,0,0,0,0,0,F,F,"1925PHI.EVN.regular.event.csv",2579
"PHI192507012","NY1",7,1,1,0,0,"",14,4,"wendl101","?","wendl101","?","barnv101","?","barnv101","?","snydf101","hartg102","farrd101","frisf101","jackt101","meusi101","wilsh102","younr101","harpg101","wrigr102","","S9.2-3;1-2","F","F",2,5,20,"T","T",1,"F","F",0,"F","F",0,"F","F",9,"","F","F","",0,0,"N",0,"N",0,"N",1,2,3,0,"","","","","F","F","F","F","F","F","F","F","F","barnv101","barnv101","","F","F","F","F","F","","","","",0,0,0,0,0,0,0,0,0,73,"PHI","PHI","NY1",1,"F","F",4,14,0,31,3,"T","F",3,7,"F","F","hawkc101","hubec101","T","T",8,4,72,7,3,71,0,0,0,"snydf101","snydf101","",0,0,0,0,0,0,0,0,0,0,0,0,0,"younr101","F","F","F","F",0,0,0,0,0,0,0,0,0,0,F,F,"1925PHI.EVN.regular.event.csv",2580
"PHI192507012","NY1",7,1,1,0,0,"",14,4,"hawkc101","?","hawkc101","?","barnv101","?","barnv101","?","snydf101","hartg102","farrd101","frisf101","jackt101","meusi101","wilsh102","younr101","wendl101","harpg101","wrigr102","16(1)3/GDP","F","F",3,6,2,"T","T",0,"F","F",2,"T","F",0,"F","F",1,"G","F","F","",0,0,"N",0,"N",0,"N",0,0,2,3,"63","16","","","F","F","F","F","F","F","F","F","F","barnv101","barnv101","barnv101","F","F","F","F","F","","","","",0,6,3,0,1,6,0,0,0,74,"PHI","PHI","NY1",1,"F","T",4,14,0,32,4,"T","F",7,6,"T","T","hubec101","kimmw101","T","T",2,5,73,8,4,72,7,3,71,"snydf101","snydf101","snydf101",0,0,0,0,0,0,0,0,0,0,0,0,0,"barnv101","T","F","F","F",0,0,0,0,0,0,0,0,0,0,F,F,"1925PHI.EVN.regular.event.csv",2581
"PHI192507012","NY1",8,0,0,0,0,"",14,4,"meusi101","?","meusi101","?","ulrid101","?","ulrid101","?","wendl101","hawkc101","fonsl101","hubec101","kimmw101","wrigr102","harpg101","willc103","","","","HR/F9D","T","F",7,6,23,"T","T",4,"F","F",0,"F","F",1,"F","F",0,"F","F","F","9D",0,0,"N",0,"N",0,"N",4,0,0,0,"","","","","F","F","F","F","F","F","F","F","F","","","","F","F","F","F","F","","","","",0,0,0,0,0,0,0,0,0,75,"PHI","NY1","PHI",0,"T","F",14,4,0,41,0,"T","F",0,0,"T","T","jackt101","snydf101","F","F",0,0,0,0,0,0,0,0,0,"","","",0,0,0,0,0,0,0,0,0,0,0,0,1,"","F","F","F","F",4,0,0,0,0,0,0,0,0,0,F,F,"1925PHI.EVN.regular.event.csv",2582
"PHI192507012","NY1",8,0,0,0,0,"",15,4,"jackt101","?","jackt101","?","ulrid101","?","ulrid101","?","wendl101","hawkc101","fonsl101","hubec101","kimmw101","wrigr102","harpg101","willc103","","","","W","F","F",6,7,14,"T","F",0,"F","F",0,"F","F",0,"F","F",0,"","F","F","",0,0,"N",0,"N",0,"N",1,0,0,0,"","","","","F","F","F","F","F","F","F","F","F","","","","F","F","F","F","F","","","","",0,0,0,0,0,0,0,0,0,76,"PHI","NY1","PHI",0,"F","F",15,4,1,42,1,"T","F",0,1,"T","T","snydf101","barnv101","F","F",0,0,0,0,0,0,0,0,0,"","","",0,0,0,0,0,0,0,0,0,0,0,0,0,"","F","F","F","F",0,0,0,0,0,0,0,0,0,0,F,F,"1925PHI.EVN.regular.event.csv",2583
"PHI192507012","NY1",8,0,0,0,0,"",15,4,"snydf101","?","snydf101","?","ulrid101","?","ulrid101","?","wendl101","hawkc101","fonsl101","hubec101","kimmw101","wrigr102","harpg101","willc103","jackt101","","","56(1)/FO","F","F",2,8,2,"T","T",0,"F","F",1,"F","F",0,"F","F",5,"G","F","F","",0,0,"N",0,"N",0,"N",1,0,0,0,"","56","","","F","F","F","F","F","F","F","F","F","ulrid101","","","F","F","F","F","F","","","","",0,6,0,0,5,0,0,0,0,77,"PHI","NY1","PHI",0,"F","F",15,4,1,43,2,"T","F",1,1,"T","T","barnv101","younr101","F","F",6,7,76,0,0,0,0,0,0,"wendl101","","",0,0,0,0,0,0,0,0,0,0,0,0,0,"hubec101","T","F","F","F",0,0,0,0,0,0,0,0,0,0,F,F,"1925PHI.EVN.regular.event.csv",2584
"PHI192507012","NY1",8,0,1,0,0,"",15,4,"barnv101","?","barnv101","?","ulrid101","?","ulrid101","?","wendl101","hawkc101","fonsl101","hubec101","kimmw101","wrigr102","harpg101","willc103","snydf101","","","8/F","F","F",1,9,2,"T","T",0,"F","F",1,"F","F",0,"F","F",8,"F","F","F","",0,0,"N",0,"N",0,"N",0,1,0,0,"8","","","","F","F","F","F","F","F","F","F","F","ulrid101","","","F","F","F","F","F","","","","",0,8,0,0,0,0,0,0,0,78,"PHI","NY1","PHI",0,"F","F",15,4,1,44,3,"T","F",1,1,"T","T","younr101","wilsh102","F","F",2,8,77,0,0,0,0,0,0,"wendl101","","",0,0,0,0,0,0,0,0,0,0,0,0,0,"harpg101","F","F","F","F",0,0,0,0,0,0,0,0,0,0,F,F,"1925PHI.EVN.regular.event.csv",2585
"PHI192507012","NY1",8,0,2,0,0,"",15,4,"younr101","?","younr101","?","ulrid101","?","ulrid101","?","wendl101","hawkc101","fonsl101","hubec101","kimmw101","wrigr102","harpg101","willc103","snydf101","","","6/P","F","F",9,1,2,"T","T",0,"F","F",1,"F","F",0,"F","F",6,"P","F","F","",0,0,"N",0,"N",0,"N",0,1,0,0,"6","","","","F","F","F","F","F","F","F","F","F","ulrid101","","","F","F","F","F","F","","","","",0,6,0,0,0,0,0,0,0,79,"PHI","NY1","PHI",0,"F","T",15,4,1,45,4,"T","F",1,1,"T","T","wilsh102","frisf101","F","F",2,8,77,0,0,0,0,0,0,"wendl101","","",0,0,0,0,0,0,0,0,0,0,0,0,0,"kimmw101","F","F","F","F",0,0,0,0,0,0,0,0,0,0,F,F,"1925PHI.EVN.regular.event.csv",2586
"PHI192507012","NY1",8,1,0,0,0,"",15,4,"hubec101","?","hubec101","?","barnv101","?","barnv101","?","snydf101","hartg102","farrd101","frisf101","jackt101","meusi101","wilsh102","younr101","","","","2/P","T","F",5,7,2,"T","T",0,"F","F",1,"F","F",0,"F","F",2,"P","F","F","",0,0,"N",0,"N",0,"N",0,0,0,0,"2","","","","F","F","F","F","F","F","F","F","F","","","","F","F","F","F","F","","","","",0,2,0,0,0,0,0,0,0,80,"PHI","PHI","NY1",1,"T","F",4,15,0,33,0,"T","F",0,0,"F","F","kimmw101","ulrid101","T","T",0,0,0,0,0,0,0,0,0,"","","",0,0,0,0,0,0,0,0,0,0,0,0,0,"snydf101","F","F","F","F",0,0,0,0,0,0,0,0,0,0,F,F,"1925PHI.EVN.regular.event.csv",2587
"PHI192507012","NY1",8,1,1,0,0,"",15,4,"kimmw101","?","kimmw101","?","barnv101","?","barnv101","?","snydf101","hartg102","farrd101","frisf101","jackt101","meusi101","wilsh102","younr101","","","","S5/G","F","F",6,8,20,"T","T",1,"F","F",0,"F","F",0,"F","F",5,"G","F","F","",0,0,"N",0,"N",0,"N",1,0,0,0,"","","","","F","F","F","F","F","F","F","F","F","","","","F","F","F","F","F","","","","",0,0,0,0,0,0,0,0,0,81,"PHI","PHI","NY1",1,"F","F",4,15,0,34,1,"T","F",0,1,"F","F","ulrid101","willc103","T","T",0,0,0,0,0,0,0,0,0,"","","",0,0,0,0,0,0,0,0,0,0,0,0,0,"frisf101","F","F","F","F",0,0,0,0,0,0,0,0,0,0,F,F,"1925PHI.EVN.regular.event.csv",2588
"PHI192507012","NY1",8,1,1,0,0,"",15,4,"ulrid101","?","ulrid101","?","barnv101","?","barnv101","?","snydf101","hartg102","farrd101","frisf101","jackt101","meusi101","wilsh102","younr101","kimmw101","","","W.1-2","F","F",1,9,14,"T","F",0,"F","F",0,"F","F",0,"F","F",0,"","F","F","",0,0,"N",0,"N",0,"N",1,2,0,0,"","","","","F","F","F","F","F","F","F","F","F","barnv101","","","F","F","F","F","F","","","","",0,0,0,0,0,0,0,0,0,82,"PHI","PHI","NY1",1,"F","F",4,15,0,35,2,"T","F",1,3,"F","F","willc103","fonsl101","T","T",6,8,81,0,0,0,0,0,0,"snydf101","","",0,0,0,0,0,0,0,0,0,0,0,0,0,"","F","F","F","F",0,0,0,0,0,0,0,0,0,0,F,F,"1925PHI.EVN.regular.event.csv",2589
"PHI192507012","NY1",8,1,1,0,0,"",15,4,"willc103","?","willc103","?","barnv101","?","barnv101","?","snydf101","hartg102","farrd101","frisf101","jackt101","meusi101","wilsh102","younr101","ulrid101","kimmw101","","43.2-3;1-2","F","F",9,1,2,"T","T",0,"F","F",1,"F","F",0,"F","F",4,"G","F","F","",0,0,"N",0,"N",0,"N",0,2,3,0,"43","","","","F","F","F","F","F","F","F","F","F","barnv101","barnv101","","F","F","F","F","F","","","","",0,3,0,0,4,0,0,0,0,83,"PHI","PHI","NY1",1,"F","F",4,15,0,36,3,"T","F",3,6,"F","F","fonsl101","wrigr102","T","T",1,9,82,6,8,81,0,0,0,"snydf101","snydf101","",0,0,0,0,0,0,0,0,0,0,0,0,0,"farrd101","F","F","F","F",0,0,0,0,0,0,0,0,0,0,F,F,"1925PHI.EVN.regular.event.csv",2590
"PHI192507012","NY1",8,1,2,0,0,"",15,4,"fonsl101","?","fonsl101","?","barnv101","?","barnv101","?","snydf101","hartg102","farrd101","frisf101","jackt101","meusi101","wilsh102","younr101","","ulrid101","kimmw101","2/FL","F","F",4,2,2,"T","T",0,"F","F",1,"F","F",0,"F","F",2,"F","F","T","",0,0,"N",0,"N",0,"N",0,0,2,3,"2","","","","F","F","F","F","F","F","F","F","F","","barnv101","barnv101","F","F","F","F","F","","","","",0,2,0,0,0,0,0,0,0,84,"PHI","PHI","NY1",1,"F","T",4,15,0,37,4,"T","F",6,6,"T","T","wrigr102","harpg101","T","T",0,0,0,1,9,82,6,8,81,"","snydf101","snydf101",0,0,0,0,0,0,0,0,0,0,0,0,0,"snydf101","F","F","F","F",0,0,0,0,0,0,0,0,0,0,F,F,"1925PHI.EVN.regular.event.csv",2591
"PHI192507012","NY1",9,0,0,0,0,"",15,4,"wilsh102","?","wilsh102","?","ulrid101","?","ulrid101","?","wendl101","hawkc101","fonsl101","hubec101","kimmw101","wrigr102","harpg101","willc103","","","","D/89","T","F",8,2,21,"T","T",2,"F","F",0,"F","F",0,"F","F",0,"","F","F","89",0,0,"N",0,"N",0,"N",2,0,0,0,"","","","","F","F","F","F","F","F","F","F","F","","","","F","F","F","F","F","","","","",0,0,0,0,0,0,0,0,0,85,"PHI","NY1","PHI",0,"T","F",15,4,0,46,0,"T","F",0,2,"T","T","frisf101","hartg102","F","F",0,0,0,0,0,0,0,0,0,"","","",0,0,0,0,0,0,0,0,0,0,0,0,0,"","F","F","F","F",4,0,0,0,1,0,0,0,0,0,F,F,"1925PHI.EVN.regular.event.csv",2592
"PHI192507012","NY1",9,0,0,0,0,"",15,4,"frisf101","?","frisf101","?","ulrid101","?","ulrid101","?","wendl101","hawkc101","fonsl101","hubec101","kimmw101","wrigr102","harpg101","willc103","","wilsh102","","13.2-3","F","F",5,3,2,"T","T",0,"F","F",1,"F","F",0,"F","F",1,"G","F","F","",0,0,"N",0,"N",0,"N",0,0,3,0,"13","","","","F","F","F","F","F","F","F","F","F","","ulrid101","","F","F","F","F","F","","","","",0,3,0,0,1,0,0,0,0,86,"PHI","NY1","PHI",0,"F","F",15,4,0,47,1,"T","F",2,4,"T","T","hartg102","farrd101","F","F",0,0,0,8,2,85,0,0,0,"","wendl101","",0,0,0,0,0,0,0,0,0,0,0,0,0,"ulrid101","F","F","F","F",0,0,4,0,1,0,0,0,0,0,F,F,"1925PHI.EVN.regular.event.csv",2593
"PHI192507012","NY1",9,0,1,0,0,"",15,4,"hartg102","?","hartg102","?","ulrid101","?","ulrid101","?","wendl101","hawkc101","fonsl101","hubec101","kimmw101","wrigr102","harpg101","willc103","","","wilsh102","6/P56D/SF.3-H","F","F",3,4,2,"T","F",0,"F","T",1,"F","F",1,"F","F",6,"P","F","F","56D",0,0,"N",0,"N",0,"N",0,0,0,4,"6","","","","F","F","F","F","F","F","F","F","F","","","ulrid101","F","F","F","F","F","","","","",0,6,0,0,0,0,0,0,0,87,"PHI","NY1","PHI",0,"F","F",15,4,0,48,2,"T","F",4,0,"F","F","farrd101","meusi101","F","F",0,0,0,0,0,0,8,2,85,"","","wendl101",0,0,0,0,0,0,0,0,0,0,0,0,1,"kimmw101","F","F","F","F",0,0,0,4,0,0,0,0,0,0,F,F,"1925PHI.EVN.regular.event.csv",2594
"PHI192507012","NY1",9,0,2,0,0,"",16,4,"farrd101","?","farrd101","?","ulrid101","?","ulrid101","?","wendl101","hawkc101","fonsl101","hubec101","kimmw101","wrigr102","harpg101","willc103","","","","13","F","F",4,5,2,"T","T",0,"F","F",1,"F","F",0,"F","F",1,"G","F","F","",0,0,"N",0,"N",0,"N",0,0,0,0,"13","","","","F","F","F","F","F","F","F","F","F","","","","F","F","F","F","F","","","","",0,3,0,0,1,0,0,0,0,88,"PHI","NY1","PHI",0,"F","T",16,4,1,49,3,"T","F",0,0,"F","F","meusi101","jackt101","F","F",0,0,0,0,0,0,0,0,0,"","","",0,0,0,0,0,0,0,0,0,0,0,0,0,"ulrid101","F","F","F","F",0,0,0,0,0,0,0,0,0,0,F,F,"1925PHI.EVN.regular.event.csv",2595
"PHI192507012","NY1",9,1,0,0,0,"",16,4,"wrigr102","?","wrigr102","?","barnv101","?","barnv101","?","snydf101","hartg102","farrd101","frisf101","jackt101","meusi101","wilsh102","younr101","","","","E3/G","T","F",7,3,18,"T","T",0,"F","F",0,"F","F",0,"F","F",3,"G","F","F","",1,3,"F",0,"N",0,"N",1,0,0,0,"","","","","F","F","F","F","F","F","F","F","F","","","","F","F","F","F","F","","","","",0,0,0,0,0,0,0,0,0,89,"PHI","PHI","NY1",1,"T","F",4,16,0,38,0,"T","F",0,1,"T","T","harpg101","wendl101","T","T",0,0,0,0,0,0,0,0,0,"","","",0,0,0,0,0,0,0,0,0,0,0,0,0,"hartg102","F","F","F","T",5,0,0,0,3,0,0,0,0,0,F,F,"1925PHI.EVN.regular.event.csv",2596
"PHI192507012","NY1",9,1,0,0,0,"",16,4,"harpg101","?","harpg101","?","barnv101","?","barnv101","?","snydf101","hartg102","farrd101","frisf101","jackt101","meusi101","wilsh102","younr101","wrigr102","","","DI.1-2","F","F",8,4,5,"F","F",0,"F","F",0,"F","F",0,"F","F",0,"","F","F","",0,0,"N",0,"N",0,"N",0,2,0,0,"","","","","F","F","F","F","F","F","F","F","F","barnv101","","","F","F","F","F","F","","","","",0,0,0,0,0,0,0,0,0,90,"PHI","PHI","NY1",1,"F","F",4,16,0,39,1,"T","F",1,2,"T","T","wendl101","hawkc101","T","T",7,3,89,0,0,0,0,0,0,"snydf101","","",0,0,0,0,0,0,0,0,0,0,0,0,0,"","F","F","F","F",0,5,0,0,3,0,0,0,0,0,F,F,"1925PHI.EVN.regular.event.csv",2597
"PHI192507012","NY1",9,1,0,0,0,"",16,4,"harpg101","?","harpg101","?","barnv101","?","barnv101","?","snydf101","hartg102","farrd101","frisf101","jackt101","meusi101","wilsh102","younr101","","wrigr102","","DI.2-3","F","F",8,4,5,"F","F",0,"F","F",0,"F","F",0,"F","F",0,"","F","F","",0,0,"N",0,"N",0,"N",0,0,3,0,"","","","","F","F","F","F","F","F","F","F","F","","barnv101","","F","F","F","F","F","","","","",0,0,0,0,0,0,0,0,0,91,"PHI","PHI","NY1",1,"F","F",4,16,0,39,1,"F","F",2,4,"T","T","wendl101","hawkc101","T","T",0,0,0,7,3,89,0,0,0,"","snydf101","",0,0,0,0,0,0,0,0,0,0,0,0,0,"","F","F","F","F",0,0,5,0,3,0,0,0,0,0,F,F,"1925PHI.EVN.regular.event.csv",2598
"PHI192507012","NY1",9,1,0,0,0,"",16,4,"harpg101","?","harpg101","?","barnv101","?","barnv101","?","snydf101","hartg102","farrd101","frisf101","jackt101","meusi101","wilsh102","younr101","","","wrigr102","D8/89.3-H(UR)","F","F",8,4,21,"T","T",2,"F","F",0,"F","F",1,"F","F",8,"","F","F","89",0,0,"N",0,"N",0,"N",2,0,0,5,"","","","","F","F","F","F","F","F","F","F","F","","","barnv101","F","F","F","F","F","","","","",0,0,0,0,0,0,0,0,0,92,"PHI","PHI","NY1",1,"F","F",4,16,0,39,1,"F","F",4,2,"T","T","wendl101","hawkc101","T","T",0,0,0,0,0,0,7,3,89,"","","snydf101",0,0,0,0,0,0,0,0,0,0,0,0,1,"wilsh102","F","F","F","F",4,0,0,5,2,0,0,0,0,0,F,F,"1925PHI.EVN.regular.event.csv",2599
"PHI192507012","NY1",9,1,0,0,0,"",16,5,"wendl101","?","wendl101","?","barnv101","?","barnv101","?","snydf101","hartg102","farrd101","frisf101","jackt101","meusi101","wilsh102","younr101","","harpg101","","S7.2-H","F","F",2,5,20,"T","T",1,"F","F",0,"F","F",1,"F","F",7,"","F","F","",0,0,"N",0,"N",0,"N",1,0,4,0,"","","","","F","F","F","F","F","F","F","F","F","","barnv101","","F","F","F","F","F","","","","",0,0,0,0,0,0,0,0,0,93,"PHI","PHI","NY1",1,"F","F",5,16,1,40,2,"T","F",2,1,"F","F","hawkc101","hubec101","T","T",0,0,0,8,4,92,0,0,0,"","snydf101","",0,0,0,0,0,0,0,0,0,0,0,0,1,"meusi101","F","F","F","F",0,0,4,0,1,0,0,0,0,0,F,F,"1925PHI.EVN.regular.event.csv",2600
"PHI192507012","NY1",9,1,0,0,0,"",16,6,"hawkc101","?","hawkc101","?","barnv101","?","barnv101","?","snydf101","hartg102","farrd101","frisf101","jackt101","meusi101","wilsh102","younr101","wendl101","","","54(1)/FO","F","F",3,6,2,"T","T",0,"F","F",1,"F","F",0,"F","F",5,"G","F","F","",0,0,"N",0,"N",0,"N",1,0,0,0,"","54","","","F","F","F","F","F","F","F","F","F","barnv101","","","F","F","F","F","F","","","","",0,4,0,0,5,0,0,0,0,94,"PHI","PHI","NY1",1,"F","F",6,16,2,41,3,"T","F",1,1,"T","T","hubec101","kimmw101","T","T",2,5,93,0,0,0,0,0,0,"snydf101","","",0,0,0,0,0,0,0,0,0,0,0,0,0,"frisf101","T","F","F","F",5,0,0,0,1,0,0,0,0,0,F,F,"1925PHI.EVN.regular.event.csv",2601
"PHI192507012","NY1",9,1,1,0,0,"",16,6,"hubec101","?","hubec101","?","barnv101","?","barnv101","?","snydf101","hartg102","farrd101","frisf101","jackt101","meusi101","wilsh102","younr101","hawkc101","","","E6/G.1-2","F","F",5,7,18,"T","T",0,"F","F",0,"F","F",0,"F","F",6,"G","F","F","",1,6,"F",0,"N",0,"N",1,2,0,0,"","","","","F","F","F","F","F","F","F","F","F","barnv101","","","F","F","F","F","F","","","","",0,0,0,0,0,0,0,0,0,95,"PHI","PHI","NY1",1,"F","F",6,16,2,42,4,"T","F",1,3,"F","F","kimmw101","ulrid101","T","T",3,6,94,0,0,0,0,0,0,"snydf101","","",0,0,0,0,0,0,0,0,0,0,0,0,0,"jackt101","F","F","F","T",0,5,0,0,1,0,0,0,0,0,F,F,"1925PHI.EVN.regular.event.csv",2602
"PHI192507012","NY1",9,1,1,0,0,"",16,6,"kimmw101","?","kimmw101","?","barnv101","?","barnv101","?","snydf101","hartg102","farrd101","frisf101","jackt101","meusi101","wilsh102","younr101","hubec101","hawkc101","","DI.2-3","F","F",6,8,5,"F","F",0,"F","F",0,"F","F",0,"F","F",0,"","F","F","",0,0,"N",0,"N",0,"N",0,1,3,0,"","","","","F","F","F","F","F","F","F","F","F","barnv101","barnv101","","F","F","F","F","F","","","","",0,0,0,0,0,0,0,0,0,96,"PHI","PHI","NY1",1,"F","F",6,16,2,43,5,"T","F",3,5,"F","F","ulrid101","willc103","T","T",5,7,95,3,6,94,0,0,0,"snydf101","snydf101","",0,0,0,0,0,0,0,0,0,0,0,0,0,"","F","F","F","F",0,0,5,0,1,0,0,0,0,0,F,F,"1925PHI.EVN.regular.event.csv",2603
"PHI192507012","NY1",9,1,1,0,0,"",16,6,"kimmw101","?","kimmw101","?","barnv101","?","barnv101","?","snydf101","hartg102","farrd101","frisf101","jackt101","meusi101","wilsh102","younr101","hubec101","","hawkc101","36(1)/FO.3-H(UR)","F","F",6,8,2,"T","T",0,"F","F",1,"F","F",1,"F","F",3,"G","F","F","",0,0,"N",0,"N",0,"N",1,0,0,5,"","36","","","F","F","F","F","F","F","F","F","F","barnv101","","barnv101","F","F","F","F","F","","","","",0,6,0,0,3,0,0,0,0,97,"PHI","PHI","NY1",1,"F","F",6,16,2,43,5,"F","F",5,1,"F","F","ulrid101","willc103","T","T",5,7,95,0,0,0,3,6,94,"snydf101","","snydf101",0,0,0,0,0,0,0,0,0,0,0,0,1,"hartg102","T","F","F","F",1,0,0,5,0,0,0,0,0,0,F,F,"1925PHI.EVN.regular.event.csv",2604
"PHI192507012","NY1",9,1,2,0,0,"",16,7,"wilsj105","?","wilsj105","?","barnv101","?","barnv101","?","snydf101","hartg102","farrd101","frisf101","jackt101","meusi101","wilsh102","younr101","kimmw101","","","43","F","T",11,9,2,"T","T",0,"F","F",1,"F","F",0,"F","F",4,"G","F","F","",0,0,"N",0,"N",0,"N",0,1,0,0,"43","","","","F","F","F","F","F","F","F","F","F","barnv101","","","F","T","F","F","F","","","","ulrid101",1,3,0,0,4,0,0,0,0,98,"PHI","PHI","NY1",1,"F","T",7,16,3,44,6,"T","F",1,1,"F","F","willc103","fonsl101","T","T",6,8,97,0,0,0,0,0,0,"snydf101","","",0,0,0,0,0,0,0,0,0,0,0,0,0,"farrd101","F","F","F","F",0,1,0,0,0,0,0,0,0,0,F,F,"1925PHI.EVN.regular.event.csv",2605
"PHI192507072","CIN",1,0,0,0,0,"",0,0,"zitzb101","?","zitzb101","?","decaa101","?","decaa101","?","henlb101","fonsl101","fribb101","hubec101","sandh101","mokaj101","harpg101","burng101","","","","K","T","F",7,1,3,"T","T",0,"F","F",1,"F","F",0,"F","F",0,"","F","F","",0,0,"N",0,"N",0,"N",0,0,0,0,"2","","","","F","F","F","F","F","F","F","F","F","","","","T","F","F","F","F","","","","",0,2,0,0,0,0,0,0,0,1,"PHI","CIN","PHI",0,"T","F",0,0,0,0,0,"T","F",0,0,"T","T","smite104","bohns101","T","T",0,0,0,0,0,0,0,0,0,"","","",0,0,0,0,0,0,0,0,0,0,0,0,0,"","F","F","F","F",0,0,0,0,0,0,0,0,0,0,F,F,"1925PHI.EVN.regular.event.csv",2606
"PHI192507072","CIN",1,0,1,0,0,"",0,0,"smite104","?","smite104","?","decaa101","?","decaa101","?","henlb101","fonsl101","fribb101","hubec101","sandh101","mokaj101","harpg101","burng101","","","","943","F","F",9,2,2,"T","T",0,"F","F",1,"F","F",0,"F","F",9,"G","F","F","",0,0,"N",0,"N",0,"N",0,0,0,0,"943","","","","F","F","F","F","F","F","F","F","F","","","","F","F","F","F","F","","","","",0,3,0,0,9,4,0,0,0,2,"PHI","CIN","PHI",0,"F","F",0,0,0,1,1,"T","F",0,0,"T","T","bohns101","nieha101","T","T",0,0,0,0,0,0,0,0,0,"","","",0,0,0,0,0,0,0,0,0,0,0,0,0,"burng101","F","F","F","F",0,0,0,0,0,0,0,0,0,0,F,F,"1925PHI.EVN.regular.event.csv",2607
"PHI192507072","CIN",1,0,2,0,0,"",0,0,"bohns101","?","bohns101","?","decaa101","?","decaa101","?","henlb101","fonsl101","fribb101","hubec101","sandh101","mokaj101","harpg101","burng101","","","","53","F","F",4,3,2,"T","T",0,"F","F",1,"F","F",0,"F","F",5,"G","F","F","",0,0,"N",0,"N",0,"N",0,0,0,0,"53","","","","F","F","F","F","F","F","F","F","F","","","","F","F","F","F","F","","","","",0,3,0,0,5,0,0,0,0,3,"PHI","CIN","PHI",0,"F","T",0,0,0,2,2,"T","F",0,0,"T","T","nieha101","walkc101","T","T",0,0,0,0,0,0,0,0,0,"","","",0,0,0,0,0,0,0,0,0,0,0,0,0,"hubec101","F","F","F","F",0,0,0,0,0,0,0,0,0,0,F,F,"1925PHI.EVN.regular.event.csv",2608
"PHI192507072","CIN",1,1,0,0,0,"",0,0,"burng101","?","burng101","?","rixee101","?","rixee101","?","kruee101","nieha101","bohns101","pineb101","cavei101","zitzb101","walkc101","smite104","","","","S/56D","T","F",9,1,20,"T","T",1,"F","F",0,"F","F",0,"F","F",0,"","F","F","56D",0,0,"N",0,"N",0,"N",1,0,0,0,"","","","","F","F","F","F","F","F","F","F","F","","","","F","F","F","F","F","","","","",0,0,0,0,0,0,0,0,0,4,"PHI","PHI","CIN",1,"T","F",0,0,0,0,0,"T","F",0,1,"T","T","fonsl101","mokaj101","T","T",0,0,0,0,0,0,0,0,0,"","","",0,0,0,0,0,0,0,0,0,0,0,0,0,"","F","F","F","F",5,0,0,0,3,0,0,0,0,0,F,F,"1925PHI.EVN.regular.event.csv",2609
"PHI192507072","CIN",1,1,0,0,0,"",0,0,"fonsl101","?","fonsl101","?","rixee101","?","rixee101","?","kruee101","nieha101","bohns101","pineb101","cavei101","zitzb101","walkc101","smite104","burng101","","","23/SH.1-2","F","F",3,2,2,"T","F",0,"T","F",1,"F","F",0,"F","F",2,"G","T","F","",0,0,"N",0,"N",0,"N",0,2,0,0,"23","","","","F","F","F","F","F","F","F","F","F","rixee101","","","F","F","F","F","F","","","","",0,3,0,0,2,0,0,0,0,5,"PHI","PHI","CIN",1,"F","F",0,0,0,1,1,"T","F",1,2,"T","T","mokaj101","harpg101","T","T",9,1,4,0,0,0,0,0,0,"kruee101","","",0,0,0,0,0,0,0,0,0,0,0,0,0,"kruee101","F","F","F","F",0,5,0,0,3,0,0,0,0,0,F,F,"1925PHI.EVN.regular.event.csv",2610
"PHI192507072","CIN",1,1,1,0,0,"",0,0,"mokaj101","?","mokaj101","?","rixee101","?","rixee101","?","kruee101","nieha101","bohns101","pineb101","cavei101","zitzb101","walkc101","smite104","","burng101","","E5/TH1.2-H(NR)(UR);B-H(E3/TH3)(NR)(UR)","F","F",7,3,18,"T","T",0,"F","F",0,"F","F",0,"F","F",5,"G","F","F","",2,5,"T",3,"T",0,"N",5,0,5,0,"","","","","F","F","F","F","F","F","F","F","F","","rixee101","","F","F","F","F","F","","","","",0,0,0,0,0,0,0,0,0,6,"PHI","PHI","CIN",1,"F","F",0,0,0,2,2,"T","F",2,0,"T","T","harpg101","henlb101","T","T",0,0,0,9,1,4,0,0,0,"","kruee101","",0,0,0,0,0,0,0,0,0,0,0,0,2,"pineb101","F","F","F","T",5,0,5,0,1,0,0,0,0,0,F,F,"1925PHI.EVN.regular.event.csv",2611
"PHI192507072","CIN",1,1,1,0,0,"",0,2,"harpg101","?","harpg101","?","rixee101","?","rixee101","?","kruee101","nieha101","bohns101","pineb101","cavei101","zitzb101","walkc101","smite104","","","","S","F","F",8,4,20,"T","T",1,"F","F",0,"F","F",0,"F","F",0,"","F","F","",0,0,"N",0,"N",0,"N",1,0,0,0,"","","","","F","F","F","F","F","F","F","F","F","","","","F","F","F","F","F","","","","",0,0,0,0,0,0,0,0,0,7,"PHI","PHI","CIN",1,"F","F",2,0,2,3,3,"T","F",0,1,"T","T","henlb101","hubec101","T","T",0,0,0,0,0,0,0,0,0,"","","",0,0,0,0,0,0,0,0,0,0,0,0,0,"","F","F","F","F",0,0,0,0,1,0,0,0,0,0,F,F,"1925PHI.EVN.regular.event.csv",2612
"PHI192507072","CIN",1,1,1,0,0,"",0,2,"henlb101","?","henlb101","?","rixee101","?","rixee101","?","kruee101","nieha101","bohns101","pineb101","cavei101","zitzb101","walkc101","smite104","harpg101","","","46(1)/FO","F","F",2,5,2,"T","T",0,"F","F",1,"F","F",0,"F","F",4,"G","F","F","",0,0,"N",0,"N",0,"N",1,0,0,0,"","46","","","F","F","F","F","F","F","F","F","F","rixee101","","","F","F","F","F","F","","","","",0,6,0,0,4,0,0,0,0,8,"PHI","PHI","CIN",1,"F","F",2,0,2,4,4,"T","F",1,1,"T","T","hubec101","fribb101","T","T",8,4,7,0,0,0,0,0,0,"kruee101","","",0,0,0,0,0,0,0,0,0,0,0,0,0,"bohns101","T","F","F","F",4,0,0,0,1,0,0,0,0,0,F,F,"1925PHI.EVN.regular.event.csv",2613
"PHI192507072","CIN",1,1,2,0,0,"",0,2,"hubec101","?","hubec101","?","rixee101","?","rixee101","?","kruee101","nieha101","bohns101","pineb101","cavei101","zitzb101","walkc101","smite104","henlb101","","","D8.1-H","F","F",5,6,21,"T","T",2,"F","F",0,"F","F",1,"F","F",8,"","F","F","",0,0,"N",0,"N",0,"N",2,4,0,0,"","","","","F","F","F","F","F","F","F","F","F","rixee101","","","F","F","F","F","F","","","","",0,0,0,0,0,0,0,0,0,9,"PHI","PHI","CIN",1,"F","F",2,0,2,5,5,"T","F",1,2,"T","T","fribb101","sandh101","T","T",2,5,8,0,0,0,0,0,0,"kruee101","","",0,0,0,0,0,0,0,0,0,0,0,0,1,"walkc101","F","F","F","F",0,4,0,0,0,0,0,0,0,0,F,F,"1925PHI.EVN.regular.event.csv",2614
"PHI192507072","CIN",1,1,2,0,0,"",0,3,"fribb101","?","fribb101","?","rixee101","?","rixee101","?","kruee101","nieha101","bohns101","pineb101","cavei101","zitzb101","walkc101","smite104","","hubec101","","13","F","F",4,7,2,"T","T",0,"F","F",1,"F","F",0,"F","F",1,"G","F","F","",0,0,"N",0,"N",0,"N",0,0,2,0,"13","","","","F","F","F","F","F","F","F","F","F","","rixee101","","F","F","F","F","F","","","","",0,3,0,0,1,0,0,0,0,10,"PHI","PHI","CIN",1,"F","T",3,0,3,6,6,"T","F",2,2,"T","T","sandh101","decaa101","T","T",0,0,0,5,6,9,0,0,0,"","kruee101","",0,0,0,0,0,0,0,0,0,0,0,0,0,"rixee101","F","F","F","F",0,0,0,0,0,0,0,0,0,0,F,F,"1925PHI.EVN.regular.event.csv",2615
"PHI192507072","CIN",2,0,0,0,0,"",0,3,"nieha101","?","nieha101","?","decaa101","?","decaa101","?","henlb101","fonsl101","fribb101","hubec101","sandh101","mokaj101","harpg101","burng101","","","","9/F","T","F",3,4,2,"T","T",0,"F","F",1,"F","F",0,"F","F",9,"F","F","F","",0,0,"N",0,"N",0,"N",0,0,0,0,"9","","","","F","F","F","F","F","F","F","F","F","","","","F","F","F","F","F","","","","",0,9,0,0,0,0,0,0,0,11,"PHI","CIN","PHI",0,"T","F",0,3,0,3,0,"T","F",0,0,"T","T","walkc101","pineb101","T","T",0,0,0,0,0,0,0,0,0,"","","",0,0,0,0,0,0,0,0,0,0,0,0,0,"burng101","F","F","F","F",0,0,0,0,1,0,0,0,0,0,F,F,"1925PHI.EVN.regular.event.csv",2616
"PHI192507072","CIN",2,0,1,0,0,"",0,3,"walkc101","?","walkc101","?","decaa101","?","decaa101","?","henlb101","fonsl101","fribb101","hubec101","sandh101","mokaj101","harpg101","burng101","","","","4/L","F","F",8,5,2,"T","T",0,"F","F",1,"F","F",0,"F","F",4,"L","F","F","",0,0,"N",0,"N",0,"N",0,0,0,0,"4","","","","F","F","F","F","F","F","F","F","F","","","","F","F","F","F","F","","","","",0,4,0,0,0,0,0,0,0,12,"PHI","CIN","PHI",0,"F","F",0,3,0,4,1,"T","F",0,0,"T","T","pineb101","cavei101","T","T",0,0,0,0,0,0,0,0,0,"","","",0,0,0,0,0,0,0,0,0,0,0,0,0,"fribb101","F","F","F","F",0,0,0,0,1,0,0,0,0,0,F,F,"1925PHI.EVN.regular.event.csv",2617
"PHI192507072","CIN",2,0,2,0,0,"",0,3,"pineb101","?","pineb101","?","decaa101","?","decaa101","?","henlb101","fonsl101","fribb101","hubec101","sandh101","mokaj101","harpg101","burng101","","","","S7","F","F",5,6,20,"T","T",1,"F","F",0,"F","F",0,"F","F",7,"","F","F","",0,0,"N",0,"N",0,"N",1,0,0,0,"","","","","F","F","F","F","F","F","F","F","F","","","","F","F","F","F","F","","","","",0,0,0,0,0,0,0,0,0,13,"PHI","CIN","PHI",0,"F","F",0,3,0,5,2,"T","F",0,1,"T","T","cavei101","kruee101","T","T",0,0,0,0,0,0,0,0,0,"","","",0,0,0,0,0,0,0,0,0,0,0,0,0,"mokaj101","F","F","F","F",4,0,0,0,1,0,0,0,0,0,F,F,"1925PHI.EVN.regular.event.csv",2618
"PHI192507072","CIN",2,0,2,0,0,"",0,3,"cavei101","?","cavei101","?","decaa101","?","decaa101","?","henlb101","fonsl101","fribb101","hubec101","sandh101","mokaj101","harpg101","burng101","pineb101","","","T8.1-H","F","F",6,7,22,"T","T",3,"F","F",0,"F","F",1,"F","F",8,"","F","F","",0,0,"N",0,"N",0,"N",3,4,0,0,"","","","","F","F","F","F","F","F","F","F","F","decaa101","","","F","F","F","F","F","","","","",0,0,0,0,0,0,0,0,0,14,"PHI","CIN","PHI",0,"F","F",0,3,0,6,3,"T","F",1,4,"T","T","kruee101","rixee101","T","T",5,6,13,0,0,0,0,0,0,"henlb101","","",0,0,0,0,0,0,0,0,0,0,0,0,1,"harpg101","F","F","F","F",0,4,0,0,0,0,0,0,0,0,F,F,"1925PHI.EVN.regular.event.csv",2619
"PHI192507072","CIN",2,0,2,0,0,"",1,3,"kruee101","?","kruee101","?","decaa101","?","decaa101","?","henlb101","fonsl101","fribb101","hubec101","sandh101","mokaj101","harpg101","burng101","","","cavei101","8/F","F","F",2,8,2,"T","T",0,"F","F",1,"F","F",0,"F","F",8,"F","F","F","",0,0,"N",0,"N",0,"N",0,0,0,3,"8","","","","F","F","F","F","F","F","F","F","F","","","decaa101","F","F","F","F","F","","","","",0,8,0,0,0,0,0,0,0,15,"PHI","CIN","PHI",0,"F","T",1,3,1,7,4,"T","F",4,4,"T","T","rixee101","zitzb101","T","T",0,0,0,0,0,0,6,7,14,"","","henlb101",0,0,0,0,0,0,0,0,0,0,0,0,0,"harpg101","F","F","F","F",0,0,0,0,0,0,0,0,0,0,F,F,"1925PHI.EVN.regular.event.csv",2620
"PHI192507072","CIN",2,1,0,0,0,"",1,3,"sandh101","?","sandh101","?","rixee101","?","rixee101","?","kruee101","nieha101","bohns101","pineb101","cavei101","zitzb101","walkc101","smite104","","","","5/FL","T","F",6,8,2,"T","T",0,"F","F",1,"F","F",0,"F","F",5,"F","F","T","",0,0,"N",0,"N",0,"N",0,0,0,0,"5","","","","F","F","F","F","F","F","F","F","F","","","","F","F","F","F","F","","","","",0,5,0,0,0,0,0,0,0,16,"PHI","PHI","CIN",1,"T","F",3,1,0,7,0,"T","F",0,0,"T","T","decaa101","burng101","T","T",0,0,0,0,0,0,0,0,0,"","","",0,0,0,0,0,0,0,0,0,0,0,0,0,"pineb101","F","F","F","F",0,0,0,0,0,0,0,0,0,0,F,F,"1925PHI.EVN.regular.event.csv",2621
"PHI192507072","CIN",2,1,1,0,0,"",1,3,"decaa101","?","decaa101","?","rixee101","?","rixee101","?","kruee101","nieha101","bohns101","pineb101","cavei101","zitzb101","walkc101","smite104","","","","K","F","F",1,9,3,"T","T",0,"F","F",1,"F","F",0,"F","F",0,"","F","F","",0,0,"N",0,"N",0,"N",0,0,0,0,"2","","","","F","F","F","F","F","F","F","F","F","","","","F","F","F","F","F","","","","",0,2,0,0,0,0,0,0,0,17,"PHI","PHI","CIN",1,"F","F",3,1,0,8,1,"T","F",0,0,"T","T","burng101","fonsl101","T","T",0,0,0,0,0,0,0,0,0,"","","",0,0,0,0,0,0,0,0,0,0,0,0,0,"","F","F","F","F",0,0,0,0,0,0,0,0,0,0,F,F,"1925PHI.EVN.regular.event.csv",2622
"PHI192507072","CIN",2,1,2,0,0,"",1,3,"burng101","?","burng101","?","rixee101","?","rixee101","?","kruee101","nieha101","bohns101","pineb101","cavei101","zitzb101","walkc101","smite104","","","","S9","F","F",9,1,20,"T","T",1,"F","F",0,"F","F",0,"F","F",9,"","F","F","",0,0,"N",0,"N",0,"N",1,0,0,0,"","","","","F","F","F","F","F","F","F","F","F","","","","F","F","F","F","F","","","","",0,0,0,0,0,0,0,0,0,18,"PHI","PHI","CIN",1,"F","F",3,1,0,9,2,"T","F",0,1,"T","T","fonsl101","mokaj101","T","T",0,0,0,0,0,0,0,0,0,"","","",0,0,0,0,0,0,0,0,0,0,0,0,0,"smite104","F","F","F","F",0,0,0,0,0,0,0,0,0,0,F,F,"1925PHI.EVN.regular.event.csv",2623
"PHI192507072","CIN",2,1,2,0,0,"",1,3,"fonsl101","?","fonsl101","?","rixee101","?","rixee101","?","kruee101","nieha101","bohns101","pineb101","cavei101","zitzb101","walkc101","smite104","burng101","","","8/F","F","F",3,2,2,"T","T",0,"F","F",1,"F","F",0,"F","F",8,"F","F","F","",0,0,"N",0,"N",0,"N",0,1,0,0,"8","","","","F","F","F","F","F","F","F","F","F","rixee101","","","F","F","F","F","F","","","","",0,8,0,0,0,0,0,0,0,19,"PHI","PHI","CIN",1,"F","T",3,1,0,10,3,"T","F",1,1,"T","T","mokaj101","harpg101","T","T",9,1,18,0,0,0,0,0,0,"kruee101","","",0,0,0,0,0,0,0,0,0,0,0,0,0,"walkc101","F","F","F","F",0,0,0,0,0,0,0,0,0,0,F,F,"1925PHI.EVN.regular.event.csv",2624
"PHI192507072","CIN",3,0,0,0,0,"",1,3,"rixee101","?","rixee101","?","decaa101","?","decaa101","?","henlb101","fonsl101","fribb101","hubec101","sandh101","mokaj101","harpg101","burng101","","","","63","T","F",1,9,2,"T","T",0,"F","F",1,"F","F",0,"F","F",6,"G","F","F","",0,0,"N",0,"N",0,"N",0,0,0,0,"63","","","","F","F","F","F","F","F","F","F","F","","","","F","F","F","F","F","","","","",0,3,0,0,6,0,0,0,0,20,"PHI","CIN","PHI",0,"T","F",1,3,0,8,0,"T","F",0,0,"T","T","zitzb101","smite104","T","T",0,0,0,0,0,0,0,0,0,"","","",0,0,0,0,0,0,0,0,0,0,0,0,0,"sandh101","F","F","F","F",0,0,0,0,0,0,0,0,0,0,F,F,"1925PHI.EVN.regular.event.csv",2625
"PHI192507072","CIN",3,0,1,0,0,"",1,3,"zitzb101","?","zitzb101","?","decaa101","?","decaa101","?","henlb101","fonsl101","fribb101","hubec101","sandh101","mokaj101","harpg101","burng101","","","","D7","F","F",7,1,21,"T","T",2,"F","F",0,"F","F",0,"F","F",7,"","F","F","",0,0,"N",0,"N",0,"N",2,0,0,0,"","","","","F","F","F","F","F","F","F","F","F","","","","F","F","F","F","F","","","","",0,0,0,0,0,0,0,0,0,21,"PHI","CIN","PHI",0,"F","F",1,3,0,9,1,"T","F",0,2,"T","T","smite104","bohns101","T","T",0,0,0,0,0,0,0,0,0,"","","",0,0,0,0,0,0,0,0,0,0,0,0,0,"mokaj101","F","F","F","F",0,0,0,0,0,0,0,0,0,0,F,F,"1925PHI.EVN.regular.event.csv",2626
"PHI192507072","CIN",3,0,1,0,0,"",1,3,"smite104","?","smite104","?","decaa101","?","decaa101","?","henlb101","fonsl101","fribb101","hubec101","sandh101","mokaj101","harpg101","burng101","","zitzb101","","2/FL","F","F",9,2,2,"T","T",0,"F","F",1,"F","F",0,"F","F",2,"F","F","T","",0,0,"N",0,"N",0,"N",0,0,2,0,"2","","","","F","F","F","F","F","F","F","F","F","","decaa101","","F","F","F","F","F","","","","",0,2,0,0,0,0,0,0,0,22,"PHI","CIN","PHI",0,"F","F",1,3,0,10,2,"T","F",2,2,"T","T","bohns101","nieha101","T","T",0,0,0,7,1,21,0,0,0,"","henlb101","",0,0,0,0,0,0,0,0,0,0,0,0,0,"henlb101","F","F","F","F",0,0,0,0,0,0,0,0,0,0,F,F,"1925PHI.EVN.regular.event.csv",2627
"PHI192507072","CIN",3,0,2,0,0,"",1,3,"bohns101","?","bohns101","?","decaa101","?","decaa101","?","henlb101","fonsl101","fribb101","hubec101","sandh101","mokaj101","harpg101","burng101","","zitzb101","","K","F","F",4,3,3,"T","T",0,"F","F",1,"F","F",0,"F","F",0,"","F","F","",0,0,"N",0,"N",0,"N",0,0,2,0,"2","","","","F","F","F","F","F","F","F","F","F","","decaa101","","F","F","F","F","F","","","","",0,2,0,0,0,0,0,0,0,23,"PHI","CIN","PHI",0,"F","T",1,3,0,11,3,"T","F",2,2,"T","T","nieha101","walkc101","T","T",0,0,0,7,1,21,0,0,0,"","henlb101","",0,0,0,0,0,0,0,0,0,0,0,0,0,"","F","F","F","F",0,0,0,0,0,0,0,0,0,0,F,F,"1925PHI.EVN.regular.event.csv",2628
"PHI192507072","CIN",3,1,0,0,0,"",1,3,"mokaj101","?","mokaj101","?","rixee101","?","rixee101","?","kruee101","nieha101","bohns101","pineb101","cavei101","zitzb101","walkc101","smite104","","","","7/F7DW","T","F",7,3,2,"T","T",0,"F","F",1,"F","F",0,"F","F",7,"F","F","F","7DW",0,0,"N",0,"N",0,"N",0,0,0,0,"7","","","","F","F","F","F","F","F","F","F","F","","","","F","F","F","F","F","","","","",0,7,0,0,0,0,0,0,0,24,"PHI","PHI","CIN",1,"T","F",3,1,0,11,0,"T","F",0,0,"T","T","harpg101","henlb101","T","T",0,0,0,0,0,0,0,0,0,"","","",0,0,0,0,0,0,0,0,0,0,0,0,0,"zitzb101","F","F","F","F",0,0,0,0,1,0,0,0,0,0,F,F,"1925PHI.EVN.regular.event.csv",2629
"PHI192507072","CIN",3,1,1,0,0,"",1,3,"harpg101","?","harpg101","?","rixee101","?","rixee101","?","kruee101","nieha101","bohns101","pineb101","cavei101","zitzb101","walkc101","smite104","","","","13","F","F",8,4,2,"T","T",0,"F","F",1,"F","F",0,"F","F",1,"G","F","F","",0,0,"N",0,"N",0,"N",0,0,0,0,"13","","","","F","F","F","F","F","F","F","F","F","","","","F","F","F","F","F","","","","",0,3,0,0,1,0,0,0,0,25,"PHI","PHI","CIN",1,"F","F",3,1,0,12,1,"T","F",0,0,"T","T","henlb101","hubec101","T","T",0,0,0,0,0,0,0,0,0,"","","",0,0,0,0,0,0,0,0,0,0,0,0,0,"rixee101","F","F","F","F",0,0,0,0,1,0,0,0,0,0,F,F,"1925PHI.EVN.regular.event.csv",2630
"PHI192507072","CIN",3,1,2,0,0,"",1,3,"henlb101","?","henlb101","?","rixee101","?","rixee101","?","kruee101","nieha101","bohns101","pineb101","cavei101","zitzb101","walkc101","smite104","","","","HR/F7D","F","F",2,5,23,"T","T",4,"F","F",0,"F","F",1,"F","F",0,"F","F","F","7D",0,0,"N",0,"N",0,"N",4,0,0,0,"","","","","F","F","F","F","F","F","F","F","F","","","","F","F","F","F","F","","","","",0,0,0,0,0,0,0,0,0,26,"PHI","PHI","CIN",1,"F","F",3,1,0,13,2,"T","F",0,0,"T","T","hubec101","fribb101","T","T",0,0,0,0,0,0,0,0,0,"","","",0,0,0,0,0,0,0,0,0,0,0,0,1,"","F","F","F","F",4,0,0,0,0,0,0,0,0,0,F,F,"1925PHI.EVN.regular.event.csv",2631
"PHI192507072","CIN",3,1,2,0,0,"",1,4,"hubec101","?","hubec101","?","rixee101","?","rixee101","?","kruee101","nieha101","bohns101","pineb101","cavei101","zitzb101","walkc101","smite104","","","","S8","F","F",5,6,20,"T","T",1,"F","F",0,"F","F",0,"F","F",8,"","F","F","",0,0,"N",0,"N",0,"N",1,0,0,0,"","","","","F","F","F","F","F","F","F","F","F","","","","F","F","F","F","F","","","","",0,0,0,0,0,0,0,0,0,27,"PHI","PHI","CIN",1,"F","F",4,1,1,14,3,"T","F",0,1,"T","T","fribb101","sandh101","T","T",0,0,0,0,0,0,0,0,0,"","","",0,0,0,0,0,0,0,0,0,0,0,0,0,"walkc101","F","F","F","F",0,0,0,0,0,0,0,0,0,0,F,F,"1925PHI.EVN.regular.event.csv",2632
"PHI192507072","CIN",3,1,2,0,0,"",1,4,"fribb101","?","fribb101","?","rixee101","?","rixee101","?","kruee101","nieha101","bohns101","pineb101","cavei101","zitzb101","walkc101","smite104","hubec101","","","7/F","F","F",4,7,2,"T","T",0,"F","F",1,"F","F",0,"F","F",7,"F","F","F","",0,0,"N",0,"N",0,"N",0,1,0,0,"7","","","","F","F","F","F","F","F","F","F","F","rixee101","","","F","F","F","F","F","","","","",0,7,0,0,0,0,0,0,0,28,"PHI","PHI","CIN",1,"F","T",4,1,1,15,4,"T","F",1,1,"T","T","sandh101","decaa101","T","T",5,6,27,0,0,0,0,0,0,"kruee101","","",0,0,0,0,0,0,0,0,0,0,0,0,0,"zitzb101","F","F","F","F",0,0,0,0,0,0,0,0,0,0,F,F,"1925PHI.EVN.regular.event.csv",2633
"PHI192507072","CIN",4,0,0,0,0,"",1,4,"nieha101","?","nieha101","?","decaa101","?","decaa101","?","henlb101","fonsl101","fribb101","hubec101","sandh101","mokaj101","harpg101","burng101","","","","S7","T","F",3,4,20,"T","T",1,"F","F",0,"F","F",0,"F","F",7,"","F","F","",0,0,"N",0,"N",0,"N",1,0,0,0,"","","","","F","F","F","F","F","F","F","F","F","","","","F","F","F","F","F","","","","",0,0,0,0,0,0,0,0,0,29,"PHI","CIN","PHI",0,"T","F",1,4,0,12,0,"T","F",0,1,"T","T","walkc101","pineb101","T","T",0,0,0,0,0,0,0,0,0,"","","",0,0,0,0,0,0,0,0,0,0,0,0,0,"mokaj101","F","F","F","F",0,0,0,0,2,0,0,0,0,0,F,F,"1925PHI.EVN.regular.event.csv",2634
"PHI192507072","CIN",4,0,0,0,0,"",1,4,"walkc101","?","walkc101","?","decaa101","?","decaa101","?","henlb101","fonsl101","fribb101","hubec101","sandh101","mokaj101","harpg101","burng101","nieha101","","","CS2(26)","F","F",8,5,6,"F","F",0,"F","F",1,"F","F",0,"F","F",0,"","F","F","",0,0,"N",0,"N",0,"N",0,0,0,0,"","26","","","F","F","F","T","F","F","F","F","F","decaa101","","","F","F","F","F","F","","","","",0,6,0,0,2,0,0,0,0,30,"PHI","CIN","PHI",0,"F","F",1,4,0,13,1,"T","F",1,0,"T","T","pineb101","cavei101","T","T",3,4,29,0,0,0,0,0,0,"henlb101","","",0,0,0,0,0,0,0,0,0,0,0,0,0,"","F","F","F","F",0,0,0,0,2,0,0,0,0,0,F,F,"1925PHI.EVN.regular.event.csv",2635
"PHI192507072","CIN",4,0,1,0,0,"",1,4,"walkc101","?","walkc101","?","decaa101","?","decaa101","?","henlb101","fonsl101","fribb101","hubec101","sandh101","mokaj101","harpg101","burng101","","","","W","F","F",8,5,14,"T","F",0,"F","F",0,"F","F",0,"F","F",0,"","F","F","",0,0,"N",0,"N",0,"N",1,0,0,0,"","","","","F","F","F","F","F","F","F","F","F","","","","F","F","F","F","F","","","","",0,0,0,0,0,0,0,0,0,31,"PHI","CIN","PHI",0,"F","F",1,4,0,13,1,"F","F",0,1,"T","T","pineb101","cavei101","T","T",0,0,0,0,0,0,0,0,0,"","","",0,0,0,0,0,0,0,0,0,0,0,0,0,"","F","F","F","F",4,0,0,0,2,0,0,0,0,0,F,F,"1925PHI.EVN.regular.event.csv",2636
"PHI192507072","CIN",4,0,1,0,0,"",1,4,"pineb101","?","pineb101","?","decaa101","?","decaa101","?","henlb101","fonsl101","fribb101","hubec101","sandh101","mokaj101","harpg101","burng101","walkc101","","","5/P","F","F",5,6,2,"T","T",0,"F","F",1,"F","F",0,"F","F",5,"P","F","F","",0,0,"N",0,"N",0,"N",0,1,0,0,"5","","","","F","F","F","F","F","F","F","F","F","decaa101","","","F","F","F","F","F","","","","",0,5,0,0,0,0,0,0,0,32,"PHI","CIN","PHI",0,"F","F",1,4,0,14,2,"T","F",1,1,"T","T","cavei101","kruee101","T","T",8,5,31,0,0,0,0,0,0,"henlb101","","",0,0,0,0,0,0,0,0,0,0,0,0,0,"hubec101","F","F","F","F",0,4,0,0,2,0,0,0,0,0,F,F,"1925PHI.EVN.regular.event.csv",2637
"PHI192507072","CIN",4,0,2,0,0,"",1,4,"cavei101","?","cavei101","?","decaa101","?","decaa101","?","henlb101","fonsl101","fribb101","hubec101","sandh101","mokaj101","harpg101","burng101","walkc101","","","D8.1-H","F","F",6,7,21,"T","T",2,"F","F",0,"F","F",1,"F","F",8,"","F","F","",0,0,"N",0,"N",0,"N",2,4,0,0,"","","","","F","F","F","F","F","F","F","F","F","decaa101","","","F","F","F","F","F","","","","",0,0,0,0,0,0,0,0,0,33,"PHI","CIN","PHI",0,"F","F",1,4,0,15,3,"T","F",1,2,"T","T","kruee101","rixee101","T","T",8,5,31,0,0,0,0,0,0,"henlb101","","",0,0,0,0,0,0,0,0,0,0,0,0,1,"harpg101","F","F","F","F",4,4,0,0,1,0,0,0,0,0,F,F,"1925PHI.EVN.regular.event.csv",2638
"PHI192507072","CIN",4,0,2,0,0,"",2,4,"kruee101","?","kruee101","?","decaa101","?","decaa101","?","henlb101","fonsl101","fribb101","hubec101","sandh101","mokaj101","harpg101","burng101","","cavei101","","W","F","F",2,8,14,"T","F",0,"F","F",0,"F","F",0,"F","F",0,"","F","F","",0,0,"N",0,"N",0,"N",1,0,2,0,"","","","","F","F","F","F","F","F","F","F","F","","decaa101","","F","F","F","F","F","","","","",0,0,0,0,0,0,0,0,0,34,"PHI","CIN","PHI",0,"F","F",2,4,1,16,4,"T","F",2,3,"T","T","rixee101","zitzb101","T","T",0,0,0,6,7,33,0,0,0,"","henlb101","",0,0,0,0,0,0,0,0,0,0,0,0,0,"","F","F","F","F",0,0,4,0,1,0,0,0,0,0,F,F,"1925PHI.EVN.regular.event.csv",2639
"PHI192507072","CIN",4,0,2,0,0,"",2,4,"rixee101","?","rixee101","?","decaa101","?","decaa101","?","henlb101","fonsl101","fribb101","hubec101","sandh101","mokaj101","harpg101","burng101","kruee101","cavei101","","S9.2-H;1-2#","F","F",1,9,20,"T","T",1,"F","F",0,"F","F",1,"F","F",9,"","F","F","",0,0,"N",0,"N",0,"N",1,2,4,0,"","","","","F","F","F","F","F","F","F","F","F","decaa101","decaa101","","F","F","F","F","F","","","","",0,0,0,0,0,0,0,0,0,35,"PHI","CIN","PHI",0,"F","F",2,4,1,17,5,"T","F",3,3,"T","T","zitzb101","smite104","T","T",2,8,34,6,7,33,0,0,0,"henlb101","henlb101","",0,0,0,0,0,0,0,0,0,0,0,0,1,"burng101","F","F","F","F",0,0,4,0,0,0,0,0,0,0,F,T,"1925PHI.EVN.regular.event.csv",2640
"PHI192507072","CIN",4,0,2,0,0,"",3,4,"zitzb101","?","zitzb101","?","decaa101","?","decaa101","?","henlb101","fonsl101","fribb101","hubec101","sandh101","mokaj101","harpg101","burng101","rixee101","kruee101","","3/P","F","F",7,1,2,"T","T",0,"F","F",1,"F","F",0,"F","F",3,"P","F","F","",0,0,"N",0,"N",0,"N",0,1,2,0,"3","","","","F","F","F","F","F","F","F","F","F","decaa101","decaa101","","F","F","F","F","F","","","","",0,3,0,0,0,0,0,0,0,36,"PHI","CIN","PHI",0,"F","T",3,4,2,18,6,"T","F",3,3,"T","T","smite104","bohns101","T","T",1,9,35,2,8,34,0,0,0,"henlb101","henlb101","",0,0,0,0,0,0,0,0,0,0,0,0,0,"fonsl101","F","F","F","F",0,0,0,0,0,0,0,0,0,0,F,F,"1925PHI.EVN.regular.event.csv",2641
"PHI192507072","CIN",4,1,0,0,0,"",3,4,"sandh101","?","sandh101","?","rixee101","?","rixee101","?","kruee101","nieha101","bohns101","pineb101","cavei101","zitzb101","walkc101","smite104","","","","8/F","T","F",6,8,2,"T","T",0,"F","F",1,"F","F",0,"F","F",8,"F","F","F","",0,0,"N",0,"N",0,"N",0,0,0,0,"8","","","","F","F","F","F","F","F","F","F","F","","","","F","F","F","F","F","","","","",0,8,0,0,0,0,0,0,0,37,"PHI","PHI","CIN",1,"T","F",4,3,0,16,0,"T","F",0,0,"T","T","decaa101","burng101","T","T",0,0,0,0,0,0,0,0,0,"","","",0,0,0,0,0,0,0,0,0,0,0,0,0,"walkc101","F","F","F","F",0,0,0,0,0,0,0,0,0,0,F,F,"1925PHI.EVN.regular.event.csv",2642
"PHI192507072","CIN",4,1,1,0,0,"",3,4,"decaa101","?","decaa101","?","rixee101","?","rixee101","?","kruee101","nieha101","bohns101","pineb101","cavei101","zitzb101","walkc101","smite104","","","","43","F","F",1,9,2,"T","T",0,"F","F",1,"F","F",0,"F","F",4,"G","F","F","",0,0,"N",0,"N",0,"N",0,0,0,0,"43","","","","F","F","F","F","F","F","F","F","F","","","","F","F","F","F","F","","","","",0,3,0,0,4,0,0,0,0,38,"PHI","PHI","CIN",1,"F","F",4,3,0,17,1,"T","F",0,0,"T","T","burng101","fonsl101","T","T",0,0,0,0,0,0,0,0,0,"","","",0,0,0,0,0,0,0,0,0,0,0,0,0,"bohns101","F","F","F","F",0,0,0,0,0,0,0,0,0,0,F,F,"1925PHI.EVN.regular.event.csv",2643
"PHI192507072","CIN",4,1,2,0,0,"",3,4,"burng101","?","burng101","?","rixee101","?","rixee101","?","kruee101","nieha101","bohns101","pineb101","cavei101","zitzb101","walkc101","smite104","","","","7/F","F","F",9,1,2,"T","T",0,"F","F",1,"F","F",0,"F","F",7,"F","F","F","",0,0,"N",0,"N",0,"N",0,0,0,0,"7","","","","F","F","F","F","F","F","F","F","F","","","","F","F","F","F","F","","","","",0,7,0,0,0,0,0,0,0,39,"PHI","PHI","CIN",1,"F","T",4,3,0,18,2,"T","F",0,0,"T","T","fonsl101","mokaj101","T","T",0,0,0,0,0,0,0,0,0,"","","",0,0,0,0,0,0,0,0,0,0,0,0,0,"zitzb101","F","F","F","F",0,0,0,0,0,0,0,0,0,0,F,F,"1925PHI.EVN.regular.event.csv",2644
"PHI192507072","CIN",5,0,0,0,0,"",3,4,"smite104","?","smite104","?","decaa101","?","decaa101","?","henlb101","fonsl101","fribb101","hubec101","sandh101","mokaj101","harpg101","burng101","","","","W","T","F",9,2,14,"T","F",0,"F","F",0,"F","F",0,"F","F",0,"","F","F","",0,0,"N",0,"N",0,"N",1,0,0,0,"","","","","F","F","F","F","F","F","F","F","F","","","","F","F","F","F","F","","","","",0,0,0,0,0,0,0,0,0,40,"PHI","CIN","PHI",0,"T","F",3,4,0,19,0,"T","F",0,1,"T","T","bohns101","nieha101","T","T",0,0,0,0,0,0,0,0,0,"","","",0,0,0,0,0,0,0,0,0,0,0,0,0,"","F","F","F","F",0,0,0,0,0,0,0,0,0,0,F,F,"1925PHI.EVN.regular.event.csv",2645
"PHI192507072","CIN",5,0,0,0,0,"",3,4,"bohns101","?","bohns101","?","decaa101","?","decaa101","?","henlb101","fonsl101","fribb101","hubec101","sandh101","mokaj101","harpg101","burng101","smite104","","","8/LDP.1X1(83)","F","F",4,3,2,"T","T",0,"F","F",2,"T","F",0,"F","F",8,"L","F","F","",0,0,"N",0,"N",0,"N",0,0,0,0,"8","83","","","F","F","F","F","F","F","F","F","F","decaa101","","","F","F","F","F","F","","","","",0,8,3,0,8,0,0,0,0,41,"PHI","CIN","PHI",0,"F","F",3,4,0,20,1,"T","F",1,0,"T","T","nieha101","walkc101","T","T",9,2,40,0,0,0,0,0,0,"henlb101","","",0,0,0,0,0,0,0,0,0,0,0,0,0,"harpg101","F","F","F","F",0,0,0,0,0,0,0,0,0,0,F,F,"1925PHI.EVN.regular.event.csv",2646
"PHI192507072","CIN",5,0,2,0,0,"",3,4,"nieha101","?","nieha101","?","decaa101","?","decaa101","?","henlb101","fonsl101","fribb101","hubec101","sandh101","mokaj101","harpg101","burng101","","","","7/F","F","F",3,4,2,"T","T",0,"F","F",1,"F","F",0,"F","F",7,"F","F","F","",0,0,"N",0,"N",0,"N",0,0,0,0,"7","","","","F","F","F","F","F","F","F","F","F","","","","F","F","F","F","F","","","","",0,7,0,0,0,0,0,0,0,42,"PHI","CIN","PHI",0,"F","T",3,4,0,21,2,"T","F",0,0,"T","T","walkc101","pineb101","T","T",0,0,0,0,0,0,0,0,0,"","","",0,0,0,0,0,0,0,0,0,0,0,0,0,"mokaj101","F","F","F","F",0,0,0,0,0,0,0,0,0,0,F,F,"1925PHI.EVN.regular.event.csv",2647
"PHI192507072","CIN",5,1,0,0,0,"",3,4,"fonsl101","?","fonsl101","?","rixee101","?","rixee101","?","kruee101","nieha101","bohns101","pineb101","cavei101","zitzb101","walkc101","smite104","","","","S/8S-#","T","F",3,2,20,"T","T",1,"F","F",0,"F","F",0,"F","F",0,"","F","F","8S",0,0,"N",0,"N",0,"N",1,0,0,0,"","","","","F","F","F","F","F","F","F","F","F","","","","F","F","F","F","F","","","","",0,0,0,0,0,0,0,0,0,43,"PHI","PHI","CIN",1,"T","F",4,3,0,19,0,"T","F",0,1,"T","T","mokaj101","harpg101","T","T",0,0,0,0,0,0,0,0,0,"","","",0,0,0,0,0,0,0,0,0,0,0,0,0,"","F","F","F","F",0,0,0,0,0,0,0,0,0,0,F,T,"1925PHI.EVN.regular.event.csv",2648
"PHI192507072","CIN",5,1,0,0,0,"",3,4,"mokaj101","?","mokaj101","?","rixee101","?","rixee101","?","kruee101","nieha101","bohns101","pineb101","cavei101","zitzb101","walkc101","smite104","fonsl101","","","16(1)/FO","F","F",7,3,2,"T","T",0,"F","F",1,"F","F",0,"F","F",1,"G","F","F","",0,0,"N",0,"N",0,"N",1,0,0,0,"","16","","","F","F","F","F","F","F","F","F","F","rixee101","","","F","F","F","F","F","","","","",0,6,0,0,1,0,0,0,0,44,"PHI","PHI","CIN",1,"F","F",4,3,0,20,1,"T","F",1,1,"T","T","harpg101","henlb101","T","T",3,2,43,0,0,0,0,0,0,"kruee101","","",0,0,0,0,0,0,0,0,0,0,0,0,0,"rixee101","T","F","F","F",0,0,0,0,0,0,0,0,0,0,F,F,"1925PHI.EVN.regular.event.csv",2649
"PHI192507072","CIN",5,1,1,0,0,"",3,4,"harpg101","?","harpg101","?","rixee101","?","rixee101","?","kruee101","nieha101","bohns101","pineb101","cavei101","zitzb101","walkc101","smite104","mokaj101","","","7/F","F","F",8,4,2,"T","T",0,"F","F",1,"F","F",0,"F","F",7,"F","F","F","",0,0,"N",0,"N",0,"N",0,1,0,0,"7","","","","F","F","F","F","F","F","F","F","F","rixee101","","","F","F","F","F","F","","","","",0,7,0,0,0,0,0,0,0,45,"PHI","PHI","CIN",1,"F","F",4,3,0,21,2,"T","F",1,1,"T","T","henlb101","hubec101","T","T",7,3,44,0,0,0,0,0,0,"kruee101","","",0,0,0,0,0,0,0,0,0,0,0,0,0,"zitzb101","F","F","F","F",0,0,0,0,0,0,0,0,0,0,F,F,"1925PHI.EVN.regular.event.csv",2650
"PHI192507072","CIN",5,1,2,0,0,"",3,4,"henlb101","?","henlb101","?","rixee101","?","rixee101","?","kruee101","nieha101","bohns101","pineb101","cavei101","zitzb101","walkc101","smite104","mokaj101","","","9/F","F","F",2,5,2,"T","T",0,"F","F",1,"F","F",0,"F","F",9,"F","F","F","",0,0,"N",0,"N",0,"N",0,1,0,0,"9","","","","F","F","F","F","F","F","F","F","F","rixee101","","","F","F","F","F","F","","","","",0,9,0,0,0,0,0,0,0,46,"PHI","PHI","CIN",1,"F","T",4,3,0,22,3,"T","F",1,1,"T","T","hubec101","fribb101","T","T",7,3,44,0,0,0,0,0,0,"kruee101","","",0,0,0,0,0,0,0,0,0,0,0,0,0,"smite104","F","F","F","F",0,0,0,0,0,0,0,0,0,0,F,F,"1925PHI.EVN.regular.event.csv",2651
"PHI192507072","CIN",6,0,0,0,0,"",3,4,"walkc101","?","walkc101","?","decaa101","?","decaa101","?","henlb101","fonsl101","fribb101","hubec101","sandh101","mokaj101","harpg101","burng101","","","","63","T","F",8,5,2,"T","T",0,"F","F",1,"F","F",0,"F","F",6,"G","F","F","",0,0,"N",0,"N",0,"N",0,0,0,0,"63","","","","F","F","F","F","F","F","F","F","F","","","","F","F","F","F","F","","","","",0,3,0,0,6,0,0,0,0,47,"PHI","CIN","PHI",0,"T","F",3,4,0,22,0,"T","F",0,0,"T","T","pineb101","cavei101","T","T",0,0,0,0,0,0,0,0,0,"","","",0,0,0,0,0,0,0,0,0,0,0,0,0,"sandh101","F","F","F","F",0,0,0,0,0,0,0,0,0,0,F,F,"1925PHI.EVN.regular.event.csv",2652
"PHI192507072","CIN",6,0,1,0,0,"",3,4,"pineb101","?","pineb101","?","decaa101","?","decaa101","?","henlb101","fonsl101","fribb101","hubec101","sandh101","mokaj101","harpg101","burng101","","","","D7","F","F",5,6,21,"T","T",2,"F","F",0,"F","F",0,"F","F",7,"","F","F","",0,0,"N",0,"N",0,"N",2,0,0,0,"","","","","F","F","F","F","F","F","F","F","F","","","","F","F","F","F","F","","","","",0,0,0,0,0,0,0,0,0,48,"PHI","CIN","PHI",0,"F","F",3,4,0,23,1,"T","F",0,2,"T","T","cavei101","kruee101","T","T",0,0,0,0,0,0,0,0,0,"","","",0,0,0,0,0,0,0,0,0,0,0,0,0,"mokaj101","F","F","F","F",0,0,0,0,0,0,0,0,0,0,F,F,"1925PHI.EVN.regular.event.csv",2653
"PHI192507072","CIN",6,0,1,0,0,"",3,4,"cavei101","?","cavei101","?","decaa101","?","decaa101","?","henlb101","fonsl101","fribb101","hubec101","sandh101","mokaj101","harpg101","burng101","","pineb101","","K","F","F",6,7,3,"T","T",0,"F","F",1,"F","F",0,"F","F",0,"","F","F","",0,0,"N",0,"N",0,"N",0,0,2,0,"2","","","","F","F","F","F","F","F","F","F","F","","decaa101","","F","F","F","F","F","","","","",0,2,0,0,0,0,0,0,0,49,"PHI","CIN","PHI",0,"F","F",3,4,0,24,2,"T","F",2,2,"T","T","kruee101","rixee101","T","T",0,0,0,5,6,48,0,0,0,"","henlb101","",0,0,0,0,0,0,0,0,0,0,0,0,0,"","F","F","F","F",0,0,0,0,0,0,0,0,0,0,F,F,"1925PHI.EVN.regular.event.csv",2654
"PHI192507072","CIN",6,0,2,0,0,"",3,4,"kruee101","?","kruee101","?","decaa101","?","decaa101","?","henlb101","fonsl101","fribb101","hubec101","sandh101","mokaj101","harpg101","burng101","","pineb101","","2/P/FL","F","F",2,8,2,"T","T",0,"F","F",1,"F","F",0,"F","F",2,"P","F","T","",0,0,"N",0,"N",0,"N",0,0,2,0,"2","","","","F","F","F","F","F","F","F","F","F","","decaa101","","F","F","F","F","F","","","","",0,2,0,0,0,0,0,0,0,50,"PHI","CIN","PHI",0,"F","T",3,4,0,25,3,"T","F",2,2,"T","T","rixee101","zitzb101","T","T",0,0,0,5,6,48,0,0,0,"","henlb101","",0,0,0,0,0,0,0,0,0,0,0,0,0,"henlb101","F","F","F","F",0,0,0,0,0,0,0,0,0,0,F,F,"1925PHI.EVN.regular.event.csv",2655
"PHI192507072","CIN",6,1,0,0,0,"",3,4,"hubec101","?","hubec101","?","rixee101","?","rixee101","?","kruee101","nieha101","bohns101","pineb101","cavei101","zitzb101","walkc101","smite104","","","","53","T","F",5,6,2,"T","T",0,"F","F",1,"F","F",0,"F","F",5,"G","F","F","",0,0,"N",0,"N",0,"N",0,0,0,0,"53","","","","F","F","F","F","F","F","F","F","F","","","","F","F","F","F","F","","","","",0,3,0,0,5,0,0,0,0,51,"PHI","PHI","CIN",1,"T","F",4,3,0,23,0,"T","F",0,0,"T","T","fribb101","sandh101","T","T",0,0,0,0,0,0,0,0,0,"","","",0,0,0,0,0,0,0,0,0,0,0,0,0,"pineb101","F","F","F","F",0,0,0,0,0,0,0,0,0,0,F,F,"1925PHI.EVN.regular.event.csv",2656
"PHI192507072","CIN",6,1,1,0,0,"",3,4,"fribb101","?","fribb101","?","rixee101","?","rixee101","?","kruee101","nieha101","bohns101","pineb101","cavei101","zitzb101","walkc101","smite104","","","","8/F","F","F",4,7,2,"T","T",0,"F","F",1,"F","F",0,"F","F",8,"F","F","F","",0,0,"N",0,"N",0,"N",0,0,0,0,"8","","","","F","F","F","F","F","F","F","F","F","","","","F","F","F","F","F","","","","",0,8,0,0,0,0,0,0,0,52,"PHI","PHI","CIN",1,"F","F",4,3,0,24,1,"T","F",0,0,"T","T","sandh101","decaa101","T","T",0,0,0,0,0,0,0,0,0,"","","",0,0,0,0,0,0,0,0,0,0,0,0,0,"walkc101","F","F","F","F",0,0,0,0,0,0,0,0,0,0,F,F,"1925PHI.EVN.regular.event.csv",2657
"PHI192507072","CIN",6,1,2,0,0,"",3,4,"sandh101","?","sandh101","?","rixee101","?","rixee101","?","kruee101","nieha101","bohns101","pineb101","cavei101","zitzb101","walkc101","smite104","","","","43","F","F",6,8,2,"T","T",0,"F","F",1,"F","F",0,"F","F",4,"G","F","F","",0,0,"N",0,"N",0,"N",0,0,0,0,"43","","","","F","F","F","F","F","F","F","F","F","","","","F","F","F","F","F","","","","",0,3,0,0,4,0,0,0,0,53,"PHI","PHI","CIN",1,"F","T",4,3,0,25,2,"T","F",0,0,"T","T","decaa101","burng101","T","T",0,0,0,0,0,0,0,0,0,"","","",0,0,0,0,0,0,0,0,0,0,0,0,0,"bohns101","F","F","F","F",0,0,0,0,0,0,0,0,0,0,F,F,"1925PHI.EVN.regular.event.csv",2658
"PHI192507072","CIN",7,0,0,0,0,"",3,4,"rixee101","?","rixee101","?","decaa101","?","decaa101","?","henlb101","fonsl101","fribb101","hubec101","sandh101","mokaj101","harpg101","burng101","","","","7/F","T","F",1,9,2,"T","T",0,"F","F",1,"F","F",0,"F","F",7,"F","F","F","",0,0,"N",0,"N",0,"N",0,0,0,0,"7","","","","F","F","F","F","F","F","F","F","F","","","","F","F","F","F","F","","","","",0,7,0,0,0,0,0,0,0,54,"PHI","CIN","PHI",0,"T","F",3,4,0,26,0,"T","F",0,0,"T","T","zitzb101","smite104","T","T",0,0,0,0,0,0,0,0,0,"","","",0,0,0,0,0,0,0,0,0,0,0,0,0,"mokaj101","F","F","F","F",0,0,0,0,0,0,0,0,0,0,F,F,"1925PHI.EVN.regular.event.csv",2659
"PHI192507072","CIN",7,0,1,0,0,"",3,4,"zitzb101","?","zitzb101","?","decaa101","?","decaa101","?","henlb101","fonsl101","fribb101","hubec101","sandh101","mokaj101","harpg101","burng101","","","","S1/G-","F","F",7,1,20,"T","T",1,"F","F",0,"F","F",0,"F","F",1,"G","F","F","",0,0,"N",0,"N",0,"N",1,0,0,0,"","","","","F","F","F","F","F","F","F","F","F","","","","F","F","F","F","F","","","","",0,0,0,0,0,0,0,0,0,55,"PHI","CIN","PHI",0,"F","F",3,4,0,27,1,"T","F",0,1,"T","T","smite104","bohns101","T","T",0,0,0,0,0,0,0,0,0,"","","",0,0,0,0,0,0,0,0,0,0,0,0,0,"decaa101","F","F","F","F",0,0,0,0,0,0,0,0,0,0,F,F,"1925PHI.EVN.regular.event.csv",2660
"PHI192507072","CIN",7,0,1,0,0,"",3,4,"smite104","?","smite104","?","decaa101","?","decaa101","?","henlb101","fonsl101","fribb101","hubec101","sandh101","mokaj101","harpg101","burng101","zitzb101","","","9/F9S","F","F",9,2,2,"T","T",0,"F","F",1,"F","F",0,"F","F",9,"F","F","F","9S",0,0,"N",0,"N",0,"N",0,1,0,0,"9","","","","F","F","F","F","F","F","F","F","F","decaa101","","","F","F","F","F","F","","","","",0,9,0,0,0,0,0,0,0,56,"PHI","CIN","PHI",0,"F","F",3,4,0,28,2,"T","F",1,1,"T","T","bohns101","nieha101","T","T",7,1,55,0,0,0,0,0,0,"henlb101","","",0,0,0,0,0,0,0,0,0,0,0,0,0,"burng101","F","F","F","F",0,0,0,0,0,0,0,0,0,0,F,F,"1925PHI.EVN.regular.event.csv",2661
"PHI192507072","CIN",7,0,2,0,0,"",3,4,"bohns101","?","bohns101","?","coucj101","?","coucj101","?","henlb101","fonsl101","fribb101","hubec101","sandh101","mokaj101","harpg101","burng101","zitzb101","","","SB2","F","F",4,3,4,"F","F",0,"F","F",0,"F","F",0,"F","F",0,"","F","F","",0,0,"N",0,"N",0,"N",0,2,0,0,"","","","","T","F","F","F","F","F","F","F","F","decaa101","","","F","F","F","F","F","","","","",0,0,0,0,0,0,0,0,0,57,"PHI","CIN","PHI",0,"F","F",3,4,0,29,3,"T","F",1,2,"T","T","nieha101","walkc101","F","F",7,1,55,0,0,0,0,0,0,"henlb101","","",0,0,0,0,0,0,0,0,0,0,0,0,0,"","F","F","F","F",0,0,0,0,0,0,0,0,0,0,F,F,"1925PHI.EVN.regular.event.csv",2662
"PHI192507072","CIN",7,0,2,0,0,"",3,4,"bohns101","?","bohns101","?","coucj101","?","coucj101","?","henlb101","fonsl101","fribb101","hubec101","sandh101","mokaj101","harpg101","burng101","","zitzb101","","63","F","F",4,3,2,"T","T",0,"F","F",1,"F","F",0,"F","F",6,"G","F","F","",0,0,"N",0,"N",0,"N",0,0,2,0,"63","","","","F","F","F","F","F","F","F","F","F","","decaa101","","F","F","F","F","F","","","","",0,3,0,0,6,0,0,0,0,58,"PHI","CIN","PHI",0,"F","T",3,4,0,29,3,"F","F",2,2,"T","T","nieha101","walkc101","F","F",0,0,0,7,1,55,0,0,0,"","henlb101","",0,0,0,0,0,0,0,0,0,0,0,0,0,"sandh101","F","F","F","F",0,0,0,0,0,0,0,0,0,0,F,F,"1925PHI.EVN.regular.event.csv",2663
"PHI192507072","CIN",7,1,0,0,0,"",3,4,"coucj101","?","coucj101","?","rixee101","?","rixee101","?","kruee101","nieha101","bohns101","pineb101","cavei101","zitzb101","walkc101","smite104","","","","S9","T","F",1,9,20,"T","T",1,"F","F",0,"F","F",0,"F","F",9,"","F","F","",0,0,"N",0,"N",0,"N",1,0,0,0,"","","","","F","F","F","F","F","F","F","F","F","","","","F","F","F","F","F","","","","",0,0,0,0,0,0,0,0,0,59,"PHI","PHI","CIN",1,"T","F",4,3,0,26,0,"T","F",0,1,"F","F","burng101","fonsl101","T","T",0,0,0,0,0,0,0,0,0,"","","",0,0,0,0,0,0,0,0,0,0,0,0,0,"smite104","F","F","F","F",0,0,0,0,0,0,0,0,0,0,F,F,"1925PHI.EVN.regular.event.csv",2664
"PHI192507072","CIN",7,1,0,0,0,"",3,4,"burng101","?","burng101","?","rixee101","?","rixee101","?","kruee101","nieha101","bohns101","pineb101","cavei101","zitzb101","walkc101","smite104","coucj101","","","E3/SH.1-2","F","F",9,1,18,"T","F",0,"T","F",0,"F","F",0,"F","F",3,"G","T","F","",1,3,"F",0,"N",0,"N",1,2,0,0,"","","","","F","F","F","F","F","F","F","F","F","rixee101","","","F","F","F","F","F","","","","",0,0,0,0,0,0,0,0,0,60,"PHI","PHI","CIN",1,"F","F",4,3,0,27,1,"T","F",1,3,"T","T","fonsl101","mokaj101","T","T",1,9,59,0,0,0,0,0,0,"kruee101","","",0,0,0,0,0,0,0,0,0,0,0,0,0,"nieha101","F","F","F","T",0,0,0,0,0,0,0,0,0,0,F,F,"1925PHI.EVN.regular.event.csv",2665
"PHI192507072","CIN",7,1,0,0,0,"",3,4,"fonsl101","?","fonsl101","?","rixee101","?","rixee101","?","kruee101","nieha101","bohns101","pineb101","cavei101","zitzb101","walkc101","smite104","burng101","coucj101","","FC6.2X3(65);1-2","F","F",3,2,19,"T","T",0,"F","F",1,"F","F",0,"F","F",6,"G","F","F","",0,0,"N",0,"N",0,"N",1,2,0,0,"","","65","","F","F","F","F","F","F","F","F","F","rixee101","rixee101","","F","F","F","F","F","","","","",0,5,0,0,6,0,0,0,0,61,"PHI","PHI","CIN",1,"F","F",4,3,0,28,2,"T","F",3,3,"T","T","mokaj101","harpg101","T","T",9,1,60,1,9,59,0,0,0,"kruee101","kruee101","",0,0,0,0,0,0,0,0,0,0,0,0,0,"cavei101","F","F","F","F",3,0,0,0,0,0,0,0,0,0,F,F,"1925PHI.EVN.regular.event.csv",2666
"PHI192507072","CIN",7,1,1,0,0,"",3,4,"mokaj101","?","mokaj101","?","rixee101","?","rixee101","?","kruee101","nieha101","bohns101","pineb101","cavei101","zitzb101","walkc101","smite104","fonsl101","burng101","","5(2)/FO.1-2","F","F",7,3,2,"T","T",0,"F","F",1,"F","F",0,"F","F",5,"G","F","F","",0,0,"N",0,"N",0,"N",1,2,0,0,"","","5","","F","F","F","F","F","F","F","F","F","rixee101","rixee101","","F","F","F","F","F","","","","",0,5,0,0,0,0,0,0,0,62,"PHI","PHI","CIN",1,"F","F",4,3,0,29,3,"T","F",3,3,"T","T","harpg101","henlb101","T","T",3,2,61,9,1,60,0,0,0,"kruee101","kruee101","",0,0,0,0,0,0,0,0,0,0,0,0,0,"pineb101","F","T","F","F",2,3,0,0,0,0,0,0,0,0,F,F,"1925PHI.EVN.regular.event.csv",2667
"PHI192507072","CIN",7,1,2,0,0,"",3,4,"harpg101","?","harpg101","?","rixee101","?","rixee101","?","kruee101","nieha101","bohns101","pineb101","cavei101","zitzb101","walkc101","smite104","mokaj101","fonsl101","","WP.2-3;1-2","F","F",8,4,9,"F","F",0,"F","F",0,"F","F",0,"T","F",0,"","F","F","",0,0,"N",0,"N",0,"N",0,2,3,0,"","","","","F","F","F","F","F","F","F","F","F","rixee101","rixee101","","F","F","F","F","F","","","","",0,0,0,0,0,0,0,0,0,63,"PHI","PHI","CIN",1,"F","F",4,3,0,30,4,"T","F",3,6,"T","T","henlb101","hubec101","T","T",7,3,62,3,2,61,0,0,0,"kruee101","kruee101","",0,0,0,0,0,0,0,0,0,0,0,0,0,"","F","F","F","F",0,2,3,0,0,0,0,0,0,0,F,F,"1925PHI.EVN.regular.event.csv",2668
"PHI192507072","CIN",7,1,2,0,0,"",3,4,"wilsj105","?","wilsj105","?","rixee101","?","rixee101","?","kruee101","nieha101","bohns101","pineb101","cavei101","zitzb101","walkc101","smite104","","mokaj101","fonsl101","63","F","T",11,4,2,"T","T",0,"F","F",1,"F","F",0,"F","F",6,"G","F","F","",0,0,"N",0,"N",0,"N",0,0,2,3,"63","","","","F","F","F","F","F","F","F","F","F","","rixee101","rixee101","F","F","F","F","F","","","","harpg101",8,3,0,0,6,0,0,0,0,64,"PHI","PHI","CIN",1,"F","T",4,3,0,30,4,"F","F",6,6,"F","F","henlb101","hubec101","T","T",0,0,0,7,3,62,3,2,61,"","kruee101","kruee101",0,0,0,0,0,0,0,0,0,0,0,0,0,"cavei101","F","F","F","F",0,0,2,3,0,0,0,0,0,0,F,F,"1925PHI.EVN.regular.event.csv",2669
"PHI192507072","CIN",8,0,0,0,0,"",3,4,"nieha101","?","nieha101","?","coucj101","?","coucj101","?","henlb101","fonsl101","fribb101","hubec101","sandh101","burng101","mokaj101","willc103","","","","3/G","T","F",3,4,2,"T","T",0,"F","F",1,"F","F",0,"F","F",3,"G","F","F","",0,0,"N",0,"N",0,"N",0,0,0,0,"3","","","","F","F","F","F","F","F","F","F","F","","","","F","F","F","F","F","","","","",0,3,0,0,0,0,0,0,0,65,"PHI","CIN","PHI",0,"T","F",3,4,0,30,0,"T","F",0,0,"T","T","walkc101","pineb101","F","F",0,0,0,0,0,0,0,0,0,"","","",0,0,0,0,0,0,0,0,0,0,0,0,0,"fonsl101","F","F","F","F",0,0,0,0,0,0,0,0,0,0,F,F,"1925PHI.EVN.regular.event.csv",2670
"PHI192507072","CIN",8,0,1,0,0,"",3,4,"walkc101","?","walkc101","?","coucj101","?","coucj101","?","henlb101","fonsl101","fribb101","hubec101","sandh101","burng101","mokaj101","willc103","","","","43","F","F",8,5,2,"T","T",0,"F","F",1,"F","F",0,"F","F",4,"G","F","F","",0,0,"N",0,"N",0,"N",0,0,0,0,"43","","","","F","F","F","F","F","F","F","F","F","","","","F","F","F","F","F","","","","",0,3,0,0,4,0,0,0,0,66,"PHI","CIN","PHI",0,"F","F",3,4,0,31,1,"T","F",0,0,"T","T","pineb101","cavei101","F","F",0,0,0,0,0,0,0,0,0,"","","",0,0,0,0,0,0,0,0,0,0,0,0,0,"fribb101","F","F","F","F",0,0,0,0,0,0,0,0,0,0,F,F,"1925PHI.EVN.regular.event.csv",2671
"PHI192507072","CIN",8,0,2,0,0,"",3,4,"pineb101","?","pineb101","?","coucj101","?","coucj101","?","henlb101","fonsl101","fribb101","hubec101","sandh101","burng101","mokaj101","willc103","","","","53","F","F",5,6,2,"T","T",0,"F","F",1,"F","F",0,"F","F",5,"G","F","F","",0,0,"N",0,"N",0,"N",0,0,0,0,"53","","","","F","F","F","F","F","F","F","F","F","","","","F","F","F","F","F","","","","",0,3,0,0,5,0,0,0,0,67,"PHI","CIN","PHI",0,"F","T",3,4,0,32,2,"T","F",0,0,"T","T","cavei101","kruee101","F","F",0,0,0,0,0,0,0,0,0,"","","",0,0,0,0,0,0,0,0,0,0,0,0,0,"hubec101","F","F","F","F",0,0,0,0,0,0,0,0,0,0,F,F,"1925PHI.EVN.regular.event.csv",2672
"PHI192507072","CIN",8,1,0,0,0,"",3,4,"henlb101","?","henlb101","?","rixee101","?","rixee101","?","kruee101","nieha101","crith101","pineb101","cavei101","zitzb101","walkc101","smite104","","","","4/P","T","F",2,5,2,"T","T",0,"F","F",1,"F","F",0,"F","F",4,"P","F","F","",0,0,"N",0,"N",0,"N",0,0,0,0,"4","","","","F","F","F","F","F","F","F","F","F","","","","F","F","F","F","F","","","","",0,4,0,0,0,0,0,0,0,68,"PHI","PHI","CIN",1,"T","F",4,3,0,31,0,"T","F",0,0,"T","T","hubec101","fribb101","T","T",0,0,0,0,0,0,0,0,0,"","","",0,0,0,0,0,0,0,0,0,0,0,0,0,"crith101","F","F","F","F",0,0,0,0,0,0,0,0,0,0,F,F,"1925PHI.EVN.regular.event.csv",2673
"PHI192507072","CIN",8,1,1,0,0,"",3,4,"hubec101","?","hubec101","?","rixee101","?","rixee101","?","kruee101","nieha101","crith101","pineb101","cavei101","zitzb101","walkc101","smite104","","","","53","F","F",5,6,2,"T","T",0,"F","F",1,"F","F",0,"F","F",5,"G","F","F","",0,0,"N",0,"N",0,"N",0,0,0,0,"53","","","","F","F","F","F","F","F","F","F","F","","","","F","F","F","F","F","","","","",0,3,0,0,5,0,0,0,0,69,"PHI","PHI","CIN",1,"F","F",4,3,0,32,1,"T","F",0,0,"T","T","fribb101","sandh101","T","T",0,0,0,0,0,0,0,0,0,"","","",0,0,0,0,0,0,0,0,0,0,0,0,0,"pineb101","F","F","F","F",0,0,0,0,0,0,0,0,0,0,F,F,"1925PHI.EVN.regular.event.csv",2674
"PHI192507072","CIN",8,1,2,0,0,"",3,4,"fribb101","?","fribb101","?","rixee101","?","rixee101","?","kruee101","nieha101","crith101","pineb101","cavei101","zitzb101","walkc101","smite104","","","","S8","F","F",4,7,20,"T","T",1,"F","F",0,"F","F",0,"F","F",8,"","F","F","",0,0,"N",0,"N",0,"N",1,0,0,0,"","","","","F","F","F","F","F","F","F","F","F","","","","F","F","F","F","F","","","","",0,0,0,0,0,0,0,0,0,70,"PHI","PHI","CIN",1,"F","F",4,3,0,33,2,"T","F",0,1,"T","T","sandh101","coucj101","T","T",0,0,0,0,0,0,0,0,0,"","","",0,0,0,0,0,0,0,0,0,0,0,0,0,"walkc101","F","F","F","F",0,0,0,0,0,0,0,0,0,0,F,F,"1925PHI.EVN.regular.event.csv",2675
"PHI192507072","CIN",8,1,2,0,0,"",3,4,"sandh101","?","sandh101","?","rixee101","?","rixee101","?","kruee101","nieha101","crith101","pineb101","cavei101","zitzb101","walkc101","smite104","fribb101","","","S9.1-2#","F","F",6,8,20,"T","T",1,"F","F",0,"F","F",0,"F","F",9,"","F","F","",0,0,"N",0,"N",0,"N",1,2,0,0,"","","","","F","F","F","F","F","F","F","F","F","rixee101","","","F","F","F","F","F","","","","",0,0,0,0,0,0,0,0,0,71,"PHI","PHI","CIN",1,"F","F",4,3,0,34,3,"T","F",1,3,"T","T","coucj101","burng101","T","T",4,7,70,0,0,0,0,0,0,"kruee101","","",0,0,0,0,0,0,0,0,0,0,0,0,0,"smite104","F","F","F","F",0,0,0,0,0,0,0,0,0,0,F,T,"1925PHI.EVN.regular.event.csv",2676
"PHI192507072","CIN",8,1,2,0,0,"",3,4,"coucj101","?","coucj101","?","rixee101","?","rixee101","?","kruee101","nieha101","crith101","pineb101","cavei101","zitzb101","walkc101","smite104","sandh101","fribb101","","7/F","F","F",1,9,2,"T","T",0,"F","F",1,"F","F",0,"F","F",7,"F","F","F","",0,0,"N",0,"N",0,"N",0,1,2,0,"7","","","","F","F","F","F","F","F","F","F","F","rixee101","rixee101","","F","F","F","F","F","","","","",0,7,0,0,0,0,0,0,0,72,"PHI","PHI","CIN",1,"F","T",4,3,0,35,4,"T","F",3,3,"F","F","burng101","fonsl101","T","T",6,8,71,4,7,70,0,0,0,"kruee101","kruee101","",0,0,0,0,0,0,0,0,0,0,0,0,0,"zitzb101","F","F","F","F",0,0,0,0,0,0,0,0,0,0,F,F,"1925PHI.EVN.regular.event.csv",2677
"PHI192507072","CIN",9,0,0,0,0,"",3,4,"cavei101","?","cavei101","?","coucj101","?","coucj101","?","henlb101","fonsl101","fribb101","hubec101","sandh101","burng101","mokaj101","willc103","","","","43","T","F",6,7,2,"T","T",0,"F","F",1,"F","F",0,"F","F",4,"G","F","F","",0,0,"N",0,"N",0,"N",0,0,0,0,"43","","","","F","F","F","F","F","F","F","F","F","","","","F","F","F","F","F","","","","",0,3,0,0,4,0,0,0,0,73,"PHI","CIN","PHI",0,"T","F",3,4,0,33,0,"T","F",0,0,"T","T","kruee101","rixee101","F","F",0,0,0,0,0,0,0,0,0,"","","",0,0,0,0,0,0,0,0,0,0,0,0,0,"fribb101","F","F","F","F",0,0,0,0,0,0,0,0,0,0,F,F,"1925PHI.EVN.regular.event.csv",2678
"PHI192507072","CIN",9,0,1,0,0,"",3,4,"kruee101","?","kruee101","?","coucj101","?","coucj101","?","henlb101","fonsl101","fribb101","hubec101","sandh101","burng101","mokaj101","willc103","","","","S7","F","F",2,8,20,"T","T",1,"F","F",0,"F","F",0,"F","F",7,"","F","F","",0,0,"N",0,"N",0,"N",1,0,0,0,"","","","","F","F","F","F","F","F","F","F","F","","","","F","F","F","F","F","","","","",0,0,0,0,0,0,0,0,0,74,"PHI","CIN","PHI",0,"F","F",3,4,0,34,1,"T","F",0,1,"T","T","rixee101","zitzb101","F","F",0,0,0,0,0,0,0,0,0,"","","",0,0,0,0,0,0,0,0,0,0,0,0,0,"burng101","F","F","F","F",0,0,0,0,0,0,0,0,0,0,F,F,"1925PHI.EVN.regular.event.csv",2679
"PHI192507072","CIN",9,0,1,0,0,"",3,4,"dresc101","?","dresc101","?","coucj101","?","coucj101","?","henlb101","fonsl101","fribb101","hubec101","sandh101","burng101","mokaj101","willc103","kruee101","","","54(1)/FO","F","T",11,9,2,"T","T",0,"F","F",1,"F","F",0,"F","F",5,"G","F","F","",0,0,"N",0,"N",0,"N",1,0,0,0,"","54","","","F","F","F","F","F","F","F","F","F","coucj101","","","F","F","F","F","F","","","","rixee101",1,4,0,0,5,0,0,0,0,75,"PHI","CIN","PHI",0,"F","F",3,4,0,35,2,"T","F",1,1,"F","F","zitzb101","smite104","F","F",2,8,74,0,0,0,0,0,0,"henlb101","","",0,0,0,0,0,0,0,0,0,0,0,0,0,"hubec101","T","F","F","F",2,0,0,0,0,0,0,0,0,0,F,F,"1925PHI.EVN.regular.event.csv",2680
"PHI192507072","CIN",9,0,2,0,0,"",3,4,"zitzb101","?","zitzb101","?","coucj101","?","coucj101","?","henlb101","fonsl101","fribb101","hubec101","sandh101","burng101","mokaj101","willc103","dresc101","","","E6/G.1-2","F","F",7,1,18,"T","T",0,"F","F",0,"F","F",0,"F","F",6,"G","F","F","",1,6,"F",0,"N",0,"N",1,2,0,0,"","","","","F","F","F","F","F","F","F","F","F","coucj101","","","F","F","F","F","F","","","","",0,0,0,0,0,0,0,0,0,76,"PHI","CIN","PHI",0,"F","F",3,4,0,36,3,"T","F",1,3,"T","T","smite104","crith101","F","F",0,9,75,0,0,0,0,0,0,"henlb101","","",0,0,0,0,0,0,0,0,0,0,0,0,0,"sandh101","F","F","F","T",1,2,0,0,0,0,0,0,0,0,F,F,"1925PHI.EVN.regular.event.csv",2681
"PHI192507072","CIN",9,0,2,0,0,"",3,4,"smite104","?","smite104","?","coucj101","?","coucj101","?","henlb101","fonsl101","fribb101","hubec101","sandh101","burng101","mokaj101","willc103","zitzb101","dresc101","","8/F","F","F",9,2,2,"T","T",0,"F","F",1,"F","F",0,"F","F",8,"F","F","F","",0,0,"N",0,"N",0,"N",0,1,2,0,"8","","","","F","F","F","F","F","F","F","F","F","coucj101","coucj101","","F","T","F","F","F","","","","",0,8,0,0,0,0,0,0,0,77,"PHI","CIN","PHI",0,"F","T",3,4,0,37,4,"T","F",3,3,"T","T","crith101","nieha101","F","F",7,1,76,0,9,75,0,0,0,"henlb101","henlb101","",0,0,0,0,0,0,0,0,0,0,0,0,0,"mokaj101","F","F","F","F",0,1,2,0,0,0,0,0,0,0,F,F,"1925PHI.EVN.regular.event.csv",2682
"PHI192507092","CIN",1,0,0,0,0,"",0,0,"zitzb101","?","zitzb101","?","pierr101","?","pierr101","?","henlb101","fonsl101","fribb101","hubec101","sandh101","mokaj101","harpg101","burng101","","","","8/F","T","F",7,1,2,"T","T",0,"F","F",1,"F","F",0,"F","F",8,"F","F","F","",0,0,"N",0,"N",0,"N",0,0,0,0,"8","","","","F","F","F","F","F","F","F","F","F","","","","T","F","F","F","F","","","","",0,8,0,0,0,0,0,0,0,1,"PHI","CIN","PHI",0,"T","F",0,0,0,0,0,"T","F",0,0,"T","T","smite104","bohns101","T","T",0,0,0,0,0,0,0,0,0,"","","",0,0,0,0,0,0,0,0,0,0,0,0,0,"harpg101","F","F","F","F",0,0,0,0,1,0,0,0,0,0,F,F,"1925PHI.EVN.regular.event.csv",2683
"PHI192507092","CIN",1,0,1,0,0,"",0,0,"smite104","?","smite104","?","pierr101","?","pierr101","?","henlb101","fonsl101","fribb101","hubec101","sandh101","mokaj101","harpg101","burng101","","","","S9.BX2(9E6)","F","F",9,2,20,"T","T",1,"F","F",0,"F","F",0,"F","F",9,"","F","F","",1,6,"D",0,"N",0,"N",2,0,0,0,"9E6","","","","F","F","F","F","F","F","F","F","F","","","","F","F","F","F","F","","","","",0,0,0,0,9,0,0,0,0,2,"PHI","CIN","PHI",0,"F","F",0,0,0,1,1,"T","F",0,2,"T","T","bohns101","nieha101","T","T",0,0,0,0,0,0,0,0,0,"","","",0,0,0,0,0,0,0,0,0,0,0,0,0,"burng101","F","F","F","F",0,0,0,0,1,0,0,0,0,0,F,F,"1925PHI.EVN.regular.event.csv",2684
"PHI192507092","CIN",1,0,1,0,0,"",0,0,"bohns101","?","bohns101","?","pierr101","?","pierr101","?","henlb101","fonsl101","fribb101","hubec101","sandh101","mokaj101","harpg101","burng101","","smite104","","FC5.2X3(5641);B-2","F","F",4,3,19,"T","T",0,"F","F",1,"F","F",0,"F","F",5,"G","F","F","",0,0,"N",0,"N",0,"N",2,0,0,0,"","","5641","","F","F","F","F","F","F","F","F","F","","pierr101","","F","F","F","F","F","","","","",0,1,0,0,5,6,4,0,0,3,"PHI","CIN","PHI",0,"F","F",0,0,0,2,2,"T","F",2,2,"T","T","nieha101","walkc101","T","T",0,0,0,9,2,2,0,0,0,"","henlb101","",0,0,0,0,0,0,0,0,0,0,0,0,0,"hubec101","F","F","F","F",5,0,0,0,1,0,0,0,0,0,F,F,"1925PHI.EVN.regular.event.csv",2685
"PHI192507092","CIN",1,0,2,0,0,"",0,0,"nieha101","?","nieha101","?","pierr101","?","pierr101","?","henlb101","fonsl101","fribb101","hubec101","sandh101","mokaj101","harpg101","burng101","","bohns101","","PB.2-3","F","F",3,4,10,"F","F",0,"F","F",0,"F","F",0,"F","T",0,"","F","F","",0,0,"N",0,"N",0,"N",0,0,3,0,"","","","","F","F","F","F","F","F","F","F","F","","pierr101","","F","F","F","F","F","","","","",0,0,0,0,0,0,0,0,0,4,"PHI","CIN","PHI",0,"F","F",0,0,0,3,3,"T","F",2,4,"T","T","walkc101","pineb101","T","T",0,0,0,4,3,3,0,0,0,"","henlb101","",0,0,0,0,0,0,0,0,0,0,0,0,0,"","F","F","F","F",0,0,5,0,1,0,0,0,0,0,F,F,"1925PHI.EVN.regular.event.csv",2686
"PHI192507092","CIN",1,0,2,0,0,"",0,0,"nieha101","?","nieha101","?","pierr101","?","pierr101","?","henlb101","fonsl101","fribb101","hubec101","sandh101","mokaj101","harpg101","burng101","","","bohns101","W","F","F",3,4,14,"T","F",0,"F","F",0,"F","F",0,"F","F",0,"","F","F","",0,0,"N",0,"N",0,"N",1,0,0,3,"","","","","F","F","F","F","F","F","F","F","F","","","pierr101","F","F","F","F","F","","","","",0,0,0,0,0,0,0,0,0,5,"PHI","CIN","PHI",0,"F","F",0,0,0,3,3,"F","F",4,5,"T","T","walkc101","pineb101","T","T",0,0,0,0,0,0,4,3,3,"","","henlb101",0,0,0,0,0,0,0,0,0,0,0,0,0,"","F","F","F","F",0,0,0,5,1,0,0,0,0,0,F,F,"1925PHI.EVN.regular.event.csv",2687
"PHI192507092","CIN",1,0,2,0,0,"",0,0,"walkc101","?","walkc101","?","pierr101","?","pierr101","?","henlb101","fonsl101","fribb101","hubec101","sandh101","mokaj101","harpg101","burng101","nieha101","","bohns101","PO1(16).3-H(UR)","F","F",8,5,8,"F","F",0,"F","F",1,"F","F",0,"F","F",0,"","F","F","",0,0,"N",0,"N",0,"N",0,0,0,5,"","16","","","F","F","F","F","F","F","T","F","F","pierr101","","pierr101","F","F","F","F","F","","","","",0,6,0,0,1,0,0,0,0,6,"PHI","CIN","PHI",0,"F","T",0,0,0,4,4,"T","T",5,0,"T","T","pineb101","cavei101","T","T",3,4,5,0,0,0,4,3,3,"henlb101","","henlb101",0,0,0,0,0,0,0,0,0,0,0,0,1,"","F","F","F","F",0,0,0,5,0,0,0,0,0,0,F,F,"1925PHI.EVN.regular.event.csv",2688
"PHI192507092","CIN",1,1,0,0,0,"",1,0,"burng101","?","burng101","?","may-j102","?","may-j102","?","kruee101","nieha101","bohns101","pineb101","cavei101","zitzb101","walkc101","smite104","","","","S8","T","F",9,1,20,"T","T",1,"F","F",0,"F","F",0,"F","F",8,"","F","F","",0,0,"N",0,"N",0,"N",1,0,0,0,"","","","","F","F","F","F","F","F","F","F","F","","","","F","F","F","F","F","","","","",0,0,0,0,0,0,0,0,0,7,"PHI","PHI","CIN",1,"T","F",0,1,0,0,0,"T","F",0,1,"T","T","fonsl101","mokaj101","T","T",0,0,0,0,0,0,0,0,0,"","","",0,0,0,0,0,0,0,0,0,0,0,0,0,"walkc101","F","F","F","F",4,0,0,0,5,0,0,0,0,0,F,F,"1925PHI.EVN.regular.event.csv",2689
"PHI192507092","CIN",1,1,0,0,0,"",1,0,"fonsl101","?","fonsl101","?","may-j102","?","may-j102","?","kruee101","nieha101","bohns101","pineb101","cavei101","zitzb101","walkc101","smite104","burng101","","","S8.1-3","F","F",3,2,20,"T","T",1,"F","F",0,"F","F",0,"F","F",8,"","F","F","",0,0,"N",0,"N",0,"N",1,3,0,0,"","","","","F","F","F","F","F","F","F","F","F","may-j102","","","F","F","F","F","F","","","","",0,0,0,0,0,0,0,0,0,8,"PHI","PHI","CIN",1,"F","F",0,1,0,1,1,"T","F",1,5,"T","T","mokaj101","harpg101","T","T",9,1,7,0,0,0,0,0,0,"kruee101","","",0,0,0,0,0,0,0,0,0,0,0,0,0,"walkc101","F","F","F","F",4,4,0,0,5,0,0,0,0,0,F,F,"1925PHI.EVN.regular.event.csv",2690
"PHI192507092","CIN",1,1,0,0,0,"",1,0,"mokaj101","?","mokaj101","?","may-j102","?","may-j102","?","kruee101","nieha101","bohns101","pineb101","cavei101","zitzb101","walkc101","smite104","fonsl101","","burng101","S7.3-H;1-3;B-2(TH3)","F","F",7,3,20,"T","T",1,"F","F",0,"F","F",1,"F","F",7,"","F","F","",0,0,"N",0,"N",0,"N",2,3,0,4,"","","","","F","F","F","F","F","F","F","F","F","may-j102","","may-j102","F","F","F","F","F","","","","",0,0,0,0,0,0,0,0,0,9,"PHI","PHI","CIN",1,"F","F",0,1,0,2,2,"T","F",5,6,"T","T","harpg101","henlb101","T","T",3,2,8,0,0,0,9,1,7,"kruee101","","kruee101",0,0,0,0,0,0,0,0,0,0,0,0,1,"zitzb101","F","F","F","F",4,4,0,4,4,0,0,0,0,0,F,F,"1925PHI.EVN.regular.event.csv",2691
"PHI192507092","CIN",1,1,0,0,0,"",1,1,"harpg101","?","harpg101","?","may-j102","?","may-j102","?","kruee101","nieha101","bohns101","pineb101","cavei101","zitzb101","walkc101","smite104","","mokaj101","fonsl101","HP","F","F",8,4,16,"T","F",0,"F","F",0,"F","F",0,"F","F",0,"","F","F","",0,0,"N",0,"N",0,"N",1,0,2,3,"","","","","F","F","F","F","F","F","F","F","F","","may-j102","may-j102","F","F","F","F","F","","","","",0,0,0,0,0,0,0,0,0,10,"PHI","PHI","CIN",1,"F","F",1,1,1,3,3,"T","F",6,7,"T","T","henlb101","hubec101","T","T",0,0,0,7,3,9,3,2,8,"","kruee101","kruee101",0,0,0,0,0,0,0,0,0,0,0,0,0,"","F","F","F","F",0,0,4,4,4,0,0,0,0,0,F,F,"1925PHI.EVN.regular.event.csv",2692
"PHI192507092","CIN",1,1,0,0,0,"",1,1,"henlb101","?","henlb101","?","bradn101","?","bradn101","?","kruee101","nieha101","bohns101","pineb101","cavei101","zitzb101","walkc101","smite104","harpg101","mokaj101","fonsl101","S7.3-H;2-H;1-2","F","F",2,5,20,"T","T",1,"F","F",0,"F","F",2,"F","F",7,"","F","F","",0,0,"N",0,"N",0,"N",1,2,4,4,"","","","","F","F","F","F","F","F","F","F","F","may-j102","may-j102","may-j102","F","F","F","F","F","","","","",0,0,0,0,0,0,0,0,0,11,"PHI","PHI","CIN",1,"F","F",1,1,1,4,4,"T","F",7,3,"T","T","hubec101","fribb101","F","F",8,4,10,7,3,9,3,2,8,"kruee101","kruee101","kruee101",0,0,0,0,0,0,0,0,0,0,0,0,2,"zitzb101","F","F","F","F",4,0,4,4,2,0,0,0,0,0,F,F,"1925PHI.EVN.regular.event.csv",2693
"PHI192507092","CIN",1,1,0,0,0,"",1,3,"hubec101","?","hubec101","?","bradn101","?","bradn101","?","kruee101","nieha101","bohns101","pineb101","cavei101","zitzb101","walkc101","smite104","henlb101","harpg101","","15(2)/FO.1-2","F","F",5,6,2,"T","T",0,"F","F",1,"F","F",0,"F","F",1,"G","F","F","",0,0,"N",0,"N",0,"N",1,2,0,0,"","","15","","F","F","F","F","F","F","F","F","F","bradn101","may-j102","","F","F","F","F","F","","","","",0,5,0,0,1,0,0,0,0,12,"PHI","PHI","CIN",1,"F","F",3,1,3,5,5,"T","F",3,3,"T","T","fribb101","sandh101","F","F",2,5,11,8,4,10,0,0,0,"kruee101","kruee101","",0,0,0,0,0,0,0,0,0,0,0,0,0,"bradn101","F","T","F","F",4,4,0,0,2,0,0,0,0,0,F,F,"1925PHI.EVN.regular.event.csv",2694
"PHI192507092","CIN",1,1,1,0,0,"",1,3,"fribb101","?","fribb101","?","bradn101","?","bradn101","?","kruee101","nieha101","bohns101","pineb101","cavei101","zitzb101","walkc101","smite104","hubec101","henlb101","","S8.2-H;1-3","F","F",4,7,20,"T","T",1,"F","F",0,"F","F",1,"F","F",8,"","F","F","",0,0,"N",0,"N",0,"N",1,3,4,0,"","","","","F","F","F","F","F","F","F","F","F","bradn101","may-j102","","F","F","F","F","F","","","","",0,0,0,0,0,0,0,0,0,13,"PHI","PHI","CIN",1,"F","F",3,1,3,6,6,"T","F",3,5,"T","T","sandh101","pierr101","F","F",5,6,12,2,5,11,0,0,0,"kruee101","kruee101","",0,0,0,0,0,0,0,0,0,0,0,0,1,"walkc101","F","F","F","F",0,4,4,0,1,0,0,0,0,0,F,F,"1925PHI.EVN.regular.event.csv",2695
"PHI192507092","CIN",1,1,1,0,0,"",1,4,"sandh101","?","sandh101","?","bradn101","?","bradn101","?","kruee101","nieha101","bohns101","pineb101","cavei101","zitzb101","walkc101","smite104","fribb101","","hubec101","S9.3-H;1-2","F","F",6,8,20,"T","T",1,"F","F",0,"F","F",1,"F","F",9,"","F","F","",0,0,"N",0,"N",0,"N",1,2,0,4,"","","","","F","F","F","F","F","F","F","F","F","bradn101","","bradn101","F","F","F","F","F","","","","",0,0,0,0,0,0,0,0,0,14,"PHI","PHI","CIN",1,"F","F",4,1,4,7,7,"T","F",5,3,"T","T","pierr101","burng101","F","F",4,7,13,0,0,0,5,6,12,"kruee101","","kruee101",0,0,0,0,0,0,0,0,0,0,0,0,1,"smite104","F","F","F","F",0,0,0,4,0,0,0,0,0,0,F,F,"1925PHI.EVN.regular.event.csv",2696
"PHI192507092","CIN",1,1,1,0,0,"",1,5,"pierr101","?","pierr101","?","bradn101","?","bradn101","?","kruee101","nieha101","bohns101","pineb101","cavei101","zitzb101","walkc101","smite104","sandh101","fribb101","","14(1)/FO.2-3","F","F",1,9,2,"T","T",0,"F","F",1,"F","F",0,"F","F",1,"G","F","F","",0,0,"N",0,"N",0,"N",1,0,3,0,"","14","","","F","F","F","F","F","F","F","F","F","bradn101","bradn101","","F","F","F","F","F","","","","",0,4,0,0,1,0,0,0,0,15,"PHI","PHI","CIN",1,"F","F",5,1,5,8,8,"T","F",3,5,"T","T","burng101","fonsl101","F","F",6,8,14,4,7,13,0,0,0,"kruee101","kruee101","",0,0,0,0,0,0,0,0,0,0,0,0,0,"bradn101","T","F","F","F",0,0,0,0,0,0,0,0,0,0,F,F,"1925PHI.EVN.regular.event.csv",2697
"PHI192507092","CIN",1,1,2,0,0,"",1,5,"burng101","?","burng101","?","bradn101","?","bradn101","?","kruee101","nieha101","bohns101","pineb101","cavei101","zitzb101","walkc101","smite104","pierr101","","fribb101","54(1)/FO","F","F",9,1,2,"T","T",0,"F","F",1,"F","F",0,"F","F",5,"G","F","F","",0,0,"N",0,"N",0,"N",1,0,0,3,"","54","","","F","F","F","F","F","F","F","F","F","bradn101","","bradn101","F","F","F","F","F","","","","",0,4,0,0,5,0,0,0,0,16,"PHI","PHI","CIN",1,"F","T",5,1,5,9,9,"T","F",5,5,"T","T","fonsl101","mokaj101","F","F",1,9,15,0,0,0,4,7,13,"kruee101","","kruee101",0,0,0,0,0,0,0,0,0,0,0,0,0,"pineb101","T","F","F","F",0,0,0,0,0,0,0,0,0,0,F,F,"1925PHI.EVN.regular.event.csv",2698
"PHI192507092","CIN",2,0,0,0,0,"",1,5,"walkc101","?","walkc101","?","pierr101","?","pierr101","?","henlb101","fonsl101","fribb101","hubec101","sandh101","mokaj101","harpg101","burng101","","","","D9","T","F",8,5,21,"T","T",2,"F","F",0,"F","F",0,"F","F",9,"","F","F","",0,0,"N",0,"N",0,"N",2,0,0,0,"","","","","F","F","F","F","F","F","F","F","F","","","","F","F","F","F","F","","","","",0,0,0,0,0,0,0,0,0,17,"PHI","CIN","PHI",0,"T","F",1,5,0,4,0,"T","F",0,2,"T","T","pineb101","cavei101","T","T",0,0,0,0,0,0,0,0,0,"","","",0,0,0,0,0,0,0,0,0,0,0,0,0,"burng101","F","F","F","F",3,0,0,0,0,0,0,0,0,0,F,F,"1925PHI.EVN.regular.event.csv",2699
"PHI192507092","CIN",2,0,0,0,0,"",1,5,"pineb101","?","pineb101","?","pierr101","?","pierr101","?","henlb101","fonsl101","fribb101","hubec101","sandh101","mokaj101","harpg101","burng101","","walkc101","","WP.2-3","F","F",5,6,9,"F","F",0,"F","F",0,"F","F",0,"T","F",0,"","F","F","",0,0,"N",0,"N",0,"N",0,0,3,0,"","","","","F","F","F","F","F","F","F","F","F","","pierr101","","F","F","F","F","F","","","","",0,0,0,0,0,0,0,0,0,18,"PHI","CIN","PHI",0,"F","F",1,5,0,5,1,"T","F",2,4,"T","T","cavei101","kruee101","T","T",0,0,0,8,5,17,0,0,0,"","henlb101","",0,0,0,0,0,0,0,0,0,0,0,0,0,"","F","F","F","F",0,0,3,0,0,0,0,0,0,0,F,F,"1925PHI.EVN.regular.event.csv",2700
"PHI192507092","CIN",2,0,0,0,0,"",1,5,"pineb101","?","pineb101","?","pierr101","?","pierr101","?","henlb101","fonsl101","fribb101","hubec101","sandh101","mokaj101","harpg101","burng101","","","walkc101","13","F","F",5,6,2,"T","T",0,"F","F",1,"F","F",0,"F","F",1,"G","F","F","",0,0,"N",0,"N",0,"N",0,0,0,3,"13","","","","F","F","F","F","F","F","F","F","F","","","pierr101","F","F","F","F","F","","","","",0,3,0,0,1,0,0,0,0,19,"PHI","CIN","PHI",0,"F","F",1,5,0,5,1,"F","F",4,4,"T","T","cavei101","kruee101","T","T",0,0,0,0,0,0,8,5,17,"","","henlb101",0,0,0,0,0,0,0,0,0,0,0,0,0,"pierr101","F","F","F","F",0,0,0,3,0,0,0,0,0,0,F,F,"1925PHI.EVN.regular.event.csv",2701
"PHI192507092","CIN",2,0,1,0,0,"",1,5,"cavei101","?","cavei101","?","pierr101","?","pierr101","?","henlb101","fonsl101","fribb101","hubec101","sandh101","mokaj101","harpg101","burng101","","","walkc101","53","F","F",6,7,2,"T","T",0,"F","F",1,"F","F",0,"F","F",5,"G","F","F","",0,0,"N",0,"N",0,"N",0,0,0,3,"53","","","","F","F","F","F","F","F","F","F","F","","","pierr101","F","F","F","F","F","","","","",0,3,0,0,5,0,0,0,0,20,"PHI","CIN","PHI",0,"F","F",1,5,0,6,2,"T","F",4,4,"T","T","kruee101","bradn101","T","T",0,0,0,0,0,0,8,5,17,"","","henlb101",0,0,0,0,0,0,0,0,0,0,0,0,0,"hubec101","F","F","F","F",0,0,0,3,0,0,0,0,0,0,F,F,"1925PHI.EVN.regular.event.csv",2702
"PHI192507092","CIN",2,0,2,0,0,"",1,5,"kruee101","?","kruee101","?","pierr101","?","pierr101","?","henlb101","fonsl101","fribb101","hubec101","sandh101","mokaj101","harpg101","burng101","","","walkc101","53","F","F",2,8,2,"T","T",0,"F","F",1,"F","F",0,"F","F",5,"G","F","F","",0,0,"N",0,"N",0,"N",0,0,0,3,"53","","","","F","F","F","F","F","F","F","F","F","","","pierr101","F","F","F","F","F","","","","",0,3,0,0,5,0,0,0,0,21,"PHI","CIN","PHI",0,"F","T",1,5,0,7,3,"T","F",4,4,"T","T","bradn101","zitzb101","T","T",0,0,0,0,0,0,8,5,17,"","","henlb101",0,0,0,0,0,0,0,0,0,0,0,0,0,"hubec101","F","F","F","F",0,0,0,3,0,0,0,0,0,0,F,F,"1925PHI.EVN.regular.event.csv",2703
"PHI192507092","CIN",2,1,0,0,0,"",1,5,"hawkc101","?","hawkc101","?","bradn101","?","bradn101","?","kruee101","nieha101","bohns101","pineb101","cavei101","zitzb101","walkc101","smite104","","","","7/L","T","T",11,2,2,"T","T",0,"F","F",1,"F","F",0,"F","F",7,"L","F","F","",0,0,"N",0,"N",0,"N",0,0,0,0,"7","","","","F","F","F","F","F","F","F","F","F","","","","F","F","F","F","F","","","","fonsl101",3,7,0,0,0,0,0,0,0,22,"PHI","PHI","CIN",1,"T","F",5,1,0,10,0,"T","F",0,0,"F","F","mokaj101","harpg101","F","F",0,0,0,0,0,0,0,0,0,"","","",0,0,0,0,0,0,0,0,0,0,0,0,0,"zitzb101","F","F","F","F",0,0,0,0,0,0,0,0,0,0,F,F,"1925PHI.EVN.regular.event.csv",2704
"PHI192507092","CIN",2,1,1,0,0,"",1,5,"wrigr102","?","wrigr102","?","bradn101","?","bradn101","?","kruee101","nieha101","bohns101","pineb101","cavei101","zitzb101","walkc101","smite104","","","","9/L","F","T",11,3,2,"T","T",0,"F","F",1,"F","F",0,"F","F",9,"L","F","F","",0,0,"N",0,"N",0,"N",0,0,0,0,"9","","","","F","F","F","F","F","F","F","F","F","","","","F","F","F","F","F","","","","mokaj101",7,9,0,0,0,0,0,0,0,23,"PHI","PHI","CIN",1,"F","F",5,1,0,11,1,"T","F",0,0,"F","F","harpg101","henlb101","F","F",0,0,0,0,0,0,0,0,0,"","","",0,0,0,0,0,0,0,0,0,0,0,0,0,"smite104","F","F","F","F",0,0,0,0,0,0,0,0,0,0,F,F,"1925PHI.EVN.regular.event.csv",2705
"PHI192507092","CIN",2,1,2,0,0,"",1,5,"harpg101","?","harpg101","?","bradn101","?","bradn101","?","kruee101","nieha101","bohns101","pineb101","cavei101","zitzb101","walkc101","smite104","","","","K","F","F",8,4,3,"T","T",0,"F","F",1,"F","F",0,"F","F",0,"","F","F","",0,0,"N",0,"N",0,"N",0,0,0,0,"2","","","","F","F","F","F","F","F","F","F","F","","","","F","F","F","F","F","","","","",0,2,0,0,0,0,0,0,0,24,"PHI","PHI","CIN",1,"F","T",5,1,0,12,2,"T","F",0,0,"T","T","henlb101","hubec101","F","F",0,0,0,0,0,0,0,0,0,"","","",0,0,0,0,0,0,0,0,0,0,0,0,0,"","F","F","F","F",0,0,0,0,0,0,0,0,0,0,F,F,"1925PHI.EVN.regular.event.csv",2706
"PHI192507092","CIN",3,0,0,0,0,"",1,5,"bradn101","?","bradn101","?","pierr101","?","pierr101","?","henlb101","hawkc101","fribb101","hubec101","sandh101","burng101","harpg101","wrigr102","","","","S7","T","F",1,9,20,"T","T",1,"F","F",0,"F","F",0,"F","F",7,"","F","F","",0,0,"N",0,"N",0,"N",1,0,0,0,"","","","","F","F","F","F","F","F","F","F","F","","","","F","F","F","F","F","","","","",0,0,0,0,0,0,0,0,0,25,"PHI","CIN","PHI",0,"T","F",1,5,0,8,0,"T","F",0,1,"F","F","zitzb101","smite104","T","T",0,0,0,0,0,0,0,0,0,"","","",0,0,0,0,0,0,0,0,0,0,0,0,0,"burng101","F","F","F","F",0,0,0,0,0,0,0,0,0,0,F,F,"1925PHI.EVN.regular.event.csv",2707
"PHI192507092","CIN",3,0,0,0,0,"",1,5,"zitzb101","?","zitzb101","?","pierr101","?","pierr101","?","henlb101","hawkc101","fribb101","hubec101","sandh101","burng101","harpg101","wrigr102","bradn101","","","8/L","F","F",7,1,2,"T","T",0,"F","F",1,"F","F",0,"F","F",8,"L","F","F","",0,0,"N",0,"N",0,"N",0,1,0,0,"8","","","","F","F","F","F","F","F","F","F","F","pierr101","","","F","F","F","F","F","","","","",0,8,0,0,0,0,0,0,0,26,"PHI","CIN","PHI",0,"F","F",1,5,0,9,1,"T","F",1,1,"T","T","smite104","bohns101","T","T",1,9,25,0,0,0,0,0,0,"henlb101","","",0,0,0,0,0,0,0,0,0,0,0,0,0,"harpg101","F","F","F","F",0,0,0,0,0,0,0,0,0,0,F,F,"1925PHI.EVN.regular.event.csv",2708
"PHI192507092","CIN",3,0,1,0,0,"",1,5,"smite104","?","smite104","?","pierr101","?","pierr101","?","henlb101","hawkc101","fribb101","hubec101","sandh101","burng101","harpg101","wrigr102","bradn101","","","W.1-2","F","F",9,2,14,"T","F",0,"F","F",0,"F","F",0,"F","F",0,"","F","F","",0,0,"N",0,"N",0,"N",1,2,0,0,"","","","","F","F","F","F","F","F","F","F","F","pierr101","","","F","F","F","F","F","","","","",0,0,0,0,0,0,0,0,0,27,"PHI","CIN","PHI",0,"F","F",1,5,0,10,2,"T","F",1,3,"T","T","bohns101","nieha101","T","T",1,9,25,0,0,0,0,0,0,"henlb101","","",0,0,0,0,0,0,0,0,0,0,0,0,0,"","F","F","F","F",0,0,0,0,0,0,0,0,0,0,F,F,"1925PHI.EVN.regular.event.csv",2709
"PHI192507092","CIN",3,0,1,0,0,"",1,5,"bohns101","?","bohns101","?","pierr101","?","pierr101","?","henlb101","hawkc101","fribb101","hubec101","sandh101","burng101","harpg101","wrigr102","smite104","bradn101","","54(1)3/GDP","F","F",4,3,2,"T","T",0,"F","F",2,"T","F",0,"F","F",5,"G","F","F","",0,0,"N",0,"N",0,"N",0,0,2,0,"43","54","","","F","F","F","F","F","F","F","F","F","pierr101","pierr101","","F","F","F","F","F","","","","",0,4,3,0,5,4,0,0,0,28,"PHI","CIN","PHI",0,"F","T",1,5,0,11,3,"T","F",3,2,"T","T","nieha101","walkc101","T","T",9,2,27,1,9,25,0,0,0,"henlb101","henlb101","",0,0,0,0,0,0,0,0,0,0,0,0,0,"hubec101","T","F","F","F",0,0,0,0,0,0,0,0,0,0,F,F,"1925PHI.EVN.regular.event.csv",2710
"PHI192507092","CIN",3,1,0,0,0,"",1,5,"henlb101","?","henlb101","?","bradn101","?","bradn101","?","kruee101","nieha101","bohns101","pineb101","cavei101","zitzb101","walkc101","smite104","","","","K","T","F",2,5,3,"T","T",0,"F","F",1,"F","F",0,"F","F",0,"","F","F","",0,0,"N",0,"N",0,"N",0,0,0,0,"2","","","","F","F","F","F","F","F","F","F","F","","","","F","F","F","F","F","","","","",0,2,0,0,0,0,0,0,0,29,"PHI","PHI","CIN",1,"T","F",5,1,0,13,0,"T","F",0,0,"T","T","hubec101","fribb101","F","F",0,0,0,0,0,0,0,0,0,"","","",0,0,0,0,0,0,0,0,0,0,0,0,0,"","F","F","F","F",0,0,0,0,0,0,0,0,0,0,F,F,"1925PHI.EVN.regular.event.csv",2711
"PHI192507092","CIN",3,1,1,0,0,"",1,5,"hubec101","?","hubec101","?","bradn101","?","bradn101","?","kruee101","nieha101","bohns101","pineb101","cavei101","zitzb101","walkc101","smite104","","","","S9.BX2(94)","F","F",5,6,20,"T","T",1,"F","F",1,"F","F",0,"F","F",9,"","F","F","",0,0,"N",0,"N",0,"N",0,0,0,0,"94","","","","F","F","F","F","F","F","F","F","F","","","","F","F","F","F","F","","","","",0,4,0,0,9,0,0,0,0,30,"PHI","PHI","CIN",1,"F","F",5,1,0,14,1,"T","F",0,0,"T","T","fribb101","sandh101","F","F",0,0,0,0,0,0,0,0,0,"","","",0,0,0,0,0,0,0,0,0,0,0,0,0,"smite104","F","F","F","F",0,0,0,0,0,0,0,0,0,0,F,F,"1925PHI.EVN.regular.event.csv",2712
"PHI192507092","CIN",3,1,2,0,0,"",1,5,"fribb101","?","fribb101","?","bradn101","?","bradn101","?","kruee101","nieha101","bohns101","pineb101","cavei101","zitzb101","walkc101","smite104","","","","W","F","F",4,7,14,"T","F",0,"F","F",0,"F","F",0,"F","F",0,"","F","F","",0,0,"N",0,"N",0,"N",1,0,0,0,"","","","","F","F","F","F","F","F","F","F","F","","","","F","F","F","F","F","","","","",0,0,0,0,0,0,0,0,0,31,"PHI","PHI","CIN",1,"F","F",5,1,0,15,2,"T","F",0,1,"T","T","sandh101","pierr101","F","F",0,0,0,0,0,0,0,0,0,"","","",0,0,0,0,0,0,0,0,0,0,0,0,0,"","F","F","F","F",0,0,0,0,0,0,0,0,0,0,F,F,"1925PHI.EVN.regular.event.csv",2713
"PHI192507092","CIN",3,1,2,0,0,"",1,5,"sandh101","?","sandh101","?","bradn101","?","bradn101","?","kruee101","nieha101","bohns101","pineb101","cavei101","zitzb101","walkc101","smite104","fribb101","","","SB2","F","F",6,8,4,"F","F",0,"F","F",0,"F","F",0,"F","F",0,"","F","F","",0,0,"N",0,"N",0,"N",0,2,0,0,"","","","","T","F","F","F","F","F","F","F","F","bradn101","","","F","F","F","F","F","","","","",0,0,0,0,0,0,0,0,0,32,"PHI","PHI","CIN",1,"F","F",5,1,0,16,3,"T","F",1,2,"T","T","pierr101","burng101","F","F",4,7,31,0,0,0,0,0,0,"kruee101","","",0,0,0,0,0,0,0,0,0,0,0,0,0,"","F","F","F","F",0,0,0,0,0,0,0,0,0,0,F,F,"1925PHI.EVN.regular.event.csv",2714
"PHI192507092","CIN",3,1,2,0,0,"",1,5,"sandh101","?","sandh101","?","bradn101","?","bradn101","?","kruee101","nieha101","bohns101","pineb101","cavei101","zitzb101","walkc101","smite104","","fribb101","","K","F","F",6,8,3,"T","T",0,"F","F",1,"F","F",0,"F","F",0,"","F","F","",0,0,"N",0,"N",0,"N",0,0,2,0,"2","","","","F","F","F","F","F","F","F","F","F","","bradn101","","F","F","F","F","F","","","","",0,2,0,0,0,0,0,0,0,33,"PHI","PHI","CIN",1,"F","T",5,1,0,16,3,"F","F",2,2,"T","T","pierr101","burng101","F","F",0,0,0,4,7,31,0,0,0,"","kruee101","",0,0,0,0,0,0,0,0,0,0,0,0,0,"","F","F","F","F",0,0,0,0,0,0,0,0,0,0,F,F,"1925PHI.EVN.regular.event.csv",2715
"PHI192507092","CIN",4,0,0,0,0,"",1,5,"nieha101","?","nieha101","?","pierr101","?","pierr101","?","henlb101","hawkc101","fribb101","hubec101","sandh101","burng101","harpg101","wrigr102","","","","D7","T","F",3,4,21,"T","T",2,"F","F",0,"F","F",0,"F","F",7,"","F","F","",0,0,"N",0,"N",0,"N",2,0,0,0,"","","","","F","F","F","F","F","F","F","F","F","","","","F","F","F","F","F","","","","",0,0,0,0,0,0,0,0,0,34,"PHI","CIN","PHI",0,"T","F",1,5,0,12,0,"T","F",0,2,"T","T","walkc101","pineb101","T","T",0,0,0,0,0,0,0,0,0,"","","",0,0,0,0,0,0,0,0,0,0,0,0,0,"burng101","F","F","F","F",4,0,0,0,2,0,0,0,0,0,F,F,"1925PHI.EVN.regular.event.csv",2716
"PHI192507092","CIN",4,0,0,0,0,"",1,5,"walkc101","?","walkc101","?","pierr101","?","pierr101","?","henlb101","hawkc101","fribb101","hubec101","sandh101","burng101","harpg101","wrigr102","","nieha101","","7/F","F","F",8,5,2,"T","T",0,"F","F",1,"F","F",0,"F","F",7,"F","F","F","",0,0,"N",0,"N",0,"N",0,0,2,0,"7","","","","F","F","F","F","F","F","F","F","F","","pierr101","","F","F","F","F","F","","","","",0,7,0,0,0,0,0,0,0,35,"PHI","CIN","PHI",0,"F","F",1,5,0,13,1,"T","F",2,2,"T","T","pineb101","cavei101","T","T",0,0,0,3,4,34,0,0,0,"","henlb101","",0,0,0,0,0,0,0,0,0,0,0,0,0,"burng101","F","F","F","F",0,0,4,0,2,0,0,0,0,0,F,F,"1925PHI.EVN.regular.event.csv",2717
"PHI192507092","CIN",4,0,1,0,0,"",1,5,"pineb101","?","pineb101","?","pierr101","?","pierr101","?","henlb101","hawkc101","fribb101","hubec101","sandh101","burng101","harpg101","wrigr102","","nieha101","","7/F","F","F",5,6,2,"T","T",0,"F","F",1,"F","F",0,"F","F",7,"F","F","F","",0,0,"N",0,"N",0,"N",0,0,2,0,"7","","","","F","F","F","F","F","F","F","F","F","","pierr101","","F","F","F","F","F","","","","",0,7,0,0,0,0,0,0,0,36,"PHI","CIN","PHI",0,"F","F",1,5,0,14,2,"T","F",2,2,"T","T","cavei101","kruee101","T","T",0,0,0,3,4,34,0,0,0,"","henlb101","",0,0,0,0,0,0,0,0,0,0,0,0,0,"burng101","F","F","F","F",0,0,4,0,2,0,0,0,0,0,F,F,"1925PHI.EVN.regular.event.csv",2718
"PHI192507092","CIN",4,0,2,0,0,"",1,5,"cavei101","?","cavei101","?","pierr101","?","pierr101","?","henlb101","hawkc101","fribb101","hubec101","sandh101","burng101","harpg101","wrigr102","","nieha101","","S9.2-H","F","F",6,7,20,"T","T",1,"F","F",0,"F","F",1,"F","F",9,"","F","F","",0,0,"N",0,"N",0,"N",1,0,4,0,"","","","","F","F","F","F","F","F","F","F","F","","pierr101","","F","F","F","F","F","","","","",0,0,0,0,0,0,0,0,0,37,"PHI","CIN","PHI",0,"F","F",1,5,0,15,3,"T","F",2,1,"T","T","kruee101","bradn101","T","T",0,0,0,3,4,34,0,0,0,"","henlb101","",0,0,0,0,0,0,0,0,0,0,0,0,1,"wrigr102","F","F","F","F",4,0,4,0,1,0,0,0,0,0,F,F,"1925PHI.EVN.regular.event.csv",2719
"PHI192507092","CIN",4,0,2,0,0,"",2,5,"kruee101","?","kruee101","?","pierr101","?","pierr101","?","henlb101","hawkc101","fribb101","hubec101","sandh101","burng101","harpg101","wrigr102","cavei101","","","S7.1-2","F","F",2,8,20,"T","T",1,"F","F",0,"F","F",0,"F","F",7,"","F","F","",0,0,"N",0,"N",0,"N",1,2,0,0,"","","","","F","F","F","F","F","F","F","F","F","pierr101","","","F","F","F","F","F","","","","",0,0,0,0,0,0,0,0,0,38,"PHI","CIN","PHI",0,"F","F",2,5,1,16,4,"T","F",1,3,"T","T","bradn101","zitzb101","T","T",6,7,37,0,0,0,0,0,0,"henlb101","","",0,0,0,0,0,0,0,0,0,0,0,0,0,"burng101","F","F","F","F",0,4,0,0,1,0,0,0,0,0,F,F,"1925PHI.EVN.regular.event.csv",2720
"PHI192507092","CIN",4,0,2,0,0,"",2,5,"bradn101","?","bradn101","?","pierr101","?","pierr101","?","henlb101","hawkc101","fribb101","hubec101","sandh101","burng101","harpg101","wrigr102","kruee101","cavei101","","S7.2-H;1-2","F","F",1,9,20,"T","T",1,"F","F",0,"F","F",1,"F","F",7,"","F","F","",0,0,"N",0,"N",0,"N",1,2,4,0,"","","","","F","F","F","F","F","F","F","F","F","pierr101","pierr101","","F","F","F","F","F","","","","",0,0,0,0,0,0,0,0,0,39,"PHI","CIN","PHI",0,"F","F",2,5,1,17,5,"T","F",3,3,"F","F","zitzb101","smite104","T","T",2,8,38,6,7,37,0,0,0,"henlb101","henlb101","",0,0,0,0,0,0,0,0,0,0,0,0,1,"burng101","F","F","F","F",0,0,4,0,0,0,0,0,0,0,F,F,"1925PHI.EVN.regular.event.csv",2721
"PHI192507092","CIN",4,0,2,0,0,"",3,5,"zitzb101","?","zitzb101","?","pierr101","?","pierr101","?","henlb101","hawkc101","fribb101","hubec101","sandh101","burng101","harpg101","wrigr102","bradn101","kruee101","","7/F","F","F",7,1,2,"T","T",0,"F","F",1,"F","F",0,"F","F",7,"F","F","F","",0,0,"N",0,"N",0,"N",0,1,2,0,"7","","","","F","F","F","F","F","F","F","F","F","pierr101","pierr101","","F","F","F","F","F","","","","",0,7,0,0,0,0,0,0,0,40,"PHI","CIN","PHI",0,"F","T",3,5,2,18,6,"T","F",3,3,"T","T","smite104","bohns101","T","T",1,9,39,2,8,38,0,0,0,"henlb101","henlb101","",0,0,0,0,0,0,0,0,0,0,0,0,0,"burng101","F","F","F","F",0,0,0,0,0,0,0,0,0,0,F,F,"1925PHI.EVN.regular.event.csv",2722
"PHI192507092","CIN",4,1,0,0,0,"",3,5,"pierr101","?","pierr101","?","bradn101","?","bradn101","?","kruee101","nieha101","bohns101","pineb101","cavei101","zitzb101","walkc101","smite104","","","","W","T","F",1,9,14,"T","F",0,"F","F",0,"F","F",0,"F","F",0,"","F","F","",0,0,"N",0,"N",0,"N",1,0,0,0,"","","","","F","F","F","F","F","F","F","F","F","","","","F","F","F","F","F","","","","",0,0,0,0,0,0,0,0,0,41,"PHI","PHI","CIN",1,"T","F",5,3,0,17,0,"T","F",0,1,"T","T","burng101","hawkc101","F","F",0,0,0,0,0,0,0,0,0,"","","",0,0,0,0,0,0,0,0,0,0,0,0,0,"","F","F","F","F",4,0,0,0,4,0,0,0,0,0,F,F,"1925PHI.EVN.regular.event.csv",2723
"PHI192507092","CIN",4,1,0,0,0,"",3,5,"burng101","?","burng101","?","bradn101","?","bradn101","?","kruee101","nieha101","bohns101","pineb101","cavei101","zitzb101","walkc101","smite104","pierr101","","","S8.1-2","F","F",7,1,20,"T","T",1,"F","F",0,"F","F",0,"F","F",8,"","F","F","",0,0,"N",0,"N",0,"N",1,2,0,0,"","","","","F","F","F","F","F","F","F","F","F","bradn101","","","F","F","F","F","F","","","","",0,0,0,0,0,0,0,0,0,42,"PHI","PHI","CIN",1,"F","F",5,3,0,18,1,"T","F",1,3,"T","T","hawkc101","wrigr102","F","F",1,9,41,0,0,0,0,0,0,"kruee101","","",0,0,0,0,0,0,0,0,0,0,0,0,0,"walkc101","F","F","F","F",4,4,0,0,4,0,0,0,0,0,F,F,"1925PHI.EVN.regular.event.csv",2724
"PHI192507092","CIN",4,1,0,0,0,"",3,5,"hawkc101","?","hawkc101","?","bradn101","?","bradn101","?","kruee101","nieha101","bohns101","pineb101","cavei101","zitzb101","walkc101","smite104","burng101","pierr101","","S7.2-H;1-2","F","F",3,2,20,"T","T",1,"F","F",0,"F","F",1,"F","F",7,"","F","F","",0,0,"N",0,"N",0,"N",1,2,4,0,"","","","","F","F","F","F","F","F","F","F","F","bradn101","bradn101","","F","F","F","F","F","","","","",0,0,0,0,0,0,0,0,0,43,"PHI","PHI","CIN",1,"F","F",5,3,0,19,2,"T","F",3,3,"F","F","wrigr102","harpg101","F","F",7,1,42,1,9,41,0,0,0,"kruee101","kruee101","",0,0,0,0,0,0,0,0,0,0,0,0,1,"zitzb101","F","F","F","F",4,4,4,0,3,0,0,0,0,0,F,F,"1925PHI.EVN.regular.event.csv",2725
"PHI192507092","CIN",4,1,0,0,0,"",3,6,"wrigr102","?","wrigr102","?","bradn101","?","bradn101","?","kruee101","nieha101","bohns101","pineb101","cavei101","zitzb101","walkc101","smite104","hawkc101","burng101","","S9.2-H;1-2#","F","F",9,3,20,"T","T",1,"F","F",0,"F","F",1,"F","F",9,"","F","F","",0,0,"N",0,"N",0,"N",1,2,4,0,"","","","","F","F","F","F","F","F","F","F","F","bradn101","bradn101","","F","F","F","F","F","","","","",0,0,0,0,0,0,0,0,0,44,"PHI","PHI","CIN",1,"F","F",6,3,1,20,3,"T","F",3,3,"F","F","harpg101","henlb101","F","F",3,2,43,7,1,42,0,0,0,"kruee101","kruee101","",0,0,0,0,0,0,0,0,0,0,0,0,1,"smite104","F","F","F","F",4,4,4,0,2,0,0,0,0,0,F,T,"1925PHI.EVN.regular.event.csv",2726
"PHI192507092","CIN",4,1,0,0,0,"",3,7,"harpg101","?","harpg101","?","biemh101","?","biemh101","?","kruee101","nieha101","bohns101","pineb101","cavei101","zitzb101","walkc101","smite104","wrigr102","hawkc101","","13.2-3;1-2","F","F",8,4,2,"T","T",0,"F","F",1,"F","F",0,"F","F",1,"G","F","F","",0,0,"N",0,"N",0,"N",0,2,3,0,"13","","","","F","F","F","F","F","F","F","F","F","bradn101","bradn101","","F","F","F","F","F","","","","",0,3,0,0,1,0,0,0,0,45,"PHI","PHI","CIN",1,"F","F",7,3,2,21,4,"T","F",3,6,"T","T","henlb101","hubec101","F","F",9,3,44,3,2,43,0,0,0,"kruee101","kruee101","",0,0,0,0,0,0,0,0,0,0,0,0,0,"biemh101","F","F","F","F",0,4,4,0,2,0,0,0,0,0,F,F,"1925PHI.EVN.regular.event.csv",2727
"PHI192507092","CIN",4,1,1,0,0,"",3,7,"henlb101","?","henlb101","?","biemh101","?","biemh101","?","kruee101","nieha101","bohns101","pineb101","cavei101","zitzb101","walkc101","smite104","","wrigr102","hawkc101","D7.3-H;2-H","F","F",2,5,21,"T","T",2,"F","F",0,"F","F",2,"F","F",7,"","F","F","",0,0,"N",0,"N",0,"N",2,0,4,4,"","","","","F","F","F","F","F","F","F","F","F","","bradn101","bradn101","F","F","F","F","F","","","","",0,0,0,0,0,0,0,0,0,46,"PHI","PHI","CIN",1,"F","F",7,3,2,22,5,"T","F",6,2,"T","T","hubec101","fribb101","F","F",0,0,0,9,3,44,3,2,43,"","kruee101","kruee101",0,0,0,0,0,0,0,0,0,0,0,0,2,"zitzb101","F","F","F","F",0,0,4,4,0,0,0,0,0,0,F,F,"1925PHI.EVN.regular.event.csv",2728
"PHI192507092","CIN",4,1,1,0,0,"",3,9,"hubec101","?","hubec101","?","biemh101","?","biemh101","?","kruee101","nieha101","bohns101","pineb101","cavei101","zitzb101","walkc101","smite104","","henlb101","","W","F","F",5,6,14,"T","F",0,"F","F",0,"F","F",0,"F","F",0,"","F","F","",0,0,"N",0,"N",0,"N",1,0,2,0,"","","","","F","F","F","F","F","F","F","F","F","","biemh101","","F","F","F","F","F","","","","",0,0,0,0,0,0,0,0,0,47,"PHI","PHI","CIN",1,"F","F",9,3,4,23,6,"T","F",2,3,"T","T","fribb101","sandh101","F","F",0,0,0,2,5,46,0,0,0,"","kruee101","",0,0,0,0,0,0,0,0,0,0,0,0,0,"","F","F","F","F",0,0,0,0,0,0,0,0,0,0,F,F,"1925PHI.EVN.regular.event.csv",2729
"PHI192507092","CIN",4,1,1,0,0,"",3,9,"fribb101","?","fribb101","?","biemh101","?","biemh101","?","kruee101","nieha101","bohns101","pineb101","cavei101","zitzb101","walkc101","smite104","hubec101","henlb101","","46(1)3/GDP","F","F",4,7,2,"T","T",0,"F","F",2,"T","F",0,"F","F",4,"G","F","F","",0,0,"N",0,"N",0,"N",0,0,2,0,"63","46","","","F","F","F","F","F","F","F","F","F","biemh101","biemh101","","F","F","F","F","F","","","","",0,6,3,0,4,6,0,0,0,48,"PHI","PHI","CIN",1,"F","T",9,3,4,24,7,"T","F",3,2,"T","T","sandh101","pierr101","F","F",5,6,47,2,5,46,0,0,0,"kruee101","kruee101","",0,0,0,0,0,0,0,0,0,0,0,0,0,"bohns101","T","F","F","F",0,0,0,0,0,0,0,0,0,0,F,F,"1925PHI.EVN.regular.event.csv",2730
"PHI192507092","CIN",5,0,0,0,0,"",3,9,"smite104","?","smite104","?","pierr101","?","pierr101","?","henlb101","hawkc101","fribb101","hubec101","sandh101","burng101","harpg101","wrigr102","","","","31","T","F",9,2,2,"T","T",0,"F","F",1,"F","F",0,"F","F",3,"G","F","F","",0,0,"N",0,"N",0,"N",0,0,0,0,"31","","","","F","F","F","F","F","F","F","F","F","","","","F","F","F","F","F","","","","",0,1,0,0,3,0,0,0,0,49,"PHI","CIN","PHI",0,"T","F",3,9,0,19,0,"T","F",0,0,"T","T","bohns101","nieha101","T","T",0,0,0,0,0,0,0,0,0,"","","",0,0,0,0,0,0,0,0,0,0,0,0,0,"hawkc101","F","F","F","F",0,0,0,0,0,0,0,0,0,0,F,F,"1925PHI.EVN.regular.event.csv",2731
"PHI192507092","CIN",5,0,1,0,0,"",3,9,"bohns101","?","bohns101","?","pierr101","?","pierr101","?","henlb101","hawkc101","fribb101","hubec101","sandh101","burng101","harpg101","wrigr102","","","","8/L","F","F",4,3,2,"T","T",0,"F","F",1,"F","F",0,"F","F",8,"L","F","F","",0,0,"N",0,"N",0,"N",0,0,0,0,"8","","","","F","F","F","F","F","F","F","F","F","","","","F","F","F","F","F","","","","",0,8,0,0,0,0,0,0,0,50,"PHI","CIN","PHI",0,"F","F",3,9,0,20,1,"T","F",0,0,"T","T","nieha101","walkc101","T","T",0,0,0,0,0,0,0,0,0,"","","",0,0,0,0,0,0,0,0,0,0,0,0,0,"harpg101","F","F","F","F",0,0,0,0,0,0,0,0,0,0,F,F,"1925PHI.EVN.regular.event.csv",2732
"PHI192507092","CIN",5,0,2,0,0,"",3,9,"nieha101","?","nieha101","?","pierr101","?","pierr101","?","henlb101","hawkc101","fribb101","hubec101","sandh101","burng101","harpg101","wrigr102","","","","W","F","F",3,4,14,"T","F",0,"F","F",0,"F","F",0,"F","F",0,"","F","F","",0,0,"N",0,"N",0,"N",1,0,0,0,"","","","","F","F","F","F","F","F","F","F","F","","","","F","F","F","F","F","","","","",0,0,0,0,0,0,0,0,0,51,"PHI","CIN","PHI",0,"F","F",3,9,0,21,2,"T","F",0,1,"T","T","walkc101","pineb101","T","T",0,0,0,0,0,0,0,0,0,"","","",0,0,0,0,0,0,0,0,0,0,0,0,0,"","F","F","F","F",3,0,0,0,0,0,0,0,0,0,F,F,"1925PHI.EVN.regular.event.csv",2733
"PHI192507092","CIN",5,0,2,0,0,"",3,9,"walkc101","?","walkc101","?","pierr101","?","pierr101","?","henlb101","hawkc101","fribb101","hubec101","sandh101","burng101","harpg101","wrigr102","nieha101","","","S9.1-2","F","F",8,5,20,"T","T",1,"F","F",0,"F","F",0,"F","F",9,"","F","F","",0,0,"N",0,"N",0,"N",1,2,0,0,"","","","","F","F","F","F","F","F","F","F","F","pierr101","","","F","F","F","F","F","","","","",0,0,0,0,0,0,0,0,0,52,"PHI","CIN","PHI",0,"F","F",3,9,0,22,3,"T","F",1,3,"T","T","pineb101","cavei101","T","T",3,4,51,0,0,0,0,0,0,"henlb101","","",0,0,0,0,0,0,0,0,0,0,0,0,0,"wrigr102","F","F","F","F",2,3,0,0,0,0,0,0,0,0,F,F,"1925PHI.EVN.regular.event.csv",2734
"PHI192507092","CIN",5,0,2,0,0,"",3,9,"pineb101","?","pineb101","?","pierr101","?","pierr101","?","henlb101","hawkc101","fribb101","hubec101","sandh101","burng101","harpg101","wrigr102","walkc101","nieha101","","S5/G5L.2-3;1-2","F","F",5,6,20,"T","T",1,"F","F",0,"F","F",0,"F","F",5,"G","F","F","5L",0,0,"N",0,"N",0,"N",1,2,3,0,"","","","","F","F","F","F","F","F","F","F","F","pierr101","pierr101","","F","F","F","F","F","","","","",0,0,0,0,0,0,0,0,0,53,"PHI","CIN","PHI",0,"F","F",3,9,0,23,4,"T","F",3,7,"T","T","cavei101","kruee101","T","T",8,5,52,3,4,51,0,0,0,"henlb101","henlb101","",0,0,0,0,0,0,0,0,0,0,0,0,0,"hubec101","F","F","F","F",0,2,3,0,0,0,0,0,0,0,F,F,"1925PHI.EVN.regular.event.csv",2735
"PHI192507092","CIN",5,0,2,0,0,"",3,9,"cavei101","?","cavei101","?","pierr101","?","pierr101","?","henlb101","hawkc101","fribb101","hubec101","sandh101","burng101","harpg101","wrigr102","pineb101","walkc101","nieha101","64(1)/FO","F","F",6,7,2,"T","T",0,"F","F",1,"F","F",0,"F","F",6,"G","F","F","",0,0,"N",0,"N",0,"N",1,0,2,3,"","64","","","F","F","F","F","F","F","F","F","F","pierr101","pierr101","pierr101","F","F","F","F","F","","","","",0,4,0,0,6,0,0,0,0,54,"PHI","CIN","PHI",0,"F","T",3,9,0,24,5,"T","F",7,7,"T","T","kruee101","biemh101","T","T",5,6,53,8,5,52,3,4,51,"henlb101","henlb101","henlb101",0,0,0,0,0,0,0,0,0,0,0,0,0,"sandh101","T","F","F","F",1,0,2,3,0,0,0,0,0,0,F,F,"1925PHI.EVN.regular.event.csv",2736
"PHI192507092","CIN",5,1,0,0,0,"",3,9,"sandh101","?","sandh101","?","biemh101","?","biemh101","?","kruee101","nieha101","crith101","dresc101","cavei101","zitzb101","walkc101","smite104","","","","S6/G.B-2(E6/TH1)","T","F",6,8,20,"T","T",1,"F","F",0,"F","F",0,"F","F",6,"G","F","F","",1,6,"T",0,"N",0,"N",2,0,0,0,"","","","","F","F","F","F","F","F","F","F","F","","","","F","F","F","F","F","","","","",0,0,0,0,0,0,0,0,0,55,"PHI","PHI","CIN",1,"T","F",9,3,0,25,0,"T","F",0,2,"T","T","pierr101","burng101","F","F",0,0,0,0,0,0,0,0,0,"","","",0,0,0,0,0,0,0,0,0,0,0,0,0,"cavei101","F","F","F","F",0,0,0,0,0,0,0,0,0,0,F,F,"1925PHI.EVN.regular.event.csv",2737
"PHI192507092","CIN",5,1,0,0,0,"",3,9,"pierr101","?","pierr101","?","biemh101","?","biemh101","?","kruee101","nieha101","crith101","dresc101","cavei101","zitzb101","walkc101","smite104","","sandh101","","53/SH.2-3","F","F",1,9,2,"T","F",0,"T","F",1,"F","F",0,"F","F",5,"G","T","F","",0,0,"N",0,"N",0,"N",0,0,3,0,"53","","","","F","F","F","F","F","F","F","F","F","","biemh101","","F","F","F","F","F","","","","",0,3,0,0,5,0,0,0,0,56,"PHI","PHI","CIN",1,"F","F",9,3,0,26,1,"T","F",2,4,"T","T","burng101","hawkc101","F","F",0,0,0,6,8,55,0,0,0,"","kruee101","",0,0,0,0,0,0,0,0,0,0,0,0,0,"dresc101","F","F","F","F",0,0,0,0,0,0,0,0,0,0,F,F,"1925PHI.EVN.regular.event.csv",2738
"PHI192507092","CIN",5,1,1,0,0,"",3,9,"burng101","?","burng101","?","biemh101","?","biemh101","?","kruee101","nieha101","crith101","dresc101","cavei101","zitzb101","walkc101","smite104","","","sandh101","K","F","F",7,1,3,"T","T",0,"F","F",1,"F","F",0,"F","F",0,"","F","F","",0,0,"N",0,"N",0,"N",0,0,0,3,"2","","","","F","F","F","F","F","F","F","F","F","","","biemh101","F","F","F","F","F","","","","",0,2,0,0,0,0,0,0,0,57,"PHI","PHI","CIN",1,"F","F",9,3,0,27,2,"T","F",4,4,"T","T","hawkc101","wrigr102","F","F",0,0,0,0,0,0,6,8,55,"","","kruee101",0,0,0,0,0,0,0,0,0,0,0,0,0,"","F","F","F","F",0,0,0,0,0,0,0,0,0,0,F,F,"1925PHI.EVN.regular.event.csv",2739
"PHI192507092","CIN",5,1,2,0,0,"",3,9,"hawkc101","?","hawkc101","?","biemh101","?","biemh101","?","kruee101","nieha101","crith101","dresc101","cavei101","zitzb101","walkc101","smite104","","","sandh101","5/FL","F","F",3,2,2,"T","T",0,"F","F",1,"F","F",0,"F","F",5,"F","F","T","",0,0,"N",0,"N",0,"N",0,0,0,3,"5","","","","F","F","F","F","F","F","F","F","F","","","biemh101","F","F","F","F","F","","","","",0,5,0,0,0,0,0,0,0,58,"PHI","PHI","CIN",1,"F","T",9,3,0,28,3,"T","F",4,4,"F","F","wrigr102","harpg101","F","F",0,0,0,0,0,0,6,8,55,"","","kruee101",0,0,0,0,0,0,0,0,0,0,0,0,0,"dresc101","F","F","F","F",0,0,0,0,0,0,0,0,0,0,F,F,"1925PHI.EVN.regular.event.csv",2740
"PHI192507092","CIN",6,0,0,0,0,"",3,9,"kruee101","?","kruee101","?","pierr101","?","pierr101","?","henlb101","hawkc101","fribb101","hubec101","sandh101","burng101","harpg101","wrigr102","","","","8/F","T","F",2,8,2,"T","T",0,"F","F",1,"F","F",0,"F","F",8,"F","F","F","",0,0,"N",0,"N",0,"N",0,0,0,0,"8","","","","F","F","F","F","F","F","F","F","F","","","","F","F","F","F","F","","","","",0,8,0,0,0,0,0,0,0,59,"PHI","CIN","PHI",0,"T","F",3,9,0,25,0,"T","F",0,0,"T","T","biemh101","zitzb101","T","T",0,0,0,0,0,0,0,0,0,"","","",0,0,0,0,0,0,0,0,0,0,0,0,0,"harpg101","F","F","F","F",0,0,0,0,0,0,0,0,0,0,F,F,"1925PHI.EVN.regular.event.csv",2741
"PHI192507092","CIN",6,0,1,0,0,"",3,9,"biemh101","?","biemh101","?","pierr101","?","pierr101","?","henlb101","hawkc101","fribb101","hubec101","sandh101","burng101","harpg101","wrigr102","","","","8/L","F","F",1,9,2,"T","T",0,"F","F",1,"F","F",0,"F","F",8,"L","F","F","",0,0,"N",0,"N",0,"N",0,0,0,0,"8","","","","F","F","F","F","F","F","F","F","F","","","","F","F","F","F","F","","","","",0,8,0,0,0,0,0,0,0,60,"PHI","CIN","PHI",0,"F","F",3,9,0,26,1,"T","F",0,0,"F","F","zitzb101","smite104","T","T",0,0,0,0,0,0,0,0,0,"","","",0,0,0,0,0,0,0,0,0,0,0,0,0,"harpg101","F","F","F","F",0,0,0,0,0,0,0,0,0,0,F,F,"1925PHI.EVN.regular.event.csv",2742
"PHI192507092","CIN",6,0,2,0,0,"",3,9,"zitzb101","?","zitzb101","?","pierr101","?","pierr101","?","henlb101","hawkc101","fribb101","hubec101","sandh101","burng101","harpg101","wrigr102","","","","63","F","F",7,1,2,"T","T",0,"F","F",1,"F","F",0,"F","F",6,"G","F","F","",0,0,"N",0,"N",0,"N",0,0,0,0,"63","","","","F","F","F","F","F","F","F","F","F","","","","F","F","F","F","F","","","","",0,3,0,0,6,0,0,0,0,61,"PHI","CIN","PHI",0,"F","T",3,9,0,27,2,"T","F",0,0,"T","T","smite104","crith101","T","T",0,0,0,0,0,0,0,0,0,"","","",0,0,0,0,0,0,0,0,0,0,0,0,0,"sandh101","F","F","F","F",0,0,0,0,0,0,0,0,0,0,F,F,"1925PHI.EVN.regular.event.csv",2743
"PHI192507092","CIN",6,1,0,0,0,"",3,9,"wrigr102","?","wrigr102","?","biemh101","?","biemh101","?","kruee101","nieha101","crith101","dresc101","cavei101","zitzb101","walkc101","smite104","","","","W","T","F",9,3,14,"T","F",0,"F","F",0,"F","F",0,"F","F",0,"","F","F","",0,0,"N",0,"N",0,"N",1,0,0,0,"","","","","F","F","F","F","F","F","F","F","F","","","","F","F","F","F","F","","","","",0,0,0,0,0,0,0,0,0,62,"PHI","PHI","CIN",1,"T","F",9,3,0,29,0,"T","F",0,1,"F","F","harpg101","henlb101","F","F",0,0,0,0,0,0,0,0,0,"","","",0,0,0,0,0,0,0,0,0,0,0,0,0,"","F","F","F","F",0,0,0,0,0,0,0,0,0,0,F,F,"1925PHI.EVN.regular.event.csv",2744
"PHI192507092","CIN",6,1,0,0,0,"",3,9,"harpg101","?","harpg101","?","biemh101","?","biemh101","?","kruee101","nieha101","crith101","dresc101","cavei101","zitzb101","walkc101","smite104","wrigr102","","","CS2(26)","F","F",8,4,6,"F","F",0,"F","F",1,"F","F",0,"F","F",0,"","F","F","",0,0,"N",0,"N",0,"N",0,0,0,0,"","26","","","F","F","F","T","F","F","F","F","F","biemh101","","","F","F","F","F","F","","","","",0,6,0,0,2,0,0,0,0,63,"PHI","PHI","CIN",1,"F","F",9,3,0,30,1,"T","F",1,0,"T","T","henlb101","hubec101","F","F",9,3,62,0,0,0,0,0,0,"kruee101","","",0,0,0,0,0,0,0,0,0,0,0,0,0,"","F","F","F","F",0,0,0,0,0,0,0,0,0,0,F,F,"1925PHI.EVN.regular.event.csv",2745
"PHI192507092","CIN",6,1,1,0,0,"",3,9,"harpg101","?","harpg101","?","biemh101","?","biemh101","?","kruee101","nieha101","crith101","dresc101","cavei101","zitzb101","walkc101","smite104","","","","S/56D","F","F",8,4,20,"T","T",1,"F","F",0,"F","F",0,"F","F",0,"","F","F","56D",0,0,"N",0,"N",0,"N",1,0,0,0,"","","","","F","F","F","F","F","F","F","F","F","","","","F","F","F","F","F","","","","",0,0,0,0,0,0,0,0,0,64,"PHI","PHI","CIN",1,"F","F",9,3,0,30,1,"F","F",0,1,"T","T","henlb101","hubec101","F","F",0,0,0,0,0,0,0,0,0,"","","",0,0,0,0,0,0,0,0,0,0,0,0,0,"","F","F","F","F",0,0,0,0,0,0,0,0,0,0,F,F,"1925PHI.EVN.regular.event.csv",2746
"PHI192507092","CIN",6,1,1,0,0,"",3,9,"henlb101","?","henlb101","?","biemh101","?","biemh101","?","kruee101","nieha101","crith101","dresc101","cavei101","zitzb101","walkc101","smite104","harpg101","","","9/L","F","F",2,5,2,"T","T",0,"F","F",1,"F","F",0,"F","F",9,"L","F","F","",0,0,"N",0,"N",0,"N",0,1,0,0,"9","","","","F","F","F","F","F","F","F","F","F","biemh101","","","F","F","F","F","F","","","","",0,9,0,0,0,0,0,0,0,65,"PHI","PHI","CIN",1,"F","F",9,3,0,31,2,"T","F",1,1,"T","T","hubec101","fribb101","F","F",8,4,64,0,0,0,0,0,0,"kruee101","","",0,0,0,0,0,0,0,0,0,0,0,0,0,"smite104","F","F","F","F",0,0,0,0,0,0,0,0,0,0,F,F,"1925PHI.EVN.regular.event.csv",2747
"PHI192507092","CIN",6,1,2,0,0,"",3,9,"hubec101","?","hubec101","?","biemh101","?","biemh101","?","kruee101","nieha101","crith101","dresc101","cavei101","zitzb101","walkc101","smite104","harpg101","","","54(1)/FO","F","F",5,6,2,"T","T",0,"F","F",1,"F","F",0,"F","F",5,"G","F","F","",0,0,"N",0,"N",0,"N",1,0,0,0,"","54","","","F","F","F","F","F","F","F","F","F","biemh101","","","F","F","F","F","F","","","","",0,4,0,0,5,0,0,0,0,66,"PHI","PHI","CIN",1,"F","T",9,3,0,32,3,"T","F",1,1,"T","T","fribb101","sandh101","F","F",8,4,64,0,0,0,0,0,0,"kruee101","","",0,0,0,0,0,0,0,0,0,0,0,0,0,"dresc101","T","F","F","F",1,0,0,0,0,0,0,0,0,0,F,F,"1925PHI.EVN.regular.event.csv",2748
"PHI192507092","CIN",7,0,0,0,0,"",3,9,"smite104","?","smite104","?","pierr101","?","pierr101","?","henlb101","hawkc101","kimmw101","hubec101","sandh101","burng101","harpg101","wrigr102","","","","3/G","T","F",9,2,2,"T","T",0,"F","F",1,"F","F",0,"F","F",3,"G","F","F","",0,0,"N",0,"N",0,"N",0,0,0,0,"3","","","","F","F","F","F","F","F","F","F","F","","","","F","F","F","F","F","","","","",0,3,0,0,0,0,0,0,0,67,"PHI","CIN","PHI",0,"T","F",3,9,0,28,0,"T","F",0,0,"T","T","crith101","nieha101","T","T",0,0,0,0,0,0,0,0,0,"","","",0,0,0,0,0,0,0,0,0,0,0,0,0,"hawkc101","F","F","F","F",0,0,0,0,0,0,0,0,0,0,F,F,"1925PHI.EVN.regular.event.csv",2749
"PHI192507092","CIN",7,0,1,0,0,"",3,9,"crith101","?","crith101","?","pierr101","?","pierr101","?","henlb101","hawkc101","kimmw101","hubec101","sandh101","burng101","harpg101","wrigr102","","","","53","F","F",4,3,2,"T","T",0,"F","F",1,"F","F",0,"F","F",5,"G","F","F","",0,0,"N",0,"N",0,"N",0,0,0,0,"53","","","","F","F","F","F","F","F","F","F","F","","","","F","F","F","F","F","","","","",0,3,0,0,5,0,0,0,0,68,"PHI","CIN","PHI",0,"F","F",3,9,0,29,1,"T","F",0,0,"F","F","nieha101","walkc101","T","T",0,0,0,0,0,0,0,0,0,"","","",0,0,0,0,0,0,0,0,0,0,0,0,0,"hubec101","F","F","F","F",0,0,0,0,0,0,0,0,0,0,F,F,"1925PHI.EVN.regular.event.csv",2750
"PHI192507092","CIN",7,0,2,0,0,"",3,9,"nieha101","?","nieha101","?","pierr101","?","pierr101","?","henlb101","hawkc101","kimmw101","hubec101","sandh101","burng101","harpg101","wrigr102","","","","9/F","F","F",3,4,2,"T","T",0,"F","F",1,"F","F",0,"F","F",9,"F","F","F","",0,0,"N",0,"N",0,"N",0,0,0,0,"9","","","","F","F","F","F","F","F","F","F","F","","","","F","F","F","F","F","","","","",0,9,0,0,0,0,0,0,0,69,"PHI","CIN","PHI",0,"F","T",3,9,0,30,2,"T","F",0,0,"T","T","walkc101","dresc101","T","T",0,0,0,0,0,0,0,0,0,"","","",0,0,0,0,0,0,0,0,0,0,0,0,0,"wrigr102","F","F","F","F",0,0,0,0,0,0,0,0,0,0,F,F,"1925PHI.EVN.regular.event.csv",2751
"PHI192507092","CIN",7,1,0,0,0,"",3,9,"kimmw101","?","kimmw101","?","biemh101","?","biemh101","?","kruee101","nieha101","crith101","dresc101","cavei101","zitzb101","walkc101","smite104","","","","W","T","F",4,7,14,"T","F",0,"F","F",0,"F","F",0,"F","F",0,"","F","F","",0,0,"N",0,"N",0,"N",1,0,0,0,"","","","","F","F","F","F","F","F","F","F","F","","","","F","F","F","F","F","","","","",0,0,0,0,0,0,0,0,0,70,"PHI","PHI","CIN",1,"T","F",9,3,0,33,0,"T","F",0,1,"F","F","sandh101","pierr101","F","F",0,0,0,0,0,0,0,0,0,"","","",0,0,0,0,0,0,0,0,0,0,0,0,0,"","F","F","F","F",4,0,0,0,2,0,0,0,0,0,F,F,"1925PHI.EVN.regular.event.csv",2752
"PHI192507092","CIN",7,1,0,0,0,"",3,9,"sandh101","?","sandh101","?","biemh101","?","biemh101","?","kruee101","nieha101","crith101","dresc101","cavei101","zitzb101","walkc101","smite104","kimmw101","","","W.1-2","F","F",6,8,14,"T","F",0,"F","F",0,"F","F",0,"F","F",0,"","F","F","",0,0,"N",0,"N",0,"N",1,2,0,0,"","","","","F","F","F","F","F","F","F","F","F","biemh101","","","F","F","F","F","F","","","","",0,0,0,0,0,0,0,0,0,71,"PHI","PHI","CIN",1,"F","F",9,3,0,34,1,"T","F",1,3,"T","T","pierr101","burng101","F","F",4,7,70,0,0,0,0,0,0,"kruee101","","",0,0,0,0,0,0,0,0,0,0,0,0,0,"","F","F","F","F",4,4,0,0,2,0,0,0,0,0,F,F,"1925PHI.EVN.regular.event.csv",2753
"PHI192507092","CIN",7,1,0,0,0,"",3,9,"pierr101","?","pierr101","?","biemh101","?","biemh101","?","kruee101","nieha101","crith101","dresc101","cavei101","zitzb101","walkc101","smite104","sandh101","kimmw101","","E1/SH.2-3;1-2","F","F",1,9,18,"T","F",0,"T","F",0,"F","F",0,"F","F",1,"G","T","F","",1,1,"F",0,"N",0,"N",1,2,3,0,"","","","","F","F","F","F","F","F","F","F","F","biemh101","biemh101","","F","F","F","F","F","","","","",0,0,0,0,0,0,0,0,0,72,"PHI","PHI","CIN",1,"F","F",9,3,0,35,2,"T","F",3,7,"T","T","burng101","hawkc101","F","F",6,8,71,4,7,70,0,0,0,"kruee101","kruee101","",0,0,0,0,0,0,0,0,0,0,0,0,0,"biemh101","F","F","F","T",0,4,4,0,2,0,0,0,0,0,F,F,"1925PHI.EVN.regular.event.csv",2754
"PHI192507092","CIN",7,1,0,0,0,"",3,9,"burng101","?","burng101","?","biemh101","?","biemh101","?","kruee101","nieha101","crith101","dresc101","cavei101","zitzb101","walkc101","smite104","pierr101","sandh101","kimmw101","64(1)3/GDP.3-H(RBI);2-3","F","F",7,1,2,"T","T",0,"F","F",2,"T","F",1,"F","F",6,"G","F","F","",0,0,"N",0,"N",0,"N",0,0,3,4,"43","64","","","F","F","F","F","F","F","F","F","F","biemh101","biemh101","biemh101","F","F","F","F","F","","","","",0,4,3,0,6,4,0,0,0,73,"PHI","PHI","CIN",1,"F","F",9,3,0,36,3,"T","F",7,4,"T","T","hawkc101","wrigr102","F","F",1,9,72,6,8,71,4,7,70,"kruee101","kruee101","kruee101",0,0,0,0,0,0,0,0,0,0,0,0,1,"cavei101","T","F","F","F",0,0,4,4,1,0,0,0,0,0,F,F,"1925PHI.EVN.regular.event.csv",2755
"PHI192507092","CIN",7,1,2,0,0,"",3,10,"hawkc101","?","hawkc101","?","biemh101","?","biemh101","?","kruee101","nieha101","crith101","dresc101","cavei101","zitzb101","walkc101","smite104","","","sandh101","S8.3-H","F","F",3,2,20,"T","T",1,"F","F",0,"F","F",1,"F","F",8,"","F","F","",0,0,"N",0,"N",0,"N",1,0,0,4,"","","","","F","F","F","F","F","F","F","F","F","","","biemh101","F","F","F","F","F","","","","",0,0,0,0,0,0,0,0,0,74,"PHI","PHI","CIN",1,"F","F",10,3,1,37,4,"T","F",4,1,"F","F","wrigr102","harpg101","F","F",0,0,0,0,0,0,6,8,71,"","","kruee101",0,0,0,0,0,0,0,0,0,0,0,0,1,"walkc101","F","F","F","F",0,0,0,4,0,0,0,0,0,0,F,F,"1925PHI.EVN.regular.event.csv",2756
"PHI192507092","CIN",7,1,2,0,0,"",3,11,"wrigr102","?","wrigr102","?","biemh101","?","biemh101","?","kruee101","nieha101","crith101","dresc101","cavei101","zitzb101","walkc101","smite104","hawkc101","","","S7.1-2","F","F",9,3,20,"T","T",1,"F","F",0,"F","F",0,"F","F",7,"","F","F","",0,0,"N",0,"N",0,"N",1,2,0,0,"","","","","F","F","F","F","F","F","F","F","F","biemh101","","","F","F","F","F","F","","","","",0,0,0,0,0,0,0,0,0,75,"PHI","PHI","CIN",1,"F","F",11,3,2,38,5,"T","F",1,3,"F","F","harpg101","henlb101","F","F",3,2,74,0,0,0,0,0,0,"kruee101","","",0,0,0,0,0,0,0,0,0,0,0,0,0,"zitzb101","F","F","F","F",0,0,0,0,0,0,0,0,0,0,F,F,"1925PHI.EVN.regular.event.csv",2757
"PHI192507092","CIN",7,1,2,0,0,"",3,11,"harpg101","?","harpg101","?","biemh101","?","biemh101","?","kruee101","nieha101","crith101","dresc101","cavei101","zitzb101","walkc101","smite104","wrigr102","hawkc101","","3/G","F","F",8,4,2,"T","T",0,"F","F",1,"F","F",0,"F","F",3,"G","F","F","",0,0,"N",0,"N",0,"N",0,1,2,0,"3","","","","F","F","F","F","F","F","F","F","F","biemh101","biemh101","","F","F","F","F","F","","","","",0,3,0,0,0,0,0,0,0,76,"PHI","PHI","CIN",1,"F","T",11,3,2,39,6,"T","F",3,3,"T","T","henlb101","hubec101","F","F",9,3,75,3,2,74,0,0,0,"kruee101","kruee101","",0,0,0,0,0,0,0,0,0,0,0,0,0,"nieha101","F","F","F","F",0,0,0,0,0,0,0,0,0,0,F,F,"1925PHI.EVN.regular.event.csv",2758
"PHI192507092","CIN",8,0,0,0,0,"",3,11,"walkc101","?","walkc101","?","pierr101","?","pierr101","?","henlb101","hawkc101","kimmw101","hubec101","sandh101","burng101","harpg101","wrigr102","","","","S9","T","F",8,5,20,"T","T",1,"F","F",0,"F","F",0,"F","F",9,"","F","F","",0,0,"N",0,"N",0,"N",1,0,0,0,"","","","","F","F","F","F","F","F","F","F","F","","","","F","F","F","F","F","","","","",0,0,0,0,0,0,0,0,0,77,"PHI","CIN","PHI",0,"T","F",3,11,0,31,0,"T","F",0,1,"T","T","dresc101","cavei101","T","T",0,0,0,0,0,0,0,0,0,"","","",0,0,0,0,0,0,0,0,0,0,0,0,0,"wrigr102","F","F","F","F",4,0,0,0,1,0,0,0,0,0,F,F,"1925PHI.EVN.regular.event.csv",2759
"PHI192507092","CIN",8,0,0,0,0,"",3,11,"dresc101","?","dresc101","?","pierr101","?","pierr101","?","henlb101","hawkc101","kimmw101","hubec101","sandh101","burng101","harpg101","wrigr102","walkc101","","","7/F","F","F",5,6,2,"T","T",0,"F","F",1,"F","F",0,"F","F",7,"F","F","F","",0,0,"N",0,"N",0,"N",0,1,0,0,"7","","","","F","F","F","F","F","F","F","F","F","pierr101","","","F","F","F","F","F","","","","",0,7,0,0,0,0,0,0,0,78,"PHI","CIN","PHI",0,"F","F",3,11,0,32,1,"T","F",1,1,"F","F","cavei101","kruee101","T","T",8,5,77,0,0,0,0,0,0,"henlb101","","",0,0,0,0,0,0,0,0,0,0,0,0,0,"burng101","F","F","F","F",0,4,0,0,1,0,0,0,0,0,F,F,"1925PHI.EVN.regular.event.csv",2760
"PHI192507092","CIN",8,0,1,0,0,"",3,11,"cavei101","?","cavei101","?","pierr101","?","pierr101","?","henlb101","hawkc101","kimmw101","hubec101","sandh101","burng101","harpg101","wrigr102","walkc101","","","S8.1-2","F","F",6,7,20,"T","T",1,"F","F",0,"F","F",0,"F","F",8,"","F","F","",0,0,"N",0,"N",0,"N",1,2,0,0,"","","","","F","F","F","F","F","F","F","F","F","pierr101","","","F","F","F","F","F","","","","",0,0,0,0,0,0,0,0,0,79,"PHI","CIN","PHI",0,"F","F",3,11,0,33,2,"T","F",1,3,"T","T","kruee101","biemh101","T","T",8,5,77,0,0,0,0,0,0,"henlb101","","",0,0,0,0,0,0,0,0,0,0,0,0,0,"harpg101","F","F","F","F",0,4,0,0,1,0,0,0,0,0,F,F,"1925PHI.EVN.regular.event.csv",2761
"PHI192507092","CIN",8,0,1,0,0,"",3,11,"kruee101","?","kruee101","?","pierr101","?","pierr101","?","henlb101","hawkc101","kimmw101","hubec101","sandh101","burng101","harpg101","wrigr102","cavei101","walkc101","","S9.2-H;1-2","F","F",2,8,20,"T","T",1,"F","F",0,"F","F",1,"F","F",9,"","F","F","",0,0,"N",0,"N",0,"N",1,2,4,0,"","","","","F","F","F","F","F","F","F","F","F","pierr101","pierr101","","F","F","F","F","F","","","","",0,0,0,0,0,0,0,0,0,80,"PHI","CIN","PHI",0,"F","F",3,11,0,34,3,"T","F",3,3,"T","T","biemh101","zitzb101","T","T",6,7,79,8,5,77,0,0,0,"henlb101","henlb101","",0,0,0,0,0,0,0,0,0,0,0,0,1,"wrigr102","F","F","F","F",0,0,4,0,0,0,0,0,0,0,F,F,"1925PHI.EVN.regular.event.csv",2762
"PHI192507092","CIN",8,0,1,0,0,"",4,11,"biemh101","?","biemh101","?","pierr101","?","pierr101","?","henlb101","hawkc101","kimmw101","hubec101","sandh101","burng101","harpg101","wrigr102","kruee101","cavei101","","W.2-3;1-2","F","F",1,9,14,"T","F",0,"F","F",0,"F","F",0,"F","F",0,"","F","F","",0,0,"N",0,"N",0,"N",1,2,3,0,"","","","","F","F","F","F","F","F","F","F","F","pierr101","pierr101","","F","F","F","F","F","","","","",0,0,0,0,0,0,0,0,0,81,"PHI","CIN","PHI",0,"F","F",4,11,1,35,4,"T","F",3,7,"F","F","zitzb101","smite104","T","T",2,8,80,6,7,79,0,0,0,"henlb101","henlb101","",0,0,0,0,0,0,0,0,0,0,0,0,0,"","F","F","F","F",0,0,0,0,0,0,0,0,0,0,F,F,"1925PHI.EVN.regular.event.csv",2763
"PHI192507092","CIN",8,0,1,0,0,"",4,11,"zitzb101","?","zitzb101","?","pierr101","?","pierr101","?","henlb101","hawkc101","kimmw101","hubec101","sandh101","burng101","harpg101","wrigr102","biemh101","kruee101","cavei101","12(3)3/GDP","F","F",7,1,2,"T","T",0,"F","F",2,"T","F",0,"F","F",1,"G","F","F","",0,0,"N",0,"N",0,"N",0,1,2,0,"23","","","12","F","F","F","F","F","F","F","F","F","pierr101","pierr101","pierr101","F","F","F","F","F","","","","",0,2,3,0,1,2,0,0,0,82,"PHI","CIN","PHI",0,"F","T",4,11,1,36,5,"T","F",7,3,"T","T","smite104","crith101","T","T",1,9,81,2,8,80,6,7,79,"henlb101","henlb101","henlb101",0,0,0,0,0,0,0,0,0,0,0,0,0,"pierr101","F","F","T","F",0,0,0,0,0,0,0,0,0,0,F,F,"1925PHI.EVN.regular.event.csv",2764
"PHI192507092","CIN",8,1,0,0,0,"",4,11,"henlb101","?","henlb101","?","biemh101","?","biemh101","?","kruee101","nieha101","crith101","dresc101","cavei101","zitzb101","walkc101","smite104","","","","HP","T","F",2,5,16,"T","F",0,"F","F",0,"F","F",0,"F","F",0,"","F","F","",0,0,"N",0,"N",0,"N",1,0,0,0,"","","","","F","F","F","F","F","F","F","F","F","","","","F","F","F","F","F","","","","",0,0,0,0,0,0,0,0,0,83,"PHI","PHI","CIN",1,"T","F",11,4,0,40,0,"T","F",0,1,"T","T","hubec101","kimmw101","F","F",0,0,0,0,0,0,0,0,0,"","","",0,0,0,0,0,0,0,0,0,0,0,0,0,"","F","F","F","F",0,0,0,0,0,0,0,0,0,0,F,F,"1925PHI.EVN.regular.event.csv",2765
"PHI192507092","CIN",8,1,0,0,0,"",4,11,"hubec101","?","hubec101","?","biemh101","?","biemh101","?","kruee101","nieha101","crith101","dresc101","cavei101","zitzb101","walkc101","smite104","henlb101","","","9/F","F","F",5,6,2,"T","T",0,"F","F",1,"F","F",0,"F","F",9,"F","F","F","",0,0,"N",0,"N",0,"N",0,1,0,0,"9","","","","F","F","F","F","F","F","F","F","F","biemh101","","","F","F","F","F","F","","","","",0,9,0,0,0,0,0,0,0,84,"PHI","PHI","CIN",1,"F","F",11,4,0,41,1,"T","F",1,1,"T","T","kimmw101","sandh101","F","F",2,5,83,0,0,0,0,0,0,"kruee101","","",0,0,0,0,0,0,0,0,0,0,0,0,0,"smite104","F","F","F","F",0,0,0,0,0,0,0,0,0,0,F,F,"1925PHI.EVN.regular.event.csv",2766
"PHI192507092","CIN",8,1,1,0,0,"",4,11,"kimmw101","?","kimmw101","?","biemh101","?","biemh101","?","kruee101","nieha101","crith101","dresc101","cavei101","zitzb101","walkc101","smite104","henlb101","","","14(1)/FO","F","F",4,7,2,"T","T",0,"F","F",1,"F","F",0,"F","F",1,"G","F","F","",0,0,"N",0,"N",0,"N",1,0,0,0,"","14","","","F","F","F","F","F","F","F","F","F","biemh101","","","F","F","F","F","F","","","","",0,4,0,0,1,0,0,0,0,85,"PHI","PHI","CIN",1,"F","F",11,4,0,42,2,"T","F",1,1,"F","F","sandh101","pierr101","F","F",2,5,83,0,0,0,0,0,0,"kruee101","","",0,0,0,0,0,0,0,0,0,0,0,0,0,"biemh101","T","F","F","F",0,0,0,0,0,0,0,0,0,0,F,F,"1925PHI.EVN.regular.event.csv",2767
"PHI192507092","CIN",8,1,2,0,0,"",4,11,"sandh101","?","sandh101","?","biemh101","?","biemh101","?","kruee101","nieha101","crith101","dresc101","cavei101","zitzb101","walkc101","smite104","kimmw101","","","S7.1-2","F","F",6,8,20,"T","T",1,"F","F",0,"F","F",0,"F","F",7,"","F","F","",0,0,"N",0,"N",0,"N",1,2,0,0,"","","","","F","F","F","F","F","F","F","F","F","biemh101","","","F","F","F","F","F","","","","",0,0,0,0,0,0,0,0,0,86,"PHI","PHI","CIN",1,"F","F",11,4,0,43,3,"T","F",1,3,"T","T","pierr101","burng101","F","F",4,7,85,0,0,0,0,0,0,"kruee101","","",0,0,0,0,0,0,0,0,0,0,0,0,0,"zitzb101","F","F","F","F",0,0,0,0,0,0,0,0,0,0,F,F,"1925PHI.EVN.regular.event.csv",2768
"PHI192507092","CIN",8,1,2,0,0,"",4,11,"pierr101","?","pierr101","?","biemh101","?","biemh101","?","kruee101","nieha101","crith101","dresc101","cavei101","zitzb101","walkc101","smite104","sandh101","kimmw101","","7/F","F","F",1,9,2,"T","T",0,"F","F",1,"F","F",0,"F","F",7,"F","F","F","",0,0,"N",0,"N",0,"N",0,1,2,0,"7","","","","F","F","F","F","F","F","F","F","F","biemh101","biemh101","","F","F","F","F","F","","","","",0,7,0,0,0,0,0,0,0,87,"PHI","PHI","CIN",1,"F","T",11,4,0,44,4,"T","F",3,3,"T","T","burng101","hawkc101","F","F",6,8,86,4,7,85,0,0,0,"kruee101","kruee101","",0,0,0,0,0,0,0,0,0,0,0,0,0,"zitzb101","F","F","F","F",0,0,0,0,0,0,0,0,0,0,F,F,"1925PHI.EVN.regular.event.csv",2769
"PHI192507092","CIN",9,0,0,0,0,"",4,11,"smite104","?","smite104","?","pierr101","?","pierr101","?","henlb101","hawkc101","kimmw101","hubec101","sandh101","burng101","harpg101","wrigr102","","","","6/P","T","F",9,2,2,"T","T",0,"F","F",1,"F","F",0,"F","F",6,"P","F","F","",0,0,"N",0,"N",0,"N",0,0,0,0,"6","","","","F","F","F","F","F","F","F","F","F","","","","F","F","F","F","F","","","","",0,6,0,0,0,0,0,0,0,88,"PHI","CIN","PHI",0,"T","F",4,11,0,37,0,"T","F",0,0,"T","T","crith101","nieha101","T","T",0,0,0,0,0,0,0,0,0,"","","",0,0,0,0,0,0,0,0,0,0,0,0,0,"sandh101","F","F","F","F",0,0,0,0,4,0,0,0,0,0,F,F,"1925PHI.EVN.regular.event.csv",2770
"PHI192507092","CIN",9,0,1,0,0,"",4,11,"crith101","?","crith101","?","pierr101","?","pierr101","?","henlb101","hawkc101","kimmw101","hubec101","sandh101","burng101","harpg101","wrigr102","","","","E5/G","F","F",4,3,18,"T","T",0,"F","F",0,"F","F",0,"F","F",5,"G","F","F","",1,5,"F",0,"N",0,"N",1,0,0,0,"","","","","F","F","F","F","F","F","F","F","F","","","","F","F","F","F","F","","","","",0,0,0,0,0,0,0,0,0,89,"PHI","CIN","PHI",0,"F","F",4,11,0,38,1,"T","F",0,1,"F","F","nieha101","walkc101","T","T",0,0,0,0,0,0,0,0,0,"","","",0,0,0,0,0,0,0,0,0,0,0,0,0,"hubec101","F","F","F","T",0,0,0,0,4,0,0,0,0,0,F,F,"1925PHI.EVN.regular.event.csv",2771
"PHI192507092","CIN",9,0,1,0,0,"",4,11,"nieha101","?","nieha101","?","pierr101","?","pierr101","?","henlb101","hawkc101","kimmw101","hubec101","sandh101","burng101","harpg101","wrigr102","crith101","","","46(1)/FO","F","F",3,4,2,"T","T",0,"F","F",1,"F","F",0,"F","F",4,"G","F","F","",0,0,"N",0,"N",0,"N",1,0,0,0,"","46","","","F","F","F","F","F","F","F","F","F","pierr101","","","F","F","F","F","F","","","","",0,6,0,0,4,0,0,0,0,90,"PHI","CIN","PHI",0,"F","F",4,11,0,39,2,"T","F",1,1,"T","T","walkc101","dresc101","T","T",4,3,89,0,0,0,0,0,0,"henlb101","","",0,0,0,0,0,0,0,0,0,0,0,0,0,"kimmw101","T","F","F","F",5,0,0,0,4,0,0,0,0,0,F,F,"1925PHI.EVN.regular.event.csv",2772
"PHI192507092","CIN",9,0,2,0,0,"",4,11,"walkc101","?","walkc101","?","pierr101","?","pierr101","?","henlb101","hawkc101","kimmw101","hubec101","sandh101","burng101","harpg101","wrigr102","nieha101","","","S.1-3#","F","F",8,5,20,"T","T",1,"F","F",0,"F","F",0,"F","F",0,"","F","F","",0,0,"N",0,"N",0,"N",1,3,0,0,"","","","","F","F","F","F","F","F","F","F","F","pierr101","","","F","F","F","F","F","","","","",0,0,0,0,0,0,0,0,0,91,"PHI","CIN","PHI",0,"F","F",4,11,0,40,3,"T","F",1,5,"T","T","dresc101","cavei101","T","T",3,4,90,0,0,0,0,0,0,"henlb101","","",0,0,0,0,0,0,0,0,0,0,0,0,0,"","F","F","F","F",5,5,0,0,4,0,0,0,0,0,F,T,"1925PHI.EVN.regular.event.csv",2773
"PHI192507092","CIN",9,0,2,0,0,"",4,11,"dresc101","?","dresc101","?","pierr101","?","pierr101","?","henlb101","hawkc101","kimmw101","hubec101","sandh101","burng101","harpg101","wrigr102","walkc101","","nieha101","DI.1-2","F","F",5,6,5,"F","F",0,"F","F",0,"F","F",0,"F","F",0,"","F","F","",0,0,"N",0,"N",0,"N",0,2,0,3,"","","","","F","F","F","F","F","F","F","F","F","pierr101","","pierr101","F","F","F","F","F","","","","",0,0,0,0,0,0,0,0,0,92,"PHI","CIN","PHI",0,"F","F",4,11,0,41,4,"T","F",5,6,"F","F","cavei101","kruee101","T","T",8,5,91,0,0,0,3,4,90,"henlb101","","henlb101",0,0,0,0,0,0,0,0,0,0,0,0,0,"","F","F","F","F",0,5,0,5,4,0,0,0,0,0,F,F,"1925PHI.EVN.regular.event.csv",2774
"PHI192507092","CIN",9,0,2,0,0,"",4,11,"dresc101","?","dresc101","?","pierr101","?","pierr101","?","henlb101","hawkc101","kimmw101","hubec101","sandh101","burng101","harpg101","wrigr102","","walkc101","nieha101","S7.3-H(UR);2-H(UR)","F","F",5,6,20,"T","T",1,"F","F",0,"F","F",2,"F","F",7,"","F","F","",0,0,"N",0,"N",0,"N",1,0,5,5,"","","","","F","F","F","F","F","F","F","F","F","","pierr101","pierr101","F","F","F","F","F","","","","",0,0,0,0,0,0,0,0,0,93,"PHI","CIN","PHI",0,"F","F",4,11,0,41,4,"F","F",6,1,"F","F","cavei101","kruee101","T","T",0,0,0,8,5,91,3,4,90,"","henlb101","henlb101",0,0,0,0,0,0,0,0,0,0,0,0,2,"burng101","F","F","F","F",5,0,5,5,2,0,0,0,0,0,F,F,"1925PHI.EVN.regular.event.csv",2775
"PHI192507092","CIN",9,0,2,0,0,"",6,11,"cavei101","?","cavei101","?","pierr101","?","pierr101","?","henlb101","hawkc101","kimmw101","hubec101","sandh101","burng101","harpg101","wrigr102","dresc101","","","D8.1-H(UR)","F","F",6,7,21,"T","T",2,"F","F",0,"F","F",1,"F","F",8,"","F","F","",0,0,"N",0,"N",0,"N",2,5,0,0,"","","","","F","F","F","F","F","F","F","F","F","pierr101","","","F","F","F","F","F","","","","",0,0,0,0,0,0,0,0,0,94,"PHI","CIN","PHI",0,"F","F",6,11,2,42,5,"T","F",1,2,"T","T","kruee101","biemh101","T","T",5,6,93,0,0,0,0,0,0,"henlb101","","",0,0,0,0,0,0,0,0,0,0,0,0,1,"harpg101","F","F","F","F",5,5,0,0,1,0,0,0,0,0,F,F,"1925PHI.EVN.regular.event.csv",2776
"PHI192507092","CIN",9,0,2,0,0,"",7,11,"kruee101","?","kruee101","?","pierr101","?","pierr101","?","henlb101","hawkc101","kimmw101","hubec101","sandh101","burng101","harpg101","wrigr102","","cavei101","","S5/G5L.2-3","F","F",2,8,20,"T","T",1,"F","F",0,"F","F",0,"F","F",5,"G","F","F","5L",0,0,"N",0,"N",0,"N",1,0,3,0,"","","","","F","F","F","F","F","F","F","F","F","","pierr101","","F","F","F","F","F","","","","",0,0,0,0,0,0,0,0,0,95,"PHI","CIN","PHI",0,"F","F",7,11,3,43,6,"T","F",2,5,"T","T","biemh101","zitzb101","T","T",0,0,0,6,7,94,0,0,0,"","henlb101","",0,0,0,0,0,0,0,0,0,0,0,0,0,"hubec101","F","F","F","F",2,0,5,0,1,0,0,0,0,0,F,F,"1925PHI.EVN.regular.event.csv",2777
"PHI192507092","CIN",9,0,2,0,0,"",7,11,"schuj101","?","schuj101","?","pierr101","?","pierr101","?","henlb101","hawkc101","kimmw101","hubec101","sandh101","burng101","harpg101","wrigr102","kruee101","","cavei101","S8.3-H(UR);1-2","F","T",11,9,20,"T","T",1,"F","F",0,"F","F",1,"F","F",8,"","F","F","",0,0,"N",0,"N",0,"N",1,2,0,5,"","","","","F","F","F","F","F","F","F","F","F","pierr101","","pierr101","F","F","F","F","F","","","","biemh101",1,0,0,0,0,0,0,0,0,96,"PHI","CIN","PHI",0,"F","F",7,11,3,44,7,"T","F",5,3,"F","F","zitzb101","smite104","T","T",2,8,95,0,0,0,6,7,94,"henlb101","","henlb101",0,0,0,0,0,0,0,0,0,0,0,0,1,"harpg101","F","F","F","F",1,2,0,5,0,0,0,0,0,0,F,F,"1925PHI.EVN.regular.event.csv",2778
"PHI192507092","CIN",9,0,2,0,0,"X",8,11,"zitzb101","?","zitzb101","?","knigj103","?","knigj103","?","henlb101","hawkc101","kimmw101","hubec101","sandh101","burng101","harpg101","wrigr102","schuj101","kruee101","","6/P","F","F",7,1,2,"T","T",0,"F","F",1,"F","F",0,"F","F",6,"P","F","F","",0,0,"N",0,"N",0,"N",0,1,2,0,"6","","","","F","F","F","F","F","F","F","F","F","pierr101","pierr101","","F","T","F","F","F","","","","",0,6,0,0,0,0,0,0,0,97,"PHI","CIN","PHI",0,"F","T",8,11,4,45,8,"T","F",3,3,"T","T","smite104","crith101","F","F",0,9,96,2,8,95,0,0,0,"henlb101","henlb101","",0,0,0,0,0,0,1,0,0,0,1,0,0,"sandh101","F","F","F","F",0,1,2,0,0,0,0,0,0,0,F,F,"1925PHI.EVN.regular.event.csv",2779
"PHI192507100","SLN",1,0,0,0,0,"",0,0,"bladr102","?","bladr102","?","ringj101","?","ringj101","?","wilsj105","hawkc101","fonsl101","hubec101","sandh101","burng101","harpg101","wrigr102","","","","9/FL","T","F",7,1,2,"T","T",0,"F","F",1,"F","F",0,"F","F",9,"F","F","T","",0,0,"N",0,"N",0,"N",0,0,0,0,"9","","","","F","F","F","F","F","F","F","F","F","","","","T","F","F","F","F","","","","",0,9,0,0,0,0,0,0,0,1,"PHI","SLN","PHI",0,"T","F",0,0,0,0,0,"T","F",0,0,"T","T","smitj106","shinr101","T","T",0,0,0,0,0,0,0,0,0,"","","",0,0,0,0,0,0,0,0,0,0,0,0,0,"wrigr102","F","F","F","F",0,0,0,0,1,0,0,0,0,0,F,F,"1925PHI.EVN.regular.event.csv",2780
"PHI192507100","SLN",1,0,1,0,0,"",0,0,"smitj106","?","smitj106","?","ringj101","?","ringj101","?","wilsj105","hawkc101","fonsl101","hubec101","sandh101","burng101","harpg101","wrigr102","","","","8/L","F","F",9,2,2,"T","T",0,"F","F",1,"F","F",0,"F","F",8,"L","F","F","",0,0,"N",0,"N",0,"N",0,0,0,0,"8","","","","F","F","F","F","F","F","F","F","F","","","","F","F","F","F","F","","","","",0,8,0,0,0,0,0,0,0,2,"PHI","SLN","PHI",0,"F","F",0,0,0,1,1,"T","F",0,0,"T","T","shinr101","bottj101","T","T",0,0,0,0,0,0,0,0,0,"","","",0,0,0,0,0,0,0,0,0,0,0,0,0,"harpg101","F","F","F","F",0,0,0,0,1,0,0,0,0,0,F,F,"1925PHI.EVN.regular.event.csv",2781
"PHI192507100","SLN",1,0,2,0,0,"",0,0,"shinr101","?","shinr101","?","ringj101","?","ringj101","?","wilsj105","hawkc101","fonsl101","hubec101","sandh101","burng101","harpg101","wrigr102","","","","D/F89XDW","F","F",8,3,21,"T","T",2,"F","F",0,"F","F",0,"F","F",0,"F","F","F","89XDW",0,0,"N",0,"N",0,"N",2,0,0,0,"","","","","F","F","F","F","F","F","F","F","F","","","","F","F","F","F","F","","","","",0,0,0,0,0,0,0,0,0,3,"PHI","SLN","PHI",0,"F","F",0,0,0,2,2,"T","F",0,2,"T","T","bottj101","topos101","T","T",0,0,0,0,0,0,0,0,0,"","","",0,0,0,0,0,0,0,0,0,0,0,0,0,"","F","F","F","F",4,0,0,0,1,0,0,0,0,0,F,F,"1925PHI.EVN.regular.event.csv",2782
"PHI192507100","SLN",1,0,2,0,0,"",0,0,"bottj101","?","bottj101","?","ringj101","?","ringj101","?","wilsj105","hawkc101","fonsl101","hubec101","sandh101","burng101","harpg101","wrigr102","","shinr101","","W","F","F",3,4,14,"T","F",0,"F","F",0,"F","F",0,"F","F",0,"","F","F","",0,0,"N",0,"N",0,"N",1,0,2,0,"","","","","F","F","F","F","F","F","F","F","F","","ringj101","","F","F","F","F","F","","","","",0,0,0,0,0,0,0,0,0,4,"PHI","SLN","PHI",0,"F","F",0,0,0,3,3,"T","F",2,3,"T","T","topos101","coonj103","T","T",0,0,0,8,3,3,0,0,0,"","wilsj105","",0,0,0,0,0,0,0,0,0,0,0,0,0,"","F","F","F","F",0,0,4,0,1,0,0,0,0,0,F,F,"1925PHI.EVN.regular.event.csv",2783
"PHI192507100","SLN",1,0,2,0,0,"",0,0,"topos101","?","topos101","?","ringj101","?","ringj101","?","wilsj105","hawkc101","fonsl101","hubec101","sandh101","burng101","harpg101","wrigr102","bottj101","shinr101","","S8/8S.2-H;1-2","F","F",6,5,20,"T","T",1,"F","F",0,"F","F",1,"F","F",8,"","F","F","8S",0,0,"N",0,"N",0,"N",1,2,4,0,"","","","","F","F","F","F","F","F","F","F","F","ringj101","ringj101","","F","F","F","F","F","","","","",0,0,0,0,0,0,0,0,0,5,"PHI","SLN","PHI",0,"F","F",0,0,0,4,4,"T","F",3,3,"T","T","coonj103","belll101","T","T",3,4,4,8,3,3,0,0,0,"wilsj105","wilsj105","",0,0,0,0,0,0,0,0,0,0,0,0,1,"harpg101","F","F","F","F",0,0,4,0,0,0,0,0,0,0,F,F,"1925PHI.EVN.regular.event.csv",2784
"PHI192507100","SLN",1,0,2,0,0,"",1,0,"coonj103","?","coonj103","?","ringj101","?","ringj101","?","wilsj105","hawkc101","fonsl101","hubec101","sandh101","burng101","harpg101","wrigr102","topos101","bottj101","","3/G","F","F",4,6,2,"T","T",0,"F","F",1,"F","F",0,"F","F",3,"G","F","F","",0,0,"N",0,"N",0,"N",0,1,2,0,"3","","","","F","F","F","F","F","F","F","F","F","ringj101","ringj101","","F","F","F","F","F","","","","",0,3,0,0,0,0,0,0,0,6,"PHI","SLN","PHI",0,"F","T",1,0,1,5,5,"T","F",3,3,"T","T","belll101","ofarb101","T","T",6,5,5,3,4,4,0,0,0,"wilsj105","wilsj105","",0,0,0,0,0,0,0,0,0,0,0,0,0,"hawkc101","F","F","F","F",0,0,0,0,0,0,0,0,0,0,F,F,"1925PHI.EVN.regular.event.csv",2785
"PHI192507100","SLN",1,1,0,0,0,"",1,0,"burng101","?","burng101","?","rhemf101","?","rhemf101","?","ofarb101","bottj101","coonj103","belll101","topos101","bladr102","shinr101","smitj106","","","","S8","T","F",7,1,20,"T","T",1,"F","F",0,"F","F",0,"F","F",8,"","F","F","",0,0,"N",0,"N",0,"N",1,0,0,0,"","","","","F","F","F","F","F","F","F","F","F","","","","F","F","F","F","F","","","","",0,0,0,0,0,0,0,0,0,7,"PHI","PHI","SLN",1,"T","F",0,1,0,0,0,"T","F",0,1,"T","T","hawkc101","wrigr102","T","T",0,0,0,0,0,0,0,0,0,"","","",0,0,0,0,0,0,0,0,0,0,0,0,0,"shinr101","F","F","F","F",0,0,0,0,0,0,0,0,0,0,F,F,"1925PHI.EVN.regular.event.csv",2786
"PHI192507100","SLN",1,1,0,0,0,"",1,0,"hawkc101","?","hawkc101","?","rhemf101","?","rhemf101","?","ofarb101","bottj101","coonj103","belll101","topos101","bladr102","shinr101","smitj106","burng101","","","W.1-2","F","F",3,2,14,"T","F",0,"F","F",0,"F","F",0,"F","F",0,"","F","F","",0,0,"N",0,"N",0,"N",1,2,0,0,"","","","","F","F","F","F","F","F","F","F","F","rhemf101","","","F","F","F","F","F","","","","",0,0,0,0,0,0,0,0,0,8,"PHI","PHI","SLN",1,"F","F",0,1,0,1,1,"T","F",1,3,"T","T","wrigr102","harpg101","T","T",7,1,7,0,0,0,0,0,0,"ofarb101","","",0,0,0,0,0,0,0,0,0,0,0,0,0,"","F","F","F","F",0,0,0,0,0,0,0,0,0,0,F,F,"1925PHI.EVN.regular.event.csv",2787
"PHI192507100","SLN",1,1,0,0,0,"",1,0,"wrigr102","?","wrigr102","?","rhemf101","?","rhemf101","?","ofarb101","bottj101","coonj103","belll101","topos101","bladr102","shinr101","smitj106","hawkc101","burng101","","64(1)3/GDP.2-3","F","F",9,3,2,"T","T",0,"F","F",2,"T","F",0,"F","F",6,"G","F","F","",0,0,"N",0,"N",0,"N",0,0,3,0,"43","64","","","F","F","F","F","F","F","F","F","F","rhemf101","rhemf101","","F","F","F","F","F","","","","",0,4,3,0,6,4,0,0,0,9,"PHI","PHI","SLN",1,"F","F",0,1,0,2,2,"T","F",3,4,"T","T","harpg101","wilsj105","T","T",3,2,8,7,1,7,0,0,0,"ofarb101","ofarb101","",0,0,0,0,0,0,0,0,0,0,0,0,0,"topos101","T","F","F","F",0,0,0,0,0,0,0,0,0,0,F,F,"1925PHI.EVN.regular.event.csv",2788
"PHI192507100","SLN",1,1,2,0,0,"",1,0,"harpg101","?","harpg101","?","rhemf101","?","rhemf101","?","ofarb101","bottj101","coonj103","belll101","topos101","bladr102","shinr101","smitj106","","","burng101","7/F","F","F",8,4,2,"T","T",0,"F","F",1,"F","F",0,"F","F",7,"F","F","F","",0,0,"N",0,"N",0,"N",0,0,0,3,"7","","","","F","F","F","F","F","F","F","F","F","","","rhemf101","F","F","F","F","F","","","","",0,7,0,0,0,0,0,0,0,10,"PHI","PHI","SLN",1,"F","T",0,1,0,3,3,"T","F",4,4,"T","T","wilsj105","fonsl101","T","T",0,0,0,0,0,0,7,1,7,"","","ofarb101",0,0,0,0,0,0,0,0,0,0,0,0,0,"bladr102","F","F","F","F",0,0,0,0,0,0,0,0,0,0,F,F,"1925PHI.EVN.regular.event.csv",2789
"PHI192507100","SLN",2,0,0,0,0,"",1,0,"belll101","?","belll101","?","ringj101","?","ringj101","?","wilsj105","hawkc101","fonsl101","hubec101","sandh101","burng101","harpg101","wrigr102","","","","63","T","F",5,7,2,"T","T",0,"F","F",1,"F","F",0,"F","F",6,"G","F","F","",0,0,"N",0,"N",0,"N",0,0,0,0,"63","","","","F","F","F","F","F","F","F","F","F","","","","F","F","F","F","F","","","","",0,3,0,0,6,0,0,0,0,11,"PHI","SLN","PHI",0,"T","F",1,0,0,6,0,"T","F",0,0,"T","T","ofarb101","rhemf101","T","T",0,0,0,0,0,0,0,0,0,"","","",0,0,0,0,0,0,0,0,0,0,0,0,0,"sandh101","F","F","F","F",0,0,0,0,0,0,0,0,0,0,F,F,"1925PHI.EVN.regular.event.csv",2790
"PHI192507100","SLN",2,0,1,0,0,"",1,0,"ofarb101","?","ofarb101","?","ringj101","?","ringj101","?","wilsj105","hawkc101","fonsl101","hubec101","sandh101","burng101","harpg101","wrigr102","","","","43","F","F",2,8,2,"T","T",0,"F","F",1,"F","F",0,"F","F",4,"G","F","F","",0,0,"N",0,"N",0,"N",0,0,0,0,"43","","","","F","F","F","F","F","F","F","F","F","","","","F","F","F","F","F","","","","",0,3,0,0,4,0,0,0,0,12,"PHI","SLN","PHI",0,"F","F",1,0,0,7,1,"T","F",0,0,"T","T","rhemf101","bladr102","T","T",0,0,0,0,0,0,0,0,0,"","","",0,0,0,0,0,0,0,0,0,0,0,0,0,"fonsl101","F","F","F","F",0,0,0,0,0,0,0,0,0,0,F,F,"1925PHI.EVN.regular.event.csv",2791
"PHI192507100","SLN",2,0,2,0,0,"",1,0,"rhemf101","?","rhemf101","?","ringj101","?","ringj101","?","wilsj105","hawkc101","fonsl101","hubec101","sandh101","burng101","harpg101","wrigr102","","","","43","F","F",1,9,2,"T","T",0,"F","F",1,"F","F",0,"F","F",4,"G","F","F","",0,0,"N",0,"N",0,"N",0,0,0,0,"43","","","","F","F","F","F","F","F","F","F","F","","","","F","F","F","F","F","","","","",0,3,0,0,4,0,0,0,0,13,"PHI","SLN","PHI",0,"F","T",1,0,0,8,2,"T","F",0,0,"T","T","bladr102","smitj106","T","T",0,0,0,0,0,0,0,0,0,"","","",0,0,0,0,0,0,0,0,0,0,0,0,0,"fonsl101","F","F","F","F",0,0,0,0,0,0,0,0,0,0,F,F,"1925PHI.EVN.regular.event.csv",2792
"PHI192507100","SLN",2,1,0,0,0,"",1,0,"wilsj105","?","wilsj105","?","rhemf101","?","rhemf101","?","ofarb101","bottj101","coonj103","belll101","topos101","bladr102","shinr101","smitj106","","","","S8","T","F",2,5,20,"T","T",1,"F","F",0,"F","F",0,"F","F",8,"","F","F","",0,0,"N",0,"N",0,"N",1,0,0,0,"","","","","F","F","F","F","F","F","F","F","F","","","","F","F","F","F","F","","","","",0,0,0,0,0,0,0,0,0,14,"PHI","PHI","SLN",1,"T","F",0,1,0,4,0,"T","F",0,1,"T","T","fonsl101","hubec101","T","T",0,0,0,0,0,0,0,0,0,"","","",0,0,0,0,0,0,0,0,0,0,0,0,0,"shinr101","F","F","F","F",4,0,0,0,1,0,0,0,0,0,F,F,"1925PHI.EVN.regular.event.csv",2793
"PHI192507100","SLN",2,1,0,0,0,"",1,0,"fonsl101","?","fonsl101","?","rhemf101","?","rhemf101","?","ofarb101","bottj101","coonj103","belll101","topos101","bladr102","shinr101","smitj106","wilsj105","","","53.1-2","F","F",4,6,2,"T","T",0,"F","F",1,"F","F",0,"F","F",5,"G","F","F","",0,0,"N",0,"N",0,"N",0,2,0,0,"53","","","","F","F","F","F","F","F","F","F","F","rhemf101","","","F","F","F","F","F","","","","",0,3,0,0,5,0,0,0,0,15,"PHI","PHI","SLN",1,"F","F",0,1,0,5,1,"T","F",1,2,"T","T","hubec101","sandh101","T","T",2,5,14,0,0,0,0,0,0,"ofarb101","","",0,0,0,0,0,0,0,0,0,0,0,0,0,"belll101","F","F","F","F",0,4,0,0,1,0,0,0,0,0,F,F,"1925PHI.EVN.regular.event.csv",2794
"PHI192507100","SLN",2,1,1,0,0,"",1,0,"hubec101","?","hubec101","?","rhemf101","?","rhemf101","?","ofarb101","bottj101","coonj103","belll101","topos101","bladr102","shinr101","smitj106","","wilsj105","","S6/G.2-H","F","F",5,7,20,"T","T",1,"F","F",0,"F","F",1,"F","F",6,"G","F","F","",0,0,"N",0,"N",0,"N",1,0,4,0,"","","","","F","F","F","F","F","F","F","F","F","","rhemf101","","F","F","F","F","F","","","","",0,0,0,0,0,0,0,0,0,16,"PHI","PHI","SLN",1,"F","F",0,1,0,6,2,"T","F",2,1,"T","T","sandh101","ringj101","T","T",0,0,0,2,5,14,0,0,0,"","ofarb101","",0,0,0,0,0,0,0,0,0,0,0,0,1,"topos101","F","F","F","F",0,0,4,0,0,0,0,0,0,0,F,F,"1925PHI.EVN.regular.event.csv",2795
"PHI192507100","SLN",2,1,1,0,0,"",1,1,"sandh101","?","sandh101","?","rhemf101","?","rhemf101","?","ofarb101","bottj101","coonj103","belll101","topos101","bladr102","shinr101","smitj106","hubec101","","","64(1)/FO","F","F",6,8,2,"T","T",0,"F","F",1,"F","F",0,"F","F",6,"G","F","F","",0,0,"N",0,"N",0,"N",1,0,0,0,"","64","","","F","F","F","F","F","F","F","F","F","rhemf101","","","F","F","F","F","F","","","","",0,4,0,0,6,0,0,0,0,17,"PHI","PHI","SLN",1,"F","F",1,1,1,7,3,"T","F",1,1,"T","T","ringj101","burng101","T","T",5,7,16,0,0,0,0,0,0,"ofarb101","","",0,0,0,0,0,0,0,0,0,0,0,0,0,"topos101","T","F","F","F",0,0,0,0,0,0,0,0,0,0,F,F,"1925PHI.EVN.regular.event.csv",2796
"PHI192507100","SLN",2,1,2,0,0,"",1,1,"ringj101","?","ringj101","?","rhemf101","?","rhemf101","?","ofarb101","bottj101","coonj103","belll101","topos101","bladr102","shinr101","smitj106","sandh101","","","K/C","F","F",1,9,3,"T","T",0,"F","F",1,"F","F",0,"F","F",0,"","F","F","",0,0,"N",0,"N",0,"N",0,1,0,0,"2","","","","F","F","F","F","F","F","F","F","F","rhemf101","","","F","F","F","F","F","","","","",0,2,0,0,0,0,0,0,0,18,"PHI","PHI","SLN",1,"F","T",1,1,1,8,4,"T","F",1,1,"T","T","burng101","hawkc101","T","T",6,8,17,0,0,0,0,0,0,"ofarb101","","",0,0,0,0,0,0,0,0,0,0,0,0,0,"","F","F","F","F",0,0,0,0,0,0,0,0,0,0,F,F,"1925PHI.EVN.regular.event.csv",2797
"PHI192507100","SLN",3,0,0,0,0,"",1,1,"bladr102","?","bladr102","?","ringj101","?","ringj101","?","wilsj105","hawkc101","fonsl101","hubec101","sandh101","burng101","harpg101","wrigr102","","","","6/P","T","F",7,1,2,"T","T",0,"F","F",1,"F","F",0,"F","F",6,"P","F","F","",0,0,"N",0,"N",0,"N",0,0,0,0,"6","","","","F","F","F","F","F","F","F","F","F","","","","F","F","F","F","F","","","","",0,6,0,0,0,0,0,0,0,19,"PHI","SLN","PHI",0,"T","F",1,1,0,9,0,"T","F",0,0,"T","T","smitj106","shinr101","T","T",0,0,0,0,0,0,0,0,0,"","","",0,0,0,0,0,0,0,0,0,0,0,0,0,"sandh101","F","F","F","F",0,0,0,0,0,0,0,0,0,0,F,F,"1925PHI.EVN.regular.event.csv",2798
"PHI192507100","SLN",3,0,1,0,0,"",1,1,"smitj106","?","smitj106","?","ringj101","?","ringj101","?","wilsj105","hawkc101","fonsl101","hubec101","sandh101","burng101","harpg101","wrigr102","","","","D9","F","F",9,2,21,"T","T",2,"F","F",0,"F","F",0,"F","F",9,"","F","F","",0,0,"N",0,"N",0,"N",2,0,0,0,"","","","","F","F","F","F","F","F","F","F","F","","","","F","F","F","F","F","","","","",0,0,0,0,0,0,0,0,0,20,"PHI","SLN","PHI",0,"F","F",1,1,0,10,1,"T","F",0,2,"T","T","shinr101","bottj101","T","T",0,0,0,0,0,0,0,0,0,"","","",0,0,0,0,0,0,0,0,0,0,0,0,0,"wrigr102","F","F","F","F",0,0,0,0,0,0,0,0,0,0,F,F,"1925PHI.EVN.regular.event.csv",2799
"PHI192507100","SLN",3,0,1,0,0,"",1,1,"shinr101","?","shinr101","?","ringj101","?","ringj101","?","wilsj105","hawkc101","fonsl101","hubec101","sandh101","burng101","harpg101","wrigr102","","smitj106","","3/FL","F","F",8,3,2,"T","T",0,"F","F",1,"F","F",0,"F","F",3,"F","F","T","",0,0,"N",0,"N",0,"N",0,0,2,0,"3","","","","F","F","F","F","F","F","F","F","F","","ringj101","","F","F","F","F","F","","","","",0,3,0,0,0,0,0,0,0,21,"PHI","SLN","PHI",0,"F","F",1,1,0,11,2,"T","F",2,2,"T","T","bottj101","topos101","T","T",0,0,0,9,2,20,0,0,0,"","wilsj105","",0,0,0,0,0,0,0,0,0,0,0,0,0,"hawkc101","F","F","F","F",0,0,0,0,0,0,0,0,0,0,F,F,"1925PHI.EVN.regular.event.csv",2800
"PHI192507100","SLN",3,0,2,0,0,"",1,1,"bottj101","?","bottj101","?","ringj101","?","ringj101","?","wilsj105","hawkc101","fonsl101","hubec101","sandh101","burng101","harpg101","wrigr102","","smitj106","","W","F","F",3,4,14,"T","F",0,"F","F",0,"F","F",0,"F","F",0,"","F","F","",0,0,"N",0,"N",0,"N",1,0,2,0,"","","","","F","F","F","F","F","F","F","F","F","","ringj101","","F","F","F","F","F","","","","",0,0,0,0,0,0,0,0,0,22,"PHI","SLN","PHI",0,"F","F",1,1,0,12,3,"T","F",2,3,"T","T","topos101","coonj103","T","T",0,0,0,9,2,20,0,0,0,"","wilsj105","",0,0,0,0,0,0,0,0,0,0,0,0,0,"","F","F","F","F",0,0,0,0,0,0,0,0,0,0,F,F,"1925PHI.EVN.regular.event.csv",2801
"PHI192507100","SLN",3,0,2,0,0,"",1,1,"topos101","?","topos101","?","ringj101","?","ringj101","?","wilsj105","hawkc101","fonsl101","hubec101","sandh101","burng101","harpg101","wrigr102","bottj101","smitj106","","13","F","F",6,5,2,"T","T",0,"F","F",1,"F","F",0,"F","F",1,"G","F","F","",0,0,"N",0,"N",0,"N",0,1,2,0,"13","","","","F","F","F","F","F","F","F","F","F","ringj101","ringj101","","F","F","F","F","F","","","","",0,3,0,0,1,0,0,0,0,23,"PHI","SLN","PHI",0,"F","T",1,1,0,13,4,"T","F",3,3,"T","T","coonj103","belll101","T","T",3,4,22,9,2,20,0,0,0,"wilsj105","wilsj105","",0,0,0,0,0,0,0,0,0,0,0,0,0,"ringj101","F","F","F","F",0,0,0,0,0,0,0,0,0,0,F,F,"1925PHI.EVN.regular.event.csv",2802
"PHI192507100","SLN",3,1,0,0,0,"",1,1,"burng101","?","burng101","?","rhemf101","?","rhemf101","?","ofarb101","bottj101","coonj103","belll101","topos101","bladr102","shinr101","smitj106","","","","6/P","T","F",7,1,2,"T","T",0,"F","F",1,"F","F",0,"F","F",6,"P","F","F","",0,0,"N",0,"N",0,"N",0,0,0,0,"6","","","","F","F","F","F","F","F","F","F","F","","","","F","F","F","F","F","","","","",0,6,0,0,0,0,0,0,0,24,"PHI","PHI","SLN",1,"T","F",1,1,0,9,0,"T","F",0,0,"T","T","hawkc101","wrigr102","T","T",0,0,0,0,0,0,0,0,0,"","","",0,0,0,0,0,0,0,0,0,0,0,0,0,"topos101","F","F","F","F",0,0,0,0,0,0,0,0,0,0,F,F,"1925PHI.EVN.regular.event.csv",2803
"PHI192507100","SLN",3,1,1,0,0,"",1,1,"hawkc101","?","hawkc101","?","rhemf101","?","rhemf101","?","ofarb101","bottj101","coonj103","belll101","topos101","bladr102","shinr101","smitj106","","","","63","F","F",3,2,2,"T","T",0,"F","F",1,"F","F",0,"F","F",6,"G","F","F","",0,0,"N",0,"N",0,"N",0,0,0,0,"63","","","","F","F","F","F","F","F","F","F","F","","","","F","F","F","F","F","","","","",0,3,0,0,6,0,0,0,0,25,"PHI","PHI","SLN",1,"F","F",1,1,0,10,1,"T","F",0,0,"T","T","wrigr102","harpg101","T","T",0,0,0,0,0,0,0,0,0,"","","",0,0,0,0,0,0,0,0,0,0,0,0,0,"topos101","F","F","F","F",0,0,0,0,0,0,0,0,0,0,F,F,"1925PHI.EVN.regular.event.csv",2804
"PHI192507100","SLN",3,1,2,0,0,"",1,1,"wrigr102","?","wrigr102","?","rhemf101","?","rhemf101","?","ofarb101","bottj101","coonj103","belll101","topos101","bladr102","shinr101","smitj106","","","","6/P/FL","F","F",9,3,2,"T","T",0,"F","F",1,"F","F",0,"F","F",6,"P","F","T","",0,0,"N",0,"N",0,"N",0,0,0,0,"6","","","","F","F","F","F","F","F","F","F","F","","","","F","F","F","F","F","","","","",0,6,0,0,0,0,0,0,0,26,"PHI","PHI","SLN",1,"F","T",1,1,0,11,2,"T","F",0,0,"T","T","harpg101","wilsj105","T","T",0,0,0,0,0,0,0,0,0,"","","",0,0,0,0,0,0,0,0,0,0,0,0,0,"topos101","F","F","F","F",0,0,0,0,0,0,0,0,0,0,F,F,"1925PHI.EVN.regular.event.csv",2805
"PHI192507100","SLN",4,0,0,0,0,"",1,1,"coonj103","?","coonj103","?","ringj101","?","ringj101","?","wilsj105","hawkc101","fonsl101","hubec101","sandh101","burng101","harpg101","wrigr102","","","","3/G","T","F",4,6,2,"T","T",0,"F","F",1,"F","F",0,"F","F",3,"G","F","F","",0,0,"N",0,"N",0,"N",0,0,0,0,"3","","","","F","F","F","F","F","F","F","F","F","","","","F","F","F","F","F","","","","",0,3,0,0,0,0,0,0,0,27,"PHI","SLN","PHI",0,"T","F",1,1,0,14,0,"T","F",0,0,"T","T","belll101","ofarb101","T","T",0,0,0,0,0,0,0,0,0,"","","",0,0,0,0,0,0,0,0,0,0,0,0,0,"hawkc101","F","F","F","F",0,0,0,0,0,0,0,0,0,0,F,F,"1925PHI.EVN.regular.event.csv",2806
"PHI192507100","SLN",4,0,1,0,0,"",1,1,"belll101","?","belll101","?","ringj101","?","ringj101","?","wilsj105","hawkc101","fonsl101","hubec101","sandh101","burng101","harpg101","wrigr102","","","","2/P2","F","F",5,7,2,"T","T",0,"F","F",1,"F","F",0,"F","F",2,"P","F","F","2",0,0,"N",0,"N",0,"N",0,0,0,0,"2","","","","F","F","F","F","F","F","F","F","F","","","","F","F","F","F","F","","","","",0,2,0,0,0,0,0,0,0,28,"PHI","SLN","PHI",0,"F","F",1,1,0,15,1,"T","F",0,0,"T","T","ofarb101","rhemf101","T","T",0,0,0,0,0,0,0,0,0,"","","",0,0,0,0,0,0,0,0,0,0,0,0,0,"wilsj105","F","F","F","F",0,0,0,0,0,0,0,0,0,0,F,F,"1925PHI.EVN.regular.event.csv",2807
"PHI192507100","SLN",4,0,2,0,0,"",1,1,"ofarb101","?","ofarb101","?","ringj101","?","ringj101","?","wilsj105","hawkc101","fonsl101","hubec101","sandh101","burng101","harpg101","wrigr102","","","","S9","F","F",2,8,20,"T","T",1,"F","F",0,"F","F",0,"F","F",9,"","F","F","",0,0,"N",0,"N",0,"N",1,0,0,0,"","","","","F","F","F","F","F","F","F","F","F","","","","F","F","F","F","F","","","","",0,0,0,0,0,0,0,0,0,29,"PHI","SLN","PHI",0,"F","F",1,1,0,16,2,"T","F",0,1,"T","T","rhemf101","bladr102","T","T",0,0,0,0,0,0,0,0,0,"","","",0,0,0,0,0,0,0,0,0,0,0,0,0,"wrigr102","F","F","F","F",0,0,0,0,0,0,0,0,0,0,F,F,"1925PHI.EVN.regular.event.csv",2808
"PHI192507100","SLN",4,0,2,0,0,"",1,1,"rhemf101","?","rhemf101","?","ringj101","?","ringj101","?","wilsj105","hawkc101","fonsl101","hubec101","sandh101","burng101","harpg101","wrigr102","ofarb101","","","K/C","F","F",1,9,3,"T","T",0,"F","F",1,"F","F",0,"F","F",0,"","F","F","",0,0,"N",0,"N",0,"N",0,1,0,0,"2","","","","F","F","F","F","F","F","F","F","F","ringj101","","","F","F","F","F","F","","","","",0,2,0,0,0,0,0,0,0,30,"PHI","SLN","PHI",0,"F","T",1,1,0,17,3,"T","F",1,1,"T","T","bladr102","smitj106","T","T",2,8,29,0,0,0,0,0,0,"wilsj105","","",0,0,0,0,0,0,0,0,0,0,0,0,0,"","F","F","F","F",0,0,0,0,0,0,0,0,0,0,F,F,"1925PHI.EVN.regular.event.csv",2809
"PHI192507100","SLN",4,1,0,0,0,"",1,1,"harpg101","?","harpg101","?","rhemf101","?","rhemf101","?","ofarb101","bottj101","coonj103","belll101","topos101","bladr102","shinr101","smitj106","","","","31","T","F",8,4,2,"T","T",0,"F","F",1,"F","F",0,"F","F",3,"G","F","F","",0,0,"N",0,"N",0,"N",0,0,0,0,"31","","","","F","F","F","F","F","F","F","F","F","","","","F","F","F","F","F","","","","",0,1,0,0,3,0,0,0,0,31,"PHI","PHI","SLN",1,"T","F",1,1,0,12,0,"T","F",0,0,"T","T","wilsj105","fonsl101","T","T",0,0,0,0,0,0,0,0,0,"","","",0,0,0,0,0,0,0,0,0,0,0,0,0,"bottj101","F","F","F","F",0,0,0,0,0,0,0,0,0,0,F,F,"1925PHI.EVN.regular.event.csv",2810
"PHI192507100","SLN",4,1,1,0,0,"",1,1,"wilsj105","?","wilsj105","?","rhemf101","?","rhemf101","?","ofarb101","bottj101","coonj103","belll101","topos101","bladr102","shinr101","smitj106","","","","9/F","F","F",2,5,2,"T","T",0,"F","F",1,"F","F",0,"F","F",9,"F","F","F","",0,0,"N",0,"N",0,"N",0,0,0,0,"9","","","","F","F","F","F","F","F","F","F","F","","","","F","F","F","F","F","","","","",0,9,0,0,0,0,0,0,0,32,"PHI","PHI","SLN",1,"F","F",1,1,0,13,1,"T","F",0,0,"T","T","fonsl101","hubec101","T","T",0,0,0,0,0,0,0,0,0,"","","",0,0,0,0,0,0,0,0,0,0,0,0,0,"smitj106","F","F","F","F",0,0,0,0,0,0,0,0,0,0,F,F,"1925PHI.EVN.regular.event.csv",2811
"PHI192507100","SLN",4,1,2,0,0,"",1,1,"fonsl101","?","fonsl101","?","rhemf101","?","rhemf101","?","ofarb101","bottj101","coonj103","belll101","topos101","bladr102","shinr101","smitj106","","","","43","F","F",4,6,2,"T","T",0,"F","F",1,"F","F",0,"F","F",4,"G","F","F","",0,0,"N",0,"N",0,"N",0,0,0,0,"43","","","","F","F","F","F","F","F","F","F","F","","","","F","F","F","F","F","","","","",0,3,0,0,4,0,0,0,0,33,"PHI","PHI","SLN",1,"F","T",1,1,0,14,2,"T","F",0,0,"T","T","hubec101","sandh101","T","T",0,0,0,0,0,0,0,0,0,"","","",0,0,0,0,0,0,0,0,0,0,0,0,0,"coonj103","F","F","F","F",0,0,0,0,0,0,0,0,0,0,F,F,"1925PHI.EVN.regular.event.csv",2812
"PHI192507100","SLN",5,0,0,0,0,"",1,1,"bladr102","?","bladr102","?","ringj101","?","ringj101","?","wilsj105","hawkc101","fonsl101","hubec101","sandh101","burng101","harpg101","wrigr102","","","","K/C","T","F",7,1,3,"T","T",0,"F","F",1,"F","F",0,"F","F",0,"","F","F","",0,0,"N",0,"N",0,"N",0,0,0,0,"2","","","","F","F","F","F","F","F","F","F","F","","","","F","F","F","F","F","","","","",0,2,0,0,0,0,0,0,0,34,"PHI","SLN","PHI",0,"T","F",1,1,0,18,0,"T","F",0,0,"T","T","smitj106","shinr101","T","T",0,0,0,0,0,0,0,0,0,"","","",0,0,0,0,0,0,0,0,0,0,0,0,0,"","F","F","F","F",0,0,0,0,0,0,0,0,0,0,F,F,"1925PHI.EVN.regular.event.csv",2813
"PHI192507100","SLN",5,0,1,0,0,"",1,1,"smitj106","?","smitj106","?","ringj101","?","ringj101","?","wilsj105","hawkc101","fonsl101","hubec101","sandh101","burng101","harpg101","wrigr102","","","","13","F","F",9,2,2,"T","T",0,"F","F",1,"F","F",0,"F","F",1,"G","F","F","",0,0,"N",0,"N",0,"N",0,0,0,0,"13","","","","F","F","F","F","F","F","F","F","F","","","","F","F","F","F","F","","","","",0,3,0,0,1,0,0,0,0,35,"PHI","SLN","PHI",0,"F","F",1,1,0,19,1,"T","F",0,0,"T","T","shinr101","bottj101","T","T",0,0,0,0,0,0,0,0,0,"","","",0,0,0,0,0,0,0,0,0,0,0,0,0,"ringj101","F","F","F","F",0,0,0,0,0,0,0,0,0,0,F,F,"1925PHI.EVN.regular.event.csv",2814
"PHI192507100","SLN",5,0,2,0,0,"",1,1,"shinr101","?","shinr101","?","ringj101","?","ringj101","?","wilsj105","hawkc101","fonsl101","hubec101","sandh101","burng101","harpg101","wrigr102","","","","63","F","F",8,3,2,"T","T",0,"F","F",1,"F","F",0,"F","F",6,"G","F","F","",0,0,"N",0,"N",0,"N",0,0,0,0,"63","","","","F","F","F","F","F","F","F","F","F","","","","F","F","F","F","F","","","","",0,3,0,0,6,0,0,0,0,36,"PHI","SLN","PHI",0,"F","T",1,1,0,20,2,"T","F",0,0,"T","T","bottj101","topos101","T","T",0,0,0,0,0,0,0,0,0,"","","",0,0,0,0,0,0,0,0,0,0,0,0,0,"sandh101","F","F","F","F",0,0,0,0,0,0,0,0,0,0,F,F,"1925PHI.EVN.regular.event.csv",2815
"PHI192507100","SLN",5,1,0,0,0,"",1,1,"hubec101","?","hubec101","?","rhemf101","?","rhemf101","?","ofarb101","bottj101","coonj103","belll101","topos101","bladr102","shinr101","smitj106","","","","31","T","F",5,7,2,"T","T",0,"F","F",1,"F","F",0,"F","F",3,"G","F","F","",0,0,"N",0,"N",0,"N",0,0,0,0,"31","","","","F","F","F","F","F","F","F","F","F","","","","F","F","F","F","F","","","","",0,1,0,0,3,0,0,0,0,37,"PHI","PHI","SLN",1,"T","F",1,1,0,15,0,"T","F",0,0,"T","T","sandh101","ringj101","T","T",0,0,0,0,0,0,0,0,0,"","","",0,0,0,0,0,0,0,0,0,0,0,0,0,"bottj101","F","F","F","F",0,0,0,0,0,0,0,0,0,0,F,F,"1925PHI.EVN.regular.event.csv",2816
"PHI192507100","SLN",5,1,1,0,0,"",1,1,"sandh101","?","sandh101","?","rhemf101","?","rhemf101","?","ofarb101","bottj101","coonj103","belll101","topos101","bladr102","shinr101","smitj106","","","","8/F8S","F","F",6,8,2,"T","T",0,"F","F",1,"F","F",0,"F","F",8,"F","F","F","8S",0,0,"N",0,"N",0,"N",0,0,0,0,"8","","","","F","F","F","F","F","F","F","F","F","","","","F","F","F","F","F","","","","",0,8,0,0,0,0,0,0,0,38,"PHI","PHI","SLN",1,"F","F",1,1,0,16,1,"T","F",0,0,"T","T","ringj101","burng101","T","T",0,0,0,0,0,0,0,0,0,"","","",0,0,0,0,0,0,0,0,0,0,0,0,0,"shinr101","F","F","F","F",0,0,0,0,0,0,0,0,0,0,F,F,"1925PHI.EVN.regular.event.csv",2817
"PHI192507100","SLN",5,1,2,0,0,"",1,1,"ringj101","?","ringj101","?","rhemf101","?","rhemf101","?","ofarb101","bottj101","coonj103","belll101","topos101","bladr102","shinr101","smitj106","","","","K/C","F","F",1,9,3,"T","T",0,"F","F",1,"F","F",0,"F","F",0,"","F","F","",0,0,"N",0,"N",0,"N",0,0,0,0,"2","","","","F","F","F","F","F","F","F","F","F","","","","F","F","F","F","F","","","","",0,2,0,0,0,0,0,0,0,39,"PHI","PHI","SLN",1,"F","T",1,1,0,17,2,"T","F",0,0,"T","T","burng101","hawkc101","T","T",0,0,0,0,0,0,0,0,0,"","","",0,0,0,0,0,0,0,0,0,0,0,0,0,"","F","F","F","F",0,0,0,0,0,0,0,0,0,0,F,F,"1925PHI.EVN.regular.event.csv",2818
"PHI192507100","SLN",6,0,0,0,0,"",1,1,"bottj101","?","bottj101","?","ringj101","?","ringj101","?","wilsj105","hawkc101","fonsl101","hubec101","sandh101","burng101","harpg101","wrigr102","","","","D8/F89XD","T","F",3,4,21,"T","T",2,"F","F",0,"F","F",0,"F","F",8,"F","F","F","89XD",0,0,"N",0,"N",0,"N",2,0,0,0,"","","","","F","F","F","F","F","F","F","F","F","","","","F","F","F","F","F","","","","",0,0,0,0,0,0,0,0,0,40,"PHI","SLN","PHI",0,"T","F",1,1,0,21,0,"T","F",0,2,"T","T","topos101","coonj103","T","T",0,0,0,0,0,0,0,0,0,"","","",0,0,0,0,0,0,0,0,0,0,0,0,0,"harpg101","F","F","F","F",4,0,0,0,3,0,0,0,0,0,F,F,"1925PHI.EVN.regular.event.csv",2819
"PHI192507100","SLN",6,0,0,0,0,"",1,1,"topos101","?","topos101","?","ringj101","?","ringj101","?","wilsj105","hawkc101","fonsl101","hubec101","sandh101","burng101","harpg101","wrigr102","","bottj101","","8/F","F","F",6,5,2,"T","T",0,"F","F",1,"F","F",0,"F","F",8,"F","F","F","",0,0,"N",0,"N",0,"N",0,0,2,0,"8","","","","F","F","F","F","F","F","F","F","F","","ringj101","","F","F","F","F","F","","","","",0,8,0,0,0,0,0,0,0,41,"PHI","SLN","PHI",0,"F","F",1,1,0,22,1,"T","F",2,2,"T","T","coonj103","belll101","T","T",0,0,0,3,4,40,0,0,0,"","wilsj105","",0,0,0,0,0,0,0,0,0,0,0,0,0,"harpg101","F","F","F","F",0,0,4,0,3,0,0,0,0,0,F,F,"1925PHI.EVN.regular.event.csv",2820
"PHI192507100","SLN",6,0,1,0,0,"",1,1,"coonj103","?","coonj103","?","ringj101","?","ringj101","?","wilsj105","hawkc101","fonsl101","hubec101","sandh101","burng101","harpg101","wrigr102","","bottj101","","E6/G.2-3","F","F",4,6,18,"T","T",0,"F","F",0,"F","F",0,"F","F",6,"G","F","F","",1,6,"F",0,"N",0,"N",1,0,3,0,"","","","","F","F","F","F","F","F","F","F","F","","ringj101","","F","F","F","F","F","","","","",0,0,0,0,0,0,0,0,0,42,"PHI","SLN","PHI",0,"F","F",1,1,0,23,2,"T","F",2,5,"T","T","belll101","ofarb101","T","T",0,0,0,3,4,40,0,0,0,"","wilsj105","",0,0,0,0,0,0,0,0,0,0,0,0,0,"sandh101","F","F","F","T",5,0,4,0,3,0,0,0,0,0,F,F,"1925PHI.EVN.regular.event.csv",2821
"PHI192507100","SLN",6,0,1,0,0,"",1,1,"belll101","?","belll101","?","ringj101","?","ringj101","?","wilsj105","hawkc101","fonsl101","hubec101","sandh101","burng101","harpg101","wrigr102","coonj103","","bottj101","S7.3-H;1-3","F","F",5,7,20,"T","T",1,"F","F",0,"F","F",1,"F","F",7,"","F","F","",0,0,"N",0,"N",0,"N",1,3,0,4,"","","","","F","F","F","F","F","F","F","F","F","ringj101","","ringj101","F","F","F","F","F","","","","",0,0,0,0,0,0,0,0,0,43,"PHI","SLN","PHI",0,"F","F",1,1,0,24,3,"T","F",5,5,"T","T","ofarb101","rhemf101","T","T",4,6,42,0,0,0,3,4,40,"wilsj105","","wilsj105",0,0,0,0,0,0,0,0,0,0,0,0,1,"burng101","F","F","F","F",5,5,0,4,2,0,0,0,0,0,F,F,"1925PHI.EVN.regular.event.csv",2822
"PHI192507100","SLN",6,0,1,0,0,"",2,1,"ofarb101","?","ofarb101","?","ringj101","?","ringj101","?","wilsj105","hawkc101","fonsl101","hubec101","sandh101","burng101","harpg101","wrigr102","belll101","","coonj103","S9.3-H(UR);1-2","F","F",2,8,20,"T","T",1,"F","F",0,"F","F",1,"F","F",9,"","F","F","",0,0,"N",0,"N",0,"N",1,2,0,5,"","","","","F","F","F","F","F","F","F","F","F","ringj101","","ringj101","F","F","F","F","F","","","","",0,0,0,0,0,0,0,0,0,44,"PHI","SLN","PHI",0,"F","F",2,1,1,25,4,"T","F",5,3,"T","T","rhemf101","bladr102","T","T",5,7,43,0,0,0,4,6,42,"wilsj105","","wilsj105",0,0,0,0,0,0,0,0,0,0,0,0,1,"wrigr102","F","F","F","F",0,5,0,5,1,0,0,0,0,0,F,F,"1925PHI.EVN.regular.event.csv",2823
"PHI192507100","SLN",6,0,1,0,0,"",3,1,"rhemf101","?","rhemf101","?","ringj101","?","ringj101","?","wilsj105","hawkc101","fonsl101","hubec101","sandh101","burng101","harpg101","wrigr102","ofarb101","belll101","","S/BR.2-2;1X2(3)","F","F",1,9,20,"T","T",1,"F","F",1,"F","F",0,"F","F",0,"","F","F","",0,0,"N",0,"N",0,"N",1,0,2,0,"","3","","","F","F","F","F","F","F","F","F","F","ringj101","ringj101","","F","F","F","F","F","","","","",0,3,0,0,0,0,0,0,0,45,"PHI","SLN","PHI",0,"F","F",3,1,2,26,5,"T","F",3,3,"T","T","bladr102","smitj106","T","T",2,8,44,5,7,43,0,0,0,"wilsj105","wilsj105","",0,0,0,0,0,0,0,0,0,0,0,0,0,"","F","F","F","F",0,0,5,0,1,0,0,0,0,0,F,F,"1925PHI.EVN.regular.event.csv",2824
"PHI192507100","SLN",6,0,2,0,0,"",3,1,"bladr102","?","bladr102","?","ringj101","?","ringj101","?","wilsj105","hawkc101","fonsl101","hubec101","sandh101","burng101","harpg101","wrigr102","rhemf101","belll101","","D9/F9DW.2-H(UR);1-3","F","F",7,1,21,"T","T",2,"F","F",0,"F","F",1,"F","F",9,"F","F","F","9DW",0,0,"N",0,"N",0,"N",2,3,5,0,"","","","","F","F","F","F","F","F","F","F","F","ringj101","ringj101","","F","F","F","F","F","","","","",0,0,0,0,0,0,0,0,0,46,"PHI","SLN","PHI",0,"F","F",3,1,2,27,6,"T","F",3,6,"T","T","smitj106","shinr101","T","T",1,9,45,5,7,43,0,0,0,"wilsj105","wilsj105","",0,0,0,0,0,0,0,0,0,0,0,0,1,"wrigr102","F","F","F","F",0,0,5,0,0,0,0,0,0,0,F,F,"1925PHI.EVN.regular.event.csv",2825
"PHI192507100","SLN",6,0,2,0,0,"",4,1,"smitj106","?","smitj106","?","ringj101","?","ringj101","?","wilsj105","hawkc101","fonsl101","hubec101","sandh101","burng101","harpg101","wrigr102","","bladr102","rhemf101","8/F","F","F",9,2,2,"T","T",0,"F","F",1,"F","F",0,"F","F",8,"F","F","F","",0,0,"N",0,"N",0,"N",0,0,2,3,"8","","","","F","F","F","F","F","F","F","F","F","","ringj101","ringj101","F","F","F","F","F","","","","",0,8,0,0,0,0,0,0,0,47,"PHI","SLN","PHI",0,"F","T",4,1,3,28,7,"T","F",6,6,"T","T","shinr101","bottj101","T","T",0,0,0,7,1,46,1,9,45,"","wilsj105","wilsj105",0,0,0,0,0,0,0,0,0,0,0,0,0,"harpg101","F","F","F","F",0,0,0,0,0,0,0,0,0,0,F,F,"1925PHI.EVN.regular.event.csv",2826
"PHI192507100","SLN",6,1,0,0,0,"",4,1,"burng101","?","burng101","?","rhemf101","?","rhemf101","?","ofarb101","bottj101","coonj103","belll101","topos101","bladr102","shinr101","smitj106","","","","K","T","F",7,1,3,"T","T",0,"F","F",1,"F","F",0,"F","F",0,"","F","F","",0,0,"N",0,"N",0,"N",0,0,0,0,"2","","","","F","F","F","F","F","F","F","F","F","","","","F","F","F","F","F","","","","",0,2,0,0,0,0,0,0,0,48,"PHI","PHI","SLN",1,"T","F",1,4,0,18,0,"T","F",0,0,"T","T","hawkc101","wrigr102","T","T",0,0,0,0,0,0,0,0,0,"","","",0,0,0,0,0,0,0,0,0,0,0,0,0,"","F","F","F","F",0,0,0,0,5,0,0,0,0,0,F,F,"1925PHI.EVN.regular.event.csv",2827
"PHI192507100","SLN",6,1,1,0,0,"",4,1,"hawkc101","?","hawkc101","?","rhemf101","?","rhemf101","?","ofarb101","bottj101","coonj103","belll101","topos101","bladr102","shinr101","smitj106","","","","S8","F","F",3,2,20,"T","T",1,"F","F",0,"F","F",0,"F","F",8,"","F","F","",0,0,"N",0,"N",0,"N",1,0,0,0,"","","","","F","F","F","F","F","F","F","F","F","","","","F","F","F","F","F","","","","",0,0,0,0,0,0,0,0,0,49,"PHI","PHI","SLN",1,"F","F",1,4,0,19,1,"T","F",0,1,"T","T","wrigr102","harpg101","T","T",0,0,0,0,0,0,0,0,0,"","","",0,0,0,0,0,0,0,0,0,0,0,0,0,"shinr101","F","F","F","F",5,0,0,0,5,0,0,0,0,0,F,F,"1925PHI.EVN.regular.event.csv",2828
"PHI192507100","SLN",6,1,1,0,0,"",4,1,"wrigr102","?","wrigr102","?","rhemf101","?","rhemf101","?","ofarb101","bottj101","coonj103","belll101","topos101","bladr102","shinr101","smitj106","hawkc101","","","3/G.1-2","F","F",9,3,2,"T","T",0,"F","F",1,"F","F",0,"F","F",3,"G","F","F","",0,0,"N",0,"N",0,"N",0,2,0,0,"3","","","","F","F","F","F","F","F","F","F","F","rhemf101","","","F","F","F","F","F","","","","",0,3,0,0,0,0,0,0,0,50,"PHI","PHI","SLN",1,"F","F",1,4,0,20,2,"T","F",1,2,"T","T","harpg101","wilsj105","T","T",3,2,49,0,0,0,0,0,0,"ofarb101","","",0,0,0,0,0,0,0,0,0,0,0,0,0,"bottj101","F","F","F","F",0,5,0,0,5,0,0,0,0,0,F,F,"1925PHI.EVN.regular.event.csv",2829
"PHI192507100","SLN",6,1,2,0,0,"",4,1,"harpg101","?","harpg101","?","rhemf101","?","rhemf101","?","ofarb101","bottj101","coonj103","belll101","topos101","bladr102","shinr101","smitj106","","hawkc101","","3E1/G3L.2-3","F","F",8,4,2,"T","T",0,"F","F",0,"F","F",0,"F","F",3,"G","F","F","3L",1,1,"D",0,"N",0,"N",1,0,3,0,"3E1","","","","F","F","F","F","F","F","F","F","F","","rhemf101","","F","F","F","F","F","","","","",0,0,0,0,3,0,0,0,0,51,"PHI","PHI","SLN",1,"F","F",1,4,0,21,3,"T","F",2,5,"T","T","wilsj105","fonsl101","T","T",0,0,0,3,2,49,0,0,0,"","ofarb101","",0,0,0,0,0,0,0,0,0,0,0,0,0,"bottj101","F","F","F","T",5,0,5,0,5,0,0,0,0,0,F,F,"1925PHI.EVN.regular.event.csv",2830
"PHI192507100","SLN",6,1,2,0,0,"",4,1,"wilsj105","?","wilsj105","?","rhemf101","?","rhemf101","?","ofarb101","bottj101","coonj103","belll101","topos101","bladr102","shinr101","smitj106","harpg101","","hawkc101","D7/G5L.3-H(UR);1-3","F","F",2,5,21,"T","T",2,"F","F",0,"F","F",1,"F","F",7,"G","F","F","5L",0,0,"N",0,"N",0,"N",2,3,0,5,"","","","","F","F","F","F","F","F","F","F","F","rhemf101","","rhemf101","F","F","F","F","F","","","","",0,0,0,0,0,0,0,0,0,52,"PHI","PHI","SLN",1,"F","F",1,4,0,22,4,"T","F",5,6,"T","T","fonsl101","hubec101","T","T",8,4,51,0,0,0,3,2,49,"ofarb101","","ofarb101",0,0,0,0,0,0,0,0,0,0,0,0,1,"bladr102","F","F","F","F",5,5,0,5,4,0,0,0,0,0,F,F,"1925PHI.EVN.regular.event.csv",2831
"PHI192507100","SLN",6,1,2,0,0,"",4,2,"willc103","?","willc103","?","rhemf101","?","rhemf101","?","ofarb101","bottj101","coonj103","belll101","topos101","bladr102","shinr101","smitj106","","wilsj105","harpg101","W","F","T",11,6,14,"T","F",0,"F","F",0,"F","F",0,"F","F",0,"","F","F","",0,0,"N",0,"N",0,"N",1,0,2,3,"","","","","F","F","F","F","F","F","F","F","F","","rhemf101","rhemf101","F","F","F","F","F","","","","fonsl101",4,0,0,0,0,0,0,0,0,53,"PHI","PHI","SLN",1,"F","F",2,4,1,23,5,"T","F",6,7,"F","F","hubec101","sandh101","T","T",0,0,0,2,5,52,8,4,51,"","ofarb101","ofarb101",0,0,0,0,0,0,0,0,0,0,0,0,0,"","F","F","F","F",5,0,5,5,4,0,0,0,0,0,F,F,"1925PHI.EVN.regular.event.csv",2832
"PHI192507100","SLN",6,1,2,3,2,"",4,2,"hubec101","?","hubec101","?","rhemf101","?","rhemf101","?","ofarb101","bottj101","coonj103","belll101","topos101","bladr102","shinr101","smitj106","willc103","wilsj105","harpg101","D9/L9DW.3-H(UR);2-H(UR);1-3","F","F",5,7,21,"T","T",2,"F","F",0,"F","F",2,"F","F",9,"L","F","F","9DW",0,0,"N",0,"N",0,"N",2,3,5,5,"","","","","F","F","F","F","F","F","F","F","F","rhemf101","rhemf101","rhemf101","F","F","F","F","F","","","","",0,0,0,0,0,0,0,0,0,54,"PHI","PHI","SLN",1,"F","F",2,4,1,24,6,"T","F",7,6,"T","T","sandh101","ringj101","T","T",0,6,53,2,5,52,8,4,51,"ofarb101","ofarb101","ofarb101",0,0,0,0,0,0,0,0,0,0,0,0,2,"smitj106","F","F","F","F",5,5,5,5,2,0,0,0,0,0,F,F,"1925PHI.EVN.regular.event.csv",2833
"PHI192507100","SLN",6,1,2,0,0,"",4,4,"sandh101","?","sandh101","?","rhemf101","?","rhemf101","?","ofarb101","bottj101","coonj103","belll101","topos101","bladr102","shinr101","smitj106","","hubec101","willc103","W","F","F",6,8,14,"T","F",0,"F","F",0,"F","F",0,"F","F",0,"","F","F","",0,0,"N",0,"N",0,"N",1,0,2,3,"","","","","F","F","F","F","F","F","F","F","F","","rhemf101","rhemf101","F","F","F","F","F","","","","",0,0,0,0,0,0,0,0,0,55,"PHI","PHI","SLN",1,"F","F",4,4,3,25,7,"T","F",6,7,"T","T","ringj101","burng101","T","T",0,0,0,5,7,54,0,6,53,"","ofarb101","ofarb101",0,0,0,0,0,0,0,0,0,0,0,0,0,"","F","F","F","F",2,0,5,5,2,0,0,0,0,0,F,F,"1925PHI.EVN.regular.event.csv",2834
"PHI192507100","SLN",6,1,2,0,0,"X",4,4,"ringj101","?","ringj101","?","rhemf101","?","rhemf101","?","ofarb101","bottj101","coonj103","belll101","topos101","bladr102","shinr101","smitj106","sandh101","hubec101","willc103","S8.3-H(UR);2-H(UR);1-2","F","F",1,9,20,"T","T",1,"F","F",0,"F","F",2,"F","F",8,"","F","F","",0,0,"N",0,"N",0,"N",1,2,5,5,"","","","","F","F","F","F","F","F","F","F","F","rhemf101","rhemf101","rhemf101","F","F","F","F","F","","","","",0,0,0,0,0,0,0,0,0,56,"PHI","PHI","SLN",1,"F","F",4,4,3,26,8,"T","F",7,3,"T","T","burng101","hawkc101","T","T",6,8,55,5,7,54,0,6,53,"ofarb101","ofarb101","ofarb101",0,0,0,0,0,0,1,0,0,0,1,0,2,"shinr101","F","F","F","F",0,2,5,5,0,0,0,0,0,0,F,F,"1925PHI.EVN.regular.event.csv",2835
"PHI192507100","SLN",6,1,2,0,0,"",4,6,"burng101","?","burng101","?","rhemf101","?","rhemf101","?","ofarb101","bottj101","coonj103","belll101","topos101","bladr102","shinr101","smitj106","ringj101","sandh101","","64(1)/FO","F","F",7,1,2,"T","T",0,"F","F",1,"F","F",0,"F","F",6,"G","F","F","",0,0,"N",0,"N",0,"N",1,0,2,0,"","64","","","F","F","F","F","F","F","F","F","F","rhemf101","rhemf101","","F","F","F","F","F","","","","",0,4,0,0,6,0,0,0,0,57,"PHI","PHI","SLN",1,"F","T",6,4,5,27,9,"T","F",3,3,"T","T","hawkc101","wrigr102","T","T",1,9,56,6,8,55,0,0,0,"ofarb101","ofarb101","",0,0,0,0,0,0,0,0,0,0,0,0,0,"topos101","T","F","F","F",1,0,2,0,0,0,0,0,0,0,F,F,"1925PHI.EVN.regular.event.csv",2836
"PHI192507100","SLN",7,0,0,0,0,"",4,6,"shinr101","?","shinr101","?","ringj101","?","ringj101","?","wilsj105","hawkc101","kimmw101","hubec101","sandh101","wrigr102","harpg101","willc103","","","","K","T","F",8,3,3,"T","T",0,"F","F",1,"F","F",0,"F","F",0,"","F","F","",0,0,"N",0,"N",0,"N",0,0,0,0,"2","","","","F","F","F","F","F","F","F","F","F","","","","F","F","F","F","F","","","","",0,2,0,0,0,0,0,0,0,58,"PHI","SLN","PHI",0,"T","F",4,6,0,29,0,"T","F",0,0,"T","T","bottj101","topos101","T","T",0,0,0,0,0,0,0,0,0,"","","",0,0,0,0,0,0,0,0,0,0,0,0,0,"","F","F","F","F",0,0,0,0,0,0,0,0,0,0,F,F,"1925PHI.EVN.regular.event.csv",2837
"PHI192507100","SLN",7,0,1,0,0,"",4,6,"bottj101","?","bottj101","?","ringj101","?","ringj101","?","wilsj105","hawkc101","kimmw101","hubec101","sandh101","wrigr102","harpg101","willc103","","","","8/F8XD","F","F",3,4,2,"T","T",0,"F","F",1,"F","F",0,"F","F",8,"F","F","F","8XD",0,0,"N",0,"N",0,"N",0,0,0,0,"8","","","","F","F","F","F","F","F","F","F","F","","","","F","F","F","F","F","","","","",0,8,0,0,0,0,0,0,0,59,"PHI","SLN","PHI",0,"F","F",4,6,0,30,1,"T","F",0,0,"T","T","topos101","coonj103","T","T",0,0,0,0,0,0,0,0,0,"","","",0,0,0,0,0,0,0,0,0,0,0,0,0,"harpg101","F","F","F","F",0,0,0,0,0,0,0,0,0,0,F,F,"1925PHI.EVN.regular.event.csv",2838
"PHI192507100","SLN",7,0,2,0,0,"",4,6,"topos101","?","topos101","?","ringj101","?","ringj101","?","wilsj105","hawkc101","kimmw101","hubec101","sandh101","wrigr102","harpg101","willc103","","","","W","F","F",6,5,14,"T","F",0,"F","F",0,"F","F",0,"F","F",0,"","F","F","",0,0,"N",0,"N",0,"N",1,0,0,0,"","","","","F","F","F","F","F","F","F","F","F","","","","F","F","F","F","F","","","","",0,0,0,0,0,0,0,0,0,60,"PHI","SLN","PHI",0,"F","F",4,6,0,31,2,"T","F",0,1,"T","T","coonj103","belll101","T","T",0,0,0,0,0,0,0,0,0,"","","",0,0,0,0,0,0,0,0,0,0,0,0,0,"","F","F","F","F",0,0,0,0,0,0,0,0,0,0,F,F,"1925PHI.EVN.regular.event.csv",2839
"PHI192507100","SLN",7,0,2,0,0,"",4,6,"coonj103","?","coonj103","?","ringj101","?","ringj101","?","wilsj105","hawkc101","kimmw101","hubec101","sandh101","wrigr102","harpg101","willc103","topos101","","","3/G","F","F",4,6,2,"T","T",0,"F","F",1,"F","F",0,"F","F",3,"G","F","F","",0,0,"N",0,"N",0,"N",0,1,0,0,"3","","","","F","F","F","F","F","F","F","F","F","ringj101","","","F","F","F","F","F","","","","",0,3,0,0,0,0,0,0,0,61,"PHI","SLN","PHI",0,"F","T",4,6,0,32,3,"T","F",1,1,"T","T","belll101","ofarb101","T","T",6,5,60,0,0,0,0,0,0,"wilsj105","","",0,0,0,0,0,0,0,0,0,0,0,0,0,"hawkc101","F","F","F","F",0,0,0,0,0,0,0,0,0,0,F,F,"1925PHI.EVN.regular.event.csv",2840
"PHI192507100","SLN",7,1,0,0,0,"",4,6,"hawkc101","?","hawkc101","?","rhemf101","?","rhemf101","?","ofarb101","bottj101","coonj103","belll101","topos101","bladr102","shinr101","smitj106","","","","S1/G1","T","F",3,2,20,"T","T",1,"F","F",0,"F","F",0,"F","F",1,"G","F","F","1",0,0,"N",0,"N",0,"N",1,0,0,0,"","","","","F","F","F","F","F","F","F","F","F","","","","F","F","F","F","F","","","","",0,0,0,0,0,0,0,0,0,62,"PHI","PHI","SLN",1,"T","F",6,4,0,28,0,"T","F",0,1,"T","T","wrigr102","harpg101","T","T",0,0,0,0,0,0,0,0,0,"","","",0,0,0,0,0,0,0,0,0,0,0,0,0,"rhemf101","F","F","F","F",0,0,0,0,1,0,0,0,0,0,F,F,"1925PHI.EVN.regular.event.csv",2841
"PHI192507100","SLN",7,1,0,0,0,"",4,6,"wrigr102","?","wrigr102","?","rhemf101","?","rhemf101","?","ofarb101","bottj101","coonj103","belll101","topos101","bladr102","shinr101","smitj106","hawkc101","","","S9.1-2","F","F",7,3,20,"T","T",1,"F","F",0,"F","F",0,"F","F",9,"","F","F","",0,0,"N",0,"N",0,"N",1,2,0,0,"","","","","F","F","F","F","F","F","F","F","F","rhemf101","","","F","F","F","F","F","","","","",0,0,0,0,0,0,0,0,0,63,"PHI","PHI","SLN",1,"F","F",6,4,0,29,1,"T","F",1,3,"T","T","harpg101","wilsj105","T","T",3,2,62,0,0,0,0,0,0,"ofarb101","","",0,0,0,0,0,0,0,0,0,0,0,0,0,"smitj106","F","F","F","F",4,0,0,0,1,0,0,0,0,0,F,F,"1925PHI.EVN.regular.event.csv",2842
"PHI192507100","SLN",7,1,0,0,0,"",4,6,"harpg101","?","harpg101","?","rhemf101","?","rhemf101","?","ofarb101","bottj101","coonj103","belll101","topos101","bladr102","shinr101","smitj106","wrigr102","hawkc101","","15(2)/FO/BG.1-2","F","F",8,4,2,"T","T",0,"F","F",1,"F","F",0,"F","F",1,"G","T","F","",0,0,"N",0,"N",0,"N",1,2,0,0,"","","15","","F","F","F","F","F","F","F","F","F","rhemf101","rhemf101","","F","F","F","F","F","","","","",0,5,0,0,1,0,0,0,0,64,"PHI","PHI","SLN",1,"F","F",6,4,0,30,2,"T","F",3,3,"T","T","wilsj105","willc103","T","T",7,3,63,3,2,62,0,0,0,"ofarb101","ofarb101","",0,0,0,0,0,0,0,0,0,0,0,0,0,"rhemf101","F","T","F","F",0,4,0,0,1,0,0,0,0,0,F,F,"1925PHI.EVN.regular.event.csv",2843
"PHI192507100","SLN",7,1,1,0,0,"",4,6,"wilsj105","?","wilsj105","?","rhemf101","?","rhemf101","?","ofarb101","bottj101","coonj103","belll101","topos101","bladr102","shinr101","smitj106","harpg101","wrigr102","","S7.2-H;1-2","F","F",2,5,20,"T","T",1,"F","F",0,"F","F",1,"F","F",7,"","F","F","",0,0,"N",0,"N",0,"N",1,2,4,0,"","","","","F","F","F","F","F","F","F","F","F","rhemf101","rhemf101","","F","F","F","F","F","","","","",0,0,0,0,0,0,0,0,0,65,"PHI","PHI","SLN",1,"F","F",6,4,0,31,3,"T","F",3,3,"T","T","willc103","hubec101","T","T",8,4,64,7,3,63,0,0,0,"ofarb101","ofarb101","",0,0,0,0,0,0,0,0,0,0,0,0,1,"bladr102","F","F","F","F",0,0,4,0,0,0,0,0,0,0,F,F,"1925PHI.EVN.regular.event.csv",2844
"PHI192507100","SLN",7,1,1,0,0,"",4,7,"willc103","?","willc103","?","rhemf101","?","rhemf101","?","ofarb101","bottj101","coonj103","belll101","topos101","bladr102","shinr101","smitj106","wilsj105","harpg101","","S7.2-3;1-2","F","F",9,6,20,"T","T",1,"F","F",0,"F","F",0,"F","F",7,"","F","F","",0,0,"N",0,"N",0,"N",1,2,3,0,"","","","","F","F","F","F","F","F","F","F","F","rhemf101","rhemf101","","F","F","F","F","F","","","","",0,0,0,0,0,0,0,0,0,66,"PHI","PHI","SLN",1,"F","F",7,4,1,32,4,"T","F",3,7,"F","F","hubec101","sandh101","T","T",2,5,65,8,4,64,0,0,0,"ofarb101","ofarb101","",0,0,0,0,0,0,0,0,0,0,0,0,0,"bladr102","F","F","F","F",0,0,0,0,0,0,0,0,0,0,F,F,"1925PHI.EVN.regular.event.csv",2845
"PHI192507100","SLN",7,1,1,0,0,"",4,7,"hubec101","?","hubec101","?","rhemf101","?","rhemf101","?","ofarb101","bottj101","coonj103","belll101","topos101","bladr102","shinr101","smitj106","willc103","wilsj105","harpg101","46(1)3/GDP","F","F",5,7,2,"T","T",0,"F","F",2,"T","F",0,"F","F",4,"G","F","F","",0,0,"N",0,"N",0,"N",0,0,2,3,"63","46","","","F","F","F","F","F","F","F","F","F","rhemf101","rhemf101","rhemf101","F","F","F","F","F","","","","",0,6,3,0,4,6,0,0,0,67,"PHI","PHI","SLN",1,"F","T",7,4,1,33,5,"T","F",7,6,"T","T","sandh101","ringj101","T","T",9,6,66,2,5,65,8,4,64,"ofarb101","ofarb101","ofarb101",0,0,0,0,0,0,0,0,0,0,0,0,0,"coonj103","T","F","F","F",0,0,0,0,0,0,0,0,0,0,F,F,"1925PHI.EVN.regular.event.csv",2846
"PHI192507100","SLN",8,0,0,0,0,"",4,7,"belll101","?","belll101","?","ringj101","?","ringj101","?","wilsj105","hawkc101","kimmw101","hubec101","sandh101","wrigr102","harpg101","willc103","","","","W","T","F",5,7,14,"T","F",0,"F","F",0,"F","F",0,"F","F",0,"","F","F","",0,0,"N",0,"N",0,"N",1,0,0,0,"","","","","F","F","F","F","F","F","F","F","F","","","","F","F","F","F","F","","","","",0,0,0,0,0,0,0,0,0,68,"PHI","SLN","PHI",0,"T","F",4,7,0,33,0,"T","F",0,1,"T","T","ofarb101","rhemf101","T","T",0,0,0,0,0,0,0,0,0,"","","",0,0,0,0,0,0,0,0,0,0,0,0,0,"","F","F","F","F",4,0,0,0,1,0,0,0,0,0,F,F,"1925PHI.EVN.regular.event.csv",2847
"PHI192507100","SLN",8,0,0,0,0,"",4,7,"ofarb101","?","ofarb101","?","ringj101","?","ringj101","?","wilsj105","hawkc101","kimmw101","hubec101","sandh101","wrigr102","harpg101","willc103","belll101","","","D9/9DW.1-3","F","F",2,8,21,"T","T",2,"F","F",0,"F","F",0,"F","F",9,"","F","F","9DW",0,0,"N",0,"N",0,"N",2,3,0,0,"","","","","F","F","F","F","F","F","F","F","F","ringj101","","","F","F","F","F","F","","","","",0,0,0,0,0,0,0,0,0,69,"PHI","SLN","PHI",0,"F","F",4,7,0,34,1,"T","F",1,6,"T","T","rhemf101","bladr102","T","T",5,7,68,0,0,0,0,0,0,"wilsj105","","",0,0,0,0,0,0,0,0,0,0,0,0,0,"willc103","F","F","F","F",0,4,0,0,1,0,0,0,0,0,F,F,"1925PHI.EVN.regular.event.csv",2848
"PHI192507100","SLN",8,0,0,0,0,"",4,7,"flacm101","?","flacm101","?","ringj101","?","ringj101","?","wilsj105","hawkc101","kimmw101","hubec101","sandh101","wrigr102","harpg101","willc103","","ofarb101","belll101","D9/F9DW.3-H;2XH(942)","F","T",11,9,21,"T","T",2,"F","F",1,"F","F",1,"F","F",9,"F","F","F","9DW",0,0,"N",0,"N",0,"N",2,0,0,4,"","","942","","F","F","F","F","F","F","F","F","F","","ringj101","ringj101","F","F","F","F","F","","","","rhemf101",1,2,0,0,9,4,0,0,0,70,"PHI","SLN","PHI",0,"F","F",4,7,0,35,2,"T","F",6,2,"F","F","bladr102","smitj106","T","T",0,0,0,2,8,69,5,7,68,"","wilsj105","wilsj105",0,0,0,0,0,0,0,0,0,0,0,0,1,"willc103","F","F","F","F",3,0,0,4,0,0,0,0,0,0,F,F,"1925PHI.EVN.regular.event.csv",2849
"PHI192507100","SLN",8,0,1,0,0,"",5,7,"bladr102","?","bladr102","?","ringj101","?","ringj101","?","wilsj105","hawkc101","kimmw101","hubec101","sandh101","wrigr102","harpg101","willc103","","flacm101","","53.2-3","F","F",7,1,2,"T","T",0,"F","F",1,"F","F",0,"F","F",5,"G","F","F","",0,0,"N",0,"N",0,"N",0,0,3,0,"53","","","","F","F","F","F","F","F","F","F","F","","ringj101","","F","F","F","F","F","","","","",0,3,0,0,5,0,0,0,0,71,"PHI","SLN","PHI",0,"F","F",5,7,1,36,3,"T","F",2,4,"T","T","smitj106","shinr101","T","T",0,0,0,0,9,70,0,0,0,"","wilsj105","",0,0,0,0,0,0,0,0,0,0,0,0,0,"hubec101","F","F","F","F",0,0,3,0,0,0,0,0,0,0,F,F,"1925PHI.EVN.regular.event.csv",2850
"PHI192507100","SLN",8,0,2,0,0,"",5,7,"smitj106","?","smitj106","?","ringj101","?","ringj101","?","wilsj105","hawkc101","kimmw101","hubec101","sandh101","wrigr102","harpg101","willc103","","","flacm101","9/F","F","F",9,2,2,"T","T",0,"F","F",1,"F","F",0,"F","F",9,"F","F","F","",0,0,"N",0,"N",0,"N",0,0,0,3,"9","","","","F","F","F","F","F","F","F","F","F","","","ringj101","F","F","F","F","F","","","","",0,9,0,0,0,0,0,0,0,72,"PHI","SLN","PHI",0,"F","T",5,7,1,37,4,"T","F",4,4,"T","T","shinr101","bottj101","T","T",0,0,0,0,0,0,0,9,70,"","","wilsj105",0,0,0,0,0,0,0,0,0,0,0,0,0,"willc103","F","F","F","F",0,0,0,3,0,0,0,0,0,0,F,F,"1925PHI.EVN.regular.event.csv",2851
"PHI192507100","SLN",8,1,0,0,0,"",5,7,"sandh101","?","sandh101","?","dyere101","?","dyere101","?","ofarb101","bottj101","coonj103","belll101","topos101","bladr102","shinr101","smitj106","","","","D9","T","F",6,8,21,"T","T",2,"F","F",0,"F","F",0,"F","F",9,"","F","F","",0,0,"N",0,"N",0,"N",2,0,0,0,"","","","","F","F","F","F","F","F","F","F","F","","","","F","F","F","F","F","","","","",0,0,0,0,0,0,0,0,0,73,"PHI","PHI","SLN",1,"T","F",7,5,0,34,0,"T","F",0,2,"T","T","ringj101","kimmw101","F","F",0,0,0,0,0,0,0,0,0,"","","",0,0,0,0,0,0,0,0,0,0,0,0,0,"smitj106","F","F","F","F",0,0,0,0,2,0,0,0,0,0,F,F,"1925PHI.EVN.regular.event.csv",2852
"PHI192507100","SLN",8,1,0,0,0,"",5,7,"ringj101","?","ringj101","?","dyere101","?","dyere101","?","ofarb101","bottj101","coonj103","belll101","topos101","bladr102","shinr101","smitj106","","sandh101","","FC1/BG.2X3(15);B-1","F","F",1,9,19,"T","T",0,"F","F",1,"F","F",0,"F","F",1,"G","T","F","",0,0,"N",0,"N",0,"N",1,0,0,0,"","","15","","F","F","F","F","F","F","F","F","F","","dyere101","","F","F","F","F","F","","","","",0,5,0,0,1,0,0,0,0,74,"PHI","PHI","SLN",1,"F","F",7,5,0,35,1,"T","F",2,1,"T","T","kimmw101","hawkc101","F","F",0,0,0,6,8,73,0,0,0,"","ofarb101","",0,0,0,0,0,0,0,0,0,0,0,0,0,"dyere101","F","F","F","F",4,0,0,0,2,0,0,0,0,0,F,F,"1925PHI.EVN.regular.event.csv",2853
"PHI192507100","SLN",8,1,1,0,0,"",5,7,"kimmw101","?","kimmw101","?","dyere101","?","dyere101","?","ofarb101","bottj101","coonj103","belll101","topos101","bladr102","shinr101","smitj106","ringj101","","","5/P","F","F",4,1,2,"T","T",0,"F","F",1,"F","F",0,"F","F",5,"P","F","F","",0,0,"N",0,"N",0,"N",0,1,0,0,"5","","","","F","F","F","F","F","F","F","F","F","dyere101","","","F","F","F","F","F","","","","",0,5,0,0,0,0,0,0,0,75,"PHI","PHI","SLN",1,"F","F",7,5,0,36,2,"T","F",1,1,"F","F","hawkc101","wrigr102","F","F",1,9,74,0,0,0,0,0,0,"ofarb101","","",0,0,0,0,0,0,0,0,0,0,0,0,0,"belll101","F","F","F","F",0,4,0,0,2,0,0,0,0,0,F,F,"1925PHI.EVN.regular.event.csv",2854
"PHI192507100","SLN",8,1,2,0,0,"",5,7,"hawkc101","?","hawkc101","?","dyere101","?","dyere101","?","ofarb101","bottj101","coonj103","belll101","topos101","bladr102","shinr101","smitj106","ringj101","","","HP.1-2","F","F",3,2,16,"T","F",0,"F","F",0,"F","F",0,"F","F",0,"","F","F","",0,0,"N",0,"N",0,"N",1,2,0,0,"","","","","F","F","F","F","F","F","F","F","F","dyere101","","","F","F","F","F","F","","","","",0,0,0,0,0,0,0,0,0,76,"PHI","PHI","SLN",1,"F","F",7,5,0,37,3,"T","F",1,3,"T","T","wrigr102","harpg101","F","F",1,9,74,0,0,0,0,0,0,"ofarb101","","",0,0,0,0,0,0,0,0,0,0,0,0,0,"","F","F","F","F",4,4,0,0,2,0,0,0,0,0,F,F,"1925PHI.EVN.regular.event.csv",2855
"PHI192507100","SLN",8,1,2,0,0,"",5,7,"mokaj101","?","mokaj101","?","dyere101","?","dyere101","?","ofarb101","bottj101","coonj103","belll101","topos101","bladr102","shinr101","smitj106","hawkc101","ringj101","","HP.2-3;1-2","F","T",11,3,16,"T","F",0,"F","F",0,"F","F",0,"F","F",0,"","F","F","",0,0,"N",0,"N",0,"N",1,2,3,0,"","","","","F","F","F","F","F","F","F","F","F","dyere101","dyere101","","F","F","F","F","F","","","","wrigr102",7,0,0,0,0,0,0,0,0,77,"PHI","PHI","SLN",1,"F","F",7,5,0,38,4,"T","F",3,7,"F","F","harpg101","wilsj105","F","F",3,2,76,1,9,74,0,0,0,"ofarb101","ofarb101","",0,0,0,0,0,0,0,0,0,0,0,0,0,"","F","F","F","F",3,4,4,0,2,0,0,0,0,0,F,F,"1925PHI.EVN.regular.event.csv",2856
"PHI192507100","SLN",8,1,2,0,0,"",5,7,"harpg101","?","harpg101","?","dyere101","?","dyere101","?","ofarb101","bottj101","coonj103","belll101","topos101","bladr102","shinr101","smitj106","mokaj101","hawkc101","ringj101","S9.3-H;2-H;1-3","F","F",8,4,20,"T","T",1,"F","F",0,"F","F",2,"F","F",9,"","F","F","",0,0,"N",0,"N",0,"N",1,3,4,4,"","","","","F","F","F","F","F","F","F","F","F","dyere101","dyere101","dyere101","F","F","F","F","F","","","","",0,0,0,0,0,0,0,0,0,78,"PHI","PHI","SLN",1,"F","F",7,5,0,39,5,"T","F",7,5,"T","T","wilsj105","willc103","F","F",0,3,77,3,2,76,1,9,74,"ofarb101","ofarb101","ofarb101",0,0,0,0,0,0,0,0,0,0,0,0,2,"smitj106","F","F","F","F",0,3,4,4,0,0,0,0,0,0,F,F,"1925PHI.EVN.regular.event.csv",2857
"PHI192507100","SLN",8,1,2,0,0,"",5,9,"wilsj105","?","wilsj105","?","dyere101","?","dyere101","?","ofarb101","bottj101","coonj103","belll101","topos101","bladr102","shinr101","smitj106","harpg101","","mokaj101","64(1)/FO","F","F",2,5,2,"T","T",0,"F","F",1,"F","F",0,"F","F",6,"G","F","F","",0,0,"N",0,"N",0,"N",1,0,0,3,"","64","","","F","F","F","F","F","F","F","F","F","dyere101","","dyere101","F","F","F","F","F","","","","",0,4,0,0,6,0,0,0,0,79,"PHI","PHI","SLN",1,"F","T",9,5,2,40,6,"T","F",5,5,"T","T","willc103","hubec101","F","F",8,4,78,0,0,0,0,3,77,"ofarb101","","ofarb101",0,0,0,0,0,0,0,0,0,0,0,0,0,"topos101","T","F","F","F",1,0,0,3,0,0,0,0,0,0,F,F,"1925PHI.EVN.regular.event.csv",2858
"PHI192507100","SLN",9,0,0,0,0,"",5,9,"shinr101","?","shinr101","?","ringj101","?","ringj101","?","wilsj105","hawkc101","kimmw101","hubec101","sandh101","mokaj101","harpg101","willc103","","","","S7","T","F",8,3,20,"T","T",1,"F","F",0,"F","F",0,"F","F",7,"","F","F","",0,0,"N",0,"N",0,"N",1,0,0,0,"","","","","F","F","F","F","F","F","F","F","F","","","","F","F","F","F","F","","","","",0,0,0,0,0,0,0,0,0,80,"PHI","SLN","PHI",0,"T","F",5,9,0,38,0,"T","F",0,1,"T","T","bottj101","topos101","T","T",0,0,0,0,0,0,0,0,0,"","","",0,0,0,0,0,0,0,0,0,0,0,0,0,"mokaj101","F","F","F","F",4,0,0,0,2,0,0,0,0,0,F,F,"1925PHI.EVN.regular.event.csv",2859
"PHI192507100","SLN",9,0,0,0,0,"",5,9,"bottj101","?","bottj101","?","ringj101","?","ringj101","?","wilsj105","hawkc101","kimmw101","hubec101","sandh101","mokaj101","harpg101","willc103","shinr101","","","9/F","F","F",3,4,2,"T","T",0,"F","F",1,"F","F",0,"F","F",9,"F","F","F","",0,0,"N",0,"N",0,"N",0,1,0,0,"9","","","","F","F","F","F","F","F","F","F","F","ringj101","","","F","F","F","F","F","","","","",0,9,0,0,0,0,0,0,0,81,"PHI","SLN","PHI",0,"F","F",5,9,0,39,1,"T","F",1,1,"T","T","topos101","coonj103","T","T",8,3,80,0,0,0,0,0,0,"wilsj105","","",0,0,0,0,0,0,0,0,0,0,0,0,0,"willc103","F","F","F","F",0,4,0,0,2,0,0,0,0,0,F,F,"1925PHI.EVN.regular.event.csv",2860
"PHI192507100","SLN",9,0,1,0,0,"",5,9,"topos101","?","topos101","?","ringj101","?","ringj101","?","wilsj105","hawkc101","kimmw101","hubec101","sandh101","mokaj101","harpg101","willc103","shinr101","","","W.1-2","F","F",6,5,14,"T","F",0,"F","F",0,"F","F",0,"F","F",0,"","F","F","",0,0,"N",0,"N",0,"N",1,2,0,0,"","","","","F","F","F","F","F","F","F","F","F","ringj101","","","F","F","F","F","F","","","","",0,0,0,0,0,0,0,0,0,82,"PHI","SLN","PHI",0,"F","F",5,9,0,40,2,"T","F",1,3,"T","T","coonj103","belll101","T","T",8,3,80,0,0,0,0,0,0,"wilsj105","","",0,0,0,0,0,0,0,0,0,0,0,0,0,"","F","F","F","F",4,4,0,0,2,0,0,0,0,0,F,F,"1925PHI.EVN.regular.event.csv",2861
"PHI192507100","SLN",9,0,1,0,0,"",5,9,"coonj103","?","coonj103","?","ringj101","?","ringj101","?","wilsj105","hawkc101","kimmw101","hubec101","sandh101","mokaj101","harpg101","willc103","topos101","shinr101","","9/F","F","F",4,6,2,"T","T",0,"F","F",1,"F","F",0,"F","F",9,"F","F","F","",0,0,"N",0,"N",0,"N",0,1,2,0,"9","","","","F","F","F","F","F","F","F","F","F","ringj101","ringj101","","F","F","F","F","F","","","","",0,9,0,0,0,0,0,0,0,83,"PHI","SLN","PHI",0,"F","F",5,9,0,41,3,"T","F",3,3,"T","T","belll101","ofarb101","T","T",6,5,82,8,3,80,0,0,0,"wilsj105","wilsj105","",0,0,0,0,0,0,0,0,0,0,0,0,0,"willc103","F","F","F","F",0,4,4,0,2,0,0,0,0,0,F,F,"1925PHI.EVN.regular.event.csv",2862
"PHI192507100","SLN",9,0,2,0,0,"",5,9,"belll101","?","belll101","?","ringj101","?","ringj101","?","wilsj105","hawkc101","kimmw101","hubec101","sandh101","mokaj101","harpg101","willc103","topos101","shinr101","","S/G1S.2-3;1-2","F","F",5,7,20,"T","T",1,"F","F",0,"F","F",0,"F","F",0,"G","F","F","1S",0,0,"N",0,"N",0,"N",1,2,3,0,"","","","","F","F","F","F","F","F","F","F","F","ringj101","ringj101","","F","F","F","F","F","","","","",0,0,0,0,0,0,0,0,0,84,"PHI","SLN","PHI",0,"F","F",5,9,0,42,4,"T","F",3,7,"T","T","ofarb101","dyere101","T","T",6,5,82,8,3,80,0,0,0,"wilsj105","wilsj105","",0,0,0,0,0,0,0,0,0,0,0,0,0,"","F","F","F","F",3,4,4,0,2,0,0,0,0,0,F,F,"1925PHI.EVN.regular.event.csv",2863
"PHI192507100","SLN",9,0,2,0,0,"",5,9,"ofarb101","?","ofarb101","?","ringj101","?","ringj101","?","wilsj105","hawkc101","kimmw101","hubec101","sandh101","mokaj101","harpg101","willc103","belll101","topos101","shinr101","S8.3-H;2-H;1-2","F","F",2,8,20,"T","T",1,"F","F",0,"F","F",2,"F","F",8,"","F","F","",0,0,"N",0,"N",0,"N",1,2,4,4,"","","","","F","F","F","F","F","F","F","F","F","ringj101","ringj101","ringj101","F","F","F","F","F","","","","",0,0,0,0,0,0,0,0,0,85,"PHI","SLN","PHI",0,"F","F",5,9,0,43,5,"T","F",7,3,"T","T","dyere101","bladr102","T","T",5,7,84,6,5,82,8,3,80,"wilsj105","wilsj105","wilsj105",0,0,0,0,0,0,0,0,0,0,0,0,2,"harpg101","F","F","F","F",0,3,4,4,0,0,0,0,0,0,F,F,"1925PHI.EVN.regular.event.csv",2864
"PHI192507100","SLN",9,0,2,3,2,"BCBFBB",7,9,"hornr101","?","hornr101","?","ringj101","?","ringj101","?","wilsj105","hawkc101","kimmw101","hubec101","sandh101","mokaj101","harpg101","willc103","ofarb101","belll101","","W.2-3;1-2","F","T",11,9,14,"T","F",0,"F","F",0,"F","F",0,"F","F",0,"","F","F","",0,0,"N",0,"N",0,"N",1,2,3,0,"","","","","F","F","F","F","F","F","F","F","F","ringj101","ringj101","","F","F","F","F","F","","","","dyere101",1,0,0,0,0,0,0,0,0,86,"PHI","SLN","PHI",0,"F","F",7,9,2,44,6,"T","F",3,7,"F","F","bladr102","smitj106","T","T",2,8,85,5,7,84,0,0,0,"wilsj105","wilsj105","",4,4,0,0,0,0,2,1,0,1,0,0,0,"","F","F","F","F",1,0,3,0,0,0,0,0,0,0,F,F,"1925PHI.EVN.regular.event.csv",2865
"PHI192507100","SLN",9,0,2,0,0,"",7,9,"bladr102","?","bladr102","?","ringj101","?","ringj101","?","wilsj105","hawkc101","kimmw101","hubec101","sandh101","mokaj101","harpg101","willc103","schmw102","ofarb101","belll101","5(2)/FO","F","F",7,1,2,"T","T",0,"F","F",1,"F","F",0,"F","F",5,"G","F","F","",0,0,"N",0,"N",0,"N",1,1,0,3,"","","5","","F","F","F","F","F","F","F","F","F","ringj101","ringj101","ringj101","F","T","T","F","F","hornr101","","","",0,5,0,0,0,0,0,0,0,87,"PHI","SLN","PHI",0,"F","T",7,9,2,45,7,"T","F",7,5,"T","T","smitj106","shinr101","T","T",0,9,86,2,8,85,5,7,84,"wilsj105","wilsj105","wilsj105",0,0,0,0,0,0,0,0,0,0,0,0,0,"hubec101","F","T","F","F",1,1,0,3,0,0,0,0,0,0,F,F,"1925PHI.EVN.regular.event.csv",2866
"PHI192507110","SLN",1,0,0,0,0,"",0,0,"bladr102","?","bladr102","?","mitcc102","?","mitcc102","?","henlb101","hawkc101","fonsl101","hubec101","sandh101","mokaj101","harpg101","burng101","","","","S1/G","T","F",7,1,20,"T","T",1,"F","F",0,"F","F",0,"F","F",1,"G","F","F","",0,0,"N",0,"N",0,"N",1,0,0,0,"","","","","F","F","F","F","F","F","F","F","F","","","","T","F","F","F","F","","","","",0,0,0,0,0,0,0,0,0,1,"PHI","SLN","PHI",0,"T","F",0,0,0,0,0,"T","F",0,1,"T","T","flacm101","shinr101","T","T",0,0,0,0,0,0,0,0,0,"","","",0,0,0,0,0,0,0,0,0,0,0,0,0,"mitcc102","F","F","F","F",0,0,0,0,0,0,0,0,0,0,F,F,"1925PHI.EVN.regular.event.csv",2867
"PHI192507110","SLN",1,0,0,0,0,"",0,0,"flacm101","?","flacm101","?","mitcc102","?","mitcc102","?","henlb101","hawkc101","fonsl101","hubec101","sandh101","mokaj101","harpg101","burng101","bladr102","","","6(1)3/GDP/G6M","F","F",9,2,2,"T","T",0,"F","F",2,"T","F",0,"F","F",6,"G","F","F","6M",0,0,"N",0,"N",0,"N",0,0,0,0,"63","6","","","F","F","F","F","F","F","F","F","F","mitcc102","","","F","F","F","F","F","","","","",0,6,3,0,6,0,0,0,0,2,"PHI","SLN","PHI",0,"F","F",0,0,0,1,1,"T","F",1,0,"T","T","shinr101","bottj101","T","T",7,1,1,0,0,0,0,0,0,"henlb101","","",0,0,0,0,0,0,0,0,0,0,0,0,0,"sandh101","T","F","F","F",0,0,0,0,0,0,0,0,0,0,F,F,"1925PHI.EVN.regular.event.csv",2868
"PHI192507110","SLN",1,0,2,0,0,"",0,0,"shinr101","?","shinr101","?","mitcc102","?","mitcc102","?","henlb101","hawkc101","fonsl101","hubec101","sandh101","mokaj101","harpg101","burng101","","","","S/BG25","F","F",8,3,20,"T","T",1,"F","F",0,"F","F",0,"F","F",0,"G","T","F","25",0,0,"N",0,"N",0,"N",1,0,0,0,"","","","","F","F","F","F","F","F","F","F","F","","","","F","F","F","F","F","","","","",0,0,0,0,0,0,0,0,0,3,"PHI","SLN","PHI",0,"F","F",0,0,0,2,2,"T","F",0,1,"T","T","bottj101","topos101","T","T",0,0,0,0,0,0,0,0,0,"","","",0,0,0,0,0,0,0,0,0,0,0,0,0,"","F","F","F","F",0,0,0,0,0,0,0,0,0,0,F,F,"1925PHI.EVN.regular.event.csv",2869
"PHI192507110","SLN",1,0,2,0,0,"",0,0,"bottj101","?","bottj101","?","mitcc102","?","mitcc102","?","henlb101","hawkc101","fonsl101","hubec101","sandh101","mokaj101","harpg101","burng101","shinr101","","","43","F","F",3,4,2,"T","T",0,"F","F",1,"F","F",0,"F","F",4,"G","F","F","",0,0,"N",0,"N",0,"N",0,1,0,0,"43","","","","F","F","F","F","F","F","F","F","F","mitcc102","","","F","F","F","F","F","","","","",0,3,0,0,4,0,0,0,0,4,"PHI","SLN","PHI",0,"F","T",0,0,0,3,3,"T","F",1,1,"T","T","topos101","coonj103","T","T",8,3,3,0,0,0,0,0,0,"henlb101","","",0,0,0,0,0,0,0,0,0,0,0,0,0,"fonsl101","F","F","F","F",0,0,0,0,0,0,0,0,0,0,F,F,"1925PHI.EVN.regular.event.csv",2870
"PHI192507110","SLN",1,1,0,0,0,"",0,0,"burng101","?","burng101","?","sherb101","?","sherb101","?","ofarb101","bottj101","coonj103","belll101","topos101","bladr102","shinr101","flacm101","","","","63","T","F",9,1,2,"T","T",0,"F","F",1,"F","F",0,"F","F",6,"G","F","F","",0,0,"N",0,"N",0,"N",0,0,0,0,"63","","","","F","F","F","F","F","F","F","F","F","","","","F","F","F","F","F","","","","",0,3,0,0,6,0,0,0,0,5,"PHI","PHI","SLN",1,"T","F",0,0,0,0,0,"T","F",0,0,"T","T","hawkc101","mokaj101","T","T",0,0,0,0,0,0,0,0,0,"","","",0,0,0,0,0,0,0,0,0,0,0,0,0,"topos101","F","F","F","F",0,0,0,0,0,0,0,0,0,0,F,F,"1925PHI.EVN.regular.event.csv",2871
"PHI192507110","SLN",1,1,1,0,0,"",0,0,"hawkc101","?","hawkc101","?","sherb101","?","sherb101","?","ofarb101","bottj101","coonj103","belll101","topos101","bladr102","shinr101","flacm101","","","","53/BG","F","F",3,2,2,"T","T",0,"F","F",1,"F","F",0,"F","F",5,"G","T","F","",0,0,"N",0,"N",0,"N",0,0,0,0,"53","","","","F","F","F","F","F","F","F","F","F","","","","F","F","F","F","F","","","","",0,3,0,0,5,0,0,0,0,6,"PHI","PHI","SLN",1,"F","F",0,0,0,1,1,"T","F",0,0,"T","T","mokaj101","harpg101","T","T",0,0,0,0,0,0,0,0,0,"","","",0,0,0,0,0,0,0,0,0,0,0,0,0,"belll101","F","F","F","F",0,0,0,0,0,0,0,0,0,0,F,F,"1925PHI.EVN.regular.event.csv",2872
"PHI192507110","SLN",1,1,2,0,0,"",0,0,"mokaj101","?","mokaj101","?","sherb101","?","sherb101","?","ofarb101","bottj101","coonj103","belll101","topos101","bladr102","shinr101","flacm101","","","","W","F","F",7,3,14,"T","F",0,"F","F",0,"F","F",0,"F","F",0,"","F","F","",0,0,"N",0,"N",0,"N",1,0,0,0,"","","","","F","F","F","F","F","F","F","F","F","","","","F","F","F","F","F","","","","",0,0,0,0,0,0,0,0,0,7,"PHI","PHI","SLN",1,"F","F",0,0,0,2,2,"T","F",0,1,"T","T","harpg101","henlb101","T","T",0,0,0,0,0,0,0,0,0,"","","",0,0,0,0,0,0,0,0,0,0,0,0,0,"","F","F","F","F",0,0,0,0,0,0,0,0,0,0,F,F,"1925PHI.EVN.regular.event.csv",2873
"PHI192507110","SLN",1,1,2,0,0,"",0,0,"harpg101","?","harpg101","?","sherb101","?","sherb101","?","ofarb101","bottj101","coonj103","belll101","topos101","bladr102","shinr101","flacm101","mokaj101","","","SB2","F","F",8,4,4,"F","F",0,"F","F",0,"F","F",0,"F","F",0,"","F","F","",0,0,"N",0,"N",0,"N",0,2,0,0,"","","","","T","F","F","F","F","F","F","F","F","sherb101","","","F","F","F","F","F","","","","",0,0,0,0,0,0,0,0,0,8,"PHI","PHI","SLN",1,"F","F",0,0,0,3,3,"T","F",1,2,"T","T","henlb101","fonsl101","T","T",7,3,7,0,0,0,0,0,0,"ofarb101","","",0,0,0,0,0,0,0,0,0,0,0,0,0,"","F","F","F","F",0,0,0,0,0,0,0,0,0,0,F,F,"1925PHI.EVN.regular.event.csv",2874
"PHI192507110","SLN",1,1,2,0,0,"",0,0,"harpg101","?","harpg101","?","sherb101","?","sherb101","?","ofarb101","bottj101","coonj103","belll101","topos101","bladr102","shinr101","flacm101","","mokaj101","","3/G","F","F",8,4,2,"T","T",0,"F","F",1,"F","F",0,"F","F",3,"G","F","F","",0,0,"N",0,"N",0,"N",0,0,2,0,"3","","","","F","F","F","F","F","F","F","F","F","","sherb101","","F","F","F","F","F","","","","",0,3,0,0,0,0,0,0,0,9,"PHI","PHI","SLN",1,"F","T",0,0,0,3,3,"F","F",2,2,"T","T","henlb101","fonsl101","T","T",0,0,0,7,3,7,0,0,0,"","ofarb101","",0,0,0,0,0,0,0,0,0,0,0,0,0,"bottj101","F","F","F","F",0,0,0,0,0,0,0,0,0,0,F,F,"1925PHI.EVN.regular.event.csv",2875
"PHI192507110","SLN",2,0,0,0,0,"",0,0,"topos101","?","topos101","?","mitcc102","?","mitcc102","?","henlb101","hawkc101","fonsl101","hubec101","sandh101","mokaj101","harpg101","burng101","","","","S9","T","F",6,5,20,"T","T",1,"F","F",0,"F","F",0,"F","F",9,"","F","F","",0,0,"N",0,"N",0,"N",1,0,0,0,"","","","","F","F","F","F","F","F","F","F","F","","","","F","F","F","F","F","","","","",0,0,0,0,0,0,0,0,0,10,"PHI","SLN","PHI",0,"T","F",0,0,0,4,0,"T","F",0,1,"T","T","coonj103","belll101","T","T",0,0,0,0,0,0,0,0,0,"","","",0,0,0,0,0,0,0,0,0,0,0,0,0,"burng101","F","F","F","F",0,0,0,0,0,0,0,0,0,0,F,F,"1925PHI.EVN.regular.event.csv",2876
"PHI192507110","SLN",2,0,0,0,0,"",0,0,"coonj103","?","coonj103","?","mitcc102","?","mitcc102","?","henlb101","hawkc101","fonsl101","hubec101","sandh101","mokaj101","harpg101","burng101","topos101","","","16(1)3/GDP","F","F",4,6,2,"T","T",0,"F","F",2,"T","F",0,"F","F",1,"G","F","F","",0,0,"N",0,"N",0,"N",0,0,0,0,"63","16","","","F","F","F","F","F","F","F","F","F","mitcc102","","","F","F","F","F","F","","","","",0,6,3,0,1,6,0,0,0,11,"PHI","SLN","PHI",0,"F","F",0,0,0,5,1,"T","F",1,0,"T","T","belll101","ofarb101","T","T",6,5,10,0,0,0,0,0,0,"henlb101","","",0,0,0,0,0,0,0,0,0,0,0,0,0,"mitcc102","T","F","F","F",0,0,0,0,0,0,0,0,0,0,F,F,"1925PHI.EVN.regular.event.csv",2877
"PHI192507110","SLN",2,0,2,0,0,"",0,0,"belll101","?","belll101","?","mitcc102","?","mitcc102","?","henlb101","hawkc101","fonsl101","hubec101","sandh101","mokaj101","harpg101","burng101","","","","S7","F","F",5,7,20,"T","T",1,"F","F",0,"F","F",0,"F","F",7,"","F","F","",0,0,"N",0,"N",0,"N",1,0,0,0,"","","","","F","F","F","F","F","F","F","F","F","","","","F","F","F","F","F","","","","",0,0,0,0,0,0,0,0,0,12,"PHI","SLN","PHI",0,"F","F",0,0,0,6,2,"T","F",0,1,"T","T","ofarb101","sherb101","T","T",0,0,0,0,0,0,0,0,0,"","","",0,0,0,0,0,0,0,0,0,0,0,0,0,"mokaj101","F","F","F","F",0,0,0,0,0,0,0,0,0,0,F,F,"1925PHI.EVN.regular.event.csv",2878
"PHI192507110","SLN",2,0,2,0,0,"",0,0,"ofarb101","?","ofarb101","?","mitcc102","?","mitcc102","?","henlb101","hawkc101","fonsl101","hubec101","sandh101","mokaj101","harpg101","burng101","belll101","","","63","F","F",2,8,2,"T","T",0,"F","F",1,"F","F",0,"F","F",6,"G","F","F","",0,0,"N",0,"N",0,"N",0,1,0,0,"63","","","","F","F","F","F","F","F","F","F","F","mitcc102","","","F","F","F","F","F","","","","",0,3,0,0,6,0,0,0,0,13,"PHI","SLN","PHI",0,"F","T",0,0,0,7,3,"T","F",1,1,"T","T","sherb101","bladr102","T","T",5,7,12,0,0,0,0,0,0,"henlb101","","",0,0,0,0,0,0,0,0,0,0,0,0,0,"sandh101","F","F","F","F",0,0,0,0,0,0,0,0,0,0,F,F,"1925PHI.EVN.regular.event.csv",2879
"PHI192507110","SLN",2,1,0,0,0,"",0,0,"henlb101","?","henlb101","?","sherb101","?","sherb101","?","ofarb101","bottj101","coonj103","belll101","topos101","bladr102","shinr101","flacm101","","","","S5/G-","T","F",2,5,20,"T","T",1,"F","F",0,"F","F",0,"F","F",5,"G","F","F","",0,0,"N",0,"N",0,"N",1,0,0,0,"","","","","F","F","F","F","F","F","F","F","F","","","","F","F","F","F","F","","","","",0,0,0,0,0,0,0,0,0,14,"PHI","PHI","SLN",1,"T","F",0,0,0,4,0,"T","F",0,1,"T","T","fonsl101","hubec101","T","T",0,0,0,0,0,0,0,0,0,"","","",0,0,0,0,0,0,0,0,0,0,0,0,0,"belll101","F","F","F","F",4,0,0,0,2,0,0,0,0,0,F,F,"1925PHI.EVN.regular.event.csv",2880
"PHI192507110","SLN",2,1,0,0,0,"",0,0,"fonsl101","?","fonsl101","?","sherb101","?","sherb101","?","ofarb101","bottj101","coonj103","belll101","topos101","bladr102","shinr101","flacm101","henlb101","","","S7/L.1-2","F","F",4,6,20,"T","T",1,"F","F",0,"F","F",0,"F","F",7,"L","F","F","",0,0,"N",0,"N",0,"N",1,2,0,0,"","","","","F","F","F","F","F","F","F","F","F","sherb101","","","F","F","F","F","F","","","","",0,0,0,0,0,0,0,0,0,15,"PHI","PHI","SLN",1,"F","F",0,0,0,5,1,"T","F",1,3,"T","T","hubec101","sandh101","T","T",2,5,14,0,0,0,0,0,0,"ofarb101","","",0,0,0,0,0,0,0,0,0,0,0,0,0,"bladr102","F","F","F","F",0,4,0,0,2,0,0,0,0,0,F,F,"1925PHI.EVN.regular.event.csv",2881
"PHI192507110","SLN",2,1,0,0,0,"",0,0,"hubec101","?","hubec101","?","sherb101","?","sherb101","?","ofarb101","bottj101","coonj103","belll101","topos101","bladr102","shinr101","flacm101","fonsl101","henlb101","","7/L","F","F",5,7,2,"T","T",0,"F","F",1,"F","F",0,"F","F",7,"L","F","F","",0,0,"N",0,"N",0,"N",0,1,2,0,"7","","","","F","F","F","F","F","F","F","F","F","sherb101","sherb101","","F","F","F","F","F","","","","",0,7,0,0,0,0,0,0,0,16,"PHI","PHI","SLN",1,"F","F",0,0,0,6,2,"T","F",3,3,"T","T","sandh101","mitcc102","T","T",4,6,15,2,5,14,0,0,0,"ofarb101","ofarb101","",0,0,0,0,0,0,0,0,0,0,0,0,0,"bladr102","F","F","F","F",0,0,4,0,2,0,0,0,0,0,F,F,"1925PHI.EVN.regular.event.csv",2882
"PHI192507110","SLN",2,1,1,0,0,"",0,0,"sandh101","?","sandh101","?","sherb101","?","sherb101","?","ofarb101","bottj101","coonj103","belll101","topos101","bladr102","shinr101","flacm101","fonsl101","henlb101","","S8/G4.2-H;1-3","F","F",6,8,20,"T","T",1,"F","F",0,"F","F",1,"F","F",8,"G","F","F","4",0,0,"N",0,"N",0,"N",1,3,4,0,"","","","","F","F","F","F","F","F","F","F","F","sherb101","sherb101","","F","F","F","F","F","","","","",0,0,0,0,0,0,0,0,0,17,"PHI","PHI","SLN",1,"F","F",0,0,0,7,3,"T","F",3,5,"T","T","mitcc102","burng101","T","T",4,6,15,2,5,14,0,0,0,"ofarb101","ofarb101","",0,0,0,0,0,0,0,0,0,0,0,0,1,"shinr101","F","F","F","F",4,0,4,0,1,0,0,0,0,0,F,F,"1925PHI.EVN.regular.event.csv",2883
"PHI192507110","SLN",2,1,1,0,0,"",0,1,"mitcc102","?","mitcc102","?","sherb101","?","sherb101","?","ofarb101","bottj101","coonj103","belll101","topos101","bladr102","shinr101","flacm101","sandh101","","fonsl101","FC3/G.3XH(325);1-3;B-2","F","F",1,9,19,"T","T",0,"F","F",1,"F","F",0,"F","F",3,"G","F","F","",0,0,"N",0,"N",0,"N",2,3,0,0,"","","","325","F","F","F","F","F","F","F","F","F","sherb101","","sherb101","F","F","F","F","F","","","","",0,5,0,0,3,2,0,0,0,18,"PHI","PHI","SLN",1,"F","F",1,0,1,8,4,"T","F",5,6,"T","T","burng101","hawkc101","T","T",6,8,17,0,0,0,4,6,15,"ofarb101","","ofarb101",0,0,0,0,0,0,0,0,0,0,0,0,0,"bottj101","F","F","F","F",0,4,0,0,1,0,0,0,0,0,F,F,"1925PHI.EVN.regular.event.csv",2884
"PHI192507110","SLN",2,1,2,0,0,"",0,1,"burng101","?","burng101","?","sherb101","?","sherb101","?","ofarb101","bottj101","coonj103","belll101","topos101","bladr102","shinr101","flacm101","","mitcc102","sandh101","WP.3-H;2-3","F","F",9,1,9,"F","F",0,"F","F",0,"F","F",0,"T","F",0,"","F","F","",0,0,"N",0,"N",0,"N",0,0,3,4,"","","","","F","F","F","F","F","F","F","F","F","","sherb101","sherb101","F","F","F","F","F","","","","",0,0,0,0,0,0,0,0,0,19,"PHI","PHI","SLN",1,"F","F",1,0,1,9,5,"T","F",6,4,"T","T","hawkc101","mokaj101","T","T",0,0,0,1,9,18,6,8,17,"","ofarb101","ofarb101",0,0,0,0,0,0,0,0,0,0,0,0,1,"","F","F","F","F",0,0,0,4,0,0,0,0,0,0,F,F,"1925PHI.EVN.regular.event.csv",2885
"PHI192507110","SLN",2,1,2,0,0,"",0,2,"burng101","?","burng101","?","sherb101","?","sherb101","?","ofarb101","bottj101","coonj103","belll101","topos101","bladr102","shinr101","flacm101","","","mitcc102","W","F","F",9,1,14,"T","F",0,"F","F",0,"F","F",0,"F","F",0,"","F","F","",0,0,"N",0,"N",0,"N",1,0,0,3,"","","","","F","F","F","F","F","F","F","F","F","","","sherb101","F","F","F","F","F","","","","",0,0,0,0,0,0,0,0,0,20,"PHI","PHI","SLN",1,"F","F",2,0,2,9,5,"F","F",4,5,"T","T","hawkc101","mokaj101","T","T",0,0,0,0,0,0,1,9,18,"","","ofarb101",0,0,0,0,0,0,0,0,0,0,0,0,0,"","F","F","F","F",0,0,0,0,0,0,0,0,0,0,F,F,"1925PHI.EVN.regular.event.csv",2886
"PHI192507110","SLN",2,1,2,0,0,"",0,2,"hawkc101","?","hawkc101","?","sherb101","?","sherb101","?","ofarb101","bottj101","coonj103","belll101","topos101","bladr102","shinr101","flacm101","burng101","","mitcc102","K","F","F",3,2,3,"T","T",0,"F","F",1,"F","F",0,"F","F",0,"","F","F","",0,0,"N",0,"N",0,"N",0,1,0,3,"2","","","","F","F","F","F","F","F","F","F","F","sherb101","","sherb101","F","F","F","F","F","","","","",0,2,0,0,0,0,0,0,0,21,"PHI","PHI","SLN",1,"F","T",2,0,2,10,6,"T","F",5,5,"T","T","mokaj101","harpg101","T","T",9,1,20,0,0,0,1,9,18,"ofarb101","","ofarb101",0,0,0,0,0,0,0,0,0,0,0,0,0,"","F","F","F","F",0,0,0,0,0,0,0,0,0,0,F,F,"1925PHI.EVN.regular.event.csv",2887
"PHI192507110","SLN",3,0,0,0,0,"",0,2,"sherb101","?","sherb101","?","mitcc102","?","mitcc102","?","henlb101","hawkc101","fonsl101","hubec101","sandh101","mokaj101","harpg101","burng101","","","","D8/89D","T","F",1,9,21,"T","T",2,"F","F",0,"F","F",0,"F","F",8,"","F","F","89D",0,0,"N",0,"N",0,"N",2,0,0,0,"","","","","F","F","F","F","F","F","F","F","F","","","","F","F","F","F","F","","","","",0,0,0,0,0,0,0,0,0,22,"PHI","SLN","PHI",0,"T","F",0,2,0,8,0,"T","F",0,2,"T","T","bladr102","flacm101","T","T",0,0,0,0,0,0,0,0,0,"","","",0,0,0,0,0,0,0,0,0,0,0,0,0,"harpg101","F","F","F","F",0,0,0,0,2,0,0,0,0,0,F,F,"1925PHI.EVN.regular.event.csv",2888
"PHI192507110","SLN",3,0,0,0,0,"",0,2,"bladr102","?","bladr102","?","mitcc102","?","mitcc102","?","henlb101","hawkc101","fonsl101","hubec101","sandh101","mokaj101","harpg101","burng101","","sherb101","","W","F","F",7,1,14,"T","F",0,"F","F",0,"F","F",0,"F","F",0,"","F","F","",0,0,"N",0,"N",0,"N",1,0,2,0,"","","","","F","F","F","F","F","F","F","F","F","","mitcc102","","F","F","F","F","F","","","","",0,0,0,0,0,0,0,0,0,23,"PHI","SLN","PHI",0,"F","F",0,2,0,9,1,"T","F",2,3,"T","T","flacm101","shinr101","T","T",0,0,0,1,9,22,0,0,0,"","henlb101","",0,0,0,0,0,0,0,0,0,0,0,0,0,"","F","F","F","F",4,0,0,0,2,0,0,0,0,0,F,F,"1925PHI.EVN.regular.event.csv",2889
"PHI192507110","SLN",3,0,0,0,0,"",0,2,"flacm101","?","flacm101","?","mitcc102","?","mitcc102","?","henlb101","hawkc101","fonsl101","hubec101","sandh101","mokaj101","harpg101","burng101","bladr102","sherb101","","1/LDP.2X2(16)","F","F",9,2,2,"T","T",0,"F","F",2,"T","F",0,"F","F",1,"L","F","F","",0,0,"N",0,"N",0,"N",0,1,0,0,"1","","16","","F","F","F","F","F","F","F","F","F","mitcc102","mitcc102","","F","F","F","F","F","","","","",0,1,6,0,1,0,0,0,0,24,"PHI","SLN","PHI",0,"F","F",0,2,0,10,2,"T","F",3,1,"T","T","shinr101","bottj101","T","T",7,1,23,1,9,22,0,0,0,"henlb101","henlb101","",0,0,0,0,0,0,0,0,0,0,0,0,0,"mitcc102","F","F","F","F",0,4,0,0,2,0,0,0,0,0,F,F,"1925PHI.EVN.regular.event.csv",2890
"PHI192507110","SLN",3,0,2,0,0,"",0,2,"shinr101","?","shinr101","?","mitcc102","?","mitcc102","?","henlb101","hawkc101","fonsl101","hubec101","sandh101","mokaj101","harpg101","burng101","bladr102","","","D/89D.1-3","F","F",8,3,21,"T","T",2,"F","F",0,"F","F",0,"F","F",0,"","F","F","89D",0,0,"N",0,"N",0,"N",2,3,0,0,"","","","","F","F","F","F","F","F","F","F","F","mitcc102","","","F","F","F","F","F","","","","",0,0,0,0,0,0,0,0,0,25,"PHI","SLN","PHI",0,"F","F",0,2,0,11,3,"T","F",1,6,"T","T","bottj101","topos101","T","T",7,1,23,0,0,0,0,0,0,"henlb101","","",0,0,0,0,0,0,0,0,0,0,0,0,0,"","F","F","F","F",4,4,0,0,2,0,0,0,0,0,F,F,"1925PHI.EVN.regular.event.csv",2891
"PHI192507110","SLN",3,0,2,0,0,"",0,2,"bottj101","?","bottj101","?","mitcc102","?","mitcc102","?","henlb101","hawkc101","fonsl101","hubec101","sandh101","mokaj101","harpg101","burng101","","shinr101","bladr102","S8/L.3-H;2-H","F","F",3,4,20,"T","T",1,"F","F",0,"F","F",2,"F","F",8,"L","F","F","",0,0,"N",0,"N",0,"N",1,0,4,4,"","","","","F","F","F","F","F","F","F","F","F","","mitcc102","mitcc102","F","F","F","F","F","","","","",0,0,0,0,0,0,0,0,0,26,"PHI","SLN","PHI",0,"F","F",0,2,0,12,4,"T","F",6,1,"T","T","topos101","coonj103","T","T",0,0,0,8,3,25,7,1,23,"","henlb101","henlb101",0,0,0,0,0,0,0,0,0,0,0,0,2,"harpg101","F","F","F","F",0,0,4,4,0,0,0,0,0,0,F,F,"1925PHI.EVN.regular.event.csv",2892
"PHI192507110","SLN",3,0,2,0,0,"",2,2,"topos101","?","topos101","?","mitcc102","?","mitcc102","?","henlb101","hawkc101","fonsl101","hubec101","sandh101","mokaj101","harpg101","burng101","bottj101","","","PO1(1E3).1-1","F","F",6,5,8,"F","F",0,"F","F",0,"F","F",0,"F","F",0,"","F","F","",1,3,"D",0,"N",0,"N",0,1,0,0,"","1E3","","","F","F","F","F","F","F","T","F","F","mitcc102","","","F","F","F","F","F","","","","",0,0,0,0,1,0,0,0,0,27,"PHI","SLN","PHI",0,"F","F",2,2,2,13,5,"T","F",1,1,"T","T","coonj103","belll101","T","T",3,4,26,0,0,0,0,0,0,"henlb101","","",0,0,0,0,0,0,0,0,0,0,0,0,0,"","F","F","F","F",0,0,0,0,0,0,0,0,0,0,F,F,"1925PHI.EVN.regular.event.csv",2893
"PHI192507110","SLN",3,0,2,0,0,"",2,2,"topos101","?","topos101","?","mitcc102","?","mitcc102","?","henlb101","hawkc101","fonsl101","hubec101","sandh101","mokaj101","harpg101","burng101","bottj101","","","3/G","F","F",6,5,2,"T","T",0,"F","F",1,"F","F",0,"F","F",3,"G","F","F","",0,0,"N",0,"N",0,"N",0,1,0,0,"3","","","","F","F","F","F","F","F","F","F","F","mitcc102","","","F","F","F","F","F","","","","",0,3,0,0,0,0,0,0,0,28,"PHI","SLN","PHI",0,"F","T",2,2,2,13,5,"F","F",1,1,"T","T","coonj103","belll101","T","T",3,4,26,0,0,0,0,0,0,"henlb101","","",0,0,0,0,0,0,0,0,0,0,0,0,0,"hawkc101","F","F","F","F",0,0,0,0,0,0,0,0,0,0,F,F,"1925PHI.EVN.regular.event.csv",2894
"PHI192507110","SLN",3,1,0,0,0,"",2,2,"mokaj101","?","mokaj101","?","sherb101","?","sherb101","?","ofarb101","bottj101","coonj103","belll101","topos101","bladr102","shinr101","flacm101","","","","6/P","T","F",7,3,2,"T","T",0,"F","F",1,"F","F",0,"F","F",6,"P","F","F","",0,0,"N",0,"N",0,"N",0,0,0,0,"6","","","","F","F","F","F","F","F","F","F","F","","","","F","F","F","F","F","","","","",0,6,0,0,0,0,0,0,0,29,"PHI","PHI","SLN",1,"T","F",2,2,0,11,0,"T","F",0,0,"T","T","harpg101","henlb101","T","T",0,0,0,0,0,0,0,0,0,"","","",0,0,0,0,0,0,0,0,0,0,0,0,0,"topos101","F","F","F","F",0,0,0,0,0,0,0,0,0,0,F,F,"1925PHI.EVN.regular.event.csv",2895
"PHI192507110","SLN",3,1,1,0,0,"",2,2,"harpg101","?","harpg101","?","sherb101","?","sherb101","?","ofarb101","bottj101","coonj103","belll101","topos101","bladr102","shinr101","flacm101","","","","D9/F9DW","F","F",8,4,21,"T","T",2,"F","F",0,"F","F",0,"F","F",9,"F","F","F","9DW",0,0,"N",0,"N",0,"N",2,0,0,0,"","","","","F","F","F","F","F","F","F","F","F","","","","F","F","F","F","F","","","","",0,0,0,0,0,0,0,0,0,30,"PHI","PHI","SLN",1,"F","F",2,2,0,12,1,"T","F",0,2,"T","T","henlb101","fonsl101","T","T",0,0,0,0,0,0,0,0,0,"","","",0,0,0,0,0,0,0,0,0,0,0,0,0,"flacm101","F","F","F","F",0,0,0,0,0,0,0,0,0,0,F,F,"1925PHI.EVN.regular.event.csv",2896
"PHI192507110","SLN",3,1,1,0,0,"",2,2,"henlb101","?","henlb101","?","sherb101","?","sherb101","?","ofarb101","bottj101","coonj103","belll101","topos101","bladr102","shinr101","flacm101","","harpg101","","63/G6M.2-3","F","F",2,5,2,"T","T",0,"F","F",1,"F","F",0,"F","F",6,"G","F","F","6M",0,0,"N",0,"N",0,"N",0,0,3,0,"63","","","","F","F","F","F","F","F","F","F","F","","sherb101","","F","F","F","F","F","","","","",0,3,0,0,6,0,0,0,0,31,"PHI","PHI","SLN",1,"F","F",2,2,0,13,2,"T","F",2,4,"T","T","fonsl101","hubec101","T","T",0,0,0,8,4,30,0,0,0,"","ofarb101","",0,0,0,0,0,0,0,0,0,0,0,0,0,"topos101","F","F","F","F",0,0,0,0,0,0,0,0,0,0,F,F,"1925PHI.EVN.regular.event.csv",2897
"PHI192507110","SLN",3,1,2,0,0,"",2,2,"fonsl101","?","fonsl101","?","sherb101","?","sherb101","?","ofarb101","bottj101","coonj103","belll101","topos101","bladr102","shinr101","flacm101","","","harpg101","W","F","F",4,6,14,"T","F",0,"F","F",0,"F","F",0,"F","F",0,"","F","F","",0,0,"N",0,"N",0,"N",1,0,0,3,"","","","","F","F","F","F","F","F","F","F","F","","","sherb101","F","F","F","F","F","","","","",0,0,0,0,0,0,0,0,0,32,"PHI","PHI","SLN",1,"F","F",2,2,0,14,3,"T","F",4,5,"T","T","hubec101","sandh101","T","T",0,0,0,0,0,0,8,4,30,"","","ofarb101",0,0,0,0,0,0,0,0,0,0,0,0,0,"","F","F","F","F",0,0,0,0,0,0,0,0,0,0,F,F,"1925PHI.EVN.regular.event.csv",2898
"PHI192507110","SLN",3,1,2,0,0,"",2,2,"hubec101","?","hubec101","?","sherb101","?","sherb101","?","ofarb101","bottj101","coonj103","belll101","topos101","bladr102","shinr101","flacm101","fonsl101","","harpg101","CSH(212)","F","F",5,7,6,"F","F",0,"F","F",1,"F","F",0,"F","F",0,"","F","F","",0,0,"N",0,"N",0,"N",0,1,0,0,"","","","212","F","F","F","F","F","T","F","F","F","sherb101","","sherb101","F","F","F","F","F","","","","",0,2,0,0,2,1,0,0,0,33,"PHI","PHI","SLN",1,"F","T",2,2,0,15,4,"T","T",5,1,"T","T","sandh101","mitcc102","T","T",4,6,32,0,0,0,8,4,30,"ofarb101","","ofarb101",0,0,0,0,0,0,0,0,0,0,0,0,0,"","F","F","F","F",0,0,0,0,0,0,0,0,0,0,F,F,"1925PHI.EVN.regular.event.csv",2899
"PHI192507110","SLN",4,0,0,0,0,"",2,2,"coonj103","?","coonj103","?","mitcc102","?","mitcc102","?","henlb101","hawkc101","fonsl101","hubec101","sandh101","mokaj101","harpg101","burng101","","","","S/G6","T","F",4,6,20,"T","T",1,"F","F",0,"F","F",0,"F","F",0,"G","F","F","6",0,0,"N",0,"N",0,"N",1,0,0,0,"","","","","F","F","F","F","F","F","F","F","F","","","","F","F","F","F","F","","","","",0,0,0,0,0,0,0,0,0,34,"PHI","SLN","PHI",0,"T","F",2,2,0,14,0,"T","F",0,1,"T","T","belll101","ofarb101","T","T",0,0,0,0,0,0,0,0,0,"","","",0,0,0,0,0,0,0,0,0,0,0,0,0,"","F","F","F","F",5,0,0,0,1,0,0,0,0,0,F,F,"1925PHI.EVN.regular.event.csv",2900
"PHI192507110","SLN",4,0,0,0,0,"",2,2,"belll101","?","belll101","?","mitcc102","?","mitcc102","?","henlb101","hawkc101","fonsl101","hubec101","sandh101","mokaj101","harpg101","burng101","coonj103","","","4/L","F","F",5,7,2,"T","T",0,"F","F",1,"F","F",0,"F","F",4,"L","F","F","",0,0,"N",0,"N",0,"N",0,1,0,0,"4","","","","F","F","F","F","F","F","F","F","F","mitcc102","","","F","F","F","F","F","","","","",0,4,0,0,0,0,0,0,0,35,"PHI","SLN","PHI",0,"F","F",2,2,0,15,1,"T","F",1,1,"T","T","ofarb101","sherb101","T","T",4,6,34,0,0,0,0,0,0,"henlb101","","",0,0,0,0,0,0,0,0,0,0,0,0,0,"fonsl101","F","F","F","F",0,5,0,0,1,0,0,0,0,0,F,F,"1925PHI.EVN.regular.event.csv",2901
"PHI192507110","SLN",4,0,1,0,0,"",2,2,"ofarb101","?","ofarb101","?","mitcc102","?","mitcc102","?","henlb101","hawkc101","fonsl101","hubec101","sandh101","mokaj101","harpg101","burng101","coonj103","","","W.1-2","F","F",2,8,14,"T","F",0,"F","F",0,"F","F",0,"F","F",0,"","F","F","",0,0,"N",0,"N",0,"N",1,2,0,0,"","","","","F","F","F","F","F","F","F","F","F","mitcc102","","","F","F","F","F","F","","","","",0,0,0,0,0,0,0,0,0,36,"PHI","SLN","PHI",0,"F","F",2,2,0,16,2,"T","F",1,3,"T","T","sherb101","bladr102","T","T",4,6,34,0,0,0,0,0,0,"henlb101","","",0,0,0,0,0,0,0,0,0,0,0,0,0,"","F","F","F","F",0,5,0,0,1,0,0,0,0,0,F,F,"1925PHI.EVN.regular.event.csv",2902
"PHI192507110","SLN",4,0,1,0,0,"",2,2,"sherb101","?","sherb101","?","mitcc102","?","mitcc102","?","henlb101","hawkc101","fonsl101","hubec101","sandh101","mokaj101","harpg101","burng101","ofarb101","coonj103","","46(1)/FO.2-H(E6/TH1)(NR)(UR)","F","F",1,9,2,"T","T",0,"F","F",1,"F","F",0,"F","F",4,"G","F","F","",1,6,"T",0,"N",0,"N",1,0,5,0,"","46","","","F","F","F","F","F","F","F","F","F","mitcc102","mitcc102","","F","F","F","F","F","","","","",0,6,0,0,4,0,0,0,0,37,"PHI","SLN","PHI",0,"F","F",2,2,0,17,3,"T","F",3,1,"T","T","bladr102","flacm101","T","T",2,8,36,4,6,34,0,0,0,"henlb101","henlb101","",0,0,0,0,0,0,0,0,0,0,0,0,1,"fonsl101","T","F","F","F",0,0,5,0,0,0,0,0,0,0,F,F,"1925PHI.EVN.regular.event.csv",2903
"PHI192507110","SLN",4,0,2,0,0,"",3,2,"bladr102","?","bladr102","?","mitcc102","?","mitcc102","?","henlb101","hawkc101","fonsl101","hubec101","sandh101","mokaj101","harpg101","burng101","sherb101","","","D9.1-3","F","F",7,1,21,"T","T",2,"F","F",0,"F","F",0,"F","F",9,"","F","F","",0,0,"N",0,"N",0,"N",2,3,0,0,"","","","","F","F","F","F","F","F","F","F","F","mitcc102","","","F","F","F","F","F","","","","",0,0,0,0,0,0,0,0,0,38,"PHI","SLN","PHI",0,"F","F",3,2,1,18,4,"T","F",1,6,"T","T","flacm101","shinr101","T","T",1,9,37,0,0,0,0,0,0,"henlb101","","",0,0,0,0,0,0,0,0,0,0,0,0,0,"burng101","F","F","F","F",0,0,0,0,0,0,0,0,0,0,F,F,"1925PHI.EVN.regular.event.csv",2904
"PHI192507110","SLN",4,0,2,0,0,"",3,2,"flacm101","?","flacm101","?","mitcc102","?","mitcc102","?","henlb101","hawkc101","fonsl101","hubec101","sandh101","mokaj101","harpg101","burng101","","bladr102","sherb101","9/F","F","F",9,2,2,"T","T",0,"F","F",1,"F","F",0,"F","F",9,"F","F","F","",0,0,"N",0,"N",0,"N",0,0,2,3,"9","","","","F","F","F","F","F","F","F","F","F","","mitcc102","mitcc102","F","F","F","F","F","","","","",0,9,0,0,0,0,0,0,0,39,"PHI","SLN","PHI",0,"F","T",3,2,1,19,5,"T","F",6,6,"T","T","shinr101","bottj101","T","T",0,0,0,7,1,38,1,9,37,"","henlb101","henlb101",0,0,0,0,0,0,0,0,0,0,0,0,0,"burng101","F","F","F","F",0,0,0,0,0,0,0,0,0,0,F,F,"1925PHI.EVN.regular.event.csv",2905
"PHI192507110","SLN",4,1,0,0,0,"",3,2,"hubec101","?","hubec101","?","sherb101","?","sherb101","?","ofarb101","bottj101","coonj103","belll101","topos101","bladr102","shinr101","flacm101","","","","D7/G5L","T","F",5,7,21,"T","T",2,"F","F",0,"F","F",0,"F","F",7,"G","F","F","5L",0,0,"N",0,"N",0,"N",2,0,0,0,"","","","","F","F","F","F","F","F","F","F","F","","","","F","F","F","F","F","","","","",0,0,0,0,0,0,0,0,0,40,"PHI","PHI","SLN",1,"T","F",2,3,0,15,0,"T","F",0,2,"T","T","sandh101","mitcc102","T","T",0,0,0,0,0,0,0,0,0,"","","",0,0,0,0,0,0,0,0,0,0,0,0,0,"bladr102","F","F","F","F",4,0,0,0,1,0,0,0,0,0,F,F,"1925PHI.EVN.regular.event.csv",2906
"PHI192507110","SLN",4,1,0,0,0,"",3,2,"sandh101","?","sandh101","?","sherb101","?","sherb101","?","ofarb101","bottj101","coonj103","belll101","topos101","bladr102","shinr101","flacm101","","hubec101","","S8.2-H","F","F",6,8,20,"T","T",1,"F","F",0,"F","F",1,"F","F",8,"","F","F","",0,0,"N",0,"N",0,"N",1,0,4,0,"","","","","F","F","F","F","F","F","F","F","F","","sherb101","","F","F","F","F","F","","","","",0,0,0,0,0,0,0,0,0,41,"PHI","PHI","SLN",1,"F","F",2,3,0,16,1,"T","F",2,1,"T","T","mitcc102","burng101","T","T",0,0,0,5,7,40,0,0,0,"","ofarb101","",0,0,0,0,0,0,0,0,0,0,0,0,1,"shinr101","F","F","F","F",0,0,4,0,0,0,0,0,0,0,F,F,"1925PHI.EVN.regular.event.csv",2907
"PHI192507110","SLN",4,1,0,0,0,"",3,3,"mitcc102","?","mitcc102","?","sherb101","?","sherb101","?","ofarb101","bottj101","coonj103","belll101","topos101","bladr102","shinr101","flacm101","sandh101","","","16(1)/FO/BG","F","F",1,9,2,"T","T",0,"F","F",1,"F","F",0,"F","F",1,"G","T","F","",0,0,"N",0,"N",0,"N",1,0,0,0,"","16","","","F","F","F","F","F","F","F","F","F","sherb101","","","F","F","F","F","F","","","","",0,6,0,0,1,0,0,0,0,42,"PHI","PHI","SLN",1,"F","F",3,3,1,17,2,"T","F",1,1,"T","T","burng101","hawkc101","T","T",6,8,41,0,0,0,0,0,0,"ofarb101","","",0,0,0,0,0,0,0,0,0,0,0,0,0,"sherb101","T","F","F","F",0,0,0,0,0,0,0,0,0,0,F,F,"1925PHI.EVN.regular.event.csv",2908
"PHI192507110","SLN",4,1,1,0,0,"",3,3,"burng101","?","burng101","?","sherb101","?","sherb101","?","ofarb101","bottj101","coonj103","belll101","topos101","bladr102","shinr101","flacm101","mitcc102","","","16(1)/FO","F","F",9,1,2,"T","T",0,"F","F",1,"F","F",0,"F","F",1,"G","F","F","",0,0,"N",0,"N",0,"N",1,0,0,0,"","16","","","F","F","F","F","F","F","F","F","F","sherb101","","","F","F","F","F","F","","","","",0,6,0,0,1,0,0,0,0,43,"PHI","PHI","SLN",1,"F","F",3,3,1,18,3,"T","F",1,1,"T","T","hawkc101","mokaj101","T","T",1,9,42,0,0,0,0,0,0,"ofarb101","","",0,0,0,0,0,0,0,0,0,0,0,0,0,"sherb101","T","F","F","F",0,0,0,0,0,0,0,0,0,0,F,F,"1925PHI.EVN.regular.event.csv",2909
"PHI192507110","SLN",4,1,2,0,0,"",3,3,"hawkc101","?","hawkc101","?","sherb101","?","sherb101","?","ofarb101","bottj101","coonj103","belll101","topos101","bladr102","shinr101","flacm101","burng101","","","43","F","F",3,2,2,"T","T",0,"F","F",1,"F","F",0,"F","F",4,"G","F","F","",0,0,"N",0,"N",0,"N",0,1,0,0,"43","","","","F","F","F","F","F","F","F","F","F","sherb101","","","F","F","F","F","F","","","","",0,3,0,0,4,0,0,0,0,44,"PHI","PHI","SLN",1,"F","T",3,3,1,19,4,"T","F",1,1,"T","T","mokaj101","harpg101","T","T",9,1,43,0,0,0,0,0,0,"ofarb101","","",0,0,0,0,0,0,0,0,0,0,0,0,0,"coonj103","F","F","F","F",0,0,0,0,0,0,0,0,0,0,F,F,"1925PHI.EVN.regular.event.csv",2910
"PHI192507110","SLN",5,0,0,0,0,"",3,3,"shinr101","?","shinr101","?","mitcc102","?","mitcc102","?","henlb101","hawkc101","fonsl101","hubec101","sandh101","mokaj101","harpg101","burng101","","","","53","T","F",8,3,2,"T","T",0,"F","F",1,"F","F",0,"F","F",5,"G","F","F","",0,0,"N",0,"N",0,"N",0,0,0,0,"53","","","","F","F","F","F","F","F","F","F","F","","","","F","F","F","F","F","","","","",0,3,0,0,5,0,0,0,0,45,"PHI","SLN","PHI",0,"T","F",3,3,0,20,0,"T","F",0,0,"T","T","bottj101","topos101","T","T",0,0,0,0,0,0,0,0,0,"","","",0,0,0,0,0,0,0,0,0,0,0,0,0,"hubec101","F","F","F","F",0,0,0,0,0,0,0,0,0,0,F,F,"1925PHI.EVN.regular.event.csv",2911
"PHI192507110","SLN",5,0,1,0,0,"",3,3,"bottj101","?","bottj101","?","mitcc102","?","mitcc102","?","henlb101","hawkc101","fonsl101","hubec101","sandh101","mokaj101","harpg101","burng101","","","","E5/P","F","F",3,4,18,"T","T",0,"F","F",0,"F","F",0,"F","F",5,"P","F","F","",1,5,"F",0,"N",0,"N",1,0,0,0,"","","","","F","F","F","F","F","F","F","F","F","","","","F","F","F","F","F","","","","",0,0,0,0,0,0,0,0,0,46,"PHI","SLN","PHI",0,"F","F",3,3,0,21,1,"T","F",0,1,"T","T","topos101","coonj103","T","T",0,0,0,0,0,0,0,0,0,"","","",0,0,0,0,0,0,0,0,0,0,0,0,0,"hubec101","F","F","F","T",0,0,0,0,0,0,0,0,0,0,F,F,"1925PHI.EVN.regular.event.csv",2912
"PHI192507110","SLN",5,0,1,0,0,"",3,3,"topos101","?","topos101","?","mitcc102","?","mitcc102","?","henlb101","hawkc101","fonsl101","hubec101","sandh101","mokaj101","harpg101","burng101","bottj101","","","36(1)3/GDP","F","F",6,5,2,"T","T",0,"F","F",2,"T","F",0,"F","F",3,"G","F","F","",0,0,"N",0,"N",0,"N",0,0,0,0,"63","36","","","F","F","F","F","F","F","F","F","F","mitcc102","","","F","F","F","F","F","","","","",0,6,3,0,3,6,0,0,0,47,"PHI","SLN","PHI",0,"F","T",3,3,0,22,2,"T","F",1,0,"T","T","coonj103","belll101","T","T",3,4,46,0,0,0,0,0,0,"henlb101","","",0,0,0,0,0,0,0,0,0,0,0,0,0,"hawkc101","T","F","F","F",0,0,0,0,0,0,0,0,0,0,F,F,"1925PHI.EVN.regular.event.csv",2913
"PHI192507110","SLN",5,1,0,0,0,"",3,3,"mokaj101","?","mokaj101","?","sherb101","?","sherb101","?","ofarb101","bottj101","coonj103","belll101","topos101","bladr102","shinr101","flacm101","","","","53","T","F",7,3,2,"T","T",0,"F","F",1,"F","F",0,"F","F",5,"G","F","F","",0,0,"N",0,"N",0,"N",0,0,0,0,"53","","","","F","F","F","F","F","F","F","F","F","","","","F","F","F","F","F","","","","",0,3,0,0,5,0,0,0,0,48,"PHI","PHI","SLN",1,"T","F",3,3,0,20,0,"T","F",0,0,"T","T","harpg101","henlb101","T","T",0,0,0,0,0,0,0,0,0,"","","",0,0,0,0,0,0,0,0,0,0,0,0,0,"belll101","F","F","F","F",0,0,0,0,0,0,0,0,0,0,F,F,"1925PHI.EVN.regular.event.csv",2914
"PHI192507110","SLN",5,1,1,0,0,"",3,3,"harpg101","?","harpg101","?","sherb101","?","sherb101","?","ofarb101","bottj101","coonj103","belll101","topos101","bladr102","shinr101","flacm101","","","","7/F","F","F",8,4,2,"T","T",0,"F","F",1,"F","F",0,"F","F",7,"F","F","F","",0,0,"N",0,"N",0,"N",0,0,0,0,"7","","","","F","F","F","F","F","F","F","F","F","","","","F","F","F","F","F","","","","",0,7,0,0,0,0,0,0,0,49,"PHI","PHI","SLN",1,"F","F",3,3,0,21,1,"T","F",0,0,"T","T","henlb101","fonsl101","T","T",0,0,0,0,0,0,0,0,0,"","","",0,0,0,0,0,0,0,0,0,0,0,0,0,"bladr102","F","F","F","F",0,0,0,0,0,0,0,0,0,0,F,F,"1925PHI.EVN.regular.event.csv",2915
"PHI192507110","SLN",5,1,2,0,0,"",3,3,"henlb101","?","henlb101","?","sherb101","?","sherb101","?","ofarb101","bottj101","coonj103","belll101","topos101","bladr102","shinr101","flacm101","","","","S7","F","F",2,5,20,"T","T",1,"F","F",0,"F","F",0,"F","F",7,"","F","F","",0,0,"N",0,"N",0,"N",1,0,0,0,"","","","","F","F","F","F","F","F","F","F","F","","","","F","F","F","F","F","","","","",0,0,0,0,0,0,0,0,0,50,"PHI","PHI","SLN",1,"F","F",3,3,0,22,2,"T","F",0,1,"T","T","fonsl101","hubec101","T","T",0,0,0,0,0,0,0,0,0,"","","",0,0,0,0,0,0,0,0,0,0,0,0,0,"bladr102","F","F","F","F",0,0,0,0,0,0,0,0,0,0,F,F,"1925PHI.EVN.regular.event.csv",2916
"PHI192507110","SLN",5,1,2,0,0,"",3,3,"fonsl101","?","fonsl101","?","sherb101","?","sherb101","?","ofarb101","bottj101","coonj103","belll101","topos101","bladr102","shinr101","flacm101","henlb101","","","5/L","F","F",4,6,2,"T","T",0,"F","F",1,"F","F",0,"F","F",5,"L","F","F","",0,0,"N",0,"N",0,"N",0,1,0,0,"5","","","","F","F","F","F","F","F","F","F","F","sherb101","","","F","F","F","F","F","","","","",0,5,0,0,0,0,0,0,0,51,"PHI","PHI","SLN",1,"F","T",3,3,0,23,3,"T","F",1,1,"T","T","hubec101","sandh101","T","T",2,5,50,0,0,0,0,0,0,"ofarb101","","",0,0,0,0,0,0,0,0,0,0,0,0,0,"belll101","F","F","F","F",0,0,0,0,0,0,0,0,0,0,F,F,"1925PHI.EVN.regular.event.csv",2917
"PHI192507110","SLN",6,0,0,0,0,"",3,3,"coonj103","?","coonj103","?","mitcc102","?","mitcc102","?","henlb101","hawkc101","fonsl101","hubec101","sandh101","mokaj101","harpg101","burng101","","","","K","T","F",4,6,3,"T","T",0,"F","F",1,"F","F",0,"F","F",0,"","F","F","",0,0,"N",0,"N",0,"N",0,0,0,0,"2","","","","F","F","F","F","F","F","F","F","F","","","","F","F","F","F","F","","","","",0,2,0,0,0,0,0,0,0,52,"PHI","SLN","PHI",0,"T","F",3,3,0,23,0,"T","F",0,0,"T","T","belll101","ofarb101","T","T",0,0,0,0,0,0,0,0,0,"","","",0,0,0,0,0,0,0,0,0,0,0,0,0,"","F","F","F","F",0,0,0,0,0,0,0,0,0,0,F,F,"1925PHI.EVN.regular.event.csv",2918
"PHI192507110","SLN",6,0,1,0,0,"",3,3,"belll101","?","belll101","?","mitcc102","?","mitcc102","?","henlb101","hawkc101","fonsl101","hubec101","sandh101","mokaj101","harpg101","burng101","","","","8/F","F","F",5,7,2,"T","T",0,"F","F",1,"F","F",0,"F","F",8,"F","F","F","",0,0,"N",0,"N",0,"N",0,0,0,0,"8","","","","F","F","F","F","F","F","F","F","F","","","","F","F","F","F","F","","","","",0,8,0,0,0,0,0,0,0,53,"PHI","SLN","PHI",0,"F","F",3,3,0,24,1,"T","F",0,0,"T","T","ofarb101","sherb101","T","T",0,0,0,0,0,0,0,0,0,"","","",0,0,0,0,0,0,0,0,0,0,0,0,0,"harpg101","F","F","F","F",0,0,0,0,0,0,0,0,0,0,F,F,"1925PHI.EVN.regular.event.csv",2919
"PHI192507110","SLN",6,0,2,0,0,"",3,3,"ofarb101","?","ofarb101","?","mitcc102","?","mitcc102","?","henlb101","hawkc101","fonsl101","hubec101","sandh101","mokaj101","harpg101","burng101","","","","K","F","F",2,8,3,"T","T",0,"F","F",1,"F","F",0,"F","F",0,"","F","F","",0,0,"N",0,"N",0,"N",0,0,0,0,"2","","","","F","F","F","F","F","F","F","F","F","","","","F","F","F","F","F","","","","",0,2,0,0,0,0,0,0,0,54,"PHI","SLN","PHI",0,"F","T",3,3,0,25,2,"T","F",0,0,"T","T","sherb101","bladr102","T","T",0,0,0,0,0,0,0,0,0,"","","",0,0,0,0,0,0,0,0,0,0,0,0,0,"","F","F","F","F",0,0,0,0,0,0,0,0,0,0,F,F,"1925PHI.EVN.regular.event.csv",2920
"PHI192507110","SLN",6,1,0,0,0,"",3,3,"hubec101","?","hubec101","?","sherb101","?","sherb101","?","ofarb101","bottj101","coonj103","belll101","topos101","bladr102","shinr101","flacm101","","","","7/F7DW","T","F",5,7,2,"T","T",0,"F","F",1,"F","F",0,"F","F",7,"F","F","F","7DW",0,0,"N",0,"N",0,"N",0,0,0,0,"7","","","","F","F","F","F","F","F","F","F","F","","","","F","F","F","F","F","","","","",0,7,0,0,0,0,0,0,0,55,"PHI","PHI","SLN",1,"T","F",3,3,0,24,0,"T","F",0,0,"T","T","sandh101","mitcc102","T","T",0,0,0,0,0,0,0,0,0,"","","",0,0,0,0,0,0,0,0,0,0,0,0,0,"bladr102","F","F","F","F",0,0,0,0,0,0,0,0,0,0,F,F,"1925PHI.EVN.regular.event.csv",2921
"PHI192507110","SLN",6,1,1,0,0,"",3,3,"sandh101","?","sandh101","?","sherb101","?","sherb101","?","ofarb101","bottj101","coonj103","belll101","topos101","bladr102","shinr101","flacm101","","","","63","F","F",6,8,2,"T","T",0,"F","F",1,"F","F",0,"F","F",6,"G","F","F","",0,0,"N",0,"N",0,"N",0,0,0,0,"63","","","","F","F","F","F","F","F","F","F","F","","","","F","F","F","F","F","","","","",0,3,0,0,6,0,0,0,0,56,"PHI","PHI","SLN",1,"F","F",3,3,0,25,1,"T","F",0,0,"T","T","mitcc102","burng101","T","T",0,0,0,0,0,0,0,0,0,"","","",0,0,0,0,0,0,0,0,0,0,0,0,0,"topos101","F","F","F","F",0,0,0,0,0,0,0,0,0,0,F,F,"1925PHI.EVN.regular.event.csv",2922
"PHI192507110","SLN",6,1,2,0,0,"",3,3,"mitcc102","?","mitcc102","?","sherb101","?","sherb101","?","ofarb101","bottj101","coonj103","belll101","topos101","bladr102","shinr101","flacm101","","","","43","F","F",1,9,2,"T","T",0,"F","F",1,"F","F",0,"F","F",4,"G","F","F","",0,0,"N",0,"N",0,"N",0,0,0,0,"43","","","","F","F","F","F","F","F","F","F","F","","","","F","F","F","F","F","","","","",0,3,0,0,4,0,0,0,0,57,"PHI","PHI","SLN",1,"F","T",3,3,0,26,2,"T","F",0,0,"T","T","burng101","hawkc101","T","T",0,0,0,0,0,0,0,0,0,"","","",0,0,0,0,0,0,0,0,0,0,0,0,0,"coonj103","F","F","F","F",0,0,0,0,0,0,0,0,0,0,F,F,"1925PHI.EVN.regular.event.csv",2923
"PHI192507110","SLN",7,0,0,0,0,"",3,3,"sherb101","?","sherb101","?","mitcc102","?","mitcc102","?","henlb101","hawkc101","fonsl101","hubec101","sandh101","mokaj101","harpg101","burng101","","","","8/L","T","F",1,9,2,"T","T",0,"F","F",1,"F","F",0,"F","F",8,"L","F","F","",0,0,"N",0,"N",0,"N",0,0,0,0,"8","","","","F","F","F","F","F","F","F","F","F","","","","F","F","F","F","F","","","","",0,8,0,0,0,0,0,0,0,58,"PHI","SLN","PHI",0,"T","F",3,3,0,26,0,"T","F",0,0,"T","T","bladr102","flacm101","T","T",0,0,0,0,0,0,0,0,0,"","","",0,0,0,0,0,0,0,0,0,0,0,0,0,"harpg101","F","F","F","F",0,0,0,0,0,0,0,0,0,0,F,F,"1925PHI.EVN.regular.event.csv",2924
"PHI192507110","SLN",7,0,1,0,0,"",3,3,"bladr102","?","bladr102","?","mitcc102","?","mitcc102","?","henlb101","hawkc101","fonsl101","hubec101","sandh101","mokaj101","harpg101","burng101","","","","D/78","F","F",7,1,21,"T","T",2,"F","F",0,"F","F",0,"F","F",0,"","F","F","78",0,0,"N",0,"N",0,"N",2,0,0,0,"","","","","F","F","F","F","F","F","F","F","F","","","","F","F","F","F","F","","","","",0,0,0,0,0,0,0,0,0,59,"PHI","SLN","PHI",0,"F","F",3,3,0,27,1,"T","F",0,2,"T","T","flacm101","shinr101","T","T",0,0,0,0,0,0,0,0,0,"","","",0,0,0,0,0,0,0,0,0,0,0,0,0,"","F","F","F","F",0,0,0,0,0,0,0,0,0,0,F,F,"1925PHI.EVN.regular.event.csv",2925
"PHI192507110","SLN",7,0,1,0,0,"",3,3,"flacm101","?","flacm101","?","mitcc102","?","mitcc102","?","henlb101","hawkc101","fonsl101","hubec101","sandh101","mokaj101","harpg101","burng101","","bladr102","","7/F","F","F",9,2,2,"T","T",0,"F","F",1,"F","F",0,"F","F",7,"F","F","F","",0,0,"N",0,"N",0,"N",0,0,2,0,"7","","","","F","F","F","F","F","F","F","F","F","","mitcc102","","F","F","F","F","F","","","","",0,7,0,0,0,0,0,0,0,60,"PHI","SLN","PHI",0,"F","F",3,3,0,28,2,"T","F",2,2,"T","T","shinr101","bottj101","T","T",0,0,0,7,1,59,0,0,0,"","henlb101","",0,0,0,0,0,0,0,0,0,0,0,0,0,"mokaj101","F","F","F","F",0,0,0,0,0,0,0,0,0,0,F,F,"1925PHI.EVN.regular.event.csv",2926
"PHI192507110","SLN",7,0,2,0,0,"",3,3,"shinr101","?","shinr101","?","mitcc102","?","mitcc102","?","henlb101","hawkc101","fonsl101","hubec101","sandh101","mokaj101","harpg101","burng101","","bladr102","","S5/G.2-3","F","F",8,3,20,"T","T",1,"F","F",0,"F","F",0,"F","F",5,"G","F","F","",0,0,"N",0,"N",0,"N",1,0,3,0,"","","","","F","F","F","F","F","F","F","F","F","","mitcc102","","F","F","F","F","F","","","","",0,0,0,0,0,0,0,0,0,61,"PHI","SLN","PHI",0,"F","F",3,3,0,29,3,"T","F",2,5,"T","T","bottj101","topos101","T","T",0,0,0,7,1,59,0,0,0,"","henlb101","",0,0,0,0,0,0,0,0,0,0,0,0,0,"hubec101","F","F","F","F",0,0,0,0,0,0,0,0,0,0,F,F,"1925PHI.EVN.regular.event.csv",2927
"PHI192507110","SLN",7,0,2,0,0,"",3,3,"bottj101","?","bottj101","?","mitcc102","?","mitcc102","?","henlb101","hawkc101","fonsl101","hubec101","sandh101","mokaj101","harpg101","burng101","shinr101","","bladr102","13","F","F",3,4,2,"T","T",0,"F","F",1,"F","F",0,"F","F",1,"G","F","F","",0,0,"N",0,"N",0,"N",0,1,0,3,"13","","","","F","F","F","F","F","F","F","F","F","mitcc102","","mitcc102","F","F","F","F","F","","","","",0,3,0,0,1,0,0,0,0,62,"PHI","SLN","PHI",0,"F","T",3,3,0,30,4,"T","F",5,5,"T","T","topos101","coonj103","T","T",8,3,61,0,0,0,7,1,59,"henlb101","","henlb101",0,0,0,0,0,0,0,0,0,0,0,0,0,"mitcc102","F","F","F","F",0,0,0,0,0,0,0,0,0,0,F,F,"1925PHI.EVN.regular.event.csv",2928
"PHI192507110","SLN",7,1,0,0,0,"",3,3,"burng101","?","burng101","?","sherb101","?","sherb101","?","ofarb101","bottj101","coonj103","belll101","topos101","bladr102","shinr101","flacm101","","","","7/F","T","F",9,1,2,"T","T",0,"F","F",1,"F","F",0,"F","F",7,"F","F","F","",0,0,"N",0,"N",0,"N",0,0,0,0,"7","","","","F","F","F","F","F","F","F","F","F","","","","F","F","F","F","F","","","","",0,7,0,0,0,0,0,0,0,63,"PHI","PHI","SLN",1,"T","F",3,3,0,27,0,"T","F",0,0,"T","T","hawkc101","mokaj101","T","T",0,0,0,0,0,0,0,0,0,"","","",0,0,0,0,0,0,0,0,0,0,0,0,0,"bladr102","F","F","F","F",0,0,0,0,0,0,0,0,0,0,F,F,"1925PHI.EVN.regular.event.csv",2929
"PHI192507110","SLN",7,1,1,0,0,"",3,3,"hawkc101","?","hawkc101","?","sherb101","?","sherb101","?","ofarb101","bottj101","coonj103","belll101","topos101","bladr102","shinr101","flacm101","","","","S1/G","F","F",3,2,20,"T","T",1,"F","F",0,"F","F",0,"F","F",1,"G","F","F","",0,0,"N",0,"N",0,"N",1,0,0,0,"","","","","F","F","F","F","F","F","F","F","F","","","","F","F","F","F","F","","","","",0,0,0,0,0,0,0,0,0,64,"PHI","PHI","SLN",1,"F","F",3,3,0,28,1,"T","F",0,1,"T","T","mokaj101","harpg101","T","T",0,0,0,0,0,0,0,0,0,"","","",0,0,0,0,0,0,0,0,0,0,0,0,0,"sherb101","F","F","F","F",0,0,0,0,0,0,0,0,0,0,F,F,"1925PHI.EVN.regular.event.csv",2930
"PHI192507110","SLN",7,1,1,0,0,"",3,3,"mokaj101","?","mokaj101","?","sherb101","?","sherb101","?","ofarb101","bottj101","coonj103","belll101","topos101","bladr102","shinr101","flacm101","hawkc101","","","16(1)3/GDP","F","F",7,3,2,"T","T",0,"F","F",2,"T","F",0,"F","F",1,"G","F","F","",0,0,"N",0,"N",0,"N",0,0,0,0,"63","16","","","F","F","F","F","F","F","F","F","F","sherb101","","","F","F","F","F","F","","","","",0,6,3,0,1,6,0,0,0,65,"PHI","PHI","SLN",1,"F","T",3,3,0,29,2,"T","F",1,0,"T","T","harpg101","henlb101","T","T",3,2,64,0,0,0,0,0,0,"ofarb101","","",0,0,0,0,0,0,0,0,0,0,0,0,0,"sherb101","T","F","F","F",0,0,0,0,0,0,0,0,0,0,F,F,"1925PHI.EVN.regular.event.csv",2931
"PHI192507110","SLN",8,0,0,0,0,"",3,3,"topos101","?","topos101","?","mitcc102","?","mitcc102","?","henlb101","hawkc101","fonsl101","hubec101","sandh101","mokaj101","harpg101","burng101","","","","9/F","T","F",6,5,2,"T","T",0,"F","F",1,"F","F",0,"F","F",9,"F","F","F","",0,0,"N",0,"N",0,"N",0,0,0,0,"9","","","","F","F","F","F","F","F","F","F","F","","","","F","F","F","F","F","","","","",0,9,0,0,0,0,0,0,0,66,"PHI","SLN","PHI",0,"T","F",3,3,0,31,0,"T","F",0,0,"T","T","coonj103","belll101","T","T",0,0,0,0,0,0,0,0,0,"","","",0,0,0,0,0,0,0,0,0,0,0,0,0,"burng101","F","F","F","F",0,0,0,0,0,0,0,0,0,0,F,F,"1925PHI.EVN.regular.event.csv",2932
"PHI192507110","SLN",8,0,1,0,0,"",3,3,"coonj103","?","coonj103","?","mitcc102","?","mitcc102","?","henlb101","hawkc101","fonsl101","hubec101","sandh101","mokaj101","harpg101","burng101","","","","S9","F","F",4,6,20,"T","T",1,"F","F",0,"F","F",0,"F","F",9,"","F","F","",0,0,"N",0,"N",0,"N",1,0,0,0,"","","","","F","F","F","F","F","F","F","F","F","","","","F","F","F","F","F","","","","",0,0,0,0,0,0,0,0,0,67,"PHI","SLN","PHI",0,"F","F",3,3,0,32,1,"T","F",0,1,"T","T","belll101","ofarb101","T","T",0,0,0,0,0,0,0,0,0,"","","",0,0,0,0,0,0,0,0,0,0,0,0,0,"burng101","F","F","F","F",0,0,0,0,0,0,0,0,0,0,F,F,"1925PHI.EVN.regular.event.csv",2933
"PHI192507110","SLN",8,0,1,0,0,"",3,3,"belll101","?","belll101","?","mitcc102","?","mitcc102","?","henlb101","hawkc101","fonsl101","hubec101","sandh101","mokaj101","harpg101","burng101","coonj103","","","7/F","F","F",5,7,2,"T","T",0,"F","F",1,"F","F",0,"F","F",7,"F","F","F","",0,0,"N",0,"N",0,"N",0,1,0,0,"7","","","","F","F","F","F","F","F","F","F","F","mitcc102","","","F","F","F","F","F","","","","",0,7,0,0,0,0,0,0,0,68,"PHI","SLN","PHI",0,"F","F",3,3,0,33,2,"T","F",1,1,"T","T","ofarb101","sherb101","T","T",4,6,67,0,0,0,0,0,0,"henlb101","","",0,0,0,0,0,0,0,0,0,0,0,0,0,"mokaj101","F","F","F","F",0,0,0,0,0,0,0,0,0,0,F,F,"1925PHI.EVN.regular.event.csv",2934
"PHI192507110","SLN",8,0,2,0,0,"",3,3,"ofarb101","?","ofarb101","?","mitcc102","?","mitcc102","?","henlb101","hawkc101","fonsl101","hubec101","sandh101","mokaj101","harpg101","burng101","coonj103","","","43","F","F",2,8,2,"T","T",0,"F","F",1,"F","F",0,"F","F",4,"G","F","F","",0,0,"N",0,"N",0,"N",0,1,0,0,"43","","","","F","F","F","F","F","F","F","F","F","mitcc102","","","F","F","F","F","F","","","","",0,3,0,0,4,0,0,0,0,69,"PHI","SLN","PHI",0,"F","T",3,3,0,34,3,"T","F",1,1,"T","T","sherb101","bladr102","T","T",4,6,67,0,0,0,0,0,0,"henlb101","","",0,0,0,0,0,0,0,0,0,0,0,0,0,"fonsl101","F","F","F","F",0,0,0,0,0,0,0,0,0,0,F,F,"1925PHI.EVN.regular.event.csv",2935
"PHI192507110","SLN",8,1,0,0,0,"",3,3,"harpg101","?","harpg101","?","sherb101","?","sherb101","?","ofarb101","bottj101","coonj103","belll101","topos101","bladr102","shinr101","flacm101","","","","S9/L3D","T","F",8,4,20,"T","T",1,"F","F",0,"F","F",0,"F","F",9,"L","F","F","3D",0,0,"N",0,"N",0,"N",1,0,0,0,"","","","","F","F","F","F","F","F","F","F","F","","","","F","F","F","F","F","","","","",0,0,0,0,0,0,0,0,0,70,"PHI","PHI","SLN",1,"T","F",3,3,0,30,0,"T","F",0,1,"T","T","henlb101","fonsl101","T","T",0,0,0,0,0,0,0,0,0,"","","",0,0,0,0,0,0,0,0,0,0,0,0,0,"flacm101","F","F","F","F",4,0,0,0,2,0,0,0,0,0,F,F,"1925PHI.EVN.regular.event.csv",2936
"PHI192507110","SLN",8,1,0,0,0,"",3,3,"henlb101","?","henlb101","?","sherb101","?","sherb101","?","ofarb101","bottj101","coonj103","belll101","topos101","bladr102","shinr101","flacm101","harpg101","","","13/SH.1-2","F","F",2,5,2,"T","F",0,"T","F",1,"F","F",0,"F","F",1,"G","T","F","",0,0,"N",0,"N",0,"N",0,2,0,0,"13","","","","F","F","F","F","F","F","F","F","F","sherb101","","","F","F","F","F","F","","","","",0,3,0,0,1,0,0,0,0,71,"PHI","PHI","SLN",1,"F","F",3,3,0,31,1,"T","F",1,2,"T","T","fonsl101","hubec101","T","T",8,4,70,0,0,0,0,0,0,"ofarb101","","",0,0,0,0,0,0,0,0,0,0,0,0,0,"sherb101","F","F","F","F",0,4,0,0,2,0,0,0,0,0,F,F,"1925PHI.EVN.regular.event.csv",2937
"PHI192507110","SLN",8,1,1,0,0,"",3,3,"fonsl101","?","fonsl101","?","sherb101","?","sherb101","?","ofarb101","bottj101","coonj103","belll101","topos101","bladr102","shinr101","flacm101","","harpg101","","S8/L.2-H;B-2(THH)","F","F",4,6,20,"T","T",1,"F","F",0,"F","F",1,"F","F",8,"L","F","F","",0,0,"N",0,"N",0,"N",2,0,4,0,"","","","","F","F","F","F","F","F","F","F","F","","sherb101","","F","F","F","F","F","","","","",0,0,0,0,0,0,0,0,0,72,"PHI","PHI","SLN",1,"F","F",3,3,0,32,2,"T","F",2,2,"T","T","hubec101","sandh101","T","T",0,0,0,8,4,70,0,0,0,"","ofarb101","",0,0,0,0,0,0,0,0,0,0,0,0,1,"shinr101","F","F","F","F",4,0,4,0,1,0,0,0,0,0,F,F,"1925PHI.EVN.regular.event.csv",2938
"PHI192507110","SLN",8,1,1,0,0,"",3,4,"hubec101","?","hubec101","?","sherb101","?","sherb101","?","ofarb101","bottj101","coonj103","belll101","topos101","bladr102","shinr101","flacm101","","fonsl101","","S9/9DW.2-H","F","F",5,7,20,"T","T",1,"F","F",0,"F","F",1,"F","F",9,"","F","F","9DW",0,0,"N",0,"N",0,"N",1,0,4,0,"","","","","F","F","F","F","F","F","F","F","F","","sherb101","","F","F","F","F","F","","","","",0,0,0,0,0,0,0,0,0,73,"PHI","PHI","SLN",1,"F","F",4,3,1,33,3,"T","F",2,1,"T","T","sandh101","mitcc102","T","T",0,0,0,4,6,72,0,0,0,"","ofarb101","",0,0,0,0,0,0,0,0,0,0,0,0,1,"flacm101","F","F","F","F",0,0,4,0,0,0,0,0,0,0,F,F,"1925PHI.EVN.regular.event.csv",2939
"PHI192507110","SLN",8,1,1,0,0,"",3,5,"sandh101","?","sandh101","?","sherb101","?","sherb101","?","ofarb101","bottj101","coonj103","belll101","topos101","bladr102","shinr101","flacm101","hubec101","","","3/LDP/L3L.1X1(3)","F","F",6,8,2,"T","T",0,"F","F",2,"T","F",0,"F","F",3,"L","F","F","3L",0,0,"N",0,"N",0,"N",0,0,0,0,"3","3","","","F","F","F","F","F","F","F","F","F","sherb101","","","F","F","F","F","F","","","","",0,3,3,0,0,0,0,0,0,74,"PHI","PHI","SLN",1,"F","T",5,3,2,34,4,"T","F",1,0,"T","T","mitcc102","burng101","T","T",5,7,73,0,0,0,0,0,0,"ofarb101","","",0,0,0,0,0,0,0,0,0,0,0,0,0,"bottj101","F","F","F","F",0,0,0,0,0,0,0,0,0,0,F,F,"1925PHI.EVN.regular.event.csv",2940
"PHI192507110","SLN",9,0,0,0,0,"",3,5,"schmw102","?","schmw102","?","mitcc102","?","mitcc102","?","henlb101","hawkc101","fonsl101","hubec101","sandh101","mokaj101","harpg101","burng101","","","","S8/G6M","T","T",11,9,20,"T","T",1,"F","F",0,"F","F",0,"F","F",8,"G","F","F","6M",0,0,"N",0,"N",0,"N",1,0,0,0,"","","","","F","F","F","F","F","F","F","F","F","","","","F","F","F","F","F","","","","sherb101",1,0,0,0,0,0,0,0,0,75,"PHI","SLN","PHI",0,"T","F",3,5,0,35,0,"T","F",0,1,"F","F","bladr102","flacm101","T","T",0,0,0,0,0,0,0,0,0,"","","",0,0,0,0,0,0,0,0,0,0,0,0,0,"harpg101","F","F","F","F",4,0,0,0,4,0,0,0,0,0,F,F,"1925PHI.EVN.regular.event.csv",2941
"PHI192507110","SLN",9,0,0,0,2,"KKX",3,5,"bladr102","?","bladr102","?","mitcc102","?","mitcc102","?","henlb101","hawkc101","fonsl101","hubec101","sandh101","mokaj101","harpg101","burng101","schmw102","","","D8/8XD.1-3","F","F",7,1,21,"T","T",2,"F","F",0,"F","F",0,"F","F",8,"","F","F","8XD",0,0,"N",0,"N",0,"N",2,3,0,0,"","","","","F","F","F","F","F","F","F","F","F","mitcc102","","","F","F","F","F","F","","","","",0,0,0,0,0,0,0,0,0,76,"PHI","SLN","PHI",0,"F","F",3,5,0,36,1,"T","F",1,6,"T","T","flacm101","shinr101","T","T",0,9,75,0,0,0,0,0,0,"henlb101","","",0,0,0,0,0,0,3,0,0,0,1,2,0,"harpg101","F","F","F","F",4,4,0,0,4,0,0,0,0,0,F,F,"1925PHI.EVN.regular.event.csv",2942
"PHI192507110","SLN",9,0,0,0,2,"KKX",3,5,"hornr101","?","hornr101","?","mitcc102","?","mitcc102","?","henlb101","hawkc101","fonsl101","hubec101","sandh101","mokaj101","harpg101","burng101","","bladr102","schmw102","8/F/SF.3-H;2-3","F","T",11,2,2,"T","F",0,"F","T",1,"F","F",1,"F","F",8,"F","F","F","",0,0,"N",0,"N",0,"N",0,0,3,4,"8","","","","F","F","F","F","F","F","F","F","F","","mitcc102","mitcc102","F","F","F","F","F","","","","flacm101",9,8,0,0,0,0,0,0,0,77,"PHI","SLN","PHI",0,"F","F",3,5,0,37,2,"T","F",6,4,"F","F","shinr101","bottj101","T","T",0,0,0,7,1,76,11,9,75,"","henlb101","henlb101",0,0,0,0,0,0,3,0,0,0,1,2,1,"harpg101","F","F","F","F",0,0,4,4,3,0,0,0,0,0,F,F,"1925PHI.EVN.regular.event.csv",2943
"PHI192507110","SLN",9,0,1,0,0,"X",4,5,"shinr101","?","shinr101","?","mitcc102","?","mitcc102","?","henlb101","hawkc101","fonsl101","hubec101","sandh101","mokaj101","harpg101","burng101","","","bladr102","S7/G56.3-H","F","F",8,3,20,"T","T",1,"F","F",0,"F","F",1,"F","F",7,"G","F","F","56",0,0,"N",0,"N",0,"N",1,0,0,4,"","","","","F","F","F","F","F","F","F","F","F","","","mitcc102","F","F","F","F","F","","","","",0,0,0,0,0,0,0,0,0,78,"PHI","SLN","PHI",0,"F","F",4,5,1,38,3,"T","F",4,1,"T","T","bottj101","topos101","T","T",0,0,0,0,0,0,7,1,76,"","","henlb101",0,0,0,0,0,0,1,0,0,0,1,0,1,"mokaj101","F","F","F","F",4,0,0,4,2,0,0,0,0,0,F,F,"1925PHI.EVN.regular.event.csv",2944
"PHI192507110","SLN",9,0,1,0,0,"X",5,5,"bottj101","?","bottj101","?","mitcc102","?","mitcc102","?","henlb101","hawkc101","fonsl101","hubec101","sandh101","mokaj101","harpg101","burng101","shinr101","","","HR/F9D.1-H","F","F",3,4,23,"T","T",4,"F","F",0,"F","F",2,"F","F",0,"F","F","F","9D",0,0,"N",0,"N",0,"N",4,4,0,0,"","","","","F","F","F","F","F","F","F","F","F","mitcc102","","","F","F","F","F","F","","","","",0,0,0,0,0,0,0,0,0,79,"PHI","SLN","PHI",0,"F","F",5,5,2,39,4,"T","F",1,0,"T","T","topos101","coonj103","T","T",8,3,78,0,0,0,0,0,0,"henlb101","","",0,0,0,0,0,0,1,0,0,0,1,0,2,"","F","F","F","F",4,4,0,0,0,0,0,0,0,0,F,F,"1925PHI.EVN.regular.event.csv",2945
"PHI192507110","SLN",9,0,1,0,0,"",7,5,"topos101","?","topos101","?","coucj101","?","coucj101","?","henlb101","hawkc101","fonsl101","hubec101","sandh101","mokaj101","harpg101","burng101","","","","43","F","F",6,5,2,"T","T",0,"F","F",1,"F","F",0,"F","F",4,"G","F","F","",0,0,"N",0,"N",0,"N",0,0,0,0,"43","","","","F","F","F","F","F","F","F","F","F","","","","F","F","F","F","F","","","","",0,3,0,0,4,0,0,0,0,80,"PHI","SLN","PHI",0,"F","F",7,5,4,40,5,"T","F",0,0,"T","T","coonj103","belll101","F","F",0,0,0,0,0,0,0,0,0,"","","",0,0,0,0,0,0,0,0,0,0,0,0,0,"fonsl101","F","F","F","F",0,0,0,0,0,0,0,0,0,0,F,F,"1925PHI.EVN.regular.event.csv",2946
"PHI192507110","SLN",9,0,2,0,0,"",7,5,"coonj103","?","coonj103","?","coucj101","?","coucj101","?","henlb101","hawkc101","fonsl101","hubec101","sandh101","mokaj101","harpg101","burng101","","","","43","F","F",4,6,2,"T","T",0,"F","F",1,"F","F",0,"F","F",4,"G","F","F","",0,0,"N",0,"N",0,"N",0,0,0,0,"43","","","","F","F","F","F","F","F","F","F","F","","","","F","F","F","F","F","","","","",0,3,0,0,4,0,0,0,0,81,"PHI","SLN","PHI",0,"F","T",7,5,4,41,6,"T","F",0,0,"T","T","belll101","ofarb101","F","F",0,0,0,0,0,0,0,0,0,"","","",0,0,0,0,0,0,0,0,0,0,0,0,0,"fonsl101","F","F","F","F",0,0,0,0,0,0,0,0,0,0,F,F,"1925PHI.EVN.regular.event.csv",2947
"PHI192507110","SLN",9,1,0,0,0,"",7,5,"willc103","?","willc103","?","dickl101","?","dickl101","?","ofarb101","bottj101","coonj103","belll101","topos101","bladr102","shinr101","smitj106","","","","43","T","T",11,9,2,"T","T",0,"F","F",1,"F","F",0,"F","F",4,"G","F","F","",0,0,"N",0,"N",0,"N",0,0,0,0,"43","","","","F","F","F","F","F","F","F","F","F","","","","F","F","F","F","F","","","","coucj101",1,3,0,0,4,0,0,0,0,82,"PHI","PHI","SLN",1,"T","F",5,7,0,35,0,"T","F",0,0,"F","F","burng101","hawkc101","F","F",0,0,0,0,0,0,0,0,0,"","","",0,0,0,0,0,0,0,0,0,0,0,0,0,"coonj103","F","F","F","F",0,0,0,0,1,0,0,0,0,0,F,F,"1925PHI.EVN.regular.event.csv",2948
"PHI192507110","SLN",9,1,1,0,0,"",7,5,"wrigr102","?","wrigr102","?","dickl101","?","dickl101","?","ofarb101","bottj101","coonj103","belll101","topos101","bladr102","shinr101","smitj106","","","","S8","F","T",11,1,20,"T","T",1,"F","F",0,"F","F",0,"F","F",8,"","F","F","",0,0,"N",0,"N",0,"N",1,0,0,0,"","","","","F","F","F","F","F","F","F","F","F","","","","F","F","F","F","F","","","","burng101",9,0,0,0,0,0,0,0,0,83,"PHI","PHI","SLN",1,"F","F",5,7,0,36,1,"T","F",0,1,"F","F","hawkc101","mokaj101","F","F",0,0,0,0,0,0,0,0,0,"","","",0,0,0,0,0,0,0,0,0,0,0,0,0,"shinr101","F","F","F","F",4,0,0,0,1,0,0,0,0,0,F,F,"1925PHI.EVN.regular.event.csv",2949
"PHI192507110","SLN",9,1,1,0,0,"",7,5,"hawkc101","?","hawkc101","?","dickl101","?","dickl101","?","ofarb101","bottj101","coonj103","belll101","topos101","bladr102","shinr101","smitj106","wrigr102","","","K/C","F","F",3,2,3,"T","T",0,"F","F",1,"F","F",0,"F","F",0,"","F","F","",0,0,"N",0,"N",0,"N",0,1,0,0,"2","","","","F","F","F","F","F","F","F","F","F","dickl101","","","F","F","F","F","F","","","","",0,2,0,0,0,0,0,0,0,84,"PHI","PHI","SLN",1,"F","F",5,7,0,37,2,"T","F",1,1,"T","T","mokaj101","harpg101","F","F",0,1,83,0,0,0,0,0,0,"ofarb101","","",0,0,0,0,0,0,0,0,0,0,0,0,0,"","F","F","F","F",0,4,0,0,1,0,0,0,0,0,F,F,"1925PHI.EVN.regular.event.csv",2950
"PHI192507110","SLN",9,1,2,3,2,"",7,5,"wilsj105","?","wilsj105","?","dickl101","?","dickl101","?","ofarb101","bottj101","coonj103","belll101","topos101","bladr102","shinr101","smitj106","wrigr102","","","W.1-2","F","T",11,3,14,"T","F",0,"F","F",0,"F","F",0,"F","F",0,"","F","F","",0,0,"N",0,"N",0,"N",1,2,0,0,"","","","","F","F","F","F","F","F","F","F","F","dickl101","","","F","F","F","F","F","","","","mokaj101",7,0,0,0,0,0,0,0,0,85,"PHI","PHI","SLN",1,"F","F",5,7,0,38,3,"T","F",1,3,"F","F","harpg101","henlb101","F","F",11,1,83,0,0,0,0,0,0,"ofarb101","","",0,0,0,0,0,0,0,0,0,0,0,0,0,"","F","F","F","F",2,4,0,0,1,0,0,0,0,0,F,F,"1925PHI.EVN.regular.event.csv",2951
"PHI192507110","SLN",9,1,2,0,0,"",7,5,"harpg101","?","harpg101","?","dickl101","?","dickl101","?","ofarb101","bottj101","coonj103","belll101","topos101","bladr102","shinr101","smitj106","wilsj105","wrigr102","","S7/F7S.2-H;1-2","F","F",8,4,20,"T","T",1,"F","F",0,"F","F",1,"F","F",7,"F","F","F","7S",0,0,"N",0,"N",0,"N",1,2,4,0,"","","","","F","F","F","F","F","F","F","F","F","dickl101","dickl101","","F","F","F","F","F","","","","",0,0,0,0,0,0,0,0,0,86,"PHI","PHI","SLN",1,"F","F",5,7,0,39,4,"T","F",3,3,"T","T","henlb101","fonsl101","F","F",0,3,85,0,1,83,0,0,0,"ofarb101","ofarb101","",0,0,0,0,0,0,0,0,0,0,0,0,1,"bladr102","F","F","F","F",1,2,4,0,0,0,0,0,0,0,F,F,"1925PHI.EVN.regular.event.csv",2952
"PHI192507110","SLN",9,1,2,0,0,"",7,6,"henlb101","?","henlb101","?","dickl101","?","dickl101","?","ofarb101","bottj101","coonj103","belll101","topos101","bladr102","shinr101","smitj106","harpg101","wilsj105","","23/G2R","F","F",2,5,2,"T","T",0,"F","F",1,"F","F",0,"F","F",2,"G","F","F","2R",0,0,"N",0,"N",0,"N",0,1,2,0,"23","","","","F","F","F","F","F","F","F","F","F","dickl101","dickl101","","F","T","F","F","F","","","","",0,3,0,0,2,0,0,0,0,87,"PHI","PHI","SLN",1,"F","T",6,7,1,40,5,"T","F",3,3,"T","T","fonsl101","hubec101","F","F",8,4,86,0,3,85,0,0,0,"ofarb101","ofarb101","",0,0,0,0,0,0,0,0,0,0,0,0,0,"ofarb101","F","F","F","F",0,1,2,0,0,0,0,0,0,0,F,F,"1925PHI.EVN.regular.event.csv",2953
"PHI192507130","SLN",1,0,0,0,0,"",0,0,"bladr102","?","bladr102","?","decaa101","?","decaa101","?","wilsj105","fonsl101","fribb101","hubec101","sandh101","mokaj101","harpg101","burng101","","","","S9","T","F",7,1,20,"T","T",1,"F","F",0,"F","F",0,"F","F",9,"","F","F","",0,0,"N",0,"N",0,"N",1,0,0,0,"","","","","F","F","F","F","F","F","F","F","F","","","","T","F","F","F","F","","","","",0,0,0,0,0,0,0,0,0,1,"PHI","SLN","PHI",0,"T","F",0,0,0,0,0,"T","F",0,1,"T","T","shinr101","hornr101","T","T",0,0,0,0,0,0,0,0,0,"","","",0,0,0,0,0,0,0,0,0,0,0,0,0,"burng101","F","F","F","F",0,0,0,0,0,0,0,0,0,0,F,F,"1925PHI.EVN.regular.event.csv",2954
"PHI192507130","SLN",1,0,0,0,0,"",0,0,"shinr101","?","shinr101","?","decaa101","?","decaa101","?","wilsj105","fonsl101","fribb101","hubec101","sandh101","mokaj101","harpg101","burng101","bladr102","","","8/F","F","F",8,2,2,"T","T",0,"F","F",1,"F","F",0,"F","F",8,"F","F","F","",0,0,"N",0,"N",0,"N",0,1,0,0,"8","","","","F","F","F","F","F","F","F","F","F","decaa101","","","F","F","F","F","F","","","","",0,8,0,0,0,0,0,0,0,2,"PHI","SLN","PHI",0,"F","F",0,0,0,1,1,"T","F",1,1,"T","T","hornr101","bottj101","T","T",7,1,1,0,0,0,0,0,0,"wilsj105","","",0,0,0,0,0,0,0,0,0,0,0,0,0,"harpg101","F","F","F","F",0,0,0,0,0,0,0,0,0,0,F,F,"1925PHI.EVN.regular.event.csv",2955
"PHI192507130","SLN",1,0,1,0,0,"",0,0,"hornr101","?","hornr101","?","decaa101","?","decaa101","?","wilsj105","fonsl101","fribb101","hubec101","sandh101","mokaj101","harpg101","burng101","bladr102","","","3/FL","F","F",4,3,2,"T","T",0,"F","F",1,"F","F",0,"F","F",3,"F","F","T","",0,0,"N",0,"N",0,"N",0,1,0,0,"3","","","","F","F","F","F","F","F","F","F","F","decaa101","","","F","F","F","F","F","","","","",0,3,0,0,0,0,0,0,0,3,"PHI","SLN","PHI",0,"F","F",0,0,0,2,2,"T","F",1,1,"T","T","bottj101","topos101","T","T",7,1,1,0,0,0,0,0,0,"wilsj105","","",0,0,0,0,0,0,0,0,0,0,0,0,0,"fonsl101","F","F","F","F",0,0,0,0,0,0,0,0,0,0,F,F,"1925PHI.EVN.regular.event.csv",2956
"PHI192507130","SLN",1,0,2,0,0,"",0,0,"bottj101","?","bottj101","?","decaa101","?","decaa101","?","wilsj105","fonsl101","fribb101","hubec101","sandh101","mokaj101","harpg101","burng101","bladr102","","","5/FL","F","F",3,4,2,"T","T",0,"F","F",1,"F","F",0,"F","F",5,"F","F","T","",0,0,"N",0,"N",0,"N",0,1,0,0,"5","","","","F","F","F","F","F","F","F","F","F","decaa101","","","F","F","F","F","F","","","","",0,5,0,0,0,0,0,0,0,4,"PHI","SLN","PHI",0,"F","T",0,0,0,3,3,"T","F",1,1,"T","T","topos101","flacm101","T","T",7,1,1,0,0,0,0,0,0,"wilsj105","","",0,0,0,0,0,0,0,0,0,0,0,0,0,"hubec101","F","F","F","F",0,0,0,0,0,0,0,0,0,0,F,F,"1925PHI.EVN.regular.event.csv",2957
"PHI192507130","SLN",1,1,0,0,0,"",0,0,"sandh101","?","sandh101","?","reina102","?","reina102","?","ofarb101","bottj101","hornr101","belll101","topos101","bladr102","shinr101","flacm101","","","","W","T","F",6,1,14,"T","F",0,"F","F",0,"F","F",0,"F","F",0,"","F","F","",0,0,"N",0,"N",0,"N",1,0,0,0,"","","","","F","F","F","F","F","F","F","F","F","","","","F","F","F","F","F","","","","",0,0,0,0,0,0,0,0,0,5,"PHI","PHI","SLN",1,"T","F",0,0,0,0,0,"T","F",0,1,"T","T","burng101","mokaj101","T","T",0,0,0,0,0,0,0,0,0,"","","",0,0,0,0,0,0,0,0,0,0,0,0,0,"","F","F","F","F",0,0,0,0,0,0,0,0,0,0,F,F,"1925PHI.EVN.regular.event.csv",2958
"PHI192507130","SLN",1,1,0,0,0,"",0,0,"burng101","?","burng101","?","reina102","?","reina102","?","ofarb101","bottj101","hornr101","belll101","topos101","bladr102","shinr101","flacm101","sandh101","","","3/LDP.1X1(3)","F","F",9,2,2,"T","T",0,"F","F",2,"T","F",0,"F","F",3,"L","F","F","",0,0,"N",0,"N",0,"N",0,0,0,0,"3","3","","","F","F","F","F","F","F","F","F","F","reina102","","","F","F","F","F","F","","","","",0,3,3,0,0,0,0,0,0,6,"PHI","PHI","SLN",1,"F","F",0,0,0,1,1,"T","F",1,0,"T","T","mokaj101","harpg101","T","T",6,1,5,0,0,0,0,0,0,"ofarb101","","",0,0,0,0,0,0,0,0,0,0,0,0,0,"bottj101","F","F","F","F",0,0,0,0,0,0,0,0,0,0,F,F,"1925PHI.EVN.regular.event.csv",2959
"PHI192507130","SLN",1,1,2,0,0,"",0,0,"mokaj101","?","mokaj101","?","reina102","?","reina102","?","ofarb101","bottj101","hornr101","belll101","topos101","bladr102","shinr101","flacm101","","","","43","F","F",7,3,2,"T","T",0,"F","F",1,"F","F",0,"F","F",4,"G","F","F","",0,0,"N",0,"N",0,"N",0,0,0,0,"43","","","","F","F","F","F","F","F","F","F","F","","","","F","F","F","F","F","","","","",0,3,0,0,4,0,0,0,0,7,"PHI","PHI","SLN",1,"F","T",0,0,0,2,2,"T","F",0,0,"T","T","harpg101","wilsj105","T","T",0,0,0,0,0,0,0,0,0,"","","",0,0,0,0,0,0,0,0,0,0,0,0,0,"hornr101","F","F","F","F",0,0,0,0,0,0,0,0,0,0,F,F,"1925PHI.EVN.regular.event.csv",2960
"PHI192507130","SLN",2,0,0,0,0,"",0,0,"topos101","?","topos101","?","decaa101","?","decaa101","?","wilsj105","fonsl101","fribb101","hubec101","sandh101","mokaj101","harpg101","burng101","","","","E7/F","T","F",6,5,18,"T","T",0,"F","F",0,"F","F",0,"F","F",7,"F","F","F","",1,7,"F",0,"N",0,"N",1,0,0,0,"","","","","F","F","F","F","F","F","F","F","F","","","","F","F","F","F","F","","","","",0,0,0,0,0,0,0,0,0,8,"PHI","SLN","PHI",0,"T","F",0,0,0,4,0,"T","F",0,1,"T","T","flacm101","belll101","T","T",0,0,0,0,0,0,0,0,0,"","","",0,0,0,0,0,0,0,0,0,0,0,0,0,"mokaj101","F","F","F","T",0,0,0,0,0,0,0,0,0,0,F,F,"1925PHI.EVN.regular.event.csv",2961
"PHI192507130","SLN",2,0,0,0,0,"",0,0,"flacm101","?","flacm101","?","decaa101","?","decaa101","?","wilsj105","fonsl101","fribb101","hubec101","sandh101","mokaj101","harpg101","burng101","topos101","","","3/G.1-2","F","F",9,6,2,"T","T",0,"F","F",1,"F","F",0,"F","F",3,"G","F","F","",0,0,"N",0,"N",0,"N",0,2,0,0,"3","","","","F","F","F","F","F","F","F","F","F","decaa101","","","F","F","F","F","F","","","","",0,3,0,0,0,0,0,0,0,9,"PHI","SLN","PHI",0,"F","F",0,0,0,5,1,"T","F",1,2,"T","T","belll101","ofarb101","T","T",6,5,8,0,0,0,0,0,0,"wilsj105","","",0,0,0,0,0,0,0,0,0,0,0,0,0,"fonsl101","F","F","F","F",0,0,0,0,0,0,0,0,0,0,F,F,"1925PHI.EVN.regular.event.csv",2962
"PHI192507130","SLN",2,0,1,0,0,"",0,0,"belll101","?","belll101","?","decaa101","?","decaa101","?","wilsj105","fonsl101","fribb101","hubec101","sandh101","mokaj101","harpg101","burng101","","topos101","","53","F","F",5,7,2,"T","T",0,"F","F",1,"F","F",0,"F","F",5,"G","F","F","",0,0,"N",0,"N",0,"N",0,0,2,0,"53","","","","F","F","F","F","F","F","F","F","F","","decaa101","","F","F","F","F","F","","","","",0,3,0,0,5,0,0,0,0,10,"PHI","SLN","PHI",0,"F","F",0,0,0,6,2,"T","F",2,2,"T","T","ofarb101","reina102","T","T",0,0,0,6,5,8,0,0,0,"","wilsj105","",0,0,0,0,0,0,0,0,0,0,0,0,0,"hubec101","F","F","F","F",0,0,0,0,0,0,0,0,0,0,F,F,"1925PHI.EVN.regular.event.csv",2963
"PHI192507130","SLN",2,0,2,0,0,"",0,0,"ofarb101","?","ofarb101","?","decaa101","?","decaa101","?","wilsj105","fonsl101","fribb101","hubec101","sandh101","mokaj101","harpg101","burng101","","topos101","","6/P","F","F",2,8,2,"T","T",0,"F","F",1,"F","F",0,"F","F",6,"P","F","F","",0,0,"N",0,"N",0,"N",0,0,2,0,"6","","","","F","F","F","F","F","F","F","F","F","","decaa101","","F","F","F","F","F","","","","",0,6,0,0,0,0,0,0,0,11,"PHI","SLN","PHI",0,"F","T",0,0,0,7,3,"T","F",2,2,"T","T","reina102","bladr102","T","T",0,0,0,6,5,8,0,0,0,"","wilsj105","",0,0,0,0,0,0,0,0,0,0,0,0,0,"sandh101","F","F","F","F",0,0,0,0,0,0,0,0,0,0,F,F,"1925PHI.EVN.regular.event.csv",2964
"PHI192507130","SLN",2,1,0,0,0,"",0,0,"harpg101","?","harpg101","?","reina102","?","reina102","?","ofarb101","bottj101","hornr101","belll101","topos101","bladr102","shinr101","flacm101","","","","3/G","T","F",8,4,2,"T","T",0,"F","F",1,"F","F",0,"F","F",3,"G","F","F","",0,0,"N",0,"N",0,"N",0,0,0,0,"3","","","","F","F","F","F","F","F","F","F","F","","","","F","F","F","F","F","","","","",0,3,0,0,0,0,0,0,0,12,"PHI","PHI","SLN",1,"T","F",0,0,0,3,0,"T","F",0,0,"T","T","wilsj105","fonsl101","T","T",0,0,0,0,0,0,0,0,0,"","","",0,0,0,0,0,0,0,0,0,0,0,0,0,"bottj101","F","F","F","F",0,0,0,0,0,0,0,0,0,0,F,F,"1925PHI.EVN.regular.event.csv",2965
"PHI192507130","SLN",2,1,1,0,0,"",0,0,"wilsj105","?","wilsj105","?","reina102","?","reina102","?","ofarb101","bottj101","hornr101","belll101","topos101","bladr102","shinr101","flacm101","","","","S9","F","F",2,5,20,"T","T",1,"F","F",0,"F","F",0,"F","F",9,"","F","F","",0,0,"N",0,"N",0,"N",1,0,0,0,"","","","","F","F","F","F","F","F","F","F","F","","","","F","F","F","F","F","","","","",0,0,0,0,0,0,0,0,0,13,"PHI","PHI","SLN",1,"F","F",0,0,0,4,1,"T","F",0,1,"T","T","fonsl101","hubec101","T","T",0,0,0,0,0,0,0,0,0,"","","",0,0,0,0,0,0,0,0,0,0,0,0,0,"flacm101","F","F","F","F",0,0,0,0,0,0,0,0,0,0,F,F,"1925PHI.EVN.regular.event.csv",2966
"PHI192507130","SLN",2,1,1,0,0,"",0,0,"fonsl101","?","fonsl101","?","reina102","?","reina102","?","ofarb101","bottj101","hornr101","belll101","topos101","bladr102","shinr101","flacm101","wilsj105","","","9/F","F","F",3,6,2,"T","T",0,"F","F",1,"F","F",0,"F","F",9,"F","F","F","",0,0,"N",0,"N",0,"N",0,1,0,0,"9","","","","F","F","F","F","F","F","F","F","F","reina102","","","F","F","F","F","F","","","","",0,9,0,0,0,0,0,0,0,14,"PHI","PHI","SLN",1,"F","F",0,0,0,5,2,"T","F",1,1,"T","T","hubec101","fribb101","T","T",2,5,13,0,0,0,0,0,0,"ofarb101","","",0,0,0,0,0,0,0,0,0,0,0,0,0,"flacm101","F","F","F","F",0,0,0,0,0,0,0,0,0,0,F,F,"1925PHI.EVN.regular.event.csv",2967
"PHI192507130","SLN",2,1,2,0,0,"",0,0,"hubec101","?","hubec101","?","reina102","?","reina102","?","ofarb101","bottj101","hornr101","belll101","topos101","bladr102","shinr101","flacm101","wilsj105","","","64(1)/FO","F","F",5,7,2,"T","T",0,"F","F",1,"F","F",0,"F","F",6,"G","F","F","",0,0,"N",0,"N",0,"N",1,0,0,0,"","64","","","F","F","F","F","F","F","F","F","F","reina102","","","F","F","F","F","F","","","","",0,4,0,0,6,0,0,0,0,15,"PHI","PHI","SLN",1,"F","T",0,0,0,6,3,"T","F",1,1,"T","T","fribb101","decaa101","T","T",2,5,13,0,0,0,0,0,0,"ofarb101","","",0,0,0,0,0,0,0,0,0,0,0,0,0,"topos101","T","F","F","F",0,0,0,0,0,0,0,0,0,0,F,F,"1925PHI.EVN.regular.event.csv",2968
"PHI192507130","SLN",3,0,0,0,0,"",0,0,"reina102","?","reina102","?","decaa101","?","decaa101","?","wilsj105","fonsl101","fribb101","hubec101","sandh101","mokaj101","harpg101","burng101","","","","D/F78S-","T","F",1,9,21,"T","T",2,"F","F",0,"F","F",0,"F","F",0,"F","F","F","78S",0,0,"N",0,"N",0,"N",2,0,0,0,"","","","","F","F","F","F","F","F","F","F","F","","","","F","F","F","F","F","","","","",0,0,0,0,0,0,0,0,0,16,"PHI","SLN","PHI",0,"T","F",0,0,0,8,0,"T","F",0,2,"T","T","bladr102","shinr101","T","T",0,0,0,0,0,0,0,0,0,"","","",0,0,0,0,0,0,0,0,0,0,0,0,0,"","F","F","F","F",0,0,0,0,0,0,0,0,0,0,F,F,"1925PHI.EVN.regular.event.csv",2969
"PHI192507130","SLN",3,0,0,0,0,"",0,0,"bladr102","?","bladr102","?","decaa101","?","decaa101","?","wilsj105","fonsl101","fribb101","hubec101","sandh101","mokaj101","harpg101","burng101","","reina102","","8/L","F","F",7,1,2,"T","T",0,"F","F",1,"F","F",0,"F","F",8,"L","F","F","",0,0,"N",0,"N",0,"N",0,0,2,0,"8","","","","F","F","F","F","F","F","F","F","F","","decaa101","","F","F","F","F","F","","","","",0,8,0,0,0,0,0,0,0,17,"PHI","SLN","PHI",0,"F","F",0,0,0,9,1,"T","F",2,2,"T","T","shinr101","hornr101","T","T",0,0,0,1,9,16,0,0,0,"","wilsj105","",0,0,0,0,0,0,0,0,0,0,0,0,0,"harpg101","F","F","F","F",0,0,0,0,0,0,0,0,0,0,F,F,"1925PHI.EVN.regular.event.csv",2970
"PHI192507130","SLN",3,0,1,0,0,"",0,0,"shinr101","?","shinr101","?","decaa101","?","decaa101","?","wilsj105","fonsl101","fribb101","hubec101","sandh101","mokaj101","harpg101","burng101","","reina102","","3/FL","F","F",8,2,2,"T","T",0,"F","F",1,"F","F",0,"F","F",3,"F","F","T","",0,0,"N",0,"N",0,"N",0,0,2,0,"3","","","","F","F","F","F","F","F","F","F","F","","decaa101","","F","F","F","F","F","","","","",0,3,0,0,0,0,0,0,0,18,"PHI","SLN","PHI",0,"F","F",0,0,0,10,2,"T","F",2,2,"T","T","hornr101","bottj101","T","T",0,0,0,1,9,16,0,0,0,"","wilsj105","",0,0,0,0,0,0,0,0,0,0,0,0,0,"fonsl101","F","F","F","F",0,0,0,0,0,0,0,0,0,0,F,F,"1925PHI.EVN.regular.event.csv",2971
"PHI192507130","SLN",3,0,2,0,0,"",0,0,"hornr101","?","hornr101","?","decaa101","?","decaa101","?","wilsj105","fonsl101","fribb101","hubec101","sandh101","mokaj101","harpg101","burng101","","reina102","","13","F","F",4,3,2,"T","T",0,"F","F",1,"F","F",0,"F","F",1,"G","F","F","",0,0,"N",0,"N",0,"N",0,0,2,0,"13","","","","F","F","F","F","F","F","F","F","F","","decaa101","","F","F","F","F","F","","","","",0,3,0,0,1,0,0,0,0,19,"PHI","SLN","PHI",0,"F","T",0,0,0,11,3,"T","F",2,2,"T","T","bottj101","topos101","T","T",0,0,0,1,9,16,0,0,0,"","wilsj105","",0,0,0,0,0,0,0,0,0,0,0,0,0,"decaa101","F","F","F","F",0,0,0,0,0,0,0,0,0,0,F,F,"1925PHI.EVN.regular.event.csv",2972
"PHI192507130","SLN",3,1,0,0,0,"",0,0,"fribb101","?","fribb101","?","reina102","?","reina102","?","ofarb101","bottj101","hornr101","belll101","topos101","bladr102","shinr101","flacm101","","","","S8/8S","T","F",4,8,20,"T","T",1,"F","F",0,"F","F",0,"F","F",8,"","F","F","8S",0,0,"N",0,"N",0,"N",1,0,0,0,"","","","","F","F","F","F","F","F","F","F","F","","","","F","F","F","F","F","","","","",0,0,0,0,0,0,0,0,0,20,"PHI","PHI","SLN",1,"T","F",0,0,0,7,0,"T","F",0,1,"T","T","decaa101","sandh101","T","T",0,0,0,0,0,0,0,0,0,"","","",0,0,0,0,0,0,0,0,0,0,0,0,0,"shinr101","F","F","F","F",4,0,0,0,1,0,0,0,0,0,F,F,"1925PHI.EVN.regular.event.csv",2973
"PHI192507130","SLN",3,1,0,0,0,"",0,0,"decaa101","?","decaa101","?","reina102","?","reina102","?","ofarb101","bottj101","hornr101","belll101","topos101","bladr102","shinr101","flacm101","fribb101","","","13/SH.1-2","F","F",1,9,2,"T","F",0,"T","F",1,"F","F",0,"F","F",1,"G","T","F","",0,0,"N",0,"N",0,"N",0,2,0,0,"13","","","","F","F","F","F","F","F","F","F","F","reina102","","","F","F","F","F","F","","","","",0,3,0,0,1,0,0,0,0,21,"PHI","PHI","SLN",1,"F","F",0,0,0,8,1,"T","F",1,2,"T","T","sandh101","burng101","T","T",4,8,20,0,0,0,0,0,0,"ofarb101","","",0,0,0,0,0,0,0,0,0,0,0,0,0,"reina102","F","F","F","F",0,4,0,0,1,0,0,0,0,0,F,F,"1925PHI.EVN.regular.event.csv",2974
"PHI192507130","SLN",3,1,1,0,0,"",0,0,"sandh101","?","sandh101","?","reina102","?","reina102","?","ofarb101","bottj101","hornr101","belll101","topos101","bladr102","shinr101","flacm101","","fribb101","","S7.2-H","F","F",6,1,20,"T","T",1,"F","F",0,"F","F",1,"F","F",7,"","F","F","",0,0,"N",0,"N",0,"N",1,0,4,0,"","","","","F","F","F","F","F","F","F","F","F","","reina102","","F","F","F","F","F","","","","",0,0,0,0,0,0,0,0,0,22,"PHI","PHI","SLN",1,"F","F",0,0,0,9,2,"T","F",2,1,"T","T","burng101","mokaj101","T","T",0,0,0,4,8,20,0,0,0,"","ofarb101","",0,0,0,0,0,0,0,0,0,0,0,0,1,"bladr102","F","F","F","F",0,0,4,0,0,0,0,0,0,0,F,F,"1925PHI.EVN.regular.event.csv",2975
"PHI192507130","SLN",3,1,1,0,0,"",0,1,"burng101","?","burng101","?","reina102","?","reina102","?","ofarb101","bottj101","hornr101","belll101","topos101","bladr102","shinr101","flacm101","sandh101","","","CS2(26)","F","F",9,2,6,"F","F",0,"F","F",1,"F","F",0,"F","F",0,"","F","F","",0,0,"N",0,"N",0,"N",0,0,0,0,"","26","","","F","F","F","T","F","F","F","F","F","reina102","","","F","F","F","F","F","","","","",0,6,0,0,2,0,0,0,0,23,"PHI","PHI","SLN",1,"F","F",1,0,1,10,3,"T","F",1,0,"T","T","mokaj101","harpg101","T","T",6,1,22,0,0,0,0,0,0,"ofarb101","","",0,0,0,0,0,0,0,0,0,0,0,0,0,"","F","F","F","F",0,0,0,0,0,0,0,0,0,0,F,F,"1925PHI.EVN.regular.event.csv",2976
"PHI192507130","SLN",3,1,2,0,0,"",0,1,"burng101","?","burng101","?","reina102","?","reina102","?","ofarb101","bottj101","hornr101","belll101","topos101","bladr102","shinr101","flacm101","","","","D7","F","F",9,2,21,"T","T",2,"F","F",0,"F","F",0,"F","F",7,"","F","F","",0,0,"N",0,"N",0,"N",2,0,0,0,"","","","","F","F","F","F","F","F","F","F","F","","","","F","F","F","F","F","","","","",0,0,0,0,0,0,0,0,0,24,"PHI","PHI","SLN",1,"F","F",1,0,1,10,3,"F","F",0,2,"T","T","mokaj101","harpg101","T","T",0,0,0,0,0,0,0,0,0,"","","",0,0,0,0,0,0,0,0,0,0,0,0,0,"bladr102","F","F","F","F",0,0,0,0,0,0,0,0,0,0,F,F,"1925PHI.EVN.regular.event.csv",2977
"PHI192507130","SLN",3,1,2,0,0,"",0,1,"mokaj101","?","mokaj101","?","reina102","?","reina102","?","ofarb101","bottj101","hornr101","belll101","topos101","bladr102","shinr101","flacm101","","burng101","","53","F","F",7,3,2,"T","T",0,"F","F",1,"F","F",0,"F","F",5,"G","F","F","",0,0,"N",0,"N",0,"N",0,0,2,0,"53","","","","F","F","F","F","F","F","F","F","F","","reina102","","F","F","F","F","F","","","","",0,3,0,0,5,0,0,0,0,25,"PHI","PHI","SLN",1,"F","T",1,0,1,11,4,"T","F",2,2,"T","T","harpg101","wilsj105","T","T",0,0,0,9,2,24,0,0,0,"","ofarb101","",0,0,0,0,0,0,0,0,0,0,0,0,0,"belll101","F","F","F","F",0,0,0,0,0,0,0,0,0,0,F,F,"1925PHI.EVN.regular.event.csv",2978
"PHI192507130","SLN",4,0,0,0,0,"",0,1,"bottj101","?","bottj101","?","decaa101","?","decaa101","?","wilsj105","fonsl101","fribb101","hubec101","sandh101","mokaj101","harpg101","burng101","","","","43","T","F",3,4,2,"T","T",0,"F","F",1,"F","F",0,"F","F",4,"G","F","F","",0,0,"N",0,"N",0,"N",0,0,0,0,"43","","","","F","F","F","F","F","F","F","F","F","","","","F","F","F","F","F","","","","",0,3,0,0,4,0,0,0,0,26,"PHI","SLN","PHI",0,"T","F",0,1,0,12,0,"T","F",0,0,"T","T","topos101","flacm101","T","T",0,0,0,0,0,0,0,0,0,"","","",0,0,0,0,0,0,0,0,0,0,0,0,0,"fribb101","F","F","F","F",0,0,0,0,0,0,0,0,0,0,F,F,"1925PHI.EVN.regular.event.csv",2979
"PHI192507130","SLN",4,0,1,0,0,"",0,1,"topos101","?","topos101","?","decaa101","?","decaa101","?","wilsj105","fonsl101","fribb101","hubec101","sandh101","mokaj101","harpg101","burng101","","","","8/F8XD","F","F",6,5,2,"T","T",0,"F","F",1,"F","F",0,"F","F",8,"F","F","F","8XD",0,0,"N",0,"N",0,"N",0,0,0,0,"8","","","","F","F","F","F","F","F","F","F","F","","","","F","F","F","F","F","","","","",0,8,0,0,0,0,0,0,0,27,"PHI","SLN","PHI",0,"F","F",0,1,0,13,1,"T","F",0,0,"T","T","flacm101","belll101","T","T",0,0,0,0,0,0,0,0,0,"","","",0,0,0,0,0,0,0,0,0,0,0,0,0,"harpg101","F","F","F","F",0,0,0,0,0,0,0,0,0,0,F,F,"1925PHI.EVN.regular.event.csv",2980
"PHI192507130","SLN",4,0,2,0,0,"",0,1,"flacm101","?","flacm101","?","decaa101","?","decaa101","?","wilsj105","fonsl101","fribb101","hubec101","sandh101","mokaj101","harpg101","burng101","","","","7/F","F","F",9,6,2,"T","T",0,"F","F",1,"F","F",0,"F","F",7,"F","F","F","",0,0,"N",0,"N",0,"N",0,0,0,0,"7","","","","F","F","F","F","F","F","F","F","F","","","","F","F","F","F","F","","","","",0,7,0,0,0,0,0,0,0,28,"PHI","SLN","PHI",0,"F","T",0,1,0,14,2,"T","F",0,0,"T","T","belll101","ofarb101","T","T",0,0,0,0,0,0,0,0,0,"","","",0,0,0,0,0,0,0,0,0,0,0,0,0,"mokaj101","F","F","F","F",0,0,0,0,0,0,0,0,0,0,F,F,"1925PHI.EVN.regular.event.csv",2981
"PHI192507130","SLN",4,1,0,0,0,"",0,1,"harpg101","?","harpg101","?","reina102","?","reina102","?","ofarb101","bottj101","hornr101","belll101","topos101","bladr102","shinr101","flacm101","","","","4/L","T","F",8,4,2,"T","T",0,"F","F",1,"F","F",0,"F","F",4,"L","F","F","",0,0,"N",0,"N",0,"N",0,0,0,0,"4","","","","F","F","F","F","F","F","F","F","F","","","","F","F","F","F","F","","","","",0,4,0,0,0,0,0,0,0,29,"PHI","PHI","SLN",1,"T","F",1,0,0,12,0,"T","F",0,0,"T","T","wilsj105","fonsl101","T","T",0,0,0,0,0,0,0,0,0,"","","",0,0,0,0,0,0,0,0,0,0,0,0,0,"hornr101","F","F","F","F",0,0,0,0,0,0,0,0,0,0,F,F,"1925PHI.EVN.regular.event.csv",2982
"PHI192507130","SLN",4,1,1,0,0,"",0,1,"wilsj105","?","wilsj105","?","reina102","?","reina102","?","ofarb101","bottj101","hornr101","belll101","topos101","bladr102","shinr101","flacm101","","","","9/F","F","F",2,5,2,"T","T",0,"F","F",1,"F","F",0,"F","F",9,"F","F","F","",0,0,"N",0,"N",0,"N",0,0,0,0,"9","","","","F","F","F","F","F","F","F","F","F","","","","F","F","F","F","F","","","","",0,9,0,0,0,0,0,0,0,30,"PHI","PHI","SLN",1,"F","F",1,0,0,13,1,"T","F",0,0,"T","T","fonsl101","hubec101","T","T",0,0,0,0,0,0,0,0,0,"","","",0,0,0,0,0,0,0,0,0,0,0,0,0,"flacm101","F","F","F","F",0,0,0,0,0,0,0,0,0,0,F,F,"1925PHI.EVN.regular.event.csv",2983
"PHI192507130","SLN",4,1,2,0,0,"",0,1,"fonsl101","?","fonsl101","?","reina102","?","reina102","?","ofarb101","bottj101","hornr101","belll101","topos101","bladr102","shinr101","flacm101","","","","D/89","F","F",3,6,21,"T","T",2,"F","F",0,"F","F",0,"F","F",0,"","F","F","89",0,0,"N",0,"N",0,"N",2,0,0,0,"","","","","F","F","F","F","F","F","F","F","F","","","","F","F","F","F","F","","","","",0,0,0,0,0,0,0,0,0,31,"PHI","PHI","SLN",1,"F","F",1,0,0,14,2,"T","F",0,2,"T","T","hubec101","fribb101","T","T",0,0,0,0,0,0,0,0,0,"","","",0,0,0,0,0,0,0,0,0,0,0,0,0,"","F","F","F","F",0,0,0,0,0,0,0,0,0,0,F,F,"1925PHI.EVN.regular.event.csv",2984
"PHI192507130","SLN",4,1,2,0,0,"",0,1,"hubec101","?","hubec101","?","reina102","?","reina102","?","ofarb101","bottj101","hornr101","belll101","topos101","bladr102","shinr101","flacm101","","fonsl101","","6/L","F","F",5,7,2,"T","T",0,"F","F",1,"F","F",0,"F","F",6,"L","F","F","",0,0,"N",0,"N",0,"N",0,0,2,0,"6","","","","F","F","F","F","F","F","F","F","F","","reina102","","F","F","F","F","F","","","","",0,6,0,0,0,0,0,0,0,32,"PHI","PHI","SLN",1,"F","T",1,0,0,15,3,"T","F",2,2,"T","T","fribb101","decaa101","T","T",0,0,0,3,6,31,0,0,0,"","ofarb101","",0,0,0,0,0,0,0,0,0,0,0,0,0,"topos101","F","F","F","F",0,0,0,0,0,0,0,0,0,0,F,F,"1925PHI.EVN.regular.event.csv",2985
"PHI192507130","SLN",5,0,0,0,0,"",0,1,"belll101","?","belll101","?","decaa101","?","decaa101","?","wilsj105","fonsl101","fribb101","hubec101","sandh101","mokaj101","harpg101","burng101","","","","S1/G","T","F",5,7,20,"T","T",1,"F","F",0,"F","F",0,"F","F",1,"G","F","F","",0,0,"N",0,"N",0,"N",1,0,0,0,"","","","","F","F","F","F","F","F","F","F","F","","","","F","F","F","F","F","","","","",0,0,0,0,0,0,0,0,0,33,"PHI","SLN","PHI",0,"T","F",0,1,0,15,0,"T","F",0,1,"T","T","ofarb101","reina102","T","T",0,0,0,0,0,0,0,0,0,"","","",0,0,0,0,0,0,0,0,0,0,0,0,0,"decaa101","F","F","F","F",0,0,0,0,0,0,0,0,0,0,F,F,"1925PHI.EVN.regular.event.csv",2986
"PHI192507130","SLN",5,0,0,0,0,"",0,1,"ofarb101","?","ofarb101","?","decaa101","?","decaa101","?","wilsj105","fonsl101","fribb101","hubec101","sandh101","mokaj101","harpg101","burng101","belll101","","","6/P","F","F",2,8,2,"T","T",0,"F","F",1,"F","F",0,"F","F",6,"P","F","F","",0,0,"N",0,"N",0,"N",0,1,0,0,"6","","","","F","F","F","F","F","F","F","F","F","decaa101","","","F","F","F","F","F","","","","",0,6,0,0,0,0,0,0,0,34,"PHI","SLN","PHI",0,"F","F",0,1,0,16,1,"T","F",1,1,"T","T","reina102","bladr102","T","T",5,7,33,0,0,0,0,0,0,"wilsj105","","",0,0,0,0,0,0,0,0,0,0,0,0,0,"sandh101","F","F","F","F",0,0,0,0,0,0,0,0,0,0,F,F,"1925PHI.EVN.regular.event.csv",2987
"PHI192507130","SLN",5,0,1,0,0,"",0,1,"reina102","?","reina102","?","decaa101","?","decaa101","?","wilsj105","fonsl101","fribb101","hubec101","sandh101","mokaj101","harpg101","burng101","belll101","","","S8.1-2","F","F",1,9,20,"T","T",1,"F","F",0,"F","F",0,"F","F",8,"","F","F","",0,0,"N",0,"N",0,"N",1,2,0,0,"","","","","F","F","F","F","F","F","F","F","F","decaa101","","","F","F","F","F","F","","","","",0,0,0,0,0,0,0,0,0,35,"PHI","SLN","PHI",0,"F","F",0,1,0,17,2,"T","F",1,3,"T","T","bladr102","shinr101","T","T",5,7,33,0,0,0,0,0,0,"wilsj105","","",0,0,0,0,0,0,0,0,0,0,0,0,0,"harpg101","F","F","F","F",0,0,0,0,0,0,0,0,0,0,F,F,"1925PHI.EVN.regular.event.csv",2988
"PHI192507130","SLN",5,0,1,0,0,"",0,1,"bladr102","?","bladr102","?","decaa101","?","decaa101","?","wilsj105","fonsl101","fribb101","hubec101","sandh101","mokaj101","harpg101","burng101","reina102","belll101","","8/F","F","F",7,1,2,"T","T",0,"F","F",1,"F","F",0,"F","F",8,"F","F","F","",0,0,"N",0,"N",0,"N",0,1,2,0,"8","","","","F","F","F","F","F","F","F","F","F","decaa101","decaa101","","F","F","F","F","F","","","","",0,8,0,0,0,0,0,0,0,36,"PHI","SLN","PHI",0,"F","F",0,1,0,18,3,"T","F",3,3,"T","T","shinr101","hornr101","T","T",1,9,35,5,7,33,0,0,0,"wilsj105","wilsj105","",0,0,0,0,0,0,0,0,0,0,0,0,0,"harpg101","F","F","F","F",0,0,0,0,0,0,0,0,0,0,F,F,"1925PHI.EVN.regular.event.csv",2989
"PHI192507130","SLN",5,0,2,0,0,"",0,1,"shinr101","?","shinr101","?","decaa101","?","decaa101","?","wilsj105","fonsl101","fribb101","hubec101","sandh101","mokaj101","harpg101","burng101","reina102","belll101","","9/F","F","F",8,2,2,"T","T",0,"F","F",1,"F","F",0,"F","F",9,"F","F","F","",0,0,"N",0,"N",0,"N",0,1,2,0,"9","","","","F","F","F","F","F","F","F","F","F","decaa101","decaa101","","F","F","F","F","F","","","","",0,9,0,0,0,0,0,0,0,37,"PHI","SLN","PHI",0,"F","T",0,1,0,19,4,"T","F",3,3,"T","T","hornr101","bottj101","T","T",1,9,35,5,7,33,0,0,0,"wilsj105","wilsj105","",0,0,0,0,0,0,0,0,0,0,0,0,0,"burng101","F","F","F","F",0,0,0,0,0,0,0,0,0,0,F,F,"1925PHI.EVN.regular.event.csv",2990
"PHI192507130","SLN",5,1,0,0,0,"",0,1,"fribb101","?","fribb101","?","reina102","?","reina102","?","ofarb101","bottj101","hornr101","belll101","topos101","bladr102","shinr101","flacm101","","","","S8","T","F",4,8,20,"T","T",1,"F","F",0,"F","F",0,"F","F",8,"","F","F","",0,0,"N",0,"N",0,"N",1,0,0,0,"","","","","F","F","F","F","F","F","F","F","F","","","","F","F","F","F","F","","","","",0,0,0,0,0,0,0,0,0,38,"PHI","PHI","SLN",1,"T","F",1,0,0,16,0,"T","F",0,1,"T","T","decaa101","sandh101","T","T",0,0,0,0,0,0,0,0,0,"","","",0,0,0,0,0,0,0,0,0,0,0,0,0,"shinr101","F","F","F","F",4,0,0,0,1,0,0,0,0,0,F,F,"1925PHI.EVN.regular.event.csv",2991
"PHI192507130","SLN",5,1,0,0,0,"",0,1,"decaa101","?","decaa101","?","reina102","?","reina102","?","ofarb101","bottj101","hornr101","belll101","topos101","bladr102","shinr101","flacm101","fribb101","","","13/SH.1-2","F","F",1,9,2,"T","F",0,"T","F",1,"F","F",0,"F","F",1,"G","T","F","",0,0,"N",0,"N",0,"N",0,2,0,0,"13","","","","F","F","F","F","F","F","F","F","F","reina102","","","F","F","F","F","F","","","","",0,3,0,0,1,0,0,0,0,39,"PHI","PHI","SLN",1,"F","F",1,0,0,17,1,"T","F",1,2,"T","T","sandh101","burng101","T","T",4,8,38,0,0,0,0,0,0,"ofarb101","","",0,0,0,0,0,0,0,0,0,0,0,0,0,"reina102","F","F","F","F",0,4,0,0,1,0,0,0,0,0,F,F,"1925PHI.EVN.regular.event.csv",2992
"PHI192507130","SLN",5,1,1,0,0,"",0,1,"sandh101","?","sandh101","?","reina102","?","reina102","?","ofarb101","bottj101","hornr101","belll101","topos101","bladr102","shinr101","flacm101","","fribb101","","S8.2-H","F","F",6,1,20,"T","T",1,"F","F",0,"F","F",1,"F","F",8,"","F","F","",0,0,"N",0,"N",0,"N",1,0,4,0,"","","","","F","F","F","F","F","F","F","F","F","","reina102","","F","F","F","F","F","","","","",0,0,0,0,0,0,0,0,0,40,"PHI","PHI","SLN",1,"F","F",1,0,0,18,2,"T","F",2,1,"T","T","burng101","mokaj101","T","T",0,0,0,4,8,38,0,0,0,"","ofarb101","",0,0,0,0,0,0,0,0,0,0,0,0,1,"shinr101","F","F","F","F",0,0,4,0,0,0,0,0,0,0,F,F,"1925PHI.EVN.regular.event.csv",2993
"PHI192507130","SLN",5,1,1,0,0,"",0,2,"burng101","?","burng101","?","reina102","?","reina102","?","ofarb101","bottj101","hornr101","belll101","topos101","bladr102","shinr101","flacm101","sandh101","","","PO1(234)","F","F",9,2,8,"F","F",0,"F","F",1,"F","F",0,"F","F",0,"","F","F","",0,0,"N",0,"N",0,"N",0,0,0,0,"","234","","","F","F","F","F","F","F","T","F","F","reina102","","","F","F","F","F","F","","","","",0,4,0,0,2,3,0,0,0,41,"PHI","PHI","SLN",1,"F","F",2,0,1,19,3,"T","F",1,0,"T","T","mokaj101","harpg101","T","T",6,1,40,0,0,0,0,0,0,"ofarb101","","",0,0,0,0,0,0,0,0,0,0,0,0,0,"","F","F","F","F",0,0,0,0,0,0,0,0,0,0,F,F,"1925PHI.EVN.regular.event.csv",2994
"PHI192507130","SLN",5,1,2,0,0,"",0,2,"burng101","?","burng101","?","reina102","?","reina102","?","ofarb101","bottj101","hornr101","belll101","topos101","bladr102","shinr101","flacm101","","","","63","F","F",9,2,2,"T","T",0,"F","F",1,"F","F",0,"F","F",6,"G","F","F","",0,0,"N",0,"N",0,"N",0,0,0,0,"63","","","","F","F","F","F","F","F","F","F","F","","","","F","F","F","F","F","","","","",0,3,0,0,6,0,0,0,0,42,"PHI","PHI","SLN",1,"F","T",2,0,1,19,3,"F","F",0,0,"T","T","mokaj101","harpg101","T","T",0,0,0,0,0,0,0,0,0,"","","",0,0,0,0,0,0,0,0,0,0,0,0,0,"topos101","F","F","F","F",0,0,0,0,0,0,0,0,0,0,F,F,"1925PHI.EVN.regular.event.csv",2995
"PHI192507130","SLN",6,0,0,0,0,"",0,2,"hornr101","?","hornr101","?","decaa101","?","decaa101","?","wilsj105","fonsl101","fribb101","hubec101","sandh101","mokaj101","harpg101","burng101","","","","63","T","F",4,3,2,"T","T",0,"F","F",1,"F","F",0,"F","F",6,"G","F","F","",0,0,"N",0,"N",0,"N",0,0,0,0,"63","","","","F","F","F","F","F","F","F","F","F","","","","F","F","F","F","F","","","","",0,3,0,0,6,0,0,0,0,43,"PHI","SLN","PHI",0,"T","F",0,2,0,20,0,"T","F",0,0,"T","T","bottj101","topos101","T","T",0,0,0,0,0,0,0,0,0,"","","",0,0,0,0,0,0,0,0,0,0,0,0,0,"sandh101","F","F","F","F",0,0,0,0,0,0,0,0,0,0,F,F,"1925PHI.EVN.regular.event.csv",2996
"PHI192507130","SLN",6,0,1,0,0,"",0,2,"bottj101","?","bottj101","?","decaa101","?","decaa101","?","wilsj105","fonsl101","fribb101","hubec101","sandh101","mokaj101","harpg101","burng101","","","","D9/F9DW","F","F",3,4,21,"T","T",2,"F","F",0,"F","F",0,"F","F",9,"F","F","F","9DW",0,0,"N",0,"N",0,"N",2,0,0,0,"","","","","F","F","F","F","F","F","F","F","F","","","","F","F","F","F","F","","","","",0,0,0,0,0,0,0,0,0,44,"PHI","SLN","PHI",0,"F","F",0,2,0,21,1,"T","F",0,2,"T","T","topos101","flacm101","T","T",0,0,0,0,0,0,0,0,0,"","","",0,0,0,0,0,0,0,0,0,0,0,0,0,"burng101","F","F","F","F",0,0,0,0,0,0,0,0,0,0,F,F,"1925PHI.EVN.regular.event.csv",2997
"PHI192507130","SLN",6,0,1,0,0,"",0,2,"topos101","?","topos101","?","decaa101","?","decaa101","?","wilsj105","fonsl101","fribb101","hubec101","sandh101","mokaj101","harpg101","burng101","","bottj101","","4/P","F","F",6,5,2,"T","T",0,"F","F",1,"F","F",0,"F","F",4,"P","F","F","",0,0,"N",0,"N",0,"N",0,0,2,0,"4","","","","F","F","F","F","F","F","F","F","F","","decaa101","","F","F","F","F","F","","","","",0,4,0,0,0,0,0,0,0,45,"PHI","SLN","PHI",0,"F","F",0,2,0,22,2,"T","F",2,2,"T","T","flacm101","belll101","T","T",0,0,0,3,4,44,0,0,0,"","wilsj105","",0,0,0,0,0,0,0,0,0,0,0,0,0,"fribb101","F","F","F","F",0,0,0,0,0,0,0,0,0,0,F,F,"1925PHI.EVN.regular.event.csv",2998
"PHI192507130","SLN",6,0,2,0,0,"",0,2,"flacm101","?","flacm101","?","decaa101","?","decaa101","?","wilsj105","fonsl101","fribb101","hubec101","sandh101","mokaj101","harpg101","burng101","","bottj101","","8/F","F","F",9,6,2,"T","T",0,"F","F",1,"F","F",0,"F","F",8,"F","F","F","",0,0,"N",0,"N",0,"N",0,0,2,0,"8","","","","F","F","F","F","F","F","F","F","F","","decaa101","","F","F","F","F","F","","","","",0,8,0,0,0,0,0,0,0,46,"PHI","SLN","PHI",0,"F","T",0,2,0,23,3,"T","F",2,2,"T","T","belll101","ofarb101","T","T",0,0,0,3,4,44,0,0,0,"","wilsj105","",0,0,0,0,0,0,0,0,0,0,0,0,0,"harpg101","F","F","F","F",0,0,0,0,0,0,0,0,0,0,F,F,"1925PHI.EVN.regular.event.csv",2999
"PHI192507130","SLN",6,1,0,0,0,"",0,2,"mokaj101","?","mokaj101","?","reina102","?","reina102","?","ofarb101","bottj101","hornr101","belll101","topos101","bladr102","shinr101","flacm101","","","","8/F8XD","T","F",7,3,2,"T","T",0,"F","F",1,"F","F",0,"F","F",8,"F","F","F","8XD",0,0,"N",0,"N",0,"N",0,0,0,0,"8","","","","F","F","F","F","F","F","F","F","F","","","","F","F","F","F","F","","","","",0,8,0,0,0,0,0,0,0,47,"PHI","PHI","SLN",1,"T","F",2,0,0,20,0,"T","F",0,0,"T","T","harpg101","wilsj105","T","T",0,0,0,0,0,0,0,0,0,"","","",0,0,0,0,0,0,0,0,0,0,0,0,0,"shinr101","F","F","F","F",0,0,0,0,0,0,0,0,0,0,F,F,"1925PHI.EVN.regular.event.csv",3000
"PHI192507130","SLN",6,1,1,0,0,"",0,2,"harpg101","?","harpg101","?","reina102","?","reina102","?","ofarb101","bottj101","hornr101","belll101","topos101","bladr102","shinr101","flacm101","","","","7/F","F","F",8,4,2,"T","T",0,"F","F",1,"F","F",0,"F","F",7,"F","F","F","",0,0,"N",0,"N",0,"N",0,0,0,0,"7","","","","F","F","F","F","F","F","F","F","F","","","","F","F","F","F","F","","","","",0,7,0,0,0,0,0,0,0,48,"PHI","PHI","SLN",1,"F","F",2,0,0,21,1,"T","F",0,0,"T","T","wilsj105","fonsl101","T","T",0,0,0,0,0,0,0,0,0,"","","",0,0,0,0,0,0,0,0,0,0,0,0,0,"bladr102","F","F","F","F",0,0,0,0,0,0,0,0,0,0,F,F,"1925PHI.EVN.regular.event.csv",3001
"PHI192507130","SLN",6,1,2,0,0,"",0,2,"wilsj105","?","wilsj105","?","reina102","?","reina102","?","ofarb101","bottj101","hornr101","belll101","topos101","bladr102","shinr101","flacm101","","","","S7","F","F",2,5,20,"T","T",1,"F","F",0,"F","F",0,"F","F",7,"","F","F","",0,0,"N",0,"N",0,"N",1,0,0,0,"","","","","F","F","F","F","F","F","F","F","F","","","","F","F","F","F","F","","","","",0,0,0,0,0,0,0,0,0,49,"PHI","PHI","SLN",1,"F","F",2,0,0,22,2,"T","F",0,1,"T","T","fonsl101","hubec101","T","T",0,0,0,0,0,0,0,0,0,"","","",0,0,0,0,0,0,0,0,0,0,0,0,0,"bladr102","F","F","F","F",0,0,0,0,0,0,0,0,0,0,F,F,"1925PHI.EVN.regular.event.csv",3002
"PHI192507130","SLN",6,1,2,0,0,"",0,2,"fonsl101","?","fonsl101","?","reina102","?","reina102","?","ofarb101","bottj101","hornr101","belll101","topos101","bladr102","shinr101","flacm101","wilsj105","","","7/F","F","F",3,6,2,"T","T",0,"F","F",1,"F","F",0,"F","F",7,"F","F","F","",0,0,"N",0,"N",0,"N",0,1,0,0,"7","","","","F","F","F","F","F","F","F","F","F","reina102","","","F","F","F","F","F","","","","",0,7,0,0,0,0,0,0,0,50,"PHI","PHI","SLN",1,"F","T",2,0,0,23,3,"T","F",1,1,"T","T","hubec101","fribb101","T","T",2,5,49,0,0,0,0,0,0,"ofarb101","","",0,0,0,0,0,0,0,0,0,0,0,0,0,"bladr102","F","F","F","F",0,0,0,0,0,0,0,0,0,0,F,F,"1925PHI.EVN.regular.event.csv",3003
"PHI192507130","SLN",7,0,0,0,0,"",0,2,"belll101","?","belll101","?","decaa101","?","decaa101","?","wilsj105","fonsl101","fribb101","hubec101","sandh101","mokaj101","harpg101","burng101","","","","9/F","T","F",5,7,2,"T","T",0,"F","F",1,"F","F",0,"F","F",9,"F","F","F","",0,0,"N",0,"N",0,"N",0,0,0,0,"9","","","","F","F","F","F","F","F","F","F","F","","","","F","F","F","F","F","","","","",0,9,0,0,0,0,0,0,0,51,"PHI","SLN","PHI",0,"T","F",0,2,0,24,0,"T","F",0,0,"T","T","ofarb101","reina102","T","T",0,0,0,0,0,0,0,0,0,"","","",0,0,0,0,0,0,0,0,0,0,0,0,0,"burng101","F","F","F","F",0,0,0,0,0,0,0,0,0,0,F,F,"1925PHI.EVN.regular.event.csv",3004
"PHI192507130","SLN",7,0,1,0,0,"",0,2,"ofarb101","?","ofarb101","?","decaa101","?","decaa101","?","wilsj105","fonsl101","fribb101","hubec101","sandh101","mokaj101","harpg101","burng101","","","","S7","F","F",2,8,20,"T","T",1,"F","F",0,"F","F",0,"F","F",7,"","F","F","",0,0,"N",0,"N",0,"N",1,0,0,0,"","","","","F","F","F","F","F","F","F","F","F","","","","F","F","F","F","F","","","","",0,0,0,0,0,0,0,0,0,52,"PHI","SLN","PHI",0,"F","F",0,2,0,25,1,"T","F",0,1,"T","T","reina102","bladr102","T","T",0,0,0,0,0,0,0,0,0,"","","",0,0,0,0,0,0,0,0,0,0,0,0,0,"mokaj101","F","F","F","F",0,0,0,0,0,0,0,0,0,0,F,F,"1925PHI.EVN.regular.event.csv",3005
"PHI192507130","SLN",7,0,1,0,0,"",0,2,"reina102","?","reina102","?","decaa101","?","decaa101","?","wilsj105","fonsl101","fribb101","hubec101","sandh101","mokaj101","harpg101","burng101","ofarb101","","","S7.1-2","F","F",1,9,20,"T","T",1,"F","F",0,"F","F",0,"F","F",7,"","F","F","",0,0,"N",0,"N",0,"N",1,2,0,0,"","","","","F","F","F","F","F","F","F","F","F","decaa101","","","F","F","F","F","F","","","","",0,0,0,0,0,0,0,0,0,53,"PHI","SLN","PHI",0,"F","F",0,2,0,26,2,"T","F",1,3,"T","T","bladr102","shinr101","T","T",2,8,52,0,0,0,0,0,0,"wilsj105","","",0,0,0,0,0,0,0,0,0,0,0,0,0,"mokaj101","F","F","F","F",0,0,0,0,0,0,0,0,0,0,F,F,"1925PHI.EVN.regular.event.csv",3006
"PHI192507130","SLN",7,0,1,0,0,"",0,2,"bladr102","?","bladr102","?","decaa101","?","decaa101","?","wilsj105","fonsl101","fribb101","hubec101","sandh101","mokaj101","harpg101","burng101","reina102","ofarb101","","7/F","F","F",7,1,2,"T","T",0,"F","F",1,"F","F",0,"F","F",7,"F","F","F","",0,0,"N",0,"N",0,"N",0,1,2,0,"7","","","","F","F","F","F","F","F","F","F","F","decaa101","decaa101","","F","F","F","F","F","","","","",0,7,0,0,0,0,0,0,0,54,"PHI","SLN","PHI",0,"F","F",0,2,0,27,3,"T","F",3,3,"T","T","shinr101","hornr101","T","T",1,9,53,2,8,52,0,0,0,"wilsj105","wilsj105","",0,0,0,0,0,0,0,0,0,0,0,0,0,"mokaj101","F","F","F","F",0,0,0,0,0,0,0,0,0,0,F,F,"1925PHI.EVN.regular.event.csv",3007
"PHI192507130","SLN",7,0,2,0,0,"",0,2,"shinr101","?","shinr101","?","decaa101","?","decaa101","?","wilsj105","fonsl101","fribb101","hubec101","sandh101","mokaj101","harpg101","burng101","reina102","ofarb101","","9/F","F","F",8,2,2,"T","T",0,"F","F",1,"F","F",0,"F","F",9,"F","F","F","",0,0,"N",0,"N",0,"N",0,1,2,0,"9","","","","F","F","F","F","F","F","F","F","F","decaa101","decaa101","","F","F","F","F","F","","","","",0,9,0,0,0,0,0,0,0,55,"PHI","SLN","PHI",0,"F","T",0,2,0,28,4,"T","F",3,3,"T","T","hornr101","bottj101","T","T",1,9,53,2,8,52,0,0,0,"wilsj105","wilsj105","",0,0,0,0,0,0,0,0,0,0,0,0,0,"burng101","F","F","F","F",0,0,0,0,0,0,0,0,0,0,F,F,"1925PHI.EVN.regular.event.csv",3008
"PHI192507130","SLN",7,1,0,0,0,"",0,2,"hubec101","?","hubec101","?","reina102","?","reina102","?","ofarb101","bottj101","hornr101","belll101","topos101","bladr102","shinr101","flacm101","","","","D7","T","F",5,7,21,"T","T",2,"F","F",0,"F","F",0,"F","F",7,"","F","F","",0,0,"N",0,"N",0,"N",2,0,0,0,"","","","","F","F","F","F","F","F","F","F","F","","","","F","F","F","F","F","","","","",0,0,0,0,0,0,0,0,0,56,"PHI","PHI","SLN",1,"T","F",2,0,0,24,0,"T","F",0,2,"T","T","fribb101","decaa101","T","T",0,0,0,0,0,0,0,0,0,"","","",0,0,0,0,0,0,0,0,0,0,0,0,0,"bladr102","F","F","F","F",0,0,0,0,0,0,0,0,0,0,F,F,"1925PHI.EVN.regular.event.csv",3009
"PHI192507130","SLN",7,1,0,0,0,"",0,2,"fribb101","?","fribb101","?","reina102","?","reina102","?","ofarb101","bottj101","hornr101","belll101","topos101","bladr102","shinr101","flacm101","","hubec101","","7/F","F","F",4,8,2,"T","T",0,"F","F",1,"F","F",0,"F","F",7,"F","F","F","",0,0,"N",0,"N",0,"N",0,0,2,0,"7","","","","F","F","F","F","F","F","F","F","F","","reina102","","F","F","F","F","F","","","","",0,7,0,0,0,0,0,0,0,57,"PHI","PHI","SLN",1,"F","F",2,0,0,25,1,"T","F",2,2,"T","T","decaa101","sandh101","T","T",0,0,0,5,7,56,0,0,0,"","ofarb101","",0,0,0,0,0,0,0,0,0,0,0,0,0,"bladr102","F","F","F","F",0,0,0,0,0,0,0,0,0,0,F,F,"1925PHI.EVN.regular.event.csv",3010
"PHI192507130","SLN",7,1,1,0,0,"",0,2,"decaa101","?","decaa101","?","reina102","?","reina102","?","ofarb101","bottj101","hornr101","belll101","topos101","bladr102","shinr101","flacm101","","hubec101","","9/F.2-3","F","F",1,9,2,"T","T",0,"F","F",1,"F","F",0,"F","F",9,"F","F","F","",0,0,"N",0,"N",0,"N",0,0,3,0,"9","","","","F","F","F","F","F","F","F","F","F","","reina102","","F","F","F","F","F","","","","",0,9,0,0,0,0,0,0,0,58,"PHI","PHI","SLN",1,"F","F",2,0,0,26,2,"T","F",2,4,"T","T","sandh101","burng101","T","T",0,0,0,5,7,56,0,0,0,"","ofarb101","",0,0,0,0,0,0,0,0,0,0,0,0,0,"flacm101","F","F","F","F",0,0,0,0,0,0,0,0,0,0,F,F,"1925PHI.EVN.regular.event.csv",3011
"PHI192507130","SLN",7,1,2,0,0,"",0,2,"sandh101","?","sandh101","?","reina102","?","reina102","?","ofarb101","bottj101","hornr101","belll101","topos101","bladr102","shinr101","flacm101","","","hubec101","K/C","F","F",6,1,3,"T","T",0,"F","F",1,"F","F",0,"F","F",0,"","F","F","",0,0,"N",0,"N",0,"N",0,0,0,3,"2","","","","F","F","F","F","F","F","F","F","F","","","reina102","F","F","F","F","F","","","","",0,2,0,0,0,0,0,0,0,59,"PHI","PHI","SLN",1,"F","T",2,0,0,27,3,"T","F",4,4,"T","T","burng101","mokaj101","T","T",0,0,0,0,0,0,5,7,56,"","","ofarb101",0,0,0,0,0,0,0,0,0,0,0,0,0,"","F","F","F","F",0,0,0,0,0,0,0,0,0,0,F,F,"1925PHI.EVN.regular.event.csv",3012
"PHI192507130","SLN",8,0,0,0,0,"X",0,2,"hornr101","?","hornr101","?","decaa101","?","decaa101","?","wilsj105","fonsl101","fribb101","hubec101","sandh101","mokaj101","harpg101","burng101","","","","HR/F89XD","T","F",4,3,23,"T","T",4,"F","F",0,"F","F",1,"F","F",0,"F","F","F","89XD",0,0,"N",0,"N",0,"N",4,0,0,0,"","","","","F","F","F","F","F","F","F","F","F","","","","F","F","F","F","F","","","","",0,0,0,0,0,0,0,0,0,60,"PHI","SLN","PHI",0,"T","F",0,2,0,29,0,"T","F",0,0,"T","T","bottj101","topos101","T","T",0,0,0,0,0,0,0,0,0,"","","",0,0,0,0,0,0,1,0,0,0,1,0,1,"","F","F","F","F",4,0,0,0,0,0,0,0,0,0,F,F,"1925PHI.EVN.regular.event.csv",3013
"PHI192507130","SLN",8,0,0,0,0,"",1,2,"bottj101","?","bottj101","?","decaa101","?","decaa101","?","wilsj105","fonsl101","fribb101","hubec101","sandh101","mokaj101","harpg101","burng101","","","","5/P","F","F",3,4,2,"T","T",0,"F","F",1,"F","F",0,"F","F",5,"P","F","F","",0,0,"N",0,"N",0,"N",0,0,0,0,"5","","","","F","F","F","F","F","F","F","F","F","","","","F","F","F","F","F","","","","",0,5,0,0,0,0,0,0,0,61,"PHI","SLN","PHI",0,"F","F",1,2,1,30,1,"T","F",0,0,"T","T","topos101","flacm101","T","T",0,0,0,0,0,0,0,0,0,"","","",0,0,0,0,0,0,0,0,0,0,0,0,0,"hubec101","F","F","F","F",0,0,0,0,0,0,0,0,0,0,F,F,"1925PHI.EVN.regular.event.csv",3014
"PHI192507130","SLN",8,0,1,0,0,"",1,2,"topos101","?","topos101","?","decaa101","?","decaa101","?","wilsj105","fonsl101","fribb101","hubec101","sandh101","mokaj101","harpg101","burng101","","","","D/F7LS","F","F",6,5,21,"T","T",2,"F","F",0,"F","F",0,"F","F",0,"F","F","F","7LS",0,0,"N",0,"N",0,"N",2,0,0,0,"","","","","F","F","F","F","F","F","F","F","F","","","","F","F","F","F","F","","","","",0,0,0,0,0,0,0,0,0,62,"PHI","SLN","PHI",0,"F","F",1,2,1,31,2,"T","F",0,2,"T","T","flacm101","belll101","T","T",0,0,0,0,0,0,0,0,0,"","","",0,0,0,0,0,0,0,0,0,0,0,0,0,"","F","F","F","F",0,0,0,0,0,0,0,0,0,0,F,F,"1925PHI.EVN.regular.event.csv",3015
"PHI192507130","SLN",8,0,1,0,0,"",1,2,"flacm101","?","flacm101","?","decaa101","?","decaa101","?","wilsj105","fonsl101","fribb101","hubec101","sandh101","mokaj101","harpg101","burng101","","topos101","","W","F","F",9,6,14,"T","F",0,"F","F",0,"F","F",0,"F","F",0,"","F","F","",0,0,"N",0,"N",0,"N",1,0,2,0,"","","","","F","F","F","F","F","F","F","F","F","","decaa101","","F","F","F","F","F","","","","",0,0,0,0,0,0,0,0,0,63,"PHI","SLN","PHI",0,"F","F",1,2,1,32,3,"T","F",2,3,"T","T","belll101","ofarb101","T","T",0,0,0,6,5,62,0,0,0,"","wilsj105","",0,0,0,0,0,0,0,0,0,0,0,0,0,"","F","F","F","F",0,0,0,0,0,0,0,0,0,0,F,F,"1925PHI.EVN.regular.event.csv",3016
"PHI192507130","SLN",8,0,1,0,0,"",1,2,"belll101","?","belll101","?","decaa101","?","decaa101","?","wilsj105","fonsl101","fribb101","hubec101","sandh101","mokaj101","harpg101","burng101","flacm101","topos101","","4/P4MD","F","F",5,7,2,"T","T",0,"F","F",1,"F","F",0,"F","F",4,"P","F","F","4MD",0,0,"N",0,"N",0,"N",0,1,2,0,"4","","","","F","F","F","F","F","F","F","F","F","decaa101","decaa101","","F","F","F","F","F","","","","",0,4,0,0,0,0,0,0,0,64,"PHI","SLN","PHI",0,"F","F",1,2,1,33,4,"T","F",3,3,"T","T","ofarb101","reina102","T","T",9,6,63,6,5,62,0,0,0,"wilsj105","wilsj105","",0,0,0,0,0,0,0,0,0,0,0,0,0,"fribb101","F","F","F","F",0,0,0,0,0,0,0,0,0,0,F,F,"1925PHI.EVN.regular.event.csv",3017
"PHI192507130","SLN",8,0,2,0,0,"",1,2,"ofarb101","?","ofarb101","?","decaa101","?","decaa101","?","wilsj105","fonsl101","fribb101","hubec101","sandh101","mokaj101","harpg101","burng101","flacm101","topos101","","2/P/FL","F","F",2,8,2,"T","T",0,"F","F",1,"F","F",0,"F","F",2,"P","F","T","",0,0,"N",0,"N",0,"N",0,1,2,0,"2","","","","F","F","F","F","F","F","F","F","F","decaa101","decaa101","","F","F","F","F","F","","","","",0,2,0,0,0,0,0,0,0,65,"PHI","SLN","PHI",0,"F","T",1,2,1,34,5,"T","F",3,3,"T","T","reina102","bladr102","T","T",9,6,63,6,5,62,0,0,0,"wilsj105","wilsj105","",0,0,0,0,0,0,0,0,0,0,0,0,0,"wilsj105","F","F","F","F",0,0,0,0,0,0,0,0,0,0,F,F,"1925PHI.EVN.regular.event.csv",3018
"PHI192507130","SLN",8,1,0,0,0,"",1,2,"burng101","?","burng101","?","reina102","?","reina102","?","ofarb101","bottj101","hornr101","belll101","topos101","bladr102","shinr101","flacm101","","","","8/F","T","F",9,2,2,"T","T",0,"F","F",1,"F","F",0,"F","F",8,"F","F","F","",0,0,"N",0,"N",0,"N",0,0,0,0,"8","","","","F","F","F","F","F","F","F","F","F","","","","F","F","F","F","F","","","","",0,8,0,0,0,0,0,0,0,66,"PHI","PHI","SLN",1,"T","F",2,1,0,28,0,"T","F",0,0,"T","T","mokaj101","harpg101","T","T",0,0,0,0,0,0,0,0,0,"","","",0,0,0,0,0,0,0,0,0,0,0,0,0,"shinr101","F","F","F","F",0,0,0,0,0,0,0,0,0,0,F,F,"1925PHI.EVN.regular.event.csv",3019
"PHI192507130","SLN",8,1,1,0,0,"",1,2,"mokaj101","?","mokaj101","?","reina102","?","reina102","?","ofarb101","bottj101","hornr101","belll101","topos101","bladr102","shinr101","flacm101","","","","2/FL","F","F",7,3,2,"T","T",0,"F","F",1,"F","F",0,"F","F",2,"F","F","T","",0,0,"N",0,"N",0,"N",0,0,0,0,"2","","","","F","F","F","F","F","F","F","F","F","","","","F","F","F","F","F","","","","",0,2,0,0,0,0,0,0,0,67,"PHI","PHI","SLN",1,"F","F",2,1,0,29,1,"T","F",0,0,"T","T","harpg101","wilsj105","T","T",0,0,0,0,0,0,0,0,0,"","","",0,0,0,0,0,0,0,0,0,0,0,0,0,"ofarb101","F","F","F","F",0,0,0,0,0,0,0,0,0,0,F,F,"1925PHI.EVN.regular.event.csv",3020
"PHI192507130","SLN",8,1,2,0,0,"",1,2,"harpg101","?","harpg101","?","reina102","?","reina102","?","ofarb101","bottj101","hornr101","belll101","topos101","bladr102","shinr101","flacm101","","","","13","F","F",8,4,2,"T","T",0,"F","F",1,"F","F",0,"F","F",1,"G","F","F","",0,0,"N",0,"N",0,"N",0,0,0,0,"13","","","","F","F","F","F","F","F","F","F","F","","","","F","F","F","F","F","","","","",0,3,0,0,1,0,0,0,0,68,"PHI","PHI","SLN",1,"F","T",2,1,0,30,2,"T","F",0,0,"T","T","wilsj105","fonsl101","T","T",0,0,0,0,0,0,0,0,0,"","","",0,0,0,0,0,0,0,0,0,0,0,0,0,"reina102","F","F","F","F",0,0,0,0,0,0,0,0,0,0,F,F,"1925PHI.EVN.regular.event.csv",3021
"PHI192507130","SLN",9,0,0,0,0,"",1,2,"reina102","?","reina102","?","decaa101","?","decaa101","?","wilsj105","fonsl101","fribb101","hubec101","sandh101","mokaj101","harpg101","burng101","","","","E6/G","T","F",1,9,18,"T","T",0,"F","F",0,"F","F",0,"F","F",6,"G","F","F","",1,6,"F",0,"N",0,"N",1,0,0,0,"","","","","F","F","F","F","F","F","F","F","F","","","","F","F","F","F","F","","","","",0,0,0,0,0,0,0,0,0,69,"PHI","SLN","PHI",0,"T","F",1,2,0,35,0,"T","F",0,1,"T","T","bladr102","shinr101","T","T",0,0,0,0,0,0,0,0,0,"","","",0,0,0,0,0,0,0,0,0,0,0,0,0,"sandh101","F","F","F","T",0,0,0,0,1,0,0,0,0,0,F,F,"1925PHI.EVN.regular.event.csv",3022
"PHI192507130","SLN",9,0,0,0,0,"",1,2,"bladr102","?","bladr102","?","decaa101","?","decaa101","?","wilsj105","fonsl101","fribb101","hubec101","sandh101","mokaj101","harpg101","burng101","reina102","","","54(1)/FO","F","F",7,1,2,"T","T",0,"F","F",1,"F","F",0,"F","F",5,"G","F","F","",0,0,"N",0,"N",0,"N",1,0,0,0,"","54","","","F","F","F","F","F","F","F","F","F","decaa101","","","F","F","F","F","F","","","","",0,4,0,0,5,0,0,0,0,70,"PHI","SLN","PHI",0,"F","F",1,2,0,36,1,"T","F",1,1,"T","T","shinr101","hornr101","T","T",1,9,69,0,0,0,0,0,0,"wilsj105","","",0,0,0,0,0,0,0,0,0,0,0,0,0,"hubec101","T","F","F","F",5,0,0,0,1,0,0,0,0,0,F,F,"1925PHI.EVN.regular.event.csv",3023
"PHI192507130","SLN",9,0,1,0,0,"",1,2,"shinr101","?","shinr101","?","decaa101","?","decaa101","?","wilsj105","fonsl101","fribb101","hubec101","sandh101","mokaj101","harpg101","burng101","bladr102","","","6/P6D","F","F",8,2,2,"T","T",0,"F","F",1,"F","F",0,"F","F",6,"P","F","F","6D",0,0,"N",0,"N",0,"N",0,1,0,0,"6","","","","F","F","F","F","F","F","F","F","F","decaa101","","","F","F","F","F","F","","","","",0,6,0,0,0,0,0,0,0,71,"PHI","SLN","PHI",0,"F","F",1,2,0,37,2,"T","F",1,1,"T","T","hornr101","bottj101","T","T",7,1,70,0,0,0,0,0,0,"wilsj105","","",0,0,0,0,0,0,0,0,0,0,0,0,0,"sandh101","F","F","F","F",0,5,0,0,1,0,0,0,0,0,F,F,"1925PHI.EVN.regular.event.csv",3024
"PHI192507130","SLN",9,0,2,0,0,"X",1,2,"hornr101","?","hornr101","?","decaa101","?","decaa101","?","wilsj105","fonsl101","fribb101","hubec101","sandh101","mokaj101","harpg101","burng101","bladr102","","","S9/L9DW.1-3","F","F",4,3,20,"T","T",1,"F","F",0,"F","F",0,"F","F",9,"L","F","F","9DW",0,0,"N",0,"N",0,"N",1,3,0,0,"","","","","F","F","F","F","F","F","F","F","F","decaa101","","","F","F","F","F","F","","","","",0,0,0,0,0,0,0,0,0,72,"PHI","SLN","PHI",0,"F","F",1,2,0,38,3,"T","F",1,5,"T","T","bottj101","topos101","T","T",7,1,70,0,0,0,0,0,0,"wilsj105","","",0,0,0,0,0,0,1,0,0,0,1,0,0,"burng101","F","F","F","F",0,5,0,0,1,0,0,0,0,0,F,F,"1925PHI.EVN.regular.event.csv",3025
"PHI192507130","SLN",9,0,2,3,1,"",1,2,"bottj101","?","bottj101","?","decaa101","?","decaa101","?","wilsj105","fonsl101","fribb101","hubec101","sandh101","mokaj101","harpg101","burng101","hornr101","","bladr102","W.1-2","F","F",3,4,14,"T","F",0,"F","F",0,"F","F",0,"F","F",0,"","F","F","",0,0,"N",0,"N",0,"N",1,2,0,3,"","","","","F","F","F","F","F","F","F","F","F","decaa101","","decaa101","F","F","F","F","F","","","","",0,0,0,0,0,0,0,0,0,73,"PHI","SLN","PHI",0,"F","F",1,2,0,39,4,"T","F",5,7,"T","T","topos101","flacm101","T","T",4,3,72,0,0,0,7,1,70,"wilsj105","","wilsj105",0,0,0,0,0,0,0,0,0,0,0,0,0,"","F","F","F","F",0,0,0,5,1,0,0,0,0,0,F,F,"1925PHI.EVN.regular.event.csv",3026
"PHI192507130","SLN",9,0,2,0,0,"",1,2,"topos101","?","topos101","?","decaa101","?","decaa101","?","wilsj105","fonsl101","fribb101","hubec101","sandh101","mokaj101","harpg101","burng101","bottj101","hornr101","bladr102","S4/G.3-H(UR);2-3;1-2","F","F",6,5,20,"T","T",1,"F","F",0,"F","F",1,"F","F",4,"G","F","F","",0,0,"N",0,"N",0,"N",1,2,3,5,"","","","","F","F","F","F","F","F","F","F","F","decaa101","decaa101","decaa101","F","F","F","F","F","","","","",0,0,0,0,0,0,0,0,0,74,"PHI","SLN","PHI",0,"F","F",1,2,0,40,5,"T","F",7,7,"T","T","flacm101","belll101","T","T",3,4,73,4,3,72,7,1,70,"wilsj105","wilsj105","wilsj105",0,0,0,0,0,0,0,0,0,0,0,0,1,"fribb101","F","F","F","F",0,0,0,5,0,0,0,0,0,0,F,F,"1925PHI.EVN.regular.event.csv",3027
"PHI192507130","SLN",9,0,2,0,0,"",2,2,"flacm101","?","flacm101","?","decaa101","?","decaa101","?","wilsj105","fonsl101","fribb101","hubec101","sandh101","mokaj101","harpg101","burng101","topos101","bottj101","hornr101","4/L","F","F",9,6,2,"T","T",0,"F","F",1,"F","F",0,"F","F",4,"L","F","F","",0,0,"N",0,"N",0,"N",0,1,2,3,"4","","","","F","F","F","F","F","F","F","F","F","decaa101","decaa101","decaa101","F","F","F","F","F","","","","",0,4,0,0,0,0,0,0,0,75,"PHI","SLN","PHI",0,"F","T",2,2,1,41,6,"T","F",7,7,"T","T","belll101","ofarb101","T","T",6,5,74,3,4,73,4,3,72,"wilsj105","wilsj105","wilsj105",0,0,0,0,0,0,0,0,0,0,0,0,0,"fribb101","F","F","F","F",0,0,0,0,0,0,0,0,0,0,F,F,"1925PHI.EVN.regular.event.csv",3028
"PHI192507130","SLN",9,1,0,0,0,"",2,2,"wilsj105","?","wilsj105","?","reina102","?","reina102","?","ofarb101","bottj101","hornr101","belll101","topos101","bladr102","shinr101","flacm101","","","","S7","T","F",2,5,20,"T","T",1,"F","F",0,"F","F",0,"F","F",7,"","F","F","",0,0,"N",0,"N",0,"N",1,0,0,0,"","","","","F","F","F","F","F","F","F","F","F","","","","F","F","F","F","F","","","","",0,0,0,0,0,0,0,0,0,76,"PHI","PHI","SLN",1,"T","F",2,2,0,31,0,"T","F",0,1,"T","T","fonsl101","hubec101","T","T",0,0,0,0,0,0,0,0,0,"","","",0,0,0,0,0,0,0,0,0,0,0,0,0,"bladr102","F","F","F","F",3,0,0,0,0,0,0,0,0,0,F,F,"1925PHI.EVN.regular.event.csv",3029
"PHI192507130","SLN",9,1,0,0,0,"",2,2,"fonsl101","?","fonsl101","?","reina102","?","reina102","?","ofarb101","bottj101","hornr101","belll101","topos101","bladr102","shinr101","flacm101","wilsj105","","","13/SH.1-2","F","F",3,6,2,"T","F",0,"T","F",1,"F","F",0,"F","F",1,"G","T","F","",0,0,"N",0,"N",0,"N",0,2,0,0,"13","","","","F","F","F","F","F","F","F","F","F","reina102","","","F","F","F","F","F","","","","",0,3,0,0,1,0,0,0,0,77,"PHI","PHI","SLN",1,"F","F",2,2,0,32,1,"T","F",1,2,"T","T","hubec101","fribb101","T","T",2,5,76,0,0,0,0,0,0,"ofarb101","","",0,0,0,0,0,0,0,0,0,0,0,0,0,"reina102","F","F","F","F",0,3,0,0,0,0,0,0,0,0,F,F,"1925PHI.EVN.regular.event.csv",3030
"PHI192507130","SLN",9,1,1,0,0,"",2,2,"hubec101","?","hubec101","?","reina102","?","reina102","?","ofarb101","bottj101","hornr101","belll101","topos101","bladr102","shinr101","flacm101","","wilsj105","","63.2-3","F","F",5,7,2,"T","T",0,"F","F",1,"F","F",0,"F","F",6,"G","F","F","",0,0,"N",0,"N",0,"N",0,0,3,0,"63","","","","F","F","F","F","F","F","F","F","F","","reina102","","F","F","F","F","F","","","","",0,3,0,0,6,0,0,0,0,78,"PHI","PHI","SLN",1,"F","F",2,2,0,33,2,"T","F",2,4,"T","T","fribb101","decaa101","T","T",0,0,0,2,5,76,0,0,0,"","ofarb101","",0,0,0,0,0,0,0,0,0,0,0,0,0,"topos101","F","F","F","F",0,0,3,0,0,0,0,0,0,0,F,F,"1925PHI.EVN.regular.event.csv",3031
"PHI192507130","SLN",9,1,2,0,0,"",2,2,"fribb101","?","fribb101","?","reina102","?","reina102","?","ofarb101","bottj101","hornr101","belll101","topos101","bladr102","shinr101","flacm101","","","wilsj105","IW","F","F",4,8,15,"T","F",0,"F","F",0,"F","F",0,"F","F",0,"","F","F","",0,0,"N",0,"N",0,"N",1,0,0,3,"","","","","F","F","F","F","F","F","F","F","F","","","reina102","F","F","F","F","F","","","","",0,0,0,0,0,0,0,0,0,79,"PHI","PHI","SLN",1,"F","F",2,2,0,34,3,"T","F",4,5,"T","T","decaa101","sandh101","T","T",0,0,0,0,0,0,2,5,76,"","","ofarb101",0,0,0,0,0,0,0,0,0,0,0,0,0,"","F","F","F","F",2,0,0,3,0,0,0,0,0,0,F,F,"1925PHI.EVN.regular.event.csv",3032
"PHI192507130","SLN",9,1,2,3,0,"IIII",2,2,"henlb101","?","henlb101","?","reina102","?","reina102","?","ofarb101","bottj101","hornr101","belll101","topos101","bladr102","shinr101","flacm101","fribb101","","wilsj105","IW.1-2","F","T",11,9,15,"T","F",0,"F","F",0,"F","F",0,"F","F",0,"","F","F","",0,0,"N",0,"N",0,"N",1,2,0,3,"","","","","F","F","F","F","F","F","F","F","F","reina102","","reina102","F","F","F","F","F","","","","decaa101",1,0,0,0,0,0,0,0,0,80,"PHI","PHI","SLN",1,"F","F",2,2,0,35,4,"T","F",5,7,"F","F","sandh101","burng101","T","T",4,8,79,0,0,0,2,5,76,"ofarb101","","ofarb101",4,0,4,0,0,0,0,0,0,0,0,0,0,"","F","F","F","F",1,2,0,3,0,0,0,0,0,0,F,F,"1925PHI.EVN.regular.event.csv",3033
"PHI192507130","SLN",9,1,2,0,0,"",2,2,"sandh101","?","sandh101","?","reina102","?","reina102","?","ofarb101","bottj101","hornr101","belll101","topos101","bladr102","shinr101","flacm101","henlb101","fribb101","wilsj105","3/P3D","F","F",6,1,2,"T","T",0,"F","F",1,"F","F",0,"F","F",3,"P","F","F","3D",0,0,"N",0,"N",0,"N",0,1,2,3,"3","","","","F","F","F","F","F","F","F","F","F","reina102","reina102","reina102","F","F","F","F","F","","","","",0,3,0,0,0,0,0,0,0,81,"PHI","PHI","SLN",1,"F","T",2,2,0,36,5,"T","F",7,7,"T","T","burng101","mokaj101","T","T",0,9,80,4,8,79,2,5,76,"ofarb101","ofarb101","ofarb101",0,0,0,0,0,0,0,0,0,0,0,0,0,"bottj101","F","F","F","F",0,1,2,3,0,0,0,0,0,0,F,F,"1925PHI.EVN.regular.event.csv",3034
"PHI192507130","SLN",10,0,0,0,0,"",2,2,"belll101","?","belll101","?","coucj101","?","coucj101","?","wilsj105","fonsl101","fribb101","hubec101","sandh101","mokaj101","harpg101","burng101","","","","3/G","T","F",5,7,2,"T","T",0,"F","F",1,"F","F",0,"F","F",3,"G","F","F","",0,0,"N",0,"N",0,"N",0,0,0,0,"3","","","","F","F","F","F","F","F","F","F","F","","","","F","F","F","F","F","","","","",0,3,0,0,0,0,0,0,0,82,"PHI","SLN","PHI",0,"T","F",2,2,0,42,0,"T","F",0,0,"T","T","ofarb101","reina102","F","F",0,0,0,0,0,0,0,0,0,"","","",0,0,0,0,0,0,0,0,0,0,0,0,0,"fonsl101","F","F","F","F",0,0,0,0,0,0,0,0,0,0,F,F,"1925PHI.EVN.regular.event.csv",3035
"PHI192507130","SLN",10,0,1,0,0,"",2,2,"ofarb101","?","ofarb101","?","coucj101","?","coucj101","?","wilsj105","fonsl101","fribb101","hubec101","sandh101","mokaj101","harpg101","burng101","","","","S/46","F","F",2,8,20,"T","T",1,"F","F",0,"F","F",0,"F","F",0,"","F","F","46",0,0,"N",0,"N",0,"N",1,0,0,0,"","","","","F","F","F","F","F","F","F","F","F","","","","F","F","F","F","F","","","","",0,0,0,0,0,0,0,0,0,83,"PHI","SLN","PHI",0,"F","F",2,2,0,43,1,"T","F",0,1,"T","T","reina102","bladr102","F","F",0,0,0,0,0,0,0,0,0,"","","",0,0,0,0,0,0,0,0,0,0,0,0,0,"","F","F","F","F",0,0,0,0,0,0,0,0,0,0,F,F,"1925PHI.EVN.regular.event.csv",3036
"PHI192507130","SLN",10,0,1,0,0,"",2,2,"reina102","?","reina102","?","coucj101","?","coucj101","?","wilsj105","fonsl101","fribb101","hubec101","sandh101","mokaj101","harpg101","burng101","ofarb101","","","64(1)/FO","F","F",1,9,2,"T","T",0,"F","F",1,"F","F",0,"F","F",6,"G","F","F","",0,0,"N",0,"N",0,"N",1,0,0,0,"","64","","","F","F","F","F","F","F","F","F","F","coucj101","","","F","F","F","F","F","","","","",0,4,0,0,6,0,0,0,0,84,"PHI","SLN","PHI",0,"F","F",2,2,0,44,2,"T","F",1,1,"T","T","bladr102","shinr101","F","F",2,8,83,0,0,0,0,0,0,"wilsj105","","",0,0,0,0,0,0,0,0,0,0,0,0,0,"sandh101","T","F","F","F",0,0,0,0,0,0,0,0,0,0,F,F,"1925PHI.EVN.regular.event.csv",3037
"PHI192507130","SLN",10,0,2,0,0,"",2,2,"bladr102","?","bladr102","?","coucj101","?","coucj101","?","wilsj105","fonsl101","fribb101","hubec101","sandh101","mokaj101","harpg101","burng101","reina102","","","4/L","F","F",7,1,2,"T","T",0,"F","F",1,"F","F",0,"F","F",4,"L","F","F","",0,0,"N",0,"N",0,"N",0,1,0,0,"4","","","","F","F","F","F","F","F","F","F","F","coucj101","","","F","F","F","F","F","","","","",0,4,0,0,0,0,0,0,0,85,"PHI","SLN","PHI",0,"F","T",2,2,0,45,3,"T","F",1,1,"T","T","shinr101","hornr101","F","F",1,9,84,0,0,0,0,0,0,"wilsj105","","",0,0,0,0,0,0,0,0,0,0,0,0,0,"fribb101","F","F","F","F",0,0,0,0,0,0,0,0,0,0,F,F,"1925PHI.EVN.regular.event.csv",3038
"PHI192507130","SLN",10,1,0,0,0,"X",2,2,"burng101","?","burng101","?","reina102","?","reina102","?","ofarb101","bottj101","hornr101","belll101","topos101","bladr102","shinr101","flacm101","","","","D7/L7L","T","F",9,2,21,"T","T",2,"F","F",0,"F","F",0,"F","F",7,"L","F","F","7L",0,0,"N",0,"N",0,"N",2,0,0,0,"","","","","F","F","F","F","F","F","F","F","F","","","","F","F","F","F","F","","","","",0,0,0,0,0,0,0,0,0,86,"PHI","PHI","SLN",1,"T","F",2,2,0,37,0,"T","F",0,2,"T","T","mokaj101","harpg101","T","T",0,0,0,0,0,0,0,0,0,"","","",0,0,0,0,0,0,1,0,0,0,1,0,0,"bladr102","F","F","F","F",4,0,0,0,1,0,0,0,0,0,F,F,"1925PHI.EVN.regular.event.csv",3039
"PHI192507130","SLN",10,1,0,0,0,"",2,2,"mokaj101","?","mokaj101","?","reina102","?","reina102","?","ofarb101","bottj101","hornr101","belll101","topos101","bladr102","shinr101","flacm101","","burng101","","S5/BG25.2-3","F","F",7,3,20,"T","T",1,"F","F",0,"F","F",0,"F","F",5,"G","T","F","25",0,0,"N",0,"N",0,"N",1,0,3,0,"","","","","F","F","F","F","F","F","F","F","F","","reina102","","F","F","F","F","F","","","","",0,0,0,0,0,0,0,0,0,87,"PHI","PHI","SLN",1,"F","F",2,2,0,38,1,"T","F",2,5,"T","T","harpg101","wilsj105","T","T",0,0,0,9,2,86,0,0,0,"","ofarb101","",0,0,0,0,0,0,0,0,0,0,0,0,0,"belll101","F","F","F","F",2,0,4,0,1,0,0,0,0,0,F,F,"1925PHI.EVN.regular.event.csv",3040
"PHI192507130","SLN",10,1,0,3,0,"BBBX",2,2,"kimmw101","?","kimmw101","?","reina102","?","reina102","?","ofarb101","bottj101","hornr101","belll101","topos101","bladr102","shinr101","flacm101","mokaj101","","burng101","S7/G5.3-H;1-2","F","T",11,4,20,"T","T",1,"F","F",0,"F","F",1,"F","F",7,"G","F","F","5",0,0,"N",0,"N",0,"N",1,2,0,4,"","","","","F","F","F","F","F","F","F","F","F","reina102","","reina102","F","T","F","F","F","","","","harpg101",8,0,0,0,0,0,0,0,0,88,"PHI","PHI","SLN",1,"F","T",2,2,0,39,2,"T","F",5,3,"F","F","wilsj105","fonsl101","T","T",7,3,87,0,0,0,9,2,86,"ofarb101","","ofarb101",3,3,0,0,0,0,1,0,0,0,1,0,1,"bladr102","F","F","F","F",1,2,0,4,0,0,0,0,0,0,F,F,"1925PHI.EVN.regular.event.csv",3041
"PHI192507140","SLN",1,0,0,0,0,"",0,0,"bladr102","?","bladr102","?","pierr101","?","pierr101","?","henlb101","hawkc101","fribb101","hubec101","sandh101","wrigr102","harpg101","willc103","","","","K","T","F",7,1,3,"T","T",0,"F","F",1,"F","F",0,"F","F",0,"","F","F","",0,0,"N",0,"N",0,"N",0,0,0,0,"2","","","","F","F","F","F","F","F","F","F","F","","","","T","F","F","F","F","","","","",0,2,0,0,0,0,0,0,0,1,"PHI","SLN","PHI",0,"T","F",0,0,0,0,0,"T","F",0,0,"T","T","shinr101","hornr101","T","T",0,0,0,0,0,0,0,0,0,"","","",0,0,0,0,0,0,0,0,0,0,0,0,0,"","F","F","F","F",0,0,0,0,0,0,0,0,0,0,F,F,"1925PHI.EVN.regular.event.csv",3042
"PHI192507140","SLN",1,0,1,0,0,"",0,0,"shinr101","?","shinr101","?","pierr101","?","pierr101","?","henlb101","hawkc101","fribb101","hubec101","sandh101","wrigr102","harpg101","willc103","","","","53","F","F",8,2,2,"T","T",0,"F","F",1,"F","F",0,"F","F",5,"G","F","F","",0,0,"N",0,"N",0,"N",0,0,0,0,"53","","","","F","F","F","F","F","F","F","F","F","","","","F","F","F","F","F","","","","",0,3,0,0,5,0,0,0,0,2,"PHI","SLN","PHI",0,"F","F",0,0,0,1,1,"T","F",0,0,"T","T","hornr101","bottj101","T","T",0,0,0,0,0,0,0,0,0,"","","",0,0,0,0,0,0,0,0,0,0,0,0,0,"hubec101","F","F","F","F",0,0,0,0,0,0,0,0,0,0,F,F,"1925PHI.EVN.regular.event.csv",3043
"PHI192507140","SLN",1,0,2,0,0,"",0,0,"hornr101","?","hornr101","?","pierr101","?","pierr101","?","henlb101","hawkc101","fribb101","hubec101","sandh101","wrigr102","harpg101","willc103","","","","43","F","F",4,3,2,"T","T",0,"F","F",1,"F","F",0,"F","F",4,"G","F","F","",0,0,"N",0,"N",0,"N",0,0,0,0,"43","","","","F","F","F","F","F","F","F","F","F","","","","F","F","F","F","F","","","","",0,3,0,0,4,0,0,0,0,3,"PHI","SLN","PHI",0,"F","T",0,0,0,2,2,"T","F",0,0,"T","T","bottj101","topos101","T","T",0,0,0,0,0,0,0,0,0,"","","",0,0,0,0,0,0,0,0,0,0,0,0,0,"fribb101","F","F","F","F",0,0,0,0,0,0,0,0,0,0,F,F,"1925PHI.EVN.regular.event.csv",3044
"PHI192507140","SLN",1,1,0,0,0,"",0,0,"sandh101","?","sandh101","?","dickl101","?","dickl101","?","ofarb101","bottj101","hornr101","belll101","topos101","bladr102","shinr101","flacm101","","","","K/C","T","F",6,1,3,"T","T",0,"F","F",1,"F","F",0,"F","F",0,"","F","F","",0,0,"N",0,"N",0,"N",0,0,0,0,"2","","","","F","F","F","F","F","F","F","F","F","","","","F","F","F","F","F","","","","",0,2,0,0,0,0,0,0,0,4,"PHI","PHI","SLN",1,"T","F",0,0,0,0,0,"T","F",0,0,"T","T","willc103","wrigr102","T","T",0,0,0,0,0,0,0,0,0,"","","",0,0,0,0,0,0,0,0,0,0,0,0,0,"","F","F","F","F",0,0,0,0,0,0,0,0,0,0,F,F,"1925PHI.EVN.regular.event.csv",3045
"PHI192507140","SLN",1,1,1,0,0,"",0,0,"willc103","?","willc103","?","dickl101","?","dickl101","?","ofarb101","bottj101","hornr101","belll101","topos101","bladr102","shinr101","flacm101","","","","E6/G","F","F",9,2,18,"T","T",0,"F","F",0,"F","F",0,"F","F",6,"G","F","F","",1,6,"F",0,"N",0,"N",1,0,0,0,"","","","","F","F","F","F","F","F","F","F","F","","","","F","F","F","F","F","","","","",0,0,0,0,0,0,0,0,0,5,"PHI","PHI","SLN",1,"F","F",0,0,0,1,1,"T","F",0,1,"T","T","wrigr102","harpg101","T","T",0,0,0,0,0,0,0,0,0,"","","",0,0,0,0,0,0,0,0,0,0,0,0,0,"topos101","F","F","F","T",0,0,0,0,0,0,0,0,0,0,F,F,"1925PHI.EVN.regular.event.csv",3046
"PHI192507140","SLN",1,1,1,0,0,"",0,0,"wrigr102","?","wrigr102","?","dickl101","?","dickl101","?","ofarb101","bottj101","hornr101","belll101","topos101","bladr102","shinr101","flacm101","willc103","","","7/F","F","F",7,3,2,"T","T",0,"F","F",1,"F","F",0,"F","F",7,"F","F","F","",0,0,"N",0,"N",0,"N",0,1,0,0,"7","","","","F","F","F","F","F","F","F","F","F","dickl101","","","F","F","F","F","F","","","","",0,7,0,0,0,0,0,0,0,6,"PHI","PHI","SLN",1,"F","F",0,0,0,2,2,"T","F",1,1,"T","T","harpg101","henlb101","T","T",9,2,5,0,0,0,0,0,0,"ofarb101","","",0,0,0,0,0,0,0,0,0,0,0,0,0,"bladr102","F","F","F","F",0,0,0,0,0,0,0,0,0,0,F,F,"1925PHI.EVN.regular.event.csv",3047
"PHI192507140","SLN",1,1,2,0,0,"",0,0,"harpg101","?","harpg101","?","dickl101","?","dickl101","?","ofarb101","bottj101","hornr101","belll101","topos101","bladr102","shinr101","flacm101","willc103","","","7/F","F","F",8,4,2,"T","T",0,"F","F",1,"F","F",0,"F","F",7,"F","F","F","",0,0,"N",0,"N",0,"N",0,1,0,0,"7","","","","F","F","F","F","F","F","F","F","F","dickl101","","","F","F","F","F","F","","","","",0,7,0,0,0,0,0,0,0,7,"PHI","PHI","SLN",1,"F","T",0,0,0,3,3,"T","F",1,1,"T","T","henlb101","hawkc101","T","T",9,2,5,0,0,0,0,0,0,"ofarb101","","",0,0,0,0,0,0,0,0,0,0,0,0,0,"bladr102","F","F","F","F",0,0,0,0,0,0,0,0,0,0,F,F,"1925PHI.EVN.regular.event.csv",3048
"PHI192507140","SLN",2,0,0,0,0,"",0,0,"bottj101","?","bottj101","?","pierr101","?","pierr101","?","henlb101","hawkc101","fribb101","hubec101","sandh101","wrigr102","harpg101","willc103","","","","D9/F9DW","T","F",3,4,21,"T","T",2,"F","F",0,"F","F",0,"F","F",9,"F","F","F","9DW",0,0,"N",0,"N",0,"N",2,0,0,0,"","","","","F","F","F","F","F","F","F","F","F","","","","F","F","F","F","F","","","","",0,0,0,0,0,0,0,0,0,8,"PHI","SLN","PHI",0,"T","F",0,0,0,3,0,"T","F",0,2,"T","T","topos101","flacm101","T","T",0,0,0,0,0,0,0,0,0,"","","",0,0,0,0,0,0,0,0,0,0,0,0,0,"willc103","F","F","F","F",4,0,0,0,1,0,0,0,0,0,F,F,"1925PHI.EVN.regular.event.csv",3049
"PHI192507140","SLN",2,0,0,0,0,"",0,0,"topos101","?","topos101","?","pierr101","?","pierr101","?","henlb101","hawkc101","fribb101","hubec101","sandh101","wrigr102","harpg101","willc103","","bottj101","","3/G.2-3","F","F",6,5,2,"T","T",0,"F","F",1,"F","F",0,"F","F",3,"G","F","F","",0,0,"N",0,"N",0,"N",0,0,3,0,"3","","","","F","F","F","F","F","F","F","F","F","","pierr101","","F","F","F","F","F","","","","",0,3,0,0,0,0,0,0,0,9,"PHI","SLN","PHI",0,"F","F",0,0,0,4,1,"T","F",2,4,"T","T","flacm101","belll101","T","T",0,0,0,3,4,8,0,0,0,"","henlb101","",0,0,0,0,0,0,0,0,0,0,0,0,0,"hawkc101","F","F","F","F",0,0,4,0,1,0,0,0,0,0,F,F,"1925PHI.EVN.regular.event.csv",3050
"PHI192507140","SLN",2,0,1,0,0,"",0,0,"flacm101","?","flacm101","?","pierr101","?","pierr101","?","henlb101","hawkc101","fribb101","hubec101","sandh101","wrigr102","harpg101","willc103","","","bottj101","S9.3-H","F","F",9,6,20,"T","T",1,"F","F",0,"F","F",1,"F","F",9,"","F","F","",0,0,"N",0,"N",0,"N",1,0,0,4,"","","","","F","F","F","F","F","F","F","F","F","","","pierr101","F","F","F","F","F","","","","",0,0,0,0,0,0,0,0,0,10,"PHI","SLN","PHI",0,"F","F",0,0,0,5,2,"T","F",4,1,"T","T","belll101","ofarb101","T","T",0,0,0,0,0,0,3,4,8,"","","henlb101",0,0,0,0,0,0,0,0,0,0,0,0,1,"willc103","F","F","F","F",0,0,0,4,0,0,0,0,0,0,F,F,"1925PHI.EVN.regular.event.csv",3051
"PHI192507140","SLN",2,0,1,0,0,"",1,0,"belll101","?","belll101","?","pierr101","?","pierr101","?","henlb101","hawkc101","fribb101","hubec101","sandh101","wrigr102","harpg101","willc103","flacm101","","","6(1)3/GDP","F","F",5,7,2,"T","T",0,"F","F",2,"T","F",0,"F","F",6,"G","F","F","",0,0,"N",0,"N",0,"N",0,0,0,0,"63","6","","","F","F","F","F","F","F","F","F","F","pierr101","","","F","F","F","F","F","","","","",0,6,3,0,6,0,0,0,0,11,"PHI","SLN","PHI",0,"F","T",1,0,1,6,3,"T","F",1,0,"T","T","ofarb101","dickl101","T","T",9,6,10,0,0,0,0,0,0,"henlb101","","",0,0,0,0,0,0,0,0,0,0,0,0,0,"sandh101","T","F","F","F",0,0,0,0,0,0,0,0,0,0,F,F,"1925PHI.EVN.regular.event.csv",3052
"PHI192507140","SLN",2,1,0,0,0,"",1,0,"henlb101","?","henlb101","?","dickl101","?","dickl101","?","ofarb101","bottj101","hornr101","belll101","topos101","bladr102","shinr101","flacm101","","","","63","T","F",2,5,2,"T","T",0,"F","F",1,"F","F",0,"F","F",6,"G","F","F","",0,0,"N",0,"N",0,"N",0,0,0,0,"63","","","","F","F","F","F","F","F","F","F","F","","","","F","F","F","F","F","","","","",0,3,0,0,6,0,0,0,0,12,"PHI","PHI","SLN",1,"T","F",0,1,0,4,0,"T","F",0,0,"T","T","hawkc101","hubec101","T","T",0,0,0,0,0,0,0,0,0,"","","",0,0,0,0,0,0,0,0,0,0,0,0,0,"topos101","F","F","F","F",0,0,0,0,0,0,0,0,0,0,F,F,"1925PHI.EVN.regular.event.csv",3053
"PHI192507140","SLN",2,1,1,0,0,"",1,0,"hawkc101","?","hawkc101","?","dickl101","?","dickl101","?","ofarb101","bottj101","hornr101","belll101","topos101","bladr102","shinr101","flacm101","","","","7/FL","F","F",3,6,2,"T","T",0,"F","F",1,"F","F",0,"F","F",7,"F","F","T","",0,0,"N",0,"N",0,"N",0,0,0,0,"7","","","","F","F","F","F","F","F","F","F","F","","","","F","F","F","F","F","","","","",0,7,0,0,0,0,0,0,0,13,"PHI","PHI","SLN",1,"F","F",0,1,0,5,1,"T","F",0,0,"T","T","hubec101","fribb101","T","T",0,0,0,0,0,0,0,0,0,"","","",0,0,0,0,0,0,0,0,0,0,0,0,0,"bladr102","F","F","F","F",0,0,0,0,0,0,0,0,0,0,F,F,"1925PHI.EVN.regular.event.csv",3054
"PHI192507140","SLN",2,1,2,0,0,"",1,0,"hubec101","?","hubec101","?","dickl101","?","dickl101","?","ofarb101","bottj101","hornr101","belll101","topos101","bladr102","shinr101","flacm101","","","","S9","F","F",5,7,20,"T","T",1,"F","F",0,"F","F",0,"F","F",9,"","F","F","",0,0,"N",0,"N",0,"N",1,0,0,0,"","","","","F","F","F","F","F","F","F","F","F","","","","F","F","F","F","F","","","","",0,0,0,0,0,0,0,0,0,14,"PHI","PHI","SLN",1,"F","F",0,1,0,6,2,"T","F",0,1,"T","T","fribb101","pierr101","T","T",0,0,0,0,0,0,0,0,0,"","","",0,0,0,0,0,0,0,0,0,0,0,0,0,"flacm101","F","F","F","F",0,0,0,0,0,0,0,0,0,0,F,F,"1925PHI.EVN.regular.event.csv",3055
"PHI192507140","SLN",2,1,2,0,0,"",1,0,"fribb101","?","fribb101","?","dickl101","?","dickl101","?","ofarb101","bottj101","hornr101","belll101","topos101","bladr102","shinr101","flacm101","hubec101","","","4/P","F","F",4,8,2,"T","T",0,"F","F",1,"F","F",0,"F","F",4,"P","F","F","",0,0,"N",0,"N",0,"N",0,1,0,0,"4","","","","F","F","F","F","F","F","F","F","F","dickl101","","","F","F","F","F","F","","","","",0,4,0,0,0,0,0,0,0,15,"PHI","PHI","SLN",1,"F","T",0,1,0,7,3,"T","F",1,1,"T","T","pierr101","sandh101","T","T",5,7,14,0,0,0,0,0,0,"ofarb101","","",0,0,0,0,0,0,0,0,0,0,0,0,0,"hornr101","F","F","F","F",0,0,0,0,0,0,0,0,0,0,F,F,"1925PHI.EVN.regular.event.csv",3056
"PHI192507140","SLN",3,0,0,0,0,"",1,0,"ofarb101","?","ofarb101","?","pierr101","?","pierr101","?","henlb101","hawkc101","fribb101","hubec101","sandh101","wrigr102","harpg101","willc103","","","","S7","T","F",2,8,20,"T","T",1,"F","F",0,"F","F",0,"F","F",7,"","F","F","",0,0,"N",0,"N",0,"N",1,0,0,0,"","","","","F","F","F","F","F","F","F","F","F","","","","F","F","F","F","F","","","","",0,0,0,0,0,0,0,0,0,16,"PHI","SLN","PHI",0,"T","F",1,0,0,7,0,"T","F",0,1,"T","T","dickl101","bladr102","T","T",0,0,0,0,0,0,0,0,0,"","","",0,0,0,0,0,0,0,0,0,0,0,0,0,"wrigr102","F","F","F","F",0,0,0,0,0,0,0,0,0,0,F,F,"1925PHI.EVN.regular.event.csv",3057
"PHI192507140","SLN",3,0,0,0,0,"",1,0,"dickl101","?","dickl101","?","pierr101","?","pierr101","?","henlb101","hawkc101","fribb101","hubec101","sandh101","wrigr102","harpg101","willc103","ofarb101","","","16(1)/FO","F","F",1,9,2,"T","T",0,"F","F",1,"F","F",0,"F","F",1,"G","F","F","",0,0,"N",0,"N",0,"N",1,0,0,0,"","16","","","F","F","F","F","F","F","F","F","F","pierr101","","","F","F","F","F","F","","","","",0,6,0,0,1,0,0,0,0,17,"PHI","SLN","PHI",0,"F","F",1,0,0,8,1,"T","F",1,1,"T","T","bladr102","shinr101","T","T",2,8,16,0,0,0,0,0,0,"henlb101","","",0,0,0,0,0,0,0,0,0,0,0,0,0,"pierr101","T","F","F","F",0,0,0,0,0,0,0,0,0,0,F,F,"1925PHI.EVN.regular.event.csv",3058
"PHI192507140","SLN",3,0,1,0,0,"",1,0,"bladr102","?","bladr102","?","pierr101","?","pierr101","?","henlb101","hawkc101","fribb101","hubec101","sandh101","wrigr102","harpg101","willc103","dickl101","","","2/FL","F","F",7,1,2,"T","T",0,"F","F",1,"F","F",0,"F","F",2,"F","F","T","",0,0,"N",0,"N",0,"N",0,1,0,0,"2","","","","F","F","F","F","F","F","F","F","F","pierr101","","","F","F","F","F","F","","","","",0,2,0,0,0,0,0,0,0,18,"PHI","SLN","PHI",0,"F","F",1,0,0,9,2,"T","F",1,1,"T","T","shinr101","hornr101","T","T",1,9,17,0,0,0,0,0,0,"henlb101","","",0,0,0,0,0,0,0,0,0,0,0,0,0,"henlb101","F","F","F","F",0,0,0,0,0,0,0,0,0,0,F,F,"1925PHI.EVN.regular.event.csv",3059
"PHI192507140","SLN",3,0,2,0,0,"",1,0,"shinr101","?","shinr101","?","pierr101","?","pierr101","?","henlb101","hawkc101","fribb101","hubec101","sandh101","wrigr102","harpg101","willc103","dickl101","","","8/L","F","F",8,2,2,"T","T",0,"F","F",1,"F","F",0,"F","F",8,"L","F","F","",0,0,"N",0,"N",0,"N",0,1,0,0,"8","","","","F","F","F","F","F","F","F","F","F","pierr101","","","F","F","F","F","F","","","","",0,8,0,0,0,0,0,0,0,19,"PHI","SLN","PHI",0,"F","T",1,0,0,10,3,"T","F",1,1,"T","T","hornr101","bottj101","T","T",1,9,17,0,0,0,0,0,0,"henlb101","","",0,0,0,0,0,0,0,0,0,0,0,0,0,"harpg101","F","F","F","F",0,0,0,0,0,0,0,0,0,0,F,F,"1925PHI.EVN.regular.event.csv",3060
"PHI192507140","SLN",3,1,0,0,0,"",1,0,"pierr101","?","pierr101","?","dickl101","?","dickl101","?","ofarb101","bottj101","hornr101","belll101","topos101","bladr102","shinr101","flacm101","","","","63","T","F",1,9,2,"T","T",0,"F","F",1,"F","F",0,"F","F",6,"G","F","F","",0,0,"N",0,"N",0,"N",0,0,0,0,"63","","","","F","F","F","F","F","F","F","F","F","","","","F","F","F","F","F","","","","",0,3,0,0,6,0,0,0,0,20,"PHI","PHI","SLN",1,"T","F",0,1,0,8,0,"T","F",0,0,"T","T","sandh101","willc103","T","T",0,0,0,0,0,0,0,0,0,"","","",0,0,0,0,0,0,0,0,0,0,0,0,0,"topos101","F","F","F","F",0,0,0,0,0,0,0,0,0,0,F,F,"1925PHI.EVN.regular.event.csv",3061
"PHI192507140","SLN",3,1,1,0,0,"",1,0,"sandh101","?","sandh101","?","dickl101","?","dickl101","?","ofarb101","bottj101","hornr101","belll101","topos101","bladr102","shinr101","flacm101","","","","K","F","F",6,1,3,"T","T",0,"F","F",1,"F","F",0,"F","F",0,"","F","F","",0,0,"N",0,"N",0,"N",0,0,0,0,"2","","","","F","F","F","F","F","F","F","F","F","","","","F","F","F","F","F","","","","",0,2,0,0,0,0,0,0,0,21,"PHI","PHI","SLN",1,"F","F",0,1,0,9,1,"T","F",0,0,"T","T","willc103","wrigr102","T","T",0,0,0,0,0,0,0,0,0,"","","",0,0,0,0,0,0,0,0,0,0,0,0,0,"","F","F","F","F",0,0,0,0,0,0,0,0,0,0,F,F,"1925PHI.EVN.regular.event.csv",3062
"PHI192507140","SLN",3,1,2,0,0,"",1,0,"willc103","?","willc103","?","dickl101","?","dickl101","?","ofarb101","bottj101","hornr101","belll101","topos101","bladr102","shinr101","flacm101","","","","6/P","F","F",9,2,2,"T","T",0,"F","F",1,"F","F",0,"F","F",6,"P","F","F","",0,0,"N",0,"N",0,"N",0,0,0,0,"6","","","","F","F","F","F","F","F","F","F","F","","","","F","F","F","F","F","","","","",0,6,0,0,0,0,0,0,0,22,"PHI","PHI","SLN",1,"F","T",0,1,0,10,2,"T","F",0,0,"T","T","wrigr102","harpg101","T","T",0,0,0,0,0,0,0,0,0,"","","",0,0,0,0,0,0,0,0,0,0,0,0,0,"topos101","F","F","F","F",0,0,0,0,0,0,0,0,0,0,F,F,"1925PHI.EVN.regular.event.csv",3063
"PHI192507140","SLN",4,0,0,0,0,"",1,0,"hornr101","?","hornr101","?","pierr101","?","pierr101","?","henlb101","hawkc101","fribb101","hubec101","sandh101","wrigr102","harpg101","willc103","","","","13","T","F",4,3,2,"T","T",0,"F","F",1,"F","F",0,"F","F",1,"G","F","F","",0,0,"N",0,"N",0,"N",0,0,0,0,"13","","","","F","F","F","F","F","F","F","F","F","","","","F","F","F","F","F","","","","",0,3,0,0,1,0,0,0,0,23,"PHI","SLN","PHI",0,"T","F",1,0,0,11,0,"T","F",0,0,"T","T","bottj101","topos101","T","T",0,0,0,0,0,0,0,0,0,"","","",0,0,0,0,0,0,0,0,0,0,0,0,0,"pierr101","F","F","F","F",0,0,0,0,0,0,0,0,0,0,F,F,"1925PHI.EVN.regular.event.csv",3064
"PHI192507140","SLN",4,0,1,0,0,"",1,0,"bottj101","?","bottj101","?","pierr101","?","pierr101","?","henlb101","hawkc101","fribb101","hubec101","sandh101","wrigr102","harpg101","willc103","","","","S9","F","F",3,4,20,"T","T",1,"F","F",0,"F","F",0,"F","F",9,"","F","F","",0,0,"N",0,"N",0,"N",1,0,0,0,"","","","","F","F","F","F","F","F","F","F","F","","","","F","F","F","F","F","","","","",0,0,0,0,0,0,0,0,0,24,"PHI","SLN","PHI",0,"F","F",1,0,0,12,1,"T","F",0,1,"T","T","topos101","flacm101","T","T",0,0,0,0,0,0,0,0,0,"","","",0,0,0,0,0,0,0,0,0,0,0,0,0,"willc103","F","F","F","F",0,0,0,0,0,0,0,0,0,0,F,F,"1925PHI.EVN.regular.event.csv",3065
"PHI192507140","SLN",4,0,1,0,0,"",1,0,"topos101","?","topos101","?","pierr101","?","pierr101","?","henlb101","hawkc101","fribb101","hubec101","sandh101","wrigr102","harpg101","willc103","bottj101","","","54(1)/FO","F","F",6,5,2,"T","T",0,"F","F",1,"F","F",0,"F","F",5,"G","F","F","",0,0,"N",0,"N",0,"N",1,0,0,0,"","54","","","F","F","F","F","F","F","F","F","F","pierr101","","","F","F","F","F","F","","","","",0,4,0,0,5,0,0,0,0,25,"PHI","SLN","PHI",0,"F","F",1,0,0,13,2,"T","F",1,1,"T","T","flacm101","belll101","T","T",3,4,24,0,0,0,0,0,0,"henlb101","","",0,0,0,0,0,0,0,0,0,0,0,0,0,"hubec101","T","F","F","F",0,0,0,0,0,0,0,0,0,0,F,F,"1925PHI.EVN.regular.event.csv",3066
"PHI192507140","SLN",4,0,2,0,0,"",1,0,"flacm101","?","flacm101","?","pierr101","?","pierr101","?","henlb101","hawkc101","fribb101","hubec101","sandh101","wrigr102","harpg101","willc103","topos101","","","S7.1-2","F","F",9,6,20,"T","T",1,"F","F",0,"F","F",0,"F","F",7,"","F","F","",0,0,"N",0,"N",0,"N",1,2,0,0,"","","","","F","F","F","F","F","F","F","F","F","pierr101","","","F","F","F","F","F","","","","",0,0,0,0,0,0,0,0,0,26,"PHI","SLN","PHI",0,"F","F",1,0,0,14,3,"T","F",1,3,"T","T","belll101","ofarb101","T","T",6,5,25,0,0,0,0,0,0,"henlb101","","",0,0,0,0,0,0,0,0,0,0,0,0,0,"wrigr102","F","F","F","F",0,0,0,0,0,0,0,0,0,0,F,F,"1925PHI.EVN.regular.event.csv",3067
"PHI192507140","SLN",4,0,2,0,0,"",1,0,"belll101","?","belll101","?","pierr101","?","pierr101","?","henlb101","hawkc101","fribb101","hubec101","sandh101","wrigr102","harpg101","willc103","flacm101","topos101","","SB3;SB2","F","F",5,7,4,"F","F",0,"F","F",0,"F","F",0,"F","F",0,"","F","F","",0,0,"N",0,"N",0,"N",0,2,3,0,"","","","","T","T","F","F","F","F","F","F","F","pierr101","pierr101","","F","F","F","F","F","","","","",0,0,0,0,0,0,0,0,0,27,"PHI","SLN","PHI",0,"F","F",1,0,0,15,4,"T","F",3,6,"T","T","ofarb101","dickl101","T","T",9,6,26,6,5,25,0,0,0,"henlb101","henlb101","",0,0,0,0,0,0,0,0,0,0,0,0,0,"","F","F","F","F",0,0,0,0,0,0,0,0,0,0,F,F,"1925PHI.EVN.regular.event.csv",3068
"PHI192507140","SLN",4,0,2,0,0,"",1,0,"belll101","?","belll101","?","pierr101","?","pierr101","?","henlb101","hawkc101","fribb101","hubec101","sandh101","wrigr102","harpg101","willc103","","flacm101","topos101","3/P","F","F",5,7,2,"T","T",0,"F","F",1,"F","F",0,"F","F",3,"P","F","F","",0,0,"N",0,"N",0,"N",0,0,2,3,"3","","","","F","F","F","F","F","F","F","F","F","","pierr101","pierr101","F","F","F","F","F","","","","",0,3,0,0,0,0,0,0,0,28,"PHI","SLN","PHI",0,"F","T",1,0,0,15,4,"F","F",6,6,"T","T","ofarb101","dickl101","T","T",0,0,0,9,6,26,6,5,25,"","henlb101","henlb101",0,0,0,0,0,0,0,0,0,0,0,0,0,"hawkc101","F","F","F","F",0,0,0,0,0,0,0,0,0,0,F,F,"1925PHI.EVN.regular.event.csv",3069
"PHI192507140","SLN",4,1,0,0,0,"",1,0,"wrigr102","?","wrigr102","?","dickl101","?","dickl101","?","ofarb101","bottj101","hornr101","belll101","topos101","bladr102","shinr101","flacm101","","","","S9","T","F",7,3,20,"T","T",1,"F","F",0,"F","F",0,"F","F",9,"","F","F","",0,0,"N",0,"N",0,"N",1,0,0,0,"","","","","F","F","F","F","F","F","F","F","F","","","","F","F","F","F","F","","","","",0,0,0,0,0,0,0,0,0,29,"PHI","PHI","SLN",1,"T","F",0,1,0,11,0,"T","F",0,1,"T","T","harpg101","henlb101","T","T",0,0,0,0,0,0,0,0,0,"","","",0,0,0,0,0,0,0,0,0,0,0,0,0,"flacm101","F","F","F","F",4,0,0,0,1,0,0,0,0,0,F,F,"1925PHI.EVN.regular.event.csv",3070
"PHI192507140","SLN",4,1,0,0,0,"",1,0,"harpg101","?","harpg101","?","dickl101","?","dickl101","?","ofarb101","bottj101","hornr101","belll101","topos101","bladr102","shinr101","flacm101","wrigr102","","","S9/G3L.1-3","F","F",8,4,20,"T","T",1,"F","F",0,"F","F",0,"F","F",9,"G","F","F","3L",0,0,"N",0,"N",0,"N",1,3,0,0,"","","","","F","F","F","F","F","F","F","F","F","dickl101","","","F","F","F","F","F","","","","",0,0,0,0,0,0,0,0,0,30,"PHI","PHI","SLN",1,"F","F",0,1,0,12,1,"T","F",1,5,"T","T","henlb101","hawkc101","T","T",7,3,29,0,0,0,0,0,0,"ofarb101","","",0,0,0,0,0,0,0,0,0,0,0,0,0,"flacm101","F","F","F","F",0,4,0,0,1,0,0,0,0,0,F,F,"1925PHI.EVN.regular.event.csv",3071
"PHI192507140","SLN",4,1,0,0,0,"",1,0,"henlb101","?","henlb101","?","dickl101","?","dickl101","?","ofarb101","bottj101","hornr101","belll101","topos101","bladr102","shinr101","flacm101","harpg101","","wrigr102","5/P","F","F",2,5,2,"T","T",0,"F","F",1,"F","F",0,"F","F",5,"P","F","F","",0,0,"N",0,"N",0,"N",0,1,0,3,"5","","","","F","F","F","F","F","F","F","F","F","dickl101","","dickl101","F","F","F","F","F","","","","",0,5,0,0,0,0,0,0,0,31,"PHI","PHI","SLN",1,"F","F",0,1,0,13,2,"T","F",5,5,"T","T","hawkc101","hubec101","T","T",8,4,30,0,0,0,7,3,29,"ofarb101","","ofarb101",0,0,0,0,0,0,0,0,0,0,0,0,0,"belll101","F","F","F","F",0,0,0,4,1,0,0,0,0,0,F,F,"1925PHI.EVN.regular.event.csv",3072
"PHI192507140","SLN",4,1,1,0,0,"",1,0,"hawkc101","?","hawkc101","?","dickl101","?","dickl101","?","ofarb101","bottj101","hornr101","belll101","topos101","bladr102","shinr101","flacm101","harpg101","","wrigr102","16(1)/FO/G.3-H","F","F",3,6,2,"T","T",0,"F","F",1,"F","F",1,"F","F",1,"G","F","F","",0,0,"N",0,"N",0,"N",1,0,0,4,"","16","","","F","F","F","F","F","F","F","F","F","dickl101","","dickl101","F","F","F","F","F","","","","",0,6,0,0,1,0,0,0,0,32,"PHI","PHI","SLN",1,"F","F",0,1,0,14,3,"T","F",5,1,"T","T","hubec101","fribb101","T","T",8,4,30,0,0,0,7,3,29,"ofarb101","","ofarb101",0,0,0,0,0,0,0,0,0,0,0,0,1,"dickl101","T","F","F","F",0,0,0,4,0,0,0,0,0,0,F,F,"1925PHI.EVN.regular.event.csv",3073
"PHI192507140","SLN",4,1,2,0,0,"",1,1,"hubec101","?","hubec101","?","dickl101","?","dickl101","?","ofarb101","bottj101","hornr101","belll101","topos101","bladr102","shinr101","flacm101","hawkc101","","","E6/G.1-3","F","F",5,7,18,"T","T",0,"F","F",0,"F","F",0,"F","F",6,"G","F","F","",1,6,"F",0,"N",0,"N",1,3,0,0,"","","","","F","F","F","F","F","F","F","F","F","dickl101","","","F","F","F","F","F","","","","",0,0,0,0,0,0,0,0,0,33,"PHI","PHI","SLN",1,"F","F",1,1,1,15,4,"T","F",1,5,"T","T","fribb101","pierr101","T","T",3,6,32,0,0,0,0,0,0,"ofarb101","","",0,0,0,0,0,0,0,0,0,0,0,0,0,"topos101","F","F","F","T",0,0,0,0,0,0,0,0,0,0,F,F,"1925PHI.EVN.regular.event.csv",3074
"PHI192507140","SLN",4,1,2,0,0,"",1,1,"fribb101","?","fribb101","?","dickl101","?","dickl101","?","ofarb101","bottj101","hornr101","belll101","topos101","bladr102","shinr101","flacm101","hubec101","","hawkc101","PO3(162)","F","F",4,8,8,"F","F",0,"F","F",1,"F","F",0,"F","F",0,"","F","F","",0,0,"N",0,"N",0,"N",0,1,0,0,"","","","162","F","F","F","F","F","F","F","F","T","dickl101","","dickl101","F","F","F","F","F","","","","",0,2,0,0,1,6,0,0,0,34,"PHI","PHI","SLN",1,"F","T",1,1,1,16,5,"T","T",5,1,"T","T","pierr101","sandh101","T","T",5,7,33,0,0,0,3,6,32,"ofarb101","","ofarb101",0,0,0,0,0,0,0,0,0,0,0,0,0,"","F","F","F","F",0,0,0,0,0,0,0,0,0,0,F,F,"1925PHI.EVN.regular.event.csv",3075
"PHI192507140","SLN",5,0,0,0,0,"",1,1,"ofarb101","?","ofarb101","?","pierr101","?","pierr101","?","henlb101","hawkc101","fribb101","hubec101","sandh101","wrigr102","harpg101","willc103","","","","43","T","F",2,8,2,"T","T",0,"F","F",1,"F","F",0,"F","F",4,"G","F","F","",0,0,"N",0,"N",0,"N",0,0,0,0,"43","","","","F","F","F","F","F","F","F","F","F","","","","F","F","F","F","F","","","","",0,3,0,0,4,0,0,0,0,35,"PHI","SLN","PHI",0,"T","F",1,1,0,16,0,"T","F",0,0,"T","T","dickl101","bladr102","T","T",0,0,0,0,0,0,0,0,0,"","","",0,0,0,0,0,0,0,0,0,0,0,0,0,"fribb101","F","F","F","F",0,0,0,0,1,0,0,0,0,0,F,F,"1925PHI.EVN.regular.event.csv",3076
"PHI192507140","SLN",5,0,1,0,0,"",1,1,"dickl101","?","dickl101","?","pierr101","?","pierr101","?","henlb101","hawkc101","fribb101","hubec101","sandh101","wrigr102","harpg101","willc103","","","","K","F","F",1,9,3,"T","T",0,"F","F",1,"F","F",0,"F","F",0,"","F","F","",0,0,"N",0,"N",0,"N",0,0,0,0,"2","","","","F","F","F","F","F","F","F","F","F","","","","F","F","F","F","F","","","","",0,2,0,0,0,0,0,0,0,36,"PHI","SLN","PHI",0,"F","F",1,1,0,17,1,"T","F",0,0,"T","T","bladr102","shinr101","T","T",0,0,0,0,0,0,0,0,0,"","","",0,0,0,0,0,0,0,0,0,0,0,0,0,"","F","F","F","F",0,0,0,0,1,0,0,0,0,0,F,F,"1925PHI.EVN.regular.event.csv",3077
"PHI192507140","SLN",5,0,2,0,0,"",1,1,"bladr102","?","bladr102","?","pierr101","?","pierr101","?","henlb101","hawkc101","fribb101","hubec101","sandh101","wrigr102","harpg101","willc103","","","","HR87/L8/IPHR","F","F",7,1,23,"T","T",4,"F","F",0,"F","F",1,"F","F",8,"L","F","F","8",0,0,"N",0,"N",0,"N",4,0,0,0,"","","","","F","F","F","F","F","F","F","F","F","","","","F","F","F","F","F","","","","",0,0,0,0,0,0,0,0,0,37,"PHI","SLN","PHI",0,"F","F",1,1,0,18,2,"T","F",0,0,"T","T","shinr101","hornr101","T","T",0,0,0,0,0,0,0,0,0,"","","",0,0,0,0,0,0,0,0,0,0,0,0,1,"harpg101","F","F","F","F",4,0,0,0,0,0,0,0,0,0,F,F,"1925PHI.EVN.regular.event.csv",3078
"PHI192507140","SLN",5,0,2,0,0,"",2,1,"shinr101","?","shinr101","?","pierr101","?","pierr101","?","henlb101","hawkc101","fribb101","hubec101","sandh101","wrigr102","harpg101","willc103","","","","63","F","F",8,2,2,"T","T",0,"F","F",1,"F","F",0,"F","F",6,"G","F","F","",0,0,"N",0,"N",0,"N",0,0,0,0,"63","","","","F","F","F","F","F","F","F","F","F","","","","F","F","F","F","F","","","","",0,3,0,0,6,0,0,0,0,38,"PHI","SLN","PHI",0,"F","T",2,1,1,19,3,"T","F",0,0,"T","T","hornr101","bottj101","T","T",0,0,0,0,0,0,0,0,0,"","","",0,0,0,0,0,0,0,0,0,0,0,0,0,"sandh101","F","F","F","F",0,0,0,0,0,0,0,0,0,0,F,F,"1925PHI.EVN.regular.event.csv",3079
"PHI192507140","SLN",5,1,0,0,0,"",2,1,"fribb101","?","fribb101","?","dickl101","?","dickl101","?","ofarb101","bottj101","hornr101","belll101","topos101","bladr102","shinr101","flacm101","","","","K/C","T","F",4,8,3,"T","T",0,"F","F",1,"F","F",0,"F","F",0,"","F","F","",0,0,"N",0,"N",0,"N",0,0,0,0,"2","","","","F","F","F","F","F","F","F","F","F","","","","F","F","F","F","F","","","","",0,2,0,0,0,0,0,0,0,39,"PHI","PHI","SLN",1,"T","F",1,2,0,16,0,"T","F",0,0,"T","T","pierr101","sandh101","T","T",0,0,0,0,0,0,0,0,0,"","","",0,0,0,0,0,0,0,0,0,0,0,0,0,"","F","F","F","F",0,0,0,0,0,0,0,0,0,0,F,F,"1925PHI.EVN.regular.event.csv",3080
"PHI192507140","SLN",5,1,1,0,0,"",2,1,"pierr101","?","pierr101","?","dickl101","?","dickl101","?","ofarb101","bottj101","hornr101","belll101","topos101","bladr102","shinr101","flacm101","","","","53","F","F",1,9,2,"T","T",0,"F","F",1,"F","F",0,"F","F",5,"G","F","F","",0,0,"N",0,"N",0,"N",0,0,0,0,"53","","","","F","F","F","F","F","F","F","F","F","","","","F","F","F","F","F","","","","",0,3,0,0,5,0,0,0,0,40,"PHI","PHI","SLN",1,"F","F",1,2,0,17,1,"T","F",0,0,"T","T","sandh101","willc103","T","T",0,0,0,0,0,0,0,0,0,"","","",0,0,0,0,0,0,0,0,0,0,0,0,0,"belll101","F","F","F","F",0,0,0,0,0,0,0,0,0,0,F,F,"1925PHI.EVN.regular.event.csv",3081
"PHI192507140","SLN",5,1,2,0,0,"",2,1,"sandh101","?","sandh101","?","dickl101","?","dickl101","?","ofarb101","bottj101","hornr101","belll101","topos101","bladr102","shinr101","flacm101","","","","K","F","F",6,1,3,"T","T",0,"F","F",1,"F","F",0,"F","F",0,"","F","F","",0,0,"N",0,"N",0,"N",0,0,0,0,"2","","","","F","F","F","F","F","F","F","F","F","","","","F","F","F","F","F","","","","",0,2,0,0,0,0,0,0,0,41,"PHI","PHI","SLN",1,"F","T",1,2,0,18,2,"T","F",0,0,"T","T","willc103","wrigr102","T","T",0,0,0,0,0,0,0,0,0,"","","",0,0,0,0,0,0,0,0,0,0,0,0,0,"","F","F","F","F",0,0,0,0,0,0,0,0,0,0,F,F,"1925PHI.EVN.regular.event.csv",3082
"PHI192507140","SLN",6,0,0,0,0,"",2,1,"hornr101","?","hornr101","?","pierr101","?","pierr101","?","henlb101","hawkc101","fribb101","hubec101","sandh101","wrigr102","harpg101","willc103","","","","S7","T","F",4,3,20,"T","T",1,"F","F",0,"F","F",0,"F","F",7,"","F","F","",0,0,"N",0,"N",0,"N",1,0,0,0,"","","","","F","F","F","F","F","F","F","F","F","","","","F","F","F","F","F","","","","",0,0,0,0,0,0,0,0,0,42,"PHI","SLN","PHI",0,"T","F",2,1,0,20,0,"T","F",0,1,"T","T","bottj101","topos101","T","T",0,0,0,0,0,0,0,0,0,"","","",0,0,0,0,0,0,0,0,0,0,0,0,0,"wrigr102","F","F","F","F",4,0,0,0,1,0,0,0,0,0,F,F,"1925PHI.EVN.regular.event.csv",3083
"PHI192507140","SLN",6,0,0,0,0,"",2,1,"bottj101","?","bottj101","?","pierr101","?","pierr101","?","henlb101","hawkc101","fribb101","hubec101","sandh101","wrigr102","harpg101","willc103","hornr101","","","5/P","F","F",3,4,2,"T","T",0,"F","F",1,"F","F",0,"F","F",5,"P","F","F","",0,0,"N",0,"N",0,"N",0,1,0,0,"5","","","","F","F","F","F","F","F","F","F","F","pierr101","","","F","F","F","F","F","","","","",0,5,0,0,0,0,0,0,0,43,"PHI","SLN","PHI",0,"F","F",2,1,0,21,1,"T","F",1,1,"T","T","topos101","flacm101","T","T",4,3,42,0,0,0,0,0,0,"henlb101","","",0,0,0,0,0,0,0,0,0,0,0,0,0,"hubec101","F","F","F","F",0,4,0,0,1,0,0,0,0,0,F,F,"1925PHI.EVN.regular.event.csv",3084
"PHI192507140","SLN",6,0,1,0,0,"",2,1,"topos101","?","topos101","?","pierr101","?","pierr101","?","henlb101","hawkc101","fribb101","hubec101","sandh101","wrigr102","harpg101","willc103","hornr101","","","43.1-2","F","F",6,5,2,"T","T",0,"F","F",1,"F","F",0,"F","F",4,"G","F","F","",0,0,"N",0,"N",0,"N",0,2,0,0,"43","","","","F","F","F","F","F","F","F","F","F","pierr101","","","F","F","F","F","F","","","","",0,3,0,0,4,0,0,0,0,44,"PHI","SLN","PHI",0,"F","F",2,1,0,22,2,"T","F",1,2,"T","T","flacm101","belll101","T","T",4,3,42,0,0,0,0,0,0,"henlb101","","",0,0,0,0,0,0,0,0,0,0,0,0,0,"fribb101","F","F","F","F",0,4,0,0,1,0,0,0,0,0,F,F,"1925PHI.EVN.regular.event.csv",3085
"PHI192507140","SLN",6,0,2,0,0,"",2,1,"flacm101","?","flacm101","?","pierr101","?","pierr101","?","henlb101","hawkc101","fribb101","hubec101","sandh101","wrigr102","harpg101","willc103","","hornr101","","D9/89D.2-H","F","F",9,6,21,"T","T",2,"F","F",0,"F","F",1,"F","F",9,"","F","F","89D",0,0,"N",0,"N",0,"N",2,0,4,0,"","","","","F","F","F","F","F","F","F","F","F","","pierr101","","F","F","F","F","F","","","","",0,0,0,0,0,0,0,0,0,45,"PHI","SLN","PHI",0,"F","F",2,1,0,23,3,"T","F",2,2,"T","T","belll101","ofarb101","T","T",0,0,0,4,3,42,0,0,0,"","henlb101","",0,0,0,0,0,0,0,0,0,0,0,0,1,"willc103","F","F","F","F",0,0,4,0,0,0,0,0,0,0,F,F,"1925PHI.EVN.regular.event.csv",3086
"PHI192507140","SLN",6,0,2,0,0,"",3,1,"belll101","?","belll101","?","pierr101","?","pierr101","?","henlb101","hawkc101","fribb101","hubec101","sandh101","wrigr102","harpg101","willc103","","flacm101","","63","F","F",5,7,2,"T","T",0,"F","F",1,"F","F",0,"F","F",6,"G","F","F","",0,0,"N",0,"N",0,"N",0,0,2,0,"63","","","","F","F","F","F","F","F","F","F","F","","pierr101","","F","F","F","F","F","","","","",0,3,0,0,6,0,0,0,0,46,"PHI","SLN","PHI",0,"F","T",3,1,1,24,4,"T","F",2,2,"T","T","ofarb101","dickl101","T","T",0,0,0,9,6,45,0,0,0,"","henlb101","",0,0,0,0,0,0,0,0,0,0,0,0,0,"sandh101","F","F","F","F",0,0,0,0,0,0,0,0,0,0,F,F,"1925PHI.EVN.regular.event.csv",3087
"PHI192507140","SLN",6,1,0,0,0,"",3,1,"willc103","?","willc103","?","dickl101","?","dickl101","?","ofarb101","bottj101","hornr101","belll101","topos101","bladr102","shinr101","flacm101","","","","S9/L9DW+","T","F",9,2,20,"T","T",1,"F","F",0,"F","F",0,"F","F",9,"L","F","F","9DW",0,0,"N",0,"N",0,"N",1,0,0,0,"","","","","F","F","F","F","F","F","F","F","F","","","","F","F","F","F","F","","","","",0,0,0,0,0,0,0,0,0,47,"PHI","PHI","SLN",1,"T","F",1,3,0,19,0,"T","F",0,1,"T","T","wrigr102","harpg101","T","T",0,0,0,0,0,0,0,0,0,"","","",0,0,0,0,0,0,0,0,0,0,0,0,0,"flacm101","F","F","F","F",0,0,0,0,0,0,0,0,0,0,F,F,"1925PHI.EVN.regular.event.csv",3088
"PHI192507140","SLN",6,1,0,0,0,"",3,1,"wrigr102","?","wrigr102","?","dickl101","?","dickl101","?","ofarb101","bottj101","hornr101","belll101","topos101","bladr102","shinr101","flacm101","willc103","","","36(1)3/GDP","F","F",7,3,2,"T","T",0,"F","F",2,"T","F",0,"F","F",3,"G","F","F","",0,0,"N",0,"N",0,"N",0,0,0,0,"63","36","","","F","F","F","F","F","F","F","F","F","dickl101","","","F","F","F","F","F","","","","",0,6,3,0,3,6,0,0,0,48,"PHI","PHI","SLN",1,"F","F",1,3,0,20,1,"T","F",1,0,"T","T","harpg101","henlb101","T","T",9,2,47,0,0,0,0,0,0,"ofarb101","","",0,0,0,0,0,0,0,0,0,0,0,0,0,"bottj101","T","F","F","F",0,0,0,0,0,0,0,0,0,0,F,F,"1925PHI.EVN.regular.event.csv",3089
"PHI192507140","SLN",6,1,2,0,0,"",3,1,"harpg101","?","harpg101","?","dickl101","?","dickl101","?","ofarb101","bottj101","hornr101","belll101","topos101","bladr102","shinr101","flacm101","","","","5/FL","F","F",8,4,2,"T","T",0,"F","F",1,"F","F",0,"F","F",5,"F","F","T","",0,0,"N",0,"N",0,"N",0,0,0,0,"5","","","","F","F","F","F","F","F","F","F","F","","","","F","F","F","F","F","","","","",0,5,0,0,0,0,0,0,0,49,"PHI","PHI","SLN",1,"F","T",1,3,0,21,2,"T","F",0,0,"T","T","henlb101","hawkc101","T","T",0,0,0,0,0,0,0,0,0,"","","",0,0,0,0,0,0,0,0,0,0,0,0,0,"belll101","F","F","F","F",0,0,0,0,0,0,0,0,0,0,F,F,"1925PHI.EVN.regular.event.csv",3090
"PHI192507140","SLN",7,0,0,0,0,"",3,1,"ofarb101","?","ofarb101","?","pierr101","?","pierr101","?","henlb101","hawkc101","fribb101","hubec101","sandh101","wrigr102","harpg101","willc103","","","","43","T","F",2,8,2,"T","T",0,"F","F",1,"F","F",0,"F","F",4,"G","F","F","",0,0,"N",0,"N",0,"N",0,0,0,0,"43","","","","F","F","F","F","F","F","F","F","F","","","","F","F","F","F","F","","","","",0,3,0,0,4,0,0,0,0,50,"PHI","SLN","PHI",0,"T","F",3,1,0,25,0,"T","F",0,0,"T","T","dickl101","bladr102","T","T",0,0,0,0,0,0,0,0,0,"","","",0,0,0,0,0,0,0,0,0,0,0,0,0,"fribb101","F","F","F","F",0,0,0,0,0,0,0,0,0,0,F,F,"1925PHI.EVN.regular.event.csv",3091
"PHI192507140","SLN",7,0,1,0,0,"",3,1,"dickl101","?","dickl101","?","pierr101","?","pierr101","?","henlb101","hawkc101","fribb101","hubec101","sandh101","wrigr102","harpg101","willc103","","","","53","F","F",1,9,2,"T","T",0,"F","F",1,"F","F",0,"F","F",5,"G","F","F","",0,0,"N",0,"N",0,"N",0,0,0,0,"53","","","","F","F","F","F","F","F","F","F","F","","","","F","F","F","F","F","","","","",0,3,0,0,5,0,0,0,0,51,"PHI","SLN","PHI",0,"F","F",3,1,0,26,1,"T","F",0,0,"T","T","bladr102","shinr101","T","T",0,0,0,0,0,0,0,0,0,"","","",0,0,0,0,0,0,0,0,0,0,0,0,0,"hubec101","F","F","F","F",0,0,0,0,0,0,0,0,0,0,F,F,"1925PHI.EVN.regular.event.csv",3092
"PHI192507140","SLN",7,0,2,0,0,"",3,1,"bladr102","?","bladr102","?","pierr101","?","pierr101","?","henlb101","hawkc101","fribb101","hubec101","sandh101","wrigr102","harpg101","willc103","","","","9/F","F","F",7,1,2,"T","T",0,"F","F",1,"F","F",0,"F","F",9,"F","F","F","",0,0,"N",0,"N",0,"N",0,0,0,0,"9","","","","F","F","F","F","F","F","F","F","F","","","","F","F","F","F","F","","","","",0,9,0,0,0,0,0,0,0,52,"PHI","SLN","PHI",0,"F","T",3,1,0,27,2,"T","F",0,0,"T","T","shinr101","hornr101","T","T",0,0,0,0,0,0,0,0,0,"","","",0,0,0,0,0,0,0,0,0,0,0,0,0,"willc103","F","F","F","F",0,0,0,0,0,0,0,0,0,0,F,F,"1925PHI.EVN.regular.event.csv",3093
"PHI192507140","SLN",7,1,0,0,0,"",3,1,"henlb101","?","henlb101","?","dickl101","?","dickl101","?","ofarb101","bottj101","hornr101","belll101","topos101","bladr102","shinr101","flacm101","","","","W","T","F",2,5,14,"T","F",0,"F","F",0,"F","F",0,"F","F",0,"","F","F","",0,0,"N",0,"N",0,"N",1,0,0,0,"","","","","F","F","F","F","F","F","F","F","F","","","","F","F","F","F","F","","","","",0,0,0,0,0,0,0,0,0,53,"PHI","PHI","SLN",1,"T","F",1,3,0,22,0,"T","F",0,1,"T","T","hawkc101","hubec101","T","T",0,0,0,0,0,0,0,0,0,"","","",0,0,0,0,0,0,0,0,0,0,0,0,0,"","F","F","F","F",4,0,0,0,1,0,0,0,0,0,F,F,"1925PHI.EVN.regular.event.csv",3094
"PHI192507140","SLN",7,1,0,0,0,"",3,1,"hawkc101","?","hawkc101","?","dickl101","?","dickl101","?","ofarb101","bottj101","hornr101","belll101","topos101","bladr102","shinr101","flacm101","henlb101","","","8/L","F","F",3,6,2,"T","T",0,"F","F",1,"F","F",0,"F","F",8,"L","F","F","",0,0,"N",0,"N",0,"N",0,1,0,0,"8","","","","F","F","F","F","F","F","F","F","F","dickl101","","","F","F","F","F","F","","","","",0,8,0,0,0,0,0,0,0,54,"PHI","PHI","SLN",1,"F","F",1,3,0,23,1,"T","F",1,1,"T","T","hubec101","fribb101","T","T",2,5,53,0,0,0,0,0,0,"ofarb101","","",0,0,0,0,0,0,0,0,0,0,0,0,0,"shinr101","F","F","F","F",0,4,0,0,1,0,0,0,0,0,F,F,"1925PHI.EVN.regular.event.csv",3095
"PHI192507140","SLN",7,1,1,0,0,"",3,1,"hubec101","?","hubec101","?","dickl101","?","dickl101","?","ofarb101","bottj101","hornr101","belll101","topos101","bladr102","shinr101","flacm101","henlb101","","","D8/89XDW.1-H","F","F",5,7,21,"T","T",2,"F","F",0,"F","F",1,"F","F",8,"","F","F","89XDW",0,0,"N",0,"N",0,"N",2,4,0,0,"","","","","F","F","F","F","F","F","F","F","F","dickl101","","","F","F","F","F","F","","","","",0,0,0,0,0,0,0,0,0,55,"PHI","PHI","SLN",1,"F","F",1,3,0,24,2,"T","F",1,2,"T","T","fribb101","pierr101","T","T",2,5,53,0,0,0,0,0,0,"ofarb101","","",0,0,0,0,0,0,0,0,0,0,0,0,1,"shinr101","F","F","F","F",0,4,0,0,0,0,0,0,0,0,F,F,"1925PHI.EVN.regular.event.csv",3096
"PHI192507140","SLN",7,1,1,0,0,"",3,2,"fribb101","?","fribb101","?","dickl101","?","dickl101","?","ofarb101","bottj101","hornr101","belll101","topos101","bladr102","shinr101","flacm101","","hubec101","","3/LDP/L.2X2(36)","F","F",4,8,2,"T","T",0,"F","F",2,"T","F",0,"F","F",3,"L","F","F","",0,0,"N",0,"N",0,"N",0,0,0,0,"3","","36","","F","F","F","F","F","F","F","F","F","","dickl101","","F","F","F","F","F","","","","",0,3,6,0,3,0,0,0,0,56,"PHI","PHI","SLN",1,"F","T",2,3,1,25,3,"T","F",2,0,"T","T","pierr101","sandh101","T","T",0,0,0,5,7,55,0,0,0,"","ofarb101","",0,0,0,0,0,0,0,0,0,0,0,0,0,"bottj101","F","F","F","F",0,0,0,0,0,0,0,0,0,0,F,F,"1925PHI.EVN.regular.event.csv",3097
"PHI192507140","SLN",8,0,0,0,0,"",3,2,"shinr101","?","shinr101","?","pierr101","?","pierr101","?","henlb101","hawkc101","fribb101","hubec101","sandh101","wrigr102","harpg101","willc103","","","","9/F","T","F",8,2,2,"T","T",0,"F","F",1,"F","F",0,"F","F",9,"F","F","F","",0,0,"N",0,"N",0,"N",0,0,0,0,"9","","","","F","F","F","F","F","F","F","F","F","","","","F","F","F","F","F","","","","",0,9,0,0,0,0,0,0,0,57,"PHI","SLN","PHI",0,"T","F",3,2,0,28,0,"T","F",0,0,"T","T","hornr101","bottj101","T","T",0,0,0,0,0,0,0,0,0,"","","",0,0,0,0,0,0,0,0,0,0,0,0,0,"willc103","F","F","F","F",0,0,0,0,0,0,0,0,0,0,F,F,"1925PHI.EVN.regular.event.csv",3098
"PHI192507140","SLN",8,0,1,0,0,"",3,2,"hornr101","?","hornr101","?","pierr101","?","pierr101","?","henlb101","hawkc101","fribb101","hubec101","sandh101","wrigr102","harpg101","willc103","","","","S9","F","F",4,3,20,"T","T",1,"F","F",0,"F","F",0,"F","F",9,"","F","F","",0,0,"N",0,"N",0,"N",1,0,0,0,"","","","","F","F","F","F","F","F","F","F","F","","","","F","F","F","F","F","","","","",0,0,0,0,0,0,0,0,0,58,"PHI","SLN","PHI",0,"F","F",3,2,0,29,1,"T","F",0,1,"T","T","bottj101","topos101","T","T",0,0,0,0,0,0,0,0,0,"","","",0,0,0,0,0,0,0,0,0,0,0,0,0,"willc103","F","F","F","F",0,0,0,0,0,0,0,0,0,0,F,F,"1925PHI.EVN.regular.event.csv",3099
"PHI192507140","SLN",8,0,1,0,0,"",3,2,"bottj101","?","bottj101","?","pierr101","?","pierr101","?","henlb101","hawkc101","fribb101","hubec101","sandh101","wrigr102","harpg101","willc103","hornr101","","","7/F","F","F",3,4,2,"T","T",0,"F","F",1,"F","F",0,"F","F",7,"F","F","F","",0,0,"N",0,"N",0,"N",0,1,0,0,"7","","","","F","F","F","F","F","F","F","F","F","pierr101","","","F","F","F","F","F","","","","",0,7,0,0,0,0,0,0,0,59,"PHI","SLN","PHI",0,"F","F",3,2,0,30,2,"T","F",1,1,"T","T","topos101","flacm101","T","T",4,3,58,0,0,0,0,0,0,"henlb101","","",0,0,0,0,0,0,0,0,0,0,0,0,0,"wrigr102","F","F","F","F",0,0,0,0,0,0,0,0,0,0,F,F,"1925PHI.EVN.regular.event.csv",3100
"PHI192507140","SLN",8,0,2,0,0,"",3,2,"topos101","?","topos101","?","pierr101","?","pierr101","?","henlb101","hawkc101","fribb101","hubec101","sandh101","wrigr102","harpg101","willc103","hornr101","","","3/P","F","F",6,5,2,"T","T",0,"F","F",1,"F","F",0,"F","F",3,"P","F","F","",0,0,"N",0,"N",0,"N",0,1,0,0,"3","","","","F","F","F","F","F","F","F","F","F","pierr101","","","F","F","F","F","F","","","","",0,3,0,0,0,0,0,0,0,60,"PHI","SLN","PHI",0,"F","T",3,2,0,31,3,"T","F",1,1,"T","T","flacm101","belll101","T","T",4,3,58,0,0,0,0,0,0,"henlb101","","",0,0,0,0,0,0,0,0,0,0,0,0,0,"hawkc101","F","F","F","F",0,0,0,0,0,0,0,0,0,0,F,F,"1925PHI.EVN.regular.event.csv",3101
"PHI192507140","SLN",8,1,0,0,0,"",3,2,"pierr101","?","pierr101","?","dickl101","?","dickl101","?","ofarb101","bottj101","hornr101","belll101","topos101","bladr102","shinr101","flacm101","","","","S9","T","F",1,9,20,"T","T",1,"F","F",0,"F","F",0,"F","F",9,"","F","F","",0,0,"N",0,"N",0,"N",1,0,0,0,"","","","","F","F","F","F","F","F","F","F","F","","","","F","F","F","F","F","","","","",0,0,0,0,0,0,0,0,0,61,"PHI","PHI","SLN",1,"T","F",2,3,0,26,0,"T","F",0,1,"T","T","sandh101","willc103","T","T",0,0,0,0,0,0,0,0,0,"","","",0,0,0,0,0,0,0,0,0,0,0,0,0,"flacm101","F","F","F","F",4,0,0,0,4,0,0,0,0,0,F,F,"1925PHI.EVN.regular.event.csv",3102
"PHI192507140","SLN",8,1,0,0,0,"X",3,2,"wilsj105","?","wilsj105","?","dickl101","?","dickl101","?","ofarb101","bottj101","hornr101","belll101","topos101","bladr102","shinr101","flacm101","pierr101","","","S9/L.1-2","F","T",11,1,20,"T","T",1,"F","F",0,"F","F",0,"F","F",9,"L","F","F","",0,0,"N",0,"N",0,"N",1,2,0,0,"","","","","F","F","F","F","F","F","F","F","F","dickl101","","","F","F","F","F","F","","","","sandh101",6,0,0,0,0,0,0,0,0,62,"PHI","PHI","SLN",1,"F","F",2,3,0,27,1,"T","F",1,3,"F","F","willc103","wrigr102","T","T",1,9,61,0,0,0,0,0,0,"ofarb101","","",0,0,0,0,0,0,1,0,0,0,1,0,0,"flacm101","F","F","F","F",4,4,0,0,4,0,0,0,0,0,F,F,"1925PHI.EVN.regular.event.csv",3103
"PHI192507140","SLN",8,1,0,2,2,"",3,2,"willc103","?","willc103","?","dickl101","?","dickl101","?","ofarb101","bottj101","hornr101","belll101","topos101","bladr102","shinr101","flacm101","wilsj105","pierr101","","HR/F9D.2-H;1-H","F","F",9,2,23,"T","T",4,"F","F",0,"F","F",3,"F","F",0,"F","F","F","9D",0,0,"N",0,"N",0,"N",4,4,4,0,"","","","","F","F","F","F","F","F","F","F","F","dickl101","dickl101","","F","F","F","F","F","","","","",0,0,0,0,0,0,0,0,0,63,"PHI","PHI","SLN",1,"F","F",2,3,0,28,2,"T","F",3,0,"T","T","wrigr102","harpg101","T","T",0,1,62,1,9,61,0,0,0,"ofarb101","ofarb101","",0,0,0,0,0,0,0,0,0,0,0,0,3,"","F","F","F","F",4,4,4,0,1,0,0,0,0,0,F,F,"1925PHI.EVN.regular.event.csv",3104
"PHI192507140","SLN",8,1,0,0,0,"",3,5,"wrigr102","?","wrigr102","?","dickl101","?","dickl101","?","ofarb101","bottj101","hornr101","belll101","topos101","bladr102","shinr101","flacm101","","","","W","F","F",7,3,14,"T","F",0,"F","F",0,"F","F",0,"F","F",0,"","F","F","",0,0,"N",0,"N",0,"N",1,0,0,0,"","","","","F","F","F","F","F","F","F","F","F","","","","F","F","F","F","F","","","","",0,0,0,0,0,0,0,0,0,64,"PHI","PHI","SLN",1,"F","F",5,3,3,29,3,"T","F",0,1,"T","T","harpg101","henlb101","T","T",0,0,0,0,0,0,0,0,0,"","","",0,0,0,0,0,0,0,0,0,0,0,0,0,"","F","F","F","F",4,0,0,0,1,0,0,0,0,0,F,F,"1925PHI.EVN.regular.event.csv",3105
"PHI192507140","SLN",8,1,0,0,0,"",3,5,"harpg101","?","harpg101","?","sotha101","?","sotha101","?","ofarb101","bottj101","hornr101","belll101","topos101","bladr102","shinr101","flacm101","wrigr102","","","53/SH.1-2","F","F",8,4,2,"T","F",0,"T","F",1,"F","F",0,"F","F",5,"G","T","F","",0,0,"N",0,"N",0,"N",0,2,0,0,"53","","","","F","F","F","F","F","F","F","F","F","dickl101","","","F","F","F","F","F","","","","",0,3,0,0,5,0,0,0,0,65,"PHI","PHI","SLN",1,"F","F",5,3,3,30,4,"T","F",1,2,"T","T","henlb101","hawkc101","F","F",7,3,64,0,0,0,0,0,0,"ofarb101","","",0,0,0,0,0,0,0,0,0,0,0,0,0,"belll101","F","F","F","F",0,4,0,0,1,0,0,0,0,0,F,F,"1925PHI.EVN.regular.event.csv",3106
"PHI192507140","SLN",8,1,1,0,0,"",3,5,"henlb101","?","henlb101","?","sotha101","?","sotha101","?","ofarb101","bottj101","hornr101","belll101","topos101","bladr102","shinr101","flacm101","","wrigr102","","S8/78.2-H","F","F",2,5,20,"T","T",1,"F","F",0,"F","F",1,"F","F",8,"","F","F","78",0,0,"N",0,"N",0,"N",1,0,4,0,"","","","","F","F","F","F","F","F","F","F","F","","dickl101","","F","F","F","F","F","","","","",0,0,0,0,0,0,0,0,0,66,"PHI","PHI","SLN",1,"F","F",5,3,3,31,5,"T","F",2,1,"T","T","hawkc101","hubec101","F","F",0,0,0,7,3,64,0,0,0,"","ofarb101","",0,0,0,0,0,0,0,0,0,0,0,0,1,"shinr101","F","F","F","F",1,0,4,0,0,0,0,0,0,0,F,F,"1925PHI.EVN.regular.event.csv",3107
"PHI192507140","SLN",8,1,1,0,0,"",3,6,"hawkc101","?","hawkc101","?","sotha101","?","sotha101","?","ofarb101","bottj101","hornr101","belll101","topos101","bladr102","shinr101","flacm101","henlb101","","","K/C","F","F",3,6,3,"T","T",0,"F","F",1,"F","F",0,"F","F",0,"","F","F","",0,0,"N",0,"N",0,"N",0,1,0,0,"2","","","","F","F","F","F","F","F","F","F","F","sotha101","","","F","F","F","F","F","","","","",0,2,0,0,0,0,0,0,0,67,"PHI","PHI","SLN",1,"F","F",6,3,4,32,6,"T","F",1,1,"T","T","hubec101","fribb101","F","F",2,5,66,0,0,0,0,0,0,"ofarb101","","",0,0,0,0,0,0,0,0,0,0,0,0,0,"","F","F","F","F",0,1,0,0,0,0,0,0,0,0,F,F,"1925PHI.EVN.regular.event.csv",3108
"PHI192507140","SLN",8,1,2,0,0,"",3,6,"hubec101","?","hubec101","?","sotha101","?","sotha101","?","ofarb101","bottj101","hornr101","belll101","topos101","bladr102","shinr101","flacm101","henlb101","","","K","F","F",5,7,3,"T","T",0,"F","F",1,"F","F",0,"F","F",0,"","F","F","",0,0,"N",0,"N",0,"N",0,1,0,0,"2","","","","F","F","F","F","F","F","F","F","F","sotha101","","","F","F","F","F","F","","","","",0,2,0,0,0,0,0,0,0,68,"PHI","PHI","SLN",1,"F","T",6,3,4,33,7,"T","F",1,1,"T","T","fribb101","pierr101","F","F",2,5,66,0,0,0,0,0,0,"ofarb101","","",0,0,0,0,0,0,0,0,0,0,0,0,0,"","F","F","F","F",0,1,0,0,0,0,0,0,0,0,F,F,"1925PHI.EVN.regular.event.csv",3109
"PHI192507140","SLN",9,0,0,0,0,"",3,6,"flacm101","?","flacm101","?","pierr101","?","pierr101","?","henlb101","hawkc101","fribb101","hubec101","kimmw101","wrigr102","harpg101","willc103","","","","8/F","T","F",9,6,2,"T","T",0,"F","F",1,"F","F",0,"F","F",8,"F","F","F","",0,0,"N",0,"N",0,"N",0,0,0,0,"8","","","","F","F","F","F","F","F","F","F","F","","","","F","F","F","F","F","","","","",0,8,0,0,0,0,0,0,0,69,"PHI","SLN","PHI",0,"T","F",3,6,0,32,0,"T","F",0,0,"T","T","belll101","ofarb101","T","T",0,0,0,0,0,0,0,0,0,"","","",0,0,0,0,0,0,0,0,0,0,0,0,0,"harpg101","F","F","F","F",0,0,0,0,1,0,0,0,0,0,F,F,"1925PHI.EVN.regular.event.csv",3110
"PHI192507140","SLN",9,0,1,0,0,"",3,6,"belll101","?","belll101","?","pierr101","?","pierr101","?","henlb101","hawkc101","fribb101","hubec101","kimmw101","wrigr102","harpg101","willc103","","","","S8","F","F",5,7,20,"T","T",1,"F","F",0,"F","F",0,"F","F",8,"","F","F","",0,0,"N",0,"N",0,"N",1,0,0,0,"","","","","F","F","F","F","F","F","F","F","F","","","","F","F","F","F","F","","","","",0,0,0,0,0,0,0,0,0,70,"PHI","SLN","PHI",0,"F","F",3,6,0,33,1,"T","F",0,1,"T","T","ofarb101","sotha101","T","T",0,0,0,0,0,0,0,0,0,"","","",0,0,0,0,0,0,0,0,0,0,0,0,0,"harpg101","F","F","F","F",4,0,0,0,1,0,0,0,0,0,F,F,"1925PHI.EVN.regular.event.csv",3111
"PHI192507140","SLN",9,0,1,0,0,"",3,6,"ofarb101","?","ofarb101","?","pierr101","?","pierr101","?","henlb101","hawkc101","fribb101","hubec101","kimmw101","wrigr102","harpg101","willc103","belll101","","","W.1-2","F","F",2,8,14,"T","F",0,"F","F",0,"F","F",0,"F","F",0,"","F","F","",0,0,"N",0,"N",0,"N",1,2,0,0,"","","","","F","F","F","F","F","F","F","F","F","pierr101","","","F","F","F","F","F","","","","",0,0,0,0,0,0,0,0,0,71,"PHI","SLN","PHI",0,"F","F",3,6,0,34,2,"T","F",1,3,"T","T","sotha101","bladr102","T","T",5,7,70,0,0,0,0,0,0,"henlb101","","",0,0,0,0,0,0,0,0,0,0,0,0,0,"","F","F","F","F",0,4,0,0,1,0,0,0,0,0,F,F,"1925PHI.EVN.regular.event.csv",3112
"PHI192507140","SLN",9,0,1,0,0,"H",3,6,"schmw102","?","schmw102","?","pierr101","?","pierr101","?","henlb101","hawkc101","fribb101","hubec101","kimmw101","wrigr102","harpg101","willc103","ofarb101","belll101","","HP.2-3;1-2","F","T",11,9,16,"T","F",0,"F","F",0,"F","F",0,"F","F",0,"","F","F","",0,0,"N",0,"N",0,"N",1,2,3,0,"","","","","F","F","F","F","F","F","F","F","F","pierr101","pierr101","","F","F","F","F","F","","","","sotha101",1,0,0,0,0,0,0,0,0,72,"PHI","SLN","PHI",0,"F","F",3,6,0,35,3,"T","F",3,7,"F","F","bladr102","shinr101","T","T",2,8,71,5,7,70,0,0,0,"henlb101","henlb101","",1,0,0,0,1,0,0,0,0,0,0,0,0,"","F","F","F","F",2,0,4,0,1,0,0,0,0,0,F,F,"1925PHI.EVN.regular.event.csv",3113
"PHI192507140","SLN",9,0,1,0,0,"",3,6,"bladr102","?","bladr102","?","knigj103","?","knigj103","?","henlb101","hawkc101","fribb101","hubec101","kimmw101","wrigr102","harpg101","willc103","smitj106","ofarb101","belll101","5(2)/FO/G5L.3-H;1-2","F","F",7,1,2,"T","T",0,"F","F",1,"F","F",1,"F","F",5,"G","F","F","5L",0,0,"N",0,"N",0,"N",1,2,0,4,"","","5","","F","F","F","F","F","F","F","F","F","pierr101","pierr101","pierr101","F","F","T","F","F","schmw102","","","",0,5,0,0,0,0,0,0,0,73,"PHI","SLN","PHI",0,"F","F",3,6,0,36,4,"T","F",7,3,"T","T","shinr101","hornr101","F","F",0,9,72,2,8,71,5,7,70,"henlb101","henlb101","henlb101",0,0,0,0,0,0,0,0,0,0,0,0,1,"hubec101","F","T","F","F",1,2,0,4,0,0,0,0,0,0,F,F,"1925PHI.EVN.regular.event.csv",3114
"PHI192507140","SLN",9,0,2,0,0,"",4,6,"shinr101","?","shinr101","?","knigj103","?","knigj103","?","henlb101","hawkc101","fribb101","hubec101","kimmw101","wrigr102","harpg101","willc103","bladr102","smitj106","","6/L","F","F",8,2,2,"T","T",0,"F","F",1,"F","F",0,"F","F",6,"L","F","F","",0,0,"N",0,"N",0,"N",0,1,2,0,"6","","","","F","F","F","F","F","F","F","F","F","pierr101","pierr101","","F","T","F","F","F","","","","",0,6,0,0,0,0,0,0,0,74,"PHI","SLN","PHI",0,"F","T",4,6,1,37,5,"T","F",3,3,"T","T","hornr101","bottj101","F","F",7,1,73,0,9,72,0,0,0,"henlb101","henlb101","",0,0,0,0,0,0,0,0,0,0,0,0,0,"kimmw101","F","F","F","F",0,1,2,0,0,0,0,0,0,0,F,F,"1925PHI.EVN.regular.event.csv",3115
"PHI192507150","CHN",1,0,0,0,0,"",0,0,"adams101","?","adams101","?","ringj101","?","ringj101","?","wilsj105","hawkc101","fribb101","hubec101","sandh101","wrigr102","harpg101","willc103","","","","8/L","T","F",4,1,2,"T","T",0,"F","F",1,"F","F",0,"F","F",8,"L","F","F","",0,0,"N",0,"N",0,"N",0,0,0,0,"8","","","","F","F","F","F","F","F","F","F","F","","","","T","F","F","F","F","","","","",0,8,0,0,0,0,0,0,0,1,"PHI","CHN","PHI",0,"T","F",0,0,0,0,0,"T","F",0,0,"T","T","marar101","heatc101","T","T",0,0,0,0,0,0,0,0,0,"","","",0,0,0,0,0,0,0,0,0,0,0,0,0,"harpg101","F","F","F","F",0,0,0,0,0,0,0,0,0,0,F,F,"1925PHI.EVN.regular.event.csv",3116
"PHI192507150","CHN",1,0,1,0,0,"",0,0,"marar101","?","marar101","?","ringj101","?","ringj101","?","wilsj105","hawkc101","fribb101","hubec101","sandh101","wrigr102","harpg101","willc103","","","","S8","F","F",6,2,20,"T","T",1,"F","F",0,"F","F",0,"F","F",8,"","F","F","",0,0,"N",0,"N",0,"N",1,0,0,0,"","","","","F","F","F","F","F","F","F","F","F","","","","F","F","F","F","F","","","","",0,0,0,0,0,0,0,0,0,2,"PHI","CHN","PHI",0,"F","F",0,0,0,1,1,"T","F",0,1,"T","T","heatc101","freih101","T","T",0,0,0,0,0,0,0,0,0,"","","",0,0,0,0,0,0,0,0,0,0,0,0,0,"harpg101","F","F","F","F",0,0,0,0,0,0,0,0,0,0,F,F,"1925PHI.EVN.regular.event.csv",3117
"PHI192507150","CHN",1,0,1,0,0,"",0,0,"heatc101","?","heatc101","?","ringj101","?","ringj101","?","wilsj105","hawkc101","fribb101","hubec101","sandh101","wrigr102","harpg101","willc103","marar101","","","S8.1-2","F","F",9,3,20,"T","T",1,"F","F",0,"F","F",0,"F","F",8,"","F","F","",0,0,"N",0,"N",0,"N",1,2,0,0,"","","","","F","F","F","F","F","F","F","F","F","ringj101","","","F","F","F","F","F","","","","",0,0,0,0,0,0,0,0,0,3,"PHI","CHN","PHI",0,"F","F",0,0,0,2,2,"T","F",1,3,"T","T","freih101","grift102","T","T",6,2,2,0,0,0,0,0,0,"wilsj105","","",0,0,0,0,0,0,0,0,0,0,0,0,0,"harpg101","F","F","F","F",0,0,0,0,0,0,0,0,0,0,F,F,"1925PHI.EVN.regular.event.csv",3118
"PHI192507150","CHN",1,0,1,0,0,"",0,0,"freih101","?","freih101","?","ringj101","?","ringj101","?","wilsj105","hawkc101","fribb101","hubec101","sandh101","wrigr102","harpg101","willc103","heatc101","marar101","","4/P","F","F",5,4,2,"T","T",0,"F","F",1,"F","F",0,"F","F",4,"P","F","F","",0,0,"N",0,"N",0,"N",0,1,2,0,"4","","","","F","F","F","F","F","F","F","F","F","ringj101","ringj101","","F","F","F","F","F","","","","",0,4,0,0,0,0,0,0,0,4,"PHI","CHN","PHI",0,"F","F",0,0,0,3,3,"T","F",3,3,"T","T","grift102","grigd101","T","T",9,3,3,6,2,2,0,0,0,"wilsj105","wilsj105","",0,0,0,0,0,0,0,0,0,0,0,0,0,"fribb101","F","F","F","F",0,0,0,0,0,0,0,0,0,0,F,F,"1925PHI.EVN.regular.event.csv",3119
"PHI192507150","CHN",1,0,2,0,0,"",0,0,"grift102","?","grift102","?","ringj101","?","ringj101","?","wilsj105","hawkc101","fribb101","hubec101","sandh101","wrigr102","harpg101","willc103","heatc101","marar101","","3/P","F","F",7,5,2,"T","T",0,"F","F",1,"F","F",0,"F","F",3,"P","F","F","",0,0,"N",0,"N",0,"N",0,1,2,0,"3","","","","F","F","F","F","F","F","F","F","F","ringj101","ringj101","","F","F","F","F","F","","","","",0,3,0,0,0,0,0,0,0,5,"PHI","CHN","PHI",0,"F","T",0,0,0,4,4,"T","F",3,3,"T","T","grigd101","grimc101","T","T",9,3,3,6,2,2,0,0,0,"wilsj105","wilsj105","",0,0,0,0,0,0,0,0,0,0,0,0,0,"hawkc101","F","F","F","F",0,0,0,0,0,0,0,0,0,0,F,F,"1925PHI.EVN.regular.event.csv",3120
"PHI192507150","CHN",1,1,0,0,0,"",0,0,"sandh101","?","sandh101","?","alexg102","?","alexg102","?","gonzm101","grimc101","adams101","freih101","marar101","grift102","grigd101","heatc101","","","","S9","T","F",6,1,20,"T","T",1,"F","F",0,"F","F",0,"F","F",9,"","F","F","",0,0,"N",0,"N",0,"N",1,0,0,0,"","","","","F","F","F","F","F","F","F","F","F","","","","F","F","F","F","F","","","","",0,0,0,0,0,0,0,0,0,6,"PHI","PHI","CHN",1,"T","F",0,0,0,0,0,"T","F",0,1,"T","T","willc103","wrigr102","T","T",0,0,0,0,0,0,0,0,0,"","","",0,0,0,0,0,0,0,0,0,0,0,0,0,"heatc101","F","F","F","F",4,0,0,0,1,0,0,0,0,0,F,F,"1925PHI.EVN.regular.event.csv",3121
"PHI192507150","CHN",1,1,0,0,0,"",0,0,"willc103","?","willc103","?","alexg102","?","alexg102","?","gonzm101","grimc101","adams101","freih101","marar101","grift102","grigd101","heatc101","sandh101","","","D9/F9DW.1-3","F","F",9,2,21,"T","T",2,"F","F",0,"F","F",0,"F","F",9,"F","F","F","9DW",0,0,"N",0,"N",0,"N",2,3,0,0,"","","","","F","F","F","F","F","F","F","F","F","alexg102","","","F","F","F","F","F","","","","",0,0,0,0,0,0,0,0,0,7,"PHI","PHI","CHN",1,"F","F",0,0,0,1,1,"T","F",1,6,"T","T","wrigr102","harpg101","T","T",6,1,6,0,0,0,0,0,0,"gonzm101","","",0,0,0,0,0,0,0,0,0,0,0,0,0,"heatc101","F","F","F","F",0,4,0,0,1,0,0,0,0,0,F,F,"1925PHI.EVN.regular.event.csv",3122
"PHI192507150","CHN",1,1,0,0,0,"",0,0,"wrigr102","?","wrigr102","?","alexg102","?","alexg102","?","gonzm101","grimc101","adams101","freih101","marar101","grift102","grigd101","heatc101","","willc103","sandh101","8/SF.3-H;2-3","F","F",7,3,2,"T","F",0,"F","T",1,"F","F",1,"F","F",8,"F","F","F","",0,0,"N",0,"N",0,"N",0,0,3,4,"8","","","","F","F","F","F","F","F","F","F","F","","alexg102","alexg102","F","F","F","F","F","","","","",0,8,0,0,0,0,0,0,0,8,"PHI","PHI","CHN",1,"F","F",0,0,0,2,2,"T","F",6,4,"T","T","harpg101","wilsj105","T","T",0,0,0,9,2,7,6,1,6,"","gonzm101","gonzm101",0,0,0,0,0,0,0,0,0,0,0,0,1,"grigd101","F","F","F","F",0,0,0,4,0,0,0,0,0,0,F,F,"1925PHI.EVN.regular.event.csv",3123
"PHI192507150","CHN",1,1,1,0,0,"",0,1,"harpg101","?","harpg101","?","alexg102","?","alexg102","?","gonzm101","grimc101","adams101","freih101","marar101","grift102","grigd101","heatc101","","","willc103","FC3.3XH(325);B-2","F","F",8,4,19,"T","T",0,"F","F",1,"F","F",0,"F","F",3,"G","F","F","",0,0,"N",0,"N",0,"N",2,0,0,0,"","","","325","F","F","F","F","F","F","F","F","F","","","alexg102","F","F","F","F","F","","","","",0,5,0,0,3,2,0,0,0,9,"PHI","PHI","CHN",1,"F","F",1,0,1,3,3,"T","F",4,2,"T","T","wilsj105","hawkc101","T","T",0,0,0,0,0,0,9,2,7,"","","gonzm101",0,0,0,0,0,0,0,0,0,0,0,0,0,"grimc101","F","F","F","F",0,0,0,0,0,0,0,0,0,0,F,F,"1925PHI.EVN.regular.event.csv",3124
"PHI192507150","CHN",1,1,2,0,0,"",0,1,"wilsj105","?","wilsj105","?","alexg102","?","alexg102","?","gonzm101","grimc101","adams101","freih101","marar101","grift102","grigd101","heatc101","","harpg101","","K/C","F","F",2,5,3,"T","T",0,"F","F",1,"F","F",0,"F","F",0,"","F","F","",0,0,"N",0,"N",0,"N",0,0,2,0,"2","","","","F","F","F","F","F","F","F","F","F","","alexg102","","F","F","F","F","F","","","","",0,2,0,0,0,0,0,0,0,10,"PHI","PHI","CHN",1,"F","T",1,0,1,4,4,"T","F",2,2,"T","T","hawkc101","hubec101","T","T",0,0,0,8,4,9,0,0,0,"","gonzm101","",0,0,0,0,0,0,0,0,0,0,0,0,0,"","F","F","F","F",0,0,0,0,0,0,0,0,0,0,F,F,"1925PHI.EVN.regular.event.csv",3125
"PHI192507150","CHN",2,0,0,0,0,"",0,1,"grigd101","?","grigd101","?","ringj101","?","ringj101","?","wilsj105","hawkc101","fribb101","hubec101","sandh101","wrigr102","harpg101","willc103","","","","W","T","F",8,6,14,"T","F",0,"F","F",0,"F","F",0,"F","F",0,"","F","F","",0,0,"N",0,"N",0,"N",1,0,0,0,"","","","","F","F","F","F","F","F","F","F","F","","","","F","F","F","F","F","","","","",0,0,0,0,0,0,0,0,0,11,"PHI","CHN","PHI",0,"T","F",0,1,0,5,0,"T","F",0,1,"T","T","grimc101","gonzm101","T","T",0,0,0,0,0,0,0,0,0,"","","",0,0,0,0,0,0,0,0,0,0,0,0,0,"","F","F","F","F",4,0,0,0,7,0,0,0,0,0,F,F,"1925PHI.EVN.regular.event.csv",3126
"PHI192507150","CHN",2,0,0,0,0,"",0,1,"grimc101","?","grimc101","?","ringj101","?","ringj101","?","wilsj105","hawkc101","fribb101","hubec101","sandh101","wrigr102","harpg101","willc103","grigd101","","","S/F8S.1-2","F","F",3,7,20,"T","T",1,"F","F",0,"F","F",0,"F","F",0,"F","F","F","8S",0,0,"N",0,"N",0,"N",1,2,0,0,"","","","","F","F","F","F","F","F","F","F","F","ringj101","","","F","F","F","F","F","","","","",0,0,0,0,0,0,0,0,0,12,"PHI","CHN","PHI",0,"F","F",0,1,0,6,1,"T","F",1,3,"T","T","gonzm101","alexg102","T","T",8,6,11,0,0,0,0,0,0,"wilsj105","","",0,0,0,0,0,0,0,0,0,0,0,0,0,"","F","F","F","F",4,4,0,0,7,0,0,0,0,0,F,F,"1925PHI.EVN.regular.event.csv",3127
"PHI192507150","CHN",2,0,0,0,0,"",0,1,"gonzm101","?","gonzm101","?","ringj101","?","ringj101","?","wilsj105","hawkc101","fribb101","hubec101","sandh101","wrigr102","harpg101","willc103","grimc101","grigd101","","W.2-3;1-2","F","F",2,8,14,"T","F",0,"F","F",0,"F","F",0,"F","F",0,"","F","F","",0,0,"N",0,"N",0,"N",1,2,3,0,"","","","","F","F","F","F","F","F","F","F","F","ringj101","ringj101","","F","F","F","F","F","","","","",0,0,0,0,0,0,0,0,0,13,"PHI","CHN","PHI",0,"F","F",0,1,0,7,2,"T","F",3,7,"T","T","alexg102","adams101","T","T",3,7,12,8,6,11,0,0,0,"wilsj105","wilsj105","",0,0,0,0,0,0,0,0,0,0,0,0,0,"","F","F","F","F",4,4,4,0,7,0,0,0,0,0,F,F,"1925PHI.EVN.regular.event.csv",3128
"PHI192507150","CHN",2,0,0,0,0,"",0,1,"alexg102","?","alexg102","?","ringj101","?","ringj101","?","wilsj105","hawkc101","fribb101","hubec101","sandh101","wrigr102","harpg101","willc103","gonzm101","grimc101","grigd101","D7/L7S.3-H;2-H;1-H","F","F",1,9,21,"T","T",2,"F","F",0,"F","F",3,"F","F",7,"L","F","F","7S",0,0,"N",0,"N",0,"N",2,4,4,4,"","","","","F","F","F","F","F","F","F","F","F","ringj101","ringj101","ringj101","F","F","F","F","F","","","","",0,0,0,0,0,0,0,0,0,14,"PHI","CHN","PHI",0,"F","F",0,1,0,8,3,"T","F",7,2,"T","T","adams101","marar101","T","T",2,8,13,3,7,12,8,6,11,"wilsj105","wilsj105","wilsj105",0,0,0,0,0,0,0,0,0,0,0,0,3,"wrigr102","F","F","F","F",4,4,4,4,4,0,0,0,0,0,F,F,"1925PHI.EVN.regular.event.csv",3129
"PHI192507150","CHN",2,0,0,0,0,"",3,1,"adams101","?","adams101","?","ringj101","?","ringj101","?","wilsj105","hawkc101","fribb101","hubec101","sandh101","wrigr102","harpg101","willc103","","alexg102","","S7.2-3","F","F",4,1,20,"T","T",1,"F","F",0,"F","F",0,"F","F",7,"","F","F","",0,0,"N",0,"N",0,"N",1,0,3,0,"","","","","F","F","F","F","F","F","F","F","F","","ringj101","","F","F","F","F","F","","","","",0,0,0,0,0,0,0,0,0,15,"PHI","CHN","PHI",0,"F","F",3,1,3,9,4,"T","F",2,5,"T","T","marar101","heatc101","T","T",0,0,0,1,9,14,0,0,0,"","wilsj105","",0,0,0,0,0,0,0,0,0,0,0,0,0,"wrigr102","F","F","F","F",4,0,4,0,4,0,0,0,0,0,F,F,"1925PHI.EVN.regular.event.csv",3130
"PHI192507150","CHN",2,0,0,0,0,"",3,1,"marar101","?","marar101","?","ringj101","?","ringj101","?","wilsj105","hawkc101","fribb101","hubec101","sandh101","wrigr102","harpg101","willc103","adams101","","alexg102","E4/G.3-H(NR);1-2","F","F",6,2,18,"T","T",0,"F","F",0,"F","F",0,"F","F",4,"G","F","F","",1,4,"F",0,"N",0,"N",1,2,0,4,"","","","","F","F","F","F","F","F","F","F","F","ringj101","","ringj101","F","F","F","F","F","","","","",0,0,0,0,0,0,0,0,0,16,"PHI","CHN","PHI",0,"F","F",3,1,3,10,5,"T","F",5,3,"T","T","heatc101","freih101","T","T",4,1,15,0,0,0,1,9,14,"wilsj105","","wilsj105",0,0,0,0,0,0,0,0,0,0,0,0,1,"fribb101","F","F","F","T",5,4,0,4,3,0,0,0,0,0,F,F,"1925PHI.EVN.regular.event.csv",3131
"PHI192507150","CHN",2,0,0,0,0,"",4,1,"heatc101","?","heatc101","?","ulrid101","?","ulrid101","?","wilsj105","hawkc101","fribb101","hubec101","sandh101","wrigr102","harpg101","willc103","marar101","adams101","","D7/7L.2-H;1-H(UR);B-3(THH)","F","F",9,3,21,"T","T",2,"F","F",0,"F","F",2,"F","F",7,"","F","F","7L",0,0,"N",0,"N",0,"N",3,5,4,0,"","","","","F","F","F","F","F","F","F","F","F","ringj101","ringj101","","F","F","F","F","F","","","","",0,0,0,0,0,0,0,0,0,17,"PHI","CHN","PHI",0,"F","F",4,1,4,11,6,"T","F",3,4,"T","T","freih101","grift102","F","F",6,2,16,4,1,15,0,0,0,"wilsj105","wilsj105","",0,0,0,0,0,0,0,0,0,0,0,0,2,"wrigr102","F","F","F","F",5,5,4,0,1,0,0,0,0,0,F,F,"1925PHI.EVN.regular.event.csv",3132
"PHI192507150","CHN",2,0,0,0,0,"",6,1,"freih101","?","freih101","?","ulrid101","?","ulrid101","?","wilsj105","hawkc101","fribb101","hubec101","sandh101","wrigr102","harpg101","willc103","","","heatc101","63","F","F",5,4,2,"T","T",0,"F","F",1,"F","F",0,"F","F",6,"G","F","F","",0,0,"N",0,"N",0,"N",0,0,0,3,"63","","","","F","F","F","F","F","F","F","F","F","","","ulrid101","F","F","F","F","F","","","","",0,3,0,0,6,0,0,0,0,18,"PHI","CHN","PHI",0,"F","F",6,1,6,12,7,"T","F",4,4,"T","T","grift102","grigd101","F","F",0,0,0,0,0,0,9,3,17,"","","wilsj105",0,0,0,0,0,0,0,0,0,0,0,0,0,"sandh101","F","F","F","F",0,0,0,5,1,0,0,0,0,0,F,F,"1925PHI.EVN.regular.event.csv",3133
"PHI192507150","CHN",2,0,1,0,0,"",6,1,"grift102","?","grift102","?","ulrid101","?","ulrid101","?","wilsj105","hawkc101","fribb101","hubec101","sandh101","wrigr102","harpg101","willc103","","","heatc101","63.3-H(UR)","F","F",7,5,2,"T","T",0,"F","F",1,"F","F",1,"F","F",6,"G","F","F","",0,0,"N",0,"N",0,"N",0,0,0,5,"63","","","","F","F","F","F","F","F","F","F","F","","","ulrid101","F","F","F","F","F","","","","",0,3,0,0,6,0,0,0,0,19,"PHI","CHN","PHI",0,"F","F",6,1,6,13,8,"T","F",4,0,"T","T","grigd101","grimc101","F","F",0,0,0,0,0,0,9,3,17,"","","wilsj105",0,0,0,0,0,0,0,0,0,0,0,0,1,"sandh101","F","F","F","F",0,0,0,5,0,0,0,0,0,0,F,F,"1925PHI.EVN.regular.event.csv",3134
"PHI192507150","CHN",2,0,2,0,0,"",7,1,"grigd101","?","grigd101","?","ulrid101","?","ulrid101","?","wilsj105","hawkc101","fribb101","hubec101","sandh101","wrigr102","harpg101","willc103","","","","43","F","F",8,6,2,"T","T",0,"F","F",1,"F","F",0,"F","F",4,"G","F","F","",0,0,"N",0,"N",0,"N",0,0,0,0,"43","","","","F","F","F","F","F","F","F","F","F","","","","F","F","F","F","F","","","","",0,3,0,0,4,0,0,0,0,20,"PHI","CHN","PHI",0,"F","T",7,1,7,14,9,"T","F",0,0,"T","T","grimc101","gonzm101","F","F",0,0,0,0,0,0,0,0,0,"","","",0,0,0,0,0,0,0,0,0,0,0,0,0,"fribb101","F","F","F","F",0,0,0,0,0,0,0,0,0,0,F,F,"1925PHI.EVN.regular.event.csv",3135
"PHI192507150","CHN",2,1,0,0,0,"",7,1,"hawkc101","?","hawkc101","?","alexg102","?","alexg102","?","gonzm101","grimc101","adams101","freih101","marar101","grift102","grigd101","heatc101","","","","43","T","F",3,6,2,"T","T",0,"F","F",1,"F","F",0,"F","F",4,"G","F","F","",0,0,"N",0,"N",0,"N",0,0,0,0,"43","","","","F","F","F","F","F","F","F","F","F","","","","F","F","F","F","F","","","","",0,3,0,0,4,0,0,0,0,21,"PHI","PHI","CHN",1,"T","F",1,7,0,5,0,"T","F",0,0,"T","T","hubec101","fribb101","T","T",0,0,0,0,0,0,0,0,0,"","","",0,0,0,0,0,0,0,0,0,0,0,0,0,"adams101","F","F","F","F",0,0,0,0,0,0,0,0,0,0,F,F,"1925PHI.EVN.regular.event.csv",3136
"PHI192507150","CHN",2,1,1,0,0,"",7,1,"hubec101","?","hubec101","?","alexg102","?","alexg102","?","gonzm101","grimc101","adams101","freih101","marar101","grift102","grigd101","heatc101","","","","31","F","F",5,7,2,"T","T",0,"F","F",1,"F","F",0,"F","F",3,"G","F","F","",0,0,"N",0,"N",0,"N",0,0,0,0,"31","","","","F","F","F","F","F","F","F","F","F","","","","F","F","F","F","F","","","","",0,1,0,0,3,0,0,0,0,22,"PHI","PHI","CHN",1,"F","F",1,7,0,6,1,"T","F",0,0,"T","T","fribb101","ulrid101","T","T",0,0,0,0,0,0,0,0,0,"","","",0,0,0,0,0,0,0,0,0,0,0,0,0,"grimc101","F","F","F","F",0,0,0,0,0,0,0,0,0,0,F,F,"1925PHI.EVN.regular.event.csv",3137
"PHI192507150","CHN",2,1,2,0,0,"",7,1,"fribb101","?","fribb101","?","alexg102","?","alexg102","?","gonzm101","grimc101","adams101","freih101","marar101","grift102","grigd101","heatc101","","","","3/P","F","F",4,8,2,"T","T",0,"F","F",1,"F","F",0,"F","F",3,"P","F","F","",0,0,"N",0,"N",0,"N",0,0,0,0,"3","","","","F","F","F","F","F","F","F","F","F","","","","F","F","F","F","F","","","","",0,3,0,0,0,0,0,0,0,23,"PHI","PHI","CHN",1,"F","T",1,7,0,7,2,"T","F",0,0,"T","T","ulrid101","sandh101","T","T",0,0,0,0,0,0,0,0,0,"","","",0,0,0,0,0,0,0,0,0,0,0,0,0,"grimc101","F","F","F","F",0,0,0,0,0,0,0,0,0,0,F,F,"1925PHI.EVN.regular.event.csv",3138
"PHI192507150","CHN",3,0,0,0,0,"",7,1,"grimc101","?","grimc101","?","ulrid101","?","ulrid101","?","wilsj105","hawkc101","fribb101","hubec101","sandh101","wrigr102","harpg101","willc103","","","","E6/G","T","F",3,7,18,"T","T",0,"F","F",0,"F","F",0,"F","F",6,"G","F","F","",1,6,"F",0,"N",0,"N",1,0,0,0,"","","","","F","F","F","F","F","F","F","F","F","","","","F","F","F","F","F","","","","",0,0,0,0,0,0,0,0,0,24,"PHI","CHN","PHI",0,"T","F",7,1,0,15,0,"T","F",0,1,"T","T","gonzm101","alexg102","F","F",0,0,0,0,0,0,0,0,0,"","","",0,0,0,0,0,0,0,0,0,0,0,0,0,"sandh101","F","F","F","T",4,0,0,0,1,0,0,0,0,0,F,F,"1925PHI.EVN.regular.event.csv",3139
"PHI192507150","CHN",3,0,0,0,0,"",7,1,"gonzm101","?","gonzm101","?","ulrid101","?","ulrid101","?","wilsj105","hawkc101","fribb101","hubec101","sandh101","wrigr102","harpg101","willc103","grimc101","","","S9.1-2","F","F",2,8,20,"T","T",1,"F","F",0,"F","F",0,"F","F",9,"","F","F","",0,0,"N",0,"N",0,"N",1,2,0,0,"","","","","F","F","F","F","F","F","F","F","F","ulrid101","","","F","F","F","F","F","","","","",0,0,0,0,0,0,0,0,0,25,"PHI","CHN","PHI",0,"F","F",7,1,0,16,1,"T","F",1,3,"T","T","alexg102","adams101","F","F",3,7,24,0,0,0,0,0,0,"wilsj105","","",0,0,0,0,0,0,0,0,0,0,0,0,0,"willc103","F","F","F","F",0,4,0,0,1,0,0,0,0,0,F,F,"1925PHI.EVN.regular.event.csv",3140
"PHI192507150","CHN",3,0,0,0,0,"",7,1,"alexg102","?","alexg102","?","ulrid101","?","ulrid101","?","wilsj105","hawkc101","fribb101","hubec101","sandh101","wrigr102","harpg101","willc103","gonzm101","grimc101","","14/SH.2-3;1-2","F","F",1,9,2,"T","F",0,"T","F",1,"F","F",0,"F","F",1,"G","T","F","",0,0,"N",0,"N",0,"N",0,2,3,0,"14","","","","F","F","F","F","F","F","F","F","F","ulrid101","ulrid101","","F","F","F","F","F","","","","",0,4,0,0,1,0,0,0,0,26,"PHI","CHN","PHI",0,"F","F",7,1,0,17,2,"T","F",3,6,"T","T","adams101","marar101","F","F",2,8,25,3,7,24,0,0,0,"wilsj105","wilsj105","",0,0,0,0,0,0,0,0,0,0,0,0,0,"ulrid101","F","F","F","F",0,0,4,0,1,0,0,0,0,0,F,F,"1925PHI.EVN.regular.event.csv",3141
"PHI192507150","CHN",3,0,1,0,0,"",7,1,"adams101","?","adams101","?","ulrid101","?","ulrid101","?","wilsj105","hawkc101","fribb101","hubec101","sandh101","wrigr102","harpg101","willc103","","gonzm101","grimc101","S4/G4M.3-H;2XH(42)","F","F",4,1,20,"T","T",1,"F","F",1,"F","F",1,"F","F",4,"G","F","F","4M",0,0,"N",0,"N",0,"N",1,0,0,4,"","","42","","F","F","F","F","F","F","F","F","F","","ulrid101","ulrid101","F","F","F","F","F","","","","",0,2,0,0,4,0,0,0,0,27,"PHI","CHN","PHI",0,"F","F",7,1,0,18,3,"T","F",6,1,"T","T","marar101","heatc101","F","F",0,0,0,2,8,25,3,7,24,"","wilsj105","wilsj105",0,0,0,0,0,0,0,0,0,0,0,0,1,"fribb101","F","F","F","F",2,0,0,4,0,0,0,0,0,0,F,F,"1925PHI.EVN.regular.event.csv",3142
"PHI192507150","CHN",3,0,2,0,0,"",8,1,"marar101","?","marar101","?","ulrid101","?","ulrid101","?","wilsj105","hawkc101","fribb101","hubec101","sandh101","wrigr102","harpg101","willc103","adams101","","","SB2","F","F",6,2,4,"F","F",0,"F","F",0,"F","F",0,"F","F",0,"","F","F","",0,0,"N",0,"N",0,"N",0,2,0,0,"","","","","T","F","F","F","F","F","F","F","F","ulrid101","","","F","F","F","F","F","","","","",0,0,0,0,0,0,0,0,0,28,"PHI","CHN","PHI",0,"F","F",8,1,1,19,4,"T","F",1,2,"T","T","heatc101","freih101","F","F",4,1,27,0,0,0,0,0,0,"wilsj105","","",0,0,0,0,0,0,0,0,0,0,0,0,0,"","F","F","F","F",0,2,0,0,0,0,0,0,0,0,F,F,"1925PHI.EVN.regular.event.csv",3143
"PHI192507150","CHN",3,0,2,0,0,"",8,1,"marar101","?","marar101","?","ulrid101","?","ulrid101","?","wilsj105","hawkc101","fribb101","hubec101","sandh101","wrigr102","harpg101","willc103","","adams101","","8/F","F","F",6,2,2,"T","T",0,"F","F",1,"F","F",0,"F","F",8,"F","F","F","",0,0,"N",0,"N",0,"N",0,0,2,0,"8","","","","F","F","F","F","F","F","F","F","F","","ulrid101","","F","F","F","F","F","","","","",0,8,0,0,0,0,0,0,0,29,"PHI","CHN","PHI",0,"F","T",8,1,1,19,4,"F","F",2,2,"T","T","heatc101","freih101","F","F",0,0,0,4,1,27,0,0,0,"","wilsj105","",0,0,0,0,0,0,0,0,0,0,0,0,0,"harpg101","F","F","F","F",0,0,2,0,0,0,0,0,0,0,F,F,"1925PHI.EVN.regular.event.csv",3144
"PHI192507150","CHN",3,1,0,0,0,"",8,1,"mitcc102","?","mitcc102","?","alexg102","?","alexg102","?","gonzm101","grimc101","adams101","freih101","marar101","grift102","grigd101","heatc101","","","","63","T","T",11,9,2,"T","T",0,"F","F",1,"F","F",0,"F","F",6,"G","F","F","",0,0,"N",0,"N",0,"N",0,0,0,0,"63","","","","F","F","F","F","F","F","F","F","F","","","","F","F","F","F","F","","","","ulrid101",1,3,0,0,6,0,0,0,0,30,"PHI","PHI","CHN",1,"T","F",1,8,0,8,0,"T","F",0,0,"F","F","sandh101","willc103","T","T",0,0,0,0,0,0,0,0,0,"","","",0,0,0,0,0,0,0,0,0,0,0,0,0,"marar101","F","F","F","F",0,0,0,0,1,0,0,0,0,0,F,F,"1925PHI.EVN.regular.event.csv",3145
"PHI192507150","CHN",3,1,1,0,0,"",8,1,"knigj103","?","knigj103","?","alexg102","?","alexg102","?","gonzm101","grimc101","adams101","freih101","marar101","grift102","grigd101","heatc101","","","","K","F","T",11,1,3,"T","T",0,"F","F",1,"F","F",0,"F","F",0,"","F","F","",0,0,"N",0,"N",0,"N",0,0,0,0,"2","","","","F","F","F","F","F","F","F","F","F","","","","F","F","F","F","F","","","","sandh101",6,2,0,0,0,0,0,0,0,31,"PHI","PHI","CHN",1,"F","F",1,8,0,9,1,"T","F",0,0,"F","F","willc103","wrigr102","T","T",0,0,0,0,0,0,0,0,0,"","","",0,0,0,0,0,0,0,0,0,0,0,0,0,"","F","F","F","F",0,0,0,0,1,0,0,0,0,0,F,F,"1925PHI.EVN.regular.event.csv",3146
"PHI192507150","CHN",3,1,2,0,0,"",8,1,"willc103","?","willc103","?","alexg102","?","alexg102","?","gonzm101","grimc101","adams101","freih101","marar101","grift102","grigd101","heatc101","","","","D6/F8S","F","F",9,2,21,"T","T",2,"F","F",0,"F","F",0,"F","F",6,"F","F","F","8S",0,0,"N",0,"N",0,"N",2,0,0,0,"","","","","F","F","F","F","F","F","F","F","F","","","","F","F","F","F","F","","","","",0,0,0,0,0,0,0,0,0,32,"PHI","PHI","CHN",1,"F","F",1,8,0,10,2,"T","F",0,2,"T","T","wrigr102","harpg101","T","T",0,0,0,0,0,0,0,0,0,"","","",0,0,0,0,0,0,0,0,0,0,0,0,0,"marar101","F","F","F","F",4,0,0,0,1,0,0,0,0,0,F,F,"1925PHI.EVN.regular.event.csv",3147
"PHI192507150","CHN",3,1,2,0,0,"",8,1,"wrigr102","?","wrigr102","?","alexg102","?","alexg102","?","gonzm101","grimc101","adams101","freih101","marar101","grift102","grigd101","heatc101","","willc103","","D9.2-H","F","F",7,3,21,"T","T",2,"F","F",0,"F","F",1,"F","F",9,"","F","F","",0,0,"N",0,"N",0,"N",2,0,4,0,"","","","","F","F","F","F","F","F","F","F","F","","alexg102","","F","F","F","F","F","","","","",0,0,0,0,0,0,0,0,0,33,"PHI","PHI","CHN",1,"F","F",1,8,0,11,3,"T","F",2,2,"T","T","harpg101","wilsj105","T","T",0,0,0,9,2,32,0,0,0,"","gonzm101","",0,0,0,0,0,0,0,0,0,0,0,0,1,"heatc101","F","F","F","F",2,0,4,0,0,0,0,0,0,0,F,F,"1925PHI.EVN.regular.event.csv",3148
"PHI192507150","CHN",3,1,2,0,0,"",8,2,"harpg101","?","harpg101","?","alexg102","?","alexg102","?","gonzm101","grimc101","adams101","freih101","marar101","grift102","grigd101","heatc101","","wrigr102","","2/FL","F","F",8,4,2,"T","T",0,"F","F",1,"F","F",0,"F","F",2,"F","F","T","",0,0,"N",0,"N",0,"N",0,0,2,0,"2","","","","F","F","F","F","F","F","F","F","F","","alexg102","","F","F","F","F","F","","","","",0,2,0,0,0,0,0,0,0,34,"PHI","PHI","CHN",1,"F","T",2,8,1,12,4,"T","F",2,2,"T","T","wilsj105","hawkc101","T","T",0,0,0,7,3,33,0,0,0,"","gonzm101","",0,0,0,0,0,0,0,0,0,0,0,0,0,"gonzm101","F","F","F","F",0,0,2,0,0,0,0,0,0,0,F,F,"1925PHI.EVN.regular.event.csv",3149
"PHI192507150","CHN",4,0,0,0,0,"",8,2,"heatc101","?","heatc101","?","coucj101","?","coucj101","?","wilsj105","hawkc101","fribb101","hubec101","kimmw101","wrigr102","harpg101","willc103","","","","13","T","F",9,3,2,"T","T",0,"F","F",1,"F","F",0,"F","F",1,"G","F","F","",0,0,"N",0,"N",0,"N",0,0,0,0,"13","","","","F","F","F","F","F","F","F","F","F","","","","F","F","F","F","F","","","","",0,3,0,0,1,0,0,0,0,35,"PHI","CHN","PHI",0,"T","F",8,2,0,20,0,"T","F",0,0,"T","T","freih101","grift102","F","F",0,0,0,0,0,0,0,0,0,"","","",0,0,0,0,0,0,0,0,0,0,0,0,0,"coucj101","F","F","F","F",0,0,0,0,0,0,0,0,0,0,F,F,"1925PHI.EVN.regular.event.csv",3150
"PHI192507150","CHN",4,0,1,0,0,"",8,2,"freih101","?","freih101","?","coucj101","?","coucj101","?","wilsj105","hawkc101","fribb101","hubec101","kimmw101","wrigr102","harpg101","willc103","","","","9/F","F","F",5,4,2,"T","T",0,"F","F",1,"F","F",0,"F","F",9,"F","F","F","",0,0,"N",0,"N",0,"N",0,0,0,0,"9","","","","F","F","F","F","F","F","F","F","F","","","","F","F","F","F","F","","","","",0,9,0,0,0,0,0,0,0,36,"PHI","CHN","PHI",0,"F","F",8,2,0,21,1,"T","F",0,0,"T","T","grift102","grigd101","F","F",0,0,0,0,0,0,0,0,0,"","","",0,0,0,0,0,0,0,0,0,0,0,0,0,"willc103","F","F","F","F",0,0,0,0,0,0,0,0,0,0,F,F,"1925PHI.EVN.regular.event.csv",3151
"PHI192507150","CHN",4,0,2,0,0,"",8,2,"grift102","?","grift102","?","coucj101","?","coucj101","?","wilsj105","hawkc101","fribb101","hubec101","kimmw101","wrigr102","harpg101","willc103","","","","E6/G","F","F",7,5,18,"T","T",0,"F","F",0,"F","F",0,"F","F",6,"G","F","F","",1,6,"F",0,"N",0,"N",1,0,0,0,"","","","","F","F","F","F","F","F","F","F","F","","","","F","F","F","F","F","","","","",0,0,0,0,0,0,0,0,0,37,"PHI","CHN","PHI",0,"F","F",8,2,0,22,2,"T","F",0,1,"T","T","grigd101","grimc101","F","F",0,0,0,0,0,0,0,0,0,"","","",0,0,0,0,0,0,0,0,0,0,0,0,0,"kimmw101","F","F","F","T",0,0,0,0,0,0,0,0,0,0,F,F,"1925PHI.EVN.regular.event.csv",3152
"PHI192507150","CHN",4,0,2,0,0,"",8,2,"grigd101","?","grigd101","?","coucj101","?","coucj101","?","wilsj105","hawkc101","fribb101","hubec101","kimmw101","wrigr102","harpg101","willc103","grift102","","","4/P","F","F",8,6,2,"T","T",0,"F","F",1,"F","F",0,"F","F",4,"P","F","F","",0,0,"N",0,"N",0,"N",0,1,0,0,"4","","","","F","F","F","F","F","F","F","F","F","coucj101","","","F","F","F","F","F","","","","",0,4,0,0,0,0,0,0,0,38,"PHI","CHN","PHI",0,"F","T",8,2,0,23,3,"T","F",1,1,"T","T","grimc101","gonzm101","F","F",7,5,37,0,0,0,0,0,0,"wilsj105","","",0,0,0,0,0,0,0,0,0,0,0,0,0,"fribb101","F","F","F","F",0,0,0,0,0,0,0,0,0,0,F,F,"1925PHI.EVN.regular.event.csv",3153
"PHI192507150","CHN",4,1,0,0,0,"",8,2,"wilsj105","?","wilsj105","?","alexg102","?","alexg102","?","gonzm101","grimc101","adams101","freih101","marar101","grift102","grigd101","heatc101","","","","63","T","F",2,5,2,"T","T",0,"F","F",1,"F","F",0,"F","F",6,"G","F","F","",0,0,"N",0,"N",0,"N",0,0,0,0,"63","","","","F","F","F","F","F","F","F","F","F","","","","F","F","F","F","F","","","","",0,3,0,0,6,0,0,0,0,39,"PHI","PHI","CHN",1,"T","F",2,8,0,13,0,"T","F",0,0,"T","T","hawkc101","hubec101","T","T",0,0,0,0,0,0,0,0,0,"","","",0,0,0,0,0,0,0,0,0,0,0,0,0,"marar101","F","F","F","F",0,0,0,0,0,0,0,0,0,0,F,F,"1925PHI.EVN.regular.event.csv",3154
"PHI192507150","CHN",4,1,1,0,0,"",8,2,"hawkc101","?","hawkc101","?","alexg102","?","alexg102","?","gonzm101","grimc101","adams101","freih101","marar101","grift102","grigd101","heatc101","","","","S9","F","F",3,6,20,"T","T",1,"F","F",0,"F","F",0,"F","F",9,"","F","F","",0,0,"N",0,"N",0,"N",1,0,0,0,"","","","","F","F","F","F","F","F","F","F","F","","","","F","F","F","F","F","","","","",0,0,0,0,0,0,0,0,0,40,"PHI","PHI","CHN",1,"F","F",2,8,0,14,1,"T","F",0,1,"T","T","hubec101","fribb101","T","T",0,0,0,0,0,0,0,0,0,"","","",0,0,0,0,0,0,0,0,0,0,0,0,0,"heatc101","F","F","F","F",0,0,0,0,0,0,0,0,0,0,F,F,"1925PHI.EVN.regular.event.csv",3155
"PHI192507150","CHN",4,1,1,0,0,"",8,2,"hubec101","?","hubec101","?","alexg102","?","alexg102","?","gonzm101","grimc101","adams101","freih101","marar101","grift102","grigd101","heatc101","hawkc101","","","7/F","F","F",5,7,2,"T","T",0,"F","F",1,"F","F",0,"F","F",7,"F","F","F","",0,0,"N",0,"N",0,"N",0,1,0,0,"7","","","","F","F","F","F","F","F","F","F","F","alexg102","","","F","F","F","F","F","","","","",0,7,0,0,0,0,0,0,0,41,"PHI","PHI","CHN",1,"F","F",2,8,0,15,2,"T","F",1,1,"T","T","fribb101","coucj101","T","T",3,6,40,0,0,0,0,0,0,"gonzm101","","",0,0,0,0,0,0,0,0,0,0,0,0,0,"grift102","F","F","F","F",0,0,0,0,0,0,0,0,0,0,F,F,"1925PHI.EVN.regular.event.csv",3156
"PHI192507150","CHN",4,1,2,0,0,"",8,2,"fribb101","?","fribb101","?","alexg102","?","alexg102","?","gonzm101","grimc101","adams101","freih101","marar101","grift102","grigd101","heatc101","hawkc101","","","4/L","F","F",4,8,2,"T","T",0,"F","F",1,"F","F",0,"F","F",4,"L","F","F","",0,0,"N",0,"N",0,"N",0,1,0,0,"4","","","","F","F","F","F","F","F","F","F","F","alexg102","","","F","F","F","F","F","","","","",0,4,0,0,0,0,0,0,0,42,"PHI","PHI","CHN",1,"F","T",2,8,0,16,3,"T","F",1,1,"T","T","coucj101","kimmw101","T","T",3,6,40,0,0,0,0,0,0,"gonzm101","","",0,0,0,0,0,0,0,0,0,0,0,0,0,"adams101","F","F","F","F",0,0,0,0,0,0,0,0,0,0,F,F,"1925PHI.EVN.regular.event.csv",3157
"PHI192507150","CHN",5,0,0,0,0,"",8,2,"grimc101","?","grimc101","?","coucj101","?","coucj101","?","wilsj105","hawkc101","fribb101","hubec101","kimmw101","wrigr102","harpg101","willc103","","","","53","T","F",3,7,2,"T","T",0,"F","F",1,"F","F",0,"F","F",5,"G","F","F","",0,0,"N",0,"N",0,"N",0,0,0,0,"53","","","","F","F","F","F","F","F","F","F","F","","","","F","F","F","F","F","","","","",0,3,0,0,5,0,0,0,0,43,"PHI","CHN","PHI",0,"T","F",8,2,0,24,0,"T","F",0,0,"T","T","gonzm101","alexg102","F","F",0,0,0,0,0,0,0,0,0,"","","",0,0,0,0,0,0,0,0,0,0,0,0,0,"hubec101","F","F","F","F",0,0,0,0,0,0,0,0,0,0,F,F,"1925PHI.EVN.regular.event.csv",3158
"PHI192507150","CHN",5,0,1,0,0,"",8,2,"gonzm101","?","gonzm101","?","coucj101","?","coucj101","?","wilsj105","hawkc101","fribb101","hubec101","kimmw101","wrigr102","harpg101","willc103","","","","W","F","F",2,8,14,"T","F",0,"F","F",0,"F","F",0,"F","F",0,"","F","F","",0,0,"N",0,"N",0,"N",1,0,0,0,"","","","","F","F","F","F","F","F","F","F","F","","","","F","F","F","F","F","","","","",0,0,0,0,0,0,0,0,0,44,"PHI","CHN","PHI",0,"F","F",8,2,0,25,1,"T","F",0,1,"T","T","alexg102","adams101","F","F",0,0,0,0,0,0,0,0,0,"","","",0,0,0,0,0,0,0,0,0,0,0,0,0,"","F","F","F","F",0,0,0,0,0,0,0,0,0,0,F,F,"1925PHI.EVN.regular.event.csv",3159
"PHI192507150","CHN",5,0,1,0,0,"",8,2,"alexg102","?","alexg102","?","coucj101","?","coucj101","?","wilsj105","hawkc101","fribb101","hubec101","kimmw101","wrigr102","harpg101","willc103","gonzm101","","","46(1)3/GDP","F","F",1,9,2,"T","T",0,"F","F",2,"T","F",0,"F","F",4,"G","F","F","",0,0,"N",0,"N",0,"N",0,0,0,0,"63","46","","","F","F","F","F","F","F","F","F","F","coucj101","","","F","F","F","F","F","","","","",0,6,3,0,4,6,0,0,0,45,"PHI","CHN","PHI",0,"F","T",8,2,0,26,2,"T","F",1,0,"T","T","adams101","marar101","F","F",2,8,44,0,0,0,0,0,0,"wilsj105","","",0,0,0,0,0,0,0,0,0,0,0,0,0,"fribb101","T","F","F","F",0,0,0,0,0,0,0,0,0,0,F,F,"1925PHI.EVN.regular.event.csv",3160
"PHI192507150","CHN",5,1,0,0,0,"",8,2,"coucj101","?","coucj101","?","alexg102","?","alexg102","?","gonzm101","grimc101","adams101","freih101","marar101","grift102","grigd101","heatc101","","","","S6/G-","T","F",1,9,20,"T","T",1,"F","F",0,"F","F",0,"F","F",6,"G","F","F","",0,0,"N",0,"N",0,"N",1,0,0,0,"","","","","F","F","F","F","F","F","F","F","F","","","","F","F","F","F","F","","","","",0,0,0,0,0,0,0,0,0,46,"PHI","PHI","CHN",1,"T","F",2,8,0,17,0,"T","F",0,1,"F","F","kimmw101","willc103","T","T",0,0,0,0,0,0,0,0,0,"","","",0,0,0,0,0,0,0,0,0,0,0,0,0,"marar101","F","F","F","F",0,0,0,0,0,0,0,0,0,0,F,F,"1925PHI.EVN.regular.event.csv",3161
"PHI192507150","CHN",5,1,0,0,0,"",8,2,"kimmw101","?","kimmw101","?","alexg102","?","alexg102","?","gonzm101","grimc101","adams101","freih101","marar101","grift102","grigd101","heatc101","coucj101","","","46(1)/FO","F","F",6,1,2,"T","T",0,"F","F",1,"F","F",0,"F","F",4,"G","F","F","",0,0,"N",0,"N",0,"N",1,0,0,0,"","46","","","F","F","F","F","F","F","F","F","F","alexg102","","","F","F","F","F","F","","","","",0,6,0,0,4,0,0,0,0,47,"PHI","PHI","CHN",1,"F","F",2,8,0,18,1,"T","F",1,1,"F","F","willc103","wrigr102","T","T",1,9,46,0,0,0,0,0,0,"gonzm101","","",0,0,0,0,0,0,0,0,0,0,0,0,0,"adams101","T","F","F","F",0,0,0,0,0,0,0,0,0,0,F,F,"1925PHI.EVN.regular.event.csv",3162
"PHI192507150","CHN",5,1,1,0,0,"",8,2,"willc103","?","willc103","?","alexg102","?","alexg102","?","gonzm101","grimc101","adams101","freih101","marar101","grift102","grigd101","heatc101","kimmw101","","","46(1)/FO","F","F",9,2,2,"T","T",0,"F","F",1,"F","F",0,"F","F",4,"G","F","F","",0,0,"N",0,"N",0,"N",1,0,0,0,"","46","","","F","F","F","F","F","F","F","F","F","alexg102","","","F","F","F","F","F","","","","",0,6,0,0,4,0,0,0,0,48,"PHI","PHI","CHN",1,"F","F",2,8,0,19,2,"T","F",1,1,"T","T","wrigr102","harpg101","T","T",6,1,47,0,0,0,0,0,0,"gonzm101","","",0,0,0,0,0,0,0,0,0,0,0,0,0,"adams101","T","F","F","F",0,0,0,0,0,0,0,0,0,0,F,F,"1925PHI.EVN.regular.event.csv",3163
"PHI192507150","CHN",5,1,2,0,0,"",8,2,"wrigr102","?","wrigr102","?","alexg102","?","alexg102","?","gonzm101","grimc101","adams101","freih101","marar101","grift102","grigd101","heatc101","willc103","","","4/P","F","F",7,3,2,"T","T",0,"F","F",1,"F","F",0,"F","F",4,"P","F","F","",0,0,"N",0,"N",0,"N",0,1,0,0,"4","","","","F","F","F","F","F","F","F","F","F","alexg102","","","F","F","F","F","F","","","","",0,4,0,0,0,0,0,0,0,49,"PHI","PHI","CHN",1,"F","T",2,8,0,20,3,"T","F",1,1,"T","T","harpg101","wilsj105","T","T",9,2,48,0,0,0,0,0,0,"gonzm101","","",0,0,0,0,0,0,0,0,0,0,0,0,0,"adams101","F","F","F","F",0,0,0,0,0,0,0,0,0,0,F,F,"1925PHI.EVN.regular.event.csv",3164
"PHI192507150","CHN",6,0,0,0,0,"",8,2,"adams101","?","adams101","?","coucj101","?","coucj101","?","wilsj105","hawkc101","fribb101","hubec101","kimmw101","wrigr102","harpg101","willc103","","","","9/F","T","F",4,1,2,"T","T",0,"F","F",1,"F","F",0,"F","F",9,"F","F","F","",0,0,"N",0,"N",0,"N",0,0,0,0,"9","","","","F","F","F","F","F","F","F","F","F","","","","F","F","F","F","F","","","","",0,9,0,0,0,0,0,0,0,50,"PHI","CHN","PHI",0,"T","F",8,2,0,27,0,"T","F",0,0,"T","T","marar101","heatc101","F","F",0,0,0,0,0,0,0,0,0,"","","",0,0,0,0,0,0,0,0,0,0,0,0,0,"willc103","F","F","F","F",0,0,0,0,0,0,0,0,0,0,F,F,"1925PHI.EVN.regular.event.csv",3165
"PHI192507150","CHN",6,0,1,0,0,"",8,2,"marar101","?","marar101","?","coucj101","?","coucj101","?","wilsj105","hawkc101","fribb101","hubec101","kimmw101","wrigr102","harpg101","willc103","","","","13","F","F",6,2,2,"T","T",0,"F","F",1,"F","F",0,"F","F",1,"G","F","F","",0,0,"N",0,"N",0,"N",0,0,0,0,"13","","","","F","F","F","F","F","F","F","F","F","","","","F","F","F","F","F","","","","",0,3,0,0,1,0,0,0,0,51,"PHI","CHN","PHI",0,"F","F",8,2,0,28,1,"T","F",0,0,"T","T","heatc101","freih101","F","F",0,0,0,0,0,0,0,0,0,"","","",0,0,0,0,0,0,0,0,0,0,0,0,0,"coucj101","F","F","F","F",0,0,0,0,0,0,0,0,0,0,F,F,"1925PHI.EVN.regular.event.csv",3166
"PHI192507150","CHN",6,0,2,0,0,"",8,2,"heatc101","?","heatc101","?","coucj101","?","coucj101","?","wilsj105","hawkc101","fribb101","hubec101","kimmw101","wrigr102","harpg101","willc103","","","","6/P","F","F",9,3,2,"T","T",0,"F","F",1,"F","F",0,"F","F",6,"P","F","F","",0,0,"N",0,"N",0,"N",0,0,0,0,"6","","","","F","F","F","F","F","F","F","F","F","","","","F","F","F","F","F","","","","",0,6,0,0,0,0,0,0,0,52,"PHI","CHN","PHI",0,"F","T",8,2,0,29,2,"T","F",0,0,"T","T","freih101","grift102","F","F",0,0,0,0,0,0,0,0,0,"","","",0,0,0,0,0,0,0,0,0,0,0,0,0,"kimmw101","F","F","F","F",0,0,0,0,0,0,0,0,0,0,F,F,"1925PHI.EVN.regular.event.csv",3167
"PHI192507150","CHN",6,1,0,0,0,"",8,2,"harpg101","?","harpg101","?","alexg102","?","alexg102","?","gonzm101","grimc101","adams101","freih101","marar101","grift102","grigd101","heatc101","","","","D/89","T","F",8,4,21,"T","T",2,"F","F",0,"F","F",0,"F","F",0,"","F","F","89",0,0,"N",0,"N",0,"N",2,0,0,0,"","","","","F","F","F","F","F","F","F","F","F","","","","F","F","F","F","F","","","","",0,0,0,0,0,0,0,0,0,53,"PHI","PHI","CHN",1,"T","F",2,8,0,21,0,"T","F",0,2,"T","T","wilsj105","hawkc101","T","T",0,0,0,0,0,0,0,0,0,"","","",0,0,0,0,0,0,0,0,0,0,0,0,0,"","F","F","F","F",4,0,0,0,1,0,0,0,0,0,F,F,"1925PHI.EVN.regular.event.csv",3168
"PHI192507150","CHN",6,1,0,0,0,"",8,2,"wilsj105","?","wilsj105","?","alexg102","?","alexg102","?","gonzm101","grimc101","adams101","freih101","marar101","grift102","grigd101","heatc101","","harpg101","","53","F","F",2,5,2,"T","T",0,"F","F",1,"F","F",0,"F","F",5,"G","F","F","",0,0,"N",0,"N",0,"N",0,0,2,0,"53","","","","F","F","F","F","F","F","F","F","F","","alexg102","","F","F","F","F","F","","","","",0,3,0,0,5,0,0,0,0,54,"PHI","PHI","CHN",1,"F","F",2,8,0,22,1,"T","F",2,2,"T","T","hawkc101","hubec101","T","T",0,0,0,8,4,53,0,0,0,"","gonzm101","",0,0,0,0,0,0,0,0,0,0,0,0,0,"freih101","F","F","F","F",0,0,4,0,1,0,0,0,0,0,F,F,"1925PHI.EVN.regular.event.csv",3169
"PHI192507150","CHN",6,1,1,0,0,"",8,2,"hawkc101","?","hawkc101","?","alexg102","?","alexg102","?","gonzm101","grimc101","adams101","freih101","marar101","grift102","grigd101","heatc101","","harpg101","","S6/G6M.2-3","F","F",3,6,20,"T","T",1,"F","F",0,"F","F",0,"F","F",6,"G","F","F","6M",0,0,"N",0,"N",0,"N",1,0,3,0,"","","","","F","F","F","F","F","F","F","F","F","","alexg102","","F","F","F","F","F","","","","",0,0,0,0,0,0,0,0,0,55,"PHI","PHI","CHN",1,"F","F",2,8,0,23,2,"T","F",2,5,"T","T","hubec101","fribb101","T","T",0,0,0,8,4,53,0,0,0,"","gonzm101","",0,0,0,0,0,0,0,0,0,0,0,0,0,"marar101","F","F","F","F",0,0,4,0,1,0,0,0,0,0,F,F,"1925PHI.EVN.regular.event.csv",3170
"PHI192507150","CHN",6,1,1,0,0,"",8,2,"hubec101","?","hubec101","?","alexg102","?","alexg102","?","gonzm101","grimc101","adams101","freih101","marar101","grift102","grigd101","heatc101","hawkc101","","harpg101","46(1)/FO.3-H","F","F",5,7,2,"T","T",0,"F","F",1,"F","F",1,"F","F",4,"G","F","F","",0,0,"N",0,"N",0,"N",1,0,0,4,"","46","","","F","F","F","F","F","F","F","F","F","alexg102","","alexg102","F","F","F","F","F","","","","",0,6,0,0,4,0,0,0,0,56,"PHI","PHI","CHN",1,"F","F",2,8,0,24,3,"T","F",5,1,"T","T","fribb101","coucj101","T","T",3,6,55,0,0,0,8,4,53,"gonzm101","","gonzm101",0,0,0,0,0,0,0,0,0,0,0,0,1,"adams101","T","F","F","F",2,0,0,4,0,0,0,0,0,0,F,F,"1925PHI.EVN.regular.event.csv",3171
"PHI192507150","CHN",6,1,2,0,0,"",8,3,"fribb101","?","fribb101","?","alexg102","?","alexg102","?","gonzm101","grimc101","adams101","freih101","marar101","grift102","grigd101","heatc101","hubec101","","","S9.1-2","F","F",4,8,20,"T","T",1,"F","F",0,"F","F",0,"F","F",9,"","F","F","",0,0,"N",0,"N",0,"N",1,2,0,0,"","","","","F","F","F","F","F","F","F","F","F","alexg102","","","F","F","F","F","F","","","","",0,0,0,0,0,0,0,0,0,57,"PHI","PHI","CHN",1,"F","F",3,8,1,25,4,"T","F",1,3,"T","T","coucj101","kimmw101","T","T",5,7,56,0,0,0,0,0,0,"gonzm101","","",0,0,0,0,0,0,0,0,0,0,0,0,0,"heatc101","F","F","F","F",1,2,0,0,0,0,0,0,0,0,F,F,"1925PHI.EVN.regular.event.csv",3172
"PHI192507150","CHN",6,1,2,0,0,"",8,3,"coucj101","?","coucj101","?","alexg102","?","alexg102","?","gonzm101","grimc101","adams101","freih101","marar101","grift102","grigd101","heatc101","fribb101","hubec101","","53","F","F",1,9,2,"T","T",0,"F","F",1,"F","F",0,"F","F",5,"G","F","F","",0,0,"N",0,"N",0,"N",0,1,2,0,"53","","","","F","F","F","F","F","F","F","F","F","alexg102","alexg102","","F","T","F","F","F","","","","",0,3,0,0,5,0,0,0,0,58,"PHI","PHI","CHN",1,"F","T",3,8,1,26,5,"T","F",3,3,"F","F","kimmw101","willc103","T","T",4,8,57,5,7,56,0,0,0,"gonzm101","gonzm101","",0,0,0,0,0,0,0,0,0,0,0,0,0,"freih101","F","F","F","F",0,1,2,0,0,0,0,0,0,0,F,F,"1925PHI.EVN.regular.event.csv",3173
"PHI192507160","CHN",1,0,0,0,0,"",0,0,"adams101","?","adams101","?","mitcc102","?","mitcc102","?","henlb101","hawkc101","fribb101","hubec101","sandh101","wrigr102","harpg101","willc103","","","","3/P","T","F",4,1,2,"T","T",0,"F","F",1,"F","F",0,"F","F",3,"P","F","F","",0,0,"N",0,"N",0,"N",0,0,0,0,"3","","","","F","F","F","F","F","F","F","F","F","","","","T","F","F","F","F","","","","",0,3,0,0,0,0,0,0,0,1,"PHI","CHN","PHI",0,"T","F",0,0,0,0,0,"T","F",0,0,"T","T","marar101","heatc101","T","T",0,0,0,0,0,0,0,0,0,"","","",0,0,0,0,0,0,0,0,0,0,0,0,0,"hawkc101","F","F","F","F",0,0,0,0,0,0,0,0,0,0,F,F,"1925PHI.EVN.regular.event.csv",3174
"PHI192507160","CHN",1,0,1,0,0,"",0,0,"marar101","?","marar101","?","mitcc102","?","mitcc102","?","henlb101","hawkc101","fribb101","hubec101","sandh101","wrigr102","harpg101","willc103","","","","E5/TH1.B-3","F","F",6,2,18,"T","T",0,"F","F",0,"F","F",0,"F","F",5,"G","F","F","",1,5,"T",0,"N",0,"N",3,0,0,0,"","","","","F","F","F","F","F","F","F","F","F","","","","F","F","F","F","F","","","","",0,0,0,0,0,0,0,0,0,2,"PHI","CHN","PHI",0,"F","F",0,0,0,1,1,"T","F",0,4,"T","T","heatc101","freih101","T","T",0,0,0,0,0,0,0,0,0,"","","",0,0,0,0,0,0,0,0,0,0,0,0,0,"hubec101","F","F","F","T",0,0,0,0,0,0,0,0,0,0,F,F,"1925PHI.EVN.regular.event.csv",3175
"PHI192507160","CHN",1,0,1,0,0,"",0,0,"heatc101","?","heatc101","?","mitcc102","?","mitcc102","?","henlb101","hawkc101","fribb101","hubec101","sandh101","wrigr102","harpg101","willc103","","","marar101","FC3.3XH(32)","F","F",9,3,19,"T","T",0,"F","F",1,"F","F",0,"F","F",3,"G","F","F","",0,0,"N",0,"N",0,"N",1,0,0,0,"","","","32","F","F","F","F","F","F","F","F","F","","","mitcc102","F","F","F","F","F","","","","",0,2,0,0,3,0,0,0,0,3,"PHI","CHN","PHI",0,"F","F",0,0,0,2,2,"T","F",4,1,"T","T","freih101","broom101","T","T",0,0,0,0,0,0,6,2,2,"","","henlb101",0,0,0,0,0,0,0,0,0,0,0,0,0,"hawkc101","F","F","F","F",0,0,0,0,0,0,0,0,0,0,F,F,"1925PHI.EVN.regular.event.csv",3176
"PHI192507160","CHN",1,0,2,0,0,"",0,0,"freih101","?","freih101","?","mitcc102","?","mitcc102","?","henlb101","hawkc101","fribb101","hubec101","sandh101","wrigr102","harpg101","willc103","heatc101","","","SB2.1-3(E2/TH2)","F","F",5,4,4,"F","F",0,"F","F",0,"F","F",0,"F","F",0,"","F","F","",1,2,"T",0,"N",0,"N",0,3,0,0,"","","","","T","F","F","F","F","F","F","F","F","mitcc102","","","F","F","F","F","F","","","","",0,0,0,0,0,0,0,0,0,4,"PHI","CHN","PHI",0,"F","F",0,0,0,3,3,"T","F",1,4,"T","T","broom101","jahna101","T","T",9,3,3,0,0,0,0,0,0,"henlb101","","",0,0,0,0,0,0,0,0,0,0,0,0,0,"","F","F","F","F",0,0,0,0,0,0,0,0,0,0,F,F,"1925PHI.EVN.regular.event.csv",3177
"PHI192507160","CHN",1,0,2,0,0,"",0,0,"freih101","?","freih101","?","mitcc102","?","mitcc102","?","henlb101","hawkc101","fribb101","hubec101","sandh101","wrigr102","harpg101","willc103","","","heatc101","43","F","F",5,4,2,"T","T",0,"F","F",1,"F","F",0,"F","F",4,"G","F","F","",0,0,"N",0,"N",0,"N",0,0,0,3,"43","","","","F","F","F","F","F","F","F","F","F","","","mitcc102","F","F","F","F","F","","","","",0,3,0,0,4,0,0,0,0,5,"PHI","CHN","PHI",0,"F","T",0,0,0,3,3,"F","F",4,4,"T","T","broom101","jahna101","T","T",0,0,0,0,0,0,9,3,3,"","","henlb101",0,0,0,0,0,0,0,0,0,0,0,0,0,"fribb101","F","F","F","F",0,0,0,0,0,0,0,0,0,0,F,F,"1925PHI.EVN.regular.event.csv",3178
"PHI192507160","CHN",1,1,0,3,0,"BBBB",0,0,"sandh101","?","sandh101","?","kauft101","?","kauft101","?","gonzm101","grimc101","adams101","freih101","marar101","jahna101","broom101","heatc101","","","","W","T","F",6,1,14,"T","F",0,"F","F",0,"F","F",0,"F","F",0,"","F","F","",0,0,"N",0,"N",0,"N",1,0,0,0,"","","","","F","F","F","F","F","F","F","F","F","","","","F","F","F","F","F","","","","",0,0,0,0,0,0,0,0,0,6,"PHI","PHI","CHN",1,"T","F",0,0,0,0,0,"T","F",0,1,"T","T","willc103","wrigr102","T","T",0,0,0,0,0,0,0,0,0,"","","",4,4,0,0,0,0,0,0,0,0,0,0,0,"","F","F","F","F",0,0,0,0,0,0,0,0,0,0,F,F,"1925PHI.EVN.regular.event.csv",3179
"PHI192507160","CHN",1,1,0,3,1,"",0,0,"willc103","?","willc103","?","kauft101","?","kauft101","?","gonzm101","grimc101","adams101","freih101","marar101","jahna101","broom101","heatc101","sandh101","","","36(1)3/GDP","F","F",9,2,2,"T","T",0,"F","F",2,"T","F",0,"F","F",3,"G","F","F","",0,0,"N",0,"N",0,"N",0,0,0,0,"63","36","","","F","F","F","F","F","F","F","F","F","kauft101","","","F","F","F","F","F","","","","",0,6,3,0,3,6,0,0,0,7,"PHI","PHI","CHN",1,"F","F",0,0,0,1,1,"T","F",1,0,"T","T","wrigr102","harpg101","T","T",6,1,6,0,0,0,0,0,0,"gonzm101","","",0,0,0,0,0,0,0,0,0,0,0,0,0,"grimc101","T","F","F","F",0,0,0,0,0,0,0,0,0,0,F,F,"1925PHI.EVN.regular.event.csv",3180
"PHI192507160","CHN",1,1,2,0,0,"",0,0,"wrigr102","?","wrigr102","?","kauft101","?","kauft101","?","gonzm101","grimc101","adams101","freih101","marar101","jahna101","broom101","heatc101","","","","2/P/FL","F","F",7,3,2,"T","T",0,"F","F",1,"F","F",0,"F","F",2,"P","F","T","",0,0,"N",0,"N",0,"N",0,0,0,0,"2","","","","F","F","F","F","F","F","F","F","F","","","","F","F","F","F","F","","","","",0,2,0,0,0,0,0,0,0,8,"PHI","PHI","CHN",1,"F","T",0,0,0,2,2,"T","F",0,0,"T","T","harpg101","henlb101","T","T",0,0,0,0,0,0,0,0,0,"","","",0,0,0,0,0,0,0,0,0,0,0,0,0,"gonzm101","F","F","F","F",0,0,0,0,0,0,0,0,0,0,F,F,"1925PHI.EVN.regular.event.csv",3181
"PHI192507160","CHN",2,0,0,0,0,"",0,0,"broom101","?","broom101","?","mitcc102","?","mitcc102","?","henlb101","hawkc101","fribb101","hubec101","sandh101","wrigr102","harpg101","willc103","","","","3/FL","T","F",8,5,2,"T","T",0,"F","F",1,"F","F",0,"F","F",3,"F","F","T","",0,0,"N",0,"N",0,"N",0,0,0,0,"3","","","","F","F","F","F","F","F","F","F","F","","","","F","F","F","F","F","","","","",0,3,0,0,0,0,0,0,0,9,"PHI","CHN","PHI",0,"T","F",0,0,0,4,0,"T","F",0,0,"T","T","jahna101","grimc101","T","T",0,0,0,0,0,0,0,0,0,"","","",0,0,0,0,0,0,0,0,0,0,0,0,0,"hawkc101","F","F","F","F",0,0,0,0,0,0,0,0,0,0,F,F,"1925PHI.EVN.regular.event.csv",3182
"PHI192507160","CHN",2,0,1,0,0,"",0,0,"jahna101","?","jahna101","?","mitcc102","?","mitcc102","?","henlb101","hawkc101","fribb101","hubec101","sandh101","wrigr102","harpg101","willc103","","","","3/G","F","F",7,6,2,"T","T",0,"F","F",1,"F","F",0,"F","F",3,"G","F","F","",0,0,"N",0,"N",0,"N",0,0,0,0,"3","","","","F","F","F","F","F","F","F","F","F","","","","F","F","F","F","F","","","","",0,3,0,0,0,0,0,0,0,10,"PHI","CHN","PHI",0,"F","F",0,0,0,5,1,"T","F",0,0,"T","T","grimc101","gonzm101","T","T",0,0,0,0,0,0,0,0,0,"","","",0,0,0,0,0,0,0,0,0,0,0,0,0,"hawkc101","F","F","F","F",0,0,0,0,0,0,0,0,0,0,F,F,"1925PHI.EVN.regular.event.csv",3183
"PHI192507160","CHN",2,0,2,0,0,"",0,0,"grimc101","?","grimc101","?","mitcc102","?","mitcc102","?","henlb101","hawkc101","fribb101","hubec101","sandh101","wrigr102","harpg101","willc103","","","","31","F","F",3,7,2,"T","T",0,"F","F",1,"F","F",0,"F","F",3,"G","F","F","",0,0,"N",0,"N",0,"N",0,0,0,0,"31","","","","F","F","F","F","F","F","F","F","F","","","","F","F","F","F","F","","","","",0,1,0,0,3,0,0,0,0,11,"PHI","CHN","PHI",0,"F","T",0,0,0,6,2,"T","F",0,0,"T","T","gonzm101","kauft101","T","T",0,0,0,0,0,0,0,0,0,"","","",0,0,0,0,0,0,0,0,0,0,0,0,0,"hawkc101","F","F","F","F",0,0,0,0,0,0,0,0,0,0,F,F,"1925PHI.EVN.regular.event.csv",3184
"PHI192507160","CHN",2,1,0,0,0,"",0,0,"harpg101","?","harpg101","?","kauft101","?","kauft101","?","gonzm101","grimc101","adams101","freih101","marar101","jahna101","broom101","heatc101","","","","8/F8XD","T","F",8,4,2,"T","T",0,"F","F",1,"F","F",0,"F","F",8,"F","F","F","8XD",0,0,"N",0,"N",0,"N",0,0,0,0,"8","","","","F","F","F","F","F","F","F","F","F","","","","F","F","F","F","F","","","","",0,8,0,0,0,0,0,0,0,12,"PHI","PHI","CHN",1,"T","F",0,0,0,3,0,"T","F",0,0,"T","T","henlb101","hawkc101","T","T",0,0,0,0,0,0,0,0,0,"","","",0,0,0,0,0,0,0,0,0,0,0,0,0,"broom101","F","F","F","F",0,0,0,0,1,0,0,0,0,0,F,F,"1925PHI.EVN.regular.event.csv",3185
"PHI192507160","CHN",2,1,1,0,0,"",0,0,"henlb101","?","henlb101","?","kauft101","?","kauft101","?","gonzm101","grimc101","adams101","freih101","marar101","jahna101","broom101","heatc101","","","","HR/F78XD","F","F",2,5,23,"T","T",4,"F","F",0,"F","F",1,"F","F",0,"F","F","F","78XD",0,0,"N",0,"N",0,"N",4,0,0,0,"","","","","F","F","F","F","F","F","F","F","F","","","","F","F","F","F","F","","","","",0,0,0,0,0,0,0,0,0,13,"PHI","PHI","CHN",1,"F","F",0,0,0,4,1,"T","F",0,0,"T","T","hawkc101","hubec101","T","T",0,0,0,0,0,0,0,0,0,"","","",0,0,0,0,0,0,0,0,0,0,0,0,1,"","F","F","F","F",4,0,0,0,0,0,0,0,0,0,F,F,"1925PHI.EVN.regular.event.csv",3186
"PHI192507160","CHN",2,1,1,0,0,"",0,1,"hawkc101","?","hawkc101","?","kauft101","?","kauft101","?","gonzm101","grimc101","adams101","freih101","marar101","jahna101","broom101","heatc101","","","","3/G","F","F",3,6,2,"T","T",0,"F","F",1,"F","F",0,"F","F",3,"G","F","F","",0,0,"N",0,"N",0,"N",0,0,0,0,"3","","","","F","F","F","F","F","F","F","F","F","","","","F","F","F","F","F","","","","",0,3,0,0,0,0,0,0,0,14,"PHI","PHI","CHN",1,"F","F",1,0,1,5,2,"T","F",0,0,"T","T","hubec101","fribb101","T","T",0,0,0,0,0,0,0,0,0,"","","",0,0,0,0,0,0,0,0,0,0,0,0,0,"grimc101","F","F","F","F",0,0,0,0,0,0,0,0,0,0,F,F,"1925PHI.EVN.regular.event.csv",3187
"PHI192507160","CHN",2,1,2,0,0,"",0,1,"hubec101","?","hubec101","?","kauft101","?","kauft101","?","gonzm101","grimc101","adams101","freih101","marar101","jahna101","broom101","heatc101","","","","S8","F","F",5,7,20,"T","T",1,"F","F",0,"F","F",0,"F","F",8,"","F","F","",0,0,"N",0,"N",0,"N",1,0,0,0,"","","","","F","F","F","F","F","F","F","F","F","","","","F","F","F","F","F","","","","",0,0,0,0,0,0,0,0,0,15,"PHI","PHI","CHN",1,"F","F",1,0,1,6,3,"T","F",0,1,"T","T","fribb101","mitcc102","T","T",0,0,0,0,0,0,0,0,0,"","","",0,0,0,0,0,0,0,0,0,0,0,0,0,"broom101","F","F","F","F",0,0,0,0,0,0,0,0,0,0,F,F,"1925PHI.EVN.regular.event.csv",3188
"PHI192507160","CHN",2,1,2,0,0,"",0,1,"fribb101","?","fribb101","?","kauft101","?","kauft101","?","gonzm101","grimc101","adams101","freih101","marar101","jahna101","broom101","heatc101","hubec101","","","64(1)/FO","F","F",4,8,2,"T","T",0,"F","F",1,"F","F",0,"F","F",6,"G","F","F","",0,0,"N",0,"N",0,"N",1,0,0,0,"","64","","","F","F","F","F","F","F","F","F","F","kauft101","","","F","F","F","F","F","","","","",0,4,0,0,6,0,0,0,0,16,"PHI","PHI","CHN",1,"F","T",1,0,1,7,4,"T","F",1,1,"T","T","mitcc102","sandh101","T","T",5,7,15,0,0,0,0,0,0,"gonzm101","","",0,0,0,0,0,0,0,0,0,0,0,0,0,"marar101","T","F","F","F",0,0,0,0,0,0,0,0,0,0,F,F,"1925PHI.EVN.regular.event.csv",3189
"PHI192507160","CHN",3,0,0,0,0,"",0,1,"gonzm101","?","gonzm101","?","mitcc102","?","mitcc102","?","henlb101","hawkc101","fribb101","hubec101","sandh101","wrigr102","harpg101","willc103","","","","9/F","T","F",2,8,2,"T","T",0,"F","F",1,"F","F",0,"F","F",9,"F","F","F","",0,0,"N",0,"N",0,"N",0,0,0,0,"9","","","","F","F","F","F","F","F","F","F","F","","","","F","F","F","F","F","","","","",0,9,0,0,0,0,0,0,0,17,"PHI","CHN","PHI",0,"T","F",0,1,0,7,0,"T","F",0,0,"T","T","kauft101","adams101","T","T",0,0,0,0,0,0,0,0,0,"","","",0,0,0,0,0,0,0,0,0,0,0,0,0,"willc103","F","F","F","F",0,0,0,0,0,0,0,0,0,0,F,F,"1925PHI.EVN.regular.event.csv",3190
"PHI192507160","CHN",3,0,1,0,0,"",0,1,"kauft101","?","kauft101","?","mitcc102","?","mitcc102","?","henlb101","hawkc101","fribb101","hubec101","sandh101","wrigr102","harpg101","willc103","","","","8/F","F","F",1,9,2,"T","T",0,"F","F",1,"F","F",0,"F","F",8,"F","F","F","",0,0,"N",0,"N",0,"N",0,0,0,0,"8","","","","F","F","F","F","F","F","F","F","F","","","","F","F","F","F","F","","","","",0,8,0,0,0,0,0,0,0,18,"PHI","CHN","PHI",0,"F","F",0,1,0,8,1,"T","F",0,0,"T","T","adams101","marar101","T","T",0,0,0,0,0,0,0,0,0,"","","",0,0,0,0,0,0,0,0,0,0,0,0,0,"harpg101","F","F","F","F",0,0,0,0,0,0,0,0,0,0,F,F,"1925PHI.EVN.regular.event.csv",3191
"PHI192507160","CHN",3,0,2,0,0,"",0,1,"adams101","?","adams101","?","mitcc102","?","mitcc102","?","henlb101","hawkc101","fribb101","hubec101","sandh101","wrigr102","harpg101","willc103","","","","9/F","F","F",4,1,2,"T","T",0,"F","F",1,"F","F",0,"F","F",9,"F","F","F","",0,0,"N",0,"N",0,"N",0,0,0,0,"9","","","","F","F","F","F","F","F","F","F","F","","","","F","F","F","F","F","","","","",0,9,0,0,0,0,0,0,0,19,"PHI","CHN","PHI",0,"F","T",0,1,0,9,2,"T","F",0,0,"T","T","marar101","heatc101","T","T",0,0,0,0,0,0,0,0,0,"","","",0,0,0,0,0,0,0,0,0,0,0,0,0,"willc103","F","F","F","F",0,0,0,0,0,0,0,0,0,0,F,F,"1925PHI.EVN.regular.event.csv",3192
"PHI192507160","CHN",3,1,0,0,0,"",0,1,"mitcc102","?","mitcc102","?","kauft101","?","kauft101","?","gonzm101","grimc101","adams101","freih101","marar101","jahna101","broom101","heatc101","","","","S8","T","F",1,9,20,"T","T",1,"F","F",0,"F","F",0,"F","F",8,"","F","F","",0,0,"N",0,"N",0,"N",1,0,0,0,"","","","","F","F","F","F","F","F","F","F","F","","","","F","F","F","F","F","","","","",0,0,0,0,0,0,0,0,0,20,"PHI","PHI","CHN",1,"T","F",1,0,0,8,0,"T","F",0,1,"T","T","sandh101","willc103","T","T",0,0,0,0,0,0,0,0,0,"","","",0,0,0,0,0,0,0,0,0,0,0,0,0,"broom101","F","F","F","F",0,0,0,0,0,0,0,0,0,0,F,F,"1925PHI.EVN.regular.event.csv",3193
"PHI192507160","CHN",3,1,0,0,0,"",0,1,"sandh101","?","sandh101","?","kauft101","?","kauft101","?","gonzm101","grimc101","adams101","freih101","marar101","jahna101","broom101","heatc101","mitcc102","","","13/SH.1-2","F","F",6,1,2,"T","F",0,"T","F",1,"F","F",0,"F","F",1,"G","T","F","",0,0,"N",0,"N",0,"N",0,2,0,0,"13","","","","F","F","F","F","F","F","F","F","F","kauft101","","","F","F","F","F","F","","","","",0,3,0,0,1,0,0,0,0,21,"PHI","PHI","CHN",1,"F","F",1,0,0,9,1,"T","F",1,2,"T","T","willc103","wrigr102","T","T",1,9,20,0,0,0,0,0,0,"gonzm101","","",0,0,0,0,0,0,0,0,0,0,0,0,0,"kauft101","F","F","F","F",0,0,0,0,0,0,0,0,0,0,F,F,"1925PHI.EVN.regular.event.csv",3194
"PHI192507160","CHN",3,1,1,0,0,"",0,1,"willc103","?","willc103","?","kauft101","?","kauft101","?","gonzm101","grimc101","adams101","freih101","marar101","jahna101","broom101","heatc101","","mitcc102","","9/F","F","F",9,2,2,"T","T",0,"F","F",1,"F","F",0,"F","F",9,"F","F","F","",0,0,"N",0,"N",0,"N",0,0,2,0,"9","","","","F","F","F","F","F","F","F","F","F","","kauft101","","F","F","F","F","F","","","","",0,9,0,0,0,0,0,0,0,22,"PHI","PHI","CHN",1,"F","F",1,0,0,10,2,"T","F",2,2,"T","T","wrigr102","harpg101","T","T",0,0,0,1,9,20,0,0,0,"","gonzm101","",0,0,0,0,0,0,0,0,0,0,0,0,0,"heatc101","F","F","F","F",0,0,0,0,0,0,0,0,0,0,F,F,"1925PHI.EVN.regular.event.csv",3195
"PHI192507160","CHN",3,1,2,0,0,"",0,1,"wrigr102","?","wrigr102","?","kauft101","?","kauft101","?","gonzm101","grimc101","adams101","freih101","marar101","jahna101","broom101","heatc101","","mitcc102","","43","F","F",7,3,2,"T","T",0,"F","F",1,"F","F",0,"F","F",4,"G","F","F","",0,0,"N",0,"N",0,"N",0,0,2,0,"43","","","","F","F","F","F","F","F","F","F","F","","kauft101","","F","F","F","F","F","","","","",0,3,0,0,4,0,0,0,0,23,"PHI","PHI","CHN",1,"F","T",1,0,0,11,3,"T","F",2,2,"T","T","harpg101","henlb101","T","T",0,0,0,1,9,20,0,0,0,"","gonzm101","",0,0,0,0,0,0,0,0,0,0,0,0,0,"adams101","F","F","F","F",0,0,0,0,0,0,0,0,0,0,F,F,"1925PHI.EVN.regular.event.csv",3196
"PHI192507160","CHN",4,0,0,0,0,"",0,1,"marar101","?","marar101","?","mitcc102","?","mitcc102","?","henlb101","hawkc101","fribb101","hubec101","sandh101","wrigr102","harpg101","willc103","","","","53","T","F",6,2,2,"T","T",0,"F","F",1,"F","F",0,"F","F",5,"G","F","F","",0,0,"N",0,"N",0,"N",0,0,0,0,"53","","","","F","F","F","F","F","F","F","F","F","","","","F","F","F","F","F","","","","",0,3,0,0,5,0,0,0,0,24,"PHI","CHN","PHI",0,"T","F",0,1,0,10,0,"T","F",0,0,"T","T","heatc101","freih101","T","T",0,0,0,0,0,0,0,0,0,"","","",0,0,0,0,0,0,0,0,0,0,0,0,0,"hubec101","F","F","F","F",0,0,0,0,0,0,0,0,0,0,F,F,"1925PHI.EVN.regular.event.csv",3197
"PHI192507160","CHN",4,0,1,0,0,"",0,1,"heatc101","?","heatc101","?","mitcc102","?","mitcc102","?","henlb101","hawkc101","fribb101","hubec101","sandh101","wrigr102","harpg101","willc103","","","","5/P","F","F",9,3,2,"T","T",0,"F","F",1,"F","F",0,"F","F",5,"P","F","F","",0,0,"N",0,"N",0,"N",0,0,0,0,"5","","","","F","F","F","F","F","F","F","F","F","","","","F","F","F","F","F","","","","",0,5,0,0,0,0,0,0,0,25,"PHI","CHN","PHI",0,"F","F",0,1,0,11,1,"T","F",0,0,"T","T","freih101","broom101","T","T",0,0,0,0,0,0,0,0,0,"","","",0,0,0,0,0,0,0,0,0,0,0,0,0,"hubec101","F","F","F","F",0,0,0,0,0,0,0,0,0,0,F,F,"1925PHI.EVN.regular.event.csv",3198
"PHI192507160","CHN",4,0,2,0,0,"",0,1,"freih101","?","freih101","?","mitcc102","?","mitcc102","?","henlb101","hawkc101","fribb101","hubec101","sandh101","wrigr102","harpg101","willc103","","","","E5/TH1","F","F",5,4,18,"T","T",0,"F","F",0,"F","F",0,"F","F",5,"G","F","F","",1,5,"T",0,"N",0,"N",1,0,0,0,"","","","","F","F","F","F","F","F","F","F","F","","","","F","F","F","F","F","","","","",0,0,0,0,0,0,0,0,0,26,"PHI","CHN","PHI",0,"F","F",0,1,0,12,2,"T","F",0,1,"T","T","broom101","jahna101","T","T",0,0,0,0,0,0,0,0,0,"","","",0,0,0,0,0,0,0,0,0,0,0,0,0,"hubec101","F","F","F","T",0,0,0,0,0,0,0,0,0,0,F,F,"1925PHI.EVN.regular.event.csv",3199
"PHI192507160","CHN",4,0,2,0,0,"",0,1,"broom101","?","broom101","?","mitcc102","?","mitcc102","?","henlb101","hawkc101","fribb101","hubec101","sandh101","wrigr102","harpg101","willc103","freih101","","","54(1)/FO","F","F",8,5,2,"T","T",0,"F","F",1,"F","F",0,"F","F",5,"G","F","F","",0,0,"N",0,"N",0,"N",1,0,0,0,"","54","","","F","F","F","F","F","F","F","F","F","mitcc102","","","F","F","F","F","F","","","","",0,4,0,0,5,0,0,0,0,27,"PHI","CHN","PHI",0,"F","T",0,1,0,13,3,"T","F",1,1,"T","T","jahna101","grimc101","T","T",5,4,26,0,0,0,0,0,0,"henlb101","","",0,0,0,0,0,0,0,0,0,0,0,0,0,"hubec101","T","F","F","F",0,0,0,0,0,0,0,0,0,0,F,F,"1925PHI.EVN.regular.event.csv",3200
"PHI192507160","CHN",4,1,0,0,0,"",0,1,"harpg101","?","harpg101","?","kauft101","?","kauft101","?","gonzm101","grimc101","adams101","freih101","marar101","jahna101","broom101","heatc101","","","","S8","T","F",8,4,20,"T","T",1,"F","F",0,"F","F",0,"F","F",8,"","F","F","",0,0,"N",0,"N",0,"N",1,0,0,0,"","","","","F","F","F","F","F","F","F","F","F","","","","F","F","F","F","F","","","","",0,0,0,0,0,0,0,0,0,28,"PHI","PHI","CHN",1,"T","F",1,0,0,12,0,"T","F",0,1,"T","T","henlb101","hawkc101","T","T",0,0,0,0,0,0,0,0,0,"","","",0,0,0,0,0,0,0,0,0,0,0,0,0,"broom101","F","F","F","F",4,0,0,0,2,0,0,0,0,0,F,F,"1925PHI.EVN.regular.event.csv",3201
"PHI192507160","CHN",4,1,0,0,0,"",0,1,"henlb101","?","henlb101","?","kauft101","?","kauft101","?","gonzm101","grimc101","adams101","freih101","marar101","jahna101","broom101","heatc101","harpg101","","","463/G4.1-2","F","F",2,5,2,"T","T",0,"F","F",1,"F","F",0,"F","F",4,"G","F","F","4",0,0,"N",0,"N",0,"N",0,2,0,0,"463","","","","F","F","F","F","F","F","F","F","F","kauft101","","","F","F","F","F","F","","","","",0,3,0,0,4,6,0,0,0,29,"PHI","PHI","CHN",1,"F","F",1,0,0,13,1,"T","F",1,2,"T","T","hawkc101","hubec101","T","T",8,4,28,0,0,0,0,0,0,"gonzm101","","",0,0,0,0,0,0,0,0,0,0,0,0,0,"adams101","F","F","F","F",0,4,0,0,2,0,0,0,0,0,F,F,"1925PHI.EVN.regular.event.csv",3202
"PHI192507160","CHN",4,1,1,0,0,"",0,1,"hawkc101","?","hawkc101","?","kauft101","?","kauft101","?","gonzm101","grimc101","adams101","freih101","marar101","jahna101","broom101","heatc101","","harpg101","","43.2-3","F","F",3,6,2,"T","T",0,"F","F",1,"F","F",0,"F","F",4,"G","F","F","",0,0,"N",0,"N",0,"N",0,0,3,0,"43","","","","F","F","F","F","F","F","F","F","F","","kauft101","","F","F","F","F","F","","","","",0,3,0,0,4,0,0,0,0,30,"PHI","PHI","CHN",1,"F","F",1,0,0,14,2,"T","F",2,4,"T","T","hubec101","fribb101","T","T",0,0,0,8,4,28,0,0,0,"","gonzm101","",0,0,0,0,0,0,0,0,0,0,0,0,0,"adams101","F","F","F","F",0,0,4,0,2,0,0,0,0,0,F,F,"1925PHI.EVN.regular.event.csv",3203
"PHI192507160","CHN",4,1,2,0,0,"",0,1,"hubec101","?","hubec101","?","kauft101","?","kauft101","?","gonzm101","grimc101","adams101","freih101","marar101","jahna101","broom101","heatc101","","","harpg101","D9/9L.3-H","F","F",5,7,21,"T","T",2,"F","F",0,"F","F",1,"F","F",9,"","F","F","9L",0,0,"N",0,"N",0,"N",2,0,0,4,"","","","","F","F","F","F","F","F","F","F","F","","","kauft101","F","F","F","F","F","","","","",0,0,0,0,0,0,0,0,0,31,"PHI","PHI","CHN",1,"F","F",1,0,0,15,3,"T","F",4,2,"T","T","fribb101","mitcc102","T","T",0,0,0,0,0,0,8,4,28,"","","gonzm101",0,0,0,0,0,0,0,0,0,0,0,0,1,"heatc101","F","F","F","F",4,0,0,4,1,0,0,0,0,0,F,F,"1925PHI.EVN.regular.event.csv",3204
"PHI192507160","CHN",4,1,2,0,0,"",0,2,"fribb101","?","fribb101","?","kauft101","?","kauft101","?","gonzm101","grimc101","adams101","freih101","marar101","jahna101","broom101","heatc101","","hubec101","","T8/F89XDW.2-H","F","F",4,8,22,"T","T",3,"F","F",0,"F","F",1,"F","F",8,"F","F","F","89XDW",0,0,"N",0,"N",0,"N",3,0,4,0,"","","","","F","F","F","F","F","F","F","F","F","","kauft101","","F","F","F","F","F","","","","",0,0,0,0,0,0,0,0,0,32,"PHI","PHI","CHN",1,"F","F",2,0,1,16,4,"T","F",2,4,"T","T","mitcc102","sandh101","T","T",0,0,0,5,7,31,0,0,0,"","gonzm101","",0,0,0,0,0,0,0,0,0,0,0,0,1,"broom101","F","F","F","F",0,0,4,0,0,0,0,0,0,0,F,F,"1925PHI.EVN.regular.event.csv",3205
"PHI192507160","CHN",4,1,2,0,0,"",0,3,"mitcc102","?","mitcc102","?","kauft101","?","kauft101","?","gonzm101","grimc101","adams101","freih101","marar101","jahna101","broom101","heatc101","","","fribb101","5/P","F","F",1,9,2,"T","T",0,"F","F",1,"F","F",0,"F","F",5,"P","F","F","",0,0,"N",0,"N",0,"N",0,0,0,3,"5","","","","F","F","F","F","F","F","F","F","F","","","kauft101","F","F","F","F","F","","","","",0,5,0,0,0,0,0,0,0,33,"PHI","PHI","CHN",1,"F","T",3,0,2,17,5,"T","F",4,4,"T","T","sandh101","willc103","T","T",0,0,0,0,0,0,4,8,32,"","","gonzm101",0,0,0,0,0,0,0,0,0,0,0,0,0,"freih101","F","F","F","F",0,0,0,0,0,0,0,0,0,0,F,F,"1925PHI.EVN.regular.event.csv",3206
"PHI192507160","CHN",5,0,0,0,0,"",0,3,"jahna101","?","jahna101","?","mitcc102","?","mitcc102","?","henlb101","hawkc101","fribb101","hubec101","sandh101","wrigr102","harpg101","willc103","","","","S8","T","F",7,6,20,"T","T",1,"F","F",0,"F","F",0,"F","F",8,"","F","F","",0,0,"N",0,"N",0,"N",1,0,0,0,"","","","","F","F","F","F","F","F","F","F","F","","","","F","F","F","F","F","","","","",0,0,0,0,0,0,0,0,0,34,"PHI","CHN","PHI",0,"T","F",0,3,0,14,0,"T","F",0,1,"T","T","grimc101","gonzm101","T","T",0,0,0,0,0,0,0,0,0,"","","",0,0,0,0,0,0,0,0,0,0,0,0,0,"harpg101","F","F","F","F",0,0,0,0,0,0,0,0,0,0,F,F,"1925PHI.EVN.regular.event.csv",3207
"PHI192507160","CHN",5,0,0,0,0,"",0,3,"grimc101","?","grimc101","?","mitcc102","?","mitcc102","?","henlb101","hawkc101","fribb101","hubec101","sandh101","wrigr102","harpg101","willc103","jahna101","","","7/L","F","F",3,7,2,"T","T",0,"F","F",1,"F","F",0,"F","F",7,"L","F","F","",0,0,"N",0,"N",0,"N",0,1,0,0,"7","","","","F","F","F","F","F","F","F","F","F","mitcc102","","","F","F","F","F","F","","","","",0,7,0,0,0,0,0,0,0,35,"PHI","CHN","PHI",0,"F","F",0,3,0,15,1,"T","F",1,1,"T","T","gonzm101","kauft101","T","T",7,6,34,0,0,0,0,0,0,"henlb101","","",0,0,0,0,0,0,0,0,0,0,0,0,0,"wrigr102","F","F","F","F",0,0,0,0,0,0,0,0,0,0,F,F,"1925PHI.EVN.regular.event.csv",3208
"PHI192507160","CHN",5,0,1,0,0,"",0,3,"gonzm101","?","gonzm101","?","mitcc102","?","mitcc102","?","henlb101","hawkc101","fribb101","hubec101","sandh101","wrigr102","harpg101","willc103","jahna101","","","WP.1-2","F","F",2,8,9,"F","F",0,"F","F",0,"F","F",0,"T","F",0,"","F","F","",0,0,"N",0,"N",0,"N",0,2,0,0,"","","","","F","F","F","F","F","F","F","F","F","mitcc102","","","F","F","F","F","F","","","","",0,0,0,0,0,0,0,0,0,36,"PHI","CHN","PHI",0,"F","F",0,3,0,16,2,"T","F",1,2,"T","T","kauft101","adams101","T","T",7,6,34,0,0,0,0,0,0,"henlb101","","",0,0,0,0,0,0,0,0,0,0,0,0,0,"","F","F","F","F",0,0,0,0,0,0,0,0,0,0,F,F,"1925PHI.EVN.regular.event.csv",3209
"PHI192507160","CHN",5,0,1,0,0,"",0,3,"gonzm101","?","gonzm101","?","mitcc102","?","mitcc102","?","henlb101","hawkc101","fribb101","hubec101","sandh101","wrigr102","harpg101","willc103","","jahna101","","9/F","F","F",2,8,2,"T","T",0,"F","F",1,"F","F",0,"F","F",9,"F","F","F","",0,0,"N",0,"N",0,"N",0,0,2,0,"9","","","","F","F","F","F","F","F","F","F","F","","mitcc102","","F","F","F","F","F","","","","",0,9,0,0,0,0,0,0,0,37,"PHI","CHN","PHI",0,"F","F",0,3,0,16,2,"F","F",2,2,"T","T","kauft101","adams101","T","T",0,0,0,7,6,34,0,0,0,"","henlb101","",0,0,0,0,0,0,0,0,0,0,0,0,0,"willc103","F","F","F","F",0,0,0,0,0,0,0,0,0,0,F,F,"1925PHI.EVN.regular.event.csv",3210
"PHI192507160","CHN",5,0,2,0,0,"",0,3,"kauft101","?","kauft101","?","mitcc102","?","mitcc102","?","henlb101","hawkc101","fribb101","hubec101","sandh101","wrigr102","harpg101","willc103","","jahna101","","K/C","F","F",1,9,3,"T","T",0,"F","F",1,"F","F",0,"F","F",0,"","F","F","",0,0,"N",0,"N",0,"N",0,0,2,0,"2","","","","F","F","F","F","F","F","F","F","F","","mitcc102","","F","F","F","F","F","","","","",0,2,0,0,0,0,0,0,0,38,"PHI","CHN","PHI",0,"F","T",0,3,0,17,3,"T","F",2,2,"T","T","adams101","marar101","T","T",0,0,0,7,6,34,0,0,0,"","henlb101","",0,0,0,0,0,0,0,0,0,0,0,0,0,"","F","F","F","F",0,0,0,0,0,0,0,0,0,0,F,F,"1925PHI.EVN.regular.event.csv",3211
"PHI192507160","CHN",5,1,0,0,0,"",0,3,"sandh101","?","sandh101","?","kauft101","?","kauft101","?","gonzm101","grimc101","adams101","freih101","marar101","jahna101","broom101","heatc101","","","","W","T","F",6,1,14,"T","F",0,"F","F",0,"F","F",0,"F","F",0,"","F","F","",0,0,"N",0,"N",0,"N",1,0,0,0,"","","","","F","F","F","F","F","F","F","F","F","","","","F","F","F","F","F","","","","",0,0,0,0,0,0,0,0,0,39,"PHI","PHI","CHN",1,"T","F",3,0,0,18,0,"T","F",0,1,"T","T","willc103","wrigr102","T","T",0,0,0,0,0,0,0,0,0,"","","",0,0,0,0,0,0,0,0,0,0,0,0,0,"","F","F","F","F",0,0,0,0,0,0,0,0,0,0,F,F,"1925PHI.EVN.regular.event.csv",3212
"PHI192507160","CHN",5,1,0,0,0,"",0,3,"willc103","?","willc103","?","kauft101","?","kauft101","?","gonzm101","grimc101","adams101","freih101","marar101","jahna101","broom101","heatc101","sandh101","","","63.1-2","F","F",9,2,2,"T","T",0,"F","F",1,"F","F",0,"F","F",6,"G","F","F","",0,0,"N",0,"N",0,"N",0,2,0,0,"63","","","","F","F","F","F","F","F","F","F","F","kauft101","","","F","F","F","F","F","","","","",0,3,0,0,6,0,0,0,0,40,"PHI","PHI","CHN",1,"F","F",3,0,0,19,1,"T","F",1,2,"T","T","wrigr102","harpg101","T","T",6,1,39,0,0,0,0,0,0,"gonzm101","","",0,0,0,0,0,0,0,0,0,0,0,0,0,"marar101","F","F","F","F",0,0,0,0,0,0,0,0,0,0,F,F,"1925PHI.EVN.regular.event.csv",3213
"PHI192507160","CHN",5,1,1,0,0,"",0,3,"wrigr102","?","wrigr102","?","kauft101","?","kauft101","?","gonzm101","grimc101","adams101","freih101","marar101","jahna101","broom101","heatc101","","sandh101","","9/L9S","F","F",7,3,2,"T","T",0,"F","F",1,"F","F",0,"F","F",9,"L","F","F","9S",0,0,"N",0,"N",0,"N",0,0,2,0,"9","","","","F","F","F","F","F","F","F","F","F","","kauft101","","F","F","F","F","F","","","","",0,9,0,0,0,0,0,0,0,41,"PHI","PHI","CHN",1,"F","F",3,0,0,20,2,"T","F",2,2,"T","T","harpg101","henlb101","T","T",0,0,0,6,1,39,0,0,0,"","gonzm101","",0,0,0,0,0,0,0,0,0,0,0,0,0,"heatc101","F","F","F","F",0,0,0,0,0,0,0,0,0,0,F,F,"1925PHI.EVN.regular.event.csv",3214
"PHI192507160","CHN",5,1,2,0,0,"",0,3,"harpg101","?","harpg101","?","kauft101","?","kauft101","?","gonzm101","grimc101","adams101","freih101","marar101","jahna101","broom101","heatc101","","sandh101","","31","F","F",8,4,2,"T","T",0,"F","F",1,"F","F",0,"F","F",3,"G","F","F","",0,0,"N",0,"N",0,"N",0,0,2,0,"31","","","","F","F","F","F","F","F","F","F","F","","kauft101","","F","F","F","F","F","","","","",0,1,0,0,3,0,0,0,0,42,"PHI","PHI","CHN",1,"F","T",3,0,0,21,3,"T","F",2,2,"T","T","henlb101","hawkc101","T","T",0,0,0,6,1,39,0,0,0,"","gonzm101","",0,0,0,0,0,0,0,0,0,0,0,0,0,"grimc101","F","F","F","F",0,0,0,0,0,0,0,0,0,0,F,F,"1925PHI.EVN.regular.event.csv",3215
"PHI192507160","CHN",6,0,0,0,0,"",0,3,"adams101","?","adams101","?","mitcc102","?","mitcc102","?","henlb101","hawkc101","fribb101","hubec101","sandh101","wrigr102","harpg101","willc103","","","","2/P2","T","F",4,1,2,"T","T",0,"F","F",1,"F","F",0,"F","F",2,"P","F","F","2",0,0,"N",0,"N",0,"N",0,0,0,0,"2","","","","F","F","F","F","F","F","F","F","F","","","","F","F","F","F","F","","","","",0,2,0,0,0,0,0,0,0,43,"PHI","CHN","PHI",0,"T","F",0,3,0,18,0,"T","F",0,0,"T","T","marar101","heatc101","T","T",0,0,0,0,0,0,0,0,0,"","","",0,0,0,0,0,0,0,0,0,0,0,0,0,"henlb101","F","F","F","F",0,0,0,0,0,0,0,0,0,0,F,F,"1925PHI.EVN.regular.event.csv",3216
"PHI192507160","CHN",6,0,1,0,0,"",0,3,"marar101","?","marar101","?","mitcc102","?","mitcc102","?","henlb101","hawkc101","fribb101","hubec101","sandh101","wrigr102","harpg101","willc103","","","","7/F","F","F",6,2,2,"T","T",0,"F","F",1,"F","F",0,"F","F",7,"F","F","F","",0,0,"N",0,"N",0,"N",0,0,0,0,"7","","","","F","F","F","F","F","F","F","F","F","","","","F","F","F","F","F","","","","",0,7,0,0,0,0,0,0,0,44,"PHI","CHN","PHI",0,"F","F",0,3,0,19,1,"T","F",0,0,"T","T","heatc101","freih101","T","T",0,0,0,0,0,0,0,0,0,"","","",0,0,0,0,0,0,0,0,0,0,0,0,0,"wrigr102","F","F","F","F",0,0,0,0,0,0,0,0,0,0,F,F,"1925PHI.EVN.regular.event.csv",3217
"PHI192507160","CHN",6,0,2,0,0,"",0,3,"heatc101","?","heatc101","?","mitcc102","?","mitcc102","?","henlb101","hawkc101","fribb101","hubec101","sandh101","wrigr102","harpg101","willc103","","","","S7","F","F",9,3,20,"T","T",1,"F","F",0,"F","F",0,"F","F",7,"","F","F","",0,0,"N",0,"N",0,"N",1,0,0,0,"","","","","F","F","F","F","F","F","F","F","F","","","","F","F","F","F","F","","","","",0,0,0,0,0,0,0,0,0,45,"PHI","CHN","PHI",0,"F","F",0,3,0,20,2,"T","F",0,1,"T","T","freih101","broom101","T","T",0,0,0,0,0,0,0,0,0,"","","",0,0,0,0,0,0,0,0,0,0,0,0,0,"wrigr102","F","F","F","F",0,0,0,0,0,0,0,0,0,0,F,F,"1925PHI.EVN.regular.event.csv",3218
"PHI192507160","CHN",6,0,2,0,0,"",0,3,"freih101","?","freih101","?","mitcc102","?","mitcc102","?","henlb101","hawkc101","fribb101","hubec101","sandh101","wrigr102","harpg101","willc103","heatc101","","","3/L","F","F",5,4,2,"T","T",0,"F","F",1,"F","F",0,"F","F",3,"L","F","F","",0,0,"N",0,"N",0,"N",0,1,0,0,"3","","","","F","F","F","F","F","F","F","F","F","mitcc102","","","F","F","F","F","F","","","","",0,3,0,0,0,0,0,0,0,46,"PHI","CHN","PHI",0,"F","T",0,3,0,21,3,"T","F",1,1,"T","T","broom101","jahna101","T","T",9,3,45,0,0,0,0,0,0,"henlb101","","",0,0,0,0,0,0,0,0,0,0,0,0,0,"hawkc101","F","F","F","F",0,0,0,0,0,0,0,0,0,0,F,F,"1925PHI.EVN.regular.event.csv",3219
"PHI192507160","CHN",6,1,0,0,0,"",0,3,"henlb101","?","henlb101","?","kauft101","?","kauft101","?","gonzm101","grimc101","adams101","freih101","marar101","jahna101","broom101","heatc101","","","","8/L","T","F",2,5,2,"T","T",0,"F","F",1,"F","F",0,"F","F",8,"L","F","F","",0,0,"N",0,"N",0,"N",0,0,0,0,"8","","","","F","F","F","F","F","F","F","F","F","","","","F","F","F","F","F","","","","",0,8,0,0,0,0,0,0,0,47,"PHI","PHI","CHN",1,"T","F",3,0,0,22,0,"T","F",0,0,"T","T","hawkc101","hubec101","T","T",0,0,0,0,0,0,0,0,0,"","","",0,0,0,0,0,0,0,0,0,0,0,0,0,"broom101","F","F","F","F",0,0,0,0,0,0,0,0,0,0,F,F,"1925PHI.EVN.regular.event.csv",3220
"PHI192507160","CHN",6,1,1,0,0,"",0,3,"hawkc101","?","hawkc101","?","kauft101","?","kauft101","?","gonzm101","grimc101","adams101","freih101","marar101","jahna101","broom101","heatc101","","","","43","F","F",3,6,2,"T","T",0,"F","F",1,"F","F",0,"F","F",4,"G","F","F","",0,0,"N",0,"N",0,"N",0,0,0,0,"43","","","","F","F","F","F","F","F","F","F","F","","","","F","F","F","F","F","","","","",0,3,0,0,4,0,0,0,0,48,"PHI","PHI","CHN",1,"F","F",3,0,0,23,1,"T","F",0,0,"T","T","hubec101","fribb101","T","T",0,0,0,0,0,0,0,0,0,"","","",0,0,0,0,0,0,0,0,0,0,0,0,0,"adams101","F","F","F","F",0,0,0,0,0,0,0,0,0,0,F,F,"1925PHI.EVN.regular.event.csv",3221
"PHI192507160","CHN",6,1,2,0,0,"",0,3,"hubec101","?","hubec101","?","kauft101","?","kauft101","?","gonzm101","grimc101","adams101","freih101","marar101","jahna101","broom101","heatc101","","","","K","F","F",5,7,3,"T","T",0,"F","F",1,"F","F",0,"F","F",0,"","F","F","",0,0,"N",0,"N",0,"N",0,0,0,0,"2","","","","F","F","F","F","F","F","F","F","F","","","","F","F","F","F","F","","","","",0,2,0,0,0,0,0,0,0,49,"PHI","PHI","CHN",1,"F","T",3,0,0,24,2,"T","F",0,0,"T","T","fribb101","mitcc102","T","T",0,0,0,0,0,0,0,0,0,"","","",0,0,0,0,0,0,0,0,0,0,0,0,0,"","F","F","F","F",0,0,0,0,0,0,0,0,0,0,F,F,"1925PHI.EVN.regular.event.csv",3222
"PHI192507160","CHN",7,0,0,0,0,"",0,3,"broom101","?","broom101","?","mitcc102","?","mitcc102","?","henlb101","hawkc101","fribb101","hubec101","sandh101","wrigr102","harpg101","willc103","","","","K","T","F",8,5,3,"T","T",0,"F","F",1,"F","F",0,"F","F",0,"","F","F","",0,0,"N",0,"N",0,"N",0,0,0,0,"2","","","","F","F","F","F","F","F","F","F","F","","","","F","F","F","F","F","","","","",0,2,0,0,0,0,0,0,0,50,"PHI","CHN","PHI",0,"T","F",0,3,0,22,0,"T","F",0,0,"T","T","jahna101","grimc101","T","T",0,0,0,0,0,0,0,0,0,"","","",0,0,0,0,0,0,0,0,0,0,0,0,0,"","F","F","F","F",0,0,0,0,0,0,0,0,0,0,F,F,"1925PHI.EVN.regular.event.csv",3223
"PHI192507160","CHN",7,0,1,0,0,"",0,3,"jahna101","?","jahna101","?","mitcc102","?","mitcc102","?","henlb101","hawkc101","fribb101","hubec101","sandh101","wrigr102","harpg101","willc103","","","","9/F","F","F",7,6,2,"T","T",0,"F","F",1,"F","F",0,"F","F",9,"F","F","F","",0,0,"N",0,"N",0,"N",0,0,0,0,"9","","","","F","F","F","F","F","F","F","F","F","","","","F","F","F","F","F","","","","",0,9,0,0,0,0,0,0,0,51,"PHI","CHN","PHI",0,"F","F",0,3,0,23,1,"T","F",0,0,"T","T","grimc101","gonzm101","T","T",0,0,0,0,0,0,0,0,0,"","","",0,0,0,0,0,0,0,0,0,0,0,0,0,"willc103","F","F","F","F",0,0,0,0,0,0,0,0,0,0,F,F,"1925PHI.EVN.regular.event.csv",3224
"PHI192507160","CHN",7,0,2,0,0,"",0,3,"grimc101","?","grimc101","?","mitcc102","?","mitcc102","?","henlb101","hawkc101","fribb101","hubec101","sandh101","wrigr102","harpg101","willc103","","","","63","F","F",3,7,2,"T","T",0,"F","F",1,"F","F",0,"F","F",6,"G","F","F","",0,0,"N",0,"N",0,"N",0,0,0,0,"63","","","","F","F","F","F","F","F","F","F","F","","","","F","F","F","F","F","","","","",0,3,0,0,6,0,0,0,0,52,"PHI","CHN","PHI",0,"F","T",0,3,0,24,2,"T","F",0,0,"T","T","gonzm101","kauft101","T","T",0,0,0,0,0,0,0,0,0,"","","",0,0,0,0,0,0,0,0,0,0,0,0,0,"sandh101","F","F","F","F",0,0,0,0,0,0,0,0,0,0,F,F,"1925PHI.EVN.regular.event.csv",3225
"PHI192507160","CHN",7,1,0,0,0,"",0,3,"fribb101","?","fribb101","?","kauft101","?","kauft101","?","gonzm101","grimc101","adams101","freih101","marar101","jahna101","broom101","heatc101","","","","S9","T","F",4,8,20,"T","T",1,"F","F",0,"F","F",0,"F","F",9,"","F","F","",0,0,"N",0,"N",0,"N",1,0,0,0,"","","","","F","F","F","F","F","F","F","F","F","","","","F","F","F","F","F","","","","",0,0,0,0,0,0,0,0,0,53,"PHI","PHI","CHN",1,"T","F",3,0,0,25,0,"T","F",0,1,"T","T","mitcc102","sandh101","T","T",0,0,0,0,0,0,0,0,0,"","","",0,0,0,0,0,0,0,0,0,0,0,0,0,"heatc101","F","F","F","F",0,0,0,0,0,0,0,0,0,0,F,F,"1925PHI.EVN.regular.event.csv",3226
"PHI192507160","CHN",7,1,0,0,0,"",0,3,"mitcc102","?","mitcc102","?","kauft101","?","kauft101","?","gonzm101","grimc101","adams101","freih101","marar101","jahna101","broom101","heatc101","fribb101","","","26(1)4(B)/BG/GDP","F","F",1,9,2,"T","T",0,"F","F",2,"T","F",0,"F","F",2,"G","T","F","",0,0,"N",0,"N",0,"N",0,0,0,0,"64","26","","","F","F","F","F","F","F","F","F","F","kauft101","","","F","F","F","F","F","","","","",0,6,4,0,2,6,0,0,0,54,"PHI","PHI","CHN",1,"F","F",3,0,0,26,1,"T","F",1,0,"T","T","sandh101","willc103","T","T",4,8,53,0,0,0,0,0,0,"gonzm101","","",0,0,0,0,0,0,0,0,0,0,0,0,0,"gonzm101","T","F","F","F",0,0,0,0,0,0,0,0,0,0,F,F,"1925PHI.EVN.regular.event.csv",3227
"PHI192507160","CHN",7,1,2,0,0,"",0,3,"sandh101","?","sandh101","?","kauft101","?","kauft101","?","gonzm101","grimc101","adams101","freih101","marar101","jahna101","broom101","heatc101","","","","43","F","F",6,1,2,"T","T",0,"F","F",1,"F","F",0,"F","F",4,"G","F","F","",0,0,"N",0,"N",0,"N",0,0,0,0,"43","","","","F","F","F","F","F","F","F","F","F","","","","F","F","F","F","F","","","","",0,3,0,0,4,0,0,0,0,55,"PHI","PHI","CHN",1,"F","T",3,0,0,27,2,"T","F",0,0,"T","T","willc103","wrigr102","T","T",0,0,0,0,0,0,0,0,0,"","","",0,0,0,0,0,0,0,0,0,0,0,0,0,"adams101","F","F","F","F",0,0,0,0,0,0,0,0,0,0,F,F,"1925PHI.EVN.regular.event.csv",3228
"PHI192507160","CHN",8,0,0,0,0,"",0,3,"gonzm101","?","gonzm101","?","mitcc102","?","mitcc102","?","henlb101","hawkc101","fribb101","hubec101","sandh101","wrigr102","harpg101","willc103","","","","53","T","F",2,8,2,"T","T",0,"F","F",1,"F","F",0,"F","F",5,"G","F","F","",0,0,"N",0,"N",0,"N",0,0,0,0,"53","","","","F","F","F","F","F","F","F","F","F","","","","F","F","F","F","F","","","","",0,3,0,0,5,0,0,0,0,56,"PHI","CHN","PHI",0,"T","F",0,3,0,25,0,"T","F",0,0,"T","T","kauft101","adams101","T","T",0,0,0,0,0,0,0,0,0,"","","",0,0,0,0,0,0,0,0,0,0,0,0,0,"hubec101","F","F","F","F",0,0,0,0,0,0,0,0,0,0,F,F,"1925PHI.EVN.regular.event.csv",3229
"PHI192507160","CHN",8,0,1,0,0,"",0,3,"kauft101","?","kauft101","?","mitcc102","?","mitcc102","?","henlb101","hawkc101","fribb101","hubec101","sandh101","wrigr102","harpg101","willc103","","","","13","F","F",1,9,2,"T","T",0,"F","F",1,"F","F",0,"F","F",1,"G","F","F","",0,0,"N",0,"N",0,"N",0,0,0,0,"13","","","","F","F","F","F","F","F","F","F","F","","","","F","F","F","F","F","","","","",0,3,0,0,1,0,0,0,0,57,"PHI","CHN","PHI",0,"F","F",0,3,0,26,1,"T","F",0,0,"T","T","adams101","marar101","T","T",0,0,0,0,0,0,0,0,0,"","","",0,0,0,0,0,0,0,0,0,0,0,0,0,"mitcc102","F","F","F","F",0,0,0,0,0,0,0,0,0,0,F,F,"1925PHI.EVN.regular.event.csv",3230
"PHI192507160","CHN",8,0,2,0,0,"",0,3,"adams101","?","adams101","?","mitcc102","?","mitcc102","?","henlb101","hawkc101","fribb101","hubec101","sandh101","wrigr102","harpg101","willc103","","","","S4/G-","F","F",4,1,20,"T","T",1,"F","F",0,"F","F",0,"F","F",4,"G","F","F","",0,0,"N",0,"N",0,"N",1,0,0,0,"","","","","F","F","F","F","F","F","F","F","F","","","","F","F","F","F","F","","","","",0,0,0,0,0,0,0,0,0,58,"PHI","CHN","PHI",0,"F","F",0,3,0,27,2,"T","F",0,1,"T","T","marar101","heatc101","T","T",0,0,0,0,0,0,0,0,0,"","","",0,0,0,0,0,0,0,0,0,0,0,0,0,"fribb101","F","F","F","F",0,0,0,0,0,0,0,0,0,0,F,F,"1925PHI.EVN.regular.event.csv",3231
"PHI192507160","CHN",8,0,2,0,0,"",0,3,"marar101","?","marar101","?","mitcc102","?","mitcc102","?","henlb101","hawkc101","fribb101","hubec101","sandh101","wrigr102","harpg101","willc103","adams101","","","4/P","F","F",6,2,2,"T","T",0,"F","F",1,"F","F",0,"F","F",4,"P","F","F","",0,0,"N",0,"N",0,"N",0,1,0,0,"4","","","","F","F","F","F","F","F","F","F","F","mitcc102","","","F","F","F","F","F","","","","",0,4,0,0,0,0,0,0,0,59,"PHI","CHN","PHI",0,"F","T",0,3,0,28,3,"T","F",1,1,"T","T","heatc101","freih101","T","T",4,1,58,0,0,0,0,0,0,"henlb101","","",0,0,0,0,0,0,0,0,0,0,0,0,0,"fribb101","F","F","F","F",0,0,0,0,0,0,0,0,0,0,F,F,"1925PHI.EVN.regular.event.csv",3232
"PHI192507160","CHN",8,1,0,0,0,"",0,3,"willc103","?","willc103","?","kauft101","?","kauft101","?","gonzm101","grimc101","adams101","freih101","marar101","jahna101","broom101","heatc101","","","","3/G","T","F",9,2,2,"T","T",0,"F","F",1,"F","F",0,"F","F",3,"G","F","F","",0,0,"N",0,"N",0,"N",0,0,0,0,"3","","","","F","F","F","F","F","F","F","F","F","","","","F","F","F","F","F","","","","",0,3,0,0,0,0,0,0,0,60,"PHI","PHI","CHN",1,"T","F",3,0,0,28,0,"T","F",0,0,"T","T","wrigr102","harpg101","T","T",0,0,0,0,0,0,0,0,0,"","","",0,0,0,0,0,0,0,0,0,0,0,0,0,"grimc101","F","F","F","F",0,0,0,0,0,0,0,0,0,0,F,F,"1925PHI.EVN.regular.event.csv",3233
"PHI192507160","CHN",8,1,1,0,0,"",0,3,"wrigr102","?","wrigr102","?","kauft101","?","kauft101","?","gonzm101","grimc101","adams101","freih101","marar101","jahna101","broom101","heatc101","","","","43/G34","F","F",7,3,2,"T","T",0,"F","F",1,"F","F",0,"F","F",4,"G","F","F","34",0,0,"N",0,"N",0,"N",0,0,0,0,"43","","","","F","F","F","F","F","F","F","F","F","","","","F","F","F","F","F","","","","",0,3,0,0,4,0,0,0,0,61,"PHI","PHI","CHN",1,"F","F",3,0,0,29,1,"T","F",0,0,"T","T","harpg101","henlb101","T","T",0,0,0,0,0,0,0,0,0,"","","",0,0,0,0,0,0,0,0,0,0,0,0,0,"adams101","F","F","F","F",0,0,0,0,0,0,0,0,0,0,F,F,"1925PHI.EVN.regular.event.csv",3234
"PHI192507160","CHN",8,1,2,0,0,"",0,3,"harpg101","?","harpg101","?","kauft101","?","kauft101","?","gonzm101","grimc101","adams101","freih101","marar101","jahna101","broom101","heatc101","","","","9/F","F","F",8,4,2,"T","T",0,"F","F",1,"F","F",0,"F","F",9,"F","F","F","",0,0,"N",0,"N",0,"N",0,0,0,0,"9","","","","F","F","F","F","F","F","F","F","F","","","","F","F","F","F","F","","","","",0,9,0,0,0,0,0,0,0,62,"PHI","PHI","CHN",1,"F","T",3,0,0,30,2,"T","F",0,0,"T","T","henlb101","hawkc101","T","T",0,0,0,0,0,0,0,0,0,"","","",0,0,0,0,0,0,0,0,0,0,0,0,0,"heatc101","F","F","F","F",0,0,0,0,0,0,0,0,0,0,F,F,"1925PHI.EVN.regular.event.csv",3235
"PHI192507160","CHN",9,0,0,0,0,"",0,3,"heatc101","?","heatc101","?","mitcc102","?","mitcc102","?","henlb101","hawkc101","fribb101","hubec101","sandh101","wrigr102","harpg101","willc103","","","","HP","T","F",9,3,16,"T","F",0,"F","F",0,"F","F",0,"F","F",0,"","F","F","",0,0,"N",0,"N",0,"N",1,0,0,0,"","","","","F","F","F","F","F","F","F","F","F","","","","F","F","F","F","F","","","","",0,0,0,0,0,0,0,0,0,63,"PHI","CHN","PHI",0,"T","F",0,3,0,29,0,"T","F",0,1,"T","T","freih101","broom101","T","T",0,0,0,0,0,0,0,0,0,"","","",0,0,0,0,0,0,0,0,0,0,0,0,0,"","F","F","F","F",0,0,0,0,0,0,0,0,0,0,F,F,"1925PHI.EVN.regular.event.csv",3236
"PHI192507160","CHN",9,0,0,0,0,"",0,3,"freih101","?","freih101","?","mitcc102","?","mitcc102","?","henlb101","hawkc101","fribb101","hubec101","sandh101","wrigr102","harpg101","willc103","pittp101","","","16(1)3/GDP","F","F",5,4,2,"T","T",0,"F","F",2,"T","F",0,"F","F",1,"G","F","F","",0,0,"N",0,"N",0,"N",0,0,0,0,"63","16","","","F","F","F","F","F","F","F","F","F","mitcc102","","","F","F","T","F","F","heatc101","","","",0,6,3,0,1,6,0,0,0,64,"PHI","CHN","PHI",0,"F","F",0,3,0,30,1,"T","F",1,0,"T","T","broom101","jahna101","T","T",0,3,63,0,0,0,0,0,0,"henlb101","","",0,0,0,0,0,0,0,0,0,0,0,0,0,"mitcc102","T","F","F","F",0,0,0,0,0,0,0,0,0,0,F,F,"1925PHI.EVN.regular.event.csv",3237
"PHI192507160","CHN",9,0,2,0,0,"",0,3,"broom101","?","broom101","?","mitcc102","?","mitcc102","?","henlb101","hawkc101","fribb101","hubec101","sandh101","wrigr102","harpg101","willc103","","","","S8","F","F",8,5,20,"T","T",1,"F","F",0,"F","F",0,"F","F",8,"","F","F","",0,0,"N",0,"N",0,"N",1,0,0,0,"","","","","F","F","F","F","F","F","F","F","F","","","","F","F","F","F","F","","","","",0,0,0,0,0,0,0,0,0,65,"PHI","CHN","PHI",0,"F","F",0,3,0,31,2,"T","F",0,1,"T","T","jahna101","grimc101","T","T",0,0,0,0,0,0,0,0,0,"","","",0,0,0,0,0,0,0,0,0,0,0,0,0,"harpg101","F","F","F","F",1,0,0,0,0,0,0,0,0,0,F,F,"1925PHI.EVN.regular.event.csv",3238
"PHI192507160","CHN",9,0,2,0,0,"",0,3,"jahna101","?","jahna101","?","mitcc102","?","mitcc102","?","henlb101","hawkc101","fribb101","hubec101","sandh101","wrigr102","harpg101","willc103","broom101","","","K","F","F",7,6,3,"T","T",0,"F","F",1,"F","F",0,"F","F",0,"","F","F","",0,0,"N",0,"N",0,"N",0,1,0,0,"2","","","","F","F","F","F","F","F","F","F","F","mitcc102","","","F","T","F","F","F","","","","",0,2,0,0,0,0,0,0,0,66,"PHI","CHN","PHI",0,"F","T",0,3,0,32,3,"T","F",1,1,"T","T","grimc101","gonzm101","T","T",8,5,65,0,0,0,0,0,0,"henlb101","","",0,0,0,0,0,0,0,0,0,0,0,0,0,"","F","F","F","F",0,1,0,0,0,0,0,0,0,0,F,F,"1925PHI.EVN.regular.event.csv",3239
"PHI192507170","CHN",1,0,0,0,0,"X",0,0,"adams101","?","adams101","?","ringj101","?","ringj101","?","wilsj105","hawkc101","fribb101","hubec101","sandh101","wrigr102","harpg101","willc103","","","","3/G","T","F",4,1,2,"T","T",0,"F","F",1,"F","F",0,"F","F",3,"G","F","F","",0,0,"N",0,"N",0,"N",0,0,0,0,"3","","","","F","F","F","F","F","F","F","F","F","","","","T","F","F","F","F","","","","",0,3,0,0,0,0,0,0,0,1,"PHI","CHN","PHI",0,"T","F",0,0,0,0,0,"T","F",0,0,"T","T","marar101","freih101","T","T",0,0,0,0,0,0,0,0,0,"","","",0,0,0,0,0,0,1,0,0,0,1,0,0,"hawkc101","F","F","F","F",0,0,0,0,0,0,0,0,0,0,F,F,"1925PHI.EVN.regular.event.csv",3240
"PHI192507170","CHN",1,0,1,0,0,"X",0,0,"marar101","?","marar101","?","ringj101","?","ringj101","?","wilsj105","hawkc101","fribb101","hubec101","sandh101","wrigr102","harpg101","willc103","","","","3/G","F","F",6,2,2,"T","T",0,"F","F",1,"F","F",0,"F","F",3,"G","F","F","",0,0,"N",0,"N",0,"N",0,0,0,0,"3","","","","F","F","F","F","F","F","F","F","F","","","","F","F","F","F","F","","","","",0,3,0,0,0,0,0,0,0,2,"PHI","CHN","PHI",0,"F","F",0,0,0,1,1,"T","F",0,0,"T","T","freih101","grigd101","T","T",0,0,0,0,0,0,0,0,0,"","","",0,0,0,0,0,0,1,0,0,0,1,0,0,"hawkc101","F","F","F","F",0,0,0,0,0,0,0,0,0,0,F,F,"1925PHI.EVN.regular.event.csv",3241
"PHI192507170","CHN",1,0,2,0,0,"X",0,0,"freih101","?","freih101","?","ringj101","?","ringj101","?","wilsj105","hawkc101","fribb101","hubec101","sandh101","wrigr102","harpg101","willc103","","","","63","F","F",5,3,2,"T","T",0,"F","F",1,"F","F",0,"F","F",6,"G","F","F","",0,0,"N",0,"N",0,"N",0,0,0,0,"63","","","","F","F","F","F","F","F","F","F","F","","","","F","F","F","F","F","","","","",0,3,0,0,6,0,0,0,0,3,"PHI","CHN","PHI",0,"F","T",0,0,0,2,2,"T","F",0,0,"T","T","grigd101","grift102","T","T",0,0,0,0,0,0,0,0,0,"","","",0,0,0,0,0,0,1,0,0,0,1,0,0,"sandh101","F","F","F","F",0,0,0,0,0,0,0,0,0,0,F,F,"1925PHI.EVN.regular.event.csv",3242
"PHI192507170","CHN",1,1,0,0,0,"",0,0,"sandh101","?","sandh101","?","bushg101","?","bushg101","?","hartg103","grimc101","adams101","freih101","marar101","weisb102","grigd101","grift102","","","","S9/F9DW","T","F",6,1,20,"T","T",1,"F","F",0,"F","F",0,"F","F",9,"F","F","F","9DW",0,0,"N",0,"N",0,"N",1,0,0,0,"","","","","F","F","F","F","F","F","F","F","F","","","","F","F","F","F","F","","","","",0,0,0,0,0,0,0,0,0,4,"PHI","PHI","CHN",1,"T","F",0,0,0,0,0,"T","F",0,1,"T","T","willc103","wrigr102","T","T",0,0,0,0,0,0,0,0,0,"","","",0,0,0,0,0,0,0,0,0,0,0,0,0,"grift102","F","F","F","F",4,0,0,0,4,0,0,0,0,0,F,F,"1925PHI.EVN.regular.event.csv",3243
"PHI192507170","CHN",1,1,0,0,0,"",0,0,"willc103","?","willc103","?","bushg101","?","bushg101","?","hartg103","grimc101","adams101","freih101","marar101","weisb102","grigd101","grift102","sandh101","","","D9/F9DW.1-3","F","F",9,2,21,"T","T",2,"F","F",0,"F","F",0,"F","F",9,"F","F","F","9DW",0,0,"N",0,"N",0,"N",2,3,0,0,"","","","","F","F","F","F","F","F","F","F","F","bushg101","","","F","F","F","F","F","","","","",0,0,0,0,0,0,0,0,0,5,"PHI","PHI","CHN",1,"F","F",0,0,0,1,1,"T","F",1,6,"T","T","wrigr102","harpg101","T","T",6,1,4,0,0,0,0,0,0,"hartg103","","",0,0,0,0,0,0,0,0,0,0,0,0,0,"grift102","F","F","F","F",4,4,0,0,4,0,0,0,0,0,F,F,"1925PHI.EVN.regular.event.csv",3244
"PHI192507170","CHN",1,1,0,0,0,"",0,0,"wrigr102","?","wrigr102","?","bushg101","?","bushg101","?","hartg103","grimc101","adams101","freih101","marar101","weisb102","grigd101","grift102","","willc103","sandh101","S5/G5S.3-H;2-H(NR);B-2(E5/TH1)","F","F",7,3,20,"T","T",1,"F","F",0,"F","F",1,"F","F",5,"G","F","F","5S",1,5,"T",0,"N",0,"N",2,0,4,4,"","","","","F","F","F","F","F","F","F","F","F","","bushg101","bushg101","F","F","F","F","F","","","","",0,0,0,0,0,0,0,0,0,6,"PHI","PHI","CHN",1,"F","F",0,0,0,2,2,"T","F",6,2,"T","T","harpg101","wilsj105","T","T",0,0,0,9,2,5,6,1,4,"","hartg103","hartg103",0,0,0,0,0,0,0,0,0,0,0,0,2,"freih101","F","F","F","F",4,0,4,4,2,0,0,0,0,0,F,F,"1925PHI.EVN.regular.event.csv",3245
"PHI192507170","CHN",1,1,0,0,0,"",0,2,"harpg101","?","harpg101","?","bushg101","?","bushg101","?","hartg103","grimc101","adams101","freih101","marar101","weisb102","grigd101","grift102","","wrigr102","","D/L78.2-H","F","F",8,4,21,"T","T",2,"F","F",0,"F","F",1,"F","F",0,"L","F","F","78",0,0,"N",0,"N",0,"N",2,0,4,0,"","","","","F","F","F","F","F","F","F","F","F","","bushg101","","F","F","F","F","F","","","","",0,0,0,0,0,0,0,0,0,7,"PHI","PHI","CHN",1,"F","F",2,0,2,3,3,"T","F",2,2,"T","T","wilsj105","hawkc101","T","T",0,0,0,7,3,6,0,0,0,"","hartg103","",0,0,0,0,0,0,0,0,0,0,0,0,1,"","F","F","F","F",4,0,4,0,1,0,0,0,0,0,F,F,"1925PHI.EVN.regular.event.csv",3246
"PHI192507170","CHN",1,1,0,0,0,"X",0,3,"wilsj105","?","wilsj105","?","bushg101","?","bushg101","?","hartg103","grimc101","adams101","freih101","marar101","weisb102","grigd101","grift102","","harpg101","","S7/L.2-H","F","F",2,5,20,"T","T",1,"F","F",0,"F","F",1,"F","F",7,"L","F","F","",0,0,"N",0,"N",0,"N",1,0,4,0,"","","","","F","F","F","F","F","F","F","F","F","","bushg101","","F","F","F","F","F","","","","",0,0,0,0,0,0,0,0,0,8,"PHI","PHI","CHN",1,"F","F",3,0,3,4,4,"T","F",2,1,"T","T","hawkc101","hubec101","T","T",0,0,0,8,4,7,0,0,0,"","hartg103","",0,0,0,0,0,0,1,0,0,0,1,0,1,"weisb102","F","F","F","F",3,0,4,0,0,0,0,0,0,0,F,F,"1925PHI.EVN.regular.event.csv",3247
"PHI192507170","CHN",1,1,0,0,0,"",0,4,"hawkc101","?","hawkc101","?","bushg101","?","bushg101","?","hartg103","grimc101","adams101","freih101","marar101","weisb102","grigd101","grift102","wilsj105","","","D7/L7S.1-3","F","F",3,6,21,"T","T",2,"F","F",0,"F","F",0,"F","F",7,"L","F","F","7S",0,0,"N",0,"N",0,"N",2,3,0,0,"","","","","F","F","F","F","F","F","F","F","F","bushg101","","","F","F","F","F","F","","","","",0,0,0,0,0,0,0,0,0,9,"PHI","PHI","CHN",1,"F","F",4,0,4,5,5,"T","F",1,6,"T","T","hubec101","fribb101","T","T",2,5,8,0,0,0,0,0,0,"hartg103","","",0,0,0,0,0,0,0,0,0,0,0,0,0,"weisb102","F","F","F","F",2,3,0,0,0,0,0,0,0,0,F,F,"1925PHI.EVN.regular.event.csv",3248
"PHI192507170","CHN",1,1,0,0,0,"",0,4,"hubec101","?","hubec101","?","bushg101","?","bushg101","?","hartg103","grimc101","adams101","freih101","marar101","weisb102","grigd101","grift102","","hawkc101","wilsj105","K","F","F",5,7,3,"T","T",0,"F","F",1,"F","F",0,"F","F",0,"","F","F","",0,0,"N",0,"N",0,"N",0,0,2,3,"2","","","","F","F","F","F","F","F","F","F","F","","bushg101","bushg101","F","F","F","F","F","","","","",0,2,0,0,0,0,0,0,0,10,"PHI","PHI","CHN",1,"F","F",4,0,4,6,6,"T","F",6,6,"T","T","fribb101","ringj101","T","T",0,0,0,3,6,9,2,5,8,"","hartg103","hartg103",0,0,0,0,0,0,0,0,0,0,0,0,0,"","F","F","F","F",0,0,2,3,0,0,0,0,0,0,F,F,"1925PHI.EVN.regular.event.csv",3249
"PHI192507170","CHN",1,1,1,0,0,"",0,4,"fribb101","?","fribb101","?","bushg101","?","bushg101","?","hartg103","grimc101","adams101","freih101","marar101","weisb102","grigd101","grift102","","hawkc101","wilsj105","K/C","F","F",4,8,3,"T","T",0,"F","F",1,"F","F",0,"F","F",0,"","F","F","",0,0,"N",0,"N",0,"N",0,0,2,3,"2","","","","F","F","F","F","F","F","F","F","F","","bushg101","bushg101","F","F","F","F","F","","","","",0,2,0,0,0,0,0,0,0,11,"PHI","PHI","CHN",1,"F","F",4,0,4,7,7,"T","F",6,6,"T","T","ringj101","sandh101","T","T",0,0,0,3,6,9,2,5,8,"","hartg103","hartg103",0,0,0,0,0,0,0,0,0,0,0,0,0,"","F","F","F","F",0,0,2,3,0,0,0,0,0,0,F,F,"1925PHI.EVN.regular.event.csv",3250
"PHI192507170","CHN",1,1,2,0,0,"",0,4,"ringj101","?","ringj101","?","bushg101","?","bushg101","?","hartg103","grimc101","adams101","freih101","marar101","weisb102","grigd101","grift102","","hawkc101","wilsj105","K","F","F",1,9,3,"T","T",0,"F","F",1,"F","F",0,"F","F",0,"","F","F","",0,0,"N",0,"N",0,"N",0,0,2,3,"2","","","","F","F","F","F","F","F","F","F","F","","bushg101","bushg101","F","F","F","F","F","","","","",0,2,0,0,0,0,0,0,0,12,"PHI","PHI","CHN",1,"F","T",4,0,4,8,8,"T","F",6,6,"T","T","sandh101","willc103","T","T",0,0,0,3,6,9,2,5,8,"","hartg103","hartg103",0,0,0,0,0,0,0,0,0,0,0,0,0,"","F","F","F","F",0,0,2,3,0,0,0,0,0,0,F,F,"1925PHI.EVN.regular.event.csv",3251
"PHI192507170","CHN",2,0,0,0,0,"",0,4,"grigd101","?","grigd101","?","ringj101","?","ringj101","?","wilsj105","hawkc101","fribb101","hubec101","sandh101","burng101","harpg101","willc103","","","","8/F","T","F",8,4,2,"T","T",0,"F","F",1,"F","F",0,"F","F",8,"F","F","F","",0,0,"N",0,"N",0,"N",0,0,0,0,"8","","","","F","F","F","F","F","F","F","F","F","","","","F","F","F","F","F","","","","",0,8,0,0,0,0,0,0,0,13,"PHI","CHN","PHI",0,"T","F",0,4,0,3,0,"T","F",0,0,"T","T","grift102","weisb102","T","T",0,0,0,0,0,0,0,0,0,"","","",0,0,0,0,0,0,0,0,0,0,0,0,0,"harpg101","F","F","F","F",0,0,0,0,0,0,0,0,0,0,F,F,"1925PHI.EVN.regular.event.csv",3252
"PHI192507170","CHN",2,0,1,0,0,"",0,4,"grift102","?","grift102","?","ringj101","?","ringj101","?","wilsj105","hawkc101","fribb101","hubec101","sandh101","burng101","harpg101","willc103","","","","W","F","F",9,5,14,"T","F",0,"F","F",0,"F","F",0,"F","F",0,"","F","F","",0,0,"N",0,"N",0,"N",1,0,0,0,"","","","","F","F","F","F","F","F","F","F","F","","","","F","F","F","F","F","","","","",0,0,0,0,0,0,0,0,0,14,"PHI","CHN","PHI",0,"F","F",0,4,0,4,1,"T","F",0,1,"T","T","weisb102","grimc101","T","T",0,0,0,0,0,0,0,0,0,"","","",0,0,0,0,0,0,0,0,0,0,0,0,0,"","F","F","F","F",0,0,0,0,0,0,0,0,0,0,F,F,"1925PHI.EVN.regular.event.csv",3253
"PHI192507170","CHN",2,0,1,0,0,"",0,4,"weisb102","?","weisb102","?","ringj101","?","ringj101","?","wilsj105","hawkc101","fribb101","hubec101","sandh101","burng101","harpg101","willc103","grift102","","","W.1-2","F","F",7,6,14,"T","F",0,"F","F",0,"F","F",0,"F","F",0,"","F","F","",0,0,"N",0,"N",0,"N",1,2,0,0,"","","","","F","F","F","F","F","F","F","F","F","ringj101","","","F","F","F","F","F","","","","",0,0,0,0,0,0,0,0,0,15,"PHI","CHN","PHI",0,"F","F",0,4,0,5,2,"T","F",1,3,"T","T","grimc101","hartg103","T","T",9,5,14,0,0,0,0,0,0,"wilsj105","","",0,0,0,0,0,0,0,0,0,0,0,0,0,"","F","F","F","F",0,0,0,0,0,0,0,0,0,0,F,F,"1925PHI.EVN.regular.event.csv",3254
"PHI192507170","CHN",2,0,1,0,0,"",0,4,"grimc101","?","grimc101","?","ringj101","?","ringj101","?","wilsj105","hawkc101","fribb101","hubec101","sandh101","burng101","harpg101","willc103","weisb102","grift102","","5(2)3/GDP","F","F",3,7,2,"T","T",0,"F","F",2,"T","F",0,"F","F",5,"G","F","F","",0,0,"N",0,"N",0,"N",0,1,0,0,"53","","5","","F","F","F","F","F","F","F","F","F","ringj101","ringj101","","F","F","F","F","F","","","","",0,5,3,0,5,0,0,0,0,16,"PHI","CHN","PHI",0,"F","T",0,4,0,6,3,"T","F",3,1,"T","T","hartg103","bushg101","T","T",7,6,15,9,5,14,0,0,0,"wilsj105","wilsj105","",0,0,0,0,0,0,0,0,0,0,0,0,0,"hubec101","F","T","F","F",0,0,0,0,0,0,0,0,0,0,F,F,"1925PHI.EVN.regular.event.csv",3255
"PHI192507170","CHN",2,1,0,0,0,"",0,4,"sandh101","?","sandh101","?","bushg101","?","bushg101","?","hartg103","grimc101","adams101","freih101","marar101","weisb102","grigd101","grift102","","","","9/F","T","F",6,1,2,"T","T",0,"F","F",1,"F","F",0,"F","F",9,"F","F","F","",0,0,"N",0,"N",0,"N",0,0,0,0,"9","","","","F","F","F","F","F","F","F","F","F","","","","F","F","F","F","F","","","","",0,9,0,0,0,0,0,0,0,17,"PHI","PHI","CHN",1,"T","F",4,0,0,9,0,"T","F",0,0,"T","T","willc103","burng101","T","T",0,0,0,0,0,0,0,0,0,"","","",0,0,0,0,0,0,0,0,0,0,0,0,0,"grift102","F","F","F","F",0,0,0,0,0,0,0,0,0,0,F,F,"1925PHI.EVN.regular.event.csv",3256
"PHI192507170","CHN",2,1,1,0,0,"",0,4,"willc103","?","willc103","?","bushg101","?","bushg101","?","hartg103","grimc101","adams101","freih101","marar101","weisb102","grigd101","grift102","","","","W","F","F",9,2,14,"T","F",0,"F","F",0,"F","F",0,"F","F",0,"","F","F","",0,0,"N",0,"N",0,"N",1,0,0,0,"","","","","F","F","F","F","F","F","F","F","F","","","","F","F","F","F","F","","","","",0,0,0,0,0,0,0,0,0,18,"PHI","PHI","CHN",1,"F","F",4,0,0,10,1,"T","F",0,1,"T","T","burng101","harpg101","T","T",0,0,0,0,0,0,0,0,0,"","","",0,0,0,0,0,0,0,0,0,0,0,0,0,"","F","F","F","F",0,0,0,0,0,0,0,0,0,0,F,F,"1925PHI.EVN.regular.event.csv",3257
"PHI192507170","CHN",2,1,1,0,0,"",0,4,"burng101","?","burng101","?","bushg101","?","bushg101","?","hartg103","grimc101","adams101","freih101","marar101","weisb102","grigd101","grift102","willc103","","","64(1)3/GDP","F","F",7,3,2,"T","T",0,"F","F",2,"T","F",0,"F","F",6,"G","F","F","",0,0,"N",0,"N",0,"N",0,0,0,0,"43","64","","","F","F","F","F","F","F","F","F","F","bushg101","","","F","F","F","F","F","","","","",0,4,3,0,6,4,0,0,0,19,"PHI","PHI","CHN",1,"F","T",4,0,0,11,2,"T","F",1,0,"F","F","harpg101","wilsj105","T","T",9,2,18,0,0,0,0,0,0,"hartg103","","",0,0,0,0,0,0,0,0,0,0,0,0,0,"marar101","T","F","F","F",0,0,0,0,0,0,0,0,0,0,F,F,"1925PHI.EVN.regular.event.csv",3258
"PHI192507170","CHN",3,0,0,0,0,"",0,4,"hartg103","?","hartg103","?","ringj101","?","ringj101","?","wilsj105","hawkc101","fribb101","hubec101","sandh101","burng101","harpg101","willc103","","","","8/L","T","F",2,8,2,"T","T",0,"F","F",1,"F","F",0,"F","F",8,"L","F","F","",0,0,"N",0,"N",0,"N",0,0,0,0,"8","","","","F","F","F","F","F","F","F","F","F","","","","F","F","F","F","F","","","","",0,8,0,0,0,0,0,0,0,20,"PHI","CHN","PHI",0,"T","F",0,4,0,7,0,"T","F",0,0,"T","T","bushg101","adams101","T","T",0,0,0,0,0,0,0,0,0,"","","",0,0,0,0,0,0,0,0,0,0,0,0,0,"harpg101","F","F","F","F",0,0,0,0,2,0,0,0,0,0,F,F,"1925PHI.EVN.regular.event.csv",3259
"PHI192507170","CHN",3,0,1,0,0,"",0,4,"bushg101","?","bushg101","?","ringj101","?","ringj101","?","wilsj105","hawkc101","fribb101","hubec101","sandh101","burng101","harpg101","willc103","","","","43","F","F",1,9,2,"T","T",0,"F","F",1,"F","F",0,"F","F",4,"G","F","F","",0,0,"N",0,"N",0,"N",0,0,0,0,"43","","","","F","F","F","F","F","F","F","F","F","","","","F","F","F","F","F","","","","",0,3,0,0,4,0,0,0,0,21,"PHI","CHN","PHI",0,"F","F",0,4,0,8,1,"T","F",0,0,"T","T","adams101","marar101","T","T",0,0,0,0,0,0,0,0,0,"","","",0,0,0,0,0,0,0,0,0,0,0,0,0,"fribb101","F","F","F","F",0,0,0,0,2,0,0,0,0,0,F,F,"1925PHI.EVN.regular.event.csv",3260
"PHI192507170","CHN",3,0,2,0,0,"",0,4,"adams101","?","adams101","?","ringj101","?","ringj101","?","wilsj105","hawkc101","fribb101","hubec101","sandh101","burng101","harpg101","willc103","","","","W","F","F",4,1,14,"T","F",0,"F","F",0,"F","F",0,"F","F",0,"","F","F","",0,0,"N",0,"N",0,"N",1,0,0,0,"","","","","F","F","F","F","F","F","F","F","F","","","","F","F","F","F","F","","","","",0,0,0,0,0,0,0,0,0,22,"PHI","CHN","PHI",0,"F","F",0,4,0,9,2,"T","F",0,1,"T","T","marar101","freih101","T","T",0,0,0,0,0,0,0,0,0,"","","",0,0,0,0,0,0,0,0,0,0,0,0,0,"","F","F","F","F",4,0,0,0,2,0,0,0,0,0,F,F,"1925PHI.EVN.regular.event.csv",3261
"PHI192507170","CHN",3,0,2,0,0,"",0,4,"marar101","?","marar101","?","ringj101","?","ringj101","?","wilsj105","hawkc101","fribb101","hubec101","sandh101","burng101","harpg101","willc103","adams101","","","W.1-2","F","F",6,2,14,"T","F",0,"F","F",0,"F","F",0,"F","F",0,"","F","F","",0,0,"N",0,"N",0,"N",1,2,0,0,"","","","","F","F","F","F","F","F","F","F","F","ringj101","","","F","F","F","F","F","","","","",0,0,0,0,0,0,0,0,0,23,"PHI","CHN","PHI",0,"F","F",0,4,0,10,3,"T","F",1,3,"T","T","freih101","grigd101","T","T",4,1,22,0,0,0,0,0,0,"wilsj105","","",0,0,0,0,0,0,0,0,0,0,0,0,0,"","F","F","F","F",4,4,0,0,2,0,0,0,0,0,F,F,"1925PHI.EVN.regular.event.csv",3262
"PHI192507170","CHN",3,0,2,0,0,"",0,4,"freih101","?","freih101","?","ringj101","?","ringj101","?","wilsj105","hawkc101","fribb101","hubec101","sandh101","burng101","harpg101","willc103","marar101","adams101","","W.2-3;1-2","F","F",5,3,14,"T","F",0,"F","F",0,"F","F",0,"F","F",0,"","F","F","",0,0,"N",0,"N",0,"N",1,2,3,0,"","","","","F","F","F","F","F","F","F","F","F","ringj101","ringj101","","F","F","F","F","F","","","","",0,0,0,0,0,0,0,0,0,24,"PHI","CHN","PHI",0,"F","F",0,4,0,11,4,"T","F",3,7,"T","T","grigd101","grift102","T","T",6,2,23,4,1,22,0,0,0,"wilsj105","wilsj105","",0,0,0,0,0,0,0,0,0,0,0,0,0,"","F","F","F","F",0,4,4,0,2,0,0,0,0,0,F,F,"1925PHI.EVN.regular.event.csv",3263
"PHI192507170","CHN",3,0,2,0,0,"",0,4,"grigd101","?","grigd101","?","ringj101","?","ringj101","?","wilsj105","hawkc101","fribb101","hubec101","sandh101","burng101","harpg101","willc103","freih101","marar101","adams101","S8.3-H;2-H;1-2","F","F",8,4,20,"T","T",1,"F","F",0,"F","F",2,"F","F",8,"","F","F","",0,0,"N",0,"N",0,"N",1,2,4,4,"","","","","F","F","F","F","F","F","F","F","F","ringj101","ringj101","ringj101","F","F","F","F","F","","","","",0,0,0,0,0,0,0,0,0,25,"PHI","CHN","PHI",0,"F","F",0,4,0,12,5,"T","F",7,3,"T","T","grift102","weisb102","T","T",5,3,24,6,2,23,4,1,22,"wilsj105","wilsj105","wilsj105",0,0,0,0,0,0,0,0,0,0,0,0,2,"harpg101","F","F","F","F",0,0,4,4,0,0,0,0,0,0,F,F,"1925PHI.EVN.regular.event.csv",3264
"PHI192507170","CHN",3,0,2,0,0,"",2,4,"grift102","?","grift102","?","knigj103","?","knigj103","?","wilsj105","hawkc101","fribb101","hubec101","sandh101","burng101","harpg101","willc103","grigd101","freih101","","9/F9S","F","F",9,5,2,"T","T",0,"F","F",1,"F","F",0,"F","F",9,"F","F","F","9S",0,0,"N",0,"N",0,"N",0,1,2,0,"9","","","","F","F","F","F","F","F","F","F","F","ringj101","ringj101","","F","F","F","F","F","","","","",0,9,0,0,0,0,0,0,0,26,"PHI","CHN","PHI",0,"F","T",2,4,2,13,6,"T","F",3,3,"T","T","weisb102","grimc101","F","F",8,4,25,5,3,24,0,0,0,"wilsj105","wilsj105","",0,0,0,0,0,0,0,0,0,0,0,0,0,"willc103","F","F","F","F",0,0,0,0,0,0,0,0,0,0,F,F,"1925PHI.EVN.regular.event.csv",3265
"PHI192507170","CHN",3,1,0,0,0,"",2,4,"harpg101","?","harpg101","?","bushg101","?","bushg101","?","hartg103","grimc101","adams101","freih101","marar101","weisb102","grigd101","grift102","","","","HR/F9D","T","F",8,4,23,"T","T",4,"F","F",0,"F","F",1,"F","F",0,"F","F","F","9D",0,0,"N",0,"N",0,"N",4,0,0,0,"","","","","F","F","F","F","F","F","F","F","F","","","","F","F","F","F","F","","","","",0,0,0,0,0,0,0,0,0,27,"PHI","PHI","CHN",1,"T","F",4,2,0,12,0,"T","F",0,0,"T","T","wilsj105","hawkc101","T","T",0,0,0,0,0,0,0,0,0,"","","",0,0,0,0,0,0,0,0,0,0,0,0,1,"","F","F","F","F",4,0,0,0,0,0,0,0,0,0,F,F,"1925PHI.EVN.regular.event.csv",3266
"PHI192507170","CHN",3,1,0,0,0,"",2,5,"wilsj105","?","wilsj105","?","bushg101","?","bushg101","?","hartg103","grimc101","adams101","freih101","marar101","weisb102","grigd101","grift102","","","","HP","F","F",2,5,16,"T","F",0,"F","F",0,"F","F",0,"F","F",0,"","F","F","",0,0,"N",0,"N",0,"N",1,0,0,0,"","","","","F","F","F","F","F","F","F","F","F","","","","F","F","F","F","F","","","","",0,0,0,0,0,0,0,0,0,28,"PHI","PHI","CHN",1,"F","F",5,2,1,13,1,"T","F",0,1,"T","T","hawkc101","hubec101","T","T",0,0,0,0,0,0,0,0,0,"","","",0,0,0,0,0,0,0,0,0,0,0,0,0,"","F","F","F","F",0,0,0,0,0,0,0,0,0,0,F,F,"1925PHI.EVN.regular.event.csv",3267
"PHI192507170","CHN",3,1,0,0,0,"",2,5,"hawkc101","?","hawkc101","?","bushg101","?","bushg101","?","hartg103","grimc101","adams101","freih101","marar101","weisb102","grigd101","grift102","wilsj105","","","7/L","F","F",3,6,2,"T","T",0,"F","F",1,"F","F",0,"F","F",7,"L","F","F","",0,0,"N",0,"N",0,"N",0,1,0,0,"7","","","","F","F","F","F","F","F","F","F","F","bushg101","","","F","F","F","F","F","","","","",0,7,0,0,0,0,0,0,0,29,"PHI","PHI","CHN",1,"F","F",5,2,1,14,2,"T","F",1,1,"T","T","hubec101","fribb101","T","T",2,5,28,0,0,0,0,0,0,"hartg103","","",0,0,0,0,0,0,0,0,0,0,0,0,0,"weisb102","F","F","F","F",0,0,0,0,0,0,0,0,0,0,F,F,"1925PHI.EVN.regular.event.csv",3268
"PHI192507170","CHN",3,1,1,0,0,"",2,5,"hubec101","?","hubec101","?","bushg101","?","bushg101","?","hartg103","grimc101","adams101","freih101","marar101","weisb102","grigd101","grift102","wilsj105","","","K","F","F",5,7,3,"T","T",0,"F","F",1,"F","F",0,"F","F",0,"","F","F","",0,0,"N",0,"N",0,"N",0,1,0,0,"2","","","","F","F","F","F","F","F","F","F","F","bushg101","","","F","F","F","F","F","","","","",0,2,0,0,0,0,0,0,0,30,"PHI","PHI","CHN",1,"F","F",5,2,1,15,3,"T","F",1,1,"T","T","fribb101","knigj103","T","T",2,5,28,0,0,0,0,0,0,"hartg103","","",0,0,0,0,0,0,0,0,0,0,0,0,0,"","F","F","F","F",0,0,0,0,0,0,0,0,0,0,F,F,"1925PHI.EVN.regular.event.csv",3269
"PHI192507170","CHN",3,1,2,0,0,"",2,5,"fribb101","?","fribb101","?","bushg101","?","bushg101","?","hartg103","grimc101","adams101","freih101","marar101","weisb102","grigd101","grift102","wilsj105","","","8/L","F","F",4,8,2,"T","T",0,"F","F",1,"F","F",0,"F","F",8,"L","F","F","",0,0,"N",0,"N",0,"N",0,1,0,0,"8","","","","F","F","F","F","F","F","F","F","F","bushg101","","","F","F","F","F","F","","","","",0,8,0,0,0,0,0,0,0,31,"PHI","PHI","CHN",1,"F","T",5,2,1,16,4,"T","F",1,1,"T","T","knigj103","sandh101","T","T",2,5,28,0,0,0,0,0,0,"hartg103","","",0,0,0,0,0,0,0,0,0,0,0,0,0,"grigd101","F","F","F","F",0,0,0,0,0,0,0,0,0,0,F,F,"1925PHI.EVN.regular.event.csv",3270
"PHI192507170","CHN",4,0,0,0,0,"",2,5,"weisb102","?","weisb102","?","knigj103","?","knigj103","?","wilsj105","hawkc101","fribb101","hubec101","sandh101","burng101","harpg101","willc103","","","","S3/G34","T","F",7,6,20,"T","T",1,"F","F",0,"F","F",0,"F","F",3,"G","F","F","34",0,0,"N",0,"N",0,"N",1,0,0,0,"","","","","F","F","F","F","F","F","F","F","F","","","","F","F","F","F","F","","","","",0,0,0,0,0,0,0,0,0,32,"PHI","CHN","PHI",0,"T","F",2,5,0,14,0,"T","F",0,1,"T","T","grimc101","hartg103","F","F",0,0,0,0,0,0,0,0,0,"","","",0,0,0,0,0,0,0,0,0,0,0,0,0,"hawkc101","F","F","F","F",0,0,0,0,2,0,0,0,0,0,F,F,"1925PHI.EVN.regular.event.csv",3271
"PHI192507170","CHN",4,0,0,0,0,"",2,5,"grimc101","?","grimc101","?","knigj103","?","knigj103","?","wilsj105","hawkc101","fribb101","hubec101","sandh101","burng101","harpg101","willc103","weisb102","","","46(1)/FO","F","F",3,7,2,"T","T",0,"F","F",1,"F","F",0,"F","F",4,"G","F","F","",0,0,"N",0,"N",0,"N",1,0,0,0,"","46","","","F","F","F","F","F","F","F","F","F","knigj103","","","F","F","F","F","F","","","","",0,6,0,0,4,0,0,0,0,33,"PHI","CHN","PHI",0,"F","F",2,5,0,15,1,"T","F",1,1,"T","T","hartg103","bushg101","F","F",7,6,32,0,0,0,0,0,0,"wilsj105","","",0,0,0,0,0,0,0,0,0,0,0,0,0,"fribb101","T","F","F","F",4,0,0,0,2,0,0,0,0,0,F,F,"1925PHI.EVN.regular.event.csv",3272
"PHI192507170","CHN",4,0,1,0,0,"",2,5,"hartg103","?","hartg103","?","knigj103","?","knigj103","?","wilsj105","hawkc101","fribb101","hubec101","sandh101","burng101","harpg101","willc103","grimc101","","","W.1-2","F","F",2,8,14,"T","F",0,"F","F",0,"F","F",0,"F","F",0,"","F","F","",0,0,"N",0,"N",0,"N",1,2,0,0,"","","","","F","F","F","F","F","F","F","F","F","knigj103","","","F","F","F","F","F","","","","",0,0,0,0,0,0,0,0,0,34,"PHI","CHN","PHI",0,"F","F",2,5,0,16,2,"T","F",1,3,"T","T","bushg101","adams101","F","F",3,7,33,0,0,0,0,0,0,"wilsj105","","",0,0,0,0,0,0,0,0,0,0,0,0,0,"","F","F","F","F",4,4,0,0,2,0,0,0,0,0,F,F,"1925PHI.EVN.regular.event.csv",3273
"PHI192507170","CHN",4,0,1,0,0,"",2,5,"gonzm101","?","gonzm101","?","knigj103","?","knigj103","?","wilsj105","hawkc101","fribb101","hubec101","sandh101","burng101","harpg101","willc103","hartg103","grimc101","","S7.2-3;1-2","F","T",11,9,20,"T","T",1,"F","F",0,"F","F",0,"F","F",7,"","F","F","",0,0,"N",0,"N",0,"N",1,2,3,0,"","","","","F","F","F","F","F","F","F","F","F","knigj103","knigj103","","F","F","F","F","F","","","","bushg101",1,0,0,0,0,0,0,0,0,35,"PHI","CHN","PHI",0,"F","F",2,5,0,17,3,"T","F",3,7,"F","F","adams101","marar101","F","F",2,8,34,3,7,33,0,0,0,"wilsj105","wilsj105","",0,0,0,0,0,0,0,0,0,0,0,0,0,"burng101","F","F","F","F",0,4,4,0,2,0,0,0,0,0,F,F,"1925PHI.EVN.regular.event.csv",3274
"PHI192507170","CHN",4,0,1,0,0,"",2,5,"adams101","?","adams101","?","knigj103","?","knigj103","?","wilsj105","hawkc101","fribb101","hubec101","sandh101","burng101","harpg101","willc103","gonzm101","hartg103","grimc101","64(1)/FO.3-H;2-3","F","F",4,1,2,"T","T",0,"F","F",1,"F","F",1,"F","F",6,"G","F","F","",0,0,"N",0,"N",0,"N",1,0,3,4,"","64","","","F","F","F","F","F","F","F","F","F","knigj103","knigj103","knigj103","F","F","F","F","F","","","","",0,4,0,0,6,0,0,0,0,36,"PHI","CHN","PHI",0,"F","F",2,5,0,18,4,"T","F",7,5,"T","T","marar101","freih101","F","F",0,9,35,2,8,34,3,7,33,"wilsj105","wilsj105","wilsj105",0,0,0,0,0,0,0,0,0,0,0,0,1,"sandh101","T","F","F","F",2,0,4,4,1,0,0,0,0,0,F,F,"1925PHI.EVN.regular.event.csv",3275
"PHI192507170","CHN",4,0,2,0,0,"",3,5,"marar101","?","marar101","?","knigj103","?","knigj103","?","wilsj105","hawkc101","fribb101","hubec101","sandh101","burng101","harpg101","willc103","adams101","","hartg103","S9.3-H;1-2","F","F",6,2,20,"T","T",1,"F","F",0,"F","F",1,"F","F",9,"","F","F","",0,0,"N",0,"N",0,"N",1,2,0,4,"","","","","F","F","F","F","F","F","F","F","F","knigj103","","knigj103","F","F","F","F","F","","","","",0,0,0,0,0,0,0,0,0,37,"PHI","CHN","PHI",0,"F","F",3,5,1,19,5,"T","F",5,3,"T","T","freih101","grigd101","F","F",4,1,36,0,0,0,2,8,34,"wilsj105","","wilsj105",0,0,0,0,0,0,0,0,0,0,0,0,1,"willc103","F","F","F","F",1,2,0,4,0,0,0,0,0,0,F,F,"1925PHI.EVN.regular.event.csv",3276
"PHI192507170","CHN",4,0,2,0,0,"",4,5,"freih101","?","freih101","?","knigj103","?","knigj103","?","wilsj105","hawkc101","fribb101","hubec101","sandh101","burng101","harpg101","willc103","marar101","adams101","","7/F7S","F","F",5,3,2,"T","T",0,"F","F",1,"F","F",0,"F","F",7,"F","F","F","7S",0,0,"N",0,"N",0,"N",0,1,2,0,"7","","","","F","F","F","F","F","F","F","F","F","knigj103","knigj103","","F","F","F","F","F","","","","",0,7,0,0,0,0,0,0,0,38,"PHI","CHN","PHI",0,"F","T",4,5,2,20,6,"T","F",3,3,"T","T","grigd101","grift102","F","F",6,2,37,4,1,36,0,0,0,"wilsj105","wilsj105","",0,0,0,0,0,0,0,0,0,0,0,0,0,"burng101","F","F","F","F",0,1,2,0,0,0,0,0,0,0,F,F,"1925PHI.EVN.regular.event.csv",3277
"PHI192507170","CHN",4,1,0,0,0,"",4,5,"knigj103","?","knigj103","?","coopw101","?","coopw101","?","hartg103","grimc101","adams101","freih101","marar101","weisb102","grigd101","grift102","","","","K/C","T","F",1,9,3,"T","T",0,"F","F",1,"F","F",0,"F","F",0,"","F","F","",0,0,"N",0,"N",0,"N",0,0,0,0,"2","","","","F","F","F","F","F","F","F","F","F","","","","F","F","F","F","F","","","","",0,2,0,0,0,0,0,0,0,39,"PHI","PHI","CHN",1,"T","F",5,4,0,17,0,"T","F",0,0,"F","F","sandh101","willc103","F","F",0,0,0,0,0,0,0,0,0,"","","",0,0,0,0,0,0,0,0,0,0,0,0,0,"","F","F","F","F",0,0,0,0,0,0,0,0,0,0,F,F,"1925PHI.EVN.regular.event.csv",3278
"PHI192507170","CHN",4,1,1,0,0,"",4,5,"sandh101","?","sandh101","?","coopw101","?","coopw101","?","hartg103","grimc101","adams101","freih101","marar101","weisb102","grigd101","grift102","","","","63","F","F",6,1,2,"T","T",0,"F","F",1,"F","F",0,"F","F",6,"G","F","F","",0,0,"N",0,"N",0,"N",0,0,0,0,"63","","","","F","F","F","F","F","F","F","F","F","","","","F","F","F","F","F","","","","",0,3,0,0,6,0,0,0,0,40,"PHI","PHI","CHN",1,"F","F",5,4,0,18,1,"T","F",0,0,"T","T","willc103","burng101","F","F",0,0,0,0,0,0,0,0,0,"","","",0,0,0,0,0,0,0,0,0,0,0,0,0,"marar101","F","F","F","F",0,0,0,0,0,0,0,0,0,0,F,F,"1925PHI.EVN.regular.event.csv",3279
"PHI192507170","CHN",4,1,2,0,0,"",4,5,"mokaj101","?","mokaj101","?","coopw101","?","coopw101","?","hartg103","grimc101","adams101","freih101","marar101","weisb102","grigd101","grift102","","","","3/FL","F","T",11,2,2,"T","T",0,"F","F",1,"F","F",0,"F","F",3,"F","F","T","",0,0,"N",0,"N",0,"N",0,0,0,0,"3","","","","F","F","F","F","F","F","F","F","F","","","","F","F","F","F","F","","","","willc103",9,3,0,0,0,0,0,0,0,41,"PHI","PHI","CHN",1,"F","T",5,4,0,19,2,"T","F",0,0,"F","F","burng101","harpg101","F","F",0,0,0,0,0,0,0,0,0,"","","",0,0,0,0,0,0,0,0,0,0,0,0,0,"grimc101","F","F","F","F",0,0,0,0,0,0,0,0,0,0,F,F,"1925PHI.EVN.regular.event.csv",3280
"PHI192507170","CHN",5,0,0,0,0,"",4,5,"grigd101","?","grigd101","?","knigj103","?","knigj103","?","wilsj105","hawkc101","fribb101","hubec101","sandh101","mokaj101","harpg101","burng101","","","","3/G","T","F",8,4,2,"T","T",0,"F","F",1,"F","F",0,"F","F",3,"G","F","F","",0,0,"N",0,"N",0,"N",0,0,0,0,"3","","","","F","F","F","F","F","F","F","F","F","","","","F","F","F","F","F","","","","",0,3,0,0,0,0,0,0,0,42,"PHI","CHN","PHI",0,"T","F",4,5,0,21,0,"T","F",0,0,"T","T","grift102","weisb102","F","F",0,0,0,0,0,0,0,0,0,"","","",0,0,0,0,0,0,0,0,0,0,0,0,0,"hawkc101","F","F","F","F",0,0,0,0,2,0,0,0,0,0,F,F,"1925PHI.EVN.regular.event.csv",3281
"PHI192507170","CHN",5,0,1,0,0,"",4,5,"grift102","?","grift102","?","knigj103","?","knigj103","?","wilsj105","hawkc101","fribb101","hubec101","sandh101","mokaj101","harpg101","burng101","","","","S9/F9DW","F","F",9,5,20,"T","T",1,"F","F",0,"F","F",0,"F","F",9,"F","F","F","9DW",0,0,"N",0,"N",0,"N",1,0,0,0,"","","","","F","F","F","F","F","F","F","F","F","","","","F","F","F","F","F","","","","",0,0,0,0,0,0,0,0,0,43,"PHI","CHN","PHI",0,"F","F",4,5,0,22,1,"T","F",0,1,"T","T","weisb102","grimc101","F","F",0,0,0,0,0,0,0,0,0,"","","",0,0,0,0,0,0,0,0,0,0,0,0,0,"burng101","F","F","F","F",4,0,0,0,2,0,0,0,0,0,F,F,"1925PHI.EVN.regular.event.csv",3282
"PHI192507170","CHN",5,0,1,0,0,"",4,5,"weisb102","?","weisb102","?","knigj103","?","knigj103","?","wilsj105","hawkc101","fribb101","hubec101","sandh101","mokaj101","harpg101","burng101","grift102","","","S8/L8XD.1-3;B-2(TH3)","F","F",7,6,20,"T","T",1,"F","F",0,"F","F",0,"F","F",8,"L","F","F","8XD",0,0,"N",0,"N",0,"N",2,3,0,0,"","","","","F","F","F","F","F","F","F","F","F","knigj103","","","F","F","F","F","F","","","","",0,0,0,0,0,0,0,0,0,44,"PHI","CHN","PHI",0,"F","F",4,5,0,23,2,"T","F",1,6,"T","T","grimc101","hartg103","F","F",9,5,43,0,0,0,0,0,0,"wilsj105","","",0,0,0,0,0,0,0,0,0,0,0,0,0,"harpg101","F","F","F","F",0,4,0,0,2,0,0,0,0,0,F,F,"1925PHI.EVN.regular.event.csv",3283
"PHI192507170","CHN",5,0,1,0,0,"",4,5,"grimc101","?","grimc101","?","coucj101","?","coucj101","?","wilsj105","hawkc101","fribb101","hubec101","sandh101","mokaj101","harpg101","burng101","","weisb102","grift102","FC4.3-3;2X3(42);B-2","F","F",3,7,19,"T","T",0,"F","F",1,"F","F",0,"F","F",4,"G","F","F","",0,0,"N",0,"N",0,"N",2,0,0,3,"","","42","","F","F","F","F","F","F","F","F","F","","knigj103","knigj103","F","F","F","F","F","","","","",0,2,0,0,4,0,0,0,0,45,"PHI","CHN","PHI",0,"F","F",4,5,0,24,3,"T","F",6,6,"T","T","hartg103","coopw101","F","F",0,0,0,7,6,44,9,5,43,"","wilsj105","wilsj105",0,0,0,0,0,0,0,0,0,0,0,0,0,"fribb101","F","F","F","F",4,0,0,4,2,0,0,0,0,0,F,F,"1925PHI.EVN.regular.event.csv",3284
"PHI192507170","CHN",5,0,2,0,0,"",4,5,"hartg103","?","hartg103","?","coucj101","?","coucj101","?","wilsj105","hawkc101","fribb101","hubec101","sandh101","mokaj101","harpg101","burng101","","grimc101","grift102","S5/G.3-H;2-3","F","F",2,8,20,"T","T",1,"F","F",0,"F","F",1,"F","F",5,"G","F","F","",0,0,"N",0,"N",0,"N",1,0,3,4,"","","","","F","F","F","F","F","F","F","F","F","","knigj103","knigj103","F","F","F","F","F","","","","",0,0,0,0,0,0,0,0,0,46,"PHI","CHN","PHI",0,"F","F",4,5,0,25,4,"T","F",6,5,"T","T","coopw101","adams101","F","F",0,0,0,3,7,45,9,5,43,"","wilsj105","wilsj105",0,0,0,0,0,0,0,0,0,0,0,0,1,"hubec101","F","F","F","F",0,0,4,4,1,0,0,0,0,0,F,F,"1925PHI.EVN.regular.event.csv",3285
"PHI192507170","CHN",5,0,2,0,0,"",5,5,"coopw101","?","coopw101","?","coucj101","?","coucj101","?","wilsj105","hawkc101","fribb101","hubec101","sandh101","mokaj101","harpg101","burng101","hartg103","","grimc101","S9/F9DW.3-H;1-3#","F","F",1,9,20,"T","T",1,"F","F",0,"F","F",1,"F","F",9,"F","F","F","9DW",0,0,"N",0,"N",0,"N",1,3,0,4,"","","","","F","F","F","F","F","F","F","F","F","coucj101","","knigj103","F","F","F","F","F","","","","",0,0,0,0,0,0,0,0,0,47,"PHI","CHN","PHI",0,"F","F",5,5,1,26,5,"T","F",5,5,"F","F","adams101","marar101","F","F",2,8,46,0,0,0,3,7,45,"wilsj105","","wilsj105",0,0,0,0,0,0,0,0,0,0,0,0,1,"burng101","F","F","F","F",0,0,0,4,0,0,0,0,0,0,F,T,"1925PHI.EVN.regular.event.csv",3286
"PHI192507170","CHN",5,0,2,0,0,"",6,5,"adams101","?","adams101","?","coucj101","?","coucj101","?","wilsj105","hawkc101","fribb101","hubec101","sandh101","mokaj101","harpg101","burng101","coopw101","","hartg103","CSH(262)","F","F",4,1,6,"F","F",0,"F","F",1,"F","F",0,"F","F",0,"","F","F","",0,0,"N",0,"N",0,"N",0,1,0,0,"","","","262","F","F","F","F","F","T","F","F","F","coucj101","","coucj101","F","F","F","F","F","","","","",0,2,0,0,2,6,0,0,0,48,"PHI","CHN","PHI",0,"F","T",6,5,2,27,6,"T","T",5,1,"T","T","marar101","freih101","F","F",1,9,47,0,0,0,2,8,46,"wilsj105","","wilsj105",0,0,0,0,0,0,0,0,0,0,0,0,0,"","F","F","F","F",0,0,0,0,0,0,0,0,0,0,F,F,"1925PHI.EVN.regular.event.csv",3287
"PHI192507170","CHN",5,1,0,0,0,"",6,5,"burng101","?","burng101","?","coopw101","?","coopw101","?","hartg103","grimc101","adams101","freih101","marar101","weisb102","grigd101","grift102","","","","S8","T","F",9,3,20,"T","T",1,"F","F",0,"F","F",0,"F","F",8,"","F","F","",0,0,"N",0,"N",0,"N",1,0,0,0,"","","","","F","F","F","F","F","F","F","F","F","","","","F","F","F","F","F","","","","",0,0,0,0,0,0,0,0,0,49,"PHI","PHI","CHN",1,"T","F",5,6,0,20,0,"T","F",0,1,"F","F","harpg101","wilsj105","F","F",0,0,0,0,0,0,0,0,0,"","","",0,0,0,0,0,0,0,0,0,0,0,0,0,"grigd101","F","F","F","F",3,0,0,0,0,0,0,0,0,0,F,F,"1925PHI.EVN.regular.event.csv",3288
"PHI192507170","CHN",5,1,0,0,0,"",6,5,"harpg101","?","harpg101","?","coopw101","?","coopw101","?","hartg103","grimc101","adams101","freih101","marar101","weisb102","grigd101","grift102","burng101","","","2/FL","F","F",8,4,2,"T","T",0,"F","F",1,"F","F",0,"F","F",2,"F","F","T","",0,0,"N",0,"N",0,"N",0,1,0,0,"2","","","","F","F","F","F","F","F","F","F","F","coopw101","","","F","F","F","F","F","","","","",0,2,0,0,0,0,0,0,0,50,"PHI","PHI","CHN",1,"F","F",5,6,0,21,1,"T","F",1,1,"T","T","wilsj105","hawkc101","F","F",9,3,49,0,0,0,0,0,0,"hartg103","","",0,0,0,0,0,0,0,0,0,0,0,0,0,"hartg103","F","F","F","F",0,3,0,0,0,0,0,0,0,0,F,F,"1925PHI.EVN.regular.event.csv",3289
"PHI192507170","CHN",5,1,1,0,0,"",6,5,"wilsj105","?","wilsj105","?","coopw101","?","coopw101","?","hartg103","grimc101","adams101","freih101","marar101","weisb102","grigd101","grift102","burng101","","","FC4.1-2","F","F",2,5,19,"T","T",0,"F","F",0,"F","F",0,"F","F",4,"G","F","F","",0,0,"N",0,"N",0,"N",1,2,0,0,"","","","","F","F","F","F","F","F","F","F","F","coopw101","","","F","F","F","F","F","","","","",0,0,0,0,0,0,0,0,0,51,"PHI","PHI","CHN",1,"F","F",5,6,0,22,2,"T","F",1,3,"T","T","hawkc101","hubec101","F","F",9,3,49,0,0,0,0,0,0,"hartg103","","",0,0,0,0,0,0,0,0,0,0,0,0,0,"adams101","F","F","F","F",0,3,0,0,0,0,0,0,0,0,F,F,"1925PHI.EVN.regular.event.csv",3290
"PHI192507170","CHN",5,1,1,0,0,"",6,5,"fonsl101","?","fonsl101","?","coopw101","?","coopw101","?","hartg103","grimc101","adams101","freih101","marar101","weisb102","grigd101","grift102","wilsj105","burng101","","64(1)/FO.2-3","F","T",11,6,2,"T","T",0,"F","F",1,"F","F",0,"F","F",6,"G","F","F","",0,0,"N",0,"N",0,"N",1,0,3,0,"","64","","","F","F","F","F","F","F","F","F","F","coopw101","coopw101","","F","F","F","F","F","","","","hawkc101",3,4,0,0,6,0,0,0,0,52,"PHI","PHI","CHN",1,"F","F",5,6,0,23,3,"T","F",3,5,"F","F","hubec101","fribb101","F","F",2,5,51,9,3,49,0,0,0,"hartg103","hartg103","",0,0,0,0,0,0,0,0,0,0,0,0,0,"marar101","T","F","F","F",2,0,3,0,0,0,0,0,0,0,F,F,"1925PHI.EVN.regular.event.csv",3291
"PHI192507170","CHN",5,1,2,0,0,"",6,5,"hubec101","?","hubec101","?","coopw101","?","coopw101","?","hartg103","grimc101","adams101","freih101","marar101","weisb102","grigd101","grift102","fonsl101","","burng101","W.1-2","F","F",5,7,14,"T","F",0,"F","F",0,"F","F",0,"F","F",0,"","F","F","",0,0,"N",0,"N",0,"N",1,2,0,3,"","","","","F","F","F","F","F","F","F","F","F","coopw101","","coopw101","F","F","F","F","F","","","","",0,0,0,0,0,0,0,0,0,53,"PHI","PHI","CHN",1,"F","F",5,6,0,24,4,"T","F",5,7,"T","T","fribb101","coucj101","F","F",0,6,52,0,0,0,9,3,49,"hartg103","","hartg103",0,0,0,0,0,0,0,0,0,0,0,0,0,"","F","F","F","F",1,2,0,3,0,0,0,0,0,0,F,F,"1925PHI.EVN.regular.event.csv",3292
"PHI192507170","CHN",5,1,2,0,0,"",6,5,"fribb101","?","fribb101","?","coopw101","?","coopw101","?","hartg103","grimc101","adams101","freih101","marar101","weisb102","grigd101","grift102","hubec101","fonsl101","burng101","8/L89XDW","F","F",4,8,2,"T","T",0,"F","F",1,"F","F",0,"F","F",8,"L","F","F","89XDW",0,0,"N",0,"N",0,"N",0,1,2,3,"8","","","","F","F","F","F","F","F","F","F","F","coopw101","coopw101","coopw101","F","F","F","F","F","","","","",0,8,0,0,0,0,0,0,0,54,"PHI","PHI","CHN",1,"F","T",5,6,0,25,5,"T","F",7,7,"T","T","coucj101","sandh101","F","F",5,7,53,0,6,52,9,3,49,"hartg103","hartg103","hartg103",0,0,0,0,0,0,0,0,0,0,0,0,0,"grigd101","F","F","F","F",0,1,2,3,0,0,0,0,0,0,F,F,"1925PHI.EVN.regular.event.csv",3293
"PHI192507170","CHN",6,0,0,0,0,"",6,5,"adams101","?","adams101","?","coucj101","?","coucj101","?","henlb101","fonsl101","fribb101","hubec101","sandh101","mokaj101","harpg101","burng101","","","","4/P","T","F",4,1,2,"T","T",0,"F","F",1,"F","F",0,"F","F",4,"P","F","F","",0,0,"N",0,"N",0,"N",0,0,0,0,"4","","","","F","F","F","F","F","F","F","F","F","","","","F","F","F","F","F","","","","",0,4,0,0,0,0,0,0,0,55,"PHI","CHN","PHI",0,"T","F",6,5,0,27,0,"T","F",0,0,"T","T","marar101","freih101","F","F",0,0,0,0,0,0,0,0,0,"","","",0,0,0,0,0,0,0,0,0,0,0,0,0,"fribb101","F","F","F","F",0,0,0,0,0,0,0,0,0,0,F,F,"1925PHI.EVN.regular.event.csv",3294
"PHI192507170","CHN",6,0,1,0,0,"",6,5,"marar101","?","marar101","?","coucj101","?","coucj101","?","henlb101","fonsl101","fribb101","hubec101","sandh101","mokaj101","harpg101","burng101","","","","3/G","F","F",6,2,2,"T","T",0,"F","F",1,"F","F",0,"F","F",3,"G","F","F","",0,0,"N",0,"N",0,"N",0,0,0,0,"3","","","","F","F","F","F","F","F","F","F","F","","","","F","F","F","F","F","","","","",0,3,0,0,0,0,0,0,0,56,"PHI","CHN","PHI",0,"F","F",6,5,0,28,1,"T","F",0,0,"T","T","freih101","grigd101","F","F",0,0,0,0,0,0,0,0,0,"","","",0,0,0,0,0,0,0,0,0,0,0,0,0,"fonsl101","F","F","F","F",0,0,0,0,0,0,0,0,0,0,F,F,"1925PHI.EVN.regular.event.csv",3295
"PHI192507170","CHN",6,0,2,0,0,"",6,5,"freih101","?","freih101","?","coucj101","?","coucj101","?","henlb101","fonsl101","fribb101","hubec101","sandh101","mokaj101","harpg101","burng101","","","","S9/9S","F","F",5,3,20,"T","T",1,"F","F",0,"F","F",0,"F","F",9,"","F","F","9S",0,0,"N",0,"N",0,"N",1,0,0,0,"","","","","F","F","F","F","F","F","F","F","F","","","","F","F","F","F","F","","","","",0,0,0,0,0,0,0,0,0,57,"PHI","CHN","PHI",0,"F","F",6,5,0,29,2,"T","F",0,1,"T","T","grigd101","grift102","F","F",0,0,0,0,0,0,0,0,0,"","","",0,0,0,0,0,0,0,0,0,0,0,0,0,"burng101","F","F","F","F",0,0,0,0,0,0,0,0,0,0,F,F,"1925PHI.EVN.regular.event.csv",3296
"PHI192507170","CHN",6,0,2,0,0,"",6,5,"grigd101","?","grigd101","?","coucj101","?","coucj101","?","henlb101","fonsl101","fribb101","hubec101","sandh101","mokaj101","harpg101","burng101","freih101","","","8/F","F","F",8,4,2,"T","T",0,"F","F",1,"F","F",0,"F","F",8,"F","F","F","",0,0,"N",0,"N",0,"N",0,1,0,0,"8","","","","F","F","F","F","F","F","F","F","F","coucj101","","","F","F","F","F","F","","","","",0,8,0,0,0,0,0,0,0,58,"PHI","CHN","PHI",0,"F","T",6,5,0,30,3,"T","F",1,1,"T","T","grift102","weisb102","F","F",5,3,57,0,0,0,0,0,0,"henlb101","","",0,0,0,0,0,0,0,0,0,0,0,0,0,"harpg101","F","F","F","F",0,0,0,0,0,0,0,0,0,0,F,F,"1925PHI.EVN.regular.event.csv",3297
"PHI192507170","CHN",6,1,0,0,0,"",6,5,"coucj101","?","coucj101","?","coopw101","?","coopw101","?","hartg103","grimc101","adams101","freih101","marar101","weisb102","grigd101","grift102","","","","8/F","T","F",1,9,2,"T","T",0,"F","F",1,"F","F",0,"F","F",8,"F","F","F","",0,0,"N",0,"N",0,"N",0,0,0,0,"8","","","","F","F","F","F","F","F","F","F","F","","","","F","F","F","F","F","","","","",0,8,0,0,0,0,0,0,0,59,"PHI","PHI","CHN",1,"T","F",5,6,0,26,0,"T","F",0,0,"F","F","sandh101","mokaj101","F","F",0,0,0,0,0,0,0,0,0,"","","",0,0,0,0,0,0,0,0,0,0,0,0,0,"grigd101","F","F","F","F",0,0,0,0,0,0,0,0,0,0,F,F,"1925PHI.EVN.regular.event.csv",3298
"PHI192507170","CHN",6,1,1,0,0,"",6,5,"sandh101","?","sandh101","?","coopw101","?","coopw101","?","hartg103","grimc101","adams101","freih101","marar101","weisb102","grigd101","grift102","","","","3/L","F","F",6,1,2,"T","T",0,"F","F",1,"F","F",0,"F","F",3,"L","F","F","",0,0,"N",0,"N",0,"N",0,0,0,0,"3","","","","F","F","F","F","F","F","F","F","F","","","","F","F","F","F","F","","","","",0,3,0,0,0,0,0,0,0,60,"PHI","PHI","CHN",1,"F","F",5,6,0,27,1,"T","F",0,0,"T","T","mokaj101","burng101","F","F",0,0,0,0,0,0,0,0,0,"","","",0,0,0,0,0,0,0,0,0,0,0,0,0,"grimc101","F","F","F","F",0,0,0,0,0,0,0,0,0,0,F,F,"1925PHI.EVN.regular.event.csv",3299
"PHI192507170","CHN",6,1,2,0,0,"",6,5,"mokaj101","?","mokaj101","?","coopw101","?","coopw101","?","hartg103","grimc101","adams101","freih101","marar101","weisb102","grigd101","grift102","","","","63","F","F",7,2,2,"T","T",0,"F","F",1,"F","F",0,"F","F",6,"G","F","F","",0,0,"N",0,"N",0,"N",0,0,0,0,"63","","","","F","F","F","F","F","F","F","F","F","","","","F","F","F","F","F","","","","",0,3,0,0,6,0,0,0,0,61,"PHI","PHI","CHN",1,"F","T",5,6,0,28,2,"T","F",0,0,"F","F","burng101","harpg101","F","F",0,0,0,0,0,0,0,0,0,"","","",0,0,0,0,0,0,0,0,0,0,0,0,0,"marar101","F","F","F","F",0,0,0,0,0,0,0,0,0,0,F,F,"1925PHI.EVN.regular.event.csv",3300
"PHI192507170","CHN",7,0,0,0,0,"",6,5,"grift102","?","grift102","?","coucj101","?","coucj101","?","henlb101","fonsl101","fribb101","hubec101","sandh101","mokaj101","harpg101","burng101","","","","HR/F9D","T","F",9,5,23,"T","T",4,"F","F",0,"F","F",1,"F","F",0,"F","F","F","9D",0,0,"N",0,"N",0,"N",4,0,0,0,"","","","","F","F","F","F","F","F","F","F","F","","","","F","F","F","F","F","","","","",0,0,0,0,0,0,0,0,0,62,"PHI","CHN","PHI",0,"T","F",6,5,0,31,0,"T","F",0,0,"T","T","weisb102","grimc101","F","F",0,0,0,0,0,0,0,0,0,"","","",0,0,0,0,0,0,0,0,0,0,0,0,1,"","F","F","F","F",4,0,0,0,0,0,0,0,0,0,F,F,"1925PHI.EVN.regular.event.csv",3301
"PHI192507170","CHN",7,0,0,0,0,"",7,5,"weisb102","?","weisb102","?","coucj101","?","coucj101","?","henlb101","fonsl101","fribb101","hubec101","sandh101","mokaj101","harpg101","burng101","","","","43","F","F",7,6,2,"T","T",0,"F","F",1,"F","F",0,"F","F",4,"G","F","F","",0,0,"N",0,"N",0,"N",0,0,0,0,"43","","","","F","F","F","F","F","F","F","F","F","","","","F","F","F","F","F","","","","",0,3,0,0,4,0,0,0,0,63,"PHI","CHN","PHI",0,"F","F",7,5,1,32,1,"T","F",0,0,"T","T","grimc101","hartg103","F","F",0,0,0,0,0,0,0,0,0,"","","",0,0,0,0,0,0,0,0,0,0,0,0,0,"fribb101","F","F","F","F",0,0,0,0,0,0,0,0,0,0,F,F,"1925PHI.EVN.regular.event.csv",3302
"PHI192507170","CHN",7,0,1,0,0,"",7,5,"grimc101","?","grimc101","?","coucj101","?","coucj101","?","henlb101","fonsl101","fribb101","hubec101","sandh101","mokaj101","harpg101","burng101","","","","8/F","F","F",3,7,2,"T","T",0,"F","F",1,"F","F",0,"F","F",8,"F","F","F","",0,0,"N",0,"N",0,"N",0,0,0,0,"8","","","","F","F","F","F","F","F","F","F","F","","","","F","F","F","F","F","","","","",0,8,0,0,0,0,0,0,0,64,"PHI","CHN","PHI",0,"F","F",7,5,1,33,2,"T","F",0,0,"T","T","hartg103","coopw101","F","F",0,0,0,0,0,0,0,0,0,"","","",0,0,0,0,0,0,0,0,0,0,0,0,0,"harpg101","F","F","F","F",0,0,0,0,0,0,0,0,0,0,F,F,"1925PHI.EVN.regular.event.csv",3303
"PHI192507170","CHN",7,0,2,0,0,"",7,5,"hartg103","?","hartg103","?","coucj101","?","coucj101","?","henlb101","fonsl101","fribb101","hubec101","sandh101","mokaj101","harpg101","burng101","","","","13","F","F",2,8,2,"T","T",0,"F","F",1,"F","F",0,"F","F",1,"G","F","F","",0,0,"N",0,"N",0,"N",0,0,0,0,"13","","","","F","F","F","F","F","F","F","F","F","","","","F","F","F","F","F","","","","",0,3,0,0,1,0,0,0,0,65,"PHI","CHN","PHI",0,"F","T",7,5,1,34,3,"T","F",0,0,"T","T","coopw101","adams101","F","F",0,0,0,0,0,0,0,0,0,"","","",0,0,0,0,0,0,0,0,0,0,0,0,0,"coucj101","F","F","F","F",0,0,0,0,0,0,0,0,0,0,F,F,"1925PHI.EVN.regular.event.csv",3304
"PHI192507170","CHN",7,1,0,0,0,"",7,5,"burng101","?","burng101","?","coopw101","?","coopw101","?","hartg103","grimc101","adams101","freih101","marar101","weisb102","grigd101","grift102","","","","9/F","T","F",9,3,2,"T","T",0,"F","F",1,"F","F",0,"F","F",9,"F","F","F","",0,0,"N",0,"N",0,"N",0,0,0,0,"9","","","","F","F","F","F","F","F","F","F","F","","","","F","F","F","F","F","","","","",0,9,0,0,0,0,0,0,0,66,"PHI","PHI","CHN",1,"T","F",5,7,0,29,0,"T","F",0,0,"F","F","harpg101","henlb101","F","F",0,0,0,0,0,0,0,0,0,"","","",0,0,0,0,0,0,0,0,0,0,0,0,0,"grift102","F","F","F","F",0,0,0,0,0,0,0,0,0,0,F,F,"1925PHI.EVN.regular.event.csv",3305
"PHI192507170","CHN",7,1,1,0,0,"",7,5,"harpg101","?","harpg101","?","coopw101","?","coopw101","?","hartg103","grimc101","adams101","freih101","marar101","weisb102","grigd101","grift102","","","","13","F","F",8,4,2,"T","T",0,"F","F",1,"F","F",0,"F","F",1,"G","F","F","",0,0,"N",0,"N",0,"N",0,0,0,0,"13","","","","F","F","F","F","F","F","F","F","F","","","","F","F","F","F","F","","","","",0,3,0,0,1,0,0,0,0,67,"PHI","PHI","CHN",1,"F","F",5,7,0,30,1,"T","F",0,0,"T","T","henlb101","fonsl101","F","F",0,0,0,0,0,0,0,0,0,"","","",0,0,0,0,0,0,0,0,0,0,0,0,0,"coopw101","F","F","F","F",0,0,0,0,0,0,0,0,0,0,F,F,"1925PHI.EVN.regular.event.csv",3306
"PHI192507170","CHN",7,1,2,0,0,"",7,5,"henlb101","?","henlb101","?","coopw101","?","coopw101","?","hartg103","grimc101","adams101","freih101","marar101","weisb102","grigd101","grift102","","","","S8","F","F",2,5,20,"T","T",1,"F","F",0,"F","F",0,"F","F",8,"","F","F","",0,0,"N",0,"N",0,"N",1,0,0,0,"","","","","F","F","F","F","F","F","F","F","F","","","","F","F","F","F","F","","","","",0,0,0,0,0,0,0,0,0,68,"PHI","PHI","CHN",1,"F","F",5,7,0,31,2,"T","F",0,1,"F","F","fonsl101","hubec101","F","F",0,0,0,0,0,0,0,0,0,"","","",0,0,0,0,0,0,0,0,0,0,0,0,0,"grigd101","F","F","F","F",0,0,0,0,0,0,0,0,0,0,F,F,"1925PHI.EVN.regular.event.csv",3307
"PHI192507170","CHN",7,1,2,0,0,"",7,5,"fonsl101","?","fonsl101","?","coopw101","?","coopw101","?","hartg103","grimc101","adams101","freih101","marar101","weisb102","grigd101","grift102","henlb101","","","64(1)/FO","F","F",3,6,2,"T","T",0,"F","F",1,"F","F",0,"F","F",6,"G","F","F","",0,0,"N",0,"N",0,"N",1,0,0,0,"","64","","","F","F","F","F","F","F","F","F","F","coopw101","","","F","F","F","F","F","","","","",0,4,0,0,6,0,0,0,0,69,"PHI","PHI","CHN",1,"F","T",5,7,0,32,3,"T","F",1,1,"F","F","hubec101","fribb101","F","F",2,5,68,0,0,0,0,0,0,"hartg103","","",0,0,0,0,0,0,0,0,0,0,0,0,0,"marar101","T","F","F","F",0,0,0,0,0,0,0,0,0,0,F,F,"1925PHI.EVN.regular.event.csv",3308
"PHI192507170","CHN",8,0,0,0,0,"",7,5,"coopw101","?","coopw101","?","coucj101","?","coucj101","?","henlb101","fonsl101","fribb101","hubec101","sandh101","mokaj101","harpg101","burng101","","","","63","T","F",1,9,2,"T","T",0,"F","F",1,"F","F",0,"F","F",6,"G","F","F","",0,0,"N",0,"N",0,"N",0,0,0,0,"63","","","","F","F","F","F","F","F","F","F","F","","","","F","F","F","F","F","","","","",0,3,0,0,6,0,0,0,0,70,"PHI","CHN","PHI",0,"T","F",7,5,0,35,0,"T","F",0,0,"F","F","adams101","marar101","F","F",0,0,0,0,0,0,0,0,0,"","","",0,0,0,0,0,0,0,0,0,0,0,0,0,"sandh101","F","F","F","F",0,0,0,0,0,0,0,0,0,0,F,F,"1925PHI.EVN.regular.event.csv",3309
"PHI192507170","CHN",8,0,1,0,0,"",7,5,"adams101","?","adams101","?","coucj101","?","coucj101","?","henlb101","fonsl101","fribb101","hubec101","sandh101","mokaj101","harpg101","burng101","","","","7/F","F","F",4,1,2,"T","T",0,"F","F",1,"F","F",0,"F","F",7,"F","F","F","",0,0,"N",0,"N",0,"N",0,0,0,0,"7","","","","F","F","F","F","F","F","F","F","F","","","","F","F","F","F","F","","","","",0,7,0,0,0,0,0,0,0,71,"PHI","CHN","PHI",0,"F","F",7,5,0,36,1,"T","F",0,0,"T","T","marar101","freih101","F","F",0,0,0,0,0,0,0,0,0,"","","",0,0,0,0,0,0,0,0,0,0,0,0,0,"mokaj101","F","F","F","F",0,0,0,0,0,0,0,0,0,0,F,F,"1925PHI.EVN.regular.event.csv",3310
"PHI192507170","CHN",8,0,2,0,0,"",7,5,"marar101","?","marar101","?","coucj101","?","coucj101","?","henlb101","fonsl101","fribb101","hubec101","sandh101","mokaj101","harpg101","burng101","","","","43","F","F",6,2,2,"T","T",0,"F","F",1,"F","F",0,"F","F",4,"G","F","F","",0,0,"N",0,"N",0,"N",0,0,0,0,"43","","","","F","F","F","F","F","F","F","F","F","","","","F","F","F","F","F","","","","",0,3,0,0,4,0,0,0,0,72,"PHI","CHN","PHI",0,"F","T",7,5,0,37,2,"T","F",0,0,"T","T","freih101","grigd101","F","F",0,0,0,0,0,0,0,0,0,"","","",0,0,0,0,0,0,0,0,0,0,0,0,0,"fribb101","F","F","F","F",0,0,0,0,0,0,0,0,0,0,F,F,"1925PHI.EVN.regular.event.csv",3311
"PHI192507170","CHN",8,1,0,0,0,"",7,5,"hubec101","?","hubec101","?","coopw101","?","coopw101","?","hartg103","grimc101","adams101","freih101","marar101","weisb102","grigd101","grift102","","","","9/FL","T","F",5,7,2,"T","T",0,"F","F",1,"F","F",0,"F","F",9,"F","F","T","",0,0,"N",0,"N",0,"N",0,0,0,0,"9","","","","F","F","F","F","F","F","F","F","F","","","","F","F","F","F","F","","","","",0,9,0,0,0,0,0,0,0,73,"PHI","PHI","CHN",1,"T","F",5,7,0,33,0,"T","F",0,0,"T","T","fribb101","coucj101","F","F",0,0,0,0,0,0,0,0,0,"","","",0,0,0,0,0,0,0,0,0,0,0,0,0,"grift102","F","F","F","F",0,0,0,0,0,0,0,0,0,0,F,F,"1925PHI.EVN.regular.event.csv",3312
"PHI192507170","CHN",8,1,1,0,0,"",7,5,"fribb101","?","fribb101","?","coopw101","?","coopw101","?","hartg103","grimc101","adams101","freih101","marar101","weisb102","grigd101","grift102","","","","E6/G","F","F",4,8,18,"T","T",0,"F","F",0,"F","F",0,"F","F",6,"G","F","F","",1,6,"F",0,"N",0,"N",1,0,0,0,"","","","","F","F","F","F","F","F","F","F","F","","","","F","F","F","F","F","","","","",0,0,0,0,0,0,0,0,0,74,"PHI","PHI","CHN",1,"F","F",5,7,0,34,1,"T","F",0,1,"T","T","coucj101","sandh101","F","F",0,0,0,0,0,0,0,0,0,"","","",0,0,0,0,0,0,0,0,0,0,0,0,0,"marar101","F","F","F","T",0,0,0,0,0,0,0,0,0,0,F,F,"1925PHI.EVN.regular.event.csv",3313
"PHI192507170","CHN",8,1,1,0,0,"",7,5,"kimmw101","?","kimmw101","?","coopw101","?","coopw101","?","hartg103","grimc101","adams101","freih101","marar101","weisb102","grigd101","grift102","fribb101","","","46(1)/FO","F","T",11,9,2,"T","T",0,"F","F",1,"F","F",0,"F","F",4,"G","F","F","",0,0,"N",0,"N",0,"N",1,0,0,0,"","46","","","F","F","F","F","F","F","F","F","F","coopw101","","","F","F","F","F","F","","","","coucj101",1,6,0,0,4,0,0,0,0,75,"PHI","PHI","CHN",1,"F","F",5,7,0,35,2,"T","F",1,1,"F","F","sandh101","mokaj101","F","F",4,8,74,0,0,0,0,0,0,"hartg103","","",0,0,0,0,0,0,0,0,0,0,0,0,0,"adams101","T","F","F","F",2,0,0,0,0,0,0,0,0,0,F,F,"1925PHI.EVN.regular.event.csv",3314
"PHI192507170","CHN",8,1,2,0,0,"",7,5,"sandh101","?","sandh101","?","coopw101","?","coopw101","?","hartg103","grimc101","adams101","freih101","marar101","weisb102","grigd101","grift102","kimmw101","","","W.1-2","F","F",6,1,14,"T","F",0,"F","F",0,"F","F",0,"F","F",0,"","F","F","",0,0,"N",0,"N",0,"N",1,2,0,0,"","","","","F","F","F","F","F","F","F","F","F","coopw101","","","F","F","F","F","F","","","","",0,0,0,0,0,0,0,0,0,76,"PHI","PHI","CHN",1,"F","F",5,7,0,36,3,"T","F",1,3,"T","T","mokaj101","burng101","F","F",0,9,75,0,0,0,0,0,0,"hartg103","","",0,0,0,0,0,0,0,0,0,0,0,0,0,"","F","F","F","F",1,2,0,0,0,0,0,0,0,0,F,F,"1925PHI.EVN.regular.event.csv",3315
"PHI192507170","CHN",8,1,2,0,0,"",7,5,"mokaj101","?","mokaj101","?","coopw101","?","coopw101","?","hartg103","grimc101","adams101","freih101","marar101","weisb102","grigd101","grift102","sandh101","kimmw101","","7/F","F","F",7,2,2,"T","T",0,"F","F",1,"F","F",0,"F","F",7,"F","F","F","",0,0,"N",0,"N",0,"N",0,1,2,0,"7","","","","F","F","F","F","F","F","F","F","F","coopw101","coopw101","","F","F","F","F","F","","","","",0,7,0,0,0,0,0,0,0,77,"PHI","PHI","CHN",1,"F","T",5,7,0,37,4,"T","F",3,3,"F","F","burng101","harpg101","F","F",6,1,76,0,9,75,0,0,0,"hartg103","hartg103","",0,0,0,0,0,0,0,0,0,0,0,0,0,"weisb102","F","F","F","F",0,1,2,0,0,0,0,0,0,0,F,F,"1925PHI.EVN.regular.event.csv",3316
"PHI192507170","CHN",9,0,0,0,0,"",7,5,"freih101","?","freih101","?","betth101","?","betth101","?","henlb101","fonsl101","fribb101","hubec101","sandh101","mokaj101","harpg101","burng101","","","","D9","T","F",5,3,21,"T","T",2,"F","F",0,"F","F",0,"F","F",9,"","F","F","",0,0,"N",0,"N",0,"N",2,0,0,0,"","","","","F","F","F","F","F","F","F","F","F","","","","F","F","F","F","F","","","","",0,0,0,0,0,0,0,0,0,78,"PHI","CHN","PHI",0,"T","F",7,5,0,38,0,"T","F",0,2,"T","T","grigd101","grift102","F","F",0,0,0,0,0,0,0,0,0,"","","",0,0,0,0,0,0,0,0,0,0,0,0,0,"burng101","F","F","F","F",0,0,0,0,0,0,0,0,0,0,F,F,"1925PHI.EVN.regular.event.csv",3317
"PHI192507170","CHN",9,0,0,0,0,"",7,5,"grigd101","?","grigd101","?","betth101","?","betth101","?","henlb101","fonsl101","fribb101","hubec101","sandh101","mokaj101","harpg101","burng101","","freih101","","13/SH.2-3","F","F",8,4,2,"T","F",0,"T","F",1,"F","F",0,"F","F",1,"G","T","F","",0,0,"N",0,"N",0,"N",0,0,3,0,"13","","","","F","F","F","F","F","F","F","F","F","","betth101","","F","F","F","F","F","","","","",0,3,0,0,1,0,0,0,0,79,"PHI","CHN","PHI",0,"F","F",7,5,0,39,1,"T","F",2,4,"T","T","grift102","weisb102","F","F",0,0,0,5,3,78,0,0,0,"","henlb101","",0,0,0,0,0,0,0,0,0,0,0,0,0,"betth101","F","F","F","F",0,0,0,0,0,0,0,0,0,0,F,F,"1925PHI.EVN.regular.event.csv",3318
"PHI192507170","CHN",9,0,1,0,0,"",7,5,"grift102","?","grift102","?","betth101","?","betth101","?","henlb101","fonsl101","fribb101","hubec101","sandh101","mokaj101","harpg101","burng101","","","freih101","FC6.3XH(62)","F","F",9,5,19,"T","T",0,"F","F",1,"F","F",0,"F","F",6,"G","F","F","",0,0,"N",0,"N",0,"N",1,0,0,0,"","","","62","F","F","F","F","F","F","F","F","F","","","betth101","F","F","F","F","F","","","","",0,2,0,0,6,0,0,0,0,80,"PHI","CHN","PHI",0,"F","F",7,5,0,40,2,"T","F",4,1,"T","T","weisb102","grimc101","F","F",0,0,0,0,0,0,5,3,78,"","","henlb101",0,0,0,0,0,0,0,0,0,0,0,0,0,"sandh101","F","F","F","F",0,0,0,0,0,0,0,0,0,0,F,F,"1925PHI.EVN.regular.event.csv",3319
"PHI192507170","CHN",9,0,2,0,0,"",7,5,"weisb102","?","weisb102","?","betth101","?","betth101","?","henlb101","fonsl101","fribb101","hubec101","sandh101","mokaj101","harpg101","burng101","grift102","","","CS2(24)","F","F",7,6,6,"F","F",0,"F","F",1,"F","F",0,"F","F",0,"","F","F","",0,0,"N",0,"N",0,"N",0,0,0,0,"","24","","","F","F","F","T","F","F","F","F","F","betth101","","","F","F","F","F","F","","","","",0,4,0,0,2,0,0,0,0,81,"PHI","CHN","PHI",0,"F","T",7,5,0,41,3,"T","T",1,0,"T","T","grimc101","hartg103","F","F",9,5,80,0,0,0,0,0,0,"henlb101","","",0,0,0,0,0,0,0,0,0,0,0,0,0,"","F","F","F","F",0,0,0,0,0,0,0,0,0,0,F,F,"1925PHI.EVN.regular.event.csv",3320
"PHI192507170","CHN",9,1,0,0,0,"",7,5,"burng101","?","burng101","?","coopw101","?","coopw101","?","hartg103","grimc101","adams101","freih101","marar101","weisb102","grigd101","grift102","","","","9/F9S","T","F",9,3,2,"T","T",0,"F","F",1,"F","F",0,"F","F",9,"F","F","F","9S",0,0,"N",0,"N",0,"N",0,0,0,0,"9","","","","F","F","F","F","F","F","F","F","F","","","","F","F","F","F","F","","","","",0,9,0,0,0,0,0,0,0,82,"PHI","PHI","CHN",1,"T","F",5,7,0,38,0,"T","F",0,0,"F","F","harpg101","henlb101","F","F",0,0,0,0,0,0,0,0,0,"","","",0,0,0,0,0,0,0,0,0,0,0,0,0,"grift102","F","F","F","F",0,0,0,0,0,0,0,0,0,0,F,F,"1925PHI.EVN.regular.event.csv",3321
"PHI192507170","CHN",9,1,1,0,0,"",7,5,"wendl101","?","wendl101","?","coopw101","?","coopw101","?","hartg103","grimc101","adams101","freih101","marar101","weisb102","grigd101","grift102","","","","63","F","T",11,4,2,"T","T",0,"F","F",1,"F","F",0,"F","F",6,"G","F","F","",0,0,"N",0,"N",0,"N",0,0,0,0,"63","","","","F","F","F","F","F","F","F","F","F","","","","F","F","F","F","F","","","","harpg101",8,3,0,0,6,0,0,0,0,83,"PHI","PHI","CHN",1,"F","F",5,7,0,39,1,"T","F",0,0,"F","F","henlb101","fonsl101","F","F",0,0,0,0,0,0,0,0,0,"","","",0,0,0,0,0,0,0,0,0,0,0,0,0,"marar101","F","F","F","F",0,0,0,0,0,0,0,0,0,0,F,F,"1925PHI.EVN.regular.event.csv",3322
"PHI192507170","CHN",9,1,2,0,0,"",7,5,"henlb101","?","henlb101","?","coopw101","?","coopw101","?","hartg103","grimc101","adams101","freih101","marar101","weisb102","grigd101","grift102","","","","2/FL","F","F",2,5,2,"T","T",0,"F","F",1,"F","F",0,"F","F",2,"F","F","T","",0,0,"N",0,"N",0,"N",0,0,0,0,"2","","","","F","F","F","F","F","F","F","F","F","","","","F","T","F","F","F","","","","",0,2,0,0,0,0,0,0,0,84,"PHI","PHI","CHN",1,"F","T",5,7,0,40,2,"T","F",0,0,"F","F","fonsl101","hubec101","F","F",0,0,0,0,0,0,0,0,0,"","","",0,0,0,0,0,0,0,0,0,0,0,0,0,"hartg103","F","F","F","F",0,0,0,0,0,0,0,0,0,0,F,F,"1925PHI.EVN.regular.event.csv",3323
"PHI192507180","CHN",1,0,0,0,0,"",0,0,"adams101","?","adams101","?","decaa101","?","decaa101","?","wilsj105","hawkc101","fribb101","hubec101","sandh101","burng101","harpg101","willc103","","","","S4/G","T","F",4,1,20,"T","T",1,"F","F",0,"F","F",0,"F","F",4,"G","F","F","",0,0,"N",0,"N",0,"N",1,0,0,0,"","","","","F","F","F","F","F","F","F","F","F","","","","T","F","F","F","F","","","","",0,0,0,0,0,0,0,0,0,1,"PHI","CHN","PHI",0,"T","F",0,0,0,0,0,"T","F",0,1,"T","T","marar101","freih101","T","T",0,0,0,0,0,0,0,0,0,"","","",0,0,0,0,0,0,0,0,0,0,0,0,0,"fribb101","F","F","F","F",0,0,0,0,0,0,0,0,0,0,F,F,"1925PHI.EVN.regular.event.csv",3324
"PHI192507180","CHN",1,0,0,0,0,"",0,0,"marar101","?","marar101","?","decaa101","?","decaa101","?","wilsj105","hawkc101","fribb101","hubec101","sandh101","burng101","harpg101","willc103","adams101","","","64(1)/FO","F","F",6,2,2,"T","T",0,"F","F",1,"F","F",0,"F","F",6,"G","F","F","",0,0,"N",0,"N",0,"N",1,0,0,0,"","64","","","F","F","F","F","F","F","F","F","F","decaa101","","","F","F","F","F","F","","","","",0,4,0,0,6,0,0,0,0,2,"PHI","CHN","PHI",0,"F","F",0,0,0,1,1,"T","F",1,1,"T","T","freih101","grigd101","T","T",4,1,1,0,0,0,0,0,0,"wilsj105","","",0,0,0,0,0,0,0,0,0,0,0,0,0,"sandh101","T","F","F","F",0,0,0,0,0,0,0,0,0,0,F,F,"1925PHI.EVN.regular.event.csv",3325
"PHI192507180","CHN",1,0,1,0,0,"",0,0,"freih101","?","freih101","?","decaa101","?","decaa101","?","wilsj105","hawkc101","fribb101","hubec101","sandh101","burng101","harpg101","willc103","marar101","","","6/P56D","F","F",5,3,2,"T","T",0,"F","F",1,"F","F",0,"F","F",6,"P","F","F","56D",0,0,"N",0,"N",0,"N",0,1,0,0,"6","","","","F","F","F","F","F","F","F","F","F","decaa101","","","F","F","F","F","F","","","","",0,6,0,0,0,0,0,0,0,3,"PHI","CHN","PHI",0,"F","F",0,0,0,2,2,"T","F",1,1,"T","T","grigd101","grift102","T","T",6,2,2,0,0,0,0,0,0,"wilsj105","","",0,0,0,0,0,0,0,0,0,0,0,0,0,"sandh101","F","F","F","F",0,0,0,0,0,0,0,0,0,0,F,F,"1925PHI.EVN.regular.event.csv",3326
"PHI192507180","CHN",1,0,2,0,0,"",0,0,"grigd101","?","grigd101","?","decaa101","?","decaa101","?","wilsj105","hawkc101","fribb101","hubec101","sandh101","burng101","harpg101","willc103","marar101","","","SB2","F","F",8,4,4,"F","F",0,"F","F",0,"F","F",0,"F","F",0,"","F","F","",0,0,"N",0,"N",0,"N",0,2,0,0,"","","","","T","F","F","F","F","F","F","F","F","decaa101","","","F","F","F","F","F","","","","",0,0,0,0,0,0,0,0,0,4,"PHI","CHN","PHI",0,"F","F",0,0,0,3,3,"T","F",1,2,"T","T","grift102","weisb102","T","T",6,2,2,0,0,0,0,0,0,"wilsj105","","",0,0,0,0,0,0,0,0,0,0,0,0,0,"","F","F","F","F",0,0,0,0,0,0,0,0,0,0,F,F,"1925PHI.EVN.regular.event.csv",3327
"PHI192507180","CHN",1,0,2,0,0,"",0,0,"grigd101","?","grigd101","?","decaa101","?","decaa101","?","wilsj105","hawkc101","fribb101","hubec101","sandh101","burng101","harpg101","willc103","","marar101","","9/F","F","F",8,4,2,"T","T",0,"F","F",1,"F","F",0,"F","F",9,"F","F","F","",0,0,"N",0,"N",0,"N",0,0,2,0,"9","","","","F","F","F","F","F","F","F","F","F","","decaa101","","F","F","F","F","F","","","","",0,9,0,0,0,0,0,0,0,5,"PHI","CHN","PHI",0,"F","T",0,0,0,3,3,"F","F",2,2,"T","T","grift102","weisb102","T","T",0,0,0,6,2,2,0,0,0,"","wilsj105","",0,0,0,0,0,0,0,0,0,0,0,0,0,"willc103","F","F","F","F",0,0,0,0,0,0,0,0,0,0,F,F,"1925PHI.EVN.regular.event.csv",3328
"PHI192507180","CHN",1,1,0,0,0,"",0,0,"sandh101","?","sandh101","?","blaks101","?","blaks101","?","gonzm101","grimc101","adams101","freih101","marar101","weisb102","grigd101","grift102","","","","43/G+","T","F",6,1,2,"T","T",0,"F","F",1,"F","F",0,"F","F",4,"G","F","F","",0,0,"N",0,"N",0,"N",0,0,0,0,"43","","","","F","F","F","F","F","F","F","F","F","","","","F","F","F","F","F","","","","",0,3,0,0,4,0,0,0,0,6,"PHI","PHI","CHN",1,"T","F",0,0,0,0,0,"T","F",0,0,"T","T","willc103","burng101","T","T",0,0,0,0,0,0,0,0,0,"","","",0,0,0,0,0,0,0,0,0,0,0,0,0,"adams101","F","F","F","F",0,0,0,0,0,0,0,0,0,0,F,F,"1925PHI.EVN.regular.event.csv",3329
"PHI192507180","CHN",1,1,1,0,0,"",0,0,"willc103","?","willc103","?","blaks101","?","blaks101","?","gonzm101","grimc101","adams101","freih101","marar101","weisb102","grigd101","grift102","","","","7/F","F","F",9,2,2,"T","T",0,"F","F",1,"F","F",0,"F","F",7,"F","F","F","",0,0,"N",0,"N",0,"N",0,0,0,0,"7","","","","F","F","F","F","F","F","F","F","F","","","","F","F","F","F","F","","","","",0,7,0,0,0,0,0,0,0,7,"PHI","PHI","CHN",1,"F","F",0,0,0,1,1,"T","F",0,0,"T","T","burng101","harpg101","T","T",0,0,0,0,0,0,0,0,0,"","","",0,0,0,0,0,0,0,0,0,0,0,0,0,"weisb102","F","F","F","F",0,0,0,0,0,0,0,0,0,0,F,F,"1925PHI.EVN.regular.event.csv",3330
"PHI192507180","CHN",1,1,2,0,0,"",0,0,"burng101","?","burng101","?","blaks101","?","blaks101","?","gonzm101","grimc101","adams101","freih101","marar101","weisb102","grigd101","grift102","","","","S8","F","F",7,3,20,"T","T",1,"F","F",0,"F","F",0,"F","F",8,"","F","F","",0,0,"N",0,"N",0,"N",1,0,0,0,"","","","","F","F","F","F","F","F","F","F","F","","","","F","F","F","F","F","","","","",0,0,0,0,0,0,0,0,0,8,"PHI","PHI","CHN",1,"F","F",0,0,0,2,2,"T","F",0,1,"T","T","harpg101","wilsj105","T","T",0,0,0,0,0,0,0,0,0,"","","",0,0,0,0,0,0,0,0,0,0,0,0,0,"grigd101","F","F","F","F",0,0,0,0,0,0,0,0,0,0,F,F,"1925PHI.EVN.regular.event.csv",3331
"PHI192507180","CHN",1,1,2,0,0,"",0,0,"harpg101","?","harpg101","?","blaks101","?","blaks101","?","gonzm101","grimc101","adams101","freih101","marar101","weisb102","grigd101","grift102","burng101","","","S/G.1-2","F","F",8,4,20,"T","T",1,"F","F",0,"F","F",0,"F","F",0,"G","F","F","",0,0,"N",0,"N",0,"N",1,2,0,0,"","","","","F","F","F","F","F","F","F","F","F","blaks101","","","F","F","F","F","F","","","","",0,0,0,0,0,0,0,0,0,9,"PHI","PHI","CHN",1,"F","F",0,0,0,3,3,"T","F",1,3,"T","T","wilsj105","hawkc101","T","T",7,3,8,0,0,0,0,0,0,"gonzm101","","",0,0,0,0,0,0,0,0,0,0,0,0,0,"","F","F","F","F",0,0,0,0,0,0,0,0,0,0,F,F,"1925PHI.EVN.regular.event.csv",3332
"PHI192507180","CHN",1,1,2,0,0,"",0,0,"wilsj105","?","wilsj105","?","blaks101","?","blaks101","?","gonzm101","grimc101","adams101","freih101","marar101","weisb102","grigd101","grift102","harpg101","burng101","","K/C","F","F",2,5,3,"T","T",0,"F","F",1,"F","F",0,"F","F",0,"","F","F","",0,0,"N",0,"N",0,"N",0,1,2,0,"2","","","","F","F","F","F","F","F","F","F","F","blaks101","blaks101","","F","F","F","F","F","","","","",0,2,0,0,0,0,0,0,0,10,"PHI","PHI","CHN",1,"F","T",0,0,0,4,4,"T","F",3,3,"T","T","hawkc101","hubec101","T","T",8,4,9,7,3,8,0,0,0,"gonzm101","gonzm101","",0,0,0,0,0,0,0,0,0,0,0,0,0,"","F","F","F","F",0,0,0,0,0,0,0,0,0,0,F,F,"1925PHI.EVN.regular.event.csv",3333
"PHI192507180","CHN",2,0,0,0,0,"",0,0,"grift102","?","grift102","?","decaa101","?","decaa101","?","wilsj105","hawkc101","fribb101","hubec101","sandh101","burng101","harpg101","willc103","","","","9/F","T","F",9,5,2,"T","T",0,"F","F",1,"F","F",0,"F","F",9,"F","F","F","",0,0,"N",0,"N",0,"N",0,0,0,0,"9","","","","F","F","F","F","F","F","F","F","F","","","","F","F","F","F","F","","","","",0,9,0,0,0,0,0,0,0,11,"PHI","CHN","PHI",0,"T","F",0,0,0,4,0,"T","F",0,0,"T","T","weisb102","grimc101","T","T",0,0,0,0,0,0,0,0,0,"","","",0,0,0,0,0,0,0,0,0,0,0,0,0,"willc103","F","F","F","F",0,0,0,0,0,0,0,0,0,0,F,F,"1925PHI.EVN.regular.event.csv",3334
"PHI192507180","CHN",2,0,1,0,0,"",0,0,"weisb102","?","weisb102","?","decaa101","?","decaa101","?","wilsj105","hawkc101","fribb101","hubec101","sandh101","burng101","harpg101","willc103","","","","63","F","F",7,6,2,"T","T",0,"F","F",1,"F","F",0,"F","F",6,"G","F","F","",0,0,"N",0,"N",0,"N",0,0,0,0,"63","","","","F","F","F","F","F","F","F","F","F","","","","F","F","F","F","F","","","","",0,3,0,0,6,0,0,0,0,12,"PHI","CHN","PHI",0,"F","F",0,0,0,5,1,"T","F",0,0,"T","T","grimc101","gonzm101","T","T",0,0,0,0,0,0,0,0,0,"","","",0,0,0,0,0,0,0,0,0,0,0,0,0,"sandh101","F","F","F","F",0,0,0,0,0,0,0,0,0,0,F,F,"1925PHI.EVN.regular.event.csv",3335
"PHI192507180","CHN",2,0,2,0,0,"",0,0,"grimc101","?","grimc101","?","decaa101","?","decaa101","?","wilsj105","hawkc101","fribb101","hubec101","sandh101","burng101","harpg101","willc103","","","","2/P","F","F",3,7,2,"T","T",0,"F","F",1,"F","F",0,"F","F",2,"P","F","F","",0,0,"N",0,"N",0,"N",0,0,0,0,"2","","","","F","F","F","F","F","F","F","F","F","","","","F","F","F","F","F","","","","",0,2,0,0,0,0,0,0,0,13,"PHI","CHN","PHI",0,"F","T",0,0,0,6,2,"T","F",0,0,"T","T","gonzm101","blaks101","T","T",0,0,0,0,0,0,0,0,0,"","","",0,0,0,0,0,0,0,0,0,0,0,0,0,"wilsj105","F","F","F","F",0,0,0,0,0,0,0,0,0,0,F,F,"1925PHI.EVN.regular.event.csv",3336
"PHI192507180","CHN",2,1,0,0,0,"",0,0,"hawkc101","?","hawkc101","?","blaks101","?","blaks101","?","gonzm101","grimc101","adams101","freih101","marar101","weisb102","grigd101","grift102","","","","43","T","F",3,6,2,"T","T",0,"F","F",1,"F","F",0,"F","F",4,"G","F","F","",0,0,"N",0,"N",0,"N",0,0,0,0,"43","","","","F","F","F","F","F","F","F","F","F","","","","F","F","F","F","F","","","","",0,3,0,0,4,0,0,0,0,14,"PHI","PHI","CHN",1,"T","F",0,0,0,5,0,"T","F",0,0,"T","T","hubec101","fribb101","T","T",0,0,0,0,0,0,0,0,0,"","","",0,0,0,0,0,0,0,0,0,0,0,0,0,"adams101","F","F","F","F",0,0,0,0,1,0,0,0,0,0,F,F,"1925PHI.EVN.regular.event.csv",3337
"PHI192507180","CHN",2,1,1,0,0,"",0,0,"hubec101","?","hubec101","?","blaks101","?","blaks101","?","gonzm101","grimc101","adams101","freih101","marar101","weisb102","grigd101","grift102","","","","D/78","F","F",5,7,21,"T","T",2,"F","F",0,"F","F",0,"F","F",0,"","F","F","78",0,0,"N",0,"N",0,"N",2,0,0,0,"","","","","F","F","F","F","F","F","F","F","F","","","","F","F","F","F","F","","","","",0,0,0,0,0,0,0,0,0,15,"PHI","PHI","CHN",1,"F","F",0,0,0,6,1,"T","F",0,2,"T","T","fribb101","decaa101","T","T",0,0,0,0,0,0,0,0,0,"","","",0,0,0,0,0,0,0,0,0,0,0,0,0,"","F","F","F","F",4,0,0,0,1,0,0,0,0,0,F,F,"1925PHI.EVN.regular.event.csv",3338
"PHI192507180","CHN",2,1,1,0,0,"",0,0,"fribb101","?","fribb101","?","blaks101","?","blaks101","?","gonzm101","grimc101","adams101","freih101","marar101","weisb102","grigd101","grift102","","hubec101","","S9.2-H;B-2(THH)","F","F",4,8,20,"T","T",1,"F","F",0,"F","F",1,"F","F",9,"","F","F","",0,0,"N",0,"N",0,"N",2,0,4,0,"","","","","F","F","F","F","F","F","F","F","F","","blaks101","","F","F","F","F","F","","","","",0,0,0,0,0,0,0,0,0,16,"PHI","PHI","CHN",1,"F","F",0,0,0,7,2,"T","F",2,2,"T","T","decaa101","sandh101","T","T",0,0,0,5,7,15,0,0,0,"","gonzm101","",0,0,0,0,0,0,0,0,0,0,0,0,1,"grift102","F","F","F","F",0,0,4,0,0,0,0,0,0,0,F,F,"1925PHI.EVN.regular.event.csv",3339
"PHI192507180","CHN",2,1,1,0,0,"",0,1,"decaa101","?","decaa101","?","blaks101","?","blaks101","?","gonzm101","grimc101","adams101","freih101","marar101","weisb102","grigd101","grift102","","fribb101","","63.2-3","F","F",1,9,2,"T","T",0,"F","F",1,"F","F",0,"F","F",6,"G","F","F","",0,0,"N",0,"N",0,"N",0,0,3,0,"63","","","","F","F","F","F","F","F","F","F","F","","blaks101","","F","F","F","F","F","","","","",0,3,0,0,6,0,0,0,0,17,"PHI","PHI","CHN",1,"F","F",1,0,1,8,3,"T","F",2,4,"T","T","sandh101","willc103","T","T",0,0,0,4,8,16,0,0,0,"","gonzm101","",0,0,0,0,0,0,0,0,0,0,0,0,0,"marar101","F","F","F","F",0,0,0,0,0,0,0,0,0,0,F,F,"1925PHI.EVN.regular.event.csv",3340
"PHI192507180","CHN",2,1,2,0,0,"",0,1,"sandh101","?","sandh101","?","blaks101","?","blaks101","?","gonzm101","grimc101","adams101","freih101","marar101","weisb102","grigd101","grift102","","","fribb101","43","F","F",6,1,2,"T","T",0,"F","F",1,"F","F",0,"F","F",4,"G","F","F","",0,0,"N",0,"N",0,"N",0,0,0,3,"43","","","","F","F","F","F","F","F","F","F","F","","","blaks101","F","F","F","F","F","","","","",0,3,0,0,4,0,0,0,0,18,"PHI","PHI","CHN",1,"F","T",1,0,1,9,4,"T","F",4,4,"T","T","willc103","burng101","T","T",0,0,0,0,0,0,4,8,16,"","","gonzm101",0,0,0,0,0,0,0,0,0,0,0,0,0,"adams101","F","F","F","F",0,0,0,0,0,0,0,0,0,0,F,F,"1925PHI.EVN.regular.event.csv",3341
"PHI192507180","CHN",3,0,0,0,0,"",0,1,"gonzm101","?","gonzm101","?","decaa101","?","decaa101","?","wilsj105","hawkc101","fribb101","hubec101","sandh101","burng101","harpg101","willc103","","","","K","T","F",2,8,3,"T","T",0,"F","F",1,"F","F",0,"F","F",0,"","F","F","",0,0,"N",0,"N",0,"N",0,0,0,0,"2","","","","F","F","F","F","F","F","F","F","F","","","","F","F","F","F","F","","","","",0,2,0,0,0,0,0,0,0,19,"PHI","CHN","PHI",0,"T","F",0,1,0,7,0,"T","F",0,0,"T","T","blaks101","adams101","T","T",0,0,0,0,0,0,0,0,0,"","","",0,0,0,0,0,0,0,0,0,0,0,0,0,"","F","F","F","F",0,0,0,0,0,0,0,0,0,0,F,F,"1925PHI.EVN.regular.event.csv",3342
"PHI192507180","CHN",3,0,1,0,0,"",0,1,"blaks101","?","blaks101","?","decaa101","?","decaa101","?","wilsj105","hawkc101","fribb101","hubec101","sandh101","burng101","harpg101","willc103","","","","K/C","F","F",1,9,3,"T","T",0,"F","F",1,"F","F",0,"F","F",0,"","F","F","",0,0,"N",0,"N",0,"N",0,0,0,0,"2","","","","F","F","F","F","F","F","F","F","F","","","","F","F","F","F","F","","","","",0,2,0,0,0,0,0,0,0,20,"PHI","CHN","PHI",0,"F","F",0,1,0,8,1,"T","F",0,0,"T","T","adams101","marar101","T","T",0,0,0,0,0,0,0,0,0,"","","",0,0,0,0,0,0,0,0,0,0,0,0,0,"","F","F","F","F",0,0,0,0,0,0,0,0,0,0,F,F,"1925PHI.EVN.regular.event.csv",3343
"PHI192507180","CHN",3,0,2,0,0,"",0,1,"adams101","?","adams101","?","decaa101","?","decaa101","?","wilsj105","hawkc101","fribb101","hubec101","sandh101","burng101","harpg101","willc103","","","","HP","F","F",4,1,16,"T","F",0,"F","F",0,"F","F",0,"F","F",0,"","F","F","",0,0,"N",0,"N",0,"N",1,0,0,0,"","","","","F","F","F","F","F","F","F","F","F","","","","F","F","F","F","F","","","","",0,0,0,0,0,0,0,0,0,21,"PHI","CHN","PHI",0,"F","F",0,1,0,9,2,"T","F",0,1,"T","T","marar101","freih101","T","T",0,0,0,0,0,0,0,0,0,"","","",0,0,0,0,0,0,0,0,0,0,0,0,0,"","F","F","F","F",0,0,0,0,0,0,0,0,0,0,F,F,"1925PHI.EVN.regular.event.csv",3344
"PHI192507180","CHN",3,0,2,0,0,"",0,1,"marar101","?","marar101","?","decaa101","?","decaa101","?","wilsj105","hawkc101","fribb101","hubec101","sandh101","burng101","harpg101","willc103","adams101","","","63","F","F",6,2,2,"T","T",0,"F","F",1,"F","F",0,"F","F",6,"G","F","F","",0,0,"N",0,"N",0,"N",0,1,0,0,"63","","","","F","F","F","F","F","F","F","F","F","decaa101","","","F","F","F","F","F","","","","",0,3,0,0,6,0,0,0,0,22,"PHI","CHN","PHI",0,"F","T",0,1,0,10,3,"T","F",1,1,"T","T","freih101","grigd101","T","T",4,1,21,0,0,0,0,0,0,"wilsj105","","",0,0,0,0,0,0,0,0,0,0,0,0,0,"sandh101","F","F","F","F",0,0,0,0,0,0,0,0,0,0,F,F,"1925PHI.EVN.regular.event.csv",3345
"PHI192507180","CHN",3,1,0,0,0,"",0,1,"willc103","?","willc103","?","blaks101","?","blaks101","?","gonzm101","grimc101","adams101","freih101","marar101","weisb102","grigd101","grift102","","","","S9","T","F",9,2,20,"T","T",1,"F","F",0,"F","F",0,"F","F",9,"","F","F","",0,0,"N",0,"N",0,"N",1,0,0,0,"","","","","F","F","F","F","F","F","F","F","F","","","","F","F","F","F","F","","","","",0,0,0,0,0,0,0,0,0,23,"PHI","PHI","CHN",1,"T","F",1,0,0,10,0,"T","F",0,1,"T","T","burng101","harpg101","T","T",0,0,0,0,0,0,0,0,0,"","","",0,0,0,0,0,0,0,0,0,0,0,0,0,"grift102","F","F","F","F",0,0,0,0,0,0,0,0,0,0,F,F,"1925PHI.EVN.regular.event.csv",3346
"PHI192507180","CHN",3,1,0,0,0,"",0,1,"burng101","?","burng101","?","blaks101","?","blaks101","?","gonzm101","grimc101","adams101","freih101","marar101","weisb102","grigd101","grift102","willc103","","","CS2(24)","F","F",7,3,6,"F","F",0,"F","F",1,"F","F",0,"F","F",0,"","F","F","",0,0,"N",0,"N",0,"N",0,0,0,0,"","24","","","F","F","F","T","F","F","F","F","F","blaks101","","","F","F","F","F","F","","","","",0,4,0,0,2,0,0,0,0,24,"PHI","PHI","CHN",1,"F","F",1,0,0,11,1,"T","F",1,0,"T","T","harpg101","wilsj105","T","T",9,2,23,0,0,0,0,0,0,"gonzm101","","",0,0,0,0,0,0,0,0,0,0,0,0,0,"","F","F","F","F",0,0,0,0,0,0,0,0,0,0,F,F,"1925PHI.EVN.regular.event.csv",3347
"PHI192507180","CHN",3,1,1,0,0,"",0,1,"burng101","?","burng101","?","blaks101","?","blaks101","?","gonzm101","grimc101","adams101","freih101","marar101","weisb102","grigd101","grift102","","","","3/G","F","F",7,3,2,"T","T",0,"F","F",1,"F","F",0,"F","F",3,"G","F","F","",0,0,"N",0,"N",0,"N",0,0,0,0,"3","","","","F","F","F","F","F","F","F","F","F","","","","F","F","F","F","F","","","","",0,3,0,0,0,0,0,0,0,25,"PHI","PHI","CHN",1,"F","F",1,0,0,11,1,"F","F",0,0,"T","T","harpg101","wilsj105","T","T",0,0,0,0,0,0,0,0,0,"","","",0,0,0,0,0,0,0,0,0,0,0,0,0,"grimc101","F","F","F","F",0,0,0,0,0,0,0,0,0,0,F,F,"1925PHI.EVN.regular.event.csv",3348
"PHI192507180","CHN",3,1,2,0,0,"",0,1,"harpg101","?","harpg101","?","blaks101","?","blaks101","?","gonzm101","grimc101","adams101","freih101","marar101","weisb102","grigd101","grift102","","","","43","F","F",8,4,2,"T","T",0,"F","F",1,"F","F",0,"F","F",4,"G","F","F","",0,0,"N",0,"N",0,"N",0,0,0,0,"43","","","","F","F","F","F","F","F","F","F","F","","","","F","F","F","F","F","","","","",0,3,0,0,4,0,0,0,0,26,"PHI","PHI","CHN",1,"F","T",1,0,0,12,2,"T","F",0,0,"T","T","wilsj105","hawkc101","T","T",0,0,0,0,0,0,0,0,0,"","","",0,0,0,0,0,0,0,0,0,0,0,0,0,"adams101","F","F","F","F",0,0,0,0,0,0,0,0,0,0,F,F,"1925PHI.EVN.regular.event.csv",3349
"PHI192507180","CHN",4,0,0,0,0,"",0,1,"freih101","?","freih101","?","decaa101","?","decaa101","?","wilsj105","hawkc101","fribb101","hubec101","sandh101","burng101","harpg101","willc103","","","","63","T","F",5,3,2,"T","T",0,"F","F",1,"F","F",0,"F","F",6,"G","F","F","",0,0,"N",0,"N",0,"N",0,0,0,0,"63","","","","F","F","F","F","F","F","F","F","F","","","","F","F","F","F","F","","","","",0,3,0,0,6,0,0,0,0,27,"PHI","CHN","PHI",0,"T","F",0,1,0,11,0,"T","F",0,0,"T","T","grigd101","grift102","T","T",0,0,0,0,0,0,0,0,0,"","","",0,0,0,0,0,0,0,0,0,0,0,0,0,"sandh101","F","F","F","F",0,0,0,0,0,0,0,0,0,0,F,F,"1925PHI.EVN.regular.event.csv",3350
"PHI192507180","CHN",4,0,1,0,0,"",0,1,"grigd101","?","grigd101","?","decaa101","?","decaa101","?","wilsj105","hawkc101","fribb101","hubec101","sandh101","burng101","harpg101","willc103","","","","43","F","F",8,4,2,"T","T",0,"F","F",1,"F","F",0,"F","F",4,"G","F","F","",0,0,"N",0,"N",0,"N",0,0,0,0,"43","","","","F","F","F","F","F","F","F","F","F","","","","F","F","F","F","F","","","","",0,3,0,0,4,0,0,0,0,28,"PHI","CHN","PHI",0,"F","F",0,1,0,12,1,"T","F",0,0,"T","T","grift102","weisb102","T","T",0,0,0,0,0,0,0,0,0,"","","",0,0,0,0,0,0,0,0,0,0,0,0,0,"fribb101","F","F","F","F",0,0,0,0,0,0,0,0,0,0,F,F,"1925PHI.EVN.regular.event.csv",3351
"PHI192507180","CHN",4,0,2,0,0,"",0,1,"grift102","?","grift102","?","decaa101","?","decaa101","?","wilsj105","hawkc101","fribb101","hubec101","sandh101","burng101","harpg101","willc103","","","","S7.BX2(74)","F","F",9,5,20,"T","T",1,"F","F",1,"F","F",0,"F","F",7,"","F","F","",0,0,"N",0,"N",0,"N",0,0,0,0,"74","","","","F","F","F","F","F","F","F","F","F","","","","F","F","F","F","F","","","","",0,4,0,0,7,0,0,0,0,29,"PHI","CHN","PHI",0,"F","T",0,1,0,13,2,"T","F",0,0,"T","T","weisb102","grimc101","T","T",0,0,0,0,0,0,0,0,0,"","","",0,0,0,0,0,0,0,0,0,0,0,0,0,"burng101","F","F","F","F",0,0,0,0,0,0,0,0,0,0,F,F,"1925PHI.EVN.regular.event.csv",3352
"PHI192507180","CHN",4,1,0,0,0,"",0,1,"wilsj105","?","wilsj105","?","blaks101","?","blaks101","?","gonzm101","grimc101","adams101","freih101","marar101","weisb102","grigd101","grift102","","","","W","T","F",2,5,14,"T","F",0,"F","F",0,"F","F",0,"F","F",0,"","F","F","",0,0,"N",0,"N",0,"N",1,0,0,0,"","","","","F","F","F","F","F","F","F","F","F","","","","F","F","F","F","F","","","","",0,0,0,0,0,0,0,0,0,30,"PHI","PHI","CHN",1,"T","F",1,0,0,13,0,"T","F",0,1,"T","T","hawkc101","hubec101","T","T",0,0,0,0,0,0,0,0,0,"","","",0,0,0,0,0,0,0,0,0,0,0,0,0,"","F","F","F","F",0,0,0,0,0,0,0,0,0,0,F,F,"1925PHI.EVN.regular.event.csv",3353
"PHI192507180","CHN",4,1,0,0,0,"",0,1,"hawkc101","?","hawkc101","?","blaks101","?","blaks101","?","gonzm101","grimc101","adams101","freih101","marar101","weisb102","grigd101","grift102","wilsj105","","","43.1-2","F","F",3,6,2,"T","T",0,"F","F",1,"F","F",0,"F","F",4,"G","F","F","",0,0,"N",0,"N",0,"N",0,2,0,0,"43","","","","F","F","F","F","F","F","F","F","F","blaks101","","","F","F","F","F","F","","","","",0,3,0,0,4,0,0,0,0,31,"PHI","PHI","CHN",1,"F","F",1,0,0,14,1,"T","F",1,2,"T","T","hubec101","fribb101","T","T",2,5,30,0,0,0,0,0,0,"gonzm101","","",0,0,0,0,0,0,0,0,0,0,0,0,0,"adams101","F","F","F","F",0,0,0,0,0,0,0,0,0,0,F,F,"1925PHI.EVN.regular.event.csv",3354
"PHI192507180","CHN",4,1,1,0,0,"",0,1,"hubec101","?","hubec101","?","blaks101","?","blaks101","?","gonzm101","grimc101","adams101","freih101","marar101","weisb102","grigd101","grift102","","wilsj105","","FC1.2X3(1E5)","F","F",5,7,19,"T","T",0,"F","F",0,"F","F",0,"F","F",1,"G","F","F","",1,5,"D",0,"N",0,"N",1,0,3,0,"","","1E5","","F","F","F","F","F","F","F","F","F","","blaks101","","F","F","F","F","F","","","","",0,0,0,0,1,0,0,0,0,32,"PHI","PHI","CHN",1,"F","F",1,0,0,15,2,"T","F",2,5,"T","T","fribb101","decaa101","T","T",0,0,0,2,5,30,0,0,0,"","gonzm101","",0,0,0,0,0,0,0,0,0,0,0,0,0,"blaks101","F","F","F","F",0,0,0,0,0,0,0,0,0,0,F,F,"1925PHI.EVN.regular.event.csv",3355
"PHI192507180","CHN",4,1,1,0,0,"",0,1,"fribb101","?","fribb101","?","blaks101","?","blaks101","?","gonzm101","grimc101","adams101","freih101","marar101","weisb102","grigd101","grift102","hubec101","","wilsj105","OA.3X3(26E5);1-2","F","F",4,8,12,"F","F",0,"F","F",0,"F","F",0,"F","F",0,"","F","F","",1,5,"D",0,"N",0,"N",0,2,0,3,"","","","26E5","F","F","F","F","F","F","F","F","F","blaks101","","blaks101","F","F","F","F","F","","","","",0,0,0,0,2,6,0,0,0,33,"PHI","PHI","CHN",1,"F","F",1,0,0,16,3,"T","F",5,6,"T","T","decaa101","sandh101","T","T",5,7,32,0,0,0,2,5,30,"gonzm101","","gonzm101",0,0,0,0,0,0,0,0,0,0,0,0,0,"","F","F","F","F",0,0,0,0,0,0,0,0,0,0,F,F,"1925PHI.EVN.regular.event.csv",3356
"PHI192507180","CHN",4,1,1,0,0,"",0,1,"fribb101","?","fribb101","?","blaks101","?","blaks101","?","gonzm101","grimc101","adams101","freih101","marar101","weisb102","grigd101","grift102","","hubec101","wilsj105","IW","F","F",4,8,15,"T","F",0,"F","F",0,"F","F",0,"F","F",0,"","F","F","",0,0,"N",0,"N",0,"N",1,0,2,3,"","","","","F","F","F","F","F","F","F","F","F","","blaks101","blaks101","F","F","F","F","F","","","","",0,0,0,0,0,0,0,0,0,34,"PHI","PHI","CHN",1,"F","F",1,0,0,16,3,"F","F",6,7,"T","T","decaa101","sandh101","T","T",0,0,0,5,7,32,2,5,30,"","gonzm101","gonzm101",0,0,0,0,0,0,0,0,0,0,0,0,0,"","F","F","F","F",0,0,0,0,0,0,0,0,0,0,F,F,"1925PHI.EVN.regular.event.csv",3357
"PHI192507180","CHN",4,1,1,0,0,"",0,1,"decaa101","?","decaa101","?","blaks101","?","blaks101","?","gonzm101","grimc101","adams101","freih101","marar101","weisb102","grigd101","grift102","fribb101","hubec101","wilsj105","46(1)3/GDP/G4M","F","F",1,9,2,"T","T",0,"F","F",2,"T","F",0,"F","F",4,"G","F","F","4M",0,0,"N",0,"N",0,"N",0,0,2,3,"63","46","","","F","F","F","F","F","F","F","F","F","blaks101","blaks101","blaks101","F","F","F","F","F","","","","",0,6,3,0,4,6,0,0,0,35,"PHI","PHI","CHN",1,"F","T",1,0,0,17,4,"T","F",7,6,"T","T","sandh101","willc103","T","T",4,8,34,5,7,32,2,5,30,"gonzm101","gonzm101","gonzm101",0,0,0,0,0,0,0,0,0,0,0,0,0,"adams101","T","F","F","F",0,0,0,0,0,0,0,0,0,0,F,F,"1925PHI.EVN.regular.event.csv",3358
"PHI192507180","CHN",5,0,0,0,0,"",0,1,"weisb102","?","weisb102","?","decaa101","?","decaa101","?","wilsj105","hawkc101","fribb101","hubec101","sandh101","burng101","harpg101","willc103","","","","S7/7L","T","F",7,6,20,"T","T",1,"F","F",0,"F","F",0,"F","F",7,"","F","F","7L",0,0,"N",0,"N",0,"N",1,0,0,0,"","","","","F","F","F","F","F","F","F","F","F","","","","F","F","F","F","F","","","","",0,0,0,0,0,0,0,0,0,36,"PHI","CHN","PHI",0,"T","F",0,1,0,14,0,"T","F",0,1,"T","T","grimc101","gonzm101","T","T",0,0,0,0,0,0,0,0,0,"","","",0,0,0,0,0,0,0,0,0,0,0,0,0,"burng101","F","F","F","F",0,0,0,0,0,0,0,0,0,0,F,F,"1925PHI.EVN.regular.event.csv",3359
"PHI192507180","CHN",5,0,0,0,0,"",0,1,"grimc101","?","grimc101","?","decaa101","?","decaa101","?","wilsj105","hawkc101","fribb101","hubec101","sandh101","burng101","harpg101","willc103","weisb102","","","46(1)/FO","F","F",3,7,2,"T","T",0,"F","F",1,"F","F",0,"F","F",4,"G","F","F","",0,0,"N",0,"N",0,"N",1,0,0,0,"","46","","","F","F","F","F","F","F","F","F","F","decaa101","","","F","F","F","F","F","","","","",0,6,0,0,4,0,0,0,0,37,"PHI","CHN","PHI",0,"F","F",0,1,0,15,1,"T","F",1,1,"T","T","gonzm101","blaks101","T","T",7,6,36,0,0,0,0,0,0,"wilsj105","","",0,0,0,0,0,0,0,0,0,0,0,0,0,"fribb101","T","F","F","F",0,0,0,0,0,0,0,0,0,0,F,F,"1925PHI.EVN.regular.event.csv",3360
"PHI192507180","CHN",5,0,1,0,0,"",0,1,"gonzm101","?","gonzm101","?","decaa101","?","decaa101","?","wilsj105","hawkc101","fribb101","hubec101","sandh101","burng101","harpg101","willc103","grimc101","","","7/F","F","F",2,8,2,"T","T",0,"F","F",1,"F","F",0,"F","F",7,"F","F","F","",0,0,"N",0,"N",0,"N",0,1,0,0,"7","","","","F","F","F","F","F","F","F","F","F","decaa101","","","F","F","F","F","F","","","","",0,7,0,0,0,0,0,0,0,38,"PHI","CHN","PHI",0,"F","F",0,1,0,16,2,"T","F",1,1,"T","T","blaks101","adams101","T","T",3,7,37,0,0,0,0,0,0,"wilsj105","","",0,0,0,0,0,0,0,0,0,0,0,0,0,"burng101","F","F","F","F",0,0,0,0,0,0,0,0,0,0,F,F,"1925PHI.EVN.regular.event.csv",3361
"PHI192507180","CHN",5,0,2,0,0,"",0,1,"blaks101","?","blaks101","?","decaa101","?","decaa101","?","wilsj105","hawkc101","fribb101","hubec101","sandh101","burng101","harpg101","willc103","grimc101","","","5/FL","F","F",1,9,2,"T","T",0,"F","F",1,"F","F",0,"F","F",5,"F","F","T","",0,0,"N",0,"N",0,"N",0,1,0,0,"5","","","","F","F","F","F","F","F","F","F","F","decaa101","","","F","F","F","F","F","","","","",0,5,0,0,0,0,0,0,0,39,"PHI","CHN","PHI",0,"F","T",0,1,0,17,3,"T","F",1,1,"T","T","adams101","marar101","T","T",3,7,37,0,0,0,0,0,0,"wilsj105","","",0,0,0,0,0,0,0,0,0,0,0,0,0,"hubec101","F","F","F","F",0,0,0,0,0,0,0,0,0,0,F,F,"1925PHI.EVN.regular.event.csv",3362
"PHI192507180","CHN",5,1,0,0,0,"",0,1,"sandh101","?","sandh101","?","blaks101","?","blaks101","?","gonzm101","grimc101","adams101","freih101","marar101","weisb102","grigd101","grift102","","","","9/F","T","F",6,1,2,"T","T",0,"F","F",1,"F","F",0,"F","F",9,"F","F","F","",0,0,"N",0,"N",0,"N",0,0,0,0,"9","","","","F","F","F","F","F","F","F","F","F","","","","F","F","F","F","F","","","","",0,9,0,0,0,0,0,0,0,40,"PHI","PHI","CHN",1,"T","F",1,0,0,18,0,"T","F",0,0,"T","T","willc103","burng101","T","T",0,0,0,0,0,0,0,0,0,"","","",0,0,0,0,0,0,0,0,0,0,0,0,0,"grift102","F","F","F","F",0,0,0,0,0,0,0,0,0,0,F,F,"1925PHI.EVN.regular.event.csv",3363
"PHI192507180","CHN",5,1,1,0,0,"",0,1,"willc103","?","willc103","?","blaks101","?","blaks101","?","gonzm101","grimc101","adams101","freih101","marar101","weisb102","grigd101","grift102","","","","W","F","F",9,2,14,"T","F",0,"F","F",0,"F","F",0,"F","F",0,"","F","F","",0,0,"N",0,"N",0,"N",1,0,0,0,"","","","","F","F","F","F","F","F","F","F","F","","","","F","F","F","F","F","","","","",0,0,0,0,0,0,0,0,0,41,"PHI","PHI","CHN",1,"F","F",1,0,0,19,1,"T","F",0,1,"T","T","burng101","harpg101","T","T",0,0,0,0,0,0,0,0,0,"","","",0,0,0,0,0,0,0,0,0,0,0,0,0,"","F","F","F","F",0,0,0,0,0,0,0,0,0,0,F,F,"1925PHI.EVN.regular.event.csv",3364
"PHI192507180","CHN",5,1,1,0,0,"",0,1,"burng101","?","burng101","?","blaks101","?","blaks101","?","gonzm101","grimc101","adams101","freih101","marar101","weisb102","grigd101","grift102","willc103","","","SB2","F","F",7,3,4,"F","F",0,"F","F",0,"F","F",0,"F","F",0,"","F","F","",0,0,"N",0,"N",0,"N",0,2,0,0,"","","","","T","F","F","F","F","F","F","F","F","blaks101","","","F","F","F","F","F","","","","",0,0,0,0,0,0,0,0,0,42,"PHI","PHI","CHN",1,"F","F",1,0,0,20,2,"T","F",1,2,"T","T","harpg101","wilsj105","T","T",9,2,41,0,0,0,0,0,0,"gonzm101","","",0,0,0,0,0,0,0,0,0,0,0,0,0,"","F","F","F","F",0,0,0,0,0,0,0,0,0,0,F,F,"1925PHI.EVN.regular.event.csv",3365
"PHI192507180","CHN",5,1,1,0,0,"",0,1,"burng101","?","burng101","?","blaks101","?","blaks101","?","gonzm101","grimc101","adams101","freih101","marar101","weisb102","grigd101","grift102","","willc103","","K","F","F",7,3,3,"T","T",0,"F","F",1,"F","F",0,"F","F",0,"","F","F","",0,0,"N",0,"N",0,"N",0,0,2,0,"2","","","","F","F","F","F","F","F","F","F","F","","blaks101","","F","F","F","F","F","","","","",0,2,0,0,0,0,0,0,0,43,"PHI","PHI","CHN",1,"F","F",1,0,0,20,2,"F","F",2,2,"T","T","harpg101","wilsj105","T","T",0,0,0,9,2,41,0,0,0,"","gonzm101","",0,0,0,0,0,0,0,0,0,0,0,0,0,"","F","F","F","F",0,0,0,0,0,0,0,0,0,0,F,F,"1925PHI.EVN.regular.event.csv",3366
"PHI192507180","CHN",5,1,2,0,0,"",0,1,"harpg101","?","harpg101","?","blaks101","?","blaks101","?","gonzm101","grimc101","adams101","freih101","marar101","weisb102","grigd101","grift102","","willc103","","6/P","F","F",8,4,2,"T","T",0,"F","F",1,"F","F",0,"F","F",6,"P","F","F","",0,0,"N",0,"N",0,"N",0,0,2,0,"6","","","","F","F","F","F","F","F","F","F","F","","blaks101","","F","F","F","F","F","","","","",0,6,0,0,0,0,0,0,0,44,"PHI","PHI","CHN",1,"F","T",1,0,0,21,3,"T","F",2,2,"T","T","wilsj105","hawkc101","T","T",0,0,0,9,2,41,0,0,0,"","gonzm101","",0,0,0,0,0,0,0,0,0,0,0,0,0,"marar101","F","F","F","F",0,0,0,0,0,0,0,0,0,0,F,F,"1925PHI.EVN.regular.event.csv",3367
"PHI192507180","CHN",6,0,0,0,0,"",0,1,"adams101","?","adams101","?","decaa101","?","decaa101","?","wilsj105","hawkc101","fribb101","hubec101","sandh101","burng101","harpg101","willc103","","","","7/F","T","F",4,1,2,"T","T",0,"F","F",1,"F","F",0,"F","F",7,"F","F","F","",0,0,"N",0,"N",0,"N",0,0,0,0,"7","","","","F","F","F","F","F","F","F","F","F","","","","F","F","F","F","F","","","","",0,7,0,0,0,0,0,0,0,45,"PHI","CHN","PHI",0,"T","F",0,1,0,18,0,"T","F",0,0,"T","T","marar101","freih101","T","T",0,0,0,0,0,0,0,0,0,"","","",0,0,0,0,0,0,0,0,0,0,0,0,0,"burng101","F","F","F","F",0,0,0,0,0,0,0,0,0,0,F,F,"1925PHI.EVN.regular.event.csv",3368
"PHI192507180","CHN",6,0,1,0,0,"",0,1,"marar101","?","marar101","?","decaa101","?","decaa101","?","wilsj105","hawkc101","fribb101","hubec101","sandh101","burng101","harpg101","willc103","","","","9/F","F","F",6,2,2,"T","T",0,"F","F",1,"F","F",0,"F","F",9,"F","F","F","",0,0,"N",0,"N",0,"N",0,0,0,0,"9","","","","F","F","F","F","F","F","F","F","F","","","","F","F","F","F","F","","","","",0,9,0,0,0,0,0,0,0,46,"PHI","CHN","PHI",0,"F","F",0,1,0,19,1,"T","F",0,0,"T","T","freih101","grigd101","T","T",0,0,0,0,0,0,0,0,0,"","","",0,0,0,0,0,0,0,0,0,0,0,0,0,"willc103","F","F","F","F",0,0,0,0,0,0,0,0,0,0,F,F,"1925PHI.EVN.regular.event.csv",3369
"PHI192507180","CHN",6,0,2,0,0,"",0,1,"freih101","?","freih101","?","decaa101","?","decaa101","?","wilsj105","hawkc101","fribb101","hubec101","sandh101","burng101","harpg101","willc103","","","","8/L","F","F",5,3,2,"T","T",0,"F","F",1,"F","F",0,"F","F",8,"L","F","F","",0,0,"N",0,"N",0,"N",0,0,0,0,"8","","","","F","F","F","F","F","F","F","F","F","","","","F","F","F","F","F","","","","",0,8,0,0,0,0,0,0,0,47,"PHI","CHN","PHI",0,"F","T",0,1,0,20,2,"T","F",0,0,"T","T","grigd101","grift102","T","T",0,0,0,0,0,0,0,0,0,"","","",0,0,0,0,0,0,0,0,0,0,0,0,0,"harpg101","F","F","F","F",0,0,0,0,0,0,0,0,0,0,F,F,"1925PHI.EVN.regular.event.csv",3370
"PHI192507180","CHN",6,1,0,0,0,"",0,1,"wilsj105","?","wilsj105","?","blaks101","?","blaks101","?","gonzm101","grimc101","adams101","freih101","marar101","weisb102","grigd101","grift102","","","","S8","T","F",2,5,20,"T","T",1,"F","F",0,"F","F",0,"F","F",8,"","F","F","",0,0,"N",0,"N",0,"N",1,0,0,0,"","","","","F","F","F","F","F","F","F","F","F","","","","F","F","F","F","F","","","","",0,0,0,0,0,0,0,0,0,48,"PHI","PHI","CHN",1,"T","F",1,0,0,22,0,"T","F",0,1,"T","T","hawkc101","hubec101","T","T",0,0,0,0,0,0,0,0,0,"","","",0,0,0,0,0,0,0,0,0,0,0,0,0,"grigd101","F","F","F","F",5,0,0,0,1,0,0,0,0,0,F,F,"1925PHI.EVN.regular.event.csv",3371
"PHI192507180","CHN",6,1,0,0,0,"",0,1,"hawkc101","?","hawkc101","?","blaks101","?","blaks101","?","gonzm101","grimc101","adams101","freih101","marar101","weisb102","grigd101","grift102","wilsj105","","","FC5/SH.1-2","F","F",3,6,19,"T","F",0,"T","F",0,"F","F",0,"F","F",5,"G","T","F","",0,0,"N",0,"N",0,"N",1,2,0,0,"","","","","F","F","F","F","F","F","F","F","F","blaks101","","","F","F","F","F","F","","","","",0,0,0,0,0,0,0,0,0,49,"PHI","PHI","CHN",1,"F","F",1,0,0,23,1,"T","F",1,3,"T","T","hubec101","fribb101","T","T",2,5,48,0,0,0,0,0,0,"gonzm101","","",0,0,0,0,0,0,0,0,0,0,0,0,0,"freih101","F","F","F","F",0,5,0,0,1,0,0,0,0,0,F,F,"1925PHI.EVN.regular.event.csv",3372
"PHI192507180","CHN",6,1,0,0,0,"",0,1,"hubec101","?","hubec101","?","blaks101","?","blaks101","?","gonzm101","grimc101","adams101","freih101","marar101","weisb102","grigd101","grift102","hawkc101","wilsj105","","K","F","F",5,7,3,"T","T",0,"F","F",1,"F","F",0,"F","F",0,"","F","F","",0,0,"N",0,"N",0,"N",0,1,2,0,"2","","","","F","F","F","F","F","F","F","F","F","blaks101","blaks101","","F","F","F","F","F","","","","",0,2,0,0,0,0,0,0,0,50,"PHI","PHI","CHN",1,"F","F",1,0,0,24,2,"T","F",3,3,"T","T","fribb101","decaa101","T","T",3,6,49,2,5,48,0,0,0,"gonzm101","gonzm101","",0,0,0,0,0,0,0,0,0,0,0,0,0,"","F","F","F","F",0,0,5,0,1,0,0,0,0,0,F,F,"1925PHI.EVN.regular.event.csv",3373
"PHI192507180","CHN",6,1,1,0,0,"",0,1,"fribb101","?","fribb101","?","blaks101","?","blaks101","?","gonzm101","grimc101","adams101","freih101","marar101","weisb102","grigd101","grift102","hawkc101","wilsj105","","7/F7DW.2-H(E7/THH)(NR)(UR);1-3","F","F",4,8,2,"T","T",0,"F","F",1,"F","F",0,"F","F",7,"F","F","F","7DW",1,7,"T",0,"N",0,"N",0,3,5,0,"7","","","","F","F","F","F","F","F","F","F","F","blaks101","blaks101","","F","F","F","F","F","","","","",0,7,0,0,0,0,0,0,0,51,"PHI","PHI","CHN",1,"F","F",1,0,0,25,3,"T","F",3,4,"T","T","decaa101","sandh101","T","T",3,6,49,2,5,48,0,0,0,"gonzm101","gonzm101","",0,0,0,0,0,0,0,0,0,0,0,0,1,"weisb102","F","F","F","F",0,0,5,0,0,0,0,0,0,0,F,F,"1925PHI.EVN.regular.event.csv",3374
"PHI192507180","CHN",6,1,2,0,0,"",0,2,"decaa101","?","decaa101","?","blaks101","?","blaks101","?","gonzm101","grimc101","adams101","freih101","marar101","weisb102","grigd101","grift102","","","hawkc101","W","F","F",1,9,14,"T","F",0,"F","F",0,"F","F",0,"F","F",0,"","F","F","",0,0,"N",0,"N",0,"N",1,0,0,3,"","","","","F","F","F","F","F","F","F","F","F","","","blaks101","F","F","F","F","F","","","","",0,0,0,0,0,0,0,0,0,52,"PHI","PHI","CHN",1,"F","F",2,0,1,26,4,"T","F",4,5,"T","T","sandh101","willc103","T","T",0,0,0,0,0,0,3,6,49,"","","gonzm101",0,0,0,0,0,0,0,0,0,0,0,0,0,"","F","F","F","F",0,0,0,0,0,0,0,0,0,0,F,F,"1925PHI.EVN.regular.event.csv",3375
"PHI192507180","CHN",6,1,2,0,0,"",0,2,"sandh101","?","sandh101","?","blaks101","?","blaks101","?","gonzm101","grimc101","adams101","freih101","marar101","weisb102","grigd101","grift102","decaa101","","hawkc101","SB2","F","F",6,1,4,"F","F",0,"F","F",0,"F","F",0,"F","F",0,"","F","F","",0,0,"N",0,"N",0,"N",0,2,0,3,"","","","","T","F","F","F","F","F","F","F","F","blaks101","","blaks101","F","F","F","F","F","","","","",0,0,0,0,0,0,0,0,0,53,"PHI","PHI","CHN",1,"F","F",2,0,1,27,5,"T","F",5,6,"T","T","willc103","burng101","T","T",1,9,52,0,0,0,3,6,49,"gonzm101","","gonzm101",0,0,0,0,0,0,0,0,0,0,0,0,0,"","F","F","F","F",0,0,0,0,0,0,0,0,0,0,F,F,"1925PHI.EVN.regular.event.csv",3376
"PHI192507180","CHN",6,1,2,0,0,"",0,2,"sandh101","?","sandh101","?","blaks101","?","blaks101","?","gonzm101","grimc101","adams101","freih101","marar101","weisb102","grigd101","grift102","","decaa101","hawkc101","K/C","F","F",6,1,3,"T","T",0,"F","F",1,"F","F",0,"F","F",0,"","F","F","",0,0,"N",0,"N",0,"N",0,0,2,3,"2","","","","F","F","F","F","F","F","F","F","F","","blaks101","blaks101","F","F","F","F","F","","","","",0,2,0,0,0,0,0,0,0,54,"PHI","PHI","CHN",1,"F","T",2,0,1,27,5,"F","F",6,6,"T","T","willc103","burng101","T","T",0,0,0,1,9,52,3,6,49,"","gonzm101","gonzm101",0,0,0,0,0,0,0,0,0,0,0,0,0,"","F","F","F","F",0,0,0,0,0,0,0,0,0,0,F,F,"1925PHI.EVN.regular.event.csv",3377
"PHI192507180","CHN",7,0,0,0,0,"",0,2,"grigd101","?","grigd101","?","decaa101","?","decaa101","?","wilsj105","hawkc101","fribb101","hubec101","sandh101","burng101","harpg101","willc103","","","","S4/G","T","F",8,4,20,"T","T",1,"F","F",0,"F","F",0,"F","F",4,"G","F","F","",0,0,"N",0,"N",0,"N",1,0,0,0,"","","","","F","F","F","F","F","F","F","F","F","","","","F","F","F","F","F","","","","",0,0,0,0,0,0,0,0,0,55,"PHI","CHN","PHI",0,"T","F",0,2,0,21,0,"T","F",0,1,"T","T","grift102","weisb102","T","T",0,0,0,0,0,0,0,0,0,"","","",0,0,0,0,0,0,0,0,0,0,0,0,0,"fribb101","F","F","F","F",0,0,0,0,1,0,0,0,0,0,F,F,"1925PHI.EVN.regular.event.csv",3378
"PHI192507180","CHN",7,0,0,0,0,"",0,2,"grift102","?","grift102","?","decaa101","?","decaa101","?","wilsj105","hawkc101","fribb101","hubec101","sandh101","burng101","harpg101","willc103","grigd101","","","46(1)/FO.B-2(E6/TH1)","F","F",9,5,2,"T","T",0,"F","F",1,"F","F",0,"F","F",4,"G","F","F","",1,6,"T",0,"N",0,"N",2,0,0,0,"","46","","","F","F","F","F","F","F","F","F","F","decaa101","","","F","F","F","F","F","","","","",0,6,0,0,4,0,0,0,0,56,"PHI","CHN","PHI",0,"F","F",0,2,0,22,1,"T","F",1,2,"T","T","weisb102","grimc101","T","T",8,4,55,0,0,0,0,0,0,"wilsj105","","",0,0,0,0,0,0,0,0,0,0,0,0,0,"fribb101","T","F","F","F",5,0,0,0,1,0,0,0,0,0,F,F,"1925PHI.EVN.regular.event.csv",3379
"PHI192507180","CHN",7,0,1,0,0,"",0,2,"weisb102","?","weisb102","?","decaa101","?","decaa101","?","wilsj105","hawkc101","fribb101","hubec101","sandh101","burng101","harpg101","willc103","","grift102","","D7.2-H(UR)","F","F",7,6,21,"T","T",2,"F","F",0,"F","F",1,"F","F",7,"","F","F","",0,0,"N",0,"N",0,"N",2,0,5,0,"","","","","F","F","F","F","F","F","F","F","F","","decaa101","","F","F","F","F","F","","","","",0,0,0,0,0,0,0,0,0,57,"PHI","CHN","PHI",0,"F","F",0,2,0,23,2,"T","F",2,2,"T","T","grimc101","gonzm101","T","T",0,0,0,9,5,56,0,0,0,"","wilsj105","",0,0,0,0,0,0,0,0,0,0,0,0,1,"burng101","F","F","F","F",0,0,5,0,0,0,0,0,0,0,F,F,"1925PHI.EVN.regular.event.csv",3380
"PHI192507180","CHN",7,0,1,0,0,"",1,2,"grimc101","?","grimc101","?","decaa101","?","decaa101","?","wilsj105","hawkc101","fribb101","hubec101","sandh101","burng101","harpg101","willc103","","weisb102","","FC1.2X3(165)","F","F",3,7,19,"T","T",0,"F","F",1,"F","F",0,"F","F",1,"G","F","F","",0,0,"N",0,"N",0,"N",1,0,0,0,"","","165","","F","F","F","F","F","F","F","F","F","","decaa101","","F","F","F","F","F","","","","",0,5,0,0,1,6,0,0,0,58,"PHI","CHN","PHI",0,"F","F",1,2,1,24,3,"T","F",2,1,"T","T","gonzm101","blaks101","T","T",0,0,0,7,6,57,0,0,0,"","wilsj105","",0,0,0,0,0,0,0,0,0,0,0,0,0,"decaa101","F","F","F","F",0,0,0,0,0,0,0,0,0,0,F,F,"1925PHI.EVN.regular.event.csv",3381
"PHI192507180","CHN",7,0,2,0,0,"",1,2,"gonzm101","?","gonzm101","?","decaa101","?","decaa101","?","wilsj105","hawkc101","fribb101","hubec101","sandh101","burng101","harpg101","willc103","grimc101","","","K","F","F",2,8,3,"T","T",0,"F","F",1,"F","F",0,"F","F",0,"","F","F","",0,0,"N",0,"N",0,"N",0,1,0,0,"2","","","","F","F","F","F","F","F","F","F","F","decaa101","","","F","F","F","F","F","","","","",0,2,0,0,0,0,0,0,0,59,"PHI","CHN","PHI",0,"F","T",1,2,1,25,4,"T","F",1,1,"T","T","blaks101","adams101","T","T",3,7,58,0,0,0,0,0,0,"wilsj105","","",0,0,0,0,0,0,0,0,0,0,0,0,0,"","F","F","F","F",0,0,0,0,0,0,0,0,0,0,F,F,"1925PHI.EVN.regular.event.csv",3382
"PHI192507180","CHN",7,1,0,0,0,"",1,2,"willc103","?","willc103","?","blaks101","?","blaks101","?","gonzm101","grimc101","adams101","freih101","marar101","weisb102","grigd101","grift102","","","","43","T","F",9,2,2,"T","T",0,"F","F",1,"F","F",0,"F","F",4,"G","F","F","",0,0,"N",0,"N",0,"N",0,0,0,0,"43","","","","F","F","F","F","F","F","F","F","F","","","","F","F","F","F","F","","","","",0,3,0,0,4,0,0,0,0,60,"PHI","PHI","CHN",1,"T","F",2,1,0,28,0,"T","F",0,0,"T","T","burng101","harpg101","T","T",0,0,0,0,0,0,0,0,0,"","","",0,0,0,0,0,0,0,0,0,0,0,0,0,"adams101","F","F","F","F",0,0,0,0,0,0,0,0,0,0,F,F,"1925PHI.EVN.regular.event.csv",3383
"PHI192507180","CHN",7,1,1,0,0,"",1,2,"burng101","?","burng101","?","blaks101","?","blaks101","?","gonzm101","grimc101","adams101","freih101","marar101","weisb102","grigd101","grift102","","","","S7","F","F",7,3,20,"T","T",1,"F","F",0,"F","F",0,"F","F",7,"","F","F","",0,0,"N",0,"N",0,"N",1,0,0,0,"","","","","F","F","F","F","F","F","F","F","F","","","","F","F","F","F","F","","","","",0,0,0,0,0,0,0,0,0,61,"PHI","PHI","CHN",1,"F","F",2,1,0,29,1,"T","F",0,1,"T","T","harpg101","wilsj105","T","T",0,0,0,0,0,0,0,0,0,"","","",0,0,0,0,0,0,0,0,0,0,0,0,0,"weisb102","F","F","F","F",0,0,0,0,0,0,0,0,0,0,F,F,"1925PHI.EVN.regular.event.csv",3384
"PHI192507180","CHN",7,1,1,0,0,"",1,2,"harpg101","?","harpg101","?","blaks101","?","blaks101","?","gonzm101","grimc101","adams101","freih101","marar101","weisb102","grigd101","grift102","burng101","","","64(1)/FO","F","F",8,4,2,"T","T",0,"F","F",1,"F","F",0,"F","F",6,"G","F","F","",0,0,"N",0,"N",0,"N",1,0,0,0,"","64","","","F","F","F","F","F","F","F","F","F","blaks101","","","F","F","F","F","F","","","","",0,4,0,0,6,0,0,0,0,62,"PHI","PHI","CHN",1,"F","F",2,1,0,30,2,"T","F",1,1,"T","T","wilsj105","hawkc101","T","T",7,3,61,0,0,0,0,0,0,"gonzm101","","",0,0,0,0,0,0,0,0,0,0,0,0,0,"marar101","T","F","F","F",0,0,0,0,0,0,0,0,0,0,F,F,"1925PHI.EVN.regular.event.csv",3385
"PHI192507180","CHN",7,1,2,0,0,"",1,2,"wilsj105","?","wilsj105","?","blaks101","?","blaks101","?","gonzm101","grimc101","adams101","freih101","marar101","weisb102","grigd101","grift102","harpg101","","","53","F","F",2,5,2,"T","T",0,"F","F",1,"F","F",0,"F","F",5,"G","F","F","",0,0,"N",0,"N",0,"N",0,1,0,0,"53","","","","F","F","F","F","F","F","F","F","F","blaks101","","","F","F","F","F","F","","","","",0,3,0,0,5,0,0,0,0,63,"PHI","PHI","CHN",1,"F","T",2,1,0,31,3,"T","F",1,1,"T","T","hawkc101","hubec101","T","T",8,4,62,0,0,0,0,0,0,"gonzm101","","",0,0,0,0,0,0,0,0,0,0,0,0,0,"freih101","F","F","F","F",0,0,0,0,0,0,0,0,0,0,F,F,"1925PHI.EVN.regular.event.csv",3386
"PHI192507180","CHN",8,0,0,0,0,"",1,2,"blaks101","?","blaks101","?","decaa101","?","decaa101","?","wilsj105","hawkc101","fribb101","hubec101","sandh101","burng101","harpg101","willc103","","","","8/F","T","F",1,9,2,"T","T",0,"F","F",1,"F","F",0,"F","F",8,"F","F","F","",0,0,"N",0,"N",0,"N",0,0,0,0,"8","","","","F","F","F","F","F","F","F","F","F","","","","F","F","F","F","F","","","","",0,8,0,0,0,0,0,0,0,64,"PHI","CHN","PHI",0,"T","F",1,2,0,26,0,"T","F",0,0,"T","T","adams101","marar101","T","T",0,0,0,0,0,0,0,0,0,"","","",0,0,0,0,0,0,0,0,0,0,0,0,0,"harpg101","F","F","F","F",0,0,0,0,0,0,0,0,0,0,F,F,"1925PHI.EVN.regular.event.csv",3387
"PHI192507180","CHN",8,0,1,0,0,"",1,2,"adams101","?","adams101","?","decaa101","?","decaa101","?","wilsj105","hawkc101","fribb101","hubec101","sandh101","burng101","harpg101","willc103","","","","K","F","F",4,1,3,"T","T",0,"F","F",1,"F","F",0,"F","F",0,"","F","F","",0,0,"N",0,"N",0,"N",0,0,0,0,"2","","","","F","F","F","F","F","F","F","F","F","","","","F","F","F","F","F","","","","",0,2,0,0,0,0,0,0,0,65,"PHI","CHN","PHI",0,"F","F",1,2,0,27,1,"T","F",0,0,"T","T","marar101","freih101","T","T",0,0,0,0,0,0,0,0,0,"","","",0,0,0,0,0,0,0,0,0,0,0,0,0,"","F","F","F","F",0,0,0,0,0,0,0,0,0,0,F,F,"1925PHI.EVN.regular.event.csv",3388
"PHI192507180","CHN",8,0,2,0,0,"",1,2,"marar101","?","marar101","?","decaa101","?","decaa101","?","wilsj105","hawkc101","fribb101","hubec101","sandh101","burng101","harpg101","willc103","","","","FLE3","F","F",6,2,13,"F","F",0,"F","F",0,"F","F",0,"F","F",3,"P","F","T","",1,3,"F",0,"N",0,"N",0,0,0,0,"","","","","F","F","F","F","F","F","F","F","F","","","","F","F","F","F","F","","","","",0,0,0,0,0,0,0,0,0,66,"PHI","CHN","PHI",0,"F","F",1,2,0,28,2,"T","F",0,0,"T","T","freih101","grigd101","T","T",0,0,0,0,0,0,0,0,0,"","","",0,0,0,0,0,0,0,0,0,0,0,0,0,"hawkc101","F","F","F","F",0,0,0,0,0,0,0,0,0,0,F,F,"1925PHI.EVN.regular.event.csv",3389
"PHI192507180","CHN",8,0,2,0,0,"",1,2,"marar101","?","marar101","?","decaa101","?","decaa101","?","wilsj105","hawkc101","fribb101","hubec101","sandh101","burng101","harpg101","willc103","","","","63","F","F",6,2,2,"T","T",0,"F","F",1,"F","F",0,"F","F",6,"G","F","F","",0,0,"N",0,"N",0,"N",0,0,0,0,"63","","","","F","F","F","F","F","F","F","F","F","","","","F","F","F","F","F","","","","",0,3,0,0,6,0,0,0,0,67,"PHI","CHN","PHI",0,"F","T",1,2,0,28,2,"F","F",0,0,"T","T","freih101","grigd101","T","T",0,0,0,0,0,0,0,0,0,"","","",0,0,0,0,0,0,0,0,0,0,0,0,0,"sandh101","F","F","F","F",0,0,0,0,0,0,0,0,0,0,F,F,"1925PHI.EVN.regular.event.csv",3390
"PHI192507180","CHN",8,1,0,0,0,"",1,2,"hawkc101","?","hawkc101","?","blaks101","?","blaks101","?","gonzm101","grimc101","adams101","freih101","marar101","weisb102","grigd101","grift102","","","","K","T","F",3,6,3,"T","T",0,"F","F",1,"F","F",0,"F","F",0,"","F","F","",0,0,"N",0,"N",0,"N",0,0,0,0,"2","","","","F","F","F","F","F","F","F","F","F","","","","F","F","F","F","F","","","","",0,2,0,0,0,0,0,0,0,68,"PHI","PHI","CHN",1,"T","F",2,1,0,32,0,"T","F",0,0,"T","T","hubec101","fribb101","T","T",0,0,0,0,0,0,0,0,0,"","","",0,0,0,0,0,0,0,0,0,0,0,0,0,"","F","F","F","F",0,0,0,0,0,0,0,0,0,0,F,F,"1925PHI.EVN.regular.event.csv",3391
"PHI192507180","CHN",8,1,1,0,0,"",1,2,"hubec101","?","hubec101","?","blaks101","?","blaks101","?","gonzm101","grimc101","adams101","freih101","marar101","weisb102","grigd101","grift102","","","","K23","F","F",5,7,3,"T","T",0,"F","F",1,"F","F",0,"F","F",0,"","F","F","",0,0,"N",0,"N",0,"N",0,0,0,0,"23","","","","F","F","F","F","F","F","F","F","F","","","","F","F","F","F","F","","","","",0,3,0,0,2,0,0,0,0,69,"PHI","PHI","CHN",1,"F","F",2,1,0,33,1,"T","F",0,0,"T","T","fribb101","decaa101","T","T",0,0,0,0,0,0,0,0,0,"","","",0,0,0,0,0,0,0,0,0,0,0,0,0,"","F","F","F","F",0,0,0,0,0,0,0,0,0,0,F,F,"1925PHI.EVN.regular.event.csv",3392
"PHI192507180","CHN",8,1,2,0,0,"",1,2,"fribb101","?","fribb101","?","blaks101","?","blaks101","?","gonzm101","grimc101","adams101","freih101","marar101","weisb102","grigd101","grift102","","","","W","F","F",4,8,14,"T","F",0,"F","F",0,"F","F",0,"F","F",0,"","F","F","",0,0,"N",0,"N",0,"N",1,0,0,0,"","","","","F","F","F","F","F","F","F","F","F","","","","F","F","F","F","F","","","","",0,0,0,0,0,0,0,0,0,70,"PHI","PHI","CHN",1,"F","F",2,1,0,34,2,"T","F",0,1,"T","T","decaa101","sandh101","T","T",0,0,0,0,0,0,0,0,0,"","","",0,0,0,0,0,0,0,0,0,0,0,0,0,"","F","F","F","F",0,0,0,0,0,0,0,0,0,0,F,F,"1925PHI.EVN.regular.event.csv",3393
"PHI192507180","CHN",8,1,2,0,0,"",1,2,"decaa101","?","decaa101","?","blaks101","?","blaks101","?","gonzm101","grimc101","adams101","freih101","marar101","weisb102","grigd101","grift102","fribb101","","","K","F","F",1,9,3,"T","T",0,"F","F",1,"F","F",0,"F","F",0,"","F","F","",0,0,"N",0,"N",0,"N",0,1,0,0,"2","","","","F","F","F","F","F","F","F","F","F","blaks101","","","F","F","F","F","F","","","","",0,2,0,0,0,0,0,0,0,71,"PHI","PHI","CHN",1,"F","T",2,1,0,35,3,"T","F",1,1,"T","T","sandh101","willc103","T","T",4,8,70,0,0,0,0,0,0,"gonzm101","","",0,0,0,0,0,0,0,0,0,0,0,0,0,"","F","F","F","F",0,0,0,0,0,0,0,0,0,0,F,F,"1925PHI.EVN.regular.event.csv",3394
"PHI192507180","CHN",9,0,0,0,0,"",1,2,"freih101","?","freih101","?","decaa101","?","decaa101","?","wilsj105","hawkc101","fribb101","hubec101","sandh101","burng101","harpg101","willc103","","","","S7","T","F",5,3,20,"T","T",1,"F","F",0,"F","F",0,"F","F",7,"","F","F","",0,0,"N",0,"N",0,"N",1,0,0,0,"","","","","F","F","F","F","F","F","F","F","F","","","","F","F","F","F","F","","","","",0,0,0,0,0,0,0,0,0,72,"PHI","CHN","PHI",0,"T","F",1,2,0,29,0,"T","F",0,1,"T","T","grigd101","grift102","T","T",0,0,0,0,0,0,0,0,0,"","","",0,0,0,0,0,0,0,0,0,0,0,0,0,"burng101","F","F","F","F",4,0,0,0,1,0,0,0,0,0,F,F,"1925PHI.EVN.regular.event.csv",3395
"PHI192507180","CHN",9,0,0,0,0,"",1,2,"grigd101","?","grigd101","?","decaa101","?","decaa101","?","wilsj105","hawkc101","fribb101","hubec101","sandh101","burng101","harpg101","willc103","freih101","","","S9.1-3","F","F",8,4,20,"T","T",1,"F","F",0,"F","F",0,"F","F",9,"","F","F","",0,0,"N",0,"N",0,"N",1,3,0,0,"","","","","F","F","F","F","F","F","F","F","F","decaa101","","","F","F","F","F","F","","","","",0,0,0,0,0,0,0,0,0,73,"PHI","CHN","PHI",0,"F","F",1,2,0,30,1,"T","F",1,5,"T","T","grift102","weisb102","T","T",5,3,72,0,0,0,0,0,0,"wilsj105","","",0,0,0,0,0,0,0,0,0,0,0,0,0,"willc103","F","F","F","F",0,4,0,0,1,0,0,0,0,0,F,F,"1925PHI.EVN.regular.event.csv",3396
"PHI192507180","CHN",9,0,0,0,0,"",1,2,"grift102","?","grift102","?","decaa101","?","decaa101","?","wilsj105","hawkc101","fribb101","hubec101","sandh101","burng101","harpg101","willc103","grigd101","","freih101","8/F8/SF.3-H","F","F",9,5,2,"T","F",0,"F","T",1,"F","F",1,"F","F",8,"F","F","F","8",0,0,"N",0,"N",0,"N",0,1,0,4,"8","","","","F","F","F","F","F","F","F","F","F","decaa101","","decaa101","F","F","F","F","F","","","","",0,8,0,0,0,0,0,0,0,74,"PHI","CHN","PHI",0,"F","F",1,2,0,31,2,"T","F",5,1,"T","T","weisb102","grimc101","T","T",8,4,73,0,0,0,5,3,72,"wilsj105","","wilsj105",0,0,0,0,0,0,0,0,0,0,0,0,1,"harpg101","F","F","F","F",0,0,0,4,0,0,0,0,0,0,F,F,"1925PHI.EVN.regular.event.csv",3397
"PHI192507180","CHN",9,0,1,0,0,"",2,2,"weisb102","?","weisb102","?","decaa101","?","decaa101","?","wilsj105","hawkc101","fribb101","hubec101","sandh101","burng101","harpg101","willc103","grigd101","","","S7.1-2","F","F",7,6,20,"T","T",1,"F","F",0,"F","F",0,"F","F",7,"","F","F","",0,0,"N",0,"N",0,"N",1,2,0,0,"","","","","F","F","F","F","F","F","F","F","F","decaa101","","","F","F","F","F","F","","","","",0,0,0,0,0,0,0,0,0,75,"PHI","CHN","PHI",0,"F","F",2,2,1,32,3,"T","F",1,3,"T","T","grimc101","gonzm101","T","T",8,4,73,0,0,0,0,0,0,"wilsj105","","",0,0,0,0,0,0,0,0,0,0,0,0,0,"burng101","F","F","F","F",0,0,0,0,0,0,0,0,0,0,F,F,"1925PHI.EVN.regular.event.csv",3398
"PHI192507180","CHN",9,0,1,0,0,"",2,2,"grimc101","?","grimc101","?","decaa101","?","decaa101","?","wilsj105","hawkc101","fribb101","hubec101","sandh101","burng101","harpg101","willc103","weisb102","grigd101","","7/F","F","F",3,7,2,"T","T",0,"F","F",1,"F","F",0,"F","F",7,"F","F","F","",0,0,"N",0,"N",0,"N",0,1,2,0,"7","","","","F","F","F","F","F","F","F","F","F","decaa101","decaa101","","F","F","F","F","F","","","","",0,7,0,0,0,0,0,0,0,76,"PHI","CHN","PHI",0,"F","F",2,2,1,33,4,"T","F",3,3,"T","T","gonzm101","blaks101","T","T",7,6,75,8,4,73,0,0,0,"wilsj105","wilsj105","",0,0,0,0,0,0,0,0,0,0,0,0,0,"burng101","F","F","F","F",0,0,0,0,0,0,0,0,0,0,F,F,"1925PHI.EVN.regular.event.csv",3399
"PHI192507180","CHN",9,0,2,0,0,"",2,2,"gonzm101","?","gonzm101","?","decaa101","?","decaa101","?","wilsj105","hawkc101","fribb101","hubec101","sandh101","burng101","harpg101","willc103","weisb102","grigd101","","13","F","F",2,8,2,"T","T",0,"F","F",1,"F","F",0,"F","F",1,"G","F","F","",0,0,"N",0,"N",0,"N",0,1,2,0,"13","","","","F","F","F","F","F","F","F","F","F","decaa101","decaa101","","F","F","F","F","F","","","","",0,3,0,0,1,0,0,0,0,77,"PHI","CHN","PHI",0,"F","T",2,2,1,34,5,"T","F",3,3,"T","T","blaks101","adams101","T","T",7,6,75,8,4,73,0,0,0,"wilsj105","wilsj105","",0,0,0,0,0,0,0,0,0,0,0,0,0,"decaa101","F","F","F","F",0,0,0,0,0,0,0,0,0,0,F,F,"1925PHI.EVN.regular.event.csv",3400
"PHI192507180","CHN",9,1,0,0,0,"X",2,2,"sandh101","?","sandh101","?","blaks101","?","blaks101","?","gonzm101","grimc101","adams101","freih101","marar101","weisb102","grigd101","grift102","","","","8/F8XD","T","F",6,1,2,"T","T",0,"F","F",1,"F","F",0,"F","F",8,"F","F","F","8XD",0,0,"N",0,"N",0,"N",0,0,0,0,"8","","","","F","F","F","F","F","F","F","F","F","","","","F","F","F","F","F","","","","",0,8,0,0,0,0,0,0,0,78,"PHI","PHI","CHN",1,"T","F",2,2,0,36,0,"T","F",0,0,"T","T","willc103","burng101","T","T",0,0,0,0,0,0,0,0,0,"","","",0,0,0,0,0,0,1,0,0,0,1,0,0,"grigd101","F","F","F","F",0,0,0,0,0,0,0,0,0,0,F,F,"1925PHI.EVN.regular.event.csv",3401
"PHI192507180","CHN",9,1,1,0,0,"",2,2,"willc103","?","willc103","?","blaks101","?","blaks101","?","gonzm101","grimc101","adams101","freih101","marar101","weisb102","grigd101","grift102","","","","K","F","F",9,2,3,"T","T",0,"F","F",1,"F","F",0,"F","F",0,"","F","F","",0,0,"N",0,"N",0,"N",0,0,0,0,"2","","","","F","F","F","F","F","F","F","F","F","","","","F","F","F","F","F","","","","",0,2,0,0,0,0,0,0,0,79,"PHI","PHI","CHN",1,"F","F",2,2,0,37,1,"T","F",0,0,"T","T","burng101","harpg101","T","T",0,0,0,0,0,0,0,0,0,"","","",0,0,0,0,0,0,0,0,0,0,0,0,0,"","F","F","F","F",0,0,0,0,0,0,0,0,0,0,F,F,"1925PHI.EVN.regular.event.csv",3402
"PHI192507180","CHN",9,1,2,0,0,"",2,2,"burng101","?","burng101","?","blaks101","?","blaks101","?","gonzm101","grimc101","adams101","freih101","marar101","weisb102","grigd101","grift102","","","","W","F","F",7,3,14,"T","F",0,"F","F",0,"F","F",0,"F","F",0,"","F","F","",0,0,"N",0,"N",0,"N",1,0,0,0,"","","","","F","F","F","F","F","F","F","F","F","","","","F","F","F","F","F","","","","",0,0,0,0,0,0,0,0,0,80,"PHI","PHI","CHN",1,"F","F",2,2,0,38,2,"T","F",0,1,"T","T","harpg101","wilsj105","T","T",0,0,0,0,0,0,0,0,0,"","","",0,0,0,0,0,0,0,0,0,0,0,0,0,"","F","F","F","F",0,0,0,0,0,0,0,0,0,0,F,F,"1925PHI.EVN.regular.event.csv",3403
"PHI192507180","CHN",9,1,2,0,0,"X",2,2,"harpg101","?","harpg101","?","blaks101","?","blaks101","?","gonzm101","grimc101","adams101","freih101","marar101","weisb102","grigd101","grift102","burng101","","","S8.1-3","F","F",8,4,20,"T","T",1,"F","F",0,"F","F",0,"F","F",8,"","F","F","",0,0,"N",0,"N",0,"N",1,3,0,0,"","","","","F","F","F","F","F","F","F","F","F","blaks101","","","F","F","F","F","F","","","","",0,0,0,0,0,0,0,0,0,81,"PHI","PHI","CHN",1,"F","F",2,2,0,39,3,"T","F",1,5,"T","T","wilsj105","hawkc101","T","T",7,3,80,0,0,0,0,0,0,"gonzm101","","",0,0,0,0,0,0,1,0,0,0,1,0,0,"grigd101","F","F","F","F",0,0,0,0,0,0,0,0,0,0,F,F,"1925PHI.EVN.regular.event.csv",3404
"PHI192507180","CHN",9,1,2,0,0,"",2,2,"wilsj105","?","wilsj105","?","blaks101","?","blaks101","?","gonzm101","grimc101","adams101","freih101","marar101","weisb102","grigd101","grift102","harpg101","","burng101","7/F7D","F","F",2,5,2,"T","T",0,"F","F",1,"F","F",0,"F","F",7,"F","F","F","7D",0,0,"N",0,"N",0,"N",0,1,0,3,"7","","","","F","F","F","F","F","F","F","F","F","blaks101","","blaks101","F","F","F","F","F","","","","",0,7,0,0,0,0,0,0,0,82,"PHI","PHI","CHN",1,"F","T",2,2,0,40,4,"T","F",5,5,"T","T","hawkc101","hubec101","T","T",8,4,81,0,0,0,7,3,80,"gonzm101","","gonzm101",0,0,0,0,0,0,0,0,0,0,0,0,0,"weisb102","F","F","F","F",0,0,0,0,0,0,0,0,0,0,F,F,"1925PHI.EVN.regular.event.csv",3405
"PHI192507180","CHN",10,0,0,0,0,"",2,2,"blaks101","?","blaks101","?","decaa101","?","decaa101","?","wilsj105","hawkc101","fribb101","hubec101","sandh101","burng101","harpg101","willc103","","","","63","T","F",1,9,2,"T","T",0,"F","F",1,"F","F",0,"F","F",6,"G","F","F","",0,0,"N",0,"N",0,"N",0,0,0,0,"63","","","","F","F","F","F","F","F","F","F","F","","","","F","F","F","F","F","","","","",0,3,0,0,6,0,0,0,0,83,"PHI","CHN","PHI",0,"T","F",2,2,0,35,0,"T","F",0,0,"T","T","adams101","marar101","T","T",0,0,0,0,0,0,0,0,0,"","","",0,0,0,0,0,0,0,0,0,0,0,0,0,"sandh101","F","F","F","F",0,0,0,0,5,0,0,0,0,0,F,F,"1925PHI.EVN.regular.event.csv",3406
"PHI192507180","CHN",10,0,1,0,0,"",2,2,"adams101","?","adams101","?","decaa101","?","decaa101","?","wilsj105","hawkc101","fribb101","hubec101","sandh101","burng101","harpg101","willc103","","","","S9/L9S","F","F",4,1,20,"T","T",1,"F","F",0,"F","F",0,"F","F",9,"L","F","F","9S",0,0,"N",0,"N",0,"N",1,0,0,0,"","","","","F","F","F","F","F","F","F","F","F","","","","F","F","F","F","F","","","","",0,0,0,0,0,0,0,0,0,84,"PHI","CHN","PHI",0,"F","F",2,2,0,36,1,"T","F",0,1,"T","T","marar101","freih101","T","T",0,0,0,0,0,0,0,0,0,"","","",0,0,0,0,0,0,0,0,0,0,0,0,0,"willc103","F","F","F","F",5,0,0,0,5,0,0,0,0,0,F,F,"1925PHI.EVN.regular.event.csv",3407
"PHI192507180","CHN",10,0,1,3,1,"",2,2,"marar101","?","marar101","?","decaa101","?","decaa101","?","wilsj105","hawkc101","fribb101","hubec101","sandh101","burng101","harpg101","willc103","adams101","","","W.1-2","F","F",6,2,14,"T","F",0,"F","F",0,"F","F",0,"F","F",0,"","F","F","",0,0,"N",0,"N",0,"N",1,2,0,0,"","","","","F","F","F","F","F","F","F","F","F","decaa101","","","F","F","F","F","F","","","","",0,0,0,0,0,0,0,0,0,85,"PHI","CHN","PHI",0,"F","F",2,2,0,37,2,"T","F",1,3,"T","T","freih101","grigd101","T","T",4,1,84,0,0,0,0,0,0,"wilsj105","","",0,0,0,0,0,0,0,0,0,0,0,0,0,"","F","F","F","F",5,5,0,0,5,0,0,0,0,0,F,F,"1925PHI.EVN.regular.event.csv",3408
"PHI192507180","CHN",10,0,1,0,0,"",2,2,"freih101","?","freih101","?","decaa101","?","decaa101","?","wilsj105","hawkc101","fribb101","hubec101","sandh101","burng101","harpg101","willc103","marar101","adams101","","7/F","F","F",5,3,2,"T","T",0,"F","F",1,"F","F",0,"F","F",7,"F","F","F","",0,0,"N",0,"N",0,"N",0,1,2,0,"7","","","","F","F","F","F","F","F","F","F","F","decaa101","decaa101","","F","F","F","F","F","","","","",0,7,0,0,0,0,0,0,0,86,"PHI","CHN","PHI",0,"F","F",2,2,0,38,3,"T","F",3,3,"T","T","grigd101","grift102","T","T",6,2,85,4,1,84,0,0,0,"wilsj105","wilsj105","",0,0,0,0,0,0,0,0,0,0,0,0,0,"burng101","F","F","F","F",0,5,5,0,5,0,0,0,0,0,F,F,"1925PHI.EVN.regular.event.csv",3409
"PHI192507180","CHN",10,0,2,0,0,"",2,2,"grigd101","?","grigd101","?","decaa101","?","decaa101","?","wilsj105","hawkc101","fribb101","hubec101","sandh101","burng101","harpg101","willc103","marar101","adams101","","E6/TH1.2-H(NR)(UR);1-3;B-2","F","F",8,4,18,"T","T",0,"F","F",0,"F","F",0,"F","F",6,"G","F","F","",1,6,"T",0,"N",0,"N",2,3,5,0,"","","","","F","F","F","F","F","F","F","F","F","decaa101","decaa101","","F","F","F","F","F","","","","",0,0,0,0,0,0,0,0,0,87,"PHI","CHN","PHI",0,"F","F",2,2,0,39,4,"T","F",3,6,"T","T","grift102","weisb102","T","T",6,2,85,4,1,84,0,0,0,"wilsj105","wilsj105","",0,0,0,0,0,0,0,0,0,0,0,0,1,"sandh101","F","F","F","T",5,5,5,0,4,0,0,0,0,0,F,F,"1925PHI.EVN.regular.event.csv",3410
"PHI192507180","CHN",10,0,2,0,0,"",3,2,"grift102","?","grift102","?","decaa101","?","decaa101","?","wilsj105","hawkc101","fribb101","hubec101","sandh101","burng101","harpg101","willc103","","grigd101","marar101","IW","F","F",9,5,15,"T","F",0,"F","F",0,"F","F",0,"F","F",0,"","F","F","",0,0,"N",0,"N",0,"N",1,0,2,3,"","","","","F","F","F","F","F","F","F","F","F","","decaa101","decaa101","F","F","F","F","F","","","","",0,0,0,0,0,0,0,0,0,88,"PHI","CHN","PHI",0,"F","F",3,2,1,40,5,"T","F",6,7,"T","T","weisb102","grimc101","T","T",0,0,0,8,4,87,6,2,85,"","wilsj105","wilsj105",0,0,0,0,0,0,0,0,0,0,0,0,0,"","F","F","F","F",5,0,5,5,4,0,0,0,0,0,F,F,"1925PHI.EVN.regular.event.csv",3411
"PHI192507180","CHN",10,0,2,0,0,"",3,2,"weisb102","?","weisb102","?","decaa101","?","decaa101","?","wilsj105","hawkc101","fribb101","hubec101","sandh101","burng101","harpg101","willc103","grift102","grigd101","marar101","W.3-H(UR);2-3;1-2","F","F",7,6,14,"T","F",0,"F","F",0,"F","F",1,"F","F",0,"","F","F","",0,0,"N",0,"N",0,"N",1,2,3,5,"","","","","F","F","F","F","F","F","F","F","F","decaa101","decaa101","decaa101","F","F","F","F","F","","","","",0,0,0,0,0,0,0,0,0,89,"PHI","CHN","PHI",0,"F","F",3,2,1,41,6,"T","F",7,7,"T","T","grimc101","gonzm101","T","T",9,5,88,8,4,87,6,2,85,"wilsj105","wilsj105","wilsj105",0,0,0,0,0,0,0,0,0,0,0,0,1,"","F","F","F","F",5,5,5,5,3,0,0,0,0,0,F,F,"1925PHI.EVN.regular.event.csv",3412
"PHI192507180","CHN",10,0,2,0,0,"",4,2,"grimc101","?","grimc101","?","decaa101","?","decaa101","?","wilsj105","hawkc101","fribb101","hubec101","sandh101","burng101","harpg101","willc103","weisb102","grift102","grigd101","S9/L9DW.3-H(UR);2-H(UR);1-3","F","F",3,7,20,"T","T",1,"F","F",0,"F","F",2,"F","F",9,"L","F","F","9DW",0,0,"N",0,"N",0,"N",1,3,5,5,"","","","","F","F","F","F","F","F","F","F","F","decaa101","decaa101","decaa101","F","F","F","F","F","","","","",0,0,0,0,0,0,0,0,0,90,"PHI","CHN","PHI",0,"F","F",4,2,2,42,7,"T","F",7,5,"T","T","gonzm101","blaks101","T","T",7,6,89,9,5,88,8,4,87,"wilsj105","wilsj105","wilsj105",0,0,0,0,0,0,0,0,0,0,0,0,2,"willc103","F","F","F","F",2,5,5,5,1,0,0,0,0,0,F,F,"1925PHI.EVN.regular.event.csv",3413
"PHI192507180","CHN",10,0,2,0,0,"",6,2,"gonzm101","?","gonzm101","?","decaa101","?","decaa101","?","wilsj105","hawkc101","fribb101","hubec101","sandh101","burng101","harpg101","willc103","grimc101","","weisb102","S7.3-H(UR);1-2","F","F",2,8,20,"T","T",1,"F","F",0,"F","F",1,"F","F",7,"","F","F","",0,0,"N",0,"N",0,"N",1,2,0,5,"","","","","F","F","F","F","F","F","F","F","F","decaa101","","decaa101","F","F","F","F","F","","","","",0,0,0,0,0,0,0,0,0,91,"PHI","CHN","PHI",0,"F","F",6,2,4,43,8,"T","F",5,3,"T","T","blaks101","adams101","T","T",3,7,90,0,0,0,7,6,89,"wilsj105","","wilsj105",0,0,0,0,0,0,0,0,0,0,0,0,1,"burng101","F","F","F","F",1,2,0,5,0,0,0,0,0,0,F,F,"1925PHI.EVN.regular.event.csv",3414
"PHI192507180","CHN",10,0,2,0,0,"",7,2,"blaks101","?","blaks101","?","pierr101","?","pierr101","?","wilsj105","hawkc101","fribb101","hubec101","sandh101","burng101","harpg101","willc103","gonzm101","grimc101","","7/L","F","F",1,9,2,"T","T",0,"F","F",1,"F","F",0,"F","F",7,"L","F","F","",0,0,"N",0,"N",0,"N",0,1,2,0,"7","","","","F","F","F","F","F","F","F","F","F","decaa101","decaa101","","F","F","F","F","F","","","","",0,7,0,0,0,0,0,0,0,92,"PHI","CHN","PHI",0,"F","T",7,2,5,44,9,"T","F",3,3,"T","T","adams101","marar101","F","F",2,8,91,3,7,90,0,0,0,"wilsj105","wilsj105","",0,0,0,0,0,0,0,0,0,0,0,0,0,"burng101","F","F","F","F",0,1,2,0,0,0,0,0,0,0,F,F,"1925PHI.EVN.regular.event.csv",3415
"PHI192507180","CHN",10,1,0,0,0,"",7,2,"wrigr102","?","wrigr102","?","blaks101","?","blaks101","?","gonzm101","grimc101","adams101","freih101","marar101","weisb102","grigd101","grift102","","","","S6/G","T","T",11,6,20,"T","T",1,"F","F",0,"F","F",0,"F","F",6,"G","F","F","",0,0,"N",0,"N",0,"N",1,0,0,0,"","","","","F","F","F","F","F","F","F","F","F","","","","F","F","F","F","F","","","","hawkc101",3,0,0,0,0,0,0,0,0,93,"PHI","PHI","CHN",1,"T","F",2,7,0,41,0,"T","F",0,1,"F","F","hubec101","fribb101","T","T",0,0,0,0,0,0,0,0,0,"","","",0,0,0,0,0,0,0,0,0,0,0,0,0,"marar101","F","F","F","F",4,0,0,0,4,0,0,0,0,0,F,F,"1925PHI.EVN.regular.event.csv",3416
"PHI192507180","CHN",10,1,0,0,0,"",7,2,"henlb101","?","henlb101","?","blaks101","?","blaks101","?","gonzm101","grimc101","adams101","freih101","marar101","weisb102","grigd101","grift102","betth101","","","K","F","T",11,7,3,"T","T",0,"F","F",1,"F","F",0,"F","F",0,"","F","F","",0,0,"N",0,"N",0,"N",0,1,0,0,"2","","","","F","F","F","F","F","F","F","F","F","blaks101","","","F","F","T","F","F","wrigr102","","","hubec101",5,2,0,0,0,0,0,0,0,94,"PHI","PHI","CHN",1,"F","F",2,7,0,42,1,"T","F",1,1,"F","F","fribb101","pierr101","T","T",12,6,93,0,0,0,0,0,0,"gonzm101","","",0,0,0,0,0,0,0,0,0,0,0,0,0,"","F","F","F","F",0,4,0,0,4,0,0,0,0,0,F,F,"1925PHI.EVN.regular.event.csv",3417
"PHI192507180","CHN",10,1,1,0,0,"",7,2,"fribb101","?","fribb101","?","blaks101","?","blaks101","?","gonzm101","grimc101","adams101","freih101","marar101","weisb102","grigd101","grift102","betth101","","","D/F89XDW.1-3","F","F",4,8,21,"T","T",2,"F","F",0,"F","F",0,"F","F",0,"F","F","F","89XDW",0,0,"N",0,"N",0,"N",2,3,0,0,"","","","","F","F","F","F","F","F","F","F","F","blaks101","","","F","F","F","F","F","","","","",0,0,0,0,0,0,0,0,0,95,"PHI","PHI","CHN",1,"F","F",2,7,0,43,2,"T","F",1,6,"T","T","pierr101","sandh101","T","T",0,6,93,0,0,0,0,0,0,"gonzm101","","",0,0,0,0,0,0,0,0,0,0,0,0,0,"","F","F","F","F",4,4,0,0,4,0,0,0,0,0,F,F,"1925PHI.EVN.regular.event.csv",3418
"PHI192507180","CHN",10,1,1,0,0,"",7,2,"fonsl101","?","fonsl101","?","blaks101","?","blaks101","?","gonzm101","grimc101","adams101","freih101","marar101","weisb102","grigd101","grift102","","fribb101","betth101","W","F","T",11,9,14,"T","F",0,"F","F",0,"F","F",0,"F","F",0,"","F","F","",0,0,"N",0,"N",0,"N",1,0,2,3,"","","","","F","F","F","F","F","F","F","F","F","","blaks101","blaks101","F","F","F","F","F","","","","pierr101",1,0,0,0,0,0,0,0,0,96,"PHI","PHI","CHN",1,"F","F",2,7,0,44,3,"T","F",6,7,"F","F","sandh101","willc103","T","T",0,0,0,4,8,95,12,6,93,"","gonzm101","gonzm101",0,0,0,0,0,0,0,0,0,0,0,0,0,"","F","F","F","F",4,0,4,4,4,0,0,0,0,0,F,F,"1925PHI.EVN.regular.event.csv",3419
"PHI192507180","CHN",10,1,1,0,0,"",7,2,"mitcc102","?","mitcc102","?","blaks101","?","blaks101","?","gonzm101","grimc101","adams101","freih101","marar101","weisb102","grigd101","grift102","fonsl101","fribb101","betth101","K","F","T",11,1,3,"T","T",0,"F","F",1,"F","F",0,"F","F",0,"","F","F","",0,0,"N",0,"N",0,"N",0,1,2,3,"2","","","","F","F","F","F","F","F","F","F","F","blaks101","blaks101","blaks101","F","F","F","F","F","","","","sandh101",6,2,0,0,0,0,0,0,0,97,"PHI","PHI","CHN",1,"F","F",2,7,0,45,4,"T","F",7,7,"F","F","willc103","burng101","T","T",11,9,96,4,8,95,12,6,93,"gonzm101","gonzm101","gonzm101",0,0,0,0,0,0,0,0,0,0,0,0,0,"","F","F","F","F",0,4,4,4,4,0,0,0,0,0,F,F,"1925PHI.EVN.regular.event.csv",3420
"PHI192507180","CHN",10,1,2,0,0,"",7,2,"willc103","?","willc103","?","blaks101","?","blaks101","?","gonzm101","grimc101","adams101","freih101","marar101","weisb102","grigd101","grift102","fonsl101","fribb101","betth101","HR/L9D.3-H;2-H;1-H","F","F",9,2,23,"T","T",4,"F","F",0,"F","F",4,"F","F",0,"L","F","F","9D",0,0,"N",0,"N",0,"N",4,4,4,4,"","","","","F","F","F","F","F","F","F","F","F","blaks101","blaks101","blaks101","F","F","F","F","F","","","","",0,0,0,0,0,0,0,0,0,98,"PHI","PHI","CHN",1,"F","F",2,7,0,46,5,"T","F",7,0,"T","T","burng101","harpg101","T","T",0,9,96,4,8,95,0,6,93,"gonzm101","gonzm101","gonzm101",0,0,0,0,0,0,0,0,0,0,0,0,4,"","F","F","F","F",4,4,4,4,0,0,0,0,0,0,F,F,"1925PHI.EVN.regular.event.csv",3421
"PHI192507180","CHN",10,1,2,0,0,"",7,6,"kimmw101","?","kimmw101","?","blaks101","?","blaks101","?","gonzm101","grimc101","adams101","freih101","marar101","weisb102","grigd101","grift102","","","","9/F9S","F","T",11,3,2,"T","T",0,"F","F",1,"F","F",0,"F","F",9,"F","F","F","9S",0,0,"N",0,"N",0,"N",0,0,0,0,"9","","","","F","F","F","F","F","F","F","F","F","","","","F","T","F","F","F","","","","burng101",7,9,0,0,0,0,0,0,0,99,"PHI","PHI","CHN",1,"F","T",6,7,4,47,6,"T","F",0,0,"F","F","harpg101","wilsj105","T","T",0,0,0,0,0,0,0,0,0,"","","",0,0,0,0,0,0,0,0,0,0,0,0,0,"grift102","F","F","F","F",0,0,0,0,0,0,0,0,0,0,F,F,"1925PHI.EVN.regular.event.csv",3422
"PHI192507200","PIT",1,0,0,0,0,"",0,0,"carem101","?","carem101","?","ringj101","?","ringj101","?","wilsj105","fonsl101","fribb101","hubec101","sandh101","burng101","harpg101","willc103","","","","43","T","F",8,1,2,"T","T",0,"F","F",1,"F","F",0,"F","F",4,"G","F","F","",0,0,"N",0,"N",0,"N",0,0,0,0,"43","","","","F","F","F","F","F","F","F","F","F","","","","T","F","F","F","F","","","","",0,3,0,0,4,0,0,0,0,1,"PHI","PIT","PHI",0,"T","F",0,0,0,0,0,"T","F",0,0,"T","T","moore102","cuylk101","T","T",0,0,0,0,0,0,0,0,0,"","","",0,0,0,0,0,0,0,0,0,0,0,0,0,"fribb101","F","F","F","F",0,0,0,0,2,0,0,0,0,0,F,F,"1925PHI.EVN.regular.event.csv",3423
"PHI192507200","PIT",1,0,1,0,0,"",0,0,"moore102","?","moore102","?","ringj101","?","ringj101","?","wilsj105","fonsl101","fribb101","hubec101","sandh101","burng101","harpg101","willc103","","","","S8","F","F",4,2,20,"T","T",1,"F","F",0,"F","F",0,"F","F",8,"","F","F","",0,0,"N",0,"N",0,"N",1,0,0,0,"","","","","F","F","F","F","F","F","F","F","F","","","","F","F","F","F","F","","","","",0,0,0,0,0,0,0,0,0,2,"PHI","PIT","PHI",0,"F","F",0,0,0,1,1,"T","F",0,1,"T","T","cuylk101","barnc102","T","T",0,0,0,0,0,0,0,0,0,"","","",0,0,0,0,0,0,0,0,0,0,0,0,0,"harpg101","F","F","F","F",4,0,0,0,2,0,0,0,0,0,F,F,"1925PHI.EVN.regular.event.csv",3424
"PHI192507200","PIT",1,0,1,0,0,"",0,0,"cuylk101","?","cuylk101","?","ringj101","?","ringj101","?","wilsj105","fonsl101","fribb101","hubec101","sandh101","burng101","harpg101","willc103","moore102","","","D9/F9L.1-3","F","F",9,3,21,"T","T",2,"F","F",0,"F","F",0,"F","F",9,"F","F","F","9L",0,0,"N",0,"N",0,"N",2,3,0,0,"","","","","F","F","F","F","F","F","F","F","F","ringj101","","","F","F","F","F","F","","","","",0,0,0,0,0,0,0,0,0,3,"PHI","PIT","PHI",0,"F","F",0,0,0,2,2,"T","F",1,6,"T","T","barnc102","trayp101","T","T",4,2,2,0,0,0,0,0,0,"wilsj105","","",0,0,0,0,0,0,0,0,0,0,0,0,0,"willc103","F","F","F","F",4,4,0,0,2,0,0,0,0,0,F,F,"1925PHI.EVN.regular.event.csv",3425
"PHI192507200","PIT",1,0,1,0,0,"",0,0,"barnc102","?","barnc102","?","ringj101","?","ringj101","?","wilsj105","fonsl101","fribb101","hubec101","sandh101","burng101","harpg101","willc103","","cuylk101","moore102","WP.3-H;2-3","F","F",7,4,9,"F","F",0,"F","F",0,"F","F",0,"T","F",0,"","F","F","",0,0,"N",0,"N",0,"N",0,0,3,4,"","","","","F","F","F","F","F","F","F","F","F","","ringj101","ringj101","F","F","F","F","F","","","","",0,0,0,0,0,0,0,0,0,4,"PHI","PIT","PHI",0,"F","F",0,0,0,3,3,"T","F",6,4,"T","T","trayp101","wrigg102","T","T",0,0,0,9,3,3,4,2,2,"","wilsj105","wilsj105",0,0,0,0,0,0,0,0,0,0,0,0,1,"","F","F","F","F",0,0,4,4,1,0,0,0,0,0,F,F,"1925PHI.EVN.regular.event.csv",3426
"PHI192507200","PIT",1,0,1,0,0,"",1,0,"barnc102","?","barnc102","?","ringj101","?","ringj101","?","wilsj105","fonsl101","fribb101","hubec101","sandh101","burng101","harpg101","willc103","","","cuylk101","S9/F9DW.3-H","F","F",7,4,20,"T","T",1,"F","F",0,"F","F",1,"F","F",9,"F","F","F","9DW",0,0,"N",0,"N",0,"N",1,0,0,4,"","","","","F","F","F","F","F","F","F","F","F","","","ringj101","F","F","F","F","F","","","","",0,0,0,0,0,0,0,0,0,5,"PHI","PIT","PHI",0,"F","F",1,0,1,3,3,"F","F",4,1,"T","T","trayp101","wrigg102","T","T",0,0,0,0,0,0,9,3,3,"","","wilsj105",0,0,0,0,0,0,0,0,0,0,0,0,1,"willc103","F","F","F","F",0,0,0,4,0,0,0,0,0,0,F,F,"1925PHI.EVN.regular.event.csv",3427
"PHI192507200","PIT",1,0,1,0,0,"",2,0,"trayp101","?","trayp101","?","ringj101","?","ringj101","?","wilsj105","fonsl101","fribb101","hubec101","sandh101","burng101","harpg101","willc103","barnc102","","","46(1)/FO","F","F",5,5,2,"T","T",0,"F","F",1,"F","F",0,"F","F",4,"G","F","F","",0,0,"N",0,"N",0,"N",1,0,0,0,"","46","","","F","F","F","F","F","F","F","F","F","ringj101","","","F","F","F","F","F","","","","",0,6,0,0,4,0,0,0,0,6,"PHI","PIT","PHI",0,"F","F",2,0,2,4,4,"T","F",1,1,"T","T","wrigg102","grang102","T","T",7,4,5,0,0,0,0,0,0,"wilsj105","","",0,0,0,0,0,0,0,0,0,0,0,0,0,"fribb101","T","F","F","F",0,0,0,0,0,0,0,0,0,0,F,F,"1925PHI.EVN.regular.event.csv",3428
"PHI192507200","PIT",1,0,2,0,0,"",2,0,"wrigg102","?","wrigg102","?","ringj101","?","ringj101","?","wilsj105","fonsl101","fribb101","hubec101","sandh101","burng101","harpg101","willc103","trayp101","","","43","F","F",6,6,2,"T","T",0,"F","F",1,"F","F",0,"F","F",4,"G","F","F","",0,0,"N",0,"N",0,"N",0,1,0,0,"43","","","","F","F","F","F","F","F","F","F","F","ringj101","","","F","F","F","F","F","","","","",0,3,0,0,4,0,0,0,0,7,"PHI","PIT","PHI",0,"F","T",2,0,2,5,5,"T","F",1,1,"T","T","grang102","smite106","T","T",5,5,6,0,0,0,0,0,0,"wilsj105","","",0,0,0,0,0,0,0,0,0,0,0,0,0,"fribb101","F","F","F","F",0,0,0,0,0,0,0,0,0,0,F,F,"1925PHI.EVN.regular.event.csv",3429
"PHI192507200","PIT",1,1,0,0,0,"",2,0,"sandh101","?","sandh101","?","meadl101","?","meadl101","?","smite106","grang102","moore102","trayp101","wrigg102","barnc102","carem101","cuylk101","","","","K","T","F",6,1,3,"T","T",0,"F","F",1,"F","F",0,"F","F",0,"","F","F","",0,0,"N",0,"N",0,"N",0,0,0,0,"2","","","","F","F","F","F","F","F","F","F","F","","","","F","F","F","F","F","","","","",0,2,0,0,0,0,0,0,0,8,"PHI","PHI","PIT",1,"T","F",0,2,0,0,0,"T","F",0,0,"T","T","willc103","burng101","T","T",0,0,0,0,0,0,0,0,0,"","","",0,0,0,0,0,0,0,0,0,0,0,0,0,"","F","F","F","F",0,0,0,0,0,0,0,0,0,0,F,F,"1925PHI.EVN.regular.event.csv",3430
"PHI192507200","PIT",1,1,1,0,0,"",2,0,"willc103","?","willc103","?","meadl101","?","meadl101","?","smite106","grang102","moore102","trayp101","wrigg102","barnc102","carem101","cuylk101","","","","K","F","F",9,2,3,"T","T",0,"F","F",1,"F","F",0,"F","F",0,"","F","F","",0,0,"N",0,"N",0,"N",0,0,0,0,"2","","","","F","F","F","F","F","F","F","F","F","","","","F","F","F","F","F","","","","",0,2,0,0,0,0,0,0,0,9,"PHI","PHI","PIT",1,"F","F",0,2,0,1,1,"T","F",0,0,"T","T","burng101","harpg101","T","T",0,0,0,0,0,0,0,0,0,"","","",0,0,0,0,0,0,0,0,0,0,0,0,0,"","F","F","F","F",0,0,0,0,0,0,0,0,0,0,F,F,"1925PHI.EVN.regular.event.csv",3431
"PHI192507200","PIT",1,1,2,0,0,"",2,0,"burng101","?","burng101","?","meadl101","?","meadl101","?","smite106","grang102","moore102","trayp101","wrigg102","barnc102","carem101","cuylk101","","","","53","F","F",7,3,2,"T","T",0,"F","F",1,"F","F",0,"F","F",5,"G","F","F","",0,0,"N",0,"N",0,"N",0,0,0,0,"53","","","","F","F","F","F","F","F","F","F","F","","","","F","F","F","F","F","","","","",0,3,0,0,5,0,0,0,0,10,"PHI","PHI","PIT",1,"F","T",0,2,0,2,2,"T","F",0,0,"T","T","harpg101","wilsj105","T","T",0,0,0,0,0,0,0,0,0,"","","",0,0,0,0,0,0,0,0,0,0,0,0,0,"trayp101","F","F","F","F",0,0,0,0,0,0,0,0,0,0,F,F,"1925PHI.EVN.regular.event.csv",3432
"PHI192507200","PIT",2,0,0,0,0,"",2,0,"grang102","?","grang102","?","ringj101","?","ringj101","?","wilsj105","fonsl101","fribb101","hubec101","sandh101","burng101","harpg101","willc103","","","","S8","T","F",3,7,20,"T","T",1,"F","F",0,"F","F",0,"F","F",8,"","F","F","",0,0,"N",0,"N",0,"N",1,0,0,0,"","","","","F","F","F","F","F","F","F","F","F","","","","F","F","F","F","F","","","","",0,0,0,0,0,0,0,0,0,11,"PHI","PIT","PHI",0,"T","F",2,0,0,6,0,"T","F",0,1,"T","T","smite106","meadl101","T","T",0,0,0,0,0,0,0,0,0,"","","",0,0,0,0,0,0,0,0,0,0,0,0,0,"harpg101","F","F","F","F",0,0,0,0,0,0,0,0,0,0,F,F,"1925PHI.EVN.regular.event.csv",3433
"PHI192507200","PIT",2,0,0,0,0,"",2,0,"smite106","?","smite106","?","ringj101","?","ringj101","?","wilsj105","fonsl101","fribb101","hubec101","sandh101","burng101","harpg101","willc103","grang102","","","46(1)3/GDP","F","F",2,8,2,"T","T",0,"F","F",2,"T","F",0,"F","F",4,"G","F","F","",0,0,"N",0,"N",0,"N",0,0,0,0,"63","46","","","F","F","F","F","F","F","F","F","F","ringj101","","","F","F","F","F","F","","","","",0,6,3,0,4,6,0,0,0,12,"PHI","PIT","PHI",0,"F","F",2,0,0,7,1,"T","F",1,0,"T","T","meadl101","carem101","T","T",3,7,11,0,0,0,0,0,0,"wilsj105","","",0,0,0,0,0,0,0,0,0,0,0,0,0,"fribb101","T","F","F","F",0,0,0,0,0,0,0,0,0,0,F,F,"1925PHI.EVN.regular.event.csv",3434
"PHI192507200","PIT",2,0,2,0,0,"",2,0,"meadl101","?","meadl101","?","ringj101","?","ringj101","?","wilsj105","fonsl101","fribb101","hubec101","sandh101","burng101","harpg101","willc103","","","","53","F","F",1,9,2,"T","T",0,"F","F",1,"F","F",0,"F","F",5,"G","F","F","",0,0,"N",0,"N",0,"N",0,0,0,0,"53","","","","F","F","F","F","F","F","F","F","F","","","","F","F","F","F","F","","","","",0,3,0,0,5,0,0,0,0,13,"PHI","PIT","PHI",0,"F","T",2,0,0,8,2,"T","F",0,0,"T","T","carem101","moore102","T","T",0,0,0,0,0,0,0,0,0,"","","",0,0,0,0,0,0,0,0,0,0,0,0,0,"hubec101","F","F","F","F",0,0,0,0,0,0,0,0,0,0,F,F,"1925PHI.EVN.regular.event.csv",3435
"PHI192507200","PIT",2,1,0,0,0,"",2,0,"harpg101","?","harpg101","?","meadl101","?","meadl101","?","smite106","grang102","moore102","trayp101","wrigg102","barnc102","carem101","cuylk101","","","","7/F","T","F",8,4,2,"T","T",0,"F","F",1,"F","F",0,"F","F",7,"F","F","F","",0,0,"N",0,"N",0,"N",0,0,0,0,"7","","","","F","F","F","F","F","F","F","F","F","","","","F","F","F","F","F","","","","",0,7,0,0,0,0,0,0,0,14,"PHI","PHI","PIT",1,"T","F",0,2,0,3,0,"T","F",0,0,"T","T","wilsj105","fonsl101","T","T",0,0,0,0,0,0,0,0,0,"","","",0,0,0,0,0,0,0,0,0,0,0,0,0,"barnc102","F","F","F","F",0,0,0,0,0,0,0,0,0,0,F,F,"1925PHI.EVN.regular.event.csv",3436
"PHI192507200","PIT",2,1,1,0,0,"",2,0,"wilsj105","?","wilsj105","?","meadl101","?","meadl101","?","smite106","grang102","moore102","trayp101","wrigg102","barnc102","carem101","cuylk101","","","","143","F","F",2,5,2,"T","T",0,"F","F",1,"F","F",0,"F","F",1,"G","F","F","",0,0,"N",0,"N",0,"N",0,0,0,0,"143","","","","F","F","F","F","F","F","F","F","F","","","","F","F","F","F","F","","","","",0,3,0,0,1,4,0,0,0,15,"PHI","PHI","PIT",1,"F","F",0,2,0,4,1,"T","F",0,0,"T","T","fonsl101","hubec101","T","T",0,0,0,0,0,0,0,0,0,"","","",0,0,0,0,0,0,0,0,0,0,0,0,0,"meadl101","F","F","F","F",0,0,0,0,0,0,0,0,0,0,F,F,"1925PHI.EVN.regular.event.csv",3437
"PHI192507200","PIT",2,1,2,0,0,"",2,0,"fonsl101","?","fonsl101","?","meadl101","?","meadl101","?","smite106","grang102","moore102","trayp101","wrigg102","barnc102","carem101","cuylk101","","","","9/F","F","F",3,6,2,"T","T",0,"F","F",1,"F","F",0,"F","F",9,"F","F","F","",0,0,"N",0,"N",0,"N",0,0,0,0,"9","","","","F","F","F","F","F","F","F","F","F","","","","F","F","F","F","F","","","","",0,9,0,0,0,0,0,0,0,16,"PHI","PHI","PIT",1,"F","T",0,2,0,5,2,"T","F",0,0,"T","T","hubec101","fribb101","T","T",0,0,0,0,0,0,0,0,0,"","","",0,0,0,0,0,0,0,0,0,0,0,0,0,"cuylk101","F","F","F","F",0,0,0,0,0,0,0,0,0,0,F,F,"1925PHI.EVN.regular.event.csv",3438
"PHI192507200","PIT",3,0,0,0,0,"",2,0,"carem101","?","carem101","?","ringj101","?","ringj101","?","wilsj105","fonsl101","fribb101","hubec101","sandh101","burng101","harpg101","willc103","","","","43","T","F",8,1,2,"T","T",0,"F","F",1,"F","F",0,"F","F",4,"G","F","F","",0,0,"N",0,"N",0,"N",0,0,0,0,"43","","","","F","F","F","F","F","F","F","F","F","","","","F","F","F","F","F","","","","",0,3,0,0,4,0,0,0,0,17,"PHI","PIT","PHI",0,"T","F",2,0,0,9,0,"T","F",0,0,"T","T","moore102","cuylk101","T","T",0,0,0,0,0,0,0,0,0,"","","",0,0,0,0,0,0,0,0,0,0,0,0,0,"fribb101","F","F","F","F",0,0,0,0,0,0,0,0,0,0,F,F,"1925PHI.EVN.regular.event.csv",3439
"PHI192507200","PIT",3,0,1,0,0,"",2,0,"moore102","?","moore102","?","ringj101","?","ringj101","?","wilsj105","fonsl101","fribb101","hubec101","sandh101","burng101","harpg101","willc103","","","","63","F","F",4,2,2,"T","T",0,"F","F",1,"F","F",0,"F","F",6,"G","F","F","",0,0,"N",0,"N",0,"N",0,0,0,0,"63","","","","F","F","F","F","F","F","F","F","F","","","","F","F","F","F","F","","","","",0,3,0,0,6,0,0,0,0,18,"PHI","PIT","PHI",0,"F","F",2,0,0,10,1,"T","F",0,0,"T","T","cuylk101","barnc102","T","T",0,0,0,0,0,0,0,0,0,"","","",0,0,0,0,0,0,0,0,0,0,0,0,0,"sandh101","F","F","F","F",0,0,0,0,0,0,0,0,0,0,F,F,"1925PHI.EVN.regular.event.csv",3440
"PHI192507200","PIT",3,0,2,0,0,"",2,0,"cuylk101","?","cuylk101","?","ringj101","?","ringj101","?","wilsj105","fonsl101","fribb101","hubec101","sandh101","burng101","harpg101","willc103","","","","43","F","F",9,3,2,"T","T",0,"F","F",1,"F","F",0,"F","F",4,"G","F","F","",0,0,"N",0,"N",0,"N",0,0,0,0,"43","","","","F","F","F","F","F","F","F","F","F","","","","F","F","F","F","F","","","","",0,3,0,0,4,0,0,0,0,19,"PHI","PIT","PHI",0,"F","T",2,0,0,11,2,"T","F",0,0,"T","T","barnc102","trayp101","T","T",0,0,0,0,0,0,0,0,0,"","","",0,0,0,0,0,0,0,0,0,0,0,0,0,"fribb101","F","F","F","F",0,0,0,0,0,0,0,0,0,0,F,F,"1925PHI.EVN.regular.event.csv",3441
"PHI192507200","PIT",3,1,0,0,0,"",2,0,"hubec101","?","hubec101","?","meadl101","?","meadl101","?","smite106","grang102","moore102","trayp101","wrigg102","barnc102","carem101","cuylk101","","","","S9/L","T","F",5,7,20,"T","T",1,"F","F",0,"F","F",0,"F","F",9,"L","F","F","",0,0,"N",0,"N",0,"N",1,0,0,0,"","","","","F","F","F","F","F","F","F","F","F","","","","F","F","F","F","F","","","","",0,0,0,0,0,0,0,0,0,20,"PHI","PHI","PIT",1,"T","F",0,2,0,6,0,"T","F",0,1,"T","T","fribb101","ringj101","T","T",0,0,0,0,0,0,0,0,0,"","","",0,0,0,0,0,0,0,0,0,0,0,0,0,"cuylk101","F","F","F","F",4,0,0,0,2,0,0,0,0,0,F,F,"1925PHI.EVN.regular.event.csv",3442
"PHI192507200","PIT",3,1,0,0,0,"",2,0,"fribb101","?","fribb101","?","meadl101","?","meadl101","?","smite106","grang102","moore102","trayp101","wrigg102","barnc102","carem101","cuylk101","hubec101","","","D9/G.1-3","F","F",4,8,21,"T","T",2,"F","F",0,"F","F",0,"F","F",9,"G","F","F","",0,0,"N",0,"N",0,"N",2,3,0,0,"","","","","F","F","F","F","F","F","F","F","F","meadl101","","","F","F","F","F","F","","","","",0,0,0,0,0,0,0,0,0,21,"PHI","PHI","PIT",1,"F","F",0,2,0,7,1,"T","F",1,6,"T","T","ringj101","sandh101","T","T",5,7,20,0,0,0,0,0,0,"smite106","","",0,0,0,0,0,0,0,0,0,0,0,0,0,"cuylk101","F","F","F","F",4,4,0,0,2,0,0,0,0,0,F,F,"1925PHI.EVN.regular.event.csv",3443
"PHI192507200","PIT",3,1,0,0,0,"X",2,0,"ringj101","?","ringj101","?","meadl101","?","meadl101","?","smite106","grang102","moore102","trayp101","wrigg102","barnc102","carem101","cuylk101","","fribb101","hubec101","5/P","F","F",1,9,2,"T","T",0,"F","F",1,"F","F",0,"F","F",5,"P","F","F","",0,0,"N",0,"N",0,"N",0,0,2,3,"5","","","","F","F","F","F","F","F","F","F","F","","meadl101","meadl101","F","F","F","F","F","","","","",0,5,0,0,0,0,0,0,0,22,"PHI","PHI","PIT",1,"F","F",0,2,0,8,2,"T","F",6,6,"T","T","sandh101","willc103","T","T",0,0,0,4,8,21,5,7,20,"","smite106","smite106",0,0,0,0,0,0,1,0,0,0,1,0,0,"trayp101","F","F","F","F",0,0,4,4,2,0,0,0,0,0,F,F,"1925PHI.EVN.regular.event.csv",3444
"PHI192507200","PIT",3,1,1,0,0,"",2,0,"sandh101","?","sandh101","?","meadl101","?","meadl101","?","smite106","grang102","moore102","trayp101","wrigg102","barnc102","carem101","cuylk101","","fribb101","hubec101","BK.3-H;2-3","F","F",6,1,11,"F","F",0,"F","F",0,"F","F",0,"F","F",0,"","F","F","",0,0,"N",0,"N",0,"N",0,0,3,4,"","","","","F","F","F","F","F","F","F","F","F","","meadl101","meadl101","F","F","F","F","F","","","","",0,0,0,0,0,0,0,0,0,23,"PHI","PHI","PIT",1,"F","F",0,2,0,9,3,"T","F",6,4,"T","T","willc103","burng101","T","T",0,0,0,4,8,21,5,7,20,"","smite106","smite106",0,0,0,0,0,0,0,0,0,0,0,0,1,"","F","F","F","F",0,0,4,4,1,0,0,0,0,0,F,F,"1925PHI.EVN.regular.event.csv",3445
"PHI192507200","PIT",3,1,1,3,1,"",2,1,"sandh101","?","sandh101","?","meadl101","?","meadl101","?","smite106","grang102","moore102","trayp101","wrigg102","barnc102","carem101","cuylk101","","","fribb101","W","F","F",6,1,14,"T","F",0,"F","F",0,"F","F",0,"F","F",0,"","F","F","",0,0,"N",0,"N",0,"N",1,0,0,3,"","","","","F","F","F","F","F","F","F","F","F","","","meadl101","F","F","F","F","F","","","","",0,0,0,0,0,0,0,0,0,24,"PHI","PHI","PIT",1,"F","F",1,2,1,9,3,"F","F",4,5,"T","T","willc103","burng101","T","T",0,0,0,0,0,0,4,8,21,"","","smite106",0,0,0,0,0,0,0,0,0,0,0,0,0,"","F","F","F","F",0,0,0,4,1,0,0,0,0,0,F,F,"1925PHI.EVN.regular.event.csv",3446
"PHI192507200","PIT",3,1,1,0,0,"",2,1,"willc103","?","willc103","?","meadl101","?","meadl101","?","smite106","grang102","moore102","trayp101","wrigg102","barnc102","carem101","cuylk101","sandh101","","fribb101","FC4.3-H(NR);1-2(E4/TH2)","F","F",9,2,19,"T","T",0,"F","F",0,"F","F",0,"F","F",4,"G","F","F","",1,4,"T",0,"N",0,"N",1,2,0,4,"","","","","F","F","F","F","F","F","F","F","F","meadl101","","meadl101","F","F","F","F","F","","","","",0,0,0,0,0,0,0,0,0,25,"PHI","PHI","PIT",1,"F","F",1,2,1,10,4,"T","F",5,3,"T","T","burng101","harpg101","T","T",6,1,24,0,0,0,4,8,21,"smite106","","smite106",0,0,0,0,0,0,0,0,0,0,0,0,1,"moore102","F","F","F","F",0,0,0,4,0,0,0,0,0,0,F,F,"1925PHI.EVN.regular.event.csv",3447
"PHI192507200","PIT",3,1,1,0,0,"",2,2,"burng101","?","burng101","?","meadl101","?","meadl101","?","smite106","grang102","moore102","trayp101","wrigg102","barnc102","carem101","cuylk101","willc103","sandh101","","8/F","F","F",7,3,2,"T","T",0,"F","F",1,"F","F",0,"F","F",8,"F","F","F","",0,0,"N",0,"N",0,"N",0,1,2,0,"8","","","","F","F","F","F","F","F","F","F","F","meadl101","meadl101","","F","F","F","F","F","","","","",0,8,0,0,0,0,0,0,0,26,"PHI","PHI","PIT",1,"F","F",2,2,2,11,5,"T","F",3,3,"T","T","harpg101","wilsj105","T","T",9,2,25,6,1,24,0,0,0,"smite106","smite106","",0,0,0,0,0,0,0,0,0,0,0,0,0,"carem101","F","F","F","F",0,0,0,0,0,0,0,0,0,0,F,F,"1925PHI.EVN.regular.event.csv",3448
"PHI192507200","PIT",3,1,2,0,0,"",2,2,"harpg101","?","harpg101","?","meadl101","?","meadl101","?","smite106","grang102","moore102","trayp101","wrigg102","barnc102","carem101","cuylk101","willc103","sandh101","","W.2-3;1-2","F","F",8,4,14,"T","F",0,"F","F",0,"F","F",0,"F","F",0,"","F","F","",0,0,"N",0,"N",0,"N",1,2,3,0,"","","","","F","F","F","F","F","F","F","F","F","meadl101","meadl101","","F","F","F","F","F","","","","",0,0,0,0,0,0,0,0,0,27,"PHI","PHI","PIT",1,"F","F",2,2,2,12,6,"T","F",3,7,"T","T","wilsj105","fonsl101","T","T",9,2,25,6,1,24,0,0,0,"smite106","smite106","",0,0,0,0,0,0,0,0,0,0,0,0,0,"","F","F","F","F",0,0,0,0,0,0,0,0,0,0,F,F,"1925PHI.EVN.regular.event.csv",3449
"PHI192507200","PIT",3,1,2,0,0,"",2,2,"wilsj105","?","wilsj105","?","meadl101","?","meadl101","?","smite106","grang102","moore102","trayp101","wrigg102","barnc102","carem101","cuylk101","harpg101","willc103","sandh101","43","F","F",2,5,2,"T","T",0,"F","F",1,"F","F",0,"F","F",4,"G","F","F","",0,0,"N",0,"N",0,"N",0,1,2,3,"43","","","","F","F","F","F","F","F","F","F","F","meadl101","meadl101","meadl101","F","F","F","F","F","","","","",0,3,0,0,4,0,0,0,0,28,"PHI","PHI","PIT",1,"F","T",2,2,2,13,7,"T","F",7,7,"T","T","fonsl101","hubec101","T","T",8,4,27,9,2,25,6,1,24,"smite106","smite106","smite106",0,0,0,0,0,0,0,0,0,0,0,0,0,"moore102","F","F","F","F",0,0,0,0,0,0,0,0,0,0,F,F,"1925PHI.EVN.regular.event.csv",3450
"PHI192507200","PIT",4,0,0,0,0,"X",2,2,"barnc102","?","barnc102","?","ringj101","?","ringj101","?","wilsj105","fonsl101","fribb101","hubec101","sandh101","burng101","harpg101","willc103","","","","HR/F7D","T","F",7,4,23,"T","T",4,"F","F",0,"F","F",1,"F","F",0,"F","F","F","7D",0,0,"N",0,"N",0,"N",4,0,0,0,"","","","","F","F","F","F","F","F","F","F","F","","","","F","F","F","F","F","","","","",0,0,0,0,0,0,0,0,0,29,"PHI","PIT","PHI",0,"T","F",2,2,0,12,0,"T","F",0,0,"T","T","trayp101","wrigg102","T","T",0,0,0,0,0,0,0,0,0,"","","",0,0,0,0,0,0,1,0,0,0,1,0,1,"","F","F","F","F",4,0,0,0,0,0,0,0,0,0,F,F,"1925PHI.EVN.regular.event.csv",3451
"PHI192507200","PIT",4,0,0,0,0,"",3,2,"trayp101","?","trayp101","?","ringj101","?","ringj101","?","wilsj105","fonsl101","fribb101","hubec101","sandh101","burng101","harpg101","willc103","","","","W","F","F",5,5,14,"T","F",0,"F","F",0,"F","F",0,"F","F",0,"","F","F","",0,0,"N",0,"N",0,"N",1,0,0,0,"","","","","F","F","F","F","F","F","F","F","F","","","","F","F","F","F","F","","","","",0,0,0,0,0,0,0,0,0,30,"PHI","PIT","PHI",0,"F","F",3,2,1,13,1,"T","F",0,1,"T","T","wrigg102","grang102","T","T",0,0,0,0,0,0,0,0,0,"","","",0,0,0,0,0,0,0,0,0,0,0,0,0,"","F","F","F","F",0,0,0,0,0,0,0,0,0,0,F,F,"1925PHI.EVN.regular.event.csv",3452
"PHI192507200","PIT",4,0,0,0,0,"",3,2,"wrigg102","?","wrigg102","?","ringj101","?","ringj101","?","wilsj105","fonsl101","fribb101","hubec101","sandh101","burng101","harpg101","willc103","trayp101","","","9/F","F","F",6,6,2,"T","T",0,"F","F",1,"F","F",0,"F","F",9,"F","F","F","",0,0,"N",0,"N",0,"N",0,1,0,0,"9","","","","F","F","F","F","F","F","F","F","F","ringj101","","","F","F","F","F","F","","","","",0,9,0,0,0,0,0,0,0,31,"PHI","PIT","PHI",0,"F","F",3,2,1,14,2,"T","F",1,1,"T","T","grang102","smite106","T","T",5,5,30,0,0,0,0,0,0,"wilsj105","","",0,0,0,0,0,0,0,0,0,0,0,0,0,"willc103","F","F","F","F",0,0,0,0,0,0,0,0,0,0,F,F,"1925PHI.EVN.regular.event.csv",3453
"PHI192507200","PIT",4,0,1,0,0,"",3,2,"grang102","?","grang102","?","ringj101","?","ringj101","?","wilsj105","fonsl101","fribb101","hubec101","sandh101","burng101","harpg101","willc103","trayp101","","","4/P","F","F",3,7,2,"T","T",0,"F","F",1,"F","F",0,"F","F",4,"P","F","F","",0,0,"N",0,"N",0,"N",0,1,0,0,"4","","","","F","F","F","F","F","F","F","F","F","ringj101","","","F","F","F","F","F","","","","",0,4,0,0,0,0,0,0,0,32,"PHI","PIT","PHI",0,"F","F",3,2,1,15,3,"T","F",1,1,"T","T","smite106","meadl101","T","T",5,5,30,0,0,0,0,0,0,"wilsj105","","",0,0,0,0,0,0,0,0,0,0,0,0,0,"fribb101","F","F","F","F",0,0,0,0,0,0,0,0,0,0,F,F,"1925PHI.EVN.regular.event.csv",3454
"PHI192507200","PIT",4,0,2,0,0,"",3,2,"smite106","?","smite106","?","ringj101","?","ringj101","?","wilsj105","fonsl101","fribb101","hubec101","sandh101","burng101","harpg101","willc103","trayp101","","","W.1-2","F","F",2,8,14,"T","F",0,"F","F",0,"F","F",0,"F","F",0,"","F","F","",0,0,"N",0,"N",0,"N",1,2,0,0,"","","","","F","F","F","F","F","F","F","F","F","ringj101","","","F","F","F","F","F","","","","",0,0,0,0,0,0,0,0,0,33,"PHI","PIT","PHI",0,"F","F",3,2,1,16,4,"T","F",1,3,"T","T","meadl101","carem101","T","T",5,5,30,0,0,0,0,0,0,"wilsj105","","",0,0,0,0,0,0,0,0,0,0,0,0,0,"","F","F","F","F",0,0,0,0,0,0,0,0,0,0,F,F,"1925PHI.EVN.regular.event.csv",3455
"PHI192507200","PIT",4,0,2,0,0,"",3,2,"meadl101","?","meadl101","?","ringj101","?","ringj101","?","wilsj105","fonsl101","fribb101","hubec101","sandh101","burng101","harpg101","willc103","smite106","trayp101","","13","F","F",1,9,2,"T","T",0,"F","F",1,"F","F",0,"F","F",1,"G","F","F","",0,0,"N",0,"N",0,"N",0,1,2,0,"13","","","","F","F","F","F","F","F","F","F","F","ringj101","ringj101","","F","F","F","F","F","","","","",0,3,0,0,1,0,0,0,0,34,"PHI","PIT","PHI",0,"F","T",3,2,1,17,5,"T","F",3,3,"T","T","carem101","moore102","T","T",2,8,33,5,5,30,0,0,0,"wilsj105","wilsj105","",0,0,0,0,0,0,0,0,0,0,0,0,0,"ringj101","F","F","F","F",0,0,0,0,0,0,0,0,0,0,F,F,"1925PHI.EVN.regular.event.csv",3456
"PHI192507200","PIT",4,1,0,0,0,"",3,2,"fonsl101","?","fonsl101","?","meadl101","?","meadl101","?","smite106","grang102","moore102","trayp101","wrigg102","barnc102","carem101","cuylk101","","","","K/C","T","F",3,6,3,"T","T",0,"F","F",1,"F","F",0,"F","F",0,"","F","F","",0,0,"N",0,"N",0,"N",0,0,0,0,"2","","","","F","F","F","F","F","F","F","F","F","","","","F","F","F","F","F","","","","",0,2,0,0,0,0,0,0,0,35,"PHI","PHI","PIT",1,"T","F",2,3,0,14,0,"T","F",0,0,"T","T","hubec101","fribb101","T","T",0,0,0,0,0,0,0,0,0,"","","",0,0,0,0,0,0,0,0,0,0,0,0,0,"","F","F","F","F",0,0,0,0,0,0,0,0,0,0,F,F,"1925PHI.EVN.regular.event.csv",3457
"PHI192507200","PIT",4,1,1,0,0,"",3,2,"hubec101","?","hubec101","?","meadl101","?","meadl101","?","smite106","grang102","moore102","trayp101","wrigg102","barnc102","carem101","cuylk101","","","","4/F","F","F",5,7,2,"T","T",0,"F","F",1,"F","F",0,"F","F",4,"F","F","F","",0,0,"N",0,"N",0,"N",0,0,0,0,"4","","","","F","F","F","F","F","F","F","F","F","","","","F","F","F","F","F","","","","",0,4,0,0,0,0,0,0,0,36,"PHI","PHI","PIT",1,"F","F",2,3,0,15,1,"T","F",0,0,"T","T","fribb101","ringj101","T","T",0,0,0,0,0,0,0,0,0,"","","",0,0,0,0,0,0,0,0,0,0,0,0,0,"moore102","F","F","F","F",0,0,0,0,0,0,0,0,0,0,F,F,"1925PHI.EVN.regular.event.csv",3458
"PHI192507200","PIT",4,1,2,0,0,"",3,2,"fribb101","?","fribb101","?","meadl101","?","meadl101","?","smite106","grang102","moore102","trayp101","wrigg102","barnc102","carem101","cuylk101","","","","E8/F.B-1","F","F",4,8,18,"T","T",0,"F","F",0,"F","F",0,"F","F",8,"F","F","F","",1,8,"F",0,"N",0,"N",1,0,0,0,"","","","","F","F","F","F","F","F","F","F","F","","","","F","F","F","F","F","","","","",0,0,0,0,0,0,0,0,0,37,"PHI","PHI","PIT",1,"F","F",2,3,0,16,2,"T","F",0,1,"T","T","ringj101","sandh101","T","T",0,0,0,0,0,0,0,0,0,"","","",0,0,0,0,0,0,0,0,0,0,0,0,0,"carem101","F","F","F","T",0,0,0,0,0,0,0,0,0,0,F,F,"1925PHI.EVN.regular.event.csv",3459
"PHI192507200","PIT",4,1,2,0,0,"",3,2,"ringj101","?","ringj101","?","meadl101","?","meadl101","?","smite106","grang102","moore102","trayp101","wrigg102","barnc102","carem101","cuylk101","fribb101","","","7/F","F","F",1,9,2,"T","T",0,"F","F",1,"F","F",0,"F","F",7,"F","F","F","",0,0,"N",0,"N",0,"N",0,1,0,0,"7","","","","F","F","F","F","F","F","F","F","F","meadl101","","","F","F","F","F","F","","","","",0,7,0,0,0,0,0,0,0,38,"PHI","PHI","PIT",1,"F","T",2,3,0,17,3,"T","F",1,1,"T","T","sandh101","willc103","T","T",4,8,37,0,0,0,0,0,0,"smite106","","",0,0,0,0,0,0,0,0,0,0,0,0,0,"barnc102","F","F","F","F",0,0,0,0,0,0,0,0,0,0,F,F,"1925PHI.EVN.regular.event.csv",3460
"PHI192507200","PIT",5,0,0,0,0,"",3,2,"carem101","?","carem101","?","ringj101","?","ringj101","?","wilsj105","fonsl101","fribb101","hubec101","sandh101","burng101","harpg101","willc103","","","","63","T","F",8,1,2,"T","T",0,"F","F",1,"F","F",0,"F","F",6,"G","F","F","",0,0,"N",0,"N",0,"N",0,0,0,0,"63","","","","F","F","F","F","F","F","F","F","F","","","","F","F","F","F","F","","","","",0,3,0,0,6,0,0,0,0,39,"PHI","PIT","PHI",0,"T","F",3,2,0,18,0,"T","F",0,0,"T","T","moore102","cuylk101","T","T",0,0,0,0,0,0,0,0,0,"","","",0,0,0,0,0,0,0,0,0,0,0,0,0,"sandh101","F","F","F","F",0,0,0,0,0,0,0,0,0,0,F,F,"1925PHI.EVN.regular.event.csv",3461
"PHI192507200","PIT",5,0,1,0,0,"",3,2,"moore102","?","moore102","?","ringj101","?","ringj101","?","wilsj105","fonsl101","fribb101","hubec101","sandh101","burng101","harpg101","willc103","","","","63","F","F",4,2,2,"T","T",0,"F","F",1,"F","F",0,"F","F",6,"G","F","F","",0,0,"N",0,"N",0,"N",0,0,0,0,"63","","","","F","F","F","F","F","F","F","F","F","","","","F","F","F","F","F","","","","",0,3,0,0,6,0,0,0,0,40,"PHI","PIT","PHI",0,"F","F",3,2,0,19,1,"T","F",0,0,"T","T","cuylk101","barnc102","T","T",0,0,0,0,0,0,0,0,0,"","","",0,0,0,0,0,0,0,0,0,0,0,0,0,"sandh101","F","F","F","F",0,0,0,0,0,0,0,0,0,0,F,F,"1925PHI.EVN.regular.event.csv",3462
"PHI192507200","PIT",5,0,2,0,0,"",3,2,"cuylk101","?","cuylk101","?","ringj101","?","ringj101","?","wilsj105","fonsl101","fribb101","hubec101","sandh101","burng101","harpg101","willc103","","","","43","F","F",9,3,2,"T","T",0,"F","F",1,"F","F",0,"F","F",4,"G","F","F","",0,0,"N",0,"N",0,"N",0,0,0,0,"43","","","","F","F","F","F","F","F","F","F","F","","","","F","F","F","F","F","","","","",0,3,0,0,4,0,0,0,0,41,"PHI","PIT","PHI",0,"F","T",3,2,0,20,2,"T","F",0,0,"T","T","barnc102","trayp101","T","T",0,0,0,0,0,0,0,0,0,"","","",0,0,0,0,0,0,0,0,0,0,0,0,0,"fribb101","F","F","F","F",0,0,0,0,0,0,0,0,0,0,F,F,"1925PHI.EVN.regular.event.csv",3463
"PHI192507200","PIT",5,1,0,0,0,"",3,2,"sandh101","?","sandh101","?","meadl101","?","meadl101","?","smite106","grang102","moore102","trayp101","wrigg102","barnc102","carem101","cuylk101","","","","S8","T","F",6,1,20,"T","T",1,"F","F",0,"F","F",0,"F","F",8,"","F","F","",0,0,"N",0,"N",0,"N",1,0,0,0,"","","","","F","F","F","F","F","F","F","F","F","","","","F","F","F","F","F","","","","",0,0,0,0,0,0,0,0,0,42,"PHI","PHI","PIT",1,"T","F",2,3,0,18,0,"T","F",0,1,"T","T","willc103","burng101","T","T",0,0,0,0,0,0,0,0,0,"","","",0,0,0,0,0,0,0,0,0,0,0,0,0,"carem101","F","F","F","F",0,0,0,0,0,0,0,0,0,0,F,F,"1925PHI.EVN.regular.event.csv",3464
"PHI192507200","PIT",5,1,0,0,0,"",3,2,"willc103","?","willc103","?","meadl101","?","meadl101","?","smite106","grang102","moore102","trayp101","wrigg102","barnc102","carem101","cuylk101","sandh101","","","2/FL","F","F",9,2,2,"T","T",0,"F","F",1,"F","F",0,"F","F",2,"F","F","T","",0,0,"N",0,"N",0,"N",0,1,0,0,"2","","","","F","F","F","F","F","F","F","F","F","meadl101","","","F","F","F","F","F","","","","",0,2,0,0,0,0,0,0,0,43,"PHI","PHI","PIT",1,"F","F",2,3,0,19,1,"T","F",1,1,"T","T","burng101","harpg101","T","T",6,1,42,0,0,0,0,0,0,"smite106","","",0,0,0,0,0,0,0,0,0,0,0,0,0,"smite106","F","F","F","F",0,0,0,0,0,0,0,0,0,0,F,F,"1925PHI.EVN.regular.event.csv",3465
"PHI192507200","PIT",5,1,1,0,0,"",3,2,"burng101","?","burng101","?","meadl101","?","meadl101","?","smite106","grang102","moore102","trayp101","wrigg102","barnc102","carem101","cuylk101","sandh101","","","6(1)3/GDP","F","F",7,3,2,"T","T",0,"F","F",2,"T","F",0,"F","F",6,"G","F","F","",0,0,"N",0,"N",0,"N",0,0,0,0,"63","6","","","F","F","F","F","F","F","F","F","F","meadl101","","","F","F","F","F","F","","","","",0,6,3,0,6,0,0,0,0,44,"PHI","PHI","PIT",1,"F","T",2,3,0,20,2,"T","F",1,0,"T","T","harpg101","wilsj105","T","T",6,1,42,0,0,0,0,0,0,"smite106","","",0,0,0,0,0,0,0,0,0,0,0,0,0,"wrigg102","T","F","F","F",0,0,0,0,0,0,0,0,0,0,F,F,"1925PHI.EVN.regular.event.csv",3466
"PHI192507200","PIT",6,0,0,0,0,"",3,2,"barnc102","?","barnc102","?","ringj101","?","ringj101","?","wilsj105","fonsl101","fribb101","hubec101","sandh101","burng101","harpg101","willc103","","","","K23","T","F",7,4,3,"T","T",0,"F","F",1,"F","F",0,"F","F",0,"","F","F","",0,0,"N",0,"N",0,"N",0,0,0,0,"23","","","","F","F","F","F","F","F","F","F","F","","","","F","F","F","F","F","","","","",0,3,0,0,2,0,0,0,0,45,"PHI","PIT","PHI",0,"T","F",3,2,0,21,0,"T","F",0,0,"T","T","trayp101","wrigg102","T","T",0,0,0,0,0,0,0,0,0,"","","",0,0,0,0,0,0,0,0,0,0,0,0,0,"","F","F","F","F",0,0,0,0,0,0,0,0,0,0,F,F,"1925PHI.EVN.regular.event.csv",3467
"PHI192507200","PIT",6,0,1,0,0,"",3,2,"trayp101","?","trayp101","?","ringj101","?","ringj101","?","wilsj105","fonsl101","fribb101","hubec101","sandh101","burng101","harpg101","willc103","","","","S9","F","F",5,5,20,"T","T",1,"F","F",0,"F","F",0,"F","F",9,"","F","F","",0,0,"N",0,"N",0,"N",1,0,0,0,"","","","","F","F","F","F","F","F","F","F","F","","","","F","F","F","F","F","","","","",0,0,0,0,0,0,0,0,0,46,"PHI","PIT","PHI",0,"F","F",3,2,0,22,1,"T","F",0,1,"T","T","wrigg102","grang102","T","T",0,0,0,0,0,0,0,0,0,"","","",0,0,0,0,0,0,0,0,0,0,0,0,0,"willc103","F","F","F","F",0,0,0,0,0,0,0,0,0,0,F,F,"1925PHI.EVN.regular.event.csv",3468
"PHI192507200","PIT",6,0,1,0,0,"",3,2,"wrigg102","?","wrigg102","?","ringj101","?","ringj101","?","wilsj105","fonsl101","fribb101","hubec101","sandh101","burng101","harpg101","willc103","trayp101","","","9/F","F","F",6,6,2,"T","T",0,"F","F",1,"F","F",0,"F","F",9,"F","F","F","",0,0,"N",0,"N",0,"N",0,1,0,0,"9","","","","F","F","F","F","F","F","F","F","F","ringj101","","","F","F","F","F","F","","","","",0,9,0,0,0,0,0,0,0,47,"PHI","PIT","PHI",0,"F","F",3,2,0,23,2,"T","F",1,1,"T","T","grang102","smite106","T","T",5,5,46,0,0,0,0,0,0,"wilsj105","","",0,0,0,0,0,0,0,0,0,0,0,0,0,"willc103","F","F","F","F",0,0,0,0,0,0,0,0,0,0,F,F,"1925PHI.EVN.regular.event.csv",3469
"PHI192507200","PIT",6,0,2,0,0,"",3,2,"grang102","?","grang102","?","ringj101","?","ringj101","?","wilsj105","fonsl101","fribb101","hubec101","sandh101","burng101","harpg101","willc103","trayp101","","","D7/G5L.1-3","F","F",3,7,21,"T","T",2,"F","F",0,"F","F",0,"F","F",7,"G","F","F","5L",0,0,"N",0,"N",0,"N",2,3,0,0,"","","","","F","F","F","F","F","F","F","F","F","ringj101","","","F","F","F","F","F","","","","",0,0,0,0,0,0,0,0,0,48,"PHI","PIT","PHI",0,"F","F",3,2,0,24,3,"T","F",1,6,"T","T","smite106","meadl101","T","T",5,5,46,0,0,0,0,0,0,"wilsj105","","",0,0,0,0,0,0,0,0,0,0,0,0,0,"burng101","F","F","F","F",0,0,0,0,0,0,0,0,0,0,F,F,"1925PHI.EVN.regular.event.csv",3470
"PHI192507200","PIT",6,0,2,0,0,"",3,2,"smite106","?","smite106","?","ringj101","?","ringj101","?","wilsj105","fonsl101","fribb101","hubec101","sandh101","burng101","harpg101","willc103","","grang102","trayp101","IW","F","F",2,8,15,"T","F",0,"F","F",0,"F","F",0,"F","F",0,"","F","F","",0,0,"N",0,"N",0,"N",1,0,2,3,"","","","","F","F","F","F","F","F","F","F","F","","ringj101","ringj101","F","F","F","F","F","","","","",0,0,0,0,0,0,0,0,0,49,"PHI","PIT","PHI",0,"F","F",3,2,0,25,4,"T","F",6,7,"T","T","meadl101","carem101","T","T",0,0,0,3,7,48,5,5,46,"","wilsj105","wilsj105",0,0,0,0,0,0,0,0,0,0,0,0,0,"","F","F","F","F",0,0,0,0,0,0,0,0,0,0,F,F,"1925PHI.EVN.regular.event.csv",3471
"PHI192507200","PIT",6,0,2,0,0,"",3,2,"meadl101","?","meadl101","?","ringj101","?","ringj101","?","wilsj105","fonsl101","fribb101","hubec101","sandh101","burng101","harpg101","willc103","smite106","grang102","trayp101","K","F","F",1,9,3,"T","T",0,"F","F",1,"F","F",0,"F","F",0,"","F","F","",0,0,"N",0,"N",0,"N",0,1,2,3,"2","","","","F","F","F","F","F","F","F","F","F","ringj101","ringj101","ringj101","F","F","F","F","F","","","","",0,2,0,0,0,0,0,0,0,50,"PHI","PIT","PHI",0,"F","T",3,2,0,26,5,"T","F",7,7,"T","T","carem101","moore102","T","T",2,8,49,3,7,48,5,5,46,"wilsj105","wilsj105","wilsj105",0,0,0,0,0,0,0,0,0,0,0,0,0,"","F","F","F","F",0,0,0,0,0,0,0,0,0,0,F,F,"1925PHI.EVN.regular.event.csv",3472
"PHI192507200","PIT",6,1,0,0,0,"",3,2,"harpg101","?","harpg101","?","meadl101","?","meadl101","?","smite106","grang102","moore102","trayp101","wrigg102","barnc102","carem101","cuylk101","","","","8/F","T","F",8,4,2,"T","T",0,"F","F",1,"F","F",0,"F","F",8,"F","F","F","",0,0,"N",0,"N",0,"N",0,0,0,0,"8","","","","F","F","F","F","F","F","F","F","F","","","","F","F","F","F","F","","","","",0,8,0,0,0,0,0,0,0,51,"PHI","PHI","PIT",1,"T","F",2,3,0,21,0,"T","F",0,0,"T","T","wilsj105","fonsl101","T","T",0,0,0,0,0,0,0,0,0,"","","",0,0,0,0,0,0,0,0,0,0,0,0,0,"carem101","F","F","F","F",0,0,0,0,1,0,0,0,0,0,F,F,"1925PHI.EVN.regular.event.csv",3473
"PHI192507200","PIT",6,1,1,0,0,"",3,2,"wilsj105","?","wilsj105","?","meadl101","?","meadl101","?","smite106","grang102","moore102","trayp101","wrigg102","barnc102","carem101","cuylk101","","","","D9/F9DW","F","F",2,5,21,"T","T",2,"F","F",0,"F","F",0,"F","F",9,"F","F","F","9DW",0,0,"N",0,"N",0,"N",2,0,0,0,"","","","","F","F","F","F","F","F","F","F","F","","","","F","F","F","F","F","","","","",0,0,0,0,0,0,0,0,0,52,"PHI","PHI","PIT",1,"F","F",2,3,0,22,1,"T","F",0,2,"T","T","fonsl101","hubec101","T","T",0,0,0,0,0,0,0,0,0,"","","",0,0,0,0,0,0,0,0,0,0,0,0,0,"cuylk101","F","F","F","F",4,0,0,0,1,0,0,0,0,0,F,F,"1925PHI.EVN.regular.event.csv",3474
"PHI192507200","PIT",6,1,1,0,0,"",3,2,"fonsl101","?","fonsl101","?","meadl101","?","meadl101","?","smite106","grang102","moore102","trayp101","wrigg102","barnc102","carem101","cuylk101","","wilsj105","","D9/89.2-H","F","F",3,6,21,"T","T",2,"F","F",0,"F","F",1,"F","F",9,"","F","F","89",0,0,"N",0,"N",0,"N",2,0,4,0,"","","","","F","F","F","F","F","F","F","F","F","","meadl101","","F","F","F","F","F","","","","",0,0,0,0,0,0,0,0,0,53,"PHI","PHI","PIT",1,"F","F",2,3,0,23,2,"T","F",2,2,"T","T","hubec101","fribb101","T","T",0,0,0,2,5,52,0,0,0,"","smite106","",0,0,0,0,0,0,0,0,0,0,0,0,1,"cuylk101","F","F","F","F",0,0,4,0,0,0,0,0,0,0,F,F,"1925PHI.EVN.regular.event.csv",3475
"PHI192507200","PIT",6,1,1,0,0,"",3,3,"hubec101","?","hubec101","?","meadl101","?","meadl101","?","smite106","grang102","moore102","trayp101","wrigg102","barnc102","carem101","cuylk101","","fonsl101","","5/P","F","F",5,7,2,"T","T",0,"F","F",1,"F","F",0,"F","F",5,"P","F","F","",0,0,"N",0,"N",0,"N",0,0,2,0,"5","","","","F","F","F","F","F","F","F","F","F","","meadl101","","F","F","F","F","F","","","","",0,5,0,0,0,0,0,0,0,54,"PHI","PHI","PIT",1,"F","F",3,3,1,24,3,"T","F",2,2,"T","T","fribb101","ringj101","T","T",0,0,0,3,6,53,0,0,0,"","smite106","",0,0,0,0,0,0,0,0,0,0,0,0,0,"trayp101","F","F","F","F",0,0,0,0,0,0,0,0,0,0,F,F,"1925PHI.EVN.regular.event.csv",3476
"PHI192507200","PIT",6,1,2,0,0,"",3,3,"fribb101","?","fribb101","?","meadl101","?","meadl101","?","smite106","grang102","moore102","trayp101","wrigg102","barnc102","carem101","cuylk101","","fonsl101","","63","F","F",4,8,2,"T","T",0,"F","F",1,"F","F",0,"F","F",6,"G","F","F","",0,0,"N",0,"N",0,"N",0,0,2,0,"63","","","","F","F","F","F","F","F","F","F","F","","meadl101","","F","F","F","F","F","","","","",0,3,0,0,6,0,0,0,0,55,"PHI","PHI","PIT",1,"F","T",3,3,1,25,4,"T","F",2,2,"T","T","ringj101","sandh101","T","T",0,0,0,3,6,53,0,0,0,"","smite106","",0,0,0,0,0,0,0,0,0,0,0,0,0,"wrigg102","F","F","F","F",0,0,0,0,0,0,0,0,0,0,F,F,"1925PHI.EVN.regular.event.csv",3477
"PHI192507200","PIT",7,0,0,0,0,"",3,3,"carem101","?","carem101","?","ringj101","?","ringj101","?","wilsj105","fonsl101","fribb101","hubec101","sandh101","burng101","harpg101","willc103","","","","7/F","T","F",8,1,2,"T","T",0,"F","F",1,"F","F",0,"F","F",7,"F","F","F","",0,0,"N",0,"N",0,"N",0,0,0,0,"7","","","","F","F","F","F","F","F","F","F","F","","","","F","F","F","F","F","","","","",0,7,0,0,0,0,0,0,0,56,"PHI","PIT","PHI",0,"T","F",3,3,0,27,0,"T","F",0,0,"T","T","moore102","cuylk101","T","T",0,0,0,0,0,0,0,0,0,"","","",0,0,0,0,0,0,0,0,0,0,0,0,0,"burng101","F","F","F","F",0,0,0,0,0,0,0,0,0,0,F,F,"1925PHI.EVN.regular.event.csv",3478
"PHI192507200","PIT",7,0,1,0,0,"",3,3,"moore102","?","moore102","?","ringj101","?","ringj101","?","wilsj105","fonsl101","fribb101","hubec101","sandh101","burng101","harpg101","willc103","","","","S7","F","F",4,2,20,"T","T",1,"F","F",0,"F","F",0,"F","F",7,"","F","F","",0,0,"N",0,"N",0,"N",1,0,0,0,"","","","","F","F","F","F","F","F","F","F","F","","","","F","F","F","F","F","","","","",0,0,0,0,0,0,0,0,0,57,"PHI","PIT","PHI",0,"F","F",3,3,0,28,1,"T","F",0,1,"T","T","cuylk101","barnc102","T","T",0,0,0,0,0,0,0,0,0,"","","",0,0,0,0,0,0,0,0,0,0,0,0,0,"burng101","F","F","F","F",0,0,0,0,0,0,0,0,0,0,F,F,"1925PHI.EVN.regular.event.csv",3479
"PHI192507200","PIT",7,0,1,0,0,"",3,3,"cuylk101","?","cuylk101","?","ringj101","?","ringj101","?","wilsj105","fonsl101","fribb101","hubec101","sandh101","burng101","harpg101","willc103","moore102","","","36(1)/FO","F","F",9,3,2,"T","T",0,"F","F",1,"F","F",0,"F","F",3,"G","F","F","",0,0,"N",0,"N",0,"N",1,0,0,0,"","36","","","F","F","F","F","F","F","F","F","F","ringj101","","","F","F","F","F","F","","","","",0,6,0,0,3,0,0,0,0,58,"PHI","PIT","PHI",0,"F","F",3,3,0,29,2,"T","F",1,1,"T","T","barnc102","trayp101","T","T",4,2,57,0,0,0,0,0,0,"wilsj105","","",0,0,0,0,0,0,0,0,0,0,0,0,0,"fonsl101","T","F","F","F",0,0,0,0,0,0,0,0,0,0,F,F,"1925PHI.EVN.regular.event.csv",3480
"PHI192507200","PIT",7,0,2,0,0,"",3,3,"barnc102","?","barnc102","?","ringj101","?","ringj101","?","wilsj105","fonsl101","fribb101","hubec101","sandh101","burng101","harpg101","willc103","cuylk101","","","13","F","F",7,4,2,"T","T",0,"F","F",1,"F","F",0,"F","F",1,"G","F","F","",0,0,"N",0,"N",0,"N",0,1,0,0,"13","","","","F","F","F","F","F","F","F","F","F","ringj101","","","F","F","F","F","F","","","","",0,3,0,0,1,0,0,0,0,59,"PHI","PIT","PHI",0,"F","T",3,3,0,30,3,"T","F",1,1,"T","T","trayp101","wrigg102","T","T",9,3,58,0,0,0,0,0,0,"wilsj105","","",0,0,0,0,0,0,0,0,0,0,0,0,0,"ringj101","F","F","F","F",0,0,0,0,0,0,0,0,0,0,F,F,"1925PHI.EVN.regular.event.csv",3481
"PHI192507200","PIT",7,1,0,0,0,"",3,3,"ringj101","?","ringj101","?","meadl101","?","meadl101","?","smite106","grang102","moore102","trayp101","wrigg102","barnc102","carem101","cuylk101","","","","S8/G46","T","F",1,9,20,"T","T",1,"F","F",0,"F","F",0,"F","F",8,"G","F","F","46",0,0,"N",0,"N",0,"N",1,0,0,0,"","","","","F","F","F","F","F","F","F","F","F","","","","F","F","F","F","F","","","","",0,0,0,0,0,0,0,0,0,60,"PHI","PHI","PIT",1,"T","F",3,3,0,26,0,"T","F",0,1,"T","T","sandh101","willc103","T","T",0,0,0,0,0,0,0,0,0,"","","",0,0,0,0,0,0,0,0,0,0,0,0,0,"carem101","F","F","F","F",4,0,0,0,2,0,0,0,0,0,F,F,"1925PHI.EVN.regular.event.csv",3482
"PHI192507200","PIT",7,1,0,0,0,"",3,3,"sandh101","?","sandh101","?","meadl101","?","meadl101","?","smite106","grang102","moore102","trayp101","wrigg102","barnc102","carem101","cuylk101","ringj101","","","34/SH.1-2","F","F",6,1,2,"T","F",0,"T","F",1,"F","F",0,"F","F",3,"G","T","F","",0,0,"N",0,"N",0,"N",0,2,0,0,"34","","","","F","F","F","F","F","F","F","F","F","meadl101","","","F","F","F","F","F","","","","",0,4,0,0,3,0,0,0,0,61,"PHI","PHI","PIT",1,"F","F",3,3,0,27,1,"T","F",1,2,"T","T","willc103","burng101","T","T",1,9,60,0,0,0,0,0,0,"smite106","","",0,0,0,0,0,0,0,0,0,0,0,0,0,"grang102","F","F","F","F",0,4,0,0,2,0,0,0,0,0,F,F,"1925PHI.EVN.regular.event.csv",3483
"PHI192507200","PIT",7,1,1,0,0,"",3,3,"willc103","?","willc103","?","meadl101","?","meadl101","?","smite106","grang102","moore102","trayp101","wrigg102","barnc102","carem101","cuylk101","","ringj101","","K","F","F",9,2,3,"T","T",0,"F","F",1,"F","F",0,"F","F",0,"","F","F","",0,0,"N",0,"N",0,"N",0,0,2,0,"2","","","","F","F","F","F","F","F","F","F","F","","meadl101","","F","F","F","F","F","","","","",0,2,0,0,0,0,0,0,0,62,"PHI","PHI","PIT",1,"F","F",3,3,0,28,2,"T","F",2,2,"T","T","burng101","harpg101","T","T",0,0,0,1,9,60,0,0,0,"","smite106","",0,0,0,0,0,0,0,0,0,0,0,0,0,"","F","F","F","F",0,0,4,0,2,0,0,0,0,0,F,F,"1925PHI.EVN.regular.event.csv",3484
"PHI192507200","PIT",7,1,2,3,0,"BBBB",3,3,"wrigr102","?","wrigr102","?","meadl101","?","meadl101","?","smite106","grang102","moore102","trayp101","wrigg102","barnc102","carem101","cuylk101","","ringj101","","W","F","T",11,3,14,"T","F",0,"F","F",0,"F","F",0,"F","F",0,"","F","F","",0,0,"N",0,"N",0,"N",1,0,2,0,"","","","","F","F","F","F","F","F","F","F","F","","meadl101","","F","F","F","F","F","","","","burng101",7,0,0,0,0,0,0,0,0,63,"PHI","PHI","PIT",1,"F","F",3,3,0,29,3,"T","F",2,3,"F","F","harpg101","wilsj105","T","T",0,0,0,1,9,60,0,0,0,"","smite106","",4,4,0,0,0,0,0,0,0,0,0,0,0,"","F","F","F","F",4,0,4,0,2,0,0,0,0,0,F,F,"1925PHI.EVN.regular.event.csv",3485
"PHI192507200","PIT",7,1,2,0,0,"",3,3,"harpg101","?","harpg101","?","meadl101","?","meadl101","?","smite106","grang102","moore102","trayp101","wrigg102","barnc102","carem101","cuylk101","betth101","ringj101","","D/L89XDW.2-H;1-3","F","F",8,4,21,"T","T",2,"F","F",0,"F","F",1,"F","F",0,"L","F","F","89XDW",0,0,"N",0,"N",0,"N",2,3,4,0,"","","","","F","F","F","F","F","F","F","F","F","meadl101","meadl101","","F","F","T","F","F","wrigr102","","","",0,0,0,0,0,0,0,0,0,64,"PHI","PHI","PIT",1,"F","F",3,3,0,30,4,"T","F",3,6,"T","T","wilsj105","fonsl101","T","T",0,3,63,1,9,60,0,0,0,"smite106","smite106","",0,0,0,0,0,0,0,0,0,0,0,0,1,"","F","F","F","F",3,4,4,0,1,0,0,0,0,0,F,F,"1925PHI.EVN.regular.event.csv",3486
"PHI192507200","PIT",7,1,2,0,0,"",3,4,"wilsj105","?","wilsj105","?","meadl101","?","meadl101","?","smite106","grang102","moore102","trayp101","wrigg102","barnc102","carem101","cuylk101","","harpg101","betth101","WP.3-H;2-3","F","F",2,5,9,"F","F",0,"F","F",0,"F","F",0,"T","F",0,"","F","F","",0,0,"N",0,"N",0,"N",0,0,3,4,"","","","","F","F","F","F","F","F","F","F","F","","meadl101","meadl101","F","F","F","F","F","","","","",0,0,0,0,0,0,0,0,0,65,"PHI","PHI","PIT",1,"F","F",4,3,1,31,5,"T","F",6,4,"T","T","fonsl101","hubec101","T","T",0,0,0,8,4,64,0,3,63,"","smite106","smite106",0,0,0,0,0,0,0,0,0,0,0,0,1,"","F","F","F","F",0,0,3,4,0,0,0,0,0,0,F,F,"1925PHI.EVN.regular.event.csv",3487
"PHI192507200","PIT",7,1,2,0,0,"",3,5,"wilsj105","?","wilsj105","?","meadl101","?","meadl101","?","smite106","grang102","moore102","trayp101","wrigg102","barnc102","carem101","cuylk101","","","harpg101","IW","F","F",2,5,15,"T","F",0,"F","F",0,"F","F",0,"F","F",0,"","F","F","",0,0,"N",0,"N",0,"N",1,0,0,3,"","","","","F","F","F","F","F","F","F","F","F","","","meadl101","F","F","F","F","F","","","","",0,0,0,0,0,0,0,0,0,66,"PHI","PHI","PIT",1,"F","F",5,3,2,31,5,"F","F",4,5,"T","T","fonsl101","hubec101","T","T",0,0,0,0,0,0,8,4,64,"","","smite106",0,0,0,0,0,0,0,0,0,0,0,0,0,"","F","F","F","F",1,0,0,3,0,0,0,0,0,0,F,F,"1925PHI.EVN.regular.event.csv",3488
"PHI192507200","PIT",7,1,2,0,0,"",3,5,"fonsl101","?","fonsl101","?","meadl101","?","meadl101","?","smite106","grang102","moore102","trayp101","wrigg102","barnc102","carem101","cuylk101","wilsj105","","harpg101","8/L8D","F","F",3,6,2,"T","T",0,"F","F",1,"F","F",0,"F","F",8,"L","F","F","8D",0,0,"N",0,"N",0,"N",0,1,0,3,"8","","","","F","F","F","F","F","F","F","F","F","meadl101","","meadl101","F","F","F","F","F","","","","",0,8,0,0,0,0,0,0,0,67,"PHI","PHI","PIT",1,"F","T",5,3,2,32,6,"T","F",5,5,"T","T","hubec101","fribb101","T","T",2,5,66,0,0,0,8,4,64,"smite106","","smite106",0,0,0,0,0,0,0,0,0,0,0,0,0,"carem101","F","F","F","F",0,1,0,3,0,0,0,0,0,0,F,F,"1925PHI.EVN.regular.event.csv",3489
"PHI192507200","PIT",8,0,0,0,0,"",3,5,"trayp101","?","trayp101","?","ringj101","?","ringj101","?","wilsj105","fonsl101","fribb101","hubec101","sandh101","mokaj101","harpg101","willc103","","","","K/C","T","F",5,5,3,"T","T",0,"F","F",1,"F","F",0,"F","F",0,"","F","F","",0,0,"N",0,"N",0,"N",0,0,0,0,"2","","","","F","F","F","F","F","F","F","F","F","","","","F","F","F","F","F","","","","",0,2,0,0,0,0,0,0,0,68,"PHI","PIT","PHI",0,"T","F",3,5,0,31,0,"T","F",0,0,"T","T","wrigg102","grang102","T","T",0,0,0,0,0,0,0,0,0,"","","",0,0,0,0,0,0,0,0,0,0,0,0,0,"","F","F","F","F",0,0,0,0,0,0,0,0,0,0,F,F,"1925PHI.EVN.regular.event.csv",3490
"PHI192507200","PIT",8,0,1,0,0,"",3,5,"wrigg102","?","wrigg102","?","ringj101","?","ringj101","?","wilsj105","fonsl101","fribb101","hubec101","sandh101","mokaj101","harpg101","willc103","","","","S8","F","F",6,6,20,"T","T",1,"F","F",0,"F","F",0,"F","F",8,"","F","F","",0,0,"N",0,"N",0,"N",1,0,0,0,"","","","","F","F","F","F","F","F","F","F","F","","","","F","F","F","F","F","","","","",0,0,0,0,0,0,0,0,0,69,"PHI","PIT","PHI",0,"F","F",3,5,0,32,1,"T","F",0,1,"T","T","grang102","smite106","T","T",0,0,0,0,0,0,0,0,0,"","","",0,0,0,0,0,0,0,0,0,0,0,0,0,"harpg101","F","F","F","F",2,0,0,0,0,0,0,0,0,0,F,F,"1925PHI.EVN.regular.event.csv",3491
"PHI192507200","PIT",8,0,1,0,0,"",3,5,"grang102","?","grang102","?","ringj101","?","ringj101","?","wilsj105","fonsl101","fribb101","hubec101","sandh101","mokaj101","harpg101","willc103","wrigg102","","","63.1-2","F","F",3,7,2,"T","T",0,"F","F",1,"F","F",0,"F","F",6,"G","F","F","",0,0,"N",0,"N",0,"N",0,2,0,0,"63","","","","F","F","F","F","F","F","F","F","F","ringj101","","","F","F","F","F","F","","","","",0,3,0,0,6,0,0,0,0,70,"PHI","PIT","PHI",0,"F","F",3,5,0,33,2,"T","F",1,2,"T","T","smite106","meadl101","T","T",6,6,69,0,0,0,0,0,0,"wilsj105","","",0,0,0,0,0,0,0,0,0,0,0,0,0,"sandh101","F","F","F","F",0,2,0,0,0,0,0,0,0,0,F,F,"1925PHI.EVN.regular.event.csv",3492
"PHI192507200","PIT",8,0,2,0,0,"",3,5,"smite106","?","smite106","?","ringj101","?","ringj101","?","wilsj105","fonsl101","fribb101","hubec101","sandh101","mokaj101","harpg101","willc103","","wrigg102","","W","F","F",2,8,14,"T","F",0,"F","F",0,"F","F",0,"F","F",0,"","F","F","",0,0,"N",0,"N",0,"N",1,0,2,0,"","","","","F","F","F","F","F","F","F","F","F","","ringj101","","F","F","F","F","F","","","","",0,0,0,0,0,0,0,0,0,71,"PHI","PIT","PHI",0,"F","F",3,5,0,34,3,"T","F",2,3,"T","T","meadl101","carem101","T","T",0,0,0,6,6,69,0,0,0,"","wilsj105","",0,0,0,0,0,0,0,0,0,0,0,0,0,"","F","F","F","F",0,0,2,0,0,0,0,0,0,0,F,F,"1925PHI.EVN.regular.event.csv",3493
"PHI192507200","PIT",8,0,2,0,0,"",3,5,"mcins101","?","mcins101","?","ringj101","?","ringj101","?","wilsj105","fonsl101","fribb101","hubec101","sandh101","mokaj101","harpg101","willc103","bigbc101","wrigg102","","4(1)/FO/G4M","F","T",11,9,2,"T","T",0,"F","F",1,"F","F",0,"F","F",4,"G","F","F","4M",0,0,"N",0,"N",0,"N",1,0,2,0,"","4","","","F","F","F","F","F","F","F","F","F","ringj101","ringj101","","F","F","T","F","F","smite106","","","meadl101",1,4,0,0,0,0,0,0,0,72,"PHI","PIT","PHI",0,"F","T",3,5,0,35,4,"T","F",3,3,"F","F","carem101","moore102","T","T",12,8,71,6,6,69,0,0,0,"wilsj105","wilsj105","",0,0,0,0,0,0,0,0,0,0,0,0,0,"fribb101","T","F","F","F",1,0,2,0,0,0,0,0,0,0,F,F,"1925PHI.EVN.regular.event.csv",3494
"PHI192507200","PIT",8,1,0,0,0,"",3,5,"hubec101","?","hubec101","?","adamb104","?","adamb104","?","goocj101","grang102","moore102","trayp101","wrigg102","barnc102","carem101","cuylk101","","","","HR/F9D","T","F",5,7,23,"T","T",4,"F","F",0,"F","F",1,"F","F",0,"F","F","F","9D",0,0,"N",0,"N",0,"N",4,0,0,0,"","","","","F","F","F","F","F","F","F","F","F","","","","F","F","F","F","F","","","","",0,0,0,0,0,0,0,0,0,73,"PHI","PHI","PIT",1,"T","F",5,3,0,33,0,"T","F",0,0,"T","T","fribb101","ringj101","F","F",0,0,0,0,0,0,0,0,0,"","","",0,0,0,0,0,0,0,0,0,0,0,0,1,"","F","F","F","F",4,0,0,0,0,0,0,0,0,0,F,F,"1925PHI.EVN.regular.event.csv",3495
"PHI192507200","PIT",8,1,0,0,0,"",3,6,"fribb101","?","fribb101","?","adamb104","?","adamb104","?","goocj101","grang102","moore102","trayp101","wrigg102","barnc102","carem101","cuylk101","","","","4/P","F","F",4,8,2,"T","T",0,"F","F",1,"F","F",0,"F","F",4,"P","F","F","",0,0,"N",0,"N",0,"N",0,0,0,0,"4","","","","F","F","F","F","F","F","F","F","F","","","","F","F","F","F","F","","","","",0,4,0,0,0,0,0,0,0,74,"PHI","PHI","PIT",1,"F","F",6,3,1,34,1,"T","F",0,0,"T","T","ringj101","sandh101","F","F",0,0,0,0,0,0,0,0,0,"","","",0,0,0,0,0,0,0,0,0,0,0,0,0,"moore102","F","F","F","F",0,0,0,0,0,0,0,0,0,0,F,F,"1925PHI.EVN.regular.event.csv",3496
"PHI192507200","PIT",8,1,1,0,0,"",3,6,"ringj101","?","ringj101","?","adamb104","?","adamb104","?","goocj101","grang102","moore102","trayp101","wrigg102","barnc102","carem101","cuylk101","","","","13","F","F",1,9,2,"T","T",0,"F","F",1,"F","F",0,"F","F",1,"G","F","F","",0,0,"N",0,"N",0,"N",0,0,0,0,"13","","","","F","F","F","F","F","F","F","F","F","","","","F","F","F","F","F","","","","",0,3,0,0,1,0,0,0,0,75,"PHI","PHI","PIT",1,"F","F",6,3,1,35,2,"T","F",0,0,"T","T","sandh101","willc103","F","F",0,0,0,0,0,0,0,0,0,"","","",0,0,0,0,0,0,0,0,0,0,0,0,0,"adamb104","F","F","F","F",0,0,0,0,0,0,0,0,0,0,F,F,"1925PHI.EVN.regular.event.csv",3497
"PHI192507200","PIT",8,1,2,0,0,"",3,6,"sandh101","?","sandh101","?","adamb104","?","adamb104","?","goocj101","grang102","moore102","trayp101","wrigg102","barnc102","carem101","cuylk101","","","","S8","F","F",6,1,20,"T","T",1,"F","F",0,"F","F",0,"F","F",8,"","F","F","",0,0,"N",0,"N",0,"N",1,0,0,0,"","","","","F","F","F","F","F","F","F","F","F","","","","F","F","F","F","F","","","","",0,0,0,0,0,0,0,0,0,76,"PHI","PHI","PIT",1,"F","F",6,3,1,36,3,"T","F",0,1,"T","T","willc103","mokaj101","F","F",0,0,0,0,0,0,0,0,0,"","","",0,0,0,0,0,0,0,0,0,0,0,0,0,"carem101","F","F","F","F",0,0,0,0,0,0,0,0,0,0,F,F,"1925PHI.EVN.regular.event.csv",3498
"PHI192507200","PIT",8,1,2,0,0,"",3,6,"willc103","?","willc103","?","adamb104","?","adamb104","?","goocj101","grang102","moore102","trayp101","wrigg102","barnc102","carem101","cuylk101","sandh101","","","K","F","F",9,2,3,"T","T",0,"F","F",1,"F","F",0,"F","F",0,"","F","F","",0,0,"N",0,"N",0,"N",0,1,0,0,"2","","","","F","F","F","F","F","F","F","F","F","adamb104","","","F","F","F","F","F","","","","",0,2,0,0,0,0,0,0,0,77,"PHI","PHI","PIT",1,"F","T",6,3,1,37,4,"T","F",1,1,"T","T","mokaj101","harpg101","F","F",6,1,76,0,0,0,0,0,0,"goocj101","","",0,0,0,0,0,0,0,0,0,0,0,0,0,"","F","F","F","F",0,0,0,0,0,0,0,0,0,0,F,F,"1925PHI.EVN.regular.event.csv",3499
"PHI192507200","PIT",9,0,0,0,0,"",3,6,"carem101","?","carem101","?","ringj101","?","ringj101","?","wilsj105","fonsl101","fribb101","hubec101","sandh101","mokaj101","harpg101","willc103","","","","4/P","T","F",8,1,2,"T","T",0,"F","F",1,"F","F",0,"F","F",4,"P","F","F","",0,0,"N",0,"N",0,"N",0,0,0,0,"4","","","","F","F","F","F","F","F","F","F","F","","","","F","F","F","F","F","","","","",0,4,0,0,0,0,0,0,0,78,"PHI","PIT","PHI",0,"T","F",3,6,0,36,0,"T","F",0,0,"T","T","moore102","cuylk101","T","T",0,0,0,0,0,0,0,0,0,"","","",0,0,0,0,0,0,0,0,0,0,0,0,0,"fribb101","F","F","F","F",0,0,0,0,0,0,0,0,0,0,F,F,"1925PHI.EVN.regular.event.csv",3500
"PHI192507200","PIT",9,0,1,0,0,"",3,6,"moore102","?","moore102","?","ringj101","?","ringj101","?","wilsj105","fonsl101","fribb101","hubec101","sandh101","mokaj101","harpg101","willc103","","","","7/L","F","F",4,2,2,"T","T",0,"F","F",1,"F","F",0,"F","F",7,"L","F","F","",0,0,"N",0,"N",0,"N",0,0,0,0,"7","","","","F","F","F","F","F","F","F","F","F","","","","F","F","F","F","F","","","","",0,7,0,0,0,0,0,0,0,79,"PHI","PIT","PHI",0,"F","F",3,6,0,37,1,"T","F",0,0,"T","T","cuylk101","barnc102","T","T",0,0,0,0,0,0,0,0,0,"","","",0,0,0,0,0,0,0,0,0,0,0,0,0,"mokaj101","F","F","F","F",0,0,0,0,0,0,0,0,0,0,F,F,"1925PHI.EVN.regular.event.csv",3501
"PHI192507200","PIT",9,0,2,0,0,"",3,6,"cuylk101","?","cuylk101","?","ringj101","?","ringj101","?","wilsj105","fonsl101","fribb101","hubec101","sandh101","mokaj101","harpg101","willc103","","","","63","F","F",9,3,2,"T","T",0,"F","F",1,"F","F",0,"F","F",6,"G","F","F","",0,0,"N",0,"N",0,"N",0,0,0,0,"63","","","","F","F","F","F","F","F","F","F","F","","","","F","T","F","F","F","","","","",0,3,0,0,6,0,0,0,0,80,"PHI","PIT","PHI",0,"F","T",3,6,0,38,2,"T","F",0,0,"T","T","barnc102","trayp101","T","T",0,0,0,0,0,0,0,0,0,"","","",0,0,0,0,0,0,0,0,0,0,0,0,0,"sandh101","F","F","F","F",0,0,0,0,0,0,0,0,0,0,F,F,"1925PHI.EVN.regular.event.csv",3502
"PHI192507210","PIT",1,0,0,0,0,"",0,0,"carem101","?","carem101","?","mitcc102","?","mitcc102","?","wilsj105","fonsl101","fribb101","hubec101","sandh101","burng101","harpg101","willc103","","","","8/L8XD","T","F",8,1,2,"T","T",0,"F","F",1,"F","F",0,"F","F",8,"L","F","F","8XD",0,0,"N",0,"N",0,"N",0,0,0,0,"8","","","","F","F","F","F","F","F","F","F","F","","","","T","F","F","F","F","","","","",0,8,0,0,0,0,0,0,0,1,"PHI","PIT","PHI",0,"T","F",0,0,0,0,0,"T","F",0,0,"T","T","moore102","cuylk101","T","T",0,0,0,0,0,0,0,0,0,"","","",0,0,0,0,0,0,0,0,0,0,0,0,0,"harpg101","F","F","F","F",0,0,0,0,0,0,0,0,0,0,F,F,"1925PHI.EVN.regular.event.csv",3503
"PHI192507210","PIT",1,0,1,0,0,"",0,0,"moore102","?","moore102","?","mitcc102","?","mitcc102","?","wilsj105","fonsl101","fribb101","hubec101","sandh101","burng101","harpg101","willc103","","","","7/F","F","F",4,2,2,"T","T",0,"F","F",1,"F","F",0,"F","F",7,"F","F","F","",0,0,"N",0,"N",0,"N",0,0,0,0,"7","","","","F","F","F","F","F","F","F","F","F","","","","F","F","F","F","F","","","","",0,7,0,0,0,0,0,0,0,2,"PHI","PIT","PHI",0,"F","F",0,0,0,1,1,"T","F",0,0,"T","T","cuylk101","barnc102","T","T",0,0,0,0,0,0,0,0,0,"","","",0,0,0,0,0,0,0,0,0,0,0,0,0,"burng101","F","F","F","F",0,0,0,0,0,0,0,0,0,0,F,F,"1925PHI.EVN.regular.event.csv",3504
"PHI192507210","PIT",1,0,2,0,0,"",0,0,"cuylk101","?","cuylk101","?","mitcc102","?","mitcc102","?","wilsj105","fonsl101","fribb101","hubec101","sandh101","burng101","harpg101","willc103","","","","63","F","F",9,3,2,"T","T",0,"F","F",1,"F","F",0,"F","F",6,"G","F","F","",0,0,"N",0,"N",0,"N",0,0,0,0,"63","","","","F","F","F","F","F","F","F","F","F","","","","F","F","F","F","F","","","","",0,3,0,0,6,0,0,0,0,3,"PHI","PIT","PHI",0,"F","T",0,0,0,2,2,"T","F",0,0,"T","T","barnc102","trayp101","T","T",0,0,0,0,0,0,0,0,0,"","","",0,0,0,0,0,0,0,0,0,0,0,0,0,"sandh101","F","F","F","F",0,0,0,0,0,0,0,0,0,0,F,F,"1925PHI.EVN.regular.event.csv",3505
"PHI192507210","PIT",1,1,0,0,0,"",0,0,"sandh101","?","sandh101","?","kremr101","?","kremr101","?","spenr101","mcins101","moore102","trayp101","wrigg102","barnc102","carem101","cuylk101","","","","9/F","T","F",6,1,2,"T","T",0,"F","F",1,"F","F",0,"F","F",9,"F","F","F","",0,0,"N",0,"N",0,"N",0,0,0,0,"9","","","","F","F","F","F","F","F","F","F","F","","","","F","F","F","F","F","","","","",0,9,0,0,0,0,0,0,0,4,"PHI","PHI","PIT",1,"T","F",0,0,0,0,0,"T","F",0,0,"T","T","willc103","burng101","T","T",0,0,0,0,0,0,0,0,0,"","","",0,0,0,0,0,0,0,0,0,0,0,0,0,"cuylk101","F","F","F","F",0,0,0,0,0,0,0,0,0,0,F,F,"1925PHI.EVN.regular.event.csv",3506
"PHI192507210","PIT",1,1,1,0,0,"",0,0,"willc103","?","willc103","?","kremr101","?","kremr101","?","spenr101","mcins101","moore102","trayp101","wrigg102","barnc102","carem101","cuylk101","","","","6/P56D","F","F",9,2,2,"T","T",0,"F","F",1,"F","F",0,"F","F",6,"P","F","F","56D",0,0,"N",0,"N",0,"N",0,0,0,0,"6","","","","F","F","F","F","F","F","F","F","F","","","","F","F","F","F","F","","","","",0,6,0,0,0,0,0,0,0,5,"PHI","PHI","PIT",1,"F","F",0,0,0,1,1,"T","F",0,0,"T","T","burng101","harpg101","T","T",0,0,0,0,0,0,0,0,0,"","","",0,0,0,0,0,0,0,0,0,0,0,0,0,"wrigg102","F","F","F","F",0,0,0,0,0,0,0,0,0,0,F,F,"1925PHI.EVN.regular.event.csv",3507
"PHI192507210","PIT",1,1,2,0,0,"",0,0,"burng101","?","burng101","?","kremr101","?","kremr101","?","spenr101","mcins101","moore102","trayp101","wrigg102","barnc102","carem101","cuylk101","","","","9/F","F","F",7,3,2,"T","T",0,"F","F",1,"F","F",0,"F","F",9,"F","F","F","",0,0,"N",0,"N",0,"N",0,0,0,0,"9","","","","F","F","F","F","F","F","F","F","F","","","","F","F","F","F","F","","","","",0,9,0,0,0,0,0,0,0,6,"PHI","PHI","PIT",1,"F","T",0,0,0,2,2,"T","F",0,0,"T","T","harpg101","wilsj105","T","T",0,0,0,0,0,0,0,0,0,"","","",0,0,0,0,0,0,0,0,0,0,0,0,0,"cuylk101","F","F","F","F",0,0,0,0,0,0,0,0,0,0,F,F,"1925PHI.EVN.regular.event.csv",3508
"PHI192507210","PIT",2,0,0,0,0,"",0,0,"barnc102","?","barnc102","?","mitcc102","?","mitcc102","?","wilsj105","fonsl101","fribb101","hubec101","sandh101","burng101","harpg101","willc103","","","","53","T","F",7,4,2,"T","T",0,"F","F",1,"F","F",0,"F","F",5,"G","F","F","",0,0,"N",0,"N",0,"N",0,0,0,0,"53","","","","F","F","F","F","F","F","F","F","F","","","","F","F","F","F","F","","","","",0,3,0,0,5,0,0,0,0,7,"PHI","PIT","PHI",0,"T","F",0,0,0,3,0,"T","F",0,0,"T","T","trayp101","wrigg102","T","T",0,0,0,0,0,0,0,0,0,"","","",0,0,0,0,0,0,0,0,0,0,0,0,0,"hubec101","F","F","F","F",0,0,0,0,0,0,0,0,0,0,F,F,"1925PHI.EVN.regular.event.csv",3509
"PHI192507210","PIT",2,0,1,0,0,"",0,0,"trayp101","?","trayp101","?","mitcc102","?","mitcc102","?","wilsj105","fonsl101","fribb101","hubec101","sandh101","burng101","harpg101","willc103","","","","2/FL","F","F",5,5,2,"T","T",0,"F","F",1,"F","F",0,"F","F",2,"F","F","T","",0,0,"N",0,"N",0,"N",0,0,0,0,"2","","","","F","F","F","F","F","F","F","F","F","","","","F","F","F","F","F","","","","",0,2,0,0,0,0,0,0,0,8,"PHI","PIT","PHI",0,"F","F",0,0,0,4,1,"T","F",0,0,"T","T","wrigg102","mcins101","T","T",0,0,0,0,0,0,0,0,0,"","","",0,0,0,0,0,0,0,0,0,0,0,0,0,"wilsj105","F","F","F","F",0,0,0,0,0,0,0,0,0,0,F,F,"1925PHI.EVN.regular.event.csv",3510
"PHI192507210","PIT",2,0,2,0,0,"",0,0,"wrigg102","?","wrigg102","?","mitcc102","?","mitcc102","?","wilsj105","fonsl101","fribb101","hubec101","sandh101","burng101","harpg101","willc103","","","","43","F","F",6,6,2,"T","T",0,"F","F",1,"F","F",0,"F","F",4,"G","F","F","",0,0,"N",0,"N",0,"N",0,0,0,0,"43","","","","F","F","F","F","F","F","F","F","F","","","","F","F","F","F","F","","","","",0,3,0,0,4,0,0,0,0,9,"PHI","PIT","PHI",0,"F","T",0,0,0,5,2,"T","F",0,0,"T","T","mcins101","spenr101","T","T",0,0,0,0,0,0,0,0,0,"","","",0,0,0,0,0,0,0,0,0,0,0,0,0,"fribb101","F","F","F","F",0,0,0,0,0,0,0,0,0,0,F,F,"1925PHI.EVN.regular.event.csv",3511
"PHI192507210","PIT",2,1,0,0,0,"",0,0,"harpg101","?","harpg101","?","kremr101","?","kremr101","?","spenr101","mcins101","moore102","trayp101","wrigg102","barnc102","carem101","cuylk101","","","","HR/F9D","T","F",8,4,23,"T","T",4,"F","F",0,"F","F",1,"F","F",0,"F","F","F","9D",0,0,"N",0,"N",0,"N",4,0,0,0,"","","","","F","F","F","F","F","F","F","F","F","","","","F","F","F","F","F","","","","",0,0,0,0,0,0,0,0,0,10,"PHI","PHI","PIT",1,"T","F",0,0,0,3,0,"T","F",0,0,"T","T","wilsj105","fonsl101","T","T",0,0,0,0,0,0,0,0,0,"","","",0,0,0,0,0,0,0,0,0,0,0,0,1,"","F","F","F","F",4,0,0,0,0,0,0,0,0,0,F,F,"1925PHI.EVN.regular.event.csv",3512
"PHI192507210","PIT",2,1,0,0,0,"",0,1,"wilsj105","?","wilsj105","?","kremr101","?","kremr101","?","spenr101","mcins101","moore102","trayp101","wrigg102","barnc102","carem101","cuylk101","","","","43","F","F",2,5,2,"T","T",0,"F","F",1,"F","F",0,"F","F",4,"G","F","F","",0,0,"N",0,"N",0,"N",0,0,0,0,"43","","","","F","F","F","F","F","F","F","F","F","","","","F","F","F","F","F","","","","",0,3,0,0,4,0,0,0,0,11,"PHI","PHI","PIT",1,"F","F",1,0,1,4,1,"T","F",0,0,"T","T","fonsl101","hubec101","T","T",0,0,0,0,0,0,0,0,0,"","","",0,0,0,0,0,0,0,0,0,0,0,0,0,"moore102","F","F","F","F",0,0,0,0,0,0,0,0,0,0,F,F,"1925PHI.EVN.regular.event.csv",3513
"PHI192507210","PIT",2,1,1,0,0,"",0,1,"fonsl101","?","fonsl101","?","kremr101","?","kremr101","?","spenr101","mcins101","moore102","trayp101","wrigg102","barnc102","carem101","cuylk101","","","","53","F","F",3,6,2,"T","T",0,"F","F",1,"F","F",0,"F","F",5,"G","F","F","",0,0,"N",0,"N",0,"N",0,0,0,0,"53","","","","F","F","F","F","F","F","F","F","F","","","","F","F","F","F","F","","","","",0,3,0,0,5,0,0,0,0,12,"PHI","PHI","PIT",1,"F","F",1,0,1,5,2,"T","F",0,0,"T","T","hubec101","fribb101","T","T",0,0,0,0,0,0,0,0,0,"","","",0,0,0,0,0,0,0,0,0,0,0,0,0,"trayp101","F","F","F","F",0,0,0,0,0,0,0,0,0,0,F,F,"1925PHI.EVN.regular.event.csv",3514
"PHI192507210","PIT",2,1,2,0,0,"",0,1,"hubec101","?","hubec101","?","kremr101","?","kremr101","?","spenr101","mcins101","moore102","trayp101","wrigg102","barnc102","carem101","cuylk101","","","","9/F","F","F",5,7,2,"T","T",0,"F","F",1,"F","F",0,"F","F",9,"F","F","F","",0,0,"N",0,"N",0,"N",0,0,0,0,"9","","","","F","F","F","F","F","F","F","F","F","","","","F","F","F","F","F","","","","",0,9,0,0,0,0,0,0,0,13,"PHI","PHI","PIT",1,"F","T",1,0,1,6,3,"T","F",0,0,"T","T","fribb101","mitcc102","T","T",0,0,0,0,0,0,0,0,0,"","","",0,0,0,0,0,0,0,0,0,0,0,0,0,"cuylk101","F","F","F","F",0,0,0,0,0,0,0,0,0,0,F,F,"1925PHI.EVN.regular.event.csv",3515
"PHI192507210","PIT",3,0,0,0,0,"",0,1,"mcins101","?","mcins101","?","mitcc102","?","mitcc102","?","wilsj105","fonsl101","fribb101","hubec101","sandh101","burng101","harpg101","willc103","","","","63","T","F",3,7,2,"T","T",0,"F","F",1,"F","F",0,"F","F",6,"G","F","F","",0,0,"N",0,"N",0,"N",0,0,0,0,"63","","","","F","F","F","F","F","F","F","F","F","","","","F","F","F","F","F","","","","",0,3,0,0,6,0,0,0,0,14,"PHI","PIT","PHI",0,"T","F",0,1,0,6,0,"T","F",0,0,"T","T","spenr101","kremr101","T","T",0,0,0,0,0,0,0,0,0,"","","",0,0,0,0,0,0,0,0,0,0,0,0,0,"sandh101","F","F","F","F",0,0,0,0,0,0,0,0,0,0,F,F,"1925PHI.EVN.regular.event.csv",3516
"PHI192507210","PIT",3,0,1,0,0,"",0,1,"spenr101","?","spenr101","?","mitcc102","?","mitcc102","?","wilsj105","fonsl101","fribb101","hubec101","sandh101","burng101","harpg101","willc103","","","","4/P","F","F",2,8,2,"T","T",0,"F","F",1,"F","F",0,"F","F",4,"P","F","F","",0,0,"N",0,"N",0,"N",0,0,0,0,"4","","","","F","F","F","F","F","F","F","F","F","","","","F","F","F","F","F","","","","",0,4,0,0,0,0,0,0,0,15,"PHI","PIT","PHI",0,"F","F",0,1,0,7,1,"T","F",0,0,"T","T","kremr101","carem101","T","T",0,0,0,0,0,0,0,0,0,"","","",0,0,0,0,0,0,0,0,0,0,0,0,0,"fribb101","F","F","F","F",0,0,0,0,0,0,0,0,0,0,F,F,"1925PHI.EVN.regular.event.csv",3517
"PHI192507210","PIT",3,0,2,0,0,"",0,1,"kremr101","?","kremr101","?","mitcc102","?","mitcc102","?","wilsj105","fonsl101","fribb101","hubec101","sandh101","burng101","harpg101","willc103","","","","K","F","F",1,9,3,"T","T",0,"F","F",1,"F","F",0,"F","F",0,"","F","F","",0,0,"N",0,"N",0,"N",0,0,0,0,"2","","","","F","F","F","F","F","F","F","F","F","","","","F","F","F","F","F","","","","",0,2,0,0,0,0,0,0,0,16,"PHI","PIT","PHI",0,"F","T",0,1,0,8,2,"T","F",0,0,"T","T","carem101","moore102","T","T",0,0,0,0,0,0,0,0,0,"","","",0,0,0,0,0,0,0,0,0,0,0,0,0,"","F","F","F","F",0,0,0,0,0,0,0,0,0,0,F,F,"1925PHI.EVN.regular.event.csv",3518
"PHI192507210","PIT",3,1,0,0,0,"",0,1,"fribb101","?","fribb101","?","kremr101","?","kremr101","?","spenr101","mcins101","moore102","trayp101","wrigg102","barnc102","carem101","cuylk101","","","","8/F","T","F",4,8,2,"T","T",0,"F","F",1,"F","F",0,"F","F",8,"F","F","F","",0,0,"N",0,"N",0,"N",0,0,0,0,"8","","","","F","F","F","F","F","F","F","F","F","","","","F","F","F","F","F","","","","",0,8,0,0,0,0,0,0,0,17,"PHI","PHI","PIT",1,"T","F",1,0,0,7,0,"T","F",0,0,"T","T","mitcc102","sandh101","T","T",0,0,0,0,0,0,0,0,0,"","","",0,0,0,0,0,0,0,0,0,0,0,0,0,"carem101","F","F","F","F",0,0,0,0,0,0,0,0,0,0,F,F,"1925PHI.EVN.regular.event.csv",3519
"PHI192507210","PIT",3,1,1,0,0,"",0,1,"mitcc102","?","mitcc102","?","kremr101","?","kremr101","?","spenr101","mcins101","moore102","trayp101","wrigg102","barnc102","carem101","cuylk101","","","","K","F","F",1,9,3,"T","T",0,"F","F",1,"F","F",0,"F","F",0,"","F","F","",0,0,"N",0,"N",0,"N",0,0,0,0,"2","","","","F","F","F","F","F","F","F","F","F","","","","F","F","F","F","F","","","","",0,2,0,0,0,0,0,0,0,18,"PHI","PHI","PIT",1,"F","F",1,0,0,8,1,"T","F",0,0,"T","T","sandh101","willc103","T","T",0,0,0,0,0,0,0,0,0,"","","",0,0,0,0,0,0,0,0,0,0,0,0,0,"","F","F","F","F",0,0,0,0,0,0,0,0,0,0,F,F,"1925PHI.EVN.regular.event.csv",3520
"PHI192507210","PIT",3,1,2,0,0,"",0,1,"sandh101","?","sandh101","?","kremr101","?","kremr101","?","spenr101","mcins101","moore102","trayp101","wrigg102","barnc102","carem101","cuylk101","","","","3/P","F","F",6,1,2,"T","T",0,"F","F",1,"F","F",0,"F","F",3,"P","F","F","",0,0,"N",0,"N",0,"N",0,0,0,0,"3","","","","F","F","F","F","F","F","F","F","F","","","","F","F","F","F","F","","","","",0,3,0,0,0,0,0,0,0,19,"PHI","PHI","PIT",1,"F","T",1,0,0,9,2,"T","F",0,0,"T","T","willc103","burng101","T","T",0,0,0,0,0,0,0,0,0,"","","",0,0,0,0,0,0,0,0,0,0,0,0,0,"mcins101","F","F","F","F",0,0,0,0,0,0,0,0,0,0,F,F,"1925PHI.EVN.regular.event.csv",3521
"PHI192507210","PIT",4,0,0,0,0,"",0,1,"carem101","?","carem101","?","mitcc102","?","mitcc102","?","wilsj105","fonsl101","fribb101","hubec101","sandh101","burng101","harpg101","willc103","","","","7/F","T","F",8,1,2,"T","T",0,"F","F",1,"F","F",0,"F","F",7,"F","F","F","",0,0,"N",0,"N",0,"N",0,0,0,0,"7","","","","F","F","F","F","F","F","F","F","F","","","","F","F","F","F","F","","","","",0,7,0,0,0,0,0,0,0,20,"PHI","PIT","PHI",0,"T","F",0,1,0,9,0,"T","F",0,0,"T","T","moore102","cuylk101","T","T",0,0,0,0,0,0,0,0,0,"","","",0,0,0,0,0,0,0,0,0,0,0,0,0,"burng101","F","F","F","F",0,0,0,0,0,0,0,0,0,0,F,F,"1925PHI.EVN.regular.event.csv",3522
"PHI192507210","PIT",4,0,1,0,0,"",0,1,"moore102","?","moore102","?","mitcc102","?","mitcc102","?","wilsj105","fonsl101","fribb101","hubec101","sandh101","burng101","harpg101","willc103","","","","43","F","F",4,2,2,"T","T",0,"F","F",1,"F","F",0,"F","F",4,"G","F","F","",0,0,"N",0,"N",0,"N",0,0,0,0,"43","","","","F","F","F","F","F","F","F","F","F","","","","F","F","F","F","F","","","","",0,3,0,0,4,0,0,0,0,21,"PHI","PIT","PHI",0,"F","F",0,1,0,10,1,"T","F",0,0,"T","T","cuylk101","barnc102","T","T",0,0,0,0,0,0,0,0,0,"","","",0,0,0,0,0,0,0,0,0,0,0,0,0,"fribb101","F","F","F","F",0,0,0,0,0,0,0,0,0,0,F,F,"1925PHI.EVN.regular.event.csv",3523
"PHI192507210","PIT",4,0,2,0,0,"",0,1,"cuylk101","?","cuylk101","?","mitcc102","?","mitcc102","?","wilsj105","fonsl101","fribb101","hubec101","sandh101","burng101","harpg101","willc103","","","","63","F","F",9,3,2,"T","T",0,"F","F",1,"F","F",0,"F","F",6,"G","F","F","",0,0,"N",0,"N",0,"N",0,0,0,0,"63","","","","F","F","F","F","F","F","F","F","F","","","","F","F","F","F","F","","","","",0,3,0,0,6,0,0,0,0,22,"PHI","PIT","PHI",0,"F","T",0,1,0,11,2,"T","F",0,0,"T","T","barnc102","trayp101","T","T",0,0,0,0,0,0,0,0,0,"","","",0,0,0,0,0,0,0,0,0,0,0,0,0,"sandh101","F","F","F","F",0,0,0,0,0,0,0,0,0,0,F,F,"1925PHI.EVN.regular.event.csv",3524
"PHI192507210","PIT",4,1,0,0,0,"",0,1,"willc103","?","willc103","?","kremr101","?","kremr101","?","spenr101","mcins101","moore102","trayp101","wrigg102","barnc102","carem101","cuylk101","","","","9/FL","T","F",9,2,2,"T","T",0,"F","F",1,"F","F",0,"F","F",9,"F","F","T","",0,0,"N",0,"N",0,"N",0,0,0,0,"9","","","","F","F","F","F","F","F","F","F","F","","","","F","F","F","F","F","","","","",0,9,0,0,0,0,0,0,0,23,"PHI","PHI","PIT",1,"T","F",1,0,0,10,0,"T","F",0,0,"T","T","burng101","harpg101","T","T",0,0,0,0,0,0,0,0,0,"","","",0,0,0,0,0,0,0,0,0,0,0,0,0,"cuylk101","F","F","F","F",0,0,0,0,1,0,0,0,0,0,F,F,"1925PHI.EVN.regular.event.csv",3525
"PHI192507210","PIT",4,1,1,0,0,"",0,1,"burng101","?","burng101","?","kremr101","?","kremr101","?","spenr101","mcins101","moore102","trayp101","wrigg102","barnc102","carem101","cuylk101","","","","D7/G5L","F","F",7,3,21,"T","T",2,"F","F",0,"F","F",0,"F","F",7,"G","F","F","5L",0,0,"N",0,"N",0,"N",2,0,0,0,"","","","","F","F","F","F","F","F","F","F","F","","","","F","F","F","F","F","","","","",0,0,0,0,0,0,0,0,0,24,"PHI","PHI","PIT",1,"F","F",1,0,0,11,1,"T","F",0,2,"T","T","harpg101","wilsj105","T","T",0,0,0,0,0,0,0,0,0,"","","",0,0,0,0,0,0,0,0,0,0,0,0,0,"barnc102","F","F","F","F",4,0,0,0,1,0,0,0,0,0,F,F,"1925PHI.EVN.regular.event.csv",3526
"PHI192507210","PIT",4,1,1,0,0,"",0,1,"harpg101","?","harpg101","?","kremr101","?","kremr101","?","spenr101","mcins101","moore102","trayp101","wrigg102","barnc102","carem101","cuylk101","","burng101","","S8.2-H;BX2(814)","F","F",8,4,20,"T","T",1,"F","F",1,"F","F",1,"F","F",8,"","F","F","",0,0,"N",0,"N",0,"N",0,0,4,0,"814","","","","F","F","F","F","F","F","F","F","F","","kremr101","","F","F","F","F","F","","","","",0,4,0,0,8,1,0,0,0,25,"PHI","PHI","PIT",1,"F","F",1,0,0,12,2,"T","F",2,0,"T","T","wilsj105","fonsl101","T","T",0,0,0,7,3,24,0,0,0,"","spenr101","",0,0,0,0,0,0,0,0,0,0,0,0,1,"carem101","F","F","F","F",0,0,4,0,0,0,0,0,0,0,F,F,"1925PHI.EVN.regular.event.csv",3527
"PHI192507210","PIT",4,1,2,0,0,"",0,2,"wilsj105","?","wilsj105","?","kremr101","?","kremr101","?","spenr101","mcins101","moore102","trayp101","wrigg102","barnc102","carem101","cuylk101","","","","E5/G","F","F",2,5,18,"T","T",0,"F","F",0,"F","F",0,"F","F",5,"G","F","F","",1,5,"F",0,"N",0,"N",1,0,0,0,"","","","","F","F","F","F","F","F","F","F","F","","","","F","F","F","F","F","","","","",0,0,0,0,0,0,0,0,0,26,"PHI","PHI","PIT",1,"F","F",2,0,1,13,3,"T","F",0,1,"T","T","fonsl101","hubec101","T","T",0,0,0,0,0,0,0,0,0,"","","",0,0,0,0,0,0,0,0,0,0,0,0,0,"trayp101","F","F","F","T",0,0,0,0,0,0,0,0,0,0,F,F,"1925PHI.EVN.regular.event.csv",3528
"PHI192507210","PIT",4,1,2,0,0,"",0,2,"fonsl101","?","fonsl101","?","kremr101","?","kremr101","?","spenr101","mcins101","moore102","trayp101","wrigg102","barnc102","carem101","cuylk101","wilsj105","","","3/P","F","F",3,6,2,"T","T",0,"F","F",1,"F","F",0,"F","F",3,"P","F","F","",0,0,"N",0,"N",0,"N",0,1,0,0,"3","","","","F","F","F","F","F","F","F","F","F","kremr101","","","F","F","F","F","F","","","","",0,3,0,0,0,0,0,0,0,27,"PHI","PHI","PIT",1,"F","T",2,0,1,14,4,"T","F",1,1,"T","T","hubec101","fribb101","T","T",2,5,26,0,0,0,0,0,0,"spenr101","","",0,0,0,0,0,0,0,0,0,0,0,0,0,"mcins101","F","F","F","F",0,0,0,0,0,0,0,0,0,0,F,F,"1925PHI.EVN.regular.event.csv",3529
"PHI192507210","PIT",5,0,0,0,0,"",0,2,"barnc102","?","barnc102","?","mitcc102","?","mitcc102","?","wilsj105","fonsl101","fribb101","hubec101","sandh101","burng101","harpg101","willc103","","","","D8/L8XD","T","F",7,4,21,"T","T",2,"F","F",0,"F","F",0,"F","F",8,"L","F","F","8XD",0,0,"N",0,"N",0,"N",2,0,0,0,"","","","","F","F","F","F","F","F","F","F","F","","","","F","F","F","F","F","","","","",0,0,0,0,0,0,0,0,0,28,"PHI","PIT","PHI",0,"T","F",0,2,0,12,0,"T","F",0,2,"T","T","trayp101","wrigg102","T","T",0,0,0,0,0,0,0,0,0,"","","",0,0,0,0,0,0,0,0,0,0,0,0,0,"harpg101","F","F","F","F",0,0,0,0,0,0,0,0,0,0,F,F,"1925PHI.EVN.regular.event.csv",3530
"PHI192507210","PIT",5,0,0,0,0,"",0,2,"trayp101","?","trayp101","?","mitcc102","?","mitcc102","?","wilsj105","fonsl101","fribb101","hubec101","sandh101","burng101","harpg101","willc103","","barnc102","","63","F","F",5,5,2,"T","T",0,"F","F",1,"F","F",0,"F","F",6,"G","F","F","",0,0,"N",0,"N",0,"N",0,0,2,0,"63","","","","F","F","F","F","F","F","F","F","F","","mitcc102","","F","F","F","F","F","","","","",0,3,0,0,6,0,0,0,0,29,"PHI","PIT","PHI",0,"F","F",0,2,0,13,1,"T","F",2,2,"T","T","wrigg102","mcins101","T","T",0,0,0,7,4,28,0,0,0,"","wilsj105","",0,0,0,0,0,0,0,0,0,0,0,0,0,"sandh101","F","F","F","F",0,0,0,0,0,0,0,0,0,0,F,F,"1925PHI.EVN.regular.event.csv",3531
"PHI192507210","PIT",5,0,1,0,0,"",0,2,"wrigg102","?","wrigg102","?","mitcc102","?","mitcc102","?","wilsj105","fonsl101","fribb101","hubec101","sandh101","burng101","harpg101","willc103","","barnc102","","FC1/DP.2X3(154);BX2(43)","F","F",6,6,19,"T","T",0,"F","F",2,"T","F",0,"F","F",1,"G","F","F","",0,0,"N",0,"N",0,"N",0,0,0,0,"43","","154","","F","F","F","F","F","F","F","F","F","","mitcc102","","F","F","F","F","F","","","","",0,4,3,0,1,5,4,0,0,30,"PHI","PIT","PHI",0,"F","T",0,2,0,14,2,"T","F",2,0,"T","T","mcins101","spenr101","T","T",0,0,0,7,4,28,0,0,0,"","wilsj105","",0,0,0,0,0,0,0,0,0,0,0,0,0,"mitcc102","F","F","F","F",0,0,0,0,0,0,0,0,0,0,F,F,"1925PHI.EVN.regular.event.csv",3532
"PHI192507210","PIT",5,1,0,0,0,"",0,2,"hubec101","?","hubec101","?","kremr101","?","kremr101","?","spenr101","mcins101","moore102","trayp101","wrigg102","barnc102","carem101","cuylk101","","","","8/F8XD","T","F",5,7,2,"T","T",0,"F","F",1,"F","F",0,"F","F",8,"F","F","F","8XD",0,0,"N",0,"N",0,"N",0,0,0,0,"8","","","","F","F","F","F","F","F","F","F","F","","","","F","F","F","F","F","","","","",0,8,0,0,0,0,0,0,0,31,"PHI","PHI","PIT",1,"T","F",2,0,0,15,0,"T","F",0,0,"T","T","fribb101","mitcc102","T","T",0,0,0,0,0,0,0,0,0,"","","",0,0,0,0,0,0,0,0,0,0,0,0,0,"carem101","F","F","F","F",0,0,0,0,0,0,0,0,0,0,F,F,"1925PHI.EVN.regular.event.csv",3533
"PHI192507210","PIT",5,1,1,0,0,"",0,2,"fribb101","?","fribb101","?","kremr101","?","kremr101","?","spenr101","mcins101","moore102","trayp101","wrigg102","barnc102","carem101","cuylk101","","","","S9","F","F",4,8,20,"T","T",1,"F","F",0,"F","F",0,"F","F",9,"","F","F","",0,0,"N",0,"N",0,"N",1,0,0,0,"","","","","F","F","F","F","F","F","F","F","F","","","","F","F","F","F","F","","","","",0,0,0,0,0,0,0,0,0,32,"PHI","PHI","PIT",1,"F","F",2,0,0,16,1,"T","F",0,1,"T","T","mitcc102","sandh101","T","T",0,0,0,0,0,0,0,0,0,"","","",0,0,0,0,0,0,0,0,0,0,0,0,0,"cuylk101","F","F","F","F",0,0,0,0,0,0,0,0,0,0,F,F,"1925PHI.EVN.regular.event.csv",3534
"PHI192507210","PIT",5,1,1,0,0,"",0,2,"mitcc102","?","mitcc102","?","kremr101","?","kremr101","?","spenr101","mcins101","moore102","trayp101","wrigg102","barnc102","carem101","cuylk101","fribb101","","","5/FL","F","F",1,9,2,"T","T",0,"F","F",1,"F","F",0,"F","F",5,"F","F","T","",0,0,"N",0,"N",0,"N",0,1,0,0,"5","","","","F","F","F","F","F","F","F","F","F","kremr101","","","F","F","F","F","F","","","","",0,5,0,0,0,0,0,0,0,33,"PHI","PHI","PIT",1,"F","F",2,0,0,17,2,"T","F",1,1,"T","T","sandh101","willc103","T","T",4,8,32,0,0,0,0,0,0,"spenr101","","",0,0,0,0,0,0,0,0,0,0,0,0,0,"trayp101","F","F","F","F",0,0,0,0,0,0,0,0,0,0,F,F,"1925PHI.EVN.regular.event.csv",3535
"PHI192507210","PIT",5,1,2,0,0,"",0,2,"sandh101","?","sandh101","?","kremr101","?","kremr101","?","spenr101","mcins101","moore102","trayp101","wrigg102","barnc102","carem101","cuylk101","fribb101","","","K","F","F",6,1,3,"T","T",0,"F","F",1,"F","F",0,"F","F",0,"","F","F","",0,0,"N",0,"N",0,"N",0,1,0,0,"2","","","","F","F","F","F","F","F","F","F","F","kremr101","","","F","F","F","F","F","","","","",0,2,0,0,0,0,0,0,0,34,"PHI","PHI","PIT",1,"F","T",2,0,0,18,3,"T","F",1,1,"T","T","willc103","burng101","T","T",4,8,32,0,0,0,0,0,0,"spenr101","","",0,0,0,0,0,0,0,0,0,0,0,0,0,"","F","F","F","F",0,0,0,0,0,0,0,0,0,0,F,F,"1925PHI.EVN.regular.event.csv",3536
"PHI192507210","PIT",6,0,0,0,0,"",0,2,"mcins101","?","mcins101","?","mitcc102","?","mitcc102","?","wilsj105","fonsl101","fribb101","hubec101","sandh101","burng101","harpg101","willc103","","","","5/P","T","F",3,7,2,"T","T",0,"F","F",1,"F","F",0,"F","F",5,"P","F","F","",0,0,"N",0,"N",0,"N",0,0,0,0,"5","","","","F","F","F","F","F","F","F","F","F","","","","F","F","F","F","F","","","","",0,5,0,0,0,0,0,0,0,35,"PHI","PIT","PHI",0,"T","F",0,2,0,15,0,"T","F",0,0,"T","T","spenr101","kremr101","T","T",0,0,0,0,0,0,0,0,0,"","","",0,0,0,0,0,0,0,0,0,0,0,0,0,"hubec101","F","F","F","F",0,0,0,0,0,0,0,0,0,0,F,F,"1925PHI.EVN.regular.event.csv",3537
"PHI192507210","PIT",6,0,1,0,0,"",0,2,"spenr101","?","spenr101","?","mitcc102","?","mitcc102","?","wilsj105","fonsl101","fribb101","hubec101","sandh101","burng101","harpg101","willc103","","","","S8","F","F",2,8,20,"T","T",1,"F","F",0,"F","F",0,"F","F",8,"","F","F","",0,0,"N",0,"N",0,"N",1,0,0,0,"","","","","F","F","F","F","F","F","F","F","F","","","","F","F","F","F","F","","","","",0,0,0,0,0,0,0,0,0,36,"PHI","PIT","PHI",0,"F","F",0,2,0,16,1,"T","F",0,1,"T","T","kremr101","carem101","T","T",0,0,0,0,0,0,0,0,0,"","","",0,0,0,0,0,0,0,0,0,0,0,0,0,"harpg101","F","F","F","F",0,0,0,0,0,0,0,0,0,0,F,F,"1925PHI.EVN.regular.event.csv",3538
"PHI192507210","PIT",6,0,1,0,0,"",0,2,"kremr101","?","kremr101","?","mitcc102","?","mitcc102","?","wilsj105","fonsl101","fribb101","hubec101","sandh101","burng101","harpg101","willc103","spenr101","","","8/F","F","F",1,9,2,"T","T",0,"F","F",1,"F","F",0,"F","F",8,"F","F","F","",0,0,"N",0,"N",0,"N",0,1,0,0,"8","","","","F","F","F","F","F","F","F","F","F","mitcc102","","","F","F","F","F","F","","","","",0,8,0,0,0,0,0,0,0,37,"PHI","PIT","PHI",0,"F","F",0,2,0,17,2,"T","F",1,1,"T","T","carem101","moore102","T","T",2,8,36,0,0,0,0,0,0,"wilsj105","","",0,0,0,0,0,0,0,0,0,0,0,0,0,"harpg101","F","F","F","F",0,0,0,0,0,0,0,0,0,0,F,F,"1925PHI.EVN.regular.event.csv",3539
"PHI192507210","PIT",6,0,2,0,0,"",0,2,"carem101","?","carem101","?","mitcc102","?","mitcc102","?","wilsj105","fonsl101","fribb101","hubec101","sandh101","burng101","harpg101","willc103","spenr101","","","8/F","F","F",8,1,2,"T","T",0,"F","F",1,"F","F",0,"F","F",8,"F","F","F","",0,0,"N",0,"N",0,"N",0,1,0,0,"8","","","","F","F","F","F","F","F","F","F","F","mitcc102","","","F","F","F","F","F","","","","",0,8,0,0,0,0,0,0,0,38,"PHI","PIT","PHI",0,"F","T",0,2,0,18,3,"T","F",1,1,"T","T","moore102","cuylk101","T","T",2,8,36,0,0,0,0,0,0,"wilsj105","","",0,0,0,0,0,0,0,0,0,0,0,0,0,"harpg101","F","F","F","F",0,0,0,0,0,0,0,0,0,0,F,F,"1925PHI.EVN.regular.event.csv",3540
"PHI192507210","PIT",6,1,0,0,0,"",0,2,"willc103","?","willc103","?","kremr101","?","kremr101","?","spenr101","mcins101","moore102","trayp101","wrigg102","barnc102","carem101","cuylk101","","","","W","T","F",9,2,14,"T","F",0,"F","F",0,"F","F",0,"F","F",0,"","F","F","",0,0,"N",0,"N",0,"N",1,0,0,0,"","","","","F","F","F","F","F","F","F","F","F","","","","F","F","F","F","F","","","","",0,0,0,0,0,0,0,0,0,39,"PHI","PHI","PIT",1,"T","F",2,0,0,19,0,"T","F",0,1,"T","T","burng101","harpg101","T","T",0,0,0,0,0,0,0,0,0,"","","",0,0,0,0,0,0,0,0,0,0,0,0,0,"","F","F","F","F",0,0,0,0,1,0,0,0,0,0,F,F,"1925PHI.EVN.regular.event.csv",3541
"PHI192507210","PIT",6,1,0,0,0,"",0,2,"burng101","?","burng101","?","kremr101","?","kremr101","?","spenr101","mcins101","moore102","trayp101","wrigg102","barnc102","carem101","cuylk101","willc103","","","16(1)/FO","F","F",7,3,2,"T","T",0,"F","F",1,"F","F",0,"F","F",1,"G","F","F","",0,0,"N",0,"N",0,"N",1,0,0,0,"","16","","","F","F","F","F","F","F","F","F","F","kremr101","","","F","F","F","F","F","","","","",0,6,0,0,1,0,0,0,0,40,"PHI","PHI","PIT",1,"F","F",2,0,0,20,1,"T","F",1,1,"T","T","harpg101","wilsj105","T","T",9,2,39,0,0,0,0,0,0,"spenr101","","",0,0,0,0,0,0,0,0,0,0,0,0,0,"kremr101","T","F","F","F",5,0,0,0,1,0,0,0,0,0,F,F,"1925PHI.EVN.regular.event.csv",3542
"PHI192507210","PIT",6,1,1,0,0,"",0,2,"harpg101","?","harpg101","?","kremr101","?","kremr101","?","spenr101","mcins101","moore102","trayp101","wrigg102","barnc102","carem101","cuylk101","burng101","","","S8/89.1-3","F","F",8,4,20,"T","T",1,"F","F",0,"F","F",0,"F","F",8,"","F","F","89",0,0,"N",0,"N",0,"N",1,3,0,0,"","","","","F","F","F","F","F","F","F","F","F","kremr101","","","F","F","F","F","F","","","","",0,0,0,0,0,0,0,0,0,41,"PHI","PHI","PIT",1,"F","F",2,0,0,21,2,"T","F",1,5,"T","T","wilsj105","fonsl101","T","T",7,3,40,0,0,0,0,0,0,"spenr101","","",0,0,0,0,0,0,0,0,0,0,0,0,0,"carem101","F","F","F","F",0,5,0,0,1,0,0,0,0,0,F,F,"1925PHI.EVN.regular.event.csv",3543
"PHI192507210","PIT",6,1,1,0,0,"",0,2,"wilsj105","?","wilsj105","?","kremr101","?","kremr101","?","spenr101","mcins101","moore102","trayp101","wrigg102","barnc102","carem101","cuylk101","harpg101","","burng101","6/L.3-H(E6/TH1)(NR)(UR);1-2","F","F",2,5,2,"T","T",0,"F","F",1,"F","F",0,"F","F",6,"L","F","F","",1,6,"T",0,"N",0,"N",0,2,0,5,"6","","","","F","F","F","F","F","F","F","F","F","kremr101","","kremr101","F","F","F","F","F","","","","",0,6,0,0,0,0,0,0,0,42,"PHI","PHI","PIT",1,"F","F",2,0,0,22,3,"T","F",5,2,"T","T","fonsl101","hubec101","T","T",8,4,41,0,0,0,7,3,40,"spenr101","","spenr101",0,0,0,0,0,0,0,0,0,0,0,0,1,"wrigg102","F","F","F","F",0,0,0,5,0,0,0,0,0,0,F,F,"1925PHI.EVN.regular.event.csv",3544
"PHI192507210","PIT",6,1,2,0,0,"",0,3,"fonsl101","?","fonsl101","?","kremr101","?","kremr101","?","spenr101","mcins101","moore102","trayp101","wrigg102","barnc102","carem101","cuylk101","","harpg101","","2/FL","F","F",3,6,2,"T","T",0,"F","F",1,"F","F",0,"F","F",2,"F","F","T","",0,0,"N",0,"N",0,"N",0,0,2,0,"2","","","","F","F","F","F","F","F","F","F","F","","kremr101","","F","F","F","F","F","","","","",0,2,0,0,0,0,0,0,0,43,"PHI","PHI","PIT",1,"F","T",3,0,1,23,4,"T","F",2,2,"T","T","hubec101","fribb101","T","T",0,0,0,8,4,41,0,0,0,"","spenr101","",0,0,0,0,0,0,0,0,0,0,0,0,0,"spenr101","F","F","F","F",0,0,0,0,0,0,0,0,0,0,F,F,"1925PHI.EVN.regular.event.csv",3545
"PHI192507210","PIT",7,0,0,0,0,"",0,3,"moore102","?","moore102","?","mitcc102","?","mitcc102","?","wilsj105","fonsl101","fribb101","hubec101","sandh101","burng101","harpg101","willc103","","","","HR/F7LD","T","F",4,2,23,"T","T",4,"F","F",0,"F","F",1,"F","F",0,"F","F","F","7LD",0,0,"N",0,"N",0,"N",4,0,0,0,"","","","","F","F","F","F","F","F","F","F","F","","","","F","F","F","F","F","","","","",0,0,0,0,0,0,0,0,0,44,"PHI","PIT","PHI",0,"T","F",0,3,0,19,0,"T","F",0,0,"T","T","cuylk101","barnc102","T","T",0,0,0,0,0,0,0,0,0,"","","",0,0,0,0,0,0,0,0,0,0,0,0,1,"","F","F","F","F",4,0,0,0,0,0,0,0,0,0,F,F,"1925PHI.EVN.regular.event.csv",3546
"PHI192507210","PIT",7,0,0,0,0,"",1,3,"cuylk101","?","cuylk101","?","mitcc102","?","mitcc102","?","wilsj105","fonsl101","fribb101","hubec101","sandh101","burng101","harpg101","willc103","","","","4/P","F","F",9,3,2,"T","T",0,"F","F",1,"F","F",0,"F","F",4,"P","F","F","",0,0,"N",0,"N",0,"N",0,0,0,0,"4","","","","F","F","F","F","F","F","F","F","F","","","","F","F","F","F","F","","","","",0,4,0,0,0,0,0,0,0,45,"PHI","PIT","PHI",0,"F","F",1,3,1,20,1,"T","F",0,0,"T","T","barnc102","trayp101","T","T",0,0,0,0,0,0,0,0,0,"","","",0,0,0,0,0,0,0,0,0,0,0,0,0,"fribb101","F","F","F","F",0,0,0,0,0,0,0,0,0,0,F,F,"1925PHI.EVN.regular.event.csv",3547
"PHI192507210","PIT",7,0,1,0,0,"",1,3,"barnc102","?","barnc102","?","mitcc102","?","mitcc102","?","wilsj105","fonsl101","fribb101","hubec101","sandh101","burng101","harpg101","willc103","","","","6/P","F","F",7,4,2,"T","T",0,"F","F",1,"F","F",0,"F","F",6,"P","F","F","",0,0,"N",0,"N",0,"N",0,0,0,0,"6","","","","F","F","F","F","F","F","F","F","F","","","","F","F","F","F","F","","","","",0,6,0,0,0,0,0,0,0,46,"PHI","PIT","PHI",0,"F","F",1,3,1,21,2,"T","F",0,0,"T","T","trayp101","wrigg102","T","T",0,0,0,0,0,0,0,0,0,"","","",0,0,0,0,0,0,0,0,0,0,0,0,0,"sandh101","F","F","F","F",0,0,0,0,0,0,0,0,0,0,F,F,"1925PHI.EVN.regular.event.csv",3548
"PHI192507210","PIT",7,0,2,0,0,"",1,3,"trayp101","?","trayp101","?","mitcc102","?","mitcc102","?","wilsj105","fonsl101","fribb101","hubec101","sandh101","burng101","harpg101","willc103","","","","2/FL","F","F",5,5,2,"T","T",0,"F","F",1,"F","F",0,"F","F",2,"F","F","T","",0,0,"N",0,"N",0,"N",0,0,0,0,"2","","","","F","F","F","F","F","F","F","F","F","","","","F","F","F","F","F","","","","",0,2,0,0,0,0,0,0,0,47,"PHI","PIT","PHI",0,"F","T",1,3,1,22,3,"T","F",0,0,"T","T","wrigg102","mcins101","T","T",0,0,0,0,0,0,0,0,0,"","","",0,0,0,0,0,0,0,0,0,0,0,0,0,"wilsj105","F","F","F","F",0,0,0,0,0,0,0,0,0,0,F,F,"1925PHI.EVN.regular.event.csv",3549
"PHI192507210","PIT",7,1,0,0,0,"",1,3,"hubec101","?","hubec101","?","kremr101","?","kremr101","?","spenr101","mcins101","moore102","trayp101","wrigg102","barnc102","carem101","cuylk101","","","","D/78","T","F",5,7,21,"T","T",2,"F","F",0,"F","F",0,"F","F",0,"","F","F","78",0,0,"N",0,"N",0,"N",2,0,0,0,"","","","","F","F","F","F","F","F","F","F","F","","","","F","F","F","F","F","","","","",0,0,0,0,0,0,0,0,0,48,"PHI","PHI","PIT",1,"T","F",3,1,0,24,0,"T","F",0,2,"T","T","fribb101","mitcc102","T","T",0,0,0,0,0,0,0,0,0,"","","",0,0,0,0,0,0,0,0,0,0,0,0,0,"","F","F","F","F",4,0,0,0,1,0,0,0,0,0,F,F,"1925PHI.EVN.regular.event.csv",3550
"PHI192507210","PIT",7,1,0,0,0,"",1,3,"fribb101","?","fribb101","?","kremr101","?","kremr101","?","spenr101","mcins101","moore102","trayp101","wrigg102","barnc102","carem101","cuylk101","","hubec101","","54/SH.2-3","F","F",4,8,2,"T","F",0,"T","F",1,"F","F",0,"F","F",5,"G","T","F","",0,0,"N",0,"N",0,"N",0,0,3,0,"54","","","","F","F","F","F","F","F","F","F","F","","kremr101","","F","F","F","F","F","","","","",0,4,0,0,5,0,0,0,0,49,"PHI","PHI","PIT",1,"F","F",3,1,0,25,1,"T","F",2,4,"T","T","mitcc102","sandh101","T","T",0,0,0,5,7,48,0,0,0,"","spenr101","",0,0,0,0,0,0,0,0,0,0,0,0,0,"trayp101","F","F","F","F",0,0,4,0,1,0,0,0,0,0,F,F,"1925PHI.EVN.regular.event.csv",3551
"PHI192507210","PIT",7,1,1,0,0,"",1,3,"mitcc102","?","mitcc102","?","kremr101","?","kremr101","?","spenr101","mcins101","moore102","trayp101","wrigg102","barnc102","carem101","cuylk101","","","hubec101","13/G.3-H","F","F",1,9,2,"T","T",0,"F","F",1,"F","F",1,"F","F",1,"G","F","F","",0,0,"N",0,"N",0,"N",0,0,0,4,"13","","","","F","F","F","F","F","F","F","F","F","","","kremr101","F","F","F","F","F","","","","",0,3,0,0,1,0,0,0,0,50,"PHI","PHI","PIT",1,"F","F",3,1,0,26,2,"T","F",4,0,"T","T","sandh101","willc103","T","T",0,0,0,0,0,0,5,7,48,"","","spenr101",0,0,0,0,0,0,0,0,0,0,0,0,1,"kremr101","F","F","F","F",0,0,0,4,0,0,0,0,0,0,F,F,"1925PHI.EVN.regular.event.csv",3552
"PHI192507210","PIT",7,1,2,0,0,"",1,4,"sandh101","?","sandh101","?","kremr101","?","kremr101","?","spenr101","mcins101","moore102","trayp101","wrigg102","barnc102","carem101","cuylk101","","","","K","F","F",6,1,3,"T","T",0,"F","F",1,"F","F",0,"F","F",0,"","F","F","",0,0,"N",0,"N",0,"N",0,0,0,0,"2","","","","F","F","F","F","F","F","F","F","F","","","","F","F","F","F","F","","","","",0,2,0,0,0,0,0,0,0,51,"PHI","PHI","PIT",1,"F","T",4,1,1,27,3,"T","F",0,0,"T","T","willc103","burng101","T","T",0,0,0,0,0,0,0,0,0,"","","",0,0,0,0,0,0,0,0,0,0,0,0,0,"","F","F","F","F",0,0,0,0,0,0,0,0,0,0,F,F,"1925PHI.EVN.regular.event.csv",3553
"PHI192507210","PIT",8,0,0,0,0,"",1,4,"wrigg102","?","wrigg102","?","mitcc102","?","mitcc102","?","wilsj105","fonsl101","fribb101","hubec101","sandh101","burng101","harpg101","willc103","","","","9/F","T","F",6,6,2,"T","T",0,"F","F",1,"F","F",0,"F","F",9,"F","F","F","",0,0,"N",0,"N",0,"N",0,0,0,0,"9","","","","F","F","F","F","F","F","F","F","F","","","","F","F","F","F","F","","","","",0,9,0,0,0,0,0,0,0,52,"PHI","PIT","PHI",0,"T","F",1,4,0,23,0,"T","F",0,0,"T","T","mcins101","spenr101","T","T",0,0,0,0,0,0,0,0,0,"","","",0,0,0,0,0,0,0,0,0,0,0,0,0,"willc103","F","F","F","F",0,0,0,0,0,0,0,0,0,0,F,F,"1925PHI.EVN.regular.event.csv",3554
"PHI192507210","PIT",8,0,1,0,0,"",1,4,"mcins101","?","mcins101","?","mitcc102","?","mitcc102","?","wilsj105","fonsl101","fribb101","hubec101","sandh101","burng101","harpg101","willc103","","","","7/F","F","F",3,7,2,"T","T",0,"F","F",1,"F","F",0,"F","F",7,"F","F","F","",0,0,"N",0,"N",0,"N",0,0,0,0,"7","","","","F","F","F","F","F","F","F","F","F","","","","F","F","F","F","F","","","","",0,7,0,0,0,0,0,0,0,53,"PHI","PIT","PHI",0,"F","F",1,4,0,24,1,"T","F",0,0,"T","T","spenr101","kremr101","T","T",0,0,0,0,0,0,0,0,0,"","","",0,0,0,0,0,0,0,0,0,0,0,0,0,"burng101","F","F","F","F",0,0,0,0,0,0,0,0,0,0,F,F,"1925PHI.EVN.regular.event.csv",3555
"PHI192507210","PIT",8,0,2,0,0,"",1,4,"spenr101","?","spenr101","?","mitcc102","?","mitcc102","?","wilsj105","fonsl101","fribb101","hubec101","sandh101","burng101","harpg101","willc103","","","","63","F","F",2,8,2,"T","T",0,"F","F",1,"F","F",0,"F","F",6,"G","F","F","",0,0,"N",0,"N",0,"N",0,0,0,0,"63","","","","F","F","F","F","F","F","F","F","F","","","","F","F","F","F","F","","","","",0,3,0,0,6,0,0,0,0,54,"PHI","PIT","PHI",0,"F","T",1,4,0,25,2,"T","F",0,0,"T","T","kremr101","carem101","T","T",0,0,0,0,0,0,0,0,0,"","","",0,0,0,0,0,0,0,0,0,0,0,0,0,"sandh101","F","F","F","F",0,0,0,0,0,0,0,0,0,0,F,F,"1925PHI.EVN.regular.event.csv",3556
"PHI192507210","PIT",8,1,0,0,0,"",1,4,"willc103","?","willc103","?","kremr101","?","kremr101","?","spenr101","mcins101","moore102","trayp101","wrigg102","barnc102","carem101","cuylk101","","","","S/BG25","T","F",9,2,20,"T","T",1,"F","F",0,"F","F",0,"F","F",0,"G","T","F","25",0,0,"N",0,"N",0,"N",1,0,0,0,"","","","","F","F","F","F","F","F","F","F","F","","","","F","F","F","F","F","","","","",0,0,0,0,0,0,0,0,0,55,"PHI","PHI","PIT",1,"T","F",4,1,0,28,0,"T","F",0,1,"T","T","burng101","harpg101","T","T",0,0,0,0,0,0,0,0,0,"","","",0,0,0,0,0,0,0,0,0,0,0,0,0,"","F","F","F","F",0,0,0,0,0,0,0,0,0,0,F,F,"1925PHI.EVN.regular.event.csv",3557
"PHI192507210","PIT",8,1,0,0,0,"",1,4,"burng101","?","burng101","?","kremr101","?","kremr101","?","spenr101","mcins101","moore102","trayp101","wrigg102","barnc102","carem101","cuylk101","willc103","","","56(1)/FO","F","F",7,3,2,"T","T",0,"F","F",1,"F","F",0,"F","F",5,"G","F","F","",0,0,"N",0,"N",0,"N",1,0,0,0,"","56","","","F","F","F","F","F","F","F","F","F","kremr101","","","F","F","F","F","F","","","","",0,6,0,0,5,0,0,0,0,56,"PHI","PHI","PIT",1,"F","F",4,1,0,29,1,"T","F",1,1,"T","T","harpg101","wilsj105","T","T",9,2,55,0,0,0,0,0,0,"spenr101","","",0,0,0,0,0,0,0,0,0,0,0,0,0,"trayp101","T","F","F","F",2,0,0,0,0,0,0,0,0,0,F,F,"1925PHI.EVN.regular.event.csv",3558
"PHI192507210","PIT",8,1,1,0,0,"",1,4,"harpg101","?","harpg101","?","kremr101","?","kremr101","?","spenr101","mcins101","moore102","trayp101","wrigg102","barnc102","carem101","cuylk101","burng101","","","43.1-2","F","F",8,4,2,"T","T",0,"F","F",1,"F","F",0,"F","F",4,"G","F","F","",0,0,"N",0,"N",0,"N",0,2,0,0,"43","","","","F","F","F","F","F","F","F","F","F","kremr101","","","F","F","F","F","F","","","","",0,3,0,0,4,0,0,0,0,57,"PHI","PHI","PIT",1,"F","F",4,1,0,30,2,"T","F",1,2,"T","T","wilsj105","fonsl101","T","T",7,3,56,0,0,0,0,0,0,"spenr101","","",0,0,0,0,0,0,0,0,0,0,0,0,0,"moore102","F","F","F","F",0,2,0,0,0,0,0,0,0,0,F,F,"1925PHI.EVN.regular.event.csv",3559
"PHI192507210","PIT",8,1,2,0,0,"",1,4,"wilsj105","?","wilsj105","?","kremr101","?","kremr101","?","spenr101","mcins101","moore102","trayp101","wrigg102","barnc102","carem101","cuylk101","","burng101","","K","F","F",2,5,3,"T","T",0,"F","F",1,"F","F",0,"F","F",0,"","F","F","",0,0,"N",0,"N",0,"N",0,0,2,0,"2","","","","F","F","F","F","F","F","F","F","F","","kremr101","","F","F","F","F","F","","","","",0,2,0,0,0,0,0,0,0,58,"PHI","PHI","PIT",1,"F","T",4,1,0,31,3,"T","F",2,2,"T","T","fonsl101","hubec101","T","T",0,0,0,7,3,56,0,0,0,"","spenr101","",0,0,0,0,0,0,0,0,0,0,0,0,0,"","F","F","F","F",0,0,2,0,0,0,0,0,0,0,F,F,"1925PHI.EVN.regular.event.csv",3560
"PHI192507210","PIT",9,0,0,0,0,"",1,4,"rawlj101","?","rawlj101","?","mitcc102","?","mitcc102","?","wilsj105","fonsl101","fribb101","hubec101","sandh101","burng101","harpg101","willc103","","","","E7/F78.B-2","T","T",11,9,18,"T","T",0,"F","F",0,"F","F",0,"F","F",7,"F","F","F","78",1,7,"F",0,"N",0,"N",2,0,0,0,"","","","","F","F","F","F","F","F","F","F","F","","","","F","F","F","F","F","","","","kremr101",1,0,0,0,0,0,0,0,0,59,"PHI","PIT","PHI",0,"T","F",1,4,0,26,0,"T","F",0,2,"F","F","carem101","moore102","T","T",0,0,0,0,0,0,0,0,0,"","","",0,0,0,0,0,0,0,0,0,0,0,0,0,"burng101","F","F","F","T",5,0,0,0,1,0,0,0,0,0,F,F,"1925PHI.EVN.regular.event.csv",3561
"PHI192507210","PIT",9,0,0,0,0,"",1,4,"carem101","?","carem101","?","mitcc102","?","mitcc102","?","wilsj105","fonsl101","fribb101","hubec101","sandh101","burng101","harpg101","willc103","","rawlj101","","53","F","F",8,1,2,"T","T",0,"F","F",1,"F","F",0,"F","F",5,"G","F","F","",0,0,"N",0,"N",0,"N",0,0,2,0,"53","","","","F","F","F","F","F","F","F","F","F","","mitcc102","","F","F","F","F","F","","","","",0,3,0,0,5,0,0,0,0,60,"PHI","PIT","PHI",0,"F","F",1,4,0,27,1,"T","F",2,2,"T","T","moore102","cuylk101","T","T",0,0,0,0,9,59,0,0,0,"","wilsj105","",0,0,0,0,0,0,0,0,0,0,0,0,0,"hubec101","F","F","F","F",0,0,5,0,1,0,0,0,0,0,F,F,"1925PHI.EVN.regular.event.csv",3562
"PHI192507210","PIT",9,0,1,0,0,"",1,4,"moore102","?","moore102","?","mitcc102","?","mitcc102","?","wilsj105","fonsl101","fribb101","hubec101","sandh101","burng101","harpg101","willc103","","rawlj101","","7/L","F","F",4,2,2,"T","T",0,"F","F",1,"F","F",0,"F","F",7,"L","F","F","",0,0,"N",0,"N",0,"N",0,0,2,0,"7","","","","F","F","F","F","F","F","F","F","F","","mitcc102","","F","F","F","F","F","","","","",0,7,0,0,0,0,0,0,0,61,"PHI","PIT","PHI",0,"F","F",1,4,0,28,2,"T","F",2,2,"T","T","cuylk101","barnc102","T","T",0,0,0,0,9,59,0,0,0,"","wilsj105","",0,0,0,0,0,0,0,0,0,0,0,0,0,"burng101","F","F","F","F",0,0,5,0,1,0,0,0,0,0,F,F,"1925PHI.EVN.regular.event.csv",3563
"PHI192507210","PIT",9,0,2,0,0,"",1,4,"cuylk101","?","cuylk101","?","mitcc102","?","mitcc102","?","wilsj105","fonsl101","fribb101","hubec101","sandh101","burng101","harpg101","willc103","","rawlj101","","T8/F89XDW.2-H(UR)","F","F",9,3,22,"T","T",3,"F","F",0,"F","F",1,"F","F",8,"F","F","F","89XDW",0,0,"N",0,"N",0,"N",3,0,5,0,"","","","","F","F","F","F","F","F","F","F","F","","mitcc102","","F","F","F","F","F","","","","",0,0,0,0,0,0,0,0,0,62,"PHI","PIT","PHI",0,"F","F",1,4,0,29,3,"T","F",2,4,"T","T","barnc102","trayp101","T","T",0,0,0,0,9,59,0,0,0,"","wilsj105","",0,0,0,0,0,0,0,0,0,0,0,0,1,"harpg101","F","F","F","F",3,0,5,0,0,0,0,0,0,0,F,F,"1925PHI.EVN.regular.event.csv",3564
"PHI192507210","PIT",9,0,2,0,0,"",2,4,"barnc102","?","barnc102","?","mitcc102","?","mitcc102","?","wilsj105","fonsl101","fribb101","hubec101","sandh101","burng101","harpg101","willc103","","","cuylk101","4/P","F","F",7,4,2,"T","T",0,"F","F",1,"F","F",0,"F","F",4,"P","F","F","",0,0,"N",0,"N",0,"N",0,0,0,3,"4","","","","F","F","F","F","F","F","F","F","F","","","mitcc102","F","T","F","F","F","","","","",0,4,0,0,0,0,0,0,0,63,"PHI","PIT","PHI",0,"F","T",2,4,1,30,4,"T","F",4,4,"T","T","trayp101","wrigg102","T","T",0,0,0,0,0,0,9,3,62,"","","wilsj105",0,0,0,0,0,0,0,0,0,0,0,0,0,"fribb101","F","F","F","F",0,0,0,3,0,0,0,0,0,0,F,F,"1925PHI.EVN.regular.event.csv",3565
"PHI192508181","CIN",1,0,0,0,0,"",0,0,"smite104","?","smite104","?","betth101","?","betth101","?","henlb101","wrigr102","fribb101","hubec101","sandh101","harpg101","leacf101","willc103","","","","W","T","F",7,1,14,"T","F",0,"F","F",0,"F","F",0,"F","F",0,"","F","F","",0,0,"N",0,"N",0,"N",1,0,0,0,"","","","","F","F","F","F","F","F","F","F","F","","","","T","F","F","F","F","","","","",0,0,0,0,0,0,0,0,0,1,"PHI","CIN","PHI",0,"T","F",0,0,0,0,0,"T","F",0,1,"T","T","pineb101","rouse101","T","T",0,0,0,0,0,0,0,0,0,"","","",0,0,0,0,0,0,0,0,0,0,0,0,0,"","F","F","F","F",0,0,0,0,0,0,0,0,0,0,F,F,"1925PHI.EVN.regular.event.csv",3566
"PHI192508181","CIN",1,0,0,0,0,"",0,0,"pineb101","?","pineb101","?","betth101","?","betth101","?","henlb101","wrigr102","fribb101","hubec101","sandh101","harpg101","leacf101","willc103","smite104","","","6/P/DP/INT.1X1(63)","F","F",5,2,2,"T","T",0,"F","F",2,"T","F",0,"F","F",6,"P","F","F","",0,0,"N",0,"N",0,"N",0,0,0,0,"6","63","","","F","F","F","F","F","F","F","F","F","betth101","","","F","F","F","F","F","","","","",0,6,3,0,6,0,0,0,0,2,"PHI","CIN","PHI",0,"F","F",0,0,0,1,1,"T","F",1,0,"T","T","rouse101","walkc101","T","T",7,1,1,0,0,0,0,0,0,"henlb101","","",0,0,0,0,0,0,0,0,0,0,0,0,0,"sandh101","F","F","F","F",0,0,0,0,0,0,0,0,0,0,F,F,"1925PHI.EVN.regular.event.csv",3567
"PHI192508181","CIN",1,0,2,0,0,"",0,0,"rouse101","?","rouse101","?","betth101","?","betth101","?","henlb101","wrigr102","fribb101","hubec101","sandh101","harpg101","leacf101","willc103","","","","9/F","F","F",8,3,2,"T","T",0,"F","F",1,"F","F",0,"F","F",9,"F","F","F","",0,0,"N",0,"N",0,"N",0,0,0,0,"9","","","","F","F","F","F","F","F","F","F","F","","","","F","F","F","F","F","","","","",0,9,0,0,0,0,0,0,0,3,"PHI","CIN","PHI",0,"F","T",0,0,0,2,2,"T","F",0,0,"T","T","walkc101","holkw101","T","T",0,0,0,0,0,0,0,0,0,"","","",0,0,0,0,0,0,0,0,0,0,0,0,0,"willc103","F","F","F","F",0,0,0,0,0,0,0,0,0,0,F,F,"1925PHI.EVN.regular.event.csv",3568
"PHI192508181","CIN",1,1,0,0,0,"",0,0,"sandh101","?","sandh101","?","luqud101","?","luqud101","?","hargb101","holkw101","crith101","pineb101","cavei101","smite104","rouse101","walkc101","","","","63","T","F",6,1,2,"T","T",0,"F","F",1,"F","F",0,"F","F",6,"G","F","F","",0,0,"N",0,"N",0,"N",0,0,0,0,"63","","","","F","F","F","F","F","F","F","F","F","","","","F","F","F","F","F","","","","",0,3,0,0,6,0,0,0,0,4,"PHI","PHI","CIN",1,"T","F",0,0,0,0,0,"T","F",0,0,"T","T","leacf101","willc103","T","T",0,0,0,0,0,0,0,0,0,"","","",0,0,0,0,0,0,0,0,0,0,0,0,0,"cavei101","F","F","F","F",0,0,0,0,0,0,0,0,0,0,F,F,"1925PHI.EVN.regular.event.csv",3569
"PHI192508181","CIN",1,1,1,0,0,"",0,0,"leacf101","?","leacf101","?","luqud101","?","luqud101","?","hargb101","holkw101","crith101","pineb101","cavei101","smite104","rouse101","walkc101","","","","D/F89XDW","F","F",8,2,21,"T","T",2,"F","F",0,"F","F",0,"F","F",0,"F","F","F","89XDW",0,0,"N",0,"N",0,"N",2,0,0,0,"","","","","F","F","F","F","F","F","F","F","F","","","","F","F","F","F","F","","","","",0,0,0,0,0,0,0,0,0,5,"PHI","PHI","CIN",1,"F","F",0,0,0,1,1,"T","F",0,2,"T","T","willc103","harpg101","T","T",0,0,0,0,0,0,0,0,0,"","","",0,0,0,0,0,0,0,0,0,0,0,0,0,"","F","F","F","F",0,0,0,0,0,0,0,0,0,0,F,F,"1925PHI.EVN.regular.event.csv",3570
"PHI192508181","CIN",1,1,1,0,0,"",0,0,"willc103","?","willc103","?","luqud101","?","luqud101","?","hargb101","holkw101","crith101","pineb101","cavei101","smite104","rouse101","walkc101","","leacf101","","K","F","F",9,3,3,"T","T",0,"F","F",1,"F","F",0,"F","F",0,"","F","F","",0,0,"N",0,"N",0,"N",0,0,2,0,"2","","","","F","F","F","F","F","F","F","F","F","","luqud101","","F","F","F","F","F","","","","",0,2,0,0,0,0,0,0,0,6,"PHI","PHI","CIN",1,"F","F",0,0,0,2,2,"T","F",2,2,"T","T","harpg101","wrigr102","T","T",0,0,0,8,2,5,0,0,0,"","hargb101","",0,0,0,0,0,0,0,0,0,0,0,0,0,"","F","F","F","F",0,0,0,0,0,0,0,0,0,0,F,F,"1925PHI.EVN.regular.event.csv",3571
"PHI192508181","CIN",1,1,2,0,0,"",0,0,"harpg101","?","harpg101","?","luqud101","?","luqud101","?","hargb101","holkw101","crith101","pineb101","cavei101","smite104","rouse101","walkc101","","leacf101","","9/L","F","F",7,4,2,"T","T",0,"F","F",1,"F","F",0,"F","F",9,"L","F","F","",0,0,"N",0,"N",0,"N",0,0,2,0,"9","","","","F","F","F","F","F","F","F","F","F","","luqud101","","F","F","F","F","F","","","","",0,9,0,0,0,0,0,0,0,7,"PHI","PHI","CIN",1,"F","T",0,0,0,3,3,"T","F",2,2,"T","T","wrigr102","henlb101","T","T",0,0,0,8,2,5,0,0,0,"","hargb101","",0,0,0,0,0,0,0,0,0,0,0,0,0,"walkc101","F","F","F","F",0,0,0,0,0,0,0,0,0,0,F,F,"1925PHI.EVN.regular.event.csv",3572
"PHI192508181","CIN",2,0,0,0,0,"",0,0,"walkc101","?","walkc101","?","betth101","?","betth101","?","henlb101","wrigr102","fribb101","hubec101","sandh101","harpg101","leacf101","willc103","","","","E5/TH1.B-3","T","F",9,4,18,"T","T",0,"F","F",0,"F","F",0,"F","F",5,"G","F","F","",1,5,"T",0,"N",0,"N",3,0,0,0,"","","","","F","F","F","F","F","F","F","F","F","","","","F","F","F","F","F","","","","",0,0,0,0,0,0,0,0,0,8,"PHI","CIN","PHI",0,"T","F",0,0,0,3,0,"T","F",0,4,"T","T","holkw101","crith101","T","T",0,0,0,0,0,0,0,0,0,"","","",0,0,0,0,0,0,0,0,0,0,0,0,0,"hubec101","F","F","F","T",5,0,0,0,5,0,0,0,0,0,F,F,"1925PHI.EVN.regular.event.csv",3573
"PHI192508181","CIN",2,0,0,0,0,"",0,0,"holkw101","?","holkw101","?","betth101","?","betth101","?","henlb101","wrigr102","fribb101","hubec101","sandh101","harpg101","leacf101","willc103","","","walkc101","8/SF.3-H(UR)","F","F",3,5,2,"T","F",0,"F","T",1,"F","F",1,"F","F",8,"F","F","F","",0,0,"N",0,"N",0,"N",0,0,0,5,"8","","","","F","F","F","F","F","F","F","F","F","","","betth101","F","F","F","F","F","","","","",0,8,0,0,0,0,0,0,0,9,"PHI","CIN","PHI",0,"F","F",0,0,0,4,1,"T","F",4,0,"T","T","crith101","cavei101","T","T",0,0,0,0,0,0,9,4,8,"","","henlb101",0,0,0,0,0,0,0,0,0,0,0,0,1,"leacf101","F","F","F","F",0,0,0,5,4,0,0,0,0,0,F,F,"1925PHI.EVN.regular.event.csv",3574
"PHI192508181","CIN",2,0,1,0,0,"",1,0,"crith101","?","crith101","?","betth101","?","betth101","?","henlb101","wrigr102","fribb101","hubec101","sandh101","harpg101","leacf101","willc103","","","","S/G46","F","F",4,6,20,"T","T",1,"F","F",0,"F","F",0,"F","F",0,"G","F","F","46",0,0,"N",0,"N",0,"N",1,0,0,0,"","","","","F","F","F","F","F","F","F","F","F","","","","F","F","F","F","F","","","","",0,0,0,0,0,0,0,0,0,10,"PHI","CIN","PHI",0,"F","F",1,0,1,5,2,"T","F",0,1,"T","T","cavei101","hargb101","T","T",0,0,0,0,0,0,0,0,0,"","","",0,0,0,0,0,0,0,0,0,0,0,0,0,"","F","F","F","F",5,0,0,0,4,0,0,0,0,0,F,F,"1925PHI.EVN.regular.event.csv",3575
"PHI192508181","CIN",2,0,1,0,0,"",1,0,"cavei101","?","cavei101","?","betth101","?","betth101","?","henlb101","wrigr102","fribb101","hubec101","sandh101","harpg101","leacf101","willc103","crith101","","","E6/G.1-2","F","F",6,7,18,"T","T",0,"F","F",0,"F","F",0,"F","F",6,"G","F","F","",1,6,"F",0,"N",0,"N",1,2,0,0,"","","","","F","F","F","F","F","F","F","F","F","betth101","","","F","F","F","F","F","","","","",0,0,0,0,0,0,0,0,0,11,"PHI","CIN","PHI",0,"F","F",1,0,1,6,3,"T","F",1,3,"T","T","hargb101","luqud101","T","T",4,6,10,0,0,0,0,0,0,"henlb101","","",0,0,0,0,0,0,0,0,0,0,0,0,0,"sandh101","F","F","F","T",5,5,0,0,4,0,0,0,0,0,F,F,"1925PHI.EVN.regular.event.csv",3576
"PHI192508181","CIN",2,0,1,0,0,"",1,0,"hargb101","?","hargb101","?","betth101","?","betth101","?","henlb101","wrigr102","fribb101","hubec101","sandh101","harpg101","leacf101","willc103","cavei101","crith101","","S7.2-H(UR);1-2","F","F",2,8,20,"T","T",1,"F","F",0,"F","F",1,"F","F",7,"","F","F","",0,0,"N",0,"N",0,"N",1,2,5,0,"","","","","F","F","F","F","F","F","F","F","F","betth101","betth101","","F","F","F","F","F","","","","",0,0,0,0,0,0,0,0,0,12,"PHI","CIN","PHI",0,"F","F",1,0,1,7,4,"T","F",3,3,"T","T","luqud101","smite104","T","T",6,7,11,4,6,10,0,0,0,"henlb101","henlb101","",0,0,0,0,0,0,0,0,0,0,0,0,1,"harpg101","F","F","F","F",5,5,5,0,3,0,0,0,0,0,F,F,"1925PHI.EVN.regular.event.csv",3577
"PHI192508181","CIN",2,0,1,0,0,"",2,0,"luqud101","?","luqud101","?","betth101","?","betth101","?","henlb101","wrigr102","fribb101","hubec101","sandh101","harpg101","leacf101","willc103","hargb101","cavei101","","2/FL","F","F",1,9,2,"T","T",0,"F","F",1,"F","F",0,"F","F",2,"F","F","T","",0,0,"N",0,"N",0,"N",0,1,2,0,"2","","","","F","F","F","F","F","F","F","F","F","betth101","betth101","","F","F","F","F","F","","","","",0,2,0,0,0,0,0,0,0,13,"PHI","CIN","PHI",0,"F","F",2,0,2,8,5,"T","F",3,3,"T","T","smite104","pineb101","T","T",2,8,12,6,7,11,0,0,0,"henlb101","henlb101","",0,0,0,0,0,0,0,0,0,0,0,0,0,"henlb101","F","F","F","F",0,5,5,0,3,0,0,0,0,0,F,F,"1925PHI.EVN.regular.event.csv",3578
"PHI192508181","CIN",2,0,2,0,0,"",2,0,"smite104","?","smite104","?","betth101","?","betth101","?","henlb101","wrigr102","fribb101","hubec101","sandh101","harpg101","leacf101","willc103","hargb101","cavei101","","S4/G.2-3;1-2","F","F",7,1,20,"T","T",1,"F","F",0,"F","F",0,"F","F",4,"G","F","F","",0,0,"N",0,"N",0,"N",1,2,3,0,"","","","","F","F","F","F","F","F","F","F","F","betth101","betth101","","F","F","F","F","F","","","","",0,0,0,0,0,0,0,0,0,14,"PHI","CIN","PHI",0,"F","F",2,0,2,9,6,"T","F",3,7,"T","T","pineb101","rouse101","T","T",2,8,12,6,7,11,0,0,0,"henlb101","henlb101","",0,0,0,0,0,0,0,0,0,0,0,0,0,"fribb101","F","F","F","F",5,5,5,0,3,0,0,0,0,0,F,F,"1925PHI.EVN.regular.event.csv",3579
"PHI192508181","CIN",2,0,2,0,0,"",2,0,"pineb101","?","pineb101","?","betth101","?","betth101","?","henlb101","wrigr102","fribb101","hubec101","sandh101","harpg101","leacf101","willc103","smite104","hargb101","cavei101","S6/G.3-H(UR);2-3;1-2","F","F",5,2,20,"T","T",1,"F","F",0,"F","F",1,"F","F",6,"G","F","F","",0,0,"N",0,"N",0,"N",1,2,3,5,"","","","","F","F","F","F","F","F","F","F","F","betth101","betth101","betth101","F","F","F","F","F","","","","",0,0,0,0,0,0,0,0,0,15,"PHI","CIN","PHI",0,"F","F",2,0,2,10,7,"T","F",7,7,"T","T","rouse101","walkc101","T","T",7,1,14,2,8,12,6,7,11,"henlb101","henlb101","henlb101",0,0,0,0,0,0,0,0,0,0,0,0,1,"sandh101","F","F","F","F",0,5,5,5,2,0,0,0,0,0,F,F,"1925PHI.EVN.regular.event.csv",3580
"PHI192508181","CIN",2,0,2,0,0,"",3,0,"rouse101","?","rouse101","?","betth101","?","betth101","?","henlb101","wrigr102","fribb101","hubec101","sandh101","harpg101","leacf101","willc103","pineb101","smite104","hargb101","W.3-H(UR);2-3;1-2","F","F",8,3,14,"T","F",0,"F","F",0,"F","F",1,"F","F",0,"","F","F","",0,0,"N",0,"N",0,"N",1,2,3,5,"","","","","F","F","F","F","F","F","F","F","F","betth101","betth101","betth101","F","F","F","F","F","","","","",0,0,0,0,0,0,0,0,0,16,"PHI","CIN","PHI",0,"F","F",3,0,3,11,8,"T","F",7,7,"T","T","walkc101","holkw101","T","T",5,2,15,7,1,14,2,8,12,"henlb101","henlb101","henlb101",0,0,0,0,0,0,0,0,0,0,0,0,1,"","F","F","F","F",0,0,5,5,1,0,0,0,0,0,F,F,"1925PHI.EVN.regular.event.csv",3581
"PHI192508181","CIN",2,0,2,0,0,"",4,0,"walkc101","?","walkc101","?","betth101","?","betth101","?","henlb101","wrigr102","fribb101","hubec101","sandh101","harpg101","leacf101","willc103","rouse101","pineb101","smite104","S9.3-H(UR);2XH(92);1-2","F","F",9,4,20,"T","T",1,"F","F",1,"F","F",1,"F","F",9,"","F","F","",0,0,"N",0,"N",0,"N",1,2,0,5,"","","92","","F","F","F","F","F","F","F","F","F","betth101","betth101","betth101","F","F","F","F","F","","","","",0,2,0,0,9,0,0,0,0,17,"PHI","CIN","PHI",0,"F","T",4,0,4,12,9,"T","F",7,3,"T","T","holkw101","crith101","T","T",8,3,16,5,2,15,7,1,14,"henlb101","henlb101","henlb101",0,0,0,0,0,0,0,0,0,0,0,0,1,"willc103","F","F","F","F",0,0,0,5,0,0,0,0,0,0,F,F,"1925PHI.EVN.regular.event.csv",3582
"PHI192508181","CIN",2,1,0,0,0,"",5,0,"wrigr102","?","wrigr102","?","luqud101","?","luqud101","?","hargb101","holkw101","crith101","pineb101","cavei101","smite104","rouse101","walkc101","","","","S9","T","F",3,5,20,"T","T",1,"F","F",0,"F","F",0,"F","F",9,"","F","F","",0,0,"N",0,"N",0,"N",1,0,0,0,"","","","","F","F","F","F","F","F","F","F","F","","","","F","F","F","F","F","","","","",0,0,0,0,0,0,0,0,0,18,"PHI","PHI","CIN",1,"T","F",0,5,0,4,0,"T","F",0,1,"T","T","henlb101","hubec101","T","T",0,0,0,0,0,0,0,0,0,"","","",0,0,0,0,0,0,0,0,0,0,0,0,0,"walkc101","F","F","F","F",0,0,0,0,0,0,0,0,0,0,F,F,"1925PHI.EVN.regular.event.csv",3583
"PHI192508181","CIN",2,1,0,0,0,"",5,0,"henlb101","?","henlb101","?","luqud101","?","luqud101","?","hargb101","holkw101","crith101","pineb101","cavei101","smite104","rouse101","walkc101","wrigr102","","","54(1)3/GDP","F","F",2,6,2,"T","T",0,"F","F",2,"T","F",0,"F","F",5,"G","F","F","",0,0,"N",0,"N",0,"N",0,0,0,0,"43","54","","","F","F","F","F","F","F","F","F","F","luqud101","","","F","F","F","F","F","","","","",0,4,3,0,5,4,0,0,0,19,"PHI","PHI","CIN",1,"F","F",0,5,0,5,1,"T","F",1,0,"T","T","hubec101","fribb101","T","T",3,5,18,0,0,0,0,0,0,"hargb101","","",0,0,0,0,0,0,0,0,0,0,0,0,0,"pineb101","T","F","F","F",0,0,0,0,0,0,0,0,0,0,F,F,"1925PHI.EVN.regular.event.csv",3584
"PHI192508181","CIN",2,1,2,0,0,"",5,0,"hubec101","?","hubec101","?","luqud101","?","luqud101","?","hargb101","holkw101","crith101","pineb101","cavei101","smite104","rouse101","walkc101","","","","E4/G","F","F",5,7,18,"T","T",0,"F","F",0,"F","F",0,"F","F",4,"G","F","F","",1,4,"F",0,"N",0,"N",1,0,0,0,"","","","","F","F","F","F","F","F","F","F","F","","","","F","F","F","F","F","","","","",0,0,0,0,0,0,0,0,0,20,"PHI","PHI","CIN",1,"F","F",0,5,0,6,2,"T","F",0,1,"T","T","fribb101","betth101","T","T",0,0,0,0,0,0,0,0,0,"","","",0,0,0,0,0,0,0,0,0,0,0,0,0,"crith101","F","F","F","T",1,0,0,0,0,0,0,0,0,0,F,F,"1925PHI.EVN.regular.event.csv",3585
"PHI192508181","CIN",2,1,2,0,0,"",5,0,"fribb101","?","fribb101","?","luqud101","?","luqud101","?","hargb101","holkw101","crith101","pineb101","cavei101","smite104","rouse101","walkc101","hubec101","","","8/F","F","F",4,8,2,"T","T",0,"F","F",1,"F","F",0,"F","F",8,"F","F","F","",0,0,"N",0,"N",0,"N",0,1,0,0,"8","","","","F","F","F","F","F","F","F","F","F","luqud101","","","F","F","F","F","F","","","","",0,8,0,0,0,0,0,0,0,21,"PHI","PHI","CIN",1,"F","T",0,5,0,7,3,"T","F",1,1,"T","T","betth101","sandh101","T","T",5,7,20,0,0,0,0,0,0,"hargb101","","",0,0,0,0,0,0,0,0,0,0,0,0,0,"rouse101","F","F","F","F",0,1,0,0,0,0,0,0,0,0,F,F,"1925PHI.EVN.regular.event.csv",3586
"PHI192508181","CIN",3,0,0,0,0,"",5,0,"holkw101","?","holkw101","?","coucj101","?","coucj101","?","henlb101","hawkc101","fribb101","hubec101","sandh101","harpg101","leacf101","willc103","","","","4/L","T","F",3,5,2,"T","T",0,"F","F",1,"F","F",0,"F","F",4,"L","F","F","",0,0,"N",0,"N",0,"N",0,0,0,0,"4","","","","F","F","F","F","F","F","F","F","F","","","","F","F","F","F","F","","","","",0,4,0,0,0,0,0,0,0,22,"PHI","CIN","PHI",0,"T","F",5,0,0,13,0,"T","F",0,0,"T","T","crith101","cavei101","F","F",0,0,0,0,0,0,0,0,0,"","","",0,0,0,0,0,0,0,0,0,0,0,0,0,"fribb101","F","F","F","F",0,0,0,0,0,0,0,0,0,0,F,F,"1925PHI.EVN.regular.event.csv",3587
"PHI192508181","CIN",3,0,1,0,0,"",5,0,"crith101","?","crith101","?","coucj101","?","coucj101","?","henlb101","hawkc101","fribb101","hubec101","sandh101","harpg101","leacf101","willc103","","","","7/F","F","F",4,6,2,"T","T",0,"F","F",1,"F","F",0,"F","F",7,"F","F","F","",0,0,"N",0,"N",0,"N",0,0,0,0,"7","","","","F","F","F","F","F","F","F","F","F","","","","F","F","F","F","F","","","","",0,7,0,0,0,0,0,0,0,23,"PHI","CIN","PHI",0,"F","F",5,0,0,14,1,"T","F",0,0,"T","T","cavei101","hargb101","F","F",0,0,0,0,0,0,0,0,0,"","","",0,0,0,0,0,0,0,0,0,0,0,0,0,"harpg101","F","F","F","F",0,0,0,0,0,0,0,0,0,0,F,F,"1925PHI.EVN.regular.event.csv",3588
"PHI192508181","CIN",3,0,2,0,0,"",5,0,"cavei101","?","cavei101","?","coucj101","?","coucj101","?","henlb101","hawkc101","fribb101","hubec101","sandh101","harpg101","leacf101","willc103","","","","8/F","F","F",6,7,2,"T","T",0,"F","F",1,"F","F",0,"F","F",8,"F","F","F","",0,0,"N",0,"N",0,"N",0,0,0,0,"8","","","","F","F","F","F","F","F","F","F","F","","","","F","F","F","F","F","","","","",0,8,0,0,0,0,0,0,0,24,"PHI","CIN","PHI",0,"F","T",5,0,0,15,2,"T","F",0,0,"T","T","hargb101","luqud101","F","F",0,0,0,0,0,0,0,0,0,"","","",0,0,0,0,0,0,0,0,0,0,0,0,0,"leacf101","F","F","F","F",0,0,0,0,0,0,0,0,0,0,F,F,"1925PHI.EVN.regular.event.csv",3589
"PHI192508181","CIN",3,1,0,0,0,"",5,0,"coucj101","?","coucj101","?","luqud101","?","luqud101","?","hargb101","holkw101","crith101","pineb101","cavei101","smite104","rouse101","walkc101","","","","HR/F9D","T","F",1,9,23,"T","T",4,"F","F",0,"F","F",1,"F","F",0,"F","F","F","9D",0,0,"N",0,"N",0,"N",4,0,0,0,"","","","","F","F","F","F","F","F","F","F","F","","","","F","F","F","F","F","","","","",0,0,0,0,0,0,0,0,0,25,"PHI","PHI","CIN",1,"T","F",0,5,0,8,0,"T","F",0,0,"F","F","sandh101","leacf101","T","T",0,0,0,0,0,0,0,0,0,"","","",0,0,0,0,0,0,0,0,0,0,0,0,1,"","F","F","F","F",4,0,0,0,0,0,0,0,0,0,F,F,"1925PHI.EVN.regular.event.csv",3590
"PHI192508181","CIN",3,1,0,0,0,"",5,1,"sandh101","?","sandh101","?","luqud101","?","luqud101","?","hargb101","holkw101","crith101","pineb101","cavei101","smite104","rouse101","walkc101","","","","S1/G","F","F",6,1,20,"T","T",1,"F","F",0,"F","F",0,"F","F",1,"G","F","F","",0,0,"N",0,"N",0,"N",1,0,0,0,"","","","","F","F","F","F","F","F","F","F","F","","","","F","F","F","F","F","","","","",0,0,0,0,0,0,0,0,0,26,"PHI","PHI","CIN",1,"F","F",1,5,1,9,1,"T","F",0,1,"T","T","leacf101","willc103","T","T",0,0,0,0,0,0,0,0,0,"","","",0,0,0,0,0,0,0,0,0,0,0,0,0,"luqud101","F","F","F","F",0,0,0,0,0,0,0,0,0,0,F,F,"1925PHI.EVN.regular.event.csv",3591
"PHI192508181","CIN",3,1,0,0,0,"",5,1,"leacf101","?","leacf101","?","luqud101","?","luqud101","?","hargb101","holkw101","crith101","pineb101","cavei101","smite104","rouse101","walkc101","sandh101","","","43.1-2","F","F",8,2,2,"T","T",0,"F","F",1,"F","F",0,"F","F",4,"G","F","F","",0,0,"N",0,"N",0,"N",0,2,0,0,"43","","","","F","F","F","F","F","F","F","F","F","luqud101","","","F","F","F","F","F","","","","",0,3,0,0,4,0,0,0,0,27,"PHI","PHI","CIN",1,"F","F",1,5,1,10,2,"T","F",1,2,"T","T","willc103","harpg101","T","T",6,1,26,0,0,0,0,0,0,"hargb101","","",0,0,0,0,0,0,0,0,0,0,0,0,0,"crith101","F","F","F","F",0,0,0,0,0,0,0,0,0,0,F,F,"1925PHI.EVN.regular.event.csv",3592
"PHI192508181","CIN",3,1,1,0,0,"",5,1,"willc103","?","willc103","?","luqud101","?","luqud101","?","hargb101","holkw101","crith101","pineb101","cavei101","smite104","rouse101","walkc101","","sandh101","","43.2-3","F","F",9,3,2,"T","T",0,"F","F",1,"F","F",0,"F","F",4,"G","F","F","",0,0,"N",0,"N",0,"N",0,0,3,0,"43","","","","F","F","F","F","F","F","F","F","F","","luqud101","","F","F","F","F","F","","","","",0,3,0,0,4,0,0,0,0,28,"PHI","PHI","CIN",1,"F","F",1,5,1,11,3,"T","F",2,4,"T","T","harpg101","hawkc101","T","T",0,0,0,6,1,26,0,0,0,"","hargb101","",0,0,0,0,0,0,0,0,0,0,0,0,0,"crith101","F","F","F","F",0,0,0,0,0,0,0,0,0,0,F,F,"1925PHI.EVN.regular.event.csv",3593
"PHI192508181","CIN",3,1,2,0,0,"",5,1,"harpg101","?","harpg101","?","luqud101","?","luqud101","?","hargb101","holkw101","crith101","pineb101","cavei101","smite104","rouse101","walkc101","","","sandh101","K","F","F",7,4,3,"T","T",0,"F","F",1,"F","F",0,"F","F",0,"","F","F","",0,0,"N",0,"N",0,"N",0,0,0,3,"2","","","","F","F","F","F","F","F","F","F","F","","","luqud101","F","F","F","F","F","","","","",0,2,0,0,0,0,0,0,0,29,"PHI","PHI","CIN",1,"F","T",1,5,1,12,4,"T","F",4,4,"T","T","hawkc101","henlb101","T","T",0,0,0,0,0,0,6,1,26,"","","hargb101",0,0,0,0,0,0,0,0,0,0,0,0,0,"","F","F","F","F",0,0,0,0,0,0,0,0,0,0,F,F,"1925PHI.EVN.regular.event.csv",3594
"PHI192508181","CIN",4,0,0,0,0,"",5,1,"hargb101","?","hargb101","?","coucj101","?","coucj101","?","henlb101","hawkc101","fribb101","hubec101","sandh101","harpg101","leacf101","willc103","","","","S7","T","F",2,8,20,"T","T",1,"F","F",0,"F","F",0,"F","F",7,"","F","F","",0,0,"N",0,"N",0,"N",1,0,0,0,"","","","","F","F","F","F","F","F","F","F","F","","","","F","F","F","F","F","","","","",0,0,0,0,0,0,0,0,0,30,"PHI","CIN","PHI",0,"T","F",5,1,0,16,0,"T","F",0,1,"T","T","luqud101","smite104","F","F",0,0,0,0,0,0,0,0,0,"","","",0,0,0,0,0,0,0,0,0,0,0,0,0,"harpg101","F","F","F","F",0,0,0,0,0,0,0,0,0,0,F,F,"1925PHI.EVN.regular.event.csv",3595
"PHI192508181","CIN",4,0,0,0,0,"",5,1,"luqud101","?","luqud101","?","coucj101","?","coucj101","?","henlb101","hawkc101","fribb101","hubec101","sandh101","harpg101","leacf101","willc103","hargb101","","","13/SH.1-2","F","F",1,9,2,"T","F",0,"T","F",1,"F","F",0,"F","F",1,"G","T","F","",0,0,"N",0,"N",0,"N",0,2,0,0,"13","","","","F","F","F","F","F","F","F","F","F","coucj101","","","F","F","F","F","F","","","","",0,3,0,0,1,0,0,0,0,31,"PHI","CIN","PHI",0,"F","F",5,1,0,17,1,"T","F",1,2,"T","T","smite104","pineb101","F","F",2,8,30,0,0,0,0,0,0,"henlb101","","",0,0,0,0,0,0,0,0,0,0,0,0,0,"coucj101","F","F","F","F",0,0,0,0,0,0,0,0,0,0,F,F,"1925PHI.EVN.regular.event.csv",3596
"PHI192508181","CIN",4,0,1,0,0,"",5,1,"smite104","?","smite104","?","coucj101","?","coucj101","?","henlb101","hawkc101","fribb101","hubec101","sandh101","harpg101","leacf101","willc103","","hargb101","","7/F","F","F",7,1,2,"T","T",0,"F","F",1,"F","F",0,"F","F",7,"F","F","F","",0,0,"N",0,"N",0,"N",0,0,2,0,"7","","","","F","F","F","F","F","F","F","F","F","","coucj101","","F","F","F","F","F","","","","",0,7,0,0,0,0,0,0,0,32,"PHI","CIN","PHI",0,"F","F",5,1,0,18,2,"T","F",2,2,"T","T","pineb101","rouse101","F","F",0,0,0,2,8,30,0,0,0,"","henlb101","",0,0,0,0,0,0,0,0,0,0,0,0,0,"harpg101","F","F","F","F",0,0,0,0,0,0,0,0,0,0,F,F,"1925PHI.EVN.regular.event.csv",3597
"PHI192508181","CIN",4,0,2,0,0,"",5,1,"pineb101","?","pineb101","?","coucj101","?","coucj101","?","henlb101","hawkc101","fribb101","hubec101","sandh101","harpg101","leacf101","willc103","","hargb101","","63","F","F",5,2,2,"T","T",0,"F","F",1,"F","F",0,"F","F",6,"G","F","F","",0,0,"N",0,"N",0,"N",0,0,2,0,"63","","","","F","F","F","F","F","F","F","F","F","","coucj101","","F","F","F","F","F","","","","",0,3,0,0,6,0,0,0,0,33,"PHI","CIN","PHI",0,"F","T",5,1,0,19,3,"T","F",2,2,"T","T","rouse101","walkc101","F","F",0,0,0,2,8,30,0,0,0,"","henlb101","",0,0,0,0,0,0,0,0,0,0,0,0,0,"sandh101","F","F","F","F",0,0,0,0,0,0,0,0,0,0,F,F,"1925PHI.EVN.regular.event.csv",3598
"PHI192508181","CIN",4,1,0,0,0,"",5,1,"hawkc101","?","hawkc101","?","luqud101","?","luqud101","?","hargb101","holkw101","crith101","pineb101","cavei101","smite104","rouse101","walkc101","","","","W","T","F",3,5,14,"T","F",0,"F","F",0,"F","F",0,"F","F",0,"","F","F","",0,0,"N",0,"N",0,"N",1,0,0,0,"","","","","F","F","F","F","F","F","F","F","F","","","","F","F","F","F","F","","","","",0,0,0,0,0,0,0,0,0,34,"PHI","PHI","CIN",1,"T","F",1,5,0,13,0,"T","F",0,1,"F","F","henlb101","hubec101","T","T",0,0,0,0,0,0,0,0,0,"","","",0,0,0,0,0,0,0,0,0,0,0,0,0,"","F","F","F","F",0,0,0,0,0,0,0,0,0,0,F,F,"1925PHI.EVN.regular.event.csv",3599
"PHI192508181","CIN",4,1,0,0,0,"",5,1,"henlb101","?","henlb101","?","luqud101","?","luqud101","?","hargb101","holkw101","crith101","pineb101","cavei101","smite104","rouse101","walkc101","hawkc101","","","4(1)/FO","F","F",2,6,2,"T","T",0,"F","F",1,"F","F",0,"F","F",4,"G","F","F","",0,0,"N",0,"N",0,"N",1,0,0,0,"","4","","","F","F","F","F","F","F","F","F","F","luqud101","","","F","F","F","F","F","","","","",0,4,0,0,0,0,0,0,0,35,"PHI","PHI","CIN",1,"F","F",1,5,0,14,1,"T","F",1,1,"T","T","hubec101","fribb101","T","T",3,5,34,0,0,0,0,0,0,"hargb101","","",0,0,0,0,0,0,0,0,0,0,0,0,0,"crith101","T","F","F","F",0,0,0,0,0,0,0,0,0,0,F,F,"1925PHI.EVN.regular.event.csv",3600
"PHI192508181","CIN",4,1,1,0,0,"",5,1,"hubec101","?","hubec101","?","luqud101","?","luqud101","?","hargb101","holkw101","crith101","pineb101","cavei101","smite104","rouse101","walkc101","henlb101","","","9/F","F","F",5,7,2,"T","T",0,"F","F",1,"F","F",0,"F","F",9,"F","F","F","",0,0,"N",0,"N",0,"N",0,1,0,0,"9","","","","F","F","F","F","F","F","F","F","F","luqud101","","","F","F","F","F","F","","","","",0,9,0,0,0,0,0,0,0,36,"PHI","PHI","CIN",1,"F","F",1,5,0,15,2,"T","F",1,1,"T","T","fribb101","coucj101","T","T",2,6,35,0,0,0,0,0,0,"hargb101","","",0,0,0,0,0,0,0,0,0,0,0,0,0,"walkc101","F","F","F","F",0,0,0,0,0,0,0,0,0,0,F,F,"1925PHI.EVN.regular.event.csv",3601
"PHI192508181","CIN",4,1,2,0,0,"",5,1,"fribb101","?","fribb101","?","luqud101","?","luqud101","?","hargb101","holkw101","crith101","pineb101","cavei101","smite104","rouse101","walkc101","henlb101","","","3/FL","F","F",4,8,2,"T","T",0,"F","F",1,"F","F",0,"F","F",3,"F","F","T","",0,0,"N",0,"N",0,"N",0,1,0,0,"3","","","","F","F","F","F","F","F","F","F","F","luqud101","","","F","F","F","F","F","","","","",0,3,0,0,0,0,0,0,0,37,"PHI","PHI","CIN",1,"F","T",1,5,0,16,3,"T","F",1,1,"T","T","coucj101","sandh101","T","T",2,6,35,0,0,0,0,0,0,"hargb101","","",0,0,0,0,0,0,0,0,0,0,0,0,0,"holkw101","F","F","F","F",0,0,0,0,0,0,0,0,0,0,F,F,"1925PHI.EVN.regular.event.csv",3602
"PHI192508181","CIN",5,0,0,0,0,"",5,1,"rouse101","?","rouse101","?","coucj101","?","coucj101","?","henlb101","hawkc101","fribb101","hubec101","sandh101","harpg101","leacf101","willc103","","","","S8","T","F",8,3,20,"T","T",1,"F","F",0,"F","F",0,"F","F",8,"","F","F","",0,0,"N",0,"N",0,"N",1,0,0,0,"","","","","F","F","F","F","F","F","F","F","F","","","","F","F","F","F","F","","","","",0,0,0,0,0,0,0,0,0,38,"PHI","CIN","PHI",0,"T","F",5,1,0,20,0,"T","F",0,1,"T","T","walkc101","holkw101","F","F",0,0,0,0,0,0,0,0,0,"","","",0,0,0,0,0,0,0,0,0,0,0,0,0,"leacf101","F","F","F","F",0,0,0,0,0,0,0,0,0,0,F,F,"1925PHI.EVN.regular.event.csv",3603
"PHI192508181","CIN",5,0,0,0,0,"",5,1,"walkc101","?","walkc101","?","coucj101","?","coucj101","?","henlb101","hawkc101","fribb101","hubec101","sandh101","harpg101","leacf101","willc103","rouse101","","","46(1)3/GDP","F","F",9,4,2,"T","T",0,"F","F",2,"T","F",0,"F","F",4,"G","F","F","",0,0,"N",0,"N",0,"N",0,0,0,0,"63","46","","","F","F","F","F","F","F","F","F","F","coucj101","","","F","F","F","F","F","","","","",0,6,3,0,4,6,0,0,0,39,"PHI","CIN","PHI",0,"F","F",5,1,0,21,1,"T","F",1,0,"T","T","holkw101","crith101","F","F",8,3,38,0,0,0,0,0,0,"henlb101","","",0,0,0,0,0,0,0,0,0,0,0,0,0,"fribb101","T","F","F","F",0,0,0,0,0,0,0,0,0,0,F,F,"1925PHI.EVN.regular.event.csv",3604
"PHI192508181","CIN",5,0,2,0,0,"",5,1,"holkw101","?","holkw101","?","coucj101","?","coucj101","?","henlb101","hawkc101","fribb101","hubec101","sandh101","harpg101","leacf101","willc103","","","","D8/8XD","F","F",3,5,21,"T","T",2,"F","F",0,"F","F",0,"F","F",8,"","F","F","8XD",0,0,"N",0,"N",0,"N",2,0,0,0,"","","","","F","F","F","F","F","F","F","F","F","","","","F","F","F","F","F","","","","",0,0,0,0,0,0,0,0,0,40,"PHI","CIN","PHI",0,"F","F",5,1,0,22,2,"T","F",0,2,"T","T","crith101","cavei101","F","F",0,0,0,0,0,0,0,0,0,"","","",0,0,0,0,0,0,0,0,0,0,0,0,0,"leacf101","F","F","F","F",0,0,0,0,0,0,0,0,0,0,F,F,"1925PHI.EVN.regular.event.csv",3605
"PHI192508181","CIN",5,0,2,0,0,"",5,1,"crith101","?","crith101","?","coucj101","?","coucj101","?","henlb101","hawkc101","fribb101","hubec101","sandh101","harpg101","leacf101","willc103","","holkw101","","4/P34D","F","F",4,6,2,"T","T",0,"F","F",1,"F","F",0,"F","F",4,"P","F","F","34D",0,0,"N",0,"N",0,"N",0,0,2,0,"4","","","","F","F","F","F","F","F","F","F","F","","coucj101","","F","F","F","F","F","","","","",0,4,0,0,0,0,0,0,0,41,"PHI","CIN","PHI",0,"F","T",5,1,0,23,3,"T","F",2,2,"T","T","cavei101","hargb101","F","F",0,0,0,3,5,40,0,0,0,"","henlb101","",0,0,0,0,0,0,0,0,0,0,0,0,0,"fribb101","F","F","F","F",0,0,0,0,0,0,0,0,0,0,F,F,"1925PHI.EVN.regular.event.csv",3606
"PHI192508181","CIN",5,1,0,0,0,"",5,1,"coucj101","?","coucj101","?","luqud101","?","luqud101","?","hargb101","holkw101","crith101","pineb101","cavei101","smite104","rouse101","walkc101","","","","K","T","F",1,9,3,"T","T",0,"F","F",1,"F","F",0,"F","F",0,"","F","F","",0,0,"N",0,"N",0,"N",0,0,0,0,"2","","","","F","F","F","F","F","F","F","F","F","","","","F","F","F","F","F","","","","",0,2,0,0,0,0,0,0,0,42,"PHI","PHI","CIN",1,"T","F",1,5,0,17,0,"T","F",0,0,"F","F","sandh101","leacf101","T","T",0,0,0,0,0,0,0,0,0,"","","",0,0,0,0,0,0,0,0,0,0,0,0,0,"","F","F","F","F",0,0,0,0,1,0,0,0,0,0,F,F,"1925PHI.EVN.regular.event.csv",3607
"PHI192508181","CIN",5,1,1,0,0,"",5,1,"sandh101","?","sandh101","?","luqud101","?","luqud101","?","hargb101","holkw101","crith101","pineb101","cavei101","smite104","rouse101","walkc101","","","","K","F","F",6,1,3,"T","T",0,"F","F",1,"F","F",0,"F","F",0,"","F","F","",0,0,"N",0,"N",0,"N",0,0,0,0,"2","","","","F","F","F","F","F","F","F","F","F","","","","F","F","F","F","F","","","","",0,2,0,0,0,0,0,0,0,43,"PHI","PHI","CIN",1,"F","F",1,5,0,18,1,"T","F",0,0,"T","T","leacf101","willc103","T","T",0,0,0,0,0,0,0,0,0,"","","",0,0,0,0,0,0,0,0,0,0,0,0,0,"","F","F","F","F",0,0,0,0,1,0,0,0,0,0,F,F,"1925PHI.EVN.regular.event.csv",3608
"PHI192508181","CIN",5,1,2,0,0,"",5,1,"leacf101","?","leacf101","?","luqud101","?","luqud101","?","hargb101","holkw101","crith101","pineb101","cavei101","smite104","rouse101","walkc101","","","","S4/G-","F","F",8,2,20,"T","T",1,"F","F",0,"F","F",0,"F","F",4,"G","F","F","",0,0,"N",0,"N",0,"N",1,0,0,0,"","","","","F","F","F","F","F","F","F","F","F","","","","F","F","F","F","F","","","","",0,0,0,0,0,0,0,0,0,44,"PHI","PHI","CIN",1,"F","F",1,5,0,19,2,"T","F",0,1,"T","T","willc103","harpg101","T","T",0,0,0,0,0,0,0,0,0,"","","",0,0,0,0,0,0,0,0,0,0,0,0,0,"crith101","F","F","F","F",4,0,0,0,1,0,0,0,0,0,F,F,"1925PHI.EVN.regular.event.csv",3609
"PHI192508181","CIN",5,1,2,0,0,"",5,1,"willc103","?","willc103","?","luqud101","?","luqud101","?","hargb101","holkw101","crith101","pineb101","cavei101","smite104","rouse101","walkc101","leacf101","","","S9.1-3","F","F",9,3,20,"T","T",1,"F","F",0,"F","F",0,"F","F",9,"","F","F","",0,0,"N",0,"N",0,"N",1,3,0,0,"","","","","F","F","F","F","F","F","F","F","F","luqud101","","","F","F","F","F","F","","","","",0,0,0,0,0,0,0,0,0,45,"PHI","PHI","CIN",1,"F","F",1,5,0,20,3,"T","F",1,5,"T","T","harpg101","hawkc101","T","T",8,2,44,0,0,0,0,0,0,"hargb101","","",0,0,0,0,0,0,0,0,0,0,0,0,0,"walkc101","F","F","F","F",0,4,0,0,1,0,0,0,0,0,F,F,"1925PHI.EVN.regular.event.csv",3610
"PHI192508181","CIN",5,1,2,0,0,"",5,1,"harpg101","?","harpg101","?","luqud101","?","luqud101","?","hargb101","holkw101","crith101","pineb101","cavei101","smite104","rouse101","walkc101","willc103","","leacf101","S9.3-H;1-3","F","F",7,4,20,"T","T",1,"F","F",0,"F","F",1,"F","F",9,"","F","F","",0,0,"N",0,"N",0,"N",1,3,0,4,"","","","","F","F","F","F","F","F","F","F","F","luqud101","","luqud101","F","F","F","F","F","","","","",0,0,0,0,0,0,0,0,0,46,"PHI","PHI","CIN",1,"F","F",1,5,0,21,4,"T","F",5,5,"T","T","hawkc101","henlb101","T","T",9,3,45,0,0,0,8,2,44,"hargb101","","hargb101",0,0,0,0,0,0,0,0,0,0,0,0,1,"walkc101","F","F","F","F",0,0,0,4,0,0,0,0,0,0,F,F,"1925PHI.EVN.regular.event.csv",3611
"PHI192508181","CIN",5,1,2,0,0,"",5,2,"hawkc101","?","hawkc101","?","luqud101","?","luqud101","?","hargb101","holkw101","crith101","pineb101","cavei101","smite104","rouse101","walkc101","harpg101","","willc103","43","F","F",3,5,2,"T","T",0,"F","F",1,"F","F",0,"F","F",4,"G","F","F","",0,0,"N",0,"N",0,"N",0,1,0,3,"43","","","","F","F","F","F","F","F","F","F","F","luqud101","","luqud101","F","F","F","F","F","","","","",0,3,0,0,4,0,0,0,0,47,"PHI","PHI","CIN",1,"F","T",2,5,1,22,5,"T","F",5,5,"F","F","henlb101","hubec101","T","T",7,4,46,0,0,0,9,3,45,"hargb101","","hargb101",0,0,0,0,0,0,0,0,0,0,0,0,0,"crith101","F","F","F","F",0,0,0,0,0,0,0,0,0,0,F,F,"1925PHI.EVN.regular.event.csv",3612
"PHI192508181","CIN",6,0,0,0,0,"",5,2,"cavei101","?","cavei101","?","coucj101","?","coucj101","?","henlb101","hawkc101","fribb101","hubec101","sandh101","harpg101","leacf101","willc103","","","","9/F","T","F",6,7,2,"T","T",0,"F","F",1,"F","F",0,"F","F",9,"F","F","F","",0,0,"N",0,"N",0,"N",0,0,0,0,"9","","","","F","F","F","F","F","F","F","F","F","","","","F","F","F","F","F","","","","",0,9,0,0,0,0,0,0,0,48,"PHI","CIN","PHI",0,"T","F",5,2,0,24,0,"T","F",0,0,"T","T","hargb101","luqud101","F","F",0,0,0,0,0,0,0,0,0,"","","",0,0,0,0,0,0,0,0,0,0,0,0,0,"willc103","F","F","F","F",0,0,0,0,2,0,0,0,0,0,F,F,"1925PHI.EVN.regular.event.csv",3613
"PHI192508181","CIN",6,0,1,0,0,"",5,2,"hargb101","?","hargb101","?","coucj101","?","coucj101","?","henlb101","hawkc101","fribb101","hubec101","sandh101","harpg101","leacf101","willc103","","","","13","F","F",2,8,2,"T","T",0,"F","F",1,"F","F",0,"F","F",1,"G","F","F","",0,0,"N",0,"N",0,"N",0,0,0,0,"13","","","","F","F","F","F","F","F","F","F","F","","","","F","F","F","F","F","","","","",0,3,0,0,1,0,0,0,0,49,"PHI","CIN","PHI",0,"F","F",5,2,0,25,1,"T","F",0,0,"T","T","luqud101","smite104","F","F",0,0,0,0,0,0,0,0,0,"","","",0,0,0,0,0,0,0,0,0,0,0,0,0,"coucj101","F","F","F","F",0,0,0,0,2,0,0,0,0,0,F,F,"1925PHI.EVN.regular.event.csv",3614
"PHI192508181","CIN",6,0,2,0,0,"",5,2,"luqud101","?","luqud101","?","coucj101","?","coucj101","?","henlb101","hawkc101","fribb101","hubec101","sandh101","harpg101","leacf101","willc103","","","","HR/F7D","F","F",1,9,23,"T","T",4,"F","F",0,"F","F",1,"F","F",0,"F","F","F","7D",0,0,"N",0,"N",0,"N",4,0,0,0,"","","","","F","F","F","F","F","F","F","F","F","","","","F","F","F","F","F","","","","",0,0,0,0,0,0,0,0,0,50,"PHI","CIN","PHI",0,"F","F",5,2,0,26,2,"T","F",0,0,"T","T","smite104","pineb101","F","F",0,0,0,0,0,0,0,0,0,"","","",0,0,0,0,0,0,0,0,0,0,0,0,1,"","F","F","F","F",4,0,0,0,1,0,0,0,0,0,F,F,"1925PHI.EVN.regular.event.csv",3615
"PHI192508181","CIN",6,0,2,0,0,"",6,2,"smite104","?","smite104","?","coucj101","?","coucj101","?","henlb101","hawkc101","fribb101","hubec101","sandh101","harpg101","leacf101","willc103","","","","HR/F9D","F","F",7,1,23,"T","T",4,"F","F",0,"F","F",1,"F","F",0,"F","F","F","9D",0,0,"N",0,"N",0,"N",4,0,0,0,"","","","","F","F","F","F","F","F","F","F","F","","","","F","F","F","F","F","","","","",0,0,0,0,0,0,0,0,0,51,"PHI","CIN","PHI",0,"F","F",6,2,1,27,3,"T","F",0,0,"T","T","pineb101","rouse101","F","F",0,0,0,0,0,0,0,0,0,"","","",0,0,0,0,0,0,0,0,0,0,0,0,1,"","F","F","F","F",4,0,0,0,0,0,0,0,0,0,F,F,"1925PHI.EVN.regular.event.csv",3616
"PHI192508181","CIN",6,0,2,0,0,"",7,2,"pineb101","?","pineb101","?","coucj101","?","coucj101","?","henlb101","hawkc101","fribb101","hubec101","sandh101","harpg101","leacf101","willc103","","","","53","F","F",5,2,2,"T","T",0,"F","F",1,"F","F",0,"F","F",5,"G","F","F","",0,0,"N",0,"N",0,"N",0,0,0,0,"53","","","","F","F","F","F","F","F","F","F","F","","","","F","F","F","F","F","","","","",0,3,0,0,5,0,0,0,0,52,"PHI","CIN","PHI",0,"F","T",7,2,2,28,4,"T","F",0,0,"T","T","rouse101","walkc101","F","F",0,0,0,0,0,0,0,0,0,"","","",0,0,0,0,0,0,0,0,0,0,0,0,0,"hubec101","F","F","F","F",0,0,0,0,0,0,0,0,0,0,F,F,"1925PHI.EVN.regular.event.csv",3617
"PHI192508181","CIN",6,1,0,0,0,"",7,2,"henlb101","?","henlb101","?","luqud101","?","luqud101","?","hargb101","holkw101","crith101","pineb101","cavei101","smite104","rouse101","walkc101","","","","9/L","T","F",2,6,2,"T","T",0,"F","F",1,"F","F",0,"F","F",9,"L","F","F","",0,0,"N",0,"N",0,"N",0,0,0,0,"9","","","","F","F","F","F","F","F","F","F","F","","","","F","F","F","F","F","","","","",0,9,0,0,0,0,0,0,0,53,"PHI","PHI","CIN",1,"T","F",2,7,0,23,0,"T","F",0,0,"T","T","hubec101","fribb101","T","T",0,0,0,0,0,0,0,0,0,"","","",0,0,0,0,0,0,0,0,0,0,0,0,0,"walkc101","F","F","F","F",0,0,0,0,0,0,0,0,0,0,F,F,"1925PHI.EVN.regular.event.csv",3618
"PHI192508181","CIN",6,1,1,0,0,"",7,2,"hubec101","?","hubec101","?","luqud101","?","luqud101","?","hargb101","holkw101","crith101","pineb101","cavei101","smite104","rouse101","walkc101","","","","9/FL","F","F",5,7,2,"T","T",0,"F","F",1,"F","F",0,"F","F",9,"F","F","T","",0,0,"N",0,"N",0,"N",0,0,0,0,"9","","","","F","F","F","F","F","F","F","F","F","","","","F","F","F","F","F","","","","",0,9,0,0,0,0,0,0,0,54,"PHI","PHI","CIN",1,"F","F",2,7,0,24,1,"T","F",0,0,"T","T","fribb101","coucj101","T","T",0,0,0,0,0,0,0,0,0,"","","",0,0,0,0,0,0,0,0,0,0,0,0,0,"walkc101","F","F","F","F",0,0,0,0,0,0,0,0,0,0,F,F,"1925PHI.EVN.regular.event.csv",3619
"PHI192508181","CIN",6,1,2,0,0,"",7,2,"fribb101","?","fribb101","?","luqud101","?","luqud101","?","hargb101","holkw101","crith101","pineb101","cavei101","smite104","rouse101","walkc101","","","","8/L","F","F",4,8,2,"T","T",0,"F","F",1,"F","F",0,"F","F",8,"L","F","F","",0,0,"N",0,"N",0,"N",0,0,0,0,"8","","","","F","F","F","F","F","F","F","F","F","","","","F","F","F","F","F","","","","",0,8,0,0,0,0,0,0,0,55,"PHI","PHI","CIN",1,"F","T",2,7,0,25,2,"T","F",0,0,"T","T","coucj101","sandh101","T","T",0,0,0,0,0,0,0,0,0,"","","",0,0,0,0,0,0,0,0,0,0,0,0,0,"rouse101","F","F","F","F",0,0,0,0,0,0,0,0,0,0,F,F,"1925PHI.EVN.regular.event.csv",3620
"PHI192508181","CIN",7,0,0,0,0,"",7,2,"rouse101","?","rouse101","?","coucj101","?","coucj101","?","henlb101","hawkc101","fribb101","hubec101","sandh101","harpg101","leacf101","willc103","","","","5/L","T","F",8,3,2,"T","T",0,"F","F",1,"F","F",0,"F","F",5,"L","F","F","",0,0,"N",0,"N",0,"N",0,0,0,0,"5","","","","F","F","F","F","F","F","F","F","F","","","","F","F","F","F","F","","","","",0,5,0,0,0,0,0,0,0,56,"PHI","CIN","PHI",0,"T","F",7,2,0,29,0,"T","F",0,0,"T","T","walkc101","holkw101","F","F",0,0,0,0,0,0,0,0,0,"","","",0,0,0,0,0,0,0,0,0,0,0,0,0,"hubec101","F","F","F","F",0,0,0,0,0,0,0,0,0,0,F,F,"1925PHI.EVN.regular.event.csv",3621
"PHI192508181","CIN",7,0,1,0,0,"",7,2,"walkc101","?","walkc101","?","coucj101","?","coucj101","?","henlb101","hawkc101","fribb101","hubec101","sandh101","harpg101","leacf101","willc103","","","","3/P","F","F",9,4,2,"T","T",0,"F","F",1,"F","F",0,"F","F",3,"P","F","F","",0,0,"N",0,"N",0,"N",0,0,0,0,"3","","","","F","F","F","F","F","F","F","F","F","","","","F","F","F","F","F","","","","",0,3,0,0,0,0,0,0,0,57,"PHI","CIN","PHI",0,"F","F",7,2,0,30,1,"T","F",0,0,"T","T","holkw101","crith101","F","F",0,0,0,0,0,0,0,0,0,"","","",0,0,0,0,0,0,0,0,0,0,0,0,0,"hawkc101","F","F","F","F",0,0,0,0,0,0,0,0,0,0,F,F,"1925PHI.EVN.regular.event.csv",3622
"PHI192508181","CIN",7,0,2,0,0,"",7,2,"holkw101","?","holkw101","?","coucj101","?","coucj101","?","henlb101","hawkc101","fribb101","hubec101","sandh101","harpg101","leacf101","willc103","","","","S9","F","F",3,5,20,"T","T",1,"F","F",0,"F","F",0,"F","F",9,"","F","F","",0,0,"N",0,"N",0,"N",1,0,0,0,"","","","","F","F","F","F","F","F","F","F","F","","","","F","F","F","F","F","","","","",0,0,0,0,0,0,0,0,0,58,"PHI","CIN","PHI",0,"F","F",7,2,0,31,2,"T","F",0,1,"T","T","crith101","cavei101","F","F",0,0,0,0,0,0,0,0,0,"","","",0,0,0,0,0,0,0,0,0,0,0,0,0,"willc103","F","F","F","F",0,0,0,0,0,0,0,0,0,0,F,F,"1925PHI.EVN.regular.event.csv",3623
"PHI192508181","CIN",7,0,2,0,0,"",7,2,"crith101","?","crith101","?","coucj101","?","coucj101","?","henlb101","hawkc101","fribb101","hubec101","sandh101","harpg101","leacf101","willc103","holkw101","","","9/F","F","F",4,6,2,"T","T",0,"F","F",1,"F","F",0,"F","F",9,"F","F","F","",0,0,"N",0,"N",0,"N",0,1,0,0,"9","","","","F","F","F","F","F","F","F","F","F","coucj101","","","F","F","F","F","F","","","","",0,9,0,0,0,0,0,0,0,59,"PHI","CIN","PHI",0,"F","T",7,2,0,32,3,"T","F",1,1,"T","T","cavei101","hargb101","F","F",3,5,58,0,0,0,0,0,0,"henlb101","","",0,0,0,0,0,0,0,0,0,0,0,0,0,"willc103","F","F","F","F",0,0,0,0,0,0,0,0,0,0,F,F,"1925PHI.EVN.regular.event.csv",3624
"PHI192508181","CIN",7,1,0,0,0,"",7,2,"coucj101","?","coucj101","?","luqud101","?","luqud101","?","hargb101","holkw101","crith101","pineb101","cavei101","smite104","rouse101","walkc101","","","","6/P","T","F",1,9,2,"T","T",0,"F","F",1,"F","F",0,"F","F",6,"P","F","F","",0,0,"N",0,"N",0,"N",0,0,0,0,"6","","","","F","F","F","F","F","F","F","F","F","","","","F","F","F","F","F","","","","",0,6,0,0,0,0,0,0,0,60,"PHI","PHI","CIN",1,"T","F",2,7,0,26,0,"T","F",0,0,"F","F","sandh101","leacf101","T","T",0,0,0,0,0,0,0,0,0,"","","",0,0,0,0,0,0,0,0,0,0,0,0,0,"cavei101","F","F","F","F",0,0,0,0,2,0,0,0,0,0,F,F,"1925PHI.EVN.regular.event.csv",3625
"PHI192508181","CIN",7,1,1,0,0,"",7,2,"sandh101","?","sandh101","?","luqud101","?","luqud101","?","hargb101","holkw101","crith101","pineb101","cavei101","smite104","rouse101","walkc101","","","","S9/9DW","F","F",6,1,20,"T","T",1,"F","F",0,"F","F",0,"F","F",9,"","F","F","9DW",0,0,"N",0,"N",0,"N",1,0,0,0,"","","","","F","F","F","F","F","F","F","F","F","","","","F","F","F","F","F","","","","",0,0,0,0,0,0,0,0,0,61,"PHI","PHI","CIN",1,"F","F",2,7,0,27,1,"T","F",0,1,"T","T","leacf101","willc103","T","T",0,0,0,0,0,0,0,0,0,"","","",0,0,0,0,0,0,0,0,0,0,0,0,0,"walkc101","F","F","F","F",4,0,0,0,2,0,0,0,0,0,F,F,"1925PHI.EVN.regular.event.csv",3626
"PHI192508181","CIN",7,1,1,0,0,"",7,2,"leacf101","?","leacf101","?","luqud101","?","luqud101","?","hargb101","holkw101","crith101","pineb101","cavei101","smite104","rouse101","walkc101","sandh101","","","K","F","F",8,2,3,"T","T",0,"F","F",1,"F","F",0,"F","F",0,"","F","F","",0,0,"N",0,"N",0,"N",0,1,0,0,"2","","","","F","F","F","F","F","F","F","F","F","luqud101","","","F","F","F","F","F","","","","",0,2,0,0,0,0,0,0,0,62,"PHI","PHI","CIN",1,"F","F",2,7,0,28,2,"T","F",1,1,"T","T","willc103","harpg101","T","T",6,1,61,0,0,0,0,0,0,"hargb101","","",0,0,0,0,0,0,0,0,0,0,0,0,0,"","F","F","F","F",0,4,0,0,2,0,0,0,0,0,F,F,"1925PHI.EVN.regular.event.csv",3627
"PHI192508181","CIN",7,1,2,0,0,"",7,2,"willc103","?","willc103","?","luqud101","?","luqud101","?","hargb101","holkw101","crith101","pineb101","cavei101","smite104","rouse101","walkc101","sandh101","","","D8.1-H","F","F",9,3,21,"T","T",2,"F","F",0,"F","F",1,"F","F",8,"","F","F","",0,0,"N",0,"N",0,"N",2,4,0,0,"","","","","F","F","F","F","F","F","F","F","F","luqud101","","","F","F","F","F","F","","","","",0,0,0,0,0,0,0,0,0,63,"PHI","PHI","CIN",1,"F","F",2,7,0,29,3,"T","F",1,2,"T","T","harpg101","hawkc101","T","T",6,1,61,0,0,0,0,0,0,"hargb101","","",0,0,0,0,0,0,0,0,0,0,0,0,1,"rouse101","F","F","F","F",5,4,0,0,1,0,0,0,0,0,F,F,"1925PHI.EVN.regular.event.csv",3628
"PHI192508181","CIN",7,1,2,0,0,"",7,3,"harpg101","?","harpg101","?","luqud101","?","luqud101","?","hargb101","holkw101","crith101","pineb101","cavei101","smite104","rouse101","walkc101","","willc103","","E8/F.2-H(NR)(UR);BX2(86)","F","F",7,4,18,"T","T",0,"F","F",1,"F","F",0,"F","F",8,"F","F","F","",1,8,"F",0,"N",0,"N",0,0,5,0,"86","","","","F","F","F","F","F","F","F","F","F","","luqud101","","F","F","F","F","F","","","","",0,6,0,0,8,0,0,0,0,64,"PHI","PHI","CIN",1,"F","T",3,7,1,30,4,"T","F",2,0,"T","T","hawkc101","henlb101","T","T",0,0,0,9,3,63,0,0,0,"","hargb101","",0,0,0,0,0,0,0,0,0,0,0,0,1,"rouse101","F","F","F","T",0,0,5,0,0,0,0,0,0,0,F,F,"1925PHI.EVN.regular.event.csv",3629
"PHI192508181","CIN",8,0,0,0,0,"",7,4,"cavei101","?","cavei101","?","coucj101","?","coucj101","?","henlb101","hawkc101","fribb101","hubec101","sandh101","harpg101","leacf101","willc103","","","","43","T","F",6,7,2,"T","T",0,"F","F",1,"F","F",0,"F","F",4,"G","F","F","",0,0,"N",0,"N",0,"N",0,0,0,0,"43","","","","F","F","F","F","F","F","F","F","F","","","","F","F","F","F","F","","","","",0,3,0,0,4,0,0,0,0,65,"PHI","CIN","PHI",0,"T","F",7,4,0,33,0,"T","F",0,0,"T","T","hargb101","luqud101","F","F",0,0,0,0,0,0,0,0,0,"","","",0,0,0,0,0,0,0,0,0,0,0,0,0,"fribb101","F","F","F","F",0,0,0,0,0,0,0,0,0,0,F,F,"1925PHI.EVN.regular.event.csv",3630
"PHI192508181","CIN",8,0,1,0,0,"",7,4,"hargb101","?","hargb101","?","coucj101","?","coucj101","?","henlb101","hawkc101","fribb101","hubec101","sandh101","harpg101","leacf101","willc103","","","","53","F","F",2,8,2,"T","T",0,"F","F",1,"F","F",0,"F","F",5,"G","F","F","",0,0,"N",0,"N",0,"N",0,0,0,0,"53","","","","F","F","F","F","F","F","F","F","F","","","","F","F","F","F","F","","","","",0,3,0,0,5,0,0,0,0,66,"PHI","CIN","PHI",0,"F","F",7,4,0,34,1,"T","F",0,0,"T","T","luqud101","smite104","F","F",0,0,0,0,0,0,0,0,0,"","","",0,0,0,0,0,0,0,0,0,0,0,0,0,"hubec101","F","F","F","F",0,0,0,0,0,0,0,0,0,0,F,F,"1925PHI.EVN.regular.event.csv",3631
"PHI192508181","CIN",8,0,2,0,0,"",7,4,"luqud101","?","luqud101","?","coucj101","?","coucj101","?","henlb101","hawkc101","fribb101","hubec101","sandh101","harpg101","leacf101","willc103","","","","W","F","F",1,9,14,"T","F",0,"F","F",0,"F","F",0,"F","F",0,"","F","F","",0,0,"N",0,"N",0,"N",1,0,0,0,"","","","","F","F","F","F","F","F","F","F","F","","","","F","F","F","F","F","","","","",0,0,0,0,0,0,0,0,0,67,"PHI","CIN","PHI",0,"F","F",7,4,0,35,2,"T","F",0,1,"T","T","smite104","pineb101","F","F",0,0,0,0,0,0,0,0,0,"","","",0,0,0,0,0,0,0,0,0,0,0,0,0,"","F","F","F","F",0,0,0,0,0,0,0,0,0,0,F,F,"1925PHI.EVN.regular.event.csv",3632
"PHI192508181","CIN",8,0,2,0,0,"",7,4,"smite104","?","smite104","?","coucj101","?","coucj101","?","henlb101","hawkc101","fribb101","hubec101","sandh101","harpg101","leacf101","willc103","luqud101","","","K","F","F",7,1,3,"T","T",0,"F","F",1,"F","F",0,"F","F",0,"","F","F","",0,0,"N",0,"N",0,"N",0,1,0,0,"2","","","","F","F","F","F","F","F","F","F","F","coucj101","","","F","F","F","F","F","","","","",0,2,0,0,0,0,0,0,0,68,"PHI","CIN","PHI",0,"F","T",7,4,0,36,3,"T","F",1,1,"T","T","pineb101","rouse101","F","F",1,9,67,0,0,0,0,0,0,"henlb101","","",0,0,0,0,0,0,0,0,0,0,0,0,0,"","F","F","F","F",0,0,0,0,0,0,0,0,0,0,F,F,"1925PHI.EVN.regular.event.csv",3633
"PHI192508181","CIN",8,1,0,0,0,"",7,4,"hawkc101","?","hawkc101","?","luqud101","?","luqud101","?","hargb101","holkw101","crith101","pineb101","cavei101","smite104","rouse101","walkc101","","","","W","T","F",3,5,14,"T","F",0,"F","F",0,"F","F",0,"F","F",0,"","F","F","",0,0,"N",0,"N",0,"N",1,0,0,0,"","","","","F","F","F","F","F","F","F","F","F","","","","F","F","F","F","F","","","","",0,0,0,0,0,0,0,0,0,69,"PHI","PHI","CIN",1,"T","F",4,7,0,31,0,"T","F",0,1,"F","F","henlb101","hubec101","T","T",0,0,0,0,0,0,0,0,0,"","","",0,0,0,0,0,0,0,0,0,0,0,0,0,"","F","F","F","F",2,0,0,0,0,0,0,0,0,0,F,F,"1925PHI.EVN.regular.event.csv",3634
"PHI192508181","CIN",8,1,0,0,0,"",7,4,"henlb101","?","henlb101","?","luqud101","?","luqud101","?","hargb101","holkw101","crith101","pineb101","cavei101","smite104","rouse101","walkc101","hawkc101","","","S8.1-2","F","F",2,6,20,"T","T",1,"F","F",0,"F","F",0,"F","F",8,"","F","F","",0,0,"N",0,"N",0,"N",1,2,0,0,"","","","","F","F","F","F","F","F","F","F","F","luqud101","","","F","F","F","F","F","","","","",0,0,0,0,0,0,0,0,0,70,"PHI","PHI","CIN",1,"F","F",4,7,0,32,1,"T","F",1,3,"T","T","hubec101","fribb101","T","T",3,5,69,0,0,0,0,0,0,"hargb101","","",0,0,0,0,0,0,0,0,0,0,0,0,0,"rouse101","F","F","F","F",1,2,0,0,0,0,0,0,0,0,F,F,"1925PHI.EVN.regular.event.csv",3635
"PHI192508181","CIN",8,1,0,0,0,"",7,4,"hubec101","?","hubec101","?","luqud101","?","luqud101","?","hargb101","holkw101","crith101","pineb101","cavei101","smite104","rouse101","walkc101","henlb101","hawkc101","","8/L","F","F",5,7,2,"T","T",0,"F","F",1,"F","F",0,"F","F",8,"L","F","F","",0,0,"N",0,"N",0,"N",0,1,2,0,"8","","","","F","F","F","F","F","F","F","F","F","luqud101","luqud101","","F","F","F","F","F","","","","",0,8,0,0,0,0,0,0,0,71,"PHI","PHI","CIN",1,"F","F",4,7,0,33,2,"T","F",3,3,"T","T","fribb101","coucj101","T","T",2,6,70,3,5,69,0,0,0,"hargb101","hargb101","",0,0,0,0,0,0,0,0,0,0,0,0,0,"rouse101","F","F","F","F",0,1,2,0,0,0,0,0,0,0,F,F,"1925PHI.EVN.regular.event.csv",3636
"PHI192508181","CIN",8,1,1,0,0,"",7,4,"fribb101","?","fribb101","?","luqud101","?","luqud101","?","hargb101","holkw101","crith101","pineb101","cavei101","smite104","rouse101","walkc101","henlb101","hawkc101","","K","F","F",4,8,3,"T","T",0,"F","F",1,"F","F",0,"F","F",0,"","F","F","",0,0,"N",0,"N",0,"N",0,1,2,0,"2","","","","F","F","F","F","F","F","F","F","F","luqud101","luqud101","","F","F","F","F","F","","","","",0,2,0,0,0,0,0,0,0,72,"PHI","PHI","CIN",1,"F","F",4,7,0,34,3,"T","F",3,3,"T","T","coucj101","sandh101","T","T",2,6,70,3,5,69,0,0,0,"hargb101","hargb101","",0,0,0,0,0,0,0,0,0,0,0,0,0,"","F","F","F","F",0,1,2,0,0,0,0,0,0,0,F,F,"1925PHI.EVN.regular.event.csv",3637
"PHI192508181","CIN",8,1,2,0,0,"",7,4,"wilsj105","?","wilsj105","?","luqud101","?","luqud101","?","hargb101","holkw101","crith101","pineb101","cavei101","smite104","rouse101","walkc101","henlb101","hawkc101","","43","F","T",11,9,2,"T","T",0,"F","F",1,"F","F",0,"F","F",4,"G","F","F","",0,0,"N",0,"N",0,"N",0,1,2,0,"43","","","","F","F","F","F","F","F","F","F","F","luqud101","luqud101","","F","F","F","F","F","","","","coucj101",1,3,0,0,4,0,0,0,0,73,"PHI","PHI","CIN",1,"F","T",4,7,0,35,4,"T","F",3,3,"F","F","sandh101","leacf101","T","T",2,6,70,3,5,69,0,0,0,"hargb101","hargb101","",0,0,0,0,0,0,0,0,0,0,0,0,0,"crith101","F","F","F","F",0,1,2,0,0,0,0,0,0,0,F,F,"1925PHI.EVN.regular.event.csv",3638
"PHI192508181","CIN",9,0,0,0,0,"",7,4,"pineb101","?","pineb101","?","mitcc102","?","mitcc102","?","henlb101","hawkc101","fribb101","hubec101","sandh101","harpg101","leacf101","willc103","","","","8/F","T","F",5,2,2,"T","T",0,"F","F",1,"F","F",0,"F","F",8,"F","F","F","",0,0,"N",0,"N",0,"N",0,0,0,0,"8","","","","F","F","F","F","F","F","F","F","F","","","","F","F","F","F","F","","","","",0,8,0,0,0,0,0,0,0,74,"PHI","CIN","PHI",0,"T","F",7,4,0,37,0,"T","F",0,0,"T","T","rouse101","walkc101","F","F",0,0,0,0,0,0,0,0,0,"","","",0,0,0,0,0,0,0,0,0,0,0,0,0,"leacf101","F","F","F","F",0,0,0,0,0,0,0,0,0,0,F,F,"1925PHI.EVN.regular.event.csv",3639
"PHI192508181","CIN",9,0,1,0,0,"",7,4,"rouse101","?","rouse101","?","mitcc102","?","mitcc102","?","henlb101","hawkc101","fribb101","hubec101","sandh101","harpg101","leacf101","willc103","","","","43","F","F",8,3,2,"T","T",0,"F","F",1,"F","F",0,"F","F",4,"G","F","F","",0,0,"N",0,"N",0,"N",0,0,0,0,"43","","","","F","F","F","F","F","F","F","F","F","","","","F","F","F","F","F","","","","",0,3,0,0,4,0,0,0,0,75,"PHI","CIN","PHI",0,"F","F",7,4,0,38,1,"T","F",0,0,"T","T","walkc101","holkw101","F","F",0,0,0,0,0,0,0,0,0,"","","",0,0,0,0,0,0,0,0,0,0,0,0,0,"fribb101","F","F","F","F",0,0,0,0,0,0,0,0,0,0,F,F,"1925PHI.EVN.regular.event.csv",3640
"PHI192508181","CIN",9,0,2,0,0,"",7,4,"walkc101","?","walkc101","?","mitcc102","?","mitcc102","?","henlb101","hawkc101","fribb101","hubec101","sandh101","harpg101","leacf101","willc103","","","","8/F","F","F",9,4,2,"T","T",0,"F","F",1,"F","F",0,"F","F",8,"F","F","F","",0,0,"N",0,"N",0,"N",0,0,0,0,"8","","","","F","F","F","F","F","F","F","F","F","","","","F","F","F","F","F","","","","",0,8,0,0,0,0,0,0,0,76,"PHI","CIN","PHI",0,"F","T",7,4,0,39,2,"T","F",0,0,"T","T","holkw101","crith101","F","F",0,0,0,0,0,0,0,0,0,"","","",0,0,0,0,0,0,0,0,0,0,0,0,0,"leacf101","F","F","F","F",0,0,0,0,0,0,0,0,0,0,F,F,"1925PHI.EVN.regular.event.csv",3641
"PHI192508181","CIN",9,1,0,0,0,"",7,4,"sandh101","?","sandh101","?","luqud101","?","luqud101","?","hargb101","holkw101","crith101","pineb101","cavei101","smite104","rouse101","walkc101","","","","S7","T","F",6,1,20,"T","T",1,"F","F",0,"F","F",0,"F","F",7,"","F","F","",0,0,"N",0,"N",0,"N",1,0,0,0,"","","","","F","F","F","F","F","F","F","F","F","","","","F","F","F","F","F","","","","",0,0,0,0,0,0,0,0,0,77,"PHI","PHI","CIN",1,"T","F",4,7,0,36,0,"T","F",0,1,"T","T","leacf101","willc103","T","T",0,0,0,0,0,0,0,0,0,"","","",0,0,0,0,0,0,0,0,0,0,0,0,0,"smite104","F","F","F","F",4,0,0,0,1,0,0,0,0,0,F,F,"1925PHI.EVN.regular.event.csv",3642
"PHI192508181","CIN",9,1,0,0,0,"",7,4,"leacf101","?","leacf101","?","luqud101","?","luqud101","?","hargb101","holkw101","crith101","pineb101","cavei101","smite104","rouse101","walkc101","sandh101","","","S9.1-3","F","F",8,2,20,"T","T",1,"F","F",0,"F","F",0,"F","F",9,"","F","F","",0,0,"N",0,"N",0,"N",1,3,0,0,"","","","","F","F","F","F","F","F","F","F","F","luqud101","","","F","F","F","F","F","","","","",0,0,0,0,0,0,0,0,0,78,"PHI","PHI","CIN",1,"F","F",4,7,0,37,1,"T","F",1,5,"T","T","willc103","harpg101","T","T",6,1,77,0,0,0,0,0,0,"hargb101","","",0,0,0,0,0,0,0,0,0,0,0,0,0,"walkc101","F","F","F","F",0,4,0,0,1,0,0,0,0,0,F,F,"1925PHI.EVN.regular.event.csv",3643
"PHI192508181","CIN",9,1,0,0,0,"",7,4,"mokaj101","?","mokaj101","?","may-j102","?","may-j102","?","hargb101","holkw101","crith101","pineb101","cavei101","smite104","rouse101","walkc101","leacf101","","sandh101","S7/7S.3-H;1-2","F","T",11,3,20,"T","T",1,"F","F",0,"F","F",1,"F","F",7,"","F","F","7S",0,0,"N",0,"N",0,"N",1,2,0,4,"","","","","F","F","F","F","F","F","F","F","F","luqud101","","luqud101","F","F","F","F","F","","","","willc103",9,0,0,0,0,0,0,0,0,79,"PHI","PHI","CIN",1,"F","F",4,7,0,38,2,"T","F",5,3,"F","F","harpg101","hawkc101","F","F",8,2,78,0,0,0,6,1,77,"hargb101","","hargb101",0,0,0,0,0,0,0,0,0,0,0,0,1,"smite104","F","F","F","F",1,0,0,4,0,0,0,0,0,0,F,F,"1925PHI.EVN.regular.event.csv",3644
"PHI192508181","CIN",9,1,0,0,0,"",7,5,"harpg101","?","harpg101","?","may-j102","?","may-j102","?","hargb101","holkw101","crith101","pineb101","cavei101","smite104","rouse101","walkc101","mokaj101","leacf101","","K","F","F",7,4,3,"T","T",0,"F","F",1,"F","F",0,"F","F",0,"","F","F","",0,0,"N",0,"N",0,"N",0,1,2,0,"2","","","","F","F","F","F","F","F","F","F","F","may-j102","luqud101","","F","F","F","F","F","","","","",0,2,0,0,0,0,0,0,0,80,"PHI","PHI","CIN",1,"F","F",5,7,1,39,3,"T","F",3,3,"T","T","hawkc101","henlb101","F","F",0,3,79,8,2,78,0,0,0,"hargb101","hargb101","",0,0,0,0,0,0,0,0,0,0,0,0,0,"","F","F","F","F",0,1,0,0,0,0,0,0,0,0,F,F,"1925PHI.EVN.regular.event.csv",3645
"PHI192508181","CIN",9,1,1,0,0,"",7,5,"kimmw101","?","kimmw101","?","may-j102","?","may-j102","?","hargb101","holkw101","crith101","pineb101","cavei101","smite104","rouse101","walkc101","mokaj101","leacf101","","PO2(15)","F","T",11,5,8,"F","F",0,"F","F",1,"F","F",0,"F","F",0,"","F","F","",0,0,"N",0,"N",0,"N",0,1,0,0,"","","15","","F","F","F","F","F","F","F","T","F","may-j102","luqud101","","F","F","F","F","F","","","","hawkc101",3,5,0,0,1,0,0,0,0,81,"PHI","PHI","CIN",1,"F","F",5,7,1,40,4,"T","F",3,1,"F","F","henlb101","hubec101","F","F",11,3,79,8,2,78,0,0,0,"hargb101","hargb101","",0,0,0,0,0,0,0,0,0,0,0,0,0,"","F","F","F","F",0,1,0,0,0,0,0,0,0,0,F,F,"1925PHI.EVN.regular.event.csv",3646
"PHI192508181","CIN",9,1,2,0,0,"",7,5,"kimmw101","?","kimmw101","?","may-j102","?","may-j102","?","hargb101","holkw101","crith101","pineb101","cavei101","smite104","rouse101","walkc101","mokaj101","","","K","F","T",11,5,3,"T","T",0,"F","F",1,"F","F",0,"F","F",0,"","F","F","",0,0,"N",0,"N",0,"N",0,1,0,0,"2","","","","F","F","F","F","F","F","F","F","F","may-j102","","","F","T","F","F","F","","","","hawkc101",3,2,0,0,0,0,0,0,0,82,"PHI","PHI","CIN",1,"F","T",5,7,1,40,4,"F","F",1,1,"F","F","henlb101","hubec101","F","F",11,3,79,0,0,0,0,0,0,"hargb101","","",0,0,0,0,0,0,0,0,0,0,0,0,0,"","F","F","F","F",0,1,0,0,0,0,0,0,0,0,F,F,"1925PHI.EVN.regular.event.csv",3647
"PHI192508221","SLN",1,0,0,0,0,"",0,0,"bladr102","?","bladr102","?","mitcc102","?","mitcc102","?","wilsj105","fonsl101","fribb101","hubec101","sandh101","mokaj101","leacf101","burng101","","","","8/F","T","F",7,1,2,"T","T",0,"F","F",1,"F","F",0,"F","F",8,"F","F","F","",0,0,"N",0,"N",0,"N",0,0,0,0,"8","","","","F","F","F","F","F","F","F","F","F","","","","T","F","F","F","F","","","","",0,8,0,0,0,0,0,0,0,1,"PHI","SLN","PHI",0,"T","F",0,0,0,0,0,"T","F",0,0,"T","T","shinr101","hornr101","T","T",0,0,0,0,0,0,0,0,0,"","","",0,0,0,0,0,0,0,0,0,0,0,0,0,"leacf101","F","F","F","F",0,0,0,0,0,0,0,0,0,0,F,F,"1925PHI.EVN.regular.event.csv",3648
"PHI192508221","SLN",1,0,1,0,0,"",0,0,"shinr101","?","shinr101","?","mitcc102","?","mitcc102","?","wilsj105","fonsl101","fribb101","hubec101","sandh101","mokaj101","leacf101","burng101","","","","W","F","F",8,2,14,"T","F",0,"F","F",0,"F","F",0,"F","F",0,"","F","F","",0,0,"N",0,"N",0,"N",1,0,0,0,"","","","","F","F","F","F","F","F","F","F","F","","","","F","F","F","F","F","","","","",0,0,0,0,0,0,0,0,0,2,"PHI","SLN","PHI",0,"F","F",0,0,0,1,1,"T","F",0,1,"T","T","hornr101","bottj101","T","T",0,0,0,0,0,0,0,0,0,"","","",0,0,0,0,0,0,0,0,0,0,0,0,0,"","F","F","F","F",0,0,0,0,0,0,0,0,0,0,F,F,"1925PHI.EVN.regular.event.csv",3649
"PHI192508221","SLN",1,0,1,0,0,"",0,0,"hornr101","?","hornr101","?","mitcc102","?","mitcc102","?","wilsj105","fonsl101","fribb101","hubec101","sandh101","mokaj101","leacf101","burng101","shinr101","","","9/F","F","F",4,3,2,"T","T",0,"F","F",1,"F","F",0,"F","F",9,"F","F","F","",0,0,"N",0,"N",0,"N",0,1,0,0,"9","","","","F","F","F","F","F","F","F","F","F","mitcc102","","","F","F","F","F","F","","","","",0,9,0,0,0,0,0,0,0,3,"PHI","SLN","PHI",0,"F","F",0,0,0,2,2,"T","F",1,1,"T","T","bottj101","hafec101","T","T",8,2,2,0,0,0,0,0,0,"wilsj105","","",0,0,0,0,0,0,0,0,0,0,0,0,0,"burng101","F","F","F","F",0,0,0,0,0,0,0,0,0,0,F,F,"1925PHI.EVN.regular.event.csv",3650
"PHI192508221","SLN",1,0,2,0,0,"",0,0,"bottj101","?","bottj101","?","mitcc102","?","mitcc102","?","wilsj105","fonsl101","fribb101","hubec101","sandh101","mokaj101","leacf101","burng101","shinr101","","","K/C","F","F",3,4,3,"T","T",0,"F","F",1,"F","F",0,"F","F",0,"","F","F","",0,0,"N",0,"N",0,"N",0,1,0,0,"2","","","","F","F","F","F","F","F","F","F","F","mitcc102","","","F","F","F","F","F","","","","",0,2,0,0,0,0,0,0,0,4,"PHI","SLN","PHI",0,"F","T",0,0,0,3,3,"T","F",1,1,"T","T","hafec101","belll101","T","T",8,2,2,0,0,0,0,0,0,"wilsj105","","",0,0,0,0,0,0,0,0,0,0,0,0,0,"","F","F","F","F",0,0,0,0,0,0,0,0,0,0,F,F,"1925PHI.EVN.regular.event.csv",3651
"PHI192508221","SLN",1,1,0,0,0,"",0,0,"sandh101","?","sandh101","?","sherb101","?","sherb101","?","ofarb101","bottj101","hornr101","belll101","thevt101","bladr102","shinr101","hafec101","","","","8/F","T","F",6,1,2,"T","T",0,"F","F",1,"F","F",0,"F","F",8,"F","F","F","",0,0,"N",0,"N",0,"N",0,0,0,0,"8","","","","F","F","F","F","F","F","F","F","F","","","","F","F","F","F","F","","","","",0,8,0,0,0,0,0,0,0,5,"PHI","PHI","SLN",1,"T","F",0,0,0,0,0,"T","F",0,0,"T","T","leacf101","burng101","T","T",0,0,0,0,0,0,0,0,0,"","","",0,0,0,0,0,0,0,0,0,0,0,0,0,"shinr101","F","F","F","F",0,0,0,0,0,0,0,0,0,0,F,F,"1925PHI.EVN.regular.event.csv",3652
"PHI192508221","SLN",1,1,1,0,0,"",0,0,"leacf101","?","leacf101","?","sherb101","?","sherb101","?","ofarb101","bottj101","hornr101","belll101","thevt101","bladr102","shinr101","hafec101","","","","53","F","F",8,2,2,"T","T",0,"F","F",1,"F","F",0,"F","F",5,"G","F","F","",0,0,"N",0,"N",0,"N",0,0,0,0,"53","","","","F","F","F","F","F","F","F","F","F","","","","F","F","F","F","F","","","","",0,3,0,0,5,0,0,0,0,6,"PHI","PHI","SLN",1,"F","F",0,0,0,1,1,"T","F",0,0,"T","T","burng101","mokaj101","T","T",0,0,0,0,0,0,0,0,0,"","","",0,0,0,0,0,0,0,0,0,0,0,0,0,"belll101","F","F","F","F",0,0,0,0,0,0,0,0,0,0,F,F,"1925PHI.EVN.regular.event.csv",3653
"PHI192508221","SLN",1,1,2,0,0,"",0,0,"burng101","?","burng101","?","sherb101","?","sherb101","?","ofarb101","bottj101","hornr101","belll101","thevt101","bladr102","shinr101","hafec101","","","","W","F","F",9,3,14,"T","F",0,"F","F",0,"F","F",0,"F","F",0,"","F","F","",0,0,"N",0,"N",0,"N",1,0,0,0,"","","","","F","F","F","F","F","F","F","F","F","","","","F","F","F","F","F","","","","",0,0,0,0,0,0,0,0,0,7,"PHI","PHI","SLN",1,"F","F",0,0,0,2,2,"T","F",0,1,"T","T","mokaj101","wilsj105","T","T",0,0,0,0,0,0,0,0,0,"","","",0,0,0,0,0,0,0,0,0,0,0,0,0,"","F","F","F","F",0,0,0,0,0,0,0,0,0,0,F,F,"1925PHI.EVN.regular.event.csv",3654
"PHI192508221","SLN",1,1,2,0,0,"",0,0,"mokaj101","?","mokaj101","?","sherb101","?","sherb101","?","ofarb101","bottj101","hornr101","belll101","thevt101","bladr102","shinr101","hafec101","burng101","","","63","F","F",7,4,2,"T","T",0,"F","F",1,"F","F",0,"F","F",6,"G","F","F","",0,0,"N",0,"N",0,"N",0,1,0,0,"63","","","","F","F","F","F","F","F","F","F","F","sherb101","","","F","F","F","F","F","","","","",0,3,0,0,6,0,0,0,0,8,"PHI","PHI","SLN",1,"F","T",0,0,0,3,3,"T","F",1,1,"T","T","wilsj105","fonsl101","T","T",9,3,7,0,0,0,0,0,0,"ofarb101","","",0,0,0,0,0,0,0,0,0,0,0,0,0,"thevt101","F","F","F","F",0,0,0,0,0,0,0,0,0,0,F,F,"1925PHI.EVN.regular.event.csv",3655
"PHI192508221","SLN",2,0,0,0,0,"",0,0,"hafec101","?","hafec101","?","mitcc102","?","mitcc102","?","wilsj105","fonsl101","fribb101","hubec101","sandh101","mokaj101","leacf101","burng101","","","","S8","T","F",9,5,20,"T","T",1,"F","F",0,"F","F",0,"F","F",8,"","F","F","",0,0,"N",0,"N",0,"N",1,0,0,0,"","","","","F","F","F","F","F","F","F","F","F","","","","F","F","F","F","F","","","","",0,0,0,0,0,0,0,0,0,9,"PHI","SLN","PHI",0,"T","F",0,0,0,4,0,"T","F",0,1,"T","T","belll101","ofarb101","T","T",0,0,0,0,0,0,0,0,0,"","","",0,0,0,0,0,0,0,0,0,0,0,0,0,"leacf101","F","F","F","F",0,0,0,0,0,0,0,0,0,0,F,F,"1925PHI.EVN.regular.event.csv",3656
"PHI192508221","SLN",2,0,0,0,0,"",0,0,"belll101","?","belll101","?","mitcc102","?","mitcc102","?","wilsj105","fonsl101","fribb101","hubec101","sandh101","mokaj101","leacf101","burng101","hafec101","","","36(1)/FO","F","F",5,6,2,"T","T",0,"F","F",1,"F","F",0,"F","F",3,"G","F","F","",0,0,"N",0,"N",0,"N",1,0,0,0,"","36","","","F","F","F","F","F","F","F","F","F","mitcc102","","","F","F","F","F","F","","","","",0,6,0,0,3,0,0,0,0,10,"PHI","SLN","PHI",0,"F","F",0,0,0,5,1,"T","F",1,1,"T","T","ofarb101","thevt101","T","T",9,5,9,0,0,0,0,0,0,"wilsj105","","",0,0,0,0,0,0,0,0,0,0,0,0,0,"fonsl101","T","F","F","F",0,0,0,0,0,0,0,0,0,0,F,F,"1925PHI.EVN.regular.event.csv",3657
"PHI192508221","SLN",2,0,1,0,0,"",0,0,"ofarb101","?","ofarb101","?","mitcc102","?","mitcc102","?","wilsj105","fonsl101","fribb101","hubec101","sandh101","mokaj101","leacf101","burng101","belll101","","","7/F","F","F",2,7,2,"T","T",0,"F","F",1,"F","F",0,"F","F",7,"F","F","F","",0,0,"N",0,"N",0,"N",0,1,0,0,"7","","","","F","F","F","F","F","F","F","F","F","mitcc102","","","F","F","F","F","F","","","","",0,7,0,0,0,0,0,0,0,11,"PHI","SLN","PHI",0,"F","F",0,0,0,6,2,"T","F",1,1,"T","T","thevt101","sherb101","T","T",5,6,10,0,0,0,0,0,0,"wilsj105","","",0,0,0,0,0,0,0,0,0,0,0,0,0,"mokaj101","F","F","F","F",0,0,0,0,0,0,0,0,0,0,F,F,"1925PHI.EVN.regular.event.csv",3658
"PHI192508221","SLN",2,0,2,0,0,"",0,0,"thevt101","?","thevt101","?","mitcc102","?","mitcc102","?","wilsj105","fonsl101","fribb101","hubec101","sandh101","mokaj101","leacf101","burng101","belll101","","","S9.1-2","F","F",6,8,20,"T","T",1,"F","F",0,"F","F",0,"F","F",9,"","F","F","",0,0,"N",0,"N",0,"N",1,2,0,0,"","","","","F","F","F","F","F","F","F","F","F","mitcc102","","","F","F","F","F","F","","","","",0,0,0,0,0,0,0,0,0,12,"PHI","SLN","PHI",0,"F","F",0,0,0,7,3,"T","F",1,3,"T","T","sherb101","bladr102","T","T",5,6,10,0,0,0,0,0,0,"wilsj105","","",0,0,0,0,0,0,0,0,0,0,0,0,0,"burng101","F","F","F","F",0,0,0,0,0,0,0,0,0,0,F,F,"1925PHI.EVN.regular.event.csv",3659
"PHI192508221","SLN",2,0,2,0,0,"",0,0,"sherb101","?","sherb101","?","mitcc102","?","mitcc102","?","wilsj105","fonsl101","fribb101","hubec101","sandh101","mokaj101","leacf101","burng101","thevt101","belll101","","43","F","F",1,9,2,"T","T",0,"F","F",1,"F","F",0,"F","F",4,"G","F","F","",0,0,"N",0,"N",0,"N",0,1,2,0,"43","","","","F","F","F","F","F","F","F","F","F","mitcc102","mitcc102","","F","F","F","F","F","","","","",0,3,0,0,4,0,0,0,0,13,"PHI","SLN","PHI",0,"F","T",0,0,0,8,4,"T","F",3,3,"T","T","bladr102","shinr101","T","T",6,8,12,5,6,10,0,0,0,"wilsj105","wilsj105","",0,0,0,0,0,0,0,0,0,0,0,0,0,"fribb101","F","F","F","F",0,0,0,0,0,0,0,0,0,0,F,F,"1925PHI.EVN.regular.event.csv",3660
"PHI192508221","SLN",2,1,0,0,0,"",0,0,"wilsj105","?","wilsj105","?","sherb101","?","sherb101","?","ofarb101","bottj101","hornr101","belll101","thevt101","bladr102","shinr101","hafec101","","","","K","T","F",2,5,3,"T","T",0,"F","F",1,"F","F",0,"F","F",0,"","F","F","",0,0,"N",0,"N",0,"N",0,0,0,0,"2","","","","F","F","F","F","F","F","F","F","F","","","","F","F","F","F","F","","","","",0,2,0,0,0,0,0,0,0,14,"PHI","PHI","SLN",1,"T","F",0,0,0,4,0,"T","F",0,0,"T","T","fonsl101","hubec101","T","T",0,0,0,0,0,0,0,0,0,"","","",0,0,0,0,0,0,0,0,0,0,0,0,0,"","F","F","F","F",0,0,0,0,0,0,0,0,0,0,F,F,"1925PHI.EVN.regular.event.csv",3661
"PHI192508221","SLN",2,1,1,0,0,"",0,0,"fonsl101","?","fonsl101","?","sherb101","?","sherb101","?","ofarb101","bottj101","hornr101","belll101","thevt101","bladr102","shinr101","hafec101","","","","53","F","F",3,6,2,"T","T",0,"F","F",1,"F","F",0,"F","F",5,"G","F","F","",0,0,"N",0,"N",0,"N",0,0,0,0,"53","","","","F","F","F","F","F","F","F","F","F","","","","F","F","F","F","F","","","","",0,3,0,0,5,0,0,0,0,15,"PHI","PHI","SLN",1,"F","F",0,0,0,5,1,"T","F",0,0,"T","T","hubec101","fribb101","T","T",0,0,0,0,0,0,0,0,0,"","","",0,0,0,0,0,0,0,0,0,0,0,0,0,"belll101","F","F","F","F",0,0,0,0,0,0,0,0,0,0,F,F,"1925PHI.EVN.regular.event.csv",3662
"PHI192508221","SLN",2,1,2,0,0,"",0,0,"hubec101","?","hubec101","?","sherb101","?","sherb101","?","ofarb101","bottj101","hornr101","belll101","thevt101","bladr102","shinr101","hafec101","","","","63","F","F",5,7,2,"T","T",0,"F","F",1,"F","F",0,"F","F",6,"G","F","F","",0,0,"N",0,"N",0,"N",0,0,0,0,"63","","","","F","F","F","F","F","F","F","F","F","","","","F","F","F","F","F","","","","",0,3,0,0,6,0,0,0,0,16,"PHI","PHI","SLN",1,"F","T",0,0,0,6,2,"T","F",0,0,"T","T","fribb101","mitcc102","T","T",0,0,0,0,0,0,0,0,0,"","","",0,0,0,0,0,0,0,0,0,0,0,0,0,"thevt101","F","F","F","F",0,0,0,0,0,0,0,0,0,0,F,F,"1925PHI.EVN.regular.event.csv",3663
"PHI192508221","SLN",3,0,0,0,0,"",0,0,"bladr102","?","bladr102","?","mitcc102","?","mitcc102","?","wilsj105","fonsl101","fribb101","hubec101","sandh101","mokaj101","leacf101","burng101","","","","S3/G3L","T","F",7,1,20,"T","T",1,"F","F",0,"F","F",0,"F","F",3,"G","F","F","3L",0,0,"N",0,"N",0,"N",1,0,0,0,"","","","","F","F","F","F","F","F","F","F","F","","","","F","F","F","F","F","","","","",0,0,0,0,0,0,0,0,0,17,"PHI","SLN","PHI",0,"T","F",0,0,0,9,0,"T","F",0,1,"T","T","shinr101","hornr101","T","T",0,0,0,0,0,0,0,0,0,"","","",0,0,0,0,0,0,0,0,0,0,0,0,0,"fonsl101","F","F","F","F",4,0,0,0,2,0,0,0,0,0,F,F,"1925PHI.EVN.regular.event.csv",3664
"PHI192508221","SLN",3,0,0,0,0,"",0,0,"shinr101","?","shinr101","?","mitcc102","?","mitcc102","?","wilsj105","fonsl101","fribb101","hubec101","sandh101","mokaj101","leacf101","burng101","bladr102","","","D9.1-3","F","F",8,2,21,"T","T",2,"F","F",0,"F","F",0,"F","F",9,"","F","F","",0,0,"N",0,"N",0,"N",2,3,0,0,"","","","","F","F","F","F","F","F","F","F","F","mitcc102","","","F","F","F","F","F","","","","",0,0,0,0,0,0,0,0,0,18,"PHI","SLN","PHI",0,"F","F",0,0,0,10,1,"T","F",1,6,"T","T","hornr101","bottj101","T","T",7,1,17,0,0,0,0,0,0,"wilsj105","","",0,0,0,0,0,0,0,0,0,0,0,0,0,"burng101","F","F","F","F",4,4,0,0,2,0,0,0,0,0,F,F,"1925PHI.EVN.regular.event.csv",3665
"PHI192508221","SLN",3,0,0,0,0,"",0,0,"hornr101","?","hornr101","?","mitcc102","?","mitcc102","?","wilsj105","fonsl101","fribb101","hubec101","sandh101","mokaj101","leacf101","burng101","","shinr101","bladr102","S7.3-H;2-H","F","F",4,3,20,"T","T",1,"F","F",0,"F","F",2,"F","F",7,"","F","F","",0,0,"N",0,"N",0,"N",1,0,4,4,"","","","","F","F","F","F","F","F","F","F","F","","mitcc102","mitcc102","F","F","F","F","F","","","","",0,0,0,0,0,0,0,0,0,19,"PHI","SLN","PHI",0,"F","F",0,0,0,11,2,"T","F",6,1,"T","T","bottj101","hafec101","T","T",0,0,0,8,2,18,7,1,17,"","wilsj105","wilsj105",0,0,0,0,0,0,0,0,0,0,0,0,2,"mokaj101","F","F","F","F",0,0,4,4,0,0,0,0,0,0,F,F,"1925PHI.EVN.regular.event.csv",3666
"PHI192508221","SLN",3,0,0,0,0,"",2,0,"bottj101","?","bottj101","?","mitcc102","?","mitcc102","?","wilsj105","fonsl101","fribb101","hubec101","sandh101","mokaj101","leacf101","burng101","hornr101","","","4/LDP.1X1(43)","F","F",3,4,2,"T","T",0,"F","F",2,"T","F",0,"F","F",4,"L","F","F","",0,0,"N",0,"N",0,"N",0,0,0,0,"4","43","","","F","F","F","F","F","F","F","F","F","mitcc102","","","F","F","F","F","F","","","","",0,4,3,0,4,0,0,0,0,20,"PHI","SLN","PHI",0,"F","F",2,0,2,12,3,"T","F",1,0,"T","T","hafec101","belll101","T","T",4,3,19,0,0,0,0,0,0,"wilsj105","","",0,0,0,0,0,0,0,0,0,0,0,0,0,"fribb101","F","F","F","F",0,0,0,0,0,0,0,0,0,0,F,F,"1925PHI.EVN.regular.event.csv",3667
"PHI192508221","SLN",3,0,2,0,0,"",2,0,"hafec101","?","hafec101","?","mitcc102","?","mitcc102","?","wilsj105","fonsl101","fribb101","hubec101","sandh101","mokaj101","leacf101","burng101","","","","D/F89XDW","F","F",9,5,21,"T","T",2,"F","F",0,"F","F",0,"F","F",0,"F","F","F","89XDW",0,0,"N",0,"N",0,"N",2,0,0,0,"","","","","F","F","F","F","F","F","F","F","F","","","","F","F","F","F","F","","","","",0,0,0,0,0,0,0,0,0,21,"PHI","SLN","PHI",0,"F","F",2,0,2,13,4,"T","F",0,2,"T","T","belll101","ofarb101","T","T",0,0,0,0,0,0,0,0,0,"","","",0,0,0,0,0,0,0,0,0,0,0,0,0,"","F","F","F","F",0,0,0,0,0,0,0,0,0,0,F,F,"1925PHI.EVN.regular.event.csv",3668
"PHI192508221","SLN",3,0,2,0,0,"",2,0,"belll101","?","belll101","?","mitcc102","?","mitcc102","?","wilsj105","fonsl101","fribb101","hubec101","sandh101","mokaj101","leacf101","burng101","","hafec101","","WP.2-3","F","F",5,6,9,"F","F",0,"F","F",0,"F","F",0,"T","F",0,"","F","F","",0,0,"N",0,"N",0,"N",0,0,3,0,"","","","","F","F","F","F","F","F","F","F","F","","mitcc102","","F","F","F","F","F","","","","",0,0,0,0,0,0,0,0,0,22,"PHI","SLN","PHI",0,"F","F",2,0,2,14,5,"T","F",2,4,"T","T","ofarb101","thevt101","T","T",0,0,0,9,5,21,0,0,0,"","wilsj105","",0,0,0,0,0,0,0,0,0,0,0,0,0,"","F","F","F","F",0,0,0,0,0,0,0,0,0,0,F,F,"1925PHI.EVN.regular.event.csv",3669
"PHI192508221","SLN",3,0,2,0,0,"",2,0,"belll101","?","belll101","?","mitcc102","?","mitcc102","?","wilsj105","fonsl101","fribb101","hubec101","sandh101","mokaj101","leacf101","burng101","","","hafec101","W","F","F",5,6,14,"T","F",0,"F","F",0,"F","F",0,"F","F",0,"","F","F","",0,0,"N",0,"N",0,"N",1,0,0,3,"","","","","F","F","F","F","F","F","F","F","F","","","mitcc102","F","F","F","F","F","","","","",0,0,0,0,0,0,0,0,0,23,"PHI","SLN","PHI",0,"F","F",2,0,2,14,5,"F","F",4,5,"T","T","ofarb101","thevt101","T","T",0,0,0,0,0,0,9,5,21,"","","wilsj105",0,0,0,0,0,0,0,0,0,0,0,0,0,"","F","F","F","F",0,0,0,0,0,0,0,0,0,0,F,F,"1925PHI.EVN.regular.event.csv",3670
"PHI192508221","SLN",3,0,2,0,0,"",2,0,"ofarb101","?","ofarb101","?","mitcc102","?","mitcc102","?","wilsj105","fonsl101","fribb101","hubec101","sandh101","mokaj101","leacf101","burng101","belll101","","hafec101","13","F","F",2,7,2,"T","T",0,"F","F",1,"F","F",0,"F","F",1,"G","F","F","",0,0,"N",0,"N",0,"N",0,1,0,3,"13","","","","F","F","F","F","F","F","F","F","F","mitcc102","","mitcc102","F","F","F","F","F","","","","",0,3,0,0,1,0,0,0,0,24,"PHI","SLN","PHI",0,"F","T",2,0,2,15,6,"T","F",5,5,"T","T","thevt101","sherb101","T","T",5,6,23,0,0,0,9,5,21,"wilsj105","","wilsj105",0,0,0,0,0,0,0,0,0,0,0,0,0,"mitcc102","F","F","F","F",0,0,0,0,0,0,0,0,0,0,F,F,"1925PHI.EVN.regular.event.csv",3671
"PHI192508221","SLN",3,1,0,0,0,"",2,0,"fribb101","?","fribb101","?","sherb101","?","sherb101","?","ofarb101","bottj101","hornr101","belll101","thevt101","bladr102","shinr101","hafec101","","","","W","T","F",4,8,14,"T","F",0,"F","F",0,"F","F",0,"F","F",0,"","F","F","",0,0,"N",0,"N",0,"N",1,0,0,0,"","","","","F","F","F","F","F","F","F","F","F","","","","F","F","F","F","F","","","","",0,0,0,0,0,0,0,0,0,25,"PHI","PHI","SLN",1,"T","F",0,2,0,7,0,"T","F",0,1,"T","T","mitcc102","sandh101","T","T",0,0,0,0,0,0,0,0,0,"","","",0,0,0,0,0,0,0,0,0,0,0,0,0,"","F","F","F","F",4,0,0,0,1,0,0,0,0,0,F,F,"1925PHI.EVN.regular.event.csv",3672
"PHI192508221","SLN",3,1,0,0,0,"",2,0,"mitcc102","?","mitcc102","?","sherb101","?","sherb101","?","ofarb101","bottj101","hornr101","belll101","thevt101","bladr102","shinr101","hafec101","fribb101","","","K","F","F",1,9,3,"T","T",0,"F","F",1,"F","F",0,"F","F",0,"","F","F","",0,0,"N",0,"N",0,"N",0,1,0,0,"2","","","","F","F","F","F","F","F","F","F","F","sherb101","","","F","F","F","F","F","","","","",0,2,0,0,0,0,0,0,0,26,"PHI","PHI","SLN",1,"F","F",0,2,0,8,1,"T","F",1,1,"T","T","sandh101","leacf101","T","T",4,8,25,0,0,0,0,0,0,"ofarb101","","",0,0,0,0,0,0,0,0,0,0,0,0,0,"","F","F","F","F",0,4,0,0,1,0,0,0,0,0,F,F,"1925PHI.EVN.regular.event.csv",3673
"PHI192508221","SLN",3,1,1,0,0,"",2,0,"sandh101","?","sandh101","?","sherb101","?","sherb101","?","ofarb101","bottj101","hornr101","belll101","thevt101","bladr102","shinr101","hafec101","fribb101","","","43.1-2","F","F",6,1,2,"T","T",0,"F","F",1,"F","F",0,"F","F",4,"G","F","F","",0,0,"N",0,"N",0,"N",0,2,0,0,"43","","","","F","F","F","F","F","F","F","F","F","sherb101","","","F","F","F","F","F","","","","",0,3,0,0,4,0,0,0,0,27,"PHI","PHI","SLN",1,"F","F",0,2,0,9,2,"T","F",1,2,"T","T","leacf101","burng101","T","T",4,8,25,0,0,0,0,0,0,"ofarb101","","",0,0,0,0,0,0,0,0,0,0,0,0,0,"hornr101","F","F","F","F",0,4,0,0,1,0,0,0,0,0,F,F,"1925PHI.EVN.regular.event.csv",3674
"PHI192508221","SLN",3,1,2,0,0,"",2,0,"leacf101","?","leacf101","?","sherb101","?","sherb101","?","ofarb101","bottj101","hornr101","belll101","thevt101","bladr102","shinr101","hafec101","","fribb101","","S9.2-H","F","F",8,2,20,"T","T",1,"F","F",0,"F","F",1,"F","F",9,"","F","F","",0,0,"N",0,"N",0,"N",1,0,4,0,"","","","","F","F","F","F","F","F","F","F","F","","sherb101","","F","F","F","F","F","","","","",0,0,0,0,0,0,0,0,0,28,"PHI","PHI","SLN",1,"F","F",0,2,0,10,3,"T","F",2,1,"T","T","burng101","mokaj101","T","T",0,0,0,4,8,25,0,0,0,"","ofarb101","",0,0,0,0,0,0,0,0,0,0,0,0,1,"hafec101","F","F","F","F",0,0,4,0,0,0,0,0,0,0,F,F,"1925PHI.EVN.regular.event.csv",3675
"PHI192508221","SLN",3,1,2,0,0,"",2,1,"burng101","?","burng101","?","sherb101","?","sherb101","?","ofarb101","bottj101","hornr101","belll101","thevt101","bladr102","shinr101","hafec101","leacf101","","","8/F","F","F",9,3,2,"T","T",0,"F","F",1,"F","F",0,"F","F",8,"F","F","F","",0,0,"N",0,"N",0,"N",0,1,0,0,"8","","","","F","F","F","F","F","F","F","F","F","sherb101","","","F","F","F","F","F","","","","",0,8,0,0,0,0,0,0,0,29,"PHI","PHI","SLN",1,"F","T",1,2,1,11,4,"T","F",1,1,"T","T","mokaj101","wilsj105","T","T",8,2,28,0,0,0,0,0,0,"ofarb101","","",0,0,0,0,0,0,0,0,0,0,0,0,0,"shinr101","F","F","F","F",0,0,0,0,0,0,0,0,0,0,F,F,"1925PHI.EVN.regular.event.csv",3676
"PHI192508221","SLN",4,0,0,0,0,"",2,1,"thevt101","?","thevt101","?","mitcc102","?","mitcc102","?","wilsj105","fonsl101","fribb101","hubec101","sandh101","mokaj101","leacf101","burng101","","","","13","T","F",6,8,2,"T","T",0,"F","F",1,"F","F",0,"F","F",1,"G","F","F","",0,0,"N",0,"N",0,"N",0,0,0,0,"13","","","","F","F","F","F","F","F","F","F","F","","","","F","F","F","F","F","","","","",0,3,0,0,1,0,0,0,0,30,"PHI","SLN","PHI",0,"T","F",2,1,0,16,0,"T","F",0,0,"T","T","sherb101","bladr102","T","T",0,0,0,0,0,0,0,0,0,"","","",0,0,0,0,0,0,0,0,0,0,0,0,0,"mitcc102","F","F","F","F",0,0,0,0,0,0,0,0,0,0,F,F,"1925PHI.EVN.regular.event.csv",3677
"PHI192508221","SLN",4,0,1,0,0,"",2,1,"sherb101","?","sherb101","?","mitcc102","?","mitcc102","?","wilsj105","fonsl101","fribb101","hubec101","sandh101","mokaj101","leacf101","burng101","","","","43","F","F",1,9,2,"T","T",0,"F","F",1,"F","F",0,"F","F",4,"G","F","F","",0,0,"N",0,"N",0,"N",0,0,0,0,"43","","","","F","F","F","F","F","F","F","F","F","","","","F","F","F","F","F","","","","",0,3,0,0,4,0,0,0,0,31,"PHI","SLN","PHI",0,"F","F",2,1,0,17,1,"T","F",0,0,"T","T","bladr102","shinr101","T","T",0,0,0,0,0,0,0,0,0,"","","",0,0,0,0,0,0,0,0,0,0,0,0,0,"fribb101","F","F","F","F",0,0,0,0,0,0,0,0,0,0,F,F,"1925PHI.EVN.regular.event.csv",3678
"PHI192508221","SLN",4,0,2,0,0,"",2,1,"bladr102","?","bladr102","?","mitcc102","?","mitcc102","?","wilsj105","fonsl101","fribb101","hubec101","sandh101","mokaj101","leacf101","burng101","","","","HP","F","F",7,1,16,"T","F",0,"F","F",0,"F","F",0,"F","F",0,"","F","F","",0,0,"N",0,"N",0,"N",1,0,0,0,"","","","","F","F","F","F","F","F","F","F","F","","","","F","F","F","F","F","","","","",0,0,0,0,0,0,0,0,0,32,"PHI","SLN","PHI",0,"F","F",2,1,0,18,2,"T","F",0,1,"T","T","shinr101","hornr101","T","T",0,0,0,0,0,0,0,0,0,"","","",0,0,0,0,0,0,0,0,0,0,0,0,0,"","F","F","F","F",0,0,0,0,0,0,0,0,0,0,F,F,"1925PHI.EVN.regular.event.csv",3679
"PHI192508221","SLN",4,0,2,0,0,"",2,1,"shinr101","?","shinr101","?","mitcc102","?","mitcc102","?","wilsj105","fonsl101","fribb101","hubec101","sandh101","mokaj101","leacf101","burng101","bladr102","","","9/F","F","F",8,2,2,"T","T",0,"F","F",1,"F","F",0,"F","F",9,"F","F","F","",0,0,"N",0,"N",0,"N",0,1,0,0,"9","","","","F","F","F","F","F","F","F","F","F","mitcc102","","","F","F","F","F","F","","","","",0,9,0,0,0,0,0,0,0,33,"PHI","SLN","PHI",0,"F","T",2,1,0,19,3,"T","F",1,1,"T","T","hornr101","bottj101","T","T",7,1,32,0,0,0,0,0,0,"wilsj105","","",0,0,0,0,0,0,0,0,0,0,0,0,0,"burng101","F","F","F","F",0,0,0,0,0,0,0,0,0,0,F,F,"1925PHI.EVN.regular.event.csv",3680
"PHI192508221","SLN",4,1,0,0,0,"",2,1,"mokaj101","?","mokaj101","?","sherb101","?","sherb101","?","ofarb101","bottj101","hornr101","belll101","thevt101","bladr102","shinr101","hafec101","","","","W","T","F",7,4,14,"T","F",0,"F","F",0,"F","F",0,"F","F",0,"","F","F","",0,0,"N",0,"N",0,"N",1,0,0,0,"","","","","F","F","F","F","F","F","F","F","F","","","","F","F","F","F","F","","","","",0,0,0,0,0,0,0,0,0,34,"PHI","PHI","SLN",1,"T","F",1,2,0,12,0,"T","F",0,1,"T","T","wilsj105","fonsl101","T","T",0,0,0,0,0,0,0,0,0,"","","",0,0,0,0,0,0,0,0,0,0,0,0,0,"","F","F","F","F",4,0,0,0,1,0,0,0,0,0,F,F,"1925PHI.EVN.regular.event.csv",3681
"PHI192508221","SLN",4,1,0,0,0,"",2,1,"wilsj105","?","wilsj105","?","sherb101","?","sherb101","?","ofarb101","bottj101","hornr101","belll101","thevt101","bladr102","shinr101","hafec101","mokaj101","","","K","F","F",2,5,3,"T","T",0,"F","F",1,"F","F",0,"F","F",0,"","F","F","",0,0,"N",0,"N",0,"N",0,1,0,0,"2","","","","F","F","F","F","F","F","F","F","F","sherb101","","","F","F","F","F","F","","","","",0,2,0,0,0,0,0,0,0,35,"PHI","PHI","SLN",1,"F","F",1,2,0,13,1,"T","F",1,1,"T","T","fonsl101","hubec101","T","T",7,4,34,0,0,0,0,0,0,"ofarb101","","",0,0,0,0,0,0,0,0,0,0,0,0,0,"","F","F","F","F",0,4,0,0,1,0,0,0,0,0,F,F,"1925PHI.EVN.regular.event.csv",3682
"PHI192508221","SLN",4,1,1,0,0,"",2,1,"fonsl101","?","fonsl101","?","sherb101","?","sherb101","?","ofarb101","bottj101","hornr101","belll101","thevt101","bladr102","shinr101","hafec101","mokaj101","","","S9.1-2","F","F",3,6,20,"T","T",1,"F","F",0,"F","F",0,"F","F",9,"","F","F","",0,0,"N",0,"N",0,"N",1,2,0,0,"","","","","F","F","F","F","F","F","F","F","F","sherb101","","","F","F","F","F","F","","","","",0,0,0,0,0,0,0,0,0,36,"PHI","PHI","SLN",1,"F","F",1,2,0,14,2,"T","F",1,3,"T","T","hubec101","fribb101","T","T",7,4,34,0,0,0,0,0,0,"ofarb101","","",0,0,0,0,0,0,0,0,0,0,0,0,0,"hafec101","F","F","F","F",0,4,0,0,1,0,0,0,0,0,F,F,"1925PHI.EVN.regular.event.csv",3683
"PHI192508221","SLN",4,1,1,0,0,"",2,1,"hubec101","?","hubec101","?","sherb101","?","sherb101","?","ofarb101","bottj101","hornr101","belll101","thevt101","bladr102","shinr101","hafec101","fonsl101","mokaj101","","S7.2-H;1-2","F","F",5,7,20,"T","T",1,"F","F",0,"F","F",1,"F","F",7,"","F","F","",0,0,"N",0,"N",0,"N",1,2,4,0,"","","","","F","F","F","F","F","F","F","F","F","sherb101","sherb101","","F","F","F","F","F","","","","",0,0,0,0,0,0,0,0,0,37,"PHI","PHI","SLN",1,"F","F",1,2,0,15,3,"T","F",3,3,"T","T","fribb101","mitcc102","T","T",3,6,36,7,4,34,0,0,0,"ofarb101","ofarb101","",0,0,0,0,0,0,0,0,0,0,0,0,1,"bladr102","F","F","F","F",0,0,4,0,0,0,0,0,0,0,F,F,"1925PHI.EVN.regular.event.csv",3684
"PHI192508221","SLN",4,1,1,0,0,"",2,2,"fribb101","?","fribb101","?","sherb101","?","sherb101","?","ofarb101","bottj101","hornr101","belll101","thevt101","bladr102","shinr101","hafec101","hubec101","fonsl101","","9/F","F","F",4,8,2,"T","T",0,"F","F",1,"F","F",0,"F","F",9,"F","F","F","",0,0,"N",0,"N",0,"N",0,1,2,0,"9","","","","F","F","F","F","F","F","F","F","F","sherb101","sherb101","","F","F","F","F","F","","","","",0,9,0,0,0,0,0,0,0,38,"PHI","PHI","SLN",1,"F","F",2,2,1,16,4,"T","F",3,3,"T","T","mitcc102","sandh101","T","T",5,7,37,3,6,36,0,0,0,"ofarb101","ofarb101","",0,0,0,0,0,0,0,0,0,0,0,0,0,"hafec101","F","F","F","F",0,0,0,0,0,0,0,0,0,0,F,F,"1925PHI.EVN.regular.event.csv",3685
"PHI192508221","SLN",4,1,2,0,0,"",2,2,"mitcc102","?","mitcc102","?","sherb101","?","sherb101","?","ofarb101","bottj101","hornr101","belll101","thevt101","bladr102","shinr101","hafec101","hubec101","fonsl101","","K/C","F","F",1,9,3,"T","T",0,"F","F",1,"F","F",0,"F","F",0,"","F","F","",0,0,"N",0,"N",0,"N",0,1,2,0,"2","","","","F","F","F","F","F","F","F","F","F","sherb101","sherb101","","F","F","F","F","F","","","","",0,2,0,0,0,0,0,0,0,39,"PHI","PHI","SLN",1,"F","T",2,2,1,17,5,"T","F",3,3,"T","T","sandh101","leacf101","T","T",5,7,37,3,6,36,0,0,0,"ofarb101","ofarb101","",0,0,0,0,0,0,0,0,0,0,0,0,0,"","F","F","F","F",0,0,0,0,0,0,0,0,0,0,F,F,"1925PHI.EVN.regular.event.csv",3686
"PHI192508221","SLN",5,0,0,0,0,"",2,2,"hornr101","?","hornr101","?","mitcc102","?","mitcc102","?","wilsj105","fonsl101","fribb101","hubec101","sandh101","mokaj101","leacf101","burng101","","","","9/L","T","F",4,3,2,"T","T",0,"F","F",1,"F","F",0,"F","F",9,"L","F","F","",0,0,"N",0,"N",0,"N",0,0,0,0,"9","","","","F","F","F","F","F","F","F","F","F","","","","F","F","F","F","F","","","","",0,9,0,0,0,0,0,0,0,40,"PHI","SLN","PHI",0,"T","F",2,2,0,20,0,"T","F",0,0,"T","T","bottj101","hafec101","T","T",0,0,0,0,0,0,0,0,0,"","","",0,0,0,0,0,0,0,0,0,0,0,0,0,"burng101","F","F","F","F",0,0,0,0,0,0,0,0,0,0,F,F,"1925PHI.EVN.regular.event.csv",3687
"PHI192508221","SLN",5,0,1,0,0,"",2,2,"bottj101","?","bottj101","?","mitcc102","?","mitcc102","?","wilsj105","fonsl101","fribb101","hubec101","sandh101","mokaj101","leacf101","burng101","","","","2/FL","F","F",3,4,2,"T","T",0,"F","F",1,"F","F",0,"F","F",2,"F","F","T","",0,0,"N",0,"N",0,"N",0,0,0,0,"2","","","","F","F","F","F","F","F","F","F","F","","","","F","F","F","F","F","","","","",0,2,0,0,0,0,0,0,0,41,"PHI","SLN","PHI",0,"F","F",2,2,0,21,1,"T","F",0,0,"T","T","hafec101","belll101","T","T",0,0,0,0,0,0,0,0,0,"","","",0,0,0,0,0,0,0,0,0,0,0,0,0,"wilsj105","F","F","F","F",0,0,0,0,0,0,0,0,0,0,F,F,"1925PHI.EVN.regular.event.csv",3688
"PHI192508221","SLN",5,0,2,0,0,"",2,2,"hafec101","?","hafec101","?","mitcc102","?","mitcc102","?","wilsj105","fonsl101","fribb101","hubec101","sandh101","mokaj101","leacf101","burng101","","","","53","F","F",9,5,2,"T","T",0,"F","F",1,"F","F",0,"F","F",5,"G","F","F","",0,0,"N",0,"N",0,"N",0,0,0,0,"53","","","","F","F","F","F","F","F","F","F","F","","","","F","F","F","F","F","","","","",0,3,0,0,5,0,0,0,0,42,"PHI","SLN","PHI",0,"F","T",2,2,0,22,2,"T","F",0,0,"T","T","belll101","ofarb101","T","T",0,0,0,0,0,0,0,0,0,"","","",0,0,0,0,0,0,0,0,0,0,0,0,0,"hubec101","F","F","F","F",0,0,0,0,0,0,0,0,0,0,F,F,"1925PHI.EVN.regular.event.csv",3689
"PHI192508221","SLN",5,1,0,0,0,"",2,2,"sandh101","?","sandh101","?","sherb101","?","sherb101","?","ofarb101","bottj101","hornr101","belll101","thevt101","bladr102","shinr101","hafec101","","","","63","T","F",6,1,2,"T","T",0,"F","F",1,"F","F",0,"F","F",6,"G","F","F","",0,0,"N",0,"N",0,"N",0,0,0,0,"63","","","","F","F","F","F","F","F","F","F","F","","","","F","F","F","F","F","","","","",0,3,0,0,6,0,0,0,0,43,"PHI","PHI","SLN",1,"T","F",2,2,0,18,0,"T","F",0,0,"T","T","leacf101","burng101","T","T",0,0,0,0,0,0,0,0,0,"","","",0,0,0,0,0,0,0,0,0,0,0,0,0,"thevt101","F","F","F","F",0,0,0,0,1,0,0,0,0,0,F,F,"1925PHI.EVN.regular.event.csv",3690
"PHI192508221","SLN",5,1,1,0,0,"",2,2,"leacf101","?","leacf101","?","sherb101","?","sherb101","?","ofarb101","bottj101","hornr101","belll101","thevt101","bladr102","shinr101","hafec101","","","","HR/F9D","F","F",8,2,23,"T","T",4,"F","F",0,"F","F",1,"F","F",0,"F","F","F","9D",0,0,"N",0,"N",0,"N",4,0,0,0,"","","","","F","F","F","F","F","F","F","F","F","","","","F","F","F","F","F","","","","",0,0,0,0,0,0,0,0,0,44,"PHI","PHI","SLN",1,"F","F",2,2,0,19,1,"T","F",0,0,"T","T","burng101","mokaj101","T","T",0,0,0,0,0,0,0,0,0,"","","",0,0,0,0,0,0,0,0,0,0,0,0,1,"","F","F","F","F",4,0,0,0,0,0,0,0,0,0,F,F,"1925PHI.EVN.regular.event.csv",3691
"PHI192508221","SLN",5,1,1,0,0,"",2,3,"burng101","?","burng101","?","sherb101","?","sherb101","?","ofarb101","bottj101","hornr101","belll101","thevt101","bladr102","shinr101","hafec101","","","","4/P","F","F",9,3,2,"T","T",0,"F","F",1,"F","F",0,"F","F",4,"P","F","F","",0,0,"N",0,"N",0,"N",0,0,0,0,"4","","","","F","F","F","F","F","F","F","F","F","","","","F","F","F","F","F","","","","",0,4,0,0,0,0,0,0,0,45,"PHI","PHI","SLN",1,"F","F",3,2,1,20,2,"T","F",0,0,"T","T","mokaj101","wilsj105","T","T",0,0,0,0,0,0,0,0,0,"","","",0,0,0,0,0,0,0,0,0,0,0,0,0,"hornr101","F","F","F","F",0,0,0,0,0,0,0,0,0,0,F,F,"1925PHI.EVN.regular.event.csv",3692
"PHI192508221","SLN",5,1,2,0,0,"",2,3,"mokaj101","?","mokaj101","?","sherb101","?","sherb101","?","ofarb101","bottj101","hornr101","belll101","thevt101","bladr102","shinr101","hafec101","","","","2/FL","F","F",7,4,2,"T","T",0,"F","F",1,"F","F",0,"F","F",2,"F","F","T","",0,0,"N",0,"N",0,"N",0,0,0,0,"2","","","","F","F","F","F","F","F","F","F","F","","","","F","F","F","F","F","","","","",0,2,0,0,0,0,0,0,0,46,"PHI","PHI","SLN",1,"F","T",3,2,1,21,3,"T","F",0,0,"T","T","wilsj105","fonsl101","T","T",0,0,0,0,0,0,0,0,0,"","","",0,0,0,0,0,0,0,0,0,0,0,0,0,"ofarb101","F","F","F","F",0,0,0,0,0,0,0,0,0,0,F,F,"1925PHI.EVN.regular.event.csv",3693
"PHI192508221","SLN",6,0,0,0,0,"",2,3,"belll101","?","belll101","?","mitcc102","?","mitcc102","?","wilsj105","fonsl101","fribb101","hubec101","sandh101","mokaj101","leacf101","burng101","","","","5/P","T","F",5,6,2,"T","T",0,"F","F",1,"F","F",0,"F","F",5,"P","F","F","",0,0,"N",0,"N",0,"N",0,0,0,0,"5","","","","F","F","F","F","F","F","F","F","F","","","","F","F","F","F","F","","","","",0,5,0,0,0,0,0,0,0,47,"PHI","SLN","PHI",0,"T","F",2,3,0,23,0,"T","F",0,0,"T","T","ofarb101","thevt101","T","T",0,0,0,0,0,0,0,0,0,"","","",0,0,0,0,0,0,0,0,0,0,0,0,0,"hubec101","F","F","F","F",0,0,0,0,0,0,0,0,0,0,F,F,"1925PHI.EVN.regular.event.csv",3694
"PHI192508221","SLN",6,0,1,0,0,"",2,3,"ofarb101","?","ofarb101","?","mitcc102","?","mitcc102","?","wilsj105","fonsl101","fribb101","hubec101","sandh101","mokaj101","leacf101","burng101","","","","S/G6","F","F",2,7,20,"T","T",1,"F","F",0,"F","F",0,"F","F",0,"G","F","F","6",0,0,"N",0,"N",0,"N",1,0,0,0,"","","","","F","F","F","F","F","F","F","F","F","","","","F","F","F","F","F","","","","",0,0,0,0,0,0,0,0,0,48,"PHI","SLN","PHI",0,"F","F",2,3,0,24,1,"T","F",0,1,"T","T","thevt101","sherb101","T","T",0,0,0,0,0,0,0,0,0,"","","",0,0,0,0,0,0,0,0,0,0,0,0,0,"","F","F","F","F",0,0,0,0,0,0,0,0,0,0,F,F,"1925PHI.EVN.regular.event.csv",3695
"PHI192508221","SLN",6,0,1,0,0,"",2,3,"thevt101","?","thevt101","?","mitcc102","?","mitcc102","?","wilsj105","fonsl101","fribb101","hubec101","sandh101","mokaj101","leacf101","burng101","ofarb101","","","S3/G.1-2","F","F",6,8,20,"T","T",1,"F","F",0,"F","F",0,"F","F",3,"G","F","F","",0,0,"N",0,"N",0,"N",1,2,0,0,"","","","","F","F","F","F","F","F","F","F","F","mitcc102","","","F","F","F","F","F","","","","",0,0,0,0,0,0,0,0,0,49,"PHI","SLN","PHI",0,"F","F",2,3,0,25,2,"T","F",1,3,"T","T","sherb101","bladr102","T","T",2,7,48,0,0,0,0,0,0,"wilsj105","","",0,0,0,0,0,0,0,0,0,0,0,0,0,"fonsl101","F","F","F","F",0,0,0,0,0,0,0,0,0,0,F,F,"1925PHI.EVN.regular.event.csv",3696
"PHI192508221","SLN",6,0,1,0,0,"",2,3,"sherb101","?","sherb101","?","mitcc102","?","mitcc102","?","wilsj105","fonsl101","fribb101","hubec101","sandh101","mokaj101","leacf101","burng101","thevt101","ofarb101","","46(1)3/GDP","F","F",1,9,2,"T","T",0,"F","F",2,"T","F",0,"F","F",4,"G","F","F","",0,0,"N",0,"N",0,"N",0,0,2,0,"63","46","","","F","F","F","F","F","F","F","F","F","mitcc102","mitcc102","","F","F","F","F","F","","","","",0,6,3,0,4,6,0,0,0,50,"PHI","SLN","PHI",0,"F","T",2,3,0,26,3,"T","F",3,2,"T","T","bladr102","shinr101","T","T",6,8,49,2,7,48,0,0,0,"wilsj105","wilsj105","",0,0,0,0,0,0,0,0,0,0,0,0,0,"fribb101","T","F","F","F",0,0,0,0,0,0,0,0,0,0,F,F,"1925PHI.EVN.regular.event.csv",3697
"PHI192508221","SLN",6,1,0,0,0,"",2,3,"wilsj105","?","wilsj105","?","sherb101","?","sherb101","?","ofarb101","bottj101","hornr101","belll101","thevt101","bladr102","shinr101","hafec101","","","","7/F","T","F",2,5,2,"T","T",0,"F","F",1,"F","F",0,"F","F",7,"F","F","F","",0,0,"N",0,"N",0,"N",0,0,0,0,"7","","","","F","F","F","F","F","F","F","F","F","","","","F","F","F","F","F","","","","",0,7,0,0,0,0,0,0,0,51,"PHI","PHI","SLN",1,"T","F",3,2,0,22,0,"T","F",0,0,"T","T","fonsl101","hubec101","T","T",0,0,0,0,0,0,0,0,0,"","","",0,0,0,0,0,0,0,0,0,0,0,0,0,"bladr102","F","F","F","F",0,0,0,0,0,0,0,0,0,0,F,F,"1925PHI.EVN.regular.event.csv",3698
"PHI192508221","SLN",6,1,1,0,0,"",2,3,"fonsl101","?","fonsl101","?","sherb101","?","sherb101","?","ofarb101","bottj101","hornr101","belll101","thevt101","bladr102","shinr101","hafec101","","","","D7","F","F",3,6,21,"T","T",2,"F","F",0,"F","F",0,"F","F",7,"","F","F","",0,0,"N",0,"N",0,"N",2,0,0,0,"","","","","F","F","F","F","F","F","F","F","F","","","","F","F","F","F","F","","","","",0,0,0,0,0,0,0,0,0,52,"PHI","PHI","SLN",1,"F","F",3,2,0,23,1,"T","F",0,2,"T","T","hubec101","fribb101","T","T",0,0,0,0,0,0,0,0,0,"","","",0,0,0,0,0,0,0,0,0,0,0,0,0,"bladr102","F","F","F","F",0,0,0,0,0,0,0,0,0,0,F,F,"1925PHI.EVN.regular.event.csv",3699
"PHI192508221","SLN",6,1,1,0,0,"",2,3,"hubec101","?","hubec101","?","sherb101","?","sherb101","?","ofarb101","bottj101","hornr101","belll101","thevt101","bladr102","shinr101","hafec101","","fonsl101","","7/F","F","F",5,7,2,"T","T",0,"F","F",1,"F","F",0,"F","F",7,"F","F","F","",0,0,"N",0,"N",0,"N",0,0,2,0,"7","","","","F","F","F","F","F","F","F","F","F","","sherb101","","F","F","F","F","F","","","","",0,7,0,0,0,0,0,0,0,53,"PHI","PHI","SLN",1,"F","F",3,2,0,24,2,"T","F",2,2,"T","T","fribb101","mitcc102","T","T",0,0,0,3,6,52,0,0,0,"","ofarb101","",0,0,0,0,0,0,0,0,0,0,0,0,0,"bladr102","F","F","F","F",0,0,0,0,0,0,0,0,0,0,F,F,"1925PHI.EVN.regular.event.csv",3700
"PHI192508221","SLN",6,1,2,0,0,"",2,3,"fribb101","?","fribb101","?","sherb101","?","sherb101","?","ofarb101","bottj101","hornr101","belll101","thevt101","bladr102","shinr101","hafec101","","fonsl101","","W","F","F",4,8,14,"T","F",0,"F","F",0,"F","F",0,"F","F",0,"","F","F","",0,0,"N",0,"N",0,"N",1,0,2,0,"","","","","F","F","F","F","F","F","F","F","F","","sherb101","","F","F","F","F","F","","","","",0,0,0,0,0,0,0,0,0,54,"PHI","PHI","SLN",1,"F","F",3,2,0,25,3,"T","F",2,3,"T","T","mitcc102","sandh101","T","T",0,0,0,3,6,52,0,0,0,"","ofarb101","",0,0,0,0,0,0,0,0,0,0,0,0,0,"","F","F","F","F",0,0,0,0,0,0,0,0,0,0,F,F,"1925PHI.EVN.regular.event.csv",3701
"PHI192508221","SLN",6,1,2,0,0,"",2,3,"mitcc102","?","mitcc102","?","sherb101","?","sherb101","?","ofarb101","bottj101","hornr101","belll101","thevt101","bladr102","shinr101","hafec101","fribb101","fonsl101","","8/F","F","F",1,9,2,"T","T",0,"F","F",1,"F","F",0,"F","F",8,"F","F","F","",0,0,"N",0,"N",0,"N",0,1,2,0,"8","","","","F","F","F","F","F","F","F","F","F","sherb101","sherb101","","F","F","F","F","F","","","","",0,8,0,0,0,0,0,0,0,55,"PHI","PHI","SLN",1,"F","T",3,2,0,26,4,"T","F",3,3,"T","T","sandh101","leacf101","T","T",4,8,54,3,6,52,0,0,0,"ofarb101","ofarb101","",0,0,0,0,0,0,0,0,0,0,0,0,0,"shinr101","F","F","F","F",0,0,0,0,0,0,0,0,0,0,F,F,"1925PHI.EVN.regular.event.csv",3702
"PHI192508221","SLN",7,0,0,0,0,"",2,3,"bladr102","?","bladr102","?","mitcc102","?","mitcc102","?","wilsj105","fonsl101","fribb101","hubec101","sandh101","mokaj101","leacf101","burng101","","","","S8","T","F",7,1,20,"T","T",1,"F","F",0,"F","F",0,"F","F",8,"","F","F","",0,0,"N",0,"N",0,"N",1,0,0,0,"","","","","F","F","F","F","F","F","F","F","F","","","","F","F","F","F","F","","","","",0,0,0,0,0,0,0,0,0,56,"PHI","SLN","PHI",0,"T","F",2,3,0,27,0,"T","F",0,1,"T","T","shinr101","hornr101","T","T",0,0,0,0,0,0,0,0,0,"","","",0,0,0,0,0,0,0,0,0,0,0,0,0,"leacf101","F","F","F","F",4,0,0,0,9,0,0,0,0,0,F,F,"1925PHI.EVN.regular.event.csv",3703
"PHI192508221","SLN",7,0,0,0,0,"",2,3,"shinr101","?","shinr101","?","mitcc102","?","mitcc102","?","wilsj105","fonsl101","fribb101","hubec101","sandh101","mokaj101","leacf101","burng101","bladr102","","","K","F","F",8,2,3,"T","T",0,"F","F",1,"F","F",0,"F","F",0,"","F","F","",0,0,"N",0,"N",0,"N",0,1,0,0,"2","","","","F","F","F","F","F","F","F","F","F","mitcc102","","","F","F","F","F","F","","","","",0,2,0,0,0,0,0,0,0,57,"PHI","SLN","PHI",0,"F","F",2,3,0,28,1,"T","F",1,1,"T","T","hornr101","bottj101","T","T",7,1,56,0,0,0,0,0,0,"wilsj105","","",0,0,0,0,0,0,0,0,0,0,0,0,0,"","F","F","F","F",0,4,0,0,9,0,0,0,0,0,F,F,"1925PHI.EVN.regular.event.csv",3704
"PHI192508221","SLN",7,0,1,0,0,"",2,3,"hornr101","?","hornr101","?","mitcc102","?","mitcc102","?","wilsj105","fonsl101","fribb101","hubec101","sandh101","mokaj101","leacf101","burng101","bladr102","","","HP.1-2","F","F",4,3,16,"T","F",0,"F","F",0,"F","F",0,"F","F",0,"","F","F","",0,0,"N",0,"N",0,"N",1,2,0,0,"","","","","F","F","F","F","F","F","F","F","F","mitcc102","","","F","F","F","F","F","","","","",0,0,0,0,0,0,0,0,0,58,"PHI","SLN","PHI",0,"F","F",2,3,0,29,2,"T","F",1,3,"T","T","bottj101","hafec101","T","T",7,1,56,0,0,0,0,0,0,"wilsj105","","",0,0,0,0,0,0,0,0,0,0,0,0,0,"","F","F","F","F",4,4,0,0,9,0,0,0,0,0,F,F,"1925PHI.EVN.regular.event.csv",3705
"PHI192508221","SLN",7,0,1,0,0,"",2,3,"bottj101","?","bottj101","?","mitcc102","?","mitcc102","?","wilsj105","fonsl101","fribb101","hubec101","sandh101","mokaj101","leacf101","burng101","hornr101","bladr102","","D7.2-H;1-H","F","F",3,4,21,"T","T",2,"F","F",0,"F","F",2,"F","F",7,"","F","F","",0,0,"N",0,"N",0,"N",2,4,4,0,"","","","","F","F","F","F","F","F","F","F","F","mitcc102","mitcc102","","F","F","F","F","F","","","","",0,0,0,0,0,0,0,0,0,59,"PHI","SLN","PHI",0,"F","F",2,3,0,30,3,"T","F",3,2,"T","T","hafec101","belll101","T","T",4,3,58,7,1,56,0,0,0,"wilsj105","wilsj105","",0,0,0,0,0,0,0,0,0,0,0,0,2,"mokaj101","F","F","F","F",4,4,4,0,7,0,0,0,0,0,F,F,"1925PHI.EVN.regular.event.csv",3706
"PHI192508221","SLN",7,0,1,0,0,"",4,3,"hafec101","?","hafec101","?","mitcc102","?","mitcc102","?","wilsj105","fonsl101","fribb101","hubec101","sandh101","mokaj101","leacf101","burng101","","bottj101","","WP.2-3","F","F",9,5,9,"F","F",0,"F","F",0,"F","F",0,"T","F",0,"","F","F","",0,0,"N",0,"N",0,"N",0,0,3,0,"","","","","F","F","F","F","F","F","F","F","F","","mitcc102","","F","F","F","F","F","","","","",0,0,0,0,0,0,0,0,0,60,"PHI","SLN","PHI",0,"F","F",4,3,2,31,4,"T","F",2,4,"T","T","belll101","ofarb101","T","T",0,0,0,3,4,59,0,0,0,"","wilsj105","",0,0,0,0,0,0,0,0,0,0,0,0,0,"","F","F","F","F",0,0,4,0,7,0,0,0,0,0,F,F,"1925PHI.EVN.regular.event.csv",3707
"PHI192508221","SLN",7,0,1,0,0,"",4,3,"hafec101","?","hafec101","?","mitcc102","?","mitcc102","?","wilsj105","fonsl101","fribb101","hubec101","sandh101","mokaj101","leacf101","burng101","","","bottj101","S7.3-H","F","F",9,5,20,"T","T",1,"F","F",0,"F","F",1,"F","F",7,"","F","F","",0,0,"N",0,"N",0,"N",1,0,0,4,"","","","","F","F","F","F","F","F","F","F","F","","","mitcc102","F","F","F","F","F","","","","",0,0,0,0,0,0,0,0,0,61,"PHI","SLN","PHI",0,"F","F",4,3,2,31,4,"F","F",4,1,"T","T","belll101","ofarb101","T","T",0,0,0,0,0,0,3,4,59,"","","wilsj105",0,0,0,0,0,0,0,0,0,0,0,0,1,"mokaj101","F","F","F","F",4,0,0,4,6,0,0,0,0,0,F,F,"1925PHI.EVN.regular.event.csv",3708
"PHI192508221","SLN",7,0,1,0,0,"",5,3,"belll101","?","belll101","?","mitcc102","?","mitcc102","?","wilsj105","fonsl101","fribb101","hubec101","sandh101","mokaj101","leacf101","burng101","hafec101","","","W.1-2","F","F",5,6,14,"T","F",0,"F","F",0,"F","F",0,"F","F",0,"","F","F","",0,0,"N",0,"N",0,"N",1,2,0,0,"","","","","F","F","F","F","F","F","F","F","F","mitcc102","","","F","F","F","F","F","","","","",0,0,0,0,0,0,0,0,0,62,"PHI","SLN","PHI",0,"F","F",5,3,3,32,5,"T","F",1,3,"T","T","ofarb101","thevt101","T","T",9,5,61,0,0,0,0,0,0,"wilsj105","","",0,0,0,0,0,0,0,0,0,0,0,0,0,"","F","F","F","F",4,4,0,0,6,0,0,0,0,0,F,F,"1925PHI.EVN.regular.event.csv",3709
"PHI192508221","SLN",7,0,1,0,0,"",5,3,"ofarb101","?","ofarb101","?","betth101","?","betth101","?","wilsj105","fonsl101","fribb101","hubec101","sandh101","mokaj101","leacf101","burng101","belll101","hafec101","","W.2-3;1-2","F","F",2,7,14,"T","F",0,"F","F",0,"F","F",0,"F","F",0,"","F","F","",0,0,"N",0,"N",0,"N",1,2,3,0,"","","","","F","F","F","F","F","F","F","F","F","mitcc102","mitcc102","","F","F","F","F","F","","","","",0,0,0,0,0,0,0,0,0,63,"PHI","SLN","PHI",0,"F","F",5,3,3,33,6,"T","F",3,7,"T","T","thevt101","sherb101","F","F",5,6,62,9,5,61,0,0,0,"wilsj105","wilsj105","",0,0,0,0,0,0,0,0,0,0,0,0,0,"","F","F","F","F",5,4,4,0,6,0,0,0,0,0,F,F,"1925PHI.EVN.regular.event.csv",3710
"PHI192508221","SLN",7,0,1,0,0,"",5,3,"thevt101","?","thevt101","?","betth101","?","betth101","?","wilsj105","fonsl101","fribb101","hubec101","sandh101","mokaj101","leacf101","burng101","ofarb101","belll101","hafec101","W.3-H;2-3;1-2","F","F",6,8,14,"T","F",0,"F","F",0,"F","F",1,"F","F",0,"","F","F","",0,0,"N",0,"N",0,"N",1,2,3,4,"","","","","F","F","F","F","F","F","F","F","F","betth101","mitcc102","mitcc102","F","F","F","F","F","","","","",0,0,0,0,0,0,0,0,0,64,"PHI","SLN","PHI",0,"F","F",5,3,3,34,7,"T","F",7,7,"T","T","sherb101","bladr102","F","F",2,7,63,5,6,62,9,5,61,"wilsj105","wilsj105","wilsj105",0,0,0,0,0,0,0,0,0,0,0,0,1,"","F","F","F","F",5,5,4,4,5,0,0,0,0,0,F,F,"1925PHI.EVN.regular.event.csv",3711
"PHI192508221","SLN",7,0,1,0,0,"",6,3,"sherb101","?","sherb101","?","betth101","?","betth101","?","wilsj105","fonsl101","fribb101","hubec101","sandh101","mokaj101","leacf101","burng101","thevt101","ofarb101","belll101","FC4.3-H(NR);2-H(E4/TH2)(NR)(UR);1-3","F","F",1,9,19,"T","T",0,"F","F",0,"F","F",0,"F","F",4,"G","F","F","",1,4,"T",0,"N",0,"N",1,3,5,4,"","","","","F","F","F","F","F","F","F","F","F","betth101","betth101","mitcc102","F","F","F","F","F","","","","",0,0,0,0,0,0,0,0,0,65,"PHI","SLN","PHI",0,"F","F",6,3,4,35,8,"T","F",7,5,"T","T","bladr102","shinr101","F","F",6,8,64,2,7,63,5,6,62,"wilsj105","wilsj105","wilsj105",0,0,0,0,0,0,0,0,0,0,0,0,2,"fribb101","F","F","F","F",5,5,5,4,3,0,0,0,0,0,F,F,"1925PHI.EVN.regular.event.csv",3712
"PHI192508221","SLN",7,0,1,0,0,"",8,3,"bladr102","?","bladr102","?","betth101","?","betth101","?","wilsj105","fonsl101","fribb101","hubec101","sandh101","mokaj101","leacf101","burng101","sherb101","","thevt101","S8.3-H(UR);1-2","F","F",7,1,20,"T","T",1,"F","F",0,"F","F",1,"F","F",8,"","F","F","",0,0,"N",0,"N",0,"N",1,2,0,5,"","","","","F","F","F","F","F","F","F","F","F","betth101","","betth101","F","F","F","F","F","","","","",0,0,0,0,0,0,0,0,0,66,"PHI","SLN","PHI",0,"F","F",8,3,6,36,9,"T","F",5,3,"T","T","shinr101","hornr101","F","F",1,9,65,0,0,0,6,8,64,"wilsj105","","wilsj105",0,0,0,0,0,0,0,0,0,0,0,0,1,"leacf101","F","F","F","F",0,5,0,5,2,0,0,0,0,0,F,F,"1925PHI.EVN.regular.event.csv",3713
"PHI192508221","SLN",7,0,1,0,0,"",9,3,"shinr101","?","shinr101","?","coucj101","?","coucj101","?","wilsj105","fonsl101","fribb101","hubec101","sandh101","mokaj101","leacf101","burng101","bladr102","sherb101","","64(1)/FO.2-3","F","F",8,2,2,"T","T",0,"F","F",1,"F","F",0,"F","F",6,"G","F","F","",0,0,"N",0,"N",0,"N",1,0,3,0,"","64","","","F","F","F","F","F","F","F","F","F","betth101","betth101","","F","F","F","F","F","","","","",0,4,0,0,6,0,0,0,0,67,"PHI","SLN","PHI",0,"F","F",9,3,7,37,10,"T","F",3,5,"T","T","hornr101","bottj101","F","F",7,1,66,1,9,65,0,0,0,"wilsj105","wilsj105","",0,0,0,0,0,0,0,0,0,0,0,0,0,"sandh101","T","F","F","F",5,0,5,0,2,0,0,0,0,0,F,F,"1925PHI.EVN.regular.event.csv",3714
"PHI192508221","SLN",7,0,2,0,0,"",9,3,"hornr101","?","hornr101","?","coucj101","?","coucj101","?","wilsj105","fonsl101","fribb101","hubec101","sandh101","mokaj101","leacf101","burng101","shinr101","","sherb101","D7.3-H(UR);1-H(UR)","F","F",4,3,21,"T","T",2,"F","F",0,"F","F",2,"F","F",7,"","F","F","",0,0,"N",0,"N",0,"N",2,5,0,5,"","","","","F","F","F","F","F","F","F","F","F","betth101","","betth101","F","F","F","F","F","","","","",0,0,0,0,0,0,0,0,0,68,"PHI","SLN","PHI",0,"F","F",9,3,7,38,11,"T","F",5,2,"T","T","bottj101","hafec101","F","F",8,2,67,0,0,0,1,9,65,"wilsj105","","wilsj105",0,0,0,0,0,0,0,0,0,0,0,0,2,"mokaj101","F","F","F","F",0,5,0,5,0,0,0,0,0,0,F,F,"1925PHI.EVN.regular.event.csv",3715
"PHI192508221","SLN",7,0,2,0,0,"",11,3,"bottj101","?","bottj101","?","coucj101","?","coucj101","?","wilsj105","fonsl101","fribb101","hubec101","sandh101","mokaj101","leacf101","burng101","","hornr101","","43","F","F",3,4,2,"T","T",0,"F","F",1,"F","F",0,"F","F",4,"G","F","F","",0,0,"N",0,"N",0,"N",0,0,2,0,"43","","","","F","F","F","F","F","F","F","F","F","","coucj101","","F","F","F","F","F","","","","",0,3,0,0,4,0,0,0,0,69,"PHI","SLN","PHI",0,"F","T",11,3,9,39,12,"T","F",2,2,"T","T","hafec101","belll101","F","F",0,0,0,4,3,68,0,0,0,"","wilsj105","",0,0,0,0,0,0,0,0,0,0,0,0,0,"fribb101","F","F","F","F",0,0,0,0,0,0,0,0,0,0,F,F,"1925PHI.EVN.regular.event.csv",3716
"PHI192508221","SLN",7,1,0,0,0,"",11,3,"sandh101","?","sandh101","?","sherb101","?","sherb101","?","ofarb101","bottj101","hornr101","belll101","thevt101","bladr102","shinr101","hafec101","","","","8/F","T","F",6,1,2,"T","T",0,"F","F",1,"F","F",0,"F","F",8,"F","F","F","",0,0,"N",0,"N",0,"N",0,0,0,0,"8","","","","F","F","F","F","F","F","F","F","F","","","","F","F","F","F","F","","","","",0,8,0,0,0,0,0,0,0,70,"PHI","PHI","SLN",1,"T","F",3,11,0,27,0,"T","F",0,0,"T","T","leacf101","burng101","T","T",0,0,0,0,0,0,0,0,0,"","","",0,0,0,0,0,0,0,0,0,0,0,0,0,"shinr101","F","F","F","F",0,0,0,0,0,0,0,0,0,0,F,F,"1925PHI.EVN.regular.event.csv",3717
"PHI192508221","SLN",7,1,1,0,0,"",11,3,"leacf101","?","leacf101","?","sherb101","?","sherb101","?","ofarb101","bottj101","hornr101","belll101","thevt101","bladr102","shinr101","hafec101","","","","9/L","F","F",8,2,2,"T","T",0,"F","F",1,"F","F",0,"F","F",9,"L","F","F","",0,0,"N",0,"N",0,"N",0,0,0,0,"9","","","","F","F","F","F","F","F","F","F","F","","","","F","F","F","F","F","","","","",0,9,0,0,0,0,0,0,0,71,"PHI","PHI","SLN",1,"F","F",3,11,0,28,1,"T","F",0,0,"T","T","burng101","mokaj101","T","T",0,0,0,0,0,0,0,0,0,"","","",0,0,0,0,0,0,0,0,0,0,0,0,0,"hafec101","F","F","F","F",0,0,0,0,0,0,0,0,0,0,F,F,"1925PHI.EVN.regular.event.csv",3718
"PHI192508221","SLN",7,1,2,0,0,"",11,3,"burng101","?","burng101","?","sherb101","?","sherb101","?","ofarb101","bottj101","hornr101","belll101","thevt101","bladr102","shinr101","hafec101","","","","7/F","F","F",9,3,2,"T","T",0,"F","F",1,"F","F",0,"F","F",7,"F","F","F","",0,0,"N",0,"N",0,"N",0,0,0,0,"7","","","","F","F","F","F","F","F","F","F","F","","","","F","F","F","F","F","","","","",0,7,0,0,0,0,0,0,0,72,"PHI","PHI","SLN",1,"F","T",3,11,0,29,2,"T","F",0,0,"T","T","mokaj101","wilsj105","T","T",0,0,0,0,0,0,0,0,0,"","","",0,0,0,0,0,0,0,0,0,0,0,0,0,"bladr102","F","F","F","F",0,0,0,0,0,0,0,0,0,0,F,F,"1925PHI.EVN.regular.event.csv",3719
"PHI192508221","SLN",8,0,0,0,0,"",11,3,"hafec101","?","hafec101","?","oneas101","?","oneas101","?","wilsj105","fonsl101","fribb101","hubec101","sandh101","mokaj101","leacf101","burng101","","","","W","T","F",9,5,14,"T","F",0,"F","F",0,"F","F",0,"F","F",0,"","F","F","",0,0,"N",0,"N",0,"N",1,0,0,0,"","","","","F","F","F","F","F","F","F","F","F","","","","F","F","F","F","F","","","","",0,0,0,0,0,0,0,0,0,73,"PHI","SLN","PHI",0,"T","F",11,3,0,40,0,"T","F",0,1,"T","T","belll101","ofarb101","F","F",0,0,0,0,0,0,0,0,0,"","","",0,0,0,0,0,0,0,0,0,0,0,0,0,"","F","F","F","F",0,0,0,0,0,0,0,0,0,0,F,F,"1925PHI.EVN.regular.event.csv",3720
"PHI192508221","SLN",8,0,0,0,0,"",11,3,"belll101","?","belll101","?","oneas101","?","oneas101","?","wilsj105","fonsl101","fribb101","hubec101","sandh101","mokaj101","leacf101","burng101","hafec101","","","7/F","F","F",5,6,2,"T","T",0,"F","F",1,"F","F",0,"F","F",7,"F","F","F","",0,0,"N",0,"N",0,"N",0,1,0,0,"7","","","","F","F","F","F","F","F","F","F","F","oneas101","","","F","F","F","F","F","","","","",0,7,0,0,0,0,0,0,0,74,"PHI","SLN","PHI",0,"F","F",11,3,0,41,1,"T","F",1,1,"T","T","ofarb101","thevt101","F","F",9,5,73,0,0,0,0,0,0,"wilsj105","","",0,0,0,0,0,0,0,0,0,0,0,0,0,"mokaj101","F","F","F","F",0,0,0,0,0,0,0,0,0,0,F,F,"1925PHI.EVN.regular.event.csv",3721
"PHI192508221","SLN",8,0,1,0,0,"",11,3,"ofarb101","?","ofarb101","?","oneas101","?","oneas101","?","wilsj105","fonsl101","fribb101","hubec101","sandh101","mokaj101","leacf101","burng101","hafec101","","","SB2","F","F",2,7,4,"F","F",0,"F","F",0,"F","F",0,"F","F",0,"","F","F","",0,0,"N",0,"N",0,"N",0,2,0,0,"","","","","T","F","F","F","F","F","F","F","F","oneas101","","","F","F","F","F","F","","","","",0,0,0,0,0,0,0,0,0,75,"PHI","SLN","PHI",0,"F","F",11,3,0,42,2,"T","F",1,2,"T","T","thevt101","sherb101","F","F",9,5,73,0,0,0,0,0,0,"wilsj105","","",0,0,0,0,0,0,0,0,0,0,0,0,0,"","F","F","F","F",0,0,0,0,0,0,0,0,0,0,F,F,"1925PHI.EVN.regular.event.csv",3722
"PHI192508221","SLN",8,0,1,0,0,"",11,3,"ofarb101","?","ofarb101","?","oneas101","?","oneas101","?","wilsj105","fonsl101","fribb101","hubec101","sandh101","mokaj101","leacf101","burng101","","hafec101","","8/F","F","F",2,7,2,"T","T",0,"F","F",1,"F","F",0,"F","F",8,"F","F","F","",0,0,"N",0,"N",0,"N",0,0,2,0,"8","","","","F","F","F","F","F","F","F","F","F","","oneas101","","F","F","F","F","F","","","","",0,8,0,0,0,0,0,0,0,76,"PHI","SLN","PHI",0,"F","F",11,3,0,42,2,"F","F",2,2,"T","T","thevt101","sherb101","F","F",0,0,0,9,5,73,0,0,0,"","wilsj105","",0,0,0,0,0,0,0,0,0,0,0,0,0,"leacf101","F","F","F","F",0,0,0,0,0,0,0,0,0,0,F,F,"1925PHI.EVN.regular.event.csv",3723
"PHI192508221","SLN",8,0,2,0,0,"",11,3,"thevt101","?","thevt101","?","oneas101","?","oneas101","?","wilsj105","fonsl101","fribb101","hubec101","sandh101","mokaj101","leacf101","burng101","","hafec101","","K","F","F",6,8,3,"T","T",0,"F","F",1,"F","F",0,"F","F",0,"","F","F","",0,0,"N",0,"N",0,"N",0,0,2,0,"2","","","","F","F","F","F","F","F","F","F","F","","oneas101","","F","F","F","F","F","","","","",0,2,0,0,0,0,0,0,0,77,"PHI","SLN","PHI",0,"F","T",11,3,0,43,3,"T","F",2,2,"T","T","sherb101","bladr102","F","F",0,0,0,9,5,73,0,0,0,"","wilsj105","",0,0,0,0,0,0,0,0,0,0,0,0,0,"","F","F","F","F",0,0,0,0,0,0,0,0,0,0,F,F,"1925PHI.EVN.regular.event.csv",3724
"PHI192508221","SLN",8,1,0,0,0,"",11,3,"mokaj101","?","mokaj101","?","sherb101","?","sherb101","?","ofarb101","bottj101","hornr101","belll101","thevt101","bladr102","shinr101","hafec101","","","","63","T","F",7,4,2,"T","T",0,"F","F",1,"F","F",0,"F","F",6,"G","F","F","",0,0,"N",0,"N",0,"N",0,0,0,0,"63","","","","F","F","F","F","F","F","F","F","F","","","","F","F","F","F","F","","","","",0,3,0,0,6,0,0,0,0,78,"PHI","PHI","SLN",1,"T","F",3,11,0,30,0,"T","F",0,0,"T","T","wilsj105","fonsl101","T","T",0,0,0,0,0,0,0,0,0,"","","",0,0,0,0,0,0,0,0,0,0,0,0,0,"thevt101","F","F","F","F",0,0,0,0,0,0,0,0,0,0,F,F,"1925PHI.EVN.regular.event.csv",3725
"PHI192508221","SLN",8,1,1,0,0,"",11,3,"wilsj105","?","wilsj105","?","sherb101","?","sherb101","?","ofarb101","bottj101","hornr101","belll101","thevt101","bladr102","shinr101","hafec101","","","","S7","F","F",2,5,20,"T","T",1,"F","F",0,"F","F",0,"F","F",7,"","F","F","",0,0,"N",0,"N",0,"N",1,0,0,0,"","","","","F","F","F","F","F","F","F","F","F","","","","F","F","F","F","F","","","","",0,0,0,0,0,0,0,0,0,79,"PHI","PHI","SLN",1,"F","F",3,11,0,31,1,"T","F",0,1,"T","T","fonsl101","hubec101","T","T",0,0,0,0,0,0,0,0,0,"","","",0,0,0,0,0,0,0,0,0,0,0,0,0,"bladr102","F","F","F","F",0,0,0,0,0,0,0,0,0,0,F,F,"1925PHI.EVN.regular.event.csv",3726
"PHI192508221","SLN",8,1,1,0,0,"",11,3,"fonsl101","?","fonsl101","?","sherb101","?","sherb101","?","ofarb101","bottj101","hornr101","belll101","thevt101","bladr102","shinr101","hafec101","wilsj105","","","S7.1-2","F","F",3,6,20,"T","T",1,"F","F",0,"F","F",0,"F","F",7,"","F","F","",0,0,"N",0,"N",0,"N",1,2,0,0,"","","","","F","F","F","F","F","F","F","F","F","sherb101","","","F","F","F","F","F","","","","",0,0,0,0,0,0,0,0,0,80,"PHI","PHI","SLN",1,"F","F",3,11,0,32,2,"T","F",1,3,"T","T","hubec101","fribb101","T","T",2,5,79,0,0,0,0,0,0,"ofarb101","","",0,0,0,0,0,0,0,0,0,0,0,0,0,"bladr102","F","F","F","F",0,0,0,0,0,0,0,0,0,0,F,F,"1925PHI.EVN.regular.event.csv",3727
"PHI192508221","SLN",8,1,1,0,0,"",11,3,"hubec101","?","hubec101","?","sherb101","?","sherb101","?","ofarb101","bottj101","hornr101","belll101","thevt101","bladr102","shinr101","hafec101","fonsl101","wilsj105","","46(1)3/GDP","F","F",5,7,2,"T","T",0,"F","F",2,"T","F",0,"F","F",4,"G","F","F","",0,0,"N",0,"N",0,"N",0,0,2,0,"63","46","","","F","F","F","F","F","F","F","F","F","sherb101","sherb101","","F","F","F","F","F","","","","",0,6,3,0,4,6,0,0,0,81,"PHI","PHI","SLN",1,"F","T",3,11,0,33,3,"T","F",3,2,"T","T","fribb101","oneas101","T","T",3,6,80,2,5,79,0,0,0,"ofarb101","ofarb101","",0,0,0,0,0,0,0,0,0,0,0,0,0,"hornr101","T","F","F","F",0,0,0,0,0,0,0,0,0,0,F,F,"1925PHI.EVN.regular.event.csv",3728
"PHI192508221","SLN",9,0,0,0,0,"",11,3,"sherb101","?","sherb101","?","oneas101","?","oneas101","?","wilsj105","fonsl101","fribb101","hubec101","sandh101","mokaj101","leacf101","burng101","","","","6/P","T","F",1,9,2,"T","T",0,"F","F",1,"F","F",0,"F","F",6,"P","F","F","",0,0,"N",0,"N",0,"N",0,0,0,0,"6","","","","F","F","F","F","F","F","F","F","F","","","","F","F","F","F","F","","","","",0,6,0,0,0,0,0,0,0,82,"PHI","SLN","PHI",0,"T","F",11,3,0,44,0,"T","F",0,0,"T","T","bladr102","shinr101","F","F",0,0,0,0,0,0,0,0,0,"","","",0,0,0,0,0,0,0,0,0,0,0,0,0,"sandh101","F","F","F","F",0,0,0,0,0,0,0,0,0,0,F,F,"1925PHI.EVN.regular.event.csv",3729
"PHI192508221","SLN",9,0,1,0,0,"",11,3,"bladr102","?","bladr102","?","oneas101","?","oneas101","?","wilsj105","fonsl101","fribb101","hubec101","sandh101","mokaj101","leacf101","burng101","","","","4/P","F","F",7,1,2,"T","T",0,"F","F",1,"F","F",0,"F","F",4,"P","F","F","",0,0,"N",0,"N",0,"N",0,0,0,0,"4","","","","F","F","F","F","F","F","F","F","F","","","","F","F","F","F","F","","","","",0,4,0,0,0,0,0,0,0,83,"PHI","SLN","PHI",0,"F","F",11,3,0,45,1,"T","F",0,0,"T","T","shinr101","hornr101","F","F",0,0,0,0,0,0,0,0,0,"","","",0,0,0,0,0,0,0,0,0,0,0,0,0,"fribb101","F","F","F","F",0,0,0,0,0,0,0,0,0,0,F,F,"1925PHI.EVN.regular.event.csv",3730
"PHI192508221","SLN",9,0,2,0,0,"",11,3,"shinr101","?","shinr101","?","oneas101","?","oneas101","?","wilsj105","fonsl101","fribb101","hubec101","sandh101","mokaj101","leacf101","burng101","","","","S/BG25","F","F",8,2,20,"T","T",1,"F","F",0,"F","F",0,"F","F",0,"G","T","F","25",0,0,"N",0,"N",0,"N",1,0,0,0,"","","","","F","F","F","F","F","F","F","F","F","","","","F","F","F","F","F","","","","",0,0,0,0,0,0,0,0,0,84,"PHI","SLN","PHI",0,"F","F",11,3,0,46,2,"T","F",0,1,"T","T","hornr101","bottj101","F","F",0,0,0,0,0,0,0,0,0,"","","",0,0,0,0,0,0,0,0,0,0,0,0,0,"","F","F","F","F",0,0,0,0,0,0,0,0,0,0,F,F,"1925PHI.EVN.regular.event.csv",3731
"PHI192508221","SLN",9,0,2,0,0,"",11,3,"hornr101","?","hornr101","?","oneas101","?","oneas101","?","wilsj105","fonsl101","fribb101","hubec101","sandh101","mokaj101","leacf101","burng101","shinr101","","","SB2","F","F",4,3,4,"F","F",0,"F","F",0,"F","F",0,"F","F",0,"","F","F","",0,0,"N",0,"N",0,"N",0,2,0,0,"","","","","T","F","F","F","F","F","F","F","F","oneas101","","","F","F","F","F","F","","","","",0,0,0,0,0,0,0,0,0,85,"PHI","SLN","PHI",0,"F","F",11,3,0,47,3,"T","F",1,2,"T","T","bottj101","hafec101","F","F",8,2,84,0,0,0,0,0,0,"wilsj105","","",0,0,0,0,0,0,0,0,0,0,0,0,0,"","F","F","F","F",0,0,0,0,0,0,0,0,0,0,F,F,"1925PHI.EVN.regular.event.csv",3732
"PHI192508221","SLN",9,0,2,0,0,"",11,3,"hornr101","?","hornr101","?","oneas101","?","oneas101","?","wilsj105","fonsl101","fribb101","hubec101","sandh101","mokaj101","leacf101","burng101","","shinr101","","SB3","F","F",4,3,4,"F","F",0,"F","F",0,"F","F",0,"F","F",0,"","F","F","",0,0,"N",0,"N",0,"N",0,0,3,0,"","","","","F","T","F","F","F","F","F","F","F","","oneas101","","F","F","F","F","F","","","","",0,0,0,0,0,0,0,0,0,86,"PHI","SLN","PHI",0,"F","F",11,3,0,47,3,"F","F",2,4,"T","T","bottj101","hafec101","F","F",0,0,0,8,2,84,0,0,0,"","wilsj105","",0,0,0,0,0,0,0,0,0,0,0,0,0,"","F","F","F","F",0,0,0,0,0,0,0,0,0,0,F,F,"1925PHI.EVN.regular.event.csv",3733
"PHI192508221","SLN",9,0,2,0,0,"",11,3,"hornr101","?","hornr101","?","oneas101","?","oneas101","?","wilsj105","fonsl101","fribb101","hubec101","sandh101","mokaj101","leacf101","burng101","","","shinr101","W","F","F",4,3,14,"T","F",0,"F","F",0,"F","F",0,"F","F",0,"","F","F","",0,0,"N",0,"N",0,"N",1,0,0,3,"","","","","F","F","F","F","F","F","F","F","F","","","oneas101","F","F","F","F","F","","","","",0,0,0,0,0,0,0,0,0,87,"PHI","SLN","PHI",0,"F","F",11,3,0,47,3,"F","F",4,5,"T","T","bottj101","hafec101","F","F",0,0,0,0,0,0,8,2,84,"","","wilsj105",0,0,0,0,0,0,0,0,0,0,0,0,0,"","F","F","F","F",0,0,0,0,0,0,0,0,0,0,F,F,"1925PHI.EVN.regular.event.csv",3734
"PHI192508221","SLN",9,0,2,0,0,"",11,3,"bottj101","?","bottj101","?","oneas101","?","oneas101","?","wilsj105","fonsl101","fribb101","hubec101","sandh101","mokaj101","leacf101","burng101","hornr101","","shinr101","OA.3XH(13252)","F","F",3,4,12,"F","F",0,"F","F",1,"F","F",0,"F","F",0,"","F","F","",0,0,"N",0,"N",0,"N",0,1,0,0,"","","","13252","F","F","F","F","F","F","F","F","F","oneas101","","oneas101","F","F","F","F","F","","","","",0,2,0,0,1,3,2,5,0,88,"PHI","SLN","PHI",0,"F","T",11,3,0,48,4,"T","T",5,1,"T","T","hafec101","belll101","F","F",4,3,87,0,0,0,8,2,84,"wilsj105","","wilsj105",0,0,0,0,0,0,0,0,0,0,0,0,0,"","F","F","F","F",0,0,0,0,0,0,0,0,0,0,F,F,"1925PHI.EVN.regular.event.csv",3735
"PHI192508221","SLN",9,1,0,0,0,"",11,3,"fribb101","?","fribb101","?","sherb101","?","sherb101","?","ofarb101","bottj101","hornr101","belll101","thevt101","bladr102","shinr101","hafec101","","","","E5/G","T","F",4,8,18,"T","T",0,"F","F",0,"F","F",0,"F","F",5,"G","F","F","",1,5,"F",0,"N",0,"N",1,0,0,0,"","","","","F","F","F","F","F","F","F","F","F","","","","F","F","F","F","F","","","","",0,0,0,0,0,0,0,0,0,89,"PHI","PHI","SLN",1,"T","F",3,11,0,34,0,"T","F",0,1,"T","T","oneas101","sandh101","T","T",0,0,0,0,0,0,0,0,0,"","","",0,0,0,0,0,0,0,0,0,0,0,0,0,"belll101","F","F","F","T",3,0,0,0,0,0,0,0,0,0,F,F,"1925PHI.EVN.regular.event.csv",3736
"PHI192508221","SLN",9,1,0,0,0,"",11,3,"henlb101","?","henlb101","?","sherb101","?","sherb101","?","ofarb101","bottj101","hornr101","belll101","thevt101","bladr102","shinr101","hafec101","fribb101","","","6/P","F","T",11,9,2,"T","T",0,"F","F",1,"F","F",0,"F","F",6,"P","F","F","",0,0,"N",0,"N",0,"N",0,1,0,0,"6","","","","F","F","F","F","F","F","F","F","F","sherb101","","","F","F","F","F","F","","","","oneas101",1,6,0,0,0,0,0,0,0,90,"PHI","PHI","SLN",1,"F","F",3,11,0,35,1,"T","F",1,1,"F","F","sandh101","leacf101","T","T",4,8,89,0,0,0,0,0,0,"ofarb101","","",0,0,0,0,0,0,0,0,0,0,0,0,0,"thevt101","F","F","F","F",0,3,0,0,0,0,0,0,0,0,F,F,"1925PHI.EVN.regular.event.csv",3737
"PHI192508221","SLN",9,1,1,0,0,"",11,3,"sandh101","?","sandh101","?","sherb101","?","sherb101","?","ofarb101","bottj101","hornr101","belll101","thevt101","bladr102","shinr101","hafec101","fribb101","","","D9.1-3","F","F",6,1,21,"T","T",2,"F","F",0,"F","F",0,"F","F",9,"","F","F","",0,0,"N",0,"N",0,"N",2,3,0,0,"","","","","F","F","F","F","F","F","F","F","F","sherb101","","","F","F","F","F","F","","","","",0,0,0,0,0,0,0,0,0,91,"PHI","PHI","SLN",1,"F","F",3,11,0,36,2,"T","F",1,6,"T","T","leacf101","burng101","T","T",4,8,89,0,0,0,0,0,0,"ofarb101","","",0,0,0,0,0,0,0,0,0,0,0,0,0,"hafec101","F","F","F","F",2,3,0,0,0,0,0,0,0,0,F,F,"1925PHI.EVN.regular.event.csv",3738
"PHI192508221","SLN",9,1,1,0,0,"",11,3,"leacf101","?","leacf101","?","sherb101","?","sherb101","?","ofarb101","bottj101","hornr101","belll101","thevt101","bladr102","shinr101","hafec101","","sandh101","fribb101","9/F","F","F",8,2,2,"T","T",0,"F","F",1,"F","F",0,"F","F",9,"F","F","F","",0,0,"N",0,"N",0,"N",0,0,2,3,"9","","","","F","F","F","F","F","F","F","F","F","","sherb101","sherb101","F","F","F","F","F","","","","",0,9,0,0,0,0,0,0,0,92,"PHI","PHI","SLN",1,"F","F",3,11,0,37,3,"T","F",6,6,"T","T","burng101","mokaj101","T","T",0,0,0,6,1,91,4,8,89,"","ofarb101","ofarb101",0,0,0,0,0,0,0,0,0,0,0,0,0,"hafec101","F","F","F","F",0,0,2,3,0,0,0,0,0,0,F,F,"1925PHI.EVN.regular.event.csv",3739
"PHI192508221","SLN",9,1,2,0,0,"",11,3,"burng101","?","burng101","?","sherb101","?","sherb101","?","ofarb101","bottj101","hornr101","belll101","thevt101","bladr102","shinr101","hafec101","","sandh101","fribb101","7/F","F","F",9,3,2,"T","T",0,"F","F",1,"F","F",0,"F","F",7,"F","F","F","",0,0,"N",0,"N",0,"N",0,0,2,3,"7","","","","F","F","F","F","F","F","F","F","F","","sherb101","sherb101","F","T","F","F","F","","","","",0,7,0,0,0,0,0,0,0,93,"PHI","PHI","SLN",1,"F","T",3,11,0,38,4,"T","F",6,6,"T","T","mokaj101","wilsj105","T","T",0,0,0,6,1,91,4,8,89,"","ofarb101","ofarb101",0,0,0,0,0,0,0,0,0,0,0,0,0,"bladr102","F","F","F","F",0,0,2,3,0,0,0,0,0,0,F,F,"1925PHI.EVN.regular.event.csv",3740
"PHI192508222","SLN",1,0,0,0,0,"",0,0,"bladr102","?","bladr102","?","carlh101","?","carlh101","?","henlb101","hawkc101","fribb101","hubec101","sandh101","harpg101","leacf101","willc103","","","","8/F","T","F",7,1,2,"T","T",0,"F","F",1,"F","F",0,"F","F",8,"F","F","F","",0,0,"N",0,"N",0,"N",0,0,0,0,"8","","","","F","F","F","F","F","F","F","F","F","","","","T","F","F","F","F","","","","",0,8,0,0,0,0,0,0,0,1,"PHI","SLN","PHI",0,"T","F",0,0,0,0,0,"T","F",0,0,"T","T","shinr101","hornr101","T","T",0,0,0,0,0,0,0,0,0,"","","",0,0,0,0,0,0,0,0,0,0,0,0,0,"leacf101","F","F","F","F",0,0,0,0,0,0,0,0,0,0,F,F,"1925PHI.EVN.regular.event.csv",3741
"PHI192508222","SLN",1,0,1,0,0,"",0,0,"shinr101","?","shinr101","?","carlh101","?","carlh101","?","henlb101","hawkc101","fribb101","hubec101","sandh101","harpg101","leacf101","willc103","","","","63","F","F",8,2,2,"T","T",0,"F","F",1,"F","F",0,"F","F",6,"G","F","F","",0,0,"N",0,"N",0,"N",0,0,0,0,"63","","","","F","F","F","F","F","F","F","F","F","","","","F","F","F","F","F","","","","",0,3,0,0,6,0,0,0,0,2,"PHI","SLN","PHI",0,"F","F",0,0,0,1,1,"T","F",0,0,"T","T","hornr101","bottj101","T","T",0,0,0,0,0,0,0,0,0,"","","",0,0,0,0,0,0,0,0,0,0,0,0,0,"sandh101","F","F","F","F",0,0,0,0,0,0,0,0,0,0,F,F,"1925PHI.EVN.regular.event.csv",3742
"PHI192508222","SLN",1,0,2,0,0,"",0,0,"hornr101","?","hornr101","?","carlh101","?","carlh101","?","henlb101","hawkc101","fribb101","hubec101","sandh101","harpg101","leacf101","willc103","","","","13","F","F",4,3,2,"T","T",0,"F","F",1,"F","F",0,"F","F",1,"G","F","F","",0,0,"N",0,"N",0,"N",0,0,0,0,"13","","","","F","F","F","F","F","F","F","F","F","","","","F","F","F","F","F","","","","",0,3,0,0,1,0,0,0,0,3,"PHI","SLN","PHI",0,"F","T",0,0,0,2,2,"T","F",0,0,"T","T","bottj101","hafec101","T","T",0,0,0,0,0,0,0,0,0,"","","",0,0,0,0,0,0,0,0,0,0,0,0,0,"carlh101","F","F","F","F",0,0,0,0,0,0,0,0,0,0,F,F,"1925PHI.EVN.regular.event.csv",3743
"PHI192508222","SLN",1,1,0,0,0,"",0,0,"sandh101","?","sandh101","?","sotha101","?","sotha101","?","schmw102","bottj101","hornr101","belll101","thevt101","bladr102","shinr101","hafec101","","","","FLE2","T","F",6,1,13,"F","F",0,"F","F",0,"F","F",0,"F","F",2,"P","F","T","",1,2,"F",0,"N",0,"N",0,0,0,0,"","","","","F","F","F","F","F","F","F","F","F","","","","F","F","F","F","F","","","","",0,0,0,0,0,0,0,0,0,4,"PHI","PHI","SLN",1,"T","F",0,0,0,0,0,"T","F",0,0,"T","T","leacf101","willc103","T","T",0,0,0,0,0,0,0,0,0,"","","",0,0,0,0,0,0,0,0,0,0,0,0,0,"schmw102","F","F","F","F",0,0,0,0,0,0,0,0,0,0,F,F,"1925PHI.EVN.regular.event.csv",3744
"PHI192508222","SLN",1,1,0,0,0,"",0,0,"sandh101","?","sandh101","?","sotha101","?","sotha101","?","schmw102","bottj101","hornr101","belll101","thevt101","bladr102","shinr101","hafec101","","","","W","T","F",6,1,14,"T","F",0,"F","F",0,"F","F",0,"F","F",0,"","F","F","",0,0,"N",0,"N",0,"N",1,0,0,0,"","","","","F","F","F","F","F","F","F","F","F","","","","F","F","F","F","F","","","","",0,0,0,0,0,0,0,0,0,5,"PHI","PHI","SLN",1,"F","F",0,0,0,0,0,"F","F",0,1,"T","T","leacf101","willc103","T","T",0,0,0,0,0,0,0,0,0,"","","",0,0,0,0,0,0,0,0,0,0,0,0,0,"","F","F","F","F",0,0,0,0,0,0,0,0,0,0,F,F,"1925PHI.EVN.regular.event.csv",3745
"PHI192508222","SLN",1,1,0,0,0,"",0,0,"leacf101","?","leacf101","?","sotha101","?","sotha101","?","schmw102","bottj101","hornr101","belll101","thevt101","bladr102","shinr101","hafec101","sandh101","","","E1/G.1-2","F","F",8,2,18,"T","T",0,"F","F",0,"F","F",0,"F","F",1,"G","F","F","",1,1,"F",0,"N",0,"N",1,2,0,0,"","","","","F","F","F","F","F","F","F","F","F","sotha101","","","F","F","F","F","F","","","","",0,0,0,0,0,0,0,0,0,6,"PHI","PHI","SLN",1,"F","F",0,0,0,1,1,"T","F",1,3,"T","T","willc103","harpg101","T","T",6,1,5,0,0,0,0,0,0,"schmw102","","",0,0,0,0,0,0,0,0,0,0,0,0,0,"sotha101","F","F","F","T",0,0,0,0,0,0,0,0,0,0,F,F,"1925PHI.EVN.regular.event.csv",3746
"PHI192508222","SLN",1,1,0,0,0,"",0,0,"willc103","?","willc103","?","sotha101","?","sotha101","?","schmw102","bottj101","hornr101","belll101","thevt101","bladr102","shinr101","hafec101","leacf101","sandh101","","K","F","F",9,3,3,"T","T",0,"F","F",1,"F","F",0,"F","F",0,"","F","F","",0,0,"N",0,"N",0,"N",0,1,2,0,"2","","","","F","F","F","F","F","F","F","F","F","sotha101","sotha101","","F","F","F","F","F","","","","",0,2,0,0,0,0,0,0,0,7,"PHI","PHI","SLN",1,"F","F",0,0,0,2,2,"T","F",3,3,"T","T","harpg101","henlb101","T","T",8,2,6,6,1,5,0,0,0,"schmw102","schmw102","",0,0,0,0,0,0,0,0,0,0,0,0,0,"","F","F","F","F",0,0,0,0,0,0,0,0,0,0,F,F,"1925PHI.EVN.regular.event.csv",3747
"PHI192508222","SLN",1,1,1,0,0,"",0,0,"harpg101","?","harpg101","?","sotha101","?","sotha101","?","schmw102","bottj101","hornr101","belll101","thevt101","bladr102","shinr101","hafec101","leacf101","sandh101","","K","F","F",7,4,3,"T","T",0,"F","F",1,"F","F",0,"F","F",0,"","F","F","",0,0,"N",0,"N",0,"N",0,1,2,0,"2","","","","F","F","F","F","F","F","F","F","F","sotha101","sotha101","","F","F","F","F","F","","","","",0,2,0,0,0,0,0,0,0,8,"PHI","PHI","SLN",1,"F","F",0,0,0,3,3,"T","F",3,3,"T","T","henlb101","hawkc101","T","T",8,2,6,6,1,5,0,0,0,"schmw102","schmw102","",0,0,0,0,0,0,0,0,0,0,0,0,0,"","F","F","F","F",0,0,0,0,0,0,0,0,0,0,F,F,"1925PHI.EVN.regular.event.csv",3748
"PHI192508222","SLN",1,1,2,0,0,"",0,0,"henlb101","?","henlb101","?","sotha101","?","sotha101","?","schmw102","bottj101","hornr101","belll101","thevt101","bladr102","shinr101","hafec101","leacf101","sandh101","","W.2-3;1-2","F","F",2,5,14,"T","F",0,"F","F",0,"F","F",0,"F","F",0,"","F","F","",0,0,"N",0,"N",0,"N",1,2,3,0,"","","","","F","F","F","F","F","F","F","F","F","sotha101","sotha101","","F","F","F","F","F","","","","",0,0,0,0,0,0,0,0,0,9,"PHI","PHI","SLN",1,"F","F",0,0,0,4,4,"T","F",3,7,"T","T","hawkc101","hubec101","T","T",8,2,6,6,1,5,0,0,0,"schmw102","schmw102","",0,0,0,0,0,0,0,0,0,0,0,0,0,"","F","F","F","F",0,0,0,0,0,0,0,0,0,0,F,F,"1925PHI.EVN.regular.event.csv",3749
"PHI192508222","SLN",1,1,2,0,0,"",0,0,"hawkc101","?","hawkc101","?","sotha101","?","sotha101","?","schmw102","bottj101","hornr101","belll101","thevt101","bladr102","shinr101","hafec101","henlb101","leacf101","sandh101","43","F","F",3,6,2,"T","T",0,"F","F",1,"F","F",0,"F","F",4,"G","F","F","",0,0,"N",0,"N",0,"N",0,1,2,3,"43","","","","F","F","F","F","F","F","F","F","F","sotha101","sotha101","sotha101","F","F","F","F","F","","","","",0,3,0,0,4,0,0,0,0,10,"PHI","PHI","SLN",1,"F","T",0,0,0,5,5,"T","F",7,7,"T","T","hubec101","fribb101","T","T",2,5,9,8,2,6,6,1,5,"schmw102","schmw102","schmw102",0,0,0,0,0,0,0,0,0,0,0,0,0,"hornr101","F","F","F","F",0,0,0,0,0,0,0,0,0,0,F,F,"1925PHI.EVN.regular.event.csv",3750
"PHI192508222","SLN",2,0,0,0,0,"",0,0,"bottj101","?","bottj101","?","carlh101","?","carlh101","?","henlb101","hawkc101","fribb101","hubec101","sandh101","harpg101","leacf101","willc103","","","","6/P","T","F",3,4,2,"T","T",0,"F","F",1,"F","F",0,"F","F",6,"P","F","F","",0,0,"N",0,"N",0,"N",0,0,0,0,"6","","","","F","F","F","F","F","F","F","F","F","","","","F","F","F","F","F","","","","",0,6,0,0,0,0,0,0,0,11,"PHI","SLN","PHI",0,"T","F",0,0,0,3,0,"T","F",0,0,"T","T","hafec101","belll101","T","T",0,0,0,0,0,0,0,0,0,"","","",0,0,0,0,0,0,0,0,0,0,0,0,0,"sandh101","F","F","F","F",0,0,0,0,0,0,0,0,0,0,F,F,"1925PHI.EVN.regular.event.csv",3751
"PHI192508222","SLN",2,0,1,0,0,"",0,0,"hafec101","?","hafec101","?","carlh101","?","carlh101","?","henlb101","hawkc101","fribb101","hubec101","sandh101","harpg101","leacf101","willc103","","","","6/P","F","F",9,5,2,"T","T",0,"F","F",1,"F","F",0,"F","F",6,"P","F","F","",0,0,"N",0,"N",0,"N",0,0,0,0,"6","","","","F","F","F","F","F","F","F","F","F","","","","F","F","F","F","F","","","","",0,6,0,0,0,0,0,0,0,12,"PHI","SLN","PHI",0,"F","F",0,0,0,4,1,"T","F",0,0,"T","T","belll101","schmw102","T","T",0,0,0,0,0,0,0,0,0,"","","",0,0,0,0,0,0,0,0,0,0,0,0,0,"sandh101","F","F","F","F",0,0,0,0,0,0,0,0,0,0,F,F,"1925PHI.EVN.regular.event.csv",3752
"PHI192508222","SLN",2,0,2,0,0,"",0,0,"belll101","?","belll101","?","carlh101","?","carlh101","?","henlb101","hawkc101","fribb101","hubec101","sandh101","harpg101","leacf101","willc103","","","","53","F","F",5,6,2,"T","T",0,"F","F",1,"F","F",0,"F","F",5,"G","F","F","",0,0,"N",0,"N",0,"N",0,0,0,0,"53","","","","F","F","F","F","F","F","F","F","F","","","","F","F","F","F","F","","","","",0,3,0,0,5,0,0,0,0,13,"PHI","SLN","PHI",0,"F","T",0,0,0,5,2,"T","F",0,0,"T","T","schmw102","thevt101","T","T",0,0,0,0,0,0,0,0,0,"","","",0,0,0,0,0,0,0,0,0,0,0,0,0,"hubec101","F","F","F","F",0,0,0,0,0,0,0,0,0,0,F,F,"1925PHI.EVN.regular.event.csv",3753
"PHI192508222","SLN",2,1,0,0,0,"",0,0,"hubec101","?","hubec101","?","sotha101","?","sotha101","?","schmw102","bottj101","hornr101","belll101","thevt101","bladr102","shinr101","hafec101","","","","HR/F9D","T","F",5,7,23,"T","T",4,"F","F",0,"F","F",1,"F","F",0,"F","F","F","9D",0,0,"N",0,"N",0,"N",4,0,0,0,"","","","","F","F","F","F","F","F","F","F","F","","","","F","F","F","F","F","","","","",0,0,0,0,0,0,0,0,0,14,"PHI","PHI","SLN",1,"T","F",0,0,0,6,0,"T","F",0,0,"T","T","fribb101","carlh101","T","T",0,0,0,0,0,0,0,0,0,"","","",0,0,0,0,0,0,0,0,0,0,0,0,1,"","F","F","F","F",4,0,0,0,4,0,0,0,0,0,F,F,"1925PHI.EVN.regular.event.csv",3754
"PHI192508222","SLN",2,1,0,0,0,"",0,1,"fribb101","?","fribb101","?","sotha101","?","sotha101","?","schmw102","bottj101","hornr101","belll101","thevt101","bladr102","shinr101","hafec101","","","","W","F","F",4,8,14,"T","F",0,"F","F",0,"F","F",0,"F","F",0,"","F","F","",0,0,"N",0,"N",0,"N",1,0,0,0,"","","","","F","F","F","F","F","F","F","F","F","","","","F","F","F","F","F","","","","",0,0,0,0,0,0,0,0,0,15,"PHI","PHI","SLN",1,"F","F",1,0,1,7,1,"T","F",0,1,"T","T","carlh101","sandh101","T","T",0,0,0,0,0,0,0,0,0,"","","",0,0,0,0,0,0,0,0,0,0,0,0,0,"","F","F","F","F",4,0,0,0,4,0,0,0,0,0,F,F,"1925PHI.EVN.regular.event.csv",3755
"PHI192508222","SLN",2,1,0,0,0,"",0,1,"carlh101","?","carlh101","?","sotha101","?","sotha101","?","schmw102","bottj101","hornr101","belll101","thevt101","bladr102","shinr101","hafec101","fribb101","","","13.1-2","F","F",1,9,2,"T","T",0,"F","F",1,"F","F",0,"F","F",1,"G","F","F","",0,0,"N",0,"N",0,"N",0,2,0,0,"13","","","","F","F","F","F","F","F","F","F","F","sotha101","","","F","F","F","F","F","","","","",0,3,0,0,1,0,0,0,0,16,"PHI","PHI","SLN",1,"F","F",1,0,1,8,2,"T","F",1,2,"T","T","sandh101","leacf101","T","T",4,8,15,0,0,0,0,0,0,"schmw102","","",0,0,0,0,0,0,0,0,0,0,0,0,0,"sotha101","F","F","F","F",0,4,0,0,4,0,0,0,0,0,F,F,"1925PHI.EVN.regular.event.csv",3756
"PHI192508222","SLN",2,1,1,0,0,"",0,1,"sandh101","?","sandh101","?","sotha101","?","sotha101","?","schmw102","bottj101","hornr101","belll101","thevt101","bladr102","shinr101","hafec101","","fribb101","","W","F","F",6,1,14,"T","F",0,"F","F",0,"F","F",0,"F","F",0,"","F","F","",0,0,"N",0,"N",0,"N",1,0,2,0,"","","","","F","F","F","F","F","F","F","F","F","","sotha101","","F","F","F","F","F","","","","",0,0,0,0,0,0,0,0,0,17,"PHI","PHI","SLN",1,"F","F",1,0,1,9,3,"T","F",2,3,"T","T","leacf101","willc103","T","T",0,0,0,4,8,15,0,0,0,"","schmw102","",0,0,0,0,0,0,0,0,0,0,0,0,0,"","F","F","F","F",4,0,4,0,4,0,0,0,0,0,F,F,"1925PHI.EVN.regular.event.csv",3757
"PHI192508222","SLN",2,1,1,0,0,"",0,1,"leacf101","?","leacf101","?","sotha101","?","sotha101","?","schmw102","bottj101","hornr101","belll101","thevt101","bladr102","shinr101","hafec101","sandh101","fribb101","","S8.2-3;1-2","F","F",8,2,20,"T","T",1,"F","F",0,"F","F",0,"F","F",8,"","F","F","",0,0,"N",0,"N",0,"N",1,2,3,0,"","","","","F","F","F","F","F","F","F","F","F","sotha101","sotha101","","F","F","F","F","F","","","","",0,0,0,0,0,0,0,0,0,18,"PHI","PHI","SLN",1,"F","F",1,0,1,10,4,"T","F",3,7,"T","T","willc103","harpg101","T","T",6,1,17,4,8,15,0,0,0,"schmw102","schmw102","",0,0,0,0,0,0,0,0,0,0,0,0,0,"shinr101","F","F","F","F",4,4,4,0,4,0,0,0,0,0,F,F,"1925PHI.EVN.regular.event.csv",3758
"PHI192508222","SLN",2,1,1,0,0,"",0,1,"willc103","?","willc103","?","sotha101","?","sotha101","?","schmw102","bottj101","hornr101","belll101","thevt101","bladr102","shinr101","hafec101","leacf101","sandh101","fribb101","HR/F9D.3-H;2-H;1-H","F","F",9,3,23,"T","T",4,"F","F",0,"F","F",4,"F","F",0,"F","F","F","9D",0,0,"N",0,"N",0,"N",4,4,4,4,"","","","","F","F","F","F","F","F","F","F","F","sotha101","sotha101","sotha101","F","F","F","F","F","","","","",0,0,0,0,0,0,0,0,0,19,"PHI","PHI","SLN",1,"F","F",1,0,1,11,5,"T","F",7,0,"T","T","harpg101","henlb101","T","T",8,2,18,6,1,17,4,8,15,"schmw102","schmw102","schmw102",0,0,0,0,0,0,0,0,0,0,0,0,4,"","F","F","F","F",4,4,4,4,0,0,0,0,0,0,F,F,"1925PHI.EVN.regular.event.csv",3759
"PHI192508222","SLN",2,1,1,0,0,"",0,5,"harpg101","?","harpg101","?","sotha101","?","sotha101","?","schmw102","bottj101","hornr101","belll101","thevt101","bladr102","shinr101","hafec101","","","","FLE2#","F","F",7,4,13,"F","F",0,"F","F",0,"F","F",0,"F","F",2,"P","F","T","",1,2,"F",0,"N",0,"N",0,0,0,0,"","","","","F","F","F","F","F","F","F","F","F","","","","F","F","F","F","F","","","","",0,0,0,0,0,0,0,0,0,20,"PHI","PHI","SLN",1,"F","F",5,0,5,12,6,"T","F",0,0,"T","T","henlb101","hawkc101","T","T",0,0,0,0,0,0,0,0,0,"","","",0,0,0,0,0,0,0,0,0,0,0,0,0,"schmw102","F","F","F","F",0,0,0,0,0,0,0,0,0,0,F,T,"1925PHI.EVN.regular.event.csv",3760
"PHI192508222","SLN",2,1,1,0,0,"",0,5,"harpg101","?","harpg101","?","sotha101","?","sotha101","?","schmw102","bottj101","hornr101","belll101","thevt101","bladr102","shinr101","hafec101","","","","K","F","F",7,4,3,"T","T",0,"F","F",1,"F","F",0,"F","F",0,"","F","F","",0,0,"N",0,"N",0,"N",0,0,0,0,"2","","","","F","F","F","F","F","F","F","F","F","","","","F","F","F","F","F","","","","",0,2,0,0,0,0,0,0,0,21,"PHI","PHI","SLN",1,"F","F",5,0,5,12,6,"F","F",0,0,"T","T","henlb101","hawkc101","T","T",0,0,0,0,0,0,0,0,0,"","","",0,0,0,0,0,0,0,0,0,0,0,0,0,"","F","F","F","F",0,0,0,0,0,0,0,0,0,0,F,F,"1925PHI.EVN.regular.event.csv",3761
"PHI192508222","SLN",2,1,2,0,0,"",0,5,"henlb101","?","henlb101","?","sotha101","?","sotha101","?","schmw102","bottj101","hornr101","belll101","thevt101","bladr102","shinr101","hafec101","","","","6/P","F","F",2,5,2,"T","T",0,"F","F",1,"F","F",0,"F","F",6,"P","F","F","",0,0,"N",0,"N",0,"N",0,0,0,0,"6","","","","F","F","F","F","F","F","F","F","F","","","","F","F","F","F","F","","","","",0,6,0,0,0,0,0,0,0,22,"PHI","PHI","SLN",1,"F","T",5,0,5,13,7,"T","F",0,0,"T","T","hawkc101","hubec101","T","T",0,0,0,0,0,0,0,0,0,"","","",0,0,0,0,0,0,0,0,0,0,0,0,0,"thevt101","F","F","F","F",0,0,0,0,0,0,0,0,0,0,F,F,"1925PHI.EVN.regular.event.csv",3762
"PHI192508222","SLN",3,0,0,0,0,"",0,5,"schmw102","?","schmw102","?","carlh101","?","carlh101","?","henlb101","hawkc101","fribb101","hubec101","sandh101","harpg101","leacf101","willc103","","","","8/F","T","F",2,7,2,"T","T",0,"F","F",1,"F","F",0,"F","F",8,"F","F","F","",0,0,"N",0,"N",0,"N",0,0,0,0,"8","","","","F","F","F","F","F","F","F","F","F","","","","F","F","F","F","F","","","","",0,8,0,0,0,0,0,0,0,23,"PHI","SLN","PHI",0,"T","F",0,5,0,6,0,"T","F",0,0,"T","T","thevt101","sotha101","T","T",0,0,0,0,0,0,0,0,0,"","","",0,0,0,0,0,0,0,0,0,0,0,0,0,"leacf101","F","F","F","F",0,0,0,0,0,0,0,0,0,0,F,F,"1925PHI.EVN.regular.event.csv",3763
"PHI192508222","SLN",3,0,1,0,0,"",0,5,"thevt101","?","thevt101","?","carlh101","?","carlh101","?","henlb101","hawkc101","fribb101","hubec101","sandh101","harpg101","leacf101","willc103","","","","8/F","F","F",6,8,2,"T","T",0,"F","F",1,"F","F",0,"F","F",8,"F","F","F","",0,0,"N",0,"N",0,"N",0,0,0,0,"8","","","","F","F","F","F","F","F","F","F","F","","","","F","F","F","F","F","","","","",0,8,0,0,0,0,0,0,0,24,"PHI","SLN","PHI",0,"F","F",0,5,0,7,1,"T","F",0,0,"T","T","sotha101","bladr102","T","T",0,0,0,0,0,0,0,0,0,"","","",0,0,0,0,0,0,0,0,0,0,0,0,0,"leacf101","F","F","F","F",0,0,0,0,0,0,0,0,0,0,F,F,"1925PHI.EVN.regular.event.csv",3764
"PHI192508222","SLN",3,0,2,0,0,"",0,5,"sotha101","?","sotha101","?","carlh101","?","carlh101","?","henlb101","hawkc101","fribb101","hubec101","sandh101","harpg101","leacf101","willc103","","","","8/F","F","F",1,9,2,"T","T",0,"F","F",1,"F","F",0,"F","F",8,"F","F","F","",0,0,"N",0,"N",0,"N",0,0,0,0,"8","","","","F","F","F","F","F","F","F","F","F","","","","F","F","F","F","F","","","","",0,8,0,0,0,0,0,0,0,25,"PHI","SLN","PHI",0,"F","T",0,5,0,8,2,"T","F",0,0,"T","T","bladr102","shinr101","T","T",0,0,0,0,0,0,0,0,0,"","","",0,0,0,0,0,0,0,0,0,0,0,0,0,"leacf101","F","F","F","F",0,0,0,0,0,0,0,0,0,0,F,F,"1925PHI.EVN.regular.event.csv",3765
"PHI192508222","SLN",3,1,0,0,0,"",0,5,"hawkc101","?","hawkc101","?","sotha101","?","sotha101","?","schmw102","bottj101","hornr101","belll101","thevt101","bladr102","shinr101","hafec101","","","","43","T","F",3,6,2,"T","T",0,"F","F",1,"F","F",0,"F","F",4,"G","F","F","",0,0,"N",0,"N",0,"N",0,0,0,0,"43","","","","F","F","F","F","F","F","F","F","F","","","","F","F","F","F","F","","","","",0,3,0,0,4,0,0,0,0,26,"PHI","PHI","SLN",1,"T","F",5,0,0,14,0,"T","F",0,0,"T","T","hubec101","fribb101","T","T",0,0,0,0,0,0,0,0,0,"","","",0,0,0,0,0,0,0,0,0,0,0,0,0,"hornr101","F","F","F","F",0,0,0,0,0,0,0,0,0,0,F,F,"1925PHI.EVN.regular.event.csv",3766
"PHI192508222","SLN",3,1,1,0,0,"",0,5,"hubec101","?","hubec101","?","sotha101","?","sotha101","?","schmw102","bottj101","hornr101","belll101","thevt101","bladr102","shinr101","hafec101","","","","43","F","F",5,7,2,"T","T",0,"F","F",1,"F","F",0,"F","F",4,"G","F","F","",0,0,"N",0,"N",0,"N",0,0,0,0,"43","","","","F","F","F","F","F","F","F","F","F","","","","F","F","F","F","F","","","","",0,3,0,0,4,0,0,0,0,27,"PHI","PHI","SLN",1,"F","F",5,0,0,15,1,"T","F",0,0,"T","T","fribb101","carlh101","T","T",0,0,0,0,0,0,0,0,0,"","","",0,0,0,0,0,0,0,0,0,0,0,0,0,"hornr101","F","F","F","F",0,0,0,0,0,0,0,0,0,0,F,F,"1925PHI.EVN.regular.event.csv",3767
"PHI192508222","SLN",3,1,2,0,0,"",0,5,"fribb101","?","fribb101","?","sotha101","?","sotha101","?","schmw102","bottj101","hornr101","belll101","thevt101","bladr102","shinr101","hafec101","","","","6/P","F","F",4,8,2,"T","T",0,"F","F",1,"F","F",0,"F","F",6,"P","F","F","",0,0,"N",0,"N",0,"N",0,0,0,0,"6","","","","F","F","F","F","F","F","F","F","F","","","","F","F","F","F","F","","","","",0,6,0,0,0,0,0,0,0,28,"PHI","PHI","SLN",1,"F","T",5,0,0,16,2,"T","F",0,0,"T","T","carlh101","sandh101","T","T",0,0,0,0,0,0,0,0,0,"","","",0,0,0,0,0,0,0,0,0,0,0,0,0,"thevt101","F","F","F","F",0,0,0,0,0,0,0,0,0,0,F,F,"1925PHI.EVN.regular.event.csv",3768
"PHI192508222","SLN",4,0,0,0,0,"",0,5,"bladr102","?","bladr102","?","carlh101","?","carlh101","?","henlb101","hawkc101","fribb101","hubec101","sandh101","harpg101","leacf101","willc103","","","","43","T","F",7,1,2,"T","T",0,"F","F",1,"F","F",0,"F","F",4,"G","F","F","",0,0,"N",0,"N",0,"N",0,0,0,0,"43","","","","F","F","F","F","F","F","F","F","F","","","","F","F","F","F","F","","","","",0,3,0,0,4,0,0,0,0,29,"PHI","SLN","PHI",0,"T","F",0,5,0,9,0,"T","F",0,0,"T","T","shinr101","hornr101","T","T",0,0,0,0,0,0,0,0,0,"","","",0,0,0,0,0,0,0,0,0,0,0,0,0,"fribb101","F","F","F","F",0,0,0,0,0,0,0,0,0,0,F,F,"1925PHI.EVN.regular.event.csv",3769
"PHI192508222","SLN",4,0,1,0,0,"",0,5,"shinr101","?","shinr101","?","carlh101","?","carlh101","?","henlb101","hawkc101","fribb101","hubec101","sandh101","harpg101","leacf101","willc103","","","","63","F","F",8,2,2,"T","T",0,"F","F",1,"F","F",0,"F","F",6,"G","F","F","",0,0,"N",0,"N",0,"N",0,0,0,0,"63","","","","F","F","F","F","F","F","F","F","F","","","","F","F","F","F","F","","","","",0,3,0,0,6,0,0,0,0,30,"PHI","SLN","PHI",0,"F","F",0,5,0,10,1,"T","F",0,0,"T","T","hornr101","bottj101","T","T",0,0,0,0,0,0,0,0,0,"","","",0,0,0,0,0,0,0,0,0,0,0,0,0,"sandh101","F","F","F","F",0,0,0,0,0,0,0,0,0,0,F,F,"1925PHI.EVN.regular.event.csv",3770
"PHI192508222","SLN",4,0,2,0,0,"",0,5,"hornr101","?","hornr101","?","carlh101","?","carlh101","?","henlb101","hawkc101","fribb101","hubec101","sandh101","harpg101","leacf101","willc103","","","","W","F","F",4,3,14,"T","F",0,"F","F",0,"F","F",0,"F","F",0,"","F","F","",0,0,"N",0,"N",0,"N",1,0,0,0,"","","","","F","F","F","F","F","F","F","F","F","","","","F","F","F","F","F","","","","",0,0,0,0,0,0,0,0,0,31,"PHI","SLN","PHI",0,"F","F",0,5,0,11,2,"T","F",0,1,"T","T","bottj101","hafec101","T","T",0,0,0,0,0,0,0,0,0,"","","",0,0,0,0,0,0,0,0,0,0,0,0,0,"","F","F","F","F",0,0,0,0,0,0,0,0,0,0,F,F,"1925PHI.EVN.regular.event.csv",3771
"PHI192508222","SLN",4,0,2,0,0,"",0,5,"bottj101","?","bottj101","?","carlh101","?","carlh101","?","henlb101","hawkc101","fribb101","hubec101","sandh101","harpg101","leacf101","willc103","hornr101","","","E6/G.1-3","F","F",3,4,18,"T","T",0,"F","F",0,"F","F",0,"F","F",6,"G","F","F","",1,6,"F",0,"N",0,"N",1,3,0,0,"","","","","F","F","F","F","F","F","F","F","F","carlh101","","","F","F","F","F","F","","","","",0,0,0,0,0,0,0,0,0,32,"PHI","SLN","PHI",0,"F","F",0,5,0,12,3,"T","F",1,5,"T","T","hafec101","belll101","T","T",4,3,31,0,0,0,0,0,0,"henlb101","","",0,0,0,0,0,0,0,0,0,0,0,0,0,"sandh101","F","F","F","T",0,0,0,0,0,0,0,0,0,0,F,F,"1925PHI.EVN.regular.event.csv",3772
"PHI192508222","SLN",4,0,2,0,0,"",0,5,"hafec101","?","hafec101","?","carlh101","?","carlh101","?","henlb101","hawkc101","fribb101","hubec101","sandh101","harpg101","leacf101","willc103","bottj101","","hornr101","K","F","F",9,5,3,"T","T",0,"F","F",1,"F","F",0,"F","F",0,"","F","F","",0,0,"N",0,"N",0,"N",0,1,0,3,"2","","","","F","F","F","F","F","F","F","F","F","carlh101","","carlh101","F","F","F","F","F","","","","",0,2,0,0,0,0,0,0,0,33,"PHI","SLN","PHI",0,"F","T",0,5,0,13,4,"T","F",5,5,"T","T","belll101","schmw102","T","T",3,4,32,0,0,0,4,3,31,"henlb101","","henlb101",0,0,0,0,0,0,0,0,0,0,0,0,0,"","F","F","F","F",0,0,0,0,0,0,0,0,0,0,F,F,"1925PHI.EVN.regular.event.csv",3773
"PHI192508222","SLN",4,1,0,0,0,"",0,5,"carlh101","?","carlh101","?","sotha101","?","sotha101","?","schmw102","bottj101","hornr101","belll101","thevt101","bladr102","shinr101","hafec101","","","","K","T","F",1,9,3,"T","T",0,"F","F",1,"F","F",0,"F","F",0,"","F","F","",0,0,"N",0,"N",0,"N",0,0,0,0,"2","","","","F","F","F","F","F","F","F","F","F","","","","F","F","F","F","F","","","","",0,2,0,0,0,0,0,0,0,34,"PHI","PHI","SLN",1,"T","F",5,0,0,17,0,"T","F",0,0,"T","T","sandh101","leacf101","T","T",0,0,0,0,0,0,0,0,0,"","","",0,0,0,0,0,0,0,0,0,0,0,0,0,"","F","F","F","F",0,0,0,0,0,0,0,0,0,0,F,F,"1925PHI.EVN.regular.event.csv",3774
"PHI192508222","SLN",4,1,1,0,0,"",0,5,"sandh101","?","sandh101","?","sotha101","?","sotha101","?","schmw102","bottj101","hornr101","belll101","thevt101","bladr102","shinr101","hafec101","","","","S7","F","F",6,1,20,"T","T",1,"F","F",0,"F","F",0,"F","F",7,"","F","F","",0,0,"N",0,"N",0,"N",1,0,0,0,"","","","","F","F","F","F","F","F","F","F","F","","","","F","F","F","F","F","","","","",0,0,0,0,0,0,0,0,0,35,"PHI","PHI","SLN",1,"F","F",5,0,0,18,1,"T","F",0,1,"T","T","leacf101","willc103","T","T",0,0,0,0,0,0,0,0,0,"","","",0,0,0,0,0,0,0,0,0,0,0,0,0,"bladr102","F","F","F","F",0,0,0,0,0,0,0,0,0,0,F,F,"1925PHI.EVN.regular.event.csv",3775
"PHI192508222","SLN",4,1,1,0,0,"",0,5,"leacf101","?","leacf101","?","sotha101","?","sotha101","?","schmw102","bottj101","hornr101","belll101","thevt101","bladr102","shinr101","hafec101","sandh101","","","S/P56D.1-2","F","F",8,2,20,"T","T",1,"F","F",0,"F","F",0,"F","F",0,"P","F","F","56D",0,0,"N",0,"N",0,"N",1,2,0,0,"","","","","F","F","F","F","F","F","F","F","F","sotha101","","","F","F","F","F","F","","","","",0,0,0,0,0,0,0,0,0,36,"PHI","PHI","SLN",1,"F","F",5,0,0,19,2,"T","F",1,3,"T","T","willc103","harpg101","T","T",6,1,35,0,0,0,0,0,0,"schmw102","","",0,0,0,0,0,0,0,0,0,0,0,0,0,"","F","F","F","F",0,0,0,0,0,0,0,0,0,0,F,F,"1925PHI.EVN.regular.event.csv",3776
"PHI192508222","SLN",4,1,1,0,0,"",0,5,"willc103","?","willc103","?","dyere101","?","dyere101","?","schmw102","bottj101","hornr101","belll101","thevt101","bladr102","shinr101","hafec101","leacf101","sandh101","","43.2-3;1-2","F","F",9,3,2,"T","T",0,"F","F",1,"F","F",0,"F","F",4,"G","F","F","",0,0,"N",0,"N",0,"N",0,2,3,0,"43","","","","F","F","F","F","F","F","F","F","F","sotha101","sotha101","","F","F","F","F","F","","","","",0,3,0,0,4,0,0,0,0,37,"PHI","PHI","SLN",1,"F","F",5,0,0,20,3,"T","F",3,6,"T","T","harpg101","henlb101","F","F",8,2,36,6,1,35,0,0,0,"schmw102","schmw102","",0,0,0,0,0,0,0,0,0,0,0,0,0,"hornr101","F","F","F","F",0,0,0,0,0,0,0,0,0,0,F,F,"1925PHI.EVN.regular.event.csv",3777
"PHI192508222","SLN",4,1,2,0,0,"",0,5,"harpg101","?","harpg101","?","dyere101","?","dyere101","?","schmw102","bottj101","hornr101","belll101","thevt101","bladr102","shinr101","hafec101","","leacf101","sandh101","3/G","F","F",7,4,2,"T","T",0,"F","F",1,"F","F",0,"F","F",3,"G","F","F","",0,0,"N",0,"N",0,"N",0,0,2,3,"3","","","","F","F","F","F","F","F","F","F","F","","sotha101","sotha101","F","F","F","F","F","","","","",0,3,0,0,0,0,0,0,0,38,"PHI","PHI","SLN",1,"F","T",5,0,0,21,4,"T","F",6,6,"T","T","henlb101","hawkc101","F","F",0,0,0,8,2,36,6,1,35,"","schmw102","schmw102",0,0,0,0,0,0,0,0,0,0,0,0,0,"bottj101","F","F","F","F",0,0,0,0,0,0,0,0,0,0,F,F,"1925PHI.EVN.regular.event.csv",3778
"PHI192508222","SLN",5,0,0,0,0,"",0,5,"belll101","?","belll101","?","carlh101","?","carlh101","?","henlb101","hawkc101","fribb101","hubec101","sandh101","harpg101","leacf101","willc103","","","","63","T","F",5,6,2,"T","T",0,"F","F",1,"F","F",0,"F","F",6,"G","F","F","",0,0,"N",0,"N",0,"N",0,0,0,0,"63","","","","F","F","F","F","F","F","F","F","F","","","","F","F","F","F","F","","","","",0,3,0,0,6,0,0,0,0,39,"PHI","SLN","PHI",0,"T","F",0,5,0,14,0,"T","F",0,0,"T","T","schmw102","thevt101","T","T",0,0,0,0,0,0,0,0,0,"","","",0,0,0,0,0,0,0,0,0,0,0,0,0,"sandh101","F","F","F","F",0,0,0,0,0,0,0,0,0,0,F,F,"1925PHI.EVN.regular.event.csv",3779
"PHI192508222","SLN",5,0,1,0,0,"",0,5,"schmw102","?","schmw102","?","carlh101","?","carlh101","?","henlb101","hawkc101","fribb101","hubec101","sandh101","harpg101","leacf101","willc103","","","","7/F","F","F",2,7,2,"T","T",0,"F","F",1,"F","F",0,"F","F",7,"F","F","F","",0,0,"N",0,"N",0,"N",0,0,0,0,"7","","","","F","F","F","F","F","F","F","F","F","","","","F","F","F","F","F","","","","",0,7,0,0,0,0,0,0,0,40,"PHI","SLN","PHI",0,"F","F",0,5,0,15,1,"T","F",0,0,"T","T","thevt101","dyere101","T","T",0,0,0,0,0,0,0,0,0,"","","",0,0,0,0,0,0,0,0,0,0,0,0,0,"harpg101","F","F","F","F",0,0,0,0,0,0,0,0,0,0,F,F,"1925PHI.EVN.regular.event.csv",3780
"PHI192508222","SLN",5,0,2,0,0,"",0,5,"thevt101","?","thevt101","?","carlh101","?","carlh101","?","henlb101","hawkc101","fribb101","hubec101","sandh101","harpg101","leacf101","willc103","","","","D9","F","F",6,8,21,"T","T",2,"F","F",0,"F","F",0,"F","F",9,"","F","F","",0,0,"N",0,"N",0,"N",2,0,0,0,"","","","","F","F","F","F","F","F","F","F","F","","","","F","F","F","F","F","","","","",0,0,0,0,0,0,0,0,0,41,"PHI","SLN","PHI",0,"F","F",0,5,0,16,2,"T","F",0,2,"T","T","dyere101","bladr102","T","T",0,0,0,0,0,0,0,0,0,"","","",0,0,0,0,0,0,0,0,0,0,0,0,0,"willc103","F","F","F","F",0,0,0,0,0,0,0,0,0,0,F,F,"1925PHI.EVN.regular.event.csv",3781
"PHI192508222","SLN",5,0,2,0,0,"",0,5,"dyere101","?","dyere101","?","carlh101","?","carlh101","?","henlb101","hawkc101","fribb101","hubec101","sandh101","harpg101","leacf101","willc103","","thevt101","","3/P","F","F",1,9,2,"T","T",0,"F","F",1,"F","F",0,"F","F",3,"P","F","F","",0,0,"N",0,"N",0,"N",0,0,2,0,"3","","","","F","F","F","F","F","F","F","F","F","","carlh101","","F","F","F","F","F","","","","",0,3,0,0,0,0,0,0,0,42,"PHI","SLN","PHI",0,"F","T",0,5,0,17,3,"T","F",2,2,"F","F","bladr102","shinr101","T","T",0,0,0,6,8,41,0,0,0,"","henlb101","",0,0,0,0,0,0,0,0,0,0,0,0,0,"hawkc101","F","F","F","F",0,0,0,0,0,0,0,0,0,0,F,F,"1925PHI.EVN.regular.event.csv",3782
"PHI192508222","SLN",5,1,0,0,0,"",0,5,"henlb101","?","henlb101","?","dyere101","?","dyere101","?","schmw102","bottj101","hornr101","belll101","thevt101","bladr102","shinr101","hafec101","","","","6/P","T","F",2,5,2,"T","T",0,"F","F",1,"F","F",0,"F","F",6,"P","F","F","",0,0,"N",0,"N",0,"N",0,0,0,0,"6","","","","F","F","F","F","F","F","F","F","F","","","","F","F","F","F","F","","","","",0,6,0,0,0,0,0,0,0,43,"PHI","PHI","SLN",1,"T","F",5,0,0,22,0,"T","F",0,0,"T","T","hawkc101","hubec101","F","F",0,0,0,0,0,0,0,0,0,"","","",0,0,0,0,0,0,0,0,0,0,0,0,0,"thevt101","F","F","F","F",0,0,0,0,0,0,0,0,0,0,F,F,"1925PHI.EVN.regular.event.csv",3783
"PHI192508222","SLN",5,1,1,0,0,"",0,5,"fonsl101","?","fonsl101","?","dyere101","?","dyere101","?","schmw102","bottj101","hornr101","belll101","thevt101","bladr102","shinr101","hafec101","","","","S5/G.B-2(E5/TH1)","F","T",11,6,20,"T","T",1,"F","F",0,"F","F",0,"F","F",5,"G","F","F","",1,5,"T",0,"N",0,"N",2,0,0,0,"","","","","F","F","F","F","F","F","F","F","F","","","","F","F","F","F","F","","","","hawkc101",3,0,0,0,0,0,0,0,0,44,"PHI","PHI","SLN",1,"F","F",5,0,0,23,1,"T","F",0,2,"F","F","hubec101","fribb101","F","F",0,0,0,0,0,0,0,0,0,"","","",0,0,0,0,0,0,0,0,0,0,0,0,0,"belll101","F","F","F","F",2,0,0,0,0,0,0,0,0,0,F,F,"1925PHI.EVN.regular.event.csv",3784
"PHI192508222","SLN",5,1,1,0,0,"",0,5,"hubec101","?","hubec101","?","dyere101","?","dyere101","?","schmw102","bottj101","hornr101","belll101","thevt101","bladr102","shinr101","hafec101","","fonsl101","","8/L","F","F",5,7,2,"T","T",0,"F","F",1,"F","F",0,"F","F",8,"L","F","F","",0,0,"N",0,"N",0,"N",0,0,2,0,"8","","","","F","F","F","F","F","F","F","F","F","","dyere101","","F","F","F","F","F","","","","",0,8,0,0,0,0,0,0,0,45,"PHI","PHI","SLN",1,"F","F",5,0,0,24,2,"T","F",2,2,"T","T","fribb101","carlh101","F","F",0,0,0,0,6,44,0,0,0,"","schmw102","",0,0,0,0,0,0,0,0,0,0,0,0,0,"shinr101","F","F","F","F",0,0,2,0,0,0,0,0,0,0,F,F,"1925PHI.EVN.regular.event.csv",3785
"PHI192508222","SLN",5,1,2,0,0,"",0,5,"fribb101","?","fribb101","?","dyere101","?","dyere101","?","schmw102","bottj101","hornr101","belll101","thevt101","bladr102","shinr101","hafec101","","fonsl101","","8/F","F","F",4,8,2,"T","T",0,"F","F",1,"F","F",0,"F","F",8,"F","F","F","",0,0,"N",0,"N",0,"N",0,0,2,0,"8","","","","F","F","F","F","F","F","F","F","F","","dyere101","","F","F","F","F","F","","","","",0,8,0,0,0,0,0,0,0,46,"PHI","PHI","SLN",1,"F","T",5,0,0,25,3,"T","F",2,2,"T","T","carlh101","sandh101","F","F",0,0,0,0,6,44,0,0,0,"","schmw102","",0,0,0,0,0,0,0,0,0,0,0,0,0,"shinr101","F","F","F","F",0,0,2,0,0,0,0,0,0,0,F,F,"1925PHI.EVN.regular.event.csv",3786
"PHI192508222","SLN",6,0,0,0,0,"",0,5,"bladr102","?","bladr102","?","carlh101","?","carlh101","?","henlb101","fonsl101","fribb101","hubec101","sandh101","harpg101","leacf101","willc103","","","","E8/L.B-2","T","F",7,1,18,"T","T",0,"F","F",0,"F","F",0,"F","F",8,"L","F","F","",1,8,"F",0,"N",0,"N",2,0,0,0,"","","","","F","F","F","F","F","F","F","F","F","","","","F","F","F","F","F","","","","",0,0,0,0,0,0,0,0,0,47,"PHI","SLN","PHI",0,"T","F",0,5,0,18,0,"T","F",0,2,"T","T","shinr101","hornr101","T","T",0,0,0,0,0,0,0,0,0,"","","",0,0,0,0,0,0,0,0,0,0,0,0,0,"leacf101","F","F","F","T",0,0,0,0,0,0,0,0,0,0,F,F,"1925PHI.EVN.regular.event.csv",3787
"PHI192508222","SLN",6,0,0,0,0,"",0,5,"shinr101","?","shinr101","?","carlh101","?","carlh101","?","henlb101","fonsl101","fribb101","hubec101","sandh101","harpg101","leacf101","willc103","","bladr102","","13","F","F",8,2,2,"T","T",0,"F","F",1,"F","F",0,"F","F",1,"G","F","F","",0,0,"N",0,"N",0,"N",0,0,2,0,"13","","","","F","F","F","F","F","F","F","F","F","","carlh101","","F","F","F","F","F","","","","",0,3,0,0,1,0,0,0,0,48,"PHI","SLN","PHI",0,"F","F",0,5,0,19,1,"T","F",2,2,"T","T","hornr101","bottj101","T","T",0,0,0,7,1,47,0,0,0,"","henlb101","",0,0,0,0,0,0,0,0,0,0,0,0,0,"carlh101","F","F","F","F",0,0,0,0,0,0,0,0,0,0,F,F,"1925PHI.EVN.regular.event.csv",3788
"PHI192508222","SLN",6,0,1,0,0,"",0,5,"hornr101","?","hornr101","?","carlh101","?","carlh101","?","henlb101","fonsl101","fribb101","hubec101","sandh101","harpg101","leacf101","willc103","","bladr102","","6/LDP.2X2(6)","F","F",4,3,2,"T","T",0,"F","F",2,"T","F",0,"F","F",6,"L","F","F","",0,0,"N",0,"N",0,"N",0,0,0,0,"6","","6","","F","F","F","F","F","F","F","F","F","","carlh101","","F","F","F","F","F","","","","",0,6,6,0,0,0,0,0,0,49,"PHI","SLN","PHI",0,"F","T",0,5,0,20,2,"T","F",2,0,"T","T","bottj101","hafec101","T","T",0,0,0,7,1,47,0,0,0,"","henlb101","",0,0,0,0,0,0,0,0,0,0,0,0,0,"sandh101","F","F","F","F",0,0,0,0,0,0,0,0,0,0,F,F,"1925PHI.EVN.regular.event.csv",3789
"PHI192508222","SLN",6,1,0,0,0,"",0,5,"carlh101","?","carlh101","?","dyere101","?","dyere101","?","schmw102","bottj101","hornr101","belll101","thevt101","bladr102","shinr101","hafec101","","","","8/L89XDW","T","F",1,9,2,"T","T",0,"F","F",1,"F","F",0,"F","F",8,"L","F","F","89XDW",0,0,"N",0,"N",0,"N",0,0,0,0,"8","","","","F","F","F","F","F","F","F","F","F","","","","F","F","F","F","F","","","","",0,8,0,0,0,0,0,0,0,50,"PHI","PHI","SLN",1,"T","F",5,0,0,26,0,"T","F",0,0,"T","T","sandh101","leacf101","F","F",0,0,0,0,0,0,0,0,0,"","","",0,0,0,0,0,0,0,0,0,0,0,0,0,"shinr101","F","F","F","F",0,0,0,0,0,0,0,0,0,0,F,F,"1925PHI.EVN.regular.event.csv",3790
"PHI192508222","SLN",6,1,1,0,0,"",0,5,"sandh101","?","sandh101","?","dyere101","?","dyere101","?","schmw102","bottj101","hornr101","belll101","thevt101","bladr102","shinr101","hafec101","","","","W","F","F",6,1,14,"T","F",0,"F","F",0,"F","F",0,"F","F",0,"","F","F","",0,0,"N",0,"N",0,"N",1,0,0,0,"","","","","F","F","F","F","F","F","F","F","F","","","","F","F","F","F","F","","","","",0,0,0,0,0,0,0,0,0,51,"PHI","PHI","SLN",1,"F","F",5,0,0,27,1,"T","F",0,1,"T","T","leacf101","willc103","F","F",0,0,0,0,0,0,0,0,0,"","","",0,0,0,0,0,0,0,0,0,0,0,0,0,"","F","F","F","F",0,0,0,0,0,0,0,0,0,0,F,F,"1925PHI.EVN.regular.event.csv",3791
"PHI192508222","SLN",6,1,1,0,0,"",0,5,"leacf101","?","leacf101","?","dyere101","?","dyere101","?","schmw102","bottj101","hornr101","belll101","thevt101","bladr102","shinr101","hafec101","sandh101","","","46(1)3/GDP","F","F",8,2,2,"T","T",0,"F","F",2,"T","F",0,"F","F",4,"G","F","F","",0,0,"N",0,"N",0,"N",0,0,0,0,"63","46","","","F","F","F","F","F","F","F","F","F","dyere101","","","F","F","F","F","F","","","","",0,6,3,0,4,6,0,0,0,52,"PHI","PHI","SLN",1,"F","T",5,0,0,28,2,"T","F",1,0,"T","T","willc103","harpg101","F","F",6,1,51,0,0,0,0,0,0,"schmw102","","",0,0,0,0,0,0,0,0,0,0,0,0,0,"hornr101","T","F","F","F",0,0,0,0,0,0,0,0,0,0,F,F,"1925PHI.EVN.regular.event.csv",3792
"PHI192508222","SLN",7,0,0,0,0,"",0,5,"bottj101","?","bottj101","?","carlh101","?","carlh101","?","henlb101","fonsl101","fribb101","hubec101","sandh101","harpg101","leacf101","willc103","","","","6/L","T","F",3,4,2,"T","T",0,"F","F",1,"F","F",0,"F","F",6,"L","F","F","",0,0,"N",0,"N",0,"N",0,0,0,0,"6","","","","F","F","F","F","F","F","F","F","F","","","","F","F","F","F","F","","","","",0,6,0,0,0,0,0,0,0,53,"PHI","SLN","PHI",0,"T","F",0,5,0,21,0,"T","F",0,0,"T","T","hafec101","belll101","T","T",0,0,0,0,0,0,0,0,0,"","","",0,0,0,0,0,0,0,0,0,0,0,0,0,"sandh101","F","F","F","F",0,0,0,0,0,0,0,0,0,0,F,F,"1925PHI.EVN.regular.event.csv",3793
"PHI192508222","SLN",7,0,1,0,0,"",0,5,"hafec101","?","hafec101","?","carlh101","?","carlh101","?","henlb101","fonsl101","fribb101","hubec101","sandh101","harpg101","leacf101","willc103","","","","8/F","F","F",9,5,2,"T","T",0,"F","F",1,"F","F",0,"F","F",8,"F","F","F","",0,0,"N",0,"N",0,"N",0,0,0,0,"8","","","","F","F","F","F","F","F","F","F","F","","","","F","F","F","F","F","","","","",0,8,0,0,0,0,0,0,0,54,"PHI","SLN","PHI",0,"F","F",0,5,0,22,1,"T","F",0,0,"T","T","belll101","schmw102","T","T",0,0,0,0,0,0,0,0,0,"","","",0,0,0,0,0,0,0,0,0,0,0,0,0,"leacf101","F","F","F","F",0,0,0,0,0,0,0,0,0,0,F,F,"1925PHI.EVN.regular.event.csv",3794
"PHI192508222","SLN",7,0,2,0,0,"",0,5,"belll101","?","belll101","?","carlh101","?","carlh101","?","henlb101","fonsl101","fribb101","hubec101","sandh101","harpg101","leacf101","willc103","","","","53","F","F",5,6,2,"T","T",0,"F","F",1,"F","F",0,"F","F",5,"G","F","F","",0,0,"N",0,"N",0,"N",0,0,0,0,"53","","","","F","F","F","F","F","F","F","F","F","","","","F","F","F","F","F","","","","",0,3,0,0,5,0,0,0,0,55,"PHI","SLN","PHI",0,"F","T",0,5,0,23,2,"T","F",0,0,"T","T","schmw102","thevt101","T","T",0,0,0,0,0,0,0,0,0,"","","",0,0,0,0,0,0,0,0,0,0,0,0,0,"hubec101","F","F","F","F",0,0,0,0,0,0,0,0,0,0,F,F,"1925PHI.EVN.regular.event.csv",3795
"PHI192508222","SLN",7,1,0,0,0,"",0,5,"willc103","?","willc103","?","dyere101","?","dyere101","?","schmw102","bottj101","hornr101","belll101","thevt101","bladr102","shinr101","hafec101","","","","99","T","F",9,3,2,"T","T",0,"F","F",1,"F","F",0,"F","F",0,"G","F","F","",0,0,"N",0,"N",0,"N",0,0,0,0,"99","","","","F","F","F","F","F","F","F","F","F","","","","F","F","F","F","F","","","","",0,0,0,0,0,0,0,0,0,56,"PHI","PHI","SLN",1,"T","F",5,0,0,29,0,"T","F",0,0,"T","T","harpg101","henlb101","F","F",0,0,0,0,0,0,0,0,0,"","","",0,0,0,0,0,0,0,0,0,0,0,0,0,"","F","F","F","F",0,0,0,0,0,0,0,0,0,0,T,F,"1925PHI.EVN.regular.event.csv",3796
"PHI192508222","SLN",7,1,1,0,0,"",0,5,"harpg101","?","harpg101","?","dyere101","?","dyere101","?","schmw102","bottj101","hornr101","belll101","thevt101","bladr102","shinr101","hafec101","","","","W","F","F",7,4,14,"T","F",0,"F","F",0,"F","F",0,"F","F",0,"","F","F","",0,0,"N",0,"N",0,"N",1,0,0,0,"","","","","F","F","F","F","F","F","F","F","F","","","","F","F","F","F","F","","","","",0,0,0,0,0,0,0,0,0,57,"PHI","PHI","SLN",1,"F","F",5,0,0,30,1,"T","F",0,1,"T","T","henlb101","fonsl101","F","F",0,0,0,0,0,0,0,0,0,"","","",0,0,0,0,0,0,0,0,0,0,0,0,0,"","F","F","F","F",3,0,0,0,0,0,0,0,0,0,F,F,"1925PHI.EVN.regular.event.csv",3797
"PHI192508222","SLN",7,1,1,0,0,"",0,5,"henlb101","?","henlb101","?","dyere101","?","dyere101","?","schmw102","bottj101","hornr101","belll101","thevt101","bladr102","shinr101","hafec101","harpg101","","","99","F","F",2,5,2,"T","T",0,"F","F",1,"F","F",0,"F","F",0,"G","F","F","",0,0,"N",0,"N",0,"N",0,1,0,0,"99","","","","F","F","F","F","F","F","F","F","F","dyere101","","","F","F","F","F","F","","","","",0,0,0,0,0,0,0,0,0,58,"PHI","PHI","SLN",1,"F","F",5,0,0,31,2,"T","F",1,1,"T","T","fonsl101","hubec101","F","F",7,4,57,0,0,0,0,0,0,"schmw102","","",0,0,0,0,0,0,0,0,0,0,0,0,0,"","F","F","F","F",0,3,0,0,0,0,0,0,0,0,T,F,"1925PHI.EVN.regular.event.csv",3798
"PHI192508222","SLN",7,1,2,0,0,"",0,5,"fonsl101","?","fonsl101","?","dyere101","?","dyere101","?","schmw102","bottj101","hornr101","belll101","thevt101","bladr102","shinr101","hafec101","harpg101","","","E5.1-2","F","F",3,6,18,"T","T",0,"F","F",0,"F","F",0,"F","F",5,"G","F","F","",1,5,"F",0,"N",0,"N",1,2,0,0,"","","","","F","F","F","F","F","F","F","F","F","dyere101","","","F","F","F","F","F","","","","",0,0,0,0,0,0,0,0,0,59,"PHI","PHI","SLN",1,"F","F",5,0,0,32,3,"T","F",1,3,"F","F","hubec101","fribb101","F","F",7,4,57,0,0,0,0,0,0,"schmw102","","",0,0,0,0,0,0,0,0,0,0,0,0,0,"belll101","F","F","F","T",2,3,0,0,0,0,0,0,0,0,F,F,"1925PHI.EVN.regular.event.csv",3799
"PHI192508222","SLN",7,1,2,0,0,"",0,5,"hubec101","?","hubec101","?","dyere101","?","dyere101","?","schmw102","bottj101","hornr101","belll101","thevt101","bladr102","shinr101","hafec101","fonsl101","harpg101","","SB3;SB2","F","F",5,7,4,"F","F",0,"F","F",0,"F","F",0,"F","F",0,"","F","F","",0,0,"N",0,"N",0,"N",0,2,3,0,"","","","","T","T","F","F","F","F","F","F","F","dyere101","dyere101","","F","F","F","F","F","","","","",0,0,0,0,0,0,0,0,0,60,"PHI","PHI","SLN",1,"F","F",5,0,0,33,4,"T","F",3,6,"T","T","fribb101","carlh101","F","F",3,6,59,7,4,57,0,0,0,"schmw102","schmw102","",0,0,0,0,0,0,0,0,0,0,0,0,0,"","F","F","F","F",0,2,3,0,0,0,0,0,0,0,F,F,"1925PHI.EVN.regular.event.csv",3800
"PHI192508222","SLN",7,1,2,0,0,"",0,5,"hubec101","?","hubec101","?","dyere101","?","dyere101","?","schmw102","bottj101","hornr101","belll101","thevt101","bladr102","shinr101","hafec101","","fonsl101","harpg101","99","F","F",5,7,2,"T","T",0,"F","F",1,"F","F",0,"F","F",0,"G","F","F","",0,0,"N",0,"N",0,"N",0,0,2,3,"99","","","","F","F","F","F","F","F","F","F","F","","dyere101","dyere101","F","F","F","F","F","","","","",0,0,0,0,0,0,0,0,0,61,"PHI","PHI","SLN",1,"F","T",5,0,0,33,4,"F","F",6,6,"T","T","fribb101","carlh101","F","F",0,0,0,3,6,59,7,4,57,"","schmw102","schmw102",0,0,0,0,0,0,0,0,0,0,0,0,0,"","F","F","F","F",0,0,2,3,0,0,0,0,0,0,T,F,"1925PHI.EVN.regular.event.csv",3801
"PHI192508222","SLN",8,0,0,0,0,"",0,5,"smitj106","?","smitj106","?","carlh101","?","carlh101","?","henlb101","fonsl101","fribb101","hubec101","sandh101","harpg101","leacf101","willc103","","","","S","T","T",11,7,20,"T","T",1,"F","F",0,"F","F",0,"F","F",0,"","F","F","",0,0,"N",0,"N",0,"N",1,0,0,0,"","","","","F","F","F","F","F","F","F","F","F","","","","F","F","F","F","F","","","","schmw102",2,0,0,0,0,0,0,0,0,62,"PHI","SLN","PHI",0,"T","F",0,5,0,24,0,"T","F",0,1,"F","F","thevt101","dyere101","T","T",0,0,0,0,0,0,0,0,0,"","","",0,0,0,0,0,0,0,0,0,0,0,0,0,"","F","F","F","F",2,0,0,0,0,0,0,0,0,0,F,F,"1925PHI.EVN.regular.event.csv",3802
"PHI192508222","SLN",8,0,0,0,0,"",0,5,"topos101","?","topos101","?","carlh101","?","carlh101","?","henlb101","fonsl101","fribb101","hubec101","sandh101","harpg101","leacf101","willc103","smitj106","","","W.1-2","F","T",11,8,14,"T","F",0,"F","F",0,"F","F",0,"F","F",0,"","F","F","",0,0,"N",0,"N",0,"N",1,2,0,0,"","","","","F","F","F","F","F","F","F","F","F","carlh101","","","F","F","F","F","F","","","","thevt101",6,0,0,0,0,0,0,0,0,63,"PHI","SLN","PHI",0,"F","F",0,5,0,25,1,"T","F",1,3,"F","F","dyere101","bladr102","T","T",11,7,62,0,0,0,0,0,0,"henlb101","","",0,0,0,0,0,0,0,0,0,0,0,0,0,"","F","F","F","F",0,2,0,0,0,0,0,0,0,0,F,F,"1925PHI.EVN.regular.event.csv",3803
"PHI192508222","SLN",8,0,0,0,0,"",0,5,"flacm101","?","flacm101","?","carlh101","?","carlh101","?","henlb101","fonsl101","fribb101","hubec101","sandh101","harpg101","leacf101","willc103","topos101","smitj106","","9/F9S","F","T",11,9,2,"T","T",0,"F","F",1,"F","F",0,"F","F",9,"F","F","F","9S",0,0,"N",0,"N",0,"N",0,1,2,0,"9","","","","F","F","F","F","F","F","F","F","F","carlh101","carlh101","","F","F","F","F","F","","","","dyere101",1,9,0,0,0,0,0,0,0,64,"PHI","SLN","PHI",0,"F","F",0,5,0,26,2,"T","F",3,3,"F","F","bladr102","shinr101","T","T",11,8,63,11,7,62,0,0,0,"henlb101","henlb101","",0,0,0,0,0,0,0,0,0,0,0,0,0,"willc103","F","F","F","F",0,0,2,0,0,0,0,0,0,0,F,F,"1925PHI.EVN.regular.event.csv",3804
"PHI192508222","SLN",8,0,1,0,0,"",0,5,"bladr102","?","bladr102","?","carlh101","?","carlh101","?","henlb101","fonsl101","fribb101","hubec101","sandh101","harpg101","leacf101","willc103","topos101","smitj106","","64(1)3/GDP","F","F",7,1,2,"T","T",0,"F","F",2,"T","F",0,"F","F",6,"G","F","F","",0,0,"N",0,"N",0,"N",0,0,2,0,"43","64","","","F","F","F","F","F","F","F","F","F","carlh101","carlh101","","F","F","F","F","F","","","","",0,4,3,0,6,4,0,0,0,65,"PHI","SLN","PHI",0,"F","T",0,5,0,27,3,"T","F",3,2,"T","T","shinr101","hornr101","T","T",0,8,63,0,7,62,0,0,0,"henlb101","henlb101","",0,0,0,0,0,0,0,0,0,0,0,0,0,"sandh101","T","F","F","F",0,0,2,0,0,0,0,0,0,0,F,F,"1925PHI.EVN.regular.event.csv",3805
"PHI192508222","SLN",8,1,0,0,0,"",0,5,"fribb101","?","fribb101","?","rhemf101","?","rhemf101","?","ofarb101","bottj101","hornr101","belll101","topos101","bladr102","shinr101","hafec101","","","","99","T","F",4,8,2,"T","T",0,"F","F",1,"F","F",0,"F","F",0,"G","F","F","",0,0,"N",0,"N",0,"N",0,0,0,0,"99","","","","F","F","F","F","F","F","F","F","F","","","","F","F","F","F","F","","","","",0,0,0,0,0,0,0,0,0,66,"PHI","PHI","SLN",1,"T","F",5,0,0,34,0,"T","F",0,0,"T","T","carlh101","sandh101","F","F",0,0,0,0,0,0,0,0,0,"","","",0,0,0,0,0,0,0,0,0,0,0,0,0,"","F","F","F","F",0,0,0,0,0,0,0,0,0,0,T,F,"1925PHI.EVN.regular.event.csv",3806
"PHI192508222","SLN",8,1,1,0,0,"",0,5,"carlh101","?","carlh101","?","rhemf101","?","rhemf101","?","ofarb101","bottj101","hornr101","belll101","topos101","bladr102","shinr101","hafec101","","","","99","F","F",1,9,2,"T","T",0,"F","F",1,"F","F",0,"F","F",0,"G","F","F","",0,0,"N",0,"N",0,"N",0,0,0,0,"99","","","","F","F","F","F","F","F","F","F","F","","","","F","F","F","F","F","","","","",0,0,0,0,0,0,0,0,0,67,"PHI","PHI","SLN",1,"F","F",5,0,0,35,1,"T","F",0,0,"T","T","sandh101","leacf101","F","F",0,0,0,0,0,0,0,0,0,"","","",0,0,0,0,0,0,0,0,0,0,0,0,0,"","F","F","F","F",0,0,0,0,0,0,0,0,0,0,T,F,"1925PHI.EVN.regular.event.csv",3807
"PHI192508222","SLN",8,1,2,0,0,"",0,5,"sandh101","?","sandh101","?","rhemf101","?","rhemf101","?","ofarb101","bottj101","hornr101","belll101","topos101","bladr102","shinr101","hafec101","","","","99","F","F",6,1,2,"T","T",0,"F","F",1,"F","F",0,"F","F",0,"G","F","F","",0,0,"N",0,"N",0,"N",0,0,0,0,"99","","","","F","F","F","F","F","F","F","F","F","","","","F","F","F","F","F","","","","",0,0,0,0,0,0,0,0,0,68,"PHI","PHI","SLN",1,"F","T",5,0,0,36,2,"T","F",0,0,"T","T","leacf101","willc103","F","F",0,0,0,0,0,0,0,0,0,"","","",0,0,0,0,0,0,0,0,0,0,0,0,0,"","F","F","F","F",0,0,0,0,0,0,0,0,0,0,T,F,"1925PHI.EVN.regular.event.csv",3808
"PHI192508222","SLN",9,0,0,0,0,"",0,5,"shinr101","?","shinr101","?","carlh101","?","carlh101","?","henlb101","fonsl101","fribb101","hubec101","sandh101","harpg101","leacf101","willc103","","","","S7","T","F",8,2,20,"T","T",1,"F","F",0,"F","F",0,"F","F",7,"","F","F","",0,0,"N",0,"N",0,"N",1,0,0,0,"","","","","F","F","F","F","F","F","F","F","F","","","","F","F","F","F","F","","","","",0,0,0,0,0,0,0,0,0,69,"PHI","SLN","PHI",0,"T","F",0,5,0,28,0,"T","F",0,1,"T","T","hornr101","bottj101","T","T",0,0,0,0,0,0,0,0,0,"","","",0,0,0,0,0,0,0,0,0,0,0,0,0,"harpg101","F","F","F","F",0,0,0,0,0,0,0,0,0,0,F,F,"1925PHI.EVN.regular.event.csv",3809
"PHI192508222","SLN",9,0,0,0,0,"",0,5,"hornr101","?","hornr101","?","carlh101","?","carlh101","?","henlb101","fonsl101","fribb101","hubec101","sandh101","harpg101","leacf101","willc103","shinr101","","","W.1-2","F","F",4,3,14,"T","F",0,"F","F",0,"F","F",0,"F","F",0,"","F","F","",0,0,"N",0,"N",0,"N",1,2,0,0,"","","","","F","F","F","F","F","F","F","F","F","carlh101","","","F","F","F","F","F","","","","",0,0,0,0,0,0,0,0,0,70,"PHI","SLN","PHI",0,"F","F",0,5,0,29,1,"T","F",1,3,"T","T","bottj101","hafec101","T","T",8,2,69,0,0,0,0,0,0,"henlb101","","",0,0,0,0,0,0,0,0,0,0,0,0,0,"","F","F","F","F",3,0,0,0,0,0,0,0,0,0,F,F,"1925PHI.EVN.regular.event.csv",3810
"PHI192508222","SLN",9,0,0,0,0,"",0,5,"bottj101","?","bottj101","?","carlh101","?","carlh101","?","henlb101","fonsl101","fribb101","hubec101","sandh101","harpg101","leacf101","willc103","hornr101","shinr101","","5(2)/FO.1-2","F","F",3,4,2,"T","T",0,"F","F",1,"F","F",0,"F","F",5,"G","F","F","",0,0,"N",0,"N",0,"N",1,2,0,0,"","","5","","F","F","F","F","F","F","F","F","F","carlh101","carlh101","","F","F","F","F","F","","","","",0,5,0,0,0,0,0,0,0,71,"PHI","SLN","PHI",0,"F","F",0,5,0,30,2,"T","F",3,3,"T","T","hafec101","belll101","T","T",4,3,70,8,2,69,0,0,0,"henlb101","henlb101","",0,0,0,0,0,0,0,0,0,0,0,0,0,"hubec101","F","T","F","F",2,3,0,0,0,0,0,0,0,0,F,F,"1925PHI.EVN.regular.event.csv",3811
"PHI192508222","SLN",9,0,1,0,0,"",0,5,"hafec101","?","hafec101","?","carlh101","?","carlh101","?","henlb101","fonsl101","fribb101","hubec101","sandh101","harpg101","leacf101","willc103","bottj101","hornr101","","3/G.2-3;1-2","F","F",9,5,2,"T","T",0,"F","F",1,"F","F",0,"F","F",3,"G","F","F","",0,0,"N",0,"N",0,"N",0,2,3,0,"3","","","","F","F","F","F","F","F","F","F","F","carlh101","carlh101","","F","F","F","F","F","","","","",0,3,0,0,0,0,0,0,0,72,"PHI","SLN","PHI",0,"F","F",0,5,0,31,3,"T","F",3,6,"T","T","belll101","ofarb101","T","T",3,4,71,4,3,70,0,0,0,"henlb101","henlb101","",0,0,0,0,0,0,0,0,0,0,0,0,0,"fonsl101","F","F","F","F",0,2,3,0,0,0,0,0,0,0,F,F,"1925PHI.EVN.regular.event.csv",3812
"PHI192508222","SLN",9,0,2,0,0,"",0,5,"belll101","?","belll101","?","carlh101","?","carlh101","?","henlb101","fonsl101","fribb101","hubec101","sandh101","harpg101","leacf101","willc103","","bottj101","hornr101","31","F","F",5,6,2,"T","T",0,"F","F",1,"F","F",0,"F","F",3,"G","F","F","",0,0,"N",0,"N",0,"N",0,0,2,3,"31","","","","F","F","F","F","F","F","F","F","F","","carlh101","carlh101","F","T","F","F","F","","","","",0,1,0,0,3,0,0,0,0,73,"PHI","SLN","PHI",0,"F","T",0,5,0,32,4,"T","F",6,6,"T","T","ofarb101","topos101","T","T",0,0,0,3,4,71,4,3,70,"","henlb101","henlb101",0,0,0,0,0,0,0,0,0,0,0,0,0,"fonsl101","F","F","F","F",0,0,2,3,0,0,0,0,0,0,F,F,"1925PHI.EVN.regular.event.csv",3813
"PHI192508241","SLN",1,0,0,0,0,"",0,0,"bladr102","?","bladr102","?","pierr101","?","pierr101","?","henlb101","hawkc101","fribb101","hubec101","sandh101","harpg101","leacf101","willc103","","","","S/G5S","T","F",7,1,20,"T","T",1,"F","F",0,"F","F",0,"F","F",0,"G","F","F","5S",0,0,"N",0,"N",0,"N",1,0,0,0,"","","","","F","F","F","F","F","F","F","F","F","","","","T","F","F","F","F","","","","",0,0,0,0,0,0,0,0,0,1,"PHI","SLN","PHI",0,"T","F",0,0,0,0,0,"T","F",0,1,"T","T","shinr101","hornr101","T","T",0,0,0,0,0,0,0,0,0,"","","",0,0,0,0,0,0,0,0,0,0,0,0,0,"","F","F","F","F",0,0,0,0,0,0,0,0,0,0,F,F,"1925PHI.EVN.regular.event.csv",3814
"PHI192508241","SLN",1,0,0,0,0,"",0,0,"shinr101","?","shinr101","?","pierr101","?","pierr101","?","henlb101","hawkc101","fribb101","hubec101","sandh101","harpg101","leacf101","willc103","bladr102","","","64(1)3/GDP","F","F",8,2,2,"T","T",0,"F","F",2,"T","F",0,"F","F",6,"G","F","F","",0,0,"N",0,"N",0,"N",0,0,0,0,"43","64","","","F","F","F","F","F","F","F","F","F","pierr101","","","F","F","F","F","F","","","","",0,4,3,0,6,4,0,0,0,2,"PHI","SLN","PHI",0,"F","F",0,0,0,1,1,"T","F",1,0,"T","T","hornr101","bottj101","T","T",7,1,1,0,0,0,0,0,0,"henlb101","","",0,0,0,0,0,0,0,0,0,0,0,0,0,"sandh101","T","F","F","F",0,0,0,0,0,0,0,0,0,0,F,F,"1925PHI.EVN.regular.event.csv",3815
"PHI192508241","SLN",1,0,2,0,0,"",0,0,"hornr101","?","hornr101","?","pierr101","?","pierr101","?","henlb101","hawkc101","fribb101","hubec101","sandh101","harpg101","leacf101","willc103","","","","63","F","F",4,3,2,"T","T",0,"F","F",1,"F","F",0,"F","F",6,"G","F","F","",0,0,"N",0,"N",0,"N",0,0,0,0,"63","","","","F","F","F","F","F","F","F","F","F","","","","F","F","F","F","F","","","","",0,3,0,0,6,0,0,0,0,3,"PHI","SLN","PHI",0,"F","T",0,0,0,2,2,"T","F",0,0,"T","T","bottj101","hafec101","T","T",0,0,0,0,0,0,0,0,0,"","","",0,0,0,0,0,0,0,0,0,0,0,0,0,"sandh101","F","F","F","F",0,0,0,0,0,0,0,0,0,0,F,F,"1925PHI.EVN.regular.event.csv",3816
"PHI192508241","SLN",1,1,0,0,0,"",0,0,"sandh101","?","sandh101","?","hainj101","?","hainj101","?","ofarb101","bottj101","hornr101","belll101","thevt101","bladr102","shinr101","hafec101","","","","K/C","T","F",6,1,3,"T","T",0,"F","F",1,"F","F",0,"F","F",0,"","F","F","",0,0,"N",0,"N",0,"N",0,0,0,0,"2","","","","F","F","F","F","F","F","F","F","F","","","","F","F","F","F","F","","","","",0,2,0,0,0,0,0,0,0,4,"PHI","PHI","SLN",1,"T","F",0,0,0,0,0,"T","F",0,0,"T","T","leacf101","willc103","T","T",0,0,0,0,0,0,0,0,0,"","","",0,0,0,0,0,0,0,0,0,0,0,0,0,"","F","F","F","F",0,0,0,0,0,0,0,0,0,0,F,F,"1925PHI.EVN.regular.event.csv",3817
"PHI192508241","SLN",1,1,1,0,0,"",0,0,"leacf101","?","leacf101","?","hainj101","?","hainj101","?","ofarb101","bottj101","hornr101","belll101","thevt101","bladr102","shinr101","hafec101","","","","43","F","F",8,2,2,"T","T",0,"F","F",1,"F","F",0,"F","F",4,"G","F","F","",0,0,"N",0,"N",0,"N",0,0,0,0,"43","","","","F","F","F","F","F","F","F","F","F","","","","F","F","F","F","F","","","","",0,3,0,0,4,0,0,0,0,5,"PHI","PHI","SLN",1,"F","F",0,0,0,1,1,"T","F",0,0,"T","T","willc103","harpg101","T","T",0,0,0,0,0,0,0,0,0,"","","",0,0,0,0,0,0,0,0,0,0,0,0,0,"hornr101","F","F","F","F",0,0,0,0,0,0,0,0,0,0,F,F,"1925PHI.EVN.regular.event.csv",3818
"PHI192508241","SLN",1,1,2,0,0,"",0,0,"willc103","?","willc103","?","hainj101","?","hainj101","?","ofarb101","bottj101","hornr101","belll101","thevt101","bladr102","shinr101","hafec101","","","","D7","F","F",9,3,21,"T","T",2,"F","F",0,"F","F",0,"F","F",7,"","F","F","",0,0,"N",0,"N",0,"N",2,0,0,0,"","","","","F","F","F","F","F","F","F","F","F","","","","F","F","F","F","F","","","","",0,0,0,0,0,0,0,0,0,6,"PHI","PHI","SLN",1,"F","F",0,0,0,2,2,"T","F",0,2,"T","T","harpg101","henlb101","T","T",0,0,0,0,0,0,0,0,0,"","","",0,0,0,0,0,0,0,0,0,0,0,0,0,"bladr102","F","F","F","F",0,0,0,0,0,0,0,0,0,0,F,F,"1925PHI.EVN.regular.event.csv",3819
"PHI192508241","SLN",1,1,2,0,0,"",0,0,"harpg101","?","harpg101","?","hainj101","?","hainj101","?","ofarb101","bottj101","hornr101","belll101","thevt101","bladr102","shinr101","hafec101","","willc103","","9/F","F","F",7,4,2,"T","T",0,"F","F",1,"F","F",0,"F","F",9,"F","F","F","",0,0,"N",0,"N",0,"N",0,0,2,0,"9","","","","F","F","F","F","F","F","F","F","F","","hainj101","","F","F","F","F","F","","","","",0,9,0,0,0,0,0,0,0,7,"PHI","PHI","SLN",1,"F","T",0,0,0,3,3,"T","F",2,2,"T","T","henlb101","hawkc101","T","T",0,0,0,9,3,6,0,0,0,"","ofarb101","",0,0,0,0,0,0,0,0,0,0,0,0,0,"hafec101","F","F","F","F",0,0,0,0,0,0,0,0,0,0,F,F,"1925PHI.EVN.regular.event.csv",3820
"PHI192508241","SLN",2,0,0,0,0,"",0,0,"bottj101","?","bottj101","?","pierr101","?","pierr101","?","henlb101","hawkc101","fribb101","hubec101","sandh101","harpg101","leacf101","willc103","","","","S8","T","F",3,4,20,"T","T",1,"F","F",0,"F","F",0,"F","F",8,"","F","F","",0,0,"N",0,"N",0,"N",1,0,0,0,"","","","","F","F","F","F","F","F","F","F","F","","","","F","F","F","F","F","","","","",0,0,0,0,0,0,0,0,0,8,"PHI","SLN","PHI",0,"T","F",0,0,0,3,0,"T","F",0,1,"T","T","hafec101","belll101","T","T",0,0,0,0,0,0,0,0,0,"","","",0,0,0,0,0,0,0,0,0,0,0,0,0,"leacf101","F","F","F","F",4,0,0,0,1,0,0,0,0,0,F,F,"1925PHI.EVN.regular.event.csv",3821
"PHI192508241","SLN",2,0,0,0,0,"",0,0,"hafec101","?","hafec101","?","pierr101","?","pierr101","?","henlb101","hawkc101","fribb101","hubec101","sandh101","harpg101","leacf101","willc103","bottj101","","","S3/G3L.1-2","F","F",9,5,20,"T","T",1,"F","F",0,"F","F",0,"F","F",3,"G","F","F","3L",0,0,"N",0,"N",0,"N",1,2,0,0,"","","","","F","F","F","F","F","F","F","F","F","pierr101","","","F","F","F","F","F","","","","",0,0,0,0,0,0,0,0,0,9,"PHI","SLN","PHI",0,"F","F",0,0,0,4,1,"T","F",1,3,"T","T","belll101","ofarb101","T","T",3,4,8,0,0,0,0,0,0,"henlb101","","",0,0,0,0,0,0,0,0,0,0,0,0,0,"hawkc101","F","F","F","F",0,4,0,0,1,0,0,0,0,0,F,F,"1925PHI.EVN.regular.event.csv",3822
"PHI192508241","SLN",2,0,0,0,0,"",0,0,"belll101","?","belll101","?","pierr101","?","pierr101","?","henlb101","hawkc101","fribb101","hubec101","sandh101","harpg101","leacf101","willc103","hafec101","bottj101","","9/F.2-3","F","F",5,6,2,"T","T",0,"F","F",1,"F","F",0,"F","F",9,"F","F","F","",0,0,"N",0,"N",0,"N",0,1,3,0,"9","","","","F","F","F","F","F","F","F","F","F","pierr101","pierr101","","F","F","F","F","F","","","","",0,9,0,0,0,0,0,0,0,10,"PHI","SLN","PHI",0,"F","F",0,0,0,5,2,"T","F",3,5,"T","T","ofarb101","thevt101","T","T",9,5,9,3,4,8,0,0,0,"henlb101","henlb101","",0,0,0,0,0,0,0,0,0,0,0,0,0,"willc103","F","F","F","F",0,0,4,0,1,0,0,0,0,0,F,F,"1925PHI.EVN.regular.event.csv",3823
"PHI192508241","SLN",2,0,1,0,0,"",0,0,"ofarb101","?","ofarb101","?","pierr101","?","pierr101","?","henlb101","hawkc101","fribb101","hubec101","sandh101","harpg101","leacf101","willc103","hafec101","","bottj101","S7.3-H;1-2","F","F",2,7,20,"T","T",1,"F","F",0,"F","F",1,"F","F",7,"","F","F","",0,0,"N",0,"N",0,"N",1,2,0,4,"","","","","F","F","F","F","F","F","F","F","F","pierr101","","pierr101","F","F","F","F","F","","","","",0,0,0,0,0,0,0,0,0,11,"PHI","SLN","PHI",0,"F","F",0,0,0,6,3,"T","F",5,3,"T","T","thevt101","hainj101","T","T",9,5,9,0,0,0,3,4,8,"henlb101","","henlb101",0,0,0,0,0,0,0,0,0,0,0,0,1,"harpg101","F","F","F","F",0,0,0,4,0,0,0,0,0,0,F,F,"1925PHI.EVN.regular.event.csv",3824
"PHI192508241","SLN",2,0,1,0,0,"",1,0,"thevt101","?","thevt101","?","pierr101","?","pierr101","?","henlb101","hawkc101","fribb101","hubec101","sandh101","harpg101","leacf101","willc103","ofarb101","hafec101","","3/G.2-3;1-2","F","F",6,8,2,"T","T",0,"F","F",1,"F","F",0,"F","F",3,"G","F","F","",0,0,"N",0,"N",0,"N",0,2,3,0,"3","","","","F","F","F","F","F","F","F","F","F","pierr101","pierr101","","F","F","F","F","F","","","","",0,3,0,0,0,0,0,0,0,12,"PHI","SLN","PHI",0,"F","F",1,0,1,7,4,"T","F",3,6,"T","T","hainj101","bladr102","T","T",2,7,11,9,5,9,0,0,0,"henlb101","henlb101","",0,0,0,0,0,0,0,0,0,0,0,0,0,"hawkc101","F","F","F","F",0,0,0,0,0,0,0,0,0,0,F,F,"1925PHI.EVN.regular.event.csv",3825
"PHI192508241","SLN",2,0,2,0,0,"",1,0,"hainj101","?","hainj101","?","pierr101","?","pierr101","?","henlb101","hawkc101","fribb101","hubec101","sandh101","harpg101","leacf101","willc103","","ofarb101","hafec101","43","F","F",1,9,2,"T","T",0,"F","F",1,"F","F",0,"F","F",4,"G","F","F","",0,0,"N",0,"N",0,"N",0,0,2,3,"43","","","","F","F","F","F","F","F","F","F","F","","pierr101","pierr101","F","F","F","F","F","","","","",0,3,0,0,4,0,0,0,0,13,"PHI","SLN","PHI",0,"F","T",1,0,1,8,5,"T","F",6,6,"T","T","bladr102","shinr101","T","T",0,0,0,2,7,11,9,5,9,"","henlb101","henlb101",0,0,0,0,0,0,0,0,0,0,0,0,0,"fribb101","F","F","F","F",0,0,0,0,0,0,0,0,0,0,F,F,"1925PHI.EVN.regular.event.csv",3826
"PHI192508241","SLN",2,1,0,0,0,"",1,0,"henlb101","?","henlb101","?","hainj101","?","hainj101","?","ofarb101","bottj101","hornr101","belll101","thevt101","bladr102","shinr101","hafec101","","","","8/F","T","F",2,5,2,"T","T",0,"F","F",1,"F","F",0,"F","F",8,"F","F","F","",0,0,"N",0,"N",0,"N",0,0,0,0,"8","","","","F","F","F","F","F","F","F","F","F","","","","F","F","F","F","F","","","","",0,8,0,0,0,0,0,0,0,14,"PHI","PHI","SLN",1,"T","F",0,1,0,4,0,"T","F",0,0,"T","T","hawkc101","hubec101","T","T",0,0,0,0,0,0,0,0,0,"","","",0,0,0,0,0,0,0,0,0,0,0,0,0,"shinr101","F","F","F","F",0,0,0,0,0,0,0,0,0,0,F,F,"1925PHI.EVN.regular.event.csv",3827
"PHI192508241","SLN",2,1,1,0,0,"",1,0,"hawkc101","?","hawkc101","?","hainj101","?","hainj101","?","ofarb101","bottj101","hornr101","belll101","thevt101","bladr102","shinr101","hafec101","","","","8/F","F","F",3,6,2,"T","T",0,"F","F",1,"F","F",0,"F","F",8,"F","F","F","",0,0,"N",0,"N",0,"N",0,0,0,0,"8","","","","F","F","F","F","F","F","F","F","F","","","","F","F","F","F","F","","","","",0,8,0,0,0,0,0,0,0,15,"PHI","PHI","SLN",1,"F","F",0,1,0,5,1,"T","F",0,0,"T","T","hubec101","fribb101","T","T",0,0,0,0,0,0,0,0,0,"","","",0,0,0,0,0,0,0,0,0,0,0,0,0,"shinr101","F","F","F","F",0,0,0,0,0,0,0,0,0,0,F,F,"1925PHI.EVN.regular.event.csv",3828
"PHI192508241","SLN",2,1,2,0,0,"",1,0,"hubec101","?","hubec101","?","hainj101","?","hainj101","?","ofarb101","bottj101","hornr101","belll101","thevt101","bladr102","shinr101","hafec101","","","","K/C","F","F",5,7,3,"T","T",0,"F","F",1,"F","F",0,"F","F",0,"","F","F","",0,0,"N",0,"N",0,"N",0,0,0,0,"2","","","","F","F","F","F","F","F","F","F","F","","","","F","F","F","F","F","","","","",0,2,0,0,0,0,0,0,0,16,"PHI","PHI","SLN",1,"F","T",0,1,0,6,2,"T","F",0,0,"T","T","fribb101","pierr101","T","T",0,0,0,0,0,0,0,0,0,"","","",0,0,0,0,0,0,0,0,0,0,0,0,0,"","F","F","F","F",0,0,0,0,0,0,0,0,0,0,F,F,"1925PHI.EVN.regular.event.csv",3829
"PHI192508241","SLN",3,0,0,0,0,"",1,0,"bladr102","?","bladr102","?","pierr101","?","pierr101","?","henlb101","hawkc101","fribb101","hubec101","sandh101","harpg101","leacf101","willc103","","","","S7","T","F",7,1,20,"T","T",1,"F","F",0,"F","F",0,"F","F",7,"","F","F","",0,0,"N",0,"N",0,"N",1,0,0,0,"","","","","F","F","F","F","F","F","F","F","F","","","","F","F","F","F","F","","","","",0,0,0,0,0,0,0,0,0,17,"PHI","SLN","PHI",0,"T","F",1,0,0,9,0,"T","F",0,1,"T","T","shinr101","hornr101","T","T",0,0,0,0,0,0,0,0,0,"","","",0,0,0,0,0,0,0,0,0,0,0,0,0,"harpg101","F","F","F","F",0,0,0,0,3,0,0,0,0,0,F,F,"1925PHI.EVN.regular.event.csv",3830
"PHI192508241","SLN",3,0,0,0,0,"",1,0,"shinr101","?","shinr101","?","pierr101","?","pierr101","?","henlb101","hawkc101","fribb101","hubec101","sandh101","harpg101","leacf101","willc103","bladr102","","","CS2(26)","F","F",8,2,6,"F","F",0,"F","F",1,"F","F",0,"F","F",0,"","F","F","",0,0,"N",0,"N",0,"N",0,0,0,0,"","26","","","F","F","F","T","F","F","F","F","F","pierr101","","","F","F","F","F","F","","","","",0,6,0,0,2,0,0,0,0,18,"PHI","SLN","PHI",0,"F","F",1,0,0,10,1,"T","F",1,0,"T","T","hornr101","bottj101","T","T",7,1,17,0,0,0,0,0,0,"henlb101","","",0,0,0,0,0,0,0,0,0,0,0,0,0,"","F","F","F","F",0,0,0,0,3,0,0,0,0,0,F,F,"1925PHI.EVN.regular.event.csv",3831
"PHI192508241","SLN",3,0,1,0,0,"",1,0,"shinr101","?","shinr101","?","pierr101","?","pierr101","?","henlb101","hawkc101","fribb101","hubec101","sandh101","harpg101","leacf101","willc103","","","","W","F","F",8,2,14,"T","F",0,"F","F",0,"F","F",0,"F","F",0,"","F","F","",0,0,"N",0,"N",0,"N",1,0,0,0,"","","","","F","F","F","F","F","F","F","F","F","","","","F","F","F","F","F","","","","",0,0,0,0,0,0,0,0,0,19,"PHI","SLN","PHI",0,"F","F",1,0,0,10,1,"F","F",0,1,"T","T","hornr101","bottj101","T","T",0,0,0,0,0,0,0,0,0,"","","",0,0,0,0,0,0,0,0,0,0,0,0,0,"","F","F","F","F",4,0,0,0,3,0,0,0,0,0,F,F,"1925PHI.EVN.regular.event.csv",3832
"PHI192508241","SLN",3,0,1,0,0,"",1,0,"hornr101","?","hornr101","?","pierr101","?","pierr101","?","henlb101","hawkc101","fribb101","hubec101","sandh101","harpg101","leacf101","willc103","shinr101","","","K+SB2/C","F","F",4,3,3,"T","T",0,"F","F",1,"F","F",0,"F","F",0,"","F","F","",0,0,"N",0,"N",0,"N",0,2,0,0,"2","","","","T","F","F","F","F","F","F","F","F","pierr101","","","F","F","F","F","F","","","","",0,2,0,0,0,0,0,0,0,20,"PHI","SLN","PHI",0,"F","F",1,0,0,11,2,"T","F",1,2,"T","T","bottj101","hafec101","T","T",8,2,19,0,0,0,0,0,0,"henlb101","","",0,0,0,0,0,0,0,0,0,0,0,0,0,"","F","F","F","F",0,4,0,0,3,0,0,0,0,0,F,F,"1925PHI.EVN.regular.event.csv",3833
"PHI192508241","SLN",3,0,2,0,0,"",1,0,"bottj101","?","bottj101","?","pierr101","?","pierr101","?","henlb101","hawkc101","fribb101","hubec101","sandh101","harpg101","leacf101","willc103","","shinr101","","S9.2-H","F","F",3,4,20,"T","T",1,"F","F",0,"F","F",1,"F","F",9,"","F","F","",0,0,"N",0,"N",0,"N",1,0,4,0,"","","","","F","F","F","F","F","F","F","F","F","","pierr101","","F","F","F","F","F","","","","",0,0,0,0,0,0,0,0,0,21,"PHI","SLN","PHI",0,"F","F",1,0,0,12,3,"T","F",2,1,"T","T","hafec101","belll101","T","T",0,0,0,8,2,19,0,0,0,"","henlb101","",0,0,0,0,0,0,0,0,0,0,0,0,1,"willc103","F","F","F","F",4,0,4,0,2,0,0,0,0,0,F,F,"1925PHI.EVN.regular.event.csv",3834
"PHI192508241","SLN",3,0,2,0,0,"",2,0,"hafec101","?","hafec101","?","pierr101","?","pierr101","?","henlb101","hawkc101","fribb101","hubec101","sandh101","harpg101","leacf101","willc103","bottj101","","","HR/F7D.1-H","F","F",9,5,23,"T","T",4,"F","F",0,"F","F",2,"F","F",0,"F","F","F","7D",0,0,"N",0,"N",0,"N",4,4,0,0,"","","","","F","F","F","F","F","F","F","F","F","pierr101","","","F","F","F","F","F","","","","",0,0,0,0,0,0,0,0,0,22,"PHI","SLN","PHI",0,"F","F",2,0,1,13,4,"T","F",1,0,"T","T","belll101","ofarb101","T","T",3,4,21,0,0,0,0,0,0,"henlb101","","",0,0,0,0,0,0,0,0,0,0,0,0,2,"","F","F","F","F",4,4,0,0,0,0,0,0,0,0,F,F,"1925PHI.EVN.regular.event.csv",3835
"PHI192508241","SLN",3,0,2,0,0,"",4,0,"belll101","?","belll101","?","betth101","?","betth101","?","henlb101","hawkc101","fribb101","hubec101","sandh101","harpg101","leacf101","willc103","","","","9/L","F","F",5,6,2,"T","T",0,"F","F",1,"F","F",0,"F","F",9,"L","F","F","",0,0,"N",0,"N",0,"N",0,0,0,0,"9","","","","F","F","F","F","F","F","F","F","F","","","","F","F","F","F","F","","","","",0,9,0,0,0,0,0,0,0,23,"PHI","SLN","PHI",0,"F","T",4,0,3,14,5,"T","F",0,0,"T","T","ofarb101","thevt101","F","F",0,0,0,0,0,0,0,0,0,"","","",0,0,0,0,0,0,0,0,0,0,0,0,0,"willc103","F","F","F","F",0,0,0,0,0,0,0,0,0,0,F,F,"1925PHI.EVN.regular.event.csv",3836
"PHI192508241","SLN",3,1,0,0,0,"",4,0,"fribb101","?","fribb101","?","hainj101","?","hainj101","?","ofarb101","bottj101","hornr101","belll101","thevt101","bladr102","shinr101","hafec101","","","","S9","T","F",4,8,20,"T","T",1,"F","F",0,"F","F",0,"F","F",9,"","F","F","",0,0,"N",0,"N",0,"N",1,0,0,0,"","","","","F","F","F","F","F","F","F","F","F","","","","F","F","F","F","F","","","","",0,0,0,0,0,0,0,0,0,24,"PHI","PHI","SLN",1,"T","F",0,4,0,7,0,"T","F",0,1,"T","T","betth101","sandh101","T","T",0,0,0,0,0,0,0,0,0,"","","",0,0,0,0,0,0,0,0,0,0,0,0,0,"hafec101","F","F","F","F",4,0,0,0,1,0,0,0,0,0,F,F,"1925PHI.EVN.regular.event.csv",3837
"PHI192508241","SLN",3,1,0,0,0,"",4,0,"betth101","?","betth101","?","hainj101","?","hainj101","?","ofarb101","bottj101","hornr101","belll101","thevt101","bladr102","shinr101","hafec101","fribb101","","","8/F","F","F",1,9,2,"T","T",0,"F","F",1,"F","F",0,"F","F",8,"F","F","F","",0,0,"N",0,"N",0,"N",0,1,0,0,"8","","","","F","F","F","F","F","F","F","F","F","hainj101","","","F","F","F","F","F","","","","",0,8,0,0,0,0,0,0,0,25,"PHI","PHI","SLN",1,"F","F",0,4,0,8,1,"T","F",1,1,"F","F","sandh101","leacf101","T","T",4,8,24,0,0,0,0,0,0,"ofarb101","","",0,0,0,0,0,0,0,0,0,0,0,0,0,"shinr101","F","F","F","F",0,4,0,0,1,0,0,0,0,0,F,F,"1925PHI.EVN.regular.event.csv",3838
"PHI192508241","SLN",3,1,1,0,0,"",4,0,"sandh101","?","sandh101","?","hainj101","?","hainj101","?","ofarb101","bottj101","hornr101","belll101","thevt101","bladr102","shinr101","hafec101","fribb101","","","W.1-2","F","F",6,1,14,"T","F",0,"F","F",0,"F","F",0,"F","F",0,"","F","F","",0,0,"N",0,"N",0,"N",1,2,0,0,"","","","","F","F","F","F","F","F","F","F","F","hainj101","","","F","F","F","F","F","","","","",0,0,0,0,0,0,0,0,0,26,"PHI","PHI","SLN",1,"F","F",0,4,0,9,2,"T","F",1,3,"T","T","leacf101","willc103","T","T",4,8,24,0,0,0,0,0,0,"ofarb101","","",0,0,0,0,0,0,0,0,0,0,0,0,0,"","F","F","F","F",0,4,0,0,1,0,0,0,0,0,F,F,"1925PHI.EVN.regular.event.csv",3839
"PHI192508241","SLN",3,1,1,0,0,"",4,0,"leacf101","?","leacf101","?","hainj101","?","hainj101","?","ofarb101","bottj101","hornr101","belll101","thevt101","bladr102","shinr101","hafec101","sandh101","fribb101","","S9.2-H;1-2","F","F",8,2,20,"T","T",1,"F","F",0,"F","F",1,"F","F",9,"","F","F","",0,0,"N",0,"N",0,"N",1,2,4,0,"","","","","F","F","F","F","F","F","F","F","F","hainj101","hainj101","","F","F","F","F","F","","","","",0,0,0,0,0,0,0,0,0,27,"PHI","PHI","SLN",1,"F","F",0,4,0,10,3,"T","F",3,3,"T","T","willc103","harpg101","T","T",6,1,26,4,8,24,0,0,0,"ofarb101","ofarb101","",0,0,0,0,0,0,0,0,0,0,0,0,1,"hafec101","F","F","F","F",0,0,4,0,0,0,0,0,0,0,F,F,"1925PHI.EVN.regular.event.csv",3840
"PHI192508241","SLN",3,1,1,0,0,"",4,1,"willc103","?","willc103","?","hainj101","?","hainj101","?","ofarb101","bottj101","hornr101","belll101","thevt101","bladr102","shinr101","hafec101","leacf101","sandh101","","8/F","F","F",9,3,2,"T","T",0,"F","F",1,"F","F",0,"F","F",8,"F","F","F","",0,0,"N",0,"N",0,"N",0,1,2,0,"8","","","","F","F","F","F","F","F","F","F","F","hainj101","hainj101","","F","F","F","F","F","","","","",0,8,0,0,0,0,0,0,0,28,"PHI","PHI","SLN",1,"F","F",1,4,1,11,4,"T","F",3,3,"T","T","harpg101","henlb101","T","T",8,2,27,6,1,26,0,0,0,"ofarb101","ofarb101","",0,0,0,0,0,0,0,0,0,0,0,0,0,"shinr101","F","F","F","F",0,0,0,0,0,0,0,0,0,0,F,F,"1925PHI.EVN.regular.event.csv",3841
"PHI192508241","SLN",3,1,2,0,0,"",4,1,"harpg101","?","harpg101","?","hainj101","?","hainj101","?","ofarb101","bottj101","hornr101","belll101","thevt101","bladr102","shinr101","hafec101","leacf101","sandh101","","9/F","F","F",7,4,2,"T","T",0,"F","F",1,"F","F",0,"F","F",9,"F","F","F","",0,0,"N",0,"N",0,"N",0,1,2,0,"9","","","","F","F","F","F","F","F","F","F","F","hainj101","hainj101","","F","F","F","F","F","","","","",0,9,0,0,0,0,0,0,0,29,"PHI","PHI","SLN",1,"F","T",1,4,1,12,5,"T","F",3,3,"T","T","henlb101","hawkc101","T","T",8,2,27,6,1,26,0,0,0,"ofarb101","ofarb101","",0,0,0,0,0,0,0,0,0,0,0,0,0,"hafec101","F","F","F","F",0,0,0,0,0,0,0,0,0,0,F,F,"1925PHI.EVN.regular.event.csv",3842
"PHI192508241","SLN",4,0,0,0,0,"",4,1,"ofarb101","?","ofarb101","?","betth101","?","betth101","?","henlb101","hawkc101","fribb101","hubec101","sandh101","harpg101","leacf101","willc103","","","","W","T","F",2,7,14,"T","F",0,"F","F",0,"F","F",0,"F","F",0,"","F","F","",0,0,"N",0,"N",0,"N",1,0,0,0,"","","","","F","F","F","F","F","F","F","F","F","","","","F","F","F","F","F","","","","",0,0,0,0,0,0,0,0,0,30,"PHI","SLN","PHI",0,"T","F",4,1,0,15,0,"T","F",0,1,"T","T","thevt101","hainj101","F","F",0,0,0,0,0,0,0,0,0,"","","",0,0,0,0,0,0,0,0,0,0,0,0,0,"","F","F","F","F",4,0,0,0,5,0,0,0,0,0,F,F,"1925PHI.EVN.regular.event.csv",3843
"PHI192508241","SLN",4,0,0,0,0,"",4,1,"thevt101","?","thevt101","?","betth101","?","betth101","?","henlb101","hawkc101","fribb101","hubec101","sandh101","harpg101","leacf101","willc103","ofarb101","","","13.1-2","F","F",6,8,2,"T","T",0,"F","F",1,"F","F",0,"F","F",1,"G","F","F","",0,0,"N",0,"N",0,"N",0,2,0,0,"13","","","","F","F","F","F","F","F","F","F","F","betth101","","","F","F","F","F","F","","","","",0,3,0,0,1,0,0,0,0,31,"PHI","SLN","PHI",0,"F","F",4,1,0,16,1,"T","F",1,2,"T","T","hainj101","bladr102","F","F",2,7,30,0,0,0,0,0,0,"henlb101","","",0,0,0,0,0,0,0,0,0,0,0,0,0,"betth101","F","F","F","F",0,4,0,0,5,0,0,0,0,0,F,F,"1925PHI.EVN.regular.event.csv",3844
"PHI192508241","SLN",4,0,1,0,0,"",4,1,"hainj101","?","hainj101","?","betth101","?","betth101","?","henlb101","hawkc101","fribb101","hubec101","sandh101","harpg101","leacf101","willc103","","ofarb101","","S8.2-3","F","F",1,9,20,"T","T",1,"F","F",0,"F","F",0,"F","F",8,"","F","F","",0,0,"N",0,"N",0,"N",1,0,3,0,"","","","","F","F","F","F","F","F","F","F","F","","betth101","","F","F","F","F","F","","","","",0,0,0,0,0,0,0,0,0,32,"PHI","SLN","PHI",0,"F","F",4,1,0,17,2,"T","F",2,5,"T","T","bladr102","shinr101","F","F",0,0,0,2,7,30,0,0,0,"","henlb101","",0,0,0,0,0,0,0,0,0,0,0,0,0,"leacf101","F","F","F","F",4,0,4,0,5,0,0,0,0,0,F,F,"1925PHI.EVN.regular.event.csv",3845
"PHI192508241","SLN",4,0,1,0,0,"",4,1,"bladr102","?","bladr102","?","betth101","?","betth101","?","henlb101","hawkc101","fribb101","hubec101","sandh101","harpg101","leacf101","willc103","hainj101","","ofarb101","W.1-2","F","F",7,1,14,"T","F",0,"F","F",0,"F","F",0,"F","F",0,"","F","F","",0,0,"N",0,"N",0,"N",1,2,0,3,"","","","","F","F","F","F","F","F","F","F","F","betth101","","betth101","F","F","F","F","F","","","","",0,0,0,0,0,0,0,0,0,33,"PHI","SLN","PHI",0,"F","F",4,1,0,18,3,"T","F",5,7,"T","T","shinr101","hornr101","F","F",1,9,32,0,0,0,2,7,30,"henlb101","","henlb101",0,0,0,0,0,0,0,0,0,0,0,0,0,"","F","F","F","F",4,4,0,4,5,0,0,0,0,0,F,F,"1925PHI.EVN.regular.event.csv",3846
"PHI192508241","SLN",4,0,1,0,0,"",4,1,"shinr101","?","shinr101","?","betth101","?","betth101","?","henlb101","hawkc101","fribb101","hubec101","sandh101","harpg101","leacf101","willc103","bladr102","hainj101","ofarb101","5/P","F","F",8,2,2,"T","T",0,"F","F",1,"F","F",0,"F","F",5,"P","F","F","",0,0,"N",0,"N",0,"N",0,1,2,3,"5","","","","F","F","F","F","F","F","F","F","F","betth101","betth101","betth101","F","F","F","F","F","","","","",0,5,0,0,0,0,0,0,0,34,"PHI","SLN","PHI",0,"F","F",4,1,0,19,4,"T","F",7,7,"T","T","hornr101","bottj101","F","F",7,1,33,1,9,32,2,7,30,"henlb101","henlb101","henlb101",0,0,0,0,0,0,0,0,0,0,0,0,0,"hubec101","F","F","F","F",0,4,4,4,5,0,0,0,0,0,F,F,"1925PHI.EVN.regular.event.csv",3847
"PHI192508241","SLN",4,0,2,0,0,"",4,1,"hornr101","?","hornr101","?","betth101","?","betth101","?","henlb101","hawkc101","fribb101","hubec101","sandh101","harpg101","leacf101","willc103","bladr102","hainj101","ofarb101","S9/F9DW.3-H;2-3;1-2","F","F",4,3,20,"T","T",1,"F","F",0,"F","F",1,"F","F",9,"F","F","F","9DW",0,0,"N",0,"N",0,"N",1,2,3,4,"","","","","F","F","F","F","F","F","F","F","F","betth101","betth101","betth101","F","F","F","F","F","","","","",0,0,0,0,0,0,0,0,0,35,"PHI","SLN","PHI",0,"F","F",4,1,0,20,5,"T","F",7,7,"T","T","bottj101","hafec101","F","F",7,1,33,1,9,32,2,7,30,"henlb101","henlb101","henlb101",0,0,0,0,0,0,0,0,0,0,0,0,1,"willc103","F","F","F","F",5,4,4,4,4,0,0,0,0,0,F,F,"1925PHI.EVN.regular.event.csv",3848
"PHI192508241","SLN",4,0,2,0,0,"",5,1,"bottj101","?","bottj101","?","oneas101","?","oneas101","?","henlb101","hawkc101","fribb101","hubec101","sandh101","harpg101","leacf101","willc103","hornr101","bladr102","hainj101","D9.3-H;2-H;1-3","F","F",3,4,21,"T","T",2,"F","F",0,"F","F",2,"F","F",9,"","F","F","",0,0,"N",0,"N",0,"N",2,3,4,4,"","","","","F","F","F","F","F","F","F","F","F","betth101","betth101","betth101","F","F","F","F","F","","","","",0,0,0,0,0,0,0,0,0,36,"PHI","SLN","PHI",0,"F","F",5,1,1,21,6,"T","F",7,6,"T","T","hafec101","belll101","F","F",4,3,35,7,1,33,1,9,32,"henlb101","henlb101","henlb101",0,0,0,0,0,0,0,0,0,0,0,0,2,"willc103","F","F","F","F",5,5,4,4,2,0,0,0,0,0,F,F,"1925PHI.EVN.regular.event.csv",3849
"PHI192508241","SLN",4,0,2,0,0,"",7,1,"hafec101","?","hafec101","?","oneas101","?","oneas101","?","henlb101","hawkc101","fribb101","hubec101","sandh101","harpg101","leacf101","willc103","","bottj101","hornr101","E6/G.3-H(NR)(UR);2-H(NR)(UR)","F","F",9,5,18,"T","T",0,"F","F",0,"F","F",0,"F","F",6,"G","F","F","",1,6,"F",0,"N",0,"N",1,0,5,5,"","","","","F","F","F","F","F","F","F","F","F","","oneas101","betth101","F","F","F","F","F","","","","",0,0,0,0,0,0,0,0,0,37,"PHI","SLN","PHI",0,"F","F",7,1,3,22,7,"T","F",6,1,"T","T","belll101","ofarb101","F","F",0,0,0,3,4,36,4,3,35,"","henlb101","henlb101",0,0,0,0,0,0,0,0,0,0,0,0,2,"sandh101","F","F","F","T",0,0,5,5,0,0,0,0,0,0,F,F,"1925PHI.EVN.regular.event.csv",3850
"PHI192508241","SLN",4,0,2,0,0,"",9,1,"belll101","?","belll101","?","oneas101","?","oneas101","?","henlb101","hawkc101","fribb101","hubec101","sandh101","harpg101","leacf101","willc103","hafec101","","","46(1)/FO","F","F",5,6,2,"T","T",0,"F","F",1,"F","F",0,"F","F",4,"G","F","F","",0,0,"N",0,"N",0,"N",1,0,0,0,"","46","","","F","F","F","F","F","F","F","F","F","oneas101","","","F","F","F","F","F","","","","",0,6,0,0,4,0,0,0,0,38,"PHI","SLN","PHI",0,"F","T",9,1,5,23,8,"T","F",1,1,"T","T","ofarb101","thevt101","F","F",9,5,37,0,0,0,0,0,0,"henlb101","","",0,0,0,0,0,0,0,0,0,0,0,0,0,"fribb101","T","F","F","F",0,0,0,0,0,0,0,0,0,0,F,F,"1925PHI.EVN.regular.event.csv",3851
"PHI192508241","SLN",4,1,0,0,0,"",9,1,"henlb101","?","henlb101","?","hainj101","?","hainj101","?","ofarb101","bottj101","hornr101","belll101","thevt101","bladr102","shinr101","hafec101","","","","6/P","T","F",2,5,2,"T","T",0,"F","F",1,"F","F",0,"F","F",6,"P","F","F","",0,0,"N",0,"N",0,"N",0,0,0,0,"6","","","","F","F","F","F","F","F","F","F","F","","","","F","F","F","F","F","","","","",0,6,0,0,0,0,0,0,0,39,"PHI","PHI","SLN",1,"T","F",1,9,0,13,0,"T","F",0,0,"T","T","hawkc101","hubec101","T","T",0,0,0,0,0,0,0,0,0,"","","",0,0,0,0,0,0,0,0,0,0,0,0,0,"thevt101","F","F","F","F",0,0,0,0,1,0,0,0,0,0,F,F,"1925PHI.EVN.regular.event.csv",3852
"PHI192508241","SLN",4,1,1,0,0,"",9,1,"hawkc101","?","hawkc101","?","hainj101","?","hainj101","?","ofarb101","bottj101","hornr101","belll101","thevt101","bladr102","shinr101","hafec101","","","","K","F","F",3,6,3,"T","T",0,"F","F",1,"F","F",0,"F","F",0,"","F","F","",0,0,"N",0,"N",0,"N",0,0,0,0,"2","","","","F","F","F","F","F","F","F","F","F","","","","F","F","F","F","F","","","","",0,2,0,0,0,0,0,0,0,40,"PHI","PHI","SLN",1,"F","F",1,9,0,14,1,"T","F",0,0,"T","T","hubec101","fribb101","T","T",0,0,0,0,0,0,0,0,0,"","","",0,0,0,0,0,0,0,0,0,0,0,0,0,"","F","F","F","F",0,0,0,0,1,0,0,0,0,0,F,F,"1925PHI.EVN.regular.event.csv",3853
"PHI192508241","SLN",4,1,2,0,0,"",9,1,"hubec101","?","hubec101","?","hainj101","?","hainj101","?","ofarb101","bottj101","hornr101","belll101","thevt101","bladr102","shinr101","hafec101","","","","E5/P","F","F",5,7,18,"T","T",0,"F","F",0,"F","F",0,"F","F",5,"P","F","F","",1,5,"F",0,"N",0,"N",1,0,0,0,"","","","","F","F","F","F","F","F","F","F","F","","","","F","F","F","F","F","","","","",0,0,0,0,0,0,0,0,0,41,"PHI","PHI","SLN",1,"F","F",1,9,0,15,2,"T","F",0,1,"T","T","fribb101","oneas101","T","T",0,0,0,0,0,0,0,0,0,"","","",0,0,0,0,0,0,0,0,0,0,0,0,0,"belll101","F","F","F","T",5,0,0,0,1,0,0,0,0,0,F,F,"1925PHI.EVN.regular.event.csv",3854
"PHI192508241","SLN",4,1,2,0,0,"",9,1,"fribb101","?","fribb101","?","hainj101","?","hainj101","?","ofarb101","bottj101","hornr101","belll101","thevt101","bladr102","shinr101","hafec101","hubec101","","","D8/8XD.1-H(UR)","F","F",4,8,21,"T","T",2,"F","F",0,"F","F",1,"F","F",8,"","F","F","8XD",0,0,"N",0,"N",0,"N",2,5,0,0,"","","","","F","F","F","F","F","F","F","F","F","hainj101","","","F","F","F","F","F","","","","",0,0,0,0,0,0,0,0,0,42,"PHI","PHI","SLN",1,"F","F",1,9,0,16,3,"T","F",1,2,"T","T","oneas101","sandh101","T","T",5,7,41,0,0,0,0,0,0,"ofarb101","","",0,0,0,0,0,0,0,0,0,0,0,0,1,"shinr101","F","F","F","F",0,5,0,0,0,0,0,0,0,0,F,F,"1925PHI.EVN.regular.event.csv",3855
"PHI192508241","SLN",4,1,2,0,0,"",9,2,"oneas101","?","oneas101","?","hainj101","?","hainj101","?","ofarb101","bottj101","hornr101","belll101","thevt101","bladr102","shinr101","hafec101","","fribb101","","2/FL","F","F",1,9,2,"T","T",0,"F","F",1,"F","F",0,"F","F",2,"F","F","T","",0,0,"N",0,"N",0,"N",0,0,2,0,"2","","","","F","F","F","F","F","F","F","F","F","","hainj101","","F","F","F","F","F","","","","",0,2,0,0,0,0,0,0,0,43,"PHI","PHI","SLN",1,"F","T",2,9,1,17,4,"T","F",2,2,"F","F","sandh101","leacf101","T","T",0,0,0,4,8,42,0,0,0,"","ofarb101","",0,0,0,0,0,0,0,0,0,0,0,0,0,"ofarb101","F","F","F","F",0,0,0,0,0,0,0,0,0,0,F,F,"1925PHI.EVN.regular.event.csv",3856
"PHI192508241","SLN",5,0,0,0,0,"",9,2,"ofarb101","?","ofarb101","?","oneas101","?","oneas101","?","henlb101","hawkc101","fribb101","hubec101","sandh101","harpg101","leacf101","willc103","","","","S4/G","T","F",2,7,20,"T","T",1,"F","F",0,"F","F",0,"F","F",4,"G","F","F","",0,0,"N",0,"N",0,"N",1,0,0,0,"","","","","F","F","F","F","F","F","F","F","F","","","","F","F","F","F","F","","","","",0,0,0,0,0,0,0,0,0,44,"PHI","SLN","PHI",0,"T","F",9,2,0,24,0,"T","F",0,1,"T","T","thevt101","hainj101","F","F",0,0,0,0,0,0,0,0,0,"","","",0,0,0,0,0,0,0,0,0,0,0,0,0,"fribb101","F","F","F","F",4,0,0,0,3,0,0,0,0,0,F,F,"1925PHI.EVN.regular.event.csv",3857
"PHI192508241","SLN",5,0,0,0,0,"",9,2,"thevt101","?","thevt101","?","oneas101","?","oneas101","?","henlb101","hawkc101","fribb101","hubec101","sandh101","harpg101","leacf101","willc103","ofarb101","","","S7.1-2","F","F",6,8,20,"T","T",1,"F","F",0,"F","F",0,"F","F",7,"","F","F","",0,0,"N",0,"N",0,"N",1,2,0,0,"","","","","F","F","F","F","F","F","F","F","F","oneas101","","","F","F","F","F","F","","","","",0,0,0,0,0,0,0,0,0,45,"PHI","SLN","PHI",0,"F","F",9,2,0,25,1,"T","F",1,3,"T","T","hainj101","bladr102","F","F",2,7,44,0,0,0,0,0,0,"henlb101","","",0,0,0,0,0,0,0,0,0,0,0,0,0,"harpg101","F","F","F","F",4,4,0,0,3,0,0,0,0,0,F,F,"1925PHI.EVN.regular.event.csv",3858
"PHI192508241","SLN",5,0,0,0,0,"",9,2,"hainj101","?","hainj101","?","oneas101","?","oneas101","?","henlb101","hawkc101","fribb101","hubec101","sandh101","harpg101","leacf101","willc103","thevt101","ofarb101","","53/SH.2-3;1-2","F","F",1,9,2,"T","F",0,"T","F",1,"F","F",0,"F","F",5,"G","T","F","",0,0,"N",0,"N",0,"N",0,2,3,0,"53","","","","F","F","F","F","F","F","F","F","F","oneas101","oneas101","","F","F","F","F","F","","","","",0,3,0,0,5,0,0,0,0,46,"PHI","SLN","PHI",0,"F","F",9,2,0,26,2,"T","F",3,6,"T","T","bladr102","shinr101","F","F",6,8,45,2,7,44,0,0,0,"henlb101","henlb101","",0,0,0,0,0,0,0,0,0,0,0,0,0,"hubec101","F","F","F","F",0,4,4,0,3,0,0,0,0,0,F,F,"1925PHI.EVN.regular.event.csv",3859
"PHI192508241","SLN",5,0,1,0,0,"",9,2,"bladr102","?","bladr102","?","oneas101","?","oneas101","?","henlb101","hawkc101","fribb101","hubec101","sandh101","harpg101","leacf101","willc103","","thevt101","ofarb101","W","F","F",7,1,14,"T","F",0,"F","F",0,"F","F",0,"F","F",0,"","F","F","",0,0,"N",0,"N",0,"N",1,0,2,3,"","","","","F","F","F","F","F","F","F","F","F","","oneas101","oneas101","F","F","F","F","F","","","","",0,0,0,0,0,0,0,0,0,47,"PHI","SLN","PHI",0,"F","F",9,2,0,27,3,"T","F",6,7,"T","T","shinr101","hornr101","F","F",0,0,0,6,8,45,2,7,44,"","henlb101","henlb101",0,0,0,0,0,0,0,0,0,0,0,0,0,"","F","F","F","F",4,0,4,4,3,0,0,0,0,0,F,F,"1925PHI.EVN.regular.event.csv",3860
"PHI192508241","SLN",5,0,1,0,0,"",9,2,"shinr101","?","shinr101","?","oneas101","?","oneas101","?","henlb101","hawkc101","fribb101","hubec101","sandh101","harpg101","leacf101","willc103","bladr102","thevt101","ofarb101","8/SF.3-H","F","F",8,2,2,"T","F",0,"F","T",1,"F","F",1,"F","F",8,"F","F","F","",0,0,"N",0,"N",0,"N",0,1,2,4,"8","","","","F","F","F","F","F","F","F","F","F","oneas101","oneas101","oneas101","F","F","F","F","F","","","","",0,8,0,0,0,0,0,0,0,48,"PHI","SLN","PHI",0,"F","F",9,2,0,28,4,"T","F",7,3,"T","T","hornr101","bottj101","F","F",7,1,47,6,8,45,2,7,44,"henlb101","henlb101","henlb101",0,0,0,0,0,0,0,0,0,0,0,0,1,"leacf101","F","F","F","F",0,4,4,4,2,0,0,0,0,0,F,F,"1925PHI.EVN.regular.event.csv",3861
"PHI192508241","SLN",5,0,2,0,0,"",10,2,"hornr101","?","hornr101","?","oneas101","?","oneas101","?","henlb101","hawkc101","fribb101","hubec101","sandh101","harpg101","leacf101","willc103","bladr102","thevt101","","S8.2-H;1-3","F","F",4,3,20,"T","T",1,"F","F",0,"F","F",1,"F","F",8,"","F","F","",0,0,"N",0,"N",0,"N",1,3,4,0,"","","","","F","F","F","F","F","F","F","F","F","oneas101","oneas101","","F","F","F","F","F","","","","",0,0,0,0,0,0,0,0,0,49,"PHI","SLN","PHI",0,"F","F",10,2,1,29,5,"T","F",3,5,"T","T","bottj101","hafec101","F","F",7,1,47,6,8,45,0,0,0,"henlb101","henlb101","",0,0,0,0,0,0,0,0,0,0,0,0,1,"leacf101","F","F","F","F",0,4,4,0,1,0,0,0,0,0,F,F,"1925PHI.EVN.regular.event.csv",3862
"PHI192508241","SLN",5,0,2,0,0,"",11,2,"bottj101","?","bottj101","?","oneas101","?","oneas101","?","henlb101","hawkc101","fribb101","hubec101","sandh101","harpg101","leacf101","willc103","hornr101","","bladr102","PO1(163).3-H","F","F",3,4,8,"F","F",0,"F","F",1,"F","F",0,"F","F",0,"","F","F","",0,0,"N",0,"N",0,"N",0,0,0,4,"","163","","","F","F","F","F","F","F","T","F","F","oneas101","","oneas101","F","F","F","F","F","","","","",0,3,0,0,1,6,0,0,0,50,"PHI","SLN","PHI",0,"F","T",11,2,2,30,6,"T","T",5,0,"T","T","hafec101","belll101","F","F",4,3,49,0,0,0,7,1,47,"henlb101","","henlb101",0,0,0,0,0,0,0,0,0,0,0,0,1,"","F","F","F","F",0,0,0,4,0,0,0,0,0,0,F,F,"1925PHI.EVN.regular.event.csv",3863
"PHI192508241","SLN",5,1,0,0,0,"",12,2,"sandh101","?","sandh101","?","hainj101","?","hainj101","?","ofarb101","bottj101","hornr101","belll101","thevt101","bladr102","shinr101","hafec101","","","","9/FL","T","F",6,1,2,"T","T",0,"F","F",1,"F","F",0,"F","F",9,"F","F","T","",0,0,"N",0,"N",0,"N",0,0,0,0,"9","","","","F","F","F","F","F","F","F","F","F","","","","F","F","F","F","F","","","","",0,9,0,0,0,0,0,0,0,51,"PHI","PHI","SLN",1,"T","F",2,12,0,18,0,"T","F",0,0,"T","T","leacf101","willc103","T","T",0,0,0,0,0,0,0,0,0,"","","",0,0,0,0,0,0,0,0,0,0,0,0,0,"hafec101","F","F","F","F",0,0,0,0,3,0,0,0,0,0,F,F,"1925PHI.EVN.regular.event.csv",3864
"PHI192508241","SLN",5,1,1,0,0,"",12,2,"leacf101","?","leacf101","?","hainj101","?","hainj101","?","ofarb101","bottj101","hornr101","belll101","thevt101","bladr102","shinr101","hafec101","","","","D/89","F","F",8,2,21,"T","T",2,"F","F",0,"F","F",0,"F","F",0,"","F","F","89",0,0,"N",0,"N",0,"N",2,0,0,0,"","","","","F","F","F","F","F","F","F","F","F","","","","F","F","F","F","F","","","","",0,0,0,0,0,0,0,0,0,52,"PHI","PHI","SLN",1,"F","F",2,12,0,19,1,"T","F",0,2,"T","T","willc103","harpg101","T","T",0,0,0,0,0,0,0,0,0,"","","",0,0,0,0,0,0,0,0,0,0,0,0,0,"","F","F","F","F",4,0,0,0,3,0,0,0,0,0,F,F,"1925PHI.EVN.regular.event.csv",3865
"PHI192508241","SLN",5,1,1,0,0,"",12,2,"willc103","?","willc103","?","hainj101","?","hainj101","?","ofarb101","bottj101","hornr101","belll101","thevt101","bladr102","shinr101","hafec101","","leacf101","","W","F","F",9,3,14,"T","F",0,"F","F",0,"F","F",0,"F","F",0,"","F","F","",0,0,"N",0,"N",0,"N",1,0,2,0,"","","","","F","F","F","F","F","F","F","F","F","","hainj101","","F","F","F","F","F","","","","",0,0,0,0,0,0,0,0,0,53,"PHI","PHI","SLN",1,"F","F",2,12,0,20,2,"T","F",2,3,"T","T","harpg101","henlb101","T","T",0,0,0,8,2,52,0,0,0,"","ofarb101","",0,0,0,0,0,0,0,0,0,0,0,0,0,"","F","F","F","F",4,0,4,0,3,0,0,0,0,0,F,F,"1925PHI.EVN.regular.event.csv",3866
"PHI192508241","SLN",5,1,1,0,0,"",12,2,"harpg101","?","harpg101","?","hainj101","?","hainj101","?","ofarb101","bottj101","hornr101","belll101","thevt101","bladr102","shinr101","hafec101","willc103","leacf101","","D8.2-H;1-3","F","F",7,4,21,"T","T",2,"F","F",0,"F","F",1,"F","F",8,"","F","F","",0,0,"N",0,"N",0,"N",2,3,4,0,"","","","","F","F","F","F","F","F","F","F","F","hainj101","hainj101","","F","F","F","F","F","","","","",0,0,0,0,0,0,0,0,0,54,"PHI","PHI","SLN",1,"F","F",2,12,0,21,3,"T","F",3,6,"T","T","henlb101","hawkc101","T","T",9,3,53,8,2,52,0,0,0,"ofarb101","ofarb101","",0,0,0,0,0,0,0,0,0,0,0,0,1,"shinr101","F","F","F","F",4,4,4,0,2,0,0,0,0,0,F,F,"1925PHI.EVN.regular.event.csv",3867
"PHI192508241","SLN",5,1,1,0,0,"",12,3,"henlb101","?","henlb101","?","hainj101","?","hainj101","?","ofarb101","bottj101","hornr101","belll101","thevt101","bladr102","shinr101","hafec101","","harpg101","willc103","S8.3-H;2-H","F","F",2,5,20,"T","T",1,"F","F",0,"F","F",2,"F","F",8,"","F","F","",0,0,"N",0,"N",0,"N",1,0,4,4,"","","","","F","F","F","F","F","F","F","F","F","","hainj101","hainj101","F","F","F","F","F","","","","",0,0,0,0,0,0,0,0,0,55,"PHI","PHI","SLN",1,"F","F",3,12,1,22,4,"T","F",6,1,"T","T","hawkc101","hubec101","T","T",0,0,0,7,4,54,9,3,53,"","ofarb101","ofarb101",0,0,0,0,0,0,0,0,0,0,0,0,2,"shinr101","F","F","F","F",0,0,4,4,0,0,0,0,0,0,F,F,"1925PHI.EVN.regular.event.csv",3868
"PHI192508241","SLN",5,1,1,0,0,"",12,5,"wrigr102","?","wrigr102","?","hainj101","?","hainj101","?","ofarb101","bottj101","hornr101","belll101","thevt101","bladr102","shinr101","hafec101","henlb101","","","5/P","F","T",11,6,2,"T","T",0,"F","F",1,"F","F",0,"F","F",5,"P","F","F","",0,0,"N",0,"N",0,"N",0,1,0,0,"5","","","","F","F","F","F","F","F","F","F","F","hainj101","","","F","F","F","F","F","","","","hawkc101",3,5,0,0,0,0,0,0,0,56,"PHI","PHI","SLN",1,"F","F",5,12,3,23,5,"T","F",1,1,"F","F","hubec101","fribb101","T","T",2,5,55,0,0,0,0,0,0,"ofarb101","","",0,0,0,0,0,0,0,0,0,0,0,0,0,"belll101","F","F","F","F",0,0,0,0,0,0,0,0,0,0,F,F,"1925PHI.EVN.regular.event.csv",3869
"PHI192508241","SLN",5,1,2,0,0,"",12,5,"hubec101","?","hubec101","?","hainj101","?","hainj101","?","ofarb101","bottj101","hornr101","belll101","thevt101","bladr102","shinr101","hafec101","henlb101","","","64(1)/FO","F","F",5,7,2,"T","T",0,"F","F",1,"F","F",0,"F","F",6,"G","F","F","",0,0,"N",0,"N",0,"N",1,0,0,0,"","64","","","F","F","F","F","F","F","F","F","F","hainj101","","","F","F","F","F","F","","","","",0,4,0,0,6,0,0,0,0,57,"PHI","PHI","SLN",1,"F","T",5,12,3,24,6,"T","F",1,1,"T","T","fribb101","oneas101","T","T",2,5,55,0,0,0,0,0,0,"ofarb101","","",0,0,0,0,0,0,0,0,0,0,0,0,0,"thevt101","T","F","F","F",1,0,0,0,0,0,0,0,0,0,F,F,"1925PHI.EVN.regular.event.csv",3870
"PHI192508241","SLN",6,0,0,0,0,"X",12,5,"bottj101","?","bottj101","?","fribb101","?","fribb101","?","henlb101","wrigr102","kimmw101","hubec101","sandh101","harpg101","leacf101","willc103","","","","S9","T","F",3,4,20,"T","T",1,"F","F",0,"F","F",0,"F","F",9,"","F","F","",0,0,"N",0,"N",0,"N",1,0,0,0,"","","","","F","F","F","F","F","F","F","F","F","","","","F","F","F","F","F","","","","",0,0,0,0,0,0,0,0,0,58,"PHI","SLN","PHI",0,"T","F",12,5,0,30,0,"T","F",0,1,"T","T","hafec101","belll101","F","F",0,0,0,0,0,0,0,0,0,"","","",0,0,0,0,0,0,1,0,0,0,1,0,0,"willc103","F","F","F","F",0,0,0,0,0,0,0,0,0,0,F,F,"1925PHI.EVN.regular.event.csv",3871
"PHI192508241","SLN",6,0,0,0,0,"",12,5,"hafec101","?","hafec101","?","fribb101","?","fribb101","?","henlb101","wrigr102","kimmw101","hubec101","sandh101","harpg101","leacf101","willc103","bottj101","","","2/P2","F","F",9,5,2,"T","T",0,"F","F",1,"F","F",0,"F","F",2,"P","F","F","2",0,0,"N",0,"N",0,"N",0,1,0,0,"2","","","","F","F","F","F","F","F","F","F","F","fribb101","","","F","F","F","F","F","","","","",0,2,0,0,0,0,0,0,0,59,"PHI","SLN","PHI",0,"F","F",12,5,0,31,1,"T","F",1,1,"T","T","belll101","ofarb101","F","F",3,4,58,0,0,0,0,0,0,"henlb101","","",0,0,0,0,0,0,0,0,0,0,0,0,0,"henlb101","F","F","F","F",0,0,0,0,0,0,0,0,0,0,F,F,"1925PHI.EVN.regular.event.csv",3872
"PHI192508241","SLN",6,0,1,0,0,"",12,5,"belll101","?","belll101","?","fribb101","?","fribb101","?","henlb101","wrigr102","kimmw101","hubec101","sandh101","harpg101","leacf101","willc103","bottj101","","","W.1-2","F","F",5,6,14,"T","F",0,"F","F",0,"F","F",0,"F","F",0,"","F","F","",0,0,"N",0,"N",0,"N",1,2,0,0,"","","","","F","F","F","F","F","F","F","F","F","fribb101","","","F","F","F","F","F","","","","",0,0,0,0,0,0,0,0,0,60,"PHI","SLN","PHI",0,"F","F",12,5,0,32,2,"T","F",1,3,"T","T","ofarb101","thevt101","F","F",3,4,58,0,0,0,0,0,0,"henlb101","","",0,0,0,0,0,0,0,0,0,0,0,0,0,"","F","F","F","F",0,0,0,0,0,0,0,0,0,0,F,F,"1925PHI.EVN.regular.event.csv",3873
"PHI192508241","SLN",6,0,1,0,0,"",12,5,"ofarb101","?","ofarb101","?","fribb101","?","fribb101","?","henlb101","wrigr102","kimmw101","hubec101","sandh101","harpg101","leacf101","willc103","belll101","bottj101","","7/F","F","F",2,7,2,"T","T",0,"F","F",1,"F","F",0,"F","F",7,"F","F","F","",0,0,"N",0,"N",0,"N",0,1,2,0,"7","","","","F","F","F","F","F","F","F","F","F","fribb101","fribb101","","F","F","F","F","F","","","","",0,7,0,0,0,0,0,0,0,61,"PHI","SLN","PHI",0,"F","F",12,5,0,33,3,"T","F",3,3,"T","T","thevt101","hainj101","F","F",5,6,60,3,4,58,0,0,0,"henlb101","henlb101","",0,0,0,0,0,0,0,0,0,0,0,0,0,"harpg101","F","F","F","F",0,0,0,0,0,0,0,0,0,0,F,F,"1925PHI.EVN.regular.event.csv",3874
"PHI192508241","SLN",6,0,2,0,0,"",12,5,"thevt101","?","thevt101","?","fribb101","?","fribb101","?","henlb101","wrigr102","kimmw101","hubec101","sandh101","harpg101","leacf101","willc103","belll101","bottj101","","K","F","F",6,8,3,"T","T",0,"F","F",1,"F","F",0,"F","F",0,"","F","F","",0,0,"N",0,"N",0,"N",0,1,2,0,"2","","","","F","F","F","F","F","F","F","F","F","fribb101","fribb101","","F","F","F","F","F","","","","",0,2,0,0,0,0,0,0,0,62,"PHI","SLN","PHI",0,"F","T",12,5,0,34,4,"T","F",3,3,"T","T","hainj101","bladr102","F","F",5,6,60,3,4,58,0,0,0,"henlb101","henlb101","",0,0,0,0,0,0,0,0,0,0,0,0,0,"","F","F","F","F",0,0,0,0,0,0,0,0,0,0,F,F,"1925PHI.EVN.regular.event.csv",3875
"PHI192508241","SLN",6,1,0,0,0,"",12,5,"fribb101","?","fribb101","?","hainj101","?","hainj101","?","ofarb101","bottj101","hornr101","belll101","thevt101","bladr102","shinr101","hafec101","","","","7/F","T","F",1,8,2,"T","T",0,"F","F",1,"F","F",0,"F","F",7,"F","F","F","",0,0,"N",0,"N",0,"N",0,0,0,0,"7","","","","F","F","F","F","F","F","F","F","F","","","","F","F","F","F","F","","","","",0,7,0,0,0,0,0,0,0,63,"PHI","PHI","SLN",1,"T","F",5,12,0,25,0,"T","F",0,0,"T","T","kimmw101","sandh101","T","T",0,0,0,0,0,0,0,0,0,"","","",0,0,0,0,0,0,0,0,0,0,0,0,0,"bladr102","F","F","F","F",0,0,0,0,0,0,0,0,0,0,F,F,"1925PHI.EVN.regular.event.csv",3876
"PHI192508241","SLN",6,1,1,0,0,"",12,5,"kimmw101","?","kimmw101","?","hainj101","?","hainj101","?","ofarb101","bottj101","hornr101","belll101","thevt101","bladr102","shinr101","hafec101","","","","K","F","F",4,9,3,"T","T",0,"F","F",1,"F","F",0,"F","F",0,"","F","F","",0,0,"N",0,"N",0,"N",0,0,0,0,"2","","","","F","F","F","F","F","F","F","F","F","","","","F","F","F","F","F","","","","",0,2,0,0,0,0,0,0,0,64,"PHI","PHI","SLN",1,"F","F",5,12,0,26,1,"T","F",0,0,"F","F","sandh101","leacf101","T","T",0,0,0,0,0,0,0,0,0,"","","",0,0,0,0,0,0,0,0,0,0,0,0,0,"","F","F","F","F",0,0,0,0,0,0,0,0,0,0,F,F,"1925PHI.EVN.regular.event.csv",3877
"PHI192508241","SLN",6,1,2,0,0,"",12,5,"sandh101","?","sandh101","?","hainj101","?","hainj101","?","ofarb101","bottj101","hornr101","belll101","thevt101","bladr102","shinr101","hafec101","","","","13","F","F",6,1,2,"T","T",0,"F","F",1,"F","F",0,"F","F",1,"G","F","F","",0,0,"N",0,"N",0,"N",0,0,0,0,"13","","","","F","F","F","F","F","F","F","F","F","","","","F","F","F","F","F","","","","",0,3,0,0,1,0,0,0,0,65,"PHI","PHI","SLN",1,"F","T",5,12,0,27,2,"T","F",0,0,"T","T","leacf101","willc103","T","T",0,0,0,0,0,0,0,0,0,"","","",0,0,0,0,0,0,0,0,0,0,0,0,0,"hainj101","F","F","F","F",0,0,0,0,0,0,0,0,0,0,F,F,"1925PHI.EVN.regular.event.csv",3878
"PHI192508241","SLN",7,0,0,0,0,"",12,5,"hainj101","?","hainj101","?","fribb101","?","fribb101","?","henlb101","wrigr102","kimmw101","hubec101","sandh101","harpg101","leacf101","willc103","","","","63","T","F",1,9,2,"T","T",0,"F","F",1,"F","F",0,"F","F",6,"G","F","F","",0,0,"N",0,"N",0,"N",0,0,0,0,"63","","","","F","F","F","F","F","F","F","F","F","","","","F","F","F","F","F","","","","",0,3,0,0,6,0,0,0,0,66,"PHI","SLN","PHI",0,"T","F",12,5,0,35,0,"T","F",0,0,"T","T","bladr102","shinr101","F","F",0,0,0,0,0,0,0,0,0,"","","",0,0,0,0,0,0,0,0,0,0,0,0,0,"sandh101","F","F","F","F",0,0,0,0,0,0,0,0,0,0,F,F,"1925PHI.EVN.regular.event.csv",3879
"PHI192508241","SLN",7,0,1,0,0,"",12,5,"bladr102","?","bladr102","?","fribb101","?","fribb101","?","henlb101","wrigr102","kimmw101","hubec101","sandh101","harpg101","leacf101","willc103","","","","3/FL","F","F",7,1,2,"T","T",0,"F","F",1,"F","F",0,"F","F",3,"F","F","T","",0,0,"N",0,"N",0,"N",0,0,0,0,"3","","","","F","F","F","F","F","F","F","F","F","","","","F","F","F","F","F","","","","",0,3,0,0,0,0,0,0,0,67,"PHI","SLN","PHI",0,"F","F",12,5,0,36,1,"T","F",0,0,"T","T","shinr101","hornr101","F","F",0,0,0,0,0,0,0,0,0,"","","",0,0,0,0,0,0,0,0,0,0,0,0,0,"wrigr102","F","F","F","F",0,0,0,0,0,0,0,0,0,0,F,F,"1925PHI.EVN.regular.event.csv",3880
"PHI192508241","SLN",7,0,2,0,0,"",12,5,"shinr101","?","shinr101","?","fribb101","?","fribb101","?","henlb101","wrigr102","kimmw101","hubec101","sandh101","harpg101","leacf101","willc103","","","","W","F","F",8,2,14,"T","F",0,"F","F",0,"F","F",0,"F","F",0,"","F","F","",0,0,"N",0,"N",0,"N",1,0,0,0,"","","","","F","F","F","F","F","F","F","F","F","","","","F","F","F","F","F","","","","",0,0,0,0,0,0,0,0,0,68,"PHI","SLN","PHI",0,"F","F",12,5,0,37,2,"T","F",0,1,"T","T","hornr101","bottj101","F","F",0,0,0,0,0,0,0,0,0,"","","",0,0,0,0,0,0,0,0,0,0,0,0,0,"","F","F","F","F",0,0,0,0,0,0,0,0,0,0,F,F,"1925PHI.EVN.regular.event.csv",3881
"PHI192508241","SLN",7,0,2,0,0,"",12,5,"hornr101","?","hornr101","?","fribb101","?","fribb101","?","henlb101","wrigr102","kimmw101","hubec101","sandh101","harpg101","leacf101","willc103","shinr101","","","CS2(26)","F","F",4,3,6,"F","F",0,"F","F",1,"F","F",0,"F","F",0,"","F","F","",0,0,"N",0,"N",0,"N",0,0,0,0,"","26","","","F","F","F","T","F","F","F","F","F","fribb101","","","F","F","F","F","F","","","","",0,6,0,0,2,0,0,0,0,69,"PHI","SLN","PHI",0,"F","T",12,5,0,38,3,"T","T",1,0,"T","T","bottj101","hafec101","F","F",8,2,68,0,0,0,0,0,0,"henlb101","","",0,0,0,0,0,0,0,0,0,0,0,0,0,"","F","F","F","F",0,0,0,0,0,0,0,0,0,0,F,F,"1925PHI.EVN.regular.event.csv",3882
"PHI192508241","SLN",7,1,0,0,0,"",12,5,"leacf101","?","leacf101","?","hainj101","?","hainj101","?","ofarb101","bottj101","hornr101","belll101","thevt101","bladr102","shinr101","hafec101","","","","S/6D","T","F",8,2,20,"T","T",1,"F","F",0,"F","F",0,"F","F",0,"","F","F","6D",0,0,"N",0,"N",0,"N",1,0,0,0,"","","","","F","F","F","F","F","F","F","F","F","","","","F","F","F","F","F","","","","",0,0,0,0,0,0,0,0,0,70,"PHI","PHI","SLN",1,"T","F",5,12,0,28,0,"T","F",0,1,"T","T","willc103","harpg101","T","T",0,0,0,0,0,0,0,0,0,"","","",0,0,0,0,0,0,0,0,0,0,0,0,0,"","F","F","F","F",0,0,0,0,0,0,0,0,0,0,F,F,"1925PHI.EVN.regular.event.csv",3883
"PHI192508241","SLN",7,1,0,0,0,"",12,5,"willc103","?","willc103","?","hainj101","?","hainj101","?","ofarb101","bottj101","hornr101","belll101","thevt101","bladr102","shinr101","hafec101","leacf101","","","6/P","F","F",9,3,2,"T","T",0,"F","F",1,"F","F",0,"F","F",6,"P","F","F","",0,0,"N",0,"N",0,"N",0,1,0,0,"6","","","","F","F","F","F","F","F","F","F","F","hainj101","","","F","F","F","F","F","","","","",0,6,0,0,0,0,0,0,0,71,"PHI","PHI","SLN",1,"F","F",5,12,0,29,1,"T","F",1,1,"T","T","harpg101","henlb101","T","T",8,2,70,0,0,0,0,0,0,"ofarb101","","",0,0,0,0,0,0,0,0,0,0,0,0,0,"thevt101","F","F","F","F",0,0,0,0,0,0,0,0,0,0,F,F,"1925PHI.EVN.regular.event.csv",3884
"PHI192508241","SLN",7,1,1,0,0,"",12,5,"harpg101","?","harpg101","?","hainj101","?","hainj101","?","ofarb101","bottj101","hornr101","belll101","thevt101","bladr102","shinr101","hafec101","leacf101","","","4/P","F","F",7,4,2,"T","T",0,"F","F",1,"F","F",0,"F","F",4,"P","F","F","",0,0,"N",0,"N",0,"N",0,1,0,0,"4","","","","F","F","F","F","F","F","F","F","F","hainj101","","","F","F","F","F","F","","","","",0,4,0,0,0,0,0,0,0,72,"PHI","PHI","SLN",1,"F","F",5,12,0,30,2,"T","F",1,1,"T","T","henlb101","wrigr102","T","T",8,2,70,0,0,0,0,0,0,"ofarb101","","",0,0,0,0,0,0,0,0,0,0,0,0,0,"hornr101","F","F","F","F",0,0,0,0,0,0,0,0,0,0,F,F,"1925PHI.EVN.regular.event.csv",3885
"PHI192508241","SLN",7,1,2,0,0,"",12,5,"henlb101","?","henlb101","?","hainj101","?","hainj101","?","ofarb101","bottj101","hornr101","belll101","thevt101","bladr102","shinr101","hafec101","leacf101","","","8/F","F","F",2,5,2,"T","T",0,"F","F",1,"F","F",0,"F","F",8,"F","F","F","",0,0,"N",0,"N",0,"N",0,1,0,0,"8","","","","F","F","F","F","F","F","F","F","F","hainj101","","","F","F","F","F","F","","","","",0,8,0,0,0,0,0,0,0,73,"PHI","PHI","SLN",1,"F","T",5,12,0,31,3,"T","F",1,1,"T","T","wrigr102","hubec101","T","T",8,2,70,0,0,0,0,0,0,"ofarb101","","",0,0,0,0,0,0,0,0,0,0,0,0,0,"shinr101","F","F","F","F",0,0,0,0,0,0,0,0,0,0,F,F,"1925PHI.EVN.regular.event.csv",3886
"PHI192508241","SLN",8,0,0,0,0,"",12,5,"hornr101","?","hornr101","?","fribb101","?","fribb101","?","henlb101","wrigr102","kimmw101","hubec101","sandh101","harpg101","leacf101","willc103","","","","63","T","F",4,3,2,"T","T",0,"F","F",1,"F","F",0,"F","F",6,"G","F","F","",0,0,"N",0,"N",0,"N",0,0,0,0,"63","","","","F","F","F","F","F","F","F","F","F","","","","F","F","F","F","F","","","","",0,3,0,0,6,0,0,0,0,74,"PHI","SLN","PHI",0,"T","F",12,5,0,38,0,"T","F",0,0,"T","T","bottj101","hafec101","F","F",0,0,0,0,0,0,0,0,0,"","","",0,0,0,0,0,0,0,0,0,0,0,0,0,"sandh101","F","F","F","F",0,0,0,0,0,0,0,0,0,0,F,F,"1925PHI.EVN.regular.event.csv",3887
"PHI192508241","SLN",8,0,1,0,0,"",12,5,"bottj101","?","bottj101","?","fribb101","?","fribb101","?","henlb101","wrigr102","kimmw101","hubec101","sandh101","harpg101","leacf101","willc103","","","","D9/F9DW","F","F",3,4,21,"T","T",2,"F","F",0,"F","F",0,"F","F",9,"F","F","F","9DW",0,0,"N",0,"N",0,"N",2,0,0,0,"","","","","F","F","F","F","F","F","F","F","F","","","","F","F","F","F","F","","","","",0,0,0,0,0,0,0,0,0,75,"PHI","SLN","PHI",0,"F","F",12,5,0,39,1,"T","F",0,2,"T","T","hafec101","belll101","F","F",0,0,0,0,0,0,0,0,0,"","","",0,0,0,0,0,0,0,0,0,0,0,0,0,"willc103","F","F","F","F",0,0,0,0,0,0,0,0,0,0,F,F,"1925PHI.EVN.regular.event.csv",3888
"PHI192508241","SLN",8,0,1,0,0,"",12,5,"hafec101","?","hafec101","?","fribb101","?","fribb101","?","henlb101","wrigr102","kimmw101","hubec101","sandh101","harpg101","leacf101","willc103","","bottj101","","7/F7D","F","F",9,5,2,"T","T",0,"F","F",1,"F","F",0,"F","F",7,"F","F","F","7D",0,0,"N",0,"N",0,"N",0,0,2,0,"7","","","","F","F","F","F","F","F","F","F","F","","fribb101","","F","F","F","F","F","","","","",0,7,0,0,0,0,0,0,0,76,"PHI","SLN","PHI",0,"F","F",12,5,0,40,2,"T","F",2,2,"T","T","belll101","ofarb101","F","F",0,0,0,3,4,75,0,0,0,"","henlb101","",0,0,0,0,0,0,0,0,0,0,0,0,0,"harpg101","F","F","F","F",0,0,0,0,0,0,0,0,0,0,F,F,"1925PHI.EVN.regular.event.csv",3889
"PHI192508241","SLN",8,0,2,0,0,"",12,5,"belll101","?","belll101","?","fribb101","?","fribb101","?","henlb101","wrigr102","kimmw101","hubec101","sandh101","harpg101","leacf101","willc103","","bottj101","","5/FL","F","F",5,6,2,"T","T",0,"F","F",1,"F","F",0,"F","F",5,"F","F","T","",0,0,"N",0,"N",0,"N",0,0,2,0,"5","","","","F","F","F","F","F","F","F","F","F","","fribb101","","F","F","F","F","F","","","","",0,5,0,0,0,0,0,0,0,77,"PHI","SLN","PHI",0,"F","T",12,5,0,41,3,"T","F",2,2,"T","T","ofarb101","thevt101","F","F",0,0,0,3,4,75,0,0,0,"","henlb101","",0,0,0,0,0,0,0,0,0,0,0,0,0,"hubec101","F","F","F","F",0,0,0,0,0,0,0,0,0,0,F,F,"1925PHI.EVN.regular.event.csv",3890
"PHI192508241","SLN",8,1,0,0,0,"",12,5,"wrigr102","?","wrigr102","?","hainj101","?","hainj101","?","ofarb101","bottj101","hornr101","belll101","thevt101","bladr102","shinr101","hafec101","","","","43","T","F",3,6,2,"T","T",0,"F","F",1,"F","F",0,"F","F",4,"G","F","F","",0,0,"N",0,"N",0,"N",0,0,0,0,"43","","","","F","F","F","F","F","F","F","F","F","","","","F","F","F","F","F","","","","",0,3,0,0,4,0,0,0,0,78,"PHI","PHI","SLN",1,"T","F",5,12,0,32,0,"T","F",0,0,"F","F","hubec101","fribb101","T","T",0,0,0,0,0,0,0,0,0,"","","",0,0,0,0,0,0,0,0,0,0,0,0,0,"hornr101","F","F","F","F",0,0,0,0,0,0,0,0,0,0,F,F,"1925PHI.EVN.regular.event.csv",3891
"PHI192508241","SLN",8,1,1,0,0,"",12,5,"hubec101","?","hubec101","?","hainj101","?","hainj101","?","ofarb101","bottj101","hornr101","belll101","thevt101","bladr102","shinr101","hafec101","","","","63","F","F",5,7,2,"T","T",0,"F","F",1,"F","F",0,"F","F",6,"G","F","F","",0,0,"N",0,"N",0,"N",0,0,0,0,"63","","","","F","F","F","F","F","F","F","F","F","","","","F","F","F","F","F","","","","",0,3,0,0,6,0,0,0,0,79,"PHI","PHI","SLN",1,"F","F",5,12,0,33,1,"T","F",0,0,"T","T","fribb101","kimmw101","T","T",0,0,0,0,0,0,0,0,0,"","","",0,0,0,0,0,0,0,0,0,0,0,0,0,"thevt101","F","F","F","F",0,0,0,0,0,0,0,0,0,0,F,F,"1925PHI.EVN.regular.event.csv",3892
"PHI192508241","SLN",8,1,2,0,0,"",12,5,"fribb101","?","fribb101","?","hainj101","?","hainj101","?","ofarb101","bottj101","hornr101","belll101","thevt101","bladr102","shinr101","hafec101","","","","3E1","F","F",1,8,2,"T","T",0,"F","F",0,"F","F",0,"F","F",3,"G","F","F","",1,1,"D",0,"N",0,"N",1,0,0,0,"3E1","","","","F","F","F","F","F","F","F","F","F","","","","F","F","F","F","F","","","","",0,0,0,0,3,0,0,0,0,80,"PHI","PHI","SLN",1,"F","F",5,12,0,34,2,"T","F",0,1,"T","T","kimmw101","sandh101","T","T",0,0,0,0,0,0,0,0,0,"","","",0,0,0,0,0,0,0,0,0,0,0,0,0,"bottj101","F","F","F","T",0,0,0,0,0,0,0,0,0,0,F,F,"1925PHI.EVN.regular.event.csv",3893
"PHI192508241","SLN",8,1,2,0,0,"",12,5,"kimmw101","?","kimmw101","?","hainj101","?","hainj101","?","ofarb101","bottj101","hornr101","belll101","thevt101","bladr102","shinr101","hafec101","fribb101","","","K/C","F","F",4,9,3,"T","T",0,"F","F",1,"F","F",0,"F","F",0,"","F","F","",0,0,"N",0,"N",0,"N",0,1,0,0,"2","","","","F","F","F","F","F","F","F","F","F","hainj101","","","F","F","F","F","F","","","","",0,2,0,0,0,0,0,0,0,81,"PHI","PHI","SLN",1,"F","T",5,12,0,35,3,"T","F",1,1,"F","F","sandh101","leacf101","T","T",1,8,80,0,0,0,0,0,0,"ofarb101","","",0,0,0,0,0,0,0,0,0,0,0,0,0,"","F","F","F","F",0,0,0,0,0,0,0,0,0,0,F,F,"1925PHI.EVN.regular.event.csv",3894
"PHI192508241","SLN",9,0,0,0,0,"",12,5,"ofarb101","?","ofarb101","?","fribb101","?","fribb101","?","henlb101","wrigr102","kimmw101","hubec101","sandh101","harpg101","leacf101","willc103","","","","W","T","F",2,7,14,"T","F",0,"F","F",0,"F","F",0,"F","F",0,"","F","F","",0,0,"N",0,"N",0,"N",1,0,0,0,"","","","","F","F","F","F","F","F","F","F","F","","","","F","F","F","F","F","","","","",0,0,0,0,0,0,0,0,0,82,"PHI","SLN","PHI",0,"T","F",12,5,0,42,0,"T","F",0,1,"T","T","thevt101","hainj101","F","F",0,0,0,0,0,0,0,0,0,"","","",0,0,0,0,0,0,0,0,0,0,0,0,0,"","F","F","F","F",4,0,0,0,2,0,0,0,0,0,F,F,"1925PHI.EVN.regular.event.csv",3895
"PHI192508241","SLN",9,0,0,0,0,"",12,5,"thevt101","?","thevt101","?","fribb101","?","fribb101","?","henlb101","wrigr102","kimmw101","hubec101","sandh101","harpg101","leacf101","willc103","ofarb101","","","S7.1-3;B-2(TH3)","F","F",6,8,20,"T","T",1,"F","F",0,"F","F",0,"F","F",7,"","F","F","",0,0,"N",0,"N",0,"N",2,3,0,0,"","","","","F","F","F","F","F","F","F","F","F","fribb101","","","F","F","F","F","F","","","","",0,0,0,0,0,0,0,0,0,83,"PHI","SLN","PHI",0,"F","F",12,5,0,43,1,"T","F",1,6,"T","T","hainj101","bladr102","F","F",2,7,82,0,0,0,0,0,0,"henlb101","","",0,0,0,0,0,0,0,0,0,0,0,0,0,"harpg101","F","F","F","F",4,4,0,0,2,0,0,0,0,0,F,F,"1925PHI.EVN.regular.event.csv",3896
"PHI192508241","SLN",9,0,0,0,0,"",12,5,"hainj101","?","hainj101","?","fribb101","?","fribb101","?","henlb101","wrigr102","kimmw101","hubec101","sandh101","harpg101","leacf101","willc103","","thevt101","ofarb101","7/F","F","F",1,9,2,"T","T",0,"F","F",1,"F","F",0,"F","F",7,"F","F","F","",0,0,"N",0,"N",0,"N",0,0,2,3,"7","","","","F","F","F","F","F","F","F","F","F","","fribb101","fribb101","F","F","F","F","F","","","","",0,7,0,0,0,0,0,0,0,84,"PHI","SLN","PHI",0,"F","F",12,5,0,44,2,"T","F",6,6,"T","T","bladr102","shinr101","F","F",0,0,0,6,8,83,2,7,82,"","henlb101","henlb101",0,0,0,0,0,0,0,0,0,0,0,0,0,"harpg101","F","F","F","F",0,0,4,4,2,0,0,0,0,0,F,F,"1925PHI.EVN.regular.event.csv",3897
"PHI192508241","SLN",9,0,1,0,0,"",12,5,"bladr102","?","bladr102","?","fribb101","?","fribb101","?","henlb101","wrigr102","kimmw101","hubec101","sandh101","harpg101","leacf101","willc103","","thevt101","ofarb101","63.3-H;2-3","F","F",7,1,2,"T","T",0,"F","F",1,"F","F",1,"F","F",6,"G","F","F","",0,0,"N",0,"N",0,"N",0,0,3,4,"63","","","","F","F","F","F","F","F","F","F","F","","fribb101","fribb101","F","F","F","F","F","","","","",0,3,0,0,6,0,0,0,0,85,"PHI","SLN","PHI",0,"F","F",12,5,0,45,3,"T","F",6,4,"T","T","shinr101","hornr101","F","F",0,0,0,6,8,83,2,7,82,"","henlb101","henlb101",0,0,0,0,0,0,0,0,0,0,0,0,1,"sandh101","F","F","F","F",0,0,4,4,1,0,0,0,0,0,F,F,"1925PHI.EVN.regular.event.csv",3898
"PHI192508241","SLN",9,0,2,0,0,"",13,5,"shinr101","?","shinr101","?","fribb101","?","fribb101","?","henlb101","wrigr102","kimmw101","hubec101","sandh101","harpg101","leacf101","willc103","","","thevt101","S8.3-H","F","F",8,2,20,"T","T",1,"F","F",0,"F","F",1,"F","F",8,"","F","F","",0,0,"N",0,"N",0,"N",1,0,0,4,"","","","","F","F","F","F","F","F","F","F","F","","","fribb101","F","F","F","F","F","","","","",0,0,0,0,0,0,0,0,0,86,"PHI","SLN","PHI",0,"F","F",13,5,1,46,4,"T","F",4,1,"T","T","hornr101","bottj101","F","F",0,0,0,0,0,0,6,8,83,"","","henlb101",0,0,0,0,0,0,0,0,0,0,0,0,1,"leacf101","F","F","F","F",0,0,0,4,0,0,0,0,0,0,F,F,"1925PHI.EVN.regular.event.csv",3899
"PHI192508241","SLN",9,0,2,0,0,"",14,5,"hornr101","?","hornr101","?","fribb101","?","fribb101","?","henlb101","wrigr102","kimmw101","hubec101","sandh101","harpg101","leacf101","willc103","shinr101","","","CS2(26)","F","F",4,3,6,"F","F",0,"F","F",1,"F","F",0,"F","F",0,"","F","F","",0,0,"N",0,"N",0,"N",0,0,0,0,"","26","","","F","F","F","T","F","F","F","F","F","fribb101","","","F","F","F","F","F","","","","",0,6,0,0,2,0,0,0,0,87,"PHI","SLN","PHI",0,"F","T",14,5,2,47,5,"T","T",1,0,"T","T","bottj101","hafec101","F","F",8,2,86,0,0,0,0,0,0,"henlb101","","",0,0,0,0,0,0,0,0,0,0,0,0,0,"","F","F","F","F",0,0,0,0,0,0,0,0,0,0,F,F,"1925PHI.EVN.regular.event.csv",3900
"PHI192508241","SLN",9,1,0,0,0,"",14,5,"sandh101","?","sandh101","?","hainj101","?","hainj101","?","ofarb101","bottj101","hornr101","belll101","thevt101","bladr102","shinr101","hafec101","","","","13","T","F",6,1,2,"T","T",0,"F","F",1,"F","F",0,"F","F",1,"G","F","F","",0,0,"N",0,"N",0,"N",0,0,0,0,"13","","","","F","F","F","F","F","F","F","F","F","","","","F","F","F","F","F","","","","",0,3,0,0,1,0,0,0,0,88,"PHI","PHI","SLN",1,"T","F",5,14,0,36,0,"T","F",0,0,"T","T","leacf101","willc103","T","T",0,0,0,0,0,0,0,0,0,"","","",0,0,0,0,0,0,0,0,0,0,0,0,0,"hainj101","F","F","F","F",0,0,0,0,0,0,0,0,0,0,F,F,"1925PHI.EVN.regular.event.csv",3901
"PHI192508241","SLN",9,1,1,0,0,"",14,5,"leacf101","?","leacf101","?","hainj101","?","hainj101","?","ofarb101","bottj101","hornr101","belll101","thevt101","bladr102","shinr101","hafec101","","","","43","F","F",8,2,2,"T","T",0,"F","F",1,"F","F",0,"F","F",4,"G","F","F","",0,0,"N",0,"N",0,"N",0,0,0,0,"43","","","","F","F","F","F","F","F","F","F","F","","","","F","F","F","F","F","","","","",0,3,0,0,4,0,0,0,0,89,"PHI","PHI","SLN",1,"F","F",5,14,0,37,1,"T","F",0,0,"T","T","willc103","harpg101","T","T",0,0,0,0,0,0,0,0,0,"","","",0,0,0,0,0,0,0,0,0,0,0,0,0,"hornr101","F","F","F","F",0,0,0,0,0,0,0,0,0,0,F,F,"1925PHI.EVN.regular.event.csv",3902
"PHI192508241","SLN",9,1,2,0,0,"",14,5,"willc103","?","willc103","?","hainj101","?","hainj101","?","ofarb101","bottj101","hornr101","belll101","thevt101","bladr102","shinr101","hafec101","","","","8/F","F","F",9,3,2,"T","T",0,"F","F",1,"F","F",0,"F","F",8,"F","F","F","",0,0,"N",0,"N",0,"N",0,0,0,0,"8","","","","F","F","F","F","F","F","F","F","F","","","","F","T","F","F","F","","","","",0,8,0,0,0,0,0,0,0,90,"PHI","PHI","SLN",1,"F","T",5,14,0,38,2,"T","F",0,0,"T","T","harpg101","henlb101","T","T",0,0,0,0,0,0,0,0,0,"","","",0,0,0,0,0,0,0,0,0,0,0,0,0,"shinr101","F","F","F","F",0,0,0,0,0,0,0,0,0,0,F,F,"1925PHI.EVN.regular.event.csv",3903
"PHI192508242","SLN",1,0,0,0,0,"",0,0,"bladr102","?","bladr102","?","ringj101","?","ringj101","?","wilsj105","fonsl101","fribb101","hubec101","sandh101","mokaj101","leacf101","burng101","","","","4/P","T","F",7,1,2,"T","T",0,"F","F",1,"F","F",0,"F","F",4,"P","F","F","",0,0,"N",0,"N",0,"N",0,0,0,0,"4","","","","F","F","F","F","F","F","F","F","F","","","","T","F","F","F","F","","","","",0,4,0,0,0,0,0,0,0,1,"PHI","SLN","PHI",0,"T","F",0,0,0,0,0,"T","F",0,0,"T","T","smitj106","hornr101","T","T",0,0,0,0,0,0,0,0,0,"","","",0,0,0,0,0,0,0,0,0,0,0,0,0,"fribb101","F","F","F","F",0,0,0,0,0,0,0,0,0,0,F,F,"1925PHI.EVN.regular.event.csv",3904
"PHI192508242","SLN",1,0,1,0,0,"",0,0,"smitj106","?","smitj106","?","ringj101","?","ringj101","?","wilsj105","fonsl101","fribb101","hubec101","sandh101","mokaj101","leacf101","burng101","","","","4/P","F","F",8,2,2,"T","T",0,"F","F",1,"F","F",0,"F","F",4,"P","F","F","",0,0,"N",0,"N",0,"N",0,0,0,0,"4","","","","F","F","F","F","F","F","F","F","F","","","","F","F","F","F","F","","","","",0,4,0,0,0,0,0,0,0,2,"PHI","SLN","PHI",0,"F","F",0,0,0,1,1,"T","F",0,0,"T","T","hornr101","bottj101","T","T",0,0,0,0,0,0,0,0,0,"","","",0,0,0,0,0,0,0,0,0,0,0,0,0,"fribb101","F","F","F","F",0,0,0,0,0,0,0,0,0,0,F,F,"1925PHI.EVN.regular.event.csv",3905
"PHI192508242","SLN",1,0,2,0,0,"",0,0,"hornr101","?","hornr101","?","ringj101","?","ringj101","?","wilsj105","fonsl101","fribb101","hubec101","sandh101","mokaj101","leacf101","burng101","","","","43","F","F",4,3,2,"T","T",0,"F","F",1,"F","F",0,"F","F",4,"G","F","F","",0,0,"N",0,"N",0,"N",0,0,0,0,"43","","","","F","F","F","F","F","F","F","F","F","","","","F","F","F","F","F","","","","",0,3,0,0,4,0,0,0,0,3,"PHI","SLN","PHI",0,"F","T",0,0,0,2,2,"T","F",0,0,"T","T","bottj101","hafec101","T","T",0,0,0,0,0,0,0,0,0,"","","",0,0,0,0,0,0,0,0,0,0,0,0,0,"fribb101","F","F","F","F",0,0,0,0,0,0,0,0,0,0,F,F,"1925PHI.EVN.regular.event.csv",3906
"PHI192508242","SLN",1,1,0,0,0,"",0,0,"sandh101","?","sandh101","?","reina102","?","reina102","?","vicke101","bottj101","hornr101","belll101","thevt101","bladr102","smitj106","hafec101","","","","43","T","F",6,1,2,"T","T",0,"F","F",1,"F","F",0,"F","F",4,"G","F","F","",0,0,"N",0,"N",0,"N",0,0,0,0,"43","","","","F","F","F","F","F","F","F","F","F","","","","F","F","F","F","F","","","","",0,3,0,0,4,0,0,0,0,4,"PHI","PHI","SLN",1,"T","F",0,0,0,0,0,"T","F",0,0,"T","T","leacf101","burng101","T","T",0,0,0,0,0,0,0,0,0,"","","",0,0,0,0,0,0,0,0,0,0,0,0,0,"hornr101","F","F","F","F",0,0,0,0,0,0,0,0,0,0,F,F,"1925PHI.EVN.regular.event.csv",3907
"PHI192508242","SLN",1,1,1,0,0,"",0,0,"leacf101","?","leacf101","?","reina102","?","reina102","?","vicke101","bottj101","hornr101","belll101","thevt101","bladr102","smitj106","hafec101","","","","53","F","F",8,2,2,"T","T",0,"F","F",1,"F","F",0,"F","F",5,"G","F","F","",0,0,"N",0,"N",0,"N",0,0,0,0,"53","","","","F","F","F","F","F","F","F","F","F","","","","F","F","F","F","F","","","","",0,3,0,0,5,0,0,0,0,5,"PHI","PHI","SLN",1,"F","F",0,0,0,1,1,"T","F",0,0,"T","T","burng101","mokaj101","T","T",0,0,0,0,0,0,0,0,0,"","","",0,0,0,0,0,0,0,0,0,0,0,0,0,"belll101","F","F","F","F",0,0,0,0,0,0,0,0,0,0,F,F,"1925PHI.EVN.regular.event.csv",3908
"PHI192508242","SLN",1,1,2,0,0,"",0,0,"burng101","?","burng101","?","reina102","?","reina102","?","vicke101","bottj101","hornr101","belll101","thevt101","bladr102","smitj106","hafec101","","","","3/P","F","F",9,3,2,"T","T",0,"F","F",1,"F","F",0,"F","F",3,"P","F","F","",0,0,"N",0,"N",0,"N",0,0,0,0,"3","","","","F","F","F","F","F","F","F","F","F","","","","F","F","F","F","F","","","","",0,3,0,0,0,0,0,0,0,6,"PHI","PHI","SLN",1,"F","T",0,0,0,2,2,"T","F",0,0,"T","T","mokaj101","wilsj105","T","T",0,0,0,0,0,0,0,0,0,"","","",0,0,0,0,0,0,0,0,0,0,0,0,0,"bottj101","F","F","F","F",0,0,0,0,0,0,0,0,0,0,F,F,"1925PHI.EVN.regular.event.csv",3909
"PHI192508242","SLN",2,0,0,0,0,"",0,0,"bottj101","?","bottj101","?","ringj101","?","ringj101","?","wilsj105","fonsl101","fribb101","hubec101","sandh101","mokaj101","leacf101","burng101","","","","S9","T","F",3,4,20,"T","T",1,"F","F",0,"F","F",0,"F","F",9,"","F","F","",0,0,"N",0,"N",0,"N",1,0,0,0,"","","","","F","F","F","F","F","F","F","F","F","","","","F","F","F","F","F","","","","",0,0,0,0,0,0,0,0,0,7,"PHI","SLN","PHI",0,"T","F",0,0,0,3,0,"T","F",0,1,"T","T","hafec101","belll101","T","T",0,0,0,0,0,0,0,0,0,"","","",0,0,0,0,0,0,0,0,0,0,0,0,0,"burng101","F","F","F","F",0,0,0,0,0,0,0,0,0,0,F,F,"1925PHI.EVN.regular.event.csv",3910
"PHI192508242","SLN",2,0,0,0,0,"",0,0,"hafec101","?","hafec101","?","ringj101","?","ringj101","?","wilsj105","fonsl101","fribb101","hubec101","sandh101","mokaj101","leacf101","burng101","bottj101","","","K","F","F",9,5,3,"T","T",0,"F","F",1,"F","F",0,"F","F",0,"","F","F","",0,0,"N",0,"N",0,"N",0,1,0,0,"2","","","","F","F","F","F","F","F","F","F","F","ringj101","","","F","F","F","F","F","","","","",0,2,0,0,0,0,0,0,0,8,"PHI","SLN","PHI",0,"F","F",0,0,0,4,1,"T","F",1,1,"T","T","belll101","vicke101","T","T",3,4,7,0,0,0,0,0,0,"wilsj105","","",0,0,0,0,0,0,0,0,0,0,0,0,0,"","F","F","F","F",0,0,0,0,0,0,0,0,0,0,F,F,"1925PHI.EVN.regular.event.csv",3911
"PHI192508242","SLN",2,0,1,0,0,"",0,0,"belll101","?","belll101","?","ringj101","?","ringj101","?","wilsj105","fonsl101","fribb101","hubec101","sandh101","mokaj101","leacf101","burng101","bottj101","","","7/F","F","F",5,6,2,"T","T",0,"F","F",1,"F","F",0,"F","F",7,"F","F","F","",0,0,"N",0,"N",0,"N",0,1,0,0,"7","","","","F","F","F","F","F","F","F","F","F","ringj101","","","F","F","F","F","F","","","","",0,7,0,0,0,0,0,0,0,9,"PHI","SLN","PHI",0,"F","F",0,0,0,5,2,"T","F",1,1,"T","T","vicke101","thevt101","T","T",3,4,7,0,0,0,0,0,0,"wilsj105","","",0,0,0,0,0,0,0,0,0,0,0,0,0,"mokaj101","F","F","F","F",0,0,0,0,0,0,0,0,0,0,F,F,"1925PHI.EVN.regular.event.csv",3912
"PHI192508242","SLN",2,0,2,0,0,"",0,0,"vicke101","?","vicke101","?","ringj101","?","ringj101","?","wilsj105","fonsl101","fribb101","hubec101","sandh101","mokaj101","leacf101","burng101","bottj101","","","31","F","F",2,7,2,"T","T",0,"F","F",1,"F","F",0,"F","F",3,"G","F","F","",0,0,"N",0,"N",0,"N",0,1,0,0,"31","","","","F","F","F","F","F","F","F","F","F","ringj101","","","F","F","F","F","F","","","","",0,1,0,0,3,0,0,0,0,10,"PHI","SLN","PHI",0,"F","T",0,0,0,6,3,"T","F",1,1,"T","T","thevt101","reina102","T","T",3,4,7,0,0,0,0,0,0,"wilsj105","","",0,0,0,0,0,0,0,0,0,0,0,0,0,"fonsl101","F","F","F","F",0,0,0,0,0,0,0,0,0,0,F,F,"1925PHI.EVN.regular.event.csv",3913
"PHI192508242","SLN",2,1,0,0,0,"",0,0,"mokaj101","?","mokaj101","?","reina102","?","reina102","?","vicke101","bottj101","hornr101","belll101","thevt101","bladr102","smitj106","hafec101","","","","W","T","F",7,4,14,"T","F",0,"F","F",0,"F","F",0,"F","F",0,"","F","F","",0,0,"N",0,"N",0,"N",1,0,0,0,"","","","","F","F","F","F","F","F","F","F","F","","","","F","F","F","F","F","","","","",0,0,0,0,0,0,0,0,0,11,"PHI","PHI","SLN",1,"T","F",0,0,0,3,0,"T","F",0,1,"T","T","wilsj105","fonsl101","T","T",0,0,0,0,0,0,0,0,0,"","","",0,0,0,0,0,0,0,0,0,0,0,0,0,"","F","F","F","F",0,0,0,0,0,0,0,0,0,0,F,F,"1925PHI.EVN.regular.event.csv",3914
"PHI192508242","SLN",2,1,0,0,0,"",0,0,"wilsj105","?","wilsj105","?","reina102","?","reina102","?","vicke101","bottj101","hornr101","belll101","thevt101","bladr102","smitj106","hafec101","mokaj101","","","6/L","F","F",2,5,2,"T","T",0,"F","F",1,"F","F",0,"F","F",6,"L","F","F","",0,0,"N",0,"N",0,"N",0,1,0,0,"6","","","","F","F","F","F","F","F","F","F","F","reina102","","","F","F","F","F","F","","","","",0,6,0,0,0,0,0,0,0,12,"PHI","PHI","SLN",1,"F","F",0,0,0,4,1,"T","F",1,1,"T","T","fonsl101","hubec101","T","T",7,4,11,0,0,0,0,0,0,"vicke101","","",0,0,0,0,0,0,0,0,0,0,0,0,0,"thevt101","F","F","F","F",0,0,0,0,0,0,0,0,0,0,F,F,"1925PHI.EVN.regular.event.csv",3915
"PHI192508242","SLN",2,1,1,0,0,"",0,0,"fonsl101","?","fonsl101","?","reina102","?","reina102","?","vicke101","bottj101","hornr101","belll101","thevt101","bladr102","smitj106","hafec101","mokaj101","","","54(1)/FO","F","F",3,6,2,"T","T",0,"F","F",1,"F","F",0,"F","F",5,"G","F","F","",0,0,"N",0,"N",0,"N",1,0,0,0,"","54","","","F","F","F","F","F","F","F","F","F","reina102","","","F","F","F","F","F","","","","",0,4,0,0,5,0,0,0,0,13,"PHI","PHI","SLN",1,"F","F",0,0,0,5,2,"T","F",1,1,"T","T","hubec101","fribb101","T","T",7,4,11,0,0,0,0,0,0,"vicke101","","",0,0,0,0,0,0,0,0,0,0,0,0,0,"belll101","T","F","F","F",0,0,0,0,0,0,0,0,0,0,F,F,"1925PHI.EVN.regular.event.csv",3916
"PHI192508242","SLN",2,1,2,0,0,"",0,0,"hubec101","?","hubec101","?","reina102","?","reina102","?","vicke101","bottj101","hornr101","belll101","thevt101","bladr102","smitj106","hafec101","fonsl101","","","S7.1-2","F","F",5,7,20,"T","T",1,"F","F",0,"F","F",0,"F","F",7,"","F","F","",0,0,"N",0,"N",0,"N",1,2,0,0,"","","","","F","F","F","F","F","F","F","F","F","reina102","","","F","F","F","F","F","","","","",0,0,0,0,0,0,0,0,0,14,"PHI","PHI","SLN",1,"F","F",0,0,0,6,3,"T","F",1,3,"T","T","fribb101","ringj101","T","T",3,6,13,0,0,0,0,0,0,"vicke101","","",0,0,0,0,0,0,0,0,0,0,0,0,0,"bladr102","F","F","F","F",0,0,0,0,0,0,0,0,0,0,F,F,"1925PHI.EVN.regular.event.csv",3917
"PHI192508242","SLN",2,1,2,0,0,"",0,0,"fribb101","?","fribb101","?","reina102","?","reina102","?","vicke101","bottj101","hornr101","belll101","thevt101","bladr102","smitj106","hafec101","hubec101","fonsl101","","W.2-3;1-2","F","F",4,8,14,"T","F",0,"F","F",0,"F","F",0,"F","F",0,"","F","F","",0,0,"N",0,"N",0,"N",1,2,3,0,"","","","","F","F","F","F","F","F","F","F","F","reina102","reina102","","F","F","F","F","F","","","","",0,0,0,0,0,0,0,0,0,15,"PHI","PHI","SLN",1,"F","F",0,0,0,7,4,"T","F",3,7,"T","T","ringj101","sandh101","T","T",5,7,14,3,6,13,0,0,0,"vicke101","vicke101","",0,0,0,0,0,0,0,0,0,0,0,0,0,"","F","F","F","F",0,0,0,0,0,0,0,0,0,0,F,F,"1925PHI.EVN.regular.event.csv",3918
"PHI192508242","SLN",2,1,2,0,0,"",0,0,"ringj101","?","ringj101","?","reina102","?","reina102","?","vicke101","bottj101","hornr101","belll101","thevt101","bladr102","smitj106","hafec101","fribb101","hubec101","fonsl101","53","F","F",1,9,2,"T","T",0,"F","F",1,"F","F",0,"F","F",5,"G","F","F","",0,0,"N",0,"N",0,"N",0,1,2,3,"53","","","","F","F","F","F","F","F","F","F","F","reina102","reina102","reina102","F","F","F","F","F","","","","",0,3,0,0,5,0,0,0,0,16,"PHI","PHI","SLN",1,"F","T",0,0,0,8,5,"T","F",7,7,"T","T","sandh101","leacf101","T","T",4,8,15,5,7,14,3,6,13,"vicke101","vicke101","vicke101",0,0,0,0,0,0,0,0,0,0,0,0,0,"belll101","F","F","F","F",0,0,0,0,0,0,0,0,0,0,F,F,"1925PHI.EVN.regular.event.csv",3919
"PHI192508242","SLN",3,0,0,0,0,"",0,0,"thevt101","?","thevt101","?","ringj101","?","ringj101","?","wilsj105","fonsl101","fribb101","hubec101","sandh101","mokaj101","leacf101","burng101","","","","S9","T","F",6,8,20,"T","T",1,"F","F",0,"F","F",0,"F","F",9,"","F","F","",0,0,"N",0,"N",0,"N",1,0,0,0,"","","","","F","F","F","F","F","F","F","F","F","","","","F","F","F","F","F","","","","",0,0,0,0,0,0,0,0,0,17,"PHI","SLN","PHI",0,"T","F",0,0,0,7,0,"T","F",0,1,"T","T","reina102","bladr102","T","T",0,0,0,0,0,0,0,0,0,"","","",0,0,0,0,0,0,0,0,0,0,0,0,0,"burng101","F","F","F","F",0,0,0,0,0,0,0,0,0,0,F,F,"1925PHI.EVN.regular.event.csv",3920
"PHI192508242","SLN",3,0,0,0,0,"",0,0,"reina102","?","reina102","?","ringj101","?","ringj101","?","wilsj105","fonsl101","fribb101","hubec101","sandh101","mokaj101","leacf101","burng101","thevt101","","","46(1)/FO","F","F",1,9,2,"T","T",0,"F","F",1,"F","F",0,"F","F",4,"G","F","F","",0,0,"N",0,"N",0,"N",1,0,0,0,"","46","","","F","F","F","F","F","F","F","F","F","ringj101","","","F","F","F","F","F","","","","",0,6,0,0,4,0,0,0,0,18,"PHI","SLN","PHI",0,"F","F",0,0,0,8,1,"T","F",1,1,"T","T","bladr102","smitj106","T","T",6,8,17,0,0,0,0,0,0,"wilsj105","","",0,0,0,0,0,0,0,0,0,0,0,0,0,"fribb101","T","F","F","F",0,0,0,0,0,0,0,0,0,0,F,F,"1925PHI.EVN.regular.event.csv",3921
"PHI192508242","SLN",3,0,1,0,0,"",0,0,"bladr102","?","bladr102","?","ringj101","?","ringj101","?","wilsj105","fonsl101","fribb101","hubec101","sandh101","mokaj101","leacf101","burng101","reina102","","","FC5.1-2","F","F",7,1,19,"T","T",0,"F","F",0,"F","F",0,"F","F",5,"G","F","F","",0,0,"N",0,"N",0,"N",1,2,0,0,"","","","","F","F","F","F","F","F","F","F","F","ringj101","","","F","F","F","F","F","","","","",0,0,0,0,0,0,0,0,0,19,"PHI","SLN","PHI",0,"F","F",0,0,0,9,2,"T","F",1,3,"T","T","smitj106","hornr101","T","T",1,9,18,0,0,0,0,0,0,"wilsj105","","",0,0,0,0,0,0,0,0,0,0,0,0,0,"hubec101","F","F","F","F",0,0,0,0,0,0,0,0,0,0,F,F,"1925PHI.EVN.regular.event.csv",3922
"PHI192508242","SLN",3,0,1,0,0,"",0,0,"smitj106","?","smitj106","?","ringj101","?","ringj101","?","wilsj105","fonsl101","fribb101","hubec101","sandh101","mokaj101","leacf101","burng101","bladr102","reina102","","4/P","F","F",8,2,2,"T","T",0,"F","F",1,"F","F",0,"F","F",4,"P","F","F","",0,0,"N",0,"N",0,"N",0,1,2,0,"4","","","","F","F","F","F","F","F","F","F","F","ringj101","ringj101","","F","F","F","F","F","","","","",0,4,0,0,0,0,0,0,0,20,"PHI","SLN","PHI",0,"F","F",0,0,0,10,3,"T","F",3,3,"T","T","hornr101","bottj101","T","T",7,1,19,1,9,18,0,0,0,"wilsj105","wilsj105","",0,0,0,0,0,0,0,0,0,0,0,0,0,"fribb101","F","F","F","F",0,0,0,0,0,0,0,0,0,0,F,F,"1925PHI.EVN.regular.event.csv",3923
"PHI192508242","SLN",3,0,2,0,0,"",0,0,"hornr101","?","hornr101","?","ringj101","?","ringj101","?","wilsj105","fonsl101","fribb101","hubec101","sandh101","mokaj101","leacf101","burng101","bladr102","reina102","","E6/G.2-3;1-2","F","F",4,3,18,"T","T",0,"F","F",0,"F","F",0,"F","F",6,"G","F","F","",1,6,"F",0,"N",0,"N",1,2,3,0,"","","","","F","F","F","F","F","F","F","F","F","ringj101","ringj101","","F","F","F","F","F","","","","",0,0,0,0,0,0,0,0,0,21,"PHI","SLN","PHI",0,"F","F",0,0,0,11,4,"T","F",3,7,"T","T","bottj101","hafec101","T","T",7,1,19,1,9,18,0,0,0,"wilsj105","wilsj105","",0,0,0,0,0,0,0,0,0,0,0,0,0,"sandh101","F","F","F","T",0,0,0,0,0,0,0,0,0,0,F,F,"1925PHI.EVN.regular.event.csv",3924
"PHI192508242","SLN",3,0,2,0,0,"",0,0,"bottj101","?","bottj101","?","ringj101","?","ringj101","?","wilsj105","fonsl101","fribb101","hubec101","sandh101","mokaj101","leacf101","burng101","hornr101","bladr102","reina102","12(3)/FO","F","F",3,4,2,"T","T",0,"F","F",1,"F","F",0,"F","F",1,"G","F","F","",0,0,"N",0,"N",0,"N",1,1,2,0,"","","","12","F","F","F","F","F","F","F","F","F","ringj101","ringj101","ringj101","F","F","F","F","F","","","","",0,2,0,0,1,0,0,0,0,22,"PHI","SLN","PHI",0,"F","T",0,0,0,12,5,"T","F",7,3,"T","T","hafec101","belll101","T","T",4,3,21,7,1,19,1,9,18,"wilsj105","wilsj105","wilsj105",0,0,0,0,0,0,0,0,0,0,0,0,0,"ringj101","F","F","T","F",0,0,0,0,0,0,0,0,0,0,F,F,"1925PHI.EVN.regular.event.csv",3925
"PHI192508242","SLN",3,1,0,0,0,"",0,0,"sandh101","?","sandh101","?","reina102","?","reina102","?","vicke101","bottj101","hornr101","belll101","thevt101","bladr102","smitj106","hafec101","","","","8/L","T","F",6,1,2,"T","T",0,"F","F",1,"F","F",0,"F","F",8,"L","F","F","",0,0,"N",0,"N",0,"N",0,0,0,0,"8","","","","F","F","F","F","F","F","F","F","F","","","","F","F","F","F","F","","","","",0,8,0,0,0,0,0,0,0,23,"PHI","PHI","SLN",1,"T","F",0,0,0,9,0,"T","F",0,0,"T","T","leacf101","burng101","T","T",0,0,0,0,0,0,0,0,0,"","","",0,0,0,0,0,0,0,0,0,0,0,0,0,"smitj106","F","F","F","F",0,0,0,0,0,0,0,0,0,0,F,F,"1925PHI.EVN.regular.event.csv",3926
"PHI192508242","SLN",3,1,1,0,0,"",0,0,"leacf101","?","leacf101","?","reina102","?","reina102","?","vicke101","bottj101","hornr101","belll101","thevt101","bladr102","smitj106","hafec101","","","","31","F","F",8,2,2,"T","T",0,"F","F",1,"F","F",0,"F","F",3,"G","F","F","",0,0,"N",0,"N",0,"N",0,0,0,0,"31","","","","F","F","F","F","F","F","F","F","F","","","","F","F","F","F","F","","","","",0,1,0,0,3,0,0,0,0,24,"PHI","PHI","SLN",1,"F","F",0,0,0,10,1,"T","F",0,0,"T","T","burng101","mokaj101","T","T",0,0,0,0,0,0,0,0,0,"","","",0,0,0,0,0,0,0,0,0,0,0,0,0,"bottj101","F","F","F","F",0,0,0,0,0,0,0,0,0,0,F,F,"1925PHI.EVN.regular.event.csv",3927
"PHI192508242","SLN",3,1,2,0,0,"",0,0,"burng101","?","burng101","?","reina102","?","reina102","?","vicke101","bottj101","hornr101","belll101","thevt101","bladr102","smitj106","hafec101","","","","W","F","F",9,3,14,"T","F",0,"F","F",0,"F","F",0,"F","F",0,"","F","F","",0,0,"N",0,"N",0,"N",1,0,0,0,"","","","","F","F","F","F","F","F","F","F","F","","","","F","F","F","F","F","","","","",0,0,0,0,0,0,0,0,0,25,"PHI","PHI","SLN",1,"F","F",0,0,0,11,2,"T","F",0,1,"T","T","mokaj101","wilsj105","T","T",0,0,0,0,0,0,0,0,0,"","","",0,0,0,0,0,0,0,0,0,0,0,0,0,"","F","F","F","F",0,0,0,0,0,0,0,0,0,0,F,F,"1925PHI.EVN.regular.event.csv",3928
"PHI192508242","SLN",3,1,2,0,0,"",0,0,"mokaj101","?","mokaj101","?","reina102","?","reina102","?","vicke101","bottj101","hornr101","belll101","thevt101","bladr102","smitj106","hafec101","burng101","","","53","F","F",7,4,2,"T","T",0,"F","F",1,"F","F",0,"F","F",5,"G","F","F","",0,0,"N",0,"N",0,"N",0,1,0,0,"53","","","","F","F","F","F","F","F","F","F","F","reina102","","","F","F","F","F","F","","","","",0,3,0,0,5,0,0,0,0,26,"PHI","PHI","SLN",1,"F","T",0,0,0,12,3,"T","F",1,1,"T","T","wilsj105","fonsl101","T","T",9,3,25,0,0,0,0,0,0,"vicke101","","",0,0,0,0,0,0,0,0,0,0,0,0,0,"belll101","F","F","F","F",0,0,0,0,0,0,0,0,0,0,F,F,"1925PHI.EVN.regular.event.csv",3929
"PHI192508242","SLN",4,0,0,0,0,"",0,0,"hafec101","?","hafec101","?","ringj101","?","ringj101","?","wilsj105","fonsl101","fribb101","hubec101","sandh101","mokaj101","leacf101","burng101","","","","S8","T","F",9,5,20,"T","T",1,"F","F",0,"F","F",0,"F","F",8,"","F","F","",0,0,"N",0,"N",0,"N",1,0,0,0,"","","","","F","F","F","F","F","F","F","F","F","","","","F","F","F","F","F","","","","",0,0,0,0,0,0,0,0,0,27,"PHI","SLN","PHI",0,"T","F",0,0,0,13,0,"T","F",0,1,"T","T","belll101","vicke101","T","T",0,0,0,0,0,0,0,0,0,"","","",0,0,0,0,0,0,0,0,0,0,0,0,0,"leacf101","F","F","F","F",4,0,0,0,6,0,0,0,0,0,F,F,"1925PHI.EVN.regular.event.csv",3930
"PHI192508242","SLN",4,0,0,0,0,"",0,0,"belll101","?","belll101","?","ringj101","?","ringj101","?","wilsj105","fonsl101","fribb101","hubec101","sandh101","mokaj101","leacf101","burng101","hafec101","","","W.1-2","F","F",5,6,14,"T","F",0,"F","F",0,"F","F",0,"F","F",0,"","F","F","",0,0,"N",0,"N",0,"N",1,2,0,0,"","","","","F","F","F","F","F","F","F","F","F","ringj101","","","F","F","F","F","F","","","","",0,0,0,0,0,0,0,0,0,28,"PHI","SLN","PHI",0,"F","F",0,0,0,14,1,"T","F",1,3,"T","T","vicke101","thevt101","T","T",9,5,27,0,0,0,0,0,0,"wilsj105","","",0,0,0,0,0,0,0,0,0,0,0,0,0,"","F","F","F","F",4,4,0,0,6,0,0,0,0,0,F,F,"1925PHI.EVN.regular.event.csv",3931
"PHI192508242","SLN",4,0,0,0,0,"",0,0,"vicke101","?","vicke101","?","ringj101","?","ringj101","?","wilsj105","fonsl101","fribb101","hubec101","sandh101","mokaj101","leacf101","burng101","belll101","hafec101","","S1/BG.2-3;1-2","F","F",2,7,20,"T","T",1,"F","F",0,"F","F",0,"F","F",1,"G","T","F","",0,0,"N",0,"N",0,"N",1,2,3,0,"","","","","F","F","F","F","F","F","F","F","F","ringj101","ringj101","","F","F","F","F","F","","","","",0,0,0,0,0,0,0,0,0,29,"PHI","SLN","PHI",0,"F","F",0,0,0,15,2,"T","F",3,7,"T","T","thevt101","reina102","T","T",5,6,28,9,5,27,0,0,0,"wilsj105","wilsj105","",0,0,0,0,0,0,0,0,0,0,0,0,0,"ringj101","F","F","F","F",5,4,4,0,6,0,0,0,0,0,F,F,"1925PHI.EVN.regular.event.csv",3932
"PHI192508242","SLN",4,0,0,0,0,"",0,0,"thevt101","?","thevt101","?","ringj101","?","ringj101","?","wilsj105","fonsl101","fribb101","hubec101","sandh101","mokaj101","leacf101","burng101","vicke101","belll101","hafec101","S/G4.3-H;2-H;1-2","F","F",6,8,20,"T","T",1,"F","F",0,"F","F",2,"F","F",0,"G","F","F","4",0,0,"N",0,"N",0,"N",1,2,4,4,"","","","","F","F","F","F","F","F","F","F","F","ringj101","ringj101","ringj101","F","F","F","F","F","","","","",0,0,0,0,0,0,0,0,0,30,"PHI","SLN","PHI",0,"F","F",0,0,0,16,3,"T","F",7,3,"T","T","reina102","bladr102","T","T",2,7,29,5,6,28,9,5,27,"wilsj105","wilsj105","wilsj105",0,0,0,0,0,0,0,0,0,0,0,0,2,"","F","F","F","F",5,5,4,4,4,0,0,0,0,0,F,F,"1925PHI.EVN.regular.event.csv",3933
"PHI192508242","SLN",4,0,0,0,0,"",2,0,"reina102","?","reina102","?","ringj101","?","ringj101","?","wilsj105","fonsl101","fribb101","hubec101","sandh101","mokaj101","leacf101","burng101","thevt101","vicke101","","S8/8S.2-3;1-2","F","F",1,9,20,"T","T",1,"F","F",0,"F","F",0,"F","F",8,"","F","F","8S",0,0,"N",0,"N",0,"N",1,2,3,0,"","","","","F","F","F","F","F","F","F","F","F","ringj101","ringj101","","F","F","F","F","F","","","","",0,0,0,0,0,0,0,0,0,31,"PHI","SLN","PHI",0,"F","F",2,0,2,17,4,"T","F",3,7,"T","T","bladr102","smitj106","T","T",6,8,30,2,7,29,0,0,0,"wilsj105","wilsj105","",0,0,0,0,0,0,0,0,0,0,0,0,0,"leacf101","F","F","F","F",5,5,5,0,4,0,0,0,0,0,F,F,"1925PHI.EVN.regular.event.csv",3934
"PHI192508242","SLN",4,0,0,0,0,"",2,0,"bladr102","?","bladr102","?","ringj101","?","ringj101","?","wilsj105","fonsl101","fribb101","hubec101","sandh101","mokaj101","leacf101","burng101","reina102","thevt101","vicke101","K/C","F","F",7,1,3,"T","T",0,"F","F",1,"F","F",0,"F","F",0,"","F","F","",0,0,"N",0,"N",0,"N",0,1,2,3,"2","","","","F","F","F","F","F","F","F","F","F","ringj101","ringj101","ringj101","F","F","F","F","F","","","","",0,2,0,0,0,0,0,0,0,32,"PHI","SLN","PHI",0,"F","F",2,0,2,18,5,"T","F",7,7,"T","T","smitj106","hornr101","T","T",1,9,31,6,8,30,2,7,29,"wilsj105","wilsj105","wilsj105",0,0,0,0,0,0,0,0,0,0,0,0,0,"","F","F","F","F",0,5,5,5,4,0,0,0,0,0,F,F,"1925PHI.EVN.regular.event.csv",3935
"PHI192508242","SLN",4,0,1,0,0,"",2,0,"smitj106","?","smitj106","?","ringj101","?","ringj101","?","wilsj105","fonsl101","fribb101","hubec101","sandh101","mokaj101","leacf101","burng101","reina102","thevt101","vicke101","FC1.3-H(E1/THH)(NR)(UR);2-H(NR)(UR);1-3;B-2","F","F",8,2,19,"T","T",0,"F","F",0,"F","F",0,"F","F",1,"G","F","F","",1,1,"T",0,"N",0,"N",2,3,5,5,"","","","","F","F","F","F","F","F","F","F","F","ringj101","ringj101","ringj101","F","F","F","F","F","","","","",0,0,0,0,0,0,0,0,0,33,"PHI","SLN","PHI",0,"F","F",2,0,2,19,6,"T","F",7,6,"T","T","hornr101","bottj101","T","T",1,9,31,6,8,30,2,7,29,"wilsj105","wilsj105","wilsj105",0,0,0,0,0,0,0,0,0,0,0,0,2,"ringj101","F","F","F","F",5,5,5,5,2,0,0,0,0,0,F,F,"1925PHI.EVN.regular.event.csv",3936
"PHI192508242","SLN",4,0,1,0,0,"",4,0,"hornr101","?","hornr101","?","ringj101","?","ringj101","?","wilsj105","fonsl101","fribb101","hubec101","sandh101","mokaj101","leacf101","burng101","","smitj106","reina102","43.3-H(UR);2-3","F","F",4,3,2,"T","T",0,"F","F",1,"F","F",1,"F","F",4,"G","F","F","",0,0,"N",0,"N",0,"N",0,0,3,5,"43","","","","F","F","F","F","F","F","F","F","F","","ringj101","ringj101","F","F","F","F","F","","","","",0,3,0,0,4,0,0,0,0,34,"PHI","SLN","PHI",0,"F","F",4,0,4,20,7,"T","F",6,4,"T","T","bottj101","hafec101","T","T",0,0,0,8,2,33,1,9,31,"","wilsj105","wilsj105",0,0,0,0,0,0,0,0,0,0,0,0,1,"fribb101","F","F","F","F",0,0,5,5,1,0,0,0,0,0,F,F,"1925PHI.EVN.regular.event.csv",3937
"PHI192508242","SLN",4,0,2,0,0,"",5,0,"bottj101","?","bottj101","?","ringj101","?","ringj101","?","wilsj105","fonsl101","fribb101","hubec101","sandh101","mokaj101","leacf101","burng101","","","smitj106","D9/F9DW.3-H(UR)","F","F",3,4,21,"T","T",2,"F","F",0,"F","F",1,"F","F",9,"F","F","F","9DW",0,0,"N",0,"N",0,"N",2,0,0,5,"","","","","F","F","F","F","F","F","F","F","F","","","ringj101","F","F","F","F","F","","","","",0,0,0,0,0,0,0,0,0,35,"PHI","SLN","PHI",0,"F","F",5,0,5,21,8,"T","F",4,2,"T","T","hafec101","belll101","T","T",0,0,0,0,0,0,8,2,33,"","","wilsj105",0,0,0,0,0,0,0,0,0,0,0,0,1,"burng101","F","F","F","F",0,0,0,5,0,0,0,0,0,0,F,F,"1925PHI.EVN.regular.event.csv",3938
"PHI192508242","SLN",4,0,2,0,0,"",6,0,"hafec101","?","hafec101","?","ringj101","?","ringj101","?","wilsj105","fonsl101","fribb101","hubec101","sandh101","mokaj101","leacf101","burng101","","bottj101","","13","F","F",9,5,2,"T","T",0,"F","F",1,"F","F",0,"F","F",1,"G","F","F","",0,0,"N",0,"N",0,"N",0,0,2,0,"13","","","","F","F","F","F","F","F","F","F","F","","ringj101","","F","F","F","F","F","","","","",0,3,0,0,1,0,0,0,0,36,"PHI","SLN","PHI",0,"F","T",6,0,6,22,9,"T","F",2,2,"T","T","belll101","vicke101","T","T",0,0,0,3,4,35,0,0,0,"","wilsj105","",0,0,0,0,0,0,0,0,0,0,0,0,0,"ringj101","F","F","F","F",0,0,0,0,0,0,0,0,0,0,F,F,"1925PHI.EVN.regular.event.csv",3939
"PHI192508242","SLN",4,1,0,0,0,"",6,0,"wilsj105","?","wilsj105","?","reina102","?","reina102","?","vicke101","bottj101","hornr101","belll101","thevt101","bladr102","smitj106","hafec101","","","","S9","T","F",2,5,20,"T","T",1,"F","F",0,"F","F",0,"F","F",9,"","F","F","",0,0,"N",0,"N",0,"N",1,0,0,0,"","","","","F","F","F","F","F","F","F","F","F","","","","F","F","F","F","F","","","","",0,0,0,0,0,0,0,0,0,37,"PHI","PHI","SLN",1,"T","F",0,6,0,13,0,"T","F",0,1,"T","T","fonsl101","hubec101","T","T",0,0,0,0,0,0,0,0,0,"","","",0,0,0,0,0,0,0,0,0,0,0,0,0,"hafec101","F","F","F","F",4,0,0,0,2,0,0,0,0,0,F,F,"1925PHI.EVN.regular.event.csv",3940
"PHI192508242","SLN",4,1,0,0,0,"",6,0,"fonsl101","?","fonsl101","?","reina102","?","reina102","?","vicke101","bottj101","hornr101","belll101","thevt101","bladr102","smitj106","hafec101","wilsj105","","","HR/F9D.1-H","F","F",3,6,23,"T","T",4,"F","F",0,"F","F",2,"F","F",0,"F","F","F","9D",0,0,"N",0,"N",0,"N",4,4,0,0,"","","","","F","F","F","F","F","F","F","F","F","reina102","","","F","F","F","F","F","","","","",0,0,0,0,0,0,0,0,0,38,"PHI","PHI","SLN",1,"F","F",0,6,0,14,1,"T","F",1,0,"T","T","hubec101","fribb101","T","T",2,5,37,0,0,0,0,0,0,"vicke101","","",0,0,0,0,0,0,0,0,0,0,0,0,2,"","F","F","F","F",4,4,0,0,0,0,0,0,0,0,F,F,"1925PHI.EVN.regular.event.csv",3941
"PHI192508242","SLN",4,1,0,0,0,"",6,2,"hubec101","?","hubec101","?","reina102","?","reina102","?","vicke101","bottj101","hornr101","belll101","thevt101","bladr102","smitj106","hafec101","","","","D8","F","F",5,7,21,"T","T",2,"F","F",0,"F","F",0,"F","F",8,"","F","F","",0,0,"N",0,"N",0,"N",2,0,0,0,"","","","","F","F","F","F","F","F","F","F","F","","","","F","F","F","F","F","","","","",0,0,0,0,0,0,0,0,0,39,"PHI","PHI","SLN",1,"F","F",2,6,2,15,2,"T","F",0,2,"T","T","fribb101","ringj101","T","T",0,0,0,0,0,0,0,0,0,"","","",0,0,0,0,0,0,0,0,0,0,0,0,0,"smitj106","F","F","F","F",0,0,0,0,0,0,0,0,0,0,F,F,"1925PHI.EVN.regular.event.csv",3942
"PHI192508242","SLN",4,1,0,0,0,"",6,2,"fribb101","?","fribb101","?","reina102","?","reina102","?","vicke101","bottj101","hornr101","belll101","thevt101","bladr102","smitj106","hafec101","","hubec101","","S8.2XH(812)","F","F",4,8,20,"T","T",1,"F","F",1,"F","F",0,"F","F",8,"","F","F","",0,0,"N",0,"N",0,"N",1,0,0,0,"","","812","","F","F","F","F","F","F","F","F","F","","reina102","","F","F","F","F","F","","","","",0,2,0,0,8,1,0,0,0,40,"PHI","PHI","SLN",1,"F","F",2,6,2,16,3,"T","F",2,1,"T","T","ringj101","sandh101","T","T",0,0,0,5,7,39,0,0,0,"","vicke101","",0,0,0,0,0,0,0,0,0,0,0,0,0,"smitj106","F","F","F","F",0,0,0,0,0,0,0,0,0,0,F,F,"1925PHI.EVN.regular.event.csv",3943
"PHI192508242","SLN",4,1,1,0,0,"",6,2,"ringj101","?","ringj101","?","reina102","?","reina102","?","vicke101","bottj101","hornr101","belll101","thevt101","bladr102","smitj106","hafec101","fribb101","","","8/F","F","F",1,9,2,"T","T",0,"F","F",1,"F","F",0,"F","F",8,"F","F","F","",0,0,"N",0,"N",0,"N",0,1,0,0,"8","","","","F","F","F","F","F","F","F","F","F","reina102","","","F","F","F","F","F","","","","",0,8,0,0,0,0,0,0,0,41,"PHI","PHI","SLN",1,"F","F",2,6,2,17,4,"T","F",1,1,"T","T","sandh101","leacf101","T","T",4,8,40,0,0,0,0,0,0,"vicke101","","",0,0,0,0,0,0,0,0,0,0,0,0,0,"smitj106","F","F","F","F",0,0,0,0,0,0,0,0,0,0,F,F,"1925PHI.EVN.regular.event.csv",3944
"PHI192508242","SLN",4,1,2,0,0,"",6,2,"sandh101","?","sandh101","?","reina102","?","reina102","?","vicke101","bottj101","hornr101","belll101","thevt101","bladr102","smitj106","hafec101","fribb101","","","4/P","F","F",6,1,2,"T","T",0,"F","F",1,"F","F",0,"F","F",4,"P","F","F","",0,0,"N",0,"N",0,"N",0,1,0,0,"4","","","","F","F","F","F","F","F","F","F","F","reina102","","","F","F","F","F","F","","","","",0,4,0,0,0,0,0,0,0,42,"PHI","PHI","SLN",1,"F","T",2,6,2,18,5,"T","F",1,1,"T","T","leacf101","burng101","T","T",4,8,40,0,0,0,0,0,0,"vicke101","","",0,0,0,0,0,0,0,0,0,0,0,0,0,"hornr101","F","F","F","F",0,0,0,0,0,0,0,0,0,0,F,F,"1925PHI.EVN.regular.event.csv",3945
"PHI192508242","SLN",5,0,0,0,0,"",6,2,"belll101","?","belll101","?","ringj101","?","ringj101","?","wilsj105","fonsl101","fribb101","hubec101","sandh101","mokaj101","leacf101","burng101","","","","S8","T","F",5,6,20,"T","T",1,"F","F",0,"F","F",0,"F","F",8,"","F","F","",0,0,"N",0,"N",0,"N",1,0,0,0,"","","","","F","F","F","F","F","F","F","F","F","","","","F","F","F","F","F","","","","",0,0,0,0,0,0,0,0,0,43,"PHI","SLN","PHI",0,"T","F",6,2,0,23,0,"T","F",0,1,"T","T","vicke101","thevt101","T","T",0,0,0,0,0,0,0,0,0,"","","",0,0,0,0,0,0,0,0,0,0,0,0,0,"leacf101","F","F","F","F",0,0,0,0,0,0,0,0,0,0,F,F,"1925PHI.EVN.regular.event.csv",3946
"PHI192508242","SLN",5,0,0,0,0,"",6,2,"vicke101","?","vicke101","?","ringj101","?","ringj101","?","wilsj105","fonsl101","fribb101","hubec101","sandh101","mokaj101","leacf101","burng101","belll101","","","8/L","F","F",2,7,2,"T","T",0,"F","F",1,"F","F",0,"F","F",8,"L","F","F","",0,0,"N",0,"N",0,"N",0,1,0,0,"8","","","","F","F","F","F","F","F","F","F","F","ringj101","","","F","F","F","F","F","","","","",0,8,0,0,0,0,0,0,0,44,"PHI","SLN","PHI",0,"F","F",6,2,0,24,1,"T","F",1,1,"T","T","thevt101","reina102","T","T",5,6,43,0,0,0,0,0,0,"wilsj105","","",0,0,0,0,0,0,0,0,0,0,0,0,0,"leacf101","F","F","F","F",0,0,0,0,0,0,0,0,0,0,F,F,"1925PHI.EVN.regular.event.csv",3947
"PHI192508242","SLN",5,0,1,0,0,"",6,2,"thevt101","?","thevt101","?","ringj101","?","ringj101","?","wilsj105","fonsl101","fribb101","hubec101","sandh101","mokaj101","leacf101","burng101","belll101","","","16(1)/FO","F","F",6,8,2,"T","T",0,"F","F",1,"F","F",0,"F","F",1,"G","F","F","",0,0,"N",0,"N",0,"N",1,0,0,0,"","16","","","F","F","F","F","F","F","F","F","F","ringj101","","","F","F","F","F","F","","","","",0,6,0,0,1,0,0,0,0,45,"PHI","SLN","PHI",0,"F","F",6,2,0,25,2,"T","F",1,1,"T","T","reina102","bladr102","T","T",5,6,43,0,0,0,0,0,0,"wilsj105","","",0,0,0,0,0,0,0,0,0,0,0,0,0,"ringj101","T","F","F","F",0,0,0,0,0,0,0,0,0,0,F,F,"1925PHI.EVN.regular.event.csv",3948
"PHI192508242","SLN",5,0,2,0,0,"",6,2,"reina102","?","reina102","?","ringj101","?","ringj101","?","wilsj105","fonsl101","fribb101","hubec101","sandh101","mokaj101","leacf101","burng101","thevt101","","","46(1)/FO","F","F",1,9,2,"T","T",0,"F","F",1,"F","F",0,"F","F",4,"G","F","F","",0,0,"N",0,"N",0,"N",1,0,0,0,"","46","","","F","F","F","F","F","F","F","F","F","ringj101","","","F","F","F","F","F","","","","",0,6,0,0,4,0,0,0,0,46,"PHI","SLN","PHI",0,"F","T",6,2,0,26,3,"T","F",1,1,"T","T","bladr102","smitj106","T","T",6,8,45,0,0,0,0,0,0,"wilsj105","","",0,0,0,0,0,0,0,0,0,0,0,0,0,"fribb101","T","F","F","F",0,0,0,0,0,0,0,0,0,0,F,F,"1925PHI.EVN.regular.event.csv",3949
"PHI192508242","SLN",5,1,0,0,0,"",6,2,"leacf101","?","leacf101","?","reina102","?","reina102","?","vicke101","bottj101","hornr101","belll101","thevt101","bladr102","smitj106","hafec101","","","","S6/G","T","F",8,2,20,"T","T",1,"F","F",0,"F","F",0,"F","F",6,"G","F","F","",0,0,"N",0,"N",0,"N",1,0,0,0,"","","","","F","F","F","F","F","F","F","F","F","","","","F","F","F","F","F","","","","",0,0,0,0,0,0,0,0,0,47,"PHI","PHI","SLN",1,"T","F",2,6,0,19,0,"T","F",0,1,"T","T","burng101","mokaj101","T","T",0,0,0,0,0,0,0,0,0,"","","",0,0,0,0,0,0,0,0,0,0,0,0,0,"thevt101","F","F","F","F",0,0,0,0,0,0,0,0,0,0,F,F,"1925PHI.EVN.regular.event.csv",3950
"PHI192508242","SLN",5,1,0,0,0,"",6,2,"burng101","?","burng101","?","reina102","?","reina102","?","vicke101","bottj101","hornr101","belll101","thevt101","bladr102","smitj106","hafec101","leacf101","","","13.1-2","F","F",9,3,2,"T","T",0,"F","F",1,"F","F",0,"F","F",1,"G","F","F","",0,0,"N",0,"N",0,"N",0,2,0,0,"13","","","","F","F","F","F","F","F","F","F","F","reina102","","","F","F","F","F","F","","","","",0,3,0,0,1,0,0,0,0,48,"PHI","PHI","SLN",1,"F","F",2,6,0,20,1,"T","F",1,2,"T","T","mokaj101","wilsj105","T","T",8,2,47,0,0,0,0,0,0,"vicke101","","",0,0,0,0,0,0,0,0,0,0,0,0,0,"reina102","F","F","F","F",0,0,0,0,0,0,0,0,0,0,F,F,"1925PHI.EVN.regular.event.csv",3951
"PHI192508242","SLN",5,1,1,0,0,"",6,2,"mokaj101","?","mokaj101","?","reina102","?","reina102","?","vicke101","bottj101","hornr101","belll101","thevt101","bladr102","smitj106","hafec101","","leacf101","","3/P","F","F",7,4,2,"T","T",0,"F","F",1,"F","F",0,"F","F",3,"P","F","F","",0,0,"N",0,"N",0,"N",0,0,2,0,"3","","","","F","F","F","F","F","F","F","F","F","","reina102","","F","F","F","F","F","","","","",0,3,0,0,0,0,0,0,0,49,"PHI","PHI","SLN",1,"F","F",2,6,0,21,2,"T","F",2,2,"T","T","wilsj105","fonsl101","T","T",0,0,0,8,2,47,0,0,0,"","vicke101","",0,0,0,0,0,0,0,0,0,0,0,0,0,"bottj101","F","F","F","F",0,0,0,0,0,0,0,0,0,0,F,F,"1925PHI.EVN.regular.event.csv",3952
"PHI192508242","SLN",5,1,2,0,0,"",6,2,"wilsj105","?","wilsj105","?","reina102","?","reina102","?","vicke101","bottj101","hornr101","belll101","thevt101","bladr102","smitj106","hafec101","","leacf101","","6/L","F","F",2,5,2,"T","T",0,"F","F",1,"F","F",0,"F","F",6,"L","F","F","",0,0,"N",0,"N",0,"N",0,0,2,0,"6","","","","F","F","F","F","F","F","F","F","F","","reina102","","F","F","F","F","F","","","","",0,6,0,0,0,0,0,0,0,50,"PHI","PHI","SLN",1,"F","T",2,6,0,22,3,"T","F",2,2,"T","T","fonsl101","hubec101","T","T",0,0,0,8,2,47,0,0,0,"","vicke101","",0,0,0,0,0,0,0,0,0,0,0,0,0,"thevt101","F","F","F","F",0,0,0,0,0,0,0,0,0,0,F,F,"1925PHI.EVN.regular.event.csv",3953
"PHI192508242","SLN",6,0,0,0,0,"",6,2,"bladr102","?","bladr102","?","ringj101","?","ringj101","?","wilsj105","fonsl101","fribb101","hubec101","sandh101","mokaj101","leacf101","burng101","","","","63","T","F",7,1,2,"T","T",0,"F","F",1,"F","F",0,"F","F",6,"G","F","F","",0,0,"N",0,"N",0,"N",0,0,0,0,"63","","","","F","F","F","F","F","F","F","F","F","","","","F","F","F","F","F","","","","",0,3,0,0,6,0,0,0,0,51,"PHI","SLN","PHI",0,"T","F",6,2,0,27,0,"T","F",0,0,"T","T","smitj106","hornr101","T","T",0,0,0,0,0,0,0,0,0,"","","",0,0,0,0,0,0,0,0,0,0,0,0,0,"sandh101","F","F","F","F",0,0,0,0,0,0,0,0,0,0,F,F,"1925PHI.EVN.regular.event.csv",3954
"PHI192508242","SLN",6,0,1,0,0,"",6,2,"smitj106","?","smitj106","?","ringj101","?","ringj101","?","wilsj105","fonsl101","fribb101","hubec101","sandh101","mokaj101","leacf101","burng101","","","","8/F","F","F",8,2,2,"T","T",0,"F","F",1,"F","F",0,"F","F",8,"F","F","F","",0,0,"N",0,"N",0,"N",0,0,0,0,"8","","","","F","F","F","F","F","F","F","F","F","","","","F","F","F","F","F","","","","",0,8,0,0,0,0,0,0,0,52,"PHI","SLN","PHI",0,"F","F",6,2,0,28,1,"T","F",0,0,"T","T","hornr101","bottj101","T","T",0,0,0,0,0,0,0,0,0,"","","",0,0,0,0,0,0,0,0,0,0,0,0,0,"leacf101","F","F","F","F",0,0,0,0,0,0,0,0,0,0,F,F,"1925PHI.EVN.regular.event.csv",3955
"PHI192508242","SLN",6,0,2,0,0,"",6,2,"hornr101","?","hornr101","?","ringj101","?","ringj101","?","wilsj105","fonsl101","fribb101","hubec101","sandh101","mokaj101","leacf101","burng101","","","","S9","F","F",4,3,20,"T","T",1,"F","F",0,"F","F",0,"F","F",9,"","F","F","",0,0,"N",0,"N",0,"N",1,0,0,0,"","","","","F","F","F","F","F","F","F","F","F","","","","F","F","F","F","F","","","","",0,0,0,0,0,0,0,0,0,53,"PHI","SLN","PHI",0,"F","F",6,2,0,29,2,"T","F",0,1,"T","T","bottj101","hafec101","T","T",0,0,0,0,0,0,0,0,0,"","","",0,0,0,0,0,0,0,0,0,0,0,0,0,"burng101","F","F","F","F",0,0,0,0,0,0,0,0,0,0,F,F,"1925PHI.EVN.regular.event.csv",3956
"PHI192508242","SLN",6,0,2,0,0,"",6,2,"bottj101","?","bottj101","?","ringj101","?","ringj101","?","wilsj105","fonsl101","fribb101","hubec101","sandh101","mokaj101","leacf101","burng101","hornr101","","","4/P","F","F",3,4,2,"T","T",0,"F","F",1,"F","F",0,"F","F",4,"P","F","F","",0,0,"N",0,"N",0,"N",0,1,0,0,"4","","","","F","F","F","F","F","F","F","F","F","ringj101","","","F","F","F","F","F","","","","",0,4,0,0,0,0,0,0,0,54,"PHI","SLN","PHI",0,"F","T",6,2,0,30,3,"T","F",1,1,"T","T","hafec101","belll101","T","T",4,3,53,0,0,0,0,0,0,"wilsj105","","",0,0,0,0,0,0,0,0,0,0,0,0,0,"fribb101","F","F","F","F",0,0,0,0,0,0,0,0,0,0,F,F,"1925PHI.EVN.regular.event.csv",3957
"PHI192508242","SLN",6,1,0,0,0,"",6,2,"fonsl101","?","fonsl101","?","reina102","?","reina102","?","vicke101","bottj101","hornr101","belll101","thevt101","bladr102","smitj106","hafec101","","","","K","T","F",3,6,3,"T","T",0,"F","F",1,"F","F",0,"F","F",0,"","F","F","",0,0,"N",0,"N",0,"N",0,0,0,0,"2","","","","F","F","F","F","F","F","F","F","F","","","","F","F","F","F","F","","","","",0,2,0,0,0,0,0,0,0,55,"PHI","PHI","SLN",1,"T","F",2,6,0,23,0,"T","F",0,0,"T","T","hubec101","fribb101","T","T",0,0,0,0,0,0,0,0,0,"","","",0,0,0,0,0,0,0,0,0,0,0,0,0,"","F","F","F","F",0,0,0,0,1,0,0,0,0,0,F,F,"1925PHI.EVN.regular.event.csv",3958
"PHI192508242","SLN",6,1,1,0,0,"",6,2,"hubec101","?","hubec101","?","reina102","?","reina102","?","vicke101","bottj101","hornr101","belll101","thevt101","bladr102","smitj106","hafec101","","","","43","F","F",5,7,2,"T","T",0,"F","F",1,"F","F",0,"F","F",4,"G","F","F","",0,0,"N",0,"N",0,"N",0,0,0,0,"43","","","","F","F","F","F","F","F","F","F","F","","","","F","F","F","F","F","","","","",0,3,0,0,4,0,0,0,0,56,"PHI","PHI","SLN",1,"F","F",2,6,0,24,1,"T","F",0,0,"T","T","fribb101","ringj101","T","T",0,0,0,0,0,0,0,0,0,"","","",0,0,0,0,0,0,0,0,0,0,0,0,0,"hornr101","F","F","F","F",0,0,0,0,1,0,0,0,0,0,F,F,"1925PHI.EVN.regular.event.csv",3959
"PHI192508242","SLN",6,1,2,0,0,"",6,2,"fribb101","?","fribb101","?","reina102","?","reina102","?","vicke101","bottj101","hornr101","belll101","thevt101","bladr102","smitj106","hafec101","","","","HR/F7D","F","F",4,8,23,"T","T",4,"F","F",0,"F","F",1,"F","F",0,"F","F","F","7D",0,0,"N",0,"N",0,"N",4,0,0,0,"","","","","F","F","F","F","F","F","F","F","F","","","","F","F","F","F","F","","","","",0,0,0,0,0,0,0,0,0,57,"PHI","PHI","SLN",1,"F","F",2,6,0,25,2,"T","F",0,0,"T","T","ringj101","sandh101","T","T",0,0,0,0,0,0,0,0,0,"","","",0,0,0,0,0,0,0,0,0,0,0,0,1,"","F","F","F","F",4,0,0,0,0,0,0,0,0,0,F,F,"1925PHI.EVN.regular.event.csv",3960
"PHI192508242","SLN",6,1,2,0,0,"",6,3,"ringj101","?","ringj101","?","reina102","?","reina102","?","vicke101","bottj101","hornr101","belll101","thevt101","bladr102","smitj106","hafec101","","","","13","F","F",1,9,2,"T","T",0,"F","F",1,"F","F",0,"F","F",1,"G","F","F","",0,0,"N",0,"N",0,"N",0,0,0,0,"13","","","","F","F","F","F","F","F","F","F","F","","","","F","F","F","F","F","","","","",0,3,0,0,1,0,0,0,0,58,"PHI","PHI","SLN",1,"F","T",3,6,1,26,3,"T","F",0,0,"T","T","sandh101","leacf101","T","T",0,0,0,0,0,0,0,0,0,"","","",0,0,0,0,0,0,0,0,0,0,0,0,0,"reina102","F","F","F","F",0,0,0,0,0,0,0,0,0,0,F,F,"1925PHI.EVN.regular.event.csv",3961
"PHI192508242","SLN",7,0,0,0,0,"",6,3,"hafec101","?","hafec101","?","ringj101","?","ringj101","?","wilsj105","fonsl101","fribb101","hubec101","sandh101","mokaj101","leacf101","burng101","","","","S9","T","F",9,5,20,"T","T",1,"F","F",0,"F","F",0,"F","F",9,"","F","F","",0,0,"N",0,"N",0,"N",1,0,0,0,"","","","","F","F","F","F","F","F","F","F","F","","","","F","F","F","F","F","","","","",0,0,0,0,0,0,0,0,0,59,"PHI","SLN","PHI",0,"T","F",6,3,0,31,0,"T","F",0,1,"T","T","belll101","vicke101","T","T",0,0,0,0,0,0,0,0,0,"","","",0,0,0,0,0,0,0,0,0,0,0,0,0,"burng101","F","F","F","F",0,0,0,0,0,0,0,0,0,0,F,F,"1925PHI.EVN.regular.event.csv",3962
"PHI192508242","SLN",7,0,0,0,0,"",6,3,"belll101","?","belll101","?","ringj101","?","ringj101","?","wilsj105","fonsl101","fribb101","hubec101","sandh101","mokaj101","leacf101","burng101","hafec101","","","3(B)6(1)/GDP","F","F",5,6,2,"T","T",0,"F","F",2,"T","F",0,"F","F",3,"G","F","F","",0,0,"N",0,"N",0,"N",0,0,0,0,"3","36","","","F","F","F","F","F","F","F","F","F","ringj101","","","F","F","F","F","F","","","","",0,3,6,0,3,0,0,0,0,60,"PHI","SLN","PHI",0,"F","F",6,3,0,32,1,"T","F",1,0,"T","T","vicke101","thevt101","T","T",9,5,59,0,0,0,0,0,0,"wilsj105","","",0,0,0,0,0,0,0,0,0,0,0,0,0,"fonsl101","T","F","F","F",0,0,0,0,0,0,0,0,0,0,F,F,"1925PHI.EVN.regular.event.csv",3963
"PHI192508242","SLN",7,0,2,0,0,"",6,3,"vicke101","?","vicke101","?","ringj101","?","ringj101","?","wilsj105","fonsl101","fribb101","hubec101","sandh101","mokaj101","leacf101","burng101","","","","S8","F","F",2,7,20,"T","T",1,"F","F",0,"F","F",0,"F","F",8,"","F","F","",0,0,"N",0,"N",0,"N",1,0,0,0,"","","","","F","F","F","F","F","F","F","F","F","","","","F","F","F","F","F","","","","",0,0,0,0,0,0,0,0,0,61,"PHI","SLN","PHI",0,"F","F",6,3,0,33,2,"T","F",0,1,"T","T","thevt101","reina102","T","T",0,0,0,0,0,0,0,0,0,"","","",0,0,0,0,0,0,0,0,0,0,0,0,0,"leacf101","F","F","F","F",0,0,0,0,0,0,0,0,0,0,F,F,"1925PHI.EVN.regular.event.csv",3964
"PHI192508242","SLN",7,0,2,0,0,"",6,3,"thevt101","?","thevt101","?","ringj101","?","ringj101","?","wilsj105","fonsl101","fribb101","hubec101","sandh101","mokaj101","leacf101","burng101","vicke101","","","6(1)/FO","F","F",6,8,2,"T","T",0,"F","F",1,"F","F",0,"F","F",6,"G","F","F","",0,0,"N",0,"N",0,"N",1,0,0,0,"","6","","","F","F","F","F","F","F","F","F","F","ringj101","","","F","F","F","F","F","","","","",0,6,0,0,0,0,0,0,0,62,"PHI","SLN","PHI",0,"F","T",6,3,0,34,3,"T","F",1,1,"T","T","reina102","bladr102","T","T",2,7,61,0,0,0,0,0,0,"wilsj105","","",0,0,0,0,0,0,0,0,0,0,0,0,0,"sandh101","T","F","F","F",0,0,0,0,0,0,0,0,0,0,F,F,"1925PHI.EVN.regular.event.csv",3965
"PHI192508242","SLN",7,1,0,0,0,"",6,3,"sandh101","?","sandh101","?","reina102","?","reina102","?","vicke101","bottj101","hornr101","belll101","thevt101","bladr102","smitj106","hafec101","","","","8/F","T","F",6,1,2,"T","T",0,"F","F",1,"F","F",0,"F","F",8,"F","F","F","",0,0,"N",0,"N",0,"N",0,0,0,0,"8","","","","F","F","F","F","F","F","F","F","F","","","","F","F","F","F","F","","","","",0,8,0,0,0,0,0,0,0,63,"PHI","PHI","SLN",1,"T","F",3,6,0,27,0,"T","F",0,0,"T","T","leacf101","burng101","T","T",0,0,0,0,0,0,0,0,0,"","","",0,0,0,0,0,0,0,0,0,0,0,0,0,"smitj106","F","F","F","F",0,0,0,0,0,0,0,0,0,0,F,F,"1925PHI.EVN.regular.event.csv",3966
"PHI192508242","SLN",7,1,1,0,0,"",6,3,"leacf101","?","leacf101","?","reina102","?","reina102","?","vicke101","bottj101","hornr101","belll101","thevt101","bladr102","smitj106","hafec101","","","","53","F","F",8,2,2,"T","T",0,"F","F",1,"F","F",0,"F","F",5,"G","F","F","",0,0,"N",0,"N",0,"N",0,0,0,0,"53","","","","F","F","F","F","F","F","F","F","F","","","","F","F","F","F","F","","","","",0,3,0,0,5,0,0,0,0,64,"PHI","PHI","SLN",1,"F","F",3,6,0,28,1,"T","F",0,0,"T","T","burng101","mokaj101","T","T",0,0,0,0,0,0,0,0,0,"","","",0,0,0,0,0,0,0,0,0,0,0,0,0,"belll101","F","F","F","F",0,0,0,0,0,0,0,0,0,0,F,F,"1925PHI.EVN.regular.event.csv",3967
"PHI192508242","SLN",7,1,2,0,0,"",6,3,"burng101","?","burng101","?","reina102","?","reina102","?","vicke101","bottj101","hornr101","belll101","thevt101","bladr102","smitj106","hafec101","","","","S8","F","F",9,3,20,"T","T",1,"F","F",0,"F","F",0,"F","F",8,"","F","F","",0,0,"N",0,"N",0,"N",1,0,0,0,"","","","","F","F","F","F","F","F","F","F","F","","","","F","F","F","F","F","","","","",0,0,0,0,0,0,0,0,0,65,"PHI","PHI","SLN",1,"F","F",3,6,0,29,2,"T","F",0,1,"T","T","mokaj101","wilsj105","T","T",0,0,0,0,0,0,0,0,0,"","","",0,0,0,0,0,0,0,0,0,0,0,0,0,"smitj106","F","F","F","F",0,0,0,0,0,0,0,0,0,0,F,F,"1925PHI.EVN.regular.event.csv",3968
"PHI192508242","SLN",7,1,2,0,0,"",6,3,"mokaj101","?","mokaj101","?","reina102","?","reina102","?","vicke101","bottj101","hornr101","belll101","thevt101","bladr102","smitj106","hafec101","burng101","","","7/F","F","F",7,4,2,"T","T",0,"F","F",1,"F","F",0,"F","F",7,"F","F","F","",0,0,"N",0,"N",0,"N",0,1,0,0,"7","","","","F","F","F","F","F","F","F","F","F","reina102","","","F","F","F","F","F","","","","",0,7,0,0,0,0,0,0,0,66,"PHI","PHI","SLN",1,"F","T",3,6,0,30,3,"T","F",1,1,"T","T","wilsj105","fonsl101","T","T",9,3,65,0,0,0,0,0,0,"vicke101","","",0,0,0,0,0,0,0,0,0,0,0,0,0,"bladr102","F","F","F","F",0,0,0,0,0,0,0,0,0,0,F,F,"1925PHI.EVN.regular.event.csv",3969
"PHI192508242","SLN",8,0,0,0,0,"",6,3,"reina102","?","reina102","?","ringj101","?","ringj101","?","wilsj105","fonsl101","fribb101","hubec101","sandh101","mokaj101","leacf101","burng101","","","","S8/G46","T","F",1,9,20,"T","T",1,"F","F",0,"F","F",0,"F","F",8,"G","F","F","46",0,0,"N",0,"N",0,"N",1,0,0,0,"","","","","F","F","F","F","F","F","F","F","F","","","","F","F","F","F","F","","","","",0,0,0,0,0,0,0,0,0,67,"PHI","SLN","PHI",0,"T","F",6,3,0,35,0,"T","F",0,1,"T","T","bladr102","smitj106","T","T",0,0,0,0,0,0,0,0,0,"","","",0,0,0,0,0,0,0,0,0,0,0,0,0,"leacf101","F","F","F","F",0,0,0,0,0,0,0,0,0,0,F,F,"1925PHI.EVN.regular.event.csv",3970
"PHI192508242","SLN",8,0,0,0,0,"",6,3,"bladr102","?","bladr102","?","ringj101","?","ringj101","?","wilsj105","fonsl101","fribb101","hubec101","sandh101","mokaj101","leacf101","burng101","reina102","","","13/SH.1-2","F","F",7,1,2,"T","F",0,"T","F",1,"F","F",0,"F","F",1,"G","T","F","",0,0,"N",0,"N",0,"N",0,2,0,0,"13","","","","F","F","F","F","F","F","F","F","F","ringj101","","","F","F","F","F","F","","","","",0,3,0,0,1,0,0,0,0,68,"PHI","SLN","PHI",0,"F","F",6,3,0,36,1,"T","F",1,2,"T","T","smitj106","hornr101","T","T",1,9,67,0,0,0,0,0,0,"wilsj105","","",0,0,0,0,0,0,0,0,0,0,0,0,0,"ringj101","F","F","F","F",0,0,0,0,0,0,0,0,0,0,F,F,"1925PHI.EVN.regular.event.csv",3971
"PHI192508242","SLN",8,0,1,0,0,"",6,3,"smitj106","?","smitj106","?","ringj101","?","ringj101","?","wilsj105","fonsl101","fribb101","hubec101","sandh101","mokaj101","leacf101","burng101","","reina102","","43.2-3","F","F",8,2,2,"T","T",0,"F","F",1,"F","F",0,"F","F",4,"G","F","F","",0,0,"N",0,"N",0,"N",0,0,3,0,"43","","","","F","F","F","F","F","F","F","F","F","","ringj101","","F","F","F","F","F","","","","",0,3,0,0,4,0,0,0,0,69,"PHI","SLN","PHI",0,"F","F",6,3,0,37,2,"T","F",2,4,"T","T","hornr101","bottj101","T","T",0,0,0,1,9,67,0,0,0,"","wilsj105","",0,0,0,0,0,0,0,0,0,0,0,0,0,"fribb101","F","F","F","F",0,0,0,0,0,0,0,0,0,0,F,F,"1925PHI.EVN.regular.event.csv",3972
"PHI192508242","SLN",8,0,2,0,0,"",6,3,"hornr101","?","hornr101","?","ringj101","?","ringj101","?","wilsj105","fonsl101","fribb101","hubec101","sandh101","mokaj101","leacf101","burng101","","","reina102","K","F","F",4,3,3,"T","T",0,"F","F",1,"F","F",0,"F","F",0,"","F","F","",0,0,"N",0,"N",0,"N",0,0,0,3,"2","","","","F","F","F","F","F","F","F","F","F","","","ringj101","F","F","F","F","F","","","","",0,2,0,0,0,0,0,0,0,70,"PHI","SLN","PHI",0,"F","T",6,3,0,38,3,"T","F",4,4,"T","T","bottj101","hafec101","T","T",0,0,0,0,0,0,1,9,67,"","","wilsj105",0,0,0,0,0,0,0,0,0,0,0,0,0,"","F","F","F","F",0,0,0,0,0,0,0,0,0,0,F,F,"1925PHI.EVN.regular.event.csv",3973
"PHI192508242","SLN",8,1,0,0,0,"",6,3,"wilsj105","?","wilsj105","?","reina102","?","reina102","?","vicke101","bottj101","hornr101","belll101","thevt101","bladr102","smitj106","hafec101","","","","W","T","F",2,5,14,"T","F",0,"F","F",0,"F","F",0,"F","F",0,"","F","F","",0,0,"N",0,"N",0,"N",1,0,0,0,"","","","","F","F","F","F","F","F","F","F","F","","","","F","F","F","F","F","","","","",0,0,0,0,0,0,0,0,0,71,"PHI","PHI","SLN",1,"T","F",3,6,0,31,0,"T","F",0,1,"T","T","fonsl101","hubec101","T","T",0,0,0,0,0,0,0,0,0,"","","",0,0,0,0,0,0,0,0,0,0,0,0,0,"","F","F","F","F",0,0,0,0,0,0,0,0,0,0,F,F,"1925PHI.EVN.regular.event.csv",3974
"PHI192508242","SLN",8,1,0,0,0,"",6,3,"fonsl101","?","fonsl101","?","reina102","?","reina102","?","vicke101","bottj101","hornr101","belll101","thevt101","bladr102","smitj106","hafec101","wilsj105","","","99","F","F",3,6,2,"T","T",0,"F","F",1,"F","F",0,"F","F",0,"G","F","F","",0,0,"N",0,"N",0,"N",0,1,0,0,"99","","","","F","F","F","F","F","F","F","F","F","reina102","","","F","F","F","F","F","","","","",0,0,0,0,0,0,0,0,0,72,"PHI","PHI","SLN",1,"F","F",3,6,0,32,1,"T","F",1,1,"T","T","hubec101","fribb101","T","T",2,5,71,0,0,0,0,0,0,"vicke101","","",0,0,0,0,0,0,0,0,0,0,0,0,0,"","F","F","F","F",0,0,0,0,0,0,0,0,0,0,T,F,"1925PHI.EVN.regular.event.csv",3975
"PHI192508242","SLN",8,1,1,0,0,"",6,3,"hubec101","?","hubec101","?","reina102","?","reina102","?","vicke101","bottj101","hornr101","belll101","thevt101","bladr102","smitj106","hafec101","wilsj105","","","99","F","F",5,7,2,"T","T",0,"F","F",1,"F","F",0,"F","F",0,"G","F","F","",0,0,"N",0,"N",0,"N",0,1,0,0,"99","","","","F","F","F","F","F","F","F","F","F","reina102","","","F","F","F","F","F","","","","",0,0,0,0,0,0,0,0,0,73,"PHI","PHI","SLN",1,"F","F",3,6,0,33,2,"T","F",1,1,"T","T","fribb101","ringj101","T","T",2,5,71,0,0,0,0,0,0,"vicke101","","",0,0,0,0,0,0,0,0,0,0,0,0,0,"","F","F","F","F",0,0,0,0,0,0,0,0,0,0,T,F,"1925PHI.EVN.regular.event.csv",3976
"PHI192508242","SLN",8,1,2,0,0,"",6,3,"fribb101","?","fribb101","?","reina102","?","reina102","?","vicke101","bottj101","hornr101","belll101","thevt101","bladr102","smitj106","hafec101","wilsj105","","","99","F","F",4,8,2,"T","T",0,"F","F",1,"F","F",0,"F","F",0,"G","F","F","",0,0,"N",0,"N",0,"N",0,1,0,0,"99","","","","F","F","F","F","F","F","F","F","F","reina102","","","F","F","F","F","F","","","","",0,0,0,0,0,0,0,0,0,74,"PHI","PHI","SLN",1,"F","T",3,6,0,34,3,"T","F",1,1,"T","T","ringj101","sandh101","T","T",2,5,71,0,0,0,0,0,0,"vicke101","","",0,0,0,0,0,0,0,0,0,0,0,0,0,"","F","F","F","F",0,0,0,0,0,0,0,0,0,0,T,F,"1925PHI.EVN.regular.event.csv",3977
"PHI192508242","SLN",9,0,0,0,0,"",6,3,"bottj101","?","bottj101","?","ringj101","?","ringj101","?","wilsj105","fonsl101","fribb101","hubec101","sandh101","mokaj101","leacf101","burng101","","","","99","T","F",3,4,2,"T","T",0,"F","F",1,"F","F",0,"F","F",0,"G","F","F","",0,0,"N",0,"N",0,"N",0,0,0,0,"99","","","","F","F","F","F","F","F","F","F","F","","","","F","F","F","F","F","","","","",0,0,0,0,0,0,0,0,0,75,"PHI","SLN","PHI",0,"T","F",6,3,0,39,0,"T","F",0,0,"T","T","hafec101","belll101","T","T",0,0,0,0,0,0,0,0,0,"","","",0,0,0,0,0,0,0,0,0,0,0,0,0,"","F","F","F","F",0,0,0,0,0,0,0,0,0,0,T,F,"1925PHI.EVN.regular.event.csv",3978
"PHI192508242","SLN",9,0,1,0,0,"",6,3,"hafec101","?","hafec101","?","ringj101","?","ringj101","?","wilsj105","fonsl101","fribb101","hubec101","sandh101","mokaj101","leacf101","burng101","","","","99","F","F",9,5,2,"T","T",0,"F","F",1,"F","F",0,"F","F",0,"G","F","F","",0,0,"N",0,"N",0,"N",0,0,0,0,"99","","","","F","F","F","F","F","F","F","F","F","","","","F","F","F","F","F","","","","",0,0,0,0,0,0,0,0,0,76,"PHI","SLN","PHI",0,"F","F",6,3,0,40,1,"T","F",0,0,"T","T","belll101","vicke101","T","T",0,0,0,0,0,0,0,0,0,"","","",0,0,0,0,0,0,0,0,0,0,0,0,0,"","F","F","F","F",0,0,0,0,0,0,0,0,0,0,T,F,"1925PHI.EVN.regular.event.csv",3979
"PHI192508242","SLN",9,0,2,0,0,"",6,3,"belll101","?","belll101","?","ringj101","?","ringj101","?","wilsj105","fonsl101","fribb101","hubec101","sandh101","mokaj101","leacf101","burng101","","","","99","F","F",5,6,2,"T","T",0,"F","F",1,"F","F",0,"F","F",0,"G","F","F","",0,0,"N",0,"N",0,"N",0,0,0,0,"99","","","","F","F","F","F","F","F","F","F","F","","","","F","F","F","F","F","","","","",0,0,0,0,0,0,0,0,0,77,"PHI","SLN","PHI",0,"F","T",6,3,0,41,2,"T","F",0,0,"T","T","vicke101","thevt101","T","T",0,0,0,0,0,0,0,0,0,"","","",0,0,0,0,0,0,0,0,0,0,0,0,0,"","F","F","F","F",0,0,0,0,0,0,0,0,0,0,T,F,"1925PHI.EVN.regular.event.csv",3980
"PHI192508242","SLN",9,1,0,0,0,"",6,3,"kimmw101","?","kimmw101","?","reina102","?","reina102","?","vicke101","bottj101","hornr101","belll101","thevt101","bladr102","smitj106","hafec101","","","","D","T","T",11,9,21,"T","T",2,"F","F",0,"F","F",0,"F","F",0,"","F","F","",0,0,"N",0,"N",0,"N",2,0,0,0,"","","","","F","F","F","F","F","F","F","F","F","","","","F","F","F","F","F","","","","ringj101",1,0,0,0,0,0,0,0,0,78,"PHI","PHI","SLN",1,"T","F",3,6,0,35,0,"T","F",0,2,"F","F","sandh101","leacf101","T","T",0,0,0,0,0,0,0,0,0,"","","",0,0,0,0,0,0,0,0,0,0,0,0,0,"","F","F","F","F",5,0,0,0,1,0,0,0,0,0,F,F,"1925PHI.EVN.regular.event.csv",3981
"PHI192508242","SLN",9,1,0,0,0,"",6,3,"henlb101","?","henlb101","?","reina102","?","reina102","?","vicke101","bottj101","hornr101","belll101","thevt101","bladr102","smitj106","hafec101","","kimmw101","","99","F","T",11,1,2,"T","T",0,"F","F",1,"F","F",0,"F","F",0,"G","F","F","",0,0,"N",0,"N",0,"N",0,0,2,0,"99","","","","F","F","F","F","F","F","F","F","F","","reina102","","F","F","F","F","F","","","","sandh101",6,0,0,0,0,0,0,0,0,79,"PHI","PHI","SLN",1,"F","F",3,6,0,36,1,"T","F",2,2,"F","F","leacf101","burng101","T","T",0,0,0,11,9,78,0,0,0,"","vicke101","",0,0,0,0,0,0,0,0,0,0,0,0,0,"","F","F","F","F",0,0,5,0,1,0,0,0,0,0,T,F,"1925PHI.EVN.regular.event.csv",3982
"PHI192508242","SLN",9,1,1,0,0,"",6,3,"leacf101","?","leacf101","?","reina102","?","reina102","?","vicke101","bottj101","hornr101","belll101","thevt101","bladr102","smitj106","hafec101","","kimmw101","","E6/TH1.2-H(NR)(UR);B-2","F","F",8,2,18,"T","T",0,"F","F",0,"F","F",0,"F","F",6,"G","F","F","",1,6,"T",0,"N",0,"N",2,0,5,0,"","","","","F","F","F","F","F","F","F","F","F","","reina102","","F","F","F","F","F","","","","",0,0,0,0,0,0,0,0,0,80,"PHI","PHI","SLN",1,"F","F",3,6,0,37,2,"T","F",2,2,"T","T","burng101","mokaj101","T","T",0,0,0,0,9,78,0,0,0,"","vicke101","",0,0,0,0,0,0,0,0,0,0,0,0,1,"thevt101","F","F","F","T",2,0,5,0,0,0,0,0,0,0,F,F,"1925PHI.EVN.regular.event.csv",3983
"PHI192508242","SLN",9,1,1,0,0,"",6,4,"burng101","?","burng101","?","reina102","?","reina102","?","vicke101","bottj101","hornr101","belll101","thevt101","bladr102","smitj106","hafec101","","leacf101","","W","F","F",9,3,14,"T","F",0,"F","F",0,"F","F",0,"F","F",0,"","F","F","",0,0,"N",0,"N",0,"N",1,0,2,0,"","","","","F","F","F","F","F","F","F","F","F","","reina102","","F","F","F","F","F","","","","",0,0,0,0,0,0,0,0,0,81,"PHI","PHI","SLN",1,"F","F",4,6,1,38,3,"T","F",2,3,"T","T","mokaj101","wilsj105","T","T",0,0,0,8,2,80,0,0,0,"","vicke101","",0,0,0,0,0,0,0,0,0,0,0,0,0,"","F","F","F","F",1,0,2,0,0,0,0,0,0,0,F,F,"1925PHI.EVN.regular.event.csv",3984
"PHI192508242","SLN",9,1,1,0,0,"",6,4,"mokaj101","?","mokaj101","?","reina102","?","reina102","?","vicke101","bottj101","hornr101","belll101","thevt101","bladr102","smitj106","hafec101","burng101","leacf101","","99","F","F",7,4,2,"T","T",0,"F","F",1,"F","F",0,"F","F",0,"G","F","F","",0,0,"N",0,"N",0,"N",0,1,2,0,"99","","","","F","F","F","F","F","F","F","F","F","reina102","reina102","","F","F","F","F","F","","","","",0,0,0,0,0,0,0,0,0,82,"PHI","PHI","SLN",1,"F","F",4,6,1,39,4,"T","F",3,3,"T","T","wilsj105","fonsl101","T","T",9,3,81,8,2,80,0,0,0,"vicke101","vicke101","",0,0,0,0,0,0,0,0,0,0,0,0,0,"","F","F","F","F",0,1,2,0,0,0,0,0,0,0,T,F,"1925PHI.EVN.regular.event.csv",3985
"PHI192508242","SLN",9,1,2,0,0,"",6,4,"wilsj105","?","wilsj105","?","reina102","?","reina102","?","vicke101","bottj101","hornr101","belll101","thevt101","bladr102","smitj106","hafec101","burng101","leacf101","","99","F","F",2,5,2,"T","T",0,"F","F",1,"F","F",0,"F","F",0,"G","F","F","",0,0,"N",0,"N",0,"N",0,1,2,0,"99","","","","F","F","F","F","F","F","F","F","F","reina102","reina102","","F","T","F","F","F","","","","",0,0,0,0,0,0,0,0,0,83,"PHI","PHI","SLN",1,"F","T",4,6,1,40,5,"T","F",3,3,"T","T","fonsl101","hubec101","T","T",9,3,81,8,2,80,0,0,0,"vicke101","vicke101","",0,0,0,0,0,0,0,0,0,0,0,0,0,"","F","F","F","F",0,1,2,0,0,0,0,0,0,0,T,F,"1925PHI.EVN.regular.event.csv",3986
"PHI192508250","CHN",1,0,0,0,0,"",0,0,"adams101","?","adams101","?","coucj101","?","coucj101","?","henlb101","wrigr102","fribb101","hubec101","kimmw101","harpg101","leacf101","willc103","","","","7/L","T","F",4,1,2,"T","T",0,"F","F",1,"F","F",0,"F","F",7,"L","F","F","",0,0,"N",0,"N",0,"N",0,0,0,0,"7","","","","F","F","F","F","F","F","F","F","F","","","","T","F","F","F","F","","","","",0,7,0,0,0,0,0,0,0,1,"PHI","CHN","PHI",0,"T","F",0,0,0,0,0,"T","F",0,0,"T","T","heatc101","freih101","T","T",0,0,0,0,0,0,0,0,0,"","","",0,0,0,0,0,0,0,0,0,0,0,0,0,"harpg101","F","F","F","F",0,0,0,0,0,0,0,0,0,0,F,F,"1925PHI.EVN.regular.event.csv",3987
"PHI192508250","CHN",1,0,1,0,0,"",0,0,"heatc101","?","heatc101","?","coucj101","?","coucj101","?","henlb101","wrigr102","fribb101","hubec101","kimmw101","harpg101","leacf101","willc103","","","","31","F","F",9,2,2,"T","T",0,"F","F",1,"F","F",0,"F","F",3,"G","F","F","",0,0,"N",0,"N",0,"N",0,0,0,0,"31","","","","F","F","F","F","F","F","F","F","F","","","","F","F","F","F","F","","","","",0,1,0,0,3,0,0,0,0,2,"PHI","CHN","PHI",0,"F","F",0,0,0,1,1,"T","F",0,0,"T","T","freih101","jahna101","T","T",0,0,0,0,0,0,0,0,0,"","","",0,0,0,0,0,0,0,0,0,0,0,0,0,"wrigr102","F","F","F","F",0,0,0,0,0,0,0,0,0,0,F,F,"1925PHI.EVN.regular.event.csv",3988
"PHI192508250","CHN",1,0,2,0,0,"",0,0,"freih101","?","freih101","?","coucj101","?","coucj101","?","henlb101","wrigr102","fribb101","hubec101","kimmw101","harpg101","leacf101","willc103","","","","K/C","F","F",3,3,3,"T","T",0,"F","F",1,"F","F",0,"F","F",0,"","F","F","",0,0,"N",0,"N",0,"N",0,0,0,0,"2","","","","F","F","F","F","F","F","F","F","F","","","","F","F","F","F","F","","","","",0,2,0,0,0,0,0,0,0,3,"PHI","CHN","PHI",0,"F","T",0,0,0,2,2,"T","F",0,0,"T","T","jahna101","michr101","T","T",0,0,0,0,0,0,0,0,0,"","","",0,0,0,0,0,0,0,0,0,0,0,0,0,"","F","F","F","F",0,0,0,0,0,0,0,0,0,0,F,F,"1925PHI.EVN.regular.event.csv",3989
"PHI192508250","CHN",1,1,0,0,0,"",0,0,"kimmw101","?","kimmw101","?","keenv101","?","keenv101","?","hartg103","freih101","adams101","michr101","pittp101","jahna101","grift102","heatc101","","","","W","T","F",6,1,14,"T","F",0,"F","F",0,"F","F",0,"F","F",0,"","F","F","",0,0,"N",0,"N",0,"N",1,0,0,0,"","","","","F","F","F","F","F","F","F","F","F","","","","F","F","F","F","F","","","","",0,0,0,0,0,0,0,0,0,4,"PHI","PHI","CHN",1,"T","F",0,0,0,0,0,"T","F",0,1,"T","T","leacf101","willc103","T","T",0,0,0,0,0,0,0,0,0,"","","",0,0,0,0,0,0,0,0,0,0,0,0,0,"","F","F","F","F",4,0,0,0,6,0,0,0,0,0,F,F,"1925PHI.EVN.regular.event.csv",3990
"PHI192508250","CHN",1,1,0,0,0,"",0,0,"leacf101","?","leacf101","?","keenv101","?","keenv101","?","hartg103","freih101","adams101","michr101","pittp101","jahna101","grift102","heatc101","kimmw101","","","S9.1-2","F","F",8,2,20,"T","T",1,"F","F",0,"F","F",0,"F","F",9,"","F","F","",0,0,"N",0,"N",0,"N",1,2,0,0,"","","","","F","F","F","F","F","F","F","F","F","keenv101","","","F","F","F","F","F","","","","",0,0,0,0,0,0,0,0,0,5,"PHI","PHI","CHN",1,"F","F",0,0,0,1,1,"T","F",1,3,"T","T","willc103","harpg101","T","T",6,1,4,0,0,0,0,0,0,"hartg103","","",0,0,0,0,0,0,0,0,0,0,0,0,0,"heatc101","F","F","F","F",4,4,0,0,6,0,0,0,0,0,F,F,"1925PHI.EVN.regular.event.csv",3991
"PHI192508250","CHN",1,1,0,0,0,"",0,0,"willc103","?","willc103","?","keenv101","?","keenv101","?","hartg103","freih101","adams101","michr101","pittp101","jahna101","grift102","heatc101","leacf101","kimmw101","","S9.2-H;1-3","F","F",9,3,20,"T","T",1,"F","F",0,"F","F",1,"F","F",9,"","F","F","",0,0,"N",0,"N",0,"N",1,3,4,0,"","","","","F","F","F","F","F","F","F","F","F","keenv101","keenv101","","F","F","F","F","F","","","","",0,0,0,0,0,0,0,0,0,6,"PHI","PHI","CHN",1,"F","F",0,0,0,2,2,"T","F",3,5,"T","T","harpg101","wrigr102","T","T",8,2,5,6,1,4,0,0,0,"hartg103","hartg103","",0,0,0,0,0,0,0,0,0,0,0,0,1,"heatc101","F","F","F","F",4,4,4,0,5,0,0,0,0,0,F,F,"1925PHI.EVN.regular.event.csv",3992
"PHI192508250","CHN",1,1,0,0,0,"",0,1,"harpg101","?","harpg101","?","keenv101","?","keenv101","?","hartg103","freih101","adams101","michr101","pittp101","jahna101","grift102","heatc101","willc103","","leacf101","HR/F9D.3-H;1-H","F","F",7,4,23,"T","T",4,"F","F",0,"F","F",3,"F","F",0,"F","F","F","9D",0,0,"N",0,"N",0,"N",4,4,0,4,"","","","","F","F","F","F","F","F","F","F","F","keenv101","","keenv101","F","F","F","F","F","","","","",0,0,0,0,0,0,0,0,0,7,"PHI","PHI","CHN",1,"F","F",1,0,1,3,3,"T","F",5,0,"T","T","wrigr102","henlb101","T","T",9,3,6,0,0,0,8,2,5,"hartg103","","hartg103",0,0,0,0,0,0,0,0,0,0,0,0,3,"","F","F","F","F",4,4,0,4,2,0,0,0,0,0,F,F,"1925PHI.EVN.regular.event.csv",3993
"PHI192508250","CHN",1,1,0,0,0,"",0,4,"wrigr102","?","wrigr102","?","keenv101","?","keenv101","?","hartg103","freih101","adams101","michr101","pittp101","jahna101","grift102","heatc101","","","","S/78","F","F",3,5,20,"T","T",1,"F","F",0,"F","F",0,"F","F",0,"","F","F","78",0,0,"N",0,"N",0,"N",1,0,0,0,"","","","","F","F","F","F","F","F","F","F","F","","","","F","F","F","F","F","","","","",0,0,0,0,0,0,0,0,0,8,"PHI","PHI","CHN",1,"F","F",4,0,4,4,4,"T","F",0,1,"T","T","henlb101","hubec101","T","T",0,0,0,0,0,0,0,0,0,"","","",0,0,0,0,0,0,0,0,0,0,0,0,0,"","F","F","F","F",4,0,0,0,2,0,0,0,0,0,F,F,"1925PHI.EVN.regular.event.csv",3994
"PHI192508250","CHN",1,1,0,0,0,"",0,4,"henlb101","?","henlb101","?","keenv101","?","keenv101","?","hartg103","freih101","adams101","michr101","pittp101","jahna101","grift102","heatc101","wrigr102","","","HR/F9D.1-H","F","F",2,6,23,"T","T",4,"F","F",0,"F","F",2,"F","F",0,"F","F","F","9D",0,0,"N",0,"N",0,"N",4,4,0,0,"","","","","F","F","F","F","F","F","F","F","F","keenv101","","","F","F","F","F","F","","","","",0,0,0,0,0,0,0,0,0,9,"PHI","PHI","CHN",1,"F","F",4,0,4,5,5,"T","F",1,0,"T","T","hubec101","fribb101","T","T",3,5,8,0,0,0,0,0,0,"hartg103","","",0,0,0,0,0,0,0,0,0,0,0,0,2,"","F","F","F","F",4,4,0,0,0,0,0,0,0,0,F,F,"1925PHI.EVN.regular.event.csv",3995
"PHI192508250","CHN",1,1,0,0,0,"",0,6,"hubec101","?","hubec101","?","keenv101","?","keenv101","?","hartg103","freih101","adams101","michr101","pittp101","jahna101","grift102","heatc101","","","","K","F","F",5,7,3,"T","T",0,"F","F",1,"F","F",0,"F","F",0,"","F","F","",0,0,"N",0,"N",0,"N",0,0,0,0,"2","","","","F","F","F","F","F","F","F","F","F","","","","F","F","F","F","F","","","","",0,2,0,0,0,0,0,0,0,10,"PHI","PHI","CHN",1,"F","F",6,0,6,6,6,"T","F",0,0,"T","T","fribb101","coucj101","T","T",0,0,0,0,0,0,0,0,0,"","","",0,0,0,0,0,0,0,0,0,0,0,0,0,"","F","F","F","F",0,0,0,0,0,0,0,0,0,0,F,F,"1925PHI.EVN.regular.event.csv",3996
"PHI192508250","CHN",1,1,1,0,0,"",0,6,"fribb101","?","fribb101","?","keenv101","?","keenv101","?","hartg103","freih101","adams101","michr101","pittp101","jahna101","grift102","heatc101","","","","S6/G","F","F",4,8,20,"T","T",1,"F","F",0,"F","F",0,"F","F",6,"G","F","F","",0,0,"N",0,"N",0,"N",1,0,0,0,"","","","","F","F","F","F","F","F","F","F","F","","","","F","F","F","F","F","","","","",0,0,0,0,0,0,0,0,0,11,"PHI","PHI","CHN",1,"F","F",6,0,6,7,7,"T","F",0,1,"T","T","coucj101","kimmw101","T","T",0,0,0,0,0,0,0,0,0,"","","",0,0,0,0,0,0,0,0,0,0,0,0,0,"pittp101","F","F","F","F",0,0,0,0,0,0,0,0,0,0,F,F,"1925PHI.EVN.regular.event.csv",3997
"PHI192508250","CHN",1,1,1,0,0,"",0,6,"coucj101","?","coucj101","?","keenv101","?","keenv101","?","hartg103","freih101","adams101","michr101","pittp101","jahna101","grift102","heatc101","fribb101","","","K","F","F",1,9,3,"T","T",0,"F","F",1,"F","F",0,"F","F",0,"","F","F","",0,0,"N",0,"N",0,"N",0,1,0,0,"2","","","","F","F","F","F","F","F","F","F","F","keenv101","","","F","F","F","F","F","","","","",0,2,0,0,0,0,0,0,0,12,"PHI","PHI","CHN",1,"F","F",6,0,6,8,8,"T","F",1,1,"T","T","kimmw101","leacf101","T","T",4,8,11,0,0,0,0,0,0,"hartg103","","",0,0,0,0,0,0,0,0,0,0,0,0,0,"","F","F","F","F",0,0,0,0,0,0,0,0,0,0,F,F,"1925PHI.EVN.regular.event.csv",3998
"PHI192508250","CHN",1,1,2,0,0,"",0,6,"kimmw101","?","kimmw101","?","keenv101","?","keenv101","?","hartg103","freih101","adams101","michr101","pittp101","jahna101","grift102","heatc101","fribb101","","","3/G","F","F",6,1,2,"T","T",0,"F","F",1,"F","F",0,"F","F",3,"G","F","F","",0,0,"N",0,"N",0,"N",0,1,0,0,"3","","","","F","F","F","F","F","F","F","F","F","keenv101","","","F","F","F","F","F","","","","",0,3,0,0,0,0,0,0,0,13,"PHI","PHI","CHN",1,"F","T",6,0,6,9,9,"T","F",1,1,"T","T","leacf101","willc103","T","T",4,8,11,0,0,0,0,0,0,"hartg103","","",0,0,0,0,0,0,0,0,0,0,0,0,0,"freih101","F","F","F","F",0,0,0,0,0,0,0,0,0,0,F,F,"1925PHI.EVN.regular.event.csv",3999
"PHI192508250","CHN",2,0,0,0,0,"",0,6,"jahna101","?","jahna101","?","coucj101","?","coucj101","?","henlb101","wrigr102","fribb101","hubec101","kimmw101","harpg101","leacf101","willc103","","","","E6/G","T","F",7,4,18,"T","T",0,"F","F",0,"F","F",0,"F","F",6,"G","F","F","",1,6,"F",0,"N",0,"N",1,0,0,0,"","","","","F","F","F","F","F","F","F","F","F","","","","F","F","F","F","F","","","","",0,0,0,0,0,0,0,0,0,14,"PHI","CHN","PHI",0,"T","F",0,6,0,3,0,"T","F",0,1,"T","T","michr101","grift102","T","T",0,0,0,0,0,0,0,0,0,"","","",0,0,0,0,0,0,0,0,0,0,0,0,0,"kimmw101","F","F","F","T",5,0,0,0,2,0,0,0,0,0,F,F,"1925PHI.EVN.regular.event.csv",4000
"PHI192508250","CHN",2,0,0,0,0,"",0,6,"michr101","?","michr101","?","coucj101","?","coucj101","?","henlb101","wrigr102","fribb101","hubec101","kimmw101","harpg101","leacf101","willc103","jahna101","","","W.1-2","F","F",5,5,14,"T","F",0,"F","F",0,"F","F",0,"F","F",0,"","F","F","",0,0,"N",0,"N",0,"N",1,2,0,0,"","","","","F","F","F","F","F","F","F","F","F","coucj101","","","F","F","F","F","F","","","","",0,0,0,0,0,0,0,0,0,15,"PHI","CHN","PHI",0,"F","F",0,6,0,4,1,"T","F",1,3,"T","T","grift102","pittp101","T","T",7,4,14,0,0,0,0,0,0,"henlb101","","",0,0,0,0,0,0,0,0,0,0,0,0,0,"","F","F","F","F",4,5,0,0,2,0,0,0,0,0,F,F,"1925PHI.EVN.regular.event.csv",4001
"PHI192508250","CHN",2,0,0,0,0,"",0,6,"grift102","?","grift102","?","coucj101","?","coucj101","?","henlb101","wrigr102","fribb101","hubec101","kimmw101","harpg101","leacf101","willc103","michr101","jahna101","","S8/8S.2-H(UR);1-3","F","F",8,6,20,"T","T",1,"F","F",0,"F","F",1,"F","F",8,"","F","F","8S",0,0,"N",0,"N",0,"N",1,3,5,0,"","","","","F","F","F","F","F","F","F","F","F","coucj101","coucj101","","F","F","F","F","F","","","","",0,0,0,0,0,0,0,0,0,16,"PHI","CHN","PHI",0,"F","F",0,6,0,5,2,"T","F",3,5,"T","T","pittp101","hartg103","T","T",5,5,15,7,4,14,0,0,0,"henlb101","henlb101","",0,0,0,0,0,0,0,0,0,0,0,0,1,"leacf101","F","F","F","F",0,4,5,0,1,0,0,0,0,0,F,F,"1925PHI.EVN.regular.event.csv",4002
"PHI192508250","CHN",2,0,0,0,0,"",1,6,"pittp101","?","pittp101","?","coucj101","?","coucj101","?","henlb101","wrigr102","fribb101","hubec101","kimmw101","harpg101","leacf101","willc103","grift102","","michr101","S9.3-H;1-2","F","F",6,7,20,"T","T",1,"F","F",0,"F","F",1,"F","F",9,"","F","F","",0,0,"N",0,"N",0,"N",1,2,0,4,"","","","","F","F","F","F","F","F","F","F","F","coucj101","","coucj101","F","F","F","F","F","","","","",0,0,0,0,0,0,0,0,0,17,"PHI","CHN","PHI",0,"F","F",1,6,1,6,3,"T","F",5,3,"T","T","hartg103","keenv101","T","T",8,6,16,0,0,0,5,5,15,"henlb101","","henlb101",0,0,0,0,0,0,0,0,0,0,0,0,1,"willc103","F","F","F","F",0,0,0,4,0,0,0,0,0,0,F,F,"1925PHI.EVN.regular.event.csv",4003
"PHI192508250","CHN",2,0,0,0,0,"",2,6,"hartg103","?","hartg103","?","coucj101","?","coucj101","?","henlb101","wrigr102","fribb101","hubec101","kimmw101","harpg101","leacf101","willc103","pittp101","grift102","","64(1)3/GDP.2-3","F","F",2,8,2,"T","T",0,"F","F",2,"T","F",0,"F","F",6,"G","F","F","",0,0,"N",0,"N",0,"N",0,0,3,0,"43","64","","","F","F","F","F","F","F","F","F","F","coucj101","coucj101","","F","F","F","F","F","","","","",0,4,3,0,6,4,0,0,0,18,"PHI","CHN","PHI",0,"F","F",2,6,2,7,4,"T","F",3,4,"T","T","keenv101","adams101","T","T",6,7,17,8,6,16,0,0,0,"henlb101","henlb101","",0,0,0,0,0,0,0,0,0,0,0,0,0,"kimmw101","T","F","F","F",0,0,0,0,0,0,0,0,0,0,F,F,"1925PHI.EVN.regular.event.csv",4004
"PHI192508250","CHN",2,0,2,0,0,"",2,6,"keenv101","?","keenv101","?","coucj101","?","coucj101","?","henlb101","wrigr102","fribb101","hubec101","kimmw101","harpg101","leacf101","willc103","","","grift102","K","F","F",1,9,3,"T","T",0,"F","F",1,"F","F",0,"F","F",0,"","F","F","",0,0,"N",0,"N",0,"N",0,0,0,3,"2","","","","F","F","F","F","F","F","F","F","F","","","coucj101","F","F","F","F","F","","","","",0,2,0,0,0,0,0,0,0,19,"PHI","CHN","PHI",0,"F","T",2,6,2,8,5,"T","F",4,4,"T","T","adams101","heatc101","T","T",0,0,0,0,0,0,8,6,16,"","","henlb101",0,0,0,0,0,0,0,0,0,0,0,0,0,"","F","F","F","F",0,0,0,0,0,0,0,0,0,0,F,F,"1925PHI.EVN.regular.event.csv",4005
"PHI192508250","CHN",2,1,0,0,0,"",2,6,"leacf101","?","leacf101","?","keenv101","?","keenv101","?","hartg103","freih101","adams101","michr101","pittp101","jahna101","grift102","heatc101","","","","D9/F9DW","T","F",8,2,21,"T","T",2,"F","F",0,"F","F",0,"F","F",9,"F","F","F","9DW",0,0,"N",0,"N",0,"N",2,0,0,0,"","","","","F","F","F","F","F","F","F","F","F","","","","F","F","F","F","F","","","","",0,0,0,0,0,0,0,0,0,20,"PHI","PHI","CHN",1,"T","F",6,2,0,10,0,"T","F",0,2,"T","T","willc103","harpg101","T","T",0,0,0,0,0,0,0,0,0,"","","",0,0,0,0,0,0,0,0,0,0,0,0,0,"heatc101","F","F","F","F",0,0,0,0,0,0,0,0,0,0,F,F,"1925PHI.EVN.regular.event.csv",4006
"PHI192508250","CHN",2,1,0,0,0,"",2,6,"willc103","?","willc103","?","keenv101","?","keenv101","?","hartg103","freih101","adams101","michr101","pittp101","jahna101","grift102","heatc101","","leacf101","","W","F","F",9,3,14,"T","F",0,"F","F",0,"F","F",0,"F","F",0,"","F","F","",0,0,"N",0,"N",0,"N",1,0,2,0,"","","","","F","F","F","F","F","F","F","F","F","","keenv101","","F","F","F","F","F","","","","",0,0,0,0,0,0,0,0,0,21,"PHI","PHI","CHN",1,"F","F",6,2,0,11,1,"T","F",2,3,"T","T","harpg101","wrigr102","T","T",0,0,0,8,2,20,0,0,0,"","hartg103","",0,0,0,0,0,0,0,0,0,0,0,0,0,"","F","F","F","F",0,0,0,0,0,0,0,0,0,0,F,F,"1925PHI.EVN.regular.event.csv",4007
"PHI192508250","CHN",2,1,0,0,0,"",2,6,"harpg101","?","harpg101","?","keenv101","?","keenv101","?","hartg103","freih101","adams101","michr101","pittp101","jahna101","grift102","heatc101","willc103","leacf101","","2/FL","F","F",7,4,2,"T","T",0,"F","F",1,"F","F",0,"F","F",2,"F","F","T","",0,0,"N",0,"N",0,"N",0,1,2,0,"2","","","","F","F","F","F","F","F","F","F","F","keenv101","keenv101","","F","F","F","F","F","","","","",0,2,0,0,0,0,0,0,0,22,"PHI","PHI","CHN",1,"F","F",6,2,0,12,2,"T","F",3,3,"T","T","wrigr102","henlb101","T","T",9,3,21,8,2,20,0,0,0,"hartg103","hartg103","",0,0,0,0,0,0,0,0,0,0,0,0,0,"hartg103","F","F","F","F",0,0,0,0,0,0,0,0,0,0,F,F,"1925PHI.EVN.regular.event.csv",4008
"PHI192508250","CHN",2,1,1,0,0,"",2,6,"wrigr102","?","wrigr102","?","keenv101","?","keenv101","?","hartg103","freih101","adams101","michr101","pittp101","jahna101","grift102","heatc101","willc103","leacf101","","9/F","F","F",3,5,2,"T","T",0,"F","F",1,"F","F",0,"F","F",9,"F","F","F","",0,0,"N",0,"N",0,"N",0,1,2,0,"9","","","","F","F","F","F","F","F","F","F","F","keenv101","keenv101","","F","F","F","F","F","","","","",0,9,0,0,0,0,0,0,0,23,"PHI","PHI","CHN",1,"F","F",6,2,0,13,3,"T","F",3,3,"T","T","henlb101","hubec101","T","T",9,3,21,8,2,20,0,0,0,"hartg103","hartg103","",0,0,0,0,0,0,0,0,0,0,0,0,0,"heatc101","F","F","F","F",0,0,0,0,0,0,0,0,0,0,F,F,"1925PHI.EVN.regular.event.csv",4009
"PHI192508250","CHN",2,1,2,0,0,"",2,6,"henlb101","?","henlb101","?","keenv101","?","keenv101","?","hartg103","freih101","adams101","michr101","pittp101","jahna101","grift102","heatc101","willc103","leacf101","","5/P","F","F",2,6,2,"T","T",0,"F","F",1,"F","F",0,"F","F",5,"P","F","F","",0,0,"N",0,"N",0,"N",0,1,2,0,"5","","","","F","F","F","F","F","F","F","F","F","keenv101","keenv101","","F","F","F","F","F","","","","",0,5,0,0,0,0,0,0,0,24,"PHI","PHI","CHN",1,"F","T",6,2,0,14,4,"T","F",3,3,"T","T","hubec101","fribb101","T","T",9,3,21,8,2,20,0,0,0,"hartg103","hartg103","",0,0,0,0,0,0,0,0,0,0,0,0,0,"michr101","F","F","F","F",0,0,0,0,0,0,0,0,0,0,F,F,"1925PHI.EVN.regular.event.csv",4010
"PHI192508250","CHN",3,0,0,0,0,"",2,6,"adams101","?","adams101","?","coucj101","?","coucj101","?","henlb101","wrigr102","fribb101","hubec101","kimmw101","harpg101","leacf101","willc103","","","","D7","T","F",4,1,21,"T","T",2,"F","F",0,"F","F",0,"F","F",7,"","F","F","",0,0,"N",0,"N",0,"N",2,0,0,0,"","","","","F","F","F","F","F","F","F","F","F","","","","F","F","F","F","F","","","","",0,0,0,0,0,0,0,0,0,25,"PHI","CHN","PHI",0,"T","F",2,6,0,9,0,"T","F",0,2,"T","T","heatc101","freih101","T","T",0,0,0,0,0,0,0,0,0,"","","",0,0,0,0,0,0,0,0,0,0,0,0,0,"harpg101","F","F","F","F",4,0,0,0,4,0,0,0,0,0,F,F,"1925PHI.EVN.regular.event.csv",4011
"PHI192508250","CHN",3,0,0,0,0,"",2,6,"heatc101","?","heatc101","?","coucj101","?","coucj101","?","henlb101","wrigr102","fribb101","hubec101","kimmw101","harpg101","leacf101","willc103","","adams101","","HP","F","F",9,2,16,"T","F",0,"F","F",0,"F","F",0,"F","F",0,"","F","F","",0,0,"N",0,"N",0,"N",1,0,2,0,"","","","","F","F","F","F","F","F","F","F","F","","coucj101","","F","F","F","F","F","","","","",0,0,0,0,0,0,0,0,0,26,"PHI","CHN","PHI",0,"F","F",2,6,0,10,1,"T","F",2,3,"T","T","freih101","jahna101","T","T",0,0,0,4,1,25,0,0,0,"","henlb101","",0,0,0,0,0,0,0,0,0,0,0,0,0,"","F","F","F","F",4,0,4,0,4,0,0,0,0,0,F,F,"1925PHI.EVN.regular.event.csv",4012
"PHI192508250","CHN",3,0,0,0,0,"",2,6,"freih101","?","freih101","?","coucj101","?","coucj101","?","henlb101","wrigr102","fribb101","hubec101","kimmw101","harpg101","leacf101","willc103","heatc101","adams101","","W.2-3;1-2","F","F",3,3,14,"T","F",0,"F","F",0,"F","F",0,"F","F",0,"","F","F","",0,0,"N",0,"N",0,"N",1,2,3,0,"","","","","F","F","F","F","F","F","F","F","F","coucj101","coucj101","","F","F","F","F","F","","","","",0,0,0,0,0,0,0,0,0,27,"PHI","CHN","PHI",0,"F","F",2,6,0,11,2,"T","F",3,7,"T","T","jahna101","michr101","T","T",9,2,26,4,1,25,0,0,0,"henlb101","henlb101","",0,0,0,0,0,0,0,0,0,0,0,0,0,"","F","F","F","F",4,4,4,0,4,0,0,0,0,0,F,F,"1925PHI.EVN.regular.event.csv",4013
"PHI192508250","CHN",3,0,0,0,0,"",2,6,"jahna101","?","jahna101","?","coucj101","?","coucj101","?","henlb101","wrigr102","fribb101","hubec101","kimmw101","harpg101","leacf101","willc103","freih101","heatc101","adams101","S8.3-H;2-3;1-2","F","F",7,4,20,"T","T",1,"F","F",0,"F","F",1,"F","F",8,"","F","F","",0,0,"N",0,"N",0,"N",1,2,3,4,"","","","","F","F","F","F","F","F","F","F","F","coucj101","coucj101","coucj101","F","F","F","F","F","","","","",0,0,0,0,0,0,0,0,0,28,"PHI","CHN","PHI",0,"F","F",2,6,0,12,3,"T","F",7,7,"T","T","michr101","grift102","T","T",3,3,27,9,2,26,4,1,25,"henlb101","henlb101","henlb101",0,0,0,0,0,0,0,0,0,0,0,0,1,"leacf101","F","F","F","F",4,4,4,4,3,0,0,0,0,0,F,F,"1925PHI.EVN.regular.event.csv",4014
"PHI192508250","CHN",3,0,0,0,0,"",3,6,"michr101","?","michr101","?","pierr101","?","pierr101","?","henlb101","wrigr102","fribb101","hubec101","kimmw101","harpg101","leacf101","willc103","jahna101","freih101","heatc101","D8/F89XDW.3-H;2-H;1-3","F","F",5,5,21,"T","T",2,"F","F",0,"F","F",2,"F","F",8,"F","F","F","89XDW",0,0,"N",0,"N",0,"N",2,3,4,4,"","","","","F","F","F","F","F","F","F","F","F","coucj101","coucj101","coucj101","F","F","F","F","F","","","","",0,0,0,0,0,0,0,0,0,29,"PHI","CHN","PHI",0,"F","F",3,6,1,13,4,"T","F",7,6,"T","T","grift102","pittp101","F","F",7,4,28,3,3,27,9,2,26,"henlb101","henlb101","henlb101",0,0,0,0,0,0,0,0,0,0,0,0,2,"leacf101","F","F","F","F",3,4,4,4,1,0,0,0,0,0,F,F,"1925PHI.EVN.regular.event.csv",4015
"PHI192508250","CHN",3,0,0,0,0,"",5,6,"broom101","?","broom101","?","pierr101","?","pierr101","?","henlb101","wrigr102","fribb101","hubec101","kimmw101","harpg101","leacf101","willc103","","michr101","jahna101","63.3-H","F","T",11,6,2,"T","T",0,"F","F",1,"F","F",1,"F","F",6,"G","F","F","",0,0,"N",0,"N",0,"N",0,0,2,4,"63","","","","F","F","F","F","F","F","F","F","F","","pierr101","coucj101","F","F","F","F","F","","","","grift102",8,3,0,0,6,0,0,0,0,30,"PHI","CHN","PHI",0,"F","F",5,6,3,14,5,"T","F",6,2,"F","F","pittp101","hartg103","F","F",0,0,0,5,5,29,7,4,28,"","henlb101","henlb101",0,0,0,0,0,0,0,0,0,0,0,0,1,"kimmw101","F","F","F","F",0,0,3,4,0,0,0,0,0,0,F,F,"1925PHI.EVN.regular.event.csv",4016
"PHI192508250","CHN",3,0,1,0,0,"",6,6,"pittp101","?","pittp101","?","pierr101","?","pierr101","?","henlb101","wrigr102","fribb101","hubec101","kimmw101","harpg101","leacf101","willc103","","michr101","","FC6.2-3(E6/TH3)","F","F",6,7,19,"T","T",0,"F","F",0,"F","F",0,"F","F",6,"G","F","F","",1,6,"T",0,"N",0,"N",1,0,3,0,"","","","","F","F","F","F","F","F","F","F","F","","pierr101","","F","F","F","F","F","","","","",0,0,0,0,0,0,0,0,0,31,"PHI","CHN","PHI",0,"F","F",6,6,4,15,6,"T","F",2,5,"T","T","hartg103","keenv101","F","F",0,0,0,5,5,29,0,0,0,"","henlb101","",0,0,0,0,0,0,0,0,0,0,0,0,0,"kimmw101","F","F","F","F",1,0,3,0,0,0,0,0,0,0,F,F,"1925PHI.EVN.regular.event.csv",4017
"PHI192508250","CHN",3,0,1,0,0,"",6,6,"hartg103","?","hartg103","?","pierr101","?","pierr101","?","henlb101","wrigr102","fribb101","hubec101","kimmw101","harpg101","leacf101","willc103","pittp101","","michr101","K","F","F",2,8,3,"T","T",0,"F","F",1,"F","F",0,"F","F",0,"","F","F","",0,0,"N",0,"N",0,"N",0,1,0,3,"2","","","","F","F","F","F","F","F","F","F","F","pierr101","","pierr101","F","F","F","F","F","","","","",0,2,0,0,0,0,0,0,0,32,"PHI","CHN","PHI",0,"F","F",6,6,4,16,7,"T","F",5,5,"T","T","keenv101","adams101","F","F",6,7,31,0,0,0,5,5,29,"henlb101","","henlb101",0,0,0,0,0,0,0,0,0,0,0,0,0,"","F","F","F","F",0,1,0,3,0,0,0,0,0,0,F,F,"1925PHI.EVN.regular.event.csv",4018
"PHI192508250","CHN",3,0,2,0,0,"",6,6,"gonzm101","?","gonzm101","?","pierr101","?","pierr101","?","henlb101","wrigr102","fribb101","hubec101","kimmw101","harpg101","leacf101","willc103","pittp101","","michr101","13","F","T",11,9,2,"T","T",0,"F","F",1,"F","F",0,"F","F",1,"G","F","F","",0,0,"N",0,"N",0,"N",0,1,0,3,"13","","","","F","F","F","F","F","F","F","F","F","pierr101","","pierr101","F","F","F","F","F","","","","keenv101",1,3,0,0,1,0,0,0,0,33,"PHI","CHN","PHI",0,"F","T",6,6,4,17,8,"T","F",5,5,"F","F","adams101","heatc101","F","F",6,7,31,0,0,0,5,5,29,"henlb101","","henlb101",0,0,0,0,0,0,0,0,0,0,0,0,0,"pierr101","F","F","F","F",0,1,0,3,0,0,0,0,0,0,F,F,"1925PHI.EVN.regular.event.csv",4019
"PHI192508250","CHN",3,1,0,0,0,"",6,6,"hubec101","?","hubec101","?","kauft101","?","kauft101","?","hartg103","freih101","adams101","michr101","pittp101","jahna101","broom101","heatc101","","","","7/F","T","F",5,7,2,"T","T",0,"F","F",1,"F","F",0,"F","F",7,"F","F","F","",0,0,"N",0,"N",0,"N",0,0,0,0,"7","","","","F","F","F","F","F","F","F","F","F","","","","F","F","F","F","F","","","","",0,7,0,0,0,0,0,0,0,34,"PHI","PHI","CHN",1,"T","F",6,6,0,15,0,"T","F",0,0,"T","T","fribb101","pierr101","F","F",0,0,0,0,0,0,0,0,0,"","","",0,0,0,0,0,0,0,0,0,0,0,0,0,"jahna101","F","F","F","F",0,0,0,0,0,0,0,0,0,0,F,F,"1925PHI.EVN.regular.event.csv",4020
"PHI192508250","CHN",3,1,1,0,0,"",6,6,"fribb101","?","fribb101","?","kauft101","?","kauft101","?","hartg103","freih101","adams101","michr101","pittp101","jahna101","broom101","heatc101","","","","8/L","F","F",4,8,2,"T","T",0,"F","F",1,"F","F",0,"F","F",8,"L","F","F","",0,0,"N",0,"N",0,"N",0,0,0,0,"8","","","","F","F","F","F","F","F","F","F","F","","","","F","F","F","F","F","","","","",0,8,0,0,0,0,0,0,0,35,"PHI","PHI","CHN",1,"F","F",6,6,0,16,1,"T","F",0,0,"T","T","pierr101","kimmw101","F","F",0,0,0,0,0,0,0,0,0,"","","",0,0,0,0,0,0,0,0,0,0,0,0,0,"broom101","F","F","F","F",0,0,0,0,0,0,0,0,0,0,F,F,"1925PHI.EVN.regular.event.csv",4021
"PHI192508250","CHN",3,1,2,0,0,"",6,6,"pierr101","?","pierr101","?","kauft101","?","kauft101","?","hartg103","freih101","adams101","michr101","pittp101","jahna101","broom101","heatc101","","","","13","F","F",1,9,2,"T","T",0,"F","F",1,"F","F",0,"F","F",1,"G","F","F","",0,0,"N",0,"N",0,"N",0,0,0,0,"13","","","","F","F","F","F","F","F","F","F","F","","","","F","F","F","F","F","","","","",0,3,0,0,1,0,0,0,0,36,"PHI","PHI","CHN",1,"F","T",6,6,0,17,2,"T","F",0,0,"F","F","kimmw101","leacf101","F","F",0,0,0,0,0,0,0,0,0,"","","",0,0,0,0,0,0,0,0,0,0,0,0,0,"kauft101","F","F","F","F",0,0,0,0,0,0,0,0,0,0,F,F,"1925PHI.EVN.regular.event.csv",4022
"PHI192508250","CHN",4,0,0,0,0,"",6,6,"adams101","?","adams101","?","pierr101","?","pierr101","?","henlb101","wrigr102","fribb101","hubec101","sandh101","harpg101","leacf101","willc103","","","","53","T","F",4,1,2,"T","T",0,"F","F",1,"F","F",0,"F","F",5,"G","F","F","",0,0,"N",0,"N",0,"N",0,0,0,0,"53","","","","F","F","F","F","F","F","F","F","F","","","","F","F","F","F","F","","","","",0,3,0,0,5,0,0,0,0,37,"PHI","CHN","PHI",0,"T","F",6,6,0,18,0,"T","F",0,0,"T","T","heatc101","freih101","F","F",0,0,0,0,0,0,0,0,0,"","","",0,0,0,0,0,0,0,0,0,0,0,0,0,"hubec101","F","F","F","F",0,0,0,0,1,0,0,0,0,0,F,F,"1925PHI.EVN.regular.event.csv",4023
"PHI192508250","CHN",4,0,1,0,0,"",6,6,"heatc101","?","heatc101","?","pierr101","?","pierr101","?","henlb101","wrigr102","fribb101","hubec101","sandh101","harpg101","leacf101","willc103","","","","W","F","F",9,2,14,"T","F",0,"F","F",0,"F","F",0,"F","F",0,"","F","F","",0,0,"N",0,"N",0,"N",1,0,0,0,"","","","","F","F","F","F","F","F","F","F","F","","","","F","F","F","F","F","","","","",0,0,0,0,0,0,0,0,0,38,"PHI","CHN","PHI",0,"F","F",6,6,0,19,1,"T","F",0,1,"T","T","freih101","jahna101","F","F",0,0,0,0,0,0,0,0,0,"","","",0,0,0,0,0,0,0,0,0,0,0,0,0,"","F","F","F","F",4,0,0,0,1,0,0,0,0,0,F,F,"1925PHI.EVN.regular.event.csv",4024
"PHI192508250","CHN",4,0,1,0,0,"",6,6,"freih101","?","freih101","?","pierr101","?","pierr101","?","henlb101","wrigr102","fribb101","hubec101","sandh101","harpg101","leacf101","willc103","heatc101","","","K+SB2/C","F","F",3,3,3,"T","T",0,"F","F",1,"F","F",0,"F","F",0,"","F","F","",0,0,"N",0,"N",0,"N",0,2,0,0,"2","","","","T","F","F","F","F","F","F","F","F","pierr101","","","F","F","F","F","F","","","","",0,2,0,0,0,0,0,0,0,39,"PHI","CHN","PHI",0,"F","F",6,6,0,20,2,"T","F",1,2,"T","T","jahna101","michr101","F","F",9,2,38,0,0,0,0,0,0,"henlb101","","",0,0,0,0,0,0,0,0,0,0,0,0,0,"","F","F","F","F",0,4,0,0,1,0,0,0,0,0,F,F,"1925PHI.EVN.regular.event.csv",4025
"PHI192508250","CHN",4,0,2,0,0,"",6,6,"jahna101","?","jahna101","?","pierr101","?","pierr101","?","henlb101","wrigr102","fribb101","hubec101","sandh101","harpg101","leacf101","willc103","","heatc101","","S8/F89XDW.2-H;BX2(86)","F","F",7,4,20,"T","T",1,"F","F",1,"F","F",1,"F","F",8,"F","F","F","89XDW",0,0,"N",0,"N",0,"N",0,0,4,0,"86","","","","F","F","F","F","F","F","F","F","F","","pierr101","","F","F","F","F","F","","","","",0,6,0,0,8,0,0,0,0,40,"PHI","CHN","PHI",0,"F","T",6,6,0,21,3,"T","F",2,0,"T","T","michr101","broom101","F","F",0,0,0,9,2,38,0,0,0,"","henlb101","",0,0,0,0,0,0,0,0,0,0,0,0,1,"leacf101","F","F","F","F",0,0,4,0,0,0,0,0,0,0,F,F,"1925PHI.EVN.regular.event.csv",4026
"PHI192508250","CHN",4,1,0,0,0,"",7,6,"sandh101","?","sandh101","?","kauft101","?","kauft101","?","hartg103","michr101","adams101","pittp101","marar101","jahna101","broom101","heatc101","","","","W","T","F",6,1,14,"T","F",0,"F","F",0,"F","F",0,"F","F",0,"","F","F","",0,0,"N",0,"N",0,"N",1,0,0,0,"","","","","F","F","F","F","F","F","F","F","F","","","","F","F","F","F","F","","","","",0,0,0,0,0,0,0,0,0,41,"PHI","PHI","CHN",1,"T","F",6,7,0,18,0,"T","F",0,1,"F","F","leacf101","willc103","F","F",0,0,0,0,0,0,0,0,0,"","","",0,0,0,0,0,0,0,0,0,0,0,0,0,"","F","F","F","F",0,0,0,0,0,0,0,0,0,0,F,F,"1925PHI.EVN.regular.event.csv",4027
"PHI192508250","CHN",4,1,0,0,0,"",7,6,"leacf101","?","leacf101","?","kauft101","?","kauft101","?","hartg103","michr101","adams101","pittp101","marar101","jahna101","broom101","heatc101","sandh101","","","S9.1-3;BX2(96)","F","F",8,2,20,"T","T",1,"F","F",1,"F","F",0,"F","F",9,"","F","F","",0,0,"N",0,"N",0,"N",0,3,0,0,"96","","","","F","F","F","F","F","F","F","F","F","kauft101","","","F","F","F","F","F","","","","",0,6,0,0,9,0,0,0,0,42,"PHI","PHI","CHN",1,"F","F",6,7,0,19,1,"T","F",1,4,"T","T","willc103","harpg101","F","F",6,1,41,0,0,0,0,0,0,"hartg103","","",0,0,0,0,0,0,0,0,0,0,0,0,0,"heatc101","F","F","F","F",0,0,0,0,0,0,0,0,0,0,F,F,"1925PHI.EVN.regular.event.csv",4028
"PHI192508250","CHN",4,1,1,0,0,"",7,6,"willc103","?","willc103","?","kauft101","?","kauft101","?","hartg103","michr101","adams101","pittp101","marar101","jahna101","broom101","heatc101","","","sandh101","7/F","F","F",9,3,2,"T","T",0,"F","F",1,"F","F",0,"F","F",7,"F","F","F","",0,0,"N",0,"N",0,"N",0,0,0,3,"7","","","","F","F","F","F","F","F","F","F","F","","","kauft101","F","F","F","F","F","","","","",0,7,0,0,0,0,0,0,0,43,"PHI","PHI","CHN",1,"F","F",6,7,0,20,2,"T","F",4,4,"T","T","harpg101","wrigr102","F","F",0,0,0,0,0,0,6,1,41,"","","hartg103",0,0,0,0,0,0,0,0,0,0,0,0,0,"jahna101","F","F","F","F",0,0,0,0,0,0,0,0,0,0,F,F,"1925PHI.EVN.regular.event.csv",4029
"PHI192508250","CHN",4,1,2,0,0,"",7,6,"harpg101","?","harpg101","?","kauft101","?","kauft101","?","hartg103","michr101","adams101","pittp101","marar101","jahna101","broom101","heatc101","","","sandh101","HP","F","F",7,4,16,"T","F",0,"F","F",0,"F","F",0,"F","F",0,"","F","F","",0,0,"N",0,"N",0,"N",1,0,0,3,"","","","","F","F","F","F","F","F","F","F","F","","","kauft101","F","F","F","F","F","","","","",0,0,0,0,0,0,0,0,0,44,"PHI","PHI","CHN",1,"F","F",6,7,0,21,3,"T","F",4,5,"T","T","wrigr102","henlb101","F","F",0,0,0,0,0,0,6,1,41,"","","hartg103",0,0,0,0,0,0,0,0,0,0,0,0,0,"","F","F","F","F",0,0,0,0,0,0,0,0,0,0,F,F,"1925PHI.EVN.regular.event.csv",4030
"PHI192508250","CHN",4,1,2,0,0,"",7,6,"wrigr102","?","wrigr102","?","kauft101","?","kauft101","?","hartg103","michr101","adams101","pittp101","marar101","jahna101","broom101","heatc101","harpg101","","sandh101","4/P3D","F","F",3,5,2,"T","T",0,"F","F",1,"F","F",0,"F","F",4,"P","F","F","3D",0,0,"N",0,"N",0,"N",0,1,0,3,"4","","","","F","F","F","F","F","F","F","F","F","kauft101","","kauft101","F","F","F","F","F","","","","",0,4,0,0,0,0,0,0,0,45,"PHI","PHI","CHN",1,"F","T",6,7,0,22,4,"T","F",5,5,"T","T","henlb101","hubec101","F","F",7,4,44,0,0,0,6,1,41,"hartg103","","hartg103",0,0,0,0,0,0,0,0,0,0,0,0,0,"adams101","F","F","F","F",0,0,0,0,0,0,0,0,0,0,F,F,"1925PHI.EVN.regular.event.csv",4031
"PHI192508250","CHN",5,0,0,0,0,"",7,6,"michr101","?","michr101","?","pierr101","?","pierr101","?","henlb101","wrigr102","fribb101","hubec101","sandh101","harpg101","leacf101","willc103","","","","S6/G56","T","F",3,5,20,"T","T",1,"F","F",0,"F","F",0,"F","F",6,"G","F","F","56",0,0,"N",0,"N",0,"N",1,0,0,0,"","","","","F","F","F","F","F","F","F","F","F","","","","F","F","F","F","F","","","","",0,0,0,0,0,0,0,0,0,46,"PHI","CHN","PHI",0,"T","F",7,6,0,22,0,"T","F",0,1,"T","T","broom101","pittp101","F","F",0,0,0,0,0,0,0,0,0,"","","",0,0,0,0,0,0,0,0,0,0,0,0,0,"sandh101","F","F","F","F",4,0,0,0,3,0,0,0,0,0,F,F,"1925PHI.EVN.regular.event.csv",4032
"PHI192508250","CHN",5,0,0,0,0,"",7,6,"broom101","?","broom101","?","pierr101","?","pierr101","?","henlb101","wrigr102","fribb101","hubec101","sandh101","harpg101","leacf101","willc103","michr101","","","8/F8XD","F","F",8,6,2,"T","T",0,"F","F",1,"F","F",0,"F","F",8,"F","F","F","8XD",0,0,"N",0,"N",0,"N",0,1,0,0,"8","","","","F","F","F","F","F","F","F","F","F","pierr101","","","F","F","F","F","F","","","","",0,8,0,0,0,0,0,0,0,47,"PHI","CHN","PHI",0,"F","F",7,6,0,23,1,"T","F",1,1,"F","F","pittp101","hartg103","F","F",3,5,46,0,0,0,0,0,0,"henlb101","","",0,0,0,0,0,0,0,0,0,0,0,0,0,"leacf101","F","F","F","F",0,4,0,0,3,0,0,0,0,0,F,F,"1925PHI.EVN.regular.event.csv",4033
"PHI192508250","CHN",5,0,1,0,0,"",7,6,"pittp101","?","pittp101","?","pierr101","?","pierr101","?","henlb101","wrigr102","fribb101","hubec101","sandh101","harpg101","leacf101","willc103","michr101","","","S9.1-2","F","F",5,7,20,"T","T",1,"F","F",0,"F","F",0,"F","F",9,"","F","F","",0,0,"N",0,"N",0,"N",1,2,0,0,"","","","","F","F","F","F","F","F","F","F","F","pierr101","","","F","F","F","F","F","","","","",0,0,0,0,0,0,0,0,0,48,"PHI","CHN","PHI",0,"F","F",7,6,0,24,2,"T","F",1,3,"T","T","hartg103","kauft101","F","F",3,5,46,0,0,0,0,0,0,"henlb101","","",0,0,0,0,0,0,0,0,0,0,0,0,0,"willc103","F","F","F","F",4,4,0,0,3,0,0,0,0,0,F,F,"1925PHI.EVN.regular.event.csv",4034
"PHI192508250","CHN",5,0,1,0,0,"",7,6,"hartg103","?","hartg103","?","pierr101","?","pierr101","?","henlb101","wrigr102","fribb101","hubec101","sandh101","harpg101","leacf101","willc103","pittp101","michr101","","4/P/IF","F","F",2,8,2,"T","T",0,"F","F",1,"F","F",0,"F","F",4,"P","F","F","",0,0,"N",0,"N",0,"N",0,1,2,0,"4","","","","F","F","F","F","F","F","F","F","F","pierr101","pierr101","","F","F","F","F","F","","","","",0,4,0,0,0,0,0,0,0,49,"PHI","CHN","PHI",0,"F","F",7,6,0,25,3,"T","F",3,3,"T","T","kauft101","adams101","F","F",5,7,48,3,5,46,0,0,0,"henlb101","henlb101","",0,0,0,0,0,0,0,0,0,0,0,0,0,"fribb101","F","F","F","F",0,4,4,0,3,0,0,0,0,0,F,F,"1925PHI.EVN.regular.event.csv",4035
"PHI192508250","CHN",5,0,2,0,0,"",7,6,"kauft101","?","kauft101","?","pierr101","?","pierr101","?","henlb101","wrigr102","fribb101","hubec101","sandh101","harpg101","leacf101","willc103","pittp101","michr101","","D/78D.2-H;1-H","F","F",1,9,21,"T","T",2,"F","F",0,"F","F",2,"F","F",0,"","F","F","78D",0,0,"N",0,"N",0,"N",2,4,4,0,"","","","","F","F","F","F","F","F","F","F","F","pierr101","pierr101","","F","F","F","F","F","","","","",0,0,0,0,0,0,0,0,0,50,"PHI","CHN","PHI",0,"F","F",7,6,0,26,4,"T","F",3,2,"F","F","adams101","heatc101","F","F",5,7,48,3,5,46,0,0,0,"henlb101","henlb101","",0,0,0,0,0,0,0,0,0,0,0,0,2,"","F","F","F","F",4,4,4,0,1,0,0,0,0,0,F,F,"1925PHI.EVN.regular.event.csv",4036
"PHI192508250","CHN",5,0,2,0,0,"",9,6,"adams101","?","adams101","?","oneas101","?","oneas101","?","henlb101","wrigr102","fribb101","hubec101","sandh101","harpg101","leacf101","willc103","","kauft101","","S.2-H","F","F",4,1,20,"T","T",1,"F","F",0,"F","F",1,"F","F",0,"","F","F","",0,0,"N",0,"N",0,"N",1,0,4,0,"","","","","F","F","F","F","F","F","F","F","F","","pierr101","","F","F","F","F","F","","","","",0,0,0,0,0,0,0,0,0,51,"PHI","CHN","PHI",0,"F","F",9,6,2,27,5,"T","F",2,1,"T","T","heatc101","marar101","F","F",0,0,0,1,9,50,0,0,0,"","henlb101","",0,0,0,0,0,0,0,0,0,0,0,0,1,"","F","F","F","F",0,0,4,0,0,0,0,0,0,0,F,F,"1925PHI.EVN.regular.event.csv",4037
"PHI192508250","CHN",5,0,2,0,0,"",10,6,"heatc101","?","heatc101","?","oneas101","?","oneas101","?","henlb101","wrigr102","fribb101","hubec101","sandh101","harpg101","leacf101","willc103","adams101","","","8/L","F","F",9,2,2,"T","T",0,"F","F",1,"F","F",0,"F","F",8,"L","F","F","",0,0,"N",0,"N",0,"N",0,1,0,0,"8","","","","F","F","F","F","F","F","F","F","F","oneas101","","","F","F","F","F","F","","","","",0,8,0,0,0,0,0,0,0,52,"PHI","CHN","PHI",0,"F","T",10,6,3,28,6,"T","F",1,1,"T","T","marar101","jahna101","F","F",4,1,51,0,0,0,0,0,0,"henlb101","","",0,0,0,0,0,0,0,0,0,0,0,0,0,"leacf101","F","F","F","F",0,0,0,0,0,0,0,0,0,0,F,F,"1925PHI.EVN.regular.event.csv",4038
"PHI192508250","CHN",5,1,0,0,0,"",10,6,"henlb101","?","henlb101","?","kauft101","?","kauft101","?","hartg103","michr101","adams101","pittp101","marar101","jahna101","broom101","heatc101","","","","43","T","F",2,6,2,"T","T",0,"F","F",1,"F","F",0,"F","F",4,"G","F","F","",0,0,"N",0,"N",0,"N",0,0,0,0,"43","","","","F","F","F","F","F","F","F","F","F","","","","F","F","F","F","F","","","","",0,3,0,0,4,0,0,0,0,53,"PHI","PHI","CHN",1,"T","F",6,10,0,23,0,"T","F",0,0,"T","T","hubec101","fribb101","F","F",0,0,0,0,0,0,0,0,0,"","","",0,0,0,0,0,0,0,0,0,0,0,0,0,"adams101","F","F","F","F",0,0,0,0,1,0,0,0,0,0,F,F,"1925PHI.EVN.regular.event.csv",4039
"PHI192508250","CHN",5,1,1,0,0,"",10,6,"hubec101","?","hubec101","?","kauft101","?","kauft101","?","hartg103","michr101","adams101","pittp101","marar101","jahna101","broom101","heatc101","","","","HR/F7D","F","F",5,7,23,"T","T",4,"F","F",0,"F","F",1,"F","F",0,"F","F","F","7D",0,0,"N",0,"N",0,"N",4,0,0,0,"","","","","F","F","F","F","F","F","F","F","F","","","","F","F","F","F","F","","","","",0,0,0,0,0,0,0,0,0,54,"PHI","PHI","CHN",1,"F","F",6,10,0,24,1,"T","F",0,0,"T","T","fribb101","oneas101","F","F",0,0,0,0,0,0,0,0,0,"","","",0,0,0,0,0,0,0,0,0,0,0,0,1,"","F","F","F","F",4,0,0,0,0,0,0,0,0,0,F,F,"1925PHI.EVN.regular.event.csv",4040
"PHI192508250","CHN",5,1,1,0,0,"",10,7,"fribb101","?","fribb101","?","kauft101","?","kauft101","?","hartg103","michr101","adams101","pittp101","marar101","jahna101","broom101","heatc101","","","","S9","F","F",4,8,20,"T","T",1,"F","F",0,"F","F",0,"F","F",9,"","F","F","",0,0,"N",0,"N",0,"N",1,0,0,0,"","","","","F","F","F","F","F","F","F","F","F","","","","F","F","F","F","F","","","","",0,0,0,0,0,0,0,0,0,55,"PHI","PHI","CHN",1,"F","F",7,10,1,25,2,"T","F",0,1,"T","T","oneas101","sandh101","F","F",0,0,0,0,0,0,0,0,0,"","","",0,0,0,0,0,0,0,0,0,0,0,0,0,"heatc101","F","F","F","F",2,0,0,0,0,0,0,0,0,0,F,F,"1925PHI.EVN.regular.event.csv",4041
"PHI192508250","CHN",5,1,1,0,0,"",10,7,"oneas101","?","oneas101","?","kauft101","?","kauft101","?","hartg103","michr101","adams101","pittp101","marar101","jahna101","broom101","heatc101","fribb101","","","13.1-2","F","F",1,9,2,"T","T",0,"F","F",1,"F","F",0,"F","F",1,"G","F","F","",0,0,"N",0,"N",0,"N",0,2,0,0,"13","","","","F","F","F","F","F","F","F","F","F","kauft101","","","F","F","F","F","F","","","","",0,3,0,0,1,0,0,0,0,56,"PHI","PHI","CHN",1,"F","F",7,10,1,26,3,"T","F",1,2,"F","F","sandh101","leacf101","F","F",4,8,55,0,0,0,0,0,0,"hartg103","","",0,0,0,0,0,0,0,0,0,0,0,0,0,"kauft101","F","F","F","F",0,2,0,0,0,0,0,0,0,0,F,F,"1925PHI.EVN.regular.event.csv",4042
"PHI192508250","CHN",5,1,2,0,0,"",10,7,"sandh101","?","sandh101","?","kauft101","?","kauft101","?","hartg103","michr101","adams101","pittp101","marar101","jahna101","broom101","heatc101","","fribb101","","43","F","F",6,1,2,"T","T",0,"F","F",1,"F","F",0,"F","F",4,"G","F","F","",0,0,"N",0,"N",0,"N",0,0,2,0,"43","","","","F","F","F","F","F","F","F","F","F","","kauft101","","F","F","F","F","F","","","","",0,3,0,0,4,0,0,0,0,57,"PHI","PHI","CHN",1,"F","T",7,10,1,27,4,"T","F",2,2,"F","F","leacf101","willc103","F","F",0,0,0,4,8,55,0,0,0,"","hartg103","",0,0,0,0,0,0,0,0,0,0,0,0,0,"adams101","F","F","F","F",0,0,2,0,0,0,0,0,0,0,F,F,"1925PHI.EVN.regular.event.csv",4043
"PHI192508250","CHN",6,0,0,0,0,"",10,7,"marar101","?","marar101","?","oneas101","?","oneas101","?","henlb101","hawkc101","fribb101","hubec101","sandh101","harpg101","leacf101","willc103","","","","W","T","F",6,3,14,"T","F",0,"F","F",0,"F","F",0,"F","F",0,"","F","F","",0,0,"N",0,"N",0,"N",1,0,0,0,"","","","","F","F","F","F","F","F","F","F","F","","","","F","F","F","F","F","","","","",0,0,0,0,0,0,0,0,0,58,"PHI","CHN","PHI",0,"T","F",10,7,0,29,0,"T","F",0,1,"F","F","jahna101","michr101","F","F",0,0,0,0,0,0,0,0,0,"","","",0,0,0,0,0,0,0,0,0,0,0,0,0,"","F","F","F","F",4,0,0,0,1,0,0,0,0,0,F,F,"1925PHI.EVN.regular.event.csv",4044
"PHI192508250","CHN",6,0,0,0,0,"",10,7,"jahna101","?","jahna101","?","oneas101","?","oneas101","?","henlb101","hawkc101","fribb101","hubec101","sandh101","harpg101","leacf101","willc103","marar101","","","9/L","F","F",7,4,2,"T","T",0,"F","F",1,"F","F",0,"F","F",9,"L","F","F","",0,0,"N",0,"N",0,"N",0,1,0,0,"9","","","","F","F","F","F","F","F","F","F","F","oneas101","","","F","F","F","F","F","","","","",0,9,0,0,0,0,0,0,0,59,"PHI","CHN","PHI",0,"F","F",10,7,0,30,1,"T","F",1,1,"T","T","michr101","broom101","F","F",6,3,58,0,0,0,0,0,0,"henlb101","","",0,0,0,0,0,0,0,0,0,0,0,0,0,"willc103","F","F","F","F",0,4,0,0,1,0,0,0,0,0,F,F,"1925PHI.EVN.regular.event.csv",4045
"PHI192508250","CHN",6,0,1,0,0,"",10,7,"michr101","?","michr101","?","oneas101","?","oneas101","?","henlb101","hawkc101","fribb101","hubec101","sandh101","harpg101","leacf101","willc103","marar101","","","S8/8S.1-3","F","F",3,5,20,"T","T",1,"F","F",0,"F","F",0,"F","F",8,"","F","F","8S",0,0,"N",0,"N",0,"N",1,3,0,0,"","","","","F","F","F","F","F","F","F","F","F","oneas101","","","F","F","F","F","F","","","","",0,0,0,0,0,0,0,0,0,60,"PHI","CHN","PHI",0,"F","F",10,7,0,31,2,"T","F",1,5,"T","T","broom101","pittp101","F","F",6,3,58,0,0,0,0,0,0,"henlb101","","",0,0,0,0,0,0,0,0,0,0,0,0,0,"leacf101","F","F","F","F",0,4,0,0,1,0,0,0,0,0,F,F,"1925PHI.EVN.regular.event.csv",4046
"PHI192508250","CHN",6,0,1,0,0,"",10,7,"broom101","?","broom101","?","mitcc102","?","mitcc102","?","henlb101","hawkc101","fribb101","hubec101","sandh101","harpg101","leacf101","willc103","michr101","","marar101","64(1)/FO.3-H","F","F",8,6,2,"T","T",0,"F","F",1,"F","F",1,"F","F",6,"G","F","F","",0,0,"N",0,"N",0,"N",1,0,0,4,"","64","","","F","F","F","F","F","F","F","F","F","oneas101","","oneas101","F","F","F","F","F","","","","",0,4,0,0,6,0,0,0,0,61,"PHI","CHN","PHI",0,"F","F",10,7,0,32,3,"T","F",5,1,"F","F","pittp101","hartg103","F","F",3,5,60,0,0,0,6,3,58,"henlb101","","henlb101",0,0,0,0,0,0,0,0,0,0,0,0,1,"sandh101","T","F","F","F",0,0,0,4,0,0,0,0,0,0,F,F,"1925PHI.EVN.regular.event.csv",4047
"PHI192508250","CHN",6,0,2,0,0,"",11,7,"pittp101","?","pittp101","?","mitcc102","?","mitcc102","?","henlb101","hawkc101","fribb101","hubec101","sandh101","harpg101","leacf101","willc103","broom101","","","64(1)/FO","F","F",5,7,2,"T","T",0,"F","F",1,"F","F",0,"F","F",6,"G","F","F","",0,0,"N",0,"N",0,"N",1,0,0,0,"","64","","","F","F","F","F","F","F","F","F","F","oneas101","","","F","F","F","F","F","","","","",0,4,0,0,6,0,0,0,0,62,"PHI","CHN","PHI",0,"F","T",11,7,1,33,4,"T","F",1,1,"T","T","hartg103","kauft101","F","F",8,6,61,0,0,0,0,0,0,"henlb101","","",0,0,0,0,0,0,0,0,0,0,0,0,0,"sandh101","T","F","F","F",0,0,0,0,0,0,0,0,0,0,F,F,"1925PHI.EVN.regular.event.csv",4048
"PHI192508250","CHN",6,1,0,0,0,"",11,7,"leacf101","?","leacf101","?","kauft101","?","kauft101","?","hartg103","michr101","adams101","pittp101","marar101","jahna101","broom101","heatc101","","","","3/P","T","F",8,2,2,"T","T",0,"F","F",1,"F","F",0,"F","F",3,"P","F","F","",0,0,"N",0,"N",0,"N",0,0,0,0,"3","","","","F","F","F","F","F","F","F","F","F","","","","F","F","F","F","F","","","","",0,3,0,0,0,0,0,0,0,63,"PHI","PHI","CHN",1,"T","F",7,11,0,28,0,"T","F",0,0,"T","T","willc103","harpg101","F","F",0,0,0,0,0,0,0,0,0,"","","",0,0,0,0,0,0,0,0,0,0,0,0,0,"michr101","F","F","F","F",0,0,0,0,0,0,0,0,0,0,F,F,"1925PHI.EVN.regular.event.csv",4049
"PHI192508250","CHN",6,1,1,0,0,"",11,7,"willc103","?","willc103","?","kauft101","?","kauft101","?","hartg103","michr101","adams101","pittp101","marar101","jahna101","broom101","heatc101","","","","6/P","F","F",9,3,2,"T","T",0,"F","F",1,"F","F",0,"F","F",6,"P","F","F","",0,0,"N",0,"N",0,"N",0,0,0,0,"6","","","","F","F","F","F","F","F","F","F","F","","","","F","F","F","F","F","","","","",0,6,0,0,0,0,0,0,0,64,"PHI","PHI","CHN",1,"F","F",7,11,0,29,1,"T","F",0,0,"T","T","harpg101","hawkc101","F","F",0,0,0,0,0,0,0,0,0,"","","",0,0,0,0,0,0,0,0,0,0,0,0,0,"marar101","F","F","F","F",0,0,0,0,0,0,0,0,0,0,F,F,"1925PHI.EVN.regular.event.csv",4050
"PHI192508250","CHN",6,1,2,0,0,"",11,7,"harpg101","?","harpg101","?","kauft101","?","kauft101","?","hartg103","michr101","adams101","pittp101","marar101","jahna101","broom101","heatc101","","","","D9/F9DW","F","F",7,4,21,"T","T",2,"F","F",0,"F","F",0,"F","F",9,"F","F","F","9DW",0,0,"N",0,"N",0,"N",2,0,0,0,"","","","","F","F","F","F","F","F","F","F","F","","","","F","F","F","F","F","","","","",0,0,0,0,0,0,0,0,0,65,"PHI","PHI","CHN",1,"F","F",7,11,0,30,2,"T","F",0,2,"T","T","hawkc101","henlb101","F","F",0,0,0,0,0,0,0,0,0,"","","",0,0,0,0,0,0,0,0,0,0,0,0,0,"heatc101","F","F","F","F",0,0,0,0,0,0,0,0,0,0,F,F,"1925PHI.EVN.regular.event.csv",4051
"PHI192508250","CHN",6,1,2,0,0,"",11,7,"hawkc101","?","hawkc101","?","kauft101","?","kauft101","?","hartg103","michr101","adams101","pittp101","marar101","jahna101","broom101","heatc101","","harpg101","","13","F","F",3,5,2,"T","T",0,"F","F",1,"F","F",0,"F","F",1,"G","F","F","",0,0,"N",0,"N",0,"N",0,0,2,0,"13","","","","F","F","F","F","F","F","F","F","F","","kauft101","","F","F","F","F","F","","","","",0,3,0,0,1,0,0,0,0,66,"PHI","PHI","CHN",1,"F","T",7,11,0,31,3,"T","F",2,2,"F","F","henlb101","hubec101","F","F",0,0,0,7,4,65,0,0,0,"","hartg103","",0,0,0,0,0,0,0,0,0,0,0,0,0,"kauft101","F","F","F","F",0,0,0,0,0,0,0,0,0,0,F,F,"1925PHI.EVN.regular.event.csv",4052
"PHI192508250","CHN",7,0,0,0,0,"",11,7,"hartg103","?","hartg103","?","mitcc102","?","mitcc102","?","henlb101","hawkc101","fribb101","hubec101","sandh101","harpg101","leacf101","willc103","","","","K","T","F",2,8,3,"T","T",0,"F","F",1,"F","F",0,"F","F",0,"","F","F","",0,0,"N",0,"N",0,"N",0,0,0,0,"2","","","","F","F","F","F","F","F","F","F","F","","","","F","F","F","F","F","","","","",0,2,0,0,0,0,0,0,0,67,"PHI","CHN","PHI",0,"T","F",11,7,0,34,0,"T","F",0,0,"T","T","kauft101","adams101","F","F",0,0,0,0,0,0,0,0,0,"","","",0,0,0,0,0,0,0,0,0,0,0,0,0,"","F","F","F","F",0,0,0,0,0,0,0,0,0,0,F,F,"1925PHI.EVN.regular.event.csv",4053
"PHI192508250","CHN",7,0,1,0,0,"",11,7,"kauft101","?","kauft101","?","mitcc102","?","mitcc102","?","henlb101","hawkc101","fribb101","hubec101","sandh101","harpg101","leacf101","willc103","","","","31","F","F",1,9,2,"T","T",0,"F","F",1,"F","F",0,"F","F",3,"G","F","F","",0,0,"N",0,"N",0,"N",0,0,0,0,"31","","","","F","F","F","F","F","F","F","F","F","","","","F","F","F","F","F","","","","",0,1,0,0,3,0,0,0,0,68,"PHI","CHN","PHI",0,"F","F",11,7,0,35,1,"T","F",0,0,"F","F","adams101","heatc101","F","F",0,0,0,0,0,0,0,0,0,"","","",0,0,0,0,0,0,0,0,0,0,0,0,0,"hawkc101","F","F","F","F",0,0,0,0,0,0,0,0,0,0,F,F,"1925PHI.EVN.regular.event.csv",4054
"PHI192508250","CHN",7,0,2,0,0,"",11,7,"adams101","?","adams101","?","mitcc102","?","mitcc102","?","henlb101","hawkc101","fribb101","hubec101","sandh101","harpg101","leacf101","willc103","","","","S9","F","F",4,1,20,"T","T",1,"F","F",0,"F","F",0,"F","F",9,"","F","F","",0,0,"N",0,"N",0,"N",1,0,0,0,"","","","","F","F","F","F","F","F","F","F","F","","","","F","F","F","F","F","","","","",0,0,0,0,0,0,0,0,0,69,"PHI","CHN","PHI",0,"F","F",11,7,0,36,2,"T","F",0,1,"T","T","heatc101","marar101","F","F",0,0,0,0,0,0,0,0,0,"","","",0,0,0,0,0,0,0,0,0,0,0,0,0,"willc103","F","F","F","F",0,0,0,0,0,0,0,0,0,0,F,F,"1925PHI.EVN.regular.event.csv",4055
"PHI192508250","CHN",7,0,2,0,0,"",11,7,"heatc101","?","heatc101","?","mitcc102","?","mitcc102","?","henlb101","hawkc101","fribb101","hubec101","sandh101","harpg101","leacf101","willc103","adams101","","","43","F","F",9,2,2,"T","T",0,"F","F",1,"F","F",0,"F","F",4,"G","F","F","",0,0,"N",0,"N",0,"N",0,1,0,0,"43","","","","F","F","F","F","F","F","F","F","F","mitcc102","","","F","F","F","F","F","","","","",0,3,0,0,4,0,0,0,0,70,"PHI","CHN","PHI",0,"F","T",11,7,0,37,3,"T","F",1,1,"T","T","marar101","jahna101","F","F",4,1,69,0,0,0,0,0,0,"henlb101","","",0,0,0,0,0,0,0,0,0,0,0,0,0,"fribb101","F","F","F","F",0,0,0,0,0,0,0,0,0,0,F,F,"1925PHI.EVN.regular.event.csv",4056
"PHI192508250","CHN",7,1,0,0,0,"",11,7,"henlb101","?","henlb101","?","kauft101","?","kauft101","?","hartg103","michr101","adams101","pittp101","marar101","jahna101","broom101","heatc101","","","","63","T","F",2,6,2,"T","T",0,"F","F",1,"F","F",0,"F","F",6,"G","F","F","",0,0,"N",0,"N",0,"N",0,0,0,0,"63","","","","F","F","F","F","F","F","F","F","F","","","","F","F","F","F","F","","","","",0,3,0,0,6,0,0,0,0,71,"PHI","PHI","CHN",1,"T","F",7,11,0,32,0,"T","F",0,0,"T","T","hubec101","fribb101","F","F",0,0,0,0,0,0,0,0,0,"","","",0,0,0,0,0,0,0,0,0,0,0,0,0,"marar101","F","F","F","F",0,0,0,0,0,0,0,0,0,0,F,F,"1925PHI.EVN.regular.event.csv",4057
"PHI192508250","CHN",7,1,1,0,0,"",11,7,"hubec101","?","hubec101","?","kauft101","?","kauft101","?","hartg103","michr101","adams101","pittp101","marar101","jahna101","broom101","heatc101","","","","63","F","F",5,7,2,"T","T",0,"F","F",1,"F","F",0,"F","F",6,"G","F","F","",0,0,"N",0,"N",0,"N",0,0,0,0,"63","","","","F","F","F","F","F","F","F","F","F","","","","F","F","F","F","F","","","","",0,3,0,0,6,0,0,0,0,72,"PHI","PHI","CHN",1,"F","F",7,11,0,33,1,"T","F",0,0,"T","T","fribb101","mitcc102","F","F",0,0,0,0,0,0,0,0,0,"","","",0,0,0,0,0,0,0,0,0,0,0,0,0,"marar101","F","F","F","F",0,0,0,0,0,0,0,0,0,0,F,F,"1925PHI.EVN.regular.event.csv",4058
"PHI192508250","CHN",7,1,2,0,0,"",11,7,"fribb101","?","fribb101","?","kauft101","?","kauft101","?","hartg103","michr101","adams101","pittp101","marar101","jahna101","broom101","heatc101","","","","8/F","F","F",4,8,2,"T","T",0,"F","F",1,"F","F",0,"F","F",8,"F","F","F","",0,0,"N",0,"N",0,"N",0,0,0,0,"8","","","","F","F","F","F","F","F","F","F","F","","","","F","F","F","F","F","","","","",0,8,0,0,0,0,0,0,0,73,"PHI","PHI","CHN",1,"F","T",7,11,0,34,2,"T","F",0,0,"T","T","mitcc102","sandh101","F","F",0,0,0,0,0,0,0,0,0,"","","",0,0,0,0,0,0,0,0,0,0,0,0,0,"broom101","F","F","F","F",0,0,0,0,0,0,0,0,0,0,F,F,"1925PHI.EVN.regular.event.csv",4059
"PHI192508250","CHN",8,0,0,0,0,"",11,7,"marar101","?","marar101","?","mitcc102","?","mitcc102","?","wilsj105","hawkc101","fribb101","hubec101","sandh101","harpg101","leacf101","willc103","","","","53","T","F",6,3,2,"T","T",0,"F","F",1,"F","F",0,"F","F",5,"G","F","F","",0,0,"N",0,"N",0,"N",0,0,0,0,"53","","","","F","F","F","F","F","F","F","F","F","","","","F","F","F","F","F","","","","",0,3,0,0,5,0,0,0,0,74,"PHI","CHN","PHI",0,"T","F",11,7,0,38,0,"T","F",0,0,"F","F","jahna101","michr101","F","F",0,0,0,0,0,0,0,0,0,"","","",0,0,0,0,0,0,0,0,0,0,0,0,0,"hubec101","F","F","F","F",0,0,0,0,4,0,0,0,0,0,F,F,"1925PHI.EVN.regular.event.csv",4060
"PHI192508250","CHN",8,0,1,0,0,"",11,7,"jahna101","?","jahna101","?","mitcc102","?","mitcc102","?","wilsj105","hawkc101","fribb101","hubec101","sandh101","harpg101","leacf101","willc103","","","","S7","F","F",7,4,20,"T","T",1,"F","F",0,"F","F",0,"F","F",7,"","F","F","",0,0,"N",0,"N",0,"N",1,0,0,0,"","","","","F","F","F","F","F","F","F","F","F","","","","F","F","F","F","F","","","","",0,0,0,0,0,0,0,0,0,75,"PHI","CHN","PHI",0,"F","F",11,7,0,39,1,"T","F",0,1,"T","T","michr101","broom101","F","F",0,0,0,0,0,0,0,0,0,"","","",0,0,0,0,0,0,0,0,0,0,0,0,0,"harpg101","F","F","F","F",4,0,0,0,4,0,0,0,0,0,F,F,"1925PHI.EVN.regular.event.csv",4061
"PHI192508250","CHN",8,0,1,0,0,"",11,7,"michr101","?","michr101","?","mitcc102","?","mitcc102","?","wilsj105","hawkc101","fribb101","hubec101","sandh101","harpg101","leacf101","willc103","jahna101","","","7/F","F","F",3,5,2,"T","T",0,"F","F",1,"F","F",0,"F","F",7,"F","F","F","",0,0,"N",0,"N",0,"N",0,1,0,0,"7","","","","F","F","F","F","F","F","F","F","F","mitcc102","","","F","F","F","F","F","","","","",0,7,0,0,0,0,0,0,0,76,"PHI","CHN","PHI",0,"F","F",11,7,0,40,2,"T","F",1,1,"T","T","broom101","pittp101","F","F",7,4,75,0,0,0,0,0,0,"wilsj105","","",0,0,0,0,0,0,0,0,0,0,0,0,0,"harpg101","F","F","F","F",0,4,0,0,4,0,0,0,0,0,F,F,"1925PHI.EVN.regular.event.csv",4062
"PHI192508250","CHN",8,0,2,0,0,"",11,7,"broom101","?","broom101","?","mitcc102","?","mitcc102","?","wilsj105","hawkc101","fribb101","hubec101","sandh101","harpg101","leacf101","willc103","jahna101","","","S/BG25.1-2","F","F",8,6,20,"T","T",1,"F","F",0,"F","F",0,"F","F",0,"G","T","F","25",0,0,"N",0,"N",0,"N",1,2,0,0,"","","","","F","F","F","F","F","F","F","F","F","mitcc102","","","F","F","F","F","F","","","","",0,0,0,0,0,0,0,0,0,77,"PHI","CHN","PHI",0,"F","F",11,7,0,41,3,"T","F",1,3,"F","F","pittp101","hartg103","F","F",7,4,75,0,0,0,0,0,0,"wilsj105","","",0,0,0,0,0,0,0,0,0,0,0,0,0,"","F","F","F","F",4,4,0,0,4,0,0,0,0,0,F,F,"1925PHI.EVN.regular.event.csv",4063
"PHI192508250","CHN",8,0,2,0,0,"",11,7,"pittp101","?","pittp101","?","mitcc102","?","mitcc102","?","wilsj105","hawkc101","fribb101","hubec101","sandh101","harpg101","leacf101","willc103","broom101","jahna101","","SB3;SB2","F","F",5,7,4,"F","F",0,"F","F",0,"F","F",0,"F","F",0,"","F","F","",0,0,"N",0,"N",0,"N",0,2,3,0,"","","","","T","T","F","F","F","F","F","F","F","mitcc102","mitcc102","","F","F","F","F","F","","","","",0,0,0,0,0,0,0,0,0,78,"PHI","CHN","PHI",0,"F","F",11,7,0,42,4,"T","F",3,6,"T","T","hartg103","kauft101","F","F",8,6,77,7,4,75,0,0,0,"wilsj105","wilsj105","",0,0,0,0,0,0,0,0,0,0,0,0,0,"","F","F","F","F",0,4,4,0,4,0,0,0,0,0,F,F,"1925PHI.EVN.regular.event.csv",4064
"PHI192508250","CHN",8,0,2,0,0,"",11,7,"pittp101","?","pittp101","?","mitcc102","?","mitcc102","?","wilsj105","hawkc101","fribb101","hubec101","sandh101","harpg101","leacf101","willc103","","broom101","jahna101","S6/G.3-H;2-3","F","F",5,7,20,"T","T",1,"F","F",0,"F","F",1,"F","F",6,"G","F","F","",0,0,"N",0,"N",0,"N",1,0,3,4,"","","","","F","F","F","F","F","F","F","F","F","","mitcc102","mitcc102","F","F","F","F","F","","","","",0,0,0,0,0,0,0,0,0,79,"PHI","CHN","PHI",0,"F","F",11,7,0,42,4,"F","F",6,5,"T","T","hartg103","kauft101","F","F",0,0,0,8,6,77,7,4,75,"","wilsj105","wilsj105",0,0,0,0,0,0,0,0,0,0,0,0,1,"sandh101","F","F","F","F",4,0,4,4,3,0,0,0,0,0,F,F,"1925PHI.EVN.regular.event.csv",4065
"PHI192508250","CHN",8,0,2,0,0,"",12,7,"hartg103","?","hartg103","?","mitcc102","?","mitcc102","?","wilsj105","hawkc101","fribb101","hubec101","sandh101","harpg101","leacf101","willc103","pittp101","","broom101","D9.3-H;1-3","F","F",2,8,21,"T","T",2,"F","F",0,"F","F",1,"F","F",9,"","F","F","",0,0,"N",0,"N",0,"N",2,3,0,4,"","","","","F","F","F","F","F","F","F","F","F","mitcc102","","mitcc102","F","F","F","F","F","","","","",0,0,0,0,0,0,0,0,0,80,"PHI","CHN","PHI",0,"F","F",12,7,1,43,5,"T","F",5,6,"T","T","kauft101","adams101","F","F",5,7,79,0,0,0,8,6,77,"wilsj105","","wilsj105",0,0,0,0,0,0,0,0,0,0,0,0,1,"willc103","F","F","F","F",4,4,0,4,2,0,0,0,0,0,F,F,"1925PHI.EVN.regular.event.csv",4066
"PHI192508250","CHN",8,0,2,0,0,"",13,7,"kauft101","?","kauft101","?","mitcc102","?","mitcc102","?","wilsj105","hawkc101","fribb101","hubec101","sandh101","harpg101","leacf101","willc103","","hartg103","pittp101","S7.3-H;2-H;B-2(THH)","F","F",1,9,20,"T","T",1,"F","F",0,"F","F",2,"F","F",7,"","F","F","",0,0,"N",0,"N",0,"N",2,0,4,4,"","","","","F","F","F","F","F","F","F","F","F","","mitcc102","mitcc102","F","F","F","F","F","","","","",0,0,0,0,0,0,0,0,0,81,"PHI","CHN","PHI",0,"F","F",13,7,2,44,6,"T","F",6,2,"F","F","adams101","heatc101","F","F",0,0,0,2,8,80,5,7,79,"","wilsj105","wilsj105",0,0,0,0,0,0,0,0,0,0,0,0,2,"harpg101","F","F","F","F",0,0,4,4,0,0,0,0,0,0,F,F,"1925PHI.EVN.regular.event.csv",4067
"PHI192508250","CHN",8,0,2,0,0,"",15,7,"adams101","?","adams101","?","mitcc102","?","mitcc102","?","wilsj105","hawkc101","fribb101","hubec101","sandh101","harpg101","leacf101","willc103","","kauft101","","S7.2XH(725)","F","F",4,1,20,"T","T",1,"F","F",1,"F","F",0,"F","F",7,"","F","F","",0,0,"N",0,"N",0,"N",1,0,0,0,"","","725","","F","F","F","F","F","F","F","F","F","","mitcc102","","F","F","F","F","F","","","","",0,5,0,0,7,2,0,0,0,82,"PHI","CHN","PHI",0,"F","T",15,7,4,45,7,"T","F",2,1,"T","T","heatc101","marar101","F","F",0,0,0,1,9,81,0,0,0,"","wilsj105","",0,0,0,0,0,0,0,0,0,0,0,0,0,"harpg101","F","F","F","F",0,0,0,0,0,0,0,0,0,0,F,F,"1925PHI.EVN.regular.event.csv",4068
"PHI192508250","CHN",8,1,0,0,0,"",15,7,"mitcc102","?","mitcc102","?","kauft101","?","kauft101","?","hartg103","michr101","adams101","pittp101","marar101","jahna101","broom101","heatc101","","","","D8","T","F",1,9,21,"T","T",2,"F","F",0,"F","F",0,"F","F",8,"","F","F","",0,0,"N",0,"N",0,"N",2,0,0,0,"","","","","F","F","F","F","F","F","F","F","F","","","","F","F","F","F","F","","","","",0,0,0,0,0,0,0,0,0,83,"PHI","PHI","CHN",1,"T","F",7,15,0,35,0,"T","F",0,2,"F","F","sandh101","leacf101","F","F",0,0,0,0,0,0,0,0,0,"","","",0,0,0,0,0,0,0,0,0,0,0,0,0,"broom101","F","F","F","F",4,0,0,0,3,0,0,0,0,0,F,F,"1925PHI.EVN.regular.event.csv",4069
"PHI192508250","CHN",8,1,0,0,0,"",15,7,"sandh101","?","sandh101","?","kauft101","?","kauft101","?","hartg103","michr101","adams101","pittp101","marar101","jahna101","broom101","heatc101","","mitcc102","","7/F","F","F",6,1,2,"T","T",0,"F","F",1,"F","F",0,"F","F",7,"F","F","F","",0,0,"N",0,"N",0,"N",0,0,2,0,"7","","","","F","F","F","F","F","F","F","F","F","","kauft101","","F","F","F","F","F","","","","",0,7,0,0,0,0,0,0,0,84,"PHI","PHI","CHN",1,"F","F",7,15,0,36,1,"T","F",2,2,"F","F","leacf101","willc103","F","F",0,0,0,1,9,83,0,0,0,"","hartg103","",0,0,0,0,0,0,0,0,0,0,0,0,0,"jahna101","F","F","F","F",0,0,4,0,3,0,0,0,0,0,F,F,"1925PHI.EVN.regular.event.csv",4070
"PHI192508250","CHN",8,1,1,0,0,"",15,7,"leacf101","?","leacf101","?","kauft101","?","kauft101","?","hartg103","michr101","adams101","pittp101","marar101","jahna101","broom101","heatc101","","mitcc102","","S8.2-3","F","F",8,2,20,"T","T",1,"F","F",0,"F","F",0,"F","F",8,"","F","F","",0,0,"N",0,"N",0,"N",1,0,3,0,"","","","","F","F","F","F","F","F","F","F","F","","kauft101","","F","F","F","F","F","","","","",0,0,0,0,0,0,0,0,0,85,"PHI","PHI","CHN",1,"F","F",7,15,0,37,2,"T","F",2,5,"T","T","willc103","harpg101","F","F",0,0,0,1,9,83,0,0,0,"","hartg103","",0,0,0,0,0,0,0,0,0,0,0,0,0,"broom101","F","F","F","F",4,0,4,0,3,0,0,0,0,0,F,F,"1925PHI.EVN.regular.event.csv",4071
"PHI192508250","CHN",8,1,1,0,0,"",15,7,"willc103","?","willc103","?","kauft101","?","kauft101","?","hartg103","michr101","adams101","pittp101","marar101","jahna101","broom101","heatc101","leacf101","","mitcc102","HR/F9D.3-H;1-H","F","F",9,3,23,"T","T",4,"F","F",0,"F","F",3,"F","F",0,"F","F","F","9D",0,0,"N",0,"N",0,"N",4,4,0,4,"","","","","F","F","F","F","F","F","F","F","F","kauft101","","kauft101","F","F","F","F","F","","","","",0,0,0,0,0,0,0,0,0,86,"PHI","PHI","CHN",1,"F","F",7,15,0,38,3,"T","F",5,0,"T","T","harpg101","hawkc101","F","F",8,2,85,0,0,0,1,9,83,"hartg103","","hartg103",0,0,0,0,0,0,0,0,0,0,0,0,3,"","F","F","F","F",4,4,0,4,0,0,0,0,0,0,F,F,"1925PHI.EVN.regular.event.csv",4072
"PHI192508250","CHN",8,1,1,0,0,"",15,10,"harpg101","?","harpg101","?","kauft101","?","kauft101","?","hartg103","michr101","adams101","pittp101","marar101","jahna101","broom101","heatc101","","","","43","F","F",7,4,2,"T","T",0,"F","F",1,"F","F",0,"F","F",4,"G","F","F","",0,0,"N",0,"N",0,"N",0,0,0,0,"43","","","","F","F","F","F","F","F","F","F","F","","","","F","F","F","F","F","","","","",0,3,0,0,4,0,0,0,0,87,"PHI","PHI","CHN",1,"F","F",10,15,3,39,4,"T","F",0,0,"T","T","hawkc101","wilsj105","F","F",0,0,0,0,0,0,0,0,0,"","","",0,0,0,0,0,0,0,0,0,0,0,0,0,"adams101","F","F","F","F",0,0,0,0,0,0,0,0,0,0,F,F,"1925PHI.EVN.regular.event.csv",4073
"PHI192508250","CHN",8,1,2,0,0,"",15,10,"hawkc101","?","hawkc101","?","kauft101","?","kauft101","?","hartg103","michr101","adams101","pittp101","marar101","jahna101","broom101","heatc101","","","","6/P","F","F",3,5,2,"T","T",0,"F","F",1,"F","F",0,"F","F",6,"P","F","F","",0,0,"N",0,"N",0,"N",0,0,0,0,"6","","","","F","F","F","F","F","F","F","F","F","","","","F","F","F","F","F","","","","",0,6,0,0,0,0,0,0,0,88,"PHI","PHI","CHN",1,"F","T",10,15,3,40,5,"T","F",0,0,"F","F","wilsj105","hubec101","F","F",0,0,0,0,0,0,0,0,0,"","","",0,0,0,0,0,0,0,0,0,0,0,0,0,"marar101","F","F","F","F",0,0,0,0,0,0,0,0,0,0,F,F,"1925PHI.EVN.regular.event.csv",4074
"PHI192508250","CHN",9,0,0,0,0,"",15,10,"heatc101","?","heatc101","?","mitcc102","?","mitcc102","?","wilsj105","hawkc101","fribb101","hubec101","sandh101","harpg101","leacf101","willc103","","","","S9","T","F",9,2,20,"T","T",1,"F","F",0,"F","F",0,"F","F",9,"","F","F","",0,0,"N",0,"N",0,"N",1,0,0,0,"","","","","F","F","F","F","F","F","F","F","F","","","","F","F","F","F","F","","","","",0,0,0,0,0,0,0,0,0,89,"PHI","CHN","PHI",0,"T","F",15,10,0,46,0,"T","F",0,1,"T","T","marar101","jahna101","F","F",0,0,0,0,0,0,0,0,0,"","","",0,0,0,0,0,0,0,0,0,0,0,0,0,"willc103","F","F","F","F",4,0,0,0,4,0,0,0,0,0,F,F,"1925PHI.EVN.regular.event.csv",4075
"PHI192508250","CHN",9,0,0,0,0,"",15,10,"marar101","?","marar101","?","mitcc102","?","mitcc102","?","wilsj105","hawkc101","fribb101","hubec101","sandh101","harpg101","leacf101","willc103","heatc101","","","4/P","F","F",6,3,2,"T","T",0,"F","F",1,"F","F",0,"F","F",4,"P","F","F","",0,0,"N",0,"N",0,"N",0,1,0,0,"4","","","","F","F","F","F","F","F","F","F","F","mitcc102","","","F","F","F","F","F","","","","",0,4,0,0,0,0,0,0,0,90,"PHI","CHN","PHI",0,"F","F",15,10,0,47,1,"T","F",1,1,"F","F","jahna101","michr101","F","F",9,2,89,0,0,0,0,0,0,"wilsj105","","",0,0,0,0,0,0,0,0,0,0,0,0,0,"fribb101","F","F","F","F",0,4,0,0,4,0,0,0,0,0,F,F,"1925PHI.EVN.regular.event.csv",4076
"PHI192508250","CHN",9,0,1,0,0,"",15,10,"jahna101","?","jahna101","?","mitcc102","?","mitcc102","?","wilsj105","hawkc101","fribb101","hubec101","sandh101","harpg101","leacf101","willc103","heatc101","","","S7.1-2","F","F",7,4,20,"T","T",1,"F","F",0,"F","F",0,"F","F",7,"","F","F","",0,0,"N",0,"N",0,"N",1,2,0,0,"","","","","F","F","F","F","F","F","F","F","F","mitcc102","","","F","F","F","F","F","","","","",0,0,0,0,0,0,0,0,0,91,"PHI","CHN","PHI",0,"F","F",15,10,0,48,2,"T","F",1,3,"T","T","michr101","broom101","F","F",9,2,89,0,0,0,0,0,0,"wilsj105","","",0,0,0,0,0,0,0,0,0,0,0,0,0,"harpg101","F","F","F","F",4,4,0,0,4,0,0,0,0,0,F,F,"1925PHI.EVN.regular.event.csv",4077
"PHI192508250","CHN",9,0,1,0,0,"",15,10,"michr101","?","michr101","?","mitcc102","?","mitcc102","?","wilsj105","hawkc101","fribb101","hubec101","sandh101","harpg101","leacf101","willc103","jahna101","heatc101","","W.2-3;1-2","F","F",3,5,14,"T","F",0,"F","F",0,"F","F",0,"F","F",0,"","F","F","",0,0,"N",0,"N",0,"N",1,2,3,0,"","","","","F","F","F","F","F","F","F","F","F","mitcc102","mitcc102","","F","F","F","F","F","","","","",0,0,0,0,0,0,0,0,0,92,"PHI","CHN","PHI",0,"F","F",15,10,0,49,3,"T","F",3,7,"T","T","broom101","pittp101","F","F",7,4,91,9,2,89,0,0,0,"wilsj105","wilsj105","",0,0,0,0,0,0,0,0,0,0,0,0,0,"","F","F","F","F",4,4,4,0,4,0,0,0,0,0,F,F,"1925PHI.EVN.regular.event.csv",4078
"PHI192508250","CHN",9,0,1,0,0,"",15,10,"broom101","?","broom101","?","mitcc102","?","mitcc102","?","wilsj105","hawkc101","fribb101","hubec101","sandh101","harpg101","leacf101","willc103","michr101","jahna101","heatc101","HR/L7D.3-H;2-H;1-H","F","F",8,6,23,"T","T",4,"F","F",0,"F","F",4,"F","F",0,"L","F","F","7D",0,0,"N",0,"N",0,"N",4,4,4,4,"","","","","F","F","F","F","F","F","F","F","F","mitcc102","mitcc102","mitcc102","F","F","F","F","F","","","","",0,0,0,0,0,0,0,0,0,93,"PHI","CHN","PHI",0,"F","F",15,10,0,50,4,"T","F",7,0,"F","F","pittp101","hartg103","F","F",3,5,92,7,4,91,9,2,89,"wilsj105","wilsj105","wilsj105",0,0,0,0,0,0,0,0,0,0,0,0,4,"","F","F","F","F",4,4,4,4,0,0,0,0,0,0,F,F,"1925PHI.EVN.regular.event.csv",4079
"PHI192508250","CHN",9,0,1,0,0,"",19,10,"pittp101","?","pittp101","?","mitcc102","?","mitcc102","?","wilsj105","hawkc101","fribb101","hubec101","sandh101","harpg101","leacf101","willc103","","","","8/F","F","F",5,7,2,"T","T",0,"F","F",1,"F","F",0,"F","F",8,"F","F","F","",0,0,"N",0,"N",0,"N",0,0,0,0,"8","","","","F","F","F","F","F","F","F","F","F","","","","F","F","F","F","F","","","","",0,8,0,0,0,0,0,0,0,94,"PHI","CHN","PHI",0,"F","F",19,10,4,51,5,"T","F",0,0,"T","T","hartg103","kauft101","F","F",0,0,0,0,0,0,0,0,0,"","","",0,0,0,0,0,0,0,0,0,0,0,0,0,"leacf101","F","F","F","F",0,0,0,0,0,0,0,0,0,0,F,F,"1925PHI.EVN.regular.event.csv",4080
"PHI192508250","CHN",9,0,2,0,0,"",19,10,"hartg103","?","hartg103","?","mitcc102","?","mitcc102","?","wilsj105","hawkc101","fribb101","hubec101","sandh101","harpg101","leacf101","willc103","","","","D7","F","F",2,8,21,"T","T",2,"F","F",0,"F","F",0,"F","F",7,"","F","F","",0,0,"N",0,"N",0,"N",2,0,0,0,"","","","","F","F","F","F","F","F","F","F","F","","","","F","F","F","F","F","","","","",0,0,0,0,0,0,0,0,0,95,"PHI","CHN","PHI",0,"F","F",19,10,4,52,6,"T","F",0,2,"T","T","kauft101","adams101","F","F",0,0,0,0,0,0,0,0,0,"","","",0,0,0,0,0,0,0,0,0,0,0,0,0,"harpg101","F","F","F","F",2,0,0,0,0,0,0,0,0,0,F,F,"1925PHI.EVN.regular.event.csv",4081
"PHI192508250","CHN",9,0,2,0,0,"",19,10,"kauft101","?","kauft101","?","mitcc102","?","mitcc102","?","wilsj105","hawkc101","fribb101","hubec101","sandh101","harpg101","leacf101","willc103","","hartg103","","K","F","F",1,9,3,"T","T",0,"F","F",1,"F","F",0,"F","F",0,"","F","F","",0,0,"N",0,"N",0,"N",0,0,2,0,"2","","","","F","F","F","F","F","F","F","F","F","","mitcc102","","F","F","F","F","F","","","","",0,2,0,0,0,0,0,0,0,96,"PHI","CHN","PHI",0,"F","T",19,10,4,53,7,"T","F",2,2,"F","F","adams101","heatc101","F","F",0,0,0,2,8,95,0,0,0,"","wilsj105","",0,0,0,0,0,0,0,0,0,0,0,0,0,"","F","F","F","F",0,0,2,0,0,0,0,0,0,0,F,F,"1925PHI.EVN.regular.event.csv",4082
"PHI192508250","CHN",9,1,0,0,0,"",19,10,"wilsj105","?","wilsj105","?","kauft101","?","kauft101","?","hartg103","michr101","adams101","pittp101","marar101","jahna101","broom101","weisb102","","","","3/FL","T","F",2,6,2,"T","T",0,"F","F",1,"F","F",0,"F","F",3,"F","F","T","",0,0,"N",0,"N",0,"N",0,0,0,0,"3","","","","F","F","F","F","F","F","F","F","F","","","","F","F","F","F","F","","","","",0,3,0,0,0,0,0,0,0,97,"PHI","PHI","CHN",1,"T","F",10,19,0,41,0,"T","F",0,0,"F","F","hubec101","fribb101","F","F",0,0,0,0,0,0,0,0,0,"","","",0,0,0,0,0,0,0,0,0,0,0,0,0,"michr101","F","F","F","F",0,0,0,0,0,0,0,0,0,0,F,F,"1925PHI.EVN.regular.event.csv",4083
"PHI192508250","CHN",9,1,1,0,0,"",19,10,"hubec101","?","hubec101","?","kauft101","?","kauft101","?","hartg103","michr101","adams101","pittp101","marar101","jahna101","broom101","weisb102","","","","63","F","F",5,7,2,"T","T",0,"F","F",1,"F","F",0,"F","F",6,"G","F","F","",0,0,"N",0,"N",0,"N",0,0,0,0,"63","","","","F","F","F","F","F","F","F","F","F","","","","F","F","F","F","F","","","","",0,3,0,0,6,0,0,0,0,98,"PHI","PHI","CHN",1,"F","F",10,19,0,42,1,"T","F",0,0,"T","T","fribb101","mitcc102","F","F",0,0,0,0,0,0,0,0,0,"","","",0,0,0,0,0,0,0,0,0,0,0,0,0,"marar101","F","F","F","F",0,0,0,0,0,0,0,0,0,0,F,F,"1925PHI.EVN.regular.event.csv",4084
"PHI192508250","CHN",9,1,2,0,0,"",19,10,"fribb101","?","fribb101","?","kauft101","?","kauft101","?","hartg103","michr101","adams101","pittp101","marar101","jahna101","broom101","weisb102","","","","S5/G","F","F",4,8,20,"T","T",1,"F","F",0,"F","F",0,"F","F",5,"G","F","F","",0,0,"N",0,"N",0,"N",1,0,0,0,"","","","","F","F","F","F","F","F","F","F","F","","","","F","F","F","F","F","","","","",0,0,0,0,0,0,0,0,0,99,"PHI","PHI","CHN",1,"F","F",10,19,0,43,2,"T","F",0,1,"T","T","mitcc102","sandh101","F","F",0,0,0,0,0,0,0,0,0,"","","",0,0,0,0,0,0,0,0,0,0,0,0,0,"pittp101","F","F","F","F",2,0,0,0,0,0,0,0,0,0,F,F,"1925PHI.EVN.regular.event.csv",4085
"PHI192508250","CHN",9,1,2,0,0,"",19,10,"mitcc102","?","mitcc102","?","kauft101","?","kauft101","?","hartg103","michr101","adams101","pittp101","marar101","jahna101","broom101","weisb102","fribb101","","","DI.1-2","F","F",1,9,5,"F","F",0,"F","F",0,"F","F",0,"F","F",0,"","F","F","",0,0,"N",0,"N",0,"N",0,2,0,0,"","","","","F","F","F","F","F","F","F","F","F","kauft101","","","F","F","F","F","F","","","","",0,0,0,0,0,0,0,0,0,100,"PHI","PHI","CHN",1,"F","F",10,19,0,44,3,"T","F",1,2,"F","F","sandh101","leacf101","F","F",4,8,99,0,0,0,0,0,0,"hartg103","","",0,0,0,0,0,0,0,0,0,0,0,0,0,"","F","F","F","F",0,2,0,0,0,0,0,0,0,0,F,F,"1925PHI.EVN.regular.event.csv",4086
"PHI192508250","CHN",9,1,2,0,0,"",19,10,"mitcc102","?","mitcc102","?","kauft101","?","kauft101","?","hartg103","michr101","adams101","pittp101","marar101","jahna101","broom101","weisb102","","fribb101","","2/FL","F","F",1,9,2,"T","T",0,"F","F",1,"F","F",0,"F","F",2,"F","F","T","",0,0,"N",0,"N",0,"N",0,0,2,0,"2","","","","F","F","F","F","F","F","F","F","F","","kauft101","","F","T","F","F","F","","","","",0,2,0,0,0,0,0,0,0,101,"PHI","PHI","CHN",1,"F","T",10,19,0,44,3,"F","F",2,2,"F","F","sandh101","leacf101","F","F",0,0,0,4,8,99,0,0,0,"","hartg103","",0,0,0,0,0,0,0,0,0,0,0,0,0,"hartg103","F","F","F","F",0,0,2,0,0,0,0,0,0,0,F,F,"1925PHI.EVN.regular.event.csv",4087
"PHI192508260","CHN",1,0,0,0,0,"",0,0,"adams101","?","adams101","?","knigj103","?","knigj103","?","wilsj105","fonsl101","fribb101","hubec101","sandh101","harpg101","leacf101","willc103","","","","8/F","T","F",4,1,2,"T","T",0,"F","F",1,"F","F",0,"F","F",8,"F","F","F","",0,0,"N",0,"N",0,"N",0,0,0,0,"8","","","","F","F","F","F","F","F","F","F","F","","","","T","F","F","F","F","","","","",0,8,0,0,0,0,0,0,0,1,"PHI","CHN","PHI",0,"T","F",0,0,0,0,0,"T","F",0,0,"T","T","heatc101","freih101","T","T",0,0,0,0,0,0,0,0,0,"","","",0,0,0,0,0,0,0,0,0,0,0,0,0,"leacf101","F","F","F","F",0,0,0,0,0,0,0,0,0,0,F,F,"1925PHI.EVN.regular.event.csv",4088
"PHI192508260","CHN",1,0,1,0,0,"",0,0,"heatc101","?","heatc101","?","knigj103","?","knigj103","?","wilsj105","fonsl101","fribb101","hubec101","sandh101","harpg101","leacf101","willc103","","","","43","F","F",9,2,2,"T","T",0,"F","F",1,"F","F",0,"F","F",4,"G","F","F","",0,0,"N",0,"N",0,"N",0,0,0,0,"43","","","","F","F","F","F","F","F","F","F","F","","","","F","F","F","F","F","","","","",0,3,0,0,4,0,0,0,0,2,"PHI","CHN","PHI",0,"F","F",0,0,0,1,1,"T","F",0,0,"T","T","freih101","jahna101","T","T",0,0,0,0,0,0,0,0,0,"","","",0,0,0,0,0,0,0,0,0,0,0,0,0,"fribb101","F","F","F","F",0,0,0,0,0,0,0,0,0,0,F,F,"1925PHI.EVN.regular.event.csv",4089
"PHI192508260","CHN",1,0,2,0,0,"",0,0,"freih101","?","freih101","?","knigj103","?","knigj103","?","wilsj105","fonsl101","fribb101","hubec101","sandh101","harpg101","leacf101","willc103","","","","W","F","F",3,3,14,"T","F",0,"F","F",0,"F","F",0,"F","F",0,"","F","F","",0,0,"N",0,"N",0,"N",1,0,0,0,"","","","","F","F","F","F","F","F","F","F","F","","","","F","F","F","F","F","","","","",0,0,0,0,0,0,0,0,0,3,"PHI","CHN","PHI",0,"F","F",0,0,0,2,2,"T","F",0,1,"T","T","jahna101","marar101","T","T",0,0,0,0,0,0,0,0,0,"","","",0,0,0,0,0,0,0,0,0,0,0,0,0,"","F","F","F","F",0,0,0,0,0,0,0,0,0,0,F,F,"1925PHI.EVN.regular.event.csv",4090
"PHI192508260","CHN",1,0,2,0,0,"",0,0,"jahna101","?","jahna101","?","knigj103","?","knigj103","?","wilsj105","fonsl101","fribb101","hubec101","sandh101","harpg101","leacf101","willc103","freih101","","","7/F","F","F",7,4,2,"T","T",0,"F","F",1,"F","F",0,"F","F",7,"F","F","F","",0,0,"N",0,"N",0,"N",0,1,0,0,"7","","","","F","F","F","F","F","F","F","F","F","knigj103","","","F","F","F","F","F","","","","",0,7,0,0,0,0,0,0,0,4,"PHI","CHN","PHI",0,"F","T",0,0,0,3,3,"T","F",1,1,"T","T","marar101","grift102","T","T",3,3,3,0,0,0,0,0,0,"wilsj105","","",0,0,0,0,0,0,0,0,0,0,0,0,0,"harpg101","F","F","F","F",0,0,0,0,0,0,0,0,0,0,F,F,"1925PHI.EVN.regular.event.csv",4091
"PHI192508260","CHN",1,1,0,0,0,"",0,0,"sandh101","?","sandh101","?","keenv101","?","keenv101","?","hartg103","freih101","adams101","pittp101","marar101","jahna101","grift102","heatc101","","","","W","T","F",6,1,14,"T","F",0,"F","F",0,"F","F",0,"F","F",0,"","F","F","",0,0,"N",0,"N",0,"N",1,0,0,0,"","","","","F","F","F","F","F","F","F","F","F","","","","F","F","F","F","F","","","","",0,0,0,0,0,0,0,0,0,5,"PHI","PHI","CHN",1,"T","F",0,0,0,0,0,"T","F",0,1,"T","T","leacf101","willc103","T","T",0,0,0,0,0,0,0,0,0,"","","",0,0,0,0,0,0,0,0,0,0,0,0,0,"","F","F","F","F",0,0,0,0,0,0,0,0,0,0,F,F,"1925PHI.EVN.regular.event.csv",4092
"PHI192508260","CHN",1,1,0,0,0,"",0,0,"leacf101","?","leacf101","?","keenv101","?","keenv101","?","hartg103","freih101","adams101","pittp101","marar101","jahna101","grift102","heatc101","sandh101","","","43.1-2","F","F",8,2,2,"T","T",0,"F","F",1,"F","F",0,"F","F",4,"G","F","F","",0,0,"N",0,"N",0,"N",0,2,0,0,"43","","","","F","F","F","F","F","F","F","F","F","keenv101","","","F","F","F","F","F","","","","",0,3,0,0,4,0,0,0,0,6,"PHI","PHI","CHN",1,"F","F",0,0,0,1,1,"T","F",1,2,"T","T","willc103","harpg101","T","T",6,1,5,0,0,0,0,0,0,"hartg103","","",0,0,0,0,0,0,0,0,0,0,0,0,0,"adams101","F","F","F","F",0,0,0,0,0,0,0,0,0,0,F,F,"1925PHI.EVN.regular.event.csv",4093
"PHI192508260","CHN",1,1,1,0,0,"",0,0,"willc103","?","willc103","?","keenv101","?","keenv101","?","hartg103","freih101","adams101","pittp101","marar101","jahna101","grift102","heatc101","","sandh101","","S8.2-3","F","F",9,3,20,"T","T",1,"F","F",0,"F","F",0,"F","F",8,"","F","F","",0,0,"N",0,"N",0,"N",1,0,3,0,"","","","","F","F","F","F","F","F","F","F","F","","keenv101","","F","F","F","F","F","","","","",0,0,0,0,0,0,0,0,0,7,"PHI","PHI","CHN",1,"F","F",0,0,0,2,2,"T","F",2,5,"T","T","harpg101","fonsl101","T","T",0,0,0,6,1,5,0,0,0,"","hartg103","",0,0,0,0,0,0,0,0,0,0,0,0,0,"grift102","F","F","F","F",0,0,0,0,0,0,0,0,0,0,F,F,"1925PHI.EVN.regular.event.csv",4094
"PHI192508260","CHN",1,1,1,0,0,"",0,0,"harpg101","?","harpg101","?","keenv101","?","keenv101","?","hartg103","freih101","adams101","pittp101","marar101","jahna101","grift102","heatc101","willc103","","sandh101","K+CS2(26)/DP","F","F",7,4,3,"T","T",0,"F","F",2,"T","F",0,"F","F",0,"","F","F","",0,0,"N",0,"N",0,"N",0,0,0,3,"2","26","","","F","F","F","T","F","F","F","F","F","keenv101","","keenv101","F","F","F","F","F","","","","",0,2,6,0,2,0,0,0,0,8,"PHI","PHI","CHN",1,"F","T",0,0,0,3,3,"T","F",5,4,"T","T","fonsl101","hubec101","T","T",9,3,7,0,0,0,6,1,5,"hartg103","","hartg103",0,0,0,0,0,0,0,0,0,0,0,0,0,"","F","F","F","F",0,0,0,0,0,0,0,0,0,0,F,F,"1925PHI.EVN.regular.event.csv",4095
"PHI192508260","CHN",2,0,0,0,0,"",0,0,"marar101","?","marar101","?","knigj103","?","knigj103","?","wilsj105","fonsl101","fribb101","hubec101","sandh101","harpg101","leacf101","willc103","","","","E4/G","T","F",6,5,18,"T","T",0,"F","F",0,"F","F",0,"F","F",4,"G","F","F","",1,4,"F",0,"N",0,"N",1,0,0,0,"","","","","F","F","F","F","F","F","F","F","F","","","","F","F","F","F","F","","","","",0,0,0,0,0,0,0,0,0,9,"PHI","CHN","PHI",0,"T","F",0,0,0,4,0,"T","F",0,1,"T","T","grift102","pittp101","T","T",0,0,0,0,0,0,0,0,0,"","","",0,0,0,0,0,0,0,0,0,0,0,0,0,"fribb101","F","F","F","T",5,0,0,0,1,0,0,0,0,0,F,F,"1925PHI.EVN.regular.event.csv",4096
"PHI192508260","CHN",2,0,0,0,0,"",0,0,"grift102","?","grift102","?","knigj103","?","knigj103","?","wilsj105","fonsl101","fribb101","hubec101","sandh101","harpg101","leacf101","willc103","marar101","","","D8/F89XDW.1-3","F","F",8,6,21,"T","T",2,"F","F",0,"F","F",0,"F","F",8,"F","F","F","89XDW",0,0,"N",0,"N",0,"N",2,3,0,0,"","","","","F","F","F","F","F","F","F","F","F","knigj103","","","F","F","F","F","F","","","","",0,0,0,0,0,0,0,0,0,10,"PHI","CHN","PHI",0,"F","F",0,0,0,5,1,"T","F",1,6,"T","T","pittp101","hartg103","T","T",6,5,9,0,0,0,0,0,0,"wilsj105","","",0,0,0,0,0,0,0,0,0,0,0,0,0,"leacf101","F","F","F","F",0,5,0,0,1,0,0,0,0,0,F,F,"1925PHI.EVN.regular.event.csv",4097
"PHI192508260","CHN",2,0,0,0,0,"",0,0,"pittp101","?","pittp101","?","knigj103","?","knigj103","?","wilsj105","fonsl101","fribb101","hubec101","sandh101","harpg101","leacf101","willc103","","grift102","marar101","7/SF.3-H(UR)","F","F",5,7,2,"T","F",0,"F","T",1,"F","F",1,"F","F",7,"F","F","F","",0,0,"N",0,"N",0,"N",0,0,2,5,"7","","","","F","F","F","F","F","F","F","F","F","","knigj103","knigj103","F","F","F","F","F","","","","",0,7,0,0,0,0,0,0,0,11,"PHI","CHN","PHI",0,"F","F",0,0,0,6,2,"T","F",6,2,"T","T","hartg103","keenv101","T","T",0,0,0,8,6,10,6,5,9,"","wilsj105","wilsj105",0,0,0,0,0,0,0,0,0,0,0,0,1,"harpg101","F","F","F","F",0,0,0,5,0,0,0,0,0,0,F,F,"1925PHI.EVN.regular.event.csv",4098
"PHI192508260","CHN",2,0,1,0,0,"",1,0,"hartg103","?","hartg103","?","knigj103","?","knigj103","?","wilsj105","fonsl101","fribb101","hubec101","sandh101","harpg101","leacf101","willc103","","grift102","","63.2-3","F","F",2,8,2,"T","T",0,"F","F",1,"F","F",0,"F","F",6,"G","F","F","",0,0,"N",0,"N",0,"N",0,0,3,0,"63","","","","F","F","F","F","F","F","F","F","F","","knigj103","","F","F","F","F","F","","","","",0,3,0,0,6,0,0,0,0,12,"PHI","CHN","PHI",0,"F","F",1,0,1,7,3,"T","F",2,4,"T","T","keenv101","adams101","T","T",0,0,0,8,6,10,0,0,0,"","wilsj105","",0,0,0,0,0,0,0,0,0,0,0,0,0,"sandh101","F","F","F","F",0,0,0,0,0,0,0,0,0,0,F,F,"1925PHI.EVN.regular.event.csv",4099
"PHI192508260","CHN",2,0,2,0,0,"",1,0,"keenv101","?","keenv101","?","knigj103","?","knigj103","?","wilsj105","fonsl101","fribb101","hubec101","sandh101","harpg101","leacf101","willc103","","","grift102","3/G","F","F",1,9,2,"T","T",0,"F","F",1,"F","F",0,"F","F",3,"G","F","F","",0,0,"N",0,"N",0,"N",0,0,0,3,"3","","","","F","F","F","F","F","F","F","F","F","","","knigj103","F","F","F","F","F","","","","",0,3,0,0,0,0,0,0,0,13,"PHI","CHN","PHI",0,"F","T",1,0,1,8,4,"T","F",4,4,"T","T","adams101","heatc101","T","T",0,0,0,0,0,0,8,6,10,"","","wilsj105",0,0,0,0,0,0,0,0,0,0,0,0,0,"fonsl101","F","F","F","F",0,0,0,0,0,0,0,0,0,0,F,F,"1925PHI.EVN.regular.event.csv",4100
"PHI192508260","CHN",2,1,0,0,0,"",1,0,"fonsl101","?","fonsl101","?","keenv101","?","keenv101","?","hartg103","freih101","adams101","pittp101","marar101","jahna101","grift102","heatc101","","","","9/F","T","F",3,5,2,"T","T",0,"F","F",1,"F","F",0,"F","F",9,"F","F","F","",0,0,"N",0,"N",0,"N",0,0,0,0,"9","","","","F","F","F","F","F","F","F","F","F","","","","F","F","F","F","F","","","","",0,9,0,0,0,0,0,0,0,14,"PHI","PHI","CHN",1,"T","F",0,1,0,4,0,"T","F",0,0,"T","T","hubec101","fribb101","T","T",0,0,0,0,0,0,0,0,0,"","","",0,0,0,0,0,0,0,0,0,0,0,0,0,"heatc101","F","F","F","F",0,0,0,0,1,0,0,0,0,0,F,F,"1925PHI.EVN.regular.event.csv",4101
"PHI192508260","CHN",2,1,1,0,0,"",1,0,"hubec101","?","hubec101","?","keenv101","?","keenv101","?","hartg103","freih101","adams101","pittp101","marar101","jahna101","grift102","heatc101","","","","S5/G","F","F",5,6,20,"T","T",1,"F","F",0,"F","F",0,"F","F",5,"G","F","F","",0,0,"N",0,"N",0,"N",1,0,0,0,"","","","","F","F","F","F","F","F","F","F","F","","","","F","F","F","F","F","","","","",0,0,0,0,0,0,0,0,0,15,"PHI","PHI","CHN",1,"F","F",0,1,0,5,1,"T","F",0,1,"T","T","fribb101","wilsj105","T","T",0,0,0,0,0,0,0,0,0,"","","",0,0,0,0,0,0,0,0,0,0,0,0,0,"pittp101","F","F","F","F",4,0,0,0,1,0,0,0,0,0,F,F,"1925PHI.EVN.regular.event.csv",4102
"PHI192508260","CHN",2,1,1,0,0,"",1,0,"fribb101","?","fribb101","?","keenv101","?","keenv101","?","hartg103","freih101","adams101","pittp101","marar101","jahna101","grift102","heatc101","hubec101","","","2/FL","F","F",4,7,2,"T","T",0,"F","F",1,"F","F",0,"F","F",2,"F","F","T","",0,0,"N",0,"N",0,"N",0,1,0,0,"2","","","","F","F","F","F","F","F","F","F","F","keenv101","","","F","F","F","F","F","","","","",0,2,0,0,0,0,0,0,0,16,"PHI","PHI","CHN",1,"F","F",0,1,0,6,2,"T","F",1,1,"T","T","wilsj105","knigj103","T","T",5,6,15,0,0,0,0,0,0,"hartg103","","",0,0,0,0,0,0,0,0,0,0,0,0,0,"hartg103","F","F","F","F",0,4,0,0,1,0,0,0,0,0,F,F,"1925PHI.EVN.regular.event.csv",4103
"PHI192508260","CHN",2,1,2,0,0,"",1,0,"wilsj105","?","wilsj105","?","keenv101","?","keenv101","?","hartg103","freih101","adams101","pittp101","marar101","jahna101","grift102","heatc101","hubec101","","","W.1-2","F","F",2,8,14,"T","F",0,"F","F",0,"F","F",0,"F","F",0,"","F","F","",0,0,"N",0,"N",0,"N",1,2,0,0,"","","","","F","F","F","F","F","F","F","F","F","keenv101","","","F","F","F","F","F","","","","",0,0,0,0,0,0,0,0,0,17,"PHI","PHI","CHN",1,"F","F",0,1,0,7,3,"T","F",1,3,"T","T","knigj103","sandh101","T","T",5,6,15,0,0,0,0,0,0,"hartg103","","",0,0,0,0,0,0,0,0,0,0,0,0,0,"","F","F","F","F",0,4,0,0,1,0,0,0,0,0,F,F,"1925PHI.EVN.regular.event.csv",4104
"PHI192508260","CHN",2,1,2,0,0,"",1,0,"knigj103","?","knigj103","?","keenv101","?","keenv101","?","hartg103","freih101","adams101","pittp101","marar101","jahna101","grift102","heatc101","wilsj105","hubec101","","S9.2-H;1-3","F","F",1,9,20,"T","T",1,"F","F",0,"F","F",1,"F","F",9,"","F","F","",0,0,"N",0,"N",0,"N",1,3,4,0,"","","","","F","F","F","F","F","F","F","F","F","keenv101","keenv101","","F","F","F","F","F","","","","",0,0,0,0,0,0,0,0,0,18,"PHI","PHI","CHN",1,"F","F",0,1,0,8,4,"T","F",3,5,"T","T","sandh101","leacf101","T","T",2,8,17,5,6,15,0,0,0,"hartg103","hartg103","",0,0,0,0,0,0,0,0,0,0,0,0,1,"heatc101","F","F","F","F",0,0,4,0,0,0,0,0,0,0,F,F,"1925PHI.EVN.regular.event.csv",4105
"PHI192508260","CHN",2,1,2,0,0,"",1,1,"sandh101","?","sandh101","?","keenv101","?","keenv101","?","hartg103","freih101","adams101","pittp101","marar101","jahna101","grift102","heatc101","knigj103","","wilsj105","K","F","F",6,1,3,"T","T",0,"F","F",1,"F","F",0,"F","F",0,"","F","F","",0,0,"N",0,"N",0,"N",0,1,0,3,"2","","","","F","F","F","F","F","F","F","F","F","keenv101","","keenv101","F","F","F","F","F","","","","",0,2,0,0,0,0,0,0,0,19,"PHI","PHI","CHN",1,"F","T",1,1,1,9,5,"T","F",5,5,"T","T","leacf101","willc103","T","T",1,9,18,0,0,0,2,8,17,"hartg103","","hartg103",0,0,0,0,0,0,0,0,0,0,0,0,0,"","F","F","F","F",0,0,0,0,0,0,0,0,0,0,F,F,"1925PHI.EVN.regular.event.csv",4106
"PHI192508260","CHN",3,0,0,0,0,"",1,1,"adams101","?","adams101","?","knigj103","?","knigj103","?","wilsj105","fonsl101","fribb101","hubec101","sandh101","harpg101","leacf101","willc103","","","","8/F","T","F",4,1,2,"T","T",0,"F","F",1,"F","F",0,"F","F",8,"F","F","F","",0,0,"N",0,"N",0,"N",0,0,0,0,"8","","","","F","F","F","F","F","F","F","F","F","","","","F","F","F","F","F","","","","",0,8,0,0,0,0,0,0,0,20,"PHI","CHN","PHI",0,"T","F",1,1,0,9,0,"T","F",0,0,"T","T","heatc101","freih101","T","T",0,0,0,0,0,0,0,0,0,"","","",0,0,0,0,0,0,0,0,0,0,0,0,0,"leacf101","F","F","F","F",0,0,0,0,0,0,0,0,0,0,F,F,"1925PHI.EVN.regular.event.csv",4107
"PHI192508260","CHN",3,0,1,0,0,"",1,1,"heatc101","?","heatc101","?","knigj103","?","knigj103","?","wilsj105","fonsl101","fribb101","hubec101","sandh101","harpg101","leacf101","willc103","","","","13","F","F",9,2,2,"T","T",0,"F","F",1,"F","F",0,"F","F",1,"G","F","F","",0,0,"N",0,"N",0,"N",0,0,0,0,"13","","","","F","F","F","F","F","F","F","F","F","","","","F","F","F","F","F","","","","",0,3,0,0,1,0,0,0,0,21,"PHI","CHN","PHI",0,"F","F",1,1,0,10,1,"T","F",0,0,"T","T","freih101","jahna101","T","T",0,0,0,0,0,0,0,0,0,"","","",0,0,0,0,0,0,0,0,0,0,0,0,0,"knigj103","F","F","F","F",0,0,0,0,0,0,0,0,0,0,F,F,"1925PHI.EVN.regular.event.csv",4108
"PHI192508260","CHN",3,0,2,0,0,"",1,1,"freih101","?","freih101","?","knigj103","?","knigj103","?","wilsj105","fonsl101","fribb101","hubec101","sandh101","harpg101","leacf101","willc103","","","","7/F","F","F",3,3,2,"T","T",0,"F","F",1,"F","F",0,"F","F",7,"F","F","F","",0,0,"N",0,"N",0,"N",0,0,0,0,"7","","","","F","F","F","F","F","F","F","F","F","","","","F","F","F","F","F","","","","",0,7,0,0,0,0,0,0,0,22,"PHI","CHN","PHI",0,"F","T",1,1,0,11,2,"T","F",0,0,"T","T","jahna101","marar101","T","T",0,0,0,0,0,0,0,0,0,"","","",0,0,0,0,0,0,0,0,0,0,0,0,0,"harpg101","F","F","F","F",0,0,0,0,0,0,0,0,0,0,F,F,"1925PHI.EVN.regular.event.csv",4109
"PHI192508260","CHN",3,1,0,0,0,"",1,1,"leacf101","?","leacf101","?","keenv101","?","keenv101","?","hartg103","freih101","adams101","pittp101","marar101","jahna101","grift102","heatc101","","","","S8","T","F",8,2,20,"T","T",1,"F","F",0,"F","F",0,"F","F",8,"","F","F","",0,0,"N",0,"N",0,"N",1,0,0,0,"","","","","F","F","F","F","F","F","F","F","F","","","","F","F","F","F","F","","","","",0,0,0,0,0,0,0,0,0,23,"PHI","PHI","CHN",1,"T","F",1,1,0,10,0,"T","F",0,1,"T","T","willc103","harpg101","T","T",0,0,0,0,0,0,0,0,0,"","","",0,0,0,0,0,0,0,0,0,0,0,0,0,"grift102","F","F","F","F",4,0,0,0,1,0,0,0,0,0,F,F,"1925PHI.EVN.regular.event.csv",4110
"PHI192508260","CHN",3,1,0,0,0,"",1,1,"willc103","?","willc103","?","keenv101","?","keenv101","?","hartg103","freih101","adams101","pittp101","marar101","jahna101","grift102","heatc101","leacf101","","","S8.1-3;B-2(E8/TH3)","F","F",9,3,20,"T","T",1,"F","F",0,"F","F",0,"F","F",8,"","F","F","",1,8,"T",0,"N",0,"N",2,3,0,0,"","","","","F","F","F","F","F","F","F","F","F","keenv101","","","F","F","F","F","F","","","","",0,0,0,0,0,0,0,0,0,24,"PHI","PHI","CHN",1,"F","F",1,1,0,11,1,"T","F",1,6,"T","T","harpg101","fonsl101","T","T",8,2,23,0,0,0,0,0,0,"hartg103","","",0,0,0,0,0,0,0,0,0,0,0,0,0,"grift102","F","F","F","F",0,4,0,0,1,0,0,0,0,0,F,F,"1925PHI.EVN.regular.event.csv",4111
"PHI192508260","CHN",3,1,0,0,0,"",1,1,"harpg101","?","harpg101","?","keenv101","?","keenv101","?","hartg103","freih101","adams101","pittp101","marar101","jahna101","grift102","heatc101","","willc103","leacf101","D8.3-H;2XH(862)","F","F",7,4,21,"T","T",2,"F","F",1,"F","F",1,"F","F",8,"","F","F","",0,0,"N",0,"N",0,"N",2,0,0,4,"","","862","","F","F","F","F","F","F","F","F","F","","keenv101","keenv101","F","F","F","F","F","","","","",0,2,0,0,8,6,0,0,0,25,"PHI","PHI","CHN",1,"F","F",1,1,0,12,2,"T","F",6,2,"T","T","fonsl101","hubec101","T","T",0,0,0,9,3,24,8,2,23,"","hartg103","hartg103",0,0,0,0,0,0,0,0,0,0,0,0,1,"grift102","F","F","F","F",0,0,0,4,0,0,0,0,0,0,F,F,"1925PHI.EVN.regular.event.csv",4112
"PHI192508260","CHN",3,1,1,0,0,"",1,2,"fonsl101","?","fonsl101","?","keenv101","?","keenv101","?","hartg103","freih101","adams101","pittp101","marar101","jahna101","grift102","heatc101","","harpg101","","5/FL","F","F",3,5,2,"T","T",0,"F","F",1,"F","F",0,"F","F",5,"F","F","T","",0,0,"N",0,"N",0,"N",0,0,2,0,"5","","","","F","F","F","F","F","F","F","F","F","","keenv101","","F","F","F","F","F","","","","",0,5,0,0,0,0,0,0,0,26,"PHI","PHI","CHN",1,"F","F",2,1,1,13,3,"T","F",2,2,"T","T","hubec101","fribb101","T","T",0,0,0,7,4,25,0,0,0,"","hartg103","",0,0,0,0,0,0,0,0,0,0,0,0,0,"pittp101","F","F","F","F",0,0,0,0,0,0,0,0,0,0,F,F,"1925PHI.EVN.regular.event.csv",4113
"PHI192508260","CHN",3,1,2,0,0,"",1,2,"hubec101","?","hubec101","?","keenv101","?","keenv101","?","hartg103","freih101","adams101","pittp101","marar101","jahna101","grift102","heatc101","","harpg101","","53","F","F",5,6,2,"T","T",0,"F","F",1,"F","F",0,"F","F",5,"G","F","F","",0,0,"N",0,"N",0,"N",0,0,2,0,"53","","","","F","F","F","F","F","F","F","F","F","","keenv101","","F","F","F","F","F","","","","",0,3,0,0,5,0,0,0,0,27,"PHI","PHI","CHN",1,"F","T",2,1,1,14,4,"T","F",2,2,"T","T","fribb101","wilsj105","T","T",0,0,0,7,4,25,0,0,0,"","hartg103","",0,0,0,0,0,0,0,0,0,0,0,0,0,"pittp101","F","F","F","F",0,0,0,0,0,0,0,0,0,0,F,F,"1925PHI.EVN.regular.event.csv",4114
"PHI192508260","CHN",4,0,0,0,0,"",1,2,"jahna101","?","jahna101","?","knigj103","?","knigj103","?","wilsj105","fonsl101","fribb101","hubec101","sandh101","harpg101","leacf101","willc103","","","","43","T","F",7,4,2,"T","T",0,"F","F",1,"F","F",0,"F","F",4,"G","F","F","",0,0,"N",0,"N",0,"N",0,0,0,0,"43","","","","F","F","F","F","F","F","F","F","F","","","","F","F","F","F","F","","","","",0,3,0,0,4,0,0,0,0,28,"PHI","CHN","PHI",0,"T","F",1,2,0,12,0,"T","F",0,0,"T","T","marar101","grift102","T","T",0,0,0,0,0,0,0,0,0,"","","",0,0,0,0,0,0,0,0,0,0,0,0,0,"fribb101","F","F","F","F",0,0,0,0,0,0,0,0,0,0,F,F,"1925PHI.EVN.regular.event.csv",4115
"PHI192508260","CHN",4,0,1,0,0,"",1,2,"marar101","?","marar101","?","knigj103","?","knigj103","?","wilsj105","fonsl101","fribb101","hubec101","sandh101","harpg101","leacf101","willc103","","","","53","F","F",6,5,2,"T","T",0,"F","F",1,"F","F",0,"F","F",5,"G","F","F","",0,0,"N",0,"N",0,"N",0,0,0,0,"53","","","","F","F","F","F","F","F","F","F","F","","","","F","F","F","F","F","","","","",0,3,0,0,5,0,0,0,0,29,"PHI","CHN","PHI",0,"F","F",1,2,0,13,1,"T","F",0,0,"T","T","grift102","pittp101","T","T",0,0,0,0,0,0,0,0,0,"","","",0,0,0,0,0,0,0,0,0,0,0,0,0,"hubec101","F","F","F","F",0,0,0,0,0,0,0,0,0,0,F,F,"1925PHI.EVN.regular.event.csv",4116
"PHI192508260","CHN",4,0,2,0,0,"",1,2,"grift102","?","grift102","?","knigj103","?","knigj103","?","wilsj105","fonsl101","fribb101","hubec101","sandh101","harpg101","leacf101","willc103","","","","3/P","F","F",8,6,2,"T","T",0,"F","F",1,"F","F",0,"F","F",3,"P","F","F","",0,0,"N",0,"N",0,"N",0,0,0,0,"3","","","","F","F","F","F","F","F","F","F","F","","","","F","F","F","F","F","","","","",0,3,0,0,0,0,0,0,0,30,"PHI","CHN","PHI",0,"F","T",1,2,0,14,2,"T","F",0,0,"T","T","pittp101","hartg103","T","T",0,0,0,0,0,0,0,0,0,"","","",0,0,0,0,0,0,0,0,0,0,0,0,0,"fonsl101","F","F","F","F",0,0,0,0,0,0,0,0,0,0,F,F,"1925PHI.EVN.regular.event.csv",4117
"PHI192508260","CHN",4,1,0,0,0,"",1,2,"fribb101","?","fribb101","?","keenv101","?","keenv101","?","hartg103","freih101","adams101","pittp101","marar101","jahna101","grift102","heatc101","","","","63/G56","T","F",4,7,2,"T","T",0,"F","F",1,"F","F",0,"F","F",6,"G","F","F","56",0,0,"N",0,"N",0,"N",0,0,0,0,"63","","","","F","F","F","F","F","F","F","F","F","","","","F","F","F","F","F","","","","",0,3,0,0,6,0,0,0,0,31,"PHI","PHI","CHN",1,"T","F",2,1,0,15,0,"T","F",0,0,"T","T","wilsj105","knigj103","T","T",0,0,0,0,0,0,0,0,0,"","","",0,0,0,0,0,0,0,0,0,0,0,0,0,"marar101","F","F","F","F",0,0,0,0,0,0,0,0,0,0,F,F,"1925PHI.EVN.regular.event.csv",4118
"PHI192508260","CHN",4,1,1,0,0,"",1,2,"wilsj105","?","wilsj105","?","keenv101","?","keenv101","?","hartg103","freih101","adams101","pittp101","marar101","jahna101","grift102","heatc101","","","","S7","F","F",2,8,20,"T","T",1,"F","F",0,"F","F",0,"F","F",7,"","F","F","",0,0,"N",0,"N",0,"N",1,0,0,0,"","","","","F","F","F","F","F","F","F","F","F","","","","F","F","F","F","F","","","","",0,0,0,0,0,0,0,0,0,32,"PHI","PHI","CHN",1,"F","F",2,1,0,16,1,"T","F",0,1,"T","T","knigj103","sandh101","T","T",0,0,0,0,0,0,0,0,0,"","","",0,0,0,0,0,0,0,0,0,0,0,0,0,"jahna101","F","F","F","F",0,0,0,0,0,0,0,0,0,0,F,F,"1925PHI.EVN.regular.event.csv",4119
"PHI192508260","CHN",4,1,1,0,0,"",1,2,"knigj103","?","knigj103","?","keenv101","?","keenv101","?","hartg103","freih101","adams101","pittp101","marar101","jahna101","grift102","heatc101","wilsj105","","","K","F","F",1,9,3,"T","T",0,"F","F",1,"F","F",0,"F","F",0,"","F","F","",0,0,"N",0,"N",0,"N",0,1,0,0,"2","","","","F","F","F","F","F","F","F","F","F","keenv101","","","F","F","F","F","F","","","","",0,2,0,0,0,0,0,0,0,33,"PHI","PHI","CHN",1,"F","F",2,1,0,17,2,"T","F",1,1,"T","T","sandh101","leacf101","T","T",2,8,32,0,0,0,0,0,0,"hartg103","","",0,0,0,0,0,0,0,0,0,0,0,0,0,"","F","F","F","F",0,0,0,0,0,0,0,0,0,0,F,F,"1925PHI.EVN.regular.event.csv",4120
"PHI192508260","CHN",4,1,2,0,0,"",1,2,"sandh101","?","sandh101","?","keenv101","?","keenv101","?","hartg103","freih101","adams101","pittp101","marar101","jahna101","grift102","heatc101","wilsj105","","","64(1)/FO","F","F",6,1,2,"T","T",0,"F","F",1,"F","F",0,"F","F",6,"G","F","F","",0,0,"N",0,"N",0,"N",1,0,0,0,"","64","","","F","F","F","F","F","F","F","F","F","keenv101","","","F","F","F","F","F","","","","",0,4,0,0,6,0,0,0,0,34,"PHI","PHI","CHN",1,"F","T",2,1,0,18,3,"T","F",1,1,"T","T","leacf101","willc103","T","T",2,8,32,0,0,0,0,0,0,"hartg103","","",0,0,0,0,0,0,0,0,0,0,0,0,0,"marar101","T","F","F","F",0,0,0,0,0,0,0,0,0,0,F,F,"1925PHI.EVN.regular.event.csv",4121
"PHI192508260","CHN",5,0,0,0,0,"",1,2,"pittp101","?","pittp101","?","knigj103","?","knigj103","?","wilsj105","fonsl101","fribb101","hubec101","sandh101","harpg101","leacf101","willc103","","","","S8","T","F",5,7,20,"T","T",1,"F","F",0,"F","F",0,"F","F",8,"","F","F","",0,0,"N",0,"N",0,"N",1,0,0,0,"","","","","F","F","F","F","F","F","F","F","F","","","","F","F","F","F","F","","","","",0,0,0,0,0,0,0,0,0,35,"PHI","CHN","PHI",0,"T","F",1,2,0,15,0,"T","F",0,1,"T","T","hartg103","keenv101","T","T",0,0,0,0,0,0,0,0,0,"","","",0,0,0,0,0,0,0,0,0,0,0,0,0,"leacf101","F","F","F","F",4,0,0,0,1,0,0,0,0,0,F,F,"1925PHI.EVN.regular.event.csv",4122
"PHI192508260","CHN",5,0,0,0,0,"",1,2,"hartg103","?","hartg103","?","knigj103","?","knigj103","?","wilsj105","fonsl101","fribb101","hubec101","sandh101","harpg101","leacf101","willc103","pittp101","","","S4/G.1-2","F","F",2,8,20,"T","T",1,"F","F",0,"F","F",0,"F","F",4,"G","F","F","",0,0,"N",0,"N",0,"N",1,2,0,0,"","","","","F","F","F","F","F","F","F","F","F","knigj103","","","F","F","F","F","F","","","","",0,0,0,0,0,0,0,0,0,36,"PHI","CHN","PHI",0,"F","F",1,2,0,16,1,"T","F",1,3,"T","T","keenv101","adams101","T","T",5,7,35,0,0,0,0,0,0,"wilsj105","","",0,0,0,0,0,0,0,0,0,0,0,0,0,"fribb101","F","F","F","F",0,4,0,0,1,0,0,0,0,0,F,F,"1925PHI.EVN.regular.event.csv",4123
"PHI192508260","CHN",5,0,0,0,0,"",1,2,"keenv101","?","keenv101","?","knigj103","?","knigj103","?","wilsj105","fonsl101","fribb101","hubec101","sandh101","harpg101","leacf101","willc103","hartg103","pittp101","","K/BF","F","F",1,9,3,"T","T",0,"F","F",1,"F","F",0,"F","F",0,"","T","F","",0,0,"N",0,"N",0,"N",0,1,2,0,"2","","","","F","F","F","F","F","F","F","F","F","knigj103","knigj103","","F","F","F","F","F","","","","",0,2,0,0,0,0,0,0,0,37,"PHI","CHN","PHI",0,"F","F",1,2,0,17,2,"T","F",3,3,"T","T","adams101","heatc101","T","T",2,8,36,5,7,35,0,0,0,"wilsj105","wilsj105","",0,0,0,0,0,0,0,0,0,0,0,0,0,"","F","F","F","F",0,0,4,0,1,0,0,0,0,0,F,F,"1925PHI.EVN.regular.event.csv",4124
"PHI192508260","CHN",5,0,1,0,0,"",1,2,"adams101","?","adams101","?","knigj103","?","knigj103","?","wilsj105","fonsl101","fribb101","hubec101","sandh101","harpg101","leacf101","willc103","hartg103","pittp101","","54(1)/FO.2-3","F","F",4,1,2,"T","T",0,"F","F",1,"F","F",0,"F","F",5,"G","F","F","",0,0,"N",0,"N",0,"N",1,0,3,0,"","54","","","F","F","F","F","F","F","F","F","F","knigj103","knigj103","","F","F","F","F","F","","","","",0,4,0,0,5,0,0,0,0,38,"PHI","CHN","PHI",0,"F","F",1,2,0,18,3,"T","F",3,5,"T","T","heatc101","freih101","T","T",2,8,36,5,7,35,0,0,0,"wilsj105","wilsj105","",0,0,0,0,0,0,0,0,0,0,0,0,0,"hubec101","T","F","F","F",0,0,4,0,1,0,0,0,0,0,F,F,"1925PHI.EVN.regular.event.csv",4125
"PHI192508260","CHN",5,0,2,0,0,"",1,2,"heatc101","?","heatc101","?","knigj103","?","knigj103","?","wilsj105","fonsl101","fribb101","hubec101","sandh101","harpg101","leacf101","willc103","adams101","","pittp101","D9/9L.3-H;1-3","F","F",9,2,21,"T","T",2,"F","F",0,"F","F",1,"F","F",9,"","F","F","9L",0,0,"N",0,"N",0,"N",2,3,0,4,"","","","","F","F","F","F","F","F","F","F","F","knigj103","","knigj103","F","F","F","F","F","","","","",0,0,0,0,0,0,0,0,0,39,"PHI","CHN","PHI",0,"F","F",1,2,0,19,4,"T","F",5,6,"T","T","freih101","jahna101","T","T",4,1,38,0,0,0,5,7,35,"wilsj105","","wilsj105",0,0,0,0,0,0,0,0,0,0,0,0,1,"willc103","F","F","F","F",0,0,0,4,0,0,0,0,0,0,F,F,"1925PHI.EVN.regular.event.csv",4126
"PHI192508260","CHN",5,0,2,0,0,"",2,2,"freih101","?","freih101","?","knigj103","?","knigj103","?","wilsj105","fonsl101","fribb101","hubec101","sandh101","harpg101","leacf101","willc103","","heatc101","adams101","53","F","F",3,3,2,"T","T",0,"F","F",1,"F","F",0,"F","F",5,"G","F","F","",0,0,"N",0,"N",0,"N",0,0,2,3,"53","","","","F","F","F","F","F","F","F","F","F","","knigj103","knigj103","F","F","F","F","F","","","","",0,3,0,0,5,0,0,0,0,40,"PHI","CHN","PHI",0,"F","T",2,2,1,20,5,"T","F",6,6,"T","T","jahna101","marar101","T","T",0,0,0,9,2,39,4,1,38,"","wilsj105","wilsj105",0,0,0,0,0,0,0,0,0,0,0,0,0,"hubec101","F","F","F","F",0,0,0,0,0,0,0,0,0,0,F,F,"1925PHI.EVN.regular.event.csv",4127
"PHI192508260","CHN",5,1,0,0,0,"",2,2,"leacf101","?","leacf101","?","keenv101","?","keenv101","?","hartg103","freih101","adams101","pittp101","marar101","jahna101","grift102","heatc101","","","","S9","T","F",8,2,20,"T","T",1,"F","F",0,"F","F",0,"F","F",9,"","F","F","",0,0,"N",0,"N",0,"N",1,0,0,0,"","","","","F","F","F","F","F","F","F","F","F","","","","F","F","F","F","F","","","","",0,0,0,0,0,0,0,0,0,41,"PHI","PHI","CHN",1,"T","F",2,2,0,19,0,"T","F",0,1,"T","T","willc103","harpg101","T","T",0,0,0,0,0,0,0,0,0,"","","",0,0,0,0,0,0,0,0,0,0,0,0,0,"heatc101","F","F","F","F",4,0,0,0,1,0,0,0,0,0,F,F,"1925PHI.EVN.regular.event.csv",4128
"PHI192508260","CHN",5,1,0,0,0,"",2,2,"willc103","?","willc103","?","keenv101","?","keenv101","?","hartg103","freih101","adams101","pittp101","marar101","jahna101","grift102","heatc101","leacf101","","","5/FL","F","F",9,3,2,"T","T",0,"F","F",1,"F","F",0,"F","F",5,"F","F","T","",0,0,"N",0,"N",0,"N",0,1,0,0,"5","","","","F","F","F","F","F","F","F","F","F","keenv101","","","F","F","F","F","F","","","","",0,5,0,0,0,0,0,0,0,42,"PHI","PHI","CHN",1,"F","F",2,2,0,20,1,"T","F",1,1,"T","T","harpg101","fonsl101","T","T",8,2,41,0,0,0,0,0,0,"hartg103","","",0,0,0,0,0,0,0,0,0,0,0,0,0,"pittp101","F","F","F","F",0,4,0,0,1,0,0,0,0,0,F,F,"1925PHI.EVN.regular.event.csv",4129
"PHI192508260","CHN",5,1,1,0,0,"",2,2,"harpg101","?","harpg101","?","keenv101","?","keenv101","?","hartg103","freih101","adams101","pittp101","marar101","jahna101","grift102","heatc101","leacf101","","","S9.1-2","F","F",7,4,20,"T","T",1,"F","F",0,"F","F",0,"F","F",9,"","F","F","",0,0,"N",0,"N",0,"N",1,2,0,0,"","","","","F","F","F","F","F","F","F","F","F","keenv101","","","F","F","F","F","F","","","","",0,0,0,0,0,0,0,0,0,43,"PHI","PHI","CHN",1,"F","F",2,2,0,21,2,"T","F",1,3,"T","T","fonsl101","hubec101","T","T",8,2,41,0,0,0,0,0,0,"hartg103","","",0,0,0,0,0,0,0,0,0,0,0,0,0,"heatc101","F","F","F","F",0,4,0,0,1,0,0,0,0,0,F,F,"1925PHI.EVN.regular.event.csv",4130
"PHI192508260","CHN",5,1,1,0,0,"",2,2,"fonsl101","?","fonsl101","?","keenv101","?","keenv101","?","hartg103","freih101","adams101","pittp101","marar101","jahna101","grift102","heatc101","harpg101","leacf101","","S7.2-H;1-2","F","F",3,5,20,"T","T",1,"F","F",0,"F","F",1,"F","F",7,"","F","F","",0,0,"N",0,"N",0,"N",1,2,4,0,"","","","","F","F","F","F","F","F","F","F","F","keenv101","keenv101","","F","F","F","F","F","","","","",0,0,0,0,0,0,0,0,0,44,"PHI","PHI","CHN",1,"F","F",2,2,0,22,3,"T","F",3,3,"T","T","hubec101","fribb101","T","T",7,4,43,8,2,41,0,0,0,"hartg103","hartg103","",0,0,0,0,0,0,0,0,0,0,0,0,1,"jahna101","F","F","F","F",0,0,4,0,0,0,0,0,0,0,F,F,"1925PHI.EVN.regular.event.csv",4131
"PHI192508260","CHN",5,1,1,0,0,"",2,3,"hubec101","?","hubec101","?","keenv101","?","keenv101","?","hartg103","freih101","adams101","pittp101","marar101","jahna101","grift102","heatc101","fonsl101","harpg101","","9/F","F","F",5,6,2,"T","T",0,"F","F",1,"F","F",0,"F","F",9,"F","F","F","",0,0,"N",0,"N",0,"N",0,1,2,0,"9","","","","F","F","F","F","F","F","F","F","F","keenv101","keenv101","","F","F","F","F","F","","","","",0,9,0,0,0,0,0,0,0,45,"PHI","PHI","CHN",1,"F","F",3,2,1,23,4,"T","F",3,3,"T","T","fribb101","wilsj105","T","T",3,5,44,7,4,43,0,0,0,"hartg103","hartg103","",0,0,0,0,0,0,0,0,0,0,0,0,0,"heatc101","F","F","F","F",0,0,0,0,0,0,0,0,0,0,F,F,"1925PHI.EVN.regular.event.csv",4132
"PHI192508260","CHN",5,1,2,0,0,"",2,3,"fribb101","?","fribb101","?","keenv101","?","keenv101","?","hartg103","freih101","adams101","pittp101","marar101","jahna101","grift102","heatc101","fonsl101","harpg101","","8/F","F","F",4,7,2,"T","T",0,"F","F",1,"F","F",0,"F","F",8,"F","F","F","",0,0,"N",0,"N",0,"N",0,1,2,0,"8","","","","F","F","F","F","F","F","F","F","F","keenv101","keenv101","","F","F","F","F","F","","","","",0,8,0,0,0,0,0,0,0,46,"PHI","PHI","CHN",1,"F","T",3,2,1,24,5,"T","F",3,3,"T","T","wilsj105","knigj103","T","T",3,5,44,7,4,43,0,0,0,"hartg103","hartg103","",0,0,0,0,0,0,0,0,0,0,0,0,0,"grift102","F","F","F","F",0,0,0,0,0,0,0,0,0,0,F,F,"1925PHI.EVN.regular.event.csv",4133
"PHI192508260","CHN",6,0,0,0,0,"",2,3,"jahna101","?","jahna101","?","knigj103","?","knigj103","?","wilsj105","fonsl101","fribb101","hubec101","sandh101","harpg101","leacf101","willc103","","","","S8","T","F",7,4,20,"T","T",1,"F","F",0,"F","F",0,"F","F",8,"","F","F","",0,0,"N",0,"N",0,"N",1,0,0,0,"","","","","F","F","F","F","F","F","F","F","F","","","","F","F","F","F","F","","","","",0,0,0,0,0,0,0,0,0,47,"PHI","CHN","PHI",0,"T","F",2,3,0,21,0,"T","F",0,1,"T","T","marar101","grift102","T","T",0,0,0,0,0,0,0,0,0,"","","",0,0,0,0,0,0,0,0,0,0,0,0,0,"leacf101","F","F","F","F",0,0,0,0,0,0,0,0,0,0,F,F,"1925PHI.EVN.regular.event.csv",4134
"PHI192508260","CHN",6,0,0,0,0,"",2,3,"marar101","?","marar101","?","knigj103","?","knigj103","?","wilsj105","fonsl101","fribb101","hubec101","sandh101","harpg101","leacf101","willc103","jahna101","","","54(1)3/GDP","F","F",6,5,2,"T","T",0,"F","F",2,"T","F",0,"F","F",5,"G","F","F","",0,0,"N",0,"N",0,"N",0,0,0,0,"43","54","","","F","F","F","F","F","F","F","F","F","knigj103","","","F","F","F","F","F","","","","",0,4,3,0,5,4,0,0,0,48,"PHI","CHN","PHI",0,"F","F",2,3,0,22,1,"T","F",1,0,"T","T","grift102","pittp101","T","T",7,4,47,0,0,0,0,0,0,"wilsj105","","",0,0,0,0,0,0,0,0,0,0,0,0,0,"hubec101","T","F","F","F",0,0,0,0,0,0,0,0,0,0,F,F,"1925PHI.EVN.regular.event.csv",4135
"PHI192508260","CHN",6,0,2,0,0,"",2,3,"grift102","?","grift102","?","knigj103","?","knigj103","?","wilsj105","fonsl101","fribb101","hubec101","sandh101","harpg101","leacf101","willc103","","","","8/F","F","F",8,6,2,"T","T",0,"F","F",1,"F","F",0,"F","F",8,"F","F","F","",0,0,"N",0,"N",0,"N",0,0,0,0,"8","","","","F","F","F","F","F","F","F","F","F","","","","F","F","F","F","F","","","","",0,8,0,0,0,0,0,0,0,49,"PHI","CHN","PHI",0,"F","T",2,3,0,23,2,"T","F",0,0,"T","T","pittp101","hartg103","T","T",0,0,0,0,0,0,0,0,0,"","","",0,0,0,0,0,0,0,0,0,0,0,0,0,"leacf101","F","F","F","F",0,0,0,0,0,0,0,0,0,0,F,F,"1925PHI.EVN.regular.event.csv",4136
"PHI192508260","CHN",6,1,0,0,0,"",2,3,"wilsj105","?","wilsj105","?","keenv101","?","keenv101","?","hartg103","freih101","adams101","pittp101","marar101","jahna101","grift102","heatc101","","","","S8","T","F",2,8,20,"T","T",1,"F","F",0,"F","F",0,"F","F",8,"","F","F","",0,0,"N",0,"N",0,"N",1,0,0,0,"","","","","F","F","F","F","F","F","F","F","F","","","","F","F","F","F","F","","","","",0,0,0,0,0,0,0,0,0,50,"PHI","PHI","CHN",1,"T","F",3,2,0,25,0,"T","F",0,1,"T","T","knigj103","sandh101","T","T",0,0,0,0,0,0,0,0,0,"","","",0,0,0,0,0,0,0,0,0,0,0,0,0,"grift102","F","F","F","F",0,0,0,0,2,0,0,0,0,0,F,F,"1925PHI.EVN.regular.event.csv",4137
"PHI192508260","CHN",6,1,0,0,0,"",2,3,"knigj103","?","knigj103","?","keenv101","?","keenv101","?","hartg103","freih101","adams101","pittp101","marar101","jahna101","grift102","heatc101","wilsj105","","","S/G.1-2","F","F",1,9,20,"T","T",1,"F","F",0,"F","F",0,"F","F",0,"G","F","F","",0,0,"N",0,"N",0,"N",1,2,0,0,"","","","","F","F","F","F","F","F","F","F","F","keenv101","","","F","F","F","F","F","","","","",0,0,0,0,0,0,0,0,0,51,"PHI","PHI","CHN",1,"F","F",3,2,0,26,1,"T","F",1,3,"T","T","sandh101","leacf101","T","T",2,8,50,0,0,0,0,0,0,"hartg103","","",0,0,0,0,0,0,0,0,0,0,0,0,0,"","F","F","F","F",4,0,0,0,2,0,0,0,0,0,F,F,"1925PHI.EVN.regular.event.csv",4138
"PHI192508260","CHN",6,1,0,0,0,"",2,3,"sandh101","?","sandh101","?","keenv101","?","keenv101","?","hartg103","freih101","adams101","pittp101","marar101","jahna101","grift102","heatc101","knigj103","wilsj105","","15(2)/FO.1-2","F","F",6,1,2,"T","T",0,"F","F",1,"F","F",0,"F","F",1,"G","F","F","",0,0,"N",0,"N",0,"N",1,2,0,0,"","","15","","F","F","F","F","F","F","F","F","F","keenv101","keenv101","","F","F","F","F","F","","","","",0,5,0,0,1,0,0,0,0,52,"PHI","PHI","CHN",1,"F","F",3,2,0,27,2,"T","F",3,3,"T","T","leacf101","willc103","T","T",1,9,51,2,8,50,0,0,0,"hartg103","hartg103","",0,0,0,0,0,0,0,0,0,0,0,0,0,"keenv101","F","T","F","F",4,4,0,0,2,0,0,0,0,0,F,F,"1925PHI.EVN.regular.event.csv",4139
"PHI192508260","CHN",6,1,1,0,0,"",2,3,"leacf101","?","leacf101","?","keenv101","?","keenv101","?","hartg103","freih101","adams101","pittp101","marar101","jahna101","grift102","heatc101","sandh101","knigj103","","S8.2-H;1-3","F","F",8,2,20,"T","T",1,"F","F",0,"F","F",1,"F","F",8,"","F","F","",0,0,"N",0,"N",0,"N",1,3,4,0,"","","","","F","F","F","F","F","F","F","F","F","keenv101","keenv101","","F","F","F","F","F","","","","",0,0,0,0,0,0,0,0,0,53,"PHI","PHI","CHN",1,"F","F",3,2,0,28,3,"T","F",3,5,"T","T","willc103","harpg101","T","T",6,1,52,1,9,51,0,0,0,"hartg103","hartg103","",0,0,0,0,0,0,0,0,0,0,0,0,1,"grift102","F","F","F","F",0,4,4,0,1,0,0,0,0,0,F,F,"1925PHI.EVN.regular.event.csv",4140
"PHI192508260","CHN",6,1,1,0,0,"",2,4,"willc103","?","willc103","?","keenv101","?","keenv101","?","hartg103","freih101","adams101","pittp101","marar101","jahna101","grift102","heatc101","leacf101","","sandh101","6/P","F","F",9,3,2,"T","T",0,"F","F",1,"F","F",0,"F","F",6,"P","F","F","",0,0,"N",0,"N",0,"N",0,1,0,3,"6","","","","F","F","F","F","F","F","F","F","F","keenv101","","keenv101","F","F","F","F","F","","","","",0,6,0,0,0,0,0,0,0,54,"PHI","PHI","CHN",1,"F","F",4,2,1,29,4,"T","F",5,5,"T","T","harpg101","fonsl101","T","T",8,2,53,0,0,0,6,1,52,"hartg103","","hartg103",0,0,0,0,0,0,0,0,0,0,0,0,0,"marar101","F","F","F","F",0,0,0,4,1,0,0,0,0,0,F,F,"1925PHI.EVN.regular.event.csv",4141
"PHI192508260","CHN",6,1,2,0,0,"",2,4,"harpg101","?","harpg101","?","keenv101","?","keenv101","?","hartg103","freih101","adams101","pittp101","marar101","jahna101","grift102","heatc101","leacf101","","sandh101","S9.3-H;1-2","F","F",7,4,20,"T","T",1,"F","F",0,"F","F",1,"F","F",9,"","F","F","",0,0,"N",0,"N",0,"N",1,2,0,4,"","","","","F","F","F","F","F","F","F","F","F","keenv101","","keenv101","F","F","F","F","F","","","","",0,0,0,0,0,0,0,0,0,55,"PHI","PHI","CHN",1,"F","F",4,2,1,30,5,"T","F",5,3,"T","T","fonsl101","hubec101","T","T",8,2,53,0,0,0,6,1,52,"hartg103","","hartg103",0,0,0,0,0,0,0,0,0,0,0,0,1,"heatc101","F","F","F","F",0,0,0,4,0,0,0,0,0,0,F,F,"1925PHI.EVN.regular.event.csv",4142
"PHI192508260","CHN",6,1,2,0,0,"",2,5,"fonsl101","?","fonsl101","?","keenv101","?","keenv101","?","hartg103","freih101","adams101","pittp101","marar101","jahna101","grift102","heatc101","harpg101","leacf101","","5(2)/FO","F","F",3,5,2,"T","T",0,"F","F",1,"F","F",0,"F","F",5,"G","F","F","",0,0,"N",0,"N",0,"N",1,1,0,0,"","","5","","F","F","F","F","F","F","F","F","F","keenv101","keenv101","","F","F","F","F","F","","","","",0,5,0,0,0,0,0,0,0,56,"PHI","PHI","CHN",1,"F","T",5,2,2,31,6,"T","F",3,1,"T","T","hubec101","fribb101","T","T",7,4,55,8,2,53,0,0,0,"hartg103","hartg103","",0,0,0,0,0,0,0,0,0,0,0,0,0,"pittp101","F","T","F","F",0,0,0,0,0,0,0,0,0,0,F,F,"1925PHI.EVN.regular.event.csv",4143
"PHI192508260","CHN",7,0,0,0,0,"",2,5,"pittp101","?","pittp101","?","knigj103","?","knigj103","?","wilsj105","fonsl101","fribb101","hubec101","sandh101","harpg101","leacf101","willc103","","","","3/FL","T","F",5,7,2,"T","T",0,"F","F",1,"F","F",0,"F","F",3,"F","F","T","",0,0,"N",0,"N",0,"N",0,0,0,0,"3","","","","F","F","F","F","F","F","F","F","F","","","","F","F","F","F","F","","","","",0,3,0,0,0,0,0,0,0,57,"PHI","CHN","PHI",0,"T","F",2,5,0,24,0,"T","F",0,0,"T","T","hartg103","keenv101","T","T",0,0,0,0,0,0,0,0,0,"","","",0,0,0,0,0,0,0,0,0,0,0,0,0,"fonsl101","F","F","F","F",0,0,0,0,0,0,0,0,0,0,F,F,"1925PHI.EVN.regular.event.csv",4144
"PHI192508260","CHN",7,0,1,0,0,"",2,5,"hartg103","?","hartg103","?","knigj103","?","knigj103","?","wilsj105","fonsl101","fribb101","hubec101","sandh101","harpg101","leacf101","willc103","","","","S7","F","F",2,8,20,"T","T",1,"F","F",0,"F","F",0,"F","F",7,"","F","F","",0,0,"N",0,"N",0,"N",1,0,0,0,"","","","","F","F","F","F","F","F","F","F","F","","","","F","F","F","F","F","","","","",0,0,0,0,0,0,0,0,0,58,"PHI","CHN","PHI",0,"F","F",2,5,0,25,1,"T","F",0,1,"T","T","keenv101","adams101","T","T",0,0,0,0,0,0,0,0,0,"","","",0,0,0,0,0,0,0,0,0,0,0,0,0,"harpg101","F","F","F","F",0,0,0,0,0,0,0,0,0,0,F,F,"1925PHI.EVN.regular.event.csv",4145
"PHI192508260","CHN",7,0,1,0,0,"",2,5,"weisb102","?","weisb102","?","knigj103","?","knigj103","?","wilsj105","fonsl101","fribb101","hubec101","sandh101","harpg101","leacf101","willc103","hartg103","","","46(1)/FO","F","T",11,9,2,"T","T",0,"F","F",1,"F","F",0,"F","F",4,"G","F","F","",0,0,"N",0,"N",0,"N",1,0,0,0,"","46","","","F","F","F","F","F","F","F","F","F","knigj103","","","F","F","F","F","F","","","","keenv101",1,6,0,0,4,0,0,0,0,59,"PHI","CHN","PHI",0,"F","F",2,5,0,26,2,"T","F",1,1,"F","F","adams101","heatc101","T","T",2,8,58,0,0,0,0,0,0,"wilsj105","","",0,0,0,0,0,0,0,0,0,0,0,0,0,"fribb101","T","F","F","F",1,0,0,0,0,0,0,0,0,0,F,F,"1925PHI.EVN.regular.event.csv",4146
"PHI192508260","CHN",7,0,2,0,0,"",2,5,"adams101","?","adams101","?","knigj103","?","knigj103","?","wilsj105","fonsl101","fribb101","hubec101","sandh101","harpg101","leacf101","willc103","weisb102","","","8/F","F","F",4,1,2,"T","T",0,"F","F",1,"F","F",0,"F","F",8,"F","F","F","",0,0,"N",0,"N",0,"N",0,1,0,0,"8","","","","F","F","F","F","F","F","F","F","F","knigj103","","","F","F","F","F","F","","","","",0,8,0,0,0,0,0,0,0,60,"PHI","CHN","PHI",0,"F","T",2,5,0,27,3,"T","F",1,1,"T","T","heatc101","freih101","T","T",0,9,59,0,0,0,0,0,0,"wilsj105","","",0,0,0,0,0,0,0,0,0,0,0,0,0,"leacf101","F","F","F","F",0,1,0,0,0,0,0,0,0,0,F,F,"1925PHI.EVN.regular.event.csv",4147
"PHI192508260","CHN",7,1,0,3,0,"BBBB",2,5,"hubec101","?","hubec101","?","jonep101","?","jonep101","?","hartg103","freih101","adams101","pittp101","marar101","jahna101","grift102","heatc101","","","","W","T","F",5,6,14,"T","F",0,"F","F",0,"F","F",0,"F","F",0,"","F","F","",0,0,"N",0,"N",0,"N",1,0,0,0,"","","","","F","F","F","F","F","F","F","F","F","","","","F","F","F","F","F","","","","",0,0,0,0,0,0,0,0,0,61,"PHI","PHI","CHN",1,"T","F",5,2,0,32,0,"T","F",0,1,"T","T","fribb101","wilsj105","F","F",0,0,0,0,0,0,0,0,0,"","","",4,4,0,0,0,0,0,0,0,0,0,0,0,"","F","F","F","F",4,0,0,0,5,0,0,0,0,0,F,F,"1925PHI.EVN.regular.event.csv",4148
"PHI192508260","CHN",7,1,0,0,0,"",2,5,"fribb101","?","fribb101","?","jonep101","?","jonep101","?","hartg103","freih101","adams101","pittp101","marar101","jahna101","grift102","heatc101","hubec101","","","S2/BG2L.1-3;B-2(E2/TH1)","F","F",4,7,20,"T","T",1,"F","F",0,"F","F",0,"F","F",2,"G","T","F","2L",1,2,"T",0,"N",0,"N",2,3,0,0,"","","","","F","F","F","F","F","F","F","F","F","jonep101","","","F","F","F","F","F","","","","",0,0,0,0,0,0,0,0,0,62,"PHI","PHI","CHN",1,"F","F",5,2,0,33,1,"T","F",1,6,"T","T","wilsj105","knigj103","F","F",5,6,61,0,0,0,0,0,0,"hartg103","","",0,0,0,0,0,0,0,0,0,0,0,0,0,"hartg103","F","F","F","F",4,4,0,0,5,0,0,0,0,0,F,F,"1925PHI.EVN.regular.event.csv",4149
"PHI192508260","CHN",7,1,0,0,0,"",2,5,"wilsj105","?","wilsj105","?","jonep101","?","jonep101","?","hartg103","freih101","adams101","pittp101","marar101","jahna101","grift102","heatc101","","fribb101","hubec101","D/78.3-H;2-H","F","F",2,8,21,"T","T",2,"F","F",0,"F","F",2,"F","F",0,"","F","F","78",0,0,"N",0,"N",0,"N",2,0,4,4,"","","","","F","F","F","F","F","F","F","F","F","","jonep101","jonep101","F","F","F","F","F","","","","",0,0,0,0,0,0,0,0,0,63,"PHI","PHI","CHN",1,"F","F",5,2,0,34,2,"T","F",6,2,"T","T","knigj103","sandh101","F","F",0,0,0,4,7,62,5,6,61,"","hartg103","hartg103",0,0,0,0,0,0,0,0,0,0,0,0,2,"","F","F","F","F",4,0,4,4,3,0,0,0,0,0,F,F,"1925PHI.EVN.regular.event.csv",4150
"PHI192508260","CHN",7,1,0,0,0,"",2,7,"knigj103","?","knigj103","?","jonep101","?","jonep101","?","hartg103","freih101","adams101","pittp101","marar101","jahna101","grift102","heatc101","","wilsj105","","S/BG25.2-3","F","F",1,9,20,"T","T",1,"F","F",0,"F","F",0,"F","F",0,"G","T","F","25",0,0,"N",0,"N",0,"N",1,0,3,0,"","","","","F","F","F","F","F","F","F","F","F","","jonep101","","F","F","F","F","F","","","","",0,0,0,0,0,0,0,0,0,64,"PHI","PHI","CHN",1,"F","F",7,2,2,35,3,"T","F",2,5,"T","T","sandh101","leacf101","F","F",0,0,0,2,8,63,0,0,0,"","hartg103","",0,0,0,0,0,0,0,0,0,0,0,0,0,"","F","F","F","F",5,0,4,0,3,0,0,0,0,0,F,F,"1925PHI.EVN.regular.event.csv",4151
"PHI192508260","CHN",7,1,0,0,0,"",2,7,"sandh101","?","sandh101","?","jonep101","?","jonep101","?","hartg103","freih101","adams101","pittp101","marar101","jahna101","grift102","heatc101","knigj103","","wilsj105","S6/G.3-H;1-H(E6/TH1)(NR)(UR);B-3","F","F",6,1,20,"T","T",1,"F","F",0,"F","F",1,"F","F",6,"G","F","F","",1,6,"T",0,"N",0,"N",3,5,0,4,"","","","","F","F","F","F","F","F","F","F","F","jonep101","","jonep101","F","F","F","F","F","","","","",0,0,0,0,0,0,0,0,0,65,"PHI","PHI","CHN",1,"F","F",7,2,2,36,4,"T","F",5,4,"T","T","leacf101","willc103","F","F",1,9,64,0,0,0,2,8,63,"hartg103","","hartg103",0,0,0,0,0,0,0,0,0,0,0,0,2,"marar101","F","F","F","F",5,5,0,4,1,0,0,0,0,0,F,F,"1925PHI.EVN.regular.event.csv",4152
"PHI192508260","CHN",7,1,0,0,0,"",2,9,"leacf101","?","leacf101","?","browj110","?","browj110","?","hartg103","freih101","adams101","pittp101","marar101","jahna101","grift102","heatc101","","","sandh101","43","F","F",8,2,2,"T","T",0,"F","F",1,"F","F",0,"F","F",4,"G","F","F","",0,0,"N",0,"N",0,"N",0,0,0,3,"43","","","","F","F","F","F","F","F","F","F","F","","","jonep101","F","F","F","F","F","","","","",0,3,0,0,4,0,0,0,0,66,"PHI","PHI","CHN",1,"F","F",9,2,4,37,5,"T","F",4,4,"T","T","willc103","harpg101","F","F",0,0,0,0,0,0,6,1,65,"","","hartg103",0,0,0,0,0,0,0,0,0,0,0,0,0,"adams101","F","F","F","F",0,0,0,5,1,0,0,0,0,0,F,F,"1925PHI.EVN.regular.event.csv",4153
"PHI192508260","CHN",7,1,1,0,0,"",2,9,"willc103","?","willc103","?","browj110","?","browj110","?","hartg103","freih101","adams101","pittp101","marar101","jahna101","grift102","heatc101","","","sandh101","63.3-H(UR)","F","F",9,3,2,"T","T",0,"F","F",1,"F","F",1,"F","F",6,"G","F","F","",0,0,"N",0,"N",0,"N",0,0,0,5,"63","","","","F","F","F","F","F","F","F","F","F","","","jonep101","F","F","F","F","F","","","","",0,3,0,0,6,0,0,0,0,67,"PHI","PHI","CHN",1,"F","F",9,2,4,38,6,"T","F",4,0,"T","T","harpg101","fonsl101","F","F",0,0,0,0,0,0,6,1,65,"","","hartg103",0,0,0,0,0,0,0,0,0,0,0,0,1,"marar101","F","F","F","F",0,0,0,5,0,0,0,0,0,0,F,F,"1925PHI.EVN.regular.event.csv",4154
"PHI192508260","CHN",7,1,2,0,0,"",2,10,"harpg101","?","harpg101","?","browj110","?","browj110","?","hartg103","freih101","adams101","pittp101","marar101","jahna101","grift102","heatc101","","","","43","F","F",7,4,2,"T","T",0,"F","F",1,"F","F",0,"F","F",4,"G","F","F","",0,0,"N",0,"N",0,"N",0,0,0,0,"43","","","","F","F","F","F","F","F","F","F","F","","","","F","F","F","F","F","","","","",0,3,0,0,4,0,0,0,0,68,"PHI","PHI","CHN",1,"F","T",10,2,5,39,7,"T","F",0,0,"T","T","fonsl101","hubec101","F","F",0,0,0,0,0,0,0,0,0,"","","",0,0,0,0,0,0,0,0,0,0,0,0,0,"adams101","F","F","F","F",0,0,0,0,0,0,0,0,0,0,F,F,"1925PHI.EVN.regular.event.csv",4155
"PHI192508260","CHN",8,0,0,0,0,"",2,10,"heatc101","?","heatc101","?","knigj103","?","knigj103","?","wilsj105","fonsl101","fribb101","hubec101","sandh101","harpg101","leacf101","willc103","","","","S8","T","F",9,2,20,"T","T",1,"F","F",0,"F","F",0,"F","F",8,"","F","F","",0,0,"N",0,"N",0,"N",1,0,0,0,"","","","","F","F","F","F","F","F","F","F","F","","","","F","F","F","F","F","","","","",0,0,0,0,0,0,0,0,0,69,"PHI","CHN","PHI",0,"T","F",2,10,0,28,0,"T","F",0,1,"T","T","freih101","jahna101","T","T",0,0,0,0,0,0,0,0,0,"","","",0,0,0,0,0,0,0,0,0,0,0,0,0,"leacf101","F","F","F","F",0,0,0,0,0,0,0,0,0,0,F,F,"1925PHI.EVN.regular.event.csv",4156
"PHI192508260","CHN",8,0,0,0,0,"",2,10,"freih101","?","freih101","?","knigj103","?","knigj103","?","wilsj105","fonsl101","fribb101","hubec101","sandh101","harpg101","leacf101","willc103","heatc101","","","54(1)3/GDP","F","F",3,3,2,"T","T",0,"F","F",2,"T","F",0,"F","F",5,"G","F","F","",0,0,"N",0,"N",0,"N",0,0,0,0,"43","54","","","F","F","F","F","F","F","F","F","F","knigj103","","","F","F","F","F","F","","","","",0,4,3,0,5,4,0,0,0,70,"PHI","CHN","PHI",0,"F","F",2,10,0,29,1,"T","F",1,0,"T","T","jahna101","marar101","T","T",9,2,69,0,0,0,0,0,0,"wilsj105","","",0,0,0,0,0,0,0,0,0,0,0,0,0,"hubec101","T","F","F","F",0,0,0,0,0,0,0,0,0,0,F,F,"1925PHI.EVN.regular.event.csv",4157
"PHI192508260","CHN",8,0,2,0,0,"",2,10,"jahna101","?","jahna101","?","knigj103","?","knigj103","?","wilsj105","fonsl101","fribb101","hubec101","sandh101","harpg101","leacf101","willc103","","","","K/C","F","F",7,4,3,"T","T",0,"F","F",1,"F","F",0,"F","F",0,"","F","F","",0,0,"N",0,"N",0,"N",0,0,0,0,"2","","","","F","F","F","F","F","F","F","F","F","","","","F","F","F","F","F","","","","",0,2,0,0,0,0,0,0,0,71,"PHI","CHN","PHI",0,"F","T",2,10,0,30,2,"T","F",0,0,"T","T","marar101","grift102","T","T",0,0,0,0,0,0,0,0,0,"","","",0,0,0,0,0,0,0,0,0,0,0,0,0,"","F","F","F","F",0,0,0,0,0,0,0,0,0,0,F,F,"1925PHI.EVN.regular.event.csv",4158
"PHI192508260","CHN",8,1,0,0,0,"",2,10,"fonsl101","?","fonsl101","?","browj110","?","browj110","?","hartg103","freih101","adams101","pittp101","marar101","jahna101","grift102","heatc101","","","","9/F","T","F",3,5,2,"T","T",0,"F","F",1,"F","F",0,"F","F",9,"F","F","F","",0,0,"N",0,"N",0,"N",0,0,0,0,"9","","","","F","F","F","F","F","F","F","F","F","","","","F","F","F","F","F","","","","",0,9,0,0,0,0,0,0,0,72,"PHI","PHI","CHN",1,"T","F",10,2,0,40,0,"T","F",0,0,"T","T","hubec101","fribb101","F","F",0,0,0,0,0,0,0,0,0,"","","",0,0,0,0,0,0,0,0,0,0,0,0,0,"heatc101","F","F","F","F",0,0,0,0,2,0,0,0,0,0,F,F,"1925PHI.EVN.regular.event.csv",4159
"PHI192508260","CHN",8,1,1,0,0,"",2,10,"hubec101","?","hubec101","?","browj110","?","browj110","?","hartg103","freih101","adams101","pittp101","marar101","jahna101","grift102","heatc101","","","","13","F","F",5,6,2,"T","T",0,"F","F",1,"F","F",0,"F","F",1,"G","F","F","",0,0,"N",0,"N",0,"N",0,0,0,0,"13","","","","F","F","F","F","F","F","F","F","F","","","","F","F","F","F","F","","","","",0,3,0,0,1,0,0,0,0,73,"PHI","PHI","CHN",1,"F","F",10,2,0,41,1,"T","F",0,0,"T","T","fribb101","wilsj105","F","F",0,0,0,0,0,0,0,0,0,"","","",0,0,0,0,0,0,0,0,0,0,0,0,0,"browj110","F","F","F","F",0,0,0,0,2,0,0,0,0,0,F,F,"1925PHI.EVN.regular.event.csv",4160
"PHI192508260","CHN",8,1,2,0,0,"",2,10,"fribb101","?","fribb101","?","browj110","?","browj110","?","hartg103","freih101","adams101","pittp101","marar101","jahna101","grift102","heatc101","","","","E6/G","F","F",4,7,18,"T","T",0,"F","F",0,"F","F",0,"F","F",6,"G","F","F","",1,6,"F",0,"N",0,"N",1,0,0,0,"","","","","F","F","F","F","F","F","F","F","F","","","","F","F","F","F","F","","","","",0,0,0,0,0,0,0,0,0,74,"PHI","PHI","CHN",1,"F","F",10,2,0,42,2,"T","F",0,1,"T","T","wilsj105","knigj103","F","F",0,0,0,0,0,0,0,0,0,"","","",0,0,0,0,0,0,0,0,0,0,0,0,0,"marar101","F","F","F","T",5,0,0,0,2,0,0,0,0,0,F,F,"1925PHI.EVN.regular.event.csv",4161
"PHI192508260","CHN",8,1,2,0,0,"",2,10,"wilsj105","?","wilsj105","?","browj110","?","browj110","?","hartg103","freih101","adams101","pittp101","marar101","jahna101","grift102","heatc101","fribb101","","","S9.1-2","F","F",2,8,20,"T","T",1,"F","F",0,"F","F",0,"F","F",9,"","F","F","",0,0,"N",0,"N",0,"N",1,2,0,0,"","","","","F","F","F","F","F","F","F","F","F","browj110","","","F","F","F","F","F","","","","",0,0,0,0,0,0,0,0,0,75,"PHI","PHI","CHN",1,"F","F",10,2,0,43,3,"T","F",1,3,"T","T","knigj103","sandh101","F","F",4,7,74,0,0,0,0,0,0,"hartg103","","",0,0,0,0,0,0,0,0,0,0,0,0,0,"heatc101","F","F","F","F",5,5,0,0,2,0,0,0,0,0,F,F,"1925PHI.EVN.regular.event.csv",4162
"PHI192508260","CHN",8,1,2,0,0,"",2,10,"knigj103","?","knigj103","?","browj110","?","browj110","?","hartg103","freih101","adams101","pittp101","marar101","jahna101","grift102","heatc101","wilsj105","fribb101","","W.2-3;1-2","F","F",1,9,14,"T","F",0,"F","F",0,"F","F",0,"F","F",0,"","F","F","",0,0,"N",0,"N",0,"N",1,2,3,0,"","","","","F","F","F","F","F","F","F","F","F","browj110","browj110","","F","F","F","F","F","","","","",0,0,0,0,0,0,0,0,0,76,"PHI","PHI","CHN",1,"F","F",10,2,0,44,4,"T","F",3,7,"T","T","sandh101","leacf101","F","F",2,8,75,4,7,74,0,0,0,"hartg103","hartg103","",0,0,0,0,0,0,0,0,0,0,0,0,0,"","F","F","F","F",3,5,5,0,2,0,0,0,0,0,F,F,"1925PHI.EVN.regular.event.csv",4163
"PHI192508260","CHN",8,1,2,0,0,"",2,10,"sandh101","?","sandh101","?","browj110","?","browj110","?","hartg103","freih101","adams101","pittp101","marar101","jahna101","grift102","heatc101","knigj103","wilsj105","fribb101","W.3-H(UR);2-3;1-2","F","F",6,1,14,"T","F",0,"F","F",0,"F","F",1,"F","F",0,"","F","F","",0,0,"N",0,"N",0,"N",1,2,3,5,"","","","","F","F","F","F","F","F","F","F","F","browj110","browj110","browj110","F","F","F","F","F","","","","",0,0,0,0,0,0,0,0,0,77,"PHI","PHI","CHN",1,"F","F",10,2,0,45,5,"T","F",7,7,"T","T","leacf101","willc103","F","F",1,9,76,2,8,75,4,7,74,"hartg103","hartg103","hartg103",0,0,0,0,0,0,0,0,0,0,0,0,1,"","F","F","F","F",2,3,5,5,1,0,0,0,0,0,F,F,"1925PHI.EVN.regular.event.csv",4164
"PHI192508260","CHN",8,1,2,0,0,"",2,11,"leacf101","?","leacf101","?","browj110","?","browj110","?","hartg103","freih101","adams101","pittp101","marar101","jahna101","grift102","heatc101","sandh101","knigj103","wilsj105","S9.3-H(UR);2-3;1-2","F","F",8,2,20,"T","T",1,"F","F",0,"F","F",1,"F","F",9,"","F","F","",0,0,"N",0,"N",0,"N",1,2,3,5,"","","","","F","F","F","F","F","F","F","F","F","browj110","browj110","browj110","F","F","F","F","F","","","","",0,0,0,0,0,0,0,0,0,78,"PHI","PHI","CHN",1,"F","F",11,2,1,46,6,"T","F",7,7,"T","T","willc103","harpg101","F","F",6,1,77,1,9,76,2,8,75,"hartg103","hartg103","hartg103",0,0,0,0,0,0,0,0,0,0,0,0,1,"heatc101","F","F","F","F",1,2,3,5,0,0,0,0,0,0,F,F,"1925PHI.EVN.regular.event.csv",4165
"PHI192508260","CHN",8,1,2,0,0,"",2,12,"willc103","?","willc103","?","browj110","?","browj110","?","hartg103","freih101","adams101","pittp101","marar101","jahna101","grift102","heatc101","leacf101","sandh101","knigj103","8/F","F","F",9,3,2,"T","T",0,"F","F",1,"F","F",0,"F","F",8,"F","F","F","",0,0,"N",0,"N",0,"N",0,1,2,3,"8","","","","F","F","F","F","F","F","F","F","F","browj110","browj110","browj110","F","F","F","F","F","","","","",0,8,0,0,0,0,0,0,0,79,"PHI","PHI","CHN",1,"F","T",12,2,2,47,7,"T","F",7,7,"T","T","harpg101","fonsl101","F","F",8,2,78,6,1,77,1,9,76,"hartg103","hartg103","hartg103",0,0,0,0,0,0,0,0,0,0,0,0,0,"grift102","F","F","F","F",0,1,2,3,0,0,0,0,0,0,F,F,"1925PHI.EVN.regular.event.csv",4166
"PHI192508260","CHN",9,0,0,0,0,"",2,12,"grigd101","?","grigd101","?","knigj103","?","knigj103","?","wilsj105","fonsl101","fribb101","hubec101","sandh101","harpg101","leacf101","willc103","","","","W","T","T",11,5,14,"T","F",0,"F","F",0,"F","F",0,"F","F",0,"","F","F","",0,0,"N",0,"N",0,"N",1,0,0,0,"","","","","F","F","F","F","F","F","F","F","F","","","","F","F","F","F","F","","","","marar101",6,0,0,0,0,0,0,0,0,80,"PHI","CHN","PHI",0,"T","F",2,12,0,31,0,"T","F",0,1,"F","F","grift102","pittp101","T","T",0,0,0,0,0,0,0,0,0,"","","",0,0,0,0,0,0,0,0,0,0,0,0,0,"","F","F","F","F",3,0,0,0,0,0,0,0,0,0,F,F,"1925PHI.EVN.regular.event.csv",4167
"PHI192508260","CHN",9,0,0,0,0,"",2,12,"grift102","?","grift102","?","knigj103","?","knigj103","?","wilsj105","fonsl101","fribb101","hubec101","sandh101","harpg101","leacf101","willc103","grigd101","","","31.1-2","F","F",8,6,2,"T","T",0,"F","F",1,"F","F",0,"F","F",3,"G","F","F","",0,0,"N",0,"N",0,"N",0,2,0,0,"31","","","","F","F","F","F","F","F","F","F","F","knigj103","","","F","F","F","F","F","","","","",0,1,0,0,3,0,0,0,0,81,"PHI","CHN","PHI",0,"F","F",2,12,0,32,1,"T","F",1,2,"T","T","pittp101","hartg103","T","T",0,5,80,0,0,0,0,0,0,"wilsj105","","",0,0,0,0,0,0,0,0,0,0,0,0,0,"fonsl101","F","F","F","F",0,3,0,0,0,0,0,0,0,0,F,F,"1925PHI.EVN.regular.event.csv",4168
"PHI192508260","CHN",9,0,1,0,0,"",2,12,"grimc101","?","grimc101","?","knigj103","?","knigj103","?","wilsj105","fonsl101","fribb101","hubec101","sandh101","harpg101","leacf101","willc103","","grigd101","","3/P","F","T",11,7,2,"T","T",0,"F","F",1,"F","F",0,"F","F",3,"P","F","F","",0,0,"N",0,"N",0,"N",0,0,2,0,"3","","","","F","F","F","F","F","F","F","F","F","","knigj103","","F","F","F","F","F","","","","pittp101",5,3,0,0,0,0,0,0,0,82,"PHI","CHN","PHI",0,"F","F",2,12,0,33,2,"T","F",2,2,"F","F","hartg103","browj110","T","T",0,0,0,11,5,80,0,0,0,"","wilsj105","",0,0,0,0,0,0,0,0,0,0,0,0,0,"fonsl101","F","F","F","F",0,0,3,0,0,0,0,0,0,0,F,F,"1925PHI.EVN.regular.event.csv",4169
"PHI192508260","CHN",9,0,2,0,0,"",2,12,"hartg103","?","hartg103","?","knigj103","?","knigj103","?","wilsj105","fonsl101","fribb101","hubec101","sandh101","harpg101","leacf101","willc103","","grigd101","","S7.2-3","F","F",2,8,20,"T","T",1,"F","F",0,"F","F",0,"F","F",7,"","F","F","",0,0,"N",0,"N",0,"N",1,0,3,0,"","","","","F","F","F","F","F","F","F","F","F","","knigj103","","F","F","F","F","F","","","","",0,0,0,0,0,0,0,0,0,83,"PHI","CHN","PHI",0,"F","F",2,12,0,34,3,"T","F",2,5,"T","T","browj110","adams101","T","T",0,0,0,0,5,80,0,0,0,"","wilsj105","",0,0,0,0,0,0,0,0,0,0,0,0,0,"harpg101","F","F","F","F",2,0,3,0,0,0,0,0,0,0,F,F,"1925PHI.EVN.regular.event.csv",4170
"PHI192508260","CHN",9,0,2,0,0,"",2,12,"broom101","?","broom101","?","knigj103","?","knigj103","?","wilsj105","fonsl101","fribb101","hubec101","sandh101","harpg101","leacf101","willc103","hartg103","","grigd101","DI.1-2","F","T",11,9,5,"F","F",0,"F","F",0,"F","F",0,"F","F",0,"","F","F","",0,0,"N",0,"N",0,"N",0,2,0,3,"","","","","F","F","F","F","F","F","F","F","F","knigj103","","knigj103","F","F","F","F","F","","","","browj110",1,0,0,0,0,0,0,0,0,84,"PHI","CHN","PHI",0,"F","F",2,12,0,35,4,"T","F",5,6,"F","F","adams101","heatc101","T","T",2,8,83,0,0,0,11,5,80,"wilsj105","","wilsj105",0,0,0,0,0,0,0,0,0,0,0,0,0,"","F","F","F","F",0,2,0,3,0,0,0,0,0,0,F,F,"1925PHI.EVN.regular.event.csv",4171
"PHI192508260","CHN",9,0,2,0,0,"",2,12,"broom101","?","broom101","?","knigj103","?","knigj103","?","wilsj105","fonsl101","fribb101","hubec101","sandh101","harpg101","leacf101","willc103","","hartg103","grigd101","63","F","T",11,9,2,"T","T",0,"F","F",1,"F","F",0,"F","F",6,"G","F","F","",0,0,"N",0,"N",0,"N",0,0,2,3,"63","","","","F","F","F","F","F","F","F","F","F","","knigj103","knigj103","F","T","F","F","F","","","","browj110",1,3,0,0,6,0,0,0,0,85,"PHI","CHN","PHI",0,"F","T",2,12,0,35,4,"F","F",6,6,"F","F","adams101","heatc101","T","T",0,0,0,2,8,83,11,5,80,"","wilsj105","wilsj105",0,0,0,0,0,0,0,0,0,0,0,0,0,"sandh101","F","F","F","F",0,0,2,3,0,0,0,0,0,0,F,F,"1925PHI.EVN.regular.event.csv",4172
"PHI192508270","CHN",1,0,0,0,0,"",0,0,"adams101","?","adams101","?","carlh101","?","carlh101","?","wilsj105","fonsl101","fribb101","hubec101","sandh101","harpg101","leacf101","willc103","","","","53","T","F",4,1,2,"T","T",0,"F","F",1,"F","F",0,"F","F",5,"G","F","F","",0,0,"N",0,"N",0,"N",0,0,0,0,"53","","","","F","F","F","F","F","F","F","F","F","","","","T","F","F","F","F","","","","",0,3,0,0,5,0,0,0,0,1,"PHI","CHN","PHI",0,"T","F",0,0,0,0,0,"T","F",0,0,"T","T","heatc101","freih101","T","T",0,0,0,0,0,0,0,0,0,"","","",0,0,0,0,0,0,0,0,0,0,0,0,0,"hubec101","F","F","F","F",0,0,0,0,0,0,0,0,0,0,F,F,"1925PHI.EVN.regular.event.csv",4173
"PHI192508270","CHN",1,0,1,0,0,"",0,0,"heatc101","?","heatc101","?","carlh101","?","carlh101","?","wilsj105","fonsl101","fribb101","hubec101","sandh101","harpg101","leacf101","willc103","","","","9/F","F","F",9,2,2,"T","T",0,"F","F",1,"F","F",0,"F","F",9,"F","F","F","",0,0,"N",0,"N",0,"N",0,0,0,0,"9","","","","F","F","F","F","F","F","F","F","F","","","","F","F","F","F","F","","","","",0,9,0,0,0,0,0,0,0,2,"PHI","CHN","PHI",0,"F","F",0,0,0,1,1,"T","F",0,0,"T","T","freih101","jahna101","T","T",0,0,0,0,0,0,0,0,0,"","","",0,0,0,0,0,0,0,0,0,0,0,0,0,"willc103","F","F","F","F",0,0,0,0,0,0,0,0,0,0,F,F,"1925PHI.EVN.regular.event.csv",4174
"PHI192508270","CHN",1,0,2,0,0,"",0,0,"freih101","?","freih101","?","carlh101","?","carlh101","?","wilsj105","fonsl101","fribb101","hubec101","sandh101","harpg101","leacf101","willc103","","","","7/F","F","F",5,3,2,"T","T",0,"F","F",1,"F","F",0,"F","F",7,"F","F","F","",0,0,"N",0,"N",0,"N",0,0,0,0,"7","","","","F","F","F","F","F","F","F","F","F","","","","F","F","F","F","F","","","","",0,7,0,0,0,0,0,0,0,3,"PHI","CHN","PHI",0,"F","T",0,0,0,2,2,"T","F",0,0,"T","T","jahna101","grimc101","T","T",0,0,0,0,0,0,0,0,0,"","","",0,0,0,0,0,0,0,0,0,0,0,0,0,"harpg101","F","F","F","F",0,0,0,0,0,0,0,0,0,0,F,F,"1925PHI.EVN.regular.event.csv",4175
"PHI192508270","CHN",1,1,0,0,0,"",0,0,"sandh101","?","sandh101","?","blaks101","?","blaks101","?","hartg103","grimc101","adams101","freih101","pittp101","jahna101","broom101","heatc101","","","","W","T","F",6,1,14,"T","F",0,"F","F",0,"F","F",0,"F","F",0,"","F","F","",0,0,"N",0,"N",0,"N",1,0,0,0,"","","","","F","F","F","F","F","F","F","F","F","","","","F","F","F","F","F","","","","",0,0,0,0,0,0,0,0,0,4,"PHI","PHI","CHN",1,"T","F",0,0,0,0,0,"T","F",0,1,"T","T","leacf101","willc103","T","T",0,0,0,0,0,0,0,0,0,"","","",0,0,0,0,0,0,0,0,0,0,0,0,0,"","F","F","F","F",4,0,0,0,3,0,0,0,0,0,F,F,"1925PHI.EVN.regular.event.csv",4176
"PHI192508270","CHN",1,1,0,0,0,"",0,0,"leacf101","?","leacf101","?","blaks101","?","blaks101","?","hartg103","grimc101","adams101","freih101","pittp101","jahna101","broom101","heatc101","sandh101","","","S7.1-2","F","F",8,2,20,"T","T",1,"F","F",0,"F","F",0,"F","F",7,"","F","F","",0,0,"N",0,"N",0,"N",1,2,0,0,"","","","","F","F","F","F","F","F","F","F","F","blaks101","","","F","F","F","F","F","","","","",0,0,0,0,0,0,0,0,0,5,"PHI","PHI","CHN",1,"F","F",0,0,0,1,1,"T","F",1,3,"T","T","willc103","harpg101","T","T",6,1,4,0,0,0,0,0,0,"hartg103","","",0,0,0,0,0,0,0,0,0,0,0,0,0,"jahna101","F","F","F","F",4,4,0,0,3,0,0,0,0,0,F,F,"1925PHI.EVN.regular.event.csv",4177
"PHI192508270","CHN",1,1,0,0,0,"",0,0,"willc103","?","willc103","?","blaks101","?","blaks101","?","hartg103","grimc101","adams101","freih101","pittp101","jahna101","broom101","heatc101","leacf101","sandh101","","S/5D.2-3;1-2","F","F",9,3,20,"T","T",1,"F","F",0,"F","F",0,"F","F",0,"","F","F","5D",0,0,"N",0,"N",0,"N",1,2,3,0,"","","","","F","F","F","F","F","F","F","F","F","blaks101","blaks101","","F","F","F","F","F","","","","",0,0,0,0,0,0,0,0,0,6,"PHI","PHI","CHN",1,"F","F",0,0,0,2,2,"T","F",3,7,"T","T","harpg101","fonsl101","T","T",8,2,5,6,1,4,0,0,0,"hartg103","hartg103","",0,0,0,0,0,0,0,0,0,0,0,0,0,"","F","F","F","F",4,4,4,0,3,0,0,0,0,0,F,F,"1925PHI.EVN.regular.event.csv",4178
"PHI192508270","CHN",1,1,0,0,0,"",0,0,"harpg101","?","harpg101","?","blaks101","?","blaks101","?","hartg103","grimc101","adams101","freih101","pittp101","jahna101","broom101","heatc101","willc103","leacf101","sandh101","9/SF.3-H","F","F",7,4,2,"T","F",0,"F","T",1,"F","F",1,"F","F",9,"F","F","F","",0,0,"N",0,"N",0,"N",0,1,2,4,"9","","","","F","F","F","F","F","F","F","F","F","blaks101","blaks101","blaks101","F","F","F","F","F","","","","",0,9,0,0,0,0,0,0,0,7,"PHI","PHI","CHN",1,"F","F",0,0,0,3,3,"T","F",7,3,"T","T","fonsl101","hubec101","T","T",9,3,6,8,2,5,6,1,4,"hartg103","hartg103","hartg103",0,0,0,0,0,0,0,0,0,0,0,0,1,"heatc101","F","F","F","F",0,4,4,4,2,0,0,0,0,0,F,F,"1925PHI.EVN.regular.event.csv",4179
"PHI192508270","CHN",1,1,1,0,0,"",0,1,"fonsl101","?","fonsl101","?","blaks101","?","blaks101","?","hartg103","grimc101","adams101","freih101","pittp101","jahna101","broom101","heatc101","willc103","leacf101","","7/F","F","F",3,5,2,"T","T",0,"F","F",1,"F","F",0,"F","F",7,"F","F","F","",0,0,"N",0,"N",0,"N",0,1,2,0,"7","","","","F","F","F","F","F","F","F","F","F","blaks101","blaks101","","F","F","F","F","F","","","","",0,7,0,0,0,0,0,0,0,8,"PHI","PHI","CHN",1,"F","F",1,0,1,4,4,"T","F",3,3,"T","T","hubec101","fribb101","T","T",9,3,6,8,2,5,0,0,0,"hartg103","hartg103","",0,0,0,0,0,0,0,0,0,0,0,0,0,"jahna101","F","F","F","F",0,4,4,0,2,0,0,0,0,0,F,F,"1925PHI.EVN.regular.event.csv",4180
"PHI192508270","CHN",1,1,2,0,0,"",0,1,"hubec101","?","hubec101","?","blaks101","?","blaks101","?","hartg103","grimc101","adams101","freih101","pittp101","jahna101","broom101","heatc101","willc103","leacf101","","D/89.2-H;1-3","F","F",5,6,21,"T","T",2,"F","F",0,"F","F",1,"F","F",0,"","F","F","89",0,0,"N",0,"N",0,"N",2,3,4,0,"","","","","F","F","F","F","F","F","F","F","F","blaks101","blaks101","","F","F","F","F","F","","","","",0,0,0,0,0,0,0,0,0,9,"PHI","PHI","CHN",1,"F","F",1,0,1,5,5,"T","F",3,6,"T","T","fribb101","wilsj105","T","T",9,3,6,8,2,5,0,0,0,"hartg103","hartg103","",0,0,0,0,0,0,0,0,0,0,0,0,1,"","F","F","F","F",0,4,4,0,1,0,0,0,0,0,F,F,"1925PHI.EVN.regular.event.csv",4181
"PHI192508270","CHN",1,1,2,0,0,"",0,2,"fribb101","?","fribb101","?","blaks101","?","blaks101","?","hartg103","grimc101","adams101","freih101","pittp101","jahna101","broom101","heatc101","","hubec101","willc103","W","F","F",4,7,14,"T","F",0,"F","F",0,"F","F",0,"F","F",0,"","F","F","",0,0,"N",0,"N",0,"N",1,0,2,3,"","","","","F","F","F","F","F","F","F","F","F","","blaks101","blaks101","F","F","F","F","F","","","","",0,0,0,0,0,0,0,0,0,10,"PHI","PHI","CHN",1,"F","F",2,0,2,6,6,"T","F",6,7,"T","T","wilsj105","carlh101","T","T",0,0,0,5,6,9,9,3,6,"","hartg103","hartg103",0,0,0,0,0,0,0,0,0,0,0,0,0,"","F","F","F","F",0,0,0,4,1,0,0,0,0,0,F,F,"1925PHI.EVN.regular.event.csv",4182
"PHI192508270","CHN",1,1,2,0,0,"",0,2,"wilsj105","?","wilsj105","?","blaks101","?","blaks101","?","hartg103","grimc101","adams101","freih101","pittp101","jahna101","broom101","heatc101","fribb101","hubec101","willc103","W.3-H;2-3;1-2","F","F",2,8,14,"T","F",0,"F","F",0,"F","F",1,"F","F",0,"","F","F","",0,0,"N",0,"N",0,"N",1,2,3,4,"","","","","F","F","F","F","F","F","F","F","F","blaks101","blaks101","blaks101","F","F","F","F","F","","","","",0,0,0,0,0,0,0,0,0,11,"PHI","PHI","CHN",1,"F","F",2,0,2,7,7,"T","F",7,7,"T","T","carlh101","sandh101","T","T",4,7,10,5,6,9,9,3,6,"hartg103","hartg103","hartg103",0,0,0,0,0,0,0,0,0,0,0,0,1,"","F","F","F","F",0,0,0,4,0,0,0,0,0,0,F,F,"1925PHI.EVN.regular.event.csv",4183
"PHI192508270","CHN",1,1,2,0,0,"",0,3,"carlh101","?","carlh101","?","blaks101","?","blaks101","?","hartg103","grimc101","adams101","freih101","pittp101","jahna101","broom101","heatc101","wilsj105","fribb101","hubec101","8/L8XD","F","F",1,9,2,"T","T",0,"F","F",1,"F","F",0,"F","F",8,"L","F","F","8XD",0,0,"N",0,"N",0,"N",0,1,2,3,"8","","","","F","F","F","F","F","F","F","F","F","blaks101","blaks101","blaks101","F","F","F","F","F","","","","",0,8,0,0,0,0,0,0,0,12,"PHI","PHI","CHN",1,"F","T",3,0,3,8,8,"T","F",7,7,"T","T","sandh101","leacf101","T","T",2,8,11,4,7,10,5,6,9,"hartg103","hartg103","hartg103",0,0,0,0,0,0,0,0,0,0,0,0,0,"broom101","F","F","F","F",0,0,0,0,0,0,0,0,0,0,F,F,"1925PHI.EVN.regular.event.csv",4184
"PHI192508270","CHN",2,0,0,0,0,"",0,3,"jahna101","?","jahna101","?","carlh101","?","carlh101","?","wilsj105","fonsl101","fribb101","hubec101","sandh101","harpg101","leacf101","willc103","","","","W","T","F",7,4,14,"T","F",0,"F","F",0,"F","F",0,"F","F",0,"","F","F","",0,0,"N",0,"N",0,"N",1,0,0,0,"","","","","F","F","F","F","F","F","F","F","F","","","","F","F","F","F","F","","","","",0,0,0,0,0,0,0,0,0,13,"PHI","CHN","PHI",0,"T","F",0,3,0,3,0,"T","F",0,1,"T","T","grimc101","broom101","T","T",0,0,0,0,0,0,0,0,0,"","","",0,0,0,0,0,0,0,0,0,0,0,0,0,"","F","F","F","F",0,0,0,0,0,0,0,0,0,0,F,F,"1925PHI.EVN.regular.event.csv",4185
"PHI192508270","CHN",2,0,0,0,0,"",0,3,"grimc101","?","grimc101","?","carlh101","?","carlh101","?","wilsj105","fonsl101","fribb101","hubec101","sandh101","harpg101","leacf101","willc103","jahna101","","","63.1-2","F","F",3,5,2,"T","T",0,"F","F",1,"F","F",0,"F","F",6,"G","F","F","",0,0,"N",0,"N",0,"N",0,2,0,0,"63","","","","F","F","F","F","F","F","F","F","F","carlh101","","","F","F","F","F","F","","","","",0,3,0,0,6,0,0,0,0,14,"PHI","CHN","PHI",0,"F","F",0,3,0,4,1,"T","F",1,2,"T","T","broom101","pittp101","T","T",7,4,13,0,0,0,0,0,0,"wilsj105","","",0,0,0,0,0,0,0,0,0,0,0,0,0,"sandh101","F","F","F","F",0,0,0,0,0,0,0,0,0,0,F,F,"1925PHI.EVN.regular.event.csv",4186
"PHI192508270","CHN",2,0,1,0,0,"",0,3,"broom101","?","broom101","?","carlh101","?","carlh101","?","wilsj105","fonsl101","fribb101","hubec101","sandh101","harpg101","leacf101","willc103","","jahna101","","63.2-3","F","F",8,6,2,"T","T",0,"F","F",1,"F","F",0,"F","F",6,"G","F","F","",0,0,"N",0,"N",0,"N",0,0,3,0,"63","","","","F","F","F","F","F","F","F","F","F","","carlh101","","F","F","F","F","F","","","","",0,3,0,0,6,0,0,0,0,15,"PHI","CHN","PHI",0,"F","F",0,3,0,5,2,"T","F",2,4,"T","T","pittp101","hartg103","T","T",0,0,0,7,4,13,0,0,0,"","wilsj105","",0,0,0,0,0,0,0,0,0,0,0,0,0,"sandh101","F","F","F","F",0,0,0,0,0,0,0,0,0,0,F,F,"1925PHI.EVN.regular.event.csv",4187
"PHI192508270","CHN",2,0,2,0,0,"",0,3,"pittp101","?","pittp101","?","carlh101","?","carlh101","?","wilsj105","fonsl101","fribb101","hubec101","sandh101","harpg101","leacf101","willc103","","","jahna101","53","F","F",6,7,2,"T","T",0,"F","F",1,"F","F",0,"F","F",5,"G","F","F","",0,0,"N",0,"N",0,"N",0,0,0,3,"53","","","","F","F","F","F","F","F","F","F","F","","","carlh101","F","F","F","F","F","","","","",0,3,0,0,5,0,0,0,0,16,"PHI","CHN","PHI",0,"F","T",0,3,0,6,3,"T","F",4,4,"T","T","hartg103","blaks101","T","T",0,0,0,0,0,0,7,4,13,"","","wilsj105",0,0,0,0,0,0,0,0,0,0,0,0,0,"hubec101","F","F","F","F",0,0,0,0,0,0,0,0,0,0,F,F,"1925PHI.EVN.regular.event.csv",4188
"PHI192508270","CHN",2,1,0,0,0,"",0,3,"sandh101","?","sandh101","?","blaks101","?","blaks101","?","hartg103","grimc101","adams101","freih101","pittp101","jahna101","broom101","heatc101","","","","13","T","F",6,1,2,"T","T",0,"F","F",1,"F","F",0,"F","F",1,"G","F","F","",0,0,"N",0,"N",0,"N",0,0,0,0,"13","","","","F","F","F","F","F","F","F","F","F","","","","F","F","F","F","F","","","","",0,3,0,0,1,0,0,0,0,17,"PHI","PHI","CHN",1,"T","F",3,0,0,9,0,"T","F",0,0,"T","T","leacf101","willc103","T","T",0,0,0,0,0,0,0,0,0,"","","",0,0,0,0,0,0,0,0,0,0,0,0,0,"blaks101","F","F","F","F",0,0,0,0,0,0,0,0,0,0,F,F,"1925PHI.EVN.regular.event.csv",4189
"PHI192508270","CHN",2,1,1,0,0,"",0,3,"leacf101","?","leacf101","?","blaks101","?","blaks101","?","hartg103","grimc101","adams101","freih101","pittp101","jahna101","broom101","heatc101","","","","53","F","F",8,2,2,"T","T",0,"F","F",1,"F","F",0,"F","F",5,"G","F","F","",0,0,"N",0,"N",0,"N",0,0,0,0,"53","","","","F","F","F","F","F","F","F","F","F","","","","F","F","F","F","F","","","","",0,3,0,0,5,0,0,0,0,18,"PHI","PHI","CHN",1,"F","F",3,0,0,10,1,"T","F",0,0,"T","T","willc103","harpg101","T","T",0,0,0,0,0,0,0,0,0,"","","",0,0,0,0,0,0,0,0,0,0,0,0,0,"freih101","F","F","F","F",0,0,0,0,0,0,0,0,0,0,F,F,"1925PHI.EVN.regular.event.csv",4190
"PHI192508270","CHN",2,1,2,0,0,"",0,3,"willc103","?","willc103","?","blaks101","?","blaks101","?","hartg103","grimc101","adams101","freih101","pittp101","jahna101","broom101","heatc101","","","","63","F","F",9,3,2,"T","T",0,"F","F",1,"F","F",0,"F","F",6,"G","F","F","",0,0,"N",0,"N",0,"N",0,0,0,0,"63","","","","F","F","F","F","F","F","F","F","F","","","","F","F","F","F","F","","","","",0,3,0,0,6,0,0,0,0,19,"PHI","PHI","CHN",1,"F","T",3,0,0,11,2,"T","F",0,0,"T","T","harpg101","fonsl101","T","T",0,0,0,0,0,0,0,0,0,"","","",0,0,0,0,0,0,0,0,0,0,0,0,0,"pittp101","F","F","F","F",0,0,0,0,0,0,0,0,0,0,F,F,"1925PHI.EVN.regular.event.csv",4191
"PHI192508270","CHN",3,0,0,0,0,"",0,3,"hartg103","?","hartg103","?","carlh101","?","carlh101","?","wilsj105","fonsl101","fribb101","hubec101","sandh101","harpg101","leacf101","willc103","","","","K","T","F",2,8,3,"T","T",0,"F","F",1,"F","F",0,"F","F",0,"","F","F","",0,0,"N",0,"N",0,"N",0,0,0,0,"2","","","","F","F","F","F","F","F","F","F","F","","","","F","F","F","F","F","","","","",0,2,0,0,0,0,0,0,0,20,"PHI","CHN","PHI",0,"T","F",0,3,0,7,0,"T","F",0,0,"T","T","blaks101","adams101","T","T",0,0,0,0,0,0,0,0,0,"","","",0,0,0,0,0,0,0,0,0,0,0,0,0,"","F","F","F","F",0,0,0,0,0,0,0,0,0,0,F,F,"1925PHI.EVN.regular.event.csv",4192
"PHI192508270","CHN",3,0,1,0,0,"",0,3,"blaks101","?","blaks101","?","carlh101","?","carlh101","?","wilsj105","fonsl101","fribb101","hubec101","sandh101","harpg101","leacf101","willc103","","","","S5/G","F","F",1,9,20,"T","T",1,"F","F",0,"F","F",0,"F","F",5,"G","F","F","",0,0,"N",0,"N",0,"N",1,0,0,0,"","","","","F","F","F","F","F","F","F","F","F","","","","F","F","F","F","F","","","","",0,0,0,0,0,0,0,0,0,21,"PHI","CHN","PHI",0,"F","F",0,3,0,8,1,"T","F",0,1,"T","T","adams101","heatc101","T","T",0,0,0,0,0,0,0,0,0,"","","",0,0,0,0,0,0,0,0,0,0,0,0,0,"hubec101","F","F","F","F",0,0,0,0,0,0,0,0,0,0,F,F,"1925PHI.EVN.regular.event.csv",4193
"PHI192508270","CHN",3,0,1,0,0,"",0,3,"adams101","?","adams101","?","carlh101","?","carlh101","?","wilsj105","fonsl101","fribb101","hubec101","sandh101","harpg101","leacf101","willc103","blaks101","","","S9.1-3","F","F",4,1,20,"T","T",1,"F","F",0,"F","F",0,"F","F",9,"","F","F","",0,0,"N",0,"N",0,"N",1,3,0,0,"","","","","F","F","F","F","F","F","F","F","F","carlh101","","","F","F","F","F","F","","","","",0,0,0,0,0,0,0,0,0,22,"PHI","CHN","PHI",0,"F","F",0,3,0,9,2,"T","F",1,5,"T","T","heatc101","freih101","T","T",1,9,21,0,0,0,0,0,0,"wilsj105","","",0,0,0,0,0,0,0,0,0,0,0,0,0,"willc103","F","F","F","F",0,0,0,0,0,0,0,0,0,0,F,F,"1925PHI.EVN.regular.event.csv",4194
"PHI192508270","CHN",3,0,1,0,0,"",0,3,"heatc101","?","heatc101","?","carlh101","?","carlh101","?","wilsj105","fonsl101","fribb101","hubec101","sandh101","harpg101","leacf101","willc103","adams101","","blaks101","46(1)3/GDP","F","F",9,2,2,"T","T",0,"F","F",2,"T","F",0,"F","F",4,"G","F","F","",0,0,"N",0,"N",0,"N",0,0,0,3,"63","46","","","F","F","F","F","F","F","F","F","F","carlh101","","carlh101","F","F","F","F","F","","","","",0,6,3,0,4,6,0,0,0,23,"PHI","CHN","PHI",0,"F","T",0,3,0,10,3,"T","F",5,4,"T","T","freih101","jahna101","T","T",4,1,22,0,0,0,1,9,21,"wilsj105","","wilsj105",0,0,0,0,0,0,0,0,0,0,0,0,0,"fribb101","T","F","F","F",0,0,0,0,0,0,0,0,0,0,F,F,"1925PHI.EVN.regular.event.csv",4195
"PHI192508270","CHN",3,1,0,0,0,"",0,3,"harpg101","?","harpg101","?","blaks101","?","blaks101","?","hartg103","grimc101","adams101","freih101","pittp101","jahna101","broom101","heatc101","","","","9/F","T","F",7,4,2,"T","T",0,"F","F",1,"F","F",0,"F","F",9,"F","F","F","",0,0,"N",0,"N",0,"N",0,0,0,0,"9","","","","F","F","F","F","F","F","F","F","F","","","","F","F","F","F","F","","","","",0,9,0,0,0,0,0,0,0,24,"PHI","PHI","CHN",1,"T","F",3,0,0,12,0,"T","F",0,0,"T","T","fonsl101","hubec101","T","T",0,0,0,0,0,0,0,0,0,"","","",0,0,0,0,0,0,0,0,0,0,0,0,0,"heatc101","F","F","F","F",0,0,0,0,0,0,0,0,0,0,F,F,"1925PHI.EVN.regular.event.csv",4196
"PHI192508270","CHN",3,1,1,0,0,"",0,3,"fonsl101","?","fonsl101","?","blaks101","?","blaks101","?","hartg103","grimc101","adams101","freih101","pittp101","jahna101","broom101","heatc101","","","","53","F","F",3,5,2,"T","T",0,"F","F",1,"F","F",0,"F","F",5,"G","F","F","",0,0,"N",0,"N",0,"N",0,0,0,0,"53","","","","F","F","F","F","F","F","F","F","F","","","","F","F","F","F","F","","","","",0,3,0,0,5,0,0,0,0,25,"PHI","PHI","CHN",1,"F","F",3,0,0,13,1,"T","F",0,0,"T","T","hubec101","fribb101","T","T",0,0,0,0,0,0,0,0,0,"","","",0,0,0,0,0,0,0,0,0,0,0,0,0,"freih101","F","F","F","F",0,0,0,0,0,0,0,0,0,0,F,F,"1925PHI.EVN.regular.event.csv",4197
"PHI192508270","CHN",3,1,2,0,0,"",0,3,"hubec101","?","hubec101","?","blaks101","?","blaks101","?","hartg103","grimc101","adams101","freih101","pittp101","jahna101","broom101","heatc101","","","","W","F","F",5,6,14,"T","F",0,"F","F",0,"F","F",0,"F","F",0,"","F","F","",0,0,"N",0,"N",0,"N",1,0,0,0,"","","","","F","F","F","F","F","F","F","F","F","","","","F","F","F","F","F","","","","",0,0,0,0,0,0,0,0,0,26,"PHI","PHI","CHN",1,"F","F",3,0,0,14,2,"T","F",0,1,"T","T","fribb101","wilsj105","T","T",0,0,0,0,0,0,0,0,0,"","","",0,0,0,0,0,0,0,0,0,0,0,0,0,"","F","F","F","F",0,0,0,0,0,0,0,0,0,0,F,F,"1925PHI.EVN.regular.event.csv",4198
"PHI192508270","CHN",3,1,2,0,0,"",0,3,"fribb101","?","fribb101","?","blaks101","?","blaks101","?","hartg103","grimc101","adams101","freih101","pittp101","jahna101","broom101","heatc101","hubec101","","","K/C","F","F",4,7,3,"T","T",0,"F","F",1,"F","F",0,"F","F",0,"","F","F","",0,0,"N",0,"N",0,"N",0,1,0,0,"2","","","","F","F","F","F","F","F","F","F","F","blaks101","","","F","F","F","F","F","","","","",0,2,0,0,0,0,0,0,0,27,"PHI","PHI","CHN",1,"F","T",3,0,0,15,3,"T","F",1,1,"T","T","wilsj105","carlh101","T","T",5,6,26,0,0,0,0,0,0,"hartg103","","",0,0,0,0,0,0,0,0,0,0,0,0,0,"","F","F","F","F",0,0,0,0,0,0,0,0,0,0,F,F,"1925PHI.EVN.regular.event.csv",4199
"PHI192508270","CHN",4,0,0,0,0,"",0,3,"freih101","?","freih101","?","carlh101","?","carlh101","?","wilsj105","fonsl101","fribb101","hubec101","sandh101","harpg101","leacf101","willc103","","","","S9.BX2(94)","T","F",5,3,20,"T","T",1,"F","F",1,"F","F",0,"F","F",9,"","F","F","",0,0,"N",0,"N",0,"N",0,0,0,0,"94","","","","F","F","F","F","F","F","F","F","F","","","","F","F","F","F","F","","","","",0,4,0,0,9,0,0,0,0,28,"PHI","CHN","PHI",0,"T","F",0,3,0,11,0,"T","F",0,0,"T","T","jahna101","grimc101","T","T",0,0,0,0,0,0,0,0,0,"","","",0,0,0,0,0,0,0,0,0,0,0,0,0,"willc103","F","F","F","F",0,0,0,0,0,0,0,0,0,0,F,F,"1925PHI.EVN.regular.event.csv",4200
"PHI192508270","CHN",4,0,1,0,0,"",0,3,"jahna101","?","jahna101","?","carlh101","?","carlh101","?","wilsj105","fonsl101","fribb101","hubec101","sandh101","harpg101","leacf101","willc103","","","","2/FL","F","F",7,4,2,"T","T",0,"F","F",1,"F","F",0,"F","F",2,"F","F","T","",0,0,"N",0,"N",0,"N",0,0,0,0,"2","","","","F","F","F","F","F","F","F","F","F","","","","F","F","F","F","F","","","","",0,2,0,0,0,0,0,0,0,29,"PHI","CHN","PHI",0,"F","F",0,3,0,12,1,"T","F",0,0,"T","T","grimc101","broom101","T","T",0,0,0,0,0,0,0,0,0,"","","",0,0,0,0,0,0,0,0,0,0,0,0,0,"wilsj105","F","F","F","F",0,0,0,0,0,0,0,0,0,0,F,F,"1925PHI.EVN.regular.event.csv",4201
"PHI192508270","CHN",4,0,2,0,0,"",0,3,"grimc101","?","grimc101","?","carlh101","?","carlh101","?","wilsj105","fonsl101","fribb101","hubec101","sandh101","harpg101","leacf101","willc103","","","","7/F","F","F",3,5,2,"T","T",0,"F","F",1,"F","F",0,"F","F",7,"F","F","F","",0,0,"N",0,"N",0,"N",0,0,0,0,"7","","","","F","F","F","F","F","F","F","F","F","","","","F","F","F","F","F","","","","",0,7,0,0,0,0,0,0,0,30,"PHI","CHN","PHI",0,"F","T",0,3,0,13,2,"T","F",0,0,"T","T","broom101","pittp101","T","T",0,0,0,0,0,0,0,0,0,"","","",0,0,0,0,0,0,0,0,0,0,0,0,0,"harpg101","F","F","F","F",0,0,0,0,0,0,0,0,0,0,F,F,"1925PHI.EVN.regular.event.csv",4202
"PHI192508270","CHN",4,1,0,0,0,"",0,3,"wilsj105","?","wilsj105","?","blaks101","?","blaks101","?","hartg103","grimc101","adams101","freih101","pittp101","jahna101","broom101","heatc101","","","","63","T","F",2,8,2,"T","T",0,"F","F",1,"F","F",0,"F","F",6,"G","F","F","",0,0,"N",0,"N",0,"N",0,0,0,0,"63","","","","F","F","F","F","F","F","F","F","F","","","","F","F","F","F","F","","","","",0,3,0,0,6,0,0,0,0,31,"PHI","PHI","CHN",1,"T","F",3,0,0,16,0,"T","F",0,0,"T","T","carlh101","sandh101","T","T",0,0,0,0,0,0,0,0,0,"","","",0,0,0,0,0,0,0,0,0,0,0,0,0,"pittp101","F","F","F","F",0,0,0,0,0,0,0,0,0,0,F,F,"1925PHI.EVN.regular.event.csv",4203
"PHI192508270","CHN",4,1,1,0,0,"",0,3,"carlh101","?","carlh101","?","blaks101","?","blaks101","?","hartg103","grimc101","adams101","freih101","pittp101","jahna101","broom101","heatc101","","","","D9/9L","F","F",1,9,21,"T","T",2,"F","F",0,"F","F",0,"F","F",9,"","F","F","9L",0,0,"N",0,"N",0,"N",2,0,0,0,"","","","","F","F","F","F","F","F","F","F","F","","","","F","F","F","F","F","","","","",0,0,0,0,0,0,0,0,0,32,"PHI","PHI","CHN",1,"F","F",3,0,0,17,1,"T","F",0,2,"T","T","sandh101","leacf101","T","T",0,0,0,0,0,0,0,0,0,"","","",0,0,0,0,0,0,0,0,0,0,0,0,0,"heatc101","F","F","F","F",0,0,0,0,0,0,0,0,0,0,F,F,"1925PHI.EVN.regular.event.csv",4204
"PHI192508270","CHN",4,1,1,0,0,"",0,3,"sandh101","?","sandh101","?","blaks101","?","blaks101","?","hartg103","grimc101","adams101","freih101","pittp101","jahna101","broom101","heatc101","","carlh101","","43.2-3","F","F",6,1,2,"T","T",0,"F","F",1,"F","F",0,"F","F",4,"G","F","F","",0,0,"N",0,"N",0,"N",0,0,3,0,"43","","","","F","F","F","F","F","F","F","F","F","","blaks101","","F","F","F","F","F","","","","",0,3,0,0,4,0,0,0,0,33,"PHI","PHI","CHN",1,"F","F",3,0,0,18,2,"T","F",2,4,"T","T","leacf101","willc103","T","T",0,0,0,1,9,32,0,0,0,"","hartg103","",0,0,0,0,0,0,0,0,0,0,0,0,0,"adams101","F","F","F","F",0,0,0,0,0,0,0,0,0,0,F,F,"1925PHI.EVN.regular.event.csv",4205
"PHI192508270","CHN",4,1,2,0,0,"",0,3,"leacf101","?","leacf101","?","blaks101","?","blaks101","?","hartg103","grimc101","adams101","freih101","pittp101","jahna101","broom101","heatc101","","","carlh101","63","F","F",8,2,2,"T","T",0,"F","F",1,"F","F",0,"F","F",6,"G","F","F","",0,0,"N",0,"N",0,"N",0,0,0,3,"63","","","","F","F","F","F","F","F","F","F","F","","","blaks101","F","F","F","F","F","","","","",0,3,0,0,6,0,0,0,0,34,"PHI","PHI","CHN",1,"F","T",3,0,0,19,3,"T","F",4,4,"T","T","willc103","harpg101","T","T",0,0,0,0,0,0,1,9,32,"","","hartg103",0,0,0,0,0,0,0,0,0,0,0,0,0,"pittp101","F","F","F","F",0,0,0,0,0,0,0,0,0,0,F,F,"1925PHI.EVN.regular.event.csv",4206
"PHI192508270","CHN",5,0,0,0,0,"",0,3,"broom101","?","broom101","?","carlh101","?","carlh101","?","wilsj105","fonsl101","fribb101","hubec101","sandh101","harpg101","leacf101","willc103","","","","9/F","T","F",8,6,2,"T","T",0,"F","F",1,"F","F",0,"F","F",9,"F","F","F","",0,0,"N",0,"N",0,"N",0,0,0,0,"9","","","","F","F","F","F","F","F","F","F","F","","","","F","F","F","F","F","","","","",0,9,0,0,0,0,0,0,0,35,"PHI","CHN","PHI",0,"T","F",0,3,0,14,0,"T","F",0,0,"T","T","pittp101","hartg103","T","T",0,0,0,0,0,0,0,0,0,"","","",0,0,0,0,0,0,0,0,0,0,0,0,0,"willc103","F","F","F","F",0,0,0,0,0,0,0,0,0,0,F,F,"1925PHI.EVN.regular.event.csv",4207
"PHI192508270","CHN",5,0,1,0,0,"",0,3,"pittp101","?","pittp101","?","carlh101","?","carlh101","?","wilsj105","fonsl101","fribb101","hubec101","sandh101","harpg101","leacf101","willc103","","","","43","F","F",6,7,2,"T","T",0,"F","F",1,"F","F",0,"F","F",4,"G","F","F","",0,0,"N",0,"N",0,"N",0,0,0,0,"43","","","","F","F","F","F","F","F","F","F","F","","","","F","F","F","F","F","","","","",0,3,0,0,4,0,0,0,0,36,"PHI","CHN","PHI",0,"F","F",0,3,0,15,1,"T","F",0,0,"T","T","hartg103","blaks101","T","T",0,0,0,0,0,0,0,0,0,"","","",0,0,0,0,0,0,0,0,0,0,0,0,0,"fribb101","F","F","F","F",0,0,0,0,0,0,0,0,0,0,F,F,"1925PHI.EVN.regular.event.csv",4208
"PHI192508270","CHN",5,0,2,0,0,"",0,3,"hartg103","?","hartg103","?","carlh101","?","carlh101","?","wilsj105","fonsl101","fribb101","hubec101","sandh101","harpg101","leacf101","willc103","","","","S8","F","F",2,8,20,"T","T",1,"F","F",0,"F","F",0,"F","F",8,"","F","F","",0,0,"N",0,"N",0,"N",1,0,0,0,"","","","","F","F","F","F","F","F","F","F","F","","","","F","F","F","F","F","","","","",0,0,0,0,0,0,0,0,0,37,"PHI","CHN","PHI",0,"F","F",0,3,0,16,2,"T","F",0,1,"T","T","blaks101","adams101","T","T",0,0,0,0,0,0,0,0,0,"","","",0,0,0,0,0,0,0,0,0,0,0,0,0,"leacf101","F","F","F","F",0,0,0,0,0,0,0,0,0,0,F,F,"1925PHI.EVN.regular.event.csv",4209
"PHI192508270","CHN",5,0,2,0,0,"",0,3,"blaks101","?","blaks101","?","carlh101","?","carlh101","?","wilsj105","fonsl101","fribb101","hubec101","sandh101","harpg101","leacf101","willc103","hartg103","","","K","F","F",1,9,3,"T","T",0,"F","F",1,"F","F",0,"F","F",0,"","F","F","",0,0,"N",0,"N",0,"N",0,1,0,0,"2","","","","F","F","F","F","F","F","F","F","F","carlh101","","","F","F","F","F","F","","","","",0,2,0,0,0,0,0,0,0,38,"PHI","CHN","PHI",0,"F","T",0,3,0,17,3,"T","F",1,1,"T","T","adams101","heatc101","T","T",2,8,37,0,0,0,0,0,0,"wilsj105","","",0,0,0,0,0,0,0,0,0,0,0,0,0,"","F","F","F","F",0,0,0,0,0,0,0,0,0,0,F,F,"1925PHI.EVN.regular.event.csv",4210
"PHI192508270","CHN",5,1,0,0,0,"",0,3,"willc103","?","willc103","?","blaks101","?","blaks101","?","hartg103","grimc101","adams101","freih101","pittp101","jahna101","broom101","heatc101","","","","7/F","T","F",9,3,2,"T","T",0,"F","F",1,"F","F",0,"F","F",7,"F","F","F","",0,0,"N",0,"N",0,"N",0,0,0,0,"7","","","","F","F","F","F","F","F","F","F","F","","","","F","F","F","F","F","","","","",0,7,0,0,0,0,0,0,0,39,"PHI","PHI","CHN",1,"T","F",3,0,0,20,0,"T","F",0,0,"T","T","harpg101","fonsl101","T","T",0,0,0,0,0,0,0,0,0,"","","",0,0,0,0,0,0,0,0,0,0,0,0,0,"jahna101","F","F","F","F",0,0,0,0,0,0,0,0,0,0,F,F,"1925PHI.EVN.regular.event.csv",4211
"PHI192508270","CHN",5,1,1,0,0,"",0,3,"harpg101","?","harpg101","?","blaks101","?","blaks101","?","hartg103","grimc101","adams101","freih101","pittp101","jahna101","broom101","heatc101","","","","63","F","F",7,4,2,"T","T",0,"F","F",1,"F","F",0,"F","F",6,"G","F","F","",0,0,"N",0,"N",0,"N",0,0,0,0,"63","","","","F","F","F","F","F","F","F","F","F","","","","F","F","F","F","F","","","","",0,3,0,0,6,0,0,0,0,40,"PHI","PHI","CHN",1,"F","F",3,0,0,21,1,"T","F",0,0,"T","T","fonsl101","hubec101","T","T",0,0,0,0,0,0,0,0,0,"","","",0,0,0,0,0,0,0,0,0,0,0,0,0,"pittp101","F","F","F","F",0,0,0,0,0,0,0,0,0,0,F,F,"1925PHI.EVN.regular.event.csv",4212
"PHI192508270","CHN",5,1,2,0,0,"",0,3,"fonsl101","?","fonsl101","?","blaks101","?","blaks101","?","hartg103","grimc101","adams101","freih101","pittp101","jahna101","broom101","heatc101","","","","63","F","F",3,5,2,"T","T",0,"F","F",1,"F","F",0,"F","F",6,"G","F","F","",0,0,"N",0,"N",0,"N",0,0,0,0,"63","","","","F","F","F","F","F","F","F","F","F","","","","F","F","F","F","F","","","","",0,3,0,0,6,0,0,0,0,41,"PHI","PHI","CHN",1,"F","T",3,0,0,22,2,"T","F",0,0,"T","T","hubec101","fribb101","T","T",0,0,0,0,0,0,0,0,0,"","","",0,0,0,0,0,0,0,0,0,0,0,0,0,"pittp101","F","F","F","F",0,0,0,0,0,0,0,0,0,0,F,F,"1925PHI.EVN.regular.event.csv",4213
"PHI192508270","CHN",6,0,0,0,0,"",0,3,"adams101","?","adams101","?","carlh101","?","carlh101","?","wilsj105","fonsl101","fribb101","hubec101","sandh101","harpg101","leacf101","willc103","","","","9/L","T","F",4,1,2,"T","T",0,"F","F",1,"F","F",0,"F","F",9,"L","F","F","",0,0,"N",0,"N",0,"N",0,0,0,0,"9","","","","F","F","F","F","F","F","F","F","F","","","","F","F","F","F","F","","","","",0,9,0,0,0,0,0,0,0,42,"PHI","CHN","PHI",0,"T","F",0,3,0,18,0,"T","F",0,0,"T","T","heatc101","freih101","T","T",0,0,0,0,0,0,0,0,0,"","","",0,0,0,0,0,0,0,0,0,0,0,0,0,"willc103","F","F","F","F",0,0,0,0,0,0,0,0,0,0,F,F,"1925PHI.EVN.regular.event.csv",4214
"PHI192508270","CHN",6,0,1,0,0,"",0,3,"heatc101","?","heatc101","?","carlh101","?","carlh101","?","wilsj105","fonsl101","fribb101","hubec101","sandh101","harpg101","leacf101","willc103","","","","8/F8XD","F","F",9,2,2,"T","T",0,"F","F",1,"F","F",0,"F","F",8,"F","F","F","8XD",0,0,"N",0,"N",0,"N",0,0,0,0,"8","","","","F","F","F","F","F","F","F","F","F","","","","F","F","F","F","F","","","","",0,8,0,0,0,0,0,0,0,43,"PHI","CHN","PHI",0,"F","F",0,3,0,19,1,"T","F",0,0,"T","T","freih101","jahna101","T","T",0,0,0,0,0,0,0,0,0,"","","",0,0,0,0,0,0,0,0,0,0,0,0,0,"leacf101","F","F","F","F",0,0,0,0,0,0,0,0,0,0,F,F,"1925PHI.EVN.regular.event.csv",4215
"PHI192508270","CHN",6,0,2,0,0,"",0,3,"freih101","?","freih101","?","carlh101","?","carlh101","?","wilsj105","fonsl101","fribb101","hubec101","sandh101","harpg101","leacf101","willc103","","","","W","F","F",5,3,14,"T","F",0,"F","F",0,"F","F",0,"F","F",0,"","F","F","",0,0,"N",0,"N",0,"N",1,0,0,0,"","","","","F","F","F","F","F","F","F","F","F","","","","F","F","F","F","F","","","","",0,0,0,0,0,0,0,0,0,44,"PHI","CHN","PHI",0,"F","F",0,3,0,20,2,"T","F",0,1,"T","T","jahna101","grimc101","T","T",0,0,0,0,0,0,0,0,0,"","","",0,0,0,0,0,0,0,0,0,0,0,0,0,"","F","F","F","F",0,0,0,0,0,0,0,0,0,0,F,F,"1925PHI.EVN.regular.event.csv",4216
"PHI192508270","CHN",6,0,2,0,0,"",0,3,"jahna101","?","jahna101","?","carlh101","?","carlh101","?","wilsj105","fonsl101","fribb101","hubec101","sandh101","harpg101","leacf101","willc103","freih101","","","S8.1-2","F","F",7,4,20,"T","T",1,"F","F",0,"F","F",0,"F","F",8,"","F","F","",0,0,"N",0,"N",0,"N",1,2,0,0,"","","","","F","F","F","F","F","F","F","F","F","carlh101","","","F","F","F","F","F","","","","",0,0,0,0,0,0,0,0,0,45,"PHI","CHN","PHI",0,"F","F",0,3,0,21,3,"T","F",1,3,"T","T","grimc101","broom101","T","T",5,3,44,0,0,0,0,0,0,"wilsj105","","",0,0,0,0,0,0,0,0,0,0,0,0,0,"leacf101","F","F","F","F",0,0,0,0,0,0,0,0,0,0,F,F,"1925PHI.EVN.regular.event.csv",4217
"PHI192508270","CHN",6,0,2,0,0,"",0,3,"grimc101","?","grimc101","?","carlh101","?","carlh101","?","wilsj105","fonsl101","fribb101","hubec101","sandh101","harpg101","leacf101","willc103","jahna101","freih101","","5/FL","F","F",3,5,2,"T","T",0,"F","F",1,"F","F",0,"F","F",5,"F","F","T","",0,0,"N",0,"N",0,"N",0,1,2,0,"5","","","","F","F","F","F","F","F","F","F","F","carlh101","carlh101","","F","F","F","F","F","","","","",0,5,0,0,0,0,0,0,0,46,"PHI","CHN","PHI",0,"F","T",0,3,0,22,4,"T","F",3,3,"T","T","broom101","pittp101","T","T",7,4,45,5,3,44,0,0,0,"wilsj105","wilsj105","",0,0,0,0,0,0,0,0,0,0,0,0,0,"hubec101","F","F","F","F",0,0,0,0,0,0,0,0,0,0,F,F,"1925PHI.EVN.regular.event.csv",4218
"PHI192508270","CHN",6,1,0,0,0,"",0,3,"hubec101","?","hubec101","?","blaks101","?","blaks101","?","hartg103","grimc101","adams101","freih101","pittp101","jahna101","broom101","heatc101","","","","S6/G","T","F",5,6,20,"T","T",1,"F","F",0,"F","F",0,"F","F",6,"G","F","F","",0,0,"N",0,"N",0,"N",1,0,0,0,"","","","","F","F","F","F","F","F","F","F","F","","","","F","F","F","F","F","","","","",0,0,0,0,0,0,0,0,0,47,"PHI","PHI","CHN",1,"T","F",3,0,0,23,0,"T","F",0,1,"T","T","fribb101","wilsj105","T","T",0,0,0,0,0,0,0,0,0,"","","",0,0,0,0,0,0,0,0,0,0,0,0,0,"pittp101","F","F","F","F",4,0,0,0,1,0,0,0,0,0,F,F,"1925PHI.EVN.regular.event.csv",4219
"PHI192508270","CHN",6,1,0,0,0,"",0,3,"fribb101","?","fribb101","?","blaks101","?","blaks101","?","hartg103","grimc101","adams101","freih101","pittp101","jahna101","broom101","heatc101","hubec101","","","SB2","F","F",4,7,4,"F","F",0,"F","F",0,"F","F",0,"F","F",0,"","F","F","",0,0,"N",0,"N",0,"N",0,2,0,0,"","","","","T","F","F","F","F","F","F","F","F","blaks101","","","F","F","F","F","F","","","","",0,0,0,0,0,0,0,0,0,48,"PHI","PHI","CHN",1,"F","F",3,0,0,24,1,"T","F",1,2,"T","T","wilsj105","carlh101","T","T",5,6,47,0,0,0,0,0,0,"hartg103","","",0,0,0,0,0,0,0,0,0,0,0,0,0,"","F","F","F","F",0,4,0,0,1,0,0,0,0,0,F,F,"1925PHI.EVN.regular.event.csv",4220
"PHI192508270","CHN",6,1,0,0,0,"",0,3,"fribb101","?","fribb101","?","blaks101","?","blaks101","?","hartg103","grimc101","adams101","freih101","pittp101","jahna101","broom101","heatc101","","hubec101","","54/SH.2-3","F","F",4,7,2,"T","F",0,"T","F",1,"F","F",0,"F","F",5,"G","T","F","",0,0,"N",0,"N",0,"N",0,0,3,0,"54","","","","F","F","F","F","F","F","F","F","F","","blaks101","","F","F","F","F","F","","","","",0,4,0,0,5,0,0,0,0,49,"PHI","PHI","CHN",1,"F","F",3,0,0,24,1,"F","F",2,4,"T","T","wilsj105","carlh101","T","T",0,0,0,5,6,47,0,0,0,"","hartg103","",0,0,0,0,0,0,0,0,0,0,0,0,0,"freih101","F","F","F","F",0,0,4,0,1,0,0,0,0,0,F,F,"1925PHI.EVN.regular.event.csv",4221
"PHI192508270","CHN",6,1,1,0,0,"",0,3,"wilsj105","?","wilsj105","?","blaks101","?","blaks101","?","hartg103","grimc101","adams101","freih101","pittp101","jahna101","broom101","heatc101","","","hubec101","W","F","F",2,8,14,"T","F",0,"F","F",0,"F","F",0,"F","F",0,"","F","F","",0,0,"N",0,"N",0,"N",1,0,0,3,"","","","","F","F","F","F","F","F","F","F","F","","","blaks101","F","F","F","F","F","","","","",0,0,0,0,0,0,0,0,0,50,"PHI","PHI","CHN",1,"F","F",3,0,0,25,2,"T","F",4,5,"T","T","carlh101","sandh101","T","T",0,0,0,0,0,0,5,6,47,"","","hartg103",0,0,0,0,0,0,0,0,0,0,0,0,0,"","F","F","F","F",0,0,0,4,1,0,0,0,0,0,F,F,"1925PHI.EVN.regular.event.csv",4222
"PHI192508270","CHN",6,1,1,0,0,"",0,3,"carlh101","?","carlh101","?","blaks101","?","blaks101","?","hartg103","grimc101","adams101","freih101","pittp101","jahna101","broom101","heatc101","wilsj105","","hubec101","43/G.3-H;1-2","F","F",1,9,2,"T","T",0,"F","F",1,"F","F",1,"F","F",4,"G","F","F","",0,0,"N",0,"N",0,"N",0,2,0,4,"43","","","","F","F","F","F","F","F","F","F","F","blaks101","","blaks101","F","F","F","F","F","","","","",0,3,0,0,4,0,0,0,0,51,"PHI","PHI","CHN",1,"F","F",3,0,0,26,3,"T","F",5,2,"T","T","sandh101","leacf101","T","T",2,8,50,0,0,0,5,6,47,"hartg103","","hartg103",0,0,0,0,0,0,0,0,0,0,0,0,1,"adams101","F","F","F","F",0,0,0,4,0,0,0,0,0,0,F,F,"1925PHI.EVN.regular.event.csv",4223
"PHI192508270","CHN",6,1,2,0,0,"",0,4,"sandh101","?","sandh101","?","blaks101","?","blaks101","?","hartg103","grimc101","adams101","freih101","pittp101","jahna101","broom101","heatc101","","wilsj105","","31","F","F",6,1,2,"T","T",0,"F","F",1,"F","F",0,"F","F",3,"G","F","F","",0,0,"N",0,"N",0,"N",0,0,2,0,"31","","","","F","F","F","F","F","F","F","F","F","","blaks101","","F","F","F","F","F","","","","",0,1,0,0,3,0,0,0,0,52,"PHI","PHI","CHN",1,"F","T",4,0,1,27,4,"T","F",2,2,"T","T","leacf101","willc103","T","T",0,0,0,2,8,50,0,0,0,"","hartg103","",0,0,0,0,0,0,0,0,0,0,0,0,0,"grimc101","F","F","F","F",0,0,0,0,0,0,0,0,0,0,F,F,"1925PHI.EVN.regular.event.csv",4224
"PHI192508270","CHN",7,0,0,0,0,"",0,4,"broom101","?","broom101","?","carlh101","?","carlh101","?","wilsj105","fonsl101","fribb101","hubec101","sandh101","harpg101","leacf101","willc103","","","","13","T","F",8,6,2,"T","T",0,"F","F",1,"F","F",0,"F","F",1,"G","F","F","",0,0,"N",0,"N",0,"N",0,0,0,0,"13","","","","F","F","F","F","F","F","F","F","F","","","","F","F","F","F","F","","","","",0,3,0,0,1,0,0,0,0,53,"PHI","CHN","PHI",0,"T","F",0,4,0,23,0,"T","F",0,0,"T","T","pittp101","hartg103","T","T",0,0,0,0,0,0,0,0,0,"","","",0,0,0,0,0,0,0,0,0,0,0,0,0,"carlh101","F","F","F","F",0,0,0,0,0,0,0,0,0,0,F,F,"1925PHI.EVN.regular.event.csv",4225
"PHI192508270","CHN",7,0,1,0,0,"",0,4,"pittp101","?","pittp101","?","carlh101","?","carlh101","?","wilsj105","fonsl101","fribb101","hubec101","sandh101","harpg101","leacf101","willc103","","","","2/FL","F","F",6,7,2,"T","T",0,"F","F",1,"F","F",0,"F","F",2,"F","F","T","",0,0,"N",0,"N",0,"N",0,0,0,0,"2","","","","F","F","F","F","F","F","F","F","F","","","","F","F","F","F","F","","","","",0,2,0,0,0,0,0,0,0,54,"PHI","CHN","PHI",0,"F","F",0,4,0,24,1,"T","F",0,0,"T","T","hartg103","blaks101","T","T",0,0,0,0,0,0,0,0,0,"","","",0,0,0,0,0,0,0,0,0,0,0,0,0,"wilsj105","F","F","F","F",0,0,0,0,0,0,0,0,0,0,F,F,"1925PHI.EVN.regular.event.csv",4226
"PHI192508270","CHN",7,0,2,0,0,"",0,4,"hartg103","?","hartg103","?","carlh101","?","carlh101","?","wilsj105","fonsl101","fribb101","hubec101","sandh101","harpg101","leacf101","willc103","","","","3/FL","F","F",2,8,2,"T","T",0,"F","F",1,"F","F",0,"F","F",3,"F","F","T","",0,0,"N",0,"N",0,"N",0,0,0,0,"3","","","","F","F","F","F","F","F","F","F","F","","","","F","F","F","F","F","","","","",0,3,0,0,0,0,0,0,0,55,"PHI","CHN","PHI",0,"F","T",0,4,0,25,2,"T","F",0,0,"T","T","blaks101","adams101","T","T",0,0,0,0,0,0,0,0,0,"","","",0,0,0,0,0,0,0,0,0,0,0,0,0,"fonsl101","F","F","F","F",0,0,0,0,0,0,0,0,0,0,F,F,"1925PHI.EVN.regular.event.csv",4227
"PHI192508270","CHN",7,1,0,0,0,"",0,4,"leacf101","?","leacf101","?","blaks101","?","blaks101","?","hartg103","grimc101","adams101","freih101","pittp101","jahna101","broom101","heatc101","","","","43","T","F",8,2,2,"T","T",0,"F","F",1,"F","F",0,"F","F",4,"G","F","F","",0,0,"N",0,"N",0,"N",0,0,0,0,"43","","","","F","F","F","F","F","F","F","F","F","","","","F","F","F","F","F","","","","",0,3,0,0,4,0,0,0,0,56,"PHI","PHI","CHN",1,"T","F",4,0,0,28,0,"T","F",0,0,"T","T","willc103","harpg101","T","T",0,0,0,0,0,0,0,0,0,"","","",0,0,0,0,0,0,0,0,0,0,0,0,0,"adams101","F","F","F","F",0,0,0,0,0,0,0,0,0,0,F,F,"1925PHI.EVN.regular.event.csv",4228
"PHI192508270","CHN",7,1,1,0,0,"",0,4,"willc103","?","willc103","?","blaks101","?","blaks101","?","hartg103","grimc101","adams101","freih101","pittp101","jahna101","broom101","heatc101","","","","31","F","F",9,3,2,"T","T",0,"F","F",1,"F","F",0,"F","F",3,"G","F","F","",0,0,"N",0,"N",0,"N",0,0,0,0,"31","","","","F","F","F","F","F","F","F","F","F","","","","F","F","F","F","F","","","","",0,1,0,0,3,0,0,0,0,57,"PHI","PHI","CHN",1,"F","F",4,0,0,29,1,"T","F",0,0,"T","T","harpg101","fonsl101","T","T",0,0,0,0,0,0,0,0,0,"","","",0,0,0,0,0,0,0,0,0,0,0,0,0,"grimc101","F","F","F","F",0,0,0,0,0,0,0,0,0,0,F,F,"1925PHI.EVN.regular.event.csv",4229
"PHI192508270","CHN",7,1,2,0,0,"",0,4,"harpg101","?","harpg101","?","blaks101","?","blaks101","?","hartg103","grimc101","adams101","freih101","pittp101","jahna101","broom101","heatc101","","","","43","F","F",7,4,2,"T","T",0,"F","F",1,"F","F",0,"F","F",4,"G","F","F","",0,0,"N",0,"N",0,"N",0,0,0,0,"43","","","","F","F","F","F","F","F","F","F","F","","","","F","F","F","F","F","","","","",0,3,0,0,4,0,0,0,0,58,"PHI","PHI","CHN",1,"F","T",4,0,0,30,2,"T","F",0,0,"T","T","fonsl101","hubec101","T","T",0,0,0,0,0,0,0,0,0,"","","",0,0,0,0,0,0,0,0,0,0,0,0,0,"adams101","F","F","F","F",0,0,0,0,0,0,0,0,0,0,F,F,"1925PHI.EVN.regular.event.csv",4230
"PHI192508270","CHN",8,0,0,0,0,"",0,4,"blaks101","?","blaks101","?","carlh101","?","carlh101","?","wilsj105","fonsl101","fribb101","hubec101","sandh101","harpg101","leacf101","willc103","","","","K/C","T","F",1,9,3,"T","T",0,"F","F",1,"F","F",0,"F","F",0,"","F","F","",0,0,"N",0,"N",0,"N",0,0,0,0,"2","","","","F","F","F","F","F","F","F","F","F","","","","F","F","F","F","F","","","","",0,2,0,0,0,0,0,0,0,59,"PHI","CHN","PHI",0,"T","F",0,4,0,26,0,"T","F",0,0,"T","T","adams101","heatc101","T","T",0,0,0,0,0,0,0,0,0,"","","",0,0,0,0,0,0,0,0,0,0,0,0,0,"","F","F","F","F",0,0,0,0,0,0,0,0,0,0,F,F,"1925PHI.EVN.regular.event.csv",4231
"PHI192508270","CHN",8,0,1,0,0,"",0,4,"adams101","?","adams101","?","carlh101","?","carlh101","?","wilsj105","fonsl101","fribb101","hubec101","sandh101","harpg101","leacf101","willc103","","","","53","F","F",4,1,2,"T","T",0,"F","F",1,"F","F",0,"F","F",5,"G","F","F","",0,0,"N",0,"N",0,"N",0,0,0,0,"53","","","","F","F","F","F","F","F","F","F","F","","","","F","F","F","F","F","","","","",0,3,0,0,5,0,0,0,0,60,"PHI","CHN","PHI",0,"F","F",0,4,0,27,1,"T","F",0,0,"T","T","heatc101","freih101","T","T",0,0,0,0,0,0,0,0,0,"","","",0,0,0,0,0,0,0,0,0,0,0,0,0,"hubec101","F","F","F","F",0,0,0,0,0,0,0,0,0,0,F,F,"1925PHI.EVN.regular.event.csv",4232
"PHI192508270","CHN",8,0,2,0,0,"",0,4,"heatc101","?","heatc101","?","carlh101","?","carlh101","?","wilsj105","fonsl101","fribb101","hubec101","sandh101","harpg101","leacf101","willc103","","","","W","F","F",9,2,14,"T","F",0,"F","F",0,"F","F",0,"F","F",0,"","F","F","",0,0,"N",0,"N",0,"N",1,0,0,0,"","","","","F","F","F","F","F","F","F","F","F","","","","F","F","F","F","F","","","","",0,0,0,0,0,0,0,0,0,61,"PHI","CHN","PHI",0,"F","F",0,4,0,28,2,"T","F",0,1,"T","T","freih101","jahna101","T","T",0,0,0,0,0,0,0,0,0,"","","",0,0,0,0,0,0,0,0,0,0,0,0,0,"","F","F","F","F",0,0,0,0,0,0,0,0,0,0,F,F,"1925PHI.EVN.regular.event.csv",4233
"PHI192508270","CHN",8,0,2,0,0,"",0,4,"freih101","?","freih101","?","carlh101","?","carlh101","?","wilsj105","fonsl101","fribb101","hubec101","sandh101","harpg101","leacf101","willc103","heatc101","","","E6/G.1-2","F","F",5,3,18,"T","T",0,"F","F",0,"F","F",0,"F","F",6,"G","F","F","",1,6,"F",0,"N",0,"N",1,2,0,0,"","","","","F","F","F","F","F","F","F","F","F","carlh101","","","F","F","F","F","F","","","","",0,0,0,0,0,0,0,0,0,62,"PHI","CHN","PHI",0,"F","F",0,4,0,29,3,"T","F",1,3,"T","T","jahna101","grimc101","T","T",9,2,61,0,0,0,0,0,0,"wilsj105","","",0,0,0,0,0,0,0,0,0,0,0,0,0,"sandh101","F","F","F","T",0,0,0,0,0,0,0,0,0,0,F,F,"1925PHI.EVN.regular.event.csv",4234
"PHI192508270","CHN",8,0,2,0,0,"",0,4,"jahna101","?","jahna101","?","carlh101","?","carlh101","?","wilsj105","fonsl101","fribb101","hubec101","sandh101","harpg101","leacf101","willc103","freih101","heatc101","","9/L+","F","F",7,4,2,"T","T",0,"F","F",1,"F","F",0,"F","F",9,"L","F","F","",0,0,"N",0,"N",0,"N",0,1,2,0,"9","","","","F","F","F","F","F","F","F","F","F","carlh101","carlh101","","F","F","F","F","F","","","","",0,9,0,0,0,0,0,0,0,63,"PHI","CHN","PHI",0,"F","T",0,4,0,30,4,"T","F",3,3,"T","T","grimc101","broom101","T","T",5,3,62,9,2,61,0,0,0,"wilsj105","wilsj105","",0,0,0,0,0,0,0,0,0,0,0,0,0,"willc103","F","F","F","F",0,0,0,0,0,0,0,0,0,0,F,F,"1925PHI.EVN.regular.event.csv",4235
"PHI192508270","CHN",8,1,0,0,0,"",0,4,"fonsl101","?","fonsl101","?","blaks101","?","blaks101","?","hartg103","grimc101","adams101","freih101","pittp101","jahna101","broom101","heatc101","","","","K/C","T","F",3,5,3,"T","T",0,"F","F",1,"F","F",0,"F","F",0,"","F","F","",0,0,"N",0,"N",0,"N",0,0,0,0,"2","","","","F","F","F","F","F","F","F","F","F","","","","F","F","F","F","F","","","","",0,2,0,0,0,0,0,0,0,64,"PHI","PHI","CHN",1,"T","F",4,0,0,31,0,"T","F",0,0,"T","T","hubec101","fribb101","T","T",0,0,0,0,0,0,0,0,0,"","","",0,0,0,0,0,0,0,0,0,0,0,0,0,"","F","F","F","F",0,0,0,0,0,0,0,0,0,0,F,F,"1925PHI.EVN.regular.event.csv",4236
"PHI192508270","CHN",8,1,1,0,0,"",0,4,"hubec101","?","hubec101","?","blaks101","?","blaks101","?","hartg103","grimc101","adams101","freih101","pittp101","jahna101","broom101","heatc101","","","","3/G","F","F",5,6,2,"T","T",0,"F","F",1,"F","F",0,"F","F",3,"G","F","F","",0,0,"N",0,"N",0,"N",0,0,0,0,"3","","","","F","F","F","F","F","F","F","F","F","","","","F","F","F","F","F","","","","",0,3,0,0,0,0,0,0,0,65,"PHI","PHI","CHN",1,"F","F",4,0,0,32,1,"T","F",0,0,"T","T","fribb101","wilsj105","T","T",0,0,0,0,0,0,0,0,0,"","","",0,0,0,0,0,0,0,0,0,0,0,0,0,"grimc101","F","F","F","F",0,0,0,0,0,0,0,0,0,0,F,F,"1925PHI.EVN.regular.event.csv",4237
"PHI192508270","CHN",8,1,2,0,0,"",0,4,"fribb101","?","fribb101","?","blaks101","?","blaks101","?","hartg103","grimc101","adams101","freih101","pittp101","jahna101","broom101","heatc101","","","","13","F","F",4,7,2,"T","T",0,"F","F",1,"F","F",0,"F","F",1,"G","F","F","",0,0,"N",0,"N",0,"N",0,0,0,0,"13","","","","F","F","F","F","F","F","F","F","F","","","","F","F","F","F","F","","","","",0,3,0,0,1,0,0,0,0,66,"PHI","PHI","CHN",1,"F","T",4,0,0,33,2,"T","F",0,0,"T","T","wilsj105","carlh101","T","T",0,0,0,0,0,0,0,0,0,"","","",0,0,0,0,0,0,0,0,0,0,0,0,0,"blaks101","F","F","F","F",0,0,0,0,0,0,0,0,0,0,F,F,"1925PHI.EVN.regular.event.csv",4238
"PHI192508270","CHN",9,0,0,0,0,"",0,4,"grimc101","?","grimc101","?","carlh101","?","carlh101","?","wilsj105","fonsl101","fribb101","hubec101","sandh101","harpg101","leacf101","willc103","","","","43","T","F",3,5,2,"T","T",0,"F","F",1,"F","F",0,"F","F",4,"G","F","F","",0,0,"N",0,"N",0,"N",0,0,0,0,"43","","","","F","F","F","F","F","F","F","F","F","","","","F","F","F","F","F","","","","",0,3,0,0,4,0,0,0,0,67,"PHI","CHN","PHI",0,"T","F",0,4,0,31,0,"T","F",0,0,"T","T","broom101","pittp101","T","T",0,0,0,0,0,0,0,0,0,"","","",0,0,0,0,0,0,0,0,0,0,0,0,0,"fribb101","F","F","F","F",0,0,0,0,0,0,0,0,0,0,F,F,"1925PHI.EVN.regular.event.csv",4239
"PHI192508270","CHN",9,0,1,0,0,"",0,4,"broom101","?","broom101","?","carlh101","?","carlh101","?","wilsj105","fonsl101","fribb101","hubec101","sandh101","harpg101","leacf101","willc103","","","","S9","F","F",8,6,20,"T","T",1,"F","F",0,"F","F",0,"F","F",9,"","F","F","",0,0,"N",0,"N",0,"N",1,0,0,0,"","","","","F","F","F","F","F","F","F","F","F","","","","F","F","F","F","F","","","","",0,0,0,0,0,0,0,0,0,68,"PHI","CHN","PHI",0,"F","F",0,4,0,32,1,"T","F",0,1,"T","T","pittp101","hartg103","T","T",0,0,0,0,0,0,0,0,0,"","","",0,0,0,0,0,0,0,0,0,0,0,0,0,"willc103","F","F","F","F",2,0,0,0,0,0,0,0,0,0,F,F,"1925PHI.EVN.regular.event.csv",4240
"PHI192508270","CHN",9,0,1,0,0,"",0,4,"grift102","?","grift102","?","carlh101","?","carlh101","?","wilsj105","fonsl101","fribb101","hubec101","sandh101","harpg101","leacf101","willc103","broom101","","","W.1-2","F","T",11,7,14,"T","F",0,"F","F",0,"F","F",0,"F","F",0,"","F","F","",0,0,"N",0,"N",0,"N",1,2,0,0,"","","","","F","F","F","F","F","F","F","F","F","carlh101","","","F","F","F","F","F","","","","pittp101",6,0,0,0,0,0,0,0,0,69,"PHI","CHN","PHI",0,"F","F",0,4,0,33,2,"T","F",1,3,"F","F","hartg103","blaks101","T","T",8,6,68,0,0,0,0,0,0,"wilsj105","","",0,0,0,0,0,0,0,0,0,0,0,0,0,"","F","F","F","F",1,2,0,0,0,0,0,0,0,0,F,F,"1925PHI.EVN.regular.event.csv",4241
"PHI192508270","CHN",9,0,1,0,0,"",0,4,"hartg103","?","hartg103","?","carlh101","?","carlh101","?","wilsj105","fonsl101","fribb101","hubec101","sandh101","harpg101","leacf101","willc103","grift102","broom101","","K","F","F",2,8,3,"T","T",0,"F","F",1,"F","F",0,"F","F",0,"","F","F","",0,0,"N",0,"N",0,"N",0,1,2,0,"2","","","","F","F","F","F","F","F","F","F","F","carlh101","carlh101","","F","F","F","F","F","","","","",0,2,0,0,0,0,0,0,0,70,"PHI","CHN","PHI",0,"F","F",0,4,0,34,3,"T","F",3,3,"T","T","blaks101","adams101","T","T",0,7,69,8,6,68,0,0,0,"wilsj105","wilsj105","",0,0,0,0,0,0,0,0,0,0,0,0,0,"","F","F","F","F",0,1,2,0,0,0,0,0,0,0,F,F,"1925PHI.EVN.regular.event.csv",4242
"PHI192508270","CHN",9,0,2,0,0,"",0,4,"weisb102","?","weisb102","?","carlh101","?","carlh101","?","wilsj105","fonsl101","fribb101","hubec101","sandh101","harpg101","leacf101","willc103","grift102","broom101","","7/L","F","T",11,9,2,"T","T",0,"F","F",1,"F","F",0,"F","F",7,"L","F","F","",0,0,"N",0,"N",0,"N",0,1,2,0,"7","","","","F","F","F","F","F","F","F","F","F","carlh101","carlh101","","F","T","F","F","F","","","","blaks101",1,7,0,0,0,0,0,0,0,71,"PHI","CHN","PHI",0,"F","T",0,4,0,35,4,"T","F",3,3,"F","F","adams101","heatc101","T","T",11,7,69,8,6,68,0,0,0,"wilsj105","wilsj105","",0,0,0,0,0,0,0,0,0,0,0,0,0,"harpg101","F","F","F","F",0,1,2,0,0,0,0,0,0,0,F,F,"1925PHI.EVN.regular.event.csv",4243
"PHI192508280","PIT",1,0,0,0,0,"",0,0,"moore102","?","moore102","?","ringj101","?","ringj101","?","wilsj105","fonsl101","fribb101","hubec101","sandh101","harpg101","leacf101","willc103","","","","K","T","F",9,1,3,"T","T",0,"F","F",1,"F","F",0,"F","F",0,"","F","F","",0,0,"N",0,"N",0,"N",0,0,0,0,"2","","","","F","F","F","F","F","F","F","F","F","","","","T","F","F","F","F","","","","",0,2,0,0,0,0,0,0,0,1,"PHI","PIT","PHI",0,"T","F",0,0,0,0,0,"T","F",0,0,"T","T","rawlj101","cuylk101","T","T",0,0,0,0,0,0,0,0,0,"","","",0,0,0,0,0,0,0,0,0,0,0,0,0,"","F","F","F","F",0,0,0,0,1,0,0,0,0,0,F,F,"1925PHI.EVN.regular.event.csv",4244
"PHI192508280","PIT",1,0,1,0,0,"",0,0,"rawlj101","?","rawlj101","?","ringj101","?","ringj101","?","wilsj105","fonsl101","fribb101","hubec101","sandh101","harpg101","leacf101","willc103","","","","13","F","F",4,2,2,"T","T",0,"F","F",1,"F","F",0,"F","F",1,"G","F","F","",0,0,"N",0,"N",0,"N",0,0,0,0,"13","","","","F","F","F","F","F","F","F","F","F","","","","F","F","F","F","F","","","","",0,3,0,0,1,0,0,0,0,2,"PHI","PIT","PHI",0,"F","F",0,0,0,1,1,"T","F",0,0,"T","T","cuylk101","barnc102","T","T",0,0,0,0,0,0,0,0,0,"","","",0,0,0,0,0,0,0,0,0,0,0,0,0,"ringj101","F","F","F","F",0,0,0,0,1,0,0,0,0,0,F,F,"1925PHI.EVN.regular.event.csv",4245
"PHI192508280","PIT",1,0,2,0,0,"",0,0,"cuylk101","?","cuylk101","?","ringj101","?","ringj101","?","wilsj105","fonsl101","fribb101","hubec101","sandh101","harpg101","leacf101","willc103","","","","HR8/F8XD+/IPHR","F","F",8,3,23,"T","T",4,"F","F",0,"F","F",1,"F","F",8,"F","F","F","8XD",0,0,"N",0,"N",0,"N",4,0,0,0,"","","","","F","F","F","F","F","F","F","F","F","","","","F","F","F","F","F","","","","",0,0,0,0,0,0,0,0,0,3,"PHI","PIT","PHI",0,"F","F",0,0,0,2,2,"T","F",0,0,"T","T","barnc102","trayp101","T","T",0,0,0,0,0,0,0,0,0,"","","",0,0,0,0,0,0,0,0,0,0,0,0,1,"leacf101","F","F","F","F",4,0,0,0,0,0,0,0,0,0,F,F,"1925PHI.EVN.regular.event.csv",4246
"PHI192508280","PIT",1,0,2,0,0,"",1,0,"barnc102","?","barnc102","?","ringj101","?","ringj101","?","wilsj105","fonsl101","fribb101","hubec101","sandh101","harpg101","leacf101","willc103","","","","9/F","F","F",7,4,2,"T","T",0,"F","F",1,"F","F",0,"F","F",9,"F","F","F","",0,0,"N",0,"N",0,"N",0,0,0,0,"9","","","","F","F","F","F","F","F","F","F","F","","","","F","F","F","F","F","","","","",0,9,0,0,0,0,0,0,0,4,"PHI","PIT","PHI",0,"F","T",1,0,1,3,3,"T","F",0,0,"T","T","trayp101","wrigg102","T","T",0,0,0,0,0,0,0,0,0,"","","",0,0,0,0,0,0,0,0,0,0,0,0,0,"willc103","F","F","F","F",0,0,0,0,0,0,0,0,0,0,F,F,"1925PHI.EVN.regular.event.csv",4247
"PHI192508280","PIT",1,1,0,0,0,"",1,0,"sandh101","?","sandh101","?","morrj105","?","morrj105","?","smite106","grang102","rawlj101","trayp101","wrigg102","barnc102","cuylk101","moore102","","","","K","T","F",6,1,3,"T","T",0,"F","F",1,"F","F",0,"F","F",0,"","F","F","",0,0,"N",0,"N",0,"N",0,0,0,0,"2","","","","F","F","F","F","F","F","F","F","F","","","","F","F","F","F","F","","","","",0,2,0,0,0,0,0,0,0,5,"PHI","PHI","PIT",1,"T","F",0,1,0,0,0,"T","F",0,0,"T","T","leacf101","willc103","T","T",0,0,0,0,0,0,0,0,0,"","","",0,0,0,0,0,0,0,0,0,0,0,0,0,"","F","F","F","F",0,0,0,0,0,0,0,0,0,0,F,F,"1925PHI.EVN.regular.event.csv",4248
"PHI192508280","PIT",1,1,1,0,0,"",1,0,"leacf101","?","leacf101","?","morrj105","?","morrj105","?","smite106","grang102","rawlj101","trayp101","wrigg102","barnc102","cuylk101","moore102","","","","6/P","F","F",8,2,2,"T","T",0,"F","F",1,"F","F",0,"F","F",6,"P","F","F","",0,0,"N",0,"N",0,"N",0,0,0,0,"6","","","","F","F","F","F","F","F","F","F","F","","","","F","F","F","F","F","","","","",0,6,0,0,0,0,0,0,0,6,"PHI","PHI","PIT",1,"F","F",0,1,0,1,1,"T","F",0,0,"T","T","willc103","harpg101","T","T",0,0,0,0,0,0,0,0,0,"","","",0,0,0,0,0,0,0,0,0,0,0,0,0,"wrigg102","F","F","F","F",0,0,0,0,0,0,0,0,0,0,F,F,"1925PHI.EVN.regular.event.csv",4249
"PHI192508280","PIT",1,1,2,0,0,"",1,0,"willc103","?","willc103","?","morrj105","?","morrj105","?","smite106","grang102","rawlj101","trayp101","wrigg102","barnc102","cuylk101","moore102","","","","4/P","F","F",9,3,2,"T","T",0,"F","F",1,"F","F",0,"F","F",4,"P","F","F","",0,0,"N",0,"N",0,"N",0,0,0,0,"4","","","","F","F","F","F","F","F","F","F","F","","","","F","F","F","F","F","","","","",0,4,0,0,0,0,0,0,0,7,"PHI","PHI","PIT",1,"F","T",0,1,0,2,2,"T","F",0,0,"T","T","harpg101","fonsl101","T","T",0,0,0,0,0,0,0,0,0,"","","",0,0,0,0,0,0,0,0,0,0,0,0,0,"rawlj101","F","F","F","F",0,0,0,0,0,0,0,0,0,0,F,F,"1925PHI.EVN.regular.event.csv",4250
"PHI192508280","PIT",2,0,0,0,0,"",1,0,"trayp101","?","trayp101","?","ringj101","?","ringj101","?","wilsj105","fonsl101","fribb101","hubec101","sandh101","harpg101","leacf101","willc103","","","","63","T","F",5,5,2,"T","T",0,"F","F",1,"F","F",0,"F","F",6,"G","F","F","",0,0,"N",0,"N",0,"N",0,0,0,0,"63","","","","F","F","F","F","F","F","F","F","F","","","","F","F","F","F","F","","","","",0,3,0,0,6,0,0,0,0,8,"PHI","PIT","PHI",0,"T","F",1,0,0,4,0,"T","F",0,0,"T","T","wrigg102","grang102","T","T",0,0,0,0,0,0,0,0,0,"","","",0,0,0,0,0,0,0,0,0,0,0,0,0,"sandh101","F","F","F","F",0,0,0,0,0,0,0,0,0,0,F,F,"1925PHI.EVN.regular.event.csv",4251
"PHI192508280","PIT",2,0,1,0,0,"",1,0,"wrigg102","?","wrigg102","?","ringj101","?","ringj101","?","wilsj105","fonsl101","fribb101","hubec101","sandh101","harpg101","leacf101","willc103","","","","53","F","F",6,6,2,"T","T",0,"F","F",1,"F","F",0,"F","F",5,"G","F","F","",0,0,"N",0,"N",0,"N",0,0,0,0,"53","","","","F","F","F","F","F","F","F","F","F","","","","F","F","F","F","F","","","","",0,3,0,0,5,0,0,0,0,9,"PHI","PIT","PHI",0,"F","F",1,0,0,5,1,"T","F",0,0,"T","T","grang102","smite106","T","T",0,0,0,0,0,0,0,0,0,"","","",0,0,0,0,0,0,0,0,0,0,0,0,0,"hubec101","F","F","F","F",0,0,0,0,0,0,0,0,0,0,F,F,"1925PHI.EVN.regular.event.csv",4252
"PHI192508280","PIT",2,0,2,0,0,"",1,0,"grang102","?","grang102","?","ringj101","?","ringj101","?","wilsj105","fonsl101","fribb101","hubec101","sandh101","harpg101","leacf101","willc103","","","","8/F","F","F",3,7,2,"T","T",0,"F","F",1,"F","F",0,"F","F",8,"F","F","F","",0,0,"N",0,"N",0,"N",0,0,0,0,"8","","","","F","F","F","F","F","F","F","F","F","","","","F","F","F","F","F","","","","",0,8,0,0,0,0,0,0,0,10,"PHI","PIT","PHI",0,"F","T",1,0,0,6,2,"T","F",0,0,"T","T","smite106","morrj105","T","T",0,0,0,0,0,0,0,0,0,"","","",0,0,0,0,0,0,0,0,0,0,0,0,0,"leacf101","F","F","F","F",0,0,0,0,0,0,0,0,0,0,F,F,"1925PHI.EVN.regular.event.csv",4253
"PHI192508280","PIT",2,1,0,0,0,"",1,0,"harpg101","?","harpg101","?","morrj105","?","morrj105","?","smite106","grang102","rawlj101","trayp101","wrigg102","barnc102","cuylk101","moore102","","","","7/F","T","F",7,4,2,"T","T",0,"F","F",1,"F","F",0,"F","F",7,"F","F","F","",0,0,"N",0,"N",0,"N",0,0,0,0,"7","","","","F","F","F","F","F","F","F","F","F","","","","F","F","F","F","F","","","","",0,7,0,0,0,0,0,0,0,11,"PHI","PHI","PIT",1,"T","F",0,1,0,3,0,"T","F",0,0,"T","T","fonsl101","hubec101","T","T",0,0,0,0,0,0,0,0,0,"","","",0,0,0,0,0,0,0,0,0,0,0,0,0,"barnc102","F","F","F","F",0,0,0,0,0,0,0,0,0,0,F,F,"1925PHI.EVN.regular.event.csv",4254
"PHI192508280","PIT",2,1,1,0,0,"",1,0,"fonsl101","?","fonsl101","?","morrj105","?","morrj105","?","smite106","grang102","rawlj101","trayp101","wrigg102","barnc102","cuylk101","moore102","","","","S7","F","F",3,5,20,"T","T",1,"F","F",0,"F","F",0,"F","F",7,"","F","F","",0,0,"N",0,"N",0,"N",1,0,0,0,"","","","","F","F","F","F","F","F","F","F","F","","","","F","F","F","F","F","","","","",0,0,0,0,0,0,0,0,0,12,"PHI","PHI","PIT",1,"F","F",0,1,0,4,1,"T","F",0,1,"T","T","hubec101","fribb101","T","T",0,0,0,0,0,0,0,0,0,"","","",0,0,0,0,0,0,0,0,0,0,0,0,0,"barnc102","F","F","F","F",0,0,0,0,0,0,0,0,0,0,F,F,"1925PHI.EVN.regular.event.csv",4255
"PHI192508280","PIT",2,1,1,0,0,"",1,0,"hubec101","?","hubec101","?","morrj105","?","morrj105","?","smite106","grang102","rawlj101","trayp101","wrigg102","barnc102","cuylk101","moore102","fonsl101","","","9/L","F","F",5,6,2,"T","T",0,"F","F",1,"F","F",0,"F","F",9,"L","F","F","",0,0,"N",0,"N",0,"N",0,1,0,0,"9","","","","F","F","F","F","F","F","F","F","F","morrj105","","","F","F","F","F","F","","","","",0,9,0,0,0,0,0,0,0,13,"PHI","PHI","PIT",1,"F","F",0,1,0,5,2,"T","F",1,1,"T","T","fribb101","wilsj105","T","T",3,5,12,0,0,0,0,0,0,"smite106","","",0,0,0,0,0,0,0,0,0,0,0,0,0,"moore102","F","F","F","F",0,0,0,0,0,0,0,0,0,0,F,F,"1925PHI.EVN.regular.event.csv",4256
"PHI192508280","PIT",2,1,2,0,0,"",1,0,"fribb101","?","fribb101","?","morrj105","?","morrj105","?","smite106","grang102","rawlj101","trayp101","wrigg102","barnc102","cuylk101","moore102","fonsl101","","","K/C","F","F",4,7,3,"T","T",0,"F","F",1,"F","F",0,"F","F",0,"","F","F","",0,0,"N",0,"N",0,"N",0,1,0,0,"2","","","","F","F","F","F","F","F","F","F","F","morrj105","","","F","F","F","F","F","","","","",0,2,0,0,0,0,0,0,0,14,"PHI","PHI","PIT",1,"F","T",0,1,0,6,3,"T","F",1,1,"T","T","wilsj105","ringj101","T","T",3,5,12,0,0,0,0,0,0,"smite106","","",0,0,0,0,0,0,0,0,0,0,0,0,0,"","F","F","F","F",0,0,0,0,0,0,0,0,0,0,F,F,"1925PHI.EVN.regular.event.csv",4257
"PHI192508280","PIT",3,0,0,0,0,"",1,0,"smite106","?","smite106","?","ringj101","?","ringj101","?","wilsj105","fonsl101","fribb101","hubec101","sandh101","harpg101","leacf101","willc103","","","","9/F","T","F",2,8,2,"T","T",0,"F","F",1,"F","F",0,"F","F",9,"F","F","F","",0,0,"N",0,"N",0,"N",0,0,0,0,"9","","","","F","F","F","F","F","F","F","F","F","","","","F","F","F","F","F","","","","",0,9,0,0,0,0,0,0,0,15,"PHI","PIT","PHI",0,"T","F",1,0,0,7,0,"T","F",0,0,"T","T","morrj105","moore102","T","T",0,0,0,0,0,0,0,0,0,"","","",0,0,0,0,0,0,0,0,0,0,0,0,0,"willc103","F","F","F","F",0,0,0,0,0,0,0,0,0,0,F,F,"1925PHI.EVN.regular.event.csv",4258
"PHI192508280","PIT",3,0,1,0,0,"",1,0,"morrj105","?","morrj105","?","ringj101","?","ringj101","?","wilsj105","fonsl101","fribb101","hubec101","sandh101","harpg101","leacf101","willc103","","","","43","F","F",1,9,2,"T","T",0,"F","F",1,"F","F",0,"F","F",4,"G","F","F","",0,0,"N",0,"N",0,"N",0,0,0,0,"43","","","","F","F","F","F","F","F","F","F","F","","","","F","F","F","F","F","","","","",0,3,0,0,4,0,0,0,0,16,"PHI","PIT","PHI",0,"F","F",1,0,0,8,1,"T","F",0,0,"T","T","moore102","rawlj101","T","T",0,0,0,0,0,0,0,0,0,"","","",0,0,0,0,0,0,0,0,0,0,0,0,0,"fribb101","F","F","F","F",0,0,0,0,0,0,0,0,0,0,F,F,"1925PHI.EVN.regular.event.csv",4259
"PHI192508280","PIT",3,0,2,0,0,"",1,0,"moore102","?","moore102","?","ringj101","?","ringj101","?","wilsj105","fonsl101","fribb101","hubec101","sandh101","harpg101","leacf101","willc103","","","","S6/G","F","F",9,1,20,"T","T",1,"F","F",0,"F","F",0,"F","F",6,"G","F","F","",0,0,"N",0,"N",0,"N",1,0,0,0,"","","","","F","F","F","F","F","F","F","F","F","","","","F","F","F","F","F","","","","",0,0,0,0,0,0,0,0,0,17,"PHI","PIT","PHI",0,"F","F",1,0,0,9,2,"T","F",0,1,"T","T","rawlj101","cuylk101","T","T",0,0,0,0,0,0,0,0,0,"","","",0,0,0,0,0,0,0,0,0,0,0,0,0,"sandh101","F","F","F","F",0,0,0,0,0,0,0,0,0,0,F,F,"1925PHI.EVN.regular.event.csv",4260
"PHI192508280","PIT",3,0,2,0,0,"",1,0,"rawlj101","?","rawlj101","?","ringj101","?","ringj101","?","wilsj105","fonsl101","fribb101","hubec101","sandh101","harpg101","leacf101","willc103","moore102","","","S8/8S.1-2","F","F",4,2,20,"T","T",1,"F","F",0,"F","F",0,"F","F",8,"","F","F","8S",0,0,"N",0,"N",0,"N",1,2,0,0,"","","","","F","F","F","F","F","F","F","F","F","ringj101","","","F","F","F","F","F","","","","",0,0,0,0,0,0,0,0,0,18,"PHI","PIT","PHI",0,"F","F",1,0,0,10,3,"T","F",1,3,"T","T","cuylk101","barnc102","T","T",9,1,17,0,0,0,0,0,0,"wilsj105","","",0,0,0,0,0,0,0,0,0,0,0,0,0,"leacf101","F","F","F","F",0,0,0,0,0,0,0,0,0,0,F,F,"1925PHI.EVN.regular.event.csv",4261
"PHI192508280","PIT",3,0,2,0,0,"",1,0,"cuylk101","?","cuylk101","?","ringj101","?","ringj101","?","wilsj105","fonsl101","fribb101","hubec101","sandh101","harpg101","leacf101","willc103","rawlj101","moore102","","K","F","F",8,3,3,"T","T",0,"F","F",1,"F","F",0,"F","F",0,"","F","F","",0,0,"N",0,"N",0,"N",0,1,2,0,"2","","","","F","F","F","F","F","F","F","F","F","ringj101","ringj101","","F","F","F","F","F","","","","",0,2,0,0,0,0,0,0,0,19,"PHI","PIT","PHI",0,"F","T",1,0,0,11,4,"T","F",3,3,"T","T","barnc102","trayp101","T","T",4,2,18,9,1,17,0,0,0,"wilsj105","wilsj105","",0,0,0,0,0,0,0,0,0,0,0,0,0,"","F","F","F","F",0,0,0,0,0,0,0,0,0,0,F,F,"1925PHI.EVN.regular.event.csv",4262
"PHI192508280","PIT",3,1,0,0,0,"",1,0,"wilsj105","?","wilsj105","?","morrj105","?","morrj105","?","smite106","grang102","rawlj101","trayp101","wrigg102","barnc102","cuylk101","moore102","","","","63","T","F",2,8,2,"T","T",0,"F","F",1,"F","F",0,"F","F",6,"G","F","F","",0,0,"N",0,"N",0,"N",0,0,0,0,"63","","","","F","F","F","F","F","F","F","F","F","","","","F","F","F","F","F","","","","",0,3,0,0,6,0,0,0,0,20,"PHI","PHI","PIT",1,"T","F",0,1,0,7,0,"T","F",0,0,"T","T","ringj101","sandh101","T","T",0,0,0,0,0,0,0,0,0,"","","",0,0,0,0,0,0,0,0,0,0,0,0,0,"wrigg102","F","F","F","F",0,0,0,0,0,0,0,0,0,0,F,F,"1925PHI.EVN.regular.event.csv",4263
"PHI192508280","PIT",3,1,1,0,0,"",1,0,"ringj101","?","ringj101","?","morrj105","?","morrj105","?","smite106","grang102","rawlj101","trayp101","wrigg102","barnc102","cuylk101","moore102","","","","K","F","F",1,9,3,"T","T",0,"F","F",1,"F","F",0,"F","F",0,"","F","F","",0,0,"N",0,"N",0,"N",0,0,0,0,"2","","","","F","F","F","F","F","F","F","F","F","","","","F","F","F","F","F","","","","",0,2,0,0,0,0,0,0,0,21,"PHI","PHI","PIT",1,"F","F",0,1,0,8,1,"T","F",0,0,"T","T","sandh101","leacf101","T","T",0,0,0,0,0,0,0,0,0,"","","",0,0,0,0,0,0,0,0,0,0,0,0,0,"","F","F","F","F",0,0,0,0,0,0,0,0,0,0,F,F,"1925PHI.EVN.regular.event.csv",4264
"PHI192508280","PIT",3,1,2,0,0,"",1,0,"sandh101","?","sandh101","?","morrj105","?","morrj105","?","smite106","grang102","rawlj101","trayp101","wrigg102","barnc102","cuylk101","moore102","","","","S9","F","F",6,1,20,"T","T",1,"F","F",0,"F","F",0,"F","F",9,"","F","F","",0,0,"N",0,"N",0,"N",1,0,0,0,"","","","","F","F","F","F","F","F","F","F","F","","","","F","F","F","F","F","","","","",0,0,0,0,0,0,0,0,0,22,"PHI","PHI","PIT",1,"F","F",0,1,0,9,2,"T","F",0,1,"T","T","leacf101","willc103","T","T",0,0,0,0,0,0,0,0,0,"","","",0,0,0,0,0,0,0,0,0,0,0,0,0,"moore102","F","F","F","F",0,0,0,0,0,0,0,0,0,0,F,F,"1925PHI.EVN.regular.event.csv",4265
"PHI192508280","PIT",3,1,2,0,0,"",1,0,"leacf101","?","leacf101","?","morrj105","?","morrj105","?","smite106","grang102","rawlj101","trayp101","wrigg102","barnc102","cuylk101","moore102","sandh101","","","K","F","F",8,2,3,"T","T",0,"F","F",1,"F","F",0,"F","F",0,"","F","F","",0,0,"N",0,"N",0,"N",0,1,0,0,"2","","","","F","F","F","F","F","F","F","F","F","morrj105","","","F","F","F","F","F","","","","",0,2,0,0,0,0,0,0,0,23,"PHI","PHI","PIT",1,"F","T",0,1,0,10,3,"T","F",1,1,"T","T","willc103","harpg101","T","T",6,1,22,0,0,0,0,0,0,"smite106","","",0,0,0,0,0,0,0,0,0,0,0,0,0,"","F","F","F","F",0,0,0,0,0,0,0,0,0,0,F,F,"1925PHI.EVN.regular.event.csv",4266
"PHI192508280","PIT",4,0,0,0,0,"",1,0,"barnc102","?","barnc102","?","ringj101","?","ringj101","?","wilsj105","fonsl101","fribb101","hubec101","sandh101","harpg101","leacf101","willc103","","","","D9/9L","T","F",7,4,21,"T","T",2,"F","F",0,"F","F",0,"F","F",9,"","F","F","9L",0,0,"N",0,"N",0,"N",2,0,0,0,"","","","","F","F","F","F","F","F","F","F","F","","","","F","F","F","F","F","","","","",0,0,0,0,0,0,0,0,0,24,"PHI","PIT","PHI",0,"T","F",1,0,0,12,0,"T","F",0,2,"T","T","trayp101","wrigg102","T","T",0,0,0,0,0,0,0,0,0,"","","",0,0,0,0,0,0,0,0,0,0,0,0,0,"willc103","F","F","F","F",4,0,0,0,3,0,0,0,0,0,F,F,"1925PHI.EVN.regular.event.csv",4267
"PHI192508280","PIT",4,0,0,0,0,"",1,0,"trayp101","?","trayp101","?","ringj101","?","ringj101","?","wilsj105","fonsl101","fribb101","hubec101","sandh101","harpg101","leacf101","willc103","","barnc102","","W","F","F",5,5,14,"T","F",0,"F","F",0,"F","F",0,"F","F",0,"","F","F","",0,0,"N",0,"N",0,"N",1,0,2,0,"","","","","F","F","F","F","F","F","F","F","F","","ringj101","","F","F","F","F","F","","","","",0,0,0,0,0,0,0,0,0,25,"PHI","PIT","PHI",0,"F","F",1,0,0,13,1,"T","F",2,3,"T","T","wrigg102","grang102","T","T",0,0,0,7,4,24,0,0,0,"","wilsj105","",0,0,0,0,0,0,0,0,0,0,0,0,0,"","F","F","F","F",4,0,4,0,3,0,0,0,0,0,F,F,"1925PHI.EVN.regular.event.csv",4268
"PHI192508280","PIT",4,0,0,0,0,"",1,0,"wrigg102","?","wrigg102","?","ringj101","?","ringj101","?","wilsj105","fonsl101","fribb101","hubec101","sandh101","harpg101","leacf101","willc103","trayp101","barnc102","","S1/G.2-3;1-2","F","F",6,6,20,"T","T",1,"F","F",0,"F","F",0,"F","F",1,"G","F","F","",0,0,"N",0,"N",0,"N",1,2,3,0,"","","","","F","F","F","F","F","F","F","F","F","ringj101","ringj101","","F","F","F","F","F","","","","",0,0,0,0,0,0,0,0,0,26,"PHI","PIT","PHI",0,"F","F",1,0,0,14,2,"T","F",3,7,"T","T","grang102","smite106","T","T",5,5,25,7,4,24,0,0,0,"wilsj105","wilsj105","",0,0,0,0,0,0,0,0,0,0,0,0,0,"ringj101","F","F","F","F",0,4,4,0,3,0,0,0,0,0,F,F,"1925PHI.EVN.regular.event.csv",4269
"PHI192508280","PIT",4,0,0,0,0,"",1,0,"grang102","?","grang102","?","ringj101","?","ringj101","?","wilsj105","fonsl101","fribb101","hubec101","sandh101","harpg101","leacf101","willc103","wrigg102","trayp101","barnc102","46(1)/FO.3-H;2-3","F","F",3,7,2,"T","T",0,"F","F",1,"F","F",1,"F","F",4,"G","F","F","",0,0,"N",0,"N",0,"N",1,0,3,4,"","46","","","F","F","F","F","F","F","F","F","F","ringj101","ringj101","ringj101","F","F","F","F","F","","","","",0,6,0,0,4,0,0,0,0,27,"PHI","PIT","PHI",0,"F","F",1,0,0,15,3,"T","F",7,5,"T","T","smite106","morrj105","T","T",6,6,26,5,5,25,7,4,24,"wilsj105","wilsj105","wilsj105",0,0,0,0,0,0,0,0,0,0,0,0,1,"fribb101","T","F","F","F",5,0,4,4,2,0,0,0,0,0,F,F,"1925PHI.EVN.regular.event.csv",4270
"PHI192508280","PIT",4,0,1,0,0,"",2,0,"smite106","?","smite106","?","ringj101","?","ringj101","?","wilsj105","fonsl101","fribb101","hubec101","sandh101","harpg101","leacf101","willc103","grang102","","trayp101","S9.3-H;1X3(9E5)","F","F",2,8,20,"T","T",1,"F","F",0,"F","F",1,"F","F",9,"","F","F","",1,5,"D",0,"N",0,"N",1,3,0,4,"","9E5","","","F","F","F","F","F","F","F","F","F","ringj101","","ringj101","F","F","F","F","F","","","","",0,0,0,0,9,0,0,0,0,28,"PHI","PIT","PHI",0,"F","F",2,0,1,16,4,"T","F",5,5,"T","T","morrj105","moore102","T","T",3,7,27,0,0,0,5,5,25,"wilsj105","","wilsj105",0,0,0,0,0,0,0,0,0,0,0,0,1,"willc103","F","F","F","F",0,5,0,4,1,0,0,0,0,0,F,F,"1925PHI.EVN.regular.event.csv",4271
"PHI192508280","PIT",4,0,1,0,0,"",3,0,"morrj105","?","morrj105","?","ringj101","?","ringj101","?","wilsj105","fonsl101","fribb101","hubec101","sandh101","harpg101","leacf101","willc103","smite106","","grang102","E6/G.3-H(NR)(UR);1-2","F","F",1,9,18,"T","T",0,"F","F",0,"F","F",0,"F","F",6,"G","F","F","",1,6,"F",0,"N",0,"N",1,2,0,5,"","","","","F","F","F","F","F","F","F","F","F","ringj101","","ringj101","F","F","F","F","F","","","","",0,0,0,0,0,0,0,0,0,29,"PHI","PIT","PHI",0,"F","F",3,0,2,17,5,"T","F",5,3,"T","T","moore102","rawlj101","T","T",2,8,28,0,0,0,3,7,27,"wilsj105","","wilsj105",0,0,0,0,0,0,0,0,0,0,0,0,1,"sandh101","F","F","F","T",0,0,0,5,0,0,0,0,0,0,F,F,"1925PHI.EVN.regular.event.csv",4272
"PHI192508280","PIT",4,0,1,0,0,"",4,0,"moore102","?","moore102","?","ringj101","?","ringj101","?","wilsj105","fonsl101","fribb101","hubec101","sandh101","harpg101","leacf101","willc103","morrj105","smite106","","E6/TH1.2XH(32);1-2","F","F",9,1,18,"T","T",0,"F","F",1,"F","F",0,"F","F",6,"G","F","F","",1,6,"T",0,"N",0,"N",1,2,0,0,"","","32","","F","F","F","F","F","F","F","F","F","ringj101","ringj101","","F","F","F","F","F","","","","",0,2,0,0,3,0,0,0,0,30,"PHI","PIT","PHI",0,"F","F",4,0,3,18,6,"T","F",3,3,"T","T","rawlj101","cuylk101","T","T",1,9,29,2,8,28,0,0,0,"wilsj105","wilsj105","",0,0,0,0,0,0,0,0,0,0,0,0,0,"sandh101","F","F","F","T",0,0,0,0,0,0,0,0,0,0,F,F,"1925PHI.EVN.regular.event.csv",4273
"PHI192508280","PIT",4,0,2,0,0,"",4,0,"rawlj101","?","rawlj101","?","ringj101","?","ringj101","?","wilsj105","fonsl101","fribb101","hubec101","sandh101","harpg101","leacf101","willc103","moore102","morrj105","","9/F","F","F",4,2,2,"T","T",0,"F","F",1,"F","F",0,"F","F",9,"F","F","F","",0,0,"N",0,"N",0,"N",0,1,2,0,"9","","","","F","F","F","F","F","F","F","F","F","ringj101","ringj101","","F","F","F","F","F","","","","",0,9,0,0,0,0,0,0,0,31,"PHI","PIT","PHI",0,"F","T",4,0,3,19,7,"T","F",3,3,"T","T","cuylk101","barnc102","T","T",9,1,30,1,9,29,0,0,0,"wilsj105","wilsj105","",0,0,0,0,0,0,0,0,0,0,0,0,0,"willc103","F","F","F","F",0,0,0,0,0,0,0,0,0,0,F,F,"1925PHI.EVN.regular.event.csv",4274
"PHI192508280","PIT",4,1,0,0,0,"",4,0,"willc103","?","willc103","?","morrj105","?","morrj105","?","smite106","grang102","rawlj101","trayp101","wrigg102","barnc102","cuylk101","moore102","","","","6/P","T","F",9,3,2,"T","T",0,"F","F",1,"F","F",0,"F","F",6,"P","F","F","",0,0,"N",0,"N",0,"N",0,0,0,0,"6","","","","F","F","F","F","F","F","F","F","F","","","","F","F","F","F","F","","","","",0,6,0,0,0,0,0,0,0,32,"PHI","PHI","PIT",1,"T","F",0,4,0,11,0,"T","F",0,0,"T","T","harpg101","fonsl101","T","T",0,0,0,0,0,0,0,0,0,"","","",0,0,0,0,0,0,0,0,0,0,0,0,0,"wrigg102","F","F","F","F",0,0,0,0,0,0,0,0,0,0,F,F,"1925PHI.EVN.regular.event.csv",4275
"PHI192508280","PIT",4,1,1,0,0,"",4,0,"harpg101","?","harpg101","?","morrj105","?","morrj105","?","smite106","grang102","rawlj101","trayp101","wrigg102","barnc102","cuylk101","moore102","","","","43","F","F",7,4,2,"T","T",0,"F","F",1,"F","F",0,"F","F",4,"G","F","F","",0,0,"N",0,"N",0,"N",0,0,0,0,"43","","","","F","F","F","F","F","F","F","F","F","","","","F","F","F","F","F","","","","",0,3,0,0,4,0,0,0,0,33,"PHI","PHI","PIT",1,"F","F",0,4,0,12,1,"T","F",0,0,"T","T","fonsl101","hubec101","T","T",0,0,0,0,0,0,0,0,0,"","","",0,0,0,0,0,0,0,0,0,0,0,0,0,"rawlj101","F","F","F","F",0,0,0,0,0,0,0,0,0,0,F,F,"1925PHI.EVN.regular.event.csv",4276
"PHI192508280","PIT",4,1,2,0,0,"",4,0,"fonsl101","?","fonsl101","?","morrj105","?","morrj105","?","smite106","grang102","rawlj101","trayp101","wrigg102","barnc102","cuylk101","moore102","","","","D7","F","F",3,5,21,"T","T",2,"F","F",0,"F","F",0,"F","F",7,"","F","F","",0,0,"N",0,"N",0,"N",2,0,0,0,"","","","","F","F","F","F","F","F","F","F","F","","","","F","F","F","F","F","","","","",0,0,0,0,0,0,0,0,0,34,"PHI","PHI","PIT",1,"F","F",0,4,0,13,2,"T","F",0,2,"T","T","hubec101","fribb101","T","T",0,0,0,0,0,0,0,0,0,"","","",0,0,0,0,0,0,0,0,0,0,0,0,0,"barnc102","F","F","F","F",0,0,0,0,0,0,0,0,0,0,F,F,"1925PHI.EVN.regular.event.csv",4277
"PHI192508280","PIT",4,1,2,0,0,"",4,0,"hubec101","?","hubec101","?","morrj105","?","morrj105","?","smite106","grang102","rawlj101","trayp101","wrigg102","barnc102","cuylk101","moore102","","fonsl101","","8/F","F","F",5,6,2,"T","T",0,"F","F",1,"F","F",0,"F","F",8,"F","F","F","",0,0,"N",0,"N",0,"N",0,0,2,0,"8","","","","F","F","F","F","F","F","F","F","F","","morrj105","","F","F","F","F","F","","","","",0,8,0,0,0,0,0,0,0,35,"PHI","PHI","PIT",1,"F","T",0,4,0,14,3,"T","F",2,2,"T","T","fribb101","wilsj105","T","T",0,0,0,3,5,34,0,0,0,"","smite106","",0,0,0,0,0,0,0,0,0,0,0,0,0,"cuylk101","F","F","F","F",0,0,0,0,0,0,0,0,0,0,F,F,"1925PHI.EVN.regular.event.csv",4278
"PHI192508280","PIT",5,0,0,0,0,"",4,0,"cuylk101","?","cuylk101","?","ringj101","?","ringj101","?","wilsj105","fonsl101","fribb101","hubec101","sandh101","harpg101","leacf101","willc103","","","","S7","T","F",8,3,20,"T","T",1,"F","F",0,"F","F",0,"F","F",7,"","F","F","",0,0,"N",0,"N",0,"N",1,0,0,0,"","","","","F","F","F","F","F","F","F","F","F","","","","F","F","F","F","F","","","","",0,0,0,0,0,0,0,0,0,36,"PHI","PIT","PHI",0,"T","F",4,0,0,20,0,"T","F",0,1,"T","T","barnc102","trayp101","T","T",0,0,0,0,0,0,0,0,0,"","","",0,0,0,0,0,0,0,0,0,0,0,0,0,"harpg101","F","F","F","F",0,0,0,0,0,0,0,0,0,0,F,F,"1925PHI.EVN.regular.event.csv",4279
"PHI192508280","PIT",5,0,0,0,0,"",4,0,"barnc102","?","barnc102","?","ringj101","?","ringj101","?","wilsj105","fonsl101","fribb101","hubec101","sandh101","harpg101","leacf101","willc103","cuylk101","","","5/FL","F","F",7,4,2,"T","T",0,"F","F",1,"F","F",0,"F","F",5,"F","F","T","",0,0,"N",0,"N",0,"N",0,1,0,0,"5","","","","F","F","F","F","F","F","F","F","F","ringj101","","","F","F","F","F","F","","","","",0,5,0,0,0,0,0,0,0,37,"PHI","PIT","PHI",0,"F","F",4,0,0,21,1,"T","F",1,1,"T","T","trayp101","wrigg102","T","T",8,3,36,0,0,0,0,0,0,"wilsj105","","",0,0,0,0,0,0,0,0,0,0,0,0,0,"hubec101","F","F","F","F",0,0,0,0,0,0,0,0,0,0,F,F,"1925PHI.EVN.regular.event.csv",4280
"PHI192508280","PIT",5,0,1,0,0,"",4,0,"trayp101","?","trayp101","?","ringj101","?","ringj101","?","wilsj105","fonsl101","fribb101","hubec101","sandh101","harpg101","leacf101","willc103","cuylk101","","","2/FL","F","F",5,5,2,"T","T",0,"F","F",1,"F","F",0,"F","F",2,"F","F","T","",0,0,"N",0,"N",0,"N",0,1,0,0,"2","","","","F","F","F","F","F","F","F","F","F","ringj101","","","F","F","F","F","F","","","","",0,2,0,0,0,0,0,0,0,38,"PHI","PIT","PHI",0,"F","F",4,0,0,22,2,"T","F",1,1,"T","T","wrigg102","grang102","T","T",8,3,36,0,0,0,0,0,0,"wilsj105","","",0,0,0,0,0,0,0,0,0,0,0,0,0,"wilsj105","F","F","F","F",0,0,0,0,0,0,0,0,0,0,F,F,"1925PHI.EVN.regular.event.csv",4281
"PHI192508280","PIT",5,0,2,0,0,"",4,0,"wrigg102","?","wrigg102","?","ringj101","?","ringj101","?","wilsj105","fonsl101","fribb101","hubec101","sandh101","harpg101","leacf101","willc103","cuylk101","","","9/L","F","F",6,6,2,"T","T",0,"F","F",1,"F","F",0,"F","F",9,"L","F","F","",0,0,"N",0,"N",0,"N",0,1,0,0,"9","","","","F","F","F","F","F","F","F","F","F","ringj101","","","F","F","F","F","F","","","","",0,9,0,0,0,0,0,0,0,39,"PHI","PIT","PHI",0,"F","T",4,0,0,23,3,"T","F",1,1,"T","T","grang102","smite106","T","T",8,3,36,0,0,0,0,0,0,"wilsj105","","",0,0,0,0,0,0,0,0,0,0,0,0,0,"willc103","F","F","F","F",0,0,0,0,0,0,0,0,0,0,F,F,"1925PHI.EVN.regular.event.csv",4282
"PHI192508280","PIT",5,1,0,0,0,"",4,0,"fribb101","?","fribb101","?","morrj105","?","morrj105","?","smite106","grang102","rawlj101","trayp101","wrigg102","barnc102","cuylk101","moore102","","","","S8","T","F",4,7,20,"T","T",1,"F","F",0,"F","F",0,"F","F",8,"","F","F","",0,0,"N",0,"N",0,"N",1,0,0,0,"","","","","F","F","F","F","F","F","F","F","F","","","","F","F","F","F","F","","","","",0,0,0,0,0,0,0,0,0,40,"PHI","PHI","PIT",1,"T","F",0,4,0,15,0,"T","F",0,1,"T","T","wilsj105","ringj101","T","T",0,0,0,0,0,0,0,0,0,"","","",0,0,0,0,0,0,0,0,0,0,0,0,0,"cuylk101","F","F","F","F",4,0,0,0,4,0,0,0,0,0,F,F,"1925PHI.EVN.regular.event.csv",4283
"PHI192508280","PIT",5,1,0,0,0,"",4,0,"wilsj105","?","wilsj105","?","morrj105","?","morrj105","?","smite106","grang102","rawlj101","trayp101","wrigg102","barnc102","cuylk101","moore102","fribb101","","","D9/F9DW.1-3","F","F",2,8,21,"T","T",2,"F","F",0,"F","F",0,"F","F",9,"F","F","F","9DW",0,0,"N",0,"N",0,"N",2,3,0,0,"","","","","F","F","F","F","F","F","F","F","F","morrj105","","","F","F","F","F","F","","","","",0,0,0,0,0,0,0,0,0,41,"PHI","PHI","PIT",1,"F","F",0,4,0,16,1,"T","F",1,6,"T","T","ringj101","sandh101","T","T",4,7,40,0,0,0,0,0,0,"smite106","","",0,0,0,0,0,0,0,0,0,0,0,0,0,"moore102","F","F","F","F",4,4,0,0,4,0,0,0,0,0,F,F,"1925PHI.EVN.regular.event.csv",4284
"PHI192508280","PIT",5,1,0,3,2,"",4,0,"ringj101","?","ringj101","?","morrj105","?","morrj105","?","smite106","grang102","rawlj101","trayp101","wrigg102","barnc102","cuylk101","moore102","","wilsj105","fribb101","W","F","F",1,9,14,"T","F",0,"F","F",0,"F","F",0,"F","F",0,"","F","F","",0,0,"N",0,"N",0,"N",1,0,2,3,"","","","","F","F","F","F","F","F","F","F","F","","morrj105","morrj105","F","F","F","F","F","","","","",0,0,0,0,0,0,0,0,0,42,"PHI","PHI","PIT",1,"F","F",0,4,0,17,2,"T","F",6,7,"T","T","sandh101","leacf101","T","T",0,0,0,2,8,41,4,7,40,"","smite106","smite106",0,0,0,0,0,0,0,0,0,0,0,0,0,"","F","F","F","F",4,0,4,4,4,0,0,0,0,0,F,F,"1925PHI.EVN.regular.event.csv",4285
"PHI192508280","PIT",5,1,0,0,0,"",4,0,"sandh101","?","sandh101","?","morrj105","?","morrj105","?","smite106","grang102","rawlj101","trayp101","wrigg102","barnc102","cuylk101","moore102","ringj101","wilsj105","fribb101","D/89.3-H;2-H;1-3","F","F",6,1,21,"T","T",2,"F","F",0,"F","F",2,"F","F",0,"","F","F","89",0,0,"N",0,"N",0,"N",2,3,4,4,"","","","","F","F","F","F","F","F","F","F","F","morrj105","morrj105","morrj105","F","F","F","F","F","","","","",0,0,0,0,0,0,0,0,0,43,"PHI","PHI","PIT",1,"F","F",0,4,0,18,3,"T","F",7,6,"T","T","leacf101","willc103","T","T",1,9,42,2,8,41,4,7,40,"smite106","smite106","smite106",0,0,0,0,0,0,0,0,0,0,0,0,2,"","F","F","F","F",4,4,4,4,2,0,0,0,0,0,F,F,"1925PHI.EVN.regular.event.csv",4286
"PHI192508280","PIT",5,1,0,0,0,"",4,2,"leacf101","?","leacf101","?","oldhr101","?","oldhr101","?","smite106","grang102","rawlj101","trayp101","wrigg102","barnc102","cuylk101","moore102","","sandh101","ringj101","3/G","F","F",8,2,2,"T","T",0,"F","F",1,"F","F",0,"F","F",3,"G","F","F","",0,0,"N",0,"N",0,"N",0,0,2,3,"3","","","","F","F","F","F","F","F","F","F","F","","morrj105","morrj105","F","F","F","F","F","","","","",0,3,0,0,0,0,0,0,0,44,"PHI","PHI","PIT",1,"F","F",2,4,2,19,4,"T","F",6,6,"T","T","willc103","harpg101","F","F",0,0,0,6,1,43,1,9,42,"","smite106","smite106",0,0,0,0,0,0,0,0,0,0,0,0,0,"grang102","F","F","F","F",0,0,4,4,2,0,0,0,0,0,F,F,"1925PHI.EVN.regular.event.csv",4287
"PHI192508280","PIT",5,1,1,0,0,"",4,2,"mokaj101","?","mokaj101","?","oldhr101","?","oldhr101","?","smite106","grang102","rawlj101","trayp101","wrigg102","barnc102","cuylk101","moore102","","sandh101","ringj101","S8/L.3-H;2-H","F","T",11,3,20,"T","T",1,"F","F",0,"F","F",2,"F","F",8,"L","F","F","",0,0,"N",0,"N",0,"N",1,0,4,4,"","","","","F","F","F","F","F","F","F","F","F","","morrj105","morrj105","F","F","F","F","F","","","","willc103",9,0,0,0,0,0,0,0,0,45,"PHI","PHI","PIT",1,"F","F",2,4,2,20,5,"T","F",6,1,"F","F","harpg101","fonsl101","F","F",0,0,0,6,1,43,1,9,42,"","smite106","smite106",0,0,0,0,0,0,0,0,0,0,0,0,2,"cuylk101","F","F","F","F",0,0,4,4,0,0,0,0,0,0,F,F,"1925PHI.EVN.regular.event.csv",4288
"PHI192508280","PIT",5,1,1,0,0,"",4,4,"harpg101","?","harpg101","?","oldhr101","?","oldhr101","?","smite106","grang102","rawlj101","trayp101","wrigg102","barnc102","cuylk101","moore102","mokaj101","","","46(1)/FO","F","F",7,4,2,"T","T",0,"F","F",1,"F","F",0,"F","F",4,"G","F","F","",0,0,"N",0,"N",0,"N",1,0,0,0,"","46","","","F","F","F","F","F","F","F","F","F","oldhr101","","","F","F","F","F","F","","","","",0,6,0,0,4,0,0,0,0,46,"PHI","PHI","PIT",1,"F","F",4,4,4,21,6,"T","F",1,1,"T","T","fonsl101","hubec101","F","F",0,3,45,0,0,0,0,0,0,"smite106","","",0,0,0,0,0,0,0,0,0,0,0,0,0,"rawlj101","T","F","F","F",1,0,0,0,0,0,0,0,0,0,F,F,"1925PHI.EVN.regular.event.csv",4289
"PHI192508280","PIT",5,1,2,0,0,"",4,4,"fonsl101","?","fonsl101","?","oldhr101","?","oldhr101","?","smite106","grang102","rawlj101","trayp101","wrigg102","barnc102","cuylk101","moore102","harpg101","","","13","F","F",3,5,2,"T","T",0,"F","F",1,"F","F",0,"F","F",1,"G","F","F","",0,0,"N",0,"N",0,"N",0,1,0,0,"13","","","","F","F","F","F","F","F","F","F","F","oldhr101","","","F","F","F","F","F","","","","",0,3,0,0,1,0,0,0,0,47,"PHI","PHI","PIT",1,"F","T",4,4,4,22,7,"T","F",1,1,"T","T","hubec101","fribb101","F","F",7,4,46,0,0,0,0,0,0,"smite106","","",0,0,0,0,0,0,0,0,0,0,0,0,0,"oldhr101","F","F","F","F",0,1,0,0,0,0,0,0,0,0,F,F,"1925PHI.EVN.regular.event.csv",4290
"PHI192508280","PIT",6,0,0,0,0,"",4,4,"grang102","?","grang102","?","ringj101","?","ringj101","?","wilsj105","fonsl101","fribb101","hubec101","sandh101","mokaj101","leacf101","harpg101","","","","S8/L","T","F",3,7,20,"T","T",1,"F","F",0,"F","F",0,"F","F",8,"L","F","F","",0,0,"N",0,"N",0,"N",1,0,0,0,"","","","","F","F","F","F","F","F","F","F","F","","","","F","F","F","F","F","","","","",0,0,0,0,0,0,0,0,0,48,"PHI","PIT","PHI",0,"T","F",4,4,0,24,0,"T","F",0,1,"T","T","smite106","oldhr101","T","T",0,0,0,0,0,0,0,0,0,"","","",0,0,0,0,0,0,0,0,0,0,0,0,0,"leacf101","F","F","F","F",4,0,0,0,2,0,0,0,0,0,F,F,"1925PHI.EVN.regular.event.csv",4291
"PHI192508280","PIT",6,0,0,0,0,"",4,4,"smite106","?","smite106","?","ringj101","?","ringj101","?","wilsj105","fonsl101","fribb101","hubec101","sandh101","mokaj101","leacf101","harpg101","grang102","","","8/F","F","F",2,8,2,"T","T",0,"F","F",1,"F","F",0,"F","F",8,"F","F","F","",0,0,"N",0,"N",0,"N",0,1,0,0,"8","","","","F","F","F","F","F","F","F","F","F","ringj101","","","F","F","F","F","F","","","","",0,8,0,0,0,0,0,0,0,49,"PHI","PIT","PHI",0,"F","F",4,4,0,25,1,"T","F",1,1,"T","T","oldhr101","moore102","T","T",3,7,48,0,0,0,0,0,0,"wilsj105","","",0,0,0,0,0,0,0,0,0,0,0,0,0,"leacf101","F","F","F","F",0,4,0,0,2,0,0,0,0,0,F,F,"1925PHI.EVN.regular.event.csv",4292
"PHI192508280","PIT",6,0,1,0,0,"",4,4,"oldhr101","?","oldhr101","?","ringj101","?","ringj101","?","wilsj105","fonsl101","fribb101","hubec101","sandh101","mokaj101","leacf101","harpg101","grang102","","","E4/G.1-3","F","F",1,9,18,"T","T",0,"F","F",0,"F","F",0,"F","F",4,"G","F","F","",1,4,"F",0,"N",0,"N",1,3,0,0,"","","","","F","F","F","F","F","F","F","F","F","ringj101","","","F","F","F","F","F","","","","",0,0,0,0,0,0,0,0,0,50,"PHI","PIT","PHI",0,"F","F",4,4,0,26,2,"T","F",1,5,"F","F","moore102","rawlj101","T","T",3,7,48,0,0,0,0,0,0,"wilsj105","","",0,0,0,0,0,0,0,0,0,0,0,0,0,"fribb101","F","F","F","T",5,4,0,0,2,0,0,0,0,0,F,F,"1925PHI.EVN.regular.event.csv",4293
"PHI192508280","PIT",6,0,1,0,0,"",4,4,"moore102","?","moore102","?","ringj101","?","ringj101","?","wilsj105","fonsl101","fribb101","hubec101","sandh101","mokaj101","leacf101","harpg101","oldhr101","","grang102","S9/L9DW.3-H;1-3","F","F",9,1,20,"T","T",1,"F","F",0,"F","F",1,"F","F",9,"L","F","F","9DW",0,0,"N",0,"N",0,"N",1,3,0,4,"","","","","F","F","F","F","F","F","F","F","F","ringj101","","ringj101","F","F","F","F","F","","","","",0,0,0,0,0,0,0,0,0,51,"PHI","PIT","PHI",0,"F","F",4,4,0,27,3,"T","F",5,5,"T","T","rawlj101","cuylk101","T","T",1,9,50,0,0,0,3,7,48,"wilsj105","","wilsj105",0,0,0,0,0,0,0,0,0,0,0,0,1,"harpg101","F","F","F","F",0,5,0,4,1,0,0,0,0,0,F,F,"1925PHI.EVN.regular.event.csv",4294
"PHI192508280","PIT",6,0,1,0,0,"",5,4,"rawlj101","?","rawlj101","?","ringj101","?","ringj101","?","wilsj105","fonsl101","fribb101","hubec101","sandh101","mokaj101","leacf101","harpg101","moore102","","oldhr101","FC5.3-H(UR);1-2","F","F",4,2,19,"T","T",0,"F","F",0,"F","F",1,"F","F",5,"G","F","F","",0,0,"N",0,"N",0,"N",1,2,0,5,"","","","","F","F","F","F","F","F","F","F","F","ringj101","","ringj101","F","F","F","F","F","","","","",0,0,0,0,0,0,0,0,0,52,"PHI","PIT","PHI",0,"F","F",5,4,1,28,4,"T","F",5,3,"T","T","cuylk101","barnc102","T","T",9,1,51,0,0,0,1,9,50,"wilsj105","","wilsj105",0,0,0,0,0,0,0,0,0,0,0,0,1,"hubec101","F","F","F","F",0,0,0,5,0,0,0,0,0,0,F,F,"1925PHI.EVN.regular.event.csv",4295
"PHI192508280","PIT",6,0,1,0,0,"",6,4,"cuylk101","?","cuylk101","?","ringj101","?","ringj101","?","wilsj105","fonsl101","fribb101","hubec101","sandh101","mokaj101","leacf101","harpg101","rawlj101","moore102","","8/L","F","F",8,3,2,"T","T",0,"F","F",1,"F","F",0,"F","F",8,"L","F","F","",0,0,"N",0,"N",0,"N",0,1,2,0,"8","","","","F","F","F","F","F","F","F","F","F","ringj101","ringj101","","F","F","F","F","F","","","","",0,8,0,0,0,0,0,0,0,53,"PHI","PIT","PHI",0,"F","F",6,4,2,29,5,"T","F",3,3,"T","T","barnc102","trayp101","T","T",4,2,52,9,1,51,0,0,0,"wilsj105","wilsj105","",0,0,0,0,0,0,0,0,0,0,0,0,0,"leacf101","F","F","F","F",0,0,0,0,0,0,0,0,0,0,F,F,"1925PHI.EVN.regular.event.csv",4296
"PHI192508280","PIT",6,0,2,0,0,"",6,4,"barnc102","?","barnc102","?","ringj101","?","ringj101","?","wilsj105","fonsl101","fribb101","hubec101","sandh101","mokaj101","leacf101","harpg101","rawlj101","moore102","","FC6.2-3;1-2(E6/TH2)","F","F",7,4,19,"T","T",0,"F","F",0,"F","F",0,"F","F",6,"G","F","F","",1,6,"T",0,"N",0,"N",1,2,3,0,"","","","","F","F","F","F","F","F","F","F","F","ringj101","ringj101","","F","F","F","F","F","","","","",0,0,0,0,0,0,0,0,0,54,"PHI","PIT","PHI",0,"F","F",6,4,2,30,6,"T","F",3,7,"T","T","trayp101","wrigg102","T","T",4,2,52,9,1,51,0,0,0,"wilsj105","wilsj105","",0,0,0,0,0,0,0,0,0,0,0,0,0,"sandh101","F","F","F","F",0,0,0,0,0,0,0,0,0,0,F,F,"1925PHI.EVN.regular.event.csv",4297
"PHI192508280","PIT",6,0,2,0,0,"",6,4,"trayp101","?","trayp101","?","ringj101","?","ringj101","?","wilsj105","fonsl101","fribb101","hubec101","sandh101","mokaj101","leacf101","harpg101","barnc102","rawlj101","moore102","43","F","F",5,5,2,"T","T",0,"F","F",1,"F","F",0,"F","F",4,"G","F","F","",0,0,"N",0,"N",0,"N",0,1,2,3,"43","","","","F","F","F","F","F","F","F","F","F","ringj101","ringj101","ringj101","F","F","F","F","F","","","","",0,3,0,0,4,0,0,0,0,55,"PHI","PIT","PHI",0,"F","T",6,4,2,31,7,"T","F",7,7,"T","T","wrigg102","grang102","T","T",7,4,54,4,2,52,9,1,51,"wilsj105","wilsj105","wilsj105",0,0,0,0,0,0,0,0,0,0,0,0,0,"fribb101","F","F","F","F",0,0,0,0,0,0,0,0,0,0,F,F,"1925PHI.EVN.regular.event.csv",4298
"PHI192508280","PIT",6,1,0,0,0,"",6,4,"hubec101","?","hubec101","?","oldhr101","?","oldhr101","?","smite106","grang102","rawlj101","trayp101","wrigg102","barnc102","cuylk101","moore102","","","","43","T","F",5,6,2,"T","T",0,"F","F",1,"F","F",0,"F","F",4,"G","F","F","",0,0,"N",0,"N",0,"N",0,0,0,0,"43","","","","F","F","F","F","F","F","F","F","F","","","","F","F","F","F","F","","","","",0,3,0,0,4,0,0,0,0,56,"PHI","PHI","PIT",1,"T","F",4,6,0,23,0,"T","F",0,0,"T","T","fribb101","wilsj105","F","F",0,0,0,0,0,0,0,0,0,"","","",0,0,0,0,0,0,0,0,0,0,0,0,0,"rawlj101","F","F","F","F",0,0,0,0,0,0,0,0,0,0,F,F,"1925PHI.EVN.regular.event.csv",4299
"PHI192508280","PIT",6,1,1,0,0,"",6,4,"fribb101","?","fribb101","?","oldhr101","?","oldhr101","?","smite106","grang102","rawlj101","trayp101","wrigg102","barnc102","cuylk101","moore102","","","","K","F","F",4,7,3,"T","T",0,"F","F",1,"F","F",0,"F","F",0,"","F","F","",0,0,"N",0,"N",0,"N",0,0,0,0,"2","","","","F","F","F","F","F","F","F","F","F","","","","F","F","F","F","F","","","","",0,2,0,0,0,0,0,0,0,57,"PHI","PHI","PIT",1,"F","F",4,6,0,24,1,"T","F",0,0,"T","T","wilsj105","ringj101","F","F",0,0,0,0,0,0,0,0,0,"","","",0,0,0,0,0,0,0,0,0,0,0,0,0,"","F","F","F","F",0,0,0,0,0,0,0,0,0,0,F,F,"1925PHI.EVN.regular.event.csv",4300
"PHI192508280","PIT",6,1,2,0,0,"",6,4,"wilsj105","?","wilsj105","?","oldhr101","?","oldhr101","?","smite106","grang102","rawlj101","trayp101","wrigg102","barnc102","cuylk101","moore102","","","","3/FL","F","F",2,8,2,"T","T",0,"F","F",1,"F","F",0,"F","F",3,"F","F","T","",0,0,"N",0,"N",0,"N",0,0,0,0,"3","","","","F","F","F","F","F","F","F","F","F","","","","F","F","F","F","F","","","","",0,3,0,0,0,0,0,0,0,58,"PHI","PHI","PIT",1,"F","T",4,6,0,25,2,"T","F",0,0,"T","T","ringj101","sandh101","F","F",0,0,0,0,0,0,0,0,0,"","","",0,0,0,0,0,0,0,0,0,0,0,0,0,"grang102","F","F","F","F",0,0,0,0,0,0,0,0,0,0,F,F,"1925PHI.EVN.regular.event.csv",4301
"PHI192508280","PIT",7,0,0,0,0,"",6,4,"wrigg102","?","wrigg102","?","ringj101","?","ringj101","?","wilsj105","fonsl101","fribb101","hubec101","sandh101","mokaj101","leacf101","harpg101","","","","43","T","F",6,6,2,"T","T",0,"F","F",1,"F","F",0,"F","F",4,"G","F","F","",0,0,"N",0,"N",0,"N",0,0,0,0,"43","","","","F","F","F","F","F","F","F","F","F","","","","F","F","F","F","F","","","","",0,3,0,0,4,0,0,0,0,59,"PHI","PIT","PHI",0,"T","F",6,4,0,32,0,"T","F",0,0,"T","T","grang102","smite106","T","T",0,0,0,0,0,0,0,0,0,"","","",0,0,0,0,0,0,0,0,0,0,0,0,0,"fribb101","F","F","F","F",0,0,0,0,1,0,0,0,0,0,F,F,"1925PHI.EVN.regular.event.csv",4302
"PHI192508280","PIT",7,0,1,0,0,"",6,4,"grang102","?","grang102","?","ringj101","?","ringj101","?","wilsj105","fonsl101","fribb101","hubec101","sandh101","mokaj101","leacf101","harpg101","","","","HR/F9D","F","F",3,7,23,"T","T",4,"F","F",0,"F","F",1,"F","F",0,"F","F","F","9D",0,0,"N",0,"N",0,"N",4,0,0,0,"","","","","F","F","F","F","F","F","F","F","F","","","","F","F","F","F","F","","","","",0,0,0,0,0,0,0,0,0,60,"PHI","PIT","PHI",0,"F","F",6,4,0,33,1,"T","F",0,0,"T","T","smite106","oldhr101","T","T",0,0,0,0,0,0,0,0,0,"","","",0,0,0,0,0,0,0,0,0,0,0,0,1,"","F","F","F","F",4,0,0,0,0,0,0,0,0,0,F,F,"1925PHI.EVN.regular.event.csv",4303
"PHI192508280","PIT",7,0,1,0,0,"",7,4,"smite106","?","smite106","?","ringj101","?","ringj101","?","wilsj105","fonsl101","fribb101","hubec101","sandh101","mokaj101","leacf101","harpg101","","","","K/C","F","F",2,8,3,"T","T",0,"F","F",1,"F","F",0,"F","F",0,"","F","F","",0,0,"N",0,"N",0,"N",0,0,0,0,"2","","","","F","F","F","F","F","F","F","F","F","","","","F","F","F","F","F","","","","",0,2,0,0,0,0,0,0,0,61,"PHI","PIT","PHI",0,"F","F",7,4,1,34,2,"T","F",0,0,"T","T","oldhr101","moore102","T","T",0,0,0,0,0,0,0,0,0,"","","",0,0,0,0,0,0,0,0,0,0,0,0,0,"","F","F","F","F",0,0,0,0,0,0,0,0,0,0,F,F,"1925PHI.EVN.regular.event.csv",4304
"PHI192508280","PIT",7,0,2,0,0,"",7,4,"oldhr101","?","oldhr101","?","ringj101","?","ringj101","?","wilsj105","fonsl101","fribb101","hubec101","sandh101","mokaj101","leacf101","harpg101","","","","W","F","F",1,9,14,"T","F",0,"F","F",0,"F","F",0,"F","F",0,"","F","F","",0,0,"N",0,"N",0,"N",1,0,0,0,"","","","","F","F","F","F","F","F","F","F","F","","","","F","F","F","F","F","","","","",0,0,0,0,0,0,0,0,0,62,"PHI","PIT","PHI",0,"F","F",7,4,1,35,3,"T","F",0,1,"F","F","moore102","rawlj101","T","T",0,0,0,0,0,0,0,0,0,"","","",0,0,0,0,0,0,0,0,0,0,0,0,0,"","F","F","F","F",2,0,0,0,0,0,0,0,0,0,F,F,"1925PHI.EVN.regular.event.csv",4305
"PHI192508280","PIT",7,0,2,0,0,"",7,4,"moore102","?","moore102","?","ringj101","?","ringj101","?","wilsj105","fonsl101","fribb101","hubec101","sandh101","mokaj101","leacf101","harpg101","oldhr101","","","S/G.1-2","F","F",9,1,20,"T","T",1,"F","F",0,"F","F",0,"F","F",0,"G","F","F","",0,0,"N",0,"N",0,"N",1,2,0,0,"","","","","F","F","F","F","F","F","F","F","F","ringj101","","","F","F","F","F","F","","","","",0,0,0,0,0,0,0,0,0,63,"PHI","PIT","PHI",0,"F","F",7,4,1,36,4,"T","F",1,3,"T","T","rawlj101","cuylk101","T","T",1,9,62,0,0,0,0,0,0,"wilsj105","","",0,0,0,0,0,0,0,0,0,0,0,0,0,"","F","F","F","F",1,2,0,0,0,0,0,0,0,0,F,F,"1925PHI.EVN.regular.event.csv",4306
"PHI192508280","PIT",7,0,2,0,0,"",7,4,"rawlj101","?","rawlj101","?","ringj101","?","ringj101","?","wilsj105","fonsl101","fribb101","hubec101","sandh101","mokaj101","leacf101","harpg101","moore102","oldhr101","","K","F","F",4,2,3,"T","T",0,"F","F",1,"F","F",0,"F","F",0,"","F","F","",0,0,"N",0,"N",0,"N",0,1,2,0,"2","","","","F","F","F","F","F","F","F","F","F","ringj101","ringj101","","F","F","F","F","F","","","","",0,2,0,0,0,0,0,0,0,64,"PHI","PIT","PHI",0,"F","T",7,4,1,37,5,"T","F",3,3,"T","T","cuylk101","barnc102","T","T",9,1,63,1,9,62,0,0,0,"wilsj105","wilsj105","",0,0,0,0,0,0,0,0,0,0,0,0,0,"","F","F","F","F",0,1,2,0,0,0,0,0,0,0,F,F,"1925PHI.EVN.regular.event.csv",4307
"PHI192508280","PIT",7,1,0,0,0,"",7,4,"burng101","?","burng101","?","oldhr101","?","oldhr101","?","smite106","grang102","rawlj101","trayp101","wrigg102","barnc102","cuylk101","moore102","","","","4/P","T","T",11,9,2,"T","T",0,"F","F",1,"F","F",0,"F","F",4,"P","F","F","",0,0,"N",0,"N",0,"N",0,0,0,0,"4","","","","F","F","F","F","F","F","F","F","F","","","","F","F","F","F","F","","","","ringj101",1,4,0,0,0,0,0,0,0,65,"PHI","PHI","PIT",1,"T","F",4,7,0,26,0,"T","F",0,0,"F","F","sandh101","leacf101","F","F",0,0,0,0,0,0,0,0,0,"","","",0,0,0,0,0,0,0,0,0,0,0,0,0,"rawlj101","F","F","F","F",0,0,0,0,0,0,0,0,0,0,F,F,"1925PHI.EVN.regular.event.csv",4308
"PHI192508280","PIT",7,1,1,0,0,"",7,4,"sandh101","?","sandh101","?","oldhr101","?","oldhr101","?","smite106","grang102","rawlj101","trayp101","wrigg102","barnc102","cuylk101","moore102","","","","43","F","F",6,1,2,"T","T",0,"F","F",1,"F","F",0,"F","F",4,"G","F","F","",0,0,"N",0,"N",0,"N",0,0,0,0,"43","","","","F","F","F","F","F","F","F","F","F","","","","F","F","F","F","F","","","","",0,3,0,0,4,0,0,0,0,66,"PHI","PHI","PIT",1,"F","F",4,7,0,27,1,"T","F",0,0,"T","T","leacf101","mokaj101","F","F",0,0,0,0,0,0,0,0,0,"","","",0,0,0,0,0,0,0,0,0,0,0,0,0,"rawlj101","F","F","F","F",0,0,0,0,0,0,0,0,0,0,F,F,"1925PHI.EVN.regular.event.csv",4309
"PHI192508280","PIT",7,1,2,0,0,"",7,4,"leacf101","?","leacf101","?","oldhr101","?","oldhr101","?","smite106","grang102","rawlj101","trayp101","wrigg102","barnc102","cuylk101","moore102","","","","13","F","F",8,2,2,"T","T",0,"F","F",1,"F","F",0,"F","F",1,"G","F","F","",0,0,"N",0,"N",0,"N",0,0,0,0,"13","","","","F","F","F","F","F","F","F","F","F","","","","F","F","F","F","F","","","","",0,3,0,0,1,0,0,0,0,67,"PHI","PHI","PIT",1,"F","T",4,7,0,28,2,"T","F",0,0,"T","T","mokaj101","harpg101","F","F",0,0,0,0,0,0,0,0,0,"","","",0,0,0,0,0,0,0,0,0,0,0,0,0,"oldhr101","F","F","F","F",0,0,0,0,0,0,0,0,0,0,F,F,"1925PHI.EVN.regular.event.csv",4310
"PHI192508280","PIT",8,0,0,0,0,"X",7,4,"cuylk101","?","cuylk101","?","pierr101","?","pierr101","?","wilsj105","fonsl101","fribb101","hubec101","sandh101","mokaj101","leacf101","burng101","","","","HR8/L8+/IPHR","T","F",8,3,23,"T","T",4,"F","F",0,"F","F",1,"F","F",8,"L","F","F","8",0,0,"N",0,"N",0,"N",4,0,0,0,"","","","","F","F","F","F","F","F","F","F","F","","","","F","F","F","F","F","","","","",0,0,0,0,0,0,0,0,0,68,"PHI","PIT","PHI",0,"T","F",7,4,0,38,0,"T","F",0,0,"T","T","barnc102","trayp101","F","F",0,0,0,0,0,0,0,0,0,"","","",0,0,0,0,0,0,1,0,0,0,1,0,1,"leacf101","F","F","F","F",4,0,0,0,0,0,0,0,0,0,F,F,"1925PHI.EVN.regular.event.csv",4311
"PHI192508280","PIT",8,0,0,0,0,"",8,4,"barnc102","?","barnc102","?","pierr101","?","pierr101","?","wilsj105","fonsl101","fribb101","hubec101","sandh101","mokaj101","leacf101","burng101","","","","S7","F","F",7,4,20,"T","T",1,"F","F",0,"F","F",0,"F","F",7,"","F","F","",0,0,"N",0,"N",0,"N",1,0,0,0,"","","","","F","F","F","F","F","F","F","F","F","","","","F","F","F","F","F","","","","",0,0,0,0,0,0,0,0,0,69,"PHI","PIT","PHI",0,"F","F",8,4,1,39,1,"T","F",0,1,"T","T","trayp101","wrigg102","F","F",0,0,0,0,0,0,0,0,0,"","","",0,0,0,0,0,0,0,0,0,0,0,0,0,"mokaj101","F","F","F","F",0,0,0,0,0,0,0,0,0,0,F,F,"1925PHI.EVN.regular.event.csv",4312
"PHI192508280","PIT",8,0,0,0,0,"",8,4,"trayp101","?","trayp101","?","pierr101","?","pierr101","?","wilsj105","fonsl101","fribb101","hubec101","sandh101","mokaj101","leacf101","burng101","barnc102","","","3/FL","F","F",5,5,2,"T","T",0,"F","F",1,"F","F",0,"F","F",3,"F","F","T","",0,0,"N",0,"N",0,"N",0,1,0,0,"3","","","","F","F","F","F","F","F","F","F","F","pierr101","","","F","F","F","F","F","","","","",0,3,0,0,0,0,0,0,0,70,"PHI","PIT","PHI",0,"F","F",8,4,1,40,2,"T","F",1,1,"T","T","wrigg102","grang102","F","F",7,4,69,0,0,0,0,0,0,"wilsj105","","",0,0,0,0,0,0,0,0,0,0,0,0,0,"fonsl101","F","F","F","F",0,0,0,0,0,0,0,0,0,0,F,F,"1925PHI.EVN.regular.event.csv",4313
"PHI192508280","PIT",8,0,1,0,0,"",8,4,"wrigg102","?","wrigg102","?","pierr101","?","pierr101","?","wilsj105","fonsl101","fribb101","hubec101","sandh101","mokaj101","leacf101","burng101","barnc102","","","S5/G.1-2","F","F",6,6,20,"T","T",1,"F","F",0,"F","F",0,"F","F",5,"G","F","F","",0,0,"N",0,"N",0,"N",1,2,0,0,"","","","","F","F","F","F","F","F","F","F","F","pierr101","","","F","F","F","F","F","","","","",0,0,0,0,0,0,0,0,0,71,"PHI","PIT","PHI",0,"F","F",8,4,1,41,3,"T","F",1,3,"T","T","grang102","smite106","F","F",7,4,69,0,0,0,0,0,0,"wilsj105","","",0,0,0,0,0,0,0,0,0,0,0,0,0,"hubec101","F","F","F","F",2,0,0,0,0,0,0,0,0,0,F,F,"1925PHI.EVN.regular.event.csv",4314
"PHI192508280","PIT",8,0,1,0,0,"",8,4,"mcins101","?","mcins101","?","pierr101","?","pierr101","?","wilsj105","fonsl101","fribb101","hubec101","sandh101","mokaj101","leacf101","burng101","wrigg102","barnc102","","W.2-3;1-2","F","T",11,7,14,"T","F",0,"F","F",0,"F","F",0,"F","F",0,"","F","F","",0,0,"N",0,"N",0,"N",1,2,3,0,"","","","","F","F","F","F","F","F","F","F","F","pierr101","pierr101","","F","F","F","F","F","","","","grang102",3,0,0,0,0,0,0,0,0,72,"PHI","PIT","PHI",0,"F","F",8,4,1,42,4,"T","F",3,7,"F","F","smite106","oldhr101","F","F",6,6,71,7,4,69,0,0,0,"wilsj105","wilsj105","",0,0,0,0,0,0,0,0,0,0,0,0,0,"","F","F","F","F",1,2,0,0,0,0,0,0,0,0,F,F,"1925PHI.EVN.regular.event.csv",4315
"PHI192508280","PIT",8,0,1,0,0,"",8,4,"smite106","?","smite106","?","pierr101","?","pierr101","?","wilsj105","fonsl101","fribb101","hubec101","sandh101","mokaj101","leacf101","burng101","mcins101","wrigg102","barnc102","32(3)3/GDP","F","F",2,8,2,"T","T",0,"F","F",2,"T","F",0,"F","F",3,"G","F","F","",0,0,"N",0,"N",0,"N",0,1,2,0,"23","","","32","F","F","F","F","F","F","F","F","F","pierr101","pierr101","pierr101","F","F","F","F","F","","","","",0,2,3,0,3,2,0,0,0,73,"PHI","PIT","PHI",0,"F","T",8,4,1,43,5,"T","F",7,3,"T","T","oldhr101","moore102","F","F",0,7,72,6,6,71,7,4,69,"wilsj105","wilsj105","wilsj105",0,0,0,0,0,0,0,0,0,0,0,0,0,"fonsl101","F","F","T","F",0,1,2,0,0,0,0,0,0,0,F,F,"1925PHI.EVN.regular.event.csv",4316
"PHI192508280","PIT",8,1,0,0,0,"",8,4,"mokaj101","?","mokaj101","?","oldhr101","?","oldhr101","?","smite106","mcins101","rawlj101","trayp101","wrigg102","barnc102","cuylk101","moore102","","","","13/G+","T","F",7,3,2,"T","T",0,"F","F",1,"F","F",0,"F","F",1,"G","F","F","",0,0,"N",0,"N",0,"N",0,0,0,0,"13","","","","F","F","F","F","F","F","F","F","F","","","","F","F","F","F","F","","","","",0,3,0,0,1,0,0,0,0,74,"PHI","PHI","PIT",1,"T","F",4,8,0,29,0,"T","F",0,0,"F","F","pierr101","fonsl101","F","F",0,0,0,0,0,0,0,0,0,"","","",0,0,0,0,0,0,0,0,0,0,0,0,0,"oldhr101","F","F","F","F",0,0,0,0,0,0,0,0,0,0,F,F,"1925PHI.EVN.regular.event.csv",4317
"PHI192508280","PIT",8,1,1,0,0,"",8,4,"kimmw101","?","kimmw101","?","oldhr101","?","oldhr101","?","smite106","mcins101","rawlj101","trayp101","wrigg102","barnc102","cuylk101","moore102","","","","W","F","T",11,4,14,"T","F",0,"F","F",0,"F","F",0,"F","F",0,"","F","F","",0,0,"N",0,"N",0,"N",1,0,0,0,"","","","","F","F","F","F","F","F","F","F","F","","","","F","F","F","F","F","","","","pierr101",1,0,0,0,0,0,0,0,0,75,"PHI","PHI","PIT",1,"F","F",4,8,0,30,1,"T","F",0,1,"F","F","fonsl101","hubec101","F","F",0,0,0,0,0,0,0,0,0,"","","",0,0,0,0,0,0,0,0,0,0,0,0,0,"","F","F","F","F",3,0,0,0,0,0,0,0,0,0,F,F,"1925PHI.EVN.regular.event.csv",4318
"PHI192508280","PIT",8,1,1,0,0,"",8,4,"fonsl101","?","fonsl101","?","oldhr101","?","oldhr101","?","smite106","mcins101","rawlj101","trayp101","wrigg102","barnc102","cuylk101","moore102","kimmw101","","","S8.1-3","F","F",3,5,20,"T","T",1,"F","F",0,"F","F",0,"F","F",8,"","F","F","",0,0,"N",0,"N",0,"N",1,3,0,0,"","","","","F","F","F","F","F","F","F","F","F","oldhr101","","","F","F","F","F","F","","","","",0,0,0,0,0,0,0,0,0,76,"PHI","PHI","PIT",1,"F","F",4,8,0,31,2,"T","F",1,5,"T","T","hubec101","fribb101","F","F",0,4,75,0,0,0,0,0,0,"smite106","","",0,0,0,0,0,0,0,0,0,0,0,0,0,"cuylk101","F","F","F","F",0,3,0,0,0,0,0,0,0,0,F,F,"1925PHI.EVN.regular.event.csv",4319
"PHI192508280","PIT",8,1,1,0,0,"",8,4,"hubec101","?","hubec101","?","oldhr101","?","oldhr101","?","smite106","mcins101","rawlj101","trayp101","wrigg102","barnc102","cuylk101","moore102","fonsl101","","kimmw101","W.1-2","F","F",5,6,14,"T","F",0,"F","F",0,"F","F",0,"F","F",0,"","F","F","",0,0,"N",0,"N",0,"N",1,2,0,3,"","","","","F","F","F","F","F","F","F","F","F","oldhr101","","oldhr101","F","F","F","F","F","","","","",0,0,0,0,0,0,0,0,0,77,"PHI","PHI","PIT",1,"F","F",4,8,0,32,3,"T","F",5,7,"T","T","fribb101","wilsj105","F","F",3,5,76,0,0,0,0,4,75,"smite106","","smite106",0,0,0,0,0,0,0,0,0,0,0,0,0,"","F","F","F","F",1,0,0,3,0,0,0,0,0,0,F,F,"1925PHI.EVN.regular.event.csv",4320
"PHI192508280","PIT",8,1,1,0,0,"",8,4,"fribb101","?","fribb101","?","adamb104","?","adamb104","?","smite106","mcins101","rawlj101","trayp101","wrigg102","barnc102","cuylk101","moore102","hubec101","fonsl101","kimmw101","5/P","F","F",4,7,2,"T","T",0,"F","F",1,"F","F",0,"F","F",5,"P","F","F","",0,0,"N",0,"N",0,"N",0,1,2,3,"5","","","","F","F","F","F","F","F","F","F","F","oldhr101","oldhr101","oldhr101","F","F","F","F","F","","","","",0,5,0,0,0,0,0,0,0,78,"PHI","PHI","PIT",1,"F","F",4,8,0,33,4,"T","F",7,7,"T","T","wilsj105","burng101","F","F",5,6,77,3,5,76,0,4,75,"smite106","smite106","smite106",0,0,0,0,0,0,0,0,0,0,0,0,0,"trayp101","F","F","F","F",0,1,0,3,0,0,0,0,0,0,F,F,"1925PHI.EVN.regular.event.csv",4321
"PHI192508280","PIT",8,1,2,0,0,"",8,4,"wilsj105","?","wilsj105","?","adamb104","?","adamb104","?","smite106","mcins101","rawlj101","trayp101","wrigg102","barnc102","cuylk101","moore102","hubec101","fonsl101","kimmw101","5(2)/FO","F","F",2,8,2,"T","T",0,"F","F",1,"F","F",0,"F","F",5,"G","F","F","",0,0,"N",0,"N",0,"N",1,1,0,3,"","","5","","F","F","F","F","F","F","F","F","F","oldhr101","oldhr101","oldhr101","F","F","F","F","F","","","","",0,5,0,0,0,0,0,0,0,79,"PHI","PHI","PIT",1,"F","T",4,8,0,34,5,"T","F",7,5,"T","T","burng101","sandh101","F","F",5,6,77,3,5,76,0,4,75,"smite106","smite106","smite106",0,0,0,0,0,0,0,0,0,0,0,0,0,"trayp101","F","T","F","F",1,1,0,3,0,0,0,0,0,0,F,F,"1925PHI.EVN.regular.event.csv",4322
"PHI192508280","PIT",9,0,0,0,0,"",8,4,"adamb104","?","adamb104","?","oneas101","?","oneas101","?","wilsj105","fonsl101","fribb101","hubec101","sandh101","mokaj101","leacf101","burng101","","","","W","T","F",1,9,14,"T","F",0,"F","F",0,"F","F",0,"F","F",0,"","F","F","",0,0,"N",0,"N",0,"N",1,0,0,0,"","","","","F","F","F","F","F","F","F","F","F","","","","F","F","F","F","F","","","","",0,0,0,0,0,0,0,0,0,80,"PHI","PIT","PHI",0,"T","F",8,4,0,44,0,"T","F",0,1,"F","F","moore102","rawlj101","F","F",0,0,0,0,0,0,0,0,0,"","","",0,0,0,0,0,0,0,0,0,0,0,0,0,"","F","F","F","F",0,0,0,0,2,0,0,0,0,0,F,F,"1925PHI.EVN.regular.event.csv",4323
"PHI192508280","PIT",9,0,0,0,0,"",8,4,"moore102","?","moore102","?","oneas101","?","oneas101","?","wilsj105","fonsl101","fribb101","hubec101","sandh101","mokaj101","leacf101","burng101","adamb104","","","64(1)/FO","F","F",9,1,2,"T","T",0,"F","F",1,"F","F",0,"F","F",6,"G","F","F","",0,0,"N",0,"N",0,"N",1,0,0,0,"","64","","","F","F","F","F","F","F","F","F","F","oneas101","","","F","F","F","F","F","","","","",0,4,0,0,6,0,0,0,0,81,"PHI","PIT","PHI",0,"F","F",8,4,0,45,1,"T","F",1,1,"T","T","rawlj101","cuylk101","F","F",1,9,80,0,0,0,0,0,0,"wilsj105","","",0,0,0,0,0,0,0,0,0,0,0,0,0,"sandh101","T","F","F","F",4,0,0,0,2,0,0,0,0,0,F,F,"1925PHI.EVN.regular.event.csv",4324
"PHI192508280","PIT",9,0,1,0,0,"",8,4,"rawlj101","?","rawlj101","?","oneas101","?","oneas101","?","wilsj105","fonsl101","fribb101","hubec101","sandh101","mokaj101","leacf101","burng101","moore102","","","8/F","F","F",4,2,2,"T","T",0,"F","F",1,"F","F",0,"F","F",8,"F","F","F","",0,0,"N",0,"N",0,"N",0,1,0,0,"8","","","","F","F","F","F","F","F","F","F","F","oneas101","","","F","F","F","F","F","","","","",0,8,0,0,0,0,0,0,0,82,"PHI","PIT","PHI",0,"F","F",8,4,0,46,2,"T","F",1,1,"T","T","cuylk101","barnc102","F","F",9,1,81,0,0,0,0,0,0,"wilsj105","","",0,0,0,0,0,0,0,0,0,0,0,0,0,"leacf101","F","F","F","F",0,4,0,0,2,0,0,0,0,0,F,F,"1925PHI.EVN.regular.event.csv",4325
"PHI192508280","PIT",9,0,2,0,0,"",8,4,"cuylk101","?","cuylk101","?","oneas101","?","oneas101","?","wilsj105","fonsl101","fribb101","hubec101","sandh101","mokaj101","leacf101","burng101","moore102","","","S2/G2.1-2","F","F",8,3,20,"T","T",1,"F","F",0,"F","F",0,"F","F",2,"G","F","F","2",0,0,"N",0,"N",0,"N",1,2,0,0,"","","","","F","F","F","F","F","F","F","F","F","oneas101","","","F","F","F","F","F","","","","",0,0,0,0,0,0,0,0,0,83,"PHI","PIT","PHI",0,"F","F",8,4,0,47,3,"T","F",1,3,"T","T","barnc102","trayp101","F","F",9,1,81,0,0,0,0,0,0,"wilsj105","","",0,0,0,0,0,0,0,0,0,0,0,0,0,"wilsj105","F","F","F","F",5,4,0,0,2,0,0,0,0,0,F,F,"1925PHI.EVN.regular.event.csv",4326
"PHI192508280","PIT",9,0,2,0,0,"",8,4,"barnc102","?","barnc102","?","oneas101","?","oneas101","?","wilsj105","fonsl101","fribb101","hubec101","sandh101","mokaj101","leacf101","burng101","cuylk101","moore102","","S8.2-H;1-3","F","F",7,4,20,"T","T",1,"F","F",0,"F","F",1,"F","F",8,"","F","F","",0,0,"N",0,"N",0,"N",1,3,4,0,"","","","","F","F","F","F","F","F","F","F","F","oneas101","oneas101","","F","F","F","F","F","","","","",0,0,0,0,0,0,0,0,0,84,"PHI","PIT","PHI",0,"F","F",8,4,0,48,4,"T","F",3,5,"T","T","trayp101","wrigg102","F","F",8,3,83,9,1,81,0,0,0,"wilsj105","wilsj105","",0,0,0,0,0,0,0,0,0,0,0,0,1,"leacf101","F","F","F","F",3,5,4,0,1,0,0,0,0,0,F,F,"1925PHI.EVN.regular.event.csv",4327
"PHI192508280","PIT",9,0,2,0,0,"",9,4,"trayp101","?","trayp101","?","oneas101","?","oneas101","?","wilsj105","fonsl101","fribb101","hubec101","sandh101","mokaj101","leacf101","burng101","barnc102","","cuylk101","E6/G.3-H(NR)(UR);1-3","F","F",5,5,18,"T","T",0,"F","F",0,"F","F",0,"F","F",6,"G","F","F","",1,6,"F",0,"N",0,"N",1,3,0,5,"","","","","F","F","F","F","F","F","F","F","F","oneas101","","oneas101","F","F","F","F","F","","","","",0,0,0,0,0,0,0,0,0,85,"PHI","PIT","PHI",0,"F","F",9,4,1,49,5,"T","F",5,5,"T","T","wrigg102","mcins101","F","F",7,4,84,0,0,0,8,3,83,"wilsj105","","wilsj105",0,0,0,0,0,0,0,0,0,0,0,0,1,"sandh101","F","F","F","T",1,3,0,5,0,0,0,0,0,0,F,F,"1925PHI.EVN.regular.event.csv",4328
"PHI192508280","PIT",9,0,2,0,0,"",10,4,"wrigg102","?","wrigg102","?","oneas101","?","oneas101","?","wilsj105","fonsl101","fribb101","hubec101","sandh101","mokaj101","leacf101","burng101","trayp101","","barnc102","4/P","F","F",6,6,2,"T","T",0,"F","F",1,"F","F",0,"F","F",4,"P","F","F","",0,0,"N",0,"N",0,"N",0,1,0,3,"4","","","","F","F","F","F","F","F","F","F","F","oneas101","","oneas101","F","F","F","F","F","","","","",0,4,0,0,0,0,0,0,0,86,"PHI","PIT","PHI",0,"F","T",10,4,2,50,6,"T","F",5,5,"T","T","mcins101","smite106","F","F",5,5,85,0,0,0,7,4,84,"wilsj105","","wilsj105",0,0,0,0,0,0,0,0,0,0,0,0,0,"fribb101","F","F","F","F",0,1,0,3,0,0,0,0,0,0,F,F,"1925PHI.EVN.regular.event.csv",4329
"PHI192508280","PIT",9,1,0,0,0,"",10,4,"hawkc101","?","hawkc101","?","adamb104","?","adamb104","?","smite106","mcins101","rawlj101","trayp101","wrigg102","barnc102","cuylk101","moore102","","","","S9","T","T",11,9,20,"T","T",1,"F","F",0,"F","F",0,"F","F",9,"","F","F","",0,0,"N",0,"N",0,"N",1,0,0,0,"","","","","F","F","F","F","F","F","F","F","F","","","","F","F","F","F","F","","","","burng101",9,0,0,0,0,0,0,0,0,87,"PHI","PHI","PIT",1,"T","F",4,10,0,35,0,"T","F",0,1,"F","F","sandh101","leacf101","F","F",0,0,0,0,0,0,0,0,0,"","","",0,0,0,0,0,0,0,0,0,0,0,0,0,"moore102","F","F","F","F",4,0,0,0,5,0,0,0,0,0,F,F,"1925PHI.EVN.regular.event.csv",4330
"PHI192508280","PIT",9,1,0,0,0,"",10,4,"wrigr102","?","wrigr102","?","adamb104","?","adamb104","?","smite106","mcins101","rawlj101","trayp101","wrigg102","barnc102","cuylk101","moore102","hawkc101","","","S9.1-2","F","T",11,1,20,"T","T",1,"F","F",0,"F","F",0,"F","F",9,"","F","F","",0,0,"N",0,"N",0,"N",1,2,0,0,"","","","","F","F","F","F","F","F","F","F","F","adamb104","","","F","F","F","F","F","","","","sandh101",6,0,0,0,0,0,0,0,0,88,"PHI","PHI","PIT",1,"F","F",4,10,0,36,1,"T","F",1,3,"F","F","leacf101","mokaj101","F","F",11,9,87,0,0,0,0,0,0,"smite106","","",0,0,0,0,0,0,0,0,0,0,0,0,0,"moore102","F","F","F","F",4,4,0,0,5,0,0,0,0,0,F,F,"1925PHI.EVN.regular.event.csv",4331
"PHI192508280","PIT",9,1,0,0,0,"",10,4,"leacf101","?","leacf101","?","adamb104","?","adamb104","?","smite106","mcins101","rawlj101","trayp101","wrigg102","barnc102","cuylk101","moore102","wrigr102","hawkc101","","S9/L9DW.2-H;1-3","F","F",8,2,20,"T","T",1,"F","F",0,"F","F",1,"F","F",9,"L","F","F","9DW",0,0,"N",0,"N",0,"N",1,3,4,0,"","","","","F","F","F","F","F","F","F","F","F","adamb104","adamb104","","F","F","F","F","F","","","","",0,0,0,0,0,0,0,0,0,89,"PHI","PHI","PIT",1,"F","F",4,10,0,37,2,"T","F",3,5,"T","T","mokaj101","oneas101","F","F",0,1,88,0,9,87,0,0,0,"smite106","smite106","",0,0,0,0,0,0,0,0,0,0,0,0,1,"moore102","F","F","F","F",4,4,4,0,4,0,0,0,0,0,F,F,"1925PHI.EVN.regular.event.csv",4332
"PHI192508280","PIT",9,1,0,0,0,"",10,5,"mokaj101","?","mokaj101","?","adamb104","?","adamb104","?","smite106","mcins101","rawlj101","trayp101","wrigg102","barnc102","cuylk101","moore102","leacf101","","wrigr102","W.1-2","F","F",7,3,14,"T","F",0,"F","F",0,"F","F",0,"F","F",0,"","F","F","",0,0,"N",0,"N",0,"N",1,2,0,3,"","","","","F","F","F","F","F","F","F","F","F","adamb104","","adamb104","F","F","F","F","F","","","","",0,0,0,0,0,0,0,0,0,90,"PHI","PHI","PIT",1,"F","F",5,10,1,38,3,"T","F",5,7,"F","F","oneas101","fonsl101","F","F",8,2,89,0,0,0,0,1,88,"smite106","","smite106",0,0,0,0,0,0,0,0,0,0,0,0,0,"","F","F","F","F",0,4,0,4,4,0,0,0,0,0,F,F,"1925PHI.EVN.regular.event.csv",4333
"PHI192508280","PIT",9,1,0,0,0,"",10,5,"mitcc102","?","mitcc102","?","adamb104","?","adamb104","?","smite106","mcins101","rawlj101","trayp101","wrigg102","barnc102","cuylk101","moore102","mokaj101","leacf101","wrigr102","6(1)3/GDP.3-H(RBI);2-3","F","T",11,4,2,"T","T",0,"F","F",2,"T","F",1,"F","F",6,"G","F","F","",0,0,"N",0,"N",0,"N",0,0,3,4,"63","6","","","F","F","F","F","F","F","F","F","F","adamb104","adamb104","adamb104","F","F","F","F","F","","","","oneas101",1,6,3,0,6,0,0,0,0,91,"PHI","PHI","PIT",1,"F","F",5,10,1,39,4,"T","F",7,4,"F","F","fonsl101","hubec101","F","F",7,3,90,8,2,89,11,1,88,"smite106","smite106","smite106",0,0,0,0,0,0,0,0,0,0,0,0,1,"wrigg102","T","F","F","F",0,0,4,4,3,0,0,0,0,0,F,F,"1925PHI.EVN.regular.event.csv",4334
"PHI192508280","PIT",9,1,2,0,0,"",10,6,"fonsl101","?","fonsl101","?","adamb104","?","adamb104","?","smite106","mcins101","rawlj101","trayp101","wrigg102","barnc102","cuylk101","moore102","","","leacf101","S7.3-H","F","F",3,5,20,"T","T",1,"F","F",0,"F","F",1,"F","F",7,"","F","F","",0,0,"N",0,"N",0,"N",1,0,0,4,"","","","","F","F","F","F","F","F","F","F","F","","","adamb104","F","F","F","F","F","","","","",0,0,0,0,0,0,0,0,0,92,"PHI","PHI","PIT",1,"F","F",6,10,2,40,5,"T","F",4,1,"T","T","hubec101","fribb101","F","F",0,0,0,0,0,0,8,2,89,"","","smite106",0,0,0,0,0,0,0,0,0,0,0,0,1,"barnc102","F","F","F","F",4,0,0,4,2,0,0,0,0,0,F,F,"1925PHI.EVN.regular.event.csv",4335
"PHI192508280","PIT",9,1,2,0,0,"",10,7,"hubec101","?","hubec101","?","adamb104","?","adamb104","?","smite106","mcins101","rawlj101","trayp101","wrigg102","barnc102","cuylk101","moore102","fonsl101","","","S9.1-2","F","F",5,6,20,"T","T",1,"F","F",0,"F","F",0,"F","F",9,"","F","F","",0,0,"N",0,"N",0,"N",1,2,0,0,"","","","","F","F","F","F","F","F","F","F","F","adamb104","","","F","F","F","F","F","","","","",0,0,0,0,0,0,0,0,0,93,"PHI","PHI","PIT",1,"F","F",7,10,3,41,6,"T","F",1,3,"T","T","fribb101","wilsj105","F","F",3,5,92,0,0,0,0,0,0,"smite106","","",0,0,0,0,0,0,0,0,0,0,0,0,0,"moore102","F","F","F","F",4,4,0,0,2,0,0,0,0,0,F,F,"1925PHI.EVN.regular.event.csv",4336
"PHI192508280","PIT",9,1,2,0,0,"",10,7,"fribb101","?","fribb101","?","sheet102","?","sheet102","?","smite106","mcins101","rawlj101","trayp101","wrigg102","barnc102","cuylk101","moore102","hubec101","fonsl101","","S8.2-H;1-3","F","F",4,7,20,"T","T",1,"F","F",0,"F","F",1,"F","F",8,"","F","F","",0,0,"N",0,"N",0,"N",1,3,4,0,"","","","","F","F","F","F","F","F","F","F","F","adamb104","adamb104","","F","F","F","F","F","","","","",0,0,0,0,0,0,0,0,0,94,"PHI","PHI","PIT",1,"F","F",7,10,3,42,7,"T","F",3,5,"T","T","wilsj105","hawkc101","F","F",5,6,93,3,5,92,0,0,0,"smite106","smite106","",0,0,0,0,0,0,0,0,0,0,0,0,1,"cuylk101","F","F","F","F",2,4,4,0,1,0,0,0,0,0,F,F,"1925PHI.EVN.regular.event.csv",4337
"PHI192508280","PIT",9,1,2,0,0,"",10,8,"wilsj105","?","wilsj105","?","sheet102","?","sheet102","?","smite106","mcins101","rawlj101","trayp101","wrigg102","barnc102","cuylk101","moore102","fribb101","","hubec101","S8.3-H;1-2","F","F",2,8,20,"T","T",1,"F","F",0,"F","F",1,"F","F",8,"","F","F","",0,0,"N",0,"N",0,"N",1,2,0,4,"","","","","F","F","F","F","F","F","F","F","F","sheet102","","adamb104","F","F","F","F","F","","","","",0,0,0,0,0,0,0,0,0,95,"PHI","PHI","PIT",1,"F","F",8,10,4,43,8,"T","F",5,3,"T","T","hawkc101","wrigr102","F","F",4,7,94,0,0,0,5,6,93,"smite106","","smite106",0,0,0,0,0,0,0,0,0,0,0,0,1,"cuylk101","F","F","F","F",1,2,0,4,0,0,0,0,0,0,F,F,"1925PHI.EVN.regular.event.csv",4338
"PHI192508280","PIT",9,1,2,0,0,"",10,9,"hawkc101","?","hawkc101","?","kremr101","?","kremr101","?","smite106","mcins101","rawlj101","trayp101","wrigg102","barnc102","cuylk101","moore102","wilsj105","fribb101","","7/L78","F","F",0,9,2,"T","T",0,"F","F",1,"F","F",0,"F","F",7,"L","F","F","78",0,0,"N",0,"N",0,"N",0,1,2,0,"7","","","","F","F","F","F","F","F","F","F","F","sheet102","sheet102","","F","T","F","F","F","","","","",0,7,0,0,0,0,0,0,0,96,"PHI","PHI","PIT",1,"F","T",9,10,5,44,9,"T","F",3,3,"F","F","wrigr102","leacf101","F","F",2,8,95,4,7,94,0,0,0,"smite106","smite106","",0,0,0,0,0,0,0,0,0,0,0,0,0,"barnc102","F","F","F","F",0,1,2,0,0,0,0,0,0,0,F,F,"1925PHI.EVN.regular.event.csv",4339
"PHI192508291","PIT",1,0,0,0,0,"",0,0,"moore102","?","moore102","?","decaa101","?","decaa101","?","wilsj105","fonsl101","fribb101","hubec101","kimmw101","mokaj101","leacf101","burng101","","","","W","T","F",9,1,14,"T","F",0,"F","F",0,"F","F",0,"F","F",0,"","F","F","",0,0,"N",0,"N",0,"N",1,0,0,0,"","","","","F","F","F","F","F","F","F","F","F","","","","T","F","F","F","F","","","","",0,0,0,0,0,0,0,0,0,1,"PHI","PIT","PHI",0,"T","F",0,0,0,0,0,"T","F",0,1,"T","T","rawlj101","cuylk101","T","T",0,0,0,0,0,0,0,0,0,"","","",0,0,0,0,0,0,0,0,0,0,0,0,0,"","F","F","F","F",0,0,0,0,0,0,0,0,0,0,F,F,"1925PHI.EVN.regular.event.csv",4340
"PHI192508291","PIT",1,0,0,0,0,"",0,0,"rawlj101","?","rawlj101","?","decaa101","?","decaa101","?","wilsj105","fonsl101","fribb101","hubec101","kimmw101","mokaj101","leacf101","burng101","moore102","","","64(1)/FO","F","F",4,2,2,"T","T",0,"F","F",1,"F","F",0,"F","F",6,"G","F","F","",0,0,"N",0,"N",0,"N",1,0,0,0,"","64","","","F","F","F","F","F","F","F","F","F","decaa101","","","F","F","F","F","F","","","","",0,4,0,0,6,0,0,0,0,2,"PHI","PIT","PHI",0,"F","F",0,0,0,1,1,"T","F",1,1,"T","T","cuylk101","barnc102","T","T",9,1,1,0,0,0,0,0,0,"wilsj105","","",0,0,0,0,0,0,0,0,0,0,0,0,0,"kimmw101","T","F","F","F",0,0,0,0,0,0,0,0,0,0,F,F,"1925PHI.EVN.regular.event.csv",4341
"PHI192508291","PIT",1,0,1,0,0,"",0,0,"cuylk101","?","cuylk101","?","decaa101","?","decaa101","?","wilsj105","fonsl101","fribb101","hubec101","kimmw101","mokaj101","leacf101","burng101","rawlj101","","","K","F","F",8,3,3,"T","T",0,"F","F",1,"F","F",0,"F","F",0,"","F","F","",0,0,"N",0,"N",0,"N",0,1,0,0,"2","","","","F","F","F","F","F","F","F","F","F","decaa101","","","F","F","F","F","F","","","","",0,2,0,0,0,0,0,0,0,3,"PHI","PIT","PHI",0,"F","F",0,0,0,2,2,"T","F",1,1,"T","T","barnc102","trayp101","T","T",4,2,2,0,0,0,0,0,0,"wilsj105","","",0,0,0,0,0,0,0,0,0,0,0,0,0,"","F","F","F","F",0,0,0,0,0,0,0,0,0,0,F,F,"1925PHI.EVN.regular.event.csv",4342
"PHI192508291","PIT",1,0,2,0,0,"",0,0,"barnc102","?","barnc102","?","decaa101","?","decaa101","?","wilsj105","fonsl101","fribb101","hubec101","kimmw101","mokaj101","leacf101","burng101","rawlj101","","","K","F","F",7,4,3,"T","T",0,"F","F",1,"F","F",0,"F","F",0,"","F","F","",0,0,"N",0,"N",0,"N",0,1,0,0,"2","","","","F","F","F","F","F","F","F","F","F","decaa101","","","F","F","F","F","F","","","","",0,2,0,0,0,0,0,0,0,4,"PHI","PIT","PHI",0,"F","T",0,0,0,3,3,"T","F",1,1,"T","T","trayp101","wrigg102","T","T",4,2,2,0,0,0,0,0,0,"wilsj105","","",0,0,0,0,0,0,0,0,0,0,0,0,0,"","F","F","F","F",0,0,0,0,0,0,0,0,0,0,F,F,"1925PHI.EVN.regular.event.csv",4343
"PHI192508291","PIT",1,1,0,0,0,"",0,0,"burng101","?","burng101","?","yde-e101","?","yde-e101","?","smite106","grang102","rawlj101","trayp101","wrigg102","barnc102","cuylk101","moore102","","","","7/F","T","F",9,1,2,"T","T",0,"F","F",1,"F","F",0,"F","F",7,"F","F","F","",0,0,"N",0,"N",0,"N",0,0,0,0,"7","","","","F","F","F","F","F","F","F","F","F","","","","F","F","F","F","F","","","","",0,7,0,0,0,0,0,0,0,5,"PHI","PHI","PIT",1,"T","F",0,0,0,0,0,"T","F",0,0,"T","T","leacf101","kimmw101","T","T",0,0,0,0,0,0,0,0,0,"","","",0,0,0,0,0,0,0,0,0,0,0,0,0,"barnc102","F","F","F","F",0,0,0,0,0,0,0,0,0,0,F,F,"1925PHI.EVN.regular.event.csv",4344
"PHI192508291","PIT",1,1,1,0,0,"",0,0,"leacf101","?","leacf101","?","yde-e101","?","yde-e101","?","smite106","grang102","rawlj101","trayp101","wrigg102","barnc102","cuylk101","moore102","","","","S1/G","F","F",8,2,20,"T","T",1,"F","F",0,"F","F",0,"F","F",1,"G","F","F","",0,0,"N",0,"N",0,"N",1,0,0,0,"","","","","F","F","F","F","F","F","F","F","F","","","","F","F","F","F","F","","","","",0,0,0,0,0,0,0,0,0,6,"PHI","PHI","PIT",1,"F","F",0,0,0,1,1,"T","F",0,1,"T","T","kimmw101","mokaj101","T","T",0,0,0,0,0,0,0,0,0,"","","",0,0,0,0,0,0,0,0,0,0,0,0,0,"yde-e101","F","F","F","F",0,0,0,0,0,0,0,0,0,0,F,F,"1925PHI.EVN.regular.event.csv",4345
"PHI192508291","PIT",1,1,1,0,0,"",0,0,"kimmw101","?","kimmw101","?","yde-e101","?","yde-e101","?","smite106","grang102","rawlj101","trayp101","wrigg102","barnc102","cuylk101","moore102","leacf101","","","9/F","F","F",6,3,2,"T","T",0,"F","F",1,"F","F",0,"F","F",9,"F","F","F","",0,0,"N",0,"N",0,"N",0,1,0,0,"9","","","","F","F","F","F","F","F","F","F","F","yde-e101","","","F","F","F","F","F","","","","",0,9,0,0,0,0,0,0,0,7,"PHI","PHI","PIT",1,"F","F",0,0,0,2,2,"T","F",1,1,"T","T","mokaj101","fonsl101","T","T",8,2,6,0,0,0,0,0,0,"smite106","","",0,0,0,0,0,0,0,0,0,0,0,0,0,"moore102","F","F","F","F",0,0,0,0,0,0,0,0,0,0,F,F,"1925PHI.EVN.regular.event.csv",4346
"PHI192508291","PIT",1,1,2,0,0,"",0,0,"mokaj101","?","mokaj101","?","yde-e101","?","yde-e101","?","smite106","grang102","rawlj101","trayp101","wrigg102","barnc102","cuylk101","moore102","leacf101","","","64(1)/FO","F","F",7,4,2,"T","T",0,"F","F",1,"F","F",0,"F","F",6,"G","F","F","",0,0,"N",0,"N",0,"N",1,0,0,0,"","64","","","F","F","F","F","F","F","F","F","F","yde-e101","","","F","F","F","F","F","","","","",0,4,0,0,6,0,0,0,0,8,"PHI","PHI","PIT",1,"F","T",0,0,0,3,3,"T","F",1,1,"T","T","fonsl101","hubec101","T","T",8,2,6,0,0,0,0,0,0,"smite106","","",0,0,0,0,0,0,0,0,0,0,0,0,0,"wrigg102","T","F","F","F",0,0,0,0,0,0,0,0,0,0,F,F,"1925PHI.EVN.regular.event.csv",4347
"PHI192508291","PIT",2,0,0,0,0,"",0,0,"trayp101","?","trayp101","?","decaa101","?","decaa101","?","wilsj105","fonsl101","fribb101","hubec101","kimmw101","mokaj101","leacf101","burng101","","","","3/FL","T","F",5,5,2,"T","T",0,"F","F",1,"F","F",0,"F","F",3,"F","F","T","",0,0,"N",0,"N",0,"N",0,0,0,0,"3","","","","F","F","F","F","F","F","F","F","F","","","","F","F","F","F","F","","","","",0,3,0,0,0,0,0,0,0,9,"PHI","PIT","PHI",0,"T","F",0,0,0,4,0,"T","F",0,0,"T","T","wrigg102","grang102","T","T",0,0,0,0,0,0,0,0,0,"","","",0,0,0,0,0,0,0,0,0,0,0,0,0,"fonsl101","F","F","F","F",0,0,0,0,0,0,0,0,0,0,F,F,"1925PHI.EVN.regular.event.csv",4348
"PHI192508291","PIT",2,0,1,0,0,"",0,0,"wrigg102","?","wrigg102","?","decaa101","?","decaa101","?","wilsj105","fonsl101","fribb101","hubec101","kimmw101","mokaj101","leacf101","burng101","","","","63","F","F",6,6,2,"T","T",0,"F","F",1,"F","F",0,"F","F",6,"G","F","F","",0,0,"N",0,"N",0,"N",0,0,0,0,"63","","","","F","F","F","F","F","F","F","F","F","","","","F","F","F","F","F","","","","",0,3,0,0,6,0,0,0,0,10,"PHI","PIT","PHI",0,"F","F",0,0,0,5,1,"T","F",0,0,"T","T","grang102","smite106","T","T",0,0,0,0,0,0,0,0,0,"","","",0,0,0,0,0,0,0,0,0,0,0,0,0,"kimmw101","F","F","F","F",0,0,0,0,0,0,0,0,0,0,F,F,"1925PHI.EVN.regular.event.csv",4349
"PHI192508291","PIT",2,0,2,0,0,"",0,0,"grang102","?","grang102","?","decaa101","?","decaa101","?","wilsj105","fonsl101","fribb101","hubec101","kimmw101","mokaj101","leacf101","burng101","","","","4/P","F","F",3,7,2,"T","T",0,"F","F",1,"F","F",0,"F","F",4,"P","F","F","",0,0,"N",0,"N",0,"N",0,0,0,0,"4","","","","F","F","F","F","F","F","F","F","F","","","","F","F","F","F","F","","","","",0,4,0,0,0,0,0,0,0,11,"PHI","PIT","PHI",0,"F","T",0,0,0,6,2,"T","F",0,0,"T","T","smite106","yde-e101","T","T",0,0,0,0,0,0,0,0,0,"","","",0,0,0,0,0,0,0,0,0,0,0,0,0,"fribb101","F","F","F","F",0,0,0,0,0,0,0,0,0,0,F,F,"1925PHI.EVN.regular.event.csv",4350
"PHI192508291","PIT",2,1,0,0,0,"",0,0,"fonsl101","?","fonsl101","?","yde-e101","?","yde-e101","?","smite106","grang102","rawlj101","trayp101","wrigg102","barnc102","cuylk101","moore102","","","","D7/F7","T","F",3,5,21,"T","T",2,"F","F",0,"F","F",0,"F","F",7,"F","F","F","7",0,0,"N",0,"N",0,"N",2,0,0,0,"","","","","F","F","F","F","F","F","F","F","F","","","","F","F","F","F","F","","","","",0,0,0,0,0,0,0,0,0,12,"PHI","PHI","PIT",1,"T","F",0,0,0,4,0,"T","F",0,2,"T","T","hubec101","fribb101","T","T",0,0,0,0,0,0,0,0,0,"","","",0,0,0,0,0,0,0,0,0,0,0,0,0,"barnc102","F","F","F","F",4,0,0,0,1,0,0,0,0,0,F,F,"1925PHI.EVN.regular.event.csv",4351
"PHI192508291","PIT",2,1,0,0,0,"",0,0,"hubec101","?","hubec101","?","yde-e101","?","yde-e101","?","smite106","grang102","rawlj101","trayp101","wrigg102","barnc102","cuylk101","moore102","","fonsl101","","9/F","F","F",5,6,2,"T","T",0,"F","F",1,"F","F",0,"F","F",9,"F","F","F","",0,0,"N",0,"N",0,"N",0,0,2,0,"9","","","","F","F","F","F","F","F","F","F","F","","yde-e101","","F","F","F","F","F","","","","",0,9,0,0,0,0,0,0,0,13,"PHI","PHI","PIT",1,"F","F",0,0,0,5,1,"T","F",2,2,"T","T","fribb101","wilsj105","T","T",0,0,0,3,5,12,0,0,0,"","smite106","",0,0,0,0,0,0,0,0,0,0,0,0,0,"moore102","F","F","F","F",0,0,4,0,1,0,0,0,0,0,F,F,"1925PHI.EVN.regular.event.csv",4352
"PHI192508291","PIT",2,1,1,0,0,"",0,0,"fribb101","?","fribb101","?","yde-e101","?","yde-e101","?","smite106","grang102","rawlj101","trayp101","wrigg102","barnc102","cuylk101","moore102","","fonsl101","","S9.2-H","F","F",4,7,20,"T","T",1,"F","F",0,"F","F",1,"F","F",9,"","F","F","",0,0,"N",0,"N",0,"N",1,0,4,0,"","","","","F","F","F","F","F","F","F","F","F","","yde-e101","","F","F","F","F","F","","","","",0,0,0,0,0,0,0,0,0,14,"PHI","PHI","PIT",1,"F","F",0,0,0,6,2,"T","F",2,1,"T","T","wilsj105","decaa101","T","T",0,0,0,3,5,12,0,0,0,"","smite106","",0,0,0,0,0,0,0,0,0,0,0,0,1,"moore102","F","F","F","F",0,0,4,0,0,0,0,0,0,0,F,F,"1925PHI.EVN.regular.event.csv",4353
"PHI192508291","PIT",2,1,1,0,0,"",0,1,"wilsj105","?","wilsj105","?","yde-e101","?","yde-e101","?","smite106","grang102","rawlj101","trayp101","wrigg102","barnc102","cuylk101","moore102","fribb101","","","46(1)3/GDP/G+","F","F",2,8,2,"T","T",0,"F","F",2,"T","F",0,"F","F",4,"G","F","F","",0,0,"N",0,"N",0,"N",0,0,0,0,"63","46","","","F","F","F","F","F","F","F","F","F","yde-e101","","","F","F","F","F","F","","","","",0,6,3,0,4,6,0,0,0,15,"PHI","PHI","PIT",1,"F","T",1,0,1,7,3,"T","F",1,0,"T","T","decaa101","burng101","T","T",4,7,14,0,0,0,0,0,0,"smite106","","",0,0,0,0,0,0,0,0,0,0,0,0,0,"rawlj101","T","F","F","F",0,0,0,0,0,0,0,0,0,0,F,F,"1925PHI.EVN.regular.event.csv",4354
"PHI192508291","PIT",3,0,0,0,0,"",0,1,"smite106","?","smite106","?","decaa101","?","decaa101","?","wilsj105","fonsl101","fribb101","hubec101","kimmw101","mokaj101","leacf101","burng101","","","","8/F","T","F",2,8,2,"T","T",0,"F","F",1,"F","F",0,"F","F",8,"F","F","F","",0,0,"N",0,"N",0,"N",0,0,0,0,"8","","","","F","F","F","F","F","F","F","F","F","","","","F","F","F","F","F","","","","",0,8,0,0,0,0,0,0,0,16,"PHI","PIT","PHI",0,"T","F",0,1,0,7,0,"T","F",0,0,"T","T","yde-e101","moore102","T","T",0,0,0,0,0,0,0,0,0,"","","",0,0,0,0,0,0,0,0,0,0,0,0,0,"leacf101","F","F","F","F",0,0,0,0,0,0,0,0,0,0,F,F,"1925PHI.EVN.regular.event.csv",4355
"PHI192508291","PIT",3,0,1,0,0,"",0,1,"yde-e101","?","yde-e101","?","decaa101","?","decaa101","?","wilsj105","fonsl101","fribb101","hubec101","kimmw101","mokaj101","leacf101","burng101","","","","4/P","F","F",1,9,2,"T","T",0,"F","F",1,"F","F",0,"F","F",4,"P","F","F","",0,0,"N",0,"N",0,"N",0,0,0,0,"4","","","","F","F","F","F","F","F","F","F","F","","","","F","F","F","F","F","","","","",0,4,0,0,0,0,0,0,0,17,"PHI","PIT","PHI",0,"F","F",0,1,0,8,1,"T","F",0,0,"T","T","moore102","rawlj101","T","T",0,0,0,0,0,0,0,0,0,"","","",0,0,0,0,0,0,0,0,0,0,0,0,0,"fribb101","F","F","F","F",0,0,0,0,0,0,0,0,0,0,F,F,"1925PHI.EVN.regular.event.csv",4356
"PHI192508291","PIT",3,0,2,0,0,"",0,1,"moore102","?","moore102","?","decaa101","?","decaa101","?","wilsj105","fonsl101","fribb101","hubec101","kimmw101","mokaj101","leacf101","burng101","","","","E6/G","F","F",9,1,18,"T","T",0,"F","F",0,"F","F",0,"F","F",6,"G","F","F","",1,6,"F",0,"N",0,"N",1,0,0,0,"","","","","F","F","F","F","F","F","F","F","F","","","","F","F","F","F","F","","","","",0,0,0,0,0,0,0,0,0,18,"PHI","PIT","PHI",0,"F","F",0,1,0,9,2,"T","F",0,1,"T","T","rawlj101","cuylk101","T","T",0,0,0,0,0,0,0,0,0,"","","",0,0,0,0,0,0,0,0,0,0,0,0,0,"kimmw101","F","F","F","T",0,0,0,0,0,0,0,0,0,0,F,F,"1925PHI.EVN.regular.event.csv",4357
"PHI192508291","PIT",3,0,2,0,0,"",0,1,"rawlj101","?","rawlj101","?","decaa101","?","decaa101","?","wilsj105","fonsl101","fribb101","hubec101","kimmw101","mokaj101","leacf101","burng101","moore102","","","7/L","F","F",4,2,2,"T","T",0,"F","F",1,"F","F",0,"F","F",7,"L","F","F","",0,0,"N",0,"N",0,"N",0,1,0,0,"7","","","","F","F","F","F","F","F","F","F","F","decaa101","","","F","F","F","F","F","","","","",0,7,0,0,0,0,0,0,0,19,"PHI","PIT","PHI",0,"F","T",0,1,0,10,3,"T","F",1,1,"T","T","cuylk101","barnc102","T","T",9,1,18,0,0,0,0,0,0,"wilsj105","","",0,0,0,0,0,0,0,0,0,0,0,0,0,"mokaj101","F","F","F","F",0,0,0,0,0,0,0,0,0,0,F,F,"1925PHI.EVN.regular.event.csv",4358
"PHI192508291","PIT",3,1,0,0,0,"",0,1,"decaa101","?","decaa101","?","yde-e101","?","yde-e101","?","smite106","grang102","rawlj101","trayp101","wrigg102","barnc102","cuylk101","moore102","","","","K","T","F",1,9,3,"T","T",0,"F","F",1,"F","F",0,"F","F",0,"","F","F","",0,0,"N",0,"N",0,"N",0,0,0,0,"2","","","","F","F","F","F","F","F","F","F","F","","","","F","F","F","F","F","","","","",0,2,0,0,0,0,0,0,0,20,"PHI","PHI","PIT",1,"T","F",1,0,0,8,0,"T","F",0,0,"T","T","burng101","leacf101","T","T",0,0,0,0,0,0,0,0,0,"","","",0,0,0,0,0,0,0,0,0,0,0,0,0,"","F","F","F","F",0,0,0,0,0,0,0,0,0,0,F,F,"1925PHI.EVN.regular.event.csv",4359
"PHI192508291","PIT",3,1,1,0,0,"",0,1,"burng101","?","burng101","?","yde-e101","?","yde-e101","?","smite106","grang102","rawlj101","trayp101","wrigg102","barnc102","cuylk101","moore102","","","","S4/G","F","F",9,1,20,"T","T",1,"F","F",0,"F","F",0,"F","F",4,"G","F","F","",0,0,"N",0,"N",0,"N",1,0,0,0,"","","","","F","F","F","F","F","F","F","F","F","","","","F","F","F","F","F","","","","",0,0,0,0,0,0,0,0,0,21,"PHI","PHI","PIT",1,"F","F",1,0,0,9,1,"T","F",0,1,"T","T","leacf101","kimmw101","T","T",0,0,0,0,0,0,0,0,0,"","","",0,0,0,0,0,0,0,0,0,0,0,0,0,"rawlj101","F","F","F","F",0,0,0,0,0,0,0,0,0,0,F,F,"1925PHI.EVN.regular.event.csv",4360
"PHI192508291","PIT",3,1,1,0,0,"",0,1,"leacf101","?","leacf101","?","yde-e101","?","yde-e101","?","smite106","grang102","rawlj101","trayp101","wrigg102","barnc102","cuylk101","moore102","burng101","","","64(1)/FO","F","F",8,2,2,"T","T",0,"F","F",1,"F","F",0,"F","F",6,"G","F","F","",0,0,"N",0,"N",0,"N",1,0,0,0,"","64","","","F","F","F","F","F","F","F","F","F","yde-e101","","","F","F","F","F","F","","","","",0,4,0,0,6,0,0,0,0,22,"PHI","PHI","PIT",1,"F","F",1,0,0,10,2,"T","F",1,1,"T","T","kimmw101","mokaj101","T","T",9,1,21,0,0,0,0,0,0,"smite106","","",0,0,0,0,0,0,0,0,0,0,0,0,0,"wrigg102","T","F","F","F",0,0,0,0,0,0,0,0,0,0,F,F,"1925PHI.EVN.regular.event.csv",4361
"PHI192508291","PIT",3,1,2,0,0,"",0,1,"kimmw101","?","kimmw101","?","yde-e101","?","yde-e101","?","smite106","grang102","rawlj101","trayp101","wrigg102","barnc102","cuylk101","moore102","leacf101","","","S6/P.1-2","F","F",6,3,20,"T","T",1,"F","F",0,"F","F",0,"F","F",6,"P","F","F","",0,0,"N",0,"N",0,"N",1,2,0,0,"","","","","F","F","F","F","F","F","F","F","F","yde-e101","","","F","F","F","F","F","","","","",0,0,0,0,0,0,0,0,0,23,"PHI","PHI","PIT",1,"F","F",1,0,0,11,3,"T","F",1,3,"T","T","mokaj101","fonsl101","T","T",8,2,22,0,0,0,0,0,0,"smite106","","",0,0,0,0,0,0,0,0,0,0,0,0,0,"wrigg102","F","F","F","F",0,0,0,0,0,0,0,0,0,0,F,F,"1925PHI.EVN.regular.event.csv",4362
"PHI192508291","PIT",3,1,2,0,0,"",0,1,"mokaj101","?","mokaj101","?","yde-e101","?","yde-e101","?","smite106","grang102","rawlj101","trayp101","wrigg102","barnc102","cuylk101","moore102","kimmw101","leacf101","","3/FL","F","F",7,4,2,"T","T",0,"F","F",1,"F","F",0,"F","F",3,"F","F","T","",0,0,"N",0,"N",0,"N",0,1,2,0,"3","","","","F","F","F","F","F","F","F","F","F","yde-e101","yde-e101","","F","F","F","F","F","","","","",0,3,0,0,0,0,0,0,0,24,"PHI","PHI","PIT",1,"F","T",1,0,0,12,4,"T","F",3,3,"T","T","fonsl101","hubec101","T","T",6,3,23,8,2,22,0,0,0,"smite106","smite106","",0,0,0,0,0,0,0,0,0,0,0,0,0,"grang102","F","F","F","F",0,0,0,0,0,0,0,0,0,0,F,F,"1925PHI.EVN.regular.event.csv",4363
"PHI192508291","PIT",4,0,0,0,0,"",0,1,"cuylk101","?","cuylk101","?","decaa101","?","decaa101","?","wilsj105","fonsl101","fribb101","hubec101","kimmw101","mokaj101","leacf101","burng101","","","","D9/F9DW","T","F",8,3,21,"T","T",2,"F","F",0,"F","F",0,"F","F",9,"F","F","F","9DW",0,0,"N",0,"N",0,"N",2,0,0,0,"","","","","F","F","F","F","F","F","F","F","F","","","","F","F","F","F","F","","","","",0,0,0,0,0,0,0,0,0,25,"PHI","PIT","PHI",0,"T","F",0,1,0,11,0,"T","F",0,2,"T","T","barnc102","trayp101","T","T",0,0,0,0,0,0,0,0,0,"","","",0,0,0,0,0,0,0,0,0,0,0,0,0,"burng101","F","F","F","F",4,0,0,0,2,0,0,0,0,0,F,F,"1925PHI.EVN.regular.event.csv",4364
"PHI192508291","PIT",4,0,0,0,0,"",0,1,"barnc102","?","barnc102","?","decaa101","?","decaa101","?","wilsj105","fonsl101","fribb101","hubec101","kimmw101","mokaj101","leacf101","burng101","","cuylk101","","6/P","F","F",7,4,2,"T","T",0,"F","F",1,"F","F",0,"F","F",6,"P","F","F","",0,0,"N",0,"N",0,"N",0,0,2,0,"6","","","","F","F","F","F","F","F","F","F","F","","decaa101","","F","F","F","F","F","","","","",0,6,0,0,0,0,0,0,0,26,"PHI","PIT","PHI",0,"F","F",0,1,0,12,1,"T","F",2,2,"T","T","trayp101","wrigg102","T","T",0,0,0,8,3,25,0,0,0,"","wilsj105","",0,0,0,0,0,0,0,0,0,0,0,0,0,"kimmw101","F","F","F","F",0,0,4,0,2,0,0,0,0,0,F,F,"1925PHI.EVN.regular.event.csv",4365
"PHI192508291","PIT",4,0,1,0,0,"",0,1,"trayp101","?","trayp101","?","decaa101","?","decaa101","?","wilsj105","fonsl101","fribb101","hubec101","kimmw101","mokaj101","leacf101","burng101","","cuylk101","","K","F","F",5,5,3,"T","T",0,"F","F",1,"F","F",0,"F","F",0,"","F","F","",0,0,"N",0,"N",0,"N",0,0,2,0,"2","","","","F","F","F","F","F","F","F","F","F","","decaa101","","F","F","F","F","F","","","","",0,2,0,0,0,0,0,0,0,27,"PHI","PIT","PHI",0,"F","F",0,1,0,13,2,"T","F",2,2,"T","T","wrigg102","grang102","T","T",0,0,0,8,3,25,0,0,0,"","wilsj105","",0,0,0,0,0,0,0,0,0,0,0,0,0,"","F","F","F","F",0,0,4,0,2,0,0,0,0,0,F,F,"1925PHI.EVN.regular.event.csv",4366
"PHI192508291","PIT",4,0,2,0,0,"",0,1,"wrigg102","?","wrigg102","?","decaa101","?","decaa101","?","wilsj105","fonsl101","fribb101","hubec101","kimmw101","mokaj101","leacf101","burng101","","cuylk101","","HR/F8XD.2-H","F","F",6,6,23,"T","T",4,"F","F",0,"F","F",2,"F","F",0,"F","F","F","8XD",0,0,"N",0,"N",0,"N",4,0,4,0,"","","","","F","F","F","F","F","F","F","F","F","","decaa101","","F","F","F","F","F","","","","",0,0,0,0,0,0,0,0,0,28,"PHI","PIT","PHI",0,"F","F",0,1,0,14,3,"T","F",2,0,"T","T","grang102","smite106","T","T",0,0,0,8,3,25,0,0,0,"","wilsj105","",0,0,0,0,0,0,0,0,0,0,0,0,2,"","F","F","F","F",4,0,4,0,0,0,0,0,0,0,F,F,"1925PHI.EVN.regular.event.csv",4367
"PHI192508291","PIT",4,0,2,0,0,"",2,1,"grang102","?","grang102","?","decaa101","?","decaa101","?","wilsj105","fonsl101","fribb101","hubec101","kimmw101","mokaj101","leacf101","burng101","","","","4/P","F","F",3,7,2,"T","T",0,"F","F",1,"F","F",0,"F","F",4,"P","F","F","",0,0,"N",0,"N",0,"N",0,0,0,0,"4","","","","F","F","F","F","F","F","F","F","F","","","","F","F","F","F","F","","","","",0,4,0,0,0,0,0,0,0,29,"PHI","PIT","PHI",0,"F","T",2,1,2,15,4,"T","F",0,0,"T","T","smite106","yde-e101","T","T",0,0,0,0,0,0,0,0,0,"","","",0,0,0,0,0,0,0,0,0,0,0,0,0,"fribb101","F","F","F","F",0,0,0,0,0,0,0,0,0,0,F,F,"1925PHI.EVN.regular.event.csv",4368
"PHI192508291","PIT",4,1,0,0,0,"",2,1,"fonsl101","?","fonsl101","?","yde-e101","?","yde-e101","?","smite106","grang102","rawlj101","trayp101","wrigg102","barnc102","cuylk101","moore102","","","","8/F","T","F",3,5,2,"T","T",0,"F","F",1,"F","F",0,"F","F",8,"F","F","F","",0,0,"N",0,"N",0,"N",0,0,0,0,"8","","","","F","F","F","F","F","F","F","F","F","","","","F","F","F","F","F","","","","",0,8,0,0,0,0,0,0,0,30,"PHI","PHI","PIT",1,"T","F",1,2,0,13,0,"T","F",0,0,"T","T","hubec101","fribb101","T","T",0,0,0,0,0,0,0,0,0,"","","",0,0,0,0,0,0,0,0,0,0,0,0,0,"cuylk101","F","F","F","F",0,0,0,0,0,0,0,0,0,0,F,F,"1925PHI.EVN.regular.event.csv",4369
"PHI192508291","PIT",4,1,1,0,0,"",2,1,"hubec101","?","hubec101","?","yde-e101","?","yde-e101","?","smite106","grang102","rawlj101","trayp101","wrigg102","barnc102","cuylk101","moore102","","","","43","F","F",5,6,2,"T","T",0,"F","F",1,"F","F",0,"F","F",4,"G","F","F","",0,0,"N",0,"N",0,"N",0,0,0,0,"43","","","","F","F","F","F","F","F","F","F","F","","","","F","F","F","F","F","","","","",0,3,0,0,4,0,0,0,0,31,"PHI","PHI","PIT",1,"F","F",1,2,0,14,1,"T","F",0,0,"T","T","fribb101","wilsj105","T","T",0,0,0,0,0,0,0,0,0,"","","",0,0,0,0,0,0,0,0,0,0,0,0,0,"rawlj101","F","F","F","F",0,0,0,0,0,0,0,0,0,0,F,F,"1925PHI.EVN.regular.event.csv",4370
"PHI192508291","PIT",4,1,2,0,0,"",2,1,"fribb101","?","fribb101","?","yde-e101","?","yde-e101","?","smite106","grang102","rawlj101","trayp101","wrigg102","barnc102","cuylk101","moore102","","","","S9","F","F",4,7,20,"T","T",1,"F","F",0,"F","F",0,"F","F",9,"","F","F","",0,0,"N",0,"N",0,"N",1,0,0,0,"","","","","F","F","F","F","F","F","F","F","F","","","","F","F","F","F","F","","","","",0,0,0,0,0,0,0,0,0,32,"PHI","PHI","PIT",1,"F","F",1,2,0,15,2,"T","F",0,1,"T","T","wilsj105","decaa101","T","T",0,0,0,0,0,0,0,0,0,"","","",0,0,0,0,0,0,0,0,0,0,0,0,0,"moore102","F","F","F","F",0,0,0,0,0,0,0,0,0,0,F,F,"1925PHI.EVN.regular.event.csv",4371
"PHI192508291","PIT",4,1,2,0,0,"",2,1,"wilsj105","?","wilsj105","?","yde-e101","?","yde-e101","?","smite106","grang102","rawlj101","trayp101","wrigg102","barnc102","cuylk101","moore102","fribb101","","","54(1)/FO","F","F",2,8,2,"T","T",0,"F","F",1,"F","F",0,"F","F",5,"G","F","F","",0,0,"N",0,"N",0,"N",1,0,0,0,"","54","","","F","F","F","F","F","F","F","F","F","yde-e101","","","F","F","F","F","F","","","","",0,4,0,0,5,0,0,0,0,33,"PHI","PHI","PIT",1,"F","T",1,2,0,16,3,"T","F",1,1,"T","T","decaa101","burng101","T","T",4,7,32,0,0,0,0,0,0,"smite106","","",0,0,0,0,0,0,0,0,0,0,0,0,0,"trayp101","T","F","F","F",0,0,0,0,0,0,0,0,0,0,F,F,"1925PHI.EVN.regular.event.csv",4372
"PHI192508291","PIT",5,0,0,0,0,"",2,1,"smite106","?","smite106","?","decaa101","?","decaa101","?","wilsj105","fonsl101","fribb101","hubec101","kimmw101","mokaj101","leacf101","burng101","","","","8/L","T","F",2,8,2,"T","T",0,"F","F",1,"F","F",0,"F","F",8,"L","F","F","",0,0,"N",0,"N",0,"N",0,0,0,0,"8","","","","F","F","F","F","F","F","F","F","F","","","","F","F","F","F","F","","","","",0,8,0,0,0,0,0,0,0,34,"PHI","PIT","PHI",0,"T","F",2,1,0,16,0,"T","F",0,0,"T","T","yde-e101","moore102","T","T",0,0,0,0,0,0,0,0,0,"","","",0,0,0,0,0,0,0,0,0,0,0,0,0,"leacf101","F","F","F","F",0,0,0,0,6,0,0,0,0,0,F,F,"1925PHI.EVN.regular.event.csv",4373
"PHI192508291","PIT",5,0,1,0,0,"",2,1,"yde-e101","?","yde-e101","?","decaa101","?","decaa101","?","wilsj105","fonsl101","fribb101","hubec101","kimmw101","mokaj101","leacf101","burng101","","","","S8","F","F",1,9,20,"T","T",1,"F","F",0,"F","F",0,"F","F",8,"","F","F","",0,0,"N",0,"N",0,"N",1,0,0,0,"","","","","F","F","F","F","F","F","F","F","F","","","","F","F","F","F","F","","","","",0,0,0,0,0,0,0,0,0,35,"PHI","PIT","PHI",0,"F","F",2,1,0,17,1,"T","F",0,1,"T","T","moore102","rawlj101","T","T",0,0,0,0,0,0,0,0,0,"","","",0,0,0,0,0,0,0,0,0,0,0,0,0,"leacf101","F","F","F","F",4,0,0,0,6,0,0,0,0,0,F,F,"1925PHI.EVN.regular.event.csv",4374
"PHI192508291","PIT",5,0,1,0,0,"",2,1,"moore102","?","moore102","?","decaa101","?","decaa101","?","wilsj105","fonsl101","fribb101","hubec101","kimmw101","mokaj101","leacf101","burng101","yde-e101","","","6/P","F","F",9,1,2,"T","T",0,"F","F",1,"F","F",0,"F","F",6,"P","F","F","",0,0,"N",0,"N",0,"N",0,1,0,0,"6","","","","F","F","F","F","F","F","F","F","F","decaa101","","","F","F","F","F","F","","","","",0,6,0,0,0,0,0,0,0,36,"PHI","PIT","PHI",0,"F","F",2,1,0,18,2,"T","F",1,1,"T","T","rawlj101","cuylk101","T","T",1,9,35,0,0,0,0,0,0,"wilsj105","","",0,0,0,0,0,0,0,0,0,0,0,0,0,"kimmw101","F","F","F","F",0,4,0,0,6,0,0,0,0,0,F,F,"1925PHI.EVN.regular.event.csv",4375
"PHI192508291","PIT",5,0,2,0,0,"",2,1,"rawlj101","?","rawlj101","?","decaa101","?","decaa101","?","wilsj105","fonsl101","fribb101","hubec101","kimmw101","mokaj101","leacf101","burng101","yde-e101","","","S6/G56.1-2","F","F",4,2,20,"T","T",1,"F","F",0,"F","F",0,"F","F",6,"G","F","F","56",0,0,"N",0,"N",0,"N",1,2,0,0,"","","","","F","F","F","F","F","F","F","F","F","decaa101","","","F","F","F","F","F","","","","",0,0,0,0,0,0,0,0,0,37,"PHI","PIT","PHI",0,"F","F",2,1,0,19,3,"T","F",1,3,"T","T","cuylk101","barnc102","T","T",1,9,35,0,0,0,0,0,0,"wilsj105","","",0,0,0,0,0,0,0,0,0,0,0,0,0,"kimmw101","F","F","F","F",4,4,0,0,6,0,0,0,0,0,F,F,"1925PHI.EVN.regular.event.csv",4376
"PHI192508291","PIT",5,0,2,0,0,"",2,1,"cuylk101","?","cuylk101","?","decaa101","?","decaa101","?","wilsj105","fonsl101","fribb101","hubec101","kimmw101","mokaj101","leacf101","burng101","rawlj101","yde-e101","","S7/L.2-3;1-2","F","F",8,3,20,"T","T",1,"F","F",0,"F","F",0,"F","F",7,"L","F","F","",0,0,"N",0,"N",0,"N",1,2,3,0,"","","","","F","F","F","F","F","F","F","F","F","decaa101","decaa101","","F","F","F","F","F","","","","",0,0,0,0,0,0,0,0,0,38,"PHI","PIT","PHI",0,"F","F",2,1,0,20,4,"T","F",3,7,"T","T","barnc102","trayp101","T","T",4,2,37,1,9,35,0,0,0,"wilsj105","wilsj105","",0,0,0,0,0,0,0,0,0,0,0,0,0,"mokaj101","F","F","F","F",4,4,4,0,6,0,0,0,0,0,F,F,"1925PHI.EVN.regular.event.csv",4377
"PHI192508291","PIT",5,0,2,0,0,"",2,1,"barnc102","?","barnc102","?","decaa101","?","decaa101","?","wilsj105","fonsl101","fribb101","hubec101","kimmw101","mokaj101","leacf101","burng101","cuylk101","rawlj101","yde-e101","S9.3-H;2-H;1-3","F","F",7,4,20,"T","T",1,"F","F",0,"F","F",2,"F","F",9,"","F","F","",0,0,"N",0,"N",0,"N",1,3,4,4,"","","","","F","F","F","F","F","F","F","F","F","decaa101","decaa101","decaa101","F","F","F","F","F","","","","",0,0,0,0,0,0,0,0,0,39,"PHI","PIT","PHI",0,"F","F",2,1,0,21,5,"T","F",7,5,"T","T","trayp101","wrigg102","T","T",8,3,38,4,2,37,1,9,35,"wilsj105","wilsj105","wilsj105",0,0,0,0,0,0,0,0,0,0,0,0,2,"burng101","F","F","F","F",4,4,4,4,4,0,0,0,0,0,F,F,"1925PHI.EVN.regular.event.csv",4378
"PHI192508291","PIT",5,0,2,0,0,"",4,1,"trayp101","?","trayp101","?","decaa101","?","decaa101","?","wilsj105","fonsl101","fribb101","hubec101","kimmw101","mokaj101","leacf101","burng101","barnc102","","cuylk101","S8.3-H;1-3;B-2(E8)","F","F",5,5,20,"T","T",1,"F","F",0,"F","F",1,"F","F",8,"","F","F","",1,8,"F",0,"N",0,"N",2,3,0,4,"","","","","F","F","F","F","F","F","F","F","F","decaa101","","decaa101","F","F","F","F","F","","","","",0,0,0,0,0,0,0,0,0,40,"PHI","PIT","PHI",0,"F","F",4,1,2,22,6,"T","F",5,6,"T","T","wrigg102","grang102","T","T",7,4,39,0,0,0,8,3,38,"wilsj105","","wilsj105",0,0,0,0,0,0,0,0,0,0,0,0,1,"leacf101","F","F","F","F",4,4,0,4,3,0,0,0,0,0,F,F,"1925PHI.EVN.regular.event.csv",4379
"PHI192508291","PIT",5,0,2,0,0,"",5,1,"wrigg102","?","wrigg102","?","decaa101","?","decaa101","?","wilsj105","fonsl101","fribb101","hubec101","kimmw101","mokaj101","leacf101","burng101","","trayp101","barnc102","S5/G.3-H;2-H(E5/TH1)(NR);B-2","F","F",6,6,20,"T","T",1,"F","F",0,"F","F",1,"F","F",5,"G","F","F","",1,5,"T",0,"N",0,"N",2,0,4,4,"","","","","F","F","F","F","F","F","F","F","F","","decaa101","decaa101","F","F","F","F","F","","","","",0,0,0,0,0,0,0,0,0,41,"PHI","PIT","PHI",0,"F","F",5,1,3,23,7,"T","F",6,2,"T","T","grang102","smite106","T","T",0,0,0,5,5,40,7,4,39,"","wilsj105","wilsj105",0,0,0,0,0,0,0,0,0,0,0,0,2,"hubec101","F","F","F","F",5,0,4,4,1,0,0,0,0,0,F,F,"1925PHI.EVN.regular.event.csv",4380
"PHI192508291","PIT",5,0,2,0,0,"",7,1,"grang102","?","grang102","?","decaa101","?","decaa101","?","wilsj105","fonsl101","fribb101","hubec101","kimmw101","mokaj101","leacf101","burng101","","wrigg102","","S8.2-H(UR)","F","F",3,7,20,"T","T",1,"F","F",0,"F","F",1,"F","F",8,"","F","F","",0,0,"N",0,"N",0,"N",1,0,5,0,"","","","","F","F","F","F","F","F","F","F","F","","decaa101","","F","F","F","F","F","","","","",0,0,0,0,0,0,0,0,0,42,"PHI","PIT","PHI",0,"F","F",7,1,5,24,8,"T","F",2,1,"T","T","smite106","yde-e101","T","T",0,0,0,6,6,41,0,0,0,"","wilsj105","",0,0,0,0,0,0,0,0,0,0,0,0,1,"leacf101","F","F","F","F",1,0,5,0,0,0,0,0,0,0,F,F,"1925PHI.EVN.regular.event.csv",4381
"PHI192508291","PIT",5,0,2,0,0,"",8,1,"smite106","?","smite106","?","decaa101","?","decaa101","?","wilsj105","fonsl101","fribb101","hubec101","kimmw101","mokaj101","leacf101","burng101","grang102","","","3/G","F","F",2,8,2,"T","T",0,"F","F",1,"F","F",0,"F","F",3,"G","F","F","",0,0,"N",0,"N",0,"N",0,1,0,0,"3","","","","F","F","F","F","F","F","F","F","F","decaa101","","","F","F","F","F","F","","","","",0,3,0,0,0,0,0,0,0,43,"PHI","PIT","PHI",0,"F","T",8,1,6,25,9,"T","F",1,1,"T","T","yde-e101","moore102","T","T",3,7,42,0,0,0,0,0,0,"wilsj105","","",0,0,0,0,0,0,0,0,0,0,0,0,0,"fonsl101","F","F","F","F",0,1,0,0,0,0,0,0,0,0,F,F,"1925PHI.EVN.regular.event.csv",4382
"PHI192508291","PIT",5,1,0,0,0,"",8,1,"sandh101","?","sandh101","?","yde-e101","?","yde-e101","?","smite106","grang102","rawlj101","trayp101","wrigg102","barnc102","cuylk101","moore102","","","","W","T","T",11,9,14,"T","F",0,"F","F",0,"F","F",0,"F","F",0,"","F","F","",0,0,"N",0,"N",0,"N",1,0,0,0,"","","","","F","F","F","F","F","F","F","F","F","","","","F","F","F","F","F","","","","decaa101",1,0,0,0,0,0,0,0,0,44,"PHI","PHI","PIT",1,"T","F",1,8,0,17,0,"T","F",0,1,"F","F","burng101","leacf101","T","T",0,0,0,0,0,0,0,0,0,"","","",0,0,0,0,0,0,0,0,0,0,0,0,0,"","F","F","F","F",3,0,0,0,0,0,0,0,0,0,F,F,"1925PHI.EVN.regular.event.csv",4383
"PHI192508291","PIT",5,1,0,0,0,"",8,1,"burng101","?","burng101","?","yde-e101","?","yde-e101","?","smite106","grang102","rawlj101","trayp101","wrigg102","barnc102","cuylk101","moore102","sandh101","","","S8.1-2","F","F",9,1,20,"T","T",1,"F","F",0,"F","F",0,"F","F",8,"","F","F","",0,0,"N",0,"N",0,"N",1,2,0,0,"","","","","F","F","F","F","F","F","F","F","F","yde-e101","","","F","F","F","F","F","","","","",0,0,0,0,0,0,0,0,0,45,"PHI","PHI","PIT",1,"F","F",1,8,0,18,1,"T","F",1,3,"T","T","leacf101","kimmw101","T","T",0,9,44,0,0,0,0,0,0,"smite106","","",0,0,0,0,0,0,0,0,0,0,0,0,0,"cuylk101","F","F","F","F",0,3,0,0,0,0,0,0,0,0,F,F,"1925PHI.EVN.regular.event.csv",4384
"PHI192508291","PIT",5,1,0,0,0,"",8,1,"leacf101","?","leacf101","?","yde-e101","?","yde-e101","?","smite106","grang102","rawlj101","trayp101","wrigg102","barnc102","cuylk101","moore102","burng101","sandh101","","4(1)/FO.2-3","F","F",8,2,2,"T","T",0,"F","F",1,"F","F",0,"F","F",4,"G","F","F","",0,0,"N",0,"N",0,"N",1,0,3,0,"","4","","","F","F","F","F","F","F","F","F","F","yde-e101","yde-e101","","F","F","F","F","F","","","","",0,4,0,0,0,0,0,0,0,46,"PHI","PHI","PIT",1,"F","F",1,8,0,19,2,"T","F",3,5,"T","T","kimmw101","mokaj101","T","T",9,1,45,0,9,44,0,0,0,"smite106","smite106","",0,0,0,0,0,0,0,0,0,0,0,0,0,"rawlj101","T","F","F","F",2,0,3,0,0,0,0,0,0,0,F,F,"1925PHI.EVN.regular.event.csv",4385
"PHI192508291","PIT",5,1,1,0,0,"",8,1,"kimmw101","?","kimmw101","?","yde-e101","?","yde-e101","?","smite106","grang102","rawlj101","trayp101","wrigg102","barnc102","cuylk101","moore102","leacf101","","sandh101","W.1-2","F","F",6,3,14,"T","F",0,"F","F",0,"F","F",0,"F","F",0,"","F","F","",0,0,"N",0,"N",0,"N",1,2,0,3,"","","","","F","F","F","F","F","F","F","F","F","yde-e101","","yde-e101","F","F","F","F","F","","","","",0,0,0,0,0,0,0,0,0,47,"PHI","PHI","PIT",1,"F","F",1,8,0,20,3,"T","F",5,7,"T","T","mokaj101","fonsl101","T","T",8,2,46,0,0,0,0,9,44,"smite106","","smite106",0,0,0,0,0,0,0,0,0,0,0,0,0,"","F","F","F","F",0,2,0,3,0,0,0,0,0,0,F,F,"1925PHI.EVN.regular.event.csv",4386
"PHI192508291","PIT",5,1,1,0,0,"",8,1,"mokaj101","?","mokaj101","?","yde-e101","?","yde-e101","?","smite106","grang102","rawlj101","trayp101","wrigg102","barnc102","cuylk101","moore102","kimmw101","leacf101","sandh101","46(1)3/GDP","F","F",7,4,2,"T","T",0,"F","F",2,"T","F",0,"F","F",4,"G","F","F","",0,0,"N",0,"N",0,"N",0,0,2,3,"63","46","","","F","F","F","F","F","F","F","F","F","yde-e101","yde-e101","yde-e101","F","F","F","F","F","","","","",0,6,3,0,4,6,0,0,0,48,"PHI","PHI","PIT",1,"F","T",1,8,0,21,4,"T","F",7,6,"T","T","fonsl101","hubec101","T","T",6,3,47,8,2,46,0,9,44,"smite106","smite106","smite106",0,0,0,0,0,0,0,0,0,0,0,0,0,"rawlj101","T","F","F","F",0,0,2,3,0,0,0,0,0,0,F,F,"1925PHI.EVN.regular.event.csv",4387
"PHI192508291","PIT",6,0,0,0,0,"",8,1,"yde-e101","?","yde-e101","?","betth101","?","betth101","?","wilsj105","fonsl101","fribb101","hubec101","kimmw101","mokaj101","leacf101","burng101","","","","13","T","F",1,9,2,"T","T",0,"F","F",1,"F","F",0,"F","F",1,"G","F","F","",0,0,"N",0,"N",0,"N",0,0,0,0,"13","","","","F","F","F","F","F","F","F","F","F","","","","F","F","F","F","F","","","","",0,3,0,0,1,0,0,0,0,49,"PHI","PIT","PHI",0,"T","F",8,1,0,26,0,"T","F",0,0,"T","T","moore102","rawlj101","F","F",0,0,0,0,0,0,0,0,0,"","","",0,0,0,0,0,0,0,0,0,0,0,0,0,"betth101","F","F","F","F",0,0,0,0,0,0,0,0,0,0,F,F,"1925PHI.EVN.regular.event.csv",4388
"PHI192508291","PIT",6,0,1,0,0,"",8,1,"moore102","?","moore102","?","betth101","?","betth101","?","wilsj105","fonsl101","fribb101","hubec101","kimmw101","mokaj101","leacf101","burng101","","","","43","F","F",9,1,2,"T","T",0,"F","F",1,"F","F",0,"F","F",4,"G","F","F","",0,0,"N",0,"N",0,"N",0,0,0,0,"43","","","","F","F","F","F","F","F","F","F","F","","","","F","F","F","F","F","","","","",0,3,0,0,4,0,0,0,0,50,"PHI","PIT","PHI",0,"F","F",8,1,0,27,1,"T","F",0,0,"T","T","rawlj101","cuylk101","F","F",0,0,0,0,0,0,0,0,0,"","","",0,0,0,0,0,0,0,0,0,0,0,0,0,"fribb101","F","F","F","F",0,0,0,0,0,0,0,0,0,0,F,F,"1925PHI.EVN.regular.event.csv",4389
"PHI192508291","PIT",6,0,2,0,0,"",8,1,"rawlj101","?","rawlj101","?","betth101","?","betth101","?","wilsj105","fonsl101","fribb101","hubec101","kimmw101","mokaj101","leacf101","burng101","","","","8/F","F","F",4,2,2,"T","T",0,"F","F",1,"F","F",0,"F","F",8,"F","F","F","",0,0,"N",0,"N",0,"N",0,0,0,0,"8","","","","F","F","F","F","F","F","F","F","F","","","","F","F","F","F","F","","","","",0,8,0,0,0,0,0,0,0,51,"PHI","PIT","PHI",0,"F","T",8,1,0,28,2,"T","F",0,0,"T","T","cuylk101","barnc102","F","F",0,0,0,0,0,0,0,0,0,"","","",0,0,0,0,0,0,0,0,0,0,0,0,0,"leacf101","F","F","F","F",0,0,0,0,0,0,0,0,0,0,F,F,"1925PHI.EVN.regular.event.csv",4390
"PHI192508291","PIT",6,1,0,0,0,"",8,1,"fonsl101","?","fonsl101","?","yde-e101","?","yde-e101","?","smite106","grang102","rawlj101","trayp101","wrigg102","barnc102","cuylk101","moore102","","","","63","T","F",3,5,2,"T","T",0,"F","F",1,"F","F",0,"F","F",6,"G","F","F","",0,0,"N",0,"N",0,"N",0,0,0,0,"63","","","","F","F","F","F","F","F","F","F","F","","","","F","F","F","F","F","","","","",0,3,0,0,6,0,0,0,0,52,"PHI","PHI","PIT",1,"T","F",1,8,0,22,0,"T","F",0,0,"T","T","hubec101","fribb101","T","T",0,0,0,0,0,0,0,0,0,"","","",0,0,0,0,0,0,0,0,0,0,0,0,0,"wrigg102","F","F","F","F",0,0,0,0,1,0,0,0,0,0,F,F,"1925PHI.EVN.regular.event.csv",4391
"PHI192508291","PIT",6,1,1,0,0,"",8,1,"hubec101","?","hubec101","?","yde-e101","?","yde-e101","?","smite106","grang102","rawlj101","trayp101","wrigg102","barnc102","cuylk101","moore102","","","","9/F","F","F",5,6,2,"T","T",0,"F","F",1,"F","F",0,"F","F",9,"F","F","F","",0,0,"N",0,"N",0,"N",0,0,0,0,"9","","","","F","F","F","F","F","F","F","F","F","","","","F","F","F","F","F","","","","",0,9,0,0,0,0,0,0,0,53,"PHI","PHI","PIT",1,"F","F",1,8,0,23,1,"T","F",0,0,"T","T","fribb101","wilsj105","T","T",0,0,0,0,0,0,0,0,0,"","","",0,0,0,0,0,0,0,0,0,0,0,0,0,"moore102","F","F","F","F",0,0,0,0,1,0,0,0,0,0,F,F,"1925PHI.EVN.regular.event.csv",4392
"PHI192508291","PIT",6,1,2,0,0,"",8,1,"fribb101","?","fribb101","?","yde-e101","?","yde-e101","?","smite106","grang102","rawlj101","trayp101","wrigg102","barnc102","cuylk101","moore102","","","","D9/9LS-","F","F",4,7,21,"T","T",2,"F","F",0,"F","F",0,"F","F",9,"","F","F","9LS",0,0,"N",0,"N",0,"N",2,0,0,0,"","","","","F","F","F","F","F","F","F","F","F","","","","F","F","F","F","F","","","","",0,0,0,0,0,0,0,0,0,54,"PHI","PHI","PIT",1,"F","F",1,8,0,24,2,"T","F",0,2,"T","T","wilsj105","betth101","T","T",0,0,0,0,0,0,0,0,0,"","","",0,0,0,0,0,0,0,0,0,0,0,0,0,"moore102","F","F","F","F",4,0,0,0,1,0,0,0,0,0,F,F,"1925PHI.EVN.regular.event.csv",4393
"PHI192508291","PIT",6,1,2,0,0,"",8,1,"wilsj105","?","wilsj105","?","yde-e101","?","yde-e101","?","smite106","grang102","rawlj101","trayp101","wrigg102","barnc102","cuylk101","moore102","","fribb101","","S39/L.2-H","F","F",2,8,20,"T","T",1,"F","F",0,"F","F",1,"F","F",3,"L","F","F","",0,0,"N",0,"N",0,"N",1,0,4,0,"","","","","F","F","F","F","F","F","F","F","F","","yde-e101","","F","F","F","F","F","","","","",0,0,0,0,0,0,0,0,0,55,"PHI","PHI","PIT",1,"F","F",1,8,0,25,3,"T","F",2,1,"T","T","betth101","burng101","T","T",0,0,0,4,7,54,0,0,0,"","smite106","",0,0,0,0,0,0,0,0,0,0,0,0,1,"grang102","F","F","F","F",0,0,4,0,0,0,0,0,0,0,F,F,"1925PHI.EVN.regular.event.csv",4394
"PHI192508291","PIT",6,1,2,0,0,"",8,2,"betth101","?","betth101","?","yde-e101","?","yde-e101","?","smite106","grang102","rawlj101","trayp101","wrigg102","barnc102","cuylk101","moore102","wilsj105","","","E8/F8.1-3","F","F",1,9,18,"T","T",0,"F","F",0,"F","F",0,"F","F",8,"F","F","F","8",1,8,"F",0,"N",0,"N",1,3,0,0,"","","","","F","F","F","F","F","F","F","F","F","yde-e101","","","F","F","F","F","F","","","","",0,0,0,0,0,0,0,0,0,56,"PHI","PHI","PIT",1,"F","F",2,8,1,26,4,"T","F",1,5,"F","F","burng101","leacf101","T","T",2,8,55,0,0,0,0,0,0,"smite106","","",0,0,0,0,0,0,0,0,0,0,0,0,0,"cuylk101","F","F","F","T",0,0,0,0,0,0,0,0,0,0,F,F,"1925PHI.EVN.regular.event.csv",4395
"PHI192508291","PIT",6,1,2,0,0,"",8,2,"burng101","?","burng101","?","yde-e101","?","yde-e101","?","smite106","grang102","rawlj101","trayp101","wrigg102","barnc102","cuylk101","moore102","betth101","","wilsj105","64(1)/FO","F","F",9,1,2,"T","T",0,"F","F",1,"F","F",0,"F","F",6,"G","F","F","",0,0,"N",0,"N",0,"N",1,0,0,3,"","64","","","F","F","F","F","F","F","F","F","F","yde-e101","","yde-e101","F","F","F","F","F","","","","",0,4,0,0,6,0,0,0,0,57,"PHI","PHI","PIT",1,"F","T",2,8,1,27,5,"T","F",5,5,"T","T","leacf101","kimmw101","T","T",1,9,56,0,0,0,2,8,55,"smite106","","smite106",0,0,0,0,0,0,0,0,0,0,0,0,0,"wrigg102","T","F","F","F",0,0,0,0,0,0,0,0,0,0,F,F,"1925PHI.EVN.regular.event.csv",4396
"PHI192508291","PIT",7,0,0,0,0,"",8,2,"cuylk101","?","cuylk101","?","betth101","?","betth101","?","wilsj105","fonsl101","fribb101","hubec101","kimmw101","mokaj101","leacf101","burng101","","","","63/G56","T","F",8,3,2,"T","T",0,"F","F",1,"F","F",0,"F","F",6,"G","F","F","56",0,0,"N",0,"N",0,"N",0,0,0,0,"63","","","","F","F","F","F","F","F","F","F","F","","","","F","F","F","F","F","","","","",0,3,0,0,6,0,0,0,0,58,"PHI","PIT","PHI",0,"T","F",8,2,0,29,0,"T","F",0,0,"T","T","barnc102","trayp101","F","F",0,0,0,0,0,0,0,0,0,"","","",0,0,0,0,0,0,0,0,0,0,0,0,0,"kimmw101","F","F","F","F",0,0,0,0,2,0,0,0,0,0,F,F,"1925PHI.EVN.regular.event.csv",4397
"PHI192508291","PIT",7,0,1,0,0,"",8,2,"barnc102","?","barnc102","?","betth101","?","betth101","?","wilsj105","fonsl101","fribb101","hubec101","kimmw101","mokaj101","leacf101","burng101","","","","D9/F9DW","F","F",7,4,21,"T","T",2,"F","F",0,"F","F",0,"F","F",9,"F","F","F","9DW",0,0,"N",0,"N",0,"N",2,0,0,0,"","","","","F","F","F","F","F","F","F","F","F","","","","F","F","F","F","F","","","","",0,0,0,0,0,0,0,0,0,59,"PHI","PIT","PHI",0,"F","F",8,2,0,30,1,"T","F",0,2,"T","T","trayp101","wrigg102","F","F",0,0,0,0,0,0,0,0,0,"","","",0,0,0,0,0,0,0,0,0,0,0,0,0,"burng101","F","F","F","F",4,0,0,0,2,0,0,0,0,0,F,F,"1925PHI.EVN.regular.event.csv",4398
"PHI192508291","PIT",7,0,1,0,0,"",8,2,"trayp101","?","trayp101","?","betth101","?","betth101","?","wilsj105","fonsl101","fribb101","hubec101","kimmw101","mokaj101","leacf101","burng101","","barnc102","","W","F","F",5,5,14,"T","F",0,"F","F",0,"F","F",0,"F","F",0,"","F","F","",0,0,"N",0,"N",0,"N",1,0,2,0,"","","","","F","F","F","F","F","F","F","F","F","","betth101","","F","F","F","F","F","","","","",0,0,0,0,0,0,0,0,0,60,"PHI","PIT","PHI",0,"F","F",8,2,0,31,2,"T","F",2,3,"T","T","wrigg102","grang102","F","F",0,0,0,7,4,59,0,0,0,"","wilsj105","",0,0,0,0,0,0,0,0,0,0,0,0,0,"","F","F","F","F",4,0,4,0,2,0,0,0,0,0,F,F,"1925PHI.EVN.regular.event.csv",4399
"PHI192508291","PIT",7,0,1,0,0,"",8,2,"wrigg102","?","wrigg102","?","betth101","?","betth101","?","wilsj105","fonsl101","fribb101","hubec101","kimmw101","mokaj101","leacf101","burng101","trayp101","barnc102","","D9/F9DW.2-H;1-3","F","F",6,6,21,"T","T",2,"F","F",0,"F","F",1,"F","F",9,"F","F","F","9DW",0,0,"N",0,"N",0,"N",2,3,4,0,"","","","","F","F","F","F","F","F","F","F","F","betth101","betth101","","F","F","F","F","F","","","","",0,0,0,0,0,0,0,0,0,61,"PHI","PIT","PHI",0,"F","F",8,2,0,32,3,"T","F",3,6,"T","T","grang102","smite106","F","F",5,5,60,7,4,59,0,0,0,"wilsj105","wilsj105","",0,0,0,0,0,0,0,0,0,0,0,0,1,"burng101","F","F","F","F",0,4,4,0,1,0,0,0,0,0,F,F,"1925PHI.EVN.regular.event.csv",4400
"PHI192508291","PIT",7,0,1,0,0,"",9,2,"grang102","?","grang102","?","betth101","?","betth101","?","wilsj105","fonsl101","fribb101","hubec101","kimmw101","mokaj101","leacf101","burng101","","wrigg102","trayp101","43.3-H;2-3","F","F",3,7,2,"T","T",0,"F","F",1,"F","F",1,"F","F",4,"G","F","F","",0,0,"N",0,"N",0,"N",0,0,3,4,"43","","","","F","F","F","F","F","F","F","F","F","","betth101","betth101","F","F","F","F","F","","","","",0,3,0,0,4,0,0,0,0,62,"PHI","PIT","PHI",0,"F","F",9,2,1,33,4,"T","F",6,4,"T","T","smite106","yde-e101","F","F",0,0,0,6,6,61,5,5,60,"","wilsj105","wilsj105",0,0,0,0,0,0,0,0,0,0,0,0,1,"fribb101","F","F","F","F",0,0,0,4,0,0,0,0,0,0,F,F,"1925PHI.EVN.regular.event.csv",4401
"PHI192508291","PIT",7,0,2,0,0,"",10,2,"smite106","?","smite106","?","betth101","?","betth101","?","wilsj105","fonsl101","fribb101","hubec101","kimmw101","mokaj101","leacf101","burng101","","","wrigg102","43","F","F",2,8,2,"T","T",0,"F","F",1,"F","F",0,"F","F",4,"G","F","F","",0,0,"N",0,"N",0,"N",0,0,0,3,"43","","","","F","F","F","F","F","F","F","F","F","","","betth101","F","F","F","F","F","","","","",0,3,0,0,4,0,0,0,0,63,"PHI","PIT","PHI",0,"F","T",10,2,2,34,5,"T","F",4,4,"T","T","yde-e101","moore102","F","F",0,0,0,0,0,0,6,6,61,"","","wilsj105",0,0,0,0,0,0,0,0,0,0,0,0,0,"fribb101","F","F","F","F",0,0,0,0,0,0,0,0,0,0,F,F,"1925PHI.EVN.regular.event.csv",4402
"PHI192508291","PIT",7,1,0,0,0,"",10,2,"leacf101","?","leacf101","?","yde-e101","?","yde-e101","?","smite106","grang102","rawlj101","trayp101","wrigg102","barnc102","cuylk101","moore102","","","","13","T","F",8,2,2,"T","T",0,"F","F",1,"F","F",0,"F","F",1,"G","F","F","",0,0,"N",0,"N",0,"N",0,0,0,0,"13","","","","F","F","F","F","F","F","F","F","F","","","","F","F","F","F","F","","","","",0,3,0,0,1,0,0,0,0,64,"PHI","PHI","PIT",1,"T","F",2,10,0,28,0,"T","F",0,0,"T","T","kimmw101","mokaj101","T","T",0,0,0,0,0,0,0,0,0,"","","",0,0,0,0,0,0,0,0,0,0,0,0,0,"yde-e101","F","F","F","F",0,0,0,0,0,0,0,0,0,0,F,F,"1925PHI.EVN.regular.event.csv",4403
"PHI192508291","PIT",7,1,1,0,0,"",10,2,"kimmw101","?","kimmw101","?","yde-e101","?","yde-e101","?","smite106","grang102","rawlj101","trayp101","wrigg102","barnc102","cuylk101","moore102","","","","53/G5L","F","F",6,3,2,"T","T",0,"F","F",1,"F","F",0,"F","F",5,"G","F","F","5L",0,0,"N",0,"N",0,"N",0,0,0,0,"53","","","","F","F","F","F","F","F","F","F","F","","","","F","F","F","F","F","","","","",0,3,0,0,5,0,0,0,0,65,"PHI","PHI","PIT",1,"F","F",2,10,0,29,1,"T","F",0,0,"T","T","mokaj101","fonsl101","T","T",0,0,0,0,0,0,0,0,0,"","","",0,0,0,0,0,0,0,0,0,0,0,0,0,"trayp101","F","F","F","F",0,0,0,0,0,0,0,0,0,0,F,F,"1925PHI.EVN.regular.event.csv",4404
"PHI192508291","PIT",7,1,2,0,0,"",10,2,"mokaj101","?","mokaj101","?","yde-e101","?","yde-e101","?","smite106","grang102","rawlj101","trayp101","wrigg102","barnc102","cuylk101","moore102","","","","W","F","F",7,4,14,"T","F",0,"F","F",0,"F","F",0,"F","F",0,"","F","F","",0,0,"N",0,"N",0,"N",1,0,0,0,"","","","","F","F","F","F","F","F","F","F","F","","","","F","F","F","F","F","","","","",0,0,0,0,0,0,0,0,0,66,"PHI","PHI","PIT",1,"F","F",2,10,0,30,2,"T","F",0,1,"T","T","fonsl101","hubec101","T","T",0,0,0,0,0,0,0,0,0,"","","",0,0,0,0,0,0,0,0,0,0,0,0,0,"","F","F","F","F",0,0,0,0,0,0,0,0,0,0,F,F,"1925PHI.EVN.regular.event.csv",4405
"PHI192508291","PIT",7,1,2,0,0,"",10,2,"fonsl101","?","fonsl101","?","yde-e101","?","yde-e101","?","smite106","grang102","rawlj101","trayp101","wrigg102","barnc102","cuylk101","moore102","mokaj101","","","64(1)/FO","F","F",3,5,2,"T","T",0,"F","F",1,"F","F",0,"F","F",6,"G","F","F","",0,0,"N",0,"N",0,"N",1,0,0,0,"","64","","","F","F","F","F","F","F","F","F","F","yde-e101","","","F","F","F","F","F","","","","",0,4,0,0,6,0,0,0,0,67,"PHI","PHI","PIT",1,"F","T",2,10,0,31,3,"T","F",1,1,"T","T","hubec101","fribb101","T","T",7,4,66,0,0,0,0,0,0,"smite106","","",0,0,0,0,0,0,0,0,0,0,0,0,0,"wrigg102","T","F","F","F",0,0,0,0,0,0,0,0,0,0,F,F,"1925PHI.EVN.regular.event.csv",4406
"PHI192508291","PIT",8,0,0,0,0,"",10,2,"yde-e101","?","yde-e101","?","betth101","?","betth101","?","wilsj105","fonsl101","fribb101","hubec101","kimmw101","mokaj101","leacf101","burng101","","","","53","T","F",1,9,2,"T","T",0,"F","F",1,"F","F",0,"F","F",5,"G","F","F","",0,0,"N",0,"N",0,"N",0,0,0,0,"53","","","","F","F","F","F","F","F","F","F","F","","","","F","F","F","F","F","","","","",0,3,0,0,5,0,0,0,0,68,"PHI","PIT","PHI",0,"T","F",10,2,0,35,0,"T","F",0,0,"T","T","moore102","rawlj101","F","F",0,0,0,0,0,0,0,0,0,"","","",0,0,0,0,0,0,0,0,0,0,0,0,0,"hubec101","F","F","F","F",0,0,0,0,1,0,0,0,0,0,F,F,"1925PHI.EVN.regular.event.csv",4407
"PHI192508291","PIT",8,0,1,0,0,"",10,2,"moore102","?","moore102","?","betth101","?","betth101","?","wilsj105","fonsl101","fribb101","hubec101","kimmw101","mokaj101","leacf101","burng101","","","","S9","F","F",9,1,20,"T","T",1,"F","F",0,"F","F",0,"F","F",9,"","F","F","",0,0,"N",0,"N",0,"N",1,0,0,0,"","","","","F","F","F","F","F","F","F","F","F","","","","F","F","F","F","F","","","","",0,0,0,0,0,0,0,0,0,69,"PHI","PIT","PHI",0,"F","F",10,2,0,36,1,"T","F",0,1,"T","T","rawlj101","cuylk101","F","F",0,0,0,0,0,0,0,0,0,"","","",0,0,0,0,0,0,0,0,0,0,0,0,0,"burng101","F","F","F","F",4,0,0,0,1,0,0,0,0,0,F,F,"1925PHI.EVN.regular.event.csv",4408
"PHI192508291","PIT",8,0,1,0,0,"",10,2,"rawlj101","?","rawlj101","?","betth101","?","betth101","?","wilsj105","fonsl101","fribb101","hubec101","kimmw101","mokaj101","leacf101","burng101","moore102","","","3/FL","F","F",4,2,2,"T","T",0,"F","F",1,"F","F",0,"F","F",3,"F","F","T","",0,0,"N",0,"N",0,"N",0,1,0,0,"3","","","","F","F","F","F","F","F","F","F","F","betth101","","","F","F","F","F","F","","","","",0,3,0,0,0,0,0,0,0,70,"PHI","PIT","PHI",0,"F","F",10,2,0,37,2,"T","F",1,1,"T","T","cuylk101","barnc102","F","F",9,1,69,0,0,0,0,0,0,"wilsj105","","",0,0,0,0,0,0,0,0,0,0,0,0,0,"fonsl101","F","F","F","F",0,4,0,0,1,0,0,0,0,0,F,F,"1925PHI.EVN.regular.event.csv",4409
"PHI192508291","PIT",8,0,2,0,0,"",10,2,"cuylk101","?","cuylk101","?","betth101","?","betth101","?","wilsj105","fonsl101","fribb101","hubec101","kimmw101","mokaj101","leacf101","burng101","moore102","","","S9/L9DW.1-3","F","F",8,3,20,"T","T",1,"F","F",0,"F","F",0,"F","F",9,"L","F","F","9DW",0,0,"N",0,"N",0,"N",1,3,0,0,"","","","","F","F","F","F","F","F","F","F","F","betth101","","","F","F","F","F","F","","","","",0,0,0,0,0,0,0,0,0,71,"PHI","PIT","PHI",0,"F","F",10,2,0,38,3,"T","F",1,5,"T","T","barnc102","trayp101","F","F",9,1,69,0,0,0,0,0,0,"wilsj105","","",0,0,0,0,0,0,0,0,0,0,0,0,0,"burng101","F","F","F","F",0,4,0,0,1,0,0,0,0,0,F,F,"1925PHI.EVN.regular.event.csv",4410
"PHI192508291","PIT",8,0,2,0,0,"",10,2,"barnc102","?","barnc102","?","betth101","?","betth101","?","wilsj105","fonsl101","fribb101","hubec101","kimmw101","mokaj101","leacf101","burng101","cuylk101","","moore102","S8.3-H;1-3","F","F",7,4,20,"T","T",1,"F","F",0,"F","F",1,"F","F",8,"","F","F","",0,0,"N",0,"N",0,"N",1,3,0,4,"","","","","F","F","F","F","F","F","F","F","F","betth101","","betth101","F","F","F","F","F","","","","",0,0,0,0,0,0,0,0,0,72,"PHI","PIT","PHI",0,"F","F",10,2,0,39,4,"T","F",5,5,"T","T","trayp101","wrigg102","F","F",8,3,71,0,0,0,9,1,69,"wilsj105","","wilsj105",0,0,0,0,0,0,0,0,0,0,0,0,1,"leacf101","F","F","F","F",0,0,0,4,0,0,0,0,0,0,F,F,"1925PHI.EVN.regular.event.csv",4411
"PHI192508291","PIT",8,0,2,0,0,"",11,2,"trayp101","?","trayp101","?","betth101","?","betth101","?","wilsj105","fonsl101","fribb101","hubec101","kimmw101","mokaj101","leacf101","burng101","barnc102","","cuylk101","64(1)/FO/G4M","F","F",5,5,2,"T","T",0,"F","F",1,"F","F",0,"F","F",6,"G","F","F","4M",0,0,"N",0,"N",0,"N",1,0,0,3,"","64","","","F","F","F","F","F","F","F","F","F","betth101","","betth101","F","F","F","F","F","","","","",0,4,0,0,6,0,0,0,0,73,"PHI","PIT","PHI",0,"F","T",11,2,1,40,5,"T","F",5,5,"T","T","wrigg102","grang102","F","F",7,4,72,0,0,0,8,3,71,"wilsj105","","wilsj105",0,0,0,0,0,0,0,0,0,0,0,0,0,"kimmw101","T","F","F","F",0,0,0,0,0,0,0,0,0,0,F,F,"1925PHI.EVN.regular.event.csv",4412
"PHI192508291","PIT",8,1,0,0,0,"",11,2,"hubec101","?","hubec101","?","yde-e101","?","yde-e101","?","smite106","grang102","rawlj101","trayp101","wrigg102","barnc102","cuylk101","moore102","","","","4/P","T","F",5,6,2,"T","T",0,"F","F",1,"F","F",0,"F","F",4,"P","F","F","",0,0,"N",0,"N",0,"N",0,0,0,0,"4","","","","F","F","F","F","F","F","F","F","F","","","","F","F","F","F","F","","","","",0,4,0,0,0,0,0,0,0,74,"PHI","PHI","PIT",1,"T","F",2,11,0,32,0,"T","F",0,0,"T","T","fribb101","wilsj105","T","T",0,0,0,0,0,0,0,0,0,"","","",0,0,0,0,0,0,0,0,0,0,0,0,0,"rawlj101","F","F","F","F",0,0,0,0,0,0,0,0,0,0,F,F,"1925PHI.EVN.regular.event.csv",4413
"PHI192508291","PIT",8,1,1,0,0,"",11,2,"fribb101","?","fribb101","?","yde-e101","?","yde-e101","?","smite106","grang102","rawlj101","trayp101","wrigg102","barnc102","cuylk101","moore102","","","","53","F","F",4,7,2,"T","T",0,"F","F",1,"F","F",0,"F","F",5,"G","F","F","",0,0,"N",0,"N",0,"N",0,0,0,0,"53","","","","F","F","F","F","F","F","F","F","F","","","","F","F","F","F","F","","","","",0,3,0,0,5,0,0,0,0,75,"PHI","PHI","PIT",1,"F","F",2,11,0,33,1,"T","F",0,0,"T","T","wilsj105","betth101","T","T",0,0,0,0,0,0,0,0,0,"","","",0,0,0,0,0,0,0,0,0,0,0,0,0,"trayp101","F","F","F","F",0,0,0,0,0,0,0,0,0,0,F,F,"1925PHI.EVN.regular.event.csv",4414
"PHI192508291","PIT",8,1,2,0,0,"",11,2,"wilsj105","?","wilsj105","?","yde-e101","?","yde-e101","?","smite106","grang102","rawlj101","trayp101","wrigg102","barnc102","cuylk101","moore102","","","","53","F","F",2,8,2,"T","T",0,"F","F",1,"F","F",0,"F","F",5,"G","F","F","",0,0,"N",0,"N",0,"N",0,0,0,0,"53","","","","F","F","F","F","F","F","F","F","F","","","","F","F","F","F","F","","","","",0,3,0,0,5,0,0,0,0,76,"PHI","PHI","PIT",1,"F","T",2,11,0,34,2,"T","F",0,0,"T","T","betth101","burng101","T","T",0,0,0,0,0,0,0,0,0,"","","",0,0,0,0,0,0,0,0,0,0,0,0,0,"trayp101","F","F","F","F",0,0,0,0,0,0,0,0,0,0,F,F,"1925PHI.EVN.regular.event.csv",4415
"PHI192508291","PIT",9,0,0,0,0,"",11,2,"wrigg102","?","wrigg102","?","betth101","?","betth101","?","wilsj105","fonsl101","fribb101","hubec101","kimmw101","mokaj101","leacf101","burng101","","","","3/P","T","F",6,6,2,"T","T",0,"F","F",1,"F","F",0,"F","F",3,"P","F","F","",0,0,"N",0,"N",0,"N",0,0,0,0,"3","","","","F","F","F","F","F","F","F","F","F","","","","F","F","F","F","F","","","","",0,3,0,0,0,0,0,0,0,77,"PHI","PIT","PHI",0,"T","F",11,2,0,41,0,"T","F",0,0,"T","T","grang102","smite106","F","F",0,0,0,0,0,0,0,0,0,"","","",0,0,0,0,0,0,0,0,0,0,0,0,0,"fonsl101","F","F","F","F",0,0,0,0,0,0,0,0,0,0,F,F,"1925PHI.EVN.regular.event.csv",4416
"PHI192508291","PIT",9,0,1,0,0,"",11,2,"grang102","?","grang102","?","betth101","?","betth101","?","wilsj105","fonsl101","fribb101","hubec101","kimmw101","mokaj101","leacf101","burng101","","","","S9/L9DW","F","F",3,7,20,"T","T",1,"F","F",0,"F","F",0,"F","F",9,"L","F","F","9DW",0,0,"N",0,"N",0,"N",1,0,0,0,"","","","","F","F","F","F","F","F","F","F","F","","","","F","F","F","F","F","","","","",0,0,0,0,0,0,0,0,0,78,"PHI","PIT","PHI",0,"F","F",11,2,0,42,1,"T","F",0,1,"T","T","smite106","yde-e101","F","F",0,0,0,0,0,0,0,0,0,"","","",0,0,0,0,0,0,0,0,0,0,0,0,0,"burng101","F","F","F","F",2,0,0,0,0,0,0,0,0,0,F,F,"1925PHI.EVN.regular.event.csv",4417
"PHI192508291","PIT",9,0,1,0,0,"",11,2,"smite106","?","smite106","?","betth101","?","betth101","?","wilsj105","fonsl101","fribb101","hubec101","kimmw101","mokaj101","leacf101","burng101","grang102","","","43.1-2","F","F",2,8,2,"T","T",0,"F","F",1,"F","F",0,"F","F",4,"G","F","F","",0,0,"N",0,"N",0,"N",0,2,0,0,"43","","","","F","F","F","F","F","F","F","F","F","betth101","","","F","F","F","F","F","","","","",0,3,0,0,4,0,0,0,0,79,"PHI","PIT","PHI",0,"F","F",11,2,0,43,2,"T","F",1,2,"T","T","yde-e101","moore102","F","F",3,7,78,0,0,0,0,0,0,"wilsj105","","",0,0,0,0,0,0,0,0,0,0,0,0,0,"fribb101","F","F","F","F",0,2,0,0,0,0,0,0,0,0,F,F,"1925PHI.EVN.regular.event.csv",4418
"PHI192508291","PIT",9,0,2,0,0,"",11,2,"yde-e101","?","yde-e101","?","betth101","?","betth101","?","wilsj105","fonsl101","fribb101","hubec101","kimmw101","mokaj101","leacf101","burng101","","grang102","","9/F","F","F",1,9,2,"T","T",0,"F","F",1,"F","F",0,"F","F",9,"F","F","F","",0,0,"N",0,"N",0,"N",0,0,2,0,"9","","","","F","F","F","F","F","F","F","F","F","","betth101","","F","F","F","F","F","","","","",0,9,0,0,0,0,0,0,0,80,"PHI","PIT","PHI",0,"F","T",11,2,0,44,3,"T","F",2,2,"T","T","moore102","rawlj101","F","F",0,0,0,3,7,78,0,0,0,"","wilsj105","",0,0,0,0,0,0,0,0,0,0,0,0,0,"burng101","F","F","F","F",0,0,2,0,0,0,0,0,0,0,F,F,"1925PHI.EVN.regular.event.csv",4419
"PHI192508291","PIT",9,1,0,0,0,"",11,2,"carlh101","?","carlh101","?","yde-e101","?","yde-e101","?","smite106","grang102","rawlj101","trayp101","wrigg102","barnc102","cuylk101","moore102","","","","K","T","T",11,9,3,"T","T",0,"F","F",1,"F","F",0,"F","F",0,"","F","F","",0,0,"N",0,"N",0,"N",0,0,0,0,"2","","","","F","F","F","F","F","F","F","F","F","","","","F","F","F","F","F","","","","betth101",1,2,0,0,0,0,0,0,0,81,"PHI","PHI","PIT",1,"T","F",2,11,0,35,0,"T","F",0,0,"F","F","burng101","leacf101","T","T",0,0,0,0,0,0,0,0,0,"","","",0,0,0,0,0,0,0,0,0,0,0,0,0,"","F","F","F","F",0,0,0,0,0,0,0,0,0,0,F,F,"1925PHI.EVN.regular.event.csv",4420
"PHI192508291","PIT",9,1,1,0,0,"",11,2,"burng101","?","burng101","?","yde-e101","?","yde-e101","?","smite106","grang102","rawlj101","trayp101","wrigg102","barnc102","cuylk101","moore102","","","","4/P34D","F","F",9,1,2,"T","T",0,"F","F",1,"F","F",0,"F","F",4,"P","F","F","34D",0,0,"N",0,"N",0,"N",0,0,0,0,"4","","","","F","F","F","F","F","F","F","F","F","","","","F","F","F","F","F","","","","",0,4,0,0,0,0,0,0,0,82,"PHI","PHI","PIT",1,"F","F",2,11,0,36,1,"T","F",0,0,"T","T","leacf101","kimmw101","T","T",0,0,0,0,0,0,0,0,0,"","","",0,0,0,0,0,0,0,0,0,0,0,0,0,"rawlj101","F","F","F","F",0,0,0,0,0,0,0,0,0,0,F,F,"1925PHI.EVN.regular.event.csv",4421
"PHI192508291","PIT",9,1,2,0,0,"",11,2,"leacf101","?","leacf101","?","yde-e101","?","yde-e101","?","smite106","grang102","rawlj101","trayp101","wrigg102","barnc102","cuylk101","moore102","","","","13","F","F",8,2,2,"T","T",0,"F","F",1,"F","F",0,"F","F",1,"G","F","F","",0,0,"N",0,"N",0,"N",0,0,0,0,"13","","","","F","F","F","F","F","F","F","F","F","","","","F","T","F","F","F","","","","",0,3,0,0,1,0,0,0,0,83,"PHI","PHI","PIT",1,"F","T",2,11,0,37,2,"T","F",0,0,"T","T","kimmw101","mokaj101","T","T",0,0,0,0,0,0,0,0,0,"","","",0,0,0,0,0,0,0,0,0,0,0,0,0,"yde-e101","F","F","F","F",0,0,0,0,0,0,0,0,0,0,F,F,"1925PHI.EVN.regular.event.csv",4422
"PHI192508292","PIT",1,0,0,0,0,"",0,0,"moore102","?","moore102","?","coucj101","?","coucj101","?","wilsj105","fonsl101","fribb101","hubec101","kimmw101","harpg101","leacf101","wrigr102","","","","W","T","F",9,1,14,"T","F",0,"F","F",0,"F","F",0,"F","F",0,"","F","F","",0,0,"N",0,"N",0,"N",1,0,0,0,"","","","","F","F","F","F","F","F","F","F","F","","","","T","F","F","F","F","","","","",0,0,0,0,0,0,0,0,0,1,"PHI","PIT","PHI",0,"T","F",0,0,0,0,0,"T","F",0,1,"T","T","rawlj101","cuylk101","T","T",0,0,0,0,0,0,0,0,0,"","","",0,0,0,0,0,0,0,0,0,0,0,0,0,"","F","F","F","F",4,0,0,0,6,0,0,0,0,0,F,F,"1925PHI.EVN.regular.event.csv",4423
"PHI192508292","PIT",1,0,0,0,0,"",0,0,"rawlj101","?","rawlj101","?","coucj101","?","coucj101","?","wilsj105","fonsl101","fribb101","hubec101","kimmw101","harpg101","leacf101","wrigr102","moore102","","","W.1-2","F","F",4,2,14,"T","F",0,"F","F",0,"F","F",0,"F","F",0,"","F","F","",0,0,"N",0,"N",0,"N",1,2,0,0,"","","","","F","F","F","F","F","F","F","F","F","coucj101","","","F","F","F","F","F","","","","",0,0,0,0,0,0,0,0,0,2,"PHI","PIT","PHI",0,"F","F",0,0,0,1,1,"T","F",1,3,"T","T","cuylk101","barnc102","T","T",9,1,1,0,0,0,0,0,0,"wilsj105","","",0,0,0,0,0,0,0,0,0,0,0,0,0,"","F","F","F","F",0,4,0,0,6,0,0,0,0,0,F,F,"1925PHI.EVN.regular.event.csv",4424
"PHI192508292","PIT",1,0,0,0,0,"",0,0,"cuylk101","?","cuylk101","?","coucj101","?","coucj101","?","wilsj105","fonsl101","fribb101","hubec101","kimmw101","harpg101","leacf101","wrigr102","rawlj101","moore102","","S9.2-H;1-2","F","F",8,3,20,"T","T",1,"F","F",0,"F","F",1,"F","F",9,"","F","F","",0,0,"N",0,"N",0,"N",1,2,4,0,"","","","","F","F","F","F","F","F","F","F","F","coucj101","coucj101","","F","F","F","F","F","","","","",0,0,0,0,0,0,0,0,0,3,"PHI","PIT","PHI",0,"F","F",0,0,0,2,2,"T","F",3,3,"T","T","barnc102","trayp101","T","T",4,2,2,9,1,1,0,0,0,"wilsj105","wilsj105","",0,0,0,0,0,0,0,0,0,0,0,0,1,"wrigr102","F","F","F","F",4,0,4,0,5,0,0,0,0,0,F,F,"1925PHI.EVN.regular.event.csv",4425
"PHI192508292","PIT",1,0,0,0,0,"",1,0,"barnc102","?","barnc102","?","coucj101","?","coucj101","?","wilsj105","fonsl101","fribb101","hubec101","kimmw101","harpg101","leacf101","wrigr102","cuylk101","rawlj101","","15(2)/FO/G.1-2","F","F",7,4,2,"T","T",0,"F","F",1,"F","F",0,"F","F",1,"G","F","F","",0,0,"N",0,"N",0,"N",1,2,0,0,"","","15","","F","F","F","F","F","F","F","F","F","coucj101","coucj101","","F","F","F","F","F","","","","",0,5,0,0,1,0,0,0,0,4,"PHI","PIT","PHI",0,"F","F",1,0,1,3,3,"T","F",3,3,"T","T","trayp101","wrigg102","T","T",8,3,3,4,2,2,0,0,0,"wilsj105","wilsj105","",0,0,0,0,0,0,0,0,0,0,0,0,0,"coucj101","F","T","F","F",4,4,0,0,5,0,0,0,0,0,F,F,"1925PHI.EVN.regular.event.csv",4426
"PHI192508292","PIT",1,0,1,0,0,"",1,0,"trayp101","?","trayp101","?","coucj101","?","coucj101","?","wilsj105","fonsl101","fribb101","hubec101","kimmw101","harpg101","leacf101","wrigr102","barnc102","cuylk101","","SB3","F","F",5,5,4,"F","F",0,"F","F",0,"F","F",0,"F","F",0,"","F","F","",0,0,"N",0,"N",0,"N",0,1,3,0,"","","","","F","T","F","F","F","F","F","F","F","coucj101","coucj101","","F","F","F","F","F","","","","",0,0,0,0,0,0,0,0,0,5,"PHI","PIT","PHI",0,"F","F",1,0,1,4,4,"T","F",3,5,"T","T","wrigg102","grang102","T","T",7,4,4,8,3,3,0,0,0,"wilsj105","wilsj105","",0,0,0,0,0,0,0,0,0,0,0,0,0,"","F","F","F","F",0,4,4,0,5,0,0,0,0,0,F,F,"1925PHI.EVN.regular.event.csv",4427
"PHI192508292","PIT",1,0,1,0,0,"",1,0,"trayp101","?","trayp101","?","coucj101","?","coucj101","?","wilsj105","fonsl101","fribb101","hubec101","kimmw101","harpg101","leacf101","wrigr102","barnc102","","cuylk101","S7.3-H;1-2","F","F",5,5,20,"T","T",1,"F","F",0,"F","F",1,"F","F",7,"","F","F","",0,0,"N",0,"N",0,"N",1,2,0,4,"","","","","F","F","F","F","F","F","F","F","F","coucj101","","coucj101","F","F","F","F","F","","","","",0,0,0,0,0,0,0,0,0,6,"PHI","PIT","PHI",0,"F","F",1,0,1,4,4,"F","F",5,3,"T","T","wrigg102","grang102","T","T",7,4,4,0,0,0,8,3,3,"wilsj105","","wilsj105",0,0,0,0,0,0,0,0,0,0,0,0,1,"harpg101","F","F","F","F",4,4,0,4,4,0,0,0,0,0,F,F,"1925PHI.EVN.regular.event.csv",4428
"PHI192508292","PIT",1,0,1,0,0,"",2,0,"wrigg102","?","wrigg102","?","coucj101","?","coucj101","?","wilsj105","fonsl101","fribb101","hubec101","kimmw101","harpg101","leacf101","wrigr102","trayp101","barnc102","","S9.2-3;1-2","F","F",6,6,20,"T","T",1,"F","F",0,"F","F",0,"F","F",9,"","F","F","",0,0,"N",0,"N",0,"N",1,2,3,0,"","","","","F","F","F","F","F","F","F","F","F","coucj101","coucj101","","F","F","F","F","F","","","","",0,0,0,0,0,0,0,0,0,7,"PHI","PIT","PHI",0,"F","F",2,0,2,5,5,"T","F",3,7,"T","T","grang102","goocj101","T","T",5,5,6,7,4,4,0,0,0,"wilsj105","wilsj105","",0,0,0,0,0,0,0,0,0,0,0,0,0,"wrigr102","F","F","F","F",4,4,4,0,4,0,0,0,0,0,F,F,"1925PHI.EVN.regular.event.csv",4429
"PHI192508292","PIT",1,0,1,0,0,"",2,0,"grang102","?","grang102","?","coucj101","?","coucj101","?","wilsj105","fonsl101","fribb101","hubec101","kimmw101","harpg101","leacf101","wrigr102","wrigg102","trayp101","barnc102","W.3-H;2-3;1-2","F","F",3,7,14,"T","F",0,"F","F",0,"F","F",1,"F","F",0,"","F","F","",0,0,"N",0,"N",0,"N",1,2,3,4,"","","","","F","F","F","F","F","F","F","F","F","coucj101","coucj101","coucj101","F","F","F","F","F","","","","",0,0,0,0,0,0,0,0,0,8,"PHI","PIT","PHI",0,"F","F",2,0,2,6,6,"T","F",7,7,"T","T","goocj101","kremr101","T","T",6,6,7,5,5,6,7,4,4,"wilsj105","wilsj105","wilsj105",0,0,0,0,0,0,0,0,0,0,0,0,1,"","F","F","F","F",4,4,4,4,3,0,0,0,0,0,F,F,"1925PHI.EVN.regular.event.csv",4430
"PHI192508292","PIT",1,0,1,0,0,"",3,0,"goocj101","?","goocj101","?","oneas101","?","oneas101","?","wilsj105","fonsl101","fribb101","hubec101","kimmw101","harpg101","leacf101","wrigr102","grang102","wrigg102","trayp101","S7.3-H;2-H;1-3","F","F",2,8,20,"T","T",1,"F","F",0,"F","F",2,"F","F",7,"","F","F","",0,0,"N",0,"N",0,"N",1,3,4,4,"","","","","F","F","F","F","F","F","F","F","F","coucj101","coucj101","coucj101","F","F","F","F","F","","","","",0,0,0,0,0,0,0,0,0,9,"PHI","PIT","PHI",0,"F","F",3,0,3,7,7,"T","F",7,5,"T","T","kremr101","moore102","F","F",3,7,8,6,6,7,5,5,6,"wilsj105","wilsj105","wilsj105",0,0,0,0,0,0,0,0,0,0,0,0,2,"harpg101","F","F","F","F",0,4,4,4,1,0,0,0,0,0,F,F,"1925PHI.EVN.regular.event.csv",4431
"PHI192508292","PIT",1,0,1,0,0,"",5,0,"kremr101","?","kremr101","?","oneas101","?","oneas101","?","wilsj105","fonsl101","fribb101","hubec101","kimmw101","harpg101","leacf101","wrigr102","goocj101","","grang102","S/G34.3-H;1-2","F","F",1,9,20,"T","T",1,"F","F",0,"F","F",1,"F","F",0,"G","F","F","34",0,0,"N",0,"N",0,"N",1,2,0,4,"","","","","F","F","F","F","F","F","F","F","F","oneas101","","coucj101","F","F","F","F","F","","","","",0,0,0,0,0,0,0,0,0,10,"PHI","PIT","PHI",0,"F","F",5,0,5,8,8,"T","F",5,3,"T","T","moore102","rawlj101","F","F",2,8,9,0,0,0,3,7,8,"wilsj105","","wilsj105",0,0,0,0,0,0,0,0,0,0,0,0,1,"","F","F","F","F",0,0,0,4,0,0,0,0,0,0,F,F,"1925PHI.EVN.regular.event.csv",4432
"PHI192508292","PIT",1,0,1,0,0,"",6,0,"moore102","?","moore102","?","oneas101","?","oneas101","?","wilsj105","fonsl101","fribb101","hubec101","kimmw101","harpg101","leacf101","wrigr102","kremr101","goocj101","","54(1)3/GDP","F","F",9,1,2,"T","T",0,"F","F",2,"T","F",0,"F","F",5,"G","F","F","",0,0,"N",0,"N",0,"N",0,0,2,0,"43","54","","","F","F","F","F","F","F","F","F","F","oneas101","oneas101","","F","F","F","F","F","","","","",0,4,3,0,5,4,0,0,0,11,"PHI","PIT","PHI",0,"F","T",6,0,6,9,9,"T","F",3,2,"T","T","rawlj101","cuylk101","F","F",1,9,10,2,8,9,0,0,0,"wilsj105","wilsj105","",0,0,0,0,0,0,0,0,0,0,0,0,0,"hubec101","T","F","F","F",0,0,0,0,0,0,0,0,0,0,F,F,"1925PHI.EVN.regular.event.csv",4433
"PHI192508292","PIT",1,1,0,0,0,"",6,0,"kimmw101","?","kimmw101","?","kremr101","?","kremr101","?","goocj101","grang102","rawlj101","trayp101","wrigg102","barnc102","cuylk101","moore102","","","","63","T","F",6,1,2,"T","T",0,"F","F",1,"F","F",0,"F","F",6,"G","F","F","",0,0,"N",0,"N",0,"N",0,0,0,0,"63","","","","F","F","F","F","F","F","F","F","F","","","","F","F","F","F","F","","","","",0,3,0,0,6,0,0,0,0,12,"PHI","PHI","PIT",1,"T","F",0,6,0,0,0,"T","F",0,0,"T","T","leacf101","wrigr102","T","T",0,0,0,0,0,0,0,0,0,"","","",0,0,0,0,0,0,0,0,0,0,0,0,0,"wrigg102","F","F","F","F",0,0,0,0,0,0,0,0,0,0,F,F,"1925PHI.EVN.regular.event.csv",4434
"PHI192508292","PIT",1,1,1,0,0,"",6,0,"leacf101","?","leacf101","?","kremr101","?","kremr101","?","goocj101","grang102","rawlj101","trayp101","wrigg102","barnc102","cuylk101","moore102","","","","63","F","F",8,2,2,"T","T",0,"F","F",1,"F","F",0,"F","F",6,"G","F","F","",0,0,"N",0,"N",0,"N",0,0,0,0,"63","","","","F","F","F","F","F","F","F","F","F","","","","F","F","F","F","F","","","","",0,3,0,0,6,0,0,0,0,13,"PHI","PHI","PIT",1,"F","F",0,6,0,1,1,"T","F",0,0,"T","T","wrigr102","harpg101","T","T",0,0,0,0,0,0,0,0,0,"","","",0,0,0,0,0,0,0,0,0,0,0,0,0,"wrigg102","F","F","F","F",0,0,0,0,0,0,0,0,0,0,F,F,"1925PHI.EVN.regular.event.csv",4435
"PHI192508292","PIT",1,1,2,0,0,"",6,0,"wrigr102","?","wrigr102","?","kremr101","?","kremr101","?","goocj101","grang102","rawlj101","trayp101","wrigg102","barnc102","cuylk101","moore102","","","","8/F","F","F",9,3,2,"T","T",0,"F","F",1,"F","F",0,"F","F",8,"F","F","F","",0,0,"N",0,"N",0,"N",0,0,0,0,"8","","","","F","F","F","F","F","F","F","F","F","","","","F","F","F","F","F","","","","",0,8,0,0,0,0,0,0,0,14,"PHI","PHI","PIT",1,"F","T",0,6,0,2,2,"T","F",0,0,"T","T","harpg101","fonsl101","T","T",0,0,0,0,0,0,0,0,0,"","","",0,0,0,0,0,0,0,0,0,0,0,0,0,"cuylk101","F","F","F","F",0,0,0,0,0,0,0,0,0,0,F,F,"1925PHI.EVN.regular.event.csv",4436
"PHI192508292","PIT",2,0,0,0,0,"",6,0,"rawlj101","?","rawlj101","?","oneas101","?","oneas101","?","wilsj105","fonsl101","fribb101","hubec101","kimmw101","harpg101","leacf101","wrigr102","","","","K","T","F",4,2,3,"T","T",0,"F","F",1,"F","F",0,"F","F",0,"","F","F","",0,0,"N",0,"N",0,"N",0,0,0,0,"2","","","","F","F","F","F","F","F","F","F","F","","","","F","F","F","F","F","","","","",0,2,0,0,0,0,0,0,0,15,"PHI","PIT","PHI",0,"T","F",6,0,0,10,0,"T","F",0,0,"T","T","cuylk101","barnc102","F","F",0,0,0,0,0,0,0,0,0,"","","",0,0,0,0,0,0,0,0,0,0,0,0,0,"","F","F","F","F",0,0,0,0,0,0,0,0,0,0,F,F,"1925PHI.EVN.regular.event.csv",4437
"PHI192508292","PIT",2,0,1,0,0,"",6,0,"cuylk101","?","cuylk101","?","oneas101","?","oneas101","?","wilsj105","fonsl101","fribb101","hubec101","kimmw101","harpg101","leacf101","wrigr102","","","","9/F","F","F",8,3,2,"T","T",0,"F","F",1,"F","F",0,"F","F",9,"F","F","F","",0,0,"N",0,"N",0,"N",0,0,0,0,"9","","","","F","F","F","F","F","F","F","F","F","","","","F","F","F","F","F","","","","",0,9,0,0,0,0,0,0,0,16,"PHI","PIT","PHI",0,"F","F",6,0,0,11,1,"T","F",0,0,"T","T","barnc102","trayp101","F","F",0,0,0,0,0,0,0,0,0,"","","",0,0,0,0,0,0,0,0,0,0,0,0,0,"wrigr102","F","F","F","F",0,0,0,0,0,0,0,0,0,0,F,F,"1925PHI.EVN.regular.event.csv",4438
"PHI192508292","PIT",2,0,2,0,0,"",6,0,"barnc102","?","barnc102","?","oneas101","?","oneas101","?","wilsj105","fonsl101","fribb101","hubec101","kimmw101","harpg101","leacf101","wrigr102","","","","9/F","F","F",7,4,2,"T","T",0,"F","F",1,"F","F",0,"F","F",9,"F","F","F","",0,0,"N",0,"N",0,"N",0,0,0,0,"9","","","","F","F","F","F","F","F","F","F","F","","","","F","F","F","F","F","","","","",0,9,0,0,0,0,0,0,0,17,"PHI","PIT","PHI",0,"F","T",6,0,0,12,2,"T","F",0,0,"T","T","trayp101","wrigg102","F","F",0,0,0,0,0,0,0,0,0,"","","",0,0,0,0,0,0,0,0,0,0,0,0,0,"wrigr102","F","F","F","F",0,0,0,0,0,0,0,0,0,0,F,F,"1925PHI.EVN.regular.event.csv",4439
"PHI192508292","PIT",2,1,0,0,0,"",6,0,"harpg101","?","harpg101","?","kremr101","?","kremr101","?","goocj101","grang102","rawlj101","trayp101","wrigg102","barnc102","cuylk101","moore102","","","","W","T","F",7,4,14,"T","F",0,"F","F",0,"F","F",0,"F","F",0,"","F","F","",0,0,"N",0,"N",0,"N",1,0,0,0,"","","","","F","F","F","F","F","F","F","F","F","","","","F","F","F","F","F","","","","",0,0,0,0,0,0,0,0,0,18,"PHI","PHI","PIT",1,"T","F",0,6,0,3,0,"T","F",0,1,"T","T","fonsl101","hubec101","T","T",0,0,0,0,0,0,0,0,0,"","","",0,0,0,0,0,0,0,0,0,0,0,0,0,"","F","F","F","F",0,0,0,0,0,0,0,0,0,0,F,F,"1925PHI.EVN.regular.event.csv",4440
"PHI192508292","PIT",2,1,0,0,0,"",6,0,"fonsl101","?","fonsl101","?","kremr101","?","kremr101","?","goocj101","grang102","rawlj101","trayp101","wrigg102","barnc102","cuylk101","moore102","harpg101","","","K","F","F",3,5,3,"T","T",0,"F","F",1,"F","F",0,"F","F",0,"","F","F","",0,0,"N",0,"N",0,"N",0,1,0,0,"2","","","","F","F","F","F","F","F","F","F","F","kremr101","","","F","F","F","F","F","","","","",0,2,0,0,0,0,0,0,0,19,"PHI","PHI","PIT",1,"F","F",0,6,0,4,1,"T","F",1,1,"T","T","hubec101","fribb101","T","T",7,4,18,0,0,0,0,0,0,"goocj101","","",0,0,0,0,0,0,0,0,0,0,0,0,0,"","F","F","F","F",0,0,0,0,0,0,0,0,0,0,F,F,"1925PHI.EVN.regular.event.csv",4441
"PHI192508292","PIT",2,1,1,0,0,"",6,0,"hubec101","?","hubec101","?","kremr101","?","kremr101","?","goocj101","grang102","rawlj101","trayp101","wrigg102","barnc102","cuylk101","moore102","harpg101","","","K","F","F",5,6,3,"T","T",0,"F","F",1,"F","F",0,"F","F",0,"","F","F","",0,0,"N",0,"N",0,"N",0,1,0,0,"2","","","","F","F","F","F","F","F","F","F","F","kremr101","","","F","F","F","F","F","","","","",0,2,0,0,0,0,0,0,0,20,"PHI","PHI","PIT",1,"F","F",0,6,0,5,2,"T","F",1,1,"T","T","fribb101","wilsj105","T","T",7,4,18,0,0,0,0,0,0,"goocj101","","",0,0,0,0,0,0,0,0,0,0,0,0,0,"","F","F","F","F",0,0,0,0,0,0,0,0,0,0,F,F,"1925PHI.EVN.regular.event.csv",4442
"PHI192508292","PIT",2,1,2,0,0,"",6,0,"fribb101","?","fribb101","?","kremr101","?","kremr101","?","goocj101","grang102","rawlj101","trayp101","wrigg102","barnc102","cuylk101","moore102","harpg101","","","13/G+","F","F",4,7,2,"T","T",0,"F","F",1,"F","F",0,"F","F",1,"G","F","F","",0,0,"N",0,"N",0,"N",0,1,0,0,"13","","","","F","F","F","F","F","F","F","F","F","kremr101","","","F","F","F","F","F","","","","",0,3,0,0,1,0,0,0,0,21,"PHI","PHI","PIT",1,"F","T",0,6,0,6,3,"T","F",1,1,"T","T","wilsj105","oneas101","T","T",7,4,18,0,0,0,0,0,0,"goocj101","","",0,0,0,0,0,0,0,0,0,0,0,0,0,"kremr101","F","F","F","F",0,0,0,0,0,0,0,0,0,0,F,F,"1925PHI.EVN.regular.event.csv",4443
"PHI192508292","PIT",3,0,0,0,0,"",6,0,"trayp101","?","trayp101","?","oneas101","?","oneas101","?","wilsj105","fonsl101","fribb101","hubec101","kimmw101","harpg101","leacf101","wrigr102","","","","HR/L7D","T","F",5,5,23,"T","T",4,"F","F",0,"F","F",1,"F","F",0,"L","F","F","7D",0,0,"N",0,"N",0,"N",4,0,0,0,"","","","","F","F","F","F","F","F","F","F","F","","","","F","F","F","F","F","","","","",0,0,0,0,0,0,0,0,0,22,"PHI","PIT","PHI",0,"T","F",6,0,0,13,0,"T","F",0,0,"T","T","wrigg102","grang102","F","F",0,0,0,0,0,0,0,0,0,"","","",0,0,0,0,0,0,0,0,0,0,0,0,1,"","F","F","F","F",4,0,0,0,0,0,0,0,0,0,F,F,"1925PHI.EVN.regular.event.csv",4444
"PHI192508292","PIT",3,0,0,0,0,"",7,0,"wrigg102","?","wrigg102","?","oneas101","?","oneas101","?","wilsj105","fonsl101","fribb101","hubec101","kimmw101","harpg101","leacf101","wrigr102","","","","3/G","F","F",6,6,2,"T","T",0,"F","F",1,"F","F",0,"F","F",3,"G","F","F","",0,0,"N",0,"N",0,"N",0,0,0,0,"3","","","","F","F","F","F","F","F","F","F","F","","","","F","F","F","F","F","","","","",0,3,0,0,0,0,0,0,0,23,"PHI","PIT","PHI",0,"F","F",7,0,1,14,1,"T","F",0,0,"T","T","grang102","goocj101","F","F",0,0,0,0,0,0,0,0,0,"","","",0,0,0,0,0,0,0,0,0,0,0,0,0,"fonsl101","F","F","F","F",0,0,0,0,0,0,0,0,0,0,F,F,"1925PHI.EVN.regular.event.csv",4445
"PHI192508292","PIT",3,0,1,0,0,"",7,0,"grang102","?","grang102","?","oneas101","?","oneas101","?","wilsj105","fonsl101","fribb101","hubec101","kimmw101","harpg101","leacf101","wrigr102","","","","S8","F","F",3,7,20,"T","T",1,"F","F",0,"F","F",0,"F","F",8,"","F","F","",0,0,"N",0,"N",0,"N",1,0,0,0,"","","","","F","F","F","F","F","F","F","F","F","","","","F","F","F","F","F","","","","",0,0,0,0,0,0,0,0,0,24,"PHI","PIT","PHI",0,"F","F",7,0,1,15,2,"T","F",0,1,"T","T","goocj101","kremr101","F","F",0,0,0,0,0,0,0,0,0,"","","",0,0,0,0,0,0,0,0,0,0,0,0,0,"leacf101","F","F","F","F",0,0,0,0,0,0,0,0,0,0,F,F,"1925PHI.EVN.regular.event.csv",4446
"PHI192508292","PIT",3,0,1,0,0,"",7,0,"goocj101","?","goocj101","?","oneas101","?","oneas101","?","wilsj105","fonsl101","fribb101","hubec101","kimmw101","harpg101","leacf101","wrigr102","grang102","","","S48/G4M.1-3","F","F",2,8,20,"T","T",1,"F","F",0,"F","F",0,"F","F",4,"G","F","F","4M",0,0,"N",0,"N",0,"N",1,3,0,0,"","","","","F","F","F","F","F","F","F","F","F","oneas101","","","F","F","F","F","F","","","","",0,0,0,0,0,0,0,0,0,25,"PHI","PIT","PHI",0,"F","F",7,0,1,16,3,"T","F",1,5,"T","T","kremr101","moore102","F","F",3,7,24,0,0,0,0,0,0,"wilsj105","","",0,0,0,0,0,0,0,0,0,0,0,0,0,"fribb101","F","F","F","F",0,0,0,0,0,0,0,0,0,0,F,F,"1925PHI.EVN.regular.event.csv",4447
"PHI192508292","PIT",3,0,1,0,0,"",7,0,"kremr101","?","kremr101","?","oneas101","?","oneas101","?","wilsj105","fonsl101","fribb101","hubec101","kimmw101","harpg101","leacf101","wrigr102","goocj101","","grang102","K","F","F",1,9,3,"T","T",0,"F","F",1,"F","F",0,"F","F",0,"","F","F","",0,0,"N",0,"N",0,"N",0,1,0,3,"2","","","","F","F","F","F","F","F","F","F","F","oneas101","","oneas101","F","F","F","F","F","","","","",0,2,0,0,0,0,0,0,0,26,"PHI","PIT","PHI",0,"F","F",7,0,1,17,4,"T","F",5,5,"T","T","moore102","rawlj101","F","F",2,8,25,0,0,0,3,7,24,"wilsj105","","wilsj105",0,0,0,0,0,0,0,0,0,0,0,0,0,"","F","F","F","F",0,0,0,0,0,0,0,0,0,0,F,F,"1925PHI.EVN.regular.event.csv",4448
"PHI192508292","PIT",3,0,2,0,0,"",7,0,"moore102","?","moore102","?","oneas101","?","oneas101","?","wilsj105","fonsl101","fribb101","hubec101","kimmw101","harpg101","leacf101","wrigr102","goocj101","","grang102","9/F","F","F",9,1,2,"T","T",0,"F","F",1,"F","F",0,"F","F",9,"F","F","F","",0,0,"N",0,"N",0,"N",0,1,0,3,"9","","","","F","F","F","F","F","F","F","F","F","oneas101","","oneas101","F","F","F","F","F","","","","",0,9,0,0,0,0,0,0,0,27,"PHI","PIT","PHI",0,"F","T",7,0,1,18,5,"T","F",5,5,"T","T","rawlj101","cuylk101","F","F",2,8,25,0,0,0,3,7,24,"wilsj105","","wilsj105",0,0,0,0,0,0,0,0,0,0,0,0,0,"wrigr102","F","F","F","F",0,0,0,0,0,0,0,0,0,0,F,F,"1925PHI.EVN.regular.event.csv",4449
"PHI192508292","PIT",3,1,0,0,0,"",7,0,"wilsj105","?","wilsj105","?","kremr101","?","kremr101","?","goocj101","grang102","rawlj101","trayp101","wrigg102","barnc102","cuylk101","moore102","","","","9/F","T","F",2,8,2,"T","T",0,"F","F",1,"F","F",0,"F","F",9,"F","F","F","",0,0,"N",0,"N",0,"N",0,0,0,0,"9","","","","F","F","F","F","F","F","F","F","F","","","","F","F","F","F","F","","","","",0,9,0,0,0,0,0,0,0,28,"PHI","PHI","PIT",1,"T","F",0,7,0,7,0,"T","F",0,0,"T","T","oneas101","kimmw101","T","T",0,0,0,0,0,0,0,0,0,"","","",0,0,0,0,0,0,0,0,0,0,0,0,0,"moore102","F","F","F","F",0,0,0,0,0,0,0,0,0,0,F,F,"1925PHI.EVN.regular.event.csv",4450
"PHI192508292","PIT",3,1,1,0,0,"",7,0,"pierr101","?","pierr101","?","kremr101","?","kremr101","?","goocj101","grang102","rawlj101","trayp101","wrigg102","barnc102","cuylk101","moore102","","","","8/F","F","T",11,9,2,"T","T",0,"F","F",1,"F","F",0,"F","F",8,"F","F","F","",0,0,"N",0,"N",0,"N",0,0,0,0,"8","","","","F","F","F","F","F","F","F","F","F","","","","F","F","F","F","F","","","","oneas101",1,8,0,0,0,0,0,0,0,29,"PHI","PHI","PIT",1,"F","F",0,7,0,8,1,"T","F",0,0,"F","F","kimmw101","leacf101","T","T",0,0,0,0,0,0,0,0,0,"","","",0,0,0,0,0,0,0,0,0,0,0,0,0,"cuylk101","F","F","F","F",0,0,0,0,0,0,0,0,0,0,F,F,"1925PHI.EVN.regular.event.csv",4451
"PHI192508292","PIT",3,1,2,0,0,"",7,0,"kimmw101","?","kimmw101","?","kremr101","?","kremr101","?","goocj101","grang102","rawlj101","trayp101","wrigg102","barnc102","cuylk101","moore102","","","","S7","F","F",6,1,20,"T","T",1,"F","F",0,"F","F",0,"F","F",7,"","F","F","",0,0,"N",0,"N",0,"N",1,0,0,0,"","","","","F","F","F","F","F","F","F","F","F","","","","F","F","F","F","F","","","","",0,0,0,0,0,0,0,0,0,30,"PHI","PHI","PIT",1,"F","F",0,7,0,9,2,"T","F",0,1,"T","T","leacf101","wrigr102","T","T",0,0,0,0,0,0,0,0,0,"","","",0,0,0,0,0,0,0,0,0,0,0,0,0,"barnc102","F","F","F","F",1,0,0,0,0,0,0,0,0,0,F,F,"1925PHI.EVN.regular.event.csv",4452
"PHI192508292","PIT",3,1,2,0,0,"",7,0,"leacf101","?","leacf101","?","kremr101","?","kremr101","?","goocj101","grang102","rawlj101","trayp101","wrigg102","barnc102","cuylk101","moore102","kimmw101","","","5/P","F","F",8,2,2,"T","T",0,"F","F",1,"F","F",0,"F","F",5,"P","F","F","",0,0,"N",0,"N",0,"N",0,1,0,0,"5","","","","F","F","F","F","F","F","F","F","F","kremr101","","","F","F","F","F","F","","","","",0,5,0,0,0,0,0,0,0,31,"PHI","PHI","PIT",1,"F","T",0,7,0,10,3,"T","F",1,1,"T","T","wrigr102","harpg101","T","T",6,1,30,0,0,0,0,0,0,"goocj101","","",0,0,0,0,0,0,0,0,0,0,0,0,0,"trayp101","F","F","F","F",0,1,0,0,0,0,0,0,0,0,F,F,"1925PHI.EVN.regular.event.csv",4453
"PHI192508292","PIT",4,0,0,0,0,"",7,0,"rawlj101","?","rawlj101","?","pierr101","?","pierr101","?","wilsj105","hawkc101","fribb101","hubec101","kimmw101","harpg101","leacf101","wrigr102","","","","S8","T","F",4,2,20,"T","T",1,"F","F",0,"F","F",0,"F","F",8,"","F","F","",0,0,"N",0,"N",0,"N",1,0,0,0,"","","","","F","F","F","F","F","F","F","F","F","","","","F","F","F","F","F","","","","",0,0,0,0,0,0,0,0,0,32,"PHI","PIT","PHI",0,"T","F",7,0,0,19,0,"T","F",0,1,"T","T","cuylk101","barnc102","F","F",0,0,0,0,0,0,0,0,0,"","","",0,0,0,0,0,0,0,0,0,0,0,0,0,"leacf101","F","F","F","F",4,0,0,0,2,0,0,0,0,0,F,F,"1925PHI.EVN.regular.event.csv",4454
"PHI192508292","PIT",4,0,0,0,0,"",7,0,"cuylk101","?","cuylk101","?","pierr101","?","pierr101","?","wilsj105","hawkc101","fribb101","hubec101","kimmw101","harpg101","leacf101","wrigr102","rawlj101","","","9/F","F","F",8,3,2,"T","T",0,"F","F",1,"F","F",0,"F","F",9,"F","F","F","",0,0,"N",0,"N",0,"N",0,1,0,0,"9","","","","F","F","F","F","F","F","F","F","F","pierr101","","","F","F","F","F","F","","","","",0,9,0,0,0,0,0,0,0,33,"PHI","PIT","PHI",0,"F","F",7,0,0,20,1,"T","F",1,1,"T","T","barnc102","trayp101","F","F",4,2,32,0,0,0,0,0,0,"wilsj105","","",0,0,0,0,0,0,0,0,0,0,0,0,0,"wrigr102","F","F","F","F",0,4,0,0,2,0,0,0,0,0,F,F,"1925PHI.EVN.regular.event.csv",4455
"PHI192508292","PIT",4,0,1,0,0,"",7,0,"barnc102","?","barnc102","?","pierr101","?","pierr101","?","wilsj105","hawkc101","fribb101","hubec101","kimmw101","harpg101","leacf101","wrigr102","rawlj101","","","7/F","F","F",7,4,2,"T","T",0,"F","F",1,"F","F",0,"F","F",7,"F","F","F","",0,0,"N",0,"N",0,"N",0,1,0,0,"7","","","","F","F","F","F","F","F","F","F","F","pierr101","","","F","F","F","F","F","","","","",0,7,0,0,0,0,0,0,0,34,"PHI","PIT","PHI",0,"F","F",7,0,0,21,2,"T","F",1,1,"T","T","trayp101","wrigg102","F","F",4,2,32,0,0,0,0,0,0,"wilsj105","","",0,0,0,0,0,0,0,0,0,0,0,0,0,"harpg101","F","F","F","F",0,4,0,0,2,0,0,0,0,0,F,F,"1925PHI.EVN.regular.event.csv",4456
"PHI192508292","PIT",4,0,2,0,0,"",7,0,"trayp101","?","trayp101","?","pierr101","?","pierr101","?","wilsj105","hawkc101","fribb101","hubec101","kimmw101","harpg101","leacf101","wrigr102","rawlj101","","","HR/F7D.1-H","F","F",5,5,23,"T","T",4,"F","F",0,"F","F",2,"F","F",0,"F","F","F","7D",0,0,"N",0,"N",0,"N",4,4,0,0,"","","","","F","F","F","F","F","F","F","F","F","pierr101","","","F","F","F","F","F","","","","",0,0,0,0,0,0,0,0,0,35,"PHI","PIT","PHI",0,"F","F",7,0,0,22,3,"T","F",1,0,"T","T","wrigg102","grang102","F","F",4,2,32,0,0,0,0,0,0,"wilsj105","","",0,0,0,0,0,0,0,0,0,0,0,0,2,"","F","F","F","F",4,4,0,0,0,0,0,0,0,0,F,F,"1925PHI.EVN.regular.event.csv",4457
"PHI192508292","PIT",4,0,2,0,0,"",9,0,"wrigg102","?","wrigg102","?","pierr101","?","pierr101","?","wilsj105","hawkc101","fribb101","hubec101","kimmw101","harpg101","leacf101","wrigr102","","","","K","F","F",6,6,3,"T","T",0,"F","F",1,"F","F",0,"F","F",0,"","F","F","",0,0,"N",0,"N",0,"N",0,0,0,0,"2","","","","F","F","F","F","F","F","F","F","F","","","","F","F","F","F","F","","","","",0,2,0,0,0,0,0,0,0,36,"PHI","PIT","PHI",0,"F","T",9,0,2,23,4,"T","F",0,0,"T","T","grang102","goocj101","F","F",0,0,0,0,0,0,0,0,0,"","","",0,0,0,0,0,0,0,0,0,0,0,0,0,"","F","F","F","F",0,0,0,0,0,0,0,0,0,0,F,F,"1925PHI.EVN.regular.event.csv",4458
"PHI192508292","PIT",4,1,0,0,0,"",9,0,"wrigr102","?","wrigr102","?","kremr101","?","kremr101","?","goocj101","grang102","rawlj101","trayp101","wrigg102","barnc102","cuylk101","moore102","","","","43","T","F",9,3,2,"T","T",0,"F","F",1,"F","F",0,"F","F",4,"G","F","F","",0,0,"N",0,"N",0,"N",0,0,0,0,"43","","","","F","F","F","F","F","F","F","F","F","","","","F","F","F","F","F","","","","",0,3,0,0,4,0,0,0,0,37,"PHI","PHI","PIT",1,"T","F",0,9,0,11,0,"T","F",0,0,"T","T","harpg101","hawkc101","T","T",0,0,0,0,0,0,0,0,0,"","","",0,0,0,0,0,0,0,0,0,0,0,0,0,"rawlj101","F","F","F","F",0,0,0,0,0,0,0,0,0,0,F,F,"1925PHI.EVN.regular.event.csv",4459
"PHI192508292","PIT",4,1,1,0,0,"",9,0,"harpg101","?","harpg101","?","kremr101","?","kremr101","?","goocj101","grang102","rawlj101","trayp101","wrigg102","barnc102","cuylk101","moore102","","","","E4/F4MD","F","F",7,4,18,"T","T",0,"F","F",0,"F","F",0,"F","F",4,"F","F","F","4MD",1,4,"F",0,"N",0,"N",1,0,0,0,"","","","","F","F","F","F","F","F","F","F","F","","","","F","F","F","F","F","","","","",0,0,0,0,0,0,0,0,0,38,"PHI","PHI","PIT",1,"F","F",0,9,0,12,1,"T","F",0,1,"T","T","hawkc101","hubec101","T","T",0,0,0,0,0,0,0,0,0,"","","",0,0,0,0,0,0,0,0,0,0,0,0,0,"rawlj101","F","F","F","T",0,0,0,0,0,0,0,0,0,0,F,F,"1925PHI.EVN.regular.event.csv",4460
"PHI192508292","PIT",4,1,1,0,0,"",9,0,"hawkc101","?","hawkc101","?","kremr101","?","kremr101","?","goocj101","grang102","rawlj101","trayp101","wrigg102","barnc102","cuylk101","moore102","harpg101","","","5/P","F","F",3,5,2,"T","T",0,"F","F",1,"F","F",0,"F","F",5,"P","F","F","",0,0,"N",0,"N",0,"N",0,1,0,0,"5","","","","F","F","F","F","F","F","F","F","F","kremr101","","","F","F","F","F","F","","","","",0,5,0,0,0,0,0,0,0,39,"PHI","PHI","PIT",1,"F","F",0,9,0,13,2,"T","F",1,1,"F","F","hubec101","fribb101","T","T",7,4,38,0,0,0,0,0,0,"goocj101","","",0,0,0,0,0,0,0,0,0,0,0,0,0,"trayp101","F","F","F","F",0,0,0,0,0,0,0,0,0,0,F,F,"1925PHI.EVN.regular.event.csv",4461
"PHI192508292","PIT",4,1,2,0,0,"",9,0,"hubec101","?","hubec101","?","kremr101","?","kremr101","?","goocj101","grang102","rawlj101","trayp101","wrigg102","barnc102","cuylk101","moore102","harpg101","","","6(1)/FO","F","F",5,6,2,"T","T",0,"F","F",1,"F","F",0,"F","F",6,"G","F","F","",0,0,"N",0,"N",0,"N",1,0,0,0,"","6","","","F","F","F","F","F","F","F","F","F","kremr101","","","F","F","F","F","F","","","","",0,6,0,0,0,0,0,0,0,40,"PHI","PHI","PIT",1,"F","T",0,9,0,14,3,"T","F",1,1,"T","T","fribb101","wilsj105","T","T",7,4,38,0,0,0,0,0,0,"goocj101","","",0,0,0,0,0,0,0,0,0,0,0,0,0,"wrigg102","T","F","F","F",0,0,0,0,0,0,0,0,0,0,F,F,"1925PHI.EVN.regular.event.csv",4462
"PHI192508292","PIT",5,0,0,0,0,"",9,0,"grang102","?","grang102","?","pierr101","?","pierr101","?","wilsj105","hawkc101","fribb101","hubec101","kimmw101","harpg101","leacf101","wrigr102","","","","D/78","T","F",3,7,21,"T","T",2,"F","F",0,"F","F",0,"F","F",0,"","F","F","78",0,0,"N",0,"N",0,"N",2,0,0,0,"","","","","F","F","F","F","F","F","F","F","F","","","","F","F","F","F","F","","","","",0,0,0,0,0,0,0,0,0,41,"PHI","PIT","PHI",0,"T","F",9,0,0,24,0,"T","F",0,2,"T","T","goocj101","kremr101","F","F",0,0,0,0,0,0,0,0,0,"","","",0,0,0,0,0,0,0,0,0,0,0,0,0,"","F","F","F","F",0,0,0,0,0,0,0,0,0,0,F,F,"1925PHI.EVN.regular.event.csv",4463
"PHI192508292","PIT",5,0,0,0,0,"",9,0,"goocj101","?","goocj101","?","pierr101","?","pierr101","?","wilsj105","hawkc101","fribb101","hubec101","kimmw101","harpg101","leacf101","wrigr102","","grang102","","3/FL","F","F",2,8,2,"T","T",0,"F","F",1,"F","F",0,"F","F",3,"F","F","T","",0,0,"N",0,"N",0,"N",0,0,2,0,"3","","","","F","F","F","F","F","F","F","F","F","","pierr101","","F","F","F","F","F","","","","",0,3,0,0,0,0,0,0,0,42,"PHI","PIT","PHI",0,"F","F",9,0,0,25,1,"T","F",2,2,"T","T","kremr101","moore102","F","F",0,0,0,3,7,41,0,0,0,"","wilsj105","",0,0,0,0,0,0,0,0,0,0,0,0,0,"hawkc101","F","F","F","F",0,0,0,0,0,0,0,0,0,0,F,F,"1925PHI.EVN.regular.event.csv",4464
"PHI192508292","PIT",5,0,1,0,0,"",9,0,"kremr101","?","kremr101","?","pierr101","?","pierr101","?","wilsj105","hawkc101","fribb101","hubec101","kimmw101","harpg101","leacf101","wrigr102","","grang102","","PO2(15)","F","F",1,9,8,"F","F",0,"F","F",1,"F","F",0,"F","F",0,"","F","F","",0,0,"N",0,"N",0,"N",0,0,0,0,"","","15","","F","F","F","F","F","F","F","T","F","","pierr101","","F","F","F","F","F","","","","",0,5,0,0,1,0,0,0,0,43,"PHI","PIT","PHI",0,"F","F",9,0,0,26,2,"T","F",2,0,"T","T","moore102","rawlj101","F","F",0,0,0,3,7,41,0,0,0,"","wilsj105","",0,0,0,0,0,0,0,0,0,0,0,0,0,"","F","F","F","F",0,0,0,0,0,0,0,0,0,0,F,F,"1925PHI.EVN.regular.event.csv",4465
"PHI192508292","PIT",5,0,2,0,0,"",9,0,"kremr101","?","kremr101","?","pierr101","?","pierr101","?","wilsj105","hawkc101","fribb101","hubec101","kimmw101","harpg101","leacf101","wrigr102","","","","K","F","F",1,9,3,"T","T",0,"F","F",1,"F","F",0,"F","F",0,"","F","F","",0,0,"N",0,"N",0,"N",0,0,0,0,"2","","","","F","F","F","F","F","F","F","F","F","","","","F","F","F","F","F","","","","",0,2,0,0,0,0,0,0,0,44,"PHI","PIT","PHI",0,"F","T",9,0,0,26,2,"F","F",0,0,"T","T","moore102","rawlj101","F","F",0,0,0,0,0,0,0,0,0,"","","",0,0,0,0,0,0,0,0,0,0,0,0,0,"","F","F","F","F",0,0,0,0,0,0,0,0,0,0,F,F,"1925PHI.EVN.regular.event.csv",4466
"PHI192508292","PIT",5,1,0,0,0,"",9,0,"fribb101","?","fribb101","?","kremr101","?","kremr101","?","goocj101","grang102","rawlj101","trayp101","wrigg102","barnc102","cuylk101","moore102","","","","6/P6D","T","F",4,7,2,"T","T",0,"F","F",1,"F","F",0,"F","F",6,"P","F","F","6D",0,0,"N",0,"N",0,"N",0,0,0,0,"6","","","","F","F","F","F","F","F","F","F","F","","","","F","F","F","F","F","","","","",0,6,0,0,0,0,0,0,0,45,"PHI","PHI","PIT",1,"T","F",0,9,0,15,0,"T","F",0,0,"T","T","wilsj105","pierr101","T","T",0,0,0,0,0,0,0,0,0,"","","",0,0,0,0,0,0,0,0,0,0,0,0,0,"wrigg102","F","F","F","F",0,0,0,0,0,0,0,0,0,0,F,F,"1925PHI.EVN.regular.event.csv",4467
"PHI192508292","PIT",5,1,1,0,0,"",9,0,"wilsj105","?","wilsj105","?","kremr101","?","kremr101","?","goocj101","grang102","rawlj101","trayp101","wrigg102","barnc102","cuylk101","moore102","","","","E9/F.B-2","F","F",2,8,18,"T","T",0,"F","F",0,"F","F",0,"F","F",9,"F","F","F","",1,9,"F",0,"N",0,"N",2,0,0,0,"","","","","F","F","F","F","F","F","F","F","F","","","","F","F","F","F","F","","","","",0,0,0,0,0,0,0,0,0,46,"PHI","PHI","PIT",1,"F","F",0,9,0,16,1,"T","F",0,2,"T","T","pierr101","kimmw101","T","T",0,0,0,0,0,0,0,0,0,"","","",0,0,0,0,0,0,0,0,0,0,0,0,0,"moore102","F","F","F","T",0,0,0,0,0,0,0,0,0,0,F,F,"1925PHI.EVN.regular.event.csv",4468
"PHI192508292","PIT",5,1,1,0,0,"",9,0,"pierr101","?","pierr101","?","kremr101","?","kremr101","?","goocj101","grang102","rawlj101","trayp101","wrigg102","barnc102","cuylk101","moore102","","wilsj105","","6/L","F","F",1,9,2,"T","T",0,"F","F",1,"F","F",0,"F","F",6,"L","F","F","",0,0,"N",0,"N",0,"N",0,0,2,0,"6","","","","F","F","F","F","F","F","F","F","F","","kremr101","","F","F","F","F","F","","","","",0,6,0,0,0,0,0,0,0,47,"PHI","PHI","PIT",1,"F","F",0,9,0,17,2,"T","F",2,2,"F","F","kimmw101","leacf101","T","T",0,0,0,2,8,46,0,0,0,"","goocj101","",0,0,0,0,0,0,0,0,0,0,0,0,0,"wrigg102","F","F","F","F",0,0,0,0,0,0,0,0,0,0,F,F,"1925PHI.EVN.regular.event.csv",4469
"PHI192508292","PIT",5,1,2,0,0,"",9,0,"kimmw101","?","kimmw101","?","kremr101","?","kremr101","?","goocj101","grang102","rawlj101","trayp101","wrigg102","barnc102","cuylk101","moore102","","wilsj105","","K","F","F",6,1,3,"T","T",0,"F","F",1,"F","F",0,"F","F",0,"","F","F","",0,0,"N",0,"N",0,"N",0,0,2,0,"2","","","","F","F","F","F","F","F","F","F","F","","kremr101","","F","F","F","F","F","","","","",0,2,0,0,0,0,0,0,0,48,"PHI","PHI","PIT",1,"F","T",0,9,0,18,3,"T","F",2,2,"T","T","leacf101","wrigr102","T","T",0,0,0,2,8,46,0,0,0,"","goocj101","",0,0,0,0,0,0,0,0,0,0,0,0,0,"","F","F","F","F",0,0,0,0,0,0,0,0,0,0,F,F,"1925PHI.EVN.regular.event.csv",4470
"PHI192508292","PIT",6,0,0,0,0,"",9,0,"moore102","?","moore102","?","pierr101","?","pierr101","?","wilsj105","hawkc101","fribb101","hubec101","kimmw101","harpg101","leacf101","wrigr102","","","","W","T","F",9,1,14,"T","F",0,"F","F",0,"F","F",0,"F","F",0,"","F","F","",0,0,"N",0,"N",0,"N",1,0,0,0,"","","","","F","F","F","F","F","F","F","F","F","","","","F","F","F","F","F","","","","",0,0,0,0,0,0,0,0,0,49,"PHI","PIT","PHI",0,"T","F",9,0,0,27,0,"T","F",0,1,"T","T","rawlj101","cuylk101","F","F",0,0,0,0,0,0,0,0,0,"","","",0,0,0,0,0,0,0,0,0,0,0,0,0,"","F","F","F","F",0,0,0,0,1,0,0,0,0,0,F,F,"1925PHI.EVN.regular.event.csv",4471
"PHI192508292","PIT",6,0,0,0,0,"",9,0,"rawlj101","?","rawlj101","?","pierr101","?","pierr101","?","wilsj105","hawkc101","fribb101","hubec101","kimmw101","harpg101","leacf101","wrigr102","moore102","","","64(1)3/GDP","F","F",4,2,2,"T","T",0,"F","F",2,"T","F",0,"F","F",6,"G","F","F","",0,0,"N",0,"N",0,"N",0,0,0,0,"43","64","","","F","F","F","F","F","F","F","F","F","pierr101","","","F","F","F","F","F","","","","",0,4,3,0,6,4,0,0,0,50,"PHI","PIT","PHI",0,"F","F",9,0,0,28,1,"T","F",1,0,"T","T","cuylk101","barnc102","F","F",9,1,49,0,0,0,0,0,0,"wilsj105","","",0,0,0,0,0,0,0,0,0,0,0,0,0,"kimmw101","T","F","F","F",0,0,0,0,1,0,0,0,0,0,F,F,"1925PHI.EVN.regular.event.csv",4472
"PHI192508292","PIT",6,0,2,0,0,"",9,0,"cuylk101","?","cuylk101","?","pierr101","?","pierr101","?","wilsj105","hawkc101","fribb101","hubec101","kimmw101","harpg101","leacf101","wrigr102","","","","E6/G","F","F",8,3,18,"T","T",0,"F","F",0,"F","F",0,"F","F",6,"G","F","F","",1,6,"F",0,"N",0,"N",1,0,0,0,"","","","","F","F","F","F","F","F","F","F","F","","","","F","F","F","F","F","","","","",0,0,0,0,0,0,0,0,0,51,"PHI","PIT","PHI",0,"F","F",9,0,0,29,2,"T","F",0,1,"T","T","barnc102","trayp101","F","F",0,0,0,0,0,0,0,0,0,"","","",0,0,0,0,0,0,0,0,0,0,0,0,0,"kimmw101","F","F","F","T",5,0,0,0,1,0,0,0,0,0,F,F,"1925PHI.EVN.regular.event.csv",4473
"PHI192508292","PIT",6,0,2,0,0,"",9,0,"barnc102","?","barnc102","?","pierr101","?","pierr101","?","wilsj105","hawkc101","fribb101","hubec101","kimmw101","harpg101","leacf101","wrigr102","cuylk101","","","D9/F9DW.1-H(UR);B-3(THH)","F","F",7,4,21,"T","T",2,"F","F",0,"F","F",1,"F","F",9,"F","F","F","9DW",0,0,"N",0,"N",0,"N",3,5,0,0,"","","","","F","F","F","F","F","F","F","F","F","pierr101","","","F","F","F","F","F","","","","",0,0,0,0,0,0,0,0,0,52,"PHI","PIT","PHI",0,"F","F",9,0,0,30,3,"T","F",1,4,"T","T","trayp101","wrigg102","F","F",8,3,51,0,0,0,0,0,0,"wilsj105","","",0,0,0,0,0,0,0,0,0,0,0,0,1,"wrigr102","F","F","F","F",0,5,0,0,0,0,0,0,0,0,F,F,"1925PHI.EVN.regular.event.csv",4474
"PHI192508292","PIT",6,0,2,0,0,"",10,0,"trayp101","?","trayp101","?","pierr101","?","pierr101","?","wilsj105","hawkc101","fribb101","hubec101","kimmw101","harpg101","leacf101","wrigr102","","","barnc102","9/F","F","F",5,5,2,"T","T",0,"F","F",1,"F","F",0,"F","F",9,"F","F","F","",0,0,"N",0,"N",0,"N",0,0,0,3,"9","","","","F","F","F","F","F","F","F","F","F","","","pierr101","F","F","F","F","F","","","","",0,9,0,0,0,0,0,0,0,53,"PHI","PIT","PHI",0,"F","T",10,0,1,31,4,"T","F",4,4,"T","T","wrigg102","grang102","F","F",0,0,0,0,0,0,7,4,52,"","","wilsj105",0,0,0,0,0,0,0,0,0,0,0,0,0,"wrigr102","F","F","F","F",0,0,0,0,0,0,0,0,0,0,F,F,"1925PHI.EVN.regular.event.csv",4475
"PHI192508292","PIT",6,1,0,0,0,"",10,0,"leacf101","?","leacf101","?","kremr101","?","kremr101","?","goocj101","grang102","rawlj101","trayp101","wrigg102","barnc102","cuylk101","moore102","","","","K","T","F",8,2,3,"T","T",0,"F","F",1,"F","F",0,"F","F",0,"","F","F","",0,0,"N",0,"N",0,"N",0,0,0,0,"2","","","","F","F","F","F","F","F","F","F","F","","","","F","F","F","F","F","","","","",0,2,0,0,0,0,0,0,0,54,"PHI","PHI","PIT",1,"T","F",0,10,0,19,0,"T","F",0,0,"T","T","wrigr102","harpg101","T","T",0,0,0,0,0,0,0,0,0,"","","",0,0,0,0,0,0,0,0,0,0,0,0,0,"","F","F","F","F",0,0,0,0,1,0,0,0,0,0,F,F,"1925PHI.EVN.regular.event.csv",4476
"PHI192508292","PIT",6,1,1,0,0,"",10,0,"wrigr102","?","wrigr102","?","kremr101","?","kremr101","?","goocj101","grang102","rawlj101","trayp101","wrigg102","barnc102","cuylk101","moore102","","","","7/F","F","F",9,3,2,"T","T",0,"F","F",1,"F","F",0,"F","F",7,"F","F","F","",0,0,"N",0,"N",0,"N",0,0,0,0,"7","","","","F","F","F","F","F","F","F","F","F","","","","F","F","F","F","F","","","","",0,7,0,0,0,0,0,0,0,55,"PHI","PHI","PIT",1,"F","F",0,10,0,20,1,"T","F",0,0,"T","T","harpg101","hawkc101","T","T",0,0,0,0,0,0,0,0,0,"","","",0,0,0,0,0,0,0,0,0,0,0,0,0,"barnc102","F","F","F","F",0,0,0,0,1,0,0,0,0,0,F,F,"1925PHI.EVN.regular.event.csv",4477
"PHI192508292","PIT",6,1,2,0,0,"",10,0,"harpg101","?","harpg101","?","kremr101","?","kremr101","?","goocj101","grang102","rawlj101","trayp101","wrigg102","barnc102","cuylk101","moore102","","","","HR/F9D","F","F",7,4,23,"T","T",4,"F","F",0,"F","F",1,"F","F",0,"F","F","F","9D",0,0,"N",0,"N",0,"N",4,0,0,0,"","","","","F","F","F","F","F","F","F","F","F","","","","F","F","F","F","F","","","","",0,0,0,0,0,0,0,0,0,56,"PHI","PHI","PIT",1,"F","F",0,10,0,21,2,"T","F",0,0,"T","T","hawkc101","hubec101","T","T",0,0,0,0,0,0,0,0,0,"","","",0,0,0,0,0,0,0,0,0,0,0,0,1,"","F","F","F","F",4,0,0,0,0,0,0,0,0,0,F,F,"1925PHI.EVN.regular.event.csv",4478
"PHI192508292","PIT",6,1,2,0,0,"",10,1,"hawkc101","?","hawkc101","?","kremr101","?","kremr101","?","goocj101","grang102","rawlj101","trayp101","wrigg102","barnc102","cuylk101","moore102","","","","7/F","F","F",3,5,2,"T","T",0,"F","F",1,"F","F",0,"F","F",7,"F","F","F","",0,0,"N",0,"N",0,"N",0,0,0,0,"7","","","","F","F","F","F","F","F","F","F","F","","","","F","F","F","F","F","","","","",0,7,0,0,0,0,0,0,0,57,"PHI","PHI","PIT",1,"F","T",1,10,1,22,3,"T","F",0,0,"F","F","hubec101","fribb101","T","T",0,0,0,0,0,0,0,0,0,"","","",0,0,0,0,0,0,0,0,0,0,0,0,0,"barnc102","F","F","F","F",0,0,0,0,0,0,0,0,0,0,F,F,"1925PHI.EVN.regular.event.csv",4479
"PHI192508292","PIT",7,0,0,0,0,"",10,1,"wrigg102","?","wrigg102","?","pierr101","?","pierr101","?","wilsj105","hawkc101","fribb101","hubec101","kimmw101","harpg101","leacf101","wrigr102","","","","S6/G","T","F",6,6,20,"T","T",1,"F","F",0,"F","F",0,"F","F",6,"G","F","F","",0,0,"N",0,"N",0,"N",1,0,0,0,"","","","","F","F","F","F","F","F","F","F","F","","","","F","F","F","F","F","","","","",0,0,0,0,0,0,0,0,0,58,"PHI","PIT","PHI",0,"T","F",10,1,0,32,0,"T","F",0,1,"T","T","grang102","goocj101","F","F",0,0,0,0,0,0,0,0,0,"","","",0,0,0,0,0,0,0,0,0,0,0,0,0,"kimmw101","F","F","F","F",4,0,0,0,1,0,0,0,0,0,F,F,"1925PHI.EVN.regular.event.csv",4480
"PHI192508292","PIT",7,0,0,0,0,"",10,1,"grang102","?","grang102","?","pierr101","?","pierr101","?","wilsj105","hawkc101","fribb101","hubec101","kimmw101","harpg101","leacf101","wrigr102","wrigg102","","","D9/9L.1-3","F","F",3,7,21,"T","T",2,"F","F",0,"F","F",0,"F","F",9,"","F","F","9L",0,0,"N",0,"N",0,"N",2,3,0,0,"","","","","F","F","F","F","F","F","F","F","F","pierr101","","","F","F","F","F","F","","","","",0,0,0,0,0,0,0,0,0,59,"PHI","PIT","PHI",0,"F","F",10,1,0,33,1,"T","F",1,6,"T","T","goocj101","kremr101","F","F",6,6,58,0,0,0,0,0,0,"wilsj105","","",0,0,0,0,0,0,0,0,0,0,0,0,0,"wrigr102","F","F","F","F",0,4,0,0,1,0,0,0,0,0,F,F,"1925PHI.EVN.regular.event.csv",4481
"PHI192508292","PIT",7,0,0,0,0,"",10,1,"goocj101","?","goocj101","?","pierr101","?","pierr101","?","wilsj105","hawkc101","fribb101","hubec101","kimmw101","harpg101","leacf101","wrigr102","","grang102","wrigg102","7/L/SF.3-H","F","F",2,8,2,"T","F",0,"F","T",1,"F","F",1,"F","F",7,"L","F","F","",0,0,"N",0,"N",0,"N",0,0,2,4,"7","","","","F","F","F","F","F","F","F","F","F","","pierr101","pierr101","F","F","F","F","F","","","","",0,7,0,0,0,0,0,0,0,60,"PHI","PIT","PHI",0,"F","F",10,1,0,34,2,"T","F",6,2,"T","T","kremr101","moore102","F","F",0,0,0,3,7,59,6,6,58,"","wilsj105","wilsj105",0,0,0,0,0,0,0,0,0,0,0,0,1,"harpg101","F","F","F","F",0,0,0,4,0,0,0,0,0,0,F,F,"1925PHI.EVN.regular.event.csv",4482
"PHI192508292","PIT",7,0,1,0,0,"",11,1,"kremr101","?","kremr101","?","pierr101","?","pierr101","?","wilsj105","hawkc101","fribb101","hubec101","kimmw101","harpg101","leacf101","wrigr102","","grang102","","63.2-3","F","F",1,9,2,"T","T",0,"F","F",1,"F","F",0,"F","F",6,"G","F","F","",0,0,"N",0,"N",0,"N",0,0,3,0,"63","","","","F","F","F","F","F","F","F","F","F","","pierr101","","F","F","F","F","F","","","","",0,3,0,0,6,0,0,0,0,61,"PHI","PIT","PHI",0,"F","F",11,1,1,35,3,"T","F",2,4,"T","T","moore102","rawlj101","F","F",0,0,0,3,7,59,0,0,0,"","wilsj105","",0,0,0,0,0,0,0,0,0,0,0,0,0,"kimmw101","F","F","F","F",0,0,0,0,0,0,0,0,0,0,F,F,"1925PHI.EVN.regular.event.csv",4483
"PHI192508292","PIT",7,0,2,0,0,"",11,1,"moore102","?","moore102","?","pierr101","?","pierr101","?","wilsj105","hawkc101","fribb101","hubec101","kimmw101","harpg101","leacf101","wrigr102","","","grang102","13","F","F",9,1,2,"T","T",0,"F","F",1,"F","F",0,"F","F",1,"G","F","F","",0,0,"N",0,"N",0,"N",0,0,0,3,"13","","","","F","F","F","F","F","F","F","F","F","","","pierr101","F","F","F","F","F","","","","",0,3,0,0,1,0,0,0,0,62,"PHI","PIT","PHI",0,"F","T",11,1,1,36,4,"T","F",4,4,"T","T","rawlj101","cuylk101","F","F",0,0,0,0,0,0,3,7,59,"","","wilsj105",0,0,0,0,0,0,0,0,0,0,0,0,0,"pierr101","F","F","F","F",0,0,0,0,0,0,0,0,0,0,F,F,"1925PHI.EVN.regular.event.csv",4484
"PHI192508292","PIT",7,1,0,0,0,"",11,1,"hubec101","?","hubec101","?","kremr101","?","kremr101","?","goocj101","grang102","rawlj101","trayp101","wrigg102","barnc102","cuylk101","moore102","","","","S8","T","F",5,6,20,"T","T",1,"F","F",0,"F","F",0,"F","F",8,"","F","F","",0,0,"N",0,"N",0,"N",1,0,0,0,"","","","","F","F","F","F","F","F","F","F","F","","","","F","F","F","F","F","","","","",0,0,0,0,0,0,0,0,0,63,"PHI","PHI","PIT",1,"T","F",1,11,0,23,0,"T","F",0,1,"T","T","fribb101","wilsj105","T","T",0,0,0,0,0,0,0,0,0,"","","",0,0,0,0,0,0,0,0,0,0,0,0,0,"cuylk101","F","F","F","F",0,0,0,0,0,0,0,0,0,0,F,F,"1925PHI.EVN.regular.event.csv",4485
"PHI192508292","PIT",7,1,0,0,0,"",11,1,"fribb101","?","fribb101","?","kremr101","?","kremr101","?","goocj101","grang102","rawlj101","trayp101","wrigg102","barnc102","cuylk101","moore102","hubec101","","","9/F","F","F",4,7,2,"T","T",0,"F","F",1,"F","F",0,"F","F",9,"F","F","F","",0,0,"N",0,"N",0,"N",0,1,0,0,"9","","","","F","F","F","F","F","F","F","F","F","kremr101","","","F","F","F","F","F","","","","",0,9,0,0,0,0,0,0,0,64,"PHI","PHI","PIT",1,"F","F",1,11,0,24,1,"T","F",1,1,"T","T","wilsj105","pierr101","T","T",5,6,63,0,0,0,0,0,0,"goocj101","","",0,0,0,0,0,0,0,0,0,0,0,0,0,"moore102","F","F","F","F",0,0,0,0,0,0,0,0,0,0,F,F,"1925PHI.EVN.regular.event.csv",4486
"PHI192508292","PIT",7,1,1,0,0,"",11,1,"wilsj105","?","wilsj105","?","kremr101","?","kremr101","?","goocj101","grang102","rawlj101","trayp101","wrigg102","barnc102","cuylk101","moore102","hubec101","","","9/F","F","F",2,8,2,"T","T",0,"F","F",1,"F","F",0,"F","F",9,"F","F","F","",0,0,"N",0,"N",0,"N",0,1,0,0,"9","","","","F","F","F","F","F","F","F","F","F","kremr101","","","F","F","F","F","F","","","","",0,9,0,0,0,0,0,0,0,65,"PHI","PHI","PIT",1,"F","F",1,11,0,25,2,"T","F",1,1,"T","T","pierr101","kimmw101","T","T",5,6,63,0,0,0,0,0,0,"goocj101","","",0,0,0,0,0,0,0,0,0,0,0,0,0,"moore102","F","F","F","F",0,0,0,0,0,0,0,0,0,0,F,F,"1925PHI.EVN.regular.event.csv",4487
"PHI192508292","PIT",7,1,2,0,0,"",11,1,"pierr101","?","pierr101","?","kremr101","?","kremr101","?","goocj101","grang102","rawlj101","trayp101","wrigg102","barnc102","cuylk101","moore102","hubec101","","","7/F","F","F",1,9,2,"T","T",0,"F","F",1,"F","F",0,"F","F",7,"F","F","F","",0,0,"N",0,"N",0,"N",0,1,0,0,"7","","","","F","F","F","F","F","F","F","F","F","kremr101","","","F","F","F","F","F","","","","",0,7,0,0,0,0,0,0,0,66,"PHI","PHI","PIT",1,"F","T",1,11,0,26,3,"T","F",1,1,"F","F","kimmw101","leacf101","T","T",5,6,63,0,0,0,0,0,0,"goocj101","","",0,0,0,0,0,0,0,0,0,0,0,0,0,"barnc102","F","F","F","F",0,0,0,0,0,0,0,0,0,0,F,F,"1925PHI.EVN.regular.event.csv",4488
"PHI192508292","PIT",8,0,0,0,0,"",11,1,"rawlj101","?","rawlj101","?","pierr101","?","pierr101","?","wilsj105","hawkc101","fribb101","hubec101","kimmw101","harpg101","leacf101","wrigr102","","","","9/F","T","F",4,2,2,"T","T",0,"F","F",1,"F","F",0,"F","F",9,"F","F","F","",0,0,"N",0,"N",0,"N",0,0,0,0,"9","","","","F","F","F","F","F","F","F","F","F","","","","F","F","F","F","F","","","","",0,9,0,0,0,0,0,0,0,67,"PHI","PIT","PHI",0,"T","F",11,1,0,37,0,"T","F",0,0,"T","T","cuylk101","barnc102","F","F",0,0,0,0,0,0,0,0,0,"","","",0,0,0,0,0,0,0,0,0,0,0,0,0,"wrigr102","F","F","F","F",0,0,0,0,0,0,0,0,0,0,F,F,"1925PHI.EVN.regular.event.csv",4489
"PHI192508292","PIT",8,0,1,0,0,"",11,1,"cuylk101","?","cuylk101","?","pierr101","?","pierr101","?","wilsj105","hawkc101","fribb101","hubec101","kimmw101","harpg101","leacf101","wrigr102","","","","S8","F","F",8,3,20,"T","T",1,"F","F",0,"F","F",0,"F","F",8,"","F","F","",0,0,"N",0,"N",0,"N",1,0,0,0,"","","","","F","F","F","F","F","F","F","F","F","","","","F","F","F","F","F","","","","",0,0,0,0,0,0,0,0,0,68,"PHI","PIT","PHI",0,"F","F",11,1,0,38,1,"T","F",0,1,"T","T","barnc102","trayp101","F","F",0,0,0,0,0,0,0,0,0,"","","",0,0,0,0,0,0,0,0,0,0,0,0,0,"leacf101","F","F","F","F",0,0,0,0,0,0,0,0,0,0,F,F,"1925PHI.EVN.regular.event.csv",4490
"PHI192508292","PIT",8,0,1,0,0,"",11,1,"barnc102","?","barnc102","?","pierr101","?","pierr101","?","wilsj105","hawkc101","fribb101","hubec101","kimmw101","harpg101","leacf101","wrigr102","cuylk101","","","8/F8XD","F","F",7,4,2,"T","T",0,"F","F",1,"F","F",0,"F","F",8,"F","F","F","8XD",0,0,"N",0,"N",0,"N",0,1,0,0,"8","","","","F","F","F","F","F","F","F","F","F","pierr101","","","F","F","F","F","F","","","","",0,8,0,0,0,0,0,0,0,69,"PHI","PIT","PHI",0,"F","F",11,1,0,39,2,"T","F",1,1,"T","T","trayp101","wrigg102","F","F",8,3,68,0,0,0,0,0,0,"wilsj105","","",0,0,0,0,0,0,0,0,0,0,0,0,0,"leacf101","F","F","F","F",0,0,0,0,0,0,0,0,0,0,F,F,"1925PHI.EVN.regular.event.csv",4491
"PHI192508292","PIT",8,0,2,0,0,"",11,1,"trayp101","?","trayp101","?","pierr101","?","pierr101","?","wilsj105","hawkc101","fribb101","hubec101","kimmw101","harpg101","leacf101","wrigr102","cuylk101","","","3/FL","F","F",5,5,2,"T","T",0,"F","F",1,"F","F",0,"F","F",3,"F","F","T","",0,0,"N",0,"N",0,"N",0,1,0,0,"3","","","","F","F","F","F","F","F","F","F","F","pierr101","","","F","F","F","F","F","","","","",0,3,0,0,0,0,0,0,0,70,"PHI","PIT","PHI",0,"F","T",11,1,0,40,3,"T","F",1,1,"T","T","wrigg102","grang102","F","F",8,3,68,0,0,0,0,0,0,"wilsj105","","",0,0,0,0,0,0,0,0,0,0,0,0,0,"hawkc101","F","F","F","F",0,0,0,0,0,0,0,0,0,0,F,F,"1925PHI.EVN.regular.event.csv",4492
"PHI192508292","PIT",8,1,0,0,0,"",11,1,"kimmw101","?","kimmw101","?","kremr101","?","kremr101","?","goocj101","grang102","rawlj101","trayp101","wrigg102","barnc102","cuylk101","moore102","","","","S9/9S","T","F",6,1,20,"T","T",1,"F","F",0,"F","F",0,"F","F",9,"","F","F","9S",0,0,"N",0,"N",0,"N",1,0,0,0,"","","","","F","F","F","F","F","F","F","F","F","","","","F","F","F","F","F","","","","",0,0,0,0,0,0,0,0,0,71,"PHI","PHI","PIT",1,"T","F",1,11,0,27,0,"T","F",0,1,"T","T","leacf101","wrigr102","T","T",0,0,0,0,0,0,0,0,0,"","","",0,0,0,0,0,0,0,0,0,0,0,0,0,"moore102","F","F","F","F",0,0,0,0,0,0,0,0,0,0,F,F,"1925PHI.EVN.regular.event.csv",4493
"PHI192508292","PIT",8,1,0,0,0,"",11,1,"leacf101","?","leacf101","?","kremr101","?","kremr101","?","goocj101","grang102","rawlj101","trayp101","wrigg102","barnc102","cuylk101","moore102","kimmw101","","","K","F","F",8,2,3,"T","T",0,"F","F",1,"F","F",0,"F","F",0,"","F","F","",0,0,"N",0,"N",0,"N",0,1,0,0,"2","","","","F","F","F","F","F","F","F","F","F","kremr101","","","F","F","F","F","F","","","","",0,2,0,0,0,0,0,0,0,72,"PHI","PHI","PIT",1,"F","F",1,11,0,28,1,"T","F",1,1,"T","T","wrigr102","harpg101","T","T",6,1,71,0,0,0,0,0,0,"goocj101","","",0,0,0,0,0,0,0,0,0,0,0,0,0,"","F","F","F","F",0,0,0,0,0,0,0,0,0,0,F,F,"1925PHI.EVN.regular.event.csv",4494
"PHI192508292","PIT",8,1,1,0,0,"",11,1,"wrigr102","?","wrigr102","?","kremr101","?","kremr101","?","goocj101","grang102","rawlj101","trayp101","wrigg102","barnc102","cuylk101","moore102","kimmw101","","","K","F","F",9,3,3,"T","T",0,"F","F",1,"F","F",0,"F","F",0,"","F","F","",0,0,"N",0,"N",0,"N",0,1,0,0,"2","","","","F","F","F","F","F","F","F","F","F","kremr101","","","F","F","F","F","F","","","","",0,2,0,0,0,0,0,0,0,73,"PHI","PHI","PIT",1,"F","F",1,11,0,29,2,"T","F",1,1,"T","T","harpg101","hawkc101","T","T",6,1,71,0,0,0,0,0,0,"goocj101","","",0,0,0,0,0,0,0,0,0,0,0,0,0,"","F","F","F","F",0,0,0,0,0,0,0,0,0,0,F,F,"1925PHI.EVN.regular.event.csv",4495
"PHI192508292","PIT",8,1,2,0,0,"",11,1,"harpg101","?","harpg101","?","kremr101","?","kremr101","?","goocj101","grang102","rawlj101","trayp101","wrigg102","barnc102","cuylk101","moore102","kimmw101","","","9/F","F","F",7,4,2,"T","T",0,"F","F",1,"F","F",0,"F","F",9,"F","F","F","",0,0,"N",0,"N",0,"N",0,1,0,0,"9","","","","F","F","F","F","F","F","F","F","F","kremr101","","","F","F","F","F","F","","","","",0,9,0,0,0,0,0,0,0,74,"PHI","PHI","PIT",1,"F","T",1,11,0,30,3,"T","F",1,1,"T","T","hawkc101","hubec101","T","T",6,1,71,0,0,0,0,0,0,"goocj101","","",0,0,0,0,0,0,0,0,0,0,0,0,0,"moore102","F","F","F","F",0,0,0,0,0,0,0,0,0,0,F,F,"1925PHI.EVN.regular.event.csv",4496
"PHI192508292","PIT",9,0,0,0,0,"",11,1,"wrigg102","?","wrigg102","?","pierr101","?","pierr101","?","wilsj105","hawkc101","fribb101","hubec101","kimmw101","harpg101","leacf101","wrigr102","","","","D9","T","F",6,6,21,"T","T",2,"F","F",0,"F","F",0,"F","F",9,"","F","F","",0,0,"N",0,"N",0,"N",2,0,0,0,"","","","","F","F","F","F","F","F","F","F","F","","","","F","F","F","F","F","","","","",0,0,0,0,0,0,0,0,0,75,"PHI","PIT","PHI",0,"T","F",11,1,0,41,0,"T","F",0,2,"T","T","grang102","goocj101","F","F",0,0,0,0,0,0,0,0,0,"","","",0,0,0,0,0,0,0,0,0,0,0,0,0,"wrigr102","F","F","F","F",4,0,0,0,2,0,0,0,0,0,F,F,"1925PHI.EVN.regular.event.csv",4497
"PHI192508292","PIT",9,0,0,0,0,"",11,1,"grang102","?","grang102","?","pierr101","?","pierr101","?","wilsj105","hawkc101","fribb101","hubec101","kimmw101","harpg101","leacf101","wrigr102","","wrigg102","","D7.2-H","F","F",3,7,21,"T","T",2,"F","F",0,"F","F",1,"F","F",7,"","F","F","",0,0,"N",0,"N",0,"N",2,0,4,0,"","","","","F","F","F","F","F","F","F","F","F","","pierr101","","F","F","F","F","F","","","","",0,0,0,0,0,0,0,0,0,76,"PHI","PIT","PHI",0,"F","F",11,1,0,42,1,"T","F",2,2,"T","T","goocj101","kremr101","F","F",0,0,0,6,6,75,0,0,0,"","wilsj105","",0,0,0,0,0,0,0,0,0,0,0,0,1,"harpg101","F","F","F","F",4,0,4,0,1,0,0,0,0,0,F,F,"1925PHI.EVN.regular.event.csv",4498
"PHI192508292","PIT",9,0,0,0,0,"",12,1,"goocj101","?","goocj101","?","pierr101","?","pierr101","?","wilsj105","hawkc101","fribb101","hubec101","kimmw101","harpg101","leacf101","wrigr102","","grang102","","43.2-3","F","F",2,8,2,"T","T",0,"F","F",1,"F","F",0,"F","F",4,"G","F","F","",0,0,"N",0,"N",0,"N",0,0,3,0,"43","","","","F","F","F","F","F","F","F","F","F","","pierr101","","F","F","F","F","F","","","","",0,3,0,0,4,0,0,0,0,77,"PHI","PIT","PHI",0,"F","F",12,1,1,43,2,"T","F",2,4,"T","T","kremr101","moore102","F","F",0,0,0,3,7,76,0,0,0,"","wilsj105","",0,0,0,0,0,0,0,0,0,0,0,0,0,"fribb101","F","F","F","F",0,0,4,0,1,0,0,0,0,0,F,F,"1925PHI.EVN.regular.event.csv",4499
"PHI192508292","PIT",9,0,1,0,0,"",12,1,"kremr101","?","kremr101","?","pierr101","?","pierr101","?","wilsj105","hawkc101","fribb101","hubec101","kimmw101","harpg101","leacf101","wrigr102","","","grang102","3/G.3-H","F","F",1,9,2,"T","T",0,"F","F",1,"F","F",1,"F","F",3,"G","F","F","",0,0,"N",0,"N",0,"N",0,0,0,4,"3","","","","F","F","F","F","F","F","F","F","F","","","pierr101","F","F","F","F","F","","","","",0,3,0,0,0,0,0,0,0,78,"PHI","PIT","PHI",0,"F","F",12,1,1,44,3,"T","F",4,0,"T","T","moore102","rawlj101","F","F",0,0,0,0,0,0,3,7,76,"","","wilsj105",0,0,0,0,0,0,0,0,0,0,0,0,1,"hawkc101","F","F","F","F",0,0,0,4,0,0,0,0,0,0,F,F,"1925PHI.EVN.regular.event.csv",4500
"PHI192508292","PIT",9,0,2,0,0,"",13,1,"moore102","?","moore102","?","pierr101","?","pierr101","?","wilsj105","hawkc101","fribb101","hubec101","kimmw101","harpg101","leacf101","wrigr102","","","","53","F","F",9,1,2,"T","T",0,"F","F",1,"F","F",0,"F","F",5,"G","F","F","",0,0,"N",0,"N",0,"N",0,0,0,0,"53","","","","F","F","F","F","F","F","F","F","F","","","","F","F","F","F","F","","","","",0,3,0,0,5,0,0,0,0,79,"PHI","PIT","PHI",0,"F","T",13,1,2,45,4,"T","F",0,0,"T","T","rawlj101","cuylk101","F","F",0,0,0,0,0,0,0,0,0,"","","",0,0,0,0,0,0,0,0,0,0,0,0,0,"hubec101","F","F","F","F",0,0,0,0,0,0,0,0,0,0,F,F,"1925PHI.EVN.regular.event.csv",4501
"PHI192508292","PIT",9,1,0,0,0,"",13,1,"hawkc101","?","hawkc101","?","kremr101","?","kremr101","?","goocj101","grang102","rawlj101","trayp101","wrigg102","barnc102","cuylk101","moore102","","","","7/F","T","F",3,5,2,"T","T",0,"F","F",1,"F","F",0,"F","F",7,"F","F","F","",0,0,"N",0,"N",0,"N",0,0,0,0,"7","","","","F","F","F","F","F","F","F","F","F","","","","F","F","F","F","F","","","","",0,7,0,0,0,0,0,0,0,80,"PHI","PHI","PIT",1,"T","F",1,13,0,31,0,"T","F",0,0,"F","F","hubec101","fribb101","T","T",0,0,0,0,0,0,0,0,0,"","","",0,0,0,0,0,0,0,0,0,0,0,0,0,"barnc102","F","F","F","F",0,0,0,0,0,0,0,0,0,0,F,F,"1925PHI.EVN.regular.event.csv",4502
"PHI192508292","PIT",9,1,1,0,0,"",13,1,"hubec101","?","hubec101","?","kremr101","?","kremr101","?","goocj101","grang102","rawlj101","trayp101","wrigg102","barnc102","cuylk101","moore102","","","","S7","F","F",5,6,20,"T","T",1,"F","F",0,"F","F",0,"F","F",7,"","F","F","",0,0,"N",0,"N",0,"N",1,0,0,0,"","","","","F","F","F","F","F","F","F","F","F","","","","F","F","F","F","F","","","","",0,0,0,0,0,0,0,0,0,81,"PHI","PHI","PIT",1,"F","F",1,13,0,32,1,"T","F",0,1,"T","T","fribb101","wilsj105","T","T",0,0,0,0,0,0,0,0,0,"","","",0,0,0,0,0,0,0,0,0,0,0,0,0,"barnc102","F","F","F","F",1,0,0,0,0,0,0,0,0,0,F,F,"1925PHI.EVN.regular.event.csv",4503
"PHI192508292","PIT",9,1,1,0,0,"",13,1,"fribb101","?","fribb101","?","kremr101","?","kremr101","?","goocj101","grang102","rawlj101","trayp101","wrigg102","barnc102","cuylk101","moore102","hubec101","","","9/F","F","F",4,7,2,"T","T",0,"F","F",1,"F","F",0,"F","F",9,"F","F","F","",0,0,"N",0,"N",0,"N",0,1,0,0,"9","","","","F","F","F","F","F","F","F","F","F","kremr101","","","F","F","F","F","F","","","","",0,9,0,0,0,0,0,0,0,82,"PHI","PHI","PIT",1,"F","F",1,13,0,33,2,"T","F",1,1,"T","T","wilsj105","pierr101","T","T",5,6,81,0,0,0,0,0,0,"goocj101","","",0,0,0,0,0,0,0,0,0,0,0,0,0,"moore102","F","F","F","F",0,1,0,0,0,0,0,0,0,0,F,F,"1925PHI.EVN.regular.event.csv",4504
"PHI192508292","PIT",9,1,2,0,0,"",13,1,"wilsj105","?","wilsj105","?","kremr101","?","kremr101","?","goocj101","grang102","rawlj101","trayp101","wrigg102","barnc102","cuylk101","moore102","hubec101","","","43","F","F",2,8,2,"T","T",0,"F","F",1,"F","F",0,"F","F",4,"G","F","F","",0,0,"N",0,"N",0,"N",0,1,0,0,"43","","","","F","F","F","F","F","F","F","F","F","kremr101","","","F","T","F","F","F","","","","",0,3,0,0,4,0,0,0,0,83,"PHI","PHI","PIT",1,"F","T",1,13,0,34,3,"T","F",1,1,"T","T","pierr101","kimmw101","T","T",5,6,81,0,0,0,0,0,0,"goocj101","","",0,0,0,0,0,0,0,0,0,0,0,0,0,"rawlj101","F","F","F","F",0,1,0,0,0,0,0,0,0,0,F,F,"1925PHI.EVN.regular.event.csv",4505
"PHI192508310","PIT",1,0,0,0,0,"",0,0,"moore102","?","moore102","?","knigj103","?","knigj103","?","wilsj105","fonsl101","fribb101","hubec101","wrigr102","harpg101","leacf101","willc103","","","","W","T","F",9,1,14,"T","F",0,"F","F",0,"F","F",0,"F","F",0,"","F","F","",0,0,"N",0,"N",0,"N",1,0,0,0,"","","","","F","F","F","F","F","F","F","F","F","","","","T","F","F","F","F","","","","",0,0,0,0,0,0,0,0,0,1,"PHI","PIT","PHI",0,"T","F",0,0,0,0,0,"T","F",0,1,"T","T","rawlj101","cuylk101","T","T",0,0,0,0,0,0,0,0,0,"","","",0,0,0,0,0,0,0,0,0,0,0,0,0,"","F","F","F","F",4,0,0,0,1,0,0,0,0,0,F,F,"1925PHI.EVN.regular.event.csv",4506
"PHI192508310","PIT",1,0,0,0,0,"",0,0,"rawlj101","?","rawlj101","?","knigj103","?","knigj103","?","wilsj105","fonsl101","fribb101","hubec101","wrigr102","harpg101","leacf101","willc103","moore102","","","9/F","F","F",4,2,2,"T","T",0,"F","F",1,"F","F",0,"F","F",9,"F","F","F","",0,0,"N",0,"N",0,"N",0,1,0,0,"9","","","","F","F","F","F","F","F","F","F","F","knigj103","","","F","F","F","F","F","","","","",0,9,0,0,0,0,0,0,0,2,"PHI","PIT","PHI",0,"F","F",0,0,0,1,1,"T","F",1,1,"T","T","cuylk101","barnc102","T","T",9,1,1,0,0,0,0,0,0,"wilsj105","","",0,0,0,0,0,0,0,0,0,0,0,0,0,"willc103","F","F","F","F",0,4,0,0,1,0,0,0,0,0,F,F,"1925PHI.EVN.regular.event.csv",4507
"PHI192508310","PIT",1,0,1,0,0,"",0,0,"cuylk101","?","cuylk101","?","knigj103","?","knigj103","?","wilsj105","fonsl101","fribb101","hubec101","wrigr102","harpg101","leacf101","willc103","moore102","","","D/L89XDW.1-3","F","F",8,3,21,"T","T",2,"F","F",0,"F","F",0,"F","F",0,"L","F","F","89XDW",0,0,"N",0,"N",0,"N",2,3,0,0,"","","","","F","F","F","F","F","F","F","F","F","knigj103","","","F","F","F","F","F","","","","",0,0,0,0,0,0,0,0,0,3,"PHI","PIT","PHI",0,"F","F",0,0,0,2,2,"T","F",1,6,"T","T","barnc102","trayp101","T","T",9,1,1,0,0,0,0,0,0,"wilsj105","","",0,0,0,0,0,0,0,0,0,0,0,0,0,"","F","F","F","F",0,4,0,0,1,0,0,0,0,0,F,F,"1925PHI.EVN.regular.event.csv",4508
"PHI192508310","PIT",1,0,1,0,0,"",0,0,"barnc102","?","barnc102","?","knigj103","?","knigj103","?","wilsj105","fonsl101","fribb101","hubec101","wrigr102","harpg101","leacf101","willc103","","cuylk101","moore102","7/F7D/SF.3-H;2-3","F","F",7,4,2,"T","F",0,"F","T",1,"F","F",1,"F","F",7,"F","F","F","7D",0,0,"N",0,"N",0,"N",0,0,3,4,"7","","","","F","F","F","F","F","F","F","F","F","","knigj103","knigj103","F","F","F","F","F","","","","",0,7,0,0,0,0,0,0,0,4,"PHI","PIT","PHI",0,"F","F",0,0,0,3,3,"T","F",6,4,"T","T","trayp101","wrigg102","T","T",0,0,0,8,3,3,9,1,1,"","wilsj105","wilsj105",0,0,0,0,0,0,0,0,0,0,0,0,1,"harpg101","F","F","F","F",0,0,0,4,0,0,0,0,0,0,F,F,"1925PHI.EVN.regular.event.csv",4509
"PHI192508310","PIT",1,0,2,0,0,"",1,0,"trayp101","?","trayp101","?","knigj103","?","knigj103","?","wilsj105","fonsl101","fribb101","hubec101","wrigr102","harpg101","leacf101","willc103","","","cuylk101","53","F","F",5,5,2,"T","T",0,"F","F",1,"F","F",0,"F","F",5,"G","F","F","",0,0,"N",0,"N",0,"N",0,0,0,3,"53","","","","F","F","F","F","F","F","F","F","F","","","knigj103","F","F","F","F","F","","","","",0,3,0,0,5,0,0,0,0,5,"PHI","PIT","PHI",0,"F","T",1,0,1,4,4,"T","F",4,4,"T","T","wrigg102","grang102","T","T",0,0,0,0,0,0,8,3,3,"","","wilsj105",0,0,0,0,0,0,0,0,0,0,0,0,0,"hubec101","F","F","F","F",0,0,0,0,0,0,0,0,0,0,F,F,"1925PHI.EVN.regular.event.csv",4510
"PHI192508310","PIT",1,1,0,0,0,"",1,0,"wrigr102","?","wrigr102","?","meadl101","?","meadl101","?","smite106","grang102","rawlj101","trayp101","wrigg102","barnc102","cuylk101","moore102","","","","S/78","T","F",6,1,20,"T","T",1,"F","F",0,"F","F",0,"F","F",0,"","F","F","78",0,0,"N",0,"N",0,"N",1,0,0,0,"","","","","F","F","F","F","F","F","F","F","F","","","","F","F","F","F","F","","","","",0,0,0,0,0,0,0,0,0,6,"PHI","PHI","PIT",1,"T","F",0,1,0,0,0,"T","F",0,1,"T","T","leacf101","willc103","T","T",0,0,0,0,0,0,0,0,0,"","","",0,0,0,0,0,0,0,0,0,0,0,0,0,"","F","F","F","F",0,0,0,0,0,0,0,0,0,0,F,F,"1925PHI.EVN.regular.event.csv",4511
"PHI192508310","PIT",1,1,0,0,0,"",1,0,"leacf101","?","leacf101","?","meadl101","?","meadl101","?","smite106","grang102","rawlj101","trayp101","wrigg102","barnc102","cuylk101","moore102","wrigr102","","","46(1)/FO","F","F",8,2,2,"T","T",0,"F","F",1,"F","F",0,"F","F",4,"G","F","F","",0,0,"N",0,"N",0,"N",1,0,0,0,"","46","","","F","F","F","F","F","F","F","F","F","meadl101","","","F","F","F","F","F","","","","",0,6,0,0,4,0,0,0,0,7,"PHI","PHI","PIT",1,"F","F",0,1,0,1,1,"T","F",1,1,"T","T","willc103","harpg101","T","T",6,1,6,0,0,0,0,0,0,"smite106","","",0,0,0,0,0,0,0,0,0,0,0,0,0,"rawlj101","T","F","F","F",0,0,0,0,0,0,0,0,0,0,F,F,"1925PHI.EVN.regular.event.csv",4512
"PHI192508310","PIT",1,1,1,0,0,"",1,0,"willc103","?","willc103","?","meadl101","?","meadl101","?","smite106","grang102","rawlj101","trayp101","wrigg102","barnc102","cuylk101","moore102","leacf101","","","6/P","F","F",9,3,2,"T","T",0,"F","F",1,"F","F",0,"F","F",6,"P","F","F","",0,0,"N",0,"N",0,"N",0,1,0,0,"6","","","","F","F","F","F","F","F","F","F","F","meadl101","","","F","F","F","F","F","","","","",0,6,0,0,0,0,0,0,0,8,"PHI","PHI","PIT",1,"F","F",0,1,0,2,2,"T","F",1,1,"T","T","harpg101","fonsl101","T","T",8,2,7,0,0,0,0,0,0,"smite106","","",0,0,0,0,0,0,0,0,0,0,0,0,0,"wrigg102","F","F","F","F",0,0,0,0,0,0,0,0,0,0,F,F,"1925PHI.EVN.regular.event.csv",4513
"PHI192508310","PIT",1,1,2,0,0,"",1,0,"harpg101","?","harpg101","?","meadl101","?","meadl101","?","smite106","grang102","rawlj101","trayp101","wrigg102","barnc102","cuylk101","moore102","leacf101","","","43","F","F",7,4,2,"T","T",0,"F","F",1,"F","F",0,"F","F",4,"G","F","F","",0,0,"N",0,"N",0,"N",0,1,0,0,"43","","","","F","F","F","F","F","F","F","F","F","meadl101","","","F","F","F","F","F","","","","",0,3,0,0,4,0,0,0,0,9,"PHI","PHI","PIT",1,"F","T",0,1,0,3,3,"T","F",1,1,"T","T","fonsl101","hubec101","T","T",8,2,7,0,0,0,0,0,0,"smite106","","",0,0,0,0,0,0,0,0,0,0,0,0,0,"rawlj101","F","F","F","F",0,0,0,0,0,0,0,0,0,0,F,F,"1925PHI.EVN.regular.event.csv",4514
"PHI192508310","PIT",2,0,0,0,0,"",1,0,"wrigg102","?","wrigg102","?","knigj103","?","knigj103","?","wilsj105","fonsl101","fribb101","hubec101","wrigr102","harpg101","leacf101","willc103","","","","43","T","F",6,6,2,"T","T",0,"F","F",1,"F","F",0,"F","F",4,"G","F","F","",0,0,"N",0,"N",0,"N",0,0,0,0,"43","","","","F","F","F","F","F","F","F","F","F","","","","F","F","F","F","F","","","","",0,3,0,0,4,0,0,0,0,10,"PHI","PIT","PHI",0,"T","F",1,0,0,5,0,"T","F",0,0,"T","T","grang102","smite106","T","T",0,0,0,0,0,0,0,0,0,"","","",0,0,0,0,0,0,0,0,0,0,0,0,0,"fribb101","F","F","F","F",0,0,0,0,0,0,0,0,0,0,F,F,"1925PHI.EVN.regular.event.csv",4515
"PHI192508310","PIT",2,0,1,0,0,"",1,0,"grang102","?","grang102","?","knigj103","?","knigj103","?","wilsj105","fonsl101","fribb101","hubec101","wrigr102","harpg101","leacf101","willc103","","","","E6/P","F","F",3,7,18,"T","T",0,"F","F",0,"F","F",0,"F","F",6,"P","F","F","",1,6,"F",0,"N",0,"N",1,0,0,0,"","","","","F","F","F","F","F","F","F","F","F","","","","F","F","F","F","F","","","","",0,0,0,0,0,0,0,0,0,11,"PHI","PIT","PHI",0,"F","F",1,0,0,6,1,"T","F",0,1,"T","T","smite106","meadl101","T","T",0,0,0,0,0,0,0,0,0,"","","",0,0,0,0,0,0,0,0,0,0,0,0,0,"wrigr102","F","F","F","T",0,0,0,0,0,0,0,0,0,0,F,F,"1925PHI.EVN.regular.event.csv",4516
"PHI192508310","PIT",2,0,1,0,0,"",1,0,"smite106","?","smite106","?","knigj103","?","knigj103","?","wilsj105","fonsl101","fribb101","hubec101","wrigr102","harpg101","leacf101","willc103","grang102","","","46(1)3/GDP","F","F",2,8,2,"T","T",0,"F","F",2,"T","F",0,"F","F",4,"G","F","F","",0,0,"N",0,"N",0,"N",0,0,0,0,"63","46","","","F","F","F","F","F","F","F","F","F","knigj103","","","F","F","F","F","F","","","","",0,6,3,0,4,6,0,0,0,12,"PHI","PIT","PHI",0,"F","T",1,0,0,7,2,"T","F",1,0,"T","T","meadl101","moore102","T","T",3,7,11,0,0,0,0,0,0,"wilsj105","","",0,0,0,0,0,0,0,0,0,0,0,0,0,"fribb101","T","F","F","F",0,0,0,0,0,0,0,0,0,0,F,F,"1925PHI.EVN.regular.event.csv",4517
"PHI192508310","PIT",2,1,0,0,0,"X",1,0,"fonsl101","?","fonsl101","?","meadl101","?","meadl101","?","smite106","grang102","rawlj101","trayp101","wrigg102","barnc102","cuylk101","moore102","","","","D7/G5L","T","F",3,5,21,"T","T",2,"F","F",0,"F","F",0,"F","F",7,"G","F","F","5L",0,0,"N",0,"N",0,"N",2,0,0,0,"","","","","F","F","F","F","F","F","F","F","F","","","","F","F","F","F","F","","","","",0,0,0,0,0,0,0,0,0,13,"PHI","PHI","PIT",1,"T","F",0,1,0,4,0,"T","F",0,2,"T","T","hubec101","fribb101","T","T",0,0,0,0,0,0,0,0,0,"","","",0,0,0,0,0,0,1,0,0,0,1,0,0,"barnc102","F","F","F","F",0,0,0,0,0,0,0,0,0,0,F,F,"1925PHI.EVN.regular.event.csv",4518
"PHI192508310","PIT",2,1,0,0,0,"",1,0,"hubec101","?","hubec101","?","meadl101","?","meadl101","?","smite106","grang102","rawlj101","trayp101","wrigg102","barnc102","cuylk101","moore102","","fonsl101","","43.2-3","F","F",5,6,2,"T","T",0,"F","F",1,"F","F",0,"F","F",4,"G","F","F","",0,0,"N",0,"N",0,"N",0,0,3,0,"43","","","","F","F","F","F","F","F","F","F","F","","meadl101","","F","F","F","F","F","","","","",0,3,0,0,4,0,0,0,0,14,"PHI","PHI","PIT",1,"F","F",0,1,0,5,1,"T","F",2,4,"T","T","fribb101","wilsj105","T","T",0,0,0,3,5,13,0,0,0,"","smite106","",0,0,0,0,0,0,0,0,0,0,0,0,0,"rawlj101","F","F","F","F",0,0,0,0,0,0,0,0,0,0,F,F,"1925PHI.EVN.regular.event.csv",4519
"PHI192508310","PIT",2,1,1,0,0,"",1,0,"fribb101","?","fribb101","?","meadl101","?","meadl101","?","smite106","grang102","rawlj101","trayp101","wrigg102","barnc102","cuylk101","moore102","","","fonsl101","FC1/DP.3XH(125);BX2(53)","F","F",4,7,19,"T","T",0,"F","F",2,"T","F",0,"F","F",1,"G","F","F","",0,0,"N",0,"N",0,"N",0,0,0,0,"53","","","125","F","F","F","F","F","F","F","F","F","","","meadl101","F","F","F","F","F","","","","",0,5,3,0,1,2,5,0,0,15,"PHI","PHI","PIT",1,"F","T",0,1,0,6,2,"T","F",4,0,"T","T","wilsj105","knigj103","T","T",0,0,0,0,0,0,3,5,13,"","","smite106",0,0,0,0,0,0,0,0,0,0,0,0,0,"meadl101","F","F","F","F",0,0,0,0,0,0,0,0,0,0,F,F,"1925PHI.EVN.regular.event.csv",4520
"PHI192508310","PIT",3,0,0,0,0,"",1,0,"meadl101","?","meadl101","?","knigj103","?","knigj103","?","wilsj105","fonsl101","fribb101","hubec101","wrigr102","harpg101","leacf101","willc103","","","","31","T","F",1,9,2,"T","T",0,"F","F",1,"F","F",0,"F","F",3,"G","F","F","",0,0,"N",0,"N",0,"N",0,0,0,0,"31","","","","F","F","F","F","F","F","F","F","F","","","","F","F","F","F","F","","","","",0,1,0,0,3,0,0,0,0,16,"PHI","PIT","PHI",0,"T","F",1,0,0,8,0,"T","F",0,0,"T","T","moore102","rawlj101","T","T",0,0,0,0,0,0,0,0,0,"","","",0,0,0,0,0,0,0,0,0,0,0,0,0,"fonsl101","F","F","F","F",0,0,0,0,0,0,0,0,0,0,F,F,"1925PHI.EVN.regular.event.csv",4521
"PHI192508310","PIT",3,0,1,0,0,"",1,0,"moore102","?","moore102","?","knigj103","?","knigj103","?","wilsj105","fonsl101","fribb101","hubec101","wrigr102","harpg101","leacf101","willc103","","","","13","F","F",9,1,2,"T","T",0,"F","F",1,"F","F",0,"F","F",1,"G","F","F","",0,0,"N",0,"N",0,"N",0,0,0,0,"13","","","","F","F","F","F","F","F","F","F","F","","","","F","F","F","F","F","","","","",0,3,0,0,1,0,0,0,0,17,"PHI","PIT","PHI",0,"F","F",1,0,0,9,1,"T","F",0,0,"T","T","rawlj101","cuylk101","T","T",0,0,0,0,0,0,0,0,0,"","","",0,0,0,0,0,0,0,0,0,0,0,0,0,"knigj103","F","F","F","F",0,0,0,0,0,0,0,0,0,0,F,F,"1925PHI.EVN.regular.event.csv",4522
"PHI192508310","PIT",3,0,2,0,0,"",1,0,"rawlj101","?","rawlj101","?","knigj103","?","knigj103","?","wilsj105","fonsl101","fribb101","hubec101","wrigr102","harpg101","leacf101","willc103","","","","8/F8XD","F","F",4,2,2,"T","T",0,"F","F",1,"F","F",0,"F","F",8,"F","F","F","8XD",0,0,"N",0,"N",0,"N",0,0,0,0,"8","","","","F","F","F","F","F","F","F","F","F","","","","F","F","F","F","F","","","","",0,8,0,0,0,0,0,0,0,18,"PHI","PIT","PHI",0,"F","T",1,0,0,10,2,"T","F",0,0,"T","T","cuylk101","barnc102","T","T",0,0,0,0,0,0,0,0,0,"","","",0,0,0,0,0,0,0,0,0,0,0,0,0,"leacf101","F","F","F","F",0,0,0,0,0,0,0,0,0,0,F,F,"1925PHI.EVN.regular.event.csv",4523
"PHI192508310","PIT",3,1,0,0,0,"",1,0,"wilsj105","?","wilsj105","?","meadl101","?","meadl101","?","smite106","grang102","rawlj101","trayp101","wrigg102","barnc102","cuylk101","moore102","","","","13","T","F",2,8,2,"T","T",0,"F","F",1,"F","F",0,"F","F",1,"G","F","F","",0,0,"N",0,"N",0,"N",0,0,0,0,"13","","","","F","F","F","F","F","F","F","F","F","","","","F","F","F","F","F","","","","",0,3,0,0,1,0,0,0,0,19,"PHI","PHI","PIT",1,"T","F",0,1,0,7,0,"T","F",0,0,"T","T","knigj103","wrigr102","T","T",0,0,0,0,0,0,0,0,0,"","","",0,0,0,0,0,0,0,0,0,0,0,0,0,"meadl101","F","F","F","F",0,0,0,0,0,0,0,0,0,0,F,F,"1925PHI.EVN.regular.event.csv",4524
"PHI192508310","PIT",3,1,1,0,0,"",1,0,"knigj103","?","knigj103","?","meadl101","?","meadl101","?","smite106","grang102","rawlj101","trayp101","wrigg102","barnc102","cuylk101","moore102","","","","8/F","F","F",1,9,2,"T","T",0,"F","F",1,"F","F",0,"F","F",8,"F","F","F","",0,0,"N",0,"N",0,"N",0,0,0,0,"8","","","","F","F","F","F","F","F","F","F","F","","","","F","F","F","F","F","","","","",0,8,0,0,0,0,0,0,0,20,"PHI","PHI","PIT",1,"F","F",0,1,0,8,1,"T","F",0,0,"T","T","wrigr102","leacf101","T","T",0,0,0,0,0,0,0,0,0,"","","",0,0,0,0,0,0,0,0,0,0,0,0,0,"cuylk101","F","F","F","F",0,0,0,0,0,0,0,0,0,0,F,F,"1925PHI.EVN.regular.event.csv",4525
"PHI192508310","PIT",3,1,2,0,0,"",1,0,"wrigr102","?","wrigr102","?","meadl101","?","meadl101","?","smite106","grang102","rawlj101","trayp101","wrigg102","barnc102","cuylk101","moore102","","","","W","F","F",6,1,14,"T","F",0,"F","F",0,"F","F",0,"F","F",0,"","F","F","",0,0,"N",0,"N",0,"N",1,0,0,0,"","","","","F","F","F","F","F","F","F","F","F","","","","F","F","F","F","F","","","","",0,0,0,0,0,0,0,0,0,21,"PHI","PHI","PIT",1,"F","F",0,1,0,9,2,"T","F",0,1,"T","T","leacf101","willc103","T","T",0,0,0,0,0,0,0,0,0,"","","",0,0,0,0,0,0,0,0,0,0,0,0,0,"","F","F","F","F",0,0,0,0,0,0,0,0,0,0,F,F,"1925PHI.EVN.regular.event.csv",4526
"PHI192508310","PIT",3,1,2,0,0,"",1,0,"leacf101","?","leacf101","?","meadl101","?","meadl101","?","smite106","grang102","rawlj101","trayp101","wrigg102","barnc102","cuylk101","moore102","wrigr102","","","FLE2/P2F","F","F",8,2,13,"F","F",0,"F","F",0,"F","F",0,"F","F",2,"P","F","T","2F",1,2,"F",0,"N",0,"N",0,1,0,0,"","","","","F","F","F","F","F","F","F","F","F","meadl101","","","F","F","F","F","F","","","","",0,0,0,0,0,0,0,0,0,22,"PHI","PHI","PIT",1,"F","F",0,1,0,10,3,"T","F",1,1,"T","T","willc103","harpg101","T","T",6,1,21,0,0,0,0,0,0,"smite106","","",0,0,0,0,0,0,0,0,0,0,0,0,0,"smite106","F","F","F","F",0,0,0,0,0,0,0,0,0,0,F,F,"1925PHI.EVN.regular.event.csv",4527
"PHI192508310","PIT",3,1,2,0,0,"",1,0,"leacf101","?","leacf101","?","meadl101","?","meadl101","?","smite106","grang102","rawlj101","trayp101","wrigg102","barnc102","cuylk101","moore102","wrigr102","","","K","F","F",8,2,3,"T","T",0,"F","F",1,"F","F",0,"F","F",0,"","F","F","",0,0,"N",0,"N",0,"N",0,1,0,0,"2","","","","F","F","F","F","F","F","F","F","F","meadl101","","","F","F","F","F","F","","","","",0,2,0,0,0,0,0,0,0,23,"PHI","PHI","PIT",1,"F","T",0,1,0,10,3,"F","F",1,1,"T","T","willc103","harpg101","T","T",6,1,21,0,0,0,0,0,0,"smite106","","",0,0,0,0,0,0,0,0,0,0,0,0,0,"","F","F","F","F",0,0,0,0,0,0,0,0,0,0,F,F,"1925PHI.EVN.regular.event.csv",4528
"PHI192508310","PIT",4,0,0,0,0,"",1,0,"cuylk101","?","cuylk101","?","knigj103","?","knigj103","?","wilsj105","fonsl101","fribb101","hubec101","wrigr102","harpg101","leacf101","willc103","","","","S6/G56","T","F",8,3,20,"T","T",1,"F","F",0,"F","F",0,"F","F",6,"G","F","F","56",0,0,"N",0,"N",0,"N",1,0,0,0,"","","","","F","F","F","F","F","F","F","F","F","","","","F","F","F","F","F","","","","",0,0,0,0,0,0,0,0,0,24,"PHI","PIT","PHI",0,"T","F",1,0,0,11,0,"T","F",0,1,"T","T","barnc102","trayp101","T","T",0,0,0,0,0,0,0,0,0,"","","",0,0,0,0,0,0,0,0,0,0,0,0,0,"wrigr102","F","F","F","F",0,0,0,0,0,0,0,0,0,0,F,F,"1925PHI.EVN.regular.event.csv",4529
"PHI192508310","PIT",4,0,0,0,0,"",1,0,"barnc102","?","barnc102","?","knigj103","?","knigj103","?","wilsj105","fonsl101","fribb101","hubec101","wrigr102","harpg101","leacf101","willc103","cuylk101","","","4/P","F","F",7,4,2,"T","T",0,"F","F",1,"F","F",0,"F","F",4,"P","F","F","",0,0,"N",0,"N",0,"N",0,1,0,0,"4","","","","F","F","F","F","F","F","F","F","F","knigj103","","","F","F","F","F","F","","","","",0,4,0,0,0,0,0,0,0,25,"PHI","PIT","PHI",0,"F","F",1,0,0,12,1,"T","F",1,1,"T","T","trayp101","wrigg102","T","T",8,3,24,0,0,0,0,0,0,"wilsj105","","",0,0,0,0,0,0,0,0,0,0,0,0,0,"fribb101","F","F","F","F",0,0,0,0,0,0,0,0,0,0,F,F,"1925PHI.EVN.regular.event.csv",4530
"PHI192508310","PIT",4,0,1,0,0,"",1,0,"trayp101","?","trayp101","?","knigj103","?","knigj103","?","wilsj105","fonsl101","fribb101","hubec101","wrigr102","harpg101","leacf101","willc103","cuylk101","","","8/F","F","F",5,5,2,"T","T",0,"F","F",1,"F","F",0,"F","F",8,"F","F","F","",0,0,"N",0,"N",0,"N",0,1,0,0,"8","","","","F","F","F","F","F","F","F","F","F","knigj103","","","F","F","F","F","F","","","","",0,8,0,0,0,0,0,0,0,26,"PHI","PIT","PHI",0,"F","F",1,0,0,13,2,"T","F",1,1,"T","T","wrigg102","grang102","T","T",8,3,24,0,0,0,0,0,0,"wilsj105","","",0,0,0,0,0,0,0,0,0,0,0,0,0,"leacf101","F","F","F","F",0,0,0,0,0,0,0,0,0,0,F,F,"1925PHI.EVN.regular.event.csv",4531
"PHI192508310","PIT",4,0,2,0,0,"",1,0,"wrigg102","?","wrigg102","?","knigj103","?","knigj103","?","wilsj105","fonsl101","fribb101","hubec101","wrigr102","harpg101","leacf101","willc103","cuylk101","","","CS2(26)","F","F",6,6,6,"F","F",0,"F","F",1,"F","F",0,"F","F",0,"","F","F","",0,0,"N",0,"N",0,"N",0,0,0,0,"","26","","","F","F","F","T","F","F","F","F","F","knigj103","","","F","F","F","F","F","","","","",0,6,0,0,2,0,0,0,0,27,"PHI","PIT","PHI",0,"F","T",1,0,0,14,3,"T","T",1,0,"T","T","grang102","smite106","T","T",8,3,24,0,0,0,0,0,0,"wilsj105","","",0,0,0,0,0,0,0,0,0,0,0,0,0,"","F","F","F","F",0,0,0,0,0,0,0,0,0,0,F,F,"1925PHI.EVN.regular.event.csv",4532
"PHI192508310","PIT",4,1,0,0,0,"",1,0,"willc103","?","willc103","?","meadl101","?","meadl101","?","smite106","grang102","rawlj101","trayp101","wrigg102","barnc102","cuylk101","moore102","","","","S9","T","F",9,3,20,"T","T",1,"F","F",0,"F","F",0,"F","F",9,"","F","F","",0,0,"N",0,"N",0,"N",1,0,0,0,"","","","","F","F","F","F","F","F","F","F","F","","","","F","F","F","F","F","","","","",0,0,0,0,0,0,0,0,0,28,"PHI","PHI","PIT",1,"T","F",0,1,0,11,0,"T","F",0,1,"T","T","harpg101","fonsl101","T","T",0,0,0,0,0,0,0,0,0,"","","",0,0,0,0,0,0,0,0,0,0,0,0,0,"moore102","F","F","F","F",4,0,0,0,2,0,0,0,0,0,F,F,"1925PHI.EVN.regular.event.csv",4533
"PHI192508310","PIT",4,1,0,0,0,"",1,0,"harpg101","?","harpg101","?","meadl101","?","meadl101","?","smite106","grang102","rawlj101","trayp101","wrigg102","barnc102","cuylk101","moore102","willc103","","","S8.1-2","F","F",7,4,20,"T","T",1,"F","F",0,"F","F",0,"F","F",8,"","F","F","",0,0,"N",0,"N",0,"N",1,2,0,0,"","","","","F","F","F","F","F","F","F","F","F","meadl101","","","F","F","F","F","F","","","","",0,0,0,0,0,0,0,0,0,29,"PHI","PHI","PIT",1,"F","F",0,1,0,12,1,"T","F",1,3,"T","T","fonsl101","hubec101","T","T",9,3,28,0,0,0,0,0,0,"smite106","","",0,0,0,0,0,0,0,0,0,0,0,0,0,"cuylk101","F","F","F","F",4,4,0,0,2,0,0,0,0,0,F,F,"1925PHI.EVN.regular.event.csv",4534
"PHI192508310","PIT",4,1,0,0,0,"",1,0,"fonsl101","?","fonsl101","?","meadl101","?","meadl101","?","smite106","grang102","rawlj101","trayp101","wrigg102","barnc102","cuylk101","moore102","harpg101","willc103","","13/SH.2-3;1-2","F","F",3,5,2,"T","F",0,"T","F",1,"F","F",0,"F","F",1,"G","T","F","",0,0,"N",0,"N",0,"N",0,2,3,0,"13","","","","F","F","F","F","F","F","F","F","F","meadl101","meadl101","","F","F","F","F","F","","","","",0,3,0,0,1,0,0,0,0,30,"PHI","PHI","PIT",1,"F","F",0,1,0,13,2,"T","F",3,6,"T","T","hubec101","fribb101","T","T",7,4,29,9,3,28,0,0,0,"smite106","smite106","",0,0,0,0,0,0,0,0,0,0,0,0,0,"meadl101","F","F","F","F",0,4,4,0,2,0,0,0,0,0,F,F,"1925PHI.EVN.regular.event.csv",4535
"PHI192508310","PIT",4,1,1,0,0,"",1,0,"hubec101","?","hubec101","?","meadl101","?","meadl101","?","smite106","grang102","rawlj101","trayp101","wrigg102","barnc102","cuylk101","moore102","","harpg101","willc103","WP.3-H;2-3","F","F",5,6,9,"F","F",0,"F","F",0,"F","F",0,"T","F",0,"","F","F","",0,0,"N",0,"N",0,"N",0,0,3,4,"","","","","F","F","F","F","F","F","F","F","F","","meadl101","meadl101","F","F","F","F","F","","","","",0,0,0,0,0,0,0,0,0,31,"PHI","PHI","PIT",1,"F","F",0,1,0,14,3,"T","F",6,4,"T","T","fribb101","wilsj105","T","T",0,0,0,7,4,29,9,3,28,"","smite106","smite106",0,0,0,0,0,0,0,0,0,0,0,0,1,"","F","F","F","F",0,0,4,4,1,0,0,0,0,0,F,F,"1925PHI.EVN.regular.event.csv",4536
"PHI192508310","PIT",4,1,1,0,0,"",1,1,"hubec101","?","hubec101","?","meadl101","?","meadl101","?","smite106","grang102","rawlj101","trayp101","wrigg102","barnc102","cuylk101","moore102","","","harpg101","8/F8XD/SF.3-H","F","F",5,6,2,"T","F",0,"F","T",1,"F","F",1,"F","F",8,"F","F","F","8XD",0,0,"N",0,"N",0,"N",0,0,0,4,"8","","","","F","F","F","F","F","F","F","F","F","","","meadl101","F","F","F","F","F","","","","",0,8,0,0,0,0,0,0,0,32,"PHI","PHI","PIT",1,"F","F",1,1,1,14,3,"F","F",4,0,"T","T","fribb101","wilsj105","T","T",0,0,0,0,0,0,7,4,29,"","","smite106",0,0,0,0,0,0,0,0,0,0,0,0,1,"cuylk101","F","F","F","F",0,0,0,4,0,0,0,0,0,0,F,F,"1925PHI.EVN.regular.event.csv",4537
"PHI192508310","PIT",4,1,2,0,0,"",1,2,"fribb101","?","fribb101","?","meadl101","?","meadl101","?","smite106","grang102","rawlj101","trayp101","wrigg102","barnc102","cuylk101","moore102","","","","K/C","F","F",4,7,3,"T","T",0,"F","F",1,"F","F",0,"F","F",0,"","F","F","",0,0,"N",0,"N",0,"N",0,0,0,0,"2","","","","F","F","F","F","F","F","F","F","F","","","","F","F","F","F","F","","","","",0,2,0,0,0,0,0,0,0,33,"PHI","PHI","PIT",1,"F","T",2,1,2,15,4,"T","F",0,0,"T","T","wilsj105","knigj103","T","T",0,0,0,0,0,0,0,0,0,"","","",0,0,0,0,0,0,0,0,0,0,0,0,0,"","F","F","F","F",0,0,0,0,0,0,0,0,0,0,F,F,"1925PHI.EVN.regular.event.csv",4538
"PHI192508310","PIT",5,0,0,0,0,"",1,2,"wrigg102","?","wrigg102","?","knigj103","?","knigj103","?","wilsj105","fonsl101","fribb101","hubec101","wrigr102","harpg101","leacf101","willc103","","","","S68/G","T","F",6,6,20,"T","T",1,"F","F",0,"F","F",0,"F","F",6,"G","F","F","",0,0,"N",0,"N",0,"N",1,0,0,0,"","","","","F","F","F","F","F","F","F","F","F","","","","F","F","F","F","F","","","","",0,0,0,0,0,0,0,0,0,34,"PHI","PIT","PHI",0,"T","F",1,2,0,14,0,"T","F",0,1,"T","T","grang102","smite106","T","T",0,0,0,0,0,0,0,0,0,"","","",0,0,0,0,0,0,0,0,0,0,0,0,0,"wrigr102","F","F","F","F",4,0,0,0,3,0,0,0,0,0,F,F,"1925PHI.EVN.regular.event.csv",4539
"PHI192508310","PIT",5,0,0,0,0,"",1,2,"grang102","?","grang102","?","knigj103","?","knigj103","?","wilsj105","fonsl101","fribb101","hubec101","wrigr102","harpg101","leacf101","willc103","wrigg102","","","9/F","F","F",3,7,2,"T","T",0,"F","F",1,"F","F",0,"F","F",9,"F","F","F","",0,0,"N",0,"N",0,"N",0,1,0,0,"9","","","","F","F","F","F","F","F","F","F","F","knigj103","","","F","F","F","F","F","","","","",0,9,0,0,0,0,0,0,0,35,"PHI","PIT","PHI",0,"F","F",1,2,0,15,1,"T","F",1,1,"T","T","smite106","meadl101","T","T",6,6,34,0,0,0,0,0,0,"wilsj105","","",0,0,0,0,0,0,0,0,0,0,0,0,0,"willc103","F","F","F","F",0,4,0,0,3,0,0,0,0,0,F,F,"1925PHI.EVN.regular.event.csv",4540
"PHI192508310","PIT",5,0,1,0,0,"",1,2,"smite106","?","smite106","?","knigj103","?","knigj103","?","wilsj105","fonsl101","fribb101","hubec101","wrigr102","harpg101","leacf101","willc103","wrigg102","","","S9.1-2","F","F",2,8,20,"T","T",1,"F","F",0,"F","F",0,"F","F",9,"","F","F","",0,0,"N",0,"N",0,"N",1,2,0,0,"","","","","F","F","F","F","F","F","F","F","F","knigj103","","","F","F","F","F","F","","","","",0,0,0,0,0,0,0,0,0,36,"PHI","PIT","PHI",0,"F","F",1,2,0,16,2,"T","F",1,3,"T","T","meadl101","moore102","T","T",6,6,34,0,0,0,0,0,0,"wilsj105","","",0,0,0,0,0,0,0,0,0,0,0,0,0,"willc103","F","F","F","F",4,4,0,0,3,0,0,0,0,0,F,F,"1925PHI.EVN.regular.event.csv",4541
"PHI192508310","PIT",5,0,1,0,0,"",1,2,"meadl101","?","meadl101","?","knigj103","?","knigj103","?","wilsj105","fonsl101","fribb101","hubec101","wrigr102","harpg101","leacf101","willc103","smite106","wrigg102","","7/F","F","F",1,9,2,"T","T",0,"F","F",1,"F","F",0,"F","F",7,"F","F","F","",0,0,"N",0,"N",0,"N",0,1,2,0,"7","","","","F","F","F","F","F","F","F","F","F","knigj103","knigj103","","F","F","F","F","F","","","","",0,7,0,0,0,0,0,0,0,37,"PHI","PIT","PHI",0,"F","F",1,2,0,17,3,"T","F",3,3,"T","T","moore102","rawlj101","T","T",2,8,36,6,6,34,0,0,0,"wilsj105","wilsj105","",0,0,0,0,0,0,0,0,0,0,0,0,0,"harpg101","F","F","F","F",0,4,4,0,3,0,0,0,0,0,F,F,"1925PHI.EVN.regular.event.csv",4542
"PHI192508310","PIT",5,0,2,0,0,"",1,2,"moore102","?","moore102","?","knigj103","?","knigj103","?","wilsj105","fonsl101","fribb101","hubec101","wrigr102","harpg101","leacf101","willc103","smite106","wrigg102","","S7.2-H;1-2","F","F",9,1,20,"T","T",1,"F","F",0,"F","F",1,"F","F",7,"","F","F","",0,0,"N",0,"N",0,"N",1,2,4,0,"","","","","F","F","F","F","F","F","F","F","F","knigj103","knigj103","","F","F","F","F","F","","","","",0,0,0,0,0,0,0,0,0,38,"PHI","PIT","PHI",0,"F","F",1,2,0,18,4,"T","F",3,3,"T","T","rawlj101","cuylk101","T","T",2,8,36,6,6,34,0,0,0,"wilsj105","wilsj105","",0,0,0,0,0,0,0,0,0,0,0,0,1,"harpg101","F","F","F","F",4,4,4,0,2,0,0,0,0,0,F,F,"1925PHI.EVN.regular.event.csv",4543
"PHI192508310","PIT",5,0,2,0,0,"",2,2,"rawlj101","?","rawlj101","?","knigj103","?","knigj103","?","wilsj105","fonsl101","fribb101","hubec101","wrigr102","harpg101","leacf101","willc103","moore102","smite106","","D7/L78S.2-H;1-H","F","F",4,2,21,"T","T",2,"F","F",0,"F","F",2,"F","F",7,"L","F","F","78S",0,0,"N",0,"N",0,"N",2,4,4,0,"","","","","F","F","F","F","F","F","F","F","F","knigj103","knigj103","","F","F","F","F","F","","","","",0,0,0,0,0,0,0,0,0,39,"PHI","PIT","PHI",0,"F","F",2,2,1,19,5,"T","F",3,2,"T","T","cuylk101","barnc102","T","T",9,1,38,2,8,36,0,0,0,"wilsj105","wilsj105","",0,0,0,0,0,0,0,0,0,0,0,0,2,"harpg101","F","F","F","F",0,4,4,0,0,0,0,0,0,0,F,F,"1925PHI.EVN.regular.event.csv",4544
"PHI192508310","PIT",5,0,2,0,0,"",4,2,"cuylk101","?","cuylk101","?","knigj103","?","knigj103","?","wilsj105","fonsl101","fribb101","hubec101","wrigr102","harpg101","leacf101","willc103","","rawlj101","","WP.2-3","F","F",8,3,9,"F","F",0,"F","F",0,"F","F",0,"T","F",0,"","F","F","",0,0,"N",0,"N",0,"N",0,0,3,0,"","","","","F","F","F","F","F","F","F","F","F","","knigj103","","F","F","F","F","F","","","","",0,0,0,0,0,0,0,0,0,40,"PHI","PIT","PHI",0,"F","F",4,2,3,20,6,"T","F",2,4,"T","T","barnc102","trayp101","T","T",0,0,0,4,2,39,0,0,0,"","wilsj105","",0,0,0,0,0,0,0,0,0,0,0,0,0,"","F","F","F","F",0,0,0,0,0,0,0,0,0,0,F,F,"1925PHI.EVN.regular.event.csv",4545
"PHI192508310","PIT",5,0,2,0,0,"",4,2,"cuylk101","?","cuylk101","?","knigj103","?","knigj103","?","wilsj105","fonsl101","fribb101","hubec101","wrigr102","harpg101","leacf101","willc103","","","rawlj101","W","F","F",8,3,14,"T","F",0,"F","F",0,"F","F",0,"F","F",0,"","F","F","",0,0,"N",0,"N",0,"N",1,0,0,3,"","","","","F","F","F","F","F","F","F","F","F","","","knigj103","F","F","F","F","F","","","","",0,0,0,0,0,0,0,0,0,41,"PHI","PIT","PHI",0,"F","F",4,2,3,20,6,"F","F",4,5,"T","T","barnc102","trayp101","T","T",0,0,0,0,0,0,4,2,39,"","","wilsj105",0,0,0,0,0,0,0,0,0,0,0,0,0,"","F","F","F","F",0,0,0,0,0,0,0,0,0,0,F,F,"1925PHI.EVN.regular.event.csv",4546
"PHI192508310","PIT",5,0,2,0,0,"",4,2,"barnc102","?","barnc102","?","knigj103","?","knigj103","?","wilsj105","fonsl101","fribb101","hubec101","wrigr102","harpg101","leacf101","willc103","cuylk101","","rawlj101","W.1-2","F","F",7,4,14,"T","F",0,"F","F",0,"F","F",0,"F","F",0,"","F","F","",0,0,"N",0,"N",0,"N",1,2,0,3,"","","","","F","F","F","F","F","F","F","F","F","knigj103","","knigj103","F","F","F","F","F","","","","",0,0,0,0,0,0,0,0,0,42,"PHI","PIT","PHI",0,"F","F",4,2,3,21,7,"T","F",5,7,"T","T","trayp101","wrigg102","T","T",8,3,41,0,0,0,4,2,39,"wilsj105","","wilsj105",0,0,0,0,0,0,0,0,0,0,0,0,0,"","F","F","F","F",0,0,0,0,0,0,0,0,0,0,F,F,"1925PHI.EVN.regular.event.csv",4547
"PHI192508310","PIT",5,0,2,0,0,"",4,2,"trayp101","?","trayp101","?","knigj103","?","knigj103","?","wilsj105","fonsl101","fribb101","hubec101","wrigr102","harpg101","leacf101","willc103","barnc102","cuylk101","rawlj101","8/F8XD","F","F",5,5,2,"T","T",0,"F","F",1,"F","F",0,"F","F",8,"F","F","F","8XD",0,0,"N",0,"N",0,"N",0,1,2,3,"8","","","","F","F","F","F","F","F","F","F","F","knigj103","knigj103","knigj103","F","F","F","F","F","","","","",0,8,0,0,0,0,0,0,0,43,"PHI","PIT","PHI",0,"F","T",4,2,3,22,8,"T","F",7,7,"T","T","wrigg102","grang102","T","T",7,4,42,8,3,41,4,2,39,"wilsj105","wilsj105","wilsj105",0,0,0,0,0,0,0,0,0,0,0,0,0,"leacf101","F","F","F","F",0,0,0,0,0,0,0,0,0,0,F,F,"1925PHI.EVN.regular.event.csv",4548
"PHI192508310","PIT",5,1,0,0,0,"",4,2,"wilsj105","?","wilsj105","?","meadl101","?","meadl101","?","smite106","grang102","rawlj101","trayp101","wrigg102","barnc102","cuylk101","moore102","","","","13","T","F",2,8,2,"T","T",0,"F","F",1,"F","F",0,"F","F",1,"G","F","F","",0,0,"N",0,"N",0,"N",0,0,0,0,"13","","","","F","F","F","F","F","F","F","F","F","","","","F","F","F","F","F","","","","",0,3,0,0,1,0,0,0,0,44,"PHI","PHI","PIT",1,"T","F",2,4,0,16,0,"T","F",0,0,"T","T","knigj103","wrigr102","T","T",0,0,0,0,0,0,0,0,0,"","","",0,0,0,0,0,0,0,0,0,0,0,0,0,"meadl101","F","F","F","F",0,0,0,0,0,0,0,0,0,0,F,F,"1925PHI.EVN.regular.event.csv",4549
"PHI192508310","PIT",5,1,1,0,0,"",4,2,"knigj103","?","knigj103","?","meadl101","?","meadl101","?","smite106","grang102","rawlj101","trayp101","wrigg102","barnc102","cuylk101","moore102","","","","43","F","F",1,9,2,"T","T",0,"F","F",1,"F","F",0,"F","F",4,"G","F","F","",0,0,"N",0,"N",0,"N",0,0,0,0,"43","","","","F","F","F","F","F","F","F","F","F","","","","F","F","F","F","F","","","","",0,3,0,0,4,0,0,0,0,45,"PHI","PHI","PIT",1,"F","F",2,4,0,17,1,"T","F",0,0,"T","T","wrigr102","leacf101","T","T",0,0,0,0,0,0,0,0,0,"","","",0,0,0,0,0,0,0,0,0,0,0,0,0,"rawlj101","F","F","F","F",0,0,0,0,0,0,0,0,0,0,F,F,"1925PHI.EVN.regular.event.csv",4550
"PHI192508310","PIT",5,1,2,0,0,"",4,2,"wrigr102","?","wrigr102","?","meadl101","?","meadl101","?","smite106","grang102","rawlj101","trayp101","wrigg102","barnc102","cuylk101","moore102","","","","S8/89","F","F",6,1,20,"T","T",1,"F","F",0,"F","F",0,"F","F",8,"","F","F","89",0,0,"N",0,"N",0,"N",1,0,0,0,"","","","","F","F","F","F","F","F","F","F","F","","","","F","F","F","F","F","","","","",0,0,0,0,0,0,0,0,0,46,"PHI","PHI","PIT",1,"F","F",2,4,0,18,2,"T","F",0,1,"T","T","leacf101","willc103","T","T",0,0,0,0,0,0,0,0,0,"","","",0,0,0,0,0,0,0,0,0,0,0,0,0,"cuylk101","F","F","F","F",0,0,0,0,0,0,0,0,0,0,F,F,"1925PHI.EVN.regular.event.csv",4551
"PHI192508310","PIT",5,1,2,0,0,"",4,2,"leacf101","?","leacf101","?","meadl101","?","meadl101","?","smite106","grang102","rawlj101","trayp101","wrigg102","barnc102","cuylk101","moore102","wrigr102","","","8/L","F","F",8,2,2,"T","T",0,"F","F",1,"F","F",0,"F","F",8,"L","F","F","",0,0,"N",0,"N",0,"N",0,1,0,0,"8","","","","F","F","F","F","F","F","F","F","F","meadl101","","","F","F","F","F","F","","","","",0,8,0,0,0,0,0,0,0,47,"PHI","PHI","PIT",1,"F","T",2,4,0,19,3,"T","F",1,1,"T","T","willc103","harpg101","T","T",6,1,46,0,0,0,0,0,0,"smite106","","",0,0,0,0,0,0,0,0,0,0,0,0,0,"cuylk101","F","F","F","F",0,0,0,0,0,0,0,0,0,0,F,F,"1925PHI.EVN.regular.event.csv",4552
"PHI192508310","PIT",6,0,0,0,0,"",4,2,"wrigg102","?","wrigg102","?","knigj103","?","knigj103","?","wilsj105","fonsl101","fribb101","hubec101","wrigr102","harpg101","leacf101","willc103","","","","8/F8XD","T","F",6,6,2,"T","T",0,"F","F",1,"F","F",0,"F","F",8,"F","F","F","8XD",0,0,"N",0,"N",0,"N",0,0,0,0,"8","","","","F","F","F","F","F","F","F","F","F","","","","F","F","F","F","F","","","","",0,8,0,0,0,0,0,0,0,48,"PHI","PIT","PHI",0,"T","F",4,2,0,23,0,"T","F",0,0,"T","T","grang102","smite106","T","T",0,0,0,0,0,0,0,0,0,"","","",0,0,0,0,0,0,0,0,0,0,0,0,0,"leacf101","F","F","F","F",0,0,0,0,0,0,0,0,0,0,F,F,"1925PHI.EVN.regular.event.csv",4553
"PHI192508310","PIT",6,0,1,0,0,"",4,2,"grang102","?","grang102","?","knigj103","?","knigj103","?","wilsj105","fonsl101","fribb101","hubec101","wrigr102","harpg101","leacf101","willc103","","","","6/L","F","F",3,7,2,"T","T",0,"F","F",1,"F","F",0,"F","F",6,"L","F","F","",0,0,"N",0,"N",0,"N",0,0,0,0,"6","","","","F","F","F","F","F","F","F","F","F","","","","F","F","F","F","F","","","","",0,6,0,0,0,0,0,0,0,49,"PHI","PIT","PHI",0,"F","F",4,2,0,24,1,"T","F",0,0,"T","T","smite106","meadl101","T","T",0,0,0,0,0,0,0,0,0,"","","",0,0,0,0,0,0,0,0,0,0,0,0,0,"wrigr102","F","F","F","F",0,0,0,0,0,0,0,0,0,0,F,F,"1925PHI.EVN.regular.event.csv",4554
"PHI192508310","PIT",6,0,2,0,0,"",4,2,"smite106","?","smite106","?","knigj103","?","knigj103","?","wilsj105","fonsl101","fribb101","hubec101","wrigr102","harpg101","leacf101","willc103","","","","3/G","F","F",2,8,2,"T","T",0,"F","F",1,"F","F",0,"F","F",3,"G","F","F","",0,0,"N",0,"N",0,"N",0,0,0,0,"3","","","","F","F","F","F","F","F","F","F","F","","","","F","F","F","F","F","","","","",0,3,0,0,0,0,0,0,0,50,"PHI","PIT","PHI",0,"F","T",4,2,0,25,2,"T","F",0,0,"T","T","meadl101","moore102","T","T",0,0,0,0,0,0,0,0,0,"","","",0,0,0,0,0,0,0,0,0,0,0,0,0,"fonsl101","F","F","F","F",0,0,0,0,0,0,0,0,0,0,F,F,"1925PHI.EVN.regular.event.csv",4555
"PHI192508310","PIT",6,1,0,0,0,"",4,2,"willc103","?","willc103","?","meadl101","?","meadl101","?","smite106","grang102","rawlj101","trayp101","wrigg102","barnc102","cuylk101","moore102","","","","8/L","T","F",9,3,2,"T","T",0,"F","F",1,"F","F",0,"F","F",8,"L","F","F","",0,0,"N",0,"N",0,"N",0,0,0,0,"8","","","","F","F","F","F","F","F","F","F","F","","","","F","F","F","F","F","","","","",0,8,0,0,0,0,0,0,0,51,"PHI","PHI","PIT",1,"T","F",2,4,0,20,0,"T","F",0,0,"T","T","harpg101","fonsl101","T","T",0,0,0,0,0,0,0,0,0,"","","",0,0,0,0,0,0,0,0,0,0,0,0,0,"cuylk101","F","F","F","F",0,0,0,0,0,0,0,0,0,0,F,F,"1925PHI.EVN.regular.event.csv",4556
"PHI192508310","PIT",6,1,1,0,0,"",4,2,"harpg101","?","harpg101","?","meadl101","?","meadl101","?","smite106","grang102","rawlj101","trayp101","wrigg102","barnc102","cuylk101","moore102","","","","43","F","F",7,4,2,"T","T",0,"F","F",1,"F","F",0,"F","F",4,"G","F","F","",0,0,"N",0,"N",0,"N",0,0,0,0,"43","","","","F","F","F","F","F","F","F","F","F","","","","F","F","F","F","F","","","","",0,3,0,0,4,0,0,0,0,52,"PHI","PHI","PIT",1,"F","F",2,4,0,21,1,"T","F",0,0,"T","T","fonsl101","hubec101","T","T",0,0,0,0,0,0,0,0,0,"","","",0,0,0,0,0,0,0,0,0,0,0,0,0,"rawlj101","F","F","F","F",0,0,0,0,0,0,0,0,0,0,F,F,"1925PHI.EVN.regular.event.csv",4557
"PHI192508310","PIT",6,1,2,0,0,"",4,2,"fonsl101","?","fonsl101","?","meadl101","?","meadl101","?","smite106","grang102","rawlj101","trayp101","wrigg102","barnc102","cuylk101","moore102","","","","7/L","F","F",3,5,2,"T","T",0,"F","F",1,"F","F",0,"F","F",7,"L","F","F","",0,0,"N",0,"N",0,"N",0,0,0,0,"7","","","","F","F","F","F","F","F","F","F","F","","","","F","F","F","F","F","","","","",0,7,0,0,0,0,0,0,0,53,"PHI","PHI","PIT",1,"F","T",2,4,0,22,2,"T","F",0,0,"T","T","hubec101","fribb101","T","T",0,0,0,0,0,0,0,0,0,"","","",0,0,0,0,0,0,0,0,0,0,0,0,0,"barnc102","F","F","F","F",0,0,0,0,0,0,0,0,0,0,F,F,"1925PHI.EVN.regular.event.csv",4558
"PHI192508310","PIT",7,0,0,0,0,"",4,2,"meadl101","?","meadl101","?","knigj103","?","knigj103","?","wilsj105","fonsl101","fribb101","hubec101","wrigr102","harpg101","leacf101","willc103","","","","5/FL","T","F",1,9,2,"T","T",0,"F","F",1,"F","F",0,"F","F",5,"F","F","T","",0,0,"N",0,"N",0,"N",0,0,0,0,"5","","","","F","F","F","F","F","F","F","F","F","","","","F","F","F","F","F","","","","",0,5,0,0,0,0,0,0,0,54,"PHI","PIT","PHI",0,"T","F",4,2,0,26,0,"T","F",0,0,"T","T","moore102","rawlj101","T","T",0,0,0,0,0,0,0,0,0,"","","",0,0,0,0,0,0,0,0,0,0,0,0,0,"hubec101","F","F","F","F",0,0,0,0,0,0,0,0,0,0,F,F,"1925PHI.EVN.regular.event.csv",4559
"PHI192508310","PIT",7,0,1,0,0,"",4,2,"moore102","?","moore102","?","knigj103","?","knigj103","?","wilsj105","fonsl101","fribb101","hubec101","wrigr102","harpg101","leacf101","willc103","","","","S7","F","F",9,1,20,"T","T",1,"F","F",0,"F","F",0,"F","F",7,"","F","F","",0,0,"N",0,"N",0,"N",1,0,0,0,"","","","","F","F","F","F","F","F","F","F","F","","","","F","F","F","F","F","","","","",0,0,0,0,0,0,0,0,0,55,"PHI","PIT","PHI",0,"F","F",4,2,0,27,1,"T","F",0,1,"T","T","rawlj101","cuylk101","T","T",0,0,0,0,0,0,0,0,0,"","","",0,0,0,0,0,0,0,0,0,0,0,0,0,"harpg101","F","F","F","F",0,0,0,0,0,0,0,0,0,0,F,F,"1925PHI.EVN.regular.event.csv",4560
"PHI192508310","PIT",7,0,1,0,0,"",4,2,"rawlj101","?","rawlj101","?","knigj103","?","knigj103","?","wilsj105","fonsl101","fribb101","hubec101","wrigr102","harpg101","leacf101","willc103","moore102","","","9/F9D","F","F",4,2,2,"T","T",0,"F","F",1,"F","F",0,"F","F",9,"F","F","F","9D",0,0,"N",0,"N",0,"N",0,1,0,0,"9","","","","F","F","F","F","F","F","F","F","F","knigj103","","","F","F","F","F","F","","","","",0,9,0,0,0,0,0,0,0,56,"PHI","PIT","PHI",0,"F","F",4,2,0,28,2,"T","F",1,1,"T","T","cuylk101","barnc102","T","T",9,1,55,0,0,0,0,0,0,"wilsj105","","",0,0,0,0,0,0,0,0,0,0,0,0,0,"willc103","F","F","F","F",0,0,0,0,0,0,0,0,0,0,F,F,"1925PHI.EVN.regular.event.csv",4561
"PHI192508310","PIT",7,0,2,0,0,"",4,2,"cuylk101","?","cuylk101","?","knigj103","?","knigj103","?","wilsj105","fonsl101","fribb101","hubec101","wrigr102","harpg101","leacf101","willc103","moore102","","","8/L","F","F",8,3,2,"T","T",0,"F","F",1,"F","F",0,"F","F",8,"L","F","F","",0,0,"N",0,"N",0,"N",0,1,0,0,"8","","","","F","F","F","F","F","F","F","F","F","knigj103","","","F","F","F","F","F","","","","",0,8,0,0,0,0,0,0,0,57,"PHI","PIT","PHI",0,"F","T",4,2,0,29,3,"T","F",1,1,"T","T","barnc102","trayp101","T","T",9,1,55,0,0,0,0,0,0,"wilsj105","","",0,0,0,0,0,0,0,0,0,0,0,0,0,"leacf101","F","F","F","F",0,0,0,0,0,0,0,0,0,0,F,F,"1925PHI.EVN.regular.event.csv",4562
"PHI192508310","PIT",7,1,0,0,0,"",4,2,"hubec101","?","hubec101","?","meadl101","?","meadl101","?","smite106","grang102","rawlj101","trayp101","wrigg102","barnc102","cuylk101","moore102","","","","S8","T","F",5,6,20,"T","T",1,"F","F",0,"F","F",0,"F","F",8,"","F","F","",0,0,"N",0,"N",0,"N",1,0,0,0,"","","","","F","F","F","F","F","F","F","F","F","","","","F","F","F","F","F","","","","",0,0,0,0,0,0,0,0,0,58,"PHI","PHI","PIT",1,"T","F",2,4,0,23,0,"T","F",0,1,"T","T","fribb101","wilsj105","T","T",0,0,0,0,0,0,0,0,0,"","","",0,0,0,0,0,0,0,0,0,0,0,0,0,"cuylk101","F","F","F","F",0,0,0,0,0,0,0,0,0,0,F,F,"1925PHI.EVN.regular.event.csv",4563
"PHI192508310","PIT",7,1,0,0,0,"",4,2,"fribb101","?","fribb101","?","meadl101","?","meadl101","?","smite106","grang102","rawlj101","trayp101","wrigg102","barnc102","cuylk101","moore102","hubec101","","","46(1)3/GDP/G4M","F","F",4,7,2,"T","T",0,"F","F",2,"T","F",0,"F","F",4,"G","F","F","4M",0,0,"N",0,"N",0,"N",0,0,0,0,"63","46","","","F","F","F","F","F","F","F","F","F","meadl101","","","F","F","F","F","F","","","","",0,6,3,0,4,6,0,0,0,59,"PHI","PHI","PIT",1,"F","F",2,4,0,24,1,"T","F",1,0,"T","T","wilsj105","knigj103","T","T",5,6,58,0,0,0,0,0,0,"smite106","","",0,0,0,0,0,0,0,0,0,0,0,0,0,"rawlj101","T","F","F","F",0,0,0,0,0,0,0,0,0,0,F,F,"1925PHI.EVN.regular.event.csv",4564
"PHI192508310","PIT",7,1,2,3,2,"",4,2,"wilsj105","?","wilsj105","?","meadl101","?","meadl101","?","smite106","grang102","rawlj101","trayp101","wrigg102","barnc102","cuylk101","moore102","","","","W","F","F",2,8,14,"T","F",0,"F","F",0,"F","F",0,"F","F",0,"","F","F","",0,0,"N",0,"N",0,"N",1,0,0,0,"","","","","F","F","F","F","F","F","F","F","F","","","","F","F","F","F","F","","","","",0,0,0,0,0,0,0,0,0,60,"PHI","PHI","PIT",1,"F","F",2,4,0,25,2,"T","F",0,1,"T","T","knigj103","wrigr102","T","T",0,0,0,0,0,0,0,0,0,"","","",0,0,0,0,0,0,0,0,0,0,0,0,0,"","F","F","F","F",0,0,0,0,0,0,0,0,0,0,F,F,"1925PHI.EVN.regular.event.csv",4565
"PHI192508310","PIT",7,1,2,0,0,"",4,2,"knigj103","?","knigj103","?","meadl101","?","meadl101","?","smite106","grang102","rawlj101","trayp101","wrigg102","barnc102","cuylk101","moore102","wilsj105","","","K/C","F","F",1,9,3,"T","T",0,"F","F",1,"F","F",0,"F","F",0,"","F","F","",0,0,"N",0,"N",0,"N",0,1,0,0,"2","","","","F","F","F","F","F","F","F","F","F","meadl101","","","F","F","F","F","F","","","","",0,2,0,0,0,0,0,0,0,61,"PHI","PHI","PIT",1,"F","T",2,4,0,26,3,"T","F",1,1,"T","T","wrigr102","leacf101","T","T",2,8,60,0,0,0,0,0,0,"smite106","","",0,0,0,0,0,0,0,0,0,0,0,0,0,"","F","F","F","F",0,0,0,0,0,0,0,0,0,0,F,F,"1925PHI.EVN.regular.event.csv",4566
"PHI192508310","PIT",8,0,0,0,0,"",4,2,"barnc102","?","barnc102","?","knigj103","?","knigj103","?","wilsj105","fonsl101","fribb101","hubec101","wrigr102","harpg101","leacf101","willc103","","","","63","T","F",7,4,2,"T","T",0,"F","F",1,"F","F",0,"F","F",6,"G","F","F","",0,0,"N",0,"N",0,"N",0,0,0,0,"63","","","","F","F","F","F","F","F","F","F","F","","","","F","F","F","F","F","","","","",0,3,0,0,6,0,0,0,0,62,"PHI","PIT","PHI",0,"T","F",4,2,0,30,0,"T","F",0,0,"T","T","trayp101","wrigg102","T","T",0,0,0,0,0,0,0,0,0,"","","",0,0,0,0,0,0,0,0,0,0,0,0,0,"wrigr102","F","F","F","F",0,0,0,0,4,0,0,0,0,0,F,F,"1925PHI.EVN.regular.event.csv",4567
"PHI192508310","PIT",8,0,1,0,0,"",4,2,"trayp101","?","trayp101","?","knigj103","?","knigj103","?","wilsj105","fonsl101","fribb101","hubec101","wrigr102","harpg101","leacf101","willc103","","","","S8","F","F",5,5,20,"T","T",1,"F","F",0,"F","F",0,"F","F",8,"","F","F","",0,0,"N",0,"N",0,"N",1,0,0,0,"","","","","F","F","F","F","F","F","F","F","F","","","","F","F","F","F","F","","","","",0,0,0,0,0,0,0,0,0,63,"PHI","PIT","PHI",0,"F","F",4,2,0,31,1,"T","F",0,1,"T","T","wrigg102","grang102","T","T",0,0,0,0,0,0,0,0,0,"","","",0,0,0,0,0,0,0,0,0,0,0,0,0,"leacf101","F","F","F","F",4,0,0,0,4,0,0,0,0,0,F,F,"1925PHI.EVN.regular.event.csv",4568
"PHI192508310","PIT",8,0,1,0,0,"",4,2,"wrigg102","?","wrigg102","?","knigj103","?","knigj103","?","wilsj105","fonsl101","fribb101","hubec101","wrigr102","harpg101","leacf101","willc103","trayp101","","","S9.1-2","F","F",6,6,20,"T","T",1,"F","F",0,"F","F",0,"F","F",9,"","F","F","",0,0,"N",0,"N",0,"N",1,2,0,0,"","","","","F","F","F","F","F","F","F","F","F","knigj103","","","F","F","F","F","F","","","","",0,0,0,0,0,0,0,0,0,64,"PHI","PIT","PHI",0,"F","F",4,2,0,32,2,"T","F",1,3,"T","T","grang102","smite106","T","T",5,5,63,0,0,0,0,0,0,"wilsj105","","",0,0,0,0,0,0,0,0,0,0,0,0,0,"willc103","F","F","F","F",4,4,0,0,4,0,0,0,0,0,F,F,"1925PHI.EVN.regular.event.csv",4569
"PHI192508310","PIT",8,0,1,0,0,"",4,2,"grang102","?","grang102","?","knigj103","?","knigj103","?","wilsj105","fonsl101","fribb101","hubec101","wrigr102","harpg101","leacf101","willc103","wrigg102","trayp101","","W.2-3;1-2","F","F",3,7,14,"T","F",0,"F","F",0,"F","F",0,"F","F",0,"","F","F","",0,0,"N",0,"N",0,"N",1,2,3,0,"","","","","F","F","F","F","F","F","F","F","F","knigj103","knigj103","","F","F","F","F","F","","","","",0,0,0,0,0,0,0,0,0,65,"PHI","PIT","PHI",0,"F","F",4,2,0,33,3,"T","F",3,7,"T","T","smite106","meadl101","T","T",6,6,64,5,5,63,0,0,0,"wilsj105","wilsj105","",0,0,0,0,0,0,0,0,0,0,0,0,0,"","F","F","F","F",4,4,4,0,4,0,0,0,0,0,F,F,"1925PHI.EVN.regular.event.csv",4570
"PHI192508310","PIT",8,0,1,0,0,"",4,2,"smite106","?","smite106","?","knigj103","?","knigj103","?","wilsj105","fonsl101","fribb101","hubec101","wrigr102","harpg101","leacf101","willc103","grang102","wrigg102","trayp101","D9/G3L.3-H;2-H;1-3","F","F",2,8,21,"T","T",2,"F","F",0,"F","F",2,"F","F",9,"G","F","F","3L",0,0,"N",0,"N",0,"N",2,3,4,4,"","","","","F","F","F","F","F","F","F","F","F","knigj103","knigj103","knigj103","F","F","F","F","F","","","","",0,0,0,0,0,0,0,0,0,66,"PHI","PIT","PHI",0,"F","F",4,2,0,34,4,"T","F",7,6,"T","T","meadl101","moore102","T","T",3,7,65,6,6,64,5,5,63,"wilsj105","wilsj105","wilsj105",0,0,0,0,0,0,0,0,0,0,0,0,2,"willc103","F","F","F","F",4,4,4,4,2,0,0,0,0,0,F,F,"1925PHI.EVN.regular.event.csv",4571
"PHI192508310","PIT",8,0,1,0,0,"",6,2,"meadl101","?","meadl101","?","knigj103","?","knigj103","?","wilsj105","fonsl101","fribb101","hubec101","wrigr102","harpg101","leacf101","willc103","","smite106","grang102","13/G1S.3-H;2-3","F","F",1,9,2,"T","T",0,"F","F",1,"F","F",1,"F","F",1,"G","F","F","1S",0,0,"N",0,"N",0,"N",0,0,3,4,"13","","","","F","F","F","F","F","F","F","F","F","","knigj103","knigj103","F","F","F","F","F","","","","",0,3,0,0,1,0,0,0,0,67,"PHI","PIT","PHI",0,"F","F",6,2,2,35,5,"T","F",6,4,"T","T","moore102","rawlj101","T","T",0,0,0,2,8,66,3,7,65,"","wilsj105","wilsj105",0,0,0,0,0,0,0,0,0,0,0,0,1,"knigj103","F","F","F","F",0,0,4,4,1,0,0,0,0,0,F,F,"1925PHI.EVN.regular.event.csv",4572
"PHI192508310","PIT",8,0,2,0,0,"",7,2,"moore102","?","moore102","?","knigj103","?","knigj103","?","wilsj105","fonsl101","fribb101","hubec101","wrigr102","harpg101","leacf101","willc103","","","smite106","S8/F8S.3-H","F","F",9,1,20,"T","T",1,"F","F",0,"F","F",1,"F","F",8,"F","F","F","8S",0,0,"N",0,"N",0,"N",1,0,0,4,"","","","","F","F","F","F","F","F","F","F","F","","","knigj103","F","F","F","F","F","","","","",0,0,0,0,0,0,0,0,0,68,"PHI","PIT","PHI",0,"F","F",7,2,3,36,6,"T","F",4,1,"T","T","rawlj101","cuylk101","T","T",0,0,0,0,0,0,2,8,66,"","","wilsj105",0,0,0,0,0,0,0,0,0,0,0,0,1,"leacf101","F","F","F","F",0,0,0,4,0,0,0,0,0,0,F,F,"1925PHI.EVN.regular.event.csv",4573
"PHI192508310","PIT",8,0,2,0,0,"",8,2,"rawlj101","?","rawlj101","?","betth101","?","betth101","?","wilsj105","fonsl101","fribb101","hubec101","wrigr102","harpg101","leacf101","willc103","moore102","","","9/L","F","F",4,2,2,"T","T",0,"F","F",1,"F","F",0,"F","F",9,"L","F","F","",0,0,"N",0,"N",0,"N",0,1,0,0,"9","","","","F","F","F","F","F","F","F","F","F","knigj103","","","F","F","F","F","F","","","","",0,9,0,0,0,0,0,0,0,69,"PHI","PIT","PHI",0,"F","T",8,2,4,37,7,"T","F",1,1,"T","T","cuylk101","barnc102","F","F",9,1,68,0,0,0,0,0,0,"wilsj105","","",0,0,0,0,0,0,0,0,0,0,0,0,0,"willc103","F","F","F","F",0,0,0,0,0,0,0,0,0,0,F,F,"1925PHI.EVN.regular.event.csv",4574
"PHI192508310","PIT",8,1,0,0,0,"",8,2,"wrigr102","?","wrigr102","?","meadl101","?","meadl101","?","smite106","grang102","rawlj101","trayp101","wrigg102","barnc102","cuylk101","moore102","","","","7/L","T","F",6,1,2,"T","T",0,"F","F",1,"F","F",0,"F","F",7,"L","F","F","",0,0,"N",0,"N",0,"N",0,0,0,0,"7","","","","F","F","F","F","F","F","F","F","F","","","","F","F","F","F","F","","","","",0,7,0,0,0,0,0,0,0,70,"PHI","PHI","PIT",1,"T","F",2,8,0,27,0,"T","F",0,0,"T","T","leacf101","willc103","T","T",0,0,0,0,0,0,0,0,0,"","","",0,0,0,0,0,0,0,0,0,0,0,0,0,"barnc102","F","F","F","F",0,0,0,0,0,0,0,0,0,0,F,F,"1925PHI.EVN.regular.event.csv",4575
"PHI192508310","PIT",8,1,1,0,0,"",8,2,"leacf101","?","leacf101","?","meadl101","?","meadl101","?","smite106","grang102","rawlj101","trayp101","wrigg102","barnc102","cuylk101","moore102","","","","8/F","F","F",8,2,2,"T","T",0,"F","F",1,"F","F",0,"F","F",8,"F","F","F","",0,0,"N",0,"N",0,"N",0,0,0,0,"8","","","","F","F","F","F","F","F","F","F","F","","","","F","F","F","F","F","","","","",0,8,0,0,0,0,0,0,0,71,"PHI","PHI","PIT",1,"F","F",2,8,0,28,1,"T","F",0,0,"T","T","willc103","harpg101","T","T",0,0,0,0,0,0,0,0,0,"","","",0,0,0,0,0,0,0,0,0,0,0,0,0,"cuylk101","F","F","F","F",0,0,0,0,0,0,0,0,0,0,F,F,"1925PHI.EVN.regular.event.csv",4576
"PHI192508310","PIT",8,1,2,0,0,"",8,2,"willc103","?","willc103","?","meadl101","?","meadl101","?","smite106","grang102","rawlj101","trayp101","wrigg102","barnc102","cuylk101","moore102","","","","4/P","F","F",9,3,2,"T","T",0,"F","F",1,"F","F",0,"F","F",4,"P","F","F","",0,0,"N",0,"N",0,"N",0,0,0,0,"4","","","","F","F","F","F","F","F","F","F","F","","","","F","F","F","F","F","","","","",0,4,0,0,0,0,0,0,0,72,"PHI","PHI","PIT",1,"F","T",2,8,0,29,2,"T","F",0,0,"T","T","harpg101","fonsl101","T","T",0,0,0,0,0,0,0,0,0,"","","",0,0,0,0,0,0,0,0,0,0,0,0,0,"rawlj101","F","F","F","F",0,0,0,0,0,0,0,0,0,0,F,F,"1925PHI.EVN.regular.event.csv",4577
"PHI192508310","PIT",9,0,0,0,0,"",8,2,"cuylk101","?","cuylk101","?","betth101","?","betth101","?","wendl101","fonsl101","fribb101","hubec101","wrigr102","harpg101","leacf101","willc103","","","","E4/G+","T","F",8,3,18,"T","T",0,"F","F",0,"F","F",0,"F","F",4,"G","F","F","",1,4,"F",0,"N",0,"N",1,0,0,0,"","","","","F","F","F","F","F","F","F","F","F","","","","F","F","F","F","F","","","","",0,0,0,0,0,0,0,0,0,73,"PHI","PIT","PHI",0,"T","F",8,2,0,38,0,"T","F",0,1,"T","T","barnc102","trayp101","F","F",0,0,0,0,0,0,0,0,0,"","","",0,0,0,0,0,0,0,0,0,0,0,0,0,"fribb101","F","F","F","T",5,0,0,0,2,0,0,0,0,0,F,F,"1925PHI.EVN.regular.event.csv",4578
"PHI192508310","PIT",9,0,0,0,0,"",8,2,"barnc102","?","barnc102","?","betth101","?","betth101","?","wendl101","fonsl101","fribb101","hubec101","wrigr102","harpg101","leacf101","willc103","cuylk101","","","D7.1-H(UR)","F","F",7,4,21,"T","T",2,"F","F",0,"F","F",1,"F","F",7,"","F","F","",0,0,"N",0,"N",0,"N",2,5,0,0,"","","","","F","F","F","F","F","F","F","F","F","betth101","","","F","F","F","F","F","","","","",0,0,0,0,0,0,0,0,0,74,"PHI","PIT","PHI",0,"F","F",8,2,0,39,1,"T","F",1,2,"T","T","trayp101","wrigg102","F","F",8,3,73,0,0,0,0,0,0,"wendl101","","",0,0,0,0,0,0,0,0,0,0,0,0,1,"harpg101","F","F","F","F",4,5,0,0,1,0,0,0,0,0,F,F,"1925PHI.EVN.regular.event.csv",4579
"PHI192508310","PIT",9,0,0,0,0,"",9,2,"trayp101","?","trayp101","?","betth101","?","betth101","?","wendl101","fonsl101","fribb101","hubec101","wrigr102","harpg101","leacf101","willc103","","barnc102","","2/P/FL","F","F",5,5,2,"T","T",0,"F","F",1,"F","F",0,"F","F",2,"P","F","T","",0,0,"N",0,"N",0,"N",0,0,2,0,"2","","","","F","F","F","F","F","F","F","F","F","","betth101","","F","F","F","F","F","","","","",0,2,0,0,0,0,0,0,0,75,"PHI","PIT","PHI",0,"F","F",9,2,1,40,2,"T","F",2,2,"T","T","wrigg102","grang102","F","F",0,0,0,7,4,74,0,0,0,"","wendl101","",0,0,0,0,0,0,0,0,0,0,0,0,0,"wendl101","F","F","F","F",0,0,4,0,1,0,0,0,0,0,F,F,"1925PHI.EVN.regular.event.csv",4580
"PHI192508310","PIT",9,0,1,0,0,"",9,2,"wrigg102","?","wrigg102","?","betth101","?","betth101","?","wendl101","fonsl101","fribb101","hubec101","wrigr102","harpg101","leacf101","willc103","","barnc102","","S8.2-H","F","F",6,6,20,"T","T",1,"F","F",0,"F","F",1,"F","F",8,"","F","F","",0,0,"N",0,"N",0,"N",1,0,4,0,"","","","","F","F","F","F","F","F","F","F","F","","betth101","","F","F","F","F","F","","","","",0,0,0,0,0,0,0,0,0,76,"PHI","PIT","PHI",0,"F","F",9,2,1,41,3,"T","F",2,1,"T","T","grang102","smite106","F","F",0,0,0,7,4,74,0,0,0,"","wendl101","",0,0,0,0,0,0,0,0,0,0,0,0,1,"leacf101","F","F","F","F",0,0,4,0,0,0,0,0,0,0,F,F,"1925PHI.EVN.regular.event.csv",4581
"PHI192508310","PIT",9,0,1,0,0,"",10,2,"grang102","?","grang102","?","betth101","?","betth101","?","wendl101","fonsl101","fribb101","hubec101","wrigr102","harpg101","leacf101","willc103","wrigg102","","","46(1)/FO","F","F",3,7,2,"T","T",0,"F","F",1,"F","F",0,"F","F",4,"G","F","F","",0,0,"N",0,"N",0,"N",1,0,0,0,"","46","","","F","F","F","F","F","F","F","F","F","betth101","","","F","F","F","F","F","","","","",0,6,0,0,4,0,0,0,0,77,"PHI","PIT","PHI",0,"F","F",10,2,2,42,4,"T","F",1,1,"T","T","smite106","meadl101","F","F",6,6,76,0,0,0,0,0,0,"wendl101","","",0,0,0,0,0,0,0,0,0,0,0,0,0,"fribb101","T","F","F","F",0,0,0,0,0,0,0,0,0,0,F,F,"1925PHI.EVN.regular.event.csv",4582
"PHI192508310","PIT",9,0,2,0,0,"",10,2,"smite106","?","smite106","?","betth101","?","betth101","?","wendl101","fonsl101","fribb101","hubec101","wrigr102","harpg101","leacf101","willc103","grang102","","","6/P56D","F","F",2,8,2,"T","T",0,"F","F",1,"F","F",0,"F","F",6,"P","F","F","56D",0,0,"N",0,"N",0,"N",0,1,0,0,"6","","","","F","F","F","F","F","F","F","F","F","betth101","","","F","F","F","F","F","","","","",0,6,0,0,0,0,0,0,0,78,"PHI","PIT","PHI",0,"F","T",10,2,2,43,5,"T","F",1,1,"T","T","meadl101","moore102","F","F",3,7,77,0,0,0,0,0,0,"wendl101","","",0,0,0,0,0,0,0,0,0,0,0,0,0,"wrigr102","F","F","F","F",0,0,0,0,0,0,0,0,0,0,F,F,"1925PHI.EVN.regular.event.csv",4583
"PHI192508310","PIT",9,1,0,0,0,"",10,2,"harpg101","?","harpg101","?","meadl101","?","meadl101","?","smite106","grang102","rawlj101","trayp101","wrigg102","barnc102","cuylk101","moore102","","","","HR/F9D","T","F",7,4,23,"T","T",4,"F","F",0,"F","F",1,"F","F",0,"F","F","F","9D",0,0,"N",0,"N",0,"N",4,0,0,0,"","","","","F","F","F","F","F","F","F","F","F","","","","F","F","F","F","F","","","","",0,0,0,0,0,0,0,0,0,79,"PHI","PHI","PIT",1,"T","F",2,10,0,30,0,"T","F",0,0,"T","T","fonsl101","hubec101","T","T",0,0,0,0,0,0,0,0,0,"","","",0,0,0,0,0,0,0,0,0,0,0,0,1,"","F","F","F","F",4,0,0,0,0,0,0,0,0,0,F,F,"1925PHI.EVN.regular.event.csv",4584
"PHI192508310","PIT",9,1,0,0,0,"",10,3,"fonsl101","?","fonsl101","?","meadl101","?","meadl101","?","smite106","grang102","rawlj101","trayp101","wrigg102","barnc102","cuylk101","moore102","","","","13","F","F",3,5,2,"T","T",0,"F","F",1,"F","F",0,"F","F",1,"G","F","F","",0,0,"N",0,"N",0,"N",0,0,0,0,"13","","","","F","F","F","F","F","F","F","F","F","","","","F","F","F","F","F","","","","",0,3,0,0,1,0,0,0,0,80,"PHI","PHI","PIT",1,"F","F",3,10,1,31,1,"T","F",0,0,"T","T","hubec101","fribb101","T","T",0,0,0,0,0,0,0,0,0,"","","",0,0,0,0,0,0,0,0,0,0,0,0,0,"meadl101","F","F","F","F",0,0,0,0,0,0,0,0,0,0,F,F,"1925PHI.EVN.regular.event.csv",4585
"PHI192508310","PIT",9,1,1,0,0,"",10,3,"hubec101","?","hubec101","?","meadl101","?","meadl101","?","smite106","grang102","rawlj101","trayp101","wrigg102","barnc102","cuylk101","moore102","","","","43","F","F",5,6,2,"T","T",0,"F","F",1,"F","F",0,"F","F",4,"G","F","F","",0,0,"N",0,"N",0,"N",0,0,0,0,"43","","","","F","F","F","F","F","F","F","F","F","","","","F","F","F","F","F","","","","",0,3,0,0,4,0,0,0,0,81,"PHI","PHI","PIT",1,"F","F",3,10,1,32,2,"T","F",0,0,"T","T","fribb101","wendl101","T","T",0,0,0,0,0,0,0,0,0,"","","",0,0,0,0,0,0,0,0,0,0,0,0,0,"rawlj101","F","F","F","F",0,0,0,0,0,0,0,0,0,0,F,F,"1925PHI.EVN.regular.event.csv",4586
"PHI192508310","PIT",9,1,2,0,0,"",10,3,"hawkc101","?","hawkc101","?","meadl101","?","meadl101","?","smite106","grang102","rawlj101","trayp101","wrigg102","barnc102","cuylk101","moore102","","","","S8","F","T",11,7,20,"T","T",1,"F","F",0,"F","F",0,"F","F",8,"","F","F","",0,0,"N",0,"N",0,"N",1,0,0,0,"","","","","F","F","F","F","F","F","F","F","F","","","","F","F","F","F","F","","","","fribb101",4,0,0,0,0,0,0,0,0,82,"PHI","PHI","PIT",1,"F","F",3,10,1,33,3,"T","F",0,1,"F","F","wendl101","betth101","T","T",0,0,0,0,0,0,0,0,0,"","","",0,0,0,0,0,0,0,0,0,0,0,0,0,"cuylk101","F","F","F","F",2,0,0,0,0,0,0,0,0,0,F,F,"1925PHI.EVN.regular.event.csv",4587
"PHI192508310","PIT",9,1,2,0,0,"",10,3,"wendl101","?","wendl101","?","meadl101","?","meadl101","?","smite106","grang102","rawlj101","trayp101","wrigg102","barnc102","cuylk101","moore102","hawkc101","","","DI.1-2","F","F",2,8,5,"F","F",0,"F","F",0,"F","F",0,"F","F",0,"","F","F","",0,0,"N",0,"N",0,"N",0,2,0,0,"","","","","F","F","F","F","F","F","F","F","F","meadl101","","","F","F","F","F","F","","","","",0,0,0,0,0,0,0,0,0,83,"PHI","PHI","PIT",1,"F","F",3,10,1,34,4,"T","F",1,2,"F","F","betth101","wrigr102","T","T",0,7,82,0,0,0,0,0,0,"smite106","","",0,0,0,0,0,0,0,0,0,0,0,0,0,"","F","F","F","F",0,2,0,0,0,0,0,0,0,0,F,F,"1925PHI.EVN.regular.event.csv",4588
"PHI192508310","PIT",9,1,2,0,0,"",10,3,"wendl101","?","wendl101","?","meadl101","?","meadl101","?","smite106","grang102","rawlj101","trayp101","wrigg102","barnc102","cuylk101","moore102","","hawkc101","","9/F/FL#","F","F",2,8,2,"T","T",0,"F","F",1,"F","F",0,"F","F",9,"F","F","T","",0,0,"N",0,"N",0,"N",0,0,2,0,"9","","","","F","F","F","F","F","F","F","F","F","","meadl101","","F","T","F","F","F","","","","",0,9,0,0,0,0,0,0,0,84,"PHI","PHI","PIT",1,"F","T",3,10,1,34,4,"F","F",2,2,"F","F","betth101","wrigr102","T","T",0,0,0,0,7,82,0,0,0,"","smite106","",0,0,0,0,0,0,0,0,0,0,0,0,0,"moore102","F","F","F","F",0,0,2,0,0,0,0,0,0,0,F,T,"1925PHI.EVN.regular.event.csv",4589
"PHI192509010","PIT",1,0,0,0,0,"",0,0,"moore102","?","moore102","?","carlh101","?","carlh101","?","wilsj105","fonsl101","fribb101","hubec101","sandh101","harpg101","leacf101","wrigr102","","","","63","T","F",9,1,2,"T","T",0,"F","F",1,"F","F",0,"F","F",6,"G","F","F","",0,0,"N",0,"N",0,"N",0,0,0,0,"63","","","","F","F","F","F","F","F","F","F","F","","","","T","F","F","F","F","","","","",0,3,0,0,6,0,0,0,0,1,"PHI","PIT","PHI",0,"T","F",0,0,0,0,0,"T","F",0,0,"T","T","rawlj101","cuylk101","T","T",0,0,0,0,0,0,0,0,0,"","","",0,0,0,0,0,0,0,0,0,0,0,0,0,"sandh101","F","F","F","F",0,0,0,0,0,0,0,0,0,0,F,F,"1925PHI.EVN.regular.event.csv",4590
"PHI192509010","PIT",1,0,1,0,0,"",0,0,"rawlj101","?","rawlj101","?","carlh101","?","carlh101","?","wilsj105","fonsl101","fribb101","hubec101","sandh101","harpg101","leacf101","wrigr102","","","","9/FL","F","F",4,2,2,"T","T",0,"F","F",1,"F","F",0,"F","F",9,"F","F","T","",0,0,"N",0,"N",0,"N",0,0,0,0,"9","","","","F","F","F","F","F","F","F","F","F","","","","F","F","F","F","F","","","","",0,9,0,0,0,0,0,0,0,2,"PHI","PIT","PHI",0,"F","F",0,0,0,1,1,"T","F",0,0,"T","T","cuylk101","barnc102","T","T",0,0,0,0,0,0,0,0,0,"","","",0,0,0,0,0,0,0,0,0,0,0,0,0,"wrigr102","F","F","F","F",0,0,0,0,0,0,0,0,0,0,F,F,"1925PHI.EVN.regular.event.csv",4591
"PHI192509010","PIT",1,0,2,0,0,"",0,0,"cuylk101","?","cuylk101","?","carlh101","?","carlh101","?","wilsj105","fonsl101","fribb101","hubec101","sandh101","harpg101","leacf101","wrigr102","","","","S4/G","F","F",8,3,20,"T","T",1,"F","F",0,"F","F",0,"F","F",4,"G","F","F","",0,0,"N",0,"N",0,"N",1,0,0,0,"","","","","F","F","F","F","F","F","F","F","F","","","","F","F","F","F","F","","","","",0,0,0,0,0,0,0,0,0,3,"PHI","PIT","PHI",0,"F","F",0,0,0,2,2,"T","F",0,1,"T","T","barnc102","trayp101","T","T",0,0,0,0,0,0,0,0,0,"","","",0,0,0,0,0,0,0,0,0,0,0,0,0,"fribb101","F","F","F","F",0,0,0,0,0,0,0,0,0,0,F,F,"1925PHI.EVN.regular.event.csv",4592
"PHI192509010","PIT",1,0,2,0,0,"",0,0,"barnc102","?","barnc102","?","carlh101","?","carlh101","?","wilsj105","fonsl101","fribb101","hubec101","sandh101","harpg101","leacf101","wrigr102","cuylk101","","","SB2","F","F",7,4,4,"F","F",0,"F","F",0,"F","F",0,"F","F",0,"","F","F","",0,0,"N",0,"N",0,"N",0,2,0,0,"","","","","T","F","F","F","F","F","F","F","F","carlh101","","","F","F","F","F","F","","","","",0,0,0,0,0,0,0,0,0,4,"PHI","PIT","PHI",0,"F","F",0,0,0,3,3,"T","F",1,2,"T","T","trayp101","wrigg102","T","T",8,3,3,0,0,0,0,0,0,"wilsj105","","",0,0,0,0,0,0,0,0,0,0,0,0,0,"","F","F","F","F",0,0,0,0,0,0,0,0,0,0,F,F,"1925PHI.EVN.regular.event.csv",4593
"PHI192509010","PIT",1,0,2,0,0,"",0,0,"barnc102","?","barnc102","?","carlh101","?","carlh101","?","wilsj105","fonsl101","fribb101","hubec101","sandh101","harpg101","leacf101","wrigr102","","cuylk101","","31","F","F",7,4,2,"T","T",0,"F","F",1,"F","F",0,"F","F",3,"G","F","F","",0,0,"N",0,"N",0,"N",0,0,2,0,"31","","","","F","F","F","F","F","F","F","F","F","","carlh101","","F","F","F","F","F","","","","",0,1,0,0,3,0,0,0,0,5,"PHI","PIT","PHI",0,"F","T",0,0,0,3,3,"F","F",2,2,"T","T","trayp101","wrigg102","T","T",0,0,0,8,3,3,0,0,0,"","wilsj105","",0,0,0,0,0,0,0,0,0,0,0,0,0,"fonsl101","F","F","F","F",0,0,0,0,0,0,0,0,0,0,F,F,"1925PHI.EVN.regular.event.csv",4594
"PHI192509010","PIT",1,1,0,0,0,"",0,0,"sandh101","?","sandh101","?","aldrv101","?","aldrv101","?","smite106","grang102","rawlj101","trayp101","wrigg102","barnc102","cuylk101","moore102","","","","K","T","F",6,1,3,"T","T",0,"F","F",1,"F","F",0,"F","F",0,"","F","F","",0,0,"N",0,"N",0,"N",0,0,0,0,"2","","","","F","F","F","F","F","F","F","F","F","","","","F","F","F","F","F","","","","",0,2,0,0,0,0,0,0,0,6,"PHI","PHI","PIT",1,"T","F",0,0,0,0,0,"T","F",0,0,"T","T","leacf101","wrigr102","T","T",0,0,0,0,0,0,0,0,0,"","","",0,0,0,0,0,0,0,0,0,0,0,0,0,"","F","F","F","F",0,0,0,0,1,0,0,0,0,0,F,F,"1925PHI.EVN.regular.event.csv",4595
"PHI192509010","PIT",1,1,1,0,0,"",0,0,"leacf101","?","leacf101","?","aldrv101","?","aldrv101","?","smite106","grang102","rawlj101","trayp101","wrigg102","barnc102","cuylk101","moore102","","","","6/P","F","F",8,2,2,"T","T",0,"F","F",1,"F","F",0,"F","F",6,"P","F","F","",0,0,"N",0,"N",0,"N",0,0,0,0,"6","","","","F","F","F","F","F","F","F","F","F","","","","F","F","F","F","F","","","","",0,6,0,0,0,0,0,0,0,7,"PHI","PHI","PIT",1,"F","F",0,0,0,1,1,"T","F",0,0,"T","T","wrigr102","harpg101","T","T",0,0,0,0,0,0,0,0,0,"","","",0,0,0,0,0,0,0,0,0,0,0,0,0,"wrigg102","F","F","F","F",0,0,0,0,1,0,0,0,0,0,F,F,"1925PHI.EVN.regular.event.csv",4596
"PHI192509010","PIT",1,1,2,0,0,"",0,0,"wrigr102","?","wrigr102","?","aldrv101","?","aldrv101","?","smite106","grang102","rawlj101","trayp101","wrigg102","barnc102","cuylk101","moore102","","","","HR/F9D","F","F",9,3,23,"T","T",4,"F","F",0,"F","F",1,"F","F",0,"F","F","F","9D",0,0,"N",0,"N",0,"N",4,0,0,0,"","","","","F","F","F","F","F","F","F","F","F","","","","F","F","F","F","F","","","","",0,0,0,0,0,0,0,0,0,8,"PHI","PHI","PIT",1,"F","F",0,0,0,2,2,"T","F",0,0,"T","T","harpg101","fonsl101","T","T",0,0,0,0,0,0,0,0,0,"","","",0,0,0,0,0,0,0,0,0,0,0,0,1,"","F","F","F","F",4,0,0,0,0,0,0,0,0,0,F,F,"1925PHI.EVN.regular.event.csv",4597
"PHI192509010","PIT",1,1,2,0,0,"",0,1,"harpg101","?","harpg101","?","aldrv101","?","aldrv101","?","smite106","grang102","rawlj101","trayp101","wrigg102","barnc102","cuylk101","moore102","","","","S8","F","F",7,4,20,"T","T",1,"F","F",0,"F","F",0,"F","F",8,"","F","F","",0,0,"N",0,"N",0,"N",1,0,0,0,"","","","","F","F","F","F","F","F","F","F","F","","","","F","F","F","F","F","","","","",0,0,0,0,0,0,0,0,0,9,"PHI","PHI","PIT",1,"F","F",1,0,1,3,3,"T","F",0,1,"T","T","fonsl101","hubec101","T","T",0,0,0,0,0,0,0,0,0,"","","",0,0,0,0,0,0,0,0,0,0,0,0,0,"cuylk101","F","F","F","F",0,0,0,0,0,0,0,0,0,0,F,F,"1925PHI.EVN.regular.event.csv",4598
"PHI192509010","PIT",1,1,2,0,0,"",0,1,"fonsl101","?","fonsl101","?","aldrv101","?","aldrv101","?","smite106","grang102","rawlj101","trayp101","wrigg102","barnc102","cuylk101","moore102","harpg101","","","HP.1-2","F","F",3,5,16,"T","F",0,"F","F",0,"F","F",0,"F","F",0,"","F","F","",0,0,"N",0,"N",0,"N",1,2,0,0,"","","","","F","F","F","F","F","F","F","F","F","aldrv101","","","F","F","F","F","F","","","","",0,0,0,0,0,0,0,0,0,10,"PHI","PHI","PIT",1,"F","F",1,0,1,4,4,"T","F",1,3,"T","T","hubec101","fribb101","T","T",7,4,9,0,0,0,0,0,0,"smite106","","",0,0,0,0,0,0,0,0,0,0,0,0,0,"","F","F","F","F",0,0,0,0,0,0,0,0,0,0,F,F,"1925PHI.EVN.regular.event.csv",4599
"PHI192509010","PIT",1,1,2,0,0,"",0,1,"hubec101","?","hubec101","?","aldrv101","?","aldrv101","?","smite106","grang102","rawlj101","trayp101","wrigg102","barnc102","cuylk101","moore102","fonsl101","harpg101","","CS3(25)","F","F",5,6,6,"F","F",0,"F","F",1,"F","F",0,"F","F",0,"","F","F","",0,0,"N",0,"N",0,"N",0,1,0,0,"","","25","","F","F","F","F","T","F","F","F","F","aldrv101","aldrv101","","F","F","F","F","F","","","","",0,5,0,0,2,0,0,0,0,11,"PHI","PHI","PIT",1,"F","T",1,0,1,5,5,"T","T",3,1,"T","T","fribb101","wilsj105","T","T",3,5,10,7,4,9,0,0,0,"smite106","smite106","",0,0,0,0,0,0,0,0,0,0,0,0,0,"","F","F","F","F",0,0,0,0,0,0,0,0,0,0,F,F,"1925PHI.EVN.regular.event.csv",4600
"PHI192509010","PIT",2,0,0,0,0,"",0,1,"trayp101","?","trayp101","?","carlh101","?","carlh101","?","wilsj105","fonsl101","fribb101","hubec101","sandh101","harpg101","leacf101","wrigr102","","","","S4/G","T","F",5,5,20,"T","T",1,"F","F",0,"F","F",0,"F","F",4,"G","F","F","",0,0,"N",0,"N",0,"N",1,0,0,0,"","","","","F","F","F","F","F","F","F","F","F","","","","F","F","F","F","F","","","","",0,0,0,0,0,0,0,0,0,12,"PHI","PIT","PHI",0,"T","F",0,1,0,4,0,"T","F",0,1,"T","T","wrigg102","grang102","T","T",0,0,0,0,0,0,0,0,0,"","","",0,0,0,0,0,0,0,0,0,0,0,0,0,"fribb101","F","F","F","F",4,0,0,0,3,0,0,0,0,0,F,F,"1925PHI.EVN.regular.event.csv",4601
"PHI192509010","PIT",2,0,0,0,0,"",0,1,"wrigg102","?","wrigg102","?","carlh101","?","carlh101","?","wilsj105","fonsl101","fribb101","hubec101","sandh101","harpg101","leacf101","wrigr102","trayp101","","","S8.1-2","F","F",6,6,20,"T","T",1,"F","F",0,"F","F",0,"F","F",8,"","F","F","",0,0,"N",0,"N",0,"N",1,2,0,0,"","","","","F","F","F","F","F","F","F","F","F","carlh101","","","F","F","F","F","F","","","","",0,0,0,0,0,0,0,0,0,13,"PHI","PIT","PHI",0,"F","F",0,1,0,5,1,"T","F",1,3,"T","T","grang102","smite106","T","T",5,5,12,0,0,0,0,0,0,"wilsj105","","",0,0,0,0,0,0,0,0,0,0,0,0,0,"leacf101","F","F","F","F",4,4,0,0,3,0,0,0,0,0,F,F,"1925PHI.EVN.regular.event.csv",4602
"PHI192509010","PIT",2,0,0,0,0,"",0,1,"grang102","?","grang102","?","carlh101","?","carlh101","?","wilsj105","fonsl101","fribb101","hubec101","sandh101","harpg101","leacf101","wrigr102","wrigg102","trayp101","","S5/G.2-H;1-3(THH);B-2(THH)","F","F",3,7,20,"T","T",1,"F","F",0,"F","F",1,"F","F",5,"G","F","F","",0,0,"N",0,"N",0,"N",2,3,4,0,"","","","","F","F","F","F","F","F","F","F","F","carlh101","carlh101","","F","F","F","F","F","","","","",0,0,0,0,0,0,0,0,0,14,"PHI","PIT","PHI",0,"F","F",0,1,0,6,2,"T","F",3,6,"T","T","smite106","aldrv101","T","T",6,6,13,5,5,12,0,0,0,"wilsj105","wilsj105","",0,0,0,0,0,0,0,0,0,0,0,0,1,"hubec101","F","F","F","F",4,4,4,0,2,0,0,0,0,0,F,F,"1925PHI.EVN.regular.event.csv",4603
"PHI192509010","PIT",2,0,0,0,0,"",1,1,"smite106","?","smite106","?","carlh101","?","carlh101","?","wilsj105","fonsl101","fribb101","hubec101","sandh101","harpg101","leacf101","wrigr102","","grang102","wrigg102","S7.3-H;2-H","F","F",2,8,20,"T","T",1,"F","F",0,"F","F",2,"F","F",7,"","F","F","",0,0,"N",0,"N",0,"N",1,0,4,4,"","","","","F","F","F","F","F","F","F","F","F","","carlh101","carlh101","F","F","F","F","F","","","","",0,0,0,0,0,0,0,0,0,15,"PHI","PIT","PHI",0,"F","F",1,1,1,7,3,"T","F",6,1,"T","T","aldrv101","moore102","T","T",0,0,0,3,7,14,6,6,13,"","wilsj105","wilsj105",0,0,0,0,0,0,0,0,0,0,0,0,2,"harpg101","F","F","F","F",0,0,4,4,0,0,0,0,0,0,F,F,"1925PHI.EVN.regular.event.csv",4604
"PHI192509010","PIT",2,0,0,0,0,"",3,1,"aldrv101","?","aldrv101","?","carlh101","?","carlh101","?","wilsj105","fonsl101","fribb101","hubec101","sandh101","harpg101","leacf101","wrigr102","smite106","","","PO1(13)","F","F",1,9,8,"F","F",0,"F","F",1,"F","F",0,"F","F",0,"","F","F","",0,0,"N",0,"N",0,"N",0,0,0,0,"","13","","","F","F","F","F","F","F","T","F","F","carlh101","","","F","F","F","F","F","","","","",0,3,0,0,1,0,0,0,0,16,"PHI","PIT","PHI",0,"F","F",3,1,3,8,4,"T","F",1,0,"T","T","moore102","rawlj101","T","T",2,8,15,0,0,0,0,0,0,"wilsj105","","",0,0,0,0,0,0,0,0,0,0,0,0,0,"","F","F","F","F",0,0,0,0,0,0,0,0,0,0,F,F,"1925PHI.EVN.regular.event.csv",4605
"PHI192509010","PIT",2,0,1,0,0,"",3,1,"aldrv101","?","aldrv101","?","carlh101","?","carlh101","?","wilsj105","fonsl101","fribb101","hubec101","sandh101","harpg101","leacf101","wrigr102","","","","43","F","F",1,9,2,"T","T",0,"F","F",1,"F","F",0,"F","F",4,"G","F","F","",0,0,"N",0,"N",0,"N",0,0,0,0,"43","","","","F","F","F","F","F","F","F","F","F","","","","F","F","F","F","F","","","","",0,3,0,0,4,0,0,0,0,17,"PHI","PIT","PHI",0,"F","F",3,1,3,8,4,"F","F",0,0,"T","T","moore102","rawlj101","T","T",0,0,0,0,0,0,0,0,0,"","","",0,0,0,0,0,0,0,0,0,0,0,0,0,"fribb101","F","F","F","F",0,0,0,0,0,0,0,0,0,0,F,F,"1925PHI.EVN.regular.event.csv",4606
"PHI192509010","PIT",2,0,2,0,0,"",3,1,"moore102","?","moore102","?","carlh101","?","carlh101","?","wilsj105","fonsl101","fribb101","hubec101","sandh101","harpg101","leacf101","wrigr102","","","","S7","F","F",9,1,20,"T","T",1,"F","F",0,"F","F",0,"F","F",7,"","F","F","",0,0,"N",0,"N",0,"N",1,0,0,0,"","","","","F","F","F","F","F","F","F","F","F","","","","F","F","F","F","F","","","","",0,0,0,0,0,0,0,0,0,18,"PHI","PIT","PHI",0,"F","F",3,1,3,9,5,"T","F",0,1,"T","T","rawlj101","cuylk101","T","T",0,0,0,0,0,0,0,0,0,"","","",0,0,0,0,0,0,0,0,0,0,0,0,0,"harpg101","F","F","F","F",0,0,0,0,0,0,0,0,0,0,F,F,"1925PHI.EVN.regular.event.csv",4607
"PHI192509010","PIT",2,0,2,0,0,"",3,1,"rawlj101","?","rawlj101","?","carlh101","?","carlh101","?","wilsj105","fonsl101","fribb101","hubec101","sandh101","harpg101","leacf101","wrigr102","moore102","","","K/C","F","F",4,2,3,"T","T",0,"F","F",1,"F","F",0,"F","F",0,"","F","F","",0,0,"N",0,"N",0,"N",0,1,0,0,"2","","","","F","F","F","F","F","F","F","F","F","carlh101","","","F","F","F","F","F","","","","",0,2,0,0,0,0,0,0,0,19,"PHI","PIT","PHI",0,"F","T",3,1,3,10,6,"T","F",1,1,"T","T","cuylk101","barnc102","T","T",9,1,18,0,0,0,0,0,0,"wilsj105","","",0,0,0,0,0,0,0,0,0,0,0,0,0,"","F","F","F","F",0,0,0,0,0,0,0,0,0,0,F,F,"1925PHI.EVN.regular.event.csv",4608
"PHI192509010","PIT",2,1,0,0,0,"",3,1,"hubec101","?","hubec101","?","aldrv101","?","aldrv101","?","smite106","grang102","rawlj101","trayp101","wrigg102","barnc102","cuylk101","moore102","","","","S/F8S","T","F",5,6,20,"T","T",1,"F","F",0,"F","F",0,"F","F",0,"F","F","F","8S",0,0,"N",0,"N",0,"N",1,0,0,0,"","","","","F","F","F","F","F","F","F","F","F","","","","F","F","F","F","F","","","","",0,0,0,0,0,0,0,0,0,20,"PHI","PHI","PIT",1,"T","F",1,3,0,5,0,"T","F",0,1,"T","T","fribb101","wilsj105","T","T",0,0,0,0,0,0,0,0,0,"","","",0,0,0,0,0,0,0,0,0,0,0,0,0,"","F","F","F","F",2,0,0,0,0,0,0,0,0,0,F,F,"1925PHI.EVN.regular.event.csv",4609
"PHI192509010","PIT",2,1,0,0,0,"",3,1,"fribb101","?","fribb101","?","aldrv101","?","aldrv101","?","smite106","grang102","rawlj101","trayp101","wrigg102","barnc102","cuylk101","moore102","hubec101","","","8/F","F","F",4,7,2,"T","T",0,"F","F",1,"F","F",0,"F","F",8,"F","F","F","",0,0,"N",0,"N",0,"N",0,1,0,0,"8","","","","F","F","F","F","F","F","F","F","F","aldrv101","","","F","F","F","F","F","","","","",0,8,0,0,0,0,0,0,0,21,"PHI","PHI","PIT",1,"F","F",1,3,0,6,1,"T","F",1,1,"T","T","wilsj105","carlh101","T","T",5,6,20,0,0,0,0,0,0,"smite106","","",0,0,0,0,0,0,0,0,0,0,0,0,0,"cuylk101","F","F","F","F",0,2,0,0,0,0,0,0,0,0,F,F,"1925PHI.EVN.regular.event.csv",4610
"PHI192509010","PIT",2,1,1,0,0,"",3,1,"wilsj105","?","wilsj105","?","aldrv101","?","aldrv101","?","smite106","grang102","rawlj101","trayp101","wrigg102","barnc102","cuylk101","moore102","hubec101","","","HP.1-2","F","F",2,8,16,"T","F",0,"F","F",0,"F","F",0,"F","F",0,"","F","F","",0,0,"N",0,"N",0,"N",1,2,0,0,"","","","","F","F","F","F","F","F","F","F","F","aldrv101","","","F","F","F","F","F","","","","",0,0,0,0,0,0,0,0,0,22,"PHI","PHI","PIT",1,"F","F",1,3,0,7,2,"T","F",1,3,"T","T","carlh101","sandh101","T","T",5,6,20,0,0,0,0,0,0,"smite106","","",0,0,0,0,0,0,0,0,0,0,0,0,0,"","F","F","F","F",1,2,0,0,0,0,0,0,0,0,F,F,"1925PHI.EVN.regular.event.csv",4611
"PHI192509010","PIT",2,1,1,0,0,"",3,1,"carlh101","?","carlh101","?","aldrv101","?","aldrv101","?","smite106","grang102","rawlj101","trayp101","wrigg102","barnc102","cuylk101","moore102","wilsj105","hubec101","","K","F","F",1,9,3,"T","T",0,"F","F",1,"F","F",0,"F","F",0,"","F","F","",0,0,"N",0,"N",0,"N",0,1,2,0,"2","","","","F","F","F","F","F","F","F","F","F","aldrv101","aldrv101","","F","F","F","F","F","","","","",0,2,0,0,0,0,0,0,0,23,"PHI","PHI","PIT",1,"F","F",1,3,0,8,3,"T","F",3,3,"T","T","sandh101","leacf101","T","T",2,8,22,5,6,20,0,0,0,"smite106","smite106","",0,0,0,0,0,0,0,0,0,0,0,0,0,"","F","F","F","F",0,1,2,0,0,0,0,0,0,0,F,F,"1925PHI.EVN.regular.event.csv",4612
"PHI192509010","PIT",2,1,2,0,0,"",3,1,"sandh101","?","sandh101","?","aldrv101","?","aldrv101","?","smite106","grang102","rawlj101","trayp101","wrigg102","barnc102","cuylk101","moore102","wilsj105","hubec101","","5/FL","F","F",6,1,2,"T","T",0,"F","F",1,"F","F",0,"F","F",5,"F","F","T","",0,0,"N",0,"N",0,"N",0,1,2,0,"5","","","","F","F","F","F","F","F","F","F","F","aldrv101","aldrv101","","F","F","F","F","F","","","","",0,5,0,0,0,0,0,0,0,24,"PHI","PHI","PIT",1,"F","T",1,3,0,9,4,"T","F",3,3,"T","T","leacf101","wrigr102","T","T",2,8,22,5,6,20,0,0,0,"smite106","smite106","",0,0,0,0,0,0,0,0,0,0,0,0,0,"trayp101","F","F","F","F",0,1,2,0,0,0,0,0,0,0,F,F,"1925PHI.EVN.regular.event.csv",4613
"PHI192509010","PIT",3,0,0,0,0,"",3,1,"cuylk101","?","cuylk101","?","carlh101","?","carlh101","?","wilsj105","hawkc101","fribb101","hubec101","sandh101","harpg101","leacf101","wrigr102","","","","K","T","F",8,3,3,"T","T",0,"F","F",1,"F","F",0,"F","F",0,"","F","F","",0,0,"N",0,"N",0,"N",0,0,0,0,"2","","","","F","F","F","F","F","F","F","F","F","","","","F","F","F","F","F","","","","",0,2,0,0,0,0,0,0,0,25,"PHI","PIT","PHI",0,"T","F",3,1,0,11,0,"T","F",0,0,"T","T","barnc102","trayp101","T","T",0,0,0,0,0,0,0,0,0,"","","",0,0,0,0,0,0,0,0,0,0,0,0,0,"","F","F","F","F",0,0,0,0,0,0,0,0,0,0,F,F,"1925PHI.EVN.regular.event.csv",4614
"PHI192509010","PIT",3,0,1,0,0,"",3,1,"barnc102","?","barnc102","?","carlh101","?","carlh101","?","wilsj105","hawkc101","fribb101","hubec101","sandh101","harpg101","leacf101","wrigr102","","","","9/F","F","F",7,4,2,"T","T",0,"F","F",1,"F","F",0,"F","F",9,"F","F","F","",0,0,"N",0,"N",0,"N",0,0,0,0,"9","","","","F","F","F","F","F","F","F","F","F","","","","F","F","F","F","F","","","","",0,9,0,0,0,0,0,0,0,26,"PHI","PIT","PHI",0,"F","F",3,1,0,12,1,"T","F",0,0,"T","T","trayp101","wrigg102","T","T",0,0,0,0,0,0,0,0,0,"","","",0,0,0,0,0,0,0,0,0,0,0,0,0,"wrigr102","F","F","F","F",0,0,0,0,0,0,0,0,0,0,F,F,"1925PHI.EVN.regular.event.csv",4615
"PHI192509010","PIT",3,0,2,0,0,"",3,1,"trayp101","?","trayp101","?","carlh101","?","carlh101","?","wilsj105","hawkc101","fribb101","hubec101","sandh101","harpg101","leacf101","wrigr102","","","","S/G","F","F",5,5,20,"T","T",1,"F","F",0,"F","F",0,"F","F",0,"G","F","F","",0,0,"N",0,"N",0,"N",1,0,0,0,"","","","","F","F","F","F","F","F","F","F","F","","","","F","F","F","F","F","","","","",0,0,0,0,0,0,0,0,0,27,"PHI","PIT","PHI",0,"F","F",3,1,0,13,2,"T","F",0,1,"T","T","wrigg102","grang102","T","T",0,0,0,0,0,0,0,0,0,"","","",0,0,0,0,0,0,0,0,0,0,0,0,0,"","F","F","F","F",0,0,0,0,0,0,0,0,0,0,F,F,"1925PHI.EVN.regular.event.csv",4616
"PHI192509010","PIT",3,0,2,0,0,"",3,1,"wrigg102","?","wrigg102","?","carlh101","?","carlh101","?","wilsj105","hawkc101","fribb101","hubec101","sandh101","harpg101","leacf101","wrigr102","trayp101","","","54(1)/FO","F","F",6,6,2,"T","T",0,"F","F",1,"F","F",0,"F","F",5,"G","F","F","",0,0,"N",0,"N",0,"N",1,0,0,0,"","54","","","F","F","F","F","F","F","F","F","F","carlh101","","","F","F","F","F","F","","","","",0,4,0,0,5,0,0,0,0,28,"PHI","PIT","PHI",0,"F","T",3,1,0,14,3,"T","F",1,1,"T","T","grang102","smite106","T","T",5,5,27,0,0,0,0,0,0,"wilsj105","","",0,0,0,0,0,0,0,0,0,0,0,0,0,"hubec101","T","F","F","F",0,0,0,0,0,0,0,0,0,0,F,F,"1925PHI.EVN.regular.event.csv",4617
"PHI192509010","PIT",3,1,0,0,0,"",3,1,"leacf101","?","leacf101","?","aldrv101","?","aldrv101","?","smite106","grang102","rawlj101","trayp101","wrigg102","barnc102","cuylk101","moore102","","","","K","T","F",8,2,3,"T","T",0,"F","F",1,"F","F",0,"F","F",0,"","F","F","",0,0,"N",0,"N",0,"N",0,0,0,0,"2","","","","F","F","F","F","F","F","F","F","F","","","","F","F","F","F","F","","","","",0,2,0,0,0,0,0,0,0,29,"PHI","PHI","PIT",1,"T","F",1,3,0,10,0,"T","F",0,0,"T","T","wrigr102","harpg101","T","T",0,0,0,0,0,0,0,0,0,"","","",0,0,0,0,0,0,0,0,0,0,0,0,0,"","F","F","F","F",0,0,0,0,0,0,0,0,0,0,F,F,"1925PHI.EVN.regular.event.csv",4618
"PHI192509010","PIT",3,1,1,0,0,"",3,1,"wrigr102","?","wrigr102","?","aldrv101","?","aldrv101","?","smite106","grang102","rawlj101","trayp101","wrigg102","barnc102","cuylk101","moore102","","","","W","F","F",9,3,14,"T","F",0,"F","F",0,"F","F",0,"F","F",0,"","F","F","",0,0,"N",0,"N",0,"N",1,0,0,0,"","","","","F","F","F","F","F","F","F","F","F","","","","F","F","F","F","F","","","","",0,0,0,0,0,0,0,0,0,30,"PHI","PHI","PIT",1,"F","F",1,3,0,11,1,"T","F",0,1,"T","T","harpg101","hawkc101","T","T",0,0,0,0,0,0,0,0,0,"","","",0,0,0,0,0,0,0,0,0,0,0,0,0,"","F","F","F","F",0,0,0,0,0,0,0,0,0,0,F,F,"1925PHI.EVN.regular.event.csv",4619
"PHI192509010","PIT",3,1,1,0,0,"",3,1,"harpg101","?","harpg101","?","aldrv101","?","aldrv101","?","smite106","grang102","rawlj101","trayp101","wrigg102","barnc102","cuylk101","moore102","wrigr102","","","2/FL","F","F",7,4,2,"T","T",0,"F","F",1,"F","F",0,"F","F",2,"F","F","T","",0,0,"N",0,"N",0,"N",0,1,0,0,"2","","","","F","F","F","F","F","F","F","F","F","aldrv101","","","F","F","F","F","F","","","","",0,2,0,0,0,0,0,0,0,31,"PHI","PHI","PIT",1,"F","F",1,3,0,12,2,"T","F",1,1,"T","T","hawkc101","hubec101","T","T",9,3,30,0,0,0,0,0,0,"smite106","","",0,0,0,0,0,0,0,0,0,0,0,0,0,"smite106","F","F","F","F",0,0,0,0,0,0,0,0,0,0,F,F,"1925PHI.EVN.regular.event.csv",4620
"PHI192509010","PIT",3,1,2,0,0,"",3,1,"hawkc101","?","hawkc101","?","aldrv101","?","aldrv101","?","smite106","grang102","rawlj101","trayp101","wrigg102","barnc102","cuylk101","moore102","wrigr102","","","9/L","F","F",3,5,2,"T","T",0,"F","F",1,"F","F",0,"F","F",9,"L","F","F","",0,0,"N",0,"N",0,"N",0,1,0,0,"9","","","","F","F","F","F","F","F","F","F","F","aldrv101","","","F","F","F","F","F","","","","",0,9,0,0,0,0,0,0,0,32,"PHI","PHI","PIT",1,"F","T",1,3,0,13,3,"T","F",1,1,"F","F","hubec101","fribb101","T","T",9,3,30,0,0,0,0,0,0,"smite106","","",0,0,0,0,0,0,0,0,0,0,0,0,0,"moore102","F","F","F","F",0,0,0,0,0,0,0,0,0,0,F,F,"1925PHI.EVN.regular.event.csv",4621
"PHI192509010","PIT",4,0,0,0,0,"",3,1,"grang102","?","grang102","?","carlh101","?","carlh101","?","wilsj105","hawkc101","fribb101","hubec101","sandh101","harpg101","leacf101","wrigr102","","","","3/G","T","F",3,7,2,"T","T",0,"F","F",1,"F","F",0,"F","F",3,"G","F","F","",0,0,"N",0,"N",0,"N",0,0,0,0,"3","","","","F","F","F","F","F","F","F","F","F","","","","F","F","F","F","F","","","","",0,3,0,0,0,0,0,0,0,33,"PHI","PIT","PHI",0,"T","F",3,1,0,15,0,"T","F",0,0,"T","T","smite106","aldrv101","T","T",0,0,0,0,0,0,0,0,0,"","","",0,0,0,0,0,0,0,0,0,0,0,0,0,"hawkc101","F","F","F","F",0,0,0,0,1,0,0,0,0,0,F,F,"1925PHI.EVN.regular.event.csv",4622
"PHI192509010","PIT",4,0,1,0,0,"",3,1,"smite106","?","smite106","?","carlh101","?","carlh101","?","wilsj105","hawkc101","fribb101","hubec101","sandh101","harpg101","leacf101","wrigr102","","","","43","F","F",2,8,2,"T","T",0,"F","F",1,"F","F",0,"F","F",4,"G","F","F","",0,0,"N",0,"N",0,"N",0,0,0,0,"43","","","","F","F","F","F","F","F","F","F","F","","","","F","F","F","F","F","","","","",0,3,0,0,4,0,0,0,0,34,"PHI","PIT","PHI",0,"F","F",3,1,0,16,1,"T","F",0,0,"T","T","aldrv101","moore102","T","T",0,0,0,0,0,0,0,0,0,"","","",0,0,0,0,0,0,0,0,0,0,0,0,0,"fribb101","F","F","F","F",0,0,0,0,1,0,0,0,0,0,F,F,"1925PHI.EVN.regular.event.csv",4623
"PHI192509010","PIT",4,0,2,0,0,"",3,1,"aldrv101","?","aldrv101","?","carlh101","?","carlh101","?","wilsj105","hawkc101","fribb101","hubec101","sandh101","harpg101","leacf101","wrigr102","","","","HR/7","F","F",1,9,23,"T","T",4,"F","F",0,"F","F",1,"F","F",0,"","F","F","7",0,0,"N",0,"N",0,"N",4,0,0,0,"","","","","F","F","F","F","F","F","F","F","F","","","","F","F","F","F","F","","","","",0,0,0,0,0,0,0,0,0,35,"PHI","PIT","PHI",0,"F","F",3,1,0,17,2,"T","F",0,0,"T","T","moore102","rawlj101","T","T",0,0,0,0,0,0,0,0,0,"","","",0,0,0,0,0,0,0,0,0,0,0,0,1,"","F","F","F","F",4,0,0,0,0,0,0,0,0,0,F,F,"1925PHI.EVN.regular.event.csv",4624
"PHI192509010","PIT",4,0,2,0,0,"",4,1,"moore102","?","moore102","?","carlh101","?","carlh101","?","wilsj105","hawkc101","fribb101","hubec101","sandh101","harpg101","leacf101","wrigr102","","","","7/F","F","F",9,1,2,"T","T",0,"F","F",1,"F","F",0,"F","F",7,"F","F","F","",0,0,"N",0,"N",0,"N",0,0,0,0,"7","","","","F","F","F","F","F","F","F","F","F","","","","F","F","F","F","F","","","","",0,7,0,0,0,0,0,0,0,36,"PHI","PIT","PHI",0,"F","T",4,1,1,18,3,"T","F",0,0,"T","T","rawlj101","cuylk101","T","T",0,0,0,0,0,0,0,0,0,"","","",0,0,0,0,0,0,0,0,0,0,0,0,0,"harpg101","F","F","F","F",0,0,0,0,0,0,0,0,0,0,F,F,"1925PHI.EVN.regular.event.csv",4625
"PHI192509010","PIT",4,1,0,0,0,"",4,1,"hubec101","?","hubec101","?","aldrv101","?","aldrv101","?","smite106","grang102","rawlj101","trayp101","wrigg102","barnc102","cuylk101","moore102","","","","S9","T","F",5,6,20,"T","T",1,"F","F",0,"F","F",0,"F","F",9,"","F","F","",0,0,"N",0,"N",0,"N",1,0,0,0,"","","","","F","F","F","F","F","F","F","F","F","","","","F","F","F","F","F","","","","",0,0,0,0,0,0,0,0,0,37,"PHI","PHI","PIT",1,"T","F",1,4,0,14,0,"T","F",0,1,"T","T","fribb101","wilsj105","T","T",0,0,0,0,0,0,0,0,0,"","","",0,0,0,0,0,0,0,0,0,0,0,0,0,"moore102","F","F","F","F",0,0,0,0,0,0,0,0,0,0,F,F,"1925PHI.EVN.regular.event.csv",4626
"PHI192509010","PIT",4,1,0,0,0,"",4,1,"fribb101","?","fribb101","?","aldrv101","?","aldrv101","?","smite106","grang102","rawlj101","trayp101","wrigg102","barnc102","cuylk101","moore102","hubec101","","","3/P","F","F",4,7,2,"T","T",0,"F","F",1,"F","F",0,"F","F",3,"P","F","F","",0,0,"N",0,"N",0,"N",0,1,0,0,"3","","","","F","F","F","F","F","F","F","F","F","aldrv101","","","F","F","F","F","F","","","","",0,3,0,0,0,0,0,0,0,38,"PHI","PHI","PIT",1,"F","F",1,4,0,15,1,"T","F",1,1,"T","T","wilsj105","carlh101","T","T",5,6,37,0,0,0,0,0,0,"smite106","","",0,0,0,0,0,0,0,0,0,0,0,0,0,"grang102","F","F","F","F",0,0,0,0,0,0,0,0,0,0,F,F,"1925PHI.EVN.regular.event.csv",4627
"PHI192509010","PIT",4,1,1,0,0,"",4,1,"wilsj105","?","wilsj105","?","aldrv101","?","aldrv101","?","smite106","grang102","rawlj101","trayp101","wrigg102","barnc102","cuylk101","moore102","hubec101","","","8/F","F","F",2,8,2,"T","T",0,"F","F",1,"F","F",0,"F","F",8,"F","F","F","",0,0,"N",0,"N",0,"N",0,1,0,0,"8","","","","F","F","F","F","F","F","F","F","F","aldrv101","","","F","F","F","F","F","","","","",0,8,0,0,0,0,0,0,0,39,"PHI","PHI","PIT",1,"F","F",1,4,0,16,2,"T","F",1,1,"T","T","carlh101","sandh101","T","T",5,6,37,0,0,0,0,0,0,"smite106","","",0,0,0,0,0,0,0,0,0,0,0,0,0,"cuylk101","F","F","F","F",0,0,0,0,0,0,0,0,0,0,F,F,"1925PHI.EVN.regular.event.csv",4628
"PHI192509010","PIT",4,1,2,0,0,"",4,1,"carlh101","?","carlh101","?","aldrv101","?","aldrv101","?","smite106","grang102","rawlj101","trayp101","wrigg102","barnc102","cuylk101","moore102","hubec101","","","8/F8XD","F","F",1,9,2,"T","T",0,"F","F",1,"F","F",0,"F","F",8,"F","F","F","8XD",0,0,"N",0,"N",0,"N",0,1,0,0,"8","","","","F","F","F","F","F","F","F","F","F","aldrv101","","","F","F","F","F","F","","","","",0,8,0,0,0,0,0,0,0,40,"PHI","PHI","PIT",1,"F","T",1,4,0,17,3,"T","F",1,1,"T","T","sandh101","leacf101","T","T",5,6,37,0,0,0,0,0,0,"smite106","","",0,0,0,0,0,0,0,0,0,0,0,0,0,"cuylk101","F","F","F","F",0,0,0,0,0,0,0,0,0,0,F,F,"1925PHI.EVN.regular.event.csv",4629
"PHI192509010","PIT",5,0,0,0,0,"",4,1,"rawlj101","?","rawlj101","?","carlh101","?","carlh101","?","wilsj105","hawkc101","fribb101","hubec101","sandh101","harpg101","leacf101","wrigr102","","","","HP","T","F",4,2,16,"T","F",0,"F","F",0,"F","F",0,"F","F",0,"","F","F","",0,0,"N",0,"N",0,"N",1,0,0,0,"","","","","F","F","F","F","F","F","F","F","F","","","","F","F","F","F","F","","","","",0,0,0,0,0,0,0,0,0,41,"PHI","PIT","PHI",0,"T","F",4,1,0,19,0,"T","F",0,1,"T","T","cuylk101","barnc102","T","T",0,0,0,0,0,0,0,0,0,"","","",0,0,0,0,0,0,0,0,0,0,0,0,0,"","F","F","F","F",0,0,0,0,0,0,0,0,0,0,F,F,"1925PHI.EVN.regular.event.csv",4630
"PHI192509010","PIT",5,0,0,0,0,"",4,1,"cuylk101","?","cuylk101","?","carlh101","?","carlh101","?","wilsj105","hawkc101","fribb101","hubec101","sandh101","harpg101","leacf101","wrigr102","rawlj101","","","64(1)/FO","F","F",8,3,2,"T","T",0,"F","F",1,"F","F",0,"F","F",6,"G","F","F","",0,0,"N",0,"N",0,"N",1,0,0,0,"","64","","","F","F","F","F","F","F","F","F","F","carlh101","","","F","F","F","F","F","","","","",0,4,0,0,6,0,0,0,0,42,"PHI","PIT","PHI",0,"F","F",4,1,0,20,1,"T","F",1,1,"T","T","barnc102","trayp101","T","T",4,2,41,0,0,0,0,0,0,"wilsj105","","",0,0,0,0,0,0,0,0,0,0,0,0,0,"sandh101","T","F","F","F",0,0,0,0,0,0,0,0,0,0,F,F,"1925PHI.EVN.regular.event.csv",4631
"PHI192509010","PIT",5,0,1,0,0,"",4,1,"barnc102","?","barnc102","?","carlh101","?","carlh101","?","wilsj105","hawkc101","fribb101","hubec101","sandh101","harpg101","leacf101","wrigr102","cuylk101","","","54(1)/FO","F","F",7,4,2,"T","T",0,"F","F",1,"F","F",0,"F","F",5,"G","F","F","",0,0,"N",0,"N",0,"N",1,0,0,0,"","54","","","F","F","F","F","F","F","F","F","F","carlh101","","","F","F","F","F","F","","","","",0,4,0,0,5,0,0,0,0,43,"PHI","PIT","PHI",0,"F","F",4,1,0,21,2,"T","F",1,1,"T","T","trayp101","wrigg102","T","T",8,3,42,0,0,0,0,0,0,"wilsj105","","",0,0,0,0,0,0,0,0,0,0,0,0,0,"hubec101","T","F","F","F",0,0,0,0,0,0,0,0,0,0,F,F,"1925PHI.EVN.regular.event.csv",4632
"PHI192509010","PIT",5,0,2,0,0,"",4,1,"trayp101","?","trayp101","?","carlh101","?","carlh101","?","wilsj105","hawkc101","fribb101","hubec101","sandh101","harpg101","leacf101","wrigr102","barnc102","","","64(1)/FO","F","F",5,5,2,"T","T",0,"F","F",1,"F","F",0,"F","F",6,"G","F","F","",0,0,"N",0,"N",0,"N",1,0,0,0,"","64","","","F","F","F","F","F","F","F","F","F","carlh101","","","F","F","F","F","F","","","","",0,4,0,0,6,0,0,0,0,44,"PHI","PIT","PHI",0,"F","T",4,1,0,22,3,"T","F",1,1,"T","T","wrigg102","grang102","T","T",7,4,43,0,0,0,0,0,0,"wilsj105","","",0,0,0,0,0,0,0,0,0,0,0,0,0,"sandh101","T","F","F","F",0,0,0,0,0,0,0,0,0,0,F,F,"1925PHI.EVN.regular.event.csv",4633
"PHI192509010","PIT",5,1,0,0,0,"",4,1,"sandh101","?","sandh101","?","aldrv101","?","aldrv101","?","smite106","grang102","rawlj101","trayp101","wrigg102","barnc102","cuylk101","moore102","","","","K","T","F",6,1,3,"T","T",0,"F","F",1,"F","F",0,"F","F",0,"","F","F","",0,0,"N",0,"N",0,"N",0,0,0,0,"2","","","","F","F","F","F","F","F","F","F","F","","","","F","F","F","F","F","","","","",0,2,0,0,0,0,0,0,0,45,"PHI","PHI","PIT",1,"T","F",1,4,0,18,0,"T","F",0,0,"T","T","leacf101","wrigr102","T","T",0,0,0,0,0,0,0,0,0,"","","",0,0,0,0,0,0,0,0,0,0,0,0,0,"","F","F","F","F",0,0,0,0,0,0,0,0,0,0,F,F,"1925PHI.EVN.regular.event.csv",4634
"PHI192509010","PIT",5,1,1,0,0,"",4,1,"leacf101","?","leacf101","?","aldrv101","?","aldrv101","?","smite106","grang102","rawlj101","trayp101","wrigg102","barnc102","cuylk101","moore102","","","","K","F","F",8,2,3,"T","T",0,"F","F",1,"F","F",0,"F","F",0,"","F","F","",0,0,"N",0,"N",0,"N",0,0,0,0,"2","","","","F","F","F","F","F","F","F","F","F","","","","F","F","F","F","F","","","","",0,2,0,0,0,0,0,0,0,46,"PHI","PHI","PIT",1,"F","F",1,4,0,19,1,"T","F",0,0,"T","T","wrigr102","harpg101","T","T",0,0,0,0,0,0,0,0,0,"","","",0,0,0,0,0,0,0,0,0,0,0,0,0,"","F","F","F","F",0,0,0,0,0,0,0,0,0,0,F,F,"1925PHI.EVN.regular.event.csv",4635
"PHI192509010","PIT",5,1,2,0,0,"",4,1,"wrigr102","?","wrigr102","?","aldrv101","?","aldrv101","?","smite106","grang102","rawlj101","trayp101","wrigg102","barnc102","cuylk101","moore102","","","","6/P56D","F","F",9,3,2,"T","T",0,"F","F",1,"F","F",0,"F","F",6,"P","F","F","56D",0,0,"N",0,"N",0,"N",0,0,0,0,"6","","","","F","F","F","F","F","F","F","F","F","","","","F","F","F","F","F","","","","",0,6,0,0,0,0,0,0,0,47,"PHI","PHI","PIT",1,"F","T",1,4,0,20,2,"T","F",0,0,"T","T","harpg101","hawkc101","T","T",0,0,0,0,0,0,0,0,0,"","","",0,0,0,0,0,0,0,0,0,0,0,0,0,"wrigg102","F","F","F","F",0,0,0,0,0,0,0,0,0,0,F,F,"1925PHI.EVN.regular.event.csv",4636
"PHI192509010","PIT",6,0,0,0,0,"",4,1,"wrigg102","?","wrigg102","?","carlh101","?","carlh101","?","wilsj105","hawkc101","fribb101","hubec101","sandh101","harpg101","leacf101","wrigr102","","","","E6/TH1","T","F",6,6,18,"T","T",0,"F","F",0,"F","F",0,"F","F",6,"G","F","F","",1,6,"T",0,"N",0,"N",1,0,0,0,"","","","","F","F","F","F","F","F","F","F","F","","","","F","F","F","F","F","","","","",0,0,0,0,0,0,0,0,0,48,"PHI","PIT","PHI",0,"T","F",4,1,0,23,0,"T","F",0,1,"T","T","grang102","smite106","T","T",0,0,0,0,0,0,0,0,0,"","","",0,0,0,0,0,0,0,0,0,0,0,0,0,"sandh101","F","F","F","T",5,0,0,0,1,0,0,0,0,0,F,F,"1925PHI.EVN.regular.event.csv",4637
"PHI192509010","PIT",6,0,0,0,0,"",4,1,"grang102","?","grang102","?","carlh101","?","carlh101","?","wilsj105","hawkc101","fribb101","hubec101","sandh101","harpg101","leacf101","wrigr102","wrigg102","","","8/F8XD.1-2","F","F",3,7,2,"T","T",0,"F","F",1,"F","F",0,"F","F",8,"F","F","F","8XD",0,0,"N",0,"N",0,"N",0,2,0,0,"8","","","","F","F","F","F","F","F","F","F","F","carlh101","","","F","F","F","F","F","","","","",0,8,0,0,0,0,0,0,0,49,"PHI","PIT","PHI",0,"F","F",4,1,0,24,1,"T","F",1,2,"T","T","smite106","aldrv101","T","T",6,6,48,0,0,0,0,0,0,"wilsj105","","",0,0,0,0,0,0,0,0,0,0,0,0,0,"leacf101","F","F","F","F",0,5,0,0,1,0,0,0,0,0,F,F,"1925PHI.EVN.regular.event.csv",4638
"PHI192509010","PIT",6,0,1,0,0,"",4,1,"smite106","?","smite106","?","carlh101","?","carlh101","?","wilsj105","hawkc101","fribb101","hubec101","sandh101","harpg101","leacf101","wrigr102","","wrigg102","","S8.2-H(UR);B-2(E8)","F","F",2,8,20,"T","T",1,"F","F",0,"F","F",1,"F","F",8,"","F","F","",1,8,"F",0,"N",0,"N",2,0,5,0,"","","","","F","F","F","F","F","F","F","F","F","","carlh101","","F","F","F","F","F","","","","",0,0,0,0,0,0,0,0,0,50,"PHI","PIT","PHI",0,"F","F",4,1,0,25,2,"T","F",2,2,"T","T","aldrv101","moore102","T","T",0,0,0,6,6,48,0,0,0,"","wilsj105","",0,0,0,0,0,0,0,0,0,0,0,0,1,"leacf101","F","F","F","F",0,0,5,0,0,0,0,0,0,0,F,F,"1925PHI.EVN.regular.event.csv",4639
"PHI192509010","PIT",6,0,1,0,0,"",5,1,"aldrv101","?","aldrv101","?","carlh101","?","carlh101","?","wilsj105","hawkc101","fribb101","hubec101","sandh101","harpg101","leacf101","wrigr102","","smite106","","S5/G.2-3","F","F",1,9,20,"T","T",1,"F","F",0,"F","F",0,"F","F",5,"G","F","F","",0,0,"N",0,"N",0,"N",1,0,3,0,"","","","","F","F","F","F","F","F","F","F","F","","carlh101","","F","F","F","F","F","","","","",0,0,0,0,0,0,0,0,0,51,"PHI","PIT","PHI",0,"F","F",5,1,1,26,3,"T","F",2,5,"T","T","moore102","rawlj101","T","T",0,0,0,2,8,50,0,0,0,"","wilsj105","",0,0,0,0,0,0,0,0,0,0,0,0,0,"hubec101","F","F","F","F",0,0,0,0,0,0,0,0,0,0,F,F,"1925PHI.EVN.regular.event.csv",4640
"PHI192509010","PIT",6,0,1,0,0,"",5,1,"moore102","?","moore102","?","carlh101","?","carlh101","?","wilsj105","hawkc101","fribb101","hubec101","sandh101","harpg101","leacf101","wrigr102","aldrv101","","smite106","6/L","F","F",9,1,2,"T","T",0,"F","F",1,"F","F",0,"F","F",6,"L","F","F","",0,0,"N",0,"N",0,"N",0,1,0,3,"6","","","","F","F","F","F","F","F","F","F","F","carlh101","","carlh101","F","F","F","F","F","","","","",0,6,0,0,0,0,0,0,0,52,"PHI","PIT","PHI",0,"F","F",5,1,1,27,4,"T","F",5,5,"T","T","rawlj101","cuylk101","T","T",1,9,51,0,0,0,2,8,50,"wilsj105","","wilsj105",0,0,0,0,0,0,0,0,0,0,0,0,0,"sandh101","F","F","F","F",0,0,0,0,0,0,0,0,0,0,F,F,"1925PHI.EVN.regular.event.csv",4641
"PHI192509010","PIT",6,0,2,0,0,"",5,1,"rawlj101","?","rawlj101","?","carlh101","?","carlh101","?","wilsj105","hawkc101","fribb101","hubec101","sandh101","harpg101","leacf101","wrigr102","aldrv101","","smite106","53","F","F",4,2,2,"T","T",0,"F","F",1,"F","F",0,"F","F",5,"G","F","F","",0,0,"N",0,"N",0,"N",0,1,0,3,"53","","","","F","F","F","F","F","F","F","F","F","carlh101","","carlh101","F","F","F","F","F","","","","",0,3,0,0,5,0,0,0,0,53,"PHI","PIT","PHI",0,"F","T",5,1,1,28,5,"T","F",5,5,"T","T","cuylk101","barnc102","T","T",1,9,51,0,0,0,2,8,50,"wilsj105","","wilsj105",0,0,0,0,0,0,0,0,0,0,0,0,0,"hubec101","F","F","F","F",0,0,0,0,0,0,0,0,0,0,F,F,"1925PHI.EVN.regular.event.csv",4642
"PHI192509010","PIT",6,1,0,0,0,"",5,1,"harpg101","?","harpg101","?","aldrv101","?","aldrv101","?","smite106","grang102","rawlj101","trayp101","wrigg102","barnc102","cuylk101","moore102","","","","5/P","T","F",7,4,2,"T","T",0,"F","F",1,"F","F",0,"F","F",5,"P","F","F","",0,0,"N",0,"N",0,"N",0,0,0,0,"5","","","","F","F","F","F","F","F","F","F","F","","","","F","F","F","F","F","","","","",0,5,0,0,0,0,0,0,0,54,"PHI","PHI","PIT",1,"T","F",1,5,0,21,0,"T","F",0,0,"T","T","hawkc101","hubec101","T","T",0,0,0,0,0,0,0,0,0,"","","",0,0,0,0,0,0,0,0,0,0,0,0,0,"trayp101","F","F","F","F",0,0,0,0,0,0,0,0,0,0,F,F,"1925PHI.EVN.regular.event.csv",4643
"PHI192509010","PIT",6,1,1,0,0,"",5,1,"hawkc101","?","hawkc101","?","aldrv101","?","aldrv101","?","smite106","grang102","rawlj101","trayp101","wrigg102","barnc102","cuylk101","moore102","","","","D9","F","F",3,5,21,"T","T",2,"F","F",0,"F","F",0,"F","F",9,"","F","F","",0,0,"N",0,"N",0,"N",2,0,0,0,"","","","","F","F","F","F","F","F","F","F","F","","","","F","F","F","F","F","","","","",0,0,0,0,0,0,0,0,0,55,"PHI","PHI","PIT",1,"F","F",1,5,0,22,1,"T","F",0,2,"F","F","hubec101","fribb101","T","T",0,0,0,0,0,0,0,0,0,"","","",0,0,0,0,0,0,0,0,0,0,0,0,0,"moore102","F","F","F","F",2,0,0,0,0,0,0,0,0,0,F,F,"1925PHI.EVN.regular.event.csv",4644
"PHI192509010","PIT",6,1,1,0,0,"",5,1,"hubec101","?","hubec101","?","aldrv101","?","aldrv101","?","smite106","grang102","rawlj101","trayp101","wrigg102","barnc102","cuylk101","moore102","","hawkc101","","K/C","F","F",5,6,3,"T","T",0,"F","F",1,"F","F",0,"F","F",0,"","F","F","",0,0,"N",0,"N",0,"N",0,0,2,0,"2","","","","F","F","F","F","F","F","F","F","F","","aldrv101","","F","F","F","F","F","","","","",0,2,0,0,0,0,0,0,0,56,"PHI","PHI","PIT",1,"F","F",1,5,0,23,2,"T","F",2,2,"T","T","fribb101","wilsj105","T","T",0,0,0,3,5,55,0,0,0,"","smite106","",0,0,0,0,0,0,0,0,0,0,0,0,0,"","F","F","F","F",0,0,2,0,0,0,0,0,0,0,F,F,"1925PHI.EVN.regular.event.csv",4645
"PHI192509010","PIT",6,1,2,0,0,"",5,1,"fribb101","?","fribb101","?","aldrv101","?","aldrv101","?","smite106","grang102","rawlj101","trayp101","wrigg102","barnc102","cuylk101","moore102","","hawkc101","","4/L","F","F",4,7,2,"T","T",0,"F","F",1,"F","F",0,"F","F",4,"L","F","F","",0,0,"N",0,"N",0,"N",0,0,2,0,"4","","","","F","F","F","F","F","F","F","F","F","","aldrv101","","F","F","F","F","F","","","","",0,4,0,0,0,0,0,0,0,57,"PHI","PHI","PIT",1,"F","T",1,5,0,24,3,"T","F",2,2,"T","T","wilsj105","carlh101","T","T",0,0,0,3,5,55,0,0,0,"","smite106","",0,0,0,0,0,0,0,0,0,0,0,0,0,"rawlj101","F","F","F","F",0,0,2,0,0,0,0,0,0,0,F,F,"1925PHI.EVN.regular.event.csv",4646
"PHI192509010","PIT",7,0,0,0,0,"",5,1,"cuylk101","?","cuylk101","?","carlh101","?","carlh101","?","wilsj105","hawkc101","fribb101","kimmw101","sandh101","harpg101","leacf101","wrigr102","","","","HP","T","F",8,3,16,"T","F",0,"F","F",0,"F","F",0,"F","F",0,"","F","F","",0,0,"N",0,"N",0,"N",1,0,0,0,"","","","","F","F","F","F","F","F","F","F","F","","","","F","F","F","F","F","","","","",0,0,0,0,0,0,0,0,0,58,"PHI","PIT","PHI",0,"T","F",5,1,0,29,0,"T","F",0,1,"T","T","barnc102","trayp101","T","T",0,0,0,0,0,0,0,0,0,"","","",0,0,0,0,0,0,0,0,0,0,0,0,0,"","F","F","F","F",4,0,0,0,1,0,0,0,0,0,F,F,"1925PHI.EVN.regular.event.csv",4647
"PHI192509010","PIT",7,0,0,0,0,"",5,1,"barnc102","?","barnc102","?","carlh101","?","carlh101","?","wilsj105","hawkc101","fribb101","kimmw101","sandh101","harpg101","leacf101","wrigr102","cuylk101","","","S7.1-3","F","F",7,4,20,"T","T",1,"F","F",0,"F","F",0,"F","F",7,"","F","F","",0,0,"N",0,"N",0,"N",1,3,0,0,"","","","","F","F","F","F","F","F","F","F","F","carlh101","","","F","F","F","F","F","","","","",0,0,0,0,0,0,0,0,0,59,"PHI","PIT","PHI",0,"F","F",5,1,0,30,1,"T","F",1,5,"T","T","trayp101","wrigg102","T","T",8,3,58,0,0,0,0,0,0,"wilsj105","","",0,0,0,0,0,0,0,0,0,0,0,0,0,"harpg101","F","F","F","F",0,4,0,0,1,0,0,0,0,0,F,F,"1925PHI.EVN.regular.event.csv",4648
"PHI192509010","PIT",7,0,0,0,0,"",5,1,"trayp101","?","trayp101","?","carlh101","?","carlh101","?","wilsj105","hawkc101","fribb101","kimmw101","sandh101","harpg101","leacf101","wrigr102","barnc102","","cuylk101","S7.3-H;1-2","F","F",5,5,20,"T","T",1,"F","F",0,"F","F",1,"F","F",7,"","F","F","",0,0,"N",0,"N",0,"N",1,2,0,4,"","","","","F","F","F","F","F","F","F","F","F","carlh101","","carlh101","F","F","F","F","F","","","","",0,0,0,0,0,0,0,0,0,60,"PHI","PIT","PHI",0,"F","F",5,1,0,31,2,"T","F",5,3,"T","T","wrigg102","grang102","T","T",7,4,59,0,0,0,8,3,58,"wilsj105","","wilsj105",0,0,0,0,0,0,0,0,0,0,0,0,1,"harpg101","F","F","F","F",0,0,0,4,0,0,0,0,0,0,F,F,"1925PHI.EVN.regular.event.csv",4649
"PHI192509010","PIT",7,0,0,0,0,"",6,1,"wrigg102","?","wrigg102","?","coucj101","?","coucj101","?","wilsj105","hawkc101","fribb101","kimmw101","sandh101","harpg101","leacf101","wrigr102","trayp101","barnc102","","64(1)3/GDP.2-3","F","F",6,6,2,"T","T",0,"F","F",2,"T","F",0,"F","F",6,"G","F","F","",0,0,"N",0,"N",0,"N",0,0,3,0,"43","64","","","F","F","F","F","F","F","F","F","F","carlh101","carlh101","","F","F","F","F","F","","","","",0,4,3,0,6,4,0,0,0,61,"PHI","PIT","PHI",0,"F","F",6,1,1,32,3,"T","F",3,4,"T","T","grang102","smite106","F","F",5,5,60,7,4,59,0,0,0,"wilsj105","wilsj105","",0,0,0,0,0,0,0,0,0,0,0,0,0,"sandh101","T","F","F","F",0,0,0,0,0,0,0,0,0,0,F,F,"1925PHI.EVN.regular.event.csv",4650
"PHI192509010","PIT",7,0,2,0,0,"",6,1,"grang102","?","grang102","?","coucj101","?","coucj101","?","wilsj105","hawkc101","fribb101","kimmw101","sandh101","harpg101","leacf101","wrigr102","","","barnc102","W","F","F",3,7,14,"T","F",0,"F","F",0,"F","F",0,"F","F",0,"","F","F","",0,0,"N",0,"N",0,"N",1,0,0,3,"","","","","F","F","F","F","F","F","F","F","F","","","carlh101","F","F","F","F","F","","","","",0,0,0,0,0,0,0,0,0,62,"PHI","PIT","PHI",0,"F","F",6,1,1,33,4,"T","F",4,5,"T","T","smite106","aldrv101","F","F",0,0,0,0,0,0,7,4,59,"","","wilsj105",0,0,0,0,0,0,0,0,0,0,0,0,0,"","F","F","F","F",0,0,0,0,0,0,0,0,0,0,F,F,"1925PHI.EVN.regular.event.csv",4651
"PHI192509010","PIT",7,0,2,0,0,"",6,1,"smite106","?","smite106","?","coucj101","?","coucj101","?","wilsj105","hawkc101","fribb101","kimmw101","sandh101","harpg101","leacf101","wrigr102","grang102","","barnc102","6(1)/FO/G+","F","F",2,8,2,"T","T",0,"F","F",1,"F","F",0,"F","F",6,"G","F","F","",0,0,"N",0,"N",0,"N",1,0,0,3,"","6","","","F","F","F","F","F","F","F","F","F","coucj101","","carlh101","F","F","F","F","F","","","","",0,6,0,0,0,0,0,0,0,63,"PHI","PIT","PHI",0,"F","T",6,1,1,34,5,"T","F",5,5,"T","T","aldrv101","moore102","F","F",3,7,62,0,0,0,7,4,59,"wilsj105","","wilsj105",0,0,0,0,0,0,0,0,0,0,0,0,0,"sandh101","T","F","F","F",0,0,0,0,0,0,0,0,0,0,F,F,"1925PHI.EVN.regular.event.csv",4652
"PHI192509010","PIT",7,1,0,0,0,"",6,1,"wilsj105","?","wilsj105","?","aldrv101","?","aldrv101","?","smite106","grang102","rawlj101","trayp101","wrigg102","barnc102","cuylk101","moore102","","","","S8","T","F",2,8,20,"T","T",1,"F","F",0,"F","F",0,"F","F",8,"","F","F","",0,0,"N",0,"N",0,"N",1,0,0,0,"","","","","F","F","F","F","F","F","F","F","F","","","","F","F","F","F","F","","","","",0,0,0,0,0,0,0,0,0,64,"PHI","PHI","PIT",1,"T","F",1,6,0,25,0,"T","F",0,1,"T","T","coucj101","sandh101","T","T",0,0,0,0,0,0,0,0,0,"","","",0,0,0,0,0,0,0,0,0,0,0,0,0,"cuylk101","F","F","F","F",4,0,0,0,1,0,0,0,0,0,F,F,"1925PHI.EVN.regular.event.csv",4653
"PHI192509010","PIT",7,1,0,0,0,"",6,1,"willc103","?","willc103","?","aldrv101","?","aldrv101","?","smite106","grang102","rawlj101","trayp101","wrigg102","barnc102","cuylk101","moore102","wilsj105","","","W.1-2","F","T",11,9,14,"T","F",0,"F","F",0,"F","F",0,"F","F",0,"","F","F","",0,0,"N",0,"N",0,"N",1,2,0,0,"","","","","F","F","F","F","F","F","F","F","F","aldrv101","","","F","F","F","F","F","","","","coucj101",1,0,0,0,0,0,0,0,0,65,"PHI","PHI","PIT",1,"F","F",1,6,0,26,1,"T","F",1,3,"F","F","sandh101","leacf101","T","T",2,8,64,0,0,0,0,0,0,"smite106","","",0,0,0,0,0,0,0,0,0,0,0,0,0,"","F","F","F","F",3,4,0,0,1,0,0,0,0,0,F,F,"1925PHI.EVN.regular.event.csv",4654
"PHI192509010","PIT",7,1,0,0,0,"",6,1,"mitcc102","?","mitcc102","?","aldrv101","?","aldrv101","?","smite106","grang102","rawlj101","trayp101","wrigg102","barnc102","cuylk101","moore102","willc103","wilsj105","","8/F","F","T",11,1,2,"T","T",0,"F","F",1,"F","F",0,"F","F",8,"F","F","F","",0,0,"N",0,"N",0,"N",0,1,2,0,"8","","","","F","F","F","F","F","F","F","F","F","aldrv101","aldrv101","","F","F","F","F","F","","","","sandh101",6,8,0,0,0,0,0,0,0,66,"PHI","PHI","PIT",1,"F","F",1,6,0,27,2,"T","F",3,3,"F","F","leacf101","wrigr102","T","T",11,9,65,2,8,64,0,0,0,"smite106","smite106","",0,0,0,0,0,0,0,0,0,0,0,0,0,"cuylk101","F","F","F","F",0,3,4,0,1,0,0,0,0,0,F,F,"1925PHI.EVN.regular.event.csv",4655
"PHI192509010","PIT",7,1,1,0,0,"",6,1,"leacf101","?","leacf101","?","aldrv101","?","aldrv101","?","smite106","grang102","rawlj101","trayp101","wrigg102","barnc102","cuylk101","moore102","willc103","wilsj105","","S9/L9DW.2-H;1-3","F","F",8,2,20,"T","T",1,"F","F",0,"F","F",1,"F","F",9,"L","F","F","9DW",0,0,"N",0,"N",0,"N",1,3,4,0,"","","","","F","F","F","F","F","F","F","F","F","aldrv101","aldrv101","","F","F","F","F","F","","","","",0,0,0,0,0,0,0,0,0,67,"PHI","PHI","PIT",1,"F","F",1,6,0,28,3,"T","F",3,5,"T","T","wrigr102","harpg101","T","T",0,9,65,2,8,64,0,0,0,"smite106","smite106","",0,0,0,0,0,0,0,0,0,0,0,0,1,"moore102","F","F","F","F",0,3,4,0,0,0,0,0,0,0,F,F,"1925PHI.EVN.regular.event.csv",4656
"PHI192509010","PIT",7,1,1,0,0,"",6,2,"wrigr102","?","wrigr102","?","aldrv101","?","aldrv101","?","smite106","grang102","rawlj101","trayp101","wrigg102","barnc102","cuylk101","moore102","leacf101","","willc103","4/LDP.1X1(43)","F","F",9,3,2,"T","T",0,"F","F",2,"T","F",0,"F","F",4,"L","F","F","",0,0,"N",0,"N",0,"N",0,0,0,3,"4","43","","","F","F","F","F","F","F","F","F","F","aldrv101","","aldrv101","F","F","F","F","F","","","","",0,4,3,0,4,0,0,0,0,68,"PHI","PHI","PIT",1,"F","T",2,6,1,29,4,"T","F",5,4,"T","T","harpg101","hawkc101","T","T",8,2,67,0,0,0,0,9,65,"smite106","","smite106",0,0,0,0,0,0,0,0,0,0,0,0,0,"rawlj101","F","F","F","F",0,0,0,3,0,0,0,0,0,0,F,F,"1925PHI.EVN.regular.event.csv",4657
"PHI192509010","PIT",8,0,0,0,0,"",6,2,"aldrv101","?","aldrv101","?","pierr101","?","pierr101","?","wilsj105","hawkc101","fribb101","kimmw101","wrigr102","harpg101","leacf101","willc103","","","","43","T","F",1,9,2,"T","T",0,"F","F",1,"F","F",0,"F","F",4,"G","F","F","",0,0,"N",0,"N",0,"N",0,0,0,0,"43","","","","F","F","F","F","F","F","F","F","F","","","","F","F","F","F","F","","","","",0,3,0,0,4,0,0,0,0,69,"PHI","PIT","PHI",0,"T","F",6,2,0,35,0,"T","F",0,0,"T","T","moore102","rawlj101","F","F",0,0,0,0,0,0,0,0,0,"","","",0,0,0,0,0,0,0,0,0,0,0,0,0,"fribb101","F","F","F","F",0,0,0,0,1,0,0,0,0,0,F,F,"1925PHI.EVN.regular.event.csv",4658
"PHI192509010","PIT",8,0,1,0,0,"",6,2,"moore102","?","moore102","?","pierr101","?","pierr101","?","wilsj105","hawkc101","fribb101","kimmw101","wrigr102","harpg101","leacf101","willc103","","","","HR/7D","F","F",9,1,23,"T","T",4,"F","F",0,"F","F",1,"F","F",0,"","F","F","7D",0,0,"N",0,"N",0,"N",4,0,0,0,"","","","","F","F","F","F","F","F","F","F","F","","","","F","F","F","F","F","","","","",0,0,0,0,0,0,0,0,0,70,"PHI","PIT","PHI",0,"F","F",6,2,0,36,1,"T","F",0,0,"T","T","rawlj101","cuylk101","F","F",0,0,0,0,0,0,0,0,0,"","","",0,0,0,0,0,0,0,0,0,0,0,0,1,"","F","F","F","F",4,0,0,0,0,0,0,0,0,0,F,F,"1925PHI.EVN.regular.event.csv",4659
"PHI192509010","PIT",8,0,1,0,0,"",7,2,"rawlj101","?","rawlj101","?","pierr101","?","pierr101","?","wilsj105","hawkc101","fribb101","kimmw101","wrigr102","harpg101","leacf101","willc103","","","","43","F","F",4,2,2,"T","T",0,"F","F",1,"F","F",0,"F","F",4,"G","F","F","",0,0,"N",0,"N",0,"N",0,0,0,0,"43","","","","F","F","F","F","F","F","F","F","F","","","","F","F","F","F","F","","","","",0,3,0,0,4,0,0,0,0,71,"PHI","PIT","PHI",0,"F","F",7,2,1,37,2,"T","F",0,0,"T","T","cuylk101","barnc102","F","F",0,0,0,0,0,0,0,0,0,"","","",0,0,0,0,0,0,0,0,0,0,0,0,0,"fribb101","F","F","F","F",0,0,0,0,0,0,0,0,0,0,F,F,"1925PHI.EVN.regular.event.csv",4660
"PHI192509010","PIT",8,0,2,0,0,"",7,2,"cuylk101","?","cuylk101","?","pierr101","?","pierr101","?","wilsj105","hawkc101","fribb101","kimmw101","wrigr102","harpg101","leacf101","willc103","","","","63","F","F",8,3,2,"T","T",0,"F","F",1,"F","F",0,"F","F",6,"G","F","F","",0,0,"N",0,"N",0,"N",0,0,0,0,"63","","","","F","F","F","F","F","F","F","F","F","","","","F","F","F","F","F","","","","",0,3,0,0,6,0,0,0,0,72,"PHI","PIT","PHI",0,"F","T",7,2,1,38,3,"T","F",0,0,"T","T","barnc102","trayp101","F","F",0,0,0,0,0,0,0,0,0,"","","",0,0,0,0,0,0,0,0,0,0,0,0,0,"wrigr102","F","F","F","F",0,0,0,0,0,0,0,0,0,0,F,F,"1925PHI.EVN.regular.event.csv",4661
"PHI192509010","PIT",8,1,0,0,0,"",7,2,"harpg101","?","harpg101","?","aldrv101","?","aldrv101","?","smite106","grang102","rawlj101","trayp101","wrigg102","barnc102","cuylk101","moore102","","","","K","T","F",7,4,3,"T","T",0,"F","F",1,"F","F",0,"F","F",0,"","F","F","",0,0,"N",0,"N",0,"N",0,0,0,0,"2","","","","F","F","F","F","F","F","F","F","F","","","","F","F","F","F","F","","","","",0,2,0,0,0,0,0,0,0,73,"PHI","PHI","PIT",1,"T","F",2,7,0,30,0,"T","F",0,0,"T","T","hawkc101","kimmw101","T","T",0,0,0,0,0,0,0,0,0,"","","",0,0,0,0,0,0,0,0,0,0,0,0,0,"","F","F","F","F",0,0,0,0,0,0,0,0,0,0,F,F,"1925PHI.EVN.regular.event.csv",4662
"PHI192509010","PIT",8,1,1,0,0,"",7,2,"hawkc101","?","hawkc101","?","aldrv101","?","aldrv101","?","smite106","grang102","rawlj101","trayp101","wrigg102","barnc102","cuylk101","moore102","","","","S8","F","F",3,5,20,"T","T",1,"F","F",0,"F","F",0,"F","F",8,"","F","F","",0,0,"N",0,"N",0,"N",1,0,0,0,"","","","","F","F","F","F","F","F","F","F","F","","","","F","F","F","F","F","","","","",0,0,0,0,0,0,0,0,0,74,"PHI","PHI","PIT",1,"F","F",2,7,0,31,1,"T","F",0,1,"F","F","kimmw101","fribb101","T","T",0,0,0,0,0,0,0,0,0,"","","",0,0,0,0,0,0,0,0,0,0,0,0,0,"cuylk101","F","F","F","F",0,0,0,0,0,0,0,0,0,0,F,F,"1925PHI.EVN.regular.event.csv",4663
"PHI192509010","PIT",8,1,1,0,0,"",7,2,"kimmw101","?","kimmw101","?","aldrv101","?","aldrv101","?","smite106","grang102","rawlj101","trayp101","wrigg102","barnc102","cuylk101","moore102","hawkc101","","","K","F","F",5,6,3,"T","T",0,"F","F",1,"F","F",0,"F","F",0,"","F","F","",0,0,"N",0,"N",0,"N",0,1,0,0,"2","","","","F","F","F","F","F","F","F","F","F","aldrv101","","","F","F","F","F","F","","","","",0,2,0,0,0,0,0,0,0,75,"PHI","PHI","PIT",1,"F","F",2,7,0,32,2,"T","F",1,1,"F","F","fribb101","wilsj105","T","T",3,5,74,0,0,0,0,0,0,"smite106","","",0,0,0,0,0,0,0,0,0,0,0,0,0,"","F","F","F","F",0,0,0,0,0,0,0,0,0,0,F,F,"1925PHI.EVN.regular.event.csv",4664
"PHI192509010","PIT",8,1,2,0,0,"",7,2,"fribb101","?","fribb101","?","aldrv101","?","aldrv101","?","smite106","grang102","rawlj101","trayp101","wrigg102","barnc102","cuylk101","moore102","hawkc101","","","S8.1-2","F","F",4,7,20,"T","T",1,"F","F",0,"F","F",0,"F","F",8,"","F","F","",0,0,"N",0,"N",0,"N",1,2,0,0,"","","","","F","F","F","F","F","F","F","F","F","aldrv101","","","F","F","F","F","F","","","","",0,0,0,0,0,0,0,0,0,76,"PHI","PHI","PIT",1,"F","F",2,7,0,33,3,"T","F",1,3,"T","T","wilsj105","willc103","T","T",3,5,74,0,0,0,0,0,0,"smite106","","",0,0,0,0,0,0,0,0,0,0,0,0,0,"cuylk101","F","F","F","F",0,0,0,0,0,0,0,0,0,0,F,F,"1925PHI.EVN.regular.event.csv",4665
"PHI192509010","PIT",8,1,2,0,0,"",7,2,"wilsj105","?","wilsj105","?","aldrv101","?","aldrv101","?","smite106","grang102","rawlj101","trayp101","wrigg102","barnc102","cuylk101","moore102","fribb101","hawkc101","","64(1)/FO","F","F",2,8,2,"T","T",0,"F","F",1,"F","F",0,"F","F",6,"G","F","F","",0,0,"N",0,"N",0,"N",1,0,2,0,"","64","","","F","F","F","F","F","F","F","F","F","aldrv101","aldrv101","","F","F","F","F","F","","","","",0,4,0,0,6,0,0,0,0,77,"PHI","PHI","PIT",1,"F","T",2,7,0,34,4,"T","F",3,3,"T","T","willc103","pierr101","T","T",4,7,76,3,5,74,0,0,0,"smite106","smite106","",0,0,0,0,0,0,0,0,0,0,0,0,0,"wrigg102","T","F","F","F",0,0,0,0,0,0,0,0,0,0,F,F,"1925PHI.EVN.regular.event.csv",4666
"PHI192509010","PIT",9,0,0,0,0,"",7,2,"barnc102","?","barnc102","?","pierr101","?","pierr101","?","wilsj105","hawkc101","fribb101","kimmw101","wrigr102","harpg101","leacf101","willc103","","","","S8","T","F",7,4,20,"T","T",1,"F","F",0,"F","F",0,"F","F",8,"","F","F","",0,0,"N",0,"N",0,"N",1,0,0,0,"","","","","F","F","F","F","F","F","F","F","F","","","","F","F","F","F","F","","","","",0,0,0,0,0,0,0,0,0,78,"PHI","PIT","PHI",0,"T","F",7,2,0,39,0,"T","F",0,1,"T","T","trayp101","wrigg102","F","F",0,0,0,0,0,0,0,0,0,"","","",0,0,0,0,0,0,0,0,0,0,0,0,0,"leacf101","F","F","F","F",4,0,0,0,3,0,0,0,0,0,F,F,"1925PHI.EVN.regular.event.csv",4667
"PHI192509010","PIT",9,0,0,0,0,"",7,2,"trayp101","?","trayp101","?","pierr101","?","pierr101","?","wilsj105","hawkc101","fribb101","kimmw101","wrigr102","harpg101","leacf101","willc103","barnc102","","","S7.1-3;B-2(TH3)","F","F",5,5,20,"T","T",1,"F","F",0,"F","F",0,"F","F",7,"","F","F","",0,0,"N",0,"N",0,"N",2,3,0,0,"","","","","F","F","F","F","F","F","F","F","F","pierr101","","","F","F","F","F","F","","","","",0,0,0,0,0,0,0,0,0,79,"PHI","PIT","PHI",0,"F","F",7,2,0,40,1,"T","F",1,6,"T","T","wrigg102","grang102","F","F",7,4,78,0,0,0,0,0,0,"wilsj105","","",0,0,0,0,0,0,0,0,0,0,0,0,0,"harpg101","F","F","F","F",4,4,0,0,3,0,0,0,0,0,F,F,"1925PHI.EVN.regular.event.csv",4668
"PHI192509010","PIT",9,0,0,0,0,"",7,2,"wrigg102","?","wrigg102","?","pierr101","?","pierr101","?","wilsj105","hawkc101","fribb101","kimmw101","wrigr102","harpg101","leacf101","willc103","","trayp101","barnc102","7/F7S","F","F",6,6,2,"T","T",0,"F","F",1,"F","F",0,"F","F",7,"F","F","F","7S",0,0,"N",0,"N",0,"N",0,0,2,3,"7","","","","F","F","F","F","F","F","F","F","F","","pierr101","pierr101","F","F","F","F","F","","","","",0,7,0,0,0,0,0,0,0,80,"PHI","PIT","PHI",0,"F","F",7,2,0,41,2,"T","F",6,6,"T","T","grang102","smite106","F","F",0,0,0,5,5,79,7,4,78,"","wilsj105","wilsj105",0,0,0,0,0,0,0,0,0,0,0,0,0,"harpg101","F","F","F","F",0,0,4,4,3,0,0,0,0,0,F,F,"1925PHI.EVN.regular.event.csv",4669
"PHI192509010","PIT",9,0,1,0,0,"",7,2,"grang102","?","grang102","?","pierr101","?","pierr101","?","wilsj105","hawkc101","fribb101","kimmw101","wrigr102","harpg101","leacf101","willc103","","trayp101","barnc102","E3/G.3-H(NR);2-3","F","F",3,7,18,"T","T",0,"F","F",0,"F","F",0,"F","F",3,"G","F","F","",1,3,"F",0,"N",0,"N",1,0,3,4,"","","","","F","F","F","F","F","F","F","F","F","","pierr101","pierr101","F","F","F","F","F","","","","",0,0,0,0,0,0,0,0,0,81,"PHI","PIT","PHI",0,"F","F",7,2,0,42,3,"T","F",6,5,"T","T","smite106","aldrv101","F","F",0,0,0,5,5,79,7,4,78,"","wilsj105","wilsj105",0,0,0,0,0,0,0,0,0,0,0,0,1,"hawkc101","F","F","F","T",5,0,4,4,2,0,0,0,0,0,F,F,"1925PHI.EVN.regular.event.csv",4670
"PHI192509010","PIT",9,0,1,0,0,"",8,2,"smite106","?","smite106","?","pierr101","?","pierr101","?","wilsj105","hawkc101","fribb101","kimmw101","wrigr102","harpg101","leacf101","willc103","grang102","","trayp101","S8.3-H;1-3","F","F",2,8,20,"T","T",1,"F","F",0,"F","F",1,"F","F",8,"","F","F","",0,0,"N",0,"N",0,"N",1,3,0,4,"","","","","F","F","F","F","F","F","F","F","F","pierr101","","pierr101","F","F","F","F","F","","","","",0,0,0,0,0,0,0,0,0,82,"PHI","PIT","PHI",0,"F","F",8,2,1,43,4,"T","F",5,5,"T","T","aldrv101","moore102","F","F",3,7,81,0,0,0,5,5,79,"wilsj105","","wilsj105",0,0,0,0,0,0,0,0,0,0,0,0,1,"leacf101","F","F","F","F",0,5,0,4,1,0,0,0,0,0,F,F,"1925PHI.EVN.regular.event.csv",4671
"PHI192509010","PIT",9,0,1,0,0,"",9,2,"aldrv101","?","aldrv101","?","pierr101","?","pierr101","?","wilsj105","hawkc101","fribb101","kimmw101","wrigr102","harpg101","leacf101","willc103","smite106","","grang102","S8/8S.3-H(UR);1-2","F","F",1,9,20,"T","T",1,"F","F",0,"F","F",1,"F","F",8,"","F","F","8S",0,0,"N",0,"N",0,"N",1,2,0,5,"","","","","F","F","F","F","F","F","F","F","F","pierr101","","pierr101","F","F","F","F","F","","","","",0,0,0,0,0,0,0,0,0,83,"PHI","PIT","PHI",0,"F","F",9,2,2,44,5,"T","F",5,3,"T","T","moore102","rawlj101","F","F",2,8,82,0,0,0,3,7,81,"wilsj105","","wilsj105",0,0,0,0,0,0,0,0,0,0,0,0,1,"leacf101","F","F","F","F",0,0,0,5,0,0,0,0,0,0,F,F,"1925PHI.EVN.regular.event.csv",4672
"PHI192509010","PIT",9,0,1,0,0,"",10,2,"moore102","?","moore102","?","pierr101","?","pierr101","?","wilsj105","hawkc101","fribb101","kimmw101","wrigr102","harpg101","leacf101","willc103","aldrv101","smite106","","5(2)3/GDP","F","F",9,1,2,"T","T",0,"F","F",2,"T","F",0,"F","F",5,"G","F","F","",0,0,"N",0,"N",0,"N",0,1,0,0,"53","","5","","F","F","F","F","F","F","F","F","F","pierr101","pierr101","","F","F","F","F","F","","","","",0,5,3,0,5,0,0,0,0,84,"PHI","PIT","PHI",0,"F","T",10,2,3,45,6,"T","F",3,1,"T","T","rawlj101","cuylk101","F","F",1,9,83,2,8,82,0,0,0,"wilsj105","wilsj105","",0,0,0,0,0,0,0,0,0,0,0,0,0,"kimmw101","F","T","F","F",0,0,0,0,0,0,0,0,0,0,F,F,"1925PHI.EVN.regular.event.csv",4673
"PHI192509010","PIT",9,1,0,0,0,"",10,2,"willc103","?","willc103","?","aldrv101","?","aldrv101","?","smite106","grang102","rawlj101","trayp101","wrigg102","barnc102","cuylk101","moore102","","","","W","T","F",9,9,14,"T","F",0,"F","F",0,"F","F",0,"F","F",0,"","F","F","",0,0,"N",0,"N",0,"N",1,0,0,0,"","","","","F","F","F","F","F","F","F","F","F","","","","F","F","F","F","F","","","","",0,0,0,0,0,0,0,0,0,85,"PHI","PHI","PIT",1,"T","F",2,10,0,35,0,"T","F",0,1,"F","F","pierr101","leacf101","T","T",0,0,0,0,0,0,0,0,0,"","","",0,0,0,0,0,0,0,0,0,0,0,0,0,"","F","F","F","F",4,0,0,0,1,0,0,0,0,0,F,F,"1925PHI.EVN.regular.event.csv",4674
"PHI192509010","PIT",9,1,0,0,0,"",10,2,"mokaj101","?","mokaj101","?","aldrv101","?","aldrv101","?","smite106","grang102","rawlj101","trayp101","wrigg102","barnc102","cuylk101","moore102","willc103","","","7/F","F","T",11,1,2,"T","T",0,"F","F",1,"F","F",0,"F","F",7,"F","F","F","",0,0,"N",0,"N",0,"N",0,1,0,0,"7","","","","F","F","F","F","F","F","F","F","F","aldrv101","","","F","F","F","F","F","","","","pierr101",1,7,0,0,0,0,0,0,0,86,"PHI","PHI","PIT",1,"F","F",2,10,0,36,1,"T","F",1,1,"F","F","leacf101","wrigr102","T","T",9,9,85,0,0,0,0,0,0,"smite106","","",0,0,0,0,0,0,0,0,0,0,0,0,0,"barnc102","F","F","F","F",0,4,0,0,1,0,0,0,0,0,F,F,"1925PHI.EVN.regular.event.csv",4675
"PHI192509010","PIT",9,1,1,0,0,"",10,2,"leacf101","?","leacf101","?","aldrv101","?","aldrv101","?","smite106","grang102","rawlj101","trayp101","wrigg102","barnc102","cuylk101","moore102","willc103","","","SB2","F","F",8,2,4,"F","F",0,"F","F",0,"F","F",0,"F","F",0,"","F","F","",0,0,"N",0,"N",0,"N",0,2,0,0,"","","","","T","F","F","F","F","F","F","F","F","aldrv101","","","F","F","F","F","F","","","","",0,0,0,0,0,0,0,0,0,87,"PHI","PHI","PIT",1,"F","F",2,10,0,37,2,"T","F",1,2,"T","T","wrigr102","harpg101","T","T",9,9,85,0,0,0,0,0,0,"smite106","","",0,0,0,0,0,0,0,0,0,0,0,0,0,"","F","F","F","F",0,4,0,0,1,0,0,0,0,0,F,F,"1925PHI.EVN.regular.event.csv",4676
"PHI192509010","PIT",9,1,1,0,0,"",10,2,"leacf101","?","leacf101","?","aldrv101","?","aldrv101","?","smite106","grang102","rawlj101","trayp101","wrigg102","barnc102","cuylk101","moore102","","willc103","","S8.2-H","F","F",8,2,20,"T","T",1,"F","F",0,"F","F",1,"F","F",8,"","F","F","",0,0,"N",0,"N",0,"N",1,0,4,0,"","","","","F","F","F","F","F","F","F","F","F","","aldrv101","","F","F","F","F","F","","","","",0,0,0,0,0,0,0,0,0,88,"PHI","PHI","PIT",1,"F","F",2,10,0,37,2,"F","F",2,1,"T","T","wrigr102","harpg101","T","T",0,0,0,9,9,85,0,0,0,"","smite106","",0,0,0,0,0,0,0,0,0,0,0,0,1,"cuylk101","F","F","F","F",0,0,4,0,0,0,0,0,0,0,F,F,"1925PHI.EVN.regular.event.csv",4677
"PHI192509010","PIT",9,1,1,0,0,"",10,3,"wrigr102","?","wrigr102","?","aldrv101","?","aldrv101","?","smite106","grang102","rawlj101","trayp101","wrigg102","barnc102","cuylk101","moore102","leacf101","","","46(1)/FO","F","F",6,3,2,"T","T",0,"F","F",1,"F","F",0,"F","F",4,"G","F","F","",0,0,"N",0,"N",0,"N",1,0,0,0,"","46","","","F","F","F","F","F","F","F","F","F","aldrv101","","","F","F","F","F","F","","","","",0,6,0,0,4,0,0,0,0,89,"PHI","PHI","PIT",1,"F","F",3,10,1,38,3,"T","F",1,1,"T","T","harpg101","hawkc101","T","T",8,2,88,0,0,0,0,0,0,"smite106","","",0,0,0,0,0,0,0,0,0,0,0,0,0,"rawlj101","T","F","F","F",3,0,0,0,0,0,0,0,0,0,F,F,"1925PHI.EVN.regular.event.csv",4678
"PHI192509010","PIT",9,1,2,0,0,"",10,3,"harpg101","?","harpg101","?","aldrv101","?","aldrv101","?","smite106","grang102","rawlj101","trayp101","wrigg102","barnc102","cuylk101","moore102","wrigr102","","","S9/L9DW.1-3","F","F",7,4,20,"T","T",1,"F","F",0,"F","F",0,"F","F",9,"L","F","F","9DW",0,0,"N",0,"N",0,"N",1,3,0,0,"","","","","F","F","F","F","F","F","F","F","F","aldrv101","","","F","F","F","F","F","","","","",0,0,0,0,0,0,0,0,0,90,"PHI","PHI","PIT",1,"F","F",3,10,1,39,4,"T","F",1,5,"T","T","hawkc101","kimmw101","T","T",6,3,89,0,0,0,0,0,0,"smite106","","",0,0,0,0,0,0,0,0,0,0,0,0,0,"moore102","F","F","F","F",2,3,0,0,0,0,0,0,0,0,F,F,"1925PHI.EVN.regular.event.csv",4679
"PHI192509010","PIT",9,1,2,0,0,"",10,3,"hawkc101","?","hawkc101","?","aldrv101","?","aldrv101","?","smite106","grang102","rawlj101","trayp101","wrigg102","barnc102","cuylk101","moore102","harpg101","","wrigr102","W.1-2","F","F",3,5,14,"T","F",0,"F","F",0,"F","F",0,"F","F",0,"","F","F","",0,0,"N",0,"N",0,"N",1,2,0,3,"","","","","F","F","F","F","F","F","F","F","F","aldrv101","","aldrv101","F","F","F","F","F","","","","",0,0,0,0,0,0,0,0,0,91,"PHI","PHI","PIT",1,"F","F",3,10,1,40,5,"T","F",5,7,"F","F","kimmw101","fribb101","T","T",7,4,90,0,0,0,6,3,89,"smite106","","smite106",0,0,0,0,0,0,0,0,0,0,0,0,0,"","F","F","F","F",1,2,0,3,0,0,0,0,0,0,F,F,"1925PHI.EVN.regular.event.csv",4680
"PHI192509010","PIT",9,1,2,0,0,"",10,3,"knigj103","?","knigj103","?","aldrv101","?","aldrv101","?","smite106","grang102","rawlj101","trayp101","wrigg102","barnc102","cuylk101","moore102","hawkc101","harpg101","wrigr102","K","F","T",11,6,3,"T","T",0,"F","F",1,"F","F",0,"F","F",0,"","F","F","",0,0,"N",0,"N",0,"N",0,1,2,3,"2","","","","F","F","F","F","F","F","F","F","F","aldrv101","aldrv101","aldrv101","F","T","F","F","F","","","","kimmw101",5,2,0,0,0,0,0,0,0,92,"PHI","PHI","PIT",1,"F","T",3,10,1,41,6,"T","F",7,7,"F","F","fribb101","wilsj105","T","T",3,5,91,7,4,90,6,3,89,"smite106","smite106","smite106",0,0,0,0,0,0,0,0,0,0,0,0,0,"","F","F","F","F",0,1,2,3,0,0,0,0,0,0,F,F,"1925PHI.EVN.regular.event.csv",4681
"PHI192509021","NY1",1,0,0,0,0,"",0,0,"soutb101","?","soutb101","?","ringj101","?","ringj101","?","wilsj105","hawkc101","fribb101","hubec101","sandh101","harpg101","leacf101","wrigr102","","","","S9.B-2(E9)","T","F",8,1,20,"T","T",1,"F","F",0,"F","F",0,"F","F",9,"","F","F","",1,9,"F",0,"N",0,"N",2,0,0,0,"","","","","F","F","F","F","F","F","F","F","F","","","","T","F","F","F","F","","","","",0,0,0,0,0,0,0,0,0,1,"PHI","NY1","PHI",0,"T","F",0,0,0,0,0,"T","F",0,2,"T","T","frisf101","meusi101","T","T",0,0,0,0,0,0,0,0,0,"","","",0,0,0,0,0,0,0,0,0,0,0,0,0,"wrigr102","F","F","F","F",5,0,0,0,1,0,0,0,0,0,F,F,"1925PHI.EVN.regular.event.csv",4682
"PHI192509021","NY1",1,0,0,0,0,"",0,0,"frisf101","?","frisf101","?","ringj101","?","ringj101","?","wilsj105","hawkc101","fribb101","hubec101","sandh101","harpg101","leacf101","wrigr102","","soutb101","","43.2-3","F","F",4,2,2,"T","T",0,"F","F",1,"F","F",0,"F","F",4,"G","F","F","",0,0,"N",0,"N",0,"N",0,0,3,0,"43","","","","F","F","F","F","F","F","F","F","F","","ringj101","","F","F","F","F","F","","","","",0,3,0,0,4,0,0,0,0,2,"PHI","NY1","PHI",0,"F","F",0,0,0,1,1,"T","F",2,4,"T","T","meusi101","terrb101","T","T",0,0,0,8,1,1,0,0,0,"","wilsj105","",0,0,0,0,0,0,0,0,0,0,0,0,0,"fribb101","F","F","F","F",0,0,5,0,1,0,0,0,0,0,F,F,"1925PHI.EVN.regular.event.csv",4683
"PHI192509021","NY1",1,0,1,0,0,"",0,0,"meusi101","?","meusi101","?","ringj101","?","ringj101","?","wilsj105","hawkc101","fribb101","hubec101","sandh101","harpg101","leacf101","wrigr102","","","soutb101","7/SF.3-H(UR)","F","F",9,3,2,"T","F",0,"F","T",1,"F","F",1,"F","F",7,"F","F","F","",0,0,"N",0,"N",0,"N",0,0,0,5,"7","","","","F","F","F","F","F","F","F","F","F","","","ringj101","F","F","F","F","F","","","","",0,7,0,0,0,0,0,0,0,3,"PHI","NY1","PHI",0,"F","F",0,0,0,2,2,"T","F",4,0,"T","T","terrb101","kellg101","T","T",0,0,0,0,0,0,8,1,1,"","","wilsj105",0,0,0,0,0,0,0,0,0,0,0,0,1,"harpg101","F","F","F","F",0,0,0,5,0,0,0,0,0,0,F,F,"1925PHI.EVN.regular.event.csv",4684
"PHI192509021","NY1",1,0,2,0,0,"",1,0,"terrb101","?","terrb101","?","ringj101","?","ringj101","?","wilsj105","hawkc101","fribb101","hubec101","sandh101","harpg101","leacf101","wrigr102","","","","S","F","F",3,4,20,"T","T",1,"F","F",0,"F","F",0,"F","F",0,"","F","F","",0,0,"N",0,"N",0,"N",1,0,0,0,"","","","","F","F","F","F","F","F","F","F","F","","","","F","F","F","F","F","","","","",0,0,0,0,0,0,0,0,0,4,"PHI","NY1","PHI",0,"F","F",1,0,1,3,3,"T","F",0,1,"T","T","kellg101","lindf101","T","T",0,0,0,0,0,0,0,0,0,"","","",0,0,0,0,0,0,0,0,0,0,0,0,0,"","F","F","F","F",0,0,0,0,0,0,0,0,0,0,F,F,"1925PHI.EVN.regular.event.csv",4685
"PHI192509021","NY1",1,0,2,0,0,"",1,0,"kellg101","?","kellg101","?","ringj101","?","ringj101","?","wilsj105","hawkc101","fribb101","hubec101","sandh101","harpg101","leacf101","wrigr102","terrb101","","","7/F","F","F",7,5,2,"T","T",0,"F","F",1,"F","F",0,"F","F",7,"F","F","F","",0,0,"N",0,"N",0,"N",0,1,0,0,"7","","","","F","F","F","F","F","F","F","F","F","ringj101","","","F","F","F","F","F","","","","",0,7,0,0,0,0,0,0,0,5,"PHI","NY1","PHI",0,"F","T",1,0,1,4,4,"T","F",1,1,"T","T","lindf101","jackt101","T","T",3,4,4,0,0,0,0,0,0,"wilsj105","","",0,0,0,0,0,0,0,0,0,0,0,0,0,"harpg101","F","F","F","F",0,0,0,0,0,0,0,0,0,0,F,F,"1925PHI.EVN.regular.event.csv",4686
"PHI192509021","NY1",1,1,0,0,0,"",1,0,"sandh101","?","sandh101","?","greek101","?","greek101","?","snydf101","terrb101","frisf101","lindf101","jackt101","kellg101","soutb101","meusi101","","","","E7/F","T","F",6,1,18,"T","T",0,"F","F",0,"F","F",0,"F","F",7,"F","F","F","",1,7,"F",0,"N",0,"N",1,0,0,0,"","","","","F","F","F","F","F","F","F","F","F","","","","F","F","F","F","F","","","","",0,0,0,0,0,0,0,0,0,6,"PHI","PHI","NY1",1,"T","F",0,1,0,0,0,"T","F",0,1,"T","T","leacf101","wrigr102","T","T",0,0,0,0,0,0,0,0,0,"","","",0,0,0,0,0,0,0,0,0,0,0,0,0,"kellg101","F","F","F","T",5,0,0,0,2,0,0,0,0,0,F,F,"1925PHI.EVN.regular.event.csv",4687
"PHI192509021","NY1",1,1,0,0,0,"",1,0,"leacf101","?","leacf101","?","greek101","?","greek101","?","snydf101","terrb101","frisf101","lindf101","jackt101","kellg101","soutb101","meusi101","sandh101","","","T8.1-H(UR)","F","F",8,2,22,"T","T",3,"F","F",0,"F","F",1,"F","F",8,"","F","F","",0,0,"N",0,"N",0,"N",3,5,0,0,"","","","","F","F","F","F","F","F","F","F","F","greek101","","","F","F","F","F","F","","","","",0,0,0,0,0,0,0,0,0,7,"PHI","PHI","NY1",1,"F","F",0,1,0,1,1,"T","F",1,4,"T","T","wrigr102","harpg101","T","T",6,1,6,0,0,0,0,0,0,"snydf101","","",0,0,0,0,0,0,0,0,0,0,0,0,1,"soutb101","F","F","F","F",5,5,0,0,1,0,0,0,0,0,F,F,"1925PHI.EVN.regular.event.csv",4688
"PHI192509021","NY1",1,1,0,0,0,"",1,1,"wrigr102","?","wrigr102","?","greek101","?","greek101","?","snydf101","terrb101","frisf101","lindf101","jackt101","kellg101","soutb101","meusi101","","","leacf101","4/P","F","F",9,3,2,"T","T",0,"F","F",1,"F","F",0,"F","F",4,"P","F","F","",0,0,"N",0,"N",0,"N",0,0,0,3,"4","","","","F","F","F","F","F","F","F","F","F","","","greek101","F","F","F","F","F","","","","",0,4,0,0,0,0,0,0,0,8,"PHI","PHI","NY1",1,"F","F",1,1,1,2,2,"T","F",4,4,"T","T","harpg101","hawkc101","T","T",0,0,0,0,0,0,8,2,7,"","","snydf101",0,0,0,0,0,0,0,0,0,0,0,0,0,"frisf101","F","F","F","F",0,0,0,5,1,0,0,0,0,0,F,F,"1925PHI.EVN.regular.event.csv",4689
"PHI192509021","NY1",1,1,1,0,0,"",1,1,"harpg101","?","harpg101","?","greek101","?","greek101","?","snydf101","terrb101","frisf101","lindf101","jackt101","kellg101","soutb101","meusi101","","","leacf101","8/SF.3-H(UR)","F","F",7,4,2,"T","F",0,"F","T",1,"F","F",1,"F","F",8,"F","F","F","",0,0,"N",0,"N",0,"N",0,0,0,5,"8","","","","F","F","F","F","F","F","F","F","F","","","greek101","F","F","F","F","F","","","","",0,8,0,0,0,0,0,0,0,9,"PHI","PHI","NY1",1,"F","F",1,1,1,3,3,"T","F",4,0,"T","T","hawkc101","hubec101","T","T",0,0,0,0,0,0,8,2,7,"","","snydf101",0,0,0,0,0,0,0,0,0,0,0,0,1,"soutb101","F","F","F","F",0,0,0,5,0,0,0,0,0,0,F,F,"1925PHI.EVN.regular.event.csv",4690
"PHI192509021","NY1",1,1,2,0,0,"",1,2,"hawkc101","?","hawkc101","?","greek101","?","greek101","?","snydf101","terrb101","frisf101","lindf101","jackt101","kellg101","soutb101","meusi101","","","","T8/L","F","F",3,5,22,"T","T",3,"F","F",0,"F","F",0,"F","F",8,"L","F","F","",0,0,"N",0,"N",0,"N",3,0,0,0,"","","","","F","F","F","F","F","F","F","F","F","","","","F","F","F","F","F","","","","",0,0,0,0,0,0,0,0,0,10,"PHI","PHI","NY1",1,"F","F",2,1,2,4,4,"T","F",0,4,"T","T","hubec101","fribb101","T","T",0,0,0,0,0,0,0,0,0,"","","",0,0,0,0,0,0,0,0,0,0,0,0,0,"soutb101","F","F","F","F",0,0,0,0,0,0,0,0,0,0,F,F,"1925PHI.EVN.regular.event.csv",4691
"PHI192509021","NY1",1,1,2,0,0,"",1,2,"hubec101","?","hubec101","?","greek101","?","greek101","?","snydf101","terrb101","frisf101","lindf101","jackt101","kellg101","soutb101","meusi101","","","hawkc101","5/P","F","F",5,6,2,"T","T",0,"F","F",1,"F","F",0,"F","F",5,"P","F","F","",0,0,"N",0,"N",0,"N",0,0,0,3,"5","","","","F","F","F","F","F","F","F","F","F","","","greek101","F","F","F","F","F","","","","",0,5,0,0,0,0,0,0,0,11,"PHI","PHI","NY1",1,"F","T",2,1,2,5,5,"T","F",4,4,"T","T","fribb101","wilsj105","T","T",0,0,0,0,0,0,3,5,10,"","","snydf101",0,0,0,0,0,0,0,0,0,0,0,0,0,"lindf101","F","F","F","F",0,0,0,0,0,0,0,0,0,0,F,F,"1925PHI.EVN.regular.event.csv",4692
"PHI192509021","NY1",2,0,0,0,0,"",1,2,"lindf101","?","lindf101","?","ringj101","?","ringj101","?","wilsj105","hawkc101","fribb101","hubec101","sandh101","harpg101","leacf101","wrigr102","","","","53","T","F",5,6,2,"T","T",0,"F","F",1,"F","F",0,"F","F",5,"G","F","F","",0,0,"N",0,"N",0,"N",0,0,0,0,"53","","","","F","F","F","F","F","F","F","F","F","","","","F","F","F","F","F","","","","",0,3,0,0,5,0,0,0,0,12,"PHI","NY1","PHI",0,"T","F",1,2,0,5,0,"T","F",0,0,"T","T","jackt101","snydf101","T","T",0,0,0,0,0,0,0,0,0,"","","",0,0,0,0,0,0,0,0,0,0,0,0,0,"hubec101","F","F","F","F",0,0,0,0,0,0,0,0,0,0,F,F,"1925PHI.EVN.regular.event.csv",4693
"PHI192509021","NY1",2,0,1,0,0,"",1,2,"jackt101","?","jackt101","?","ringj101","?","ringj101","?","wilsj105","hawkc101","fribb101","hubec101","sandh101","harpg101","leacf101","wrigr102","","","","W","F","F",6,7,14,"T","F",0,"F","F",0,"F","F",0,"F","F",0,"","F","F","",0,0,"N",0,"N",0,"N",1,0,0,0,"","","","","F","F","F","F","F","F","F","F","F","","","","F","F","F","F","F","","","","",0,0,0,0,0,0,0,0,0,13,"PHI","NY1","PHI",0,"F","F",1,2,0,6,1,"T","F",0,1,"T","T","snydf101","greek101","T","T",0,0,0,0,0,0,0,0,0,"","","",0,0,0,0,0,0,0,0,0,0,0,0,0,"","F","F","F","F",0,0,0,0,0,0,0,0,0,0,F,F,"1925PHI.EVN.regular.event.csv",4694
"PHI192509021","NY1",2,0,1,0,0,"",1,2,"snydf101","?","snydf101","?","ringj101","?","ringj101","?","wilsj105","hawkc101","fribb101","hubec101","sandh101","harpg101","leacf101","wrigr102","jackt101","","","K+SB2","F","F",2,8,3,"T","T",0,"F","F",1,"F","F",0,"F","F",0,"","F","F","",0,0,"N",0,"N",0,"N",0,2,0,0,"2","","","","T","F","F","F","F","F","F","F","F","ringj101","","","F","F","F","F","F","","","","",0,2,0,0,0,0,0,0,0,14,"PHI","NY1","PHI",0,"F","F",1,2,0,7,2,"T","F",1,2,"T","T","greek101","soutb101","T","T",6,7,13,0,0,0,0,0,0,"wilsj105","","",0,0,0,0,0,0,0,0,0,0,0,0,0,"","F","F","F","F",0,0,0,0,0,0,0,0,0,0,F,F,"1925PHI.EVN.regular.event.csv",4695
"PHI192509021","NY1",2,0,2,0,0,"",1,2,"greek101","?","greek101","?","ringj101","?","ringj101","?","wilsj105","hawkc101","fribb101","hubec101","sandh101","harpg101","leacf101","wrigr102","","jackt101","","13","F","F",1,9,2,"T","T",0,"F","F",1,"F","F",0,"F","F",1,"G","F","F","",0,0,"N",0,"N",0,"N",0,0,2,0,"13","","","","F","F","F","F","F","F","F","F","F","","ringj101","","F","F","F","F","F","","","","",0,3,0,0,1,0,0,0,0,15,"PHI","NY1","PHI",0,"F","T",1,2,0,8,3,"T","F",2,2,"T","T","soutb101","frisf101","T","T",0,0,0,6,7,13,0,0,0,"","wilsj105","",0,0,0,0,0,0,0,0,0,0,0,0,0,"ringj101","F","F","F","F",0,0,0,0,0,0,0,0,0,0,F,F,"1925PHI.EVN.regular.event.csv",4696
"PHI192509021","NY1",2,1,0,0,0,"",1,2,"fribb101","?","fribb101","?","greek101","?","greek101","?","snydf101","terrb101","frisf101","lindf101","jackt101","kellg101","soutb101","meusi101","","","","13","T","F",4,7,2,"T","T",0,"F","F",1,"F","F",0,"F","F",1,"G","F","F","",0,0,"N",0,"N",0,"N",0,0,0,0,"13","","","","F","F","F","F","F","F","F","F","F","","","","F","F","F","F","F","","","","",0,3,0,0,1,0,0,0,0,16,"PHI","PHI","NY1",1,"T","F",2,1,0,6,0,"T","F",0,0,"T","T","wilsj105","ringj101","T","T",0,0,0,0,0,0,0,0,0,"","","",0,0,0,0,0,0,0,0,0,0,0,0,0,"greek101","F","F","F","F",0,0,0,0,0,0,0,0,0,0,F,F,"1925PHI.EVN.regular.event.csv",4697
"PHI192509021","NY1",2,1,1,0,0,"",1,2,"wilsj105","?","wilsj105","?","greek101","?","greek101","?","snydf101","terrb101","frisf101","lindf101","jackt101","kellg101","soutb101","meusi101","","","","8/F","F","F",2,8,2,"T","T",0,"F","F",1,"F","F",0,"F","F",8,"F","F","F","",0,0,"N",0,"N",0,"N",0,0,0,0,"8","","","","F","F","F","F","F","F","F","F","F","","","","F","F","F","F","F","","","","",0,8,0,0,0,0,0,0,0,17,"PHI","PHI","NY1",1,"F","F",2,1,0,7,1,"T","F",0,0,"T","T","ringj101","sandh101","T","T",0,0,0,0,0,0,0,0,0,"","","",0,0,0,0,0,0,0,0,0,0,0,0,0,"soutb101","F","F","F","F",0,0,0,0,0,0,0,0,0,0,F,F,"1925PHI.EVN.regular.event.csv",4698
"PHI192509021","NY1",2,1,2,0,0,"",1,2,"ringj101","?","ringj101","?","greek101","?","greek101","?","snydf101","terrb101","frisf101","lindf101","jackt101","kellg101","soutb101","meusi101","","","","S","F","F",1,9,20,"T","T",1,"F","F",0,"F","F",0,"F","F",0,"","F","F","",0,0,"N",0,"N",0,"N",1,0,0,0,"","","","","F","F","F","F","F","F","F","F","F","","","","F","F","F","F","F","","","","",0,0,0,0,0,0,0,0,0,18,"PHI","PHI","NY1",1,"F","F",2,1,0,8,2,"T","F",0,1,"T","T","sandh101","leacf101","T","T",0,0,0,0,0,0,0,0,0,"","","",0,0,0,0,0,0,0,0,0,0,0,0,0,"","F","F","F","F",0,0,0,0,0,0,0,0,0,0,F,F,"1925PHI.EVN.regular.event.csv",4699
"PHI192509021","NY1",2,1,2,0,0,"",1,2,"sandh101","?","sandh101","?","greek101","?","greek101","?","snydf101","terrb101","frisf101","lindf101","jackt101","kellg101","soutb101","meusi101","ringj101","","","9/F","F","F",6,1,2,"T","T",0,"F","F",1,"F","F",0,"F","F",9,"F","F","F","",0,0,"N",0,"N",0,"N",0,1,0,0,"9","","","","F","F","F","F","F","F","F","F","F","greek101","","","F","F","F","F","F","","","","",0,9,0,0,0,0,0,0,0,19,"PHI","PHI","NY1",1,"F","T",2,1,0,9,3,"T","F",1,1,"T","T","leacf101","wrigr102","T","T",1,9,18,0,0,0,0,0,0,"snydf101","","",0,0,0,0,0,0,0,0,0,0,0,0,0,"meusi101","F","F","F","F",0,0,0,0,0,0,0,0,0,0,F,F,"1925PHI.EVN.regular.event.csv",4700
"PHI192509021","NY1",3,0,0,0,0,"",1,2,"soutb101","?","soutb101","?","ringj101","?","ringj101","?","wilsj105","hawkc101","fribb101","hubec101","sandh101","harpg101","leacf101","wrigr102","","","","4/L","T","F",8,1,2,"T","T",0,"F","F",1,"F","F",0,"F","F",4,"L","F","F","",0,0,"N",0,"N",0,"N",0,0,0,0,"4","","","","F","F","F","F","F","F","F","F","F","","","","F","F","F","F","F","","","","",0,4,0,0,0,0,0,0,0,20,"PHI","NY1","PHI",0,"T","F",1,2,0,9,0,"T","F",0,0,"T","T","frisf101","meusi101","T","T",0,0,0,0,0,0,0,0,0,"","","",0,0,0,0,0,0,0,0,0,0,0,0,0,"fribb101","F","F","F","F",0,0,0,0,0,0,0,0,0,0,F,F,"1925PHI.EVN.regular.event.csv",4701
"PHI192509021","NY1",3,0,1,0,0,"",1,2,"frisf101","?","frisf101","?","ringj101","?","ringj101","?","wilsj105","hawkc101","fribb101","hubec101","sandh101","harpg101","leacf101","wrigr102","","","","4/P","F","F",4,2,2,"T","T",0,"F","F",1,"F","F",0,"F","F",4,"P","F","F","",0,0,"N",0,"N",0,"N",0,0,0,0,"4","","","","F","F","F","F","F","F","F","F","F","","","","F","F","F","F","F","","","","",0,4,0,0,0,0,0,0,0,21,"PHI","NY1","PHI",0,"F","F",1,2,0,10,1,"T","F",0,0,"T","T","meusi101","terrb101","T","T",0,0,0,0,0,0,0,0,0,"","","",0,0,0,0,0,0,0,0,0,0,0,0,0,"fribb101","F","F","F","F",0,0,0,0,0,0,0,0,0,0,F,F,"1925PHI.EVN.regular.event.csv",4702
"PHI192509021","NY1",3,0,2,0,0,"",1,2,"meusi101","?","meusi101","?","ringj101","?","ringj101","?","wilsj105","hawkc101","fribb101","hubec101","sandh101","harpg101","leacf101","wrigr102","","","","8/F","F","F",9,3,2,"T","T",0,"F","F",1,"F","F",0,"F","F",8,"F","F","F","",0,0,"N",0,"N",0,"N",0,0,0,0,"8","","","","F","F","F","F","F","F","F","F","F","","","","F","F","F","F","F","","","","",0,8,0,0,0,0,0,0,0,22,"PHI","NY1","PHI",0,"F","T",1,2,0,11,2,"T","F",0,0,"T","T","terrb101","kellg101","T","T",0,0,0,0,0,0,0,0,0,"","","",0,0,0,0,0,0,0,0,0,0,0,0,0,"leacf101","F","F","F","F",0,0,0,0,0,0,0,0,0,0,F,F,"1925PHI.EVN.regular.event.csv",4703
"PHI192509021","NY1",3,1,0,0,0,"",1,2,"leacf101","?","leacf101","?","greek101","?","greek101","?","snydf101","terrb101","frisf101","lindf101","jackt101","kellg101","soutb101","meusi101","","","","8/F","T","F",8,2,2,"T","T",0,"F","F",1,"F","F",0,"F","F",8,"F","F","F","",0,0,"N",0,"N",0,"N",0,0,0,0,"8","","","","F","F","F","F","F","F","F","F","F","","","","F","F","F","F","F","","","","",0,8,0,0,0,0,0,0,0,23,"PHI","PHI","NY1",1,"T","F",2,1,0,10,0,"T","F",0,0,"T","T","wrigr102","harpg101","T","T",0,0,0,0,0,0,0,0,0,"","","",0,0,0,0,0,0,0,0,0,0,0,0,0,"soutb101","F","F","F","F",0,0,0,0,0,0,0,0,0,0,F,F,"1925PHI.EVN.regular.event.csv",4704
"PHI192509021","NY1",3,1,1,0,0,"",1,2,"wrigr102","?","wrigr102","?","greek101","?","greek101","?","snydf101","terrb101","frisf101","lindf101","jackt101","kellg101","soutb101","meusi101","","","","E7/F.B-2","F","F",9,3,18,"T","T",0,"F","F",0,"F","F",0,"F","F",7,"F","F","F","",1,7,"F",0,"N",0,"N",2,0,0,0,"","","","","F","F","F","F","F","F","F","F","F","","","","F","F","F","F","F","","","","",0,0,0,0,0,0,0,0,0,24,"PHI","PHI","NY1",1,"F","F",2,1,0,11,1,"T","F",0,2,"T","T","harpg101","hawkc101","T","T",0,0,0,0,0,0,0,0,0,"","","",0,0,0,0,0,0,0,0,0,0,0,0,0,"kellg101","F","F","F","T",0,0,0,0,0,0,0,0,0,0,F,F,"1925PHI.EVN.regular.event.csv",4705
"PHI192509021","NY1",3,1,1,0,0,"",1,2,"harpg101","?","harpg101","?","greek101","?","greek101","?","snydf101","terrb101","frisf101","lindf101","jackt101","kellg101","soutb101","meusi101","","wrigr102","","3/G.2-3","F","F",7,4,2,"T","T",0,"F","F",1,"F","F",0,"F","F",3,"G","F","F","",0,0,"N",0,"N",0,"N",0,0,3,0,"3","","","","F","F","F","F","F","F","F","F","F","","greek101","","F","F","F","F","F","","","","",0,3,0,0,0,0,0,0,0,25,"PHI","PHI","NY1",1,"F","F",2,1,0,12,2,"T","F",2,4,"T","T","hawkc101","hubec101","T","T",0,0,0,9,3,24,0,0,0,"","snydf101","",0,0,0,0,0,0,0,0,0,0,0,0,0,"terrb101","F","F","F","F",0,0,0,0,0,0,0,0,0,0,F,F,"1925PHI.EVN.regular.event.csv",4706
"PHI192509021","NY1",3,1,2,0,0,"",1,2,"hawkc101","?","hawkc101","?","greek101","?","greek101","?","snydf101","terrb101","frisf101","lindf101","jackt101","kellg101","soutb101","meusi101","","","wrigr102","W","F","F",3,5,14,"T","F",0,"F","F",0,"F","F",0,"F","F",0,"","F","F","",0,0,"N",0,"N",0,"N",1,0,0,3,"","","","","F","F","F","F","F","F","F","F","F","","","greek101","F","F","F","F","F","","","","",0,0,0,0,0,0,0,0,0,26,"PHI","PHI","NY1",1,"F","F",2,1,0,13,3,"T","F",4,5,"T","T","hubec101","fribb101","T","T",0,0,0,0,0,0,9,3,24,"","","snydf101",0,0,0,0,0,0,0,0,0,0,0,0,0,"","F","F","F","F",0,0,0,0,0,0,0,0,0,0,F,F,"1925PHI.EVN.regular.event.csv",4707
"PHI192509021","NY1",3,1,2,0,0,"",1,2,"hubec101","?","hubec101","?","greek101","?","greek101","?","snydf101","terrb101","frisf101","lindf101","jackt101","kellg101","soutb101","meusi101","hawkc101","","wrigr102","OA.3XH(2525)","F","F",5,6,12,"F","F",0,"F","F",1,"F","F",0,"F","F",0,"","F","F","",0,0,"N",0,"N",0,"N",0,1,0,0,"","","","2525","F","F","F","F","F","F","F","F","F","greek101","","greek101","F","F","F","F","F","","","","",0,5,0,0,2,5,0,0,0,27,"PHI","PHI","NY1",1,"F","T",2,1,0,14,4,"T","T",5,1,"T","T","fribb101","wilsj105","T","T",3,5,26,0,0,0,9,3,24,"snydf101","","snydf101",0,0,0,0,0,0,0,0,0,0,0,0,0,"","F","F","F","F",0,0,0,0,0,0,0,0,0,0,F,F,"1925PHI.EVN.regular.event.csv",4708
"PHI192509021","NY1",4,0,0,0,0,"",1,2,"terrb101","?","terrb101","?","ringj101","?","ringj101","?","wilsj105","hawkc101","fribb101","hubec101","sandh101","harpg101","leacf101","wrigr102","","","","S","T","F",3,4,20,"T","T",1,"F","F",0,"F","F",0,"F","F",0,"","F","F","",0,0,"N",0,"N",0,"N",1,0,0,0,"","","","","F","F","F","F","F","F","F","F","F","","","","F","F","F","F","F","","","","",0,0,0,0,0,0,0,0,0,28,"PHI","NY1","PHI",0,"T","F",1,2,0,12,0,"T","F",0,1,"T","T","kellg101","lindf101","T","T",0,0,0,0,0,0,0,0,0,"","","",0,0,0,0,0,0,0,0,0,0,0,0,0,"","F","F","F","F",0,0,0,0,0,0,0,0,0,0,F,F,"1925PHI.EVN.regular.event.csv",4709
"PHI192509021","NY1",4,0,0,0,0,"",1,2,"kellg101","?","kellg101","?","ringj101","?","ringj101","?","wilsj105","hawkc101","fribb101","hubec101","sandh101","harpg101","leacf101","wrigr102","terrb101","","","K","F","F",7,5,3,"T","T",0,"F","F",1,"F","F",0,"F","F",0,"","F","F","",0,0,"N",0,"N",0,"N",0,1,0,0,"2","","","","F","F","F","F","F","F","F","F","F","ringj101","","","F","F","F","F","F","","","","",0,2,0,0,0,0,0,0,0,29,"PHI","NY1","PHI",0,"F","F",1,2,0,13,1,"T","F",1,1,"T","T","lindf101","jackt101","T","T",3,4,28,0,0,0,0,0,0,"wilsj105","","",0,0,0,0,0,0,0,0,0,0,0,0,0,"","F","F","F","F",0,0,0,0,0,0,0,0,0,0,F,F,"1925PHI.EVN.regular.event.csv",4710
"PHI192509021","NY1",4,0,1,0,0,"",1,2,"lindf101","?","lindf101","?","ringj101","?","ringj101","?","wilsj105","hawkc101","fribb101","hubec101","sandh101","harpg101","leacf101","wrigr102","terrb101","","","64(1)/FO","F","F",5,6,2,"T","T",0,"F","F",1,"F","F",0,"F","F",6,"G","F","F","",0,0,"N",0,"N",0,"N",1,0,0,0,"","64","","","F","F","F","F","F","F","F","F","F","ringj101","","","F","F","F","F","F","","","","",0,4,0,0,6,0,0,0,0,30,"PHI","NY1","PHI",0,"F","F",1,2,0,14,2,"T","F",1,1,"T","T","jackt101","snydf101","T","T",3,4,28,0,0,0,0,0,0,"wilsj105","","",0,0,0,0,0,0,0,0,0,0,0,0,0,"sandh101","T","F","F","F",0,0,0,0,0,0,0,0,0,0,F,F,"1925PHI.EVN.regular.event.csv",4711
"PHI192509021","NY1",4,0,2,0,0,"",1,2,"jackt101","?","jackt101","?","ringj101","?","ringj101","?","wilsj105","hawkc101","fribb101","hubec101","sandh101","harpg101","leacf101","wrigr102","lindf101","","","S.1-2","F","F",6,7,20,"T","T",1,"F","F",0,"F","F",0,"F","F",0,"","F","F","",0,0,"N",0,"N",0,"N",1,2,0,0,"","","","","F","F","F","F","F","F","F","F","F","ringj101","","","F","F","F","F","F","","","","",0,0,0,0,0,0,0,0,0,31,"PHI","NY1","PHI",0,"F","F",1,2,0,15,3,"T","F",1,3,"T","T","snydf101","greek101","T","T",5,6,30,0,0,0,0,0,0,"wilsj105","","",0,0,0,0,0,0,0,0,0,0,0,0,0,"","F","F","F","F",0,0,0,0,0,0,0,0,0,0,F,F,"1925PHI.EVN.regular.event.csv",4712
"PHI192509021","NY1",4,0,2,0,0,"",1,2,"snydf101","?","snydf101","?","ringj101","?","ringj101","?","wilsj105","hawkc101","fribb101","hubec101","sandh101","harpg101","leacf101","wrigr102","jackt101","lindf101","","K","F","F",2,8,3,"T","T",0,"F","F",1,"F","F",0,"F","F",0,"","F","F","",0,0,"N",0,"N",0,"N",0,1,2,0,"2","","","","F","F","F","F","F","F","F","F","F","ringj101","ringj101","","F","F","F","F","F","","","","",0,2,0,0,0,0,0,0,0,32,"PHI","NY1","PHI",0,"F","T",1,2,0,16,4,"T","F",3,3,"T","T","greek101","soutb101","T","T",6,7,31,5,6,30,0,0,0,"wilsj105","wilsj105","",0,0,0,0,0,0,0,0,0,0,0,0,0,"","F","F","F","F",0,0,0,0,0,0,0,0,0,0,F,F,"1925PHI.EVN.regular.event.csv",4713
"PHI192509021","NY1",4,1,0,0,0,"",1,2,"hubec101","?","hubec101","?","greek101","?","greek101","?","snydf101","terrb101","frisf101","lindf101","jackt101","kellg101","soutb101","meusi101","","","","8/F","T","F",5,6,2,"T","T",0,"F","F",1,"F","F",0,"F","F",8,"F","F","F","",0,0,"N",0,"N",0,"N",0,0,0,0,"8","","","","F","F","F","F","F","F","F","F","F","","","","F","F","F","F","F","","","","",0,8,0,0,0,0,0,0,0,33,"PHI","PHI","NY1",1,"T","F",2,1,0,14,0,"T","F",0,0,"T","T","fribb101","wilsj105","T","T",0,0,0,0,0,0,0,0,0,"","","",0,0,0,0,0,0,0,0,0,0,0,0,0,"soutb101","F","F","F","F",0,0,0,0,3,0,0,0,0,0,F,F,"1925PHI.EVN.regular.event.csv",4714
"PHI192509021","NY1",4,1,1,0,0,"",1,2,"fribb101","?","fribb101","?","greek101","?","greek101","?","snydf101","terrb101","frisf101","lindf101","jackt101","kellg101","soutb101","meusi101","","","","S/G","F","F",4,7,20,"T","T",1,"F","F",0,"F","F",0,"F","F",0,"G","F","F","",0,0,"N",0,"N",0,"N",1,0,0,0,"","","","","F","F","F","F","F","F","F","F","F","","","","F","F","F","F","F","","","","",0,0,0,0,0,0,0,0,0,34,"PHI","PHI","NY1",1,"F","F",2,1,0,15,1,"T","F",0,1,"T","T","wilsj105","ringj101","T","T",0,0,0,0,0,0,0,0,0,"","","",0,0,0,0,0,0,0,0,0,0,0,0,0,"","F","F","F","F",4,0,0,0,3,0,0,0,0,0,F,F,"1925PHI.EVN.regular.event.csv",4715
"PHI192509021","NY1",4,1,1,0,0,"",1,2,"wilsj105","?","wilsj105","?","greek101","?","greek101","?","snydf101","terrb101","frisf101","lindf101","jackt101","kellg101","soutb101","meusi101","fribb101","","","S.1-3","F","F",2,8,20,"T","T",1,"F","F",0,"F","F",0,"F","F",0,"","F","F","",0,0,"N",0,"N",0,"N",1,3,0,0,"","","","","F","F","F","F","F","F","F","F","F","greek101","","","F","F","F","F","F","","","","",0,0,0,0,0,0,0,0,0,35,"PHI","PHI","NY1",1,"F","F",2,1,0,16,2,"T","F",1,5,"T","T","ringj101","sandh101","T","T",4,7,34,0,0,0,0,0,0,"snydf101","","",0,0,0,0,0,0,0,0,0,0,0,0,0,"","F","F","F","F",4,4,0,0,3,0,0,0,0,0,F,F,"1925PHI.EVN.regular.event.csv",4716
"PHI192509021","NY1",4,1,1,0,0,"",1,2,"ringj101","?","ringj101","?","greek101","?","greek101","?","snydf101","terrb101","frisf101","lindf101","jackt101","kellg101","soutb101","meusi101","wilsj105","","fribb101","K","F","F",1,9,3,"T","T",0,"F","F",1,"F","F",0,"F","F",0,"","F","F","",0,0,"N",0,"N",0,"N",0,1,0,3,"2","","","","F","F","F","F","F","F","F","F","F","greek101","","greek101","F","F","F","F","F","","","","",0,2,0,0,0,0,0,0,0,36,"PHI","PHI","NY1",1,"F","F",2,1,0,17,3,"T","F",5,5,"T","T","sandh101","leacf101","T","T",2,8,35,0,0,0,4,7,34,"snydf101","","snydf101",0,0,0,0,0,0,0,0,0,0,0,0,0,"","F","F","F","F",0,4,0,4,3,0,0,0,0,0,F,F,"1925PHI.EVN.regular.event.csv",4717
"PHI192509021","NY1",4,1,2,0,0,"",1,2,"sandh101","?","sandh101","?","greek101","?","greek101","?","snydf101","terrb101","frisf101","lindf101","jackt101","kellg101","soutb101","meusi101","wilsj105","","fribb101","D.3-H;1-3","F","F",6,1,21,"T","T",2,"F","F",0,"F","F",1,"F","F",0,"","F","F","",0,0,"N",0,"N",0,"N",2,3,0,4,"","","","","F","F","F","F","F","F","F","F","F","greek101","","greek101","F","F","F","F","F","","","","",0,0,0,0,0,0,0,0,0,37,"PHI","PHI","NY1",1,"F","F",2,1,0,18,4,"T","F",5,6,"T","T","leacf101","wrigr102","T","T",2,8,35,0,0,0,4,7,34,"snydf101","","snydf101",0,0,0,0,0,0,0,0,0,0,0,0,1,"","F","F","F","F",4,4,0,4,2,0,0,0,0,0,F,F,"1925PHI.EVN.regular.event.csv",4718
"PHI192509021","NY1",4,1,2,0,0,"",1,3,"leacf101","?","leacf101","?","greek101","?","greek101","?","snydf101","terrb101","frisf101","lindf101","jackt101","kellg101","soutb101","meusi101","","sandh101","wilsj105","S8.3-H;2-H","F","F",8,2,20,"T","T",1,"F","F",0,"F","F",2,"F","F",8,"","F","F","",0,0,"N",0,"N",0,"N",1,0,4,4,"","","","","F","F","F","F","F","F","F","F","F","","greek101","greek101","F","F","F","F","F","","","","",0,0,0,0,0,0,0,0,0,38,"PHI","PHI","NY1",1,"F","F",3,1,1,19,5,"T","F",6,1,"T","T","wrigr102","harpg101","T","T",0,0,0,6,1,37,2,8,35,"","snydf101","snydf101",0,0,0,0,0,0,0,0,0,0,0,0,2,"soutb101","F","F","F","F",1,0,4,4,0,0,0,0,0,0,F,F,"1925PHI.EVN.regular.event.csv",4719
"PHI192509021","NY1",4,1,2,0,0,"",1,5,"wrigr102","?","wrigr102","?","greek101","?","greek101","?","snydf101","terrb101","frisf101","lindf101","jackt101","kellg101","soutb101","meusi101","leacf101","","","63","F","F",9,3,2,"T","T",0,"F","F",1,"F","F",0,"F","F",6,"G","F","F","",0,0,"N",0,"N",0,"N",0,1,0,0,"63","","","","F","F","F","F","F","F","F","F","F","greek101","","","F","F","F","F","F","","","","",0,3,0,0,6,0,0,0,0,39,"PHI","PHI","NY1",1,"F","T",5,1,3,20,6,"T","F",1,1,"T","T","harpg101","hawkc101","T","T",8,2,38,0,0,0,0,0,0,"snydf101","","",0,0,0,0,0,0,0,0,0,0,0,0,0,"jackt101","F","F","F","F",0,1,0,0,0,0,0,0,0,0,F,F,"1925PHI.EVN.regular.event.csv",4720
"PHI192509021","NY1",5,0,0,0,0,"",1,5,"bentj101","?","bentj101","?","ringj101","?","ringj101","?","wilsj105","hawkc101","fribb101","hubec101","sandh101","harpg101","leacf101","wrigr102","","","","2/P","T","T",11,9,2,"T","T",0,"F","F",1,"F","F",0,"F","F",2,"P","F","F","",0,0,"N",0,"N",0,"N",0,0,0,0,"2","","","","F","F","F","F","F","F","F","F","F","","","","F","F","F","F","F","","","","greek101",1,2,0,0,0,0,0,0,0,40,"PHI","NY1","PHI",0,"T","F",1,5,0,17,0,"T","F",0,0,"F","F","soutb101","frisf101","T","T",0,0,0,0,0,0,0,0,0,"","","",0,0,0,0,0,0,0,0,0,0,0,0,0,"wilsj105","F","F","F","F",0,0,0,0,0,0,0,0,0,0,F,F,"1925PHI.EVN.regular.event.csv",4721
"PHI192509021","NY1",5,0,1,0,0,"",1,5,"soutb101","?","soutb101","?","ringj101","?","ringj101","?","wilsj105","hawkc101","fribb101","hubec101","sandh101","harpg101","leacf101","wrigr102","","","","S","F","F",8,1,20,"T","T",1,"F","F",0,"F","F",0,"F","F",0,"","F","F","",0,0,"N",0,"N",0,"N",1,0,0,0,"","","","","F","F","F","F","F","F","F","F","F","","","","F","F","F","F","F","","","","",0,0,0,0,0,0,0,0,0,41,"PHI","NY1","PHI",0,"F","F",1,5,0,18,1,"T","F",0,1,"T","T","frisf101","meusi101","T","T",0,0,0,0,0,0,0,0,0,"","","",0,0,0,0,0,0,0,0,0,0,0,0,0,"","F","F","F","F",3,0,0,0,0,0,0,0,0,0,F,F,"1925PHI.EVN.regular.event.csv",4722
"PHI192509021","NY1",5,0,1,0,0,"",1,5,"frisf101","?","frisf101","?","ringj101","?","ringj101","?","wilsj105","hawkc101","fribb101","hubec101","sandh101","harpg101","leacf101","wrigr102","soutb101","","","S.1-2","F","F",4,2,20,"T","T",1,"F","F",0,"F","F",0,"F","F",0,"","F","F","",0,0,"N",0,"N",0,"N",1,2,0,0,"","","","","F","F","F","F","F","F","F","F","F","ringj101","","","F","F","F","F","F","","","","",0,0,0,0,0,0,0,0,0,42,"PHI","NY1","PHI",0,"F","F",1,5,0,19,2,"T","F",1,3,"T","T","meusi101","terrb101","T","T",8,1,41,0,0,0,0,0,0,"wilsj105","","",0,0,0,0,0,0,0,0,0,0,0,0,0,"","F","F","F","F",0,3,0,0,0,0,0,0,0,0,F,F,"1925PHI.EVN.regular.event.csv",4723
"PHI192509021","NY1",5,0,1,0,0,"",1,5,"meusi101","?","meusi101","?","ringj101","?","ringj101","?","wilsj105","hawkc101","fribb101","hubec101","sandh101","harpg101","leacf101","wrigr102","frisf101","soutb101","","8/F.2-3","F","F",9,3,2,"T","T",0,"F","F",1,"F","F",0,"F","F",8,"F","F","F","",0,0,"N",0,"N",0,"N",0,1,3,0,"8","","","","F","F","F","F","F","F","F","F","F","ringj101","ringj101","","F","F","F","F","F","","","","",0,8,0,0,0,0,0,0,0,43,"PHI","NY1","PHI",0,"F","F",1,5,0,20,3,"T","F",3,5,"T","T","terrb101","kellg101","T","T",4,2,42,8,1,41,0,0,0,"wilsj105","wilsj105","",0,0,0,0,0,0,0,0,0,0,0,0,0,"leacf101","F","F","F","F",0,0,3,0,0,0,0,0,0,0,F,F,"1925PHI.EVN.regular.event.csv",4724
"PHI192509021","NY1",5,0,2,0,0,"",1,5,"terrb101","?","terrb101","?","ringj101","?","ringj101","?","wilsj105","hawkc101","fribb101","hubec101","sandh101","harpg101","leacf101","wrigr102","frisf101","","soutb101","64(1)/FO","F","F",3,4,2,"T","T",0,"F","F",1,"F","F",0,"F","F",6,"G","F","F","",0,0,"N",0,"N",0,"N",1,0,0,3,"","64","","","F","F","F","F","F","F","F","F","F","ringj101","","ringj101","F","F","F","F","F","","","","",0,4,0,0,6,0,0,0,0,44,"PHI","NY1","PHI",0,"F","T",1,5,0,21,4,"T","F",5,5,"T","T","kellg101","lindf101","T","T",4,2,42,0,0,0,8,1,41,"wilsj105","","wilsj105",0,0,0,0,0,0,0,0,0,0,0,0,0,"sandh101","T","F","F","F",1,0,0,3,0,0,0,0,0,0,F,F,"1925PHI.EVN.regular.event.csv",4725
"PHI192509021","NY1",5,1,0,0,0,"",1,5,"harpg101","?","harpg101","?","deanw101","?","deanw101","?","snydf101","terrb101","frisf101","lindf101","jackt101","kellg101","soutb101","meusi101","","","","9/F","T","F",7,4,2,"T","T",0,"F","F",1,"F","F",0,"F","F",9,"F","F","F","",0,0,"N",0,"N",0,"N",0,0,0,0,"9","","","","F","F","F","F","F","F","F","F","F","","","","F","F","F","F","F","","","","",0,9,0,0,0,0,0,0,0,45,"PHI","PHI","NY1",1,"T","F",5,1,0,21,0,"T","F",0,0,"T","T","hawkc101","hubec101","F","F",0,0,0,0,0,0,0,0,0,"","","",0,0,0,0,0,0,0,0,0,0,0,0,0,"meusi101","F","F","F","F",0,0,0,0,0,0,0,0,0,0,F,F,"1925PHI.EVN.regular.event.csv",4726
"PHI192509021","NY1",5,1,1,0,0,"",1,5,"hawkc101","?","hawkc101","?","deanw101","?","deanw101","?","snydf101","terrb101","frisf101","lindf101","jackt101","kellg101","soutb101","meusi101","","","","W","F","F",3,5,14,"T","F",0,"F","F",0,"F","F",0,"F","F",0,"","F","F","",0,0,"N",0,"N",0,"N",1,0,0,0,"","","","","F","F","F","F","F","F","F","F","F","","","","F","F","F","F","F","","","","",0,0,0,0,0,0,0,0,0,46,"PHI","PHI","NY1",1,"F","F",5,1,0,22,1,"T","F",0,1,"T","T","hubec101","fribb101","F","F",0,0,0,0,0,0,0,0,0,"","","",0,0,0,0,0,0,0,0,0,0,0,0,0,"","F","F","F","F",0,0,0,0,0,0,0,0,0,0,F,F,"1925PHI.EVN.regular.event.csv",4727
"PHI192509021","NY1",5,1,1,0,0,"",1,5,"hubec101","?","hubec101","?","deanw101","?","deanw101","?","snydf101","terrb101","frisf101","lindf101","jackt101","kellg101","soutb101","meusi101","hawkc101","","","4/P","F","F",5,6,2,"T","T",0,"F","F",1,"F","F",0,"F","F",4,"P","F","F","",0,0,"N",0,"N",0,"N",0,1,0,0,"4","","","","F","F","F","F","F","F","F","F","F","deanw101","","","F","F","F","F","F","","","","",0,4,0,0,0,0,0,0,0,47,"PHI","PHI","NY1",1,"F","F",5,1,0,23,2,"T","F",1,1,"T","T","fribb101","wilsj105","F","F",3,5,46,0,0,0,0,0,0,"snydf101","","",0,0,0,0,0,0,0,0,0,0,0,0,0,"frisf101","F","F","F","F",0,0,0,0,0,0,0,0,0,0,F,F,"1925PHI.EVN.regular.event.csv",4728
"PHI192509021","NY1",5,1,2,0,0,"",1,5,"fribb101","?","fribb101","?","deanw101","?","deanw101","?","snydf101","terrb101","frisf101","lindf101","jackt101","kellg101","soutb101","meusi101","hawkc101","","","K","F","F",4,7,3,"T","T",0,"F","F",1,"F","F",0,"F","F",0,"","F","F","",0,0,"N",0,"N",0,"N",0,1,0,0,"2","","","","F","F","F","F","F","F","F","F","F","deanw101","","","F","F","F","F","F","","","","",0,2,0,0,0,0,0,0,0,48,"PHI","PHI","NY1",1,"F","T",5,1,0,24,3,"T","F",1,1,"T","T","wilsj105","ringj101","F","F",3,5,46,0,0,0,0,0,0,"snydf101","","",0,0,0,0,0,0,0,0,0,0,0,0,0,"","F","F","F","F",0,0,0,0,0,0,0,0,0,0,F,F,"1925PHI.EVN.regular.event.csv",4729
"PHI192509021","NY1",6,0,0,0,0,"",1,5,"kellg101","?","kellg101","?","ringj101","?","ringj101","?","wilsj105","hawkc101","fribb101","hubec101","sandh101","harpg101","leacf101","wrigr102","","","","63","T","F",7,5,2,"T","T",0,"F","F",1,"F","F",0,"F","F",6,"G","F","F","",0,0,"N",0,"N",0,"N",0,0,0,0,"63","","","","F","F","F","F","F","F","F","F","F","","","","F","F","F","F","F","","","","",0,3,0,0,6,0,0,0,0,49,"PHI","NY1","PHI",0,"T","F",1,5,0,22,0,"T","F",0,0,"T","T","lindf101","jackt101","T","T",0,0,0,0,0,0,0,0,0,"","","",0,0,0,0,0,0,0,0,0,0,0,0,0,"sandh101","F","F","F","F",0,0,0,0,0,0,0,0,0,0,F,F,"1925PHI.EVN.regular.event.csv",4730
"PHI192509021","NY1",6,0,1,0,0,"",1,5,"lindf101","?","lindf101","?","ringj101","?","ringj101","?","wilsj105","hawkc101","fribb101","hubec101","sandh101","harpg101","leacf101","wrigr102","","","","23/G","F","F",5,6,2,"T","T",0,"F","F",1,"F","F",0,"F","F",2,"G","F","F","",0,0,"N",0,"N",0,"N",0,0,0,0,"23","","","","F","F","F","F","F","F","F","F","F","","","","F","F","F","F","F","","","","",0,3,0,0,2,0,0,0,0,50,"PHI","NY1","PHI",0,"F","F",1,5,0,23,1,"T","F",0,0,"T","T","jackt101","snydf101","T","T",0,0,0,0,0,0,0,0,0,"","","",0,0,0,0,0,0,0,0,0,0,0,0,0,"wilsj105","F","F","F","F",0,0,0,0,0,0,0,0,0,0,F,F,"1925PHI.EVN.regular.event.csv",4731
"PHI192509021","NY1",6,0,2,0,0,"",1,5,"jackt101","?","jackt101","?","ringj101","?","ringj101","?","wilsj105","hawkc101","fribb101","hubec101","sandh101","harpg101","leacf101","wrigr102","","","","E5/TH1","F","F",6,7,18,"T","T",0,"F","F",0,"F","F",0,"F","F",5,"G","F","F","",1,5,"T",0,"N",0,"N",1,0,0,0,"","","","","F","F","F","F","F","F","F","F","F","","","","F","F","F","F","F","","","","",0,0,0,0,0,0,0,0,0,51,"PHI","NY1","PHI",0,"F","F",1,5,0,24,2,"T","F",0,1,"T","T","snydf101","deanw101","T","T",0,0,0,0,0,0,0,0,0,"","","",0,0,0,0,0,0,0,0,0,0,0,0,0,"hubec101","F","F","F","T",0,0,0,0,0,0,0,0,0,0,F,F,"1925PHI.EVN.regular.event.csv",4732
"PHI192509021","NY1",6,0,2,0,0,"",1,5,"snydf101","?","snydf101","?","ringj101","?","ringj101","?","wilsj105","hawkc101","fribb101","hubec101","sandh101","harpg101","leacf101","wrigr102","jackt101","","","7/F","F","F",2,8,2,"T","T",0,"F","F",1,"F","F",0,"F","F",7,"F","F","F","",0,0,"N",0,"N",0,"N",0,1,0,0,"7","","","","F","F","F","F","F","F","F","F","F","ringj101","","","F","F","F","F","F","","","","",0,7,0,0,0,0,0,0,0,52,"PHI","NY1","PHI",0,"F","T",1,5,0,25,3,"T","F",1,1,"T","T","deanw101","soutb101","T","T",6,7,51,0,0,0,0,0,0,"wilsj105","","",0,0,0,0,0,0,0,0,0,0,0,0,0,"harpg101","F","F","F","F",0,0,0,0,0,0,0,0,0,0,F,F,"1925PHI.EVN.regular.event.csv",4733
"PHI192509021","NY1",6,1,0,0,0,"",1,5,"wilsj105","?","wilsj105","?","deanw101","?","deanw101","?","snydf101","terrb101","frisf101","lindf101","jackt101","kellg101","soutb101","meusi101","","","","S","T","F",2,8,20,"T","T",1,"F","F",0,"F","F",0,"F","F",0,"","F","F","",0,0,"N",0,"N",0,"N",1,0,0,0,"","","","","F","F","F","F","F","F","F","F","F","","","","F","F","F","F","F","","","","",0,0,0,0,0,0,0,0,0,53,"PHI","PHI","NY1",1,"T","F",5,1,0,25,0,"T","F",0,1,"T","T","ringj101","sandh101","F","F",0,0,0,0,0,0,0,0,0,"","","",0,0,0,0,0,0,0,0,0,0,0,0,0,"","F","F","F","F",4,0,0,0,1,0,0,0,0,0,F,F,"1925PHI.EVN.regular.event.csv",4734
"PHI192509021","NY1",6,1,0,0,0,"",1,5,"ringj101","?","ringj101","?","deanw101","?","deanw101","?","snydf101","terrb101","frisf101","lindf101","jackt101","kellg101","soutb101","meusi101","wilsj105","","","1/SH.1-2","F","F",1,9,2,"T","F",0,"T","F",1,"F","F",0,"F","F",1,"G","T","F","",0,0,"N",0,"N",0,"N",0,2,0,0,"1","","","","F","F","F","F","F","F","F","F","F","deanw101","","","F","F","F","F","F","","","","",0,1,0,0,0,0,0,0,0,54,"PHI","PHI","NY1",1,"F","F",5,1,0,26,1,"T","F",1,2,"T","T","sandh101","leacf101","F","F",2,8,53,0,0,0,0,0,0,"snydf101","","",0,0,0,0,0,0,0,0,0,0,0,0,0,"deanw101","F","F","F","F",0,4,0,0,1,0,0,0,0,0,F,F,"1925PHI.EVN.regular.event.csv",4735
"PHI192509021","NY1",6,1,1,0,0,"",1,5,"sandh101","?","sandh101","?","deanw101","?","deanw101","?","snydf101","terrb101","frisf101","lindf101","jackt101","kellg101","soutb101","meusi101","","wilsj105","","S.2-H","F","F",6,1,20,"T","T",1,"F","F",0,"F","F",1,"F","F",0,"","F","F","",0,0,"N",0,"N",0,"N",1,0,4,0,"","","","","F","F","F","F","F","F","F","F","F","","deanw101","","F","F","F","F","F","","","","",0,0,0,0,0,0,0,0,0,55,"PHI","PHI","NY1",1,"F","F",5,1,0,27,2,"T","F",2,1,"T","T","leacf101","wrigr102","F","F",0,0,0,2,8,53,0,0,0,"","snydf101","",0,0,0,0,0,0,0,0,0,0,0,0,1,"","F","F","F","F",0,0,4,0,0,0,0,0,0,0,F,F,"1925PHI.EVN.regular.event.csv",4736
"PHI192509021","NY1",6,1,1,0,0,"",1,6,"leacf101","?","leacf101","?","deanw101","?","deanw101","?","snydf101","terrb101","frisf101","lindf101","jackt101","kellg101","soutb101","meusi101","sandh101","","","36(1)/FO","F","F",8,2,2,"T","T",0,"F","F",1,"F","F",0,"F","F",3,"G","F","F","",0,0,"N",0,"N",0,"N",1,0,0,0,"","36","","","F","F","F","F","F","F","F","F","F","deanw101","","","F","F","F","F","F","","","","",0,6,0,0,3,0,0,0,0,56,"PHI","PHI","NY1",1,"F","F",6,1,1,28,3,"T","F",1,1,"T","T","wrigr102","harpg101","F","F",6,1,55,0,0,0,0,0,0,"snydf101","","",0,0,0,0,0,0,0,0,0,0,0,0,0,"terrb101","T","F","F","F",2,0,0,0,0,0,0,0,0,0,F,F,"1925PHI.EVN.regular.event.csv",4737
"PHI192509021","NY1",6,1,2,0,0,"",1,6,"wrigr102","?","wrigr102","?","deanw101","?","deanw101","?","snydf101","terrb101","frisf101","lindf101","jackt101","kellg101","soutb101","meusi101","leacf101","","","W.1-2","F","F",9,3,14,"T","F",0,"F","F",0,"F","F",0,"F","F",0,"","F","F","",0,0,"N",0,"N",0,"N",1,2,0,0,"","","","","F","F","F","F","F","F","F","F","F","deanw101","","","F","F","F","F","F","","","","",0,0,0,0,0,0,0,0,0,57,"PHI","PHI","NY1",1,"F","F",6,1,1,29,4,"T","F",1,3,"T","T","harpg101","hawkc101","F","F",8,2,56,0,0,0,0,0,0,"snydf101","","",0,0,0,0,0,0,0,0,0,0,0,0,0,"","F","F","F","F",1,2,0,0,0,0,0,0,0,0,F,F,"1925PHI.EVN.regular.event.csv",4738
"PHI192509021","NY1",6,1,2,0,0,"",1,6,"harpg101","?","harpg101","?","deanw101","?","deanw101","?","snydf101","terrb101","frisf101","lindf101","jackt101","kellg101","soutb101","meusi101","wrigr102","leacf101","","43","F","F",7,4,2,"T","T",0,"F","F",1,"F","F",0,"F","F",4,"G","F","F","",0,0,"N",0,"N",0,"N",0,1,2,0,"43","","","","F","F","F","F","F","F","F","F","F","deanw101","deanw101","","F","F","F","F","F","","","","",0,3,0,0,4,0,0,0,0,58,"PHI","PHI","NY1",1,"F","T",6,1,1,30,5,"T","F",3,3,"T","T","hawkc101","hubec101","F","F",9,3,57,8,2,56,0,0,0,"snydf101","snydf101","",0,0,0,0,0,0,0,0,0,0,0,0,0,"frisf101","F","F","F","F",0,1,2,0,0,0,0,0,0,0,F,F,"1925PHI.EVN.regular.event.csv",4739
"PHI192509021","NY1",7,0,0,0,0,"",1,6,"davic104","?","davic104","?","ringj101","?","ringj101","?","wilsj105","hawkc101","fribb101","hubec101","sandh101","harpg101","leacf101","wrigr102","","","","E4/G","T","T",11,9,18,"T","T",0,"F","F",0,"F","F",0,"F","F",4,"G","F","F","",1,4,"F",0,"N",0,"N",1,0,0,0,"","","","","F","F","F","F","F","F","F","F","F","","","","F","F","F","F","F","","","","deanw101",1,0,0,0,0,0,0,0,0,59,"PHI","NY1","PHI",0,"T","F",1,6,0,26,0,"T","F",0,1,"F","F","soutb101","frisf101","T","T",0,0,0,0,0,0,0,0,0,"","","",0,0,0,0,0,0,0,0,0,0,0,0,0,"fribb101","F","F","F","T",5,0,0,0,1,0,0,0,0,0,F,F,"1925PHI.EVN.regular.event.csv",4740
"PHI192509021","NY1",7,0,0,0,0,"",1,6,"soutb101","?","soutb101","?","ringj101","?","ringj101","?","wilsj105","hawkc101","fribb101","hubec101","sandh101","harpg101","leacf101","wrigr102","davic104","","","6/P","F","F",8,1,2,"T","T",0,"F","F",1,"F","F",0,"F","F",6,"P","F","F","",0,0,"N",0,"N",0,"N",0,1,0,0,"6","","","","F","F","F","F","F","F","F","F","F","ringj101","","","F","F","F","F","F","","","","",0,6,0,0,0,0,0,0,0,60,"PHI","NY1","PHI",0,"F","F",1,6,0,27,1,"T","F",1,1,"T","T","frisf101","meusi101","T","T",0,9,59,0,0,0,0,0,0,"wilsj105","","",0,0,0,0,0,0,0,0,0,0,0,0,0,"sandh101","F","F","F","F",0,5,0,0,1,0,0,0,0,0,F,F,"1925PHI.EVN.regular.event.csv",4741
"PHI192509021","NY1",7,0,1,0,0,"",1,6,"frisf101","?","frisf101","?","ringj101","?","ringj101","?","wilsj105","hawkc101","fribb101","hubec101","sandh101","harpg101","leacf101","wrigr102","davic104","","","S.1-2","F","F",4,2,20,"T","T",1,"F","F",0,"F","F",0,"F","F",0,"","F","F","",0,0,"N",0,"N",0,"N",1,2,0,0,"","","","","F","F","F","F","F","F","F","F","F","ringj101","","","F","F","F","F","F","","","","",0,0,0,0,0,0,0,0,0,61,"PHI","NY1","PHI",0,"F","F",1,6,0,28,2,"T","F",1,3,"T","T","meusi101","terrb101","T","T",0,9,59,0,0,0,0,0,0,"wilsj105","","",0,0,0,0,0,0,0,0,0,0,0,0,0,"","F","F","F","F",0,5,0,0,1,0,0,0,0,0,F,F,"1925PHI.EVN.regular.event.csv",4742
"PHI192509021","NY1",7,0,1,0,0,"",1,6,"meusi101","?","meusi101","?","ringj101","?","ringj101","?","wilsj105","hawkc101","fribb101","hubec101","sandh101","harpg101","leacf101","wrigr102","frisf101","davic104","","46(1)/FO.2-3","F","F",9,3,2,"T","T",0,"F","F",1,"F","F",0,"F","F",4,"G","F","F","",0,0,"N",0,"N",0,"N",1,0,3,0,"","46","","","F","F","F","F","F","F","F","F","F","ringj101","ringj101","","F","F","F","F","F","","","","",0,6,0,0,4,0,0,0,0,62,"PHI","NY1","PHI",0,"F","F",1,6,0,29,3,"T","F",3,5,"T","T","terrb101","kellg101","T","T",4,2,61,0,9,59,0,0,0,"wilsj105","wilsj105","",0,0,0,0,0,0,0,0,0,0,0,0,0,"fribb101","T","F","F","F",3,0,5,0,1,0,0,0,0,0,F,F,"1925PHI.EVN.regular.event.csv",4743
"PHI192509021","NY1",7,0,2,0,0,"",1,6,"terrb101","?","terrb101","?","ringj101","?","ringj101","?","wilsj105","hawkc101","fribb101","hubec101","sandh101","harpg101","leacf101","wrigr102","meusi101","","davic104","S.3-H(UR);1-2","F","F",3,4,20,"T","T",1,"F","F",0,"F","F",1,"F","F",0,"","F","F","",0,0,"N",0,"N",0,"N",1,2,0,5,"","","","","F","F","F","F","F","F","F","F","F","ringj101","","ringj101","F","F","F","F","F","","","","",0,0,0,0,0,0,0,0,0,63,"PHI","NY1","PHI",0,"F","F",1,6,0,30,4,"T","F",5,3,"T","T","kellg101","lindf101","T","T",9,3,62,0,0,0,0,9,59,"wilsj105","","wilsj105",0,0,0,0,0,0,0,0,0,0,0,0,1,"","F","F","F","F",2,3,0,5,0,0,0,0,0,0,F,F,"1925PHI.EVN.regular.event.csv",4744
"PHI192509021","NY1",7,0,2,0,0,"",2,6,"kellg101","?","kellg101","?","ringj101","?","ringj101","?","wilsj105","hawkc101","fribb101","hubec101","sandh101","harpg101","leacf101","wrigr102","terrb101","meusi101","","WP.2-3;1-2","F","F",7,5,9,"F","F",0,"F","F",0,"F","F",0,"T","F",0,"","F","F","",0,0,"N",0,"N",0,"N",0,2,3,0,"","","","","F","F","F","F","F","F","F","F","F","ringj101","ringj101","","F","F","F","F","F","","","","",0,0,0,0,0,0,0,0,0,64,"PHI","NY1","PHI",0,"F","F",2,6,1,31,5,"T","F",3,6,"T","T","lindf101","jackt101","T","T",3,4,63,9,3,62,0,0,0,"wilsj105","wilsj105","",0,0,0,0,0,0,0,0,0,0,0,0,0,"","F","F","F","F",0,2,3,0,0,0,0,0,0,0,F,F,"1925PHI.EVN.regular.event.csv",4745
"PHI192509021","NY1",7,0,2,0,0,"",2,6,"kellg101","?","kellg101","?","ringj101","?","ringj101","?","wilsj105","hawkc101","fribb101","hubec101","sandh101","harpg101","leacf101","wrigr102","","terrb101","meusi101","7/F","F","F",7,5,2,"T","T",0,"F","F",1,"F","F",0,"F","F",7,"F","F","F","",0,0,"N",0,"N",0,"N",0,0,2,3,"7","","","","F","F","F","F","F","F","F","F","F","","ringj101","ringj101","F","F","F","F","F","","","","",0,7,0,0,0,0,0,0,0,65,"PHI","NY1","PHI",0,"F","T",2,6,1,31,5,"F","F",6,6,"T","T","lindf101","jackt101","T","T",0,0,0,3,4,63,9,3,62,"","wilsj105","wilsj105",0,0,0,0,0,0,0,0,0,0,0,0,0,"harpg101","F","F","F","F",0,0,2,3,0,0,0,0,0,0,F,F,"1925PHI.EVN.regular.event.csv",4746
"PHI192509021","NY1",7,1,0,0,0,"",2,6,"hawkc101","?","hawkc101","?","wisnj101","?","wisnj101","?","snydf101","terrb101","frisf101","lindf101","jackt101","kellg101","soutb101","meusi101","","","","K","T","F",3,5,3,"T","T",0,"F","F",1,"F","F",0,"F","F",0,"","F","F","",0,0,"N",0,"N",0,"N",0,0,0,0,"2","","","","F","F","F","F","F","F","F","F","F","","","","F","F","F","F","F","","","","",0,2,0,0,0,0,0,0,0,66,"PHI","PHI","NY1",1,"T","F",6,2,0,31,0,"T","F",0,0,"T","T","hubec101","fribb101","F","F",0,0,0,0,0,0,0,0,0,"","","",0,0,0,0,0,0,0,0,0,0,0,0,0,"","F","F","F","F",0,0,0,0,0,0,0,0,0,0,F,F,"1925PHI.EVN.regular.event.csv",4747
"PHI192509021","NY1",7,1,1,0,0,"",2,6,"hubec101","?","hubec101","?","wisnj101","?","wisnj101","?","snydf101","terrb101","frisf101","lindf101","jackt101","kellg101","soutb101","meusi101","","","","3/G","F","F",5,6,2,"T","T",0,"F","F",1,"F","F",0,"F","F",3,"G","F","F","",0,0,"N",0,"N",0,"N",0,0,0,0,"3","","","","F","F","F","F","F","F","F","F","F","","","","F","F","F","F","F","","","","",0,3,0,0,0,0,0,0,0,67,"PHI","PHI","NY1",1,"F","F",6,2,0,32,1,"T","F",0,0,"T","T","fribb101","wilsj105","F","F",0,0,0,0,0,0,0,0,0,"","","",0,0,0,0,0,0,0,0,0,0,0,0,0,"terrb101","F","F","F","F",0,0,0,0,0,0,0,0,0,0,F,F,"1925PHI.EVN.regular.event.csv",4748
"PHI192509021","NY1",7,1,2,0,0,"",2,6,"fribb101","?","fribb101","?","wisnj101","?","wisnj101","?","snydf101","terrb101","frisf101","lindf101","jackt101","kellg101","soutb101","meusi101","","","","3/G","F","F",4,7,2,"T","T",0,"F","F",1,"F","F",0,"F","F",3,"G","F","F","",0,0,"N",0,"N",0,"N",0,0,0,0,"3","","","","F","F","F","F","F","F","F","F","F","","","","F","F","F","F","F","","","","",0,3,0,0,0,0,0,0,0,68,"PHI","PHI","NY1",1,"F","T",6,2,0,33,2,"T","F",0,0,"T","T","wilsj105","ringj101","F","F",0,0,0,0,0,0,0,0,0,"","","",0,0,0,0,0,0,0,0,0,0,0,0,0,"terrb101","F","F","F","F",0,0,0,0,0,0,0,0,0,0,F,F,"1925PHI.EVN.regular.event.csv",4749
"PHI192509021","NY1",8,0,0,0,0,"",2,6,"lindf101","?","lindf101","?","ringj101","?","ringj101","?","wilsj105","hawkc101","fribb101","hubec101","sandh101","harpg101","leacf101","wrigr102","","","","2/FL","T","F",5,6,2,"T","T",0,"F","F",1,"F","F",0,"F","F",2,"F","F","T","",0,0,"N",0,"N",0,"N",0,0,0,0,"2","","","","F","F","F","F","F","F","F","F","F","","","","F","F","F","F","F","","","","",0,2,0,0,0,0,0,0,0,69,"PHI","NY1","PHI",0,"T","F",2,6,0,32,0,"T","F",0,0,"T","T","jackt101","snydf101","T","T",0,0,0,0,0,0,0,0,0,"","","",0,0,0,0,0,0,0,0,0,0,0,0,0,"wilsj105","F","F","F","F",0,0,0,0,0,0,0,0,0,0,F,F,"1925PHI.EVN.regular.event.csv",4750
"PHI192509021","NY1",8,0,1,0,0,"",2,6,"jackt101","?","jackt101","?","ringj101","?","ringj101","?","wilsj105","hawkc101","fribb101","hubec101","sandh101","harpg101","leacf101","wrigr102","","","","S","F","F",6,7,20,"T","T",1,"F","F",0,"F","F",0,"F","F",0,"","F","F","",0,0,"N",0,"N",0,"N",1,0,0,0,"","","","","F","F","F","F","F","F","F","F","F","","","","F","F","F","F","F","","","","",0,0,0,0,0,0,0,0,0,70,"PHI","NY1","PHI",0,"F","F",2,6,0,33,1,"T","F",0,1,"T","T","snydf101","wisnj101","T","T",0,0,0,0,0,0,0,0,0,"","","",0,0,0,0,0,0,0,0,0,0,0,0,0,"","F","F","F","F",0,0,0,0,0,0,0,0,0,0,F,F,"1925PHI.EVN.regular.event.csv",4751
"PHI192509021","NY1",8,0,1,0,0,"",2,6,"snydf101","?","snydf101","?","ringj101","?","ringj101","?","wilsj105","hawkc101","fribb101","hubec101","sandh101","harpg101","leacf101","wrigr102","farrd101","","","54(1)3/GDP","F","F",2,8,2,"T","T",0,"F","F",2,"T","F",0,"F","F",5,"G","F","F","",0,0,"N",0,"N",0,"N",0,0,0,0,"43","54","","","F","F","F","F","F","F","F","F","F","ringj101","","","F","F","T","F","F","jackt101","","","",0,4,3,0,5,4,0,0,0,71,"PHI","NY1","PHI",0,"F","T",2,6,0,34,2,"T","F",1,0,"T","T","wisnj101","soutb101","T","T",0,7,70,0,0,0,0,0,0,"wilsj105","","",0,0,0,0,0,0,0,0,0,0,0,0,0,"hubec101","T","F","F","F",0,0,0,0,0,0,0,0,0,0,F,F,"1925PHI.EVN.regular.event.csv",4752
"PHI192509021","NY1",8,1,0,0,0,"",2,6,"wilsj105","?","wilsj105","?","wisnj101","?","wisnj101","?","snydf101","terrb101","frisf101","lindf101","farrd101","kellg101","soutb101","meusi101","","","","7/F","T","F",2,8,2,"T","T",0,"F","F",1,"F","F",0,"F","F",7,"F","F","F","",0,0,"N",0,"N",0,"N",0,0,0,0,"7","","","","F","F","F","F","F","F","F","F","F","","","","F","F","F","F","F","","","","",0,7,0,0,0,0,0,0,0,72,"PHI","PHI","NY1",1,"T","F",6,2,0,34,0,"T","F",0,0,"T","T","ringj101","sandh101","F","F",0,0,0,0,0,0,0,0,0,"","","",0,0,0,0,0,0,0,0,0,0,0,0,0,"kellg101","F","F","F","F",0,0,0,0,0,0,0,0,0,0,F,F,"1925PHI.EVN.regular.event.csv",4753
"PHI192509021","NY1",8,1,1,0,0,"",2,6,"ringj101","?","ringj101","?","wisnj101","?","wisnj101","?","snydf101","terrb101","frisf101","lindf101","farrd101","kellg101","soutb101","meusi101","","","","9/F","F","F",1,9,2,"T","T",0,"F","F",1,"F","F",0,"F","F",9,"F","F","F","",0,0,"N",0,"N",0,"N",0,0,0,0,"9","","","","F","F","F","F","F","F","F","F","F","","","","F","F","F","F","F","","","","",0,9,0,0,0,0,0,0,0,73,"PHI","PHI","NY1",1,"F","F",6,2,0,35,1,"T","F",0,0,"T","T","sandh101","leacf101","F","F",0,0,0,0,0,0,0,0,0,"","","",0,0,0,0,0,0,0,0,0,0,0,0,0,"meusi101","F","F","F","F",0,0,0,0,0,0,0,0,0,0,F,F,"1925PHI.EVN.regular.event.csv",4754
"PHI192509021","NY1",8,1,2,0,0,"",2,6,"sandh101","?","sandh101","?","wisnj101","?","wisnj101","?","snydf101","terrb101","frisf101","lindf101","farrd101","kellg101","soutb101","meusi101","","","","43","F","F",6,1,2,"T","T",0,"F","F",1,"F","F",0,"F","F",4,"G","F","F","",0,0,"N",0,"N",0,"N",0,0,0,0,"43","","","","F","F","F","F","F","F","F","F","F","","","","F","F","F","F","F","","","","",0,3,0,0,4,0,0,0,0,74,"PHI","PHI","NY1",1,"F","T",6,2,0,36,2,"T","F",0,0,"T","T","leacf101","wrigr102","F","F",0,0,0,0,0,0,0,0,0,"","","",0,0,0,0,0,0,0,0,0,0,0,0,0,"frisf101","F","F","F","F",0,0,0,0,0,0,0,0,0,0,F,F,"1925PHI.EVN.regular.event.csv",4755
"PHI192509021","NY1",9,0,0,0,0,"",2,6,"grohh101","?","grohh101","?","ringj101","?","ringj101","?","wilsj105","hawkc101","fribb101","hubec101","sandh101","harpg101","leacf101","wrigr102","","","","43","T","T",11,9,2,"T","T",0,"F","F",1,"F","F",0,"F","F",4,"G","F","F","",0,0,"N",0,"N",0,"N",0,0,0,0,"43","","","","F","F","F","F","F","F","F","F","F","","","","F","F","F","F","F","","","","wisnj101",1,3,0,0,4,0,0,0,0,75,"PHI","NY1","PHI",0,"T","F",2,6,0,35,0,"T","F",0,0,"F","F","soutb101","frisf101","T","T",0,0,0,0,0,0,0,0,0,"","","",0,0,0,0,0,0,0,0,0,0,0,0,0,"fribb101","F","F","F","F",0,0,0,0,1,0,0,0,0,0,F,F,"1925PHI.EVN.regular.event.csv",4756
"PHI192509021","NY1",9,0,1,0,0,"",2,6,"soutb101","?","soutb101","?","ringj101","?","ringj101","?","wilsj105","hawkc101","fribb101","hubec101","sandh101","harpg101","leacf101","wrigr102","","","","W","F","F",8,1,14,"T","F",0,"F","F",0,"F","F",0,"F","F",0,"","F","F","",0,0,"N",0,"N",0,"N",1,0,0,0,"","","","","F","F","F","F","F","F","F","F","F","","","","F","F","F","F","F","","","","",0,0,0,0,0,0,0,0,0,76,"PHI","NY1","PHI",0,"F","F",2,6,0,36,1,"T","F",0,1,"T","T","frisf101","meusi101","T","T",0,0,0,0,0,0,0,0,0,"","","",0,0,0,0,0,0,0,0,0,0,0,0,0,"","F","F","F","F",4,0,0,0,1,0,0,0,0,0,F,F,"1925PHI.EVN.regular.event.csv",4757
"PHI192509021","NY1",9,0,1,0,0,"",2,6,"frisf101","?","frisf101","?","ringj101","?","ringj101","?","wilsj105","hawkc101","fribb101","hubec101","sandh101","harpg101","leacf101","wrigr102","soutb101","","","W.1-2","F","F",4,2,14,"T","F",0,"F","F",0,"F","F",0,"F","F",0,"","F","F","",0,0,"N",0,"N",0,"N",1,2,0,0,"","","","","F","F","F","F","F","F","F","F","F","ringj101","","","F","F","F","F","F","","","","",0,0,0,0,0,0,0,0,0,77,"PHI","NY1","PHI",0,"F","F",2,6,0,37,2,"T","F",1,3,"T","T","meusi101","terrb101","T","T",8,1,76,0,0,0,0,0,0,"wilsj105","","",0,0,0,0,0,0,0,0,0,0,0,0,0,"","F","F","F","F",3,4,0,0,1,0,0,0,0,0,F,F,"1925PHI.EVN.regular.event.csv",4758
"PHI192509021","NY1",9,0,1,0,0,"",2,6,"meusi101","?","meusi101","?","ringj101","?","ringj101","?","wilsj105","hawkc101","fribb101","hubec101","sandh101","harpg101","leacf101","wrigr102","frisf101","soutb101","","D.2-H;1-3","F","F",9,3,21,"T","T",2,"F","F",0,"F","F",1,"F","F",0,"","F","F","",0,0,"N",0,"N",0,"N",2,3,4,0,"","","","","F","F","F","F","F","F","F","F","F","ringj101","ringj101","","F","F","F","F","F","","","","",0,0,0,0,0,0,0,0,0,78,"PHI","NY1","PHI",0,"F","F",2,6,0,38,3,"T","F",3,6,"T","T","terrb101","kellg101","T","T",4,2,77,8,1,76,0,0,0,"wilsj105","wilsj105","",0,0,0,0,0,0,0,0,0,0,0,0,1,"","F","F","F","F",2,3,4,0,0,0,0,0,0,0,F,F,"1925PHI.EVN.regular.event.csv",4759
"PHI192509021","NY1",9,0,1,0,0,"",3,6,"terrb101","?","terrb101","?","ringj101","?","ringj101","?","wilsj105","hawkc101","fribb101","hubec101","sandh101","harpg101","leacf101","wrigr102","","meusi101","frisf101","13","F","F",3,4,2,"T","T",0,"F","F",1,"F","F",0,"F","F",1,"G","F","F","",0,0,"N",0,"N",0,"N",0,0,2,3,"13","","","","F","F","F","F","F","F","F","F","F","","ringj101","ringj101","F","F","F","F","F","","","","",0,3,0,0,1,0,0,0,0,79,"PHI","NY1","PHI",0,"F","F",3,6,1,39,4,"T","F",6,6,"T","T","kellg101","lindf101","T","T",0,0,0,9,3,78,4,2,77,"","wilsj105","wilsj105",0,0,0,0,0,0,0,0,0,0,0,0,0,"ringj101","F","F","F","F",0,0,2,3,0,0,0,0,0,0,F,F,"1925PHI.EVN.regular.event.csv",4760
"PHI192509021","NY1",9,0,2,0,0,"",3,6,"kellg101","?","kellg101","?","ringj101","?","ringj101","?","wilsj105","hawkc101","fribb101","hubec101","sandh101","harpg101","leacf101","wrigr102","","meusi101","frisf101","K","F","F",7,5,3,"T","T",0,"F","F",1,"F","F",0,"F","F",0,"","F","F","",0,0,"N",0,"N",0,"N",0,0,2,3,"2","","","","F","F","F","F","F","F","F","F","F","","ringj101","ringj101","F","T","F","F","F","","","","",0,2,0,0,0,0,0,0,0,80,"PHI","NY1","PHI",0,"F","T",3,6,1,40,5,"T","F",6,6,"T","T","lindf101","farrd101","T","T",0,0,0,9,3,78,4,2,77,"","wilsj105","wilsj105",0,0,0,0,0,0,0,0,0,0,0,0,0,"","F","F","F","F",0,0,2,3,0,0,0,0,0,0,F,F,"1925PHI.EVN.regular.event.csv",4761
"PHI192509022","NY1",1,0,0,0,0,"",0,0,"soutb101","?","soutb101","?","decaa101","?","decaa101","?","wendl101","hawkc101","fribb101","kimmw101","sandh101","harpg101","leacf101","wrigr102","","","","53","T","F",8,1,2,"T","T",0,"F","F",1,"F","F",0,"F","F",5,"G","F","F","",0,0,"N",0,"N",0,"N",0,0,0,0,"53","","","","F","F","F","F","F","F","F","F","F","","","","T","F","F","F","F","","","","",0,3,0,0,5,0,0,0,0,1,"PHI","NY1","PHI",0,"T","F",0,0,0,0,0,"T","F",0,0,"T","T","frisf101","meusi101","T","T",0,0,0,0,0,0,0,0,0,"","","",0,0,0,0,0,0,0,0,0,0,0,0,0,"kimmw101","F","F","F","F",0,0,0,0,2,0,0,0,0,0,F,F,"1925PHI.EVN.regular.event.csv",4762
"PHI192509022","NY1",1,0,1,0,0,"",0,0,"frisf101","?","frisf101","?","decaa101","?","decaa101","?","wendl101","hawkc101","fribb101","kimmw101","sandh101","harpg101","leacf101","wrigr102","","","","63","F","F",4,2,2,"T","T",0,"F","F",1,"F","F",0,"F","F",6,"G","F","F","",0,0,"N",0,"N",0,"N",0,0,0,0,"63","","","","F","F","F","F","F","F","F","F","F","","","","F","F","F","F","F","","","","",0,3,0,0,6,0,0,0,0,2,"PHI","NY1","PHI",0,"F","F",0,0,0,1,1,"T","F",0,0,"T","T","meusi101","terrb101","T","T",0,0,0,0,0,0,0,0,0,"","","",0,0,0,0,0,0,0,0,0,0,0,0,0,"sandh101","F","F","F","F",0,0,0,0,2,0,0,0,0,0,F,F,"1925PHI.EVN.regular.event.csv",4763
"PHI192509022","NY1",1,0,2,0,0,"",0,0,"meusi101","?","meusi101","?","decaa101","?","decaa101","?","wendl101","hawkc101","fribb101","kimmw101","sandh101","harpg101","leacf101","wrigr102","","","","S9","F","F",9,3,20,"T","T",1,"F","F",0,"F","F",0,"F","F",9,"","F","F","",0,0,"N",0,"N",0,"N",1,0,0,0,"","","","","F","F","F","F","F","F","F","F","F","","","","F","F","F","F","F","","","","",0,0,0,0,0,0,0,0,0,3,"PHI","NY1","PHI",0,"F","F",0,0,0,2,2,"T","F",0,1,"T","T","terrb101","kellg101","T","T",0,0,0,0,0,0,0,0,0,"","","",0,0,0,0,0,0,0,0,0,0,0,0,0,"wrigr102","F","F","F","F",4,0,0,0,2,0,0,0,0,0,F,F,"1925PHI.EVN.regular.event.csv",4764
"PHI192509022","NY1",1,0,2,0,0,"",0,0,"terrb101","?","terrb101","?","decaa101","?","decaa101","?","wendl101","hawkc101","fribb101","kimmw101","sandh101","harpg101","leacf101","wrigr102","meusi101","","","HR/7.1-H","F","F",3,4,23,"T","T",4,"F","F",0,"F","F",2,"F","F",0,"","F","F","7",0,0,"N",0,"N",0,"N",4,4,0,0,"","","","","F","F","F","F","F","F","F","F","F","decaa101","","","F","F","F","F","F","","","","",0,0,0,0,0,0,0,0,0,4,"PHI","NY1","PHI",0,"F","F",0,0,0,3,3,"T","F",1,0,"T","T","kellg101","lindf101","T","T",9,3,3,0,0,0,0,0,0,"wendl101","","",0,0,0,0,0,0,0,0,0,0,0,0,2,"","F","F","F","F",4,4,0,0,0,0,0,0,0,0,F,F,"1925PHI.EVN.regular.event.csv",4765
"PHI192509022","NY1",1,0,2,0,0,"",2,0,"kellg101","?","kellg101","?","decaa101","?","decaa101","?","wendl101","hawkc101","fribb101","kimmw101","sandh101","harpg101","leacf101","wrigr102","","","","K","F","F",7,5,3,"T","T",0,"F","F",1,"F","F",0,"F","F",0,"","F","F","",0,0,"N",0,"N",0,"N",0,0,0,0,"2","","","","F","F","F","F","F","F","F","F","F","","","","F","F","F","F","F","","","","",0,2,0,0,0,0,0,0,0,5,"PHI","NY1","PHI",0,"F","T",2,0,2,4,4,"T","F",0,0,"T","T","lindf101","jackt101","T","T",0,0,0,0,0,0,0,0,0,"","","",0,0,0,0,0,0,0,0,0,0,0,0,0,"","F","F","F","F",0,0,0,0,0,0,0,0,0,0,F,F,"1925PHI.EVN.regular.event.csv",4766
"PHI192509022","NY1",1,1,0,0,0,"",2,0,"sandh101","?","sandh101","?","fitzf101","?","fitzf101","?","devim101","terrb101","frisf101","lindf101","jackt101","kellg101","soutb101","meusi101","","","","3/P","T","F",6,1,2,"T","T",0,"F","F",1,"F","F",0,"F","F",3,"P","F","F","",0,0,"N",0,"N",0,"N",0,0,0,0,"3","","","","F","F","F","F","F","F","F","F","F","","","","F","F","F","F","F","","","","",0,3,0,0,0,0,0,0,0,6,"PHI","PHI","NY1",1,"T","F",0,2,0,0,0,"T","F",0,0,"T","T","leacf101","wrigr102","T","T",0,0,0,0,0,0,0,0,0,"","","",0,0,0,0,0,0,0,0,0,0,0,0,0,"terrb101","F","F","F","F",0,0,0,0,1,0,0,0,0,0,F,F,"1925PHI.EVN.regular.event.csv",4767
"PHI192509022","NY1",1,1,1,0,0,"",2,0,"leacf101","?","leacf101","?","fitzf101","?","fitzf101","?","devim101","terrb101","frisf101","lindf101","jackt101","kellg101","soutb101","meusi101","","","","S7","F","F",8,2,20,"T","T",1,"F","F",0,"F","F",0,"F","F",7,"","F","F","",0,0,"N",0,"N",0,"N",1,0,0,0,"","","","","F","F","F","F","F","F","F","F","F","","","","F","F","F","F","F","","","","",0,0,0,0,0,0,0,0,0,7,"PHI","PHI","NY1",1,"F","F",0,2,0,1,1,"T","F",0,1,"T","T","wrigr102","harpg101","T","T",0,0,0,0,0,0,0,0,0,"","","",0,0,0,0,0,0,0,0,0,0,0,0,0,"kellg101","F","F","F","F",4,0,0,0,1,0,0,0,0,0,F,F,"1925PHI.EVN.regular.event.csv",4768
"PHI192509022","NY1",1,1,1,0,0,"",2,0,"wrigr102","?","wrigr102","?","fitzf101","?","fitzf101","?","devim101","terrb101","frisf101","lindf101","jackt101","kellg101","soutb101","meusi101","leacf101","","","D/F89XDW.1-H","F","F",9,3,21,"T","T",2,"F","F",0,"F","F",1,"F","F",0,"F","F","F","89XDW",0,0,"N",0,"N",0,"N",2,4,0,0,"","","","","F","F","F","F","F","F","F","F","F","fitzf101","","","F","F","F","F","F","","","","",0,0,0,0,0,0,0,0,0,8,"PHI","PHI","NY1",1,"F","F",0,2,0,2,2,"T","F",1,2,"T","T","harpg101","hawkc101","T","T",8,2,7,0,0,0,0,0,0,"devim101","","",0,0,0,0,0,0,0,0,0,0,0,0,1,"","F","F","F","F",0,4,0,0,0,0,0,0,0,0,F,F,"1925PHI.EVN.regular.event.csv",4769
"PHI192509022","NY1",1,1,1,0,0,"",2,1,"harpg101","?","harpg101","?","fitzf101","?","fitzf101","?","devim101","terrb101","frisf101","lindf101","jackt101","kellg101","soutb101","meusi101","","wrigr102","","8/L","F","F",7,4,2,"T","T",0,"F","F",1,"F","F",0,"F","F",8,"L","F","F","",0,0,"N",0,"N",0,"N",0,0,2,0,"8","","","","F","F","F","F","F","F","F","F","F","","fitzf101","","F","F","F","F","F","","","","",0,8,0,0,0,0,0,0,0,9,"PHI","PHI","NY1",1,"F","F",1,2,1,3,3,"T","F",2,2,"T","T","hawkc101","kimmw101","T","T",0,0,0,9,3,8,0,0,0,"","devim101","",0,0,0,0,0,0,0,0,0,0,0,0,0,"soutb101","F","F","F","F",0,0,0,0,0,0,0,0,0,0,F,F,"1925PHI.EVN.regular.event.csv",4770
"PHI192509022","NY1",1,1,2,0,0,"",2,1,"hawkc101","?","hawkc101","?","fitzf101","?","fitzf101","?","devim101","terrb101","frisf101","lindf101","jackt101","kellg101","soutb101","meusi101","","wrigr102","","43","F","F",3,5,2,"T","T",0,"F","F",1,"F","F",0,"F","F",4,"G","F","F","",0,0,"N",0,"N",0,"N",0,0,2,0,"43","","","","F","F","F","F","F","F","F","F","F","","fitzf101","","F","F","F","F","F","","","","",0,3,0,0,4,0,0,0,0,10,"PHI","PHI","NY1",1,"F","T",1,2,1,4,4,"T","F",2,2,"T","T","kimmw101","fribb101","T","T",0,0,0,9,3,8,0,0,0,"","devim101","",0,0,0,0,0,0,0,0,0,0,0,0,0,"frisf101","F","F","F","F",0,0,0,0,0,0,0,0,0,0,F,F,"1925PHI.EVN.regular.event.csv",4771
"PHI192509022","NY1",2,0,0,0,0,"",2,1,"lindf101","?","lindf101","?","decaa101","?","decaa101","?","wendl101","hawkc101","fribb101","kimmw101","sandh101","harpg101","leacf101","wrigr102","","","","S7","T","F",5,6,20,"T","T",1,"F","F",0,"F","F",0,"F","F",7,"","F","F","",0,0,"N",0,"N",0,"N",1,0,0,0,"","","","","F","F","F","F","F","F","F","F","F","","","","F","F","F","F","F","","","","",0,0,0,0,0,0,0,0,0,11,"PHI","NY1","PHI",0,"T","F",2,1,0,5,0,"T","F",0,1,"T","T","jackt101","devim101","T","T",0,0,0,0,0,0,0,0,0,"","","",0,0,0,0,0,0,0,0,0,0,0,0,0,"harpg101","F","F","F","F",0,0,0,0,0,0,0,0,0,0,F,F,"1925PHI.EVN.regular.event.csv",4772
"PHI192509022","NY1",2,0,0,0,0,"",2,1,"jackt101","?","jackt101","?","decaa101","?","decaa101","?","wendl101","hawkc101","fribb101","kimmw101","sandh101","harpg101","leacf101","wrigr102","lindf101","","","64(1)/FO","F","F",6,7,2,"T","T",0,"F","F",1,"F","F",0,"F","F",6,"G","F","F","",0,0,"N",0,"N",0,"N",1,0,0,0,"","64","","","F","F","F","F","F","F","F","F","F","decaa101","","","F","F","F","F","F","","","","",0,4,0,0,6,0,0,0,0,12,"PHI","NY1","PHI",0,"F","F",2,1,0,6,1,"T","F",1,1,"T","T","devim101","fitzf101","T","T",5,6,11,0,0,0,0,0,0,"wendl101","","",0,0,0,0,0,0,0,0,0,0,0,0,0,"sandh101","T","F","F","F",0,0,0,0,0,0,0,0,0,0,F,F,"1925PHI.EVN.regular.event.csv",4773
"PHI192509022","NY1",2,0,1,0,0,"",2,1,"devim101","?","devim101","?","decaa101","?","decaa101","?","wendl101","hawkc101","fribb101","kimmw101","sandh101","harpg101","leacf101","wrigr102","jackt101","","","S7.1-2","F","F",2,8,20,"T","T",1,"F","F",0,"F","F",0,"F","F",7,"","F","F","",0,0,"N",0,"N",0,"N",1,2,0,0,"","","","","F","F","F","F","F","F","F","F","F","decaa101","","","F","F","F","F","F","","","","",0,0,0,0,0,0,0,0,0,13,"PHI","NY1","PHI",0,"F","F",2,1,0,7,2,"T","F",1,3,"T","T","fitzf101","soutb101","T","T",6,7,12,0,0,0,0,0,0,"wendl101","","",0,0,0,0,0,0,0,0,0,0,0,0,0,"harpg101","F","F","F","F",0,0,0,0,0,0,0,0,0,0,F,F,"1925PHI.EVN.regular.event.csv",4774
"PHI192509022","NY1",2,0,1,0,0,"",2,1,"fitzf101","?","fitzf101","?","decaa101","?","decaa101","?","wendl101","hawkc101","fribb101","kimmw101","sandh101","harpg101","leacf101","wrigr102","devim101","jackt101","","7/F","F","F",1,9,2,"T","T",0,"F","F",1,"F","F",0,"F","F",7,"F","F","F","",0,0,"N",0,"N",0,"N",0,1,2,0,"7","","","","F","F","F","F","F","F","F","F","F","decaa101","decaa101","","F","F","F","F","F","","","","",0,7,0,0,0,0,0,0,0,14,"PHI","NY1","PHI",0,"F","F",2,1,0,8,3,"T","F",3,3,"T","T","soutb101","frisf101","T","T",2,8,13,6,7,12,0,0,0,"wendl101","wendl101","",0,0,0,0,0,0,0,0,0,0,0,0,0,"harpg101","F","F","F","F",0,0,0,0,0,0,0,0,0,0,F,F,"1925PHI.EVN.regular.event.csv",4775
"PHI192509022","NY1",2,0,2,0,0,"",2,1,"soutb101","?","soutb101","?","decaa101","?","decaa101","?","wendl101","hawkc101","fribb101","kimmw101","sandh101","harpg101","leacf101","wrigr102","devim101","jackt101","","W.2-3;1-2","F","F",8,1,14,"T","F",0,"F","F",0,"F","F",0,"F","F",0,"","F","F","",0,0,"N",0,"N",0,"N",1,2,3,0,"","","","","F","F","F","F","F","F","F","F","F","decaa101","decaa101","","F","F","F","F","F","","","","",0,0,0,0,0,0,0,0,0,15,"PHI","NY1","PHI",0,"F","F",2,1,0,9,4,"T","F",3,7,"T","T","frisf101","meusi101","T","T",2,8,13,6,7,12,0,0,0,"wendl101","wendl101","",0,0,0,0,0,0,0,0,0,0,0,0,0,"","F","F","F","F",0,0,0,0,0,0,0,0,0,0,F,F,"1925PHI.EVN.regular.event.csv",4776
"PHI192509022","NY1",2,0,2,0,0,"",2,1,"frisf101","?","frisf101","?","decaa101","?","decaa101","?","wendl101","hawkc101","fribb101","kimmw101","sandh101","harpg101","leacf101","wrigr102","soutb101","devim101","jackt101","7/F","F","F",4,2,2,"T","T",0,"F","F",1,"F","F",0,"F","F",7,"F","F","F","",0,0,"N",0,"N",0,"N",0,1,2,3,"7","","","","F","F","F","F","F","F","F","F","F","decaa101","decaa101","decaa101","F","F","F","F","F","","","","",0,7,0,0,0,0,0,0,0,16,"PHI","NY1","PHI",0,"F","T",2,1,0,10,5,"T","F",7,7,"T","T","meusi101","terrb101","T","T",8,1,15,2,8,13,6,7,12,"wendl101","wendl101","wendl101",0,0,0,0,0,0,0,0,0,0,0,0,0,"harpg101","F","F","F","F",0,0,0,0,0,0,0,0,0,0,F,F,"1925PHI.EVN.regular.event.csv",4777
"PHI192509022","NY1",2,1,0,0,0,"",2,1,"kimmw101","?","kimmw101","?","fitzf101","?","fitzf101","?","devim101","terrb101","frisf101","lindf101","jackt101","kellg101","soutb101","meusi101","","","","7/F","T","F",5,6,2,"T","T",0,"F","F",1,"F","F",0,"F","F",7,"F","F","F","",0,0,"N",0,"N",0,"N",0,0,0,0,"7","","","","F","F","F","F","F","F","F","F","F","","","","F","F","F","F","F","","","","",0,7,0,0,0,0,0,0,0,17,"PHI","PHI","NY1",1,"T","F",1,2,0,5,0,"T","F",0,0,"T","T","fribb101","wendl101","T","T",0,0,0,0,0,0,0,0,0,"","","",0,0,0,0,0,0,0,0,0,0,0,0,0,"kellg101","F","F","F","F",0,0,0,0,0,0,0,0,0,0,F,F,"1925PHI.EVN.regular.event.csv",4778
"PHI192509022","NY1",2,1,1,0,0,"",2,1,"fribb101","?","fribb101","?","fitzf101","?","fitzf101","?","devim101","terrb101","frisf101","lindf101","jackt101","kellg101","soutb101","meusi101","","","","S9/9S","F","F",4,7,20,"T","T",1,"F","F",0,"F","F",0,"F","F",9,"","F","F","9S",0,0,"N",0,"N",0,"N",1,0,0,0,"","","","","F","F","F","F","F","F","F","F","F","","","","F","F","F","F","F","","","","",0,0,0,0,0,0,0,0,0,18,"PHI","PHI","NY1",1,"F","F",1,2,0,6,1,"T","F",0,1,"T","T","wendl101","decaa101","T","T",0,0,0,0,0,0,0,0,0,"","","",0,0,0,0,0,0,0,0,0,0,0,0,0,"meusi101","F","F","F","F",0,0,0,0,0,0,0,0,0,0,F,F,"1925PHI.EVN.regular.event.csv",4779
"PHI192509022","NY1",2,1,1,0,0,"",2,1,"wendl101","?","wendl101","?","fitzf101","?","fitzf101","?","devim101","terrb101","frisf101","lindf101","jackt101","kellg101","soutb101","meusi101","fribb101","","","PO1(263)","F","F",2,8,8,"F","F",0,"F","F",1,"F","F",0,"F","F",0,"","F","F","",0,0,"N",0,"N",0,"N",0,0,0,0,"","263","","","F","F","F","F","F","F","T","F","F","fitzf101","","","F","F","F","F","F","","","","",0,3,0,0,2,6,0,0,0,19,"PHI","PHI","NY1",1,"F","F",1,2,0,7,2,"T","F",1,0,"T","T","decaa101","sandh101","T","T",4,7,18,0,0,0,0,0,0,"devim101","","",0,0,0,0,0,0,0,0,0,0,0,0,0,"","F","F","F","F",0,0,0,0,0,0,0,0,0,0,F,F,"1925PHI.EVN.regular.event.csv",4780
"PHI192509022","NY1",2,1,2,0,0,"",2,1,"wendl101","?","wendl101","?","fitzf101","?","fitzf101","?","devim101","terrb101","frisf101","lindf101","jackt101","kellg101","soutb101","meusi101","","","","3/L","F","F",2,8,2,"T","T",0,"F","F",1,"F","F",0,"F","F",3,"L","F","F","",0,0,"N",0,"N",0,"N",0,0,0,0,"3","","","","F","F","F","F","F","F","F","F","F","","","","F","F","F","F","F","","","","",0,3,0,0,0,0,0,0,0,20,"PHI","PHI","NY1",1,"F","T",1,2,0,7,2,"F","F",0,0,"T","T","decaa101","sandh101","T","T",0,0,0,0,0,0,0,0,0,"","","",0,0,0,0,0,0,0,0,0,0,0,0,0,"terrb101","F","F","F","F",0,0,0,0,0,0,0,0,0,0,F,F,"1925PHI.EVN.regular.event.csv",4781
"PHI192509022","NY1",3,0,0,0,0,"",2,1,"meusi101","?","meusi101","?","decaa101","?","decaa101","?","wendl101","hawkc101","fribb101","kimmw101","sandh101","harpg101","leacf101","wrigr102","","","","K","T","F",9,3,3,"T","T",0,"F","F",1,"F","F",0,"F","F",0,"","F","F","",0,0,"N",0,"N",0,"N",0,0,0,0,"2","","","","F","F","F","F","F","F","F","F","F","","","","F","F","F","F","F","","","","",0,2,0,0,0,0,0,0,0,21,"PHI","NY1","PHI",0,"T","F",2,1,0,11,0,"T","F",0,0,"T","T","terrb101","kellg101","T","T",0,0,0,0,0,0,0,0,0,"","","",0,0,0,0,0,0,0,0,0,0,0,0,0,"","F","F","F","F",0,0,0,0,2,0,0,0,0,0,F,F,"1925PHI.EVN.regular.event.csv",4782
"PHI192509022","NY1",3,0,1,0,0,"",2,1,"terrb101","?","terrb101","?","decaa101","?","decaa101","?","wendl101","hawkc101","fribb101","kimmw101","sandh101","harpg101","leacf101","wrigr102","","","","S7","F","F",3,4,20,"T","T",1,"F","F",0,"F","F",0,"F","F",7,"","F","F","",0,0,"N",0,"N",0,"N",1,0,0,0,"","","","","F","F","F","F","F","F","F","F","F","","","","F","F","F","F","F","","","","",0,0,0,0,0,0,0,0,0,22,"PHI","NY1","PHI",0,"F","F",2,1,0,12,1,"T","F",0,1,"T","T","kellg101","lindf101","T","T",0,0,0,0,0,0,0,0,0,"","","",0,0,0,0,0,0,0,0,0,0,0,0,0,"harpg101","F","F","F","F",0,0,0,0,2,0,0,0,0,0,F,F,"1925PHI.EVN.regular.event.csv",4783
"PHI192509022","NY1",3,0,1,0,0,"",2,1,"kellg101","?","kellg101","?","decaa101","?","decaa101","?","wendl101","hawkc101","fribb101","kimmw101","sandh101","harpg101","leacf101","wrigr102","terrb101","","","64(1)/FO","F","F",7,5,2,"T","T",0,"F","F",1,"F","F",0,"F","F",6,"G","F","F","",0,0,"N",0,"N",0,"N",1,0,0,0,"","64","","","F","F","F","F","F","F","F","F","F","decaa101","","","F","F","F","F","F","","","","",0,4,0,0,6,0,0,0,0,23,"PHI","NY1","PHI",0,"F","F",2,1,0,13,2,"T","F",1,1,"T","T","lindf101","jackt101","T","T",3,4,22,0,0,0,0,0,0,"wendl101","","",0,0,0,0,0,0,0,0,0,0,0,0,0,"sandh101","T","F","F","F",4,0,0,0,2,0,0,0,0,0,F,F,"1925PHI.EVN.regular.event.csv",4784
"PHI192509022","NY1",3,0,2,0,0,"",2,1,"lindf101","?","lindf101","?","decaa101","?","decaa101","?","wendl101","hawkc101","fribb101","kimmw101","sandh101","harpg101","leacf101","wrigr102","kellg101","","","HR/7.1-H","F","F",5,6,23,"T","T",4,"F","F",0,"F","F",2,"F","F",0,"","F","F","7",0,0,"N",0,"N",0,"N",4,4,0,0,"","","","","F","F","F","F","F","F","F","F","F","decaa101","","","F","F","F","F","F","","","","",0,0,0,0,0,0,0,0,0,24,"PHI","NY1","PHI",0,"F","F",2,1,0,14,3,"T","F",1,0,"T","T","jackt101","devim101","T","T",7,5,23,0,0,0,0,0,0,"wendl101","","",0,0,0,0,0,0,0,0,0,0,0,0,2,"","F","F","F","F",4,4,0,0,0,0,0,0,0,0,F,F,"1925PHI.EVN.regular.event.csv",4785
"PHI192509022","NY1",3,0,2,0,0,"",4,1,"jackt101","?","jackt101","?","decaa101","?","decaa101","?","wendl101","hawkc101","fribb101","kimmw101","sandh101","harpg101","leacf101","wrigr102","","","","5/FL","F","F",6,7,2,"T","T",0,"F","F",1,"F","F",0,"F","F",5,"F","F","T","",0,0,"N",0,"N",0,"N",0,0,0,0,"5","","","","F","F","F","F","F","F","F","F","F","","","","F","F","F","F","F","","","","",0,5,0,0,0,0,0,0,0,25,"PHI","NY1","PHI",0,"F","T",4,1,2,15,4,"T","F",0,0,"T","T","devim101","fitzf101","T","T",0,0,0,0,0,0,0,0,0,"","","",0,0,0,0,0,0,0,0,0,0,0,0,0,"kimmw101","F","F","F","F",0,0,0,0,0,0,0,0,0,0,F,F,"1925PHI.EVN.regular.event.csv",4786
"PHI192509022","NY1",3,1,0,0,0,"",4,1,"decaa101","?","decaa101","?","fitzf101","?","fitzf101","?","devim101","terrb101","frisf101","lindf101","jackt101","kellg101","soutb101","meusi101","","","","S9","T","F",1,9,20,"T","T",1,"F","F",0,"F","F",0,"F","F",9,"","F","F","",0,0,"N",0,"N",0,"N",1,0,0,0,"","","","","F","F","F","F","F","F","F","F","F","","","","F","F","F","F","F","","","","",0,0,0,0,0,0,0,0,0,26,"PHI","PHI","NY1",1,"T","F",1,4,0,8,0,"T","F",0,1,"T","T","sandh101","leacf101","T","T",0,0,0,0,0,0,0,0,0,"","","",0,0,0,0,0,0,0,0,0,0,0,0,0,"meusi101","F","F","F","F",4,0,0,0,1,0,0,0,0,0,F,F,"1925PHI.EVN.regular.event.csv",4787
"PHI192509022","NY1",3,1,0,0,0,"",4,1,"sandh101","?","sandh101","?","fitzf101","?","fitzf101","?","devim101","terrb101","frisf101","lindf101","jackt101","kellg101","soutb101","meusi101","decaa101","","","S9.1-2","F","F",6,1,20,"T","T",1,"F","F",0,"F","F",0,"F","F",9,"","F","F","",0,0,"N",0,"N",0,"N",1,2,0,0,"","","","","F","F","F","F","F","F","F","F","F","fitzf101","","","F","F","F","F","F","","","","",0,0,0,0,0,0,0,0,0,27,"PHI","PHI","NY1",1,"F","F",1,4,0,9,1,"T","F",1,3,"T","T","leacf101","wrigr102","T","T",1,9,26,0,0,0,0,0,0,"devim101","","",0,0,0,0,0,0,0,0,0,0,0,0,0,"meusi101","F","F","F","F",0,4,0,0,1,0,0,0,0,0,F,F,"1925PHI.EVN.regular.event.csv",4788
"PHI192509022","NY1",3,1,0,0,0,"",4,1,"leacf101","?","leacf101","?","fitzf101","?","fitzf101","?","devim101","terrb101","frisf101","lindf101","jackt101","kellg101","soutb101","meusi101","sandh101","decaa101","","3/G.2-3;1-2","F","F",8,2,2,"T","T",0,"F","F",1,"F","F",0,"F","F",3,"G","F","F","",0,0,"N",0,"N",0,"N",0,2,3,0,"3","","","","F","F","F","F","F","F","F","F","F","fitzf101","fitzf101","","F","F","F","F","F","","","","",0,3,0,0,0,0,0,0,0,28,"PHI","PHI","NY1",1,"F","F",1,4,0,10,2,"T","F",3,6,"T","T","wrigr102","harpg101","T","T",6,1,27,1,9,26,0,0,0,"devim101","devim101","",0,0,0,0,0,0,0,0,0,0,0,0,0,"terrb101","F","F","F","F",0,0,4,0,1,0,0,0,0,0,F,F,"1925PHI.EVN.regular.event.csv",4789
"PHI192509022","NY1",3,1,1,0,0,"",4,1,"wrigr102","?","wrigr102","?","fitzf101","?","fitzf101","?","devim101","terrb101","frisf101","lindf101","jackt101","kellg101","soutb101","meusi101","","sandh101","decaa101","3/G.3-H;2-3","F","F",9,3,2,"T","T",0,"F","F",1,"F","F",1,"F","F",3,"G","F","F","",0,0,"N",0,"N",0,"N",0,0,3,4,"3","","","","F","F","F","F","F","F","F","F","F","","fitzf101","fitzf101","F","F","F","F","F","","","","",0,3,0,0,0,0,0,0,0,29,"PHI","PHI","NY1",1,"F","F",1,4,0,11,3,"T","F",6,4,"T","T","harpg101","hawkc101","T","T",0,0,0,6,1,27,1,9,26,"","devim101","devim101",0,0,0,0,0,0,0,0,0,0,0,0,1,"terrb101","F","F","F","F",0,0,0,4,0,0,0,0,0,0,F,F,"1925PHI.EVN.regular.event.csv",4790
"PHI192509022","NY1",3,1,2,0,0,"",4,2,"harpg101","?","harpg101","?","fitzf101","?","fitzf101","?","devim101","terrb101","frisf101","lindf101","jackt101","kellg101","soutb101","meusi101","","","sandh101","43","F","F",7,4,2,"T","T",0,"F","F",1,"F","F",0,"F","F",4,"G","F","F","",0,0,"N",0,"N",0,"N",0,0,0,3,"43","","","","F","F","F","F","F","F","F","F","F","","","fitzf101","F","F","F","F","F","","","","",0,3,0,0,4,0,0,0,0,30,"PHI","PHI","NY1",1,"F","T",2,4,1,12,4,"T","F",4,4,"T","T","hawkc101","kimmw101","T","T",0,0,0,0,0,0,6,1,27,"","","devim101",0,0,0,0,0,0,0,0,0,0,0,0,0,"frisf101","F","F","F","F",0,0,0,0,0,0,0,0,0,0,F,F,"1925PHI.EVN.regular.event.csv",4791
"PHI192509022","NY1",4,0,0,0,0,"",4,2,"devim101","?","devim101","?","decaa101","?","decaa101","?","wendl101","hawkc101","fribb101","kimmw101","sandh101","harpg101","leacf101","wrigr102","","","","7/F","T","F",2,8,2,"T","T",0,"F","F",1,"F","F",0,"F","F",7,"F","F","F","",0,0,"N",0,"N",0,"N",0,0,0,0,"7","","","","F","F","F","F","F","F","F","F","F","","","","F","F","F","F","F","","","","",0,7,0,0,0,0,0,0,0,31,"PHI","NY1","PHI",0,"T","F",4,2,0,16,0,"T","F",0,0,"T","T","fitzf101","soutb101","T","T",0,0,0,0,0,0,0,0,0,"","","",0,0,0,0,0,0,0,0,0,0,0,0,0,"harpg101","F","F","F","F",0,0,0,0,2,0,0,0,0,0,F,F,"1925PHI.EVN.regular.event.csv",4792
"PHI192509022","NY1",4,0,1,0,0,"",4,2,"fitzf101","?","fitzf101","?","decaa101","?","decaa101","?","wendl101","hawkc101","fribb101","kimmw101","sandh101","harpg101","leacf101","wrigr102","","","","D7","F","F",1,9,21,"T","T",2,"F","F",0,"F","F",0,"F","F",7,"","F","F","",0,0,"N",0,"N",0,"N",2,0,0,0,"","","","","F","F","F","F","F","F","F","F","F","","","","F","F","F","F","F","","","","",0,0,0,0,0,0,0,0,0,32,"PHI","NY1","PHI",0,"F","F",4,2,0,17,1,"T","F",0,2,"T","T","soutb101","frisf101","T","T",0,0,0,0,0,0,0,0,0,"","","",0,0,0,0,0,0,0,0,0,0,0,0,0,"harpg101","F","F","F","F",4,0,0,0,2,0,0,0,0,0,F,F,"1925PHI.EVN.regular.event.csv",4793
"PHI192509022","NY1",4,0,1,0,0,"",4,2,"soutb101","?","soutb101","?","decaa101","?","decaa101","?","wendl101","hawkc101","fribb101","kimmw101","sandh101","harpg101","leacf101","wrigr102","","fitzf101","","7/F","F","F",8,1,2,"T","T",0,"F","F",1,"F","F",0,"F","F",7,"F","F","F","",0,0,"N",0,"N",0,"N",0,0,2,0,"7","","","","F","F","F","F","F","F","F","F","F","","decaa101","","F","F","F","F","F","","","","",0,7,0,0,0,0,0,0,0,33,"PHI","NY1","PHI",0,"F","F",4,2,0,18,2,"T","F",2,2,"T","T","frisf101","meusi101","T","T",0,0,0,1,9,32,0,0,0,"","wendl101","",0,0,0,0,0,0,0,0,0,0,0,0,0,"harpg101","F","F","F","F",0,0,4,0,2,0,0,0,0,0,F,F,"1925PHI.EVN.regular.event.csv",4794
"PHI192509022","NY1",4,0,2,0,0,"",4,2,"frisf101","?","frisf101","?","decaa101","?","decaa101","?","wendl101","hawkc101","fribb101","kimmw101","sandh101","harpg101","leacf101","wrigr102","","fitzf101","","D7.2-H","F","F",4,2,21,"T","T",2,"F","F",0,"F","F",1,"F","F",7,"","F","F","",0,0,"N",0,"N",0,"N",2,0,4,0,"","","","","F","F","F","F","F","F","F","F","F","","decaa101","","F","F","F","F","F","","","","",0,0,0,0,0,0,0,0,0,34,"PHI","NY1","PHI",0,"F","F",4,2,0,19,3,"T","F",2,2,"T","T","meusi101","terrb101","T","T",0,0,0,1,9,32,0,0,0,"","wendl101","",0,0,0,0,0,0,0,0,0,0,0,0,1,"harpg101","F","F","F","F",4,0,4,0,1,0,0,0,0,0,F,F,"1925PHI.EVN.regular.event.csv",4795
"PHI192509022","NY1",4,0,2,0,0,"",5,2,"meusi101","?","meusi101","?","decaa101","?","decaa101","?","wendl101","hawkc101","fribb101","kimmw101","sandh101","harpg101","leacf101","wrigr102","","frisf101","","S9.2-H;B-2(THH)","F","F",9,3,20,"T","T",1,"F","F",0,"F","F",1,"F","F",9,"","F","F","",0,0,"N",0,"N",0,"N",2,0,4,0,"","","","","F","F","F","F","F","F","F","F","F","","decaa101","","F","F","F","F","F","","","","",0,0,0,0,0,0,0,0,0,35,"PHI","NY1","PHI",0,"F","F",5,2,1,20,4,"T","F",2,2,"T","T","terrb101","kellg101","T","T",0,0,0,4,2,34,0,0,0,"","wendl101","",0,0,0,0,0,0,0,0,0,0,0,0,1,"wrigr102","F","F","F","F",0,0,4,0,0,0,0,0,0,0,F,F,"1925PHI.EVN.regular.event.csv",4796
"PHI192509022","NY1",4,0,2,0,0,"",6,2,"terrb101","?","terrb101","?","betth101","?","betth101","?","wendl101","hawkc101","fribb101","kimmw101","sandh101","harpg101","leacf101","wrigr102","","meusi101","","W","F","F",3,4,14,"T","F",0,"F","F",0,"F","F",0,"F","F",0,"","F","F","",0,0,"N",0,"N",0,"N",1,0,2,0,"","","","","F","F","F","F","F","F","F","F","F","","decaa101","","F","F","F","F","F","","","","",0,0,0,0,0,0,0,0,0,36,"PHI","NY1","PHI",0,"F","F",6,2,2,21,5,"T","F",2,3,"T","T","kellg101","lindf101","F","F",0,0,0,9,3,35,0,0,0,"","wendl101","",0,0,0,0,0,0,0,0,0,0,0,0,0,"","F","F","F","F",0,0,0,0,0,0,0,0,0,0,F,F,"1925PHI.EVN.regular.event.csv",4797
"PHI192509022","NY1",4,0,2,0,0,"",6,2,"kellg101","?","kellg101","?","betth101","?","betth101","?","wendl101","hawkc101","fribb101","kimmw101","sandh101","harpg101","leacf101","wrigr102","terrb101","meusi101","","54(1)/FO","F","F",7,5,2,"T","T",0,"F","F",1,"F","F",0,"F","F",5,"G","F","F","",0,0,"N",0,"N",0,"N",1,0,2,0,"","54","","","F","F","F","F","F","F","F","F","F","betth101","decaa101","","F","F","F","F","F","","","","",0,4,0,0,5,0,0,0,0,37,"PHI","NY1","PHI",0,"F","T",6,2,2,22,6,"T","F",3,3,"T","T","lindf101","jackt101","F","F",3,4,36,9,3,35,0,0,0,"wendl101","wendl101","",0,0,0,0,0,0,0,0,0,0,0,0,0,"kimmw101","T","F","F","F",0,0,0,0,0,0,0,0,0,0,F,F,"1925PHI.EVN.regular.event.csv",4798
"PHI192509022","NY1",4,1,0,0,0,"",6,2,"hawkc101","?","hawkc101","?","fitzf101","?","fitzf101","?","devim101","terrb101","frisf101","lindf101","jackt101","kellg101","soutb101","meusi101","","","","W","T","F",3,5,14,"T","F",0,"F","F",0,"F","F",0,"F","F",0,"","F","F","",0,0,"N",0,"N",0,"N",1,0,0,0,"","","","","F","F","F","F","F","F","F","F","F","","","","F","F","F","F","F","","","","",0,0,0,0,0,0,0,0,0,38,"PHI","PHI","NY1",1,"T","F",2,6,0,13,0,"T","F",0,1,"T","T","kimmw101","fribb101","T","T",0,0,0,0,0,0,0,0,0,"","","",0,0,0,0,0,0,0,0,0,0,0,0,0,"","F","F","F","F",4,0,0,0,1,0,0,0,0,0,F,F,"1925PHI.EVN.regular.event.csv",4799
"PHI192509022","NY1",4,1,0,0,0,"",6,2,"kimmw101","?","kimmw101","?","fitzf101","?","fitzf101","?","devim101","terrb101","frisf101","lindf101","jackt101","kellg101","soutb101","meusi101","hawkc101","","","S7.1-2","F","F",5,6,20,"T","T",1,"F","F",0,"F","F",0,"F","F",7,"","F","F","",0,0,"N",0,"N",0,"N",1,2,0,0,"","","","","F","F","F","F","F","F","F","F","F","fitzf101","","","F","F","F","F","F","","","","",0,0,0,0,0,0,0,0,0,39,"PHI","PHI","NY1",1,"F","F",2,6,0,14,1,"T","F",1,3,"T","T","fribb101","wendl101","T","T",3,5,38,0,0,0,0,0,0,"devim101","","",0,0,0,0,0,0,0,0,0,0,0,0,0,"kellg101","F","F","F","F",0,4,0,0,1,0,0,0,0,0,F,F,"1925PHI.EVN.regular.event.csv",4800
"PHI192509022","NY1",4,1,0,0,0,"",6,2,"fribb101","?","fribb101","?","fitzf101","?","fitzf101","?","devim101","terrb101","frisf101","lindf101","jackt101","kellg101","soutb101","meusi101","kimmw101","hawkc101","","9/F.2-3","F","F",4,7,2,"T","T",0,"F","F",1,"F","F",0,"F","F",9,"F","F","F","",0,0,"N",0,"N",0,"N",0,1,3,0,"9","","","","F","F","F","F","F","F","F","F","F","fitzf101","fitzf101","","F","F","F","F","F","","","","",0,9,0,0,0,0,0,0,0,40,"PHI","PHI","NY1",1,"F","F",2,6,0,15,2,"T","F",3,5,"T","T","wendl101","betth101","T","T",5,6,39,3,5,38,0,0,0,"devim101","devim101","",0,0,0,0,0,0,0,0,0,0,0,0,0,"meusi101","F","F","F","F",0,0,4,0,1,0,0,0,0,0,F,F,"1925PHI.EVN.regular.event.csv",4801
"PHI192509022","NY1",4,1,1,0,0,"",6,2,"wendl101","?","wendl101","?","fitzf101","?","fitzf101","?","devim101","terrb101","frisf101","lindf101","jackt101","kellg101","soutb101","meusi101","kimmw101","","hawkc101","9/SF.3-H","F","F",2,8,2,"T","F",0,"F","T",1,"F","F",1,"F","F",9,"F","F","F","",0,0,"N",0,"N",0,"N",0,1,0,4,"9","","","","F","F","F","F","F","F","F","F","F","fitzf101","","fitzf101","F","F","F","F","F","","","","",0,9,0,0,0,0,0,0,0,41,"PHI","PHI","NY1",1,"F","F",2,6,0,16,3,"T","F",5,1,"T","T","betth101","sandh101","T","T",5,6,39,0,0,0,3,5,38,"devim101","","devim101",0,0,0,0,0,0,0,0,0,0,0,0,1,"meusi101","F","F","F","F",0,0,0,4,0,0,0,0,0,0,F,F,"1925PHI.EVN.regular.event.csv",4802
"PHI192509022","NY1",4,1,2,0,0,"",6,3,"betth101","?","betth101","?","fitzf101","?","fitzf101","?","devim101","terrb101","frisf101","lindf101","jackt101","kellg101","soutb101","meusi101","kimmw101","","","14(1)/FO","F","F",1,9,2,"T","T",0,"F","F",1,"F","F",0,"F","F",1,"G","F","F","",0,0,"N",0,"N",0,"N",1,0,0,0,"","14","","","F","F","F","F","F","F","F","F","F","fitzf101","","","F","F","F","F","F","","","","",0,4,0,0,1,0,0,0,0,42,"PHI","PHI","NY1",1,"F","T",3,6,1,17,4,"T","F",1,1,"F","F","sandh101","leacf101","T","T",5,6,39,0,0,0,0,0,0,"devim101","","",0,0,0,0,0,0,0,0,0,0,0,0,0,"fitzf101","T","F","F","F",0,0,0,0,0,0,0,0,0,0,F,F,"1925PHI.EVN.regular.event.csv",4803
"PHI192509022","NY1",5,0,0,0,0,"",6,3,"lindf101","?","lindf101","?","betth101","?","betth101","?","wendl101","hawkc101","fribb101","kimmw101","sandh101","harpg101","leacf101","wrigr102","","","","5/P","T","F",5,6,2,"T","T",0,"F","F",1,"F","F",0,"F","F",5,"P","F","F","",0,0,"N",0,"N",0,"N",0,0,0,0,"5","","","","F","F","F","F","F","F","F","F","F","","","","F","F","F","F","F","","","","",0,5,0,0,0,0,0,0,0,43,"PHI","NY1","PHI",0,"T","F",6,3,0,23,0,"T","F",0,0,"T","T","jackt101","devim101","F","F",0,0,0,0,0,0,0,0,0,"","","",0,0,0,0,0,0,0,0,0,0,0,0,0,"kimmw101","F","F","F","F",0,0,0,0,4,0,0,0,0,0,F,F,"1925PHI.EVN.regular.event.csv",4804
"PHI192509022","NY1",5,0,1,0,0,"",6,3,"jackt101","?","jackt101","?","betth101","?","betth101","?","wendl101","hawkc101","fribb101","kimmw101","sandh101","harpg101","leacf101","wrigr102","","","","S/BG25","F","F",6,7,20,"T","T",1,"F","F",0,"F","F",0,"F","F",0,"G","T","F","25",0,0,"N",0,"N",0,"N",1,0,0,0,"","","","","F","F","F","F","F","F","F","F","F","","","","F","F","F","F","F","","","","",0,0,0,0,0,0,0,0,0,44,"PHI","NY1","PHI",0,"F","F",6,3,0,24,1,"T","F",0,1,"T","T","devim101","fitzf101","F","F",0,0,0,0,0,0,0,0,0,"","","",0,0,0,0,0,0,0,0,0,0,0,0,0,"","F","F","F","F",4,0,0,0,4,0,0,0,0,0,F,F,"1925PHI.EVN.regular.event.csv",4805
"PHI192509022","NY1",5,0,1,0,0,"",6,3,"devim101","?","devim101","?","betth101","?","betth101","?","wendl101","hawkc101","fribb101","kimmw101","sandh101","harpg101","leacf101","wrigr102","jackt101","","","53.1-2","F","F",2,8,2,"T","T",0,"F","F",1,"F","F",0,"F","F",5,"G","F","F","",0,0,"N",0,"N",0,"N",0,2,0,0,"53","","","","F","F","F","F","F","F","F","F","F","betth101","","","F","F","F","F","F","","","","",0,3,0,0,5,0,0,0,0,45,"PHI","NY1","PHI",0,"F","F",6,3,0,25,2,"T","F",1,2,"T","T","fitzf101","soutb101","F","F",6,7,44,0,0,0,0,0,0,"wendl101","","",0,0,0,0,0,0,0,0,0,0,0,0,0,"kimmw101","F","F","F","F",0,4,0,0,4,0,0,0,0,0,F,F,"1925PHI.EVN.regular.event.csv",4806
"PHI192509022","NY1",5,0,2,0,0,"",6,3,"fitzf101","?","fitzf101","?","betth101","?","betth101","?","wendl101","hawkc101","fribb101","kimmw101","sandh101","harpg101","leacf101","wrigr102","","jackt101","","S4/G4M.2-3","F","F",1,9,20,"T","T",1,"F","F",0,"F","F",0,"F","F",4,"G","F","F","4M",0,0,"N",0,"N",0,"N",1,0,3,0,"","","","","F","F","F","F","F","F","F","F","F","","betth101","","F","F","F","F","F","","","","",0,0,0,0,0,0,0,0,0,46,"PHI","NY1","PHI",0,"F","F",6,3,0,26,3,"T","F",2,5,"T","T","soutb101","frisf101","F","F",0,0,0,6,7,44,0,0,0,"","wendl101","",0,0,0,0,0,0,0,0,0,0,0,0,0,"fribb101","F","F","F","F",5,0,4,0,4,0,0,0,0,0,F,F,"1925PHI.EVN.regular.event.csv",4807
"PHI192509022","NY1",5,0,2,0,0,"",6,3,"soutb101","?","soutb101","?","betth101","?","betth101","?","wendl101","hawkc101","fribb101","kimmw101","sandh101","harpg101","leacf101","wrigr102","fitzf101","","jackt101","S8.3-H;1-2","F","F",8,1,20,"T","T",1,"F","F",0,"F","F",1,"F","F",8,"","F","F","",0,0,"N",0,"N",0,"N",1,2,0,4,"","","","","F","F","F","F","F","F","F","F","F","betth101","","betth101","F","F","F","F","F","","","","",0,0,0,0,0,0,0,0,0,47,"PHI","NY1","PHI",0,"F","F",6,3,0,27,4,"T","F",5,3,"T","T","frisf101","meusi101","F","F",1,9,46,0,0,0,6,7,44,"wendl101","","wendl101",0,0,0,0,0,0,0,0,0,0,0,0,1,"leacf101","F","F","F","F",5,5,0,4,3,0,0,0,0,0,F,F,"1925PHI.EVN.regular.event.csv",4808
"PHI192509022","NY1",5,0,2,0,0,"",7,3,"frisf101","?","frisf101","?","betth101","?","betth101","?","wendl101","hawkc101","fribb101","kimmw101","sandh101","harpg101","leacf101","wrigr102","soutb101","fitzf101","","E3/G.2-3;1-2","F","F",4,2,18,"T","T",0,"F","F",0,"F","F",0,"F","F",3,"G","F","F","",1,3,"F",0,"N",0,"N",1,2,3,0,"","","","","F","F","F","F","F","F","F","F","F","betth101","betth101","","F","F","F","F","F","","","","",0,0,0,0,0,0,0,0,0,48,"PHI","NY1","PHI",0,"F","F",7,3,1,28,5,"T","F",3,7,"T","T","meusi101","terrb101","F","F",8,1,47,1,9,46,0,0,0,"wendl101","wendl101","",0,0,0,0,0,0,0,0,0,0,0,0,0,"hawkc101","F","F","F","T",5,5,5,0,3,0,0,0,0,0,F,F,"1925PHI.EVN.regular.event.csv",4809
"PHI192509022","NY1",5,0,2,0,0,"",7,3,"meusi101","?","meusi101","?","betth101","?","betth101","?","wendl101","hawkc101","fribb101","kimmw101","sandh101","harpg101","leacf101","wrigr102","frisf101","soutb101","fitzf101","D9/F9DW.3-H(UR);2-H(UR);1-H(UR)","F","F",9,3,21,"T","T",2,"F","F",0,"F","F",3,"F","F",9,"F","F","F","9DW",0,0,"N",0,"N",0,"N",2,5,5,5,"","","","","F","F","F","F","F","F","F","F","F","betth101","betth101","betth101","F","F","F","F","F","","","","",0,0,0,0,0,0,0,0,0,49,"PHI","NY1","PHI",0,"F","F",7,3,1,29,6,"T","F",7,2,"T","T","terrb101","kellg101","F","F",4,2,48,8,1,47,1,9,46,"wendl101","wendl101","wendl101",0,0,0,0,0,0,0,0,0,0,0,0,3,"wrigr102","F","F","F","F",0,5,5,5,0,0,0,0,0,0,F,F,"1925PHI.EVN.regular.event.csv",4810
"PHI192509022","NY1",5,0,2,0,0,"",10,3,"terrb101","?","terrb101","?","pierr101","?","pierr101","?","wendl101","hawkc101","fribb101","kimmw101","sandh101","harpg101","leacf101","wrigr102","","meusi101","","43","F","F",3,4,2,"T","T",0,"F","F",1,"F","F",0,"F","F",4,"G","F","F","",0,0,"N",0,"N",0,"N",0,0,2,0,"43","","","","F","F","F","F","F","F","F","F","F","","betth101","","F","F","F","F","F","","","","",0,3,0,0,4,0,0,0,0,50,"PHI","NY1","PHI",0,"F","T",10,3,4,30,7,"T","F",2,2,"T","T","kellg101","lindf101","F","F",0,0,0,9,3,49,0,0,0,"","wendl101","",0,0,0,0,0,0,0,0,0,0,0,0,0,"fribb101","F","F","F","F",0,0,0,0,0,0,0,0,0,0,F,F,"1925PHI.EVN.regular.event.csv",4811
"PHI192509022","NY1",5,1,0,0,0,"",10,3,"sandh101","?","sandh101","?","fitzf101","?","fitzf101","?","devim101","terrb101","frisf101","lindf101","jackt101","kellg101","soutb101","meusi101","","","","9/F","T","F",6,1,2,"T","T",0,"F","F",1,"F","F",0,"F","F",9,"F","F","F","",0,0,"N",0,"N",0,"N",0,0,0,0,"9","","","","F","F","F","F","F","F","F","F","F","","","","F","F","F","F","F","","","","",0,9,0,0,0,0,0,0,0,51,"PHI","PHI","NY1",1,"T","F",3,10,0,18,0,"T","F",0,0,"T","T","leacf101","wrigr102","T","T",0,0,0,0,0,0,0,0,0,"","","",0,0,0,0,0,0,0,0,0,0,0,0,0,"meusi101","F","F","F","F",0,0,0,0,0,0,0,0,0,0,F,F,"1925PHI.EVN.regular.event.csv",4812
"PHI192509022","NY1",5,1,1,0,0,"",10,3,"leacf101","?","leacf101","?","fitzf101","?","fitzf101","?","devim101","terrb101","frisf101","lindf101","jackt101","kellg101","soutb101","meusi101","","","","7/F","F","F",8,2,2,"T","T",0,"F","F",1,"F","F",0,"F","F",7,"F","F","F","",0,0,"N",0,"N",0,"N",0,0,0,0,"7","","","","F","F","F","F","F","F","F","F","F","","","","F","F","F","F","F","","","","",0,7,0,0,0,0,0,0,0,52,"PHI","PHI","NY1",1,"F","F",3,10,0,19,1,"T","F",0,0,"T","T","wrigr102","harpg101","T","T",0,0,0,0,0,0,0,0,0,"","","",0,0,0,0,0,0,0,0,0,0,0,0,0,"kellg101","F","F","F","F",0,0,0,0,0,0,0,0,0,0,F,F,"1925PHI.EVN.regular.event.csv",4813
"PHI192509022","NY1",5,1,2,0,0,"",10,3,"wrigr102","?","wrigr102","?","fitzf101","?","fitzf101","?","devim101","terrb101","frisf101","lindf101","jackt101","kellg101","soutb101","meusi101","","","","9/F","F","F",9,3,2,"T","T",0,"F","F",1,"F","F",0,"F","F",9,"F","F","F","",0,0,"N",0,"N",0,"N",0,0,0,0,"9","","","","F","F","F","F","F","F","F","F","F","","","","F","F","F","F","F","","","","",0,9,0,0,0,0,0,0,0,53,"PHI","PHI","NY1",1,"F","T",3,10,0,20,2,"T","F",0,0,"T","T","harpg101","hawkc101","T","T",0,0,0,0,0,0,0,0,0,"","","",0,0,0,0,0,0,0,0,0,0,0,0,0,"meusi101","F","F","F","F",0,0,0,0,0,0,0,0,0,0,F,F,"1925PHI.EVN.regular.event.csv",4814
"PHI192509022","NY1",6,0,0,0,0,"",10,3,"kellg101","?","kellg101","?","pierr101","?","pierr101","?","wendl101","hawkc101","fribb101","kimmw101","sandh101","harpg101","leacf101","wrigr102","","","","S9","T","F",7,5,20,"T","T",1,"F","F",0,"F","F",0,"F","F",9,"","F","F","",0,0,"N",0,"N",0,"N",1,0,0,0,"","","","","F","F","F","F","F","F","F","F","F","","","","F","F","F","F","F","","","","",0,0,0,0,0,0,0,0,0,54,"PHI","NY1","PHI",0,"T","F",10,3,0,31,0,"T","F",0,1,"T","T","lindf101","jackt101","F","F",0,0,0,0,0,0,0,0,0,"","","",0,0,0,0,0,0,0,0,0,0,0,0,0,"wrigr102","F","F","F","F",4,0,0,0,9,0,0,0,0,0,F,F,"1925PHI.EVN.regular.event.csv",4815
"PHI192509022","NY1",6,0,0,0,0,"",10,3,"lindf101","?","lindf101","?","pierr101","?","pierr101","?","wendl101","hawkc101","fribb101","kimmw101","sandh101","harpg101","leacf101","wrigr102","kellg101","","","S9.1-2","F","F",5,6,20,"T","T",1,"F","F",0,"F","F",0,"F","F",9,"","F","F","",0,0,"N",0,"N",0,"N",1,2,0,0,"","","","","F","F","F","F","F","F","F","F","F","pierr101","","","F","F","F","F","F","","","","",0,0,0,0,0,0,0,0,0,55,"PHI","NY1","PHI",0,"F","F",10,3,0,32,1,"T","F",1,3,"T","T","jackt101","devim101","F","F",7,5,54,0,0,0,0,0,0,"wendl101","","",0,0,0,0,0,0,0,0,0,0,0,0,0,"wrigr102","F","F","F","F",4,4,0,0,9,0,0,0,0,0,F,F,"1925PHI.EVN.regular.event.csv",4816
"PHI192509022","NY1",6,0,0,0,0,"",10,3,"jackt101","?","jackt101","?","pierr101","?","pierr101","?","wendl101","hawkc101","fribb101","kimmw101","sandh101","harpg101","leacf101","wrigr102","lindf101","kellg101","","S/G3S.2-3;1-2","F","F",6,7,20,"T","T",1,"F","F",0,"F","F",0,"F","F",0,"G","F","F","3S",0,0,"N",0,"N",0,"N",1,2,3,0,"","","","","F","F","F","F","F","F","F","F","F","pierr101","pierr101","","F","F","F","F","F","","","","",0,0,0,0,0,0,0,0,0,56,"PHI","NY1","PHI",0,"F","F",10,3,0,33,2,"T","F",3,7,"T","T","devim101","fitzf101","F","F",5,6,55,7,5,54,0,0,0,"wendl101","wendl101","",0,0,0,0,0,0,0,0,0,0,0,0,0,"","F","F","F","F",4,4,4,0,9,0,0,0,0,0,F,F,"1925PHI.EVN.regular.event.csv",4817
"PHI192509022","NY1",6,0,0,0,0,"",10,3,"devim101","?","devim101","?","pierr101","?","pierr101","?","wendl101","hawkc101","fribb101","kimmw101","sandh101","harpg101","leacf101","wrigr102","jackt101","lindf101","kellg101","D/78.3-H;2-H;1-3","F","F",2,8,21,"T","T",2,"F","F",0,"F","F",2,"F","F",0,"","F","F","78",0,0,"N",0,"N",0,"N",2,3,4,4,"","","","","F","F","F","F","F","F","F","F","F","pierr101","pierr101","pierr101","F","F","F","F","F","","","","",0,0,0,0,0,0,0,0,0,57,"PHI","NY1","PHI",0,"F","F",10,3,0,34,3,"T","F",7,6,"T","T","fitzf101","soutb101","F","F",6,7,56,5,6,55,7,5,54,"wendl101","wendl101","wendl101",0,0,0,0,0,0,0,0,0,0,0,0,2,"","F","F","F","F",4,4,4,4,7,0,0,0,0,0,F,F,"1925PHI.EVN.regular.event.csv",4818
"PHI192509022","NY1",6,0,0,0,0,"",12,3,"fitzf101","?","fitzf101","?","pierr101","?","pierr101","?","wendl101","hawkc101","fribb101","kimmw101","sandh101","harpg101","leacf101","wrigr102","","devim101","jackt101","FC1/G1S.3-H;2-3","F","F",1,9,19,"T","T",0,"F","F",0,"F","F",1,"F","F",1,"G","F","F","1S",0,0,"N",0,"N",0,"N",1,0,3,4,"","","","","F","F","F","F","F","F","F","F","F","","pierr101","pierr101","F","F","F","F","F","","","","",0,0,0,0,0,0,0,0,0,58,"PHI","NY1","PHI",0,"F","F",12,3,2,35,4,"T","F",6,5,"T","T","soutb101","frisf101","F","F",0,0,0,2,8,57,6,7,56,"","wendl101","wendl101",0,0,0,0,0,0,0,0,0,0,0,0,1,"pierr101","F","F","F","F",4,0,4,4,6,0,0,0,0,0,F,F,"1925PHI.EVN.regular.event.csv",4819
"PHI192509022","NY1",6,0,0,0,0,"",13,3,"soutb101","?","soutb101","?","pierr101","?","pierr101","?","wendl101","hawkc101","fribb101","kimmw101","sandh101","harpg101","leacf101","wrigr102","fitzf101","","devim101","S8.3-H;1-2","F","F",8,1,20,"T","T",1,"F","F",0,"F","F",1,"F","F",8,"","F","F","",0,0,"N",0,"N",0,"N",1,2,0,4,"","","","","F","F","F","F","F","F","F","F","F","pierr101","","pierr101","F","F","F","F","F","","","","",0,0,0,0,0,0,0,0,0,59,"PHI","NY1","PHI",0,"F","F",13,3,3,36,5,"T","F",5,3,"T","T","frisf101","meusi101","F","F",1,9,58,0,0,0,2,8,57,"wendl101","","wendl101",0,0,0,0,0,0,0,0,0,0,0,0,1,"leacf101","F","F","F","F",4,4,0,4,5,0,0,0,0,0,F,F,"1925PHI.EVN.regular.event.csv",4820
"PHI192509022","NY1",6,0,0,0,0,"",14,3,"frisf101","?","frisf101","?","knigj103","?","knigj103","?","wendl101","hawkc101","fribb101","kimmw101","sandh101","harpg101","leacf101","wrigr102","soutb101","fitzf101","","S8.2-H;1-3(E1);B-2","F","F",4,2,20,"T","T",1,"F","F",0,"F","F",1,"F","F",8,"","F","F","",1,1,"F",0,"N",0,"N",2,3,4,0,"","","","","F","F","F","F","F","F","F","F","F","pierr101","pierr101","","F","F","F","F","F","","","","",0,0,0,0,0,0,0,0,0,60,"PHI","NY1","PHI",0,"F","F",14,3,4,37,6,"T","F",3,6,"T","T","meusi101","terrb101","F","F",8,1,59,1,9,58,0,0,0,"wendl101","wendl101","",0,0,0,0,0,0,0,0,0,0,0,0,1,"leacf101","F","F","F","F",0,4,4,0,4,0,0,0,0,0,F,F,"1925PHI.EVN.regular.event.csv",4821
"PHI192509022","NY1",6,0,0,0,0,"",15,3,"meusi101","?","meusi101","?","knigj103","?","knigj103","?","wendl101","hawkc101","fribb101","kimmw101","sandh101","harpg101","leacf101","wrigr102","","frisf101","soutb101","FC6.3-H;2X3(65456)","F","F",9,3,19,"T","T",0,"F","F",1,"F","F",1,"F","F",6,"G","F","F","",0,0,"N",0,"N",0,"N",1,0,0,4,"","","65456","","F","F","F","F","F","F","F","F","F","","knigj103","pierr101","F","F","F","F","F","","","","",0,6,0,0,6,5,4,0,0,61,"PHI","NY1","PHI",0,"F","F",15,3,5,38,7,"T","F",6,1,"T","T","terrb101","kellg101","F","F",0,0,0,4,2,60,8,1,59,"","wendl101","wendl101",0,0,0,0,0,0,0,0,0,0,0,0,1,"sandh101","F","F","F","F",4,0,0,4,3,0,0,0,0,0,F,F,"1925PHI.EVN.regular.event.csv",4822
"PHI192509022","NY1",6,0,1,0,0,"",16,3,"terrb101","?","terrb101","?","knigj103","?","knigj103","?","wendl101","hawkc101","fribb101","kimmw101","sandh101","harpg101","leacf101","wrigr102","meusi101","","","D7.1-3","F","F",3,4,21,"T","T",2,"F","F",0,"F","F",0,"F","F",7,"","F","F","",0,0,"N",0,"N",0,"N",2,3,0,0,"","","","","F","F","F","F","F","F","F","F","F","knigj103","","","F","F","F","F","F","","","","",0,0,0,0,0,0,0,0,0,62,"PHI","NY1","PHI",0,"F","F",16,3,6,39,8,"T","F",1,6,"T","T","kellg101","lindf101","F","F",9,3,61,0,0,0,0,0,0,"wendl101","","",0,0,0,0,0,0,0,0,0,0,0,0,0,"harpg101","F","F","F","F",0,4,0,0,3,0,0,0,0,0,F,F,"1925PHI.EVN.regular.event.csv",4823
"PHI192509022","NY1",6,0,1,0,0,"",16,3,"kellg101","?","kellg101","?","knigj103","?","knigj103","?","wendl101","hawkc101","fribb101","kimmw101","sandh101","harpg101","leacf101","wrigr102","","terrb101","meusi101","FC6.3-H;2X3(654)","F","F",7,5,19,"T","T",0,"F","F",1,"F","F",1,"F","F",6,"G","F","F","",0,0,"N",0,"N",0,"N",1,0,0,4,"","","654","","F","F","F","F","F","F","F","F","F","","knigj103","knigj103","F","F","F","F","F","","","","",0,4,0,0,6,5,0,0,0,63,"PHI","NY1","PHI",0,"F","F",16,3,6,40,9,"T","F",6,1,"T","T","lindf101","jackt101","F","F",0,0,0,3,4,62,9,3,61,"","wendl101","wendl101",0,0,0,0,0,0,0,0,0,0,0,0,1,"sandh101","F","F","F","F",4,0,0,4,2,0,0,0,0,0,F,F,"1925PHI.EVN.regular.event.csv",4824
"PHI192509022","NY1",6,0,2,0,0,"",17,3,"lindf101","?","lindf101","?","knigj103","?","knigj103","?","wendl101","hawkc101","fribb101","kimmw101","sandh101","harpg101","leacf101","wrigr102","kellg101","","","S9.1-2","F","F",5,6,20,"T","T",1,"F","F",0,"F","F",0,"F","F",9,"","F","F","",0,0,"N",0,"N",0,"N",1,2,0,0,"","","","","F","F","F","F","F","F","F","F","F","knigj103","","","F","F","F","F","F","","","","",0,0,0,0,0,0,0,0,0,64,"PHI","NY1","PHI",0,"F","F",17,3,7,41,10,"T","F",1,3,"T","T","jackt101","devim101","F","F",7,5,63,0,0,0,0,0,0,"wendl101","","",0,0,0,0,0,0,0,0,0,0,0,0,0,"wrigr102","F","F","F","F",4,4,0,0,2,0,0,0,0,0,F,F,"1925PHI.EVN.regular.event.csv",4825
"PHI192509022","NY1",6,0,2,0,0,"",17,3,"farrd101","?","farrd101","?","knigj103","?","knigj103","?","wendl101","hawkc101","fribb101","kimmw101","sandh101","harpg101","leacf101","wrigr102","lindf101","kellg101","","S9.2-H;1-2","F","T",11,7,20,"T","T",1,"F","F",0,"F","F",1,"F","F",9,"","F","F","",0,0,"N",0,"N",0,"N",1,2,4,0,"","","","","F","F","F","F","F","F","F","F","F","knigj103","knigj103","","F","F","F","F","F","","","","jackt101",6,0,0,0,0,0,0,0,0,65,"PHI","NY1","PHI",0,"F","F",17,3,7,42,11,"T","F",3,3,"F","F","devim101","fitzf101","F","F",5,6,64,7,5,63,0,0,0,"wendl101","wendl101","",0,0,0,0,0,0,0,0,0,0,0,0,1,"wrigr102","F","F","F","F",3,4,4,0,1,0,0,0,0,0,F,F,"1925PHI.EVN.regular.event.csv",4826
"PHI192509022","NY1",6,0,2,0,0,"",18,3,"devim101","?","devim101","?","knigj103","?","knigj103","?","wendl101","hawkc101","fribb101","kimmw101","sandh101","harpg101","leacf101","wrigr102","farrd101","lindf101","","S9.2-H;1-3","F","F",2,8,20,"T","T",1,"F","F",0,"F","F",1,"F","F",9,"","F","F","",0,0,"N",0,"N",0,"N",1,3,4,0,"","","","","F","F","F","F","F","F","F","F","F","knigj103","knigj103","","F","F","F","F","F","","","","",0,0,0,0,0,0,0,0,0,66,"PHI","NY1","PHI",0,"F","F",18,3,8,43,12,"T","F",3,5,"T","T","fitzf101","soutb101","F","F",0,7,65,5,6,64,0,0,0,"wendl101","wendl101","",0,0,0,0,0,0,0,0,0,0,0,0,1,"wrigr102","F","F","F","F",0,3,4,0,0,0,0,0,0,0,F,F,"1925PHI.EVN.regular.event.csv",4827
"PHI192509022","NY1",6,0,2,0,0,"",19,3,"fitzf101","?","fitzf101","?","knigj103","?","knigj103","?","wendl101","hawkc101","fribb101","kimmw101","sandh101","harpg101","leacf101","wrigr102","devim101","","farrd101","64(1)/FO","F","F",1,9,2,"T","T",0,"F","F",1,"F","F",0,"F","F",6,"G","F","F","",0,0,"N",0,"N",0,"N",1,0,0,3,"","64","","","F","F","F","F","F","F","F","F","F","knigj103","","knigj103","F","F","F","F","F","","","","",0,4,0,0,6,0,0,0,0,67,"PHI","NY1","PHI",0,"F","T",19,3,9,44,13,"T","F",5,5,"T","T","soutb101","frisf101","F","F",2,8,66,0,0,0,0,7,65,"wendl101","","wendl101",0,0,0,0,0,0,0,0,0,0,0,0,0,"sandh101","T","F","F","F",1,0,0,3,0,0,0,0,0,0,F,F,"1925PHI.EVN.regular.event.csv",4828
"PHI192509022","NY1",6,1,0,0,0,"",19,3,"harpg101","?","harpg101","?","fitzf101","?","fitzf101","?","devim101","terrb101","frisf101","lindf101","farrd101","kellg101","soutb101","meusi101","","","","43","T","F",7,4,2,"T","T",0,"F","F",1,"F","F",0,"F","F",4,"G","F","F","",0,0,"N",0,"N",0,"N",0,0,0,0,"43","","","","F","F","F","F","F","F","F","F","F","","","","F","F","F","F","F","","","","",0,3,0,0,4,0,0,0,0,68,"PHI","PHI","NY1",1,"T","F",3,19,0,21,0,"T","F",0,0,"T","T","hawkc101","kimmw101","T","T",0,0,0,0,0,0,0,0,0,"","","",0,0,0,0,0,0,0,0,0,0,0,0,0,"frisf101","F","F","F","F",0,0,0,0,0,0,0,0,0,0,F,F,"1925PHI.EVN.regular.event.csv",4829
"PHI192509022","NY1",6,1,1,0,0,"",19,3,"hawkc101","?","hawkc101","?","fitzf101","?","fitzf101","?","devim101","terrb101","frisf101","lindf101","farrd101","kellg101","soutb101","meusi101","","","","S8","F","F",3,5,20,"T","T",1,"F","F",0,"F","F",0,"F","F",8,"","F","F","",0,0,"N",0,"N",0,"N",1,0,0,0,"","","","","F","F","F","F","F","F","F","F","F","","","","F","F","F","F","F","","","","",0,0,0,0,0,0,0,0,0,69,"PHI","PHI","NY1",1,"F","F",3,19,0,22,1,"T","F",0,1,"T","T","kimmw101","fribb101","T","T",0,0,0,0,0,0,0,0,0,"","","",0,0,0,0,0,0,0,0,0,0,0,0,0,"soutb101","F","F","F","F",0,0,0,0,0,0,0,0,0,0,F,F,"1925PHI.EVN.regular.event.csv",4830
"PHI192509022","NY1",6,1,1,0,0,"",19,3,"kimmw101","?","kimmw101","?","fitzf101","?","fitzf101","?","devim101","terrb101","frisf101","lindf101","farrd101","kellg101","soutb101","meusi101","hawkc101","","","4/P","F","F",5,6,2,"T","T",0,"F","F",1,"F","F",0,"F","F",4,"P","F","F","",0,0,"N",0,"N",0,"N",0,1,0,0,"4","","","","F","F","F","F","F","F","F","F","F","fitzf101","","","F","F","F","F","F","","","","",0,4,0,0,0,0,0,0,0,70,"PHI","PHI","NY1",1,"F","F",3,19,0,23,2,"T","F",1,1,"T","T","fribb101","wendl101","T","T",3,5,69,0,0,0,0,0,0,"devim101","","",0,0,0,0,0,0,0,0,0,0,0,0,0,"frisf101","F","F","F","F",0,0,0,0,0,0,0,0,0,0,F,F,"1925PHI.EVN.regular.event.csv",4831
"PHI192509022","NY1",6,1,2,0,0,"",19,3,"fribb101","?","fribb101","?","fitzf101","?","fitzf101","?","devim101","terrb101","frisf101","lindf101","farrd101","kellg101","soutb101","meusi101","hawkc101","","","64(1)/FO","F","F",4,7,2,"T","T",0,"F","F",1,"F","F",0,"F","F",6,"G","F","F","",0,0,"N",0,"N",0,"N",1,0,0,0,"","64","","","F","F","F","F","F","F","F","F","F","fitzf101","","","F","F","F","F","F","","","","",0,4,0,0,6,0,0,0,0,71,"PHI","PHI","NY1",1,"F","T",3,19,0,24,3,"T","F",1,1,"T","T","wendl101","knigj103","T","T",3,5,69,0,0,0,0,0,0,"devim101","","",0,0,0,0,0,0,0,0,0,0,0,0,0,"farrd101","T","F","F","F",0,0,0,0,0,0,0,0,0,0,F,F,"1925PHI.EVN.regular.event.csv",4832
"PHI192509022","NY1",7,0,0,0,0,"",19,3,"soutb101","?","soutb101","?","knigj103","?","knigj103","?","wendl101","hawkc101","fribb101","kimmw101","sandh101","harpg101","leacf101","wrigr102","","","","S9","T","F",8,1,20,"T","T",1,"F","F",0,"F","F",0,"F","F",9,"","F","F","",0,0,"N",0,"N",0,"N",1,0,0,0,"","","","","F","F","F","F","F","F","F","F","F","","","","F","F","F","F","F","","","","",0,0,0,0,0,0,0,0,0,72,"PHI","NY1","PHI",0,"T","F",19,3,0,45,0,"T","F",0,1,"T","T","frisf101","meusi101","F","F",0,0,0,0,0,0,0,0,0,"","","",0,0,0,0,0,0,0,0,0,0,0,0,0,"wrigr102","F","F","F","F",4,0,0,0,4,0,0,0,0,0,F,F,"1925PHI.EVN.regular.event.csv",4833
"PHI192509022","NY1",7,0,0,0,0,"",19,3,"frisf101","?","frisf101","?","knigj103","?","knigj103","?","wendl101","hawkc101","fribb101","kimmw101","sandh101","harpg101","leacf101","wrigr102","soutb101","","","D8.1-3","F","F",4,2,21,"T","T",2,"F","F",0,"F","F",0,"F","F",8,"","F","F","",0,0,"N",0,"N",0,"N",2,3,0,0,"","","","","F","F","F","F","F","F","F","F","F","knigj103","","","F","F","F","F","F","","","","",0,0,0,0,0,0,0,0,0,73,"PHI","NY1","PHI",0,"F","F",19,3,0,46,1,"T","F",1,6,"T","T","meusi101","terrb101","F","F",8,1,72,0,0,0,0,0,0,"wendl101","","",0,0,0,0,0,0,0,0,0,0,0,0,0,"leacf101","F","F","F","F",4,4,0,0,4,0,0,0,0,0,F,F,"1925PHI.EVN.regular.event.csv",4834
"PHI192509022","NY1",7,0,0,0,0,"",19,3,"meusi101","?","meusi101","?","knigj103","?","knigj103","?","wendl101","hawkc101","fribb101","kimmw101","sandh101","harpg101","leacf101","wrigr102","","frisf101","soutb101","HR/F9D.3-H;2-H","F","F",9,3,23,"T","T",4,"F","F",0,"F","F",3,"F","F",0,"F","F","F","9D",0,0,"N",0,"N",0,"N",4,0,4,4,"","","","","F","F","F","F","F","F","F","F","F","","knigj103","knigj103","F","F","F","F","F","","","","",0,0,0,0,0,0,0,0,0,74,"PHI","NY1","PHI",0,"F","F",19,3,0,47,2,"T","F",6,0,"T","T","terrb101","kellg101","F","F",0,0,0,4,2,73,8,1,72,"","wendl101","wendl101",0,0,0,0,0,0,0,0,0,0,0,0,3,"","F","F","F","F",4,0,4,4,1,0,0,0,0,0,F,F,"1925PHI.EVN.regular.event.csv",4835
"PHI192509022","NY1",7,0,0,0,0,"",22,3,"terrb101","?","terrb101","?","knigj103","?","knigj103","?","wendl101","hawkc101","fribb101","kimmw101","sandh101","harpg101","leacf101","wrigr102","","","","4/P","F","F",3,4,2,"T","T",0,"F","F",1,"F","F",0,"F","F",4,"P","F","F","",0,0,"N",0,"N",0,"N",0,0,0,0,"4","","","","F","F","F","F","F","F","F","F","F","","","","F","F","F","F","F","","","","",0,4,0,0,0,0,0,0,0,75,"PHI","NY1","PHI",0,"F","F",22,3,3,48,3,"T","F",0,0,"T","T","kellg101","lindf101","F","F",0,0,0,0,0,0,0,0,0,"","","",0,0,0,0,0,0,0,0,0,0,0,0,0,"fribb101","F","F","F","F",0,0,0,0,1,0,0,0,0,0,F,F,"1925PHI.EVN.regular.event.csv",4836
"PHI192509022","NY1",7,0,1,0,0,"",22,3,"kellg101","?","kellg101","?","knigj103","?","knigj103","?","wendl101","hawkc101","fribb101","kimmw101","sandh101","harpg101","leacf101","wrigr102","","","","S8","F","F",7,5,20,"T","T",1,"F","F",0,"F","F",0,"F","F",8,"","F","F","",0,0,"N",0,"N",0,"N",1,0,0,0,"","","","","F","F","F","F","F","F","F","F","F","","","","F","F","F","F","F","","","","",0,0,0,0,0,0,0,0,0,76,"PHI","NY1","PHI",0,"F","F",22,3,3,49,4,"T","F",0,1,"T","T","lindf101","farrd101","F","F",0,0,0,0,0,0,0,0,0,"","","",0,0,0,0,0,0,0,0,0,0,0,0,0,"leacf101","F","F","F","F",4,0,0,0,1,0,0,0,0,0,F,F,"1925PHI.EVN.regular.event.csv",4837
"PHI192509022","NY1",7,0,1,0,0,"",22,3,"lindf101","?","lindf101","?","knigj103","?","knigj103","?","wendl101","hawkc101","fribb101","kimmw101","sandh101","harpg101","leacf101","wrigr102","kellg101","","","3/G.1-2","F","F",5,6,2,"T","T",0,"F","F",1,"F","F",0,"F","F",3,"G","F","F","",0,0,"N",0,"N",0,"N",0,2,0,0,"3","","","","F","F","F","F","F","F","F","F","F","knigj103","","","F","F","F","F","F","","","","",0,3,0,0,0,0,0,0,0,77,"PHI","NY1","PHI",0,"F","F",22,3,3,50,5,"T","F",1,2,"T","T","farrd101","devim101","F","F",7,5,76,0,0,0,0,0,0,"wendl101","","",0,0,0,0,0,0,0,0,0,0,0,0,0,"hawkc101","F","F","F","F",0,4,0,0,1,0,0,0,0,0,F,F,"1925PHI.EVN.regular.event.csv",4838
"PHI192509022","NY1",7,0,2,0,0,"",22,3,"farrd101","?","farrd101","?","knigj103","?","knigj103","?","wendl101","hawkc101","fribb101","kimmw101","sandh101","harpg101","leacf101","wrigr102","","kellg101","","S8.2-H;B-2(THH)","F","F",6,7,20,"T","T",1,"F","F",0,"F","F",1,"F","F",8,"","F","F","",0,0,"N",0,"N",0,"N",2,0,4,0,"","","","","F","F","F","F","F","F","F","F","F","","knigj103","","F","F","F","F","F","","","","",0,0,0,0,0,0,0,0,0,78,"PHI","NY1","PHI",0,"F","F",22,3,3,51,6,"T","F",2,2,"F","F","devim101","fitzf101","F","F",0,0,0,7,5,76,0,0,0,"","wendl101","",0,0,0,0,0,0,0,0,0,0,0,0,1,"leacf101","F","F","F","F",0,0,4,0,0,0,0,0,0,0,F,F,"1925PHI.EVN.regular.event.csv",4839
"PHI192509022","NY1",7,0,2,0,0,"",23,3,"devim101","?","devim101","?","carlh101","?","carlh101","?","wendl101","hawkc101","fribb101","kimmw101","sandh101","harpg101","leacf101","wrigr102","","farrd101","","FC5.2X3(5)","F","F",2,8,19,"T","T",0,"F","F",1,"F","F",0,"F","F",5,"G","F","F","",0,0,"N",0,"N",0,"N",1,0,0,0,"","","5","","F","F","F","F","F","F","F","F","F","","knigj103","","F","F","F","F","F","","","","",0,5,0,0,0,0,0,0,0,79,"PHI","NY1","PHI",0,"F","T",23,3,4,52,7,"T","F",2,1,"T","T","fitzf101","soutb101","F","F",0,0,0,6,7,78,0,0,0,"","wendl101","",0,0,0,0,0,0,0,0,0,0,0,0,0,"kimmw101","F","F","F","F",0,0,0,0,0,0,0,0,0,0,F,F,"1925PHI.EVN.regular.event.csv",4840
"PHI192509022","NY1",7,1,0,0,0,"",23,3,"wendl101","?","wendl101","?","fitzf101","?","fitzf101","?","devim101","terrb101","frisf101","lindf101","farrd101","kellg101","soutb101","meusi101","","","","8/F89XDW","T","F",2,8,2,"T","T",0,"F","F",1,"F","F",0,"F","F",8,"F","F","F","89XDW",0,0,"N",0,"N",0,"N",0,0,0,0,"8","","","","F","F","F","F","F","F","F","F","F","","","","F","F","F","F","F","","","","",0,8,0,0,0,0,0,0,0,80,"PHI","PHI","NY1",1,"T","F",3,23,0,25,0,"T","F",0,0,"T","T","carlh101","sandh101","T","T",0,0,0,0,0,0,0,0,0,"","","",0,0,0,0,0,0,0,0,0,0,0,0,0,"soutb101","F","F","F","F",0,0,0,0,0,0,0,0,0,0,F,F,"1925PHI.EVN.regular.event.csv",4841
"PHI192509022","NY1",7,1,1,0,0,"",23,3,"carlh101","?","carlh101","?","fitzf101","?","fitzf101","?","devim101","terrb101","frisf101","lindf101","farrd101","kellg101","soutb101","meusi101","","","","3/G","F","F",1,9,2,"T","T",0,"F","F",1,"F","F",0,"F","F",3,"G","F","F","",0,0,"N",0,"N",0,"N",0,0,0,0,"3","","","","F","F","F","F","F","F","F","F","F","","","","F","F","F","F","F","","","","",0,3,0,0,0,0,0,0,0,81,"PHI","PHI","NY1",1,"F","F",3,23,0,26,1,"T","F",0,0,"F","F","sandh101","leacf101","T","T",0,0,0,0,0,0,0,0,0,"","","",0,0,0,0,0,0,0,0,0,0,0,0,0,"terrb101","F","F","F","F",0,0,0,0,0,0,0,0,0,0,F,F,"1925PHI.EVN.regular.event.csv",4842
"PHI192509022","NY1",7,1,2,0,0,"",23,3,"sandh101","?","sandh101","?","fitzf101","?","fitzf101","?","devim101","terrb101","frisf101","lindf101","farrd101","kellg101","soutb101","meusi101","","","","S8","F","F",6,1,20,"T","T",1,"F","F",0,"F","F",0,"F","F",8,"","F","F","",0,0,"N",0,"N",0,"N",1,0,0,0,"","","","","F","F","F","F","F","F","F","F","F","","","","F","F","F","F","F","","","","",0,0,0,0,0,0,0,0,0,82,"PHI","PHI","NY1",1,"F","F",3,23,0,27,2,"T","F",0,1,"T","T","leacf101","wrigr102","T","T",0,0,0,0,0,0,0,0,0,"","","",0,0,0,0,0,0,0,0,0,0,0,0,0,"soutb101","F","F","F","F",1,0,0,0,0,0,0,0,0,0,F,F,"1925PHI.EVN.regular.event.csv",4843
"PHI192509022","NY1",7,1,2,0,0,"",23,3,"burng101","?","burng101","?","fitzf101","?","fitzf101","?","devim101","terrb101","frisf101","lindf101","farrd101","kellg101","soutb101","meusi101","sandh101","","","13","F","T",11,2,2,"T","T",0,"F","F",1,"F","F",0,"F","F",1,"G","F","F","",0,0,"N",0,"N",0,"N",0,1,0,0,"13","","","","F","F","F","F","F","F","F","F","F","fitzf101","","","F","F","F","F","F","","","","leacf101",8,3,0,0,1,0,0,0,0,83,"PHI","PHI","NY1",1,"F","T",3,23,0,28,3,"T","F",1,1,"F","F","wrigr102","harpg101","T","T",6,1,82,0,0,0,0,0,0,"devim101","","",0,0,0,0,0,0,0,0,0,0,0,0,0,"fitzf101","F","F","F","F",0,1,0,0,0,0,0,0,0,0,F,F,"1925PHI.EVN.regular.event.csv",4844
"PHI192509022","NY1",8,0,0,0,0,"",23,3,"fitzf101","?","fitzf101","?","carlh101","?","carlh101","?","wendl101","hawkc101","fribb101","kimmw101","sandh101","burng101","mokaj101","willc103","","","","K","T","F",1,9,3,"T","T",0,"F","F",1,"F","F",0,"F","F",0,"","F","F","",0,0,"N",0,"N",0,"N",0,0,0,0,"2","","","","F","F","F","F","F","F","F","F","F","","","","F","F","F","F","F","","","","",0,2,0,0,0,0,0,0,0,84,"PHI","NY1","PHI",0,"T","F",23,3,0,53,0,"T","F",0,0,"T","T","soutb101","frisf101","F","F",0,0,0,0,0,0,0,0,0,"","","",0,0,0,0,0,0,0,0,0,0,0,0,0,"","F","F","F","F",0,0,0,0,1,0,0,0,0,0,F,F,"1925PHI.EVN.regular.event.csv",4845
"PHI192509022","NY1",8,0,1,0,0,"",23,3,"soutb101","?","soutb101","?","carlh101","?","carlh101","?","wendl101","hawkc101","fribb101","kimmw101","sandh101","burng101","mokaj101","willc103","","","","S8","F","F",8,1,20,"T","T",1,"F","F",0,"F","F",0,"F","F",8,"","F","F","",0,0,"N",0,"N",0,"N",1,0,0,0,"","","","","F","F","F","F","F","F","F","F","F","","","","F","F","F","F","F","","","","",0,0,0,0,0,0,0,0,0,85,"PHI","NY1","PHI",0,"F","F",23,3,0,54,1,"T","F",0,1,"T","T","frisf101","meusi101","F","F",0,0,0,0,0,0,0,0,0,"","","",0,0,0,0,0,0,0,0,0,0,0,0,0,"mokaj101","F","F","F","F",4,0,0,0,1,0,0,0,0,0,F,F,"1925PHI.EVN.regular.event.csv",4846
"PHI192509022","NY1",8,0,1,0,0,"",23,3,"frisf101","?","frisf101","?","carlh101","?","carlh101","?","wendl101","hawkc101","fribb101","kimmw101","sandh101","burng101","mokaj101","willc103","soutb101","","","S9.1-3","F","F",4,2,20,"T","T",1,"F","F",0,"F","F",0,"F","F",9,"","F","F","",0,0,"N",0,"N",0,"N",1,3,0,0,"","","","","F","F","F","F","F","F","F","F","F","carlh101","","","F","F","F","F","F","","","","",0,0,0,0,0,0,0,0,0,86,"PHI","NY1","PHI",0,"F","F",23,3,0,55,2,"T","F",1,5,"T","T","meusi101","terrb101","F","F",8,1,85,0,0,0,0,0,0,"wendl101","","",0,0,0,0,0,0,0,0,0,0,0,0,0,"willc103","F","F","F","F",1,4,0,0,1,0,0,0,0,0,F,F,"1925PHI.EVN.regular.event.csv",4847
"PHI192509022","NY1",8,0,1,0,0,"",23,3,"meusi101","?","meusi101","?","carlh101","?","carlh101","?","wendl101","hawkc101","fribb101","kimmw101","sandh101","burng101","mokaj101","willc103","frisf101","","soutb101","8/SF.3-H","F","F",9,3,2,"T","F",0,"F","T",1,"F","F",1,"F","F",8,"F","F","F","",0,0,"N",0,"N",0,"N",0,1,0,4,"8","","","","F","F","F","F","F","F","F","F","F","carlh101","","carlh101","F","F","F","F","F","","","","",0,8,0,0,0,0,0,0,0,87,"PHI","NY1","PHI",0,"F","F",23,3,0,56,3,"T","F",5,1,"T","T","terrb101","kellg101","F","F",4,2,86,0,0,0,8,1,85,"wendl101","","wendl101",0,0,0,0,0,0,0,0,0,0,0,0,1,"mokaj101","F","F","F","F",0,1,0,4,0,0,0,0,0,0,F,F,"1925PHI.EVN.regular.event.csv",4848
"PHI192509022","NY1",8,0,2,0,0,"",24,3,"terrb101","?","terrb101","?","carlh101","?","carlh101","?","wendl101","hawkc101","fribb101","kimmw101","sandh101","burng101","mokaj101","willc103","frisf101","","","8/F","F","F",3,4,2,"T","T",0,"F","F",1,"F","F",0,"F","F",8,"F","F","F","",0,0,"N",0,"N",0,"N",0,1,0,0,"8","","","","F","F","F","F","F","F","F","F","F","carlh101","","","F","F","F","F","F","","","","",0,8,0,0,0,0,0,0,0,88,"PHI","NY1","PHI",0,"F","T",24,3,1,57,4,"T","F",1,1,"T","T","kellg101","lindf101","F","F",4,2,86,0,0,0,0,0,0,"wendl101","","",0,0,0,0,0,0,0,0,0,0,0,0,0,"mokaj101","F","F","F","F",0,1,0,0,0,0,0,0,0,0,F,F,"1925PHI.EVN.regular.event.csv",4849
"PHI192509022","NY1",8,1,0,0,0,"",24,3,"willc103","?","willc103","?","fitzf101","?","fitzf101","?","devim101","terrb101","frisf101","lindf101","farrd101","koehp101","soutb101","meusi101","","","","HR/F9D","T","F",9,3,23,"T","T",4,"F","F",0,"F","F",1,"F","F",0,"F","F","F","9D",0,0,"N",0,"N",0,"N",4,0,0,0,"","","","","F","F","F","F","F","F","F","F","F","","","","F","F","F","F","F","","","","",0,0,0,0,0,0,0,0,0,89,"PHI","PHI","NY1",1,"T","F",3,24,0,29,0,"T","F",0,0,"F","F","mokaj101","hawkc101","T","T",0,0,0,0,0,0,0,0,0,"","","",0,0,0,0,0,0,0,0,0,0,0,0,1,"","F","F","F","F",4,0,0,0,4,0,0,0,0,0,F,F,"1925PHI.EVN.regular.event.csv",4850
"PHI192509022","NY1",8,1,0,0,0,"",24,4,"mokaj101","?","mokaj101","?","fitzf101","?","fitzf101","?","devim101","terrb101","frisf101","lindf101","farrd101","koehp101","soutb101","meusi101","","","","HR/F7D","F","F",8,4,23,"T","T",4,"F","F",0,"F","F",1,"F","F",0,"F","F","F","7D",0,0,"N",0,"N",0,"N",4,0,0,0,"","","","","F","F","F","F","F","F","F","F","F","","","","F","F","F","F","F","","","","",0,0,0,0,0,0,0,0,0,90,"PHI","PHI","NY1",1,"F","F",4,24,1,30,1,"T","F",0,0,"F","F","hawkc101","kimmw101","T","T",0,0,0,0,0,0,0,0,0,"","","",0,0,0,0,0,0,0,0,0,0,0,0,1,"","F","F","F","F",4,0,0,0,3,0,0,0,0,0,F,F,"1925PHI.EVN.regular.event.csv",4851
"PHI192509022","NY1",8,1,0,0,0,"",24,5,"hawkc101","?","hawkc101","?","fitzf101","?","fitzf101","?","devim101","terrb101","frisf101","lindf101","farrd101","koehp101","soutb101","meusi101","","","","7/F","F","F",3,5,2,"T","T",0,"F","F",1,"F","F",0,"F","F",7,"F","F","F","",0,0,"N",0,"N",0,"N",0,0,0,0,"7","","","","F","F","F","F","F","F","F","F","F","","","","F","F","F","F","F","","","","",0,7,0,0,0,0,0,0,0,91,"PHI","PHI","NY1",1,"F","F",5,24,2,31,2,"T","F",0,0,"T","T","kimmw101","fribb101","T","T",0,0,0,0,0,0,0,0,0,"","","",0,0,0,0,0,0,0,0,0,0,0,0,0,"koehp101","F","F","F","F",0,0,0,0,3,0,0,0,0,0,F,F,"1925PHI.EVN.regular.event.csv",4852
"PHI192509022","NY1",8,1,1,0,0,"",24,5,"kimmw101","?","kimmw101","?","fitzf101","?","fitzf101","?","devim101","terrb101","frisf101","lindf101","farrd101","koehp101","soutb101","meusi101","","","","S/G5S-","F","F",5,6,20,"T","T",1,"F","F",0,"F","F",0,"F","F",0,"G","F","F","5S",0,0,"N",0,"N",0,"N",1,0,0,0,"","","","","F","F","F","F","F","F","F","F","F","","","","F","F","F","F","F","","","","",0,0,0,0,0,0,0,0,0,92,"PHI","PHI","NY1",1,"F","F",5,24,2,32,3,"T","F",0,1,"T","T","fribb101","wendl101","T","T",0,0,0,0,0,0,0,0,0,"","","",0,0,0,0,0,0,0,0,0,0,0,0,0,"","F","F","F","F",4,0,0,0,3,0,0,0,0,0,F,F,"1925PHI.EVN.regular.event.csv",4853
"PHI192509022","NY1",8,1,1,0,0,"",24,5,"fribb101","?","fribb101","?","fitzf101","?","fitzf101","?","devim101","terrb101","frisf101","lindf101","farrd101","koehp101","soutb101","meusi101","kimmw101","","","S8.1-3","F","F",4,7,20,"T","T",1,"F","F",0,"F","F",0,"F","F",8,"","F","F","",0,0,"N",0,"N",0,"N",1,3,0,0,"","","","","F","F","F","F","F","F","F","F","F","fitzf101","","","F","F","F","F","F","","","","",0,0,0,0,0,0,0,0,0,93,"PHI","PHI","NY1",1,"F","F",5,24,2,33,4,"T","F",1,5,"T","T","wendl101","carlh101","T","T",5,6,92,0,0,0,0,0,0,"devim101","","",0,0,0,0,0,0,0,0,0,0,0,0,0,"soutb101","F","F","F","F",4,4,0,0,3,0,0,0,0,0,F,F,"1925PHI.EVN.regular.event.csv",4854
"PHI192509022","NY1",8,1,1,0,0,"",24,5,"wendl101","?","wendl101","?","fitzf101","?","fitzf101","?","devim101","terrb101","frisf101","lindf101","farrd101","koehp101","soutb101","meusi101","fribb101","","kimmw101","9/SF.3-H","F","F",2,8,2,"T","F",0,"F","T",1,"F","F",1,"F","F",9,"F","F","F","",0,0,"N",0,"N",0,"N",0,1,0,4,"9","","","","F","F","F","F","F","F","F","F","F","fitzf101","","fitzf101","F","F","F","F","F","","","","",0,9,0,0,0,0,0,0,0,94,"PHI","PHI","NY1",1,"F","F",5,24,2,34,5,"T","F",5,1,"T","T","carlh101","sandh101","T","T",4,7,93,0,0,0,5,6,92,"devim101","","devim101",0,0,0,0,0,0,0,0,0,0,0,0,1,"meusi101","F","F","F","F",0,4,0,4,2,0,0,0,0,0,F,F,"1925PHI.EVN.regular.event.csv",4855
"PHI192509022","NY1",8,1,2,0,0,"",24,6,"carlh101","?","carlh101","?","fitzf101","?","fitzf101","?","devim101","terrb101","frisf101","lindf101","farrd101","koehp101","soutb101","meusi101","fribb101","","","HR/F9D.1-H","F","F",1,9,23,"T","T",4,"F","F",0,"F","F",2,"F","F",0,"F","F","F","9D",0,0,"N",0,"N",0,"N",4,4,0,0,"","","","","F","F","F","F","F","F","F","F","F","fitzf101","","","F","F","F","F","F","","","","",0,0,0,0,0,0,0,0,0,95,"PHI","PHI","NY1",1,"F","F",6,24,3,35,6,"T","F",1,0,"F","F","sandh101","burng101","T","T",4,7,93,0,0,0,0,0,0,"devim101","","",0,0,0,0,0,0,0,0,0,0,0,0,2,"","F","F","F","F",4,4,0,0,0,0,0,0,0,0,F,F,"1925PHI.EVN.regular.event.csv",4856
"PHI192509022","NY1",8,1,2,0,0,"",24,8,"sandh101","?","sandh101","?","fitzf101","?","fitzf101","?","devim101","terrb101","frisf101","lindf101","farrd101","koehp101","soutb101","meusi101","","","","K","F","F",6,1,3,"T","T",0,"F","F",1,"F","F",0,"F","F",0,"","F","F","",0,0,"N",0,"N",0,"N",0,0,0,0,"2","","","","F","F","F","F","F","F","F","F","F","","","","F","F","F","F","F","","","","",0,2,0,0,0,0,0,0,0,96,"PHI","PHI","NY1",1,"F","T",8,24,5,36,7,"T","F",0,0,"T","T","burng101","willc103","T","T",0,0,0,0,0,0,0,0,0,"","","",0,0,0,0,0,0,0,0,0,0,0,0,0,"","F","F","F","F",0,0,0,0,0,0,0,0,0,0,F,F,"1925PHI.EVN.regular.event.csv",4857
"PHI192509022","NY1",9,0,0,0,0,"",24,8,"koehp101","?","koehp101","?","carlh101","?","carlh101","?","wendl101","hawkc101","fribb101","kimmw101","sandh101","burng101","mokaj101","willc103","","","","K23","T","F",7,5,3,"T","T",0,"F","F",1,"F","F",0,"F","F",0,"","F","F","",0,0,"N",0,"N",0,"N",0,0,0,0,"23","","","","F","F","F","F","F","F","F","F","F","","","","F","F","F","F","F","","","","",0,3,0,0,2,0,0,0,0,97,"PHI","NY1","PHI",0,"T","F",24,8,0,58,0,"T","F",0,0,"F","F","lindf101","farrd101","F","F",0,0,0,0,0,0,0,0,0,"","","",0,0,0,0,0,0,0,0,0,0,0,0,0,"","F","F","F","F",0,0,0,0,0,0,0,0,0,0,F,F,"1925PHI.EVN.regular.event.csv",4858
"PHI192509022","NY1",9,0,1,0,0,"",24,8,"lindf101","?","lindf101","?","carlh101","?","carlh101","?","wendl101","hawkc101","fribb101","kimmw101","sandh101","burng101","mokaj101","willc103","","","","43","F","F",5,6,2,"T","T",0,"F","F",1,"F","F",0,"F","F",4,"G","F","F","",0,0,"N",0,"N",0,"N",0,0,0,0,"43","","","","F","F","F","F","F","F","F","F","F","","","","F","F","F","F","F","","","","",0,3,0,0,4,0,0,0,0,98,"PHI","NY1","PHI",0,"F","F",24,8,0,59,1,"T","F",0,0,"T","T","farrd101","devim101","F","F",0,0,0,0,0,0,0,0,0,"","","",0,0,0,0,0,0,0,0,0,0,0,0,0,"fribb101","F","F","F","F",0,0,0,0,0,0,0,0,0,0,F,F,"1925PHI.EVN.regular.event.csv",4859
"PHI192509022","NY1",9,0,2,0,0,"",24,8,"farrd101","?","farrd101","?","carlh101","?","carlh101","?","wendl101","hawkc101","fribb101","kimmw101","sandh101","burng101","mokaj101","willc103","","","","K","F","F",6,7,3,"T","T",0,"F","F",1,"F","F",0,"F","F",0,"","F","F","",0,0,"N",0,"N",0,"N",0,0,0,0,"2","","","","F","F","F","F","F","F","F","F","F","","","","F","F","F","F","F","","","","",0,2,0,0,0,0,0,0,0,99,"PHI","NY1","PHI",0,"F","T",24,8,0,60,2,"T","F",0,0,"F","F","devim101","fitzf101","F","F",0,0,0,0,0,0,0,0,0,"","","",0,0,0,0,0,0,0,0,0,0,0,0,0,"","F","F","F","F",0,0,0,0,0,0,0,0,0,0,F,F,"1925PHI.EVN.regular.event.csv",4860
"PHI192509022","NY1",9,1,0,0,0,"",24,8,"burng101","?","burng101","?","fitzf101","?","fitzf101","?","devim101","terrb101","frisf101","lindf101","farrd101","koehp101","soutb101","meusi101","","","","K","T","F",7,2,3,"T","T",0,"F","F",1,"F","F",0,"F","F",0,"","F","F","",0,0,"N",0,"N",0,"N",0,0,0,0,"2","","","","F","F","F","F","F","F","F","F","F","","","","F","F","F","F","F","","","","",0,2,0,0,0,0,0,0,0,100,"PHI","PHI","NY1",1,"T","F",8,24,0,37,0,"T","F",0,0,"F","F","willc103","mokaj101","T","T",0,0,0,0,0,0,0,0,0,"","","",0,0,0,0,0,0,0,0,0,0,0,0,0,"","F","F","F","F",0,0,0,0,1,0,0,0,0,0,F,F,"1925PHI.EVN.regular.event.csv",4861
"PHI192509022","NY1",9,1,1,0,0,"",24,8,"willc103","?","willc103","?","fitzf101","?","fitzf101","?","devim101","terrb101","frisf101","lindf101","farrd101","koehp101","soutb101","meusi101","","","","W","F","F",9,3,14,"T","F",0,"F","F",0,"F","F",0,"F","F",0,"","F","F","",0,0,"N",0,"N",0,"N",1,0,0,0,"","","","","F","F","F","F","F","F","F","F","F","","","","F","F","F","F","F","","","","",0,0,0,0,0,0,0,0,0,101,"PHI","PHI","NY1",1,"F","F",8,24,0,38,1,"T","F",0,1,"F","F","mokaj101","hawkc101","T","T",0,0,0,0,0,0,0,0,0,"","","",0,0,0,0,0,0,0,0,0,0,0,0,0,"","F","F","F","F",4,0,0,0,1,0,0,0,0,0,F,F,"1925PHI.EVN.regular.event.csv",4862
"PHI192509022","NY1",9,1,1,0,0,"",24,8,"mokaj101","?","mokaj101","?","fitzf101","?","fitzf101","?","devim101","terrb101","frisf101","lindf101","farrd101","koehp101","soutb101","meusi101","willc103","","","DI.1-2","F","F",8,4,5,"F","F",0,"F","F",0,"F","F",0,"F","F",0,"","F","F","",0,0,"N",0,"N",0,"N",0,2,0,0,"","","","","F","F","F","F","F","F","F","F","F","fitzf101","","","F","F","F","F","F","","","","",0,0,0,0,0,0,0,0,0,102,"PHI","PHI","NY1",1,"F","F",8,24,0,39,2,"T","F",1,2,"F","F","hawkc101","kimmw101","T","T",9,3,101,0,0,0,0,0,0,"devim101","","",0,0,0,0,0,0,0,0,0,0,0,0,0,"","F","F","F","F",0,4,0,0,1,0,0,0,0,0,F,F,"1925PHI.EVN.regular.event.csv",4863
"PHI192509022","NY1",9,1,1,0,0,"",24,8,"mokaj101","?","mokaj101","?","fitzf101","?","fitzf101","?","devim101","terrb101","frisf101","lindf101","farrd101","koehp101","soutb101","meusi101","","willc103","","43.2-3","F","F",8,4,2,"T","T",0,"F","F",1,"F","F",0,"F","F",4,"G","F","F","",0,0,"N",0,"N",0,"N",0,0,3,0,"43","","","","F","F","F","F","F","F","F","F","F","","fitzf101","","F","F","F","F","F","","","","",0,3,0,0,4,0,0,0,0,103,"PHI","PHI","NY1",1,"F","F",8,24,0,39,2,"F","F",2,4,"F","F","hawkc101","kimmw101","T","T",0,0,0,9,3,101,0,0,0,"","devim101","",0,0,0,0,0,0,0,0,0,0,0,0,0,"frisf101","F","F","F","F",0,0,4,0,1,0,0,0,0,0,F,F,"1925PHI.EVN.regular.event.csv",4864
"PHI192509022","NY1",9,1,2,0,0,"",24,8,"hawkc101","?","hawkc101","?","fitzf101","?","fitzf101","?","devim101","terrb101","frisf101","lindf101","farrd101","koehp101","soutb101","meusi101","","","willc103","S7.3-H","F","F",3,5,20,"T","T",1,"F","F",0,"F","F",1,"F","F",7,"","F","F","",0,0,"N",0,"N",0,"N",1,0,0,4,"","","","","F","F","F","F","F","F","F","F","F","","","fitzf101","F","F","F","F","F","","","","",0,0,0,0,0,0,0,0,0,104,"PHI","PHI","NY1",1,"F","F",8,24,0,40,3,"T","F",4,1,"T","T","kimmw101","fribb101","T","T",0,0,0,0,0,0,9,3,101,"","","devim101",0,0,0,0,0,0,0,0,0,0,0,0,1,"koehp101","F","F","F","F",3,0,0,4,0,0,0,0,0,0,F,F,"1925PHI.EVN.regular.event.csv",4865
"PHI192509022","NY1",9,1,2,0,0,"",24,9,"kimmw101","?","kimmw101","?","fitzf101","?","fitzf101","?","devim101","terrb101","frisf101","lindf101","farrd101","koehp101","soutb101","meusi101","hawkc101","","","DI.1-2","F","F",5,6,5,"F","F",0,"F","F",0,"F","F",0,"F","F",0,"","F","F","",0,0,"N",0,"N",0,"N",0,2,0,0,"","","","","F","F","F","F","F","F","F","F","F","fitzf101","","","F","F","F","F","F","","","","",0,0,0,0,0,0,0,0,0,105,"PHI","PHI","NY1",1,"F","F",9,24,1,41,4,"T","F",1,2,"T","T","fribb101","wendl101","T","T",3,5,104,0,0,0,0,0,0,"devim101","","",0,0,0,0,0,0,0,0,0,0,0,0,0,"","F","F","F","F",0,3,0,0,0,0,0,0,0,0,F,F,"1925PHI.EVN.regular.event.csv",4866
"PHI192509022","NY1",9,1,2,0,0,"",24,9,"kimmw101","?","kimmw101","?","fitzf101","?","fitzf101","?","devim101","terrb101","frisf101","lindf101","farrd101","koehp101","soutb101","meusi101","","hawkc101","","DI.2-3","F","F",5,6,5,"F","F",0,"F","F",0,"F","F",0,"F","F",0,"","F","F","",0,0,"N",0,"N",0,"N",0,0,3,0,"","","","","F","F","F","F","F","F","F","F","F","","fitzf101","","F","F","F","F","F","","","","",0,0,0,0,0,0,0,0,0,106,"PHI","PHI","NY1",1,"F","F",9,24,1,41,4,"F","F",2,4,"T","T","fribb101","wendl101","T","T",0,0,0,3,5,104,0,0,0,"","devim101","",0,0,0,0,0,0,0,0,0,0,0,0,0,"","F","F","F","F",0,0,3,0,0,0,0,0,0,0,F,F,"1925PHI.EVN.regular.event.csv",4867
"PHI192509022","NY1",9,1,2,0,0,"",24,9,"kimmw101","?","kimmw101","?","fitzf101","?","fitzf101","?","devim101","terrb101","frisf101","lindf101","farrd101","koehp101","soutb101","meusi101","","","hawkc101","13","F","F",5,6,2,"T","T",0,"F","F",1,"F","F",0,"F","F",1,"G","F","F","",0,0,"N",0,"N",0,"N",0,0,0,3,"13","","","","F","F","F","F","F","F","F","F","F","","","fitzf101","F","T","F","F","F","","","","",0,3,0,0,1,0,0,0,0,107,"PHI","PHI","NY1",1,"F","T",9,24,1,41,4,"F","F",4,4,"T","T","fribb101","wendl101","T","T",0,0,0,0,0,0,3,5,104,"","","devim101",0,0,0,0,0,0,0,0,0,0,0,0,0,"fitzf101","F","F","F","F",0,0,0,3,0,0,0,0,0,0,F,F,"1925PHI.EVN.regular.event.csv",4868
"PHI192509040","NY1",1,0,0,0,0,"",0,0,"soutb101","?","soutb101","?","ulrid101","?","ulrid101","?","wilsj105","fonsl101","fribb101","kimmw101","sandh101","mokaj101","leacf101","burng101","","","","K","T","F",8,1,3,"T","T",0,"F","F",1,"F","F",0,"F","F",0,"","F","F","",0,0,"N",0,"N",0,"N",0,0,0,0,"2","","","","F","F","F","F","F","F","F","F","F","","","","T","F","F","F","F","","","","",0,2,0,0,0,0,0,0,0,1,"PHI","NY1","PHI",0,"T","F",0,0,0,0,0,"T","F",0,0,"T","T","frisf101","meusi101","T","T",0,0,0,0,0,0,0,0,0,"","","",0,0,0,0,0,0,0,0,0,0,0,0,0,"","F","F","F","F",0,0,0,0,0,0,0,0,0,0,F,F,"1925PHI.EVN.regular.event.csv",4869
"PHI192509040","NY1",1,0,1,0,0,"",0,0,"frisf101","?","frisf101","?","ulrid101","?","ulrid101","?","wilsj105","fonsl101","fribb101","kimmw101","sandh101","mokaj101","leacf101","burng101","","","","53","F","F",4,2,2,"T","T",0,"F","F",1,"F","F",0,"F","F",5,"G","F","F","",0,0,"N",0,"N",0,"N",0,0,0,0,"53","","","","F","F","F","F","F","F","F","F","F","","","","F","F","F","F","F","","","","",0,3,0,0,5,0,0,0,0,2,"PHI","NY1","PHI",0,"F","F",0,0,0,1,1,"T","F",0,0,"T","T","meusi101","terrb101","T","T",0,0,0,0,0,0,0,0,0,"","","",0,0,0,0,0,0,0,0,0,0,0,0,0,"kimmw101","F","F","F","F",0,0,0,0,0,0,0,0,0,0,F,F,"1925PHI.EVN.regular.event.csv",4870
"PHI192509040","NY1",1,0,2,0,0,"",0,0,"meusi101","?","meusi101","?","ulrid101","?","ulrid101","?","wilsj105","fonsl101","fribb101","kimmw101","sandh101","mokaj101","leacf101","burng101","","","","W","F","F",9,3,14,"T","F",0,"F","F",0,"F","F",0,"F","F",0,"","F","F","",0,0,"N",0,"N",0,"N",1,0,0,0,"","","","","F","F","F","F","F","F","F","F","F","","","","F","F","F","F","F","","","","",0,0,0,0,0,0,0,0,0,3,"PHI","NY1","PHI",0,"F","F",0,0,0,2,2,"T","F",0,1,"T","T","terrb101","kellg101","T","T",0,0,0,0,0,0,0,0,0,"","","",0,0,0,0,0,0,0,0,0,0,0,0,0,"","F","F","F","F",0,0,0,0,0,0,0,0,0,0,F,F,"1925PHI.EVN.regular.event.csv",4871
"PHI192509040","NY1",1,0,2,0,0,"",0,0,"terrb101","?","terrb101","?","ulrid101","?","ulrid101","?","wilsj105","fonsl101","fribb101","kimmw101","sandh101","mokaj101","leacf101","burng101","meusi101","","","7/L","F","F",3,4,2,"T","T",0,"F","F",1,"F","F",0,"F","F",7,"L","F","F","",0,0,"N",0,"N",0,"N",0,1,0,0,"7","","","","F","F","F","F","F","F","F","F","F","ulrid101","","","F","F","F","F","F","","","","",0,7,0,0,0,0,0,0,0,4,"PHI","NY1","PHI",0,"F","T",0,0,0,3,3,"T","F",1,1,"T","T","kellg101","lindf101","T","T",9,3,3,0,0,0,0,0,0,"wilsj105","","",0,0,0,0,0,0,0,0,0,0,0,0,0,"mokaj101","F","F","F","F",0,0,0,0,0,0,0,0,0,0,F,F,"1925PHI.EVN.regular.event.csv",4872
"PHI192509040","NY1",1,1,0,0,0,"",0,0,"sandh101","?","sandh101","?","bentj101","?","bentj101","?","snydf101","terrb101","frisf101","lindf101","jackt101","kellg101","soutb101","meusi101","","","","1/L","T","F",6,1,2,"T","T",0,"F","F",1,"F","F",0,"F","F",1,"L","F","F","",0,0,"N",0,"N",0,"N",0,0,0,0,"1","","","","F","F","F","F","F","F","F","F","F","","","","F","F","F","F","F","","","","",0,1,0,0,0,0,0,0,0,5,"PHI","PHI","NY1",1,"T","F",0,0,0,0,0,"T","F",0,0,"T","T","leacf101","burng101","T","T",0,0,0,0,0,0,0,0,0,"","","",0,0,0,0,0,0,0,0,0,0,0,0,0,"bentj101","F","F","F","F",0,0,0,0,0,0,0,0,0,0,F,F,"1925PHI.EVN.regular.event.csv",4873
"PHI192509040","NY1",1,1,1,0,0,"",0,0,"leacf101","?","leacf101","?","bentj101","?","bentj101","?","snydf101","terrb101","frisf101","lindf101","jackt101","kellg101","soutb101","meusi101","","","","W","F","F",8,2,14,"T","F",0,"F","F",0,"F","F",0,"F","F",0,"","F","F","",0,0,"N",0,"N",0,"N",1,0,0,0,"","","","","F","F","F","F","F","F","F","F","F","","","","F","F","F","F","F","","","","",0,0,0,0,0,0,0,0,0,6,"PHI","PHI","NY1",1,"F","F",0,0,0,1,1,"T","F",0,1,"T","T","burng101","mokaj101","T","T",0,0,0,0,0,0,0,0,0,"","","",0,0,0,0,0,0,0,0,0,0,0,0,0,"","F","F","F","F",0,0,0,0,0,0,0,0,0,0,F,F,"1925PHI.EVN.regular.event.csv",4874
"PHI192509040","NY1",1,1,1,0,0,"",0,0,"burng101","?","burng101","?","bentj101","?","bentj101","?","snydf101","terrb101","frisf101","lindf101","jackt101","kellg101","soutb101","meusi101","leacf101","","","CS2(24)","F","F",9,3,6,"F","F",0,"F","F",1,"F","F",0,"F","F",0,"","F","F","",0,0,"N",0,"N",0,"N",0,0,0,0,"","24","","","F","F","F","T","F","F","F","F","F","bentj101","","","F","F","F","F","F","","","","",0,4,0,0,2,0,0,0,0,7,"PHI","PHI","NY1",1,"F","F",0,0,0,2,2,"T","F",1,0,"T","T","mokaj101","fonsl101","T","T",8,2,6,0,0,0,0,0,0,"snydf101","","",0,0,0,0,0,0,0,0,0,0,0,0,0,"","F","F","F","F",0,0,0,0,0,0,0,0,0,0,F,F,"1925PHI.EVN.regular.event.csv",4875
"PHI192509040","NY1",1,1,2,0,0,"",0,0,"burng101","?","burng101","?","bentj101","?","bentj101","?","snydf101","terrb101","frisf101","lindf101","jackt101","kellg101","soutb101","meusi101","","","","W","F","F",9,3,14,"T","F",0,"F","F",0,"F","F",0,"F","F",0,"","F","F","",0,0,"N",0,"N",0,"N",1,0,0,0,"","","","","F","F","F","F","F","F","F","F","F","","","","F","F","F","F","F","","","","",0,0,0,0,0,0,0,0,0,8,"PHI","PHI","NY1",1,"F","F",0,0,0,2,2,"F","F",0,1,"T","T","mokaj101","fonsl101","T","T",0,0,0,0,0,0,0,0,0,"","","",0,0,0,0,0,0,0,0,0,0,0,0,0,"","F","F","F","F",0,0,0,0,0,0,0,0,0,0,F,F,"1925PHI.EVN.regular.event.csv",4876
"PHI192509040","NY1",1,1,2,0,0,"",0,0,"mokaj101","?","mokaj101","?","bentj101","?","bentj101","?","snydf101","terrb101","frisf101","lindf101","jackt101","kellg101","soutb101","meusi101","burng101","","","9/F","F","F",7,4,2,"T","T",0,"F","F",1,"F","F",0,"F","F",9,"F","F","F","",0,0,"N",0,"N",0,"N",0,1,0,0,"9","","","","F","F","F","F","F","F","F","F","F","bentj101","","","F","F","F","F","F","","","","",0,9,0,0,0,0,0,0,0,9,"PHI","PHI","NY1",1,"F","T",0,0,0,3,3,"T","F",1,1,"T","T","fonsl101","kimmw101","T","T",9,3,8,0,0,0,0,0,0,"snydf101","","",0,0,0,0,0,0,0,0,0,0,0,0,0,"meusi101","F","F","F","F",0,0,0,0,0,0,0,0,0,0,F,F,"1925PHI.EVN.regular.event.csv",4877
"PHI192509040","NY1",2,0,0,0,0,"",0,0,"kellg101","?","kellg101","?","ulrid101","?","ulrid101","?","wilsj105","fonsl101","fribb101","kimmw101","sandh101","mokaj101","leacf101","burng101","","","","K","T","F",7,5,3,"T","T",0,"F","F",1,"F","F",0,"F","F",0,"","F","F","",0,0,"N",0,"N",0,"N",0,0,0,0,"2","","","","F","F","F","F","F","F","F","F","F","","","","F","F","F","F","F","","","","",0,2,0,0,0,0,0,0,0,10,"PHI","NY1","PHI",0,"T","F",0,0,0,4,0,"T","F",0,0,"T","T","lindf101","jackt101","T","T",0,0,0,0,0,0,0,0,0,"","","",0,0,0,0,0,0,0,0,0,0,0,0,0,"","F","F","F","F",0,0,0,0,0,0,0,0,0,0,F,F,"1925PHI.EVN.regular.event.csv",4878
"PHI192509040","NY1",2,0,1,0,0,"",0,0,"lindf101","?","lindf101","?","ulrid101","?","ulrid101","?","wilsj105","fonsl101","fribb101","kimmw101","sandh101","mokaj101","leacf101","burng101","","","","8/F","F","F",5,6,2,"T","T",0,"F","F",1,"F","F",0,"F","F",8,"F","F","F","",0,0,"N",0,"N",0,"N",0,0,0,0,"8","","","","F","F","F","F","F","F","F","F","F","","","","F","F","F","F","F","","","","",0,8,0,0,0,0,0,0,0,11,"PHI","NY1","PHI",0,"F","F",0,0,0,5,1,"T","F",0,0,"T","T","jackt101","snydf101","T","T",0,0,0,0,0,0,0,0,0,"","","",0,0,0,0,0,0,0,0,0,0,0,0,0,"leacf101","F","F","F","F",0,0,0,0,0,0,0,0,0,0,F,F,"1925PHI.EVN.regular.event.csv",4879
"PHI192509040","NY1",2,0,2,0,0,"",0,0,"jackt101","?","jackt101","?","ulrid101","?","ulrid101","?","wilsj105","fonsl101","fribb101","kimmw101","sandh101","mokaj101","leacf101","burng101","","","","K/C","F","F",6,7,3,"T","T",0,"F","F",1,"F","F",0,"F","F",0,"","F","F","",0,0,"N",0,"N",0,"N",0,0,0,0,"2","","","","F","F","F","F","F","F","F","F","F","","","","F","F","F","F","F","","","","",0,2,0,0,0,0,0,0,0,12,"PHI","NY1","PHI",0,"F","T",0,0,0,6,2,"T","F",0,0,"T","T","snydf101","bentj101","T","T",0,0,0,0,0,0,0,0,0,"","","",0,0,0,0,0,0,0,0,0,0,0,0,0,"","F","F","F","F",0,0,0,0,0,0,0,0,0,0,F,F,"1925PHI.EVN.regular.event.csv",4880
"PHI192509040","NY1",2,1,0,0,0,"",0,0,"fonsl101","?","fonsl101","?","bentj101","?","bentj101","?","snydf101","terrb101","frisf101","lindf101","jackt101","kellg101","soutb101","meusi101","","","","8/F","T","F",3,5,2,"T","T",0,"F","F",1,"F","F",0,"F","F",8,"F","F","F","",0,0,"N",0,"N",0,"N",0,0,0,0,"8","","","","F","F","F","F","F","F","F","F","F","","","","F","F","F","F","F","","","","",0,8,0,0,0,0,0,0,0,13,"PHI","PHI","NY1",1,"T","F",0,0,0,4,0,"T","F",0,0,"T","T","kimmw101","fribb101","T","T",0,0,0,0,0,0,0,0,0,"","","",0,0,0,0,0,0,0,0,0,0,0,0,0,"soutb101","F","F","F","F",0,0,0,0,0,0,0,0,0,0,F,F,"1925PHI.EVN.regular.event.csv",4881
"PHI192509040","NY1",2,1,1,0,0,"",0,0,"kimmw101","?","kimmw101","?","bentj101","?","bentj101","?","snydf101","terrb101","frisf101","lindf101","jackt101","kellg101","soutb101","meusi101","","","","W","F","F",5,6,14,"T","F",0,"F","F",0,"F","F",0,"F","F",0,"","F","F","",0,0,"N",0,"N",0,"N",1,0,0,0,"","","","","F","F","F","F","F","F","F","F","F","","","","F","F","F","F","F","","","","",0,0,0,0,0,0,0,0,0,14,"PHI","PHI","NY1",1,"F","F",0,0,0,5,1,"T","F",0,1,"T","T","fribb101","wilsj105","T","T",0,0,0,0,0,0,0,0,0,"","","",0,0,0,0,0,0,0,0,0,0,0,0,0,"","F","F","F","F",0,0,0,0,0,0,0,0,0,0,F,F,"1925PHI.EVN.regular.event.csv",4882
"PHI192509040","NY1",2,1,1,0,0,"",0,0,"fribb101","?","fribb101","?","bentj101","?","bentj101","?","snydf101","terrb101","frisf101","lindf101","jackt101","kellg101","soutb101","meusi101","kimmw101","","","7/L","F","F",4,7,2,"T","T",0,"F","F",1,"F","F",0,"F","F",7,"L","F","F","",0,0,"N",0,"N",0,"N",0,1,0,0,"7","","","","F","F","F","F","F","F","F","F","F","bentj101","","","F","F","F","F","F","","","","",0,7,0,0,0,0,0,0,0,15,"PHI","PHI","NY1",1,"F","F",0,0,0,6,2,"T","F",1,1,"T","T","wilsj105","ulrid101","T","T",5,6,14,0,0,0,0,0,0,"snydf101","","",0,0,0,0,0,0,0,0,0,0,0,0,0,"kellg101","F","F","F","F",0,0,0,0,0,0,0,0,0,0,F,F,"1925PHI.EVN.regular.event.csv",4883
"PHI192509040","NY1",2,1,2,0,0,"",0,0,"wilsj105","?","wilsj105","?","bentj101","?","bentj101","?","snydf101","terrb101","frisf101","lindf101","jackt101","kellg101","soutb101","meusi101","kimmw101","","","S9.1-2","F","F",2,8,20,"T","T",1,"F","F",0,"F","F",0,"F","F",9,"","F","F","",0,0,"N",0,"N",0,"N",1,2,0,0,"","","","","F","F","F","F","F","F","F","F","F","bentj101","","","F","F","F","F","F","","","","",0,0,0,0,0,0,0,0,0,16,"PHI","PHI","NY1",1,"F","F",0,0,0,7,3,"T","F",1,3,"T","T","ulrid101","sandh101","T","T",5,6,14,0,0,0,0,0,0,"snydf101","","",0,0,0,0,0,0,0,0,0,0,0,0,0,"meusi101","F","F","F","F",0,0,0,0,0,0,0,0,0,0,F,F,"1925PHI.EVN.regular.event.csv",4884
"PHI192509040","NY1",2,1,2,0,0,"",0,0,"ulrid101","?","ulrid101","?","bentj101","?","bentj101","?","snydf101","terrb101","frisf101","lindf101","jackt101","kellg101","soutb101","meusi101","wilsj105","kimmw101","","13","F","F",1,9,2,"T","T",0,"F","F",1,"F","F",0,"F","F",1,"G","F","F","",0,0,"N",0,"N",0,"N",0,1,2,0,"13","","","","F","F","F","F","F","F","F","F","F","bentj101","bentj101","","F","F","F","F","F","","","","",0,3,0,0,1,0,0,0,0,17,"PHI","PHI","NY1",1,"F","T",0,0,0,8,4,"T","F",3,3,"T","T","sandh101","leacf101","T","T",2,8,16,5,6,14,0,0,0,"snydf101","snydf101","",0,0,0,0,0,0,0,0,0,0,0,0,0,"bentj101","F","F","F","F",0,0,0,0,0,0,0,0,0,0,F,F,"1925PHI.EVN.regular.event.csv",4885
"PHI192509040","NY1",3,0,0,0,0,"",0,0,"snydf101","?","snydf101","?","ulrid101","?","ulrid101","?","wilsj105","fonsl101","fribb101","kimmw101","sandh101","mokaj101","leacf101","burng101","","","","K","T","F",2,8,3,"T","T",0,"F","F",1,"F","F",0,"F","F",0,"","F","F","",0,0,"N",0,"N",0,"N",0,0,0,0,"2","","","","F","F","F","F","F","F","F","F","F","","","","F","F","F","F","F","","","","",0,2,0,0,0,0,0,0,0,18,"PHI","NY1","PHI",0,"T","F",0,0,0,7,0,"T","F",0,0,"T","T","bentj101","soutb101","T","T",0,0,0,0,0,0,0,0,0,"","","",0,0,0,0,0,0,0,0,0,0,0,0,0,"","F","F","F","F",0,0,0,0,3,0,0,0,0,0,F,F,"1925PHI.EVN.regular.event.csv",4886
"PHI192509040","NY1",3,0,1,0,0,"",0,0,"bentj101","?","bentj101","?","ulrid101","?","ulrid101","?","wilsj105","fonsl101","fribb101","kimmw101","sandh101","mokaj101","leacf101","burng101","","","","S8","F","F",1,9,20,"T","T",1,"F","F",0,"F","F",0,"F","F",8,"","F","F","",0,0,"N",0,"N",0,"N",1,0,0,0,"","","","","F","F","F","F","F","F","F","F","F","","","","F","F","F","F","F","","","","",0,0,0,0,0,0,0,0,0,19,"PHI","NY1","PHI",0,"F","F",0,0,0,8,1,"T","F",0,1,"T","T","soutb101","frisf101","T","T",0,0,0,0,0,0,0,0,0,"","","",0,0,0,0,0,0,0,0,0,0,0,0,0,"leacf101","F","F","F","F",4,0,0,0,3,0,0,0,0,0,F,F,"1925PHI.EVN.regular.event.csv",4887
"PHI192509040","NY1",3,0,1,0,0,"",0,0,"soutb101","?","soutb101","?","ulrid101","?","ulrid101","?","wilsj105","fonsl101","fribb101","kimmw101","sandh101","mokaj101","leacf101","burng101","bentj101","","","8/F","F","F",8,1,2,"T","T",0,"F","F",1,"F","F",0,"F","F",8,"F","F","F","",0,0,"N",0,"N",0,"N",0,1,0,0,"8","","","","F","F","F","F","F","F","F","F","F","ulrid101","","","F","F","F","F","F","","","","",0,8,0,0,0,0,0,0,0,20,"PHI","NY1","PHI",0,"F","F",0,0,0,9,2,"T","F",1,1,"T","T","frisf101","meusi101","T","T",1,9,19,0,0,0,0,0,0,"wilsj105","","",0,0,0,0,0,0,0,0,0,0,0,0,0,"leacf101","F","F","F","F",0,4,0,0,3,0,0,0,0,0,F,F,"1925PHI.EVN.regular.event.csv",4888
"PHI192509040","NY1",3,0,2,0,0,"",0,0,"frisf101","?","frisf101","?","ulrid101","?","ulrid101","?","wilsj105","fonsl101","fribb101","kimmw101","sandh101","mokaj101","leacf101","burng101","bentj101","","","S9/89.1-2","F","F",4,2,20,"T","T",1,"F","F",0,"F","F",0,"F","F",9,"","F","F","89",0,0,"N",0,"N",0,"N",1,2,0,0,"","","","","F","F","F","F","F","F","F","F","F","ulrid101","","","F","F","F","F","F","","","","",0,0,0,0,0,0,0,0,0,21,"PHI","NY1","PHI",0,"F","F",0,0,0,10,3,"T","F",1,3,"T","T","meusi101","terrb101","T","T",1,9,19,0,0,0,0,0,0,"wilsj105","","",0,0,0,0,0,0,0,0,0,0,0,0,0,"burng101","F","F","F","F",4,4,0,0,3,0,0,0,0,0,F,F,"1925PHI.EVN.regular.event.csv",4889
"PHI192509040","NY1",3,0,2,0,0,"",0,0,"meusi101","?","meusi101","?","ulrid101","?","ulrid101","?","wilsj105","fonsl101","fribb101","kimmw101","sandh101","mokaj101","leacf101","burng101","frisf101","bentj101","","S9.2-H;1-3","F","F",9,3,20,"T","T",1,"F","F",0,"F","F",1,"F","F",9,"","F","F","",0,0,"N",0,"N",0,"N",1,3,4,0,"","","","","F","F","F","F","F","F","F","F","F","ulrid101","ulrid101","","F","F","F","F","F","","","","",0,0,0,0,0,0,0,0,0,22,"PHI","NY1","PHI",0,"F","F",0,0,0,11,4,"T","F",3,5,"T","T","terrb101","kellg101","T","T",4,2,21,1,9,19,0,0,0,"wilsj105","wilsj105","",0,0,0,0,0,0,0,0,0,0,0,0,1,"burng101","F","F","F","F",4,4,4,0,2,0,0,0,0,0,F,F,"1925PHI.EVN.regular.event.csv",4890
"PHI192509040","NY1",3,0,2,0,0,"",1,0,"terrb101","?","terrb101","?","ulrid101","?","ulrid101","?","wilsj105","fonsl101","fribb101","kimmw101","sandh101","mokaj101","leacf101","burng101","meusi101","","frisf101","S/78.3-H;1-3","F","F",3,4,20,"T","T",1,"F","F",0,"F","F",1,"F","F",0,"","F","F","78",0,0,"N",0,"N",0,"N",1,3,0,4,"","","","","F","F","F","F","F","F","F","F","F","ulrid101","","ulrid101","F","F","F","F","F","","","","",0,0,0,0,0,0,0,0,0,23,"PHI","NY1","PHI",0,"F","F",1,0,1,12,5,"T","F",5,5,"T","T","kellg101","lindf101","T","T",9,3,22,0,0,0,4,2,21,"wilsj105","","wilsj105",0,0,0,0,0,0,0,0,0,0,0,0,1,"","F","F","F","F",0,4,0,4,1,0,0,0,0,0,F,F,"1925PHI.EVN.regular.event.csv",4891
"PHI192509040","NY1",3,0,2,0,0,"",2,0,"kellg101","?","kellg101","?","ulrid101","?","ulrid101","?","wilsj105","fonsl101","fribb101","kimmw101","sandh101","mokaj101","leacf101","burng101","terrb101","","meusi101","S8.3-H;1-2","F","F",7,5,20,"T","T",1,"F","F",0,"F","F",1,"F","F",8,"","F","F","",0,0,"N",0,"N",0,"N",1,2,0,4,"","","","","F","F","F","F","F","F","F","F","F","ulrid101","","ulrid101","F","F","F","F","F","","","","",0,0,0,0,0,0,0,0,0,24,"PHI","NY1","PHI",0,"F","F",2,0,2,13,6,"T","F",5,3,"T","T","lindf101","jackt101","T","T",3,4,23,0,0,0,9,3,22,"wilsj105","","wilsj105",0,0,0,0,0,0,0,0,0,0,0,0,1,"leacf101","F","F","F","F",0,0,0,4,0,0,0,0,0,0,F,F,"1925PHI.EVN.regular.event.csv",4892
"PHI192509040","NY1",3,0,2,0,0,"",3,0,"lindf101","?","lindf101","?","ulrid101","?","ulrid101","?","wilsj105","fonsl101","fribb101","kimmw101","sandh101","mokaj101","leacf101","burng101","kellg101","terrb101","","64(1)/FO","F","F",5,6,2,"T","T",0,"F","F",1,"F","F",0,"F","F",6,"G","F","F","",0,0,"N",0,"N",0,"N",1,0,2,0,"","64","","","F","F","F","F","F","F","F","F","F","ulrid101","ulrid101","","F","F","F","F","F","","","","",0,4,0,0,6,0,0,0,0,25,"PHI","NY1","PHI",0,"F","T",3,0,3,14,7,"T","F",3,3,"T","T","jackt101","snydf101","T","T",7,5,24,3,4,23,0,0,0,"wilsj105","wilsj105","",0,0,0,0,0,0,0,0,0,0,0,0,0,"sandh101","T","F","F","F",0,0,0,0,0,0,0,0,0,0,F,F,"1925PHI.EVN.regular.event.csv",4893
"PHI192509040","NY1",3,1,0,0,0,"",3,0,"sandh101","?","sandh101","?","bentj101","?","bentj101","?","snydf101","terrb101","frisf101","lindf101","jackt101","kellg101","soutb101","meusi101","","","","S8","T","F",6,1,20,"T","T",1,"F","F",0,"F","F",0,"F","F",8,"","F","F","",0,0,"N",0,"N",0,"N",1,0,0,0,"","","","","F","F","F","F","F","F","F","F","F","","","","F","F","F","F","F","","","","",0,0,0,0,0,0,0,0,0,26,"PHI","PHI","NY1",1,"T","F",0,3,0,9,0,"T","F",0,1,"T","T","leacf101","burng101","T","T",0,0,0,0,0,0,0,0,0,"","","",0,0,0,0,0,0,0,0,0,0,0,0,0,"soutb101","F","F","F","F",4,0,0,0,2,0,0,0,0,0,F,F,"1925PHI.EVN.regular.event.csv",4894
"PHI192509040","NY1",3,1,0,0,0,"",3,0,"leacf101","?","leacf101","?","bentj101","?","bentj101","?","snydf101","terrb101","frisf101","lindf101","jackt101","kellg101","soutb101","meusi101","sandh101","","","D8/89XDW.1-3","F","F",8,2,21,"T","T",2,"F","F",0,"F","F",0,"F","F",8,"","F","F","89XDW",0,0,"N",0,"N",0,"N",2,3,0,0,"","","","","F","F","F","F","F","F","F","F","F","bentj101","","","F","F","F","F","F","","","","",0,0,0,0,0,0,0,0,0,27,"PHI","PHI","NY1",1,"F","F",0,3,0,10,1,"T","F",1,6,"T","T","burng101","mokaj101","T","T",6,1,26,0,0,0,0,0,0,"snydf101","","",0,0,0,0,0,0,0,0,0,0,0,0,0,"soutb101","F","F","F","F",4,4,0,0,2,0,0,0,0,0,F,F,"1925PHI.EVN.regular.event.csv",4895
"PHI192509040","NY1",3,1,0,0,0,"",3,0,"willc103","?","willc103","?","wisnj101","?","wisnj101","?","snydf101","terrb101","frisf101","lindf101","jackt101","kellg101","soutb101","meusi101","","leacf101","sandh101","W","F","T",11,3,14,"T","F",0,"F","F",0,"F","F",0,"F","F",0,"","F","F","",0,0,"N",0,"N",0,"N",1,0,2,3,"","","","","F","F","F","F","F","F","F","F","F","","bentj101","bentj101","F","F","F","F","F","","","","burng101",9,0,0,0,0,0,0,0,0,28,"PHI","PHI","NY1",1,"F","F",0,3,0,11,2,"T","F",6,7,"F","F","mokaj101","fonsl101","F","F",0,0,0,8,2,27,6,1,26,"","snydf101","snydf101",0,0,0,0,0,0,0,0,0,0,0,0,0,"","F","F","F","F",3,0,4,4,2,0,0,0,0,0,F,F,"1925PHI.EVN.regular.event.csv",4896
"PHI192509040","NY1",3,1,0,0,0,"",3,0,"harpg101","?","harpg101","?","wisnj101","?","wisnj101","?","snydf101","terrb101","frisf101","lindf101","jackt101","kellg101","soutb101","meusi101","willc103","leacf101","sandh101","2/FL","F","T",11,4,2,"T","T",0,"F","F",1,"F","F",0,"F","F",2,"F","F","T","",0,0,"N",0,"N",0,"N",0,1,2,3,"2","","","","F","F","F","F","F","F","F","F","F","wisnj101","bentj101","bentj101","F","F","F","F","F","","","","mokaj101",7,2,0,0,0,0,0,0,0,29,"PHI","PHI","NY1",1,"F","F",0,3,0,12,3,"T","F",7,7,"F","F","fonsl101","kimmw101","F","F",11,3,28,8,2,27,6,1,26,"snydf101","snydf101","snydf101",0,0,0,0,0,0,0,0,0,0,0,0,0,"snydf101","F","F","F","F",0,3,4,4,2,0,0,0,0,0,F,F,"1925PHI.EVN.regular.event.csv",4897
"PHI192509040","NY1",3,1,1,0,0,"",3,0,"fonsl101","?","fonsl101","?","wisnj101","?","wisnj101","?","snydf101","terrb101","frisf101","lindf101","jackt101","kellg101","soutb101","meusi101","willc103","leacf101","sandh101","2/FL","F","F",3,5,2,"T","T",0,"F","F",1,"F","F",0,"F","F",2,"F","F","T","",0,0,"N",0,"N",0,"N",0,1,2,3,"2","","","","F","F","F","F","F","F","F","F","F","wisnj101","bentj101","bentj101","F","F","F","F","F","","","","",0,2,0,0,0,0,0,0,0,30,"PHI","PHI","NY1",1,"F","F",0,3,0,13,4,"T","F",7,7,"T","T","kimmw101","fribb101","F","F",0,3,28,8,2,27,6,1,26,"snydf101","snydf101","snydf101",0,0,0,0,0,0,0,0,0,0,0,0,0,"snydf101","F","F","F","F",0,3,4,4,2,0,0,0,0,0,F,F,"1925PHI.EVN.regular.event.csv",4898
"PHI192509040","NY1",3,1,2,0,0,"",3,0,"kimmw101","?","kimmw101","?","wisnj101","?","wisnj101","?","snydf101","terrb101","frisf101","lindf101","jackt101","kellg101","soutb101","meusi101","willc103","leacf101","sandh101","S8.3-H;2-H;1-3;B-2(TH3)#","F","F",5,6,20,"T","T",1,"F","F",0,"F","F",2,"F","F",8,"","F","F","",0,0,"N",0,"N",0,"N",2,3,4,4,"","","","","F","F","F","F","F","F","F","F","F","wisnj101","bentj101","bentj101","F","F","F","F","F","","","","",0,0,0,0,0,0,0,0,0,31,"PHI","PHI","NY1",1,"F","F",0,3,0,14,5,"T","F",7,6,"T","T","fribb101","wilsj105","F","F",0,3,28,8,2,27,6,1,26,"snydf101","snydf101","snydf101",0,0,0,0,0,0,0,0,0,0,0,0,2,"soutb101","F","F","F","F",2,3,4,4,0,0,0,0,0,0,F,T,"1925PHI.EVN.regular.event.csv",4899
"PHI192509040","NY1",3,1,2,0,0,"",3,2,"fribb101","?","fribb101","?","wisnj101","?","wisnj101","?","snydf101","terrb101","frisf101","lindf101","jackt101","kellg101","soutb101","meusi101","","kimmw101","willc103","31","F","F",4,7,2,"T","T",0,"F","F",1,"F","F",0,"F","F",3,"G","F","F","",0,0,"N",0,"N",0,"N",0,0,2,3,"31","","","","F","F","F","F","F","F","F","F","F","","wisnj101","wisnj101","F","F","F","F","F","","","","",0,1,0,0,3,0,0,0,0,32,"PHI","PHI","NY1",1,"F","T",2,3,2,15,6,"T","F",6,6,"T","T","wilsj105","ulrid101","F","F",0,0,0,5,6,31,0,3,28,"","snydf101","snydf101",0,0,0,0,0,0,0,0,0,0,0,0,0,"terrb101","F","F","F","F",0,0,2,3,0,0,0,0,0,0,F,F,"1925PHI.EVN.regular.event.csv",4900
"PHI192509040","NY1",4,0,0,0,0,"",3,2,"jackt101","?","jackt101","?","ulrid101","?","ulrid101","?","wilsj105","fonsl101","fribb101","kimmw101","sandh101","harpg101","leacf101","willc103","","","","3/BG","T","F",6,7,2,"T","T",0,"F","F",1,"F","F",0,"F","F",3,"G","T","F","",0,0,"N",0,"N",0,"N",0,0,0,0,"3","","","","F","F","F","F","F","F","F","F","F","","","","F","F","F","F","F","","","","",0,3,0,0,0,0,0,0,0,33,"PHI","NY1","PHI",0,"T","F",3,2,0,15,0,"T","F",0,0,"T","T","snydf101","wisnj101","T","T",0,0,0,0,0,0,0,0,0,"","","",0,0,0,0,0,0,0,0,0,0,0,0,0,"fonsl101","F","F","F","F",0,0,0,0,0,0,0,0,0,0,F,F,"1925PHI.EVN.regular.event.csv",4901
"PHI192509040","NY1",4,0,1,0,0,"",3,2,"snydf101","?","snydf101","?","ulrid101","?","ulrid101","?","wilsj105","fonsl101","fribb101","kimmw101","sandh101","harpg101","leacf101","willc103","","","","5/FL","F","F",2,8,2,"T","T",0,"F","F",1,"F","F",0,"F","F",5,"F","F","T","",0,0,"N",0,"N",0,"N",0,0,0,0,"5","","","","F","F","F","F","F","F","F","F","F","","","","F","F","F","F","F","","","","",0,5,0,0,0,0,0,0,0,34,"PHI","NY1","PHI",0,"F","F",3,2,0,16,1,"T","F",0,0,"T","T","wisnj101","soutb101","T","T",0,0,0,0,0,0,0,0,0,"","","",0,0,0,0,0,0,0,0,0,0,0,0,0,"kimmw101","F","F","F","F",0,0,0,0,0,0,0,0,0,0,F,F,"1925PHI.EVN.regular.event.csv",4902
"PHI192509040","NY1",4,0,2,0,0,"",3,2,"wisnj101","?","wisnj101","?","ulrid101","?","ulrid101","?","wilsj105","fonsl101","fribb101","kimmw101","sandh101","harpg101","leacf101","willc103","","","","53","F","F",1,9,2,"T","T",0,"F","F",1,"F","F",0,"F","F",5,"G","F","F","",0,0,"N",0,"N",0,"N",0,0,0,0,"53","","","","F","F","F","F","F","F","F","F","F","","","","F","F","F","F","F","","","","",0,3,0,0,5,0,0,0,0,35,"PHI","NY1","PHI",0,"F","T",3,2,0,17,2,"T","F",0,0,"F","F","soutb101","frisf101","T","T",0,0,0,0,0,0,0,0,0,"","","",0,0,0,0,0,0,0,0,0,0,0,0,0,"kimmw101","F","F","F","F",0,0,0,0,0,0,0,0,0,0,F,F,"1925PHI.EVN.regular.event.csv",4903
"PHI192509040","NY1",4,1,0,0,0,"",3,2,"wilsj105","?","wilsj105","?","wisnj101","?","wisnj101","?","snydf101","terrb101","frisf101","lindf101","jackt101","kellg101","soutb101","meusi101","","","","6/P","T","F",2,8,2,"T","T",0,"F","F",1,"F","F",0,"F","F",6,"P","F","F","",0,0,"N",0,"N",0,"N",0,0,0,0,"6","","","","F","F","F","F","F","F","F","F","F","","","","F","F","F","F","F","","","","",0,6,0,0,0,0,0,0,0,36,"PHI","PHI","NY1",1,"T","F",2,3,0,16,0,"T","F",0,0,"T","T","ulrid101","sandh101","F","F",0,0,0,0,0,0,0,0,0,"","","",0,0,0,0,0,0,0,0,0,0,0,0,0,"jackt101","F","F","F","F",0,0,0,0,3,0,0,0,0,0,F,F,"1925PHI.EVN.regular.event.csv",4904
"PHI192509040","NY1",4,1,1,0,0,"",3,2,"ulrid101","?","ulrid101","?","wisnj101","?","wisnj101","?","snydf101","terrb101","frisf101","lindf101","jackt101","kellg101","soutb101","meusi101","","","","3/G","F","F",1,9,2,"T","T",0,"F","F",1,"F","F",0,"F","F",3,"G","F","F","",0,0,"N",0,"N",0,"N",0,0,0,0,"3","","","","F","F","F","F","F","F","F","F","F","","","","F","F","F","F","F","","","","",0,3,0,0,0,0,0,0,0,37,"PHI","PHI","NY1",1,"F","F",2,3,0,17,1,"T","F",0,0,"T","T","sandh101","leacf101","F","F",0,0,0,0,0,0,0,0,0,"","","",0,0,0,0,0,0,0,0,0,0,0,0,0,"terrb101","F","F","F","F",0,0,0,0,3,0,0,0,0,0,F,F,"1925PHI.EVN.regular.event.csv",4905
"PHI192509040","NY1",4,1,2,0,0,"",3,2,"sandh101","?","sandh101","?","wisnj101","?","wisnj101","?","snydf101","terrb101","frisf101","lindf101","jackt101","kellg101","soutb101","meusi101","","","","W","F","F",6,1,14,"T","F",0,"F","F",0,"F","F",0,"F","F",0,"","F","F","",0,0,"N",0,"N",0,"N",1,0,0,0,"","","","","F","F","F","F","F","F","F","F","F","","","","F","F","F","F","F","","","","",0,0,0,0,0,0,0,0,0,38,"PHI","PHI","NY1",1,"F","F",2,3,0,18,2,"T","F",0,1,"T","T","leacf101","willc103","F","F",0,0,0,0,0,0,0,0,0,"","","",0,0,0,0,0,0,0,0,0,0,0,0,0,"","F","F","F","F",4,0,0,0,3,0,0,0,0,0,F,F,"1925PHI.EVN.regular.event.csv",4906
"PHI192509040","NY1",4,1,2,0,0,"",3,2,"leacf101","?","leacf101","?","wisnj101","?","wisnj101","?","snydf101","terrb101","frisf101","lindf101","jackt101","kellg101","soutb101","meusi101","sandh101","","","S8.1-3#","F","F",8,2,20,"T","T",1,"F","F",0,"F","F",0,"F","F",8,"","F","F","",0,0,"N",0,"N",0,"N",1,3,0,0,"","","","","F","F","F","F","F","F","F","F","F","wisnj101","","","F","F","F","F","F","","","","",0,0,0,0,0,0,0,0,0,39,"PHI","PHI","NY1",1,"F","F",2,3,0,19,3,"T","F",1,5,"T","T","willc103","harpg101","F","F",6,1,38,0,0,0,0,0,0,"snydf101","","",0,0,0,0,0,0,0,0,0,0,0,0,0,"soutb101","F","F","F","F",4,4,0,0,3,0,0,0,0,0,F,T,"1925PHI.EVN.regular.event.csv",4907
"PHI192509040","NY1",4,1,2,0,0,"",3,2,"willc103","?","willc103","?","wisnj101","?","wisnj101","?","snydf101","terrb101","frisf101","lindf101","jackt101","kellg101","soutb101","meusi101","leacf101","","sandh101","S9/9DW.3-H;1-3#","F","F",9,3,20,"T","T",1,"F","F",0,"F","F",1,"F","F",9,"","F","F","9DW",0,0,"N",0,"N",0,"N",1,3,0,4,"","","","","F","F","F","F","F","F","F","F","F","wisnj101","","wisnj101","F","F","F","F","F","","","","",0,0,0,0,0,0,0,0,0,40,"PHI","PHI","NY1",1,"F","F",2,3,0,20,4,"T","F",5,5,"F","F","harpg101","fonsl101","F","F",8,2,39,0,0,0,6,1,38,"snydf101","","snydf101",0,0,0,0,0,0,0,0,0,0,0,0,1,"meusi101","F","F","F","F",4,4,0,4,2,0,0,0,0,0,F,T,"1925PHI.EVN.regular.event.csv",4908
"PHI192509040","NY1",4,1,2,0,0,"X",3,3,"harpg101","?","harpg101","?","nehfa101","?","nehfa101","?","snydf101","terrb101","frisf101","lindf101","jackt101","kellg101","soutb101","meusi101","willc103","","leacf101","S9.3-H;1-2","F","F",7,4,20,"T","T",1,"F","F",0,"F","F",1,"F","F",9,"","F","F","",0,0,"N",0,"N",0,"N",1,2,0,4,"","","","","F","F","F","F","F","F","F","F","F","wisnj101","","wisnj101","F","F","F","F","F","","","","",0,0,0,0,0,0,0,0,0,41,"PHI","PHI","NY1",1,"F","F",3,3,1,21,5,"T","F",5,3,"F","F","fonsl101","kimmw101","F","F",9,3,40,0,0,0,8,2,39,"snydf101","","snydf101",0,0,0,0,0,0,1,0,0,0,1,0,1,"meusi101","F","F","F","F",0,4,0,4,1,0,0,0,0,0,F,F,"1925PHI.EVN.regular.event.csv",4909
"PHI192509040","NY1",4,1,2,0,0,"",3,4,"fonsl101","?","fonsl101","?","nehfa101","?","nehfa101","?","snydf101","terrb101","frisf101","lindf101","jackt101","kellg101","soutb101","meusi101","harpg101","willc103","","S7.2-H;1-3;B-2(TH3)","F","F",3,5,20,"T","T",1,"F","F",0,"F","F",1,"F","F",7,"","F","F","",0,0,"N",0,"N",0,"N",2,3,4,0,"","","","","F","F","F","F","F","F","F","F","F","nehfa101","wisnj101","","F","F","F","F","F","","","","",0,0,0,0,0,0,0,0,0,42,"PHI","PHI","NY1",1,"F","F",4,3,2,22,6,"T","F",3,6,"T","T","kimmw101","fribb101","F","F",7,4,41,9,3,40,0,0,0,"snydf101","snydf101","",0,0,0,0,0,0,0,0,0,0,0,0,1,"kellg101","F","F","F","F",0,0,4,0,0,0,0,0,0,0,F,F,"1925PHI.EVN.regular.event.csv",4910
"PHI192509040","NY1",4,1,2,0,0,"",3,5,"kimmw101","?","kimmw101","?","nehfa101","?","nehfa101","?","snydf101","terrb101","frisf101","lindf101","jackt101","kellg101","soutb101","meusi101","","fonsl101","harpg101","53","F","F",5,6,2,"T","T",0,"F","F",1,"F","F",0,"F","F",5,"G","F","F","",0,0,"N",0,"N",0,"N",0,0,2,3,"53","","","","F","F","F","F","F","F","F","F","F","","nehfa101","nehfa101","F","F","F","F","F","","","","",0,3,0,0,5,0,0,0,0,43,"PHI","PHI","NY1",1,"F","T",5,3,3,23,7,"T","F",6,6,"T","T","fribb101","wilsj105","F","F",0,0,0,3,5,42,7,4,41,"","snydf101","snydf101",0,0,0,0,0,0,0,0,0,0,0,0,0,"lindf101","F","F","F","F",0,0,0,0,0,0,0,0,0,0,F,F,"1925PHI.EVN.regular.event.csv",4911
"PHI192509040","NY1",5,0,0,0,0,"",3,5,"soutb101","?","soutb101","?","ulrid101","?","ulrid101","?","wilsj105","fonsl101","fribb101","kimmw101","sandh101","harpg101","leacf101","willc103","","","","43","T","F",8,1,2,"T","T",0,"F","F",1,"F","F",0,"F","F",4,"G","F","F","",0,0,"N",0,"N",0,"N",0,0,0,0,"43","","","","F","F","F","F","F","F","F","F","F","","","","F","F","F","F","F","","","","",0,3,0,0,4,0,0,0,0,44,"PHI","NY1","PHI",0,"T","F",3,5,0,18,0,"T","F",0,0,"T","T","frisf101","meusi101","T","T",0,0,0,0,0,0,0,0,0,"","","",0,0,0,0,0,0,0,0,0,0,0,0,0,"fribb101","F","F","F","F",0,0,0,0,1,0,0,0,0,0,F,F,"1925PHI.EVN.regular.event.csv",4912
"PHI192509040","NY1",5,0,1,0,0,"",3,5,"frisf101","?","frisf101","?","ulrid101","?","ulrid101","?","wilsj105","fonsl101","fribb101","kimmw101","sandh101","harpg101","leacf101","willc103","","","","5/L","F","F",4,2,2,"T","T",0,"F","F",1,"F","F",0,"F","F",5,"L","F","F","",0,0,"N",0,"N",0,"N",0,0,0,0,"5","","","","F","F","F","F","F","F","F","F","F","","","","F","F","F","F","F","","","","",0,5,0,0,0,0,0,0,0,45,"PHI","NY1","PHI",0,"F","F",3,5,0,19,1,"T","F",0,0,"T","T","meusi101","terrb101","T","T",0,0,0,0,0,0,0,0,0,"","","",0,0,0,0,0,0,0,0,0,0,0,0,0,"kimmw101","F","F","F","F",0,0,0,0,1,0,0,0,0,0,F,F,"1925PHI.EVN.regular.event.csv",4913
"PHI192509040","NY1",5,0,2,0,0,"",3,5,"meusi101","?","meusi101","?","ulrid101","?","ulrid101","?","wilsj105","fonsl101","fribb101","kimmw101","sandh101","harpg101","leacf101","willc103","","","","HR/F89XD","F","F",9,3,23,"T","T",4,"F","F",0,"F","F",1,"F","F",0,"F","F","F","89XD",0,0,"N",0,"N",0,"N",4,0,0,0,"","","","","F","F","F","F","F","F","F","F","F","","","","F","F","F","F","F","","","","",0,0,0,0,0,0,0,0,0,46,"PHI","NY1","PHI",0,"F","F",3,5,0,20,2,"T","F",0,0,"T","T","terrb101","kellg101","T","T",0,0,0,0,0,0,0,0,0,"","","",0,0,0,0,0,0,0,0,0,0,0,0,1,"","F","F","F","F",4,0,0,0,0,0,0,0,0,0,F,F,"1925PHI.EVN.regular.event.csv",4914
"PHI192509040","NY1",5,0,2,0,0,"",4,5,"terrb101","?","terrb101","?","ulrid101","?","ulrid101","?","wilsj105","fonsl101","fribb101","kimmw101","sandh101","harpg101","leacf101","willc103","","","","53","F","F",3,4,2,"T","T",0,"F","F",1,"F","F",0,"F","F",5,"G","F","F","",0,0,"N",0,"N",0,"N",0,0,0,0,"53","","","","F","F","F","F","F","F","F","F","F","","","","F","F","F","F","F","","","","",0,3,0,0,5,0,0,0,0,47,"PHI","NY1","PHI",0,"F","T",4,5,1,21,3,"T","F",0,0,"T","T","kellg101","lindf101","T","T",0,0,0,0,0,0,0,0,0,"","","",0,0,0,0,0,0,0,0,0,0,0,0,0,"kimmw101","F","F","F","F",0,0,0,0,0,0,0,0,0,0,F,F,"1925PHI.EVN.regular.event.csv",4915
"PHI192509040","NY1",5,1,0,0,0,"",4,5,"fribb101","?","fribb101","?","nehfa101","?","nehfa101","?","snydf101","terrb101","frisf101","lindf101","jackt101","kellg101","soutb101","meusi101","","","","63","T","F",4,7,2,"T","T",0,"F","F",1,"F","F",0,"F","F",6,"G","F","F","",0,0,"N",0,"N",0,"N",0,0,0,0,"63","","","","F","F","F","F","F","F","F","F","F","","","","F","F","F","F","F","","","","",0,3,0,0,6,0,0,0,0,48,"PHI","PHI","NY1",1,"T","F",5,4,0,24,0,"T","F",0,0,"T","T","wilsj105","ulrid101","F","F",0,0,0,0,0,0,0,0,0,"","","",0,0,0,0,0,0,0,0,0,0,0,0,0,"jackt101","F","F","F","F",0,0,0,0,0,0,0,0,0,0,F,F,"1925PHI.EVN.regular.event.csv",4916
"PHI192509040","NY1",5,1,1,0,0,"",4,5,"wilsj105","?","wilsj105","?","nehfa101","?","nehfa101","?","snydf101","terrb101","frisf101","lindf101","jackt101","kellg101","soutb101","meusi101","","","","9/F","F","F",2,8,2,"T","T",0,"F","F",1,"F","F",0,"F","F",9,"F","F","F","",0,0,"N",0,"N",0,"N",0,0,0,0,"9","","","","F","F","F","F","F","F","F","F","F","","","","F","F","F","F","F","","","","",0,9,0,0,0,0,0,0,0,49,"PHI","PHI","NY1",1,"F","F",5,4,0,25,1,"T","F",0,0,"T","T","ulrid101","sandh101","F","F",0,0,0,0,0,0,0,0,0,"","","",0,0,0,0,0,0,0,0,0,0,0,0,0,"meusi101","F","F","F","F",0,0,0,0,0,0,0,0,0,0,F,F,"1925PHI.EVN.regular.event.csv",4917
"PHI192509040","NY1",5,1,2,0,0,"",4,5,"ulrid101","?","ulrid101","?","nehfa101","?","nehfa101","?","snydf101","terrb101","frisf101","lindf101","jackt101","kellg101","soutb101","meusi101","","","","43","F","F",1,9,2,"T","T",0,"F","F",1,"F","F",0,"F","F",4,"G","F","F","",0,0,"N",0,"N",0,"N",0,0,0,0,"43","","","","F","F","F","F","F","F","F","F","F","","","","F","F","F","F","F","","","","",0,3,0,0,4,0,0,0,0,50,"PHI","PHI","NY1",1,"F","T",5,4,0,26,2,"T","F",0,0,"T","T","sandh101","leacf101","F","F",0,0,0,0,0,0,0,0,0,"","","",0,0,0,0,0,0,0,0,0,0,0,0,0,"frisf101","F","F","F","F",0,0,0,0,0,0,0,0,0,0,F,F,"1925PHI.EVN.regular.event.csv",4918
"PHI192509040","NY1",6,0,0,0,0,"",4,5,"kellg101","?","kellg101","?","ulrid101","?","ulrid101","?","wilsj105","fonsl101","fribb101","kimmw101","sandh101","harpg101","leacf101","willc103","","","","63","T","F",7,5,2,"T","T",0,"F","F",1,"F","F",0,"F","F",6,"G","F","F","",0,0,"N",0,"N",0,"N",0,0,0,0,"63","","","","F","F","F","F","F","F","F","F","F","","","","F","F","F","F","F","","","","",0,3,0,0,6,0,0,0,0,51,"PHI","NY1","PHI",0,"T","F",4,5,0,22,0,"T","F",0,0,"T","T","lindf101","jackt101","T","T",0,0,0,0,0,0,0,0,0,"","","",0,0,0,0,0,0,0,0,0,0,0,0,0,"sandh101","F","F","F","F",0,0,0,0,0,0,0,0,0,0,F,F,"1925PHI.EVN.regular.event.csv",4919
"PHI192509040","NY1",6,0,1,0,0,"",4,5,"lindf101","?","lindf101","?","ulrid101","?","ulrid101","?","wilsj105","fonsl101","fribb101","kimmw101","sandh101","harpg101","leacf101","willc103","","","","43","F","F",5,6,2,"T","T",0,"F","F",1,"F","F",0,"F","F",4,"G","F","F","",0,0,"N",0,"N",0,"N",0,0,0,0,"43","","","","F","F","F","F","F","F","F","F","F","","","","F","F","F","F","F","","","","",0,3,0,0,4,0,0,0,0,52,"PHI","NY1","PHI",0,"F","F",4,5,0,23,1,"T","F",0,0,"T","T","jackt101","snydf101","T","T",0,0,0,0,0,0,0,0,0,"","","",0,0,0,0,0,0,0,0,0,0,0,0,0,"fribb101","F","F","F","F",0,0,0,0,0,0,0,0,0,0,F,F,"1925PHI.EVN.regular.event.csv",4920
"PHI192509040","NY1",6,0,2,0,0,"",4,5,"jackt101","?","jackt101","?","ulrid101","?","ulrid101","?","wilsj105","fonsl101","fribb101","kimmw101","sandh101","harpg101","leacf101","willc103","","","","S6/G56","F","F",6,7,20,"T","T",1,"F","F",0,"F","F",0,"F","F",6,"G","F","F","56",0,0,"N",0,"N",0,"N",1,0,0,0,"","","","","F","F","F","F","F","F","F","F","F","","","","F","F","F","F","F","","","","",0,0,0,0,0,0,0,0,0,53,"PHI","NY1","PHI",0,"F","F",4,5,0,24,2,"T","F",0,1,"T","T","snydf101","nehfa101","T","T",0,0,0,0,0,0,0,0,0,"","","",0,0,0,0,0,0,0,0,0,0,0,0,0,"sandh101","F","F","F","F",0,0,0,0,0,0,0,0,0,0,F,F,"1925PHI.EVN.regular.event.csv",4921
"PHI192509040","NY1",6,0,2,0,0,"",4,5,"snydf101","?","snydf101","?","ulrid101","?","ulrid101","?","wilsj105","fonsl101","fribb101","kimmw101","sandh101","harpg101","leacf101","willc103","jackt101","","","5/L","F","F",2,8,2,"T","T",0,"F","F",1,"F","F",0,"F","F",5,"L","F","F","",0,0,"N",0,"N",0,"N",0,1,0,0,"5","","","","F","F","F","F","F","F","F","F","F","ulrid101","","","F","F","F","F","F","","","","",0,5,0,0,0,0,0,0,0,54,"PHI","NY1","PHI",0,"F","T",4,5,0,25,3,"T","F",1,1,"T","T","nehfa101","soutb101","T","T",6,7,53,0,0,0,0,0,0,"wilsj105","","",0,0,0,0,0,0,0,0,0,0,0,0,0,"kimmw101","F","F","F","F",0,0,0,0,0,0,0,0,0,0,F,F,"1925PHI.EVN.regular.event.csv",4922
"PHI192509040","NY1",6,1,0,0,0,"",4,5,"sandh101","?","sandh101","?","nehfa101","?","nehfa101","?","snydf101","terrb101","frisf101","lindf101","jackt101","kellg101","soutb101","meusi101","","","","S9","T","F",6,1,20,"T","T",1,"F","F",0,"F","F",0,"F","F",9,"","F","F","",0,0,"N",0,"N",0,"N",1,0,0,0,"","","","","F","F","F","F","F","F","F","F","F","","","","F","F","F","F","F","","","","",0,0,0,0,0,0,0,0,0,55,"PHI","PHI","NY1",1,"T","F",5,4,0,27,0,"T","F",0,1,"T","T","leacf101","willc103","F","F",0,0,0,0,0,0,0,0,0,"","","",0,0,0,0,0,0,0,0,0,0,0,0,0,"meusi101","F","F","F","F",0,0,0,0,0,0,0,0,0,0,F,F,"1925PHI.EVN.regular.event.csv",4923
"PHI192509040","NY1",6,1,0,0,0,"",4,5,"leacf101","?","leacf101","?","nehfa101","?","nehfa101","?","snydf101","terrb101","frisf101","lindf101","jackt101","kellg101","soutb101","meusi101","sandh101","","","8/F","F","F",8,2,2,"T","T",0,"F","F",1,"F","F",0,"F","F",8,"F","F","F","",0,0,"N",0,"N",0,"N",0,1,0,0,"8","","","","F","F","F","F","F","F","F","F","F","nehfa101","","","F","F","F","F","F","","","","",0,8,0,0,0,0,0,0,0,56,"PHI","PHI","NY1",1,"F","F",5,4,0,28,1,"T","F",1,1,"T","T","willc103","harpg101","F","F",6,1,55,0,0,0,0,0,0,"snydf101","","",0,0,0,0,0,0,0,0,0,0,0,0,0,"soutb101","F","F","F","F",0,0,0,0,0,0,0,0,0,0,F,F,"1925PHI.EVN.regular.event.csv",4924
"PHI192509040","NY1",6,1,1,0,0,"",4,5,"willc103","?","willc103","?","nehfa101","?","nehfa101","?","snydf101","terrb101","frisf101","lindf101","jackt101","kellg101","soutb101","meusi101","sandh101","","","K/C","F","F",9,3,3,"T","T",0,"F","F",1,"F","F",0,"F","F",0,"","F","F","",0,0,"N",0,"N",0,"N",0,1,0,0,"2","","","","F","F","F","F","F","F","F","F","F","nehfa101","","","F","F","F","F","F","","","","",0,2,0,0,0,0,0,0,0,57,"PHI","PHI","NY1",1,"F","F",5,4,0,29,2,"T","F",1,1,"F","F","harpg101","fonsl101","F","F",6,1,55,0,0,0,0,0,0,"snydf101","","",0,0,0,0,0,0,0,0,0,0,0,0,0,"","F","F","F","F",0,0,0,0,0,0,0,0,0,0,F,F,"1925PHI.EVN.regular.event.csv",4925
"PHI192509040","NY1",6,1,2,0,0,"",4,5,"harpg101","?","harpg101","?","nehfa101","?","nehfa101","?","snydf101","terrb101","frisf101","lindf101","jackt101","kellg101","soutb101","meusi101","sandh101","","","S9/G3.1-3","F","F",7,4,20,"T","T",1,"F","F",0,"F","F",0,"F","F",9,"G","F","F","3",0,0,"N",0,"N",0,"N",1,3,0,0,"","","","","F","F","F","F","F","F","F","F","F","nehfa101","","","F","F","F","F","F","","","","",0,0,0,0,0,0,0,0,0,58,"PHI","PHI","NY1",1,"F","F",5,4,0,30,3,"T","F",1,5,"F","F","fonsl101","kimmw101","F","F",6,1,55,0,0,0,0,0,0,"snydf101","","",0,0,0,0,0,0,0,0,0,0,0,0,0,"meusi101","F","F","F","F",0,0,0,0,0,0,0,0,0,0,F,F,"1925PHI.EVN.regular.event.csv",4926
"PHI192509040","NY1",6,1,2,0,0,"",4,5,"fonsl101","?","fonsl101","?","nehfa101","?","nehfa101","?","snydf101","terrb101","frisf101","lindf101","jackt101","kellg101","soutb101","meusi101","harpg101","","sandh101","K","F","F",3,5,3,"T","T",0,"F","F",1,"F","F",0,"F","F",0,"","F","F","",0,0,"N",0,"N",0,"N",0,1,0,3,"2","","","","F","F","F","F","F","F","F","F","F","nehfa101","","nehfa101","F","F","F","F","F","","","","",0,2,0,0,0,0,0,0,0,59,"PHI","PHI","NY1",1,"F","T",5,4,0,31,4,"T","F",5,5,"T","T","kimmw101","fribb101","F","F",7,4,58,0,0,0,6,1,55,"snydf101","","snydf101",0,0,0,0,0,0,0,0,0,0,0,0,0,"","F","F","F","F",0,0,0,0,0,0,0,0,0,0,F,F,"1925PHI.EVN.regular.event.csv",4927
"PHI192509040","NY1",7,0,0,0,0,"",4,5,"nehfa101","?","nehfa101","?","ulrid101","?","ulrid101","?","wilsj105","fonsl101","fribb101","kimmw101","sandh101","harpg101","leacf101","willc103","","","","6/P","T","F",1,9,2,"T","T",0,"F","F",1,"F","F",0,"F","F",6,"P","F","F","",0,0,"N",0,"N",0,"N",0,0,0,0,"6","","","","F","F","F","F","F","F","F","F","F","","","","F","F","F","F","F","","","","",0,6,0,0,0,0,0,0,0,60,"PHI","NY1","PHI",0,"T","F",4,5,0,26,0,"T","F",0,0,"F","F","soutb101","frisf101","T","T",0,0,0,0,0,0,0,0,0,"","","",0,0,0,0,0,0,0,0,0,0,0,0,0,"sandh101","F","F","F","F",0,0,0,0,1,0,0,0,0,0,F,F,"1925PHI.EVN.regular.event.csv",4928
"PHI192509040","NY1",7,0,1,0,0,"",4,5,"soutb101","?","soutb101","?","ulrid101","?","ulrid101","?","wilsj105","fonsl101","fribb101","kimmw101","sandh101","harpg101","leacf101","willc103","","","","S8","F","F",8,1,20,"T","T",1,"F","F",0,"F","F",0,"F","F",8,"","F","F","",0,0,"N",0,"N",0,"N",1,0,0,0,"","","","","F","F","F","F","F","F","F","F","F","","","","F","F","F","F","F","","","","",0,0,0,0,0,0,0,0,0,61,"PHI","NY1","PHI",0,"F","F",4,5,0,27,1,"T","F",0,1,"T","T","frisf101","meusi101","T","T",0,0,0,0,0,0,0,0,0,"","","",0,0,0,0,0,0,0,0,0,0,0,0,0,"leacf101","F","F","F","F",4,0,0,0,1,0,0,0,0,0,F,F,"1925PHI.EVN.regular.event.csv",4929
"PHI192509040","NY1",7,0,1,0,0,"",4,5,"frisf101","?","frisf101","?","ulrid101","?","ulrid101","?","wilsj105","fonsl101","fribb101","kimmw101","sandh101","harpg101","leacf101","willc103","soutb101","","","S8.1-3","F","F",4,2,20,"T","T",1,"F","F",0,"F","F",0,"F","F",8,"","F","F","",0,0,"N",0,"N",0,"N",1,3,0,0,"","","","","F","F","F","F","F","F","F","F","F","ulrid101","","","F","F","F","F","F","","","","",0,0,0,0,0,0,0,0,0,62,"PHI","NY1","PHI",0,"F","F",4,5,0,28,2,"T","F",1,5,"T","T","meusi101","terrb101","T","T",8,1,61,0,0,0,0,0,0,"wilsj105","","",0,0,0,0,0,0,0,0,0,0,0,0,0,"leacf101","F","F","F","F",0,4,0,0,1,0,0,0,0,0,F,F,"1925PHI.EVN.regular.event.csv",4930
"PHI192509040","NY1",7,0,1,0,0,"",4,5,"meusi101","?","meusi101","?","ulrid101","?","ulrid101","?","wilsj105","fonsl101","fribb101","kimmw101","sandh101","harpg101","leacf101","willc103","frisf101","","soutb101","SB2","F","F",9,3,4,"F","F",0,"F","F",0,"F","F",0,"F","F",0,"","F","F","",0,0,"N",0,"N",0,"N",0,2,0,3,"","","","","T","F","F","F","F","F","F","F","F","ulrid101","","ulrid101","F","F","F","F","F","","","","",0,0,0,0,0,0,0,0,0,63,"PHI","NY1","PHI",0,"F","F",4,5,0,29,3,"T","F",5,6,"T","T","terrb101","kellg101","T","T",4,2,62,0,0,0,8,1,61,"wilsj105","","wilsj105",0,0,0,0,0,0,0,0,0,0,0,0,0,"","F","F","F","F",0,0,0,4,1,0,0,0,0,0,F,F,"1925PHI.EVN.regular.event.csv",4931
"PHI192509040","NY1",7,0,1,0,0,"",4,5,"meusi101","?","meusi101","?","ulrid101","?","ulrid101","?","wilsj105","fonsl101","fribb101","kimmw101","sandh101","harpg101","leacf101","willc103","","frisf101","soutb101","IW","F","F",9,3,15,"T","F",0,"F","F",0,"F","F",0,"F","F",0,"","F","F","",0,0,"N",0,"N",0,"N",1,0,2,3,"","","","","F","F","F","F","F","F","F","F","F","","ulrid101","ulrid101","F","F","F","F","F","","","","",0,0,0,0,0,0,0,0,0,64,"PHI","NY1","PHI",0,"F","F",4,5,0,29,3,"F","F",6,7,"T","T","terrb101","kellg101","T","T",0,0,0,4,2,62,8,1,61,"","wilsj105","wilsj105",0,0,0,0,0,0,0,0,0,0,0,0,0,"","F","F","F","F",0,0,0,4,1,0,0,0,0,0,F,F,"1925PHI.EVN.regular.event.csv",4932
"PHI192509040","NY1",7,0,1,0,0,"",4,5,"terrb101","?","terrb101","?","ulrid101","?","ulrid101","?","wilsj105","fonsl101","fribb101","kimmw101","sandh101","harpg101","leacf101","willc103","meusi101","frisf101","soutb101","6(1)/FO.3-H;2-3","F","F",3,4,2,"T","T",0,"F","F",1,"F","F",1,"F","F",6,"G","F","F","",0,0,"N",0,"N",0,"N",1,0,3,4,"","6","","","F","F","F","F","F","F","F","F","F","ulrid101","ulrid101","ulrid101","F","F","F","F","F","","","","",0,6,0,0,0,0,0,0,0,65,"PHI","NY1","PHI",0,"F","F",4,5,0,30,4,"T","F",7,5,"T","T","kellg101","lindf101","T","T",9,3,64,4,2,62,8,1,61,"wilsj105","wilsj105","wilsj105",0,0,0,0,0,0,0,0,0,0,0,0,1,"sandh101","T","F","F","F",0,0,0,4,0,0,0,0,0,0,F,F,"1925PHI.EVN.regular.event.csv",4933
"PHI192509040","NY1",7,0,2,0,0,"",5,5,"kellg101","?","kellg101","?","ulrid101","?","ulrid101","?","wilsj105","fonsl101","fribb101","kimmw101","sandh101","harpg101","leacf101","willc103","terrb101","","frisf101","CSH(215)","F","F",7,5,6,"F","F",0,"F","F",1,"F","F",0,"F","F",0,"","F","F","",0,0,"N",0,"N",0,"N",0,1,0,0,"","","","215","F","F","F","F","F","T","F","F","F","ulrid101","","ulrid101","F","F","F","F","F","","","","",0,5,0,0,2,1,0,0,0,66,"PHI","NY1","PHI",0,"F","T",5,5,1,31,5,"T","T",5,1,"T","T","lindf101","jackt101","T","T",3,4,65,0,0,0,4,2,62,"wilsj105","","wilsj105",0,0,0,0,0,0,0,0,0,0,0,0,0,"","F","F","F","F",0,0,0,0,0,0,0,0,0,0,F,F,"1925PHI.EVN.regular.event.csv",4934
"PHI192509040","NY1",7,1,0,0,0,"",5,5,"kimmw101","?","kimmw101","?","nehfa101","?","nehfa101","?","snydf101","terrb101","frisf101","lindf101","jackt101","kellg101","soutb101","meusi101","","","","K","T","F",5,6,3,"T","T",0,"F","F",1,"F","F",0,"F","F",0,"","F","F","",0,0,"N",0,"N",0,"N",0,0,0,0,"2","","","","F","F","F","F","F","F","F","F","F","","","","F","F","F","F","F","","","","",0,2,0,0,0,0,0,0,0,67,"PHI","PHI","NY1",1,"T","F",5,5,0,32,0,"T","F",0,0,"T","T","fribb101","wilsj105","F","F",0,0,0,0,0,0,0,0,0,"","","",0,0,0,0,0,0,0,0,0,0,0,0,0,"","F","F","F","F",0,0,0,0,0,0,0,0,0,0,F,F,"1925PHI.EVN.regular.event.csv",4935
"PHI192509040","NY1",7,1,1,0,0,"",5,5,"fribb101","?","fribb101","?","nehfa101","?","nehfa101","?","snydf101","terrb101","frisf101","lindf101","jackt101","kellg101","soutb101","meusi101","","","","8/F","F","F",4,7,2,"T","T",0,"F","F",1,"F","F",0,"F","F",8,"F","F","F","",0,0,"N",0,"N",0,"N",0,0,0,0,"8","","","","F","F","F","F","F","F","F","F","F","","","","F","F","F","F","F","","","","",0,8,0,0,0,0,0,0,0,68,"PHI","PHI","NY1",1,"F","F",5,5,0,33,1,"T","F",0,0,"T","T","wilsj105","ulrid101","F","F",0,0,0,0,0,0,0,0,0,"","","",0,0,0,0,0,0,0,0,0,0,0,0,0,"soutb101","F","F","F","F",0,0,0,0,0,0,0,0,0,0,F,F,"1925PHI.EVN.regular.event.csv",4936
"PHI192509040","NY1",7,1,2,0,0,"",5,5,"wilsj105","?","wilsj105","?","nehfa101","?","nehfa101","?","snydf101","terrb101","frisf101","lindf101","jackt101","kellg101","soutb101","meusi101","","","","63","F","F",2,8,2,"T","T",0,"F","F",1,"F","F",0,"F","F",6,"G","F","F","",0,0,"N",0,"N",0,"N",0,0,0,0,"63","","","","F","F","F","F","F","F","F","F","F","","","","F","F","F","F","F","","","","",0,3,0,0,6,0,0,0,0,69,"PHI","PHI","NY1",1,"F","T",5,5,0,34,2,"T","F",0,0,"T","T","ulrid101","sandh101","F","F",0,0,0,0,0,0,0,0,0,"","","",0,0,0,0,0,0,0,0,0,0,0,0,0,"jackt101","F","F","F","F",0,0,0,0,0,0,0,0,0,0,F,F,"1925PHI.EVN.regular.event.csv",4937
"PHI192509040","NY1",8,0,0,0,0,"",5,5,"kellg101","?","kellg101","?","ulrid101","?","ulrid101","?","wilsj105","fonsl101","fribb101","kimmw101","sandh101","harpg101","leacf101","willc103","","","","9/L","T","F",7,5,2,"T","T",0,"F","F",1,"F","F",0,"F","F",9,"L","F","F","",0,0,"N",0,"N",0,"N",0,0,0,0,"9","","","","F","F","F","F","F","F","F","F","F","","","","F","F","F","F","F","","","","",0,9,0,0,0,0,0,0,0,70,"PHI","NY1","PHI",0,"T","F",5,5,0,31,0,"T","F",0,0,"T","T","lindf101","jackt101","T","T",0,0,0,0,0,0,0,0,0,"","","",0,0,0,0,0,0,0,0,0,0,0,0,0,"willc103","F","F","F","F",0,0,0,0,0,0,0,0,0,0,F,F,"1925PHI.EVN.regular.event.csv",4938
"PHI192509040","NY1",8,0,1,0,0,"",5,5,"lindf101","?","lindf101","?","ulrid101","?","ulrid101","?","wilsj105","fonsl101","fribb101","kimmw101","sandh101","harpg101","leacf101","willc103","","","","S8","F","F",5,6,20,"T","T",1,"F","F",0,"F","F",0,"F","F",8,"","F","F","",0,0,"N",0,"N",0,"N",1,0,0,0,"","","","","F","F","F","F","F","F","F","F","F","","","","F","F","F","F","F","","","","",0,0,0,0,0,0,0,0,0,71,"PHI","NY1","PHI",0,"F","F",5,5,0,32,1,"T","F",0,1,"T","T","jackt101","snydf101","T","T",0,0,0,0,0,0,0,0,0,"","","",0,0,0,0,0,0,0,0,0,0,0,0,0,"leacf101","F","F","F","F",0,0,0,0,0,0,0,0,0,0,F,F,"1925PHI.EVN.regular.event.csv",4939
"PHI192509040","NY1",8,0,1,0,0,"",5,5,"jackt101","?","jackt101","?","ulrid101","?","ulrid101","?","wilsj105","fonsl101","fribb101","kimmw101","sandh101","harpg101","leacf101","willc103","lindf101","","","6/LDP.1X1(63)","F","F",6,7,2,"T","T",0,"F","F",2,"T","F",0,"F","F",6,"L","F","F","",0,0,"N",0,"N",0,"N",0,0,0,0,"6","63","","","F","F","F","F","F","F","F","F","F","ulrid101","","","F","F","F","F","F","","","","",0,6,3,0,6,0,0,0,0,72,"PHI","NY1","PHI",0,"F","T",5,5,0,33,2,"T","F",1,0,"T","T","snydf101","nehfa101","T","T",5,6,71,0,0,0,0,0,0,"wilsj105","","",0,0,0,0,0,0,0,0,0,0,0,0,0,"sandh101","F","F","F","F",0,0,0,0,0,0,0,0,0,0,F,F,"1925PHI.EVN.regular.event.csv",4940
"PHI192509040","NY1",8,1,0,0,0,"",5,5,"ulrid101","?","ulrid101","?","nehfa101","?","nehfa101","?","snydf101","terrb101","frisf101","lindf101","jackt101","kellg101","soutb101","meusi101","","","","W","T","F",1,9,14,"T","F",0,"F","F",0,"F","F",0,"F","F",0,"","F","F","",0,0,"N",0,"N",0,"N",1,0,0,0,"","","","","F","F","F","F","F","F","F","F","F","","","","F","F","F","F","F","","","","",0,0,0,0,0,0,0,0,0,73,"PHI","PHI","NY1",1,"T","F",5,5,0,35,0,"T","F",0,1,"T","T","sandh101","leacf101","F","F",0,0,0,0,0,0,0,0,0,"","","",0,0,0,0,0,0,0,0,0,0,0,0,0,"","F","F","F","F",0,0,0,0,0,0,0,0,0,0,F,F,"1925PHI.EVN.regular.event.csv",4941
"PHI192509040","NY1",8,1,0,0,0,"",5,5,"sandh101","?","sandh101","?","nehfa101","?","nehfa101","?","snydf101","terrb101","frisf101","lindf101","jackt101","kellg101","soutb101","meusi101","ulrid101","","","2/BP/DP.1X1(24)","F","F",6,1,2,"T","T",0,"F","F",2,"T","F",0,"F","F",2,"P","T","F","",0,0,"N",0,"N",0,"N",0,0,0,0,"2","24","","","F","F","F","F","F","F","F","F","F","nehfa101","","","F","F","F","F","F","","","","",0,2,4,0,2,0,0,0,0,74,"PHI","PHI","NY1",1,"F","F",5,5,0,36,1,"T","F",1,0,"T","T","leacf101","willc103","F","F",1,9,73,0,0,0,0,0,0,"snydf101","","",0,0,0,0,0,0,0,0,0,0,0,0,0,"snydf101","F","F","F","F",0,0,0,0,0,0,0,0,0,0,F,F,"1925PHI.EVN.regular.event.csv",4942
"PHI192509040","NY1",8,1,2,0,0,"",5,5,"leacf101","?","leacf101","?","nehfa101","?","nehfa101","?","snydf101","terrb101","frisf101","lindf101","jackt101","kellg101","soutb101","meusi101","","","","1/BG","F","F",8,2,2,"T","T",0,"F","F",1,"F","F",0,"F","F",1,"G","T","F","",0,0,"N",0,"N",0,"N",0,0,0,0,"1","","","","F","F","F","F","F","F","F","F","F","","","","F","F","F","F","F","","","","",0,1,0,0,0,0,0,0,0,75,"PHI","PHI","NY1",1,"F","T",5,5,0,37,2,"T","F",0,0,"T","T","willc103","harpg101","F","F",0,0,0,0,0,0,0,0,0,"","","",0,0,0,0,0,0,0,0,0,0,0,0,0,"nehfa101","F","F","F","F",0,0,0,0,0,0,0,0,0,0,F,F,"1925PHI.EVN.regular.event.csv",4943
"PHI192509040","NY1",9,0,0,0,0,"",5,5,"snydf101","?","snydf101","?","ulrid101","?","ulrid101","?","wilsj105","fonsl101","fribb101","kimmw101","sandh101","harpg101","leacf101","willc103","","","","S/G3S","T","F",2,8,20,"T","T",1,"F","F",0,"F","F",0,"F","F",0,"G","F","F","3S",0,0,"N",0,"N",0,"N",1,0,0,0,"","","","","F","F","F","F","F","F","F","F","F","","","","F","F","F","F","F","","","","",0,0,0,0,0,0,0,0,0,76,"PHI","NY1","PHI",0,"T","F",5,5,0,34,0,"T","F",0,1,"T","T","nehfa101","soutb101","T","T",0,0,0,0,0,0,0,0,0,"","","",0,0,0,0,0,0,0,0,0,0,0,0,0,"","F","F","F","F",0,0,0,0,0,0,0,0,0,0,F,F,"1925PHI.EVN.regular.event.csv",4944
"PHI192509040","NY1",9,0,0,0,0,"",5,5,"nehfa101","?","nehfa101","?","ulrid101","?","ulrid101","?","wilsj105","fonsl101","fribb101","kimmw101","sandh101","harpg101","leacf101","willc103","koehp101","","","PO1(23)","F","F",1,9,8,"F","F",0,"F","F",1,"F","F",0,"F","F",0,"","F","F","",0,0,"N",0,"N",0,"N",0,0,0,0,"","23","","","F","F","F","F","F","F","T","F","F","ulrid101","","","F","F","T","F","F","snydf101","","","",0,3,0,0,2,0,0,0,0,77,"PHI","NY1","PHI",0,"F","F",5,5,0,35,1,"T","F",1,0,"F","F","soutb101","frisf101","T","T",0,8,76,0,0,0,0,0,0,"wilsj105","","",0,0,0,0,0,0,0,0,0,0,0,0,0,"","F","F","F","F",0,0,0,0,0,0,0,0,0,0,F,F,"1925PHI.EVN.regular.event.csv",4945
"PHI192509040","NY1",9,0,1,0,0,"",5,5,"nehfa101","?","nehfa101","?","ulrid101","?","ulrid101","?","wilsj105","fonsl101","fribb101","kimmw101","sandh101","harpg101","leacf101","willc103","","","","K","F","F",1,9,3,"T","T",0,"F","F",1,"F","F",0,"F","F",0,"","F","F","",0,0,"N",0,"N",0,"N",0,0,0,0,"2","","","","F","F","F","F","F","F","F","F","F","","","","F","F","F","F","F","","","","",0,2,0,0,0,0,0,0,0,78,"PHI","NY1","PHI",0,"F","F",5,5,0,35,1,"F","F",0,0,"F","F","soutb101","frisf101","T","T",0,0,0,0,0,0,0,0,0,"","","",0,0,0,0,0,0,0,0,0,0,0,0,0,"","F","F","F","F",0,0,0,0,0,0,0,0,0,0,F,F,"1925PHI.EVN.regular.event.csv",4946
"PHI192509040","NY1",9,0,2,0,0,"",5,5,"soutb101","?","soutb101","?","ulrid101","?","ulrid101","?","wilsj105","fonsl101","fribb101","kimmw101","sandh101","harpg101","leacf101","willc103","","","","K","F","F",8,1,3,"T","T",0,"F","F",1,"F","F",0,"F","F",0,"","F","F","",0,0,"N",0,"N",0,"N",0,0,0,0,"2","","","","F","F","F","F","F","F","F","F","F","","","","F","F","F","F","F","","","","",0,2,0,0,0,0,0,0,0,79,"PHI","NY1","PHI",0,"F","T",5,5,0,36,2,"T","F",0,0,"T","T","frisf101","meusi101","T","T",0,0,0,0,0,0,0,0,0,"","","",0,0,0,0,0,0,0,0,0,0,0,0,0,"","F","F","F","F",0,0,0,0,0,0,0,0,0,0,F,F,"1925PHI.EVN.regular.event.csv",4947
"PHI192509040","NY1",9,1,0,0,0,"",5,5,"willc103","?","willc103","?","nehfa101","?","nehfa101","?","devim101","terrb101","frisf101","lindf101","jackt101","kellg101","soutb101","meusi101","","","","13","T","F",9,3,2,"T","T",0,"F","F",1,"F","F",0,"F","F",1,"G","F","F","",0,0,"N",0,"N",0,"N",0,0,0,0,"13","","","","F","F","F","F","F","F","F","F","F","","","","F","F","F","F","F","","","","",0,3,0,0,1,0,0,0,0,80,"PHI","PHI","NY1",1,"T","F",5,5,0,38,0,"T","F",0,0,"F","F","harpg101","fonsl101","F","F",0,0,0,0,0,0,0,0,0,"","","",0,0,0,0,0,0,0,0,0,0,0,0,0,"nehfa101","F","F","F","F",0,0,0,0,0,0,0,0,0,0,F,F,"1925PHI.EVN.regular.event.csv",4948
"PHI192509040","NY1",9,1,1,0,0,"",5,5,"harpg101","?","harpg101","?","nehfa101","?","nehfa101","?","devim101","terrb101","frisf101","lindf101","jackt101","kellg101","soutb101","meusi101","","","","2/FL","F","F",7,4,2,"T","T",0,"F","F",1,"F","F",0,"F","F",2,"F","F","T","",0,0,"N",0,"N",0,"N",0,0,0,0,"2","","","","F","F","F","F","F","F","F","F","F","","","","F","F","F","F","F","","","","",0,2,0,0,0,0,0,0,0,81,"PHI","PHI","NY1",1,"F","F",5,5,0,39,1,"T","F",0,0,"F","F","fonsl101","kimmw101","F","F",0,0,0,0,0,0,0,0,0,"","","",0,0,0,0,0,0,0,0,0,0,0,0,0,"devim101","F","F","F","F",0,0,0,0,0,0,0,0,0,0,F,F,"1925PHI.EVN.regular.event.csv",4949
"PHI192509040","NY1",9,1,2,0,0,"",5,5,"fonsl101","?","fonsl101","?","nehfa101","?","nehfa101","?","devim101","terrb101","frisf101","lindf101","jackt101","kellg101","soutb101","meusi101","","","","S8","F","F",3,5,20,"T","T",1,"F","F",0,"F","F",0,"F","F",8,"","F","F","",0,0,"N",0,"N",0,"N",1,0,0,0,"","","","","F","F","F","F","F","F","F","F","F","","","","F","F","F","F","F","","","","",0,0,0,0,0,0,0,0,0,82,"PHI","PHI","NY1",1,"F","F",5,5,0,40,2,"T","F",0,1,"T","T","kimmw101","fribb101","F","F",0,0,0,0,0,0,0,0,0,"","","",0,0,0,0,0,0,0,0,0,0,0,0,0,"soutb101","F","F","F","F",0,0,0,0,0,0,0,0,0,0,F,F,"1925PHI.EVN.regular.event.csv",4950
"PHI192509040","NY1",9,1,2,0,0,"",5,5,"kimmw101","?","kimmw101","?","nehfa101","?","nehfa101","?","devim101","terrb101","frisf101","lindf101","jackt101","kellg101","soutb101","meusi101","fonsl101","","","S8.1-3","F","F",5,6,20,"T","T",1,"F","F",0,"F","F",0,"F","F",8,"","F","F","",0,0,"N",0,"N",0,"N",1,3,0,0,"","","","","F","F","F","F","F","F","F","F","F","nehfa101","","","F","F","F","F","F","","","","",0,0,0,0,0,0,0,0,0,83,"PHI","PHI","NY1",1,"F","F",5,5,0,41,3,"T","F",1,5,"T","T","fribb101","wilsj105","F","F",3,5,82,0,0,0,0,0,0,"devim101","","",0,0,0,0,0,0,0,0,0,0,0,0,0,"soutb101","F","F","F","F",0,0,0,0,0,0,0,0,0,0,F,F,"1925PHI.EVN.regular.event.csv",4951
"PHI192509040","NY1",9,1,2,0,0,"",5,5,"fribb101","?","fribb101","?","nehfa101","?","nehfa101","?","devim101","terrb101","frisf101","lindf101","jackt101","kellg101","soutb101","meusi101","kimmw101","","fonsl101","K","F","F",4,7,3,"T","T",0,"F","F",1,"F","F",0,"F","F",0,"","F","F","",0,0,"N",0,"N",0,"N",0,1,0,3,"2","","","","F","F","F","F","F","F","F","F","F","nehfa101","","nehfa101","F","F","F","F","F","","","","",0,2,0,0,0,0,0,0,0,84,"PHI","PHI","NY1",1,"F","T",5,5,0,42,4,"T","F",5,5,"T","T","wilsj105","ulrid101","F","F",5,6,83,0,0,0,3,5,82,"devim101","","devim101",0,0,0,0,0,0,0,0,0,0,0,0,0,"","F","F","F","F",0,0,0,0,0,0,0,0,0,0,F,F,"1925PHI.EVN.regular.event.csv",4952
"PHI192509040","NY1",10,0,0,0,0,"",5,5,"frisf101","?","frisf101","?","ulrid101","?","ulrid101","?","wilsj105","fonsl101","fribb101","kimmw101","sandh101","harpg101","leacf101","willc103","","","","13/BG","T","F",4,2,2,"T","T",0,"F","F",1,"F","F",0,"F","F",1,"G","T","F","",0,0,"N",0,"N",0,"N",0,0,0,0,"13","","","","F","F","F","F","F","F","F","F","F","","","","F","F","F","F","F","","","","",0,3,0,0,1,0,0,0,0,85,"PHI","NY1","PHI",0,"T","F",5,5,0,37,0,"T","F",0,0,"T","T","meusi101","terrb101","T","T",0,0,0,0,0,0,0,0,0,"","","",0,0,0,0,0,0,0,0,0,0,0,0,0,"ulrid101","F","F","F","F",0,0,0,0,1,0,0,0,0,0,F,F,"1925PHI.EVN.regular.event.csv",4953
"PHI192509040","NY1",10,0,1,0,0,"",5,5,"meusi101","?","meusi101","?","ulrid101","?","ulrid101","?","wilsj105","fonsl101","fribb101","kimmw101","sandh101","harpg101","leacf101","willc103","","","","8/F8XD","F","F",9,3,2,"T","T",0,"F","F",1,"F","F",0,"F","F",8,"F","F","F","8XD",0,0,"N",0,"N",0,"N",0,0,0,0,"8","","","","F","F","F","F","F","F","F","F","F","","","","F","F","F","F","F","","","","",0,8,0,0,0,0,0,0,0,86,"PHI","NY1","PHI",0,"F","F",5,5,0,38,1,"T","F",0,0,"T","T","terrb101","kellg101","T","T",0,0,0,0,0,0,0,0,0,"","","",0,0,0,0,0,0,0,0,0,0,0,0,0,"leacf101","F","F","F","F",0,0,0,0,1,0,0,0,0,0,F,F,"1925PHI.EVN.regular.event.csv",4954
"PHI192509040","NY1",10,0,2,0,0,"",5,5,"terrb101","?","terrb101","?","ulrid101","?","ulrid101","?","wilsj105","fonsl101","fribb101","kimmw101","sandh101","harpg101","leacf101","willc103","","","","HR/F7D","F","F",3,4,23,"T","T",4,"F","F",0,"F","F",1,"F","F",0,"F","F","F","7D",0,0,"N",0,"N",0,"N",4,0,0,0,"","","","","F","F","F","F","F","F","F","F","F","","","","F","F","F","F","F","","","","",0,0,0,0,0,0,0,0,0,87,"PHI","NY1","PHI",0,"F","F",5,5,0,39,2,"T","F",0,0,"T","T","kellg101","lindf101","T","T",0,0,0,0,0,0,0,0,0,"","","",0,0,0,0,0,0,0,0,0,0,0,0,1,"","F","F","F","F",4,0,0,0,0,0,0,0,0,0,F,F,"1925PHI.EVN.regular.event.csv",4955
"PHI192509040","NY1",10,0,2,0,0,"",6,5,"kellg101","?","kellg101","?","ulrid101","?","ulrid101","?","wilsj105","fonsl101","fribb101","kimmw101","sandh101","harpg101","leacf101","willc103","","","","S9/89.BX2(94)","F","F",7,5,20,"T","T",1,"F","F",1,"F","F",0,"F","F",9,"","F","F","89",0,0,"N",0,"N",0,"N",0,0,0,0,"94","","","","F","F","F","F","F","F","F","F","F","","","","F","F","F","F","F","","","","",0,4,0,0,9,0,0,0,0,88,"PHI","NY1","PHI",0,"F","T",6,5,1,40,3,"T","F",0,0,"T","T","lindf101","jackt101","T","T",0,0,0,0,0,0,0,0,0,"","","",0,0,0,0,0,0,0,0,0,0,0,0,0,"willc103","F","F","F","F",0,0,0,0,0,0,0,0,0,0,F,F,"1925PHI.EVN.regular.event.csv",4956
"PHI192509040","NY1",10,1,0,0,0,"",6,5,"wilsj105","?","wilsj105","?","nehfa101","?","nehfa101","?","devim101","terrb101","frisf101","lindf101","jackt101","kellg101","soutb101","meusi101","","","","W","T","F",2,8,14,"T","F",0,"F","F",0,"F","F",0,"F","F",0,"","F","F","",0,0,"N",0,"N",0,"N",1,0,0,0,"","","","","F","F","F","F","F","F","F","F","F","","","","F","F","F","F","F","","","","",0,0,0,0,0,0,0,0,0,89,"PHI","PHI","NY1",1,"T","F",5,6,0,43,0,"T","F",0,1,"T","T","ulrid101","sandh101","F","F",0,0,0,0,0,0,0,0,0,"","","",0,0,0,0,0,0,0,0,0,0,0,0,0,"","F","F","F","F",1,0,0,0,0,0,0,0,0,0,F,F,"1925PHI.EVN.regular.event.csv",4957
"PHI192509040","NY1",10,1,0,0,0,"",6,5,"wendl101","?","wendl101","?","nehfa101","?","nehfa101","?","devim101","terrb101","frisf101","lindf101","jackt101","kellg101","soutb101","meusi101","wilsj105","","","K","F","T",11,9,3,"T","T",0,"F","F",1,"F","F",0,"F","F",0,"","F","F","",0,0,"N",0,"N",0,"N",0,1,0,0,"2","","","","F","F","F","F","F","F","F","F","F","nehfa101","","","F","F","F","F","F","","","","ulrid101",1,2,0,0,0,0,0,0,0,90,"PHI","PHI","NY1",1,"F","F",5,6,0,44,1,"T","F",1,1,"F","F","sandh101","leacf101","F","F",2,8,89,0,0,0,0,0,0,"devim101","","",0,0,0,0,0,0,0,0,0,0,0,0,0,"","F","F","F","F",0,1,0,0,0,0,0,0,0,0,F,F,"1925PHI.EVN.regular.event.csv",4958
"PHI192509040","NY1",10,1,1,0,0,"",6,5,"sandh101","?","sandh101","?","nehfa101","?","nehfa101","?","devim101","terrb101","frisf101","lindf101","jackt101","kellg101","soutb101","meusi101","wilsj105","","","K","F","F",6,1,3,"T","T",0,"F","F",1,"F","F",0,"F","F",0,"","F","F","",0,0,"N",0,"N",0,"N",0,1,0,0,"2","","","","F","F","F","F","F","F","F","F","F","nehfa101","","","F","F","F","F","F","","","","",0,2,0,0,0,0,0,0,0,91,"PHI","PHI","NY1",1,"F","F",5,6,0,45,2,"T","F",1,1,"T","T","leacf101","willc103","F","F",2,8,89,0,0,0,0,0,0,"devim101","","",0,0,0,0,0,0,0,0,0,0,0,0,0,"","F","F","F","F",0,1,0,0,0,0,0,0,0,0,F,F,"1925PHI.EVN.regular.event.csv",4959
"PHI192509040","NY1",10,1,2,0,0,"",6,5,"leacf101","?","leacf101","?","nehfa101","?","nehfa101","?","devim101","terrb101","frisf101","lindf101","jackt101","kellg101","soutb101","meusi101","wilsj105","","","K","F","F",8,2,3,"T","T",0,"F","F",1,"F","F",0,"F","F",0,"","F","F","",0,0,"N",0,"N",0,"N",0,1,0,0,"2","","","","F","F","F","F","F","F","F","F","F","nehfa101","","","F","T","F","F","F","","","","",0,2,0,0,0,0,0,0,0,92,"PHI","PHI","NY1",1,"F","T",5,6,0,46,3,"T","F",1,1,"T","T","willc103","harpg101","F","F",2,8,89,0,0,0,0,0,0,"devim101","","",0,0,0,0,0,0,0,0,0,0,0,0,0,"","F","F","F","F",0,1,0,0,0,0,0,0,0,0,F,F,"1925PHI.EVN.regular.event.csv",4960
"PHI192509050","NY1",1,0,0,0,0,"",0,0,"soutb101","?","soutb101","?","carlh101","?","carlh101","?","wilsj105","hawkc101","metzl101","wrigr102","sandh101","harpg101","leacf101","willc103","","","","D8/89XDW","T","F",8,1,21,"T","T",2,"F","F",0,"F","F",0,"F","F",8,"","F","F","89XDW",0,0,"N",0,"N",0,"N",2,0,0,0,"","","","","F","F","F","F","F","F","F","F","F","","","","T","F","F","F","F","","","","",0,0,0,0,0,0,0,0,0,1,"PHI","NY1","PHI",0,"T","F",0,0,0,0,0,"T","F",0,2,"T","T","frisf101","meusi101","T","T",0,0,0,0,0,0,0,0,0,"","","",0,0,0,0,0,0,0,0,0,0,0,0,0,"leacf101","F","F","F","F",4,0,0,0,3,0,0,0,0,0,F,F,"1925PHI.EVN.regular.event.csv",4961
"PHI192509050","NY1",1,0,0,0,0,"",0,0,"frisf101","?","frisf101","?","carlh101","?","carlh101","?","wilsj105","hawkc101","metzl101","wrigr102","sandh101","harpg101","leacf101","willc103","","soutb101","","9/F.2-3","F","F",4,2,2,"T","T",0,"F","F",1,"F","F",0,"F","F",9,"F","F","F","",0,0,"N",0,"N",0,"N",0,0,3,0,"9","","","","F","F","F","F","F","F","F","F","F","","carlh101","","F","F","F","F","F","","","","",0,9,0,0,0,0,0,0,0,2,"PHI","NY1","PHI",0,"F","F",0,0,0,1,1,"T","F",2,4,"T","T","meusi101","terrb101","T","T",0,0,0,8,1,1,0,0,0,"","wilsj105","",0,0,0,0,0,0,0,0,0,0,0,0,0,"willc103","F","F","F","F",0,0,4,0,3,0,0,0,0,0,F,F,"1925PHI.EVN.regular.event.csv",4962
"PHI192509050","NY1",1,0,1,0,0,"",0,0,"meusi101","?","meusi101","?","carlh101","?","carlh101","?","wilsj105","hawkc101","metzl101","wrigr102","sandh101","harpg101","leacf101","willc103","","","soutb101","S8/8S.3-H","F","F",9,3,20,"T","T",1,"F","F",0,"F","F",1,"F","F",8,"","F","F","8S",0,0,"N",0,"N",0,"N",1,0,0,4,"","","","","F","F","F","F","F","F","F","F","F","","","carlh101","F","F","F","F","F","","","","",0,0,0,0,0,0,0,0,0,3,"PHI","NY1","PHI",0,"F","F",0,0,0,2,2,"T","F",4,1,"T","T","terrb101","kellg101","T","T",0,0,0,0,0,0,8,1,1,"","","wilsj105",0,0,0,0,0,0,0,0,0,0,0,0,1,"leacf101","F","F","F","F",0,0,0,4,2,0,0,0,0,0,F,F,"1925PHI.EVN.regular.event.csv",4963
"PHI192509050","NY1",1,0,1,0,0,"",1,0,"terrb101","?","terrb101","?","carlh101","?","carlh101","?","wilsj105","hawkc101","metzl101","wrigr102","sandh101","harpg101","leacf101","willc103","meusi101","","","46(1)/FO","F","F",3,4,2,"T","T",0,"F","F",1,"F","F",0,"F","F",4,"G","F","F","",0,0,"N",0,"N",0,"N",1,0,0,0,"","46","","","F","F","F","F","F","F","F","F","F","carlh101","","","F","F","F","F","F","","","","",0,6,0,0,4,0,0,0,0,4,"PHI","NY1","PHI",0,"F","F",1,0,1,3,3,"T","F",1,1,"T","T","kellg101","lindf101","T","T",9,3,3,0,0,0,0,0,0,"wilsj105","","",0,0,0,0,0,0,0,0,0,0,0,0,0,"metzl101","T","F","F","F",4,0,0,0,2,0,0,0,0,0,F,F,"1925PHI.EVN.regular.event.csv",4964
"PHI192509050","NY1",1,0,2,0,0,"",1,0,"kellg101","?","kellg101","?","carlh101","?","carlh101","?","wilsj105","hawkc101","metzl101","wrigr102","sandh101","harpg101","leacf101","willc103","terrb101","","","HR/F7D.1-H","F","F",7,5,23,"T","T",4,"F","F",0,"F","F",2,"F","F",0,"F","F","F","7D",0,0,"N",0,"N",0,"N",4,4,0,0,"","","","","F","F","F","F","F","F","F","F","F","carlh101","","","F","F","F","F","F","","","","",0,0,0,0,0,0,0,0,0,5,"PHI","NY1","PHI",0,"F","F",1,0,1,4,4,"T","F",1,0,"T","T","lindf101","jackt101","T","T",3,4,4,0,0,0,0,0,0,"wilsj105","","",0,0,0,0,0,0,0,0,0,0,0,0,2,"","F","F","F","F",4,4,0,0,0,0,0,0,0,0,F,F,"1925PHI.EVN.regular.event.csv",4965
"PHI192509050","NY1",1,0,2,0,0,"",3,0,"lindf101","?","lindf101","?","carlh101","?","carlh101","?","wilsj105","hawkc101","metzl101","wrigr102","sandh101","harpg101","leacf101","willc103","","","","K","F","F",5,6,3,"T","T",0,"F","F",1,"F","F",0,"F","F",0,"","F","F","",0,0,"N",0,"N",0,"N",0,0,0,0,"2","","","","F","F","F","F","F","F","F","F","F","","","","F","F","F","F","F","","","","",0,2,0,0,0,0,0,0,0,6,"PHI","NY1","PHI",0,"F","T",3,0,3,5,5,"T","F",0,0,"T","T","jackt101","snydf101","T","T",0,0,0,0,0,0,0,0,0,"","","",0,0,0,0,0,0,0,0,0,0,0,0,0,"","F","F","F","F",0,0,0,0,0,0,0,0,0,0,F,F,"1925PHI.EVN.regular.event.csv",4966
"PHI192509050","NY1",1,1,0,0,0,"",3,0,"sandh101","?","sandh101","?","barnv101","?","barnv101","?","snydf101","terrb101","frisf101","lindf101","jackt101","kellg101","soutb101","meusi101","","","","S4/G","T","F",6,1,20,"T","T",1,"F","F",0,"F","F",0,"F","F",4,"G","F","F","",0,0,"N",0,"N",0,"N",1,0,0,0,"","","","","F","F","F","F","F","F","F","F","F","","","","F","F","F","F","F","","","","",0,0,0,0,0,0,0,0,0,7,"PHI","PHI","NY1",1,"T","F",0,3,0,0,0,"T","F",0,1,"T","T","leacf101","willc103","T","T",0,0,0,0,0,0,0,0,0,"","","",0,0,0,0,0,0,0,0,0,0,0,0,0,"frisf101","F","F","F","F",4,0,0,0,4,0,0,0,0,0,F,F,"1925PHI.EVN.regular.event.csv",4967
"PHI192509050","NY1",1,1,0,0,0,"",3,0,"leacf101","?","leacf101","?","barnv101","?","barnv101","?","snydf101","terrb101","frisf101","lindf101","jackt101","kellg101","soutb101","meusi101","sandh101","","","K","F","F",8,2,3,"T","T",0,"F","F",1,"F","F",0,"F","F",0,"","F","F","",0,0,"N",0,"N",0,"N",0,1,0,0,"2","","","","F","F","F","F","F","F","F","F","F","barnv101","","","F","F","F","F","F","","","","",0,2,0,0,0,0,0,0,0,8,"PHI","PHI","NY1",1,"F","F",0,3,0,1,1,"T","F",1,1,"T","T","willc103","harpg101","T","T",6,1,7,0,0,0,0,0,0,"snydf101","","",0,0,0,0,0,0,0,0,0,0,0,0,0,"","F","F","F","F",0,4,0,0,4,0,0,0,0,0,F,F,"1925PHI.EVN.regular.event.csv",4968
"PHI192509050","NY1",1,1,1,0,0,"",3,0,"willc103","?","willc103","?","barnv101","?","barnv101","?","snydf101","terrb101","frisf101","lindf101","jackt101","kellg101","soutb101","meusi101","sandh101","","","HR/F9D.1-H","F","F",9,3,23,"T","T",4,"F","F",0,"F","F",2,"F","F",0,"F","F","F","9D",0,0,"N",0,"N",0,"N",4,4,0,0,"","","","","F","F","F","F","F","F","F","F","F","barnv101","","","F","F","F","F","F","","","","",0,0,0,0,0,0,0,0,0,9,"PHI","PHI","NY1",1,"F","F",0,3,0,2,2,"T","F",1,0,"T","T","harpg101","hawkc101","T","T",6,1,7,0,0,0,0,0,0,"snydf101","","",0,0,0,0,0,0,0,0,0,0,0,0,2,"","F","F","F","F",4,4,0,0,2,0,0,0,0,0,F,F,"1925PHI.EVN.regular.event.csv",4969
"PHI192509050","NY1",1,1,1,0,0,"",3,2,"harpg101","?","harpg101","?","barnv101","?","barnv101","?","snydf101","terrb101","frisf101","lindf101","jackt101","kellg101","soutb101","meusi101","","","","W","F","F",7,4,14,"T","F",0,"F","F",0,"F","F",0,"F","F",0,"","F","F","",0,0,"N",0,"N",0,"N",1,0,0,0,"","","","","F","F","F","F","F","F","F","F","F","","","","F","F","F","F","F","","","","",0,0,0,0,0,0,0,0,0,10,"PHI","PHI","NY1",1,"F","F",2,3,2,3,3,"T","F",0,1,"T","T","hawkc101","wrigr102","T","T",0,0,0,0,0,0,0,0,0,"","","",0,0,0,0,0,0,0,0,0,0,0,0,0,"","F","F","F","F",4,0,0,0,2,0,0,0,0,0,F,F,"1925PHI.EVN.regular.event.csv",4970
"PHI192509050","NY1",1,1,1,0,0,"",3,2,"hawkc101","?","hawkc101","?","barnv101","?","barnv101","?","snydf101","terrb101","frisf101","lindf101","jackt101","kellg101","soutb101","meusi101","harpg101","","","HR/F89XD.1-H","F","F",3,5,23,"T","T",4,"F","F",0,"F","F",2,"F","F",0,"F","F","F","89XD",0,0,"N",0,"N",0,"N",4,4,0,0,"","","","","F","F","F","F","F","F","F","F","F","barnv101","","","F","F","F","F","F","","","","",0,0,0,0,0,0,0,0,0,11,"PHI","PHI","NY1",1,"F","F",2,3,2,4,4,"T","F",1,0,"T","T","wrigr102","wilsj105","T","T",7,4,10,0,0,0,0,0,0,"snydf101","","",0,0,0,0,0,0,0,0,0,0,0,0,2,"","F","F","F","F",4,4,0,0,0,0,0,0,0,0,F,F,"1925PHI.EVN.regular.event.csv",4971
"PHI192509050","NY1",1,1,1,0,0,"",3,4,"wrigr102","?","wrigr102","?","deanw101","?","deanw101","?","snydf101","terrb101","frisf101","lindf101","jackt101","kellg101","soutb101","meusi101","","","","63","F","F",5,6,2,"T","T",0,"F","F",1,"F","F",0,"F","F",6,"G","F","F","",0,0,"N",0,"N",0,"N",0,0,0,0,"63","","","","F","F","F","F","F","F","F","F","F","","","","F","F","F","F","F","","","","",0,3,0,0,6,0,0,0,0,12,"PHI","PHI","NY1",1,"F","F",4,3,4,5,5,"T","F",0,0,"T","T","wilsj105","metzl101","F","F",0,0,0,0,0,0,0,0,0,"","","",0,0,0,0,0,0,0,0,0,0,0,0,0,"jackt101","F","F","F","F",0,0,0,0,0,0,0,0,0,0,F,F,"1925PHI.EVN.regular.event.csv",4972
"PHI192509050","NY1",1,1,2,0,0,"",3,4,"wilsj105","?","wilsj105","?","deanw101","?","deanw101","?","snydf101","terrb101","frisf101","lindf101","jackt101","kellg101","soutb101","meusi101","","","","S/G5S-","F","F",2,7,20,"T","T",1,"F","F",0,"F","F",0,"F","F",0,"G","F","F","5S",0,0,"N",0,"N",0,"N",1,0,0,0,"","","","","F","F","F","F","F","F","F","F","F","","","","F","F","F","F","F","","","","",0,0,0,0,0,0,0,0,0,13,"PHI","PHI","NY1",1,"F","F",4,3,4,6,6,"T","F",0,1,"T","T","metzl101","carlh101","F","F",0,0,0,0,0,0,0,0,0,"","","",0,0,0,0,0,0,0,0,0,0,0,0,0,"","F","F","F","F",0,0,0,0,0,0,0,0,0,0,F,F,"1925PHI.EVN.regular.event.csv",4973
"PHI192509050","NY1",1,1,2,0,0,"",3,4,"metzl101","?","metzl101","?","deanw101","?","deanw101","?","snydf101","terrb101","frisf101","lindf101","jackt101","kellg101","soutb101","meusi101","wilsj105","","","K","F","F",4,8,3,"T","T",0,"F","F",1,"F","F",0,"F","F",0,"","F","F","",0,0,"N",0,"N",0,"N",0,1,0,0,"2","","","","F","F","F","F","F","F","F","F","F","deanw101","","","F","F","F","F","F","","","","",0,2,0,0,0,0,0,0,0,14,"PHI","PHI","NY1",1,"F","T",4,3,4,7,7,"T","F",1,1,"T","T","carlh101","sandh101","F","F",2,7,13,0,0,0,0,0,0,"snydf101","","",0,0,0,0,0,0,0,0,0,0,0,0,0,"","F","F","F","F",0,0,0,0,0,0,0,0,0,0,F,F,"1925PHI.EVN.regular.event.csv",4974
"PHI192509050","NY1",2,0,0,0,0,"",3,4,"jackt101","?","jackt101","?","carlh101","?","carlh101","?","wilsj105","hawkc101","metzl101","wrigr102","sandh101","harpg101","leacf101","willc103","","","","53","T","F",6,7,2,"T","T",0,"F","F",1,"F","F",0,"F","F",5,"G","F","F","",0,0,"N",0,"N",0,"N",0,0,0,0,"53","","","","F","F","F","F","F","F","F","F","F","","","","F","F","F","F","F","","","","",0,3,0,0,5,0,0,0,0,15,"PHI","NY1","PHI",0,"T","F",3,4,0,6,0,"T","F",0,0,"T","T","snydf101","deanw101","T","T",0,0,0,0,0,0,0,0,0,"","","",0,0,0,0,0,0,0,0,0,0,0,0,0,"wrigr102","F","F","F","F",0,0,0,0,0,0,0,0,0,0,F,F,"1925PHI.EVN.regular.event.csv",4975
"PHI192509050","NY1",2,0,1,0,0,"",3,4,"snydf101","?","snydf101","?","carlh101","?","carlh101","?","wilsj105","hawkc101","metzl101","wrigr102","sandh101","harpg101","leacf101","willc103","","","","63","F","F",2,8,2,"T","T",0,"F","F",1,"F","F",0,"F","F",6,"G","F","F","",0,0,"N",0,"N",0,"N",0,0,0,0,"63","","","","F","F","F","F","F","F","F","F","F","","","","F","F","F","F","F","","","","",0,3,0,0,6,0,0,0,0,16,"PHI","NY1","PHI",0,"F","F",3,4,0,7,1,"T","F",0,0,"T","T","deanw101","soutb101","T","T",0,0,0,0,0,0,0,0,0,"","","",0,0,0,0,0,0,0,0,0,0,0,0,0,"sandh101","F","F","F","F",0,0,0,0,0,0,0,0,0,0,F,F,"1925PHI.EVN.regular.event.csv",4976
"PHI192509050","NY1",2,0,2,0,0,"",3,4,"deanw101","?","deanw101","?","carlh101","?","carlh101","?","wilsj105","hawkc101","metzl101","wrigr102","sandh101","harpg101","leacf101","willc103","","","","K","F","F",1,9,3,"T","T",0,"F","F",1,"F","F",0,"F","F",0,"","F","F","",0,0,"N",0,"N",0,"N",0,0,0,0,"2","","","","F","F","F","F","F","F","F","F","F","","","","F","F","F","F","F","","","","",0,2,0,0,0,0,0,0,0,17,"PHI","NY1","PHI",0,"F","T",3,4,0,8,2,"T","F",0,0,"F","F","soutb101","frisf101","T","T",0,0,0,0,0,0,0,0,0,"","","",0,0,0,0,0,0,0,0,0,0,0,0,0,"","F","F","F","F",0,0,0,0,0,0,0,0,0,0,F,F,"1925PHI.EVN.regular.event.csv",4977
"PHI192509050","NY1",2,1,0,0,0,"",3,4,"carlh101","?","carlh101","?","deanw101","?","deanw101","?","snydf101","terrb101","frisf101","lindf101","jackt101","kellg101","soutb101","meusi101","","","","S7","T","F",1,9,20,"T","T",1,"F","F",0,"F","F",0,"F","F",7,"","F","F","",0,0,"N",0,"N",0,"N",1,0,0,0,"","","","","F","F","F","F","F","F","F","F","F","","","","F","F","F","F","F","","","","",0,0,0,0,0,0,0,0,0,18,"PHI","PHI","NY1",1,"T","F",4,3,0,8,0,"T","F",0,1,"T","T","sandh101","leacf101","F","F",0,0,0,0,0,0,0,0,0,"","","",0,0,0,0,0,0,0,0,0,0,0,0,0,"kellg101","F","F","F","F",4,0,0,0,1,0,0,0,0,0,F,F,"1925PHI.EVN.regular.event.csv",4978
"PHI192509050","NY1",2,1,0,0,0,"",3,4,"sandh101","?","sandh101","?","deanw101","?","deanw101","?","snydf101","terrb101","frisf101","lindf101","jackt101","kellg101","soutb101","meusi101","carlh101","","","13.1-2","F","F",6,1,2,"T","T",0,"F","F",1,"F","F",0,"F","F",1,"G","F","F","",0,0,"N",0,"N",0,"N",0,2,0,0,"13","","","","F","F","F","F","F","F","F","F","F","deanw101","","","F","F","F","F","F","","","","",0,3,0,0,1,0,0,0,0,19,"PHI","PHI","NY1",1,"F","F",4,3,0,9,1,"T","F",1,2,"T","T","leacf101","willc103","F","F",1,9,18,0,0,0,0,0,0,"snydf101","","",0,0,0,0,0,0,0,0,0,0,0,0,0,"deanw101","F","F","F","F",0,4,0,0,1,0,0,0,0,0,F,F,"1925PHI.EVN.regular.event.csv",4979
"PHI192509050","NY1",2,1,1,0,0,"",3,4,"leacf101","?","leacf101","?","deanw101","?","deanw101","?","snydf101","terrb101","frisf101","lindf101","jackt101","kellg101","soutb101","meusi101","","carlh101","","S6/G.2-3","F","F",8,2,20,"T","T",1,"F","F",0,"F","F",0,"F","F",6,"G","F","F","",0,0,"N",0,"N",0,"N",1,0,3,0,"","","","","F","F","F","F","F","F","F","F","F","","deanw101","","F","F","F","F","F","","","","",0,0,0,0,0,0,0,0,0,20,"PHI","PHI","NY1",1,"F","F",4,3,0,10,2,"T","F",2,5,"T","T","willc103","harpg101","F","F",0,0,0,1,9,18,0,0,0,"","snydf101","",0,0,0,0,0,0,0,0,0,0,0,0,0,"jackt101","F","F","F","F",0,0,4,0,1,0,0,0,0,0,F,F,"1925PHI.EVN.regular.event.csv",4980
"PHI192509050","NY1",2,1,1,0,0,"",3,4,"willc103","?","willc103","?","deanw101","?","deanw101","?","snydf101","terrb101","frisf101","lindf101","jackt101","kellg101","soutb101","meusi101","leacf101","","carlh101","D8/89XDW.3-H;1XH(845)","F","F",9,3,21,"T","T",2,"F","F",1,"F","F",1,"F","F",8,"","F","F","89XDW",0,0,"N",0,"N",0,"N",2,0,0,4,"","845","","","F","F","F","F","F","F","F","F","F","deanw101","","deanw101","F","F","F","F","F","","","","",0,5,0,0,8,4,0,0,0,21,"PHI","PHI","NY1",1,"F","F",4,3,0,11,3,"T","F",5,2,"T","T","harpg101","hawkc101","F","F",8,2,20,0,0,0,1,9,18,"snydf101","","snydf101",0,0,0,0,0,0,0,0,0,0,0,0,1,"soutb101","F","F","F","F",0,0,0,4,0,0,0,0,0,0,F,F,"1925PHI.EVN.regular.event.csv",4981
"PHI192509050","NY1",2,1,2,0,0,"",3,5,"harpg101","?","harpg101","?","deanw101","?","deanw101","?","snydf101","terrb101","frisf101","lindf101","jackt101","kellg101","soutb101","meusi101","","willc103","","S5/G56.2-3","F","F",7,4,20,"T","T",1,"F","F",0,"F","F",0,"F","F",5,"G","F","F","56",0,0,"N",0,"N",0,"N",1,0,3,0,"","","","","F","F","F","F","F","F","F","F","F","","deanw101","","F","F","F","F","F","","","","",0,0,0,0,0,0,0,0,0,22,"PHI","PHI","NY1",1,"F","F",5,3,1,12,4,"T","F",2,5,"T","T","hawkc101","wrigr102","F","F",0,0,0,9,3,21,0,0,0,"","snydf101","",0,0,0,0,0,0,0,0,0,0,0,0,0,"lindf101","F","F","F","F",0,0,0,0,0,0,0,0,0,0,F,F,"1925PHI.EVN.regular.event.csv",4982
"PHI192509050","NY1",2,1,2,0,0,"",3,5,"hawkc101","?","hawkc101","?","deanw101","?","deanw101","?","snydf101","terrb101","frisf101","lindf101","jackt101","kellg101","soutb101","meusi101","harpg101","","willc103","3/G","F","F",3,5,2,"T","T",0,"F","F",1,"F","F",0,"F","F",3,"G","F","F","",0,0,"N",0,"N",0,"N",0,1,0,3,"3","","","","F","F","F","F","F","F","F","F","F","deanw101","","deanw101","F","F","F","F","F","","","","",0,3,0,0,0,0,0,0,0,23,"PHI","PHI","NY1",1,"F","T",5,3,1,13,5,"T","F",5,5,"T","T","wrigr102","wilsj105","F","F",7,4,22,0,0,0,9,3,21,"snydf101","","snydf101",0,0,0,0,0,0,0,0,0,0,0,0,0,"terrb101","F","F","F","F",0,0,0,0,0,0,0,0,0,0,F,F,"1925PHI.EVN.regular.event.csv",4983
"PHI192509050","NY1",3,0,0,0,0,"",3,5,"soutb101","?","soutb101","?","carlh101","?","carlh101","?","wilsj105","hawkc101","metzl101","wrigr102","sandh101","harpg101","leacf101","willc103","","","","E4/G.B-2","T","F",8,1,18,"T","T",0,"F","F",0,"F","F",0,"F","F",4,"G","F","F","",1,4,"F",0,"N",0,"N",2,0,0,0,"","","","","F","F","F","F","F","F","F","F","F","","","","F","F","F","F","F","","","","",0,0,0,0,0,0,0,0,0,24,"PHI","NY1","PHI",0,"T","F",3,5,0,9,0,"T","F",0,2,"T","T","frisf101","meusi101","T","T",0,0,0,0,0,0,0,0,0,"","","",0,0,0,0,0,0,0,0,0,0,0,0,0,"metzl101","F","F","F","T",5,0,0,0,2,0,0,0,0,0,F,F,"1925PHI.EVN.regular.event.csv",4984
"PHI192509050","NY1",3,0,0,0,0,"",3,5,"frisf101","?","frisf101","?","carlh101","?","carlh101","?","wilsj105","hawkc101","metzl101","wrigr102","sandh101","harpg101","leacf101","willc103","","soutb101","","S/4.2-H(UR);B-2(THH)","F","F",4,2,20,"T","T",1,"F","F",0,"F","F",1,"F","F",0,"","F","F","4",0,0,"N",0,"N",0,"N",2,0,5,0,"","","","","F","F","F","F","F","F","F","F","F","","carlh101","","F","F","F","F","F","","","","",0,0,0,0,0,0,0,0,0,25,"PHI","NY1","PHI",0,"F","F",3,5,0,10,1,"T","F",2,2,"T","T","meusi101","terrb101","T","T",0,0,0,8,1,24,0,0,0,"","wilsj105","",0,0,0,0,0,0,0,0,0,0,0,0,1,"","F","F","F","F",4,0,5,0,1,0,0,0,0,0,F,F,"1925PHI.EVN.regular.event.csv",4985
"PHI192509050","NY1",3,0,0,0,0,"",4,5,"meusi101","?","meusi101","?","carlh101","?","carlh101","?","wilsj105","hawkc101","metzl101","wrigr102","sandh101","harpg101","leacf101","willc103","","frisf101","","S8/G46.2-H","F","F",9,3,20,"T","T",1,"F","F",0,"F","F",1,"F","F",8,"G","F","F","46",0,0,"N",0,"N",0,"N",1,0,4,0,"","","","","F","F","F","F","F","F","F","F","F","","carlh101","","F","F","F","F","F","","","","",0,0,0,0,0,0,0,0,0,26,"PHI","NY1","PHI",0,"F","F",4,5,1,11,2,"T","F",2,1,"T","T","terrb101","kellg101","T","T",0,0,0,4,2,25,0,0,0,"","wilsj105","",0,0,0,0,0,0,0,0,0,0,0,0,1,"leacf101","F","F","F","F",0,0,4,0,0,0,0,0,0,0,F,F,"1925PHI.EVN.regular.event.csv",4986
"PHI192509050","NY1",3,0,0,0,0,"",5,5,"terrb101","?","terrb101","?","carlh101","?","carlh101","?","wilsj105","hawkc101","metzl101","wrigr102","sandh101","harpg101","leacf101","willc103","meusi101","","","2/FL","F","F",3,4,2,"T","T",0,"F","F",1,"F","F",0,"F","F",2,"F","F","T","",0,0,"N",0,"N",0,"N",0,1,0,0,"2","","","","F","F","F","F","F","F","F","F","F","carlh101","","","F","F","F","F","F","","","","",0,2,0,0,0,0,0,0,0,27,"PHI","NY1","PHI",0,"F","F",5,5,2,12,3,"T","F",1,1,"T","T","kellg101","lindf101","T","T",9,3,26,0,0,0,0,0,0,"wilsj105","","",0,0,0,0,0,0,0,0,0,0,0,0,0,"wilsj105","F","F","F","F",0,0,0,0,0,0,0,0,0,0,F,F,"1925PHI.EVN.regular.event.csv",4987
"PHI192509050","NY1",3,0,1,0,0,"",5,5,"kellg101","?","kellg101","?","carlh101","?","carlh101","?","wilsj105","hawkc101","metzl101","wrigr102","sandh101","harpg101","leacf101","willc103","meusi101","","","9/F","F","F",7,5,2,"T","T",0,"F","F",1,"F","F",0,"F","F",9,"F","F","F","",0,0,"N",0,"N",0,"N",0,1,0,0,"9","","","","F","F","F","F","F","F","F","F","F","carlh101","","","F","F","F","F","F","","","","",0,9,0,0,0,0,0,0,0,28,"PHI","NY1","PHI",0,"F","F",5,5,2,13,4,"T","F",1,1,"T","T","lindf101","jackt101","T","T",9,3,26,0,0,0,0,0,0,"wilsj105","","",0,0,0,0,0,0,0,0,0,0,0,0,0,"willc103","F","F","F","F",0,0,0,0,0,0,0,0,0,0,F,F,"1925PHI.EVN.regular.event.csv",4988
"PHI192509050","NY1",3,0,2,0,0,"",5,5,"lindf101","?","lindf101","?","carlh101","?","carlh101","?","wilsj105","hawkc101","metzl101","wrigr102","sandh101","harpg101","leacf101","willc103","meusi101","","","54(1)/FO","F","F",5,6,2,"T","T",0,"F","F",1,"F","F",0,"F","F",5,"G","F","F","",0,0,"N",0,"N",0,"N",1,0,0,0,"","54","","","F","F","F","F","F","F","F","F","F","carlh101","","","F","F","F","F","F","","","","",0,4,0,0,5,0,0,0,0,29,"PHI","NY1","PHI",0,"F","T",5,5,2,14,5,"T","F",1,1,"T","T","jackt101","snydf101","T","T",9,3,26,0,0,0,0,0,0,"wilsj105","","",0,0,0,0,0,0,0,0,0,0,0,0,0,"wrigr102","T","F","F","F",0,0,0,0,0,0,0,0,0,0,F,F,"1925PHI.EVN.regular.event.csv",4989
"PHI192509050","NY1",3,1,0,0,0,"",5,5,"wrigr102","?","wrigr102","?","deanw101","?","deanw101","?","snydf101","terrb101","frisf101","lindf101","jackt101","kellg101","soutb101","meusi101","","","","43","T","F",5,6,2,"T","T",0,"F","F",1,"F","F",0,"F","F",4,"G","F","F","",0,0,"N",0,"N",0,"N",0,0,0,0,"43","","","","F","F","F","F","F","F","F","F","F","","","","F","F","F","F","F","","","","",0,3,0,0,4,0,0,0,0,30,"PHI","PHI","NY1",1,"T","F",5,5,0,14,0,"T","F",0,0,"T","T","wilsj105","metzl101","F","F",0,0,0,0,0,0,0,0,0,"","","",0,0,0,0,0,0,0,0,0,0,0,0,0,"frisf101","F","F","F","F",0,0,0,0,0,0,0,0,0,0,F,F,"1925PHI.EVN.regular.event.csv",4990
"PHI192509050","NY1",3,1,1,0,0,"",5,5,"wilsj105","?","wilsj105","?","deanw101","?","deanw101","?","snydf101","terrb101","frisf101","lindf101","jackt101","kellg101","soutb101","meusi101","","","","63","F","F",2,7,2,"T","T",0,"F","F",1,"F","F",0,"F","F",6,"G","F","F","",0,0,"N",0,"N",0,"N",0,0,0,0,"63","","","","F","F","F","F","F","F","F","F","F","","","","F","F","F","F","F","","","","",0,3,0,0,6,0,0,0,0,31,"PHI","PHI","NY1",1,"F","F",5,5,0,15,1,"T","F",0,0,"T","T","metzl101","carlh101","F","F",0,0,0,0,0,0,0,0,0,"","","",0,0,0,0,0,0,0,0,0,0,0,0,0,"jackt101","F","F","F","F",0,0,0,0,0,0,0,0,0,0,F,F,"1925PHI.EVN.regular.event.csv",4991
"PHI192509050","NY1",3,1,2,0,0,"",5,5,"metzl101","?","metzl101","?","deanw101","?","deanw101","?","snydf101","terrb101","frisf101","lindf101","jackt101","kellg101","soutb101","meusi101","","","","5/FL","F","F",4,8,2,"T","T",0,"F","F",1,"F","F",0,"F","F",5,"F","F","T","",0,0,"N",0,"N",0,"N",0,0,0,0,"5","","","","F","F","F","F","F","F","F","F","F","","","","F","F","F","F","F","","","","",0,5,0,0,0,0,0,0,0,32,"PHI","PHI","NY1",1,"F","T",5,5,0,16,2,"T","F",0,0,"T","T","carlh101","sandh101","F","F",0,0,0,0,0,0,0,0,0,"","","",0,0,0,0,0,0,0,0,0,0,0,0,0,"lindf101","F","F","F","F",0,0,0,0,0,0,0,0,0,0,F,F,"1925PHI.EVN.regular.event.csv",4992
"PHI192509050","NY1",4,0,0,0,0,"",5,5,"jackt101","?","jackt101","?","carlh101","?","carlh101","?","wilsj105","hawkc101","metzl101","wrigr102","sandh101","harpg101","leacf101","willc103","","","","8/F","T","F",6,7,2,"T","T",0,"F","F",1,"F","F",0,"F","F",8,"F","F","F","",0,0,"N",0,"N",0,"N",0,0,0,0,"8","","","","F","F","F","F","F","F","F","F","F","","","","F","F","F","F","F","","","","",0,8,0,0,0,0,0,0,0,33,"PHI","NY1","PHI",0,"T","F",5,5,0,15,0,"T","F",0,0,"T","T","snydf101","deanw101","T","T",0,0,0,0,0,0,0,0,0,"","","",0,0,0,0,0,0,0,0,0,0,0,0,0,"leacf101","F","F","F","F",0,0,0,0,0,0,0,0,0,0,F,F,"1925PHI.EVN.regular.event.csv",4993
"PHI192509050","NY1",4,0,1,0,0,"",5,5,"snydf101","?","snydf101","?","carlh101","?","carlh101","?","wilsj105","hawkc101","metzl101","wrigr102","sandh101","harpg101","leacf101","willc103","","","","13","F","F",2,8,2,"T","T",0,"F","F",1,"F","F",0,"F","F",1,"G","F","F","",0,0,"N",0,"N",0,"N",0,0,0,0,"13","","","","F","F","F","F","F","F","F","F","F","","","","F","F","F","F","F","","","","",0,3,0,0,1,0,0,0,0,34,"PHI","NY1","PHI",0,"F","F",5,5,0,16,1,"T","F",0,0,"T","T","deanw101","soutb101","T","T",0,0,0,0,0,0,0,0,0,"","","",0,0,0,0,0,0,0,0,0,0,0,0,0,"carlh101","F","F","F","F",0,0,0,0,0,0,0,0,0,0,F,F,"1925PHI.EVN.regular.event.csv",4994
"PHI192509050","NY1",4,0,2,0,0,"",5,5,"deanw101","?","deanw101","?","carlh101","?","carlh101","?","wilsj105","hawkc101","metzl101","wrigr102","sandh101","harpg101","leacf101","willc103","","","","S8","F","F",1,9,20,"T","T",1,"F","F",0,"F","F",0,"F","F",8,"","F","F","",0,0,"N",0,"N",0,"N",1,0,0,0,"","","","","F","F","F","F","F","F","F","F","F","","","","F","F","F","F","F","","","","",0,0,0,0,0,0,0,0,0,35,"PHI","NY1","PHI",0,"F","F",5,5,0,17,2,"T","F",0,1,"F","F","soutb101","frisf101","T","T",0,0,0,0,0,0,0,0,0,"","","",0,0,0,0,0,0,0,0,0,0,0,0,0,"leacf101","F","F","F","F",0,0,0,0,0,0,0,0,0,0,F,F,"1925PHI.EVN.regular.event.csv",4995
"PHI192509050","NY1",4,0,2,0,0,"",5,5,"soutb101","?","soutb101","?","carlh101","?","carlh101","?","wilsj105","hawkc101","metzl101","wrigr102","sandh101","harpg101","leacf101","willc103","deanw101","","","46(1)/FO","F","F",8,1,2,"T","T",0,"F","F",1,"F","F",0,"F","F",4,"G","F","F","",0,0,"N",0,"N",0,"N",1,0,0,0,"","46","","","F","F","F","F","F","F","F","F","F","carlh101","","","F","F","F","F","F","","","","",0,6,0,0,4,0,0,0,0,36,"PHI","NY1","PHI",0,"F","T",5,5,0,18,3,"T","F",1,1,"T","T","frisf101","meusi101","T","T",1,9,35,0,0,0,0,0,0,"wilsj105","","",0,0,0,0,0,0,0,0,0,0,0,0,0,"metzl101","T","F","F","F",0,0,0,0,0,0,0,0,0,0,F,F,"1925PHI.EVN.regular.event.csv",4996
"PHI192509050","NY1",4,1,0,0,0,"",5,5,"carlh101","?","carlh101","?","deanw101","?","deanw101","?","snydf101","terrb101","frisf101","lindf101","jackt101","kellg101","soutb101","meusi101","","","","W","T","F",1,9,14,"T","F",0,"F","F",0,"F","F",0,"F","F",0,"","F","F","",0,0,"N",0,"N",0,"N",1,0,0,0,"","","","","F","F","F","F","F","F","F","F","F","","","","F","F","F","F","F","","","","",0,0,0,0,0,0,0,0,0,37,"PHI","PHI","NY1",1,"T","F",5,5,0,17,0,"T","F",0,1,"T","T","sandh101","leacf101","F","F",0,0,0,0,0,0,0,0,0,"","","",0,0,0,0,0,0,0,0,0,0,0,0,0,"","F","F","F","F",0,0,0,0,0,0,0,0,0,0,F,F,"1925PHI.EVN.regular.event.csv",4997
"PHI192509050","NY1",4,1,0,0,0,"",5,5,"sandh101","?","sandh101","?","deanw101","?","deanw101","?","snydf101","terrb101","frisf101","lindf101","jackt101","kellg101","soutb101","meusi101","carlh101","","","E1/SH.1-2","F","F",6,1,18,"T","F",0,"T","F",0,"F","F",0,"F","F",1,"G","T","F","",1,1,"F",0,"N",0,"N",1,2,0,0,"","","","","F","F","F","F","F","F","F","F","F","deanw101","","","F","F","F","F","F","","","","",0,0,0,0,0,0,0,0,0,38,"PHI","PHI","NY1",1,"F","F",5,5,0,18,1,"T","F",1,3,"T","T","leacf101","willc103","F","F",1,9,37,0,0,0,0,0,0,"snydf101","","",0,0,0,0,0,0,0,0,0,0,0,0,0,"deanw101","F","F","F","T",0,0,0,0,0,0,0,0,0,0,F,F,"1925PHI.EVN.regular.event.csv",4998
"PHI192509050","NY1",4,1,0,0,0,"",5,5,"leacf101","?","leacf101","?","deanw101","?","deanw101","?","snydf101","terrb101","frisf101","lindf101","jackt101","kellg101","soutb101","meusi101","sandh101","carlh101","","4(1)/FO.2-3","F","F",8,2,2,"T","T",0,"F","F",1,"F","F",0,"F","F",4,"G","F","F","",0,0,"N",0,"N",0,"N",1,0,3,0,"","4","","","F","F","F","F","F","F","F","F","F","deanw101","deanw101","","F","F","F","F","F","","","","",0,4,0,0,0,0,0,0,0,39,"PHI","PHI","NY1",1,"F","F",5,5,0,19,2,"T","F",3,5,"T","T","willc103","harpg101","F","F",6,1,38,1,9,37,0,0,0,"snydf101","snydf101","",0,0,0,0,0,0,0,0,0,0,0,0,0,"frisf101","T","F","F","F",0,0,0,0,0,0,0,0,0,0,F,F,"1925PHI.EVN.regular.event.csv",4999
"PHI192509050","NY1",4,1,1,0,0,"",5,5,"willc103","?","willc103","?","deanw101","?","deanw101","?","snydf101","terrb101","frisf101","lindf101","jackt101","kellg101","soutb101","meusi101","leacf101","","carlh101","7/F7S","F","F",9,3,2,"T","T",0,"F","F",1,"F","F",0,"F","F",7,"F","F","F","7S",0,0,"N",0,"N",0,"N",0,1,0,3,"7","","","","F","F","F","F","F","F","F","F","F","deanw101","","deanw101","F","F","F","F","F","","","","",0,7,0,0,0,0,0,0,0,40,"PHI","PHI","NY1",1,"F","F",5,5,0,20,3,"T","F",5,5,"T","T","harpg101","hawkc101","F","F",8,2,39,0,0,0,1,9,37,"snydf101","","snydf101",0,0,0,0,0,0,0,0,0,0,0,0,0,"kellg101","F","F","F","F",0,0,0,0,0,0,0,0,0,0,F,F,"1925PHI.EVN.regular.event.csv",5000
"PHI192509050","NY1",4,1,2,0,0,"",5,5,"harpg101","?","harpg101","?","deanw101","?","deanw101","?","snydf101","terrb101","frisf101","lindf101","jackt101","kellg101","soutb101","meusi101","leacf101","","carlh101","43","F","F",7,4,2,"T","T",0,"F","F",1,"F","F",0,"F","F",4,"G","F","F","",0,0,"N",0,"N",0,"N",0,1,0,3,"43","","","","F","F","F","F","F","F","F","F","F","deanw101","","deanw101","F","F","F","F","F","","","","",0,3,0,0,4,0,0,0,0,41,"PHI","PHI","NY1",1,"F","T",5,5,0,21,4,"T","F",5,5,"T","T","hawkc101","wrigr102","F","F",8,2,39,0,0,0,1,9,37,"snydf101","","snydf101",0,0,0,0,0,0,0,0,0,0,0,0,0,"frisf101","F","F","F","F",0,0,0,0,0,0,0,0,0,0,F,F,"1925PHI.EVN.regular.event.csv",5001
"PHI192509050","NY1",5,0,0,0,0,"",5,5,"frisf101","?","frisf101","?","carlh101","?","carlh101","?","wilsj105","hawkc101","metzl101","wrigr102","sandh101","harpg101","leacf101","willc103","","","","S8","T","F",4,2,20,"T","T",1,"F","F",0,"F","F",0,"F","F",8,"","F","F","",0,0,"N",0,"N",0,"N",1,0,0,0,"","","","","F","F","F","F","F","F","F","F","F","","","","F","F","F","F","F","","","","",0,0,0,0,0,0,0,0,0,42,"PHI","NY1","PHI",0,"T","F",5,5,0,19,0,"T","F",0,1,"T","T","meusi101","terrb101","T","T",0,0,0,0,0,0,0,0,0,"","","",0,0,0,0,0,0,0,0,0,0,0,0,0,"leacf101","F","F","F","F",4,0,0,0,3,0,0,0,0,0,F,F,"1925PHI.EVN.regular.event.csv",5002
"PHI192509050","NY1",5,0,0,0,0,"",5,5,"meusi101","?","meusi101","?","carlh101","?","carlh101","?","wilsj105","hawkc101","metzl101","wrigr102","sandh101","harpg101","leacf101","willc103","frisf101","","","8/L8XD","F","F",9,3,2,"T","T",0,"F","F",1,"F","F",0,"F","F",8,"L","F","F","8XD",0,0,"N",0,"N",0,"N",0,1,0,0,"8","","","","F","F","F","F","F","F","F","F","F","carlh101","","","F","F","F","F","F","","","","",0,8,0,0,0,0,0,0,0,43,"PHI","NY1","PHI",0,"F","F",5,5,0,20,1,"T","F",1,1,"T","T","terrb101","kellg101","T","T",4,2,42,0,0,0,0,0,0,"wilsj105","","",0,0,0,0,0,0,0,0,0,0,0,0,0,"leacf101","F","F","F","F",0,4,0,0,3,0,0,0,0,0,F,F,"1925PHI.EVN.regular.event.csv",5003
"PHI192509050","NY1",5,0,1,0,0,"",5,5,"terrb101","?","terrb101","?","carlh101","?","carlh101","?","wilsj105","hawkc101","metzl101","wrigr102","sandh101","harpg101","leacf101","willc103","frisf101","","","SB2","F","F",3,4,4,"F","F",0,"F","F",0,"F","F",0,"F","F",0,"","F","F","",0,0,"N",0,"N",0,"N",0,2,0,0,"","","","","T","F","F","F","F","F","F","F","F","carlh101","","","F","F","F","F","F","","","","",0,0,0,0,0,0,0,0,0,44,"PHI","NY1","PHI",0,"F","F",5,5,0,21,2,"T","F",1,2,"T","T","kellg101","lindf101","T","T",4,2,42,0,0,0,0,0,0,"wilsj105","","",0,0,0,0,0,0,0,0,0,0,0,0,0,"","F","F","F","F",0,4,0,0,3,0,0,0,0,0,F,F,"1925PHI.EVN.regular.event.csv",5004
"PHI192509050","NY1",5,0,1,0,0,"",5,5,"terrb101","?","terrb101","?","carlh101","?","carlh101","?","wilsj105","hawkc101","metzl101","wrigr102","sandh101","harpg101","leacf101","willc103","","frisf101","","W","F","F",3,4,14,"T","F",0,"F","F",0,"F","F",0,"F","F",0,"","F","F","",0,0,"N",0,"N",0,"N",1,0,2,0,"","","","","F","F","F","F","F","F","F","F","F","","carlh101","","F","F","F","F","F","","","","",0,0,0,0,0,0,0,0,0,45,"PHI","NY1","PHI",0,"F","F",5,5,0,21,2,"F","F",2,3,"T","T","kellg101","lindf101","T","T",0,0,0,4,2,42,0,0,0,"","wilsj105","",0,0,0,0,0,0,0,0,0,0,0,0,0,"","F","F","F","F",4,0,4,0,3,0,0,0,0,0,F,F,"1925PHI.EVN.regular.event.csv",5005
"PHI192509050","NY1",5,0,1,0,0,"",5,5,"kellg101","?","kellg101","?","carlh101","?","carlh101","?","wilsj105","hawkc101","metzl101","wrigr102","sandh101","harpg101","leacf101","willc103","terrb101","frisf101","","FC4.2-H;1-2","F","F",7,5,19,"T","T",0,"F","F",0,"F","F",1,"F","F",4,"G","F","F","",0,0,"N",0,"N",0,"N",1,2,4,0,"","","","","F","F","F","F","F","F","F","F","F","carlh101","carlh101","","F","F","F","F","F","","","","",0,0,0,0,0,0,0,0,0,46,"PHI","NY1","PHI",0,"F","F",5,5,0,22,3,"T","F",3,3,"T","T","lindf101","jackt101","T","T",3,4,45,4,2,42,0,0,0,"wilsj105","wilsj105","",0,0,0,0,0,0,0,0,0,0,0,0,1,"metzl101","F","F","F","F",4,4,4,0,2,0,0,0,0,0,F,F,"1925PHI.EVN.regular.event.csv",5006
"PHI192509050","NY1",5,0,1,0,0,"",6,5,"lindf101","?","lindf101","?","carlh101","?","carlh101","?","wilsj105","hawkc101","metzl101","wrigr102","sandh101","harpg101","leacf101","willc103","kellg101","terrb101","","S9.2-3;1-2","F","F",5,6,20,"T","T",1,"F","F",0,"F","F",0,"F","F",9,"","F","F","",0,0,"N",0,"N",0,"N",1,2,3,0,"","","","","F","F","F","F","F","F","F","F","F","carlh101","carlh101","","F","F","F","F","F","","","","",0,0,0,0,0,0,0,0,0,47,"PHI","NY1","PHI",0,"F","F",6,5,1,23,4,"T","F",3,7,"T","T","jackt101","snydf101","T","T",7,5,46,3,4,45,0,0,0,"wilsj105","wilsj105","",0,0,0,0,0,0,0,0,0,0,0,0,0,"willc103","F","F","F","F",3,4,4,0,2,0,0,0,0,0,F,F,"1925PHI.EVN.regular.event.csv",5007
"PHI192509050","NY1",5,0,1,0,0,"",6,5,"bentj101","?","bentj101","?","carlh101","?","carlh101","?","wilsj105","hawkc101","metzl101","wrigr102","sandh101","harpg101","leacf101","willc103","lindf101","kellg101","terrb101","8/SF.3-H","F","T",11,7,2,"T","F",0,"F","T",1,"F","F",1,"F","F",8,"F","F","F","",0,0,"N",0,"N",0,"N",0,1,2,4,"8","","","","F","F","F","F","F","F","F","F","F","carlh101","carlh101","carlh101","F","F","F","F","F","","","","jackt101",6,8,0,0,0,0,0,0,0,48,"PHI","NY1","PHI",0,"F","F",6,5,1,24,5,"T","F",7,3,"F","F","snydf101","deanw101","T","T",5,6,47,7,5,46,3,4,45,"wilsj105","wilsj105","wilsj105",0,0,0,0,0,0,0,0,0,0,0,0,1,"leacf101","F","F","F","F",0,3,4,4,1,0,0,0,0,0,F,F,"1925PHI.EVN.regular.event.csv",5008
"PHI192509050","NY1",5,0,2,0,0,"",7,5,"snydf101","?","snydf101","?","carlh101","?","carlh101","?","wilsj105","hawkc101","metzl101","wrigr102","sandh101","harpg101","leacf101","willc103","lindf101","kellg101","","S9/F9DW.2-H;1-3","F","F",2,8,20,"T","T",1,"F","F",0,"F","F",1,"F","F",9,"F","F","F","9DW",0,0,"N",0,"N",0,"N",1,3,4,0,"","","","","F","F","F","F","F","F","F","F","F","carlh101","carlh101","","F","F","F","F","F","","","","",0,0,0,0,0,0,0,0,0,49,"PHI","NY1","PHI",0,"F","F",7,5,2,25,6,"T","F",3,5,"T","T","deanw101","soutb101","T","T",5,6,47,7,5,46,0,0,0,"wilsj105","wilsj105","",0,0,0,0,0,0,0,0,0,0,0,0,1,"willc103","F","F","F","F",0,3,4,0,0,0,0,0,0,0,F,F,"1925PHI.EVN.regular.event.csv",5009
"PHI192509050","NY1",5,0,2,0,0,"",8,5,"deanw101","?","deanw101","?","decaa101","?","decaa101","?","wilsj105","hawkc101","metzl101","wrigr102","sandh101","harpg101","leacf101","willc103","snydf101","","lindf101","46(1)/FO","F","F",1,9,2,"T","T",0,"F","F",1,"F","F",0,"F","F",4,"G","F","F","",0,0,"N",0,"N",0,"N",1,0,0,3,"","46","","","F","F","F","F","F","F","F","F","F","carlh101","","carlh101","F","F","F","F","F","","","","",0,6,0,0,4,0,0,0,0,50,"PHI","NY1","PHI",0,"F","T",8,5,3,26,7,"T","F",5,5,"F","F","soutb101","frisf101","F","F",2,8,49,0,0,0,5,6,47,"wilsj105","","wilsj105",0,0,0,0,0,0,0,0,0,0,0,0,0,"metzl101","T","F","F","F",1,0,0,3,0,0,0,0,0,0,F,F,"1925PHI.EVN.regular.event.csv",5010
"PHI192509050","NY1",5,1,0,0,0,"",8,5,"hawkc101","?","hawkc101","?","deanw101","?","deanw101","?","snydf101","terrb101","frisf101","lindf101","farrd101","kellg101","soutb101","meusi101","","","","43","T","F",3,5,2,"T","T",0,"F","F",1,"F","F",0,"F","F",4,"G","F","F","",0,0,"N",0,"N",0,"N",0,0,0,0,"43","","","","F","F","F","F","F","F","F","F","F","","","","F","F","F","F","F","","","","",0,3,0,0,4,0,0,0,0,51,"PHI","PHI","NY1",1,"T","F",5,8,0,22,0,"T","F",0,0,"T","T","wrigr102","wilsj105","F","F",0,0,0,0,0,0,0,0,0,"","","",0,0,0,0,0,0,0,0,0,0,0,0,0,"frisf101","F","F","F","F",0,0,0,0,1,0,0,0,0,0,F,F,"1925PHI.EVN.regular.event.csv",5011
"PHI192509050","NY1",5,1,1,0,0,"",8,5,"wrigr102","?","wrigr102","?","deanw101","?","deanw101","?","snydf101","terrb101","frisf101","lindf101","farrd101","kellg101","soutb101","meusi101","","","","E8/F8D.B-H(E4/TH3)(NR)(UR)","F","F",5,6,18,"T","T",0,"F","F",0,"F","F",0,"F","F",8,"F","F","F","8D",2,8,"F",4,"T",0,"N",5,0,0,0,"","","","","F","F","F","F","F","F","F","F","F","","","","F","F","F","F","F","","","","",0,0,0,0,0,0,0,0,0,52,"PHI","PHI","NY1",1,"F","F",5,8,0,23,1,"T","F",0,0,"T","T","wilsj105","metzl101","F","F",0,0,0,0,0,0,0,0,0,"","","",0,0,0,0,0,0,0,0,0,0,0,0,1,"soutb101","F","F","F","T",5,0,0,0,0,0,0,0,0,0,F,F,"1925PHI.EVN.regular.event.csv",5012
"PHI192509050","NY1",5,1,1,0,0,"",8,6,"wilsj105","?","wilsj105","?","deanw101","?","deanw101","?","snydf101","terrb101","frisf101","lindf101","farrd101","kellg101","soutb101","meusi101","","","","2/FL","F","F",2,7,2,"T","T",0,"F","F",1,"F","F",0,"F","F",2,"F","F","T","",0,0,"N",0,"N",0,"N",0,0,0,0,"2","","","","F","F","F","F","F","F","F","F","F","","","","F","F","F","F","F","","","","",0,2,0,0,0,0,0,0,0,53,"PHI","PHI","NY1",1,"F","F",6,8,1,24,2,"T","F",0,0,"T","T","metzl101","decaa101","F","F",0,0,0,0,0,0,0,0,0,"","","",0,0,0,0,0,0,0,0,0,0,0,0,0,"snydf101","F","F","F","F",0,0,0,0,0,0,0,0,0,0,F,F,"1925PHI.EVN.regular.event.csv",5013
"PHI192509050","NY1",5,1,2,0,0,"",8,6,"metzl101","?","metzl101","?","deanw101","?","deanw101","?","snydf101","terrb101","frisf101","lindf101","farrd101","kellg101","soutb101","meusi101","","","","53","F","F",4,8,2,"T","T",0,"F","F",1,"F","F",0,"F","F",5,"G","F","F","",0,0,"N",0,"N",0,"N",0,0,0,0,"53","","","","F","F","F","F","F","F","F","F","F","","","","F","F","F","F","F","","","","",0,3,0,0,5,0,0,0,0,54,"PHI","PHI","NY1",1,"F","T",6,8,1,25,3,"T","F",0,0,"T","T","decaa101","sandh101","F","F",0,0,0,0,0,0,0,0,0,"","","",0,0,0,0,0,0,0,0,0,0,0,0,0,"lindf101","F","F","F","F",0,0,0,0,0,0,0,0,0,0,F,F,"1925PHI.EVN.regular.event.csv",5014
"PHI192509050","NY1",6,0,0,0,0,"",8,6,"soutb101","?","soutb101","?","decaa101","?","decaa101","?","wilsj105","hawkc101","metzl101","wrigr102","sandh101","harpg101","leacf101","willc103","","","","D8","T","F",8,1,21,"T","T",2,"F","F",0,"F","F",0,"F","F",8,"","F","F","",0,0,"N",0,"N",0,"N",2,0,0,0,"","","","","F","F","F","F","F","F","F","F","F","","","","F","F","F","F","F","","","","",0,0,0,0,0,0,0,0,0,55,"PHI","NY1","PHI",0,"T","F",8,6,0,27,0,"T","F",0,2,"T","T","frisf101","meusi101","F","F",0,0,0,0,0,0,0,0,0,"","","",0,0,0,0,0,0,0,0,0,0,0,0,0,"leacf101","F","F","F","F",4,0,0,0,2,0,0,0,0,0,F,F,"1925PHI.EVN.regular.event.csv",5015
"PHI192509050","NY1",6,0,0,0,0,"",8,6,"frisf101","?","frisf101","?","decaa101","?","decaa101","?","wilsj105","hawkc101","metzl101","wrigr102","sandh101","harpg101","leacf101","willc103","","soutb101","","S8.2-H","F","F",4,2,20,"T","T",1,"F","F",0,"F","F",1,"F","F",8,"","F","F","",0,0,"N",0,"N",0,"N",1,0,4,0,"","","","","F","F","F","F","F","F","F","F","F","","decaa101","","F","F","F","F","F","","","","",0,0,0,0,0,0,0,0,0,56,"PHI","NY1","PHI",0,"F","F",8,6,0,28,1,"T","F",2,1,"T","T","meusi101","terrb101","F","F",0,0,0,8,1,55,0,0,0,"","wilsj105","",0,0,0,0,0,0,0,0,0,0,0,0,1,"leacf101","F","F","F","F",4,0,4,0,1,0,0,0,0,0,F,F,"1925PHI.EVN.regular.event.csv",5016
"PHI192509050","NY1",6,0,0,0,0,"",9,6,"meusi101","?","meusi101","?","decaa101","?","decaa101","?","wilsj105","hawkc101","metzl101","wrigr102","sandh101","harpg101","leacf101","willc103","frisf101","","","S8.1-3","F","F",9,3,20,"T","T",1,"F","F",0,"F","F",0,"F","F",8,"","F","F","",0,0,"N",0,"N",0,"N",1,3,0,0,"","","","","F","F","F","F","F","F","F","F","F","decaa101","","","F","F","F","F","F","","","","",0,0,0,0,0,0,0,0,0,57,"PHI","NY1","PHI",0,"F","F",9,6,1,29,2,"T","F",1,5,"T","T","terrb101","kellg101","F","F",4,2,56,0,0,0,0,0,0,"wilsj105","","",0,0,0,0,0,0,0,0,0,0,0,0,0,"leacf101","F","F","F","F",0,4,0,0,1,0,0,0,0,0,F,F,"1925PHI.EVN.regular.event.csv",5017
"PHI192509050","NY1",6,0,0,0,0,"",9,6,"terrb101","?","terrb101","?","decaa101","?","decaa101","?","wilsj105","hawkc101","metzl101","wrigr102","sandh101","harpg101","leacf101","willc103","meusi101","","frisf101","K","F","F",3,4,3,"T","T",0,"F","F",1,"F","F",0,"F","F",0,"","F","F","",0,0,"N",0,"N",0,"N",0,1,0,3,"2","","","","F","F","F","F","F","F","F","F","F","decaa101","","decaa101","F","F","F","F","F","","","","",0,2,0,0,0,0,0,0,0,58,"PHI","NY1","PHI",0,"F","F",9,6,1,30,3,"T","F",5,5,"T","T","kellg101","lindf101","F","F",9,3,57,0,0,0,4,2,56,"wilsj105","","wilsj105",0,0,0,0,0,0,0,0,0,0,0,0,0,"","F","F","F","F",0,0,0,4,1,0,0,0,0,0,F,F,"1925PHI.EVN.regular.event.csv",5018
"PHI192509050","NY1",6,0,1,0,0,"",9,6,"kellg101","?","kellg101","?","decaa101","?","decaa101","?","wilsj105","hawkc101","metzl101","wrigr102","sandh101","harpg101","leacf101","willc103","meusi101","","frisf101","8/SF.3-H","F","F",7,5,2,"T","F",0,"F","T",1,"F","F",1,"F","F",8,"F","F","F","",0,0,"N",0,"N",0,"N",0,1,0,4,"8","","","","F","F","F","F","F","F","F","F","F","decaa101","","decaa101","F","F","F","F","F","","","","",0,8,0,0,0,0,0,0,0,59,"PHI","NY1","PHI",0,"F","F",9,6,1,31,4,"T","F",5,1,"T","T","lindf101","farrd101","F","F",9,3,57,0,0,0,4,2,56,"wilsj105","","wilsj105",0,0,0,0,0,0,0,0,0,0,0,0,1,"leacf101","F","F","F","F",0,0,0,4,0,0,0,0,0,0,F,F,"1925PHI.EVN.regular.event.csv",5019
"PHI192509050","NY1",6,0,2,0,0,"",10,6,"lindf101","?","lindf101","?","decaa101","?","decaa101","?","wilsj105","hawkc101","metzl101","wrigr102","sandh101","harpg101","leacf101","willc103","meusi101","","","46(1)/FO","F","F",5,6,2,"T","T",0,"F","F",1,"F","F",0,"F","F",4,"G","F","F","",0,0,"N",0,"N",0,"N",1,0,0,0,"","46","","","F","F","F","F","F","F","F","F","F","decaa101","","","F","F","F","F","F","","","","",0,6,0,0,4,0,0,0,0,60,"PHI","NY1","PHI",0,"F","T",10,6,2,32,5,"T","F",1,1,"T","T","farrd101","snydf101","F","F",9,3,57,0,0,0,0,0,0,"wilsj105","","",0,0,0,0,0,0,0,0,0,0,0,0,0,"metzl101","T","F","F","F",1,0,0,0,0,0,0,0,0,0,F,F,"1925PHI.EVN.regular.event.csv",5020
"PHI192509050","NY1",6,1,0,0,0,"",10,6,"knigj103","?","knigj103","?","deanw101","?","deanw101","?","snydf101","terrb101","frisf101","lindf101","farrd101","kellg101","soutb101","meusi101","","","","E1/TH1.B-3(E3/TH2)","T","T",11,9,18,"T","T",0,"F","F",0,"F","F",0,"F","F",1,"G","F","F","",2,1,"T",3,"T",0,"N",3,0,0,0,"","","","","F","F","F","F","F","F","F","F","F","","","","F","F","F","F","F","","","","decaa101",1,0,0,0,0,0,0,0,0,61,"PHI","PHI","NY1",1,"T","F",6,10,0,26,0,"T","F",0,4,"F","F","sandh101","leacf101","F","F",0,0,0,0,0,0,0,0,0,"","","",0,0,0,0,0,0,0,0,0,0,0,0,0,"deanw101","F","F","F","T",5,0,0,0,1,0,0,0,0,0,F,F,"1925PHI.EVN.regular.event.csv",5021
"PHI192509050","NY1",6,1,0,0,0,"",10,6,"sandh101","?","sandh101","?","deanw101","?","deanw101","?","snydf101","terrb101","frisf101","lindf101","farrd101","kellg101","soutb101","meusi101","","","knigj103","7/SF.3-H(UR)","F","F",6,1,2,"T","F",0,"F","T",1,"F","F",1,"F","F",7,"F","F","F","",0,0,"N",0,"N",0,"N",0,0,0,5,"7","","","","F","F","F","F","F","F","F","F","F","","","deanw101","F","F","F","F","F","","","","",0,7,0,0,0,0,0,0,0,62,"PHI","PHI","NY1",1,"F","F",6,10,0,27,1,"T","F",4,0,"T","T","leacf101","willc103","F","F",0,0,0,0,0,0,0,9,61,"","","snydf101",0,0,0,0,0,0,0,0,0,0,0,0,1,"kellg101","F","F","F","F",0,0,0,5,0,0,0,0,0,0,F,F,"1925PHI.EVN.regular.event.csv",5022
"PHI192509050","NY1",6,1,1,0,0,"",10,7,"leacf101","?","leacf101","?","deanw101","?","deanw101","?","snydf101","terrb101","frisf101","lindf101","farrd101","kellg101","soutb101","meusi101","","","","8/F","F","F",8,2,2,"T","T",0,"F","F",1,"F","F",0,"F","F",8,"F","F","F","",0,0,"N",0,"N",0,"N",0,0,0,0,"8","","","","F","F","F","F","F","F","F","F","F","","","","F","F","F","F","F","","","","",0,8,0,0,0,0,0,0,0,63,"PHI","PHI","NY1",1,"F","F",7,10,1,28,2,"T","F",0,0,"T","T","willc103","harpg101","F","F",0,0,0,0,0,0,0,0,0,"","","",0,0,0,0,0,0,0,0,0,0,0,0,0,"soutb101","F","F","F","F",0,0,0,0,0,0,0,0,0,0,F,F,"1925PHI.EVN.regular.event.csv",5023
"PHI192509050","NY1",6,1,2,0,0,"",10,7,"willc103","?","willc103","?","deanw101","?","deanw101","?","snydf101","terrb101","frisf101","lindf101","farrd101","kellg101","soutb101","meusi101","","","","W","F","F",9,3,14,"T","F",0,"F","F",0,"F","F",0,"F","F",0,"","F","F","",0,0,"N",0,"N",0,"N",1,0,0,0,"","","","","F","F","F","F","F","F","F","F","F","","","","F","F","F","F","F","","","","",0,0,0,0,0,0,0,0,0,64,"PHI","PHI","NY1",1,"F","F",7,10,1,29,3,"T","F",0,1,"T","T","harpg101","hawkc101","F","F",0,0,0,0,0,0,0,0,0,"","","",0,0,0,0,0,0,0,0,0,0,0,0,0,"","F","F","F","F",0,0,0,0,0,0,0,0,0,0,F,F,"1925PHI.EVN.regular.event.csv",5024
"PHI192509050","NY1",6,1,2,0,0,"",10,7,"harpg101","?","harpg101","?","deanw101","?","deanw101","?","snydf101","terrb101","frisf101","lindf101","farrd101","kellg101","soutb101","meusi101","willc103","","","46(1)/FO","F","F",7,4,2,"T","T",0,"F","F",1,"F","F",0,"F","F",4,"G","F","F","",0,0,"N",0,"N",0,"N",1,0,0,0,"","46","","","F","F","F","F","F","F","F","F","F","deanw101","","","F","F","F","F","F","","","","",0,6,0,0,4,0,0,0,0,65,"PHI","PHI","NY1",1,"F","T",7,10,1,30,4,"T","F",1,1,"T","T","hawkc101","wrigr102","F","F",9,3,64,0,0,0,0,0,0,"snydf101","","",0,0,0,0,0,0,0,0,0,0,0,0,0,"frisf101","T","F","F","F",1,0,0,0,0,0,0,0,0,0,F,F,"1925PHI.EVN.regular.event.csv",5025
"PHI192509050","NY1",7,0,0,0,0,"",10,7,"farrd101","?","farrd101","?","knigj103","?","knigj103","?","wilsj105","hawkc101","metzl101","wrigr102","sandh101","harpg101","leacf101","willc103","","","","63","T","F",6,7,2,"T","T",0,"F","F",1,"F","F",0,"F","F",6,"G","F","F","",0,0,"N",0,"N",0,"N",0,0,0,0,"63","","","","F","F","F","F","F","F","F","F","F","","","","F","F","F","F","F","","","","",0,3,0,0,6,0,0,0,0,66,"PHI","NY1","PHI",0,"T","F",10,7,0,33,0,"T","F",0,0,"F","F","snydf101","deanw101","F","F",0,0,0,0,0,0,0,0,0,"","","",0,0,0,0,0,0,0,0,0,0,0,0,0,"sandh101","F","F","F","F",0,0,0,0,2,0,0,0,0,0,F,F,"1925PHI.EVN.regular.event.csv",5026
"PHI192509050","NY1",7,0,1,0,0,"",10,7,"snydf101","?","snydf101","?","knigj103","?","knigj103","?","wilsj105","hawkc101","metzl101","wrigr102","sandh101","harpg101","leacf101","willc103","","","","S1/G","F","F",2,8,20,"T","T",1,"F","F",0,"F","F",0,"F","F",1,"G","F","F","",0,0,"N",0,"N",0,"N",1,0,0,0,"","","","","F","F","F","F","F","F","F","F","F","","","","F","F","F","F","F","","","","",0,0,0,0,0,0,0,0,0,67,"PHI","NY1","PHI",0,"F","F",10,7,0,34,1,"T","F",0,1,"T","T","deanw101","soutb101","F","F",0,0,0,0,0,0,0,0,0,"","","",0,0,0,0,0,0,0,0,0,0,0,0,0,"knigj103","F","F","F","F",4,0,0,0,2,0,0,0,0,0,F,F,"1925PHI.EVN.regular.event.csv",5027
"PHI192509050","NY1",7,0,1,0,0,"",10,7,"deanw101","?","deanw101","?","knigj103","?","knigj103","?","wilsj105","hawkc101","metzl101","wrigr102","sandh101","harpg101","leacf101","willc103","snydf101","","","S8.1-2","F","F",1,9,20,"T","T",1,"F","F",0,"F","F",0,"F","F",8,"","F","F","",0,0,"N",0,"N",0,"N",1,2,0,0,"","","","","F","F","F","F","F","F","F","F","F","knigj103","","","F","F","F","F","F","","","","",0,0,0,0,0,0,0,0,0,68,"PHI","NY1","PHI",0,"F","F",10,7,0,35,2,"T","F",1,3,"F","F","soutb101","frisf101","F","F",2,8,67,0,0,0,0,0,0,"wilsj105","","",0,0,0,0,0,0,0,0,0,0,0,0,0,"leacf101","F","F","F","F",5,4,0,0,2,0,0,0,0,0,F,F,"1925PHI.EVN.regular.event.csv",5028
"PHI192509050","NY1",7,0,1,0,0,"",10,7,"soutb101","?","soutb101","?","knigj103","?","knigj103","?","wilsj105","hawkc101","metzl101","wrigr102","sandh101","harpg101","leacf101","willc103","deanw101","snydf101","","S7.2-H;1-3(E7/THH);B-2(THH)","F","F",8,1,20,"T","T",1,"F","F",0,"F","F",1,"F","F",7,"","F","F","",1,7,"T",0,"N",0,"N",2,3,4,0,"","","","","F","F","F","F","F","F","F","F","F","knigj103","knigj103","","F","F","F","F","F","","","","",0,0,0,0,0,0,0,0,0,69,"PHI","NY1","PHI",0,"F","F",10,7,0,36,3,"T","F",3,6,"T","T","frisf101","meusi101","F","F",1,9,68,2,8,67,0,0,0,"wilsj105","wilsj105","",0,0,0,0,0,0,0,0,0,0,0,0,1,"harpg101","F","F","F","F",0,5,4,0,1,0,0,0,0,0,F,F,"1925PHI.EVN.regular.event.csv",5029
"PHI192509050","NY1",7,0,1,0,0,"",11,7,"frisf101","?","frisf101","?","knigj103","?","knigj103","?","wilsj105","hawkc101","metzl101","wrigr102","sandh101","harpg101","leacf101","willc103","","soutb101","deanw101","43.3-H(UR);2-3","F","F",4,2,2,"T","T",0,"F","F",1,"F","F",1,"F","F",4,"G","F","F","",0,0,"N",0,"N",0,"N",0,0,3,5,"43","","","","F","F","F","F","F","F","F","F","F","","knigj103","knigj103","F","F","F","F","F","","","","",0,3,0,0,4,0,0,0,0,70,"PHI","NY1","PHI",0,"F","F",11,7,1,37,4,"T","F",6,4,"T","T","meusi101","terrb101","F","F",0,0,0,8,1,69,1,9,68,"","wilsj105","wilsj105",0,0,0,0,0,0,0,0,0,0,0,0,1,"metzl101","F","F","F","F",0,0,0,5,0,0,0,0,0,0,F,F,"1925PHI.EVN.regular.event.csv",5030
"PHI192509050","NY1",7,0,2,0,0,"",12,7,"meusi101","?","meusi101","?","knigj103","?","knigj103","?","wilsj105","hawkc101","metzl101","wrigr102","sandh101","harpg101","leacf101","willc103","","","soutb101","W","F","F",9,3,14,"T","F",0,"F","F",0,"F","F",0,"F","F",0,"","F","F","",0,0,"N",0,"N",0,"N",1,0,0,3,"","","","","F","F","F","F","F","F","F","F","F","","","knigj103","F","F","F","F","F","","","","",0,0,0,0,0,0,0,0,0,71,"PHI","NY1","PHI",0,"F","F",12,7,2,38,5,"T","F",4,5,"T","T","terrb101","kellg101","F","F",0,0,0,0,0,0,8,1,69,"","","wilsj105",0,0,0,0,0,0,0,0,0,0,0,0,0,"","F","F","F","F",0,0,0,0,0,0,0,0,0,0,F,F,"1925PHI.EVN.regular.event.csv",5031
"PHI192509050","NY1",7,0,2,0,0,"",12,7,"terrb101","?","terrb101","?","knigj103","?","knigj103","?","wilsj105","hawkc101","metzl101","wrigr102","sandh101","harpg101","leacf101","willc103","meusi101","","soutb101","13","F","F",3,4,2,"T","T",0,"F","F",1,"F","F",0,"F","F",1,"G","F","F","",0,0,"N",0,"N",0,"N",0,1,0,3,"13","","","","F","F","F","F","F","F","F","F","F","knigj103","","knigj103","F","F","F","F","F","","","","",0,3,0,0,1,0,0,0,0,72,"PHI","NY1","PHI",0,"F","T",12,7,2,39,6,"T","F",5,5,"T","T","kellg101","lindf101","F","F",9,3,71,0,0,0,8,1,69,"wilsj105","","wilsj105",0,0,0,0,0,0,0,0,0,0,0,0,0,"knigj103","F","F","F","F",0,0,0,0,0,0,0,0,0,0,F,F,"1925PHI.EVN.regular.event.csv",5032
"PHI192509050","NY1",7,1,0,0,0,"",12,7,"hawkc101","?","hawkc101","?","deanw101","?","deanw101","?","snydf101","terrb101","frisf101","lindf101","farrd101","kellg101","soutb101","meusi101","","","","8/L","T","F",3,5,2,"T","T",0,"F","F",1,"F","F",0,"F","F",8,"L","F","F","",0,0,"N",0,"N",0,"N",0,0,0,0,"8","","","","F","F","F","F","F","F","F","F","F","","","","F","F","F","F","F","","","","",0,8,0,0,0,0,0,0,0,73,"PHI","PHI","NY1",1,"T","F",7,12,0,31,0,"T","F",0,0,"T","T","wrigr102","wilsj105","F","F",0,0,0,0,0,0,0,0,0,"","","",0,0,0,0,0,0,0,0,0,0,0,0,0,"soutb101","F","F","F","F",0,0,0,0,0,0,0,0,0,0,F,F,"1925PHI.EVN.regular.event.csv",5033
"PHI192509050","NY1",7,1,1,0,0,"",12,7,"wrigr102","?","wrigr102","?","deanw101","?","deanw101","?","snydf101","terrb101","frisf101","lindf101","farrd101","kellg101","soutb101","meusi101","","","","S8","F","F",5,6,20,"T","T",1,"F","F",0,"F","F",0,"F","F",8,"","F","F","",0,0,"N",0,"N",0,"N",1,0,0,0,"","","","","F","F","F","F","F","F","F","F","F","","","","F","F","F","F","F","","","","",0,0,0,0,0,0,0,0,0,74,"PHI","PHI","NY1",1,"F","F",7,12,0,32,1,"T","F",0,1,"T","T","wilsj105","metzl101","F","F",0,0,0,0,0,0,0,0,0,"","","",0,0,0,0,0,0,0,0,0,0,0,0,0,"soutb101","F","F","F","F",2,0,0,0,0,0,0,0,0,0,F,F,"1925PHI.EVN.regular.event.csv",5034
"PHI192509050","NY1",7,1,1,0,0,"",12,7,"wilsj105","?","wilsj105","?","deanw101","?","deanw101","?","snydf101","terrb101","frisf101","lindf101","farrd101","kellg101","soutb101","meusi101","wrigr102","","","W.1-2","F","F",2,7,14,"T","F",0,"F","F",0,"F","F",0,"F","F",0,"","F","F","",0,0,"N",0,"N",0,"N",1,2,0,0,"","","","","F","F","F","F","F","F","F","F","F","deanw101","","","F","F","F","F","F","","","","",0,0,0,0,0,0,0,0,0,75,"PHI","PHI","NY1",1,"F","F",7,12,0,33,2,"T","F",1,3,"T","T","metzl101","knigj103","F","F",5,6,74,0,0,0,0,0,0,"snydf101","","",0,0,0,0,0,0,0,0,0,0,0,0,0,"","F","F","F","F",1,2,0,0,0,0,0,0,0,0,F,F,"1925PHI.EVN.regular.event.csv",5035
"PHI192509050","NY1",7,1,1,0,0,"",12,7,"mitcc102","?","mitcc102","?","deanw101","?","deanw101","?","snydf101","terrb101","frisf101","lindf101","farrd101","kellg101","soutb101","meusi101","wilsj105","wrigr102","","8/F","F","T",11,8,2,"T","T",0,"F","F",1,"F","F",0,"F","F",8,"F","F","F","",0,0,"N",0,"N",0,"N",0,1,2,0,"8","","","","F","F","F","F","F","F","F","F","F","deanw101","deanw101","","F","F","F","F","F","","","","metzl101",4,8,0,0,0,0,0,0,0,76,"PHI","PHI","NY1",1,"F","F",7,12,0,34,3,"T","F",3,3,"F","F","knigj103","sandh101","F","F",2,7,75,5,6,74,0,0,0,"snydf101","snydf101","",0,0,0,0,0,0,0,0,0,0,0,0,0,"soutb101","F","F","F","F",0,1,2,0,0,0,0,0,0,0,F,F,"1925PHI.EVN.regular.event.csv",5036
"PHI192509050","NY1",7,1,2,0,0,"",12,7,"knigj103","?","knigj103","?","deanw101","?","deanw101","?","snydf101","terrb101","frisf101","lindf101","farrd101","kellg101","soutb101","meusi101","wilsj105","wrigr102","","K","F","F",1,9,3,"T","T",0,"F","F",1,"F","F",0,"F","F",0,"","F","F","",0,0,"N",0,"N",0,"N",0,1,2,0,"2","","","","F","F","F","F","F","F","F","F","F","deanw101","deanw101","","F","F","F","F","F","","","","",0,2,0,0,0,0,0,0,0,77,"PHI","PHI","NY1",1,"F","T",7,12,0,35,4,"T","F",3,3,"F","F","sandh101","leacf101","F","F",2,7,75,5,6,74,0,0,0,"snydf101","snydf101","",0,0,0,0,0,0,0,0,0,0,0,0,0,"","F","F","F","F",0,1,2,0,0,0,0,0,0,0,F,F,"1925PHI.EVN.regular.event.csv",5037
"PHI192509050","NY1",8,0,0,0,0,"",12,7,"kellg101","?","kellg101","?","knigj103","?","knigj103","?","wilsj105","hawkc101","fribb101","wrigr102","sandh101","harpg101","leacf101","willc103","","","","D7","T","F",7,5,21,"T","T",2,"F","F",0,"F","F",0,"F","F",7,"","F","F","",0,0,"N",0,"N",0,"N",2,0,0,0,"","","","","F","F","F","F","F","F","F","F","F","","","","F","F","F","F","F","","","","",0,0,0,0,0,0,0,0,0,78,"PHI","NY1","PHI",0,"T","F",12,7,0,40,0,"T","F",0,2,"T","T","lindf101","farrd101","F","F",0,0,0,0,0,0,0,0,0,"","","",0,0,0,0,0,0,0,0,0,0,0,0,0,"harpg101","F","F","F","F",4,0,0,0,1,0,0,0,0,0,F,F,"1925PHI.EVN.regular.event.csv",5038
"PHI192509050","NY1",8,0,0,0,0,"",12,7,"lindf101","?","lindf101","?","knigj103","?","knigj103","?","wilsj105","hawkc101","fribb101","wrigr102","sandh101","harpg101","leacf101","willc103","","kellg101","","3/SH.2-3","F","F",5,6,2,"T","F",0,"T","F",1,"F","F",0,"F","F",3,"G","T","F","",0,0,"N",0,"N",0,"N",0,0,3,0,"3","","","","F","F","F","F","F","F","F","F","F","","knigj103","","F","F","F","F","F","","","","",0,3,0,0,0,0,0,0,0,79,"PHI","NY1","PHI",0,"F","F",12,7,0,41,1,"T","F",2,4,"T","T","farrd101","snydf101","F","F",0,0,0,7,5,78,0,0,0,"","wilsj105","",0,0,0,0,0,0,0,0,0,0,0,0,0,"hawkc101","F","F","F","F",0,0,4,0,1,0,0,0,0,0,F,F,"1925PHI.EVN.regular.event.csv",5039
"PHI192509050","NY1",8,0,1,0,0,"",12,7,"farrd101","?","farrd101","?","knigj103","?","knigj103","?","wilsj105","hawkc101","fribb101","wrigr102","sandh101","harpg101","leacf101","willc103","","","kellg101","53/G5S.3-H","F","F",6,7,2,"T","T",0,"F","F",1,"F","F",1,"F","F",5,"G","F","F","5S",0,0,"N",0,"N",0,"N",0,0,0,4,"53","","","","F","F","F","F","F","F","F","F","F","","","knigj103","F","F","F","F","F","","","","",0,3,0,0,5,0,0,0,0,80,"PHI","NY1","PHI",0,"F","F",12,7,0,42,2,"T","F",4,0,"F","F","snydf101","deanw101","F","F",0,0,0,0,0,0,7,5,78,"","","wilsj105",0,0,0,0,0,0,0,0,0,0,0,0,1,"wrigr102","F","F","F","F",0,0,0,4,0,0,0,0,0,0,F,F,"1925PHI.EVN.regular.event.csv",5040
"PHI192509050","NY1",8,0,2,0,0,"",13,7,"snydf101","?","snydf101","?","knigj103","?","knigj103","?","wilsj105","hawkc101","fribb101","wrigr102","sandh101","harpg101","leacf101","willc103","","","","8/F","F","F",2,8,2,"T","T",0,"F","F",1,"F","F",0,"F","F",8,"F","F","F","",0,0,"N",0,"N",0,"N",0,0,0,0,"8","","","","F","F","F","F","F","F","F","F","F","","","","F","F","F","F","F","","","","",0,8,0,0,0,0,0,0,0,81,"PHI","NY1","PHI",0,"F","T",13,7,1,43,3,"T","F",0,0,"T","T","deanw101","soutb101","F","F",0,0,0,0,0,0,0,0,0,"","","",0,0,0,0,0,0,0,0,0,0,0,0,0,"leacf101","F","F","F","F",0,0,0,0,0,0,0,0,0,0,F,F,"1925PHI.EVN.regular.event.csv",5041
"PHI192509050","NY1",8,1,0,0,0,"",13,7,"sandh101","?","sandh101","?","deanw101","?","deanw101","?","snydf101","terrb101","frisf101","lindf101","farrd101","kellg101","soutb101","meusi101","","","","K","T","F",6,1,3,"T","T",0,"F","F",1,"F","F",0,"F","F",0,"","F","F","",0,0,"N",0,"N",0,"N",0,0,0,0,"2","","","","F","F","F","F","F","F","F","F","F","","","","F","F","F","F","F","","","","",0,2,0,0,0,0,0,0,0,82,"PHI","PHI","NY1",1,"T","F",7,13,0,36,0,"T","F",0,0,"T","T","leacf101","willc103","F","F",0,0,0,0,0,0,0,0,0,"","","",0,0,0,0,0,0,0,0,0,0,0,0,0,"","F","F","F","F",0,0,0,0,1,0,0,0,0,0,F,F,"1925PHI.EVN.regular.event.csv",5042
"PHI192509050","NY1",8,1,1,0,0,"",13,7,"leacf101","?","leacf101","?","deanw101","?","deanw101","?","snydf101","terrb101","frisf101","lindf101","farrd101","kellg101","soutb101","meusi101","","","","S3/G","F","F",8,2,20,"T","T",1,"F","F",0,"F","F",0,"F","F",3,"G","F","F","",0,0,"N",0,"N",0,"N",1,0,0,0,"","","","","F","F","F","F","F","F","F","F","F","","","","F","F","F","F","F","","","","",0,0,0,0,0,0,0,0,0,83,"PHI","PHI","NY1",1,"F","F",7,13,0,37,1,"T","F",0,1,"T","T","willc103","harpg101","F","F",0,0,0,0,0,0,0,0,0,"","","",0,0,0,0,0,0,0,0,0,0,0,0,0,"terrb101","F","F","F","F",5,0,0,0,1,0,0,0,0,0,F,F,"1925PHI.EVN.regular.event.csv",5043
"PHI192509050","NY1",8,1,1,0,0,"",13,7,"willc103","?","willc103","?","deanw101","?","deanw101","?","snydf101","terrb101","frisf101","lindf101","farrd101","kellg101","soutb101","meusi101","leacf101","","","E4/TH1.1-3;B-2","F","F",9,3,18,"T","T",0,"F","F",0,"F","F",0,"F","F",4,"G","F","F","",1,4,"T",0,"N",0,"N",2,3,0,0,"","","","","F","F","F","F","F","F","F","F","F","deanw101","","","F","F","F","F","F","","","","",0,0,0,0,0,0,0,0,0,84,"PHI","PHI","NY1",1,"F","F",7,13,0,38,2,"T","F",1,6,"T","T","harpg101","hawkc101","F","F",8,2,83,0,0,0,0,0,0,"snydf101","","",0,0,0,0,0,0,0,0,0,0,0,0,0,"frisf101","F","F","F","T",0,5,0,0,1,0,0,0,0,0,F,F,"1925PHI.EVN.regular.event.csv",5044
"PHI192509050","NY1",8,1,1,0,0,"",13,7,"harpg101","?","harpg101","?","deanw101","?","deanw101","?","snydf101","terrb101","frisf101","lindf101","farrd101","kellg101","soutb101","meusi101","","willc103","leacf101","63.3-H(UR);2-3","F","F",7,4,2,"T","T",0,"F","F",1,"F","F",1,"F","F",6,"G","F","F","",0,0,"N",0,"N",0,"N",0,0,3,5,"63","","","","F","F","F","F","F","F","F","F","F","","deanw101","deanw101","F","F","F","F","F","","","","",0,3,0,0,6,0,0,0,0,85,"PHI","PHI","NY1",1,"F","F",7,13,0,39,3,"T","F",6,4,"T","T","hawkc101","wrigr102","F","F",0,0,0,9,3,84,8,2,83,"","snydf101","snydf101",0,0,0,0,0,0,0,0,0,0,0,0,1,"farrd101","F","F","F","F",0,0,0,5,0,0,0,0,0,0,F,F,"1925PHI.EVN.regular.event.csv",5045
"PHI192509050","NY1",8,1,2,0,0,"",13,8,"hawkc101","?","hawkc101","?","deanw101","?","deanw101","?","snydf101","terrb101","frisf101","lindf101","farrd101","kellg101","soutb101","meusi101","","","willc103","7/F","F","F",3,5,2,"T","T",0,"F","F",1,"F","F",0,"F","F",7,"F","F","F","",0,0,"N",0,"N",0,"N",0,0,0,3,"7","","","","F","F","F","F","F","F","F","F","F","","","deanw101","F","F","F","F","F","","","","",0,7,0,0,0,0,0,0,0,86,"PHI","PHI","NY1",1,"F","T",8,13,1,40,4,"T","F",4,4,"T","T","wrigr102","wilsj105","F","F",0,0,0,0,0,0,9,3,84,"","","snydf101",0,0,0,0,0,0,0,0,0,0,0,0,0,"kellg101","F","F","F","F",0,0,0,0,0,0,0,0,0,0,F,F,"1925PHI.EVN.regular.event.csv",5046
"PHI192509050","NY1",9,0,0,0,0,"",13,8,"deanw101","?","deanw101","?","knigj103","?","knigj103","?","wilsj105","hawkc101","fribb101","wrigr102","sandh101","harpg101","leacf101","willc103","","","","W","T","F",1,9,14,"T","F",0,"F","F",0,"F","F",0,"F","F",0,"","F","F","",0,0,"N",0,"N",0,"N",1,0,0,0,"","","","","F","F","F","F","F","F","F","F","F","","","","F","F","F","F","F","","","","",0,0,0,0,0,0,0,0,0,87,"PHI","NY1","PHI",0,"T","F",13,8,0,44,0,"T","F",0,1,"F","F","soutb101","frisf101","F","F",0,0,0,0,0,0,0,0,0,"","","",0,0,0,0,0,0,0,0,0,0,0,0,0,"","F","F","F","F",4,0,0,0,1,0,0,0,0,0,F,F,"1925PHI.EVN.regular.event.csv",5047
"PHI192509050","NY1",9,0,0,0,0,"",13,8,"soutb101","?","soutb101","?","knigj103","?","knigj103","?","wilsj105","hawkc101","fribb101","wrigr102","sandh101","harpg101","leacf101","willc103","deanw101","","","S9.1-2","F","F",8,1,20,"T","T",1,"F","F",0,"F","F",0,"F","F",9,"","F","F","",0,0,"N",0,"N",0,"N",1,2,0,0,"","","","","F","F","F","F","F","F","F","F","F","knigj103","","","F","F","F","F","F","","","","",0,0,0,0,0,0,0,0,0,88,"PHI","NY1","PHI",0,"F","F",13,8,0,45,1,"T","F",1,3,"T","T","frisf101","meusi101","F","F",1,9,87,0,0,0,0,0,0,"wilsj105","","",0,0,0,0,0,0,0,0,0,0,0,0,0,"willc103","F","F","F","F",0,4,0,0,1,0,0,0,0,0,F,F,"1925PHI.EVN.regular.event.csv",5048
"PHI192509050","NY1",9,0,0,0,0,"",13,8,"frisf101","?","frisf101","?","coucj101","?","coucj101","?","wilsj105","hawkc101","fribb101","wrigr102","sandh101","harpg101","leacf101","willc103","soutb101","deanw101","","W.2-3;1-2","F","F",4,2,14,"T","F",0,"F","F",0,"F","F",0,"F","F",0,"","F","F","",0,0,"N",0,"N",0,"N",1,2,3,0,"","","","","F","F","F","F","F","F","F","F","F","knigj103","knigj103","","F","F","F","F","F","","","","",0,0,0,0,0,0,0,0,0,89,"PHI","NY1","PHI",0,"F","F",13,8,0,46,2,"T","F",3,7,"T","T","meusi101","terrb101","F","F",8,1,88,1,9,87,0,0,0,"wilsj105","wilsj105","",0,0,0,0,0,0,0,0,0,0,0,0,0,"","F","F","F","F",0,0,4,0,1,0,0,0,0,0,F,F,"1925PHI.EVN.regular.event.csv",5049
"PHI192509050","NY1",9,0,0,0,0,"",13,8,"meusi101","?","meusi101","?","coucj101","?","coucj101","?","wilsj105","hawkc101","fribb101","wrigr102","sandh101","harpg101","leacf101","willc103","frisf101","soutb101","deanw101","43.3-H;2-3;1-2","F","F",9,3,2,"T","T",0,"F","F",1,"F","F",1,"F","F",4,"G","F","F","",0,0,"N",0,"N",0,"N",0,2,3,4,"43","","","","F","F","F","F","F","F","F","F","F","coucj101","knigj103","knigj103","F","F","F","F","F","","","","",0,3,0,0,4,0,0,0,0,90,"PHI","NY1","PHI",0,"F","F",13,8,0,47,3,"T","F",7,6,"T","T","terrb101","kellg101","F","F",4,2,89,8,1,88,1,9,87,"wilsj105","wilsj105","wilsj105",0,0,0,0,0,0,0,0,0,0,0,0,1,"fribb101","F","F","F","F",0,0,0,4,0,0,0,0,0,0,F,F,"1925PHI.EVN.regular.event.csv",5050
"PHI192509050","NY1",9,0,1,0,0,"",14,8,"terrb101","?","terrb101","?","coucj101","?","coucj101","?","wilsj105","hawkc101","fribb101","wrigr102","sandh101","harpg101","leacf101","willc103","","frisf101","soutb101","K","F","F",3,4,3,"T","T",0,"F","F",1,"F","F",0,"F","F",0,"","F","F","",0,0,"N",0,"N",0,"N",0,0,2,3,"2","","","","F","F","F","F","F","F","F","F","F","","coucj101","knigj103","F","F","F","F","F","","","","",0,2,0,0,0,0,0,0,0,91,"PHI","NY1","PHI",0,"F","F",14,8,1,48,4,"T","F",6,6,"T","T","kellg101","lindf101","F","F",0,0,0,4,2,89,8,1,88,"","wilsj105","wilsj105",0,0,0,0,0,0,0,0,0,0,0,0,0,"","F","F","F","F",0,0,0,0,0,0,0,0,0,0,F,F,"1925PHI.EVN.regular.event.csv",5051
"PHI192509050","NY1",9,0,2,0,0,"",14,8,"kellg101","?","kellg101","?","coucj101","?","coucj101","?","wilsj105","hawkc101","fribb101","wrigr102","sandh101","harpg101","leacf101","willc103","","frisf101","soutb101","6/P","F","F",7,5,2,"T","T",0,"F","F",1,"F","F",0,"F","F",6,"P","F","F","",0,0,"N",0,"N",0,"N",0,0,2,3,"6","","","","F","F","F","F","F","F","F","F","F","","coucj101","knigj103","F","F","F","F","F","","","","",0,6,0,0,0,0,0,0,0,92,"PHI","NY1","PHI",0,"F","T",14,8,1,49,5,"T","F",6,6,"T","T","lindf101","farrd101","F","F",0,0,0,4,2,89,8,1,88,"","wilsj105","wilsj105",0,0,0,0,0,0,0,0,0,0,0,0,0,"sandh101","F","F","F","F",0,0,0,0,0,0,0,0,0,0,F,F,"1925PHI.EVN.regular.event.csv",5052
"PHI192509050","NY1",9,1,0,0,0,"",14,8,"wrigr102","?","wrigr102","?","deanw101","?","deanw101","?","snydf101","terrb101","frisf101","lindf101","farrd101","kellg101","soutb101","meusi101","","","","HR/F9D","T","F",5,6,23,"T","T",4,"F","F",0,"F","F",1,"F","F",0,"F","F","F","9D",0,0,"N",0,"N",0,"N",4,0,0,0,"","","","","F","F","F","F","F","F","F","F","F","","","","F","F","F","F","F","","","","",0,0,0,0,0,0,0,0,0,93,"PHI","PHI","NY1",1,"T","F",8,14,0,41,0,"T","F",0,0,"T","T","wilsj105","fribb101","F","F",0,0,0,0,0,0,0,0,0,"","","",0,0,0,0,0,0,0,0,0,0,0,0,1,"","F","F","F","F",4,0,0,0,1,0,0,0,0,0,F,F,"1925PHI.EVN.regular.event.csv",5053
"PHI192509050","NY1",9,1,0,0,0,"",14,9,"wilsj105","?","wilsj105","?","deanw101","?","deanw101","?","snydf101","terrb101","frisf101","lindf101","farrd101","kellg101","soutb101","meusi101","","","","D9","F","F",2,7,21,"T","T",2,"F","F",0,"F","F",0,"F","F",9,"","F","F","",0,0,"N",0,"N",0,"N",2,0,0,0,"","","","","F","F","F","F","F","F","F","F","F","","","","F","F","F","F","F","","","","",0,0,0,0,0,0,0,0,0,94,"PHI","PHI","NY1",1,"F","F",9,14,1,42,1,"T","F",0,2,"T","T","fribb101","coucj101","F","F",0,0,0,0,0,0,0,0,0,"","","",0,0,0,0,0,0,0,0,0,0,0,0,0,"meusi101","F","F","F","F",4,0,0,0,1,0,0,0,0,0,F,F,"1925PHI.EVN.regular.event.csv",5054
"PHI192509050","NY1",9,1,0,0,0,"",14,9,"fribb101","?","fribb101","?","deanw101","?","deanw101","?","snydf101","terrb101","frisf101","lindf101","farrd101","kellg101","soutb101","meusi101","","wilsj105","","S9.2-3","F","F",4,8,20,"T","T",1,"F","F",0,"F","F",0,"F","F",9,"","F","F","",0,0,"N",0,"N",0,"N",1,0,3,0,"","","","","F","F","F","F","F","F","F","F","F","","deanw101","","F","F","F","F","F","","","","",0,0,0,0,0,0,0,0,0,95,"PHI","PHI","NY1",1,"F","F",9,14,1,43,2,"T","F",2,5,"F","F","coucj101","sandh101","F","F",0,0,0,2,7,94,0,0,0,"","snydf101","",0,0,0,0,0,0,0,0,0,0,0,0,0,"meusi101","F","F","F","F",0,0,4,0,1,0,0,0,0,0,F,F,"1925PHI.EVN.regular.event.csv",5055
"PHI192509050","NY1",9,1,0,0,0,"",14,9,"hubec101","?","hubec101","?","deanw101","?","deanw101","?","snydf101","terrb101","frisf101","lindf101","farrd101","kellg101","soutb101","meusi101","fribb101","","wilsj105","64(1)/FO.3-H","F","T",11,9,2,"T","T",0,"F","F",1,"F","F",1,"F","F",6,"G","F","F","",0,0,"N",0,"N",0,"N",1,0,0,4,"","64","","","F","F","F","F","F","F","F","F","F","deanw101","","deanw101","F","F","F","F","F","","","","coucj101",1,4,0,0,6,0,0,0,0,96,"PHI","PHI","NY1",1,"F","F",9,14,1,44,3,"T","F",5,1,"F","F","sandh101","leacf101","F","F",4,8,95,0,0,0,2,7,94,"snydf101","","snydf101",0,0,0,0,0,0,0,0,0,0,0,0,1,"farrd101","T","F","F","F",3,0,0,4,0,0,0,0,0,0,F,F,"1925PHI.EVN.regular.event.csv",5056
"PHI192509050","NY1",9,1,1,0,0,"",14,10,"fonsl101","?","fonsl101","?","deanw101","?","deanw101","?","snydf101","terrb101","frisf101","lindf101","farrd101","kellg101","soutb101","meusi101","hubec101","","","S9.1-3;BX2(94)","F","T",11,1,20,"T","T",1,"F","F",1,"F","F",0,"F","F",9,"","F","F","",0,0,"N",0,"N",0,"N",0,3,0,0,"94","","","","F","F","F","F","F","F","F","F","F","deanw101","","","F","F","F","F","F","","","","sandh101",6,4,0,0,9,0,0,0,0,97,"PHI","PHI","NY1",1,"F","F",10,14,2,45,4,"T","F",1,4,"F","F","leacf101","willc103","F","F",11,9,96,0,0,0,0,0,0,"snydf101","","",0,0,0,0,0,0,0,0,0,0,0,0,0,"meusi101","F","F","F","F",0,3,0,0,0,0,0,0,0,0,F,F,"1925PHI.EVN.regular.event.csv",5057
"PHI192509050","NY1",9,1,2,0,0,"",14,10,"leacf101","?","leacf101","?","deanw101","?","deanw101","?","snydf101","terrb101","frisf101","lindf101","farrd101","kellg101","soutb101","meusi101","","","hubec101","8/F","F","F",8,2,2,"T","T",0,"F","F",1,"F","F",0,"F","F",8,"F","F","F","",0,0,"N",0,"N",0,"N",0,0,0,3,"8","","","","F","F","F","F","F","F","F","F","F","","","deanw101","F","T","F","F","F","","","","",0,8,0,0,0,0,0,0,0,98,"PHI","PHI","NY1",1,"F","T",10,14,2,46,5,"T","F",4,4,"T","T","willc103","harpg101","F","F",0,0,0,0,0,0,0,9,96,"","","snydf101",0,0,0,0,0,0,0,0,0,0,0,0,0,"soutb101","F","F","F","F",0,0,0,3,0,0,0,0,0,0,F,F,"1925PHI.EVN.regular.event.csv",5058
"PHI192509290","BRO",1,0,0,0,0,"",0,0,"johnj107","?","johnj107","?","pierr101","?","pierr101","?","henlb101","fonsl101","fribb101","hubec101","sandh101","harpg101","leacf101","willc103","","","","53","T","F",5,1,2,"T","T",0,"F","F",1,"F","F",0,"F","F",5,"G","F","F","",0,0,"N",0,"N",0,"N",0,0,0,0,"53","","","","F","F","F","F","F","F","F","F","F","","","","T","F","F","F","F","","","","",0,3,0,0,5,0,0,0,0,1,"PHI","BRO","PHI",0,"T","F",0,0,0,0,0,"T","F",0,0,"T","T","stocm101","wheaz101","T","T",0,0,0,0,0,0,0,0,0,"","","",0,0,0,0,0,0,0,0,0,0,0,0,0,"hubec101","F","F","F","F",0,0,0,0,0,0,0,0,0,0,F,F,"1925PHI.EVN.regular.event.csv",5059
"PHI192509290","BRO",1,0,1,0,0,"",0,0,"stocm101","?","stocm101","?","pierr101","?","pierr101","?","henlb101","fonsl101","fribb101","hubec101","sandh101","harpg101","leacf101","willc103","","","","9/F","F","F",4,2,2,"T","T",0,"F","F",1,"F","F",0,"F","F",9,"F","F","F","",0,0,"N",0,"N",0,"N",0,0,0,0,"9","","","","F","F","F","F","F","F","F","F","F","","","","F","F","F","F","F","","","","",0,9,0,0,0,0,0,0,0,2,"PHI","BRO","PHI",0,"F","F",0,0,0,1,1,"T","F",0,0,"T","T","wheaz101","fourj101","T","T",0,0,0,0,0,0,0,0,0,"","","",0,0,0,0,0,0,0,0,0,0,0,0,0,"willc103","F","F","F","F",0,0,0,0,0,0,0,0,0,0,F,F,"1925PHI.EVN.regular.event.csv",5060
"PHI192509290","BRO",1,0,2,0,0,"",0,0,"wheaz101","?","wheaz101","?","pierr101","?","pierr101","?","henlb101","fonsl101","fribb101","hubec101","sandh101","harpg101","leacf101","willc103","","","","W","F","F",7,3,14,"T","F",0,"F","F",0,"F","F",0,"F","F",0,"","F","F","",0,0,"N",0,"N",0,"N",1,0,0,0,"","","","","F","F","F","F","F","F","F","F","F","","","","F","F","F","F","F","","","","",0,0,0,0,0,0,0,0,0,3,"PHI","BRO","PHI",0,"F","F",0,0,0,2,2,"T","F",0,1,"T","T","fourj101","browe102","T","T",0,0,0,0,0,0,0,0,0,"","","",0,0,0,0,0,0,0,0,0,0,0,0,0,"","F","F","F","F",0,0,0,0,0,0,0,0,0,0,F,F,"1925PHI.EVN.regular.event.csv",5061
"PHI192509290","BRO",1,0,2,0,0,"",0,0,"fourj101","?","fourj101","?","pierr101","?","pierr101","?","henlb101","fonsl101","fribb101","hubec101","sandh101","harpg101","leacf101","willc103","wheaz101","","","K","F","F",3,4,3,"T","T",0,"F","F",1,"F","F",0,"F","F",0,"","F","F","",0,0,"N",0,"N",0,"N",0,1,0,0,"2","","","","F","F","F","F","F","F","F","F","F","pierr101","","","F","F","F","F","F","","","","",0,2,0,0,0,0,0,0,0,4,"PHI","BRO","PHI",0,"F","T",0,0,0,3,3,"T","F",1,1,"T","T","browe102","cox-d101","T","T",7,3,3,0,0,0,0,0,0,"henlb101","","",0,0,0,0,0,0,0,0,0,0,0,0,0,"","F","F","F","F",0,0,0,0,0,0,0,0,0,0,F,F,"1925PHI.EVN.regular.event.csv",5062
"PHI192509290","BRO",1,1,0,0,0,"",0,0,"sandh101","?","sandh101","?","grimb101","?","grimb101","?","taylz101","fourj101","stocm101","johnj107","corgc101","wheaz101","browe102","cox-d101","","","","W","T","F",6,1,14,"T","F",0,"F","F",0,"F","F",0,"F","F",0,"","F","F","",0,0,"N",0,"N",0,"N",1,0,0,0,"","","","","F","F","F","F","F","F","F","F","F","","","","F","F","F","F","F","","","","",0,0,0,0,0,0,0,0,0,5,"PHI","PHI","BRO",1,"T","F",0,0,0,0,0,"T","F",0,1,"T","T","leacf101","willc103","T","T",0,0,0,0,0,0,0,0,0,"","","",0,0,0,0,0,0,0,0,0,0,0,0,0,"","F","F","F","F",4,0,0,0,4,0,0,0,0,0,F,F,"1925PHI.EVN.regular.event.csv",5063
"PHI192509290","BRO",1,1,0,0,0,"",0,0,"leacf101","?","leacf101","?","grimb101","?","grimb101","?","taylz101","fourj101","stocm101","johnj107","corgc101","wheaz101","browe102","cox-d101","sandh101","","","4/P","F","F",8,2,2,"T","T",0,"F","F",1,"F","F",0,"F","F",4,"P","F","F","",0,0,"N",0,"N",0,"N",0,1,0,0,"4","","","","F","F","F","F","F","F","F","F","F","grimb101","","","F","F","F","F","F","","","","",0,4,0,0,0,0,0,0,0,6,"PHI","PHI","BRO",1,"F","F",0,0,0,1,1,"T","F",1,1,"T","T","willc103","harpg101","T","T",6,1,5,0,0,0,0,0,0,"taylz101","","",0,0,0,0,0,0,0,0,0,0,0,0,0,"stocm101","F","F","F","F",0,4,0,0,4,0,0,0,0,0,F,F,"1925PHI.EVN.regular.event.csv",5064
"PHI192509290","BRO",1,1,1,0,0,"",0,0,"willc103","?","willc103","?","grimb101","?","grimb101","?","taylz101","fourj101","stocm101","johnj107","corgc101","wheaz101","browe102","cox-d101","sandh101","","","S9.1-2","F","F",9,3,20,"T","T",1,"F","F",0,"F","F",0,"F","F",9,"","F","F","",0,0,"N",0,"N",0,"N",1,2,0,0,"","","","","F","F","F","F","F","F","F","F","F","grimb101","","","F","F","F","F","F","","","","",0,0,0,0,0,0,0,0,0,7,"PHI","PHI","BRO",1,"F","F",0,0,0,2,2,"T","F",1,3,"T","T","harpg101","fonsl101","T","T",6,1,5,0,0,0,0,0,0,"taylz101","","",0,0,0,0,0,0,0,0,0,0,0,0,0,"cox-d101","F","F","F","F",4,4,0,0,4,0,0,0,0,0,F,F,"1925PHI.EVN.regular.event.csv",5065
"PHI192509290","BRO",1,1,1,0,0,"",0,0,"harpg101","?","harpg101","?","grimb101","?","grimb101","?","taylz101","fourj101","stocm101","johnj107","corgc101","wheaz101","browe102","cox-d101","willc103","sandh101","","S9.2-H;1-3","F","F",7,4,20,"T","T",1,"F","F",0,"F","F",1,"F","F",9,"","F","F","",0,0,"N",0,"N",0,"N",1,3,4,0,"","","","","F","F","F","F","F","F","F","F","F","grimb101","grimb101","","F","F","F","F","F","","","","",0,0,0,0,0,0,0,0,0,8,"PHI","PHI","BRO",1,"F","F",0,0,0,3,3,"T","F",3,5,"T","T","fonsl101","henlb101","T","T",9,3,7,6,1,5,0,0,0,"taylz101","taylz101","",0,0,0,0,0,0,0,0,0,0,0,0,1,"cox-d101","F","F","F","F",4,4,4,0,3,0,0,0,0,0,F,F,"1925PHI.EVN.regular.event.csv",5066
"PHI192509290","BRO",1,1,1,0,0,"",0,1,"fonsl101","?","fonsl101","?","grimb101","?","grimb101","?","taylz101","fourj101","stocm101","johnj107","corgc101","wheaz101","browe102","cox-d101","harpg101","","willc103","7/F","F","F",3,5,2,"T","T",0,"F","F",1,"F","F",0,"F","F",7,"F","F","F","",0,0,"N",0,"N",0,"N",0,1,0,3,"7","","","","F","F","F","F","F","F","F","F","F","grimb101","","grimb101","F","F","F","F","F","","","","",0,7,0,0,0,0,0,0,0,9,"PHI","PHI","BRO",1,"F","F",1,0,1,4,4,"T","F",5,5,"T","T","henlb101","hubec101","T","T",7,4,8,0,0,0,9,3,7,"taylz101","","taylz101",0,0,0,0,0,0,0,0,0,0,0,0,0,"wheaz101","F","F","F","F",0,4,0,4,3,0,0,0,0,0,F,F,"1925PHI.EVN.regular.event.csv",5067
"PHI192509290","BRO",1,1,2,0,0,"",0,1,"henlb101","?","henlb101","?","grimb101","?","grimb101","?","taylz101","fourj101","stocm101","johnj107","corgc101","wheaz101","browe102","cox-d101","harpg101","","willc103","D8/L8XDW.3-H;1-H","F","F",2,6,21,"T","T",2,"F","F",0,"F","F",2,"F","F",8,"L","F","F","8XDW",0,0,"N",0,"N",0,"N",2,4,0,4,"","","","","F","F","F","F","F","F","F","F","F","grimb101","","grimb101","F","F","F","F","F","","","","",0,0,0,0,0,0,0,0,0,10,"PHI","PHI","BRO",1,"F","F",1,0,1,5,5,"T","F",5,2,"T","T","hubec101","fribb101","T","T",7,4,8,0,0,0,9,3,7,"taylz101","","taylz101",0,0,0,0,0,0,0,0,0,0,0,0,2,"browe102","F","F","F","F",4,4,0,4,1,0,0,0,0,0,F,F,"1925PHI.EVN.regular.event.csv",5068
"PHI192509290","BRO",1,1,2,0,0,"",0,3,"hubec101","?","hubec101","?","grimb101","?","grimb101","?","taylz101","fourj101","stocm101","johnj107","corgc101","wheaz101","browe102","cox-d101","","henlb101","","S8.2-H","F","F",5,7,20,"T","T",1,"F","F",0,"F","F",1,"F","F",8,"","F","F","",0,0,"N",0,"N",0,"N",1,0,4,0,"","","","","F","F","F","F","F","F","F","F","F","","grimb101","","F","F","F","F","F","","","","",0,0,0,0,0,0,0,0,0,11,"PHI","PHI","BRO",1,"F","F",3,0,3,6,6,"T","F",2,1,"T","T","fribb101","pierr101","T","T",0,0,0,2,6,10,0,0,0,"","taylz101","",0,0,0,0,0,0,0,0,0,0,0,0,1,"browe102","F","F","F","F",0,0,4,0,0,0,0,0,0,0,F,F,"1925PHI.EVN.regular.event.csv",5069
"PHI192509290","BRO",1,1,2,0,0,"",0,4,"fribb101","?","fribb101","?","grimb101","?","grimb101","?","taylz101","fourj101","stocm101","johnj107","corgc101","wheaz101","browe102","cox-d101","hubec101","","","7/F","F","F",4,8,2,"T","T",0,"F","F",1,"F","F",0,"F","F",7,"F","F","F","",0,0,"N",0,"N",0,"N",0,1,0,0,"7","","","","F","F","F","F","F","F","F","F","F","grimb101","","","F","F","F","F","F","","","","",0,7,0,0,0,0,0,0,0,12,"PHI","PHI","BRO",1,"F","T",4,0,4,7,7,"T","F",1,1,"T","T","pierr101","sandh101","T","T",5,7,11,0,0,0,0,0,0,"taylz101","","",0,0,0,0,0,0,0,0,0,0,0,0,0,"wheaz101","F","F","F","F",0,0,0,0,0,0,0,0,0,0,F,F,"1925PHI.EVN.regular.event.csv",5070
"PHI192509290","BRO",2,0,0,0,0,"",0,4,"browe102","?","browe102","?","pierr101","?","pierr101","?","henlb101","fonsl101","fribb101","hubec101","sandh101","harpg101","leacf101","willc103","","","","S/78","T","F",8,5,20,"T","T",1,"F","F",0,"F","F",0,"F","F",0,"","F","F","78",0,0,"N",0,"N",0,"N",1,0,0,0,"","","","","F","F","F","F","F","F","F","F","F","","","","F","F","F","F","F","","","","",0,0,0,0,0,0,0,0,0,13,"PHI","BRO","PHI",0,"T","F",0,4,0,4,0,"T","F",0,1,"T","T","cox-d101","corgc101","T","T",0,0,0,0,0,0,0,0,0,"","","",0,0,0,0,0,0,0,0,0,0,0,0,0,"","F","F","F","F",0,0,0,0,0,0,0,0,0,0,F,F,"1925PHI.EVN.regular.event.csv",5071
"PHI192509290","BRO",2,0,0,0,0,"",0,4,"cox-d101","?","cox-d101","?","pierr101","?","pierr101","?","henlb101","fonsl101","fribb101","hubec101","sandh101","harpg101","leacf101","willc103","browe102","","","S7.1-2","F","F",9,6,20,"T","T",1,"F","F",0,"F","F",0,"F","F",7,"","F","F","",0,0,"N",0,"N",0,"N",1,2,0,0,"","","","","F","F","F","F","F","F","F","F","F","pierr101","","","F","F","F","F","F","","","","",0,0,0,0,0,0,0,0,0,14,"PHI","BRO","PHI",0,"F","F",0,4,0,5,1,"T","F",1,3,"T","T","corgc101","taylz101","T","T",8,5,13,0,0,0,0,0,0,"henlb101","","",0,0,0,0,0,0,0,0,0,0,0,0,0,"harpg101","F","F","F","F",0,0,0,0,0,0,0,0,0,0,F,F,"1925PHI.EVN.regular.event.csv",5072
"PHI192509290","BRO",2,0,0,0,0,"",0,4,"corgc101","?","corgc101","?","pierr101","?","pierr101","?","henlb101","fonsl101","fribb101","hubec101","sandh101","harpg101","leacf101","willc103","cox-d101","browe102","","K","F","F",6,7,3,"T","T",0,"F","F",1,"F","F",0,"F","F",0,"","F","F","",0,0,"N",0,"N",0,"N",0,1,2,0,"2","","","","F","F","F","F","F","F","F","F","F","pierr101","pierr101","","F","F","F","F","F","","","","",0,2,0,0,0,0,0,0,0,15,"PHI","BRO","PHI",0,"F","F",0,4,0,6,2,"T","F",3,3,"T","T","taylz101","grimb101","T","T",9,6,14,8,5,13,0,0,0,"henlb101","henlb101","",0,0,0,0,0,0,0,0,0,0,0,0,0,"","F","F","F","F",0,0,0,0,0,0,0,0,0,0,F,F,"1925PHI.EVN.regular.event.csv",5073
"PHI192509290","BRO",2,0,1,0,0,"",0,4,"taylz101","?","taylz101","?","pierr101","?","pierr101","?","henlb101","fonsl101","fribb101","hubec101","sandh101","harpg101","leacf101","willc103","cox-d101","browe102","","64(1)3/GDP","F","F",2,8,2,"T","T",0,"F","F",2,"T","F",0,"F","F",6,"G","F","F","",0,0,"N",0,"N",0,"N",0,0,2,0,"43","64","","","F","F","F","F","F","F","F","F","F","pierr101","pierr101","","F","F","F","F","F","","","","",0,4,3,0,6,4,0,0,0,16,"PHI","BRO","PHI",0,"F","T",0,4,0,7,3,"T","F",3,2,"T","T","grimb101","johnj107","T","T",9,6,14,8,5,13,0,0,0,"henlb101","henlb101","",0,0,0,0,0,0,0,0,0,0,0,0,0,"sandh101","T","F","F","F",0,0,0,0,0,0,0,0,0,0,F,F,"1925PHI.EVN.regular.event.csv",5074
"PHI192509290","BRO",2,1,0,0,0,"",0,4,"pierr101","?","pierr101","?","grimb101","?","grimb101","?","taylz101","fourj101","stocm101","johnj107","corgc101","wheaz101","browe102","cox-d101","","","","K","T","F",1,9,3,"T","T",0,"F","F",1,"F","F",0,"F","F",0,"","F","F","",0,0,"N",0,"N",0,"N",0,0,0,0,"2","","","","F","F","F","F","F","F","F","F","F","","","","F","F","F","F","F","","","","",0,2,0,0,0,0,0,0,0,17,"PHI","PHI","BRO",1,"T","F",4,0,0,8,0,"T","F",0,0,"T","T","sandh101","leacf101","T","T",0,0,0,0,0,0,0,0,0,"","","",0,0,0,0,0,0,0,0,0,0,0,0,0,"","F","F","F","F",0,0,0,0,0,0,0,0,0,0,F,F,"1925PHI.EVN.regular.event.csv",5075
"PHI192509290","BRO",2,1,1,0,0,"",0,4,"sandh101","?","sandh101","?","grimb101","?","grimb101","?","taylz101","fourj101","stocm101","johnj107","corgc101","wheaz101","browe102","cox-d101","","","","8/F","F","F",6,1,2,"T","T",0,"F","F",1,"F","F",0,"F","F",8,"F","F","F","",0,0,"N",0,"N",0,"N",0,0,0,0,"8","","","","F","F","F","F","F","F","F","F","F","","","","F","F","F","F","F","","","","",0,8,0,0,0,0,0,0,0,18,"PHI","PHI","BRO",1,"F","F",4,0,0,9,1,"T","F",0,0,"T","T","leacf101","willc103","T","T",0,0,0,0,0,0,0,0,0,"","","",0,0,0,0,0,0,0,0,0,0,0,0,0,"browe102","F","F","F","F",0,0,0,0,0,0,0,0,0,0,F,F,"1925PHI.EVN.regular.event.csv",5076
"PHI192509290","BRO",2,1,2,0,0,"",0,4,"leacf101","?","leacf101","?","grimb101","?","grimb101","?","taylz101","fourj101","stocm101","johnj107","corgc101","wheaz101","browe102","cox-d101","","","","31","F","F",8,2,2,"T","T",0,"F","F",1,"F","F",0,"F","F",3,"G","F","F","",0,0,"N",0,"N",0,"N",0,0,0,0,"31","","","","F","F","F","F","F","F","F","F","F","","","","F","F","F","F","F","","","","",0,1,0,0,3,0,0,0,0,19,"PHI","PHI","BRO",1,"F","T",4,0,0,10,2,"T","F",0,0,"T","T","willc103","harpg101","T","T",0,0,0,0,0,0,0,0,0,"","","",0,0,0,0,0,0,0,0,0,0,0,0,0,"fourj101","F","F","F","F",0,0,0,0,0,0,0,0,0,0,F,F,"1925PHI.EVN.regular.event.csv",5077
"PHI192509290","BRO",3,0,0,0,0,"",0,4,"grimb101","?","grimb101","?","pierr101","?","pierr101","?","henlb101","fonsl101","fribb101","hubec101","sandh101","harpg101","leacf101","willc103","","","","63","T","F",1,9,2,"T","T",0,"F","F",1,"F","F",0,"F","F",6,"G","F","F","",0,0,"N",0,"N",0,"N",0,0,0,0,"63","","","","F","F","F","F","F","F","F","F","F","","","","F","F","F","F","F","","","","",0,3,0,0,6,0,0,0,0,20,"PHI","BRO","PHI",0,"T","F",0,4,0,8,0,"T","F",0,0,"T","T","johnj107","stocm101","T","T",0,0,0,0,0,0,0,0,0,"","","",0,0,0,0,0,0,0,0,0,0,0,0,0,"sandh101","F","F","F","F",0,0,0,0,0,0,0,0,0,0,F,F,"1925PHI.EVN.regular.event.csv",5078
"PHI192509290","BRO",3,0,1,0,0,"",0,4,"johnj107","?","johnj107","?","pierr101","?","pierr101","?","henlb101","fonsl101","fribb101","hubec101","sandh101","harpg101","leacf101","willc103","","","","13","F","F",5,1,2,"T","T",0,"F","F",1,"F","F",0,"F","F",1,"G","F","F","",0,0,"N",0,"N",0,"N",0,0,0,0,"13","","","","F","F","F","F","F","F","F","F","F","","","","F","F","F","F","F","","","","",0,3,0,0,1,0,0,0,0,21,"PHI","BRO","PHI",0,"F","F",0,4,0,9,1,"T","F",0,0,"T","T","stocm101","wheaz101","T","T",0,0,0,0,0,0,0,0,0,"","","",0,0,0,0,0,0,0,0,0,0,0,0,0,"pierr101","F","F","F","F",0,0,0,0,0,0,0,0,0,0,F,F,"1925PHI.EVN.regular.event.csv",5079
"PHI192509290","BRO",3,0,2,0,0,"",0,4,"stocm101","?","stocm101","?","pierr101","?","pierr101","?","henlb101","fonsl101","fribb101","hubec101","sandh101","harpg101","leacf101","willc103","","","","43","F","F",4,2,2,"T","T",0,"F","F",1,"F","F",0,"F","F",4,"G","F","F","",0,0,"N",0,"N",0,"N",0,0,0,0,"43","","","","F","F","F","F","F","F","F","F","F","","","","F","F","F","F","F","","","","",0,3,0,0,4,0,0,0,0,22,"PHI","BRO","PHI",0,"F","T",0,4,0,10,2,"T","F",0,0,"T","T","wheaz101","fourj101","T","T",0,0,0,0,0,0,0,0,0,"","","",0,0,0,0,0,0,0,0,0,0,0,0,0,"fribb101","F","F","F","F",0,0,0,0,0,0,0,0,0,0,F,F,"1925PHI.EVN.regular.event.csv",5080
"PHI192509290","BRO",3,1,0,0,0,"",0,4,"willc103","?","willc103","?","grimb101","?","grimb101","?","taylz101","fourj101","stocm101","johnj107","corgc101","wheaz101","browe102","cox-d101","","","","S8/L","T","F",9,3,20,"T","T",1,"F","F",0,"F","F",0,"F","F",8,"L","F","F","",0,0,"N",0,"N",0,"N",1,0,0,0,"","","","","F","F","F","F","F","F","F","F","F","","","","F","F","F","F","F","","","","",0,0,0,0,0,0,0,0,0,23,"PHI","PHI","BRO",1,"T","F",4,0,0,11,0,"T","F",0,1,"T","T","harpg101","fonsl101","T","T",0,0,0,0,0,0,0,0,0,"","","",0,0,0,0,0,0,0,0,0,0,0,0,0,"browe102","F","F","F","F",5,0,0,0,4,0,0,0,0,0,F,F,"1925PHI.EVN.regular.event.csv",5081
"PHI192509290","BRO",3,1,0,0,0,"",0,4,"harpg101","?","harpg101","?","grimb101","?","grimb101","?","taylz101","fourj101","stocm101","johnj107","corgc101","wheaz101","browe102","cox-d101","willc103","","","D9/3D.1-3","F","F",7,4,21,"T","T",2,"F","F",0,"F","F",0,"F","F",9,"","F","F","3D",0,0,"N",0,"N",0,"N",2,3,0,0,"","","","","F","F","F","F","F","F","F","F","F","grimb101","","","F","F","F","F","F","","","","",0,0,0,0,0,0,0,0,0,24,"PHI","PHI","BRO",1,"F","F",4,0,0,12,1,"T","F",1,6,"T","T","fonsl101","henlb101","T","T",9,3,23,0,0,0,0,0,0,"taylz101","","",0,0,0,0,0,0,0,0,0,0,0,0,0,"cox-d101","F","F","F","F",4,5,0,0,4,0,0,0,0,0,F,F,"1925PHI.EVN.regular.event.csv",5082
"PHI192509290","BRO",3,1,0,0,0,"",0,4,"fonsl101","?","fonsl101","?","grimb101","?","grimb101","?","taylz101","fourj101","stocm101","johnj107","corgc101","wheaz101","browe102","cox-d101","","harpg101","willc103","63","F","F",3,5,2,"T","T",0,"F","F",1,"F","F",0,"F","F",6,"G","F","F","",0,0,"N",0,"N",0,"N",0,0,2,3,"63","","","","F","F","F","F","F","F","F","F","F","","grimb101","grimb101","F","F","F","F","F","","","","",0,3,0,0,6,0,0,0,0,25,"PHI","PHI","BRO",1,"F","F",4,0,0,13,2,"T","F",6,6,"T","T","henlb101","hubec101","T","T",0,0,0,7,4,24,9,3,23,"","taylz101","taylz101",0,0,0,0,0,0,0,0,0,0,0,0,0,"corgc101","F","F","F","F",0,0,4,5,4,0,0,0,0,0,F,F,"1925PHI.EVN.regular.event.csv",5083
"PHI192509290","BRO",3,1,1,0,0,"",0,4,"henlb101","?","henlb101","?","grimb101","?","grimb101","?","taylz101","fourj101","stocm101","johnj107","corgc101","wheaz101","browe102","cox-d101","","harpg101","willc103","FC5.3XH(5E2)(NR)(UR);2-H(NR);B-2","F","F",2,6,19,"T","T",0,"F","F",0,"F","F",0,"F","F",5,"G","F","F","",1,2,"D",0,"N",0,"N",2,0,4,5,"","","","5E2","F","F","F","F","F","F","F","F","F","","grimb101","grimb101","F","F","F","F","F","","","","",0,0,0,0,5,0,0,0,0,26,"PHI","PHI","BRO",1,"F","F",4,0,0,14,3,"T","F",6,2,"T","T","hubec101","fribb101","T","T",0,0,0,7,4,24,9,3,23,"","taylz101","taylz101",0,0,0,0,0,0,0,0,0,0,0,0,2,"johnj107","F","F","F","F",4,0,4,5,2,0,0,0,0,0,F,F,"1925PHI.EVN.regular.event.csv",5084
"PHI192509290","BRO",3,1,1,0,0,"",0,6,"hubec101","?","hubec101","?","grimb101","?","grimb101","?","taylz101","fourj101","stocm101","johnj107","corgc101","wheaz101","browe102","cox-d101","","henlb101","","S9/F9DW.2-H","F","F",5,7,20,"T","T",1,"F","F",0,"F","F",1,"F","F",9,"F","F","F","9DW",0,0,"N",0,"N",0,"N",1,0,4,0,"","","","","F","F","F","F","F","F","F","F","F","","grimb101","","F","F","F","F","F","","","","",0,0,0,0,0,0,0,0,0,27,"PHI","PHI","BRO",1,"F","F",6,0,2,15,4,"T","F",2,1,"T","T","fribb101","pierr101","T","T",0,0,0,2,6,26,0,0,0,"","taylz101","",0,0,0,0,0,0,0,0,0,0,0,0,1,"cox-d101","F","F","F","F",5,0,4,0,1,0,0,0,0,0,F,F,"1925PHI.EVN.regular.event.csv",5085
"PHI192509290","BRO",3,1,1,0,0,"",0,7,"fribb101","?","fribb101","?","grimb101","?","grimb101","?","taylz101","fourj101","stocm101","johnj107","corgc101","wheaz101","browe102","cox-d101","hubec101","","","FC1.1-2(E1/TH2)","F","F",4,8,19,"T","T",0,"F","F",0,"F","F",0,"F","F",1,"G","F","F","",1,1,"T",0,"N",0,"N",1,2,0,0,"","","","","F","F","F","F","F","F","F","F","F","grimb101","","","F","F","F","F","F","","","","",0,0,0,0,0,0,0,0,0,28,"PHI","PHI","BRO",1,"F","F",7,0,3,16,5,"T","F",1,3,"T","T","pierr101","sandh101","T","T",5,7,27,0,0,0,0,0,0,"taylz101","","",0,0,0,0,0,0,0,0,0,0,0,0,0,"grimb101","F","F","F","F",0,5,0,0,1,0,0,0,0,0,F,F,"1925PHI.EVN.regular.event.csv",5086
"PHI192509290","BRO",3,1,1,0,0,"",0,7,"pierr101","?","pierr101","?","grimb101","?","grimb101","?","taylz101","fourj101","stocm101","johnj107","corgc101","wheaz101","browe102","cox-d101","fribb101","hubec101","","WP.2-3;1-2","F","F",1,9,9,"F","F",0,"F","F",0,"F","F",0,"T","F",0,"","F","F","",0,0,"N",0,"N",0,"N",0,2,3,0,"","","","","F","F","F","F","F","F","F","F","F","grimb101","grimb101","","F","F","F","F","F","","","","",0,0,0,0,0,0,0,0,0,29,"PHI","PHI","BRO",1,"F","F",7,0,3,17,6,"T","F",3,6,"T","T","sandh101","leacf101","T","T",4,8,28,5,7,27,0,0,0,"taylz101","taylz101","",0,0,0,0,0,0,0,0,0,0,0,0,0,"","F","F","F","F",0,0,5,0,1,0,0,0,0,0,F,F,"1925PHI.EVN.regular.event.csv",5087
"PHI192509290","BRO",3,1,1,0,0,"",0,7,"pierr101","?","pierr101","?","grimb101","?","grimb101","?","taylz101","fourj101","stocm101","johnj107","corgc101","wheaz101","browe102","cox-d101","","fribb101","hubec101","7/F/SF.3-H(UR)","F","F",1,9,2,"T","F",0,"F","T",1,"F","F",1,"F","F",7,"F","F","F","",0,0,"N",0,"N",0,"N",0,0,2,5,"7","","","","F","F","F","F","F","F","F","F","F","","grimb101","grimb101","F","F","F","F","F","","","","",0,7,0,0,0,0,0,0,0,30,"PHI","PHI","BRO",1,"F","F",7,0,3,17,6,"F","F",6,2,"T","T","sandh101","leacf101","T","T",0,0,0,4,8,28,5,7,27,"","taylz101","taylz101",0,0,0,0,0,0,0,0,0,0,0,0,1,"wheaz101","F","F","F","F",0,0,0,5,0,0,0,0,0,0,F,F,"1925PHI.EVN.regular.event.csv",5088
"PHI192509290","BRO",3,1,2,0,0,"",0,8,"sandh101","?","sandh101","?","grimb101","?","grimb101","?","taylz101","fourj101","stocm101","johnj107","corgc101","wheaz101","browe102","cox-d101","","fribb101","","9/L","F","F",6,1,2,"T","T",0,"F","F",1,"F","F",0,"F","F",9,"L","F","F","",0,0,"N",0,"N",0,"N",0,0,2,0,"9","","","","F","F","F","F","F","F","F","F","F","","grimb101","","F","F","F","F","F","","","","",0,9,0,0,0,0,0,0,0,31,"PHI","PHI","BRO",1,"F","T",8,0,4,18,7,"T","F",2,2,"T","T","leacf101","willc103","T","T",0,0,0,4,8,28,0,0,0,"","taylz101","",0,0,0,0,0,0,0,0,0,0,0,0,0,"cox-d101","F","F","F","F",0,0,0,0,0,0,0,0,0,0,F,F,"1925PHI.EVN.regular.event.csv",5089
"PHI192509290","BRO",4,0,0,0,0,"",0,8,"wheaz101","?","wheaz101","?","pierr101","?","pierr101","?","henlb101","fonsl101","fribb101","hubec101","sandh101","harpg101","leacf101","willc103","","","","D8","T","F",7,3,21,"T","T",2,"F","F",0,"F","F",0,"F","F",8,"","F","F","",0,0,"N",0,"N",0,"N",2,0,0,0,"","","","","F","F","F","F","F","F","F","F","F","","","","F","F","F","F","F","","","","",0,0,0,0,0,0,0,0,0,32,"PHI","BRO","PHI",0,"T","F",0,8,0,11,0,"T","F",0,2,"T","T","fourj101","browe102","T","T",0,0,0,0,0,0,0,0,0,"","","",0,0,0,0,0,0,0,0,0,0,0,0,0,"leacf101","F","F","F","F",4,0,0,0,1,0,0,0,0,0,F,F,"1925PHI.EVN.regular.event.csv",5090
"PHI192509290","BRO",4,0,0,0,0,"",0,8,"fourj101","?","fourj101","?","pierr101","?","pierr101","?","henlb101","fonsl101","fribb101","hubec101","sandh101","harpg101","leacf101","willc103","","wheaz101","","S9.2-H","F","F",3,4,20,"T","T",1,"F","F",0,"F","F",1,"F","F",9,"","F","F","",0,0,"N",0,"N",0,"N",1,0,4,0,"","","","","F","F","F","F","F","F","F","F","F","","pierr101","","F","F","F","F","F","","","","",0,0,0,0,0,0,0,0,0,33,"PHI","BRO","PHI",0,"F","F",0,8,0,12,1,"T","F",2,1,"T","T","browe102","cox-d101","T","T",0,0,0,7,3,32,0,0,0,"","henlb101","",0,0,0,0,0,0,0,0,0,0,0,0,1,"willc103","F","F","F","F",0,0,4,0,0,0,0,0,0,0,F,F,"1925PHI.EVN.regular.event.csv",5091
"PHI192509290","BRO",4,0,0,0,0,"",1,8,"browe102","?","browe102","?","pierr101","?","pierr101","?","henlb101","fonsl101","fribb101","hubec101","sandh101","harpg101","leacf101","willc103","fourj101","","","7/F","F","F",8,5,2,"T","T",0,"F","F",1,"F","F",0,"F","F",7,"F","F","F","",0,0,"N",0,"N",0,"N",0,1,0,0,"7","","","","F","F","F","F","F","F","F","F","F","pierr101","","","F","F","F","F","F","","","","",0,7,0,0,0,0,0,0,0,34,"PHI","BRO","PHI",0,"F","F",1,8,1,13,2,"T","F",1,1,"T","T","cox-d101","corgc101","T","T",3,4,33,0,0,0,0,0,0,"henlb101","","",0,0,0,0,0,0,0,0,0,0,0,0,0,"harpg101","F","F","F","F",0,0,0,0,0,0,0,0,0,0,F,F,"1925PHI.EVN.regular.event.csv",5092
"PHI192509290","BRO",4,0,1,0,0,"",1,8,"cox-d101","?","cox-d101","?","pierr101","?","pierr101","?","henlb101","fonsl101","fribb101","hubec101","sandh101","harpg101","leacf101","willc103","fourj101","","","8/F","F","F",9,6,2,"T","T",0,"F","F",1,"F","F",0,"F","F",8,"F","F","F","",0,0,"N",0,"N",0,"N",0,1,0,0,"8","","","","F","F","F","F","F","F","F","F","F","pierr101","","","F","F","F","F","F","","","","",0,8,0,0,0,0,0,0,0,35,"PHI","BRO","PHI",0,"F","F",1,8,1,14,3,"T","F",1,1,"T","T","corgc101","taylz101","T","T",3,4,33,0,0,0,0,0,0,"henlb101","","",0,0,0,0,0,0,0,0,0,0,0,0,0,"leacf101","F","F","F","F",0,0,0,0,0,0,0,0,0,0,F,F,"1925PHI.EVN.regular.event.csv",5093
"PHI192509290","BRO",4,0,2,0,0,"",1,8,"corgc101","?","corgc101","?","pierr101","?","pierr101","?","henlb101","fonsl101","fribb101","hubec101","sandh101","harpg101","leacf101","willc103","fourj101","","","6/P","F","F",6,7,2,"T","T",0,"F","F",1,"F","F",0,"F","F",6,"P","F","F","",0,0,"N",0,"N",0,"N",0,1,0,0,"6","","","","F","F","F","F","F","F","F","F","F","pierr101","","","F","F","F","F","F","","","","",0,6,0,0,0,0,0,0,0,36,"PHI","BRO","PHI",0,"F","T",1,8,1,15,4,"T","F",1,1,"T","T","taylz101","grimb101","T","T",3,4,33,0,0,0,0,0,0,"henlb101","","",0,0,0,0,0,0,0,0,0,0,0,0,0,"sandh101","F","F","F","F",0,0,0,0,0,0,0,0,0,0,F,F,"1925PHI.EVN.regular.event.csv",5094
"PHI192509290","BRO",4,1,0,0,0,"",1,8,"leacf101","?","leacf101","?","grimb101","?","grimb101","?","taylz101","fourj101","stocm101","johnj107","corgc101","wheaz101","browe102","cox-d101","","","","31","T","F",8,2,2,"T","T",0,"F","F",1,"F","F",0,"F","F",3,"G","F","F","",0,0,"N",0,"N",0,"N",0,0,0,0,"31","","","","F","F","F","F","F","F","F","F","F","","","","F","F","F","F","F","","","","",0,1,0,0,3,0,0,0,0,37,"PHI","PHI","BRO",1,"T","F",8,1,0,19,0,"T","F",0,0,"T","T","willc103","harpg101","T","T",0,0,0,0,0,0,0,0,0,"","","",0,0,0,0,0,0,0,0,0,0,0,0,0,"fourj101","F","F","F","F",0,0,0,0,2,0,0,0,0,0,F,F,"1925PHI.EVN.regular.event.csv",5095
"PHI192509290","BRO",4,1,1,0,0,"",1,8,"willc103","?","willc103","?","grimb101","?","grimb101","?","taylz101","fourj101","stocm101","johnj107","corgc101","wheaz101","browe102","cox-d101","","","","S9","F","F",9,3,20,"T","T",1,"F","F",0,"F","F",0,"F","F",9,"","F","F","",0,0,"N",0,"N",0,"N",1,0,0,0,"","","","","F","F","F","F","F","F","F","F","F","","","","F","F","F","F","F","","","","",0,0,0,0,0,0,0,0,0,38,"PHI","PHI","BRO",1,"F","F",8,1,0,20,1,"T","F",0,1,"T","T","harpg101","fonsl101","T","T",0,0,0,0,0,0,0,0,0,"","","",0,0,0,0,0,0,0,0,0,0,0,0,0,"cox-d101","F","F","F","F",4,0,0,0,2,0,0,0,0,0,F,F,"1925PHI.EVN.regular.event.csv",5096
"PHI192509290","BRO",4,1,1,0,0,"",1,8,"harpg101","?","harpg101","?","grimb101","?","grimb101","?","taylz101","fourj101","stocm101","johnj107","corgc101","wheaz101","browe102","cox-d101","willc103","","","SB2.1-3(E2/TH2)","F","F",7,4,4,"F","F",0,"F","F",0,"F","F",0,"F","F",0,"","F","F","",1,2,"T",0,"N",0,"N",0,3,0,0,"","","","","T","F","F","F","F","F","F","F","F","grimb101","","","F","F","F","F","F","","","","",0,0,0,0,0,0,0,0,0,39,"PHI","PHI","BRO",1,"F","F",8,1,0,21,2,"T","F",1,4,"T","T","fonsl101","henlb101","T","T",9,3,38,0,0,0,0,0,0,"taylz101","","",0,0,0,0,0,0,0,0,0,0,0,0,0,"","F","F","F","F",0,4,0,0,2,0,0,0,0,0,F,F,"1925PHI.EVN.regular.event.csv",5097
"PHI192509290","BRO",4,1,1,0,0,"",1,8,"harpg101","?","harpg101","?","grimb101","?","grimb101","?","taylz101","fourj101","stocm101","johnj107","corgc101","wheaz101","browe102","cox-d101","","","willc103","S9.3-H","F","F",7,4,20,"T","T",1,"F","F",0,"F","F",1,"F","F",9,"","F","F","",0,0,"N",0,"N",0,"N",1,0,0,4,"","","","","F","F","F","F","F","F","F","F","F","","","grimb101","F","F","F","F","F","","","","",0,0,0,0,0,0,0,0,0,40,"PHI","PHI","BRO",1,"F","F",8,1,0,21,2,"F","F",4,1,"T","T","fonsl101","henlb101","T","T",0,0,0,0,0,0,9,3,38,"","","taylz101",0,0,0,0,0,0,0,0,0,0,0,0,1,"cox-d101","F","F","F","F",4,0,0,4,1,0,0,0,0,0,F,F,"1925PHI.EVN.regular.event.csv",5098
"PHI192509290","BRO",4,1,1,0,0,"",1,9,"fonsl101","?","fonsl101","?","grimb101","?","grimb101","?","taylz101","fourj101","stocm101","johnj107","corgc101","wheaz101","browe102","cox-d101","harpg101","","","43.1-2","F","F",3,5,2,"T","T",0,"F","F",1,"F","F",0,"F","F",4,"G","F","F","",0,0,"N",0,"N",0,"N",0,2,0,0,"43","","","","F","F","F","F","F","F","F","F","F","grimb101","","","F","F","F","F","F","","","","",0,3,0,0,4,0,0,0,0,41,"PHI","PHI","BRO",1,"F","F",9,1,1,22,3,"T","F",1,2,"T","T","henlb101","hubec101","T","T",7,4,40,0,0,0,0,0,0,"taylz101","","",0,0,0,0,0,0,0,0,0,0,0,0,0,"stocm101","F","F","F","F",0,4,0,0,1,0,0,0,0,0,F,F,"1925PHI.EVN.regular.event.csv",5099
"PHI192509290","BRO",4,1,2,0,0,"",1,9,"henlb101","?","henlb101","?","grimb101","?","grimb101","?","taylz101","fourj101","stocm101","johnj107","corgc101","wheaz101","browe102","cox-d101","","harpg101","","SB3.2-3(PB)","F","F",2,6,4,"F","F",0,"F","F",0,"F","F",0,"F","T",0,"","F","F","",0,0,"N",0,"N",0,"N",0,0,3,0,"","","","","F","T","F","F","F","F","F","F","F","","grimb101","","F","F","F","F","F","","","","",0,0,0,0,0,0,0,0,0,42,"PHI","PHI","BRO",1,"F","F",9,1,1,23,4,"T","F",2,4,"T","T","hubec101","fribb101","T","T",0,0,0,7,4,40,0,0,0,"","taylz101","",0,0,0,0,0,0,0,0,0,0,0,0,0,"","F","F","F","F",0,0,4,0,1,0,0,0,0,0,F,F,"1925PHI.EVN.regular.event.csv",5100
"PHI192509290","BRO",4,1,2,0,0,"",1,9,"henlb101","?","henlb101","?","grimb101","?","grimb101","?","taylz101","fourj101","stocm101","johnj107","corgc101","wheaz101","browe102","cox-d101","","","harpg101","W","F","F",2,6,14,"T","F",0,"F","F",0,"F","F",0,"F","F",0,"","F","F","",0,0,"N",0,"N",0,"N",1,0,0,3,"","","","","F","F","F","F","F","F","F","F","F","","","grimb101","F","F","F","F","F","","","","",0,0,0,0,0,0,0,0,0,43,"PHI","PHI","BRO",1,"F","F",9,1,1,23,4,"F","F",4,5,"T","T","hubec101","fribb101","T","T",0,0,0,0,0,0,7,4,40,"","","taylz101",0,0,0,0,0,0,0,0,0,0,0,0,0,"","F","F","F","F",0,0,0,4,1,0,0,0,0,0,F,F,"1925PHI.EVN.regular.event.csv",5101
"PHI192509290","BRO",4,1,2,0,0,"",1,9,"hubec101","?","hubec101","?","grimb101","?","grimb101","?","taylz101","fourj101","stocm101","johnj107","corgc101","wheaz101","browe102","cox-d101","henlb101","","harpg101","SB2","F","F",5,7,4,"F","F",0,"F","F",0,"F","F",0,"F","F",0,"","F","F","",0,0,"N",0,"N",0,"N",0,2,0,3,"","","","","T","F","F","F","F","F","F","F","F","grimb101","","grimb101","F","F","F","F","F","","","","",0,0,0,0,0,0,0,0,0,44,"PHI","PHI","BRO",1,"F","F",9,1,1,24,5,"T","F",5,6,"T","T","fribb101","pierr101","T","T",2,6,43,0,0,0,7,4,40,"taylz101","","taylz101",0,0,0,0,0,0,0,0,0,0,0,0,0,"","F","F","F","F",0,0,0,4,1,0,0,0,0,0,F,F,"1925PHI.EVN.regular.event.csv",5102
"PHI192509290","BRO",4,1,2,0,0,"",1,9,"hubec101","?","hubec101","?","grimb101","?","grimb101","?","taylz101","fourj101","stocm101","johnj107","corgc101","wheaz101","browe102","cox-d101","","henlb101","harpg101","W","F","F",5,7,14,"T","F",0,"F","F",0,"F","F",0,"F","F",0,"","F","F","",0,0,"N",0,"N",0,"N",1,0,2,3,"","","","","F","F","F","F","F","F","F","F","F","","grimb101","grimb101","F","F","F","F","F","","","","",0,0,0,0,0,0,0,0,0,45,"PHI","PHI","BRO",1,"F","F",9,1,1,24,5,"F","F",6,7,"T","T","fribb101","pierr101","T","T",0,0,0,2,6,43,7,4,40,"","taylz101","taylz101",0,0,0,0,0,0,0,0,0,0,0,0,0,"","F","F","F","F",0,0,0,4,1,0,0,0,0,0,F,F,"1925PHI.EVN.regular.event.csv",5103
"PHI192509290","BRO",4,1,2,0,0,"",1,9,"fribb101","?","fribb101","?","grimb101","?","grimb101","?","taylz101","fourj101","stocm101","johnj107","corgc101","wheaz101","browe102","cox-d101","hubec101","henlb101","harpg101","W.3-H;2-3;1-2","F","F",4,8,14,"T","F",0,"F","F",0,"F","F",1,"F","F",0,"","F","F","",0,0,"N",0,"N",0,"N",1,2,3,4,"","","","","F","F","F","F","F","F","F","F","F","grimb101","grimb101","grimb101","F","F","F","F","F","","","","",0,0,0,0,0,0,0,0,0,46,"PHI","PHI","BRO",1,"F","F",9,1,1,25,6,"T","F",7,7,"T","T","pierr101","sandh101","T","T",5,7,45,2,6,43,7,4,40,"taylz101","taylz101","taylz101",0,0,0,0,0,0,0,0,0,0,0,0,1,"","F","F","F","F",0,0,0,4,0,0,0,0,0,0,F,F,"1925PHI.EVN.regular.event.csv",5104
"PHI192509290","BRO",4,1,2,0,0,"",1,10,"pierr101","?","pierr101","?","grimb101","?","grimb101","?","taylz101","fourj101","stocm101","johnj107","corgc101","wheaz101","browe102","cox-d101","fribb101","hubec101","henlb101","31","F","F",1,9,2,"T","T",0,"F","F",1,"F","F",0,"F","F",3,"G","F","F","",0,0,"N",0,"N",0,"N",0,1,2,3,"31","","","","F","F","F","F","F","F","F","F","F","grimb101","grimb101","grimb101","F","F","F","F","F","","","","",0,1,0,0,3,0,0,0,0,47,"PHI","PHI","BRO",1,"F","T",10,1,2,26,7,"T","F",7,7,"T","T","sandh101","leacf101","T","T",4,8,46,5,7,45,2,6,43,"taylz101","taylz101","taylz101",0,0,0,0,0,0,0,0,0,0,0,0,0,"fourj101","F","F","F","F",0,0,0,0,0,0,0,0,0,0,F,F,"1925PHI.EVN.regular.event.csv",5105
"PHI192509290","BRO",5,0,0,0,0,"",1,10,"taylz101","?","taylz101","?","pierr101","?","pierr101","?","henlb101","fonsl101","fribb101","hubec101","sandh101","harpg101","leacf101","willc103","","","","K23","T","F",2,8,3,"T","T",0,"F","F",1,"F","F",0,"F","F",0,"","F","F","",0,0,"N",0,"N",0,"N",0,0,0,0,"23","","","","F","F","F","F","F","F","F","F","F","","","","F","F","F","F","F","","","","",0,3,0,0,2,0,0,0,0,48,"PHI","BRO","PHI",0,"T","F",1,10,0,16,0,"T","F",0,0,"T","T","grimb101","johnj107","T","T",0,0,0,0,0,0,0,0,0,"","","",0,0,0,0,0,0,0,0,0,0,0,0,0,"","F","F","F","F",0,0,0,0,1,0,0,0,0,0,F,F,"1925PHI.EVN.regular.event.csv",5106
"PHI192509290","BRO",5,0,1,0,0,"",1,10,"grimb101","?","grimb101","?","pierr101","?","pierr101","?","henlb101","fonsl101","fribb101","hubec101","sandh101","harpg101","leacf101","willc103","","","","K","F","F",1,9,3,"T","T",0,"F","F",1,"F","F",0,"F","F",0,"","F","F","",0,0,"N",0,"N",0,"N",0,0,0,0,"2","","","","F","F","F","F","F","F","F","F","F","","","","F","F","F","F","F","","","","",0,2,0,0,0,0,0,0,0,49,"PHI","BRO","PHI",0,"F","F",1,10,0,17,1,"T","F",0,0,"T","T","johnj107","stocm101","T","T",0,0,0,0,0,0,0,0,0,"","","",0,0,0,0,0,0,0,0,0,0,0,0,0,"","F","F","F","F",0,0,0,0,1,0,0,0,0,0,F,F,"1925PHI.EVN.regular.event.csv",5107
"PHI192509290","BRO",5,0,2,0,0,"",1,10,"johnj107","?","johnj107","?","pierr101","?","pierr101","?","henlb101","fonsl101","fribb101","hubec101","sandh101","harpg101","leacf101","willc103","","","","E6/TH1","F","F",5,1,18,"T","T",0,"F","F",0,"F","F",0,"F","F",6,"G","F","F","",1,6,"T",0,"N",0,"N",1,0,0,0,"","","","","F","F","F","F","F","F","F","F","F","","","","F","F","F","F","F","","","","",0,0,0,0,0,0,0,0,0,50,"PHI","BRO","PHI",0,"F","F",1,10,0,18,2,"T","F",0,1,"T","T","stocm101","wheaz101","T","T",0,0,0,0,0,0,0,0,0,"","","",0,0,0,0,0,0,0,0,0,0,0,0,0,"sandh101","F","F","F","T",5,0,0,0,1,0,0,0,0,0,F,F,"1925PHI.EVN.regular.event.csv",5108
"PHI192509290","BRO",5,0,2,0,0,"",1,10,"stocm101","?","stocm101","?","pierr101","?","pierr101","?","henlb101","fonsl101","fribb101","hubec101","sandh101","harpg101","leacf101","willc103","johnj107","","","D7.1-3","F","F",4,2,21,"T","T",2,"F","F",0,"F","F",0,"F","F",7,"","F","F","",0,0,"N",0,"N",0,"N",2,3,0,0,"","","","","F","F","F","F","F","F","F","F","F","pierr101","","","F","F","F","F","F","","","","",0,0,0,0,0,0,0,0,0,51,"PHI","BRO","PHI",0,"F","F",1,10,0,19,3,"T","F",1,6,"T","T","wheaz101","fourj101","T","T",5,1,50,0,0,0,0,0,0,"henlb101","","",0,0,0,0,0,0,0,0,0,0,0,0,0,"harpg101","F","F","F","F",3,5,0,0,1,0,0,0,0,0,F,F,"1925PHI.EVN.regular.event.csv",5109
"PHI192509290","BRO",5,0,2,0,0,"",1,10,"wheaz101","?","wheaz101","?","pierr101","?","pierr101","?","henlb101","fonsl101","fribb101","hubec101","sandh101","harpg101","leacf101","willc103","","stocm101","johnj107","S6/G.3-H(UR);2-3","F","F",7,3,20,"T","T",1,"F","F",0,"F","F",1,"F","F",6,"G","F","F","",0,0,"N",0,"N",0,"N",1,0,3,5,"","","","","F","F","F","F","F","F","F","F","F","","pierr101","pierr101","F","F","F","F","F","","","","",0,0,0,0,0,0,0,0,0,52,"PHI","BRO","PHI",0,"F","F",1,10,0,20,4,"T","F",6,5,"T","T","fourj101","browe102","T","T",0,0,0,4,2,51,5,1,50,"","henlb101","henlb101",0,0,0,0,0,0,0,0,0,0,0,0,1,"sandh101","F","F","F","F",1,0,3,5,0,0,0,0,0,0,F,F,"1925PHI.EVN.regular.event.csv",5110
"PHI192509290","BRO",5,0,2,0,0,"",2,10,"fourj101","?","fourj101","?","pierr101","?","pierr101","?","henlb101","fonsl101","fribb101","hubec101","sandh101","harpg101","leacf101","willc103","wheaz101","","stocm101","K","F","F",3,4,3,"T","T",0,"F","F",1,"F","F",0,"F","F",0,"","F","F","",0,0,"N",0,"N",0,"N",0,1,0,3,"2","","","","F","F","F","F","F","F","F","F","F","pierr101","","pierr101","F","F","F","F","F","","","","",0,2,0,0,0,0,0,0,0,53,"PHI","BRO","PHI",0,"F","T",2,10,1,21,5,"T","F",5,5,"T","T","browe102","cox-d101","T","T",7,3,52,0,0,0,4,2,51,"henlb101","","henlb101",0,0,0,0,0,0,0,0,0,0,0,0,0,"","F","F","F","F",0,1,0,3,0,0,0,0,0,0,F,F,"1925PHI.EVN.regular.event.csv",5111
"PHI192509290","BRO",5,1,0,0,0,"",2,10,"sandh101","?","sandh101","?","cantg101","?","cantg101","?","hargc101","fourj101","stocm101","johnj107","corgc101","wheaz101","browe102","cox-d101","","","","K","T","F",6,1,3,"T","T",0,"F","F",1,"F","F",0,"F","F",0,"","F","F","",0,0,"N",0,"N",0,"N",0,0,0,0,"2","","","","F","F","F","F","F","F","F","F","F","","","","F","F","F","F","F","","","","",0,2,0,0,0,0,0,0,0,54,"PHI","PHI","BRO",1,"T","F",10,2,0,27,0,"T","F",0,0,"T","T","leacf101","willc103","F","F",0,0,0,0,0,0,0,0,0,"","","",0,0,0,0,0,0,0,0,0,0,0,0,0,"","F","F","F","F",0,0,0,0,0,0,0,0,0,0,F,F,"1925PHI.EVN.regular.event.csv",5112
"PHI192509290","BRO",5,1,1,0,0,"",2,10,"leacf101","?","leacf101","?","cantg101","?","cantg101","?","hargc101","fourj101","stocm101","johnj107","corgc101","wheaz101","browe102","cox-d101","","","","13","F","F",8,2,2,"T","T",0,"F","F",1,"F","F",0,"F","F",1,"G","F","F","",0,0,"N",0,"N",0,"N",0,0,0,0,"13","","","","F","F","F","F","F","F","F","F","F","","","","F","F","F","F","F","","","","",0,3,0,0,1,0,0,0,0,55,"PHI","PHI","BRO",1,"F","F",10,2,0,28,1,"T","F",0,0,"T","T","willc103","harpg101","F","F",0,0,0,0,0,0,0,0,0,"","","",0,0,0,0,0,0,0,0,0,0,0,0,0,"cantg101","F","F","F","F",0,0,0,0,0,0,0,0,0,0,F,F,"1925PHI.EVN.regular.event.csv",5113
"PHI192509290","BRO",5,1,2,0,0,"",2,10,"willc103","?","willc103","?","cantg101","?","cantg101","?","hargc101","fourj101","stocm101","johnj107","corgc101","wheaz101","browe102","cox-d101","","","","6/P","F","F",9,3,2,"T","T",0,"F","F",1,"F","F",0,"F","F",6,"P","F","F","",0,0,"N",0,"N",0,"N",0,0,0,0,"6","","","","F","F","F","F","F","F","F","F","F","","","","F","F","F","F","F","","","","",0,6,0,0,0,0,0,0,0,56,"PHI","PHI","BRO",1,"F","T",10,2,0,29,2,"T","F",0,0,"T","T","harpg101","fonsl101","F","F",0,0,0,0,0,0,0,0,0,"","","",0,0,0,0,0,0,0,0,0,0,0,0,0,"corgc101","F","F","F","F",0,0,0,0,0,0,0,0,0,0,F,F,"1925PHI.EVN.regular.event.csv",5114
"PHI192509290","BRO",6,0,0,0,0,"",2,10,"browe102","?","browe102","?","pierr101","?","pierr101","?","henlb101","mitcc102","fribb101","hubec101","sandh101","harpg101","leacf101","willc103","","","","63","T","F",8,5,2,"T","T",0,"F","F",1,"F","F",0,"F","F",6,"G","F","F","",0,0,"N",0,"N",0,"N",0,0,0,0,"63","","","","F","F","F","F","F","F","F","F","F","","","","F","F","F","F","F","","","","",0,3,0,0,6,0,0,0,0,57,"PHI","BRO","PHI",0,"T","F",2,10,0,22,0,"T","F",0,0,"T","T","cox-d101","corgc101","T","T",0,0,0,0,0,0,0,0,0,"","","",0,0,0,0,0,0,0,0,0,0,0,0,0,"sandh101","F","F","F","F",0,0,0,0,0,0,0,0,0,0,F,F,"1925PHI.EVN.regular.event.csv",5115
"PHI192509290","BRO",6,0,1,0,0,"",2,10,"cox-d101","?","cox-d101","?","pierr101","?","pierr101","?","henlb101","mitcc102","fribb101","hubec101","sandh101","harpg101","leacf101","willc103","","","","9/L9LD","F","F",9,6,2,"T","T",0,"F","F",1,"F","F",0,"F","F",9,"L","F","F","9LD",0,0,"N",0,"N",0,"N",0,0,0,0,"9","","","","F","F","F","F","F","F","F","F","F","","","","F","F","F","F","F","","","","",0,9,0,0,0,0,0,0,0,58,"PHI","BRO","PHI",0,"F","F",2,10,0,23,1,"T","F",0,0,"T","T","corgc101","hargc101","T","T",0,0,0,0,0,0,0,0,0,"","","",0,0,0,0,0,0,0,0,0,0,0,0,0,"willc103","F","F","F","F",0,0,0,0,0,0,0,0,0,0,F,F,"1925PHI.EVN.regular.event.csv",5116
"PHI192509290","BRO",6,0,2,0,0,"",2,10,"corgc101","?","corgc101","?","pierr101","?","pierr101","?","henlb101","mitcc102","fribb101","hubec101","sandh101","harpg101","leacf101","willc103","","","","8/F","F","F",6,7,2,"T","T",0,"F","F",1,"F","F",0,"F","F",8,"F","F","F","",0,0,"N",0,"N",0,"N",0,0,0,0,"8","","","","F","F","F","F","F","F","F","F","F","","","","F","F","F","F","F","","","","",0,8,0,0,0,0,0,0,0,59,"PHI","BRO","PHI",0,"F","T",2,10,0,24,2,"T","F",0,0,"T","T","hargc101","cantg101","T","T",0,0,0,0,0,0,0,0,0,"","","",0,0,0,0,0,0,0,0,0,0,0,0,0,"leacf101","F","F","F","F",0,0,0,0,0,0,0,0,0,0,F,F,"1925PHI.EVN.regular.event.csv",5117
"PHI192509290","BRO",6,1,0,0,0,"",2,10,"harpg101","?","harpg101","?","cantg101","?","cantg101","?","hargc101","fourj101","stocm101","tierc101","corgc101","wheaz101","browe102","cox-d101","","","","8/F8XD","T","F",7,4,2,"T","T",0,"F","F",1,"F","F",0,"F","F",8,"F","F","F","8XD",0,0,"N",0,"N",0,"N",0,0,0,0,"8","","","","F","F","F","F","F","F","F","F","F","","","","F","F","F","F","F","","","","",0,8,0,0,0,0,0,0,0,60,"PHI","PHI","BRO",1,"T","F",10,2,0,30,0,"T","F",0,0,"T","T","mitcc102","henlb101","F","F",0,0,0,0,0,0,0,0,0,"","","",0,0,0,0,0,0,0,0,0,0,0,0,0,"browe102","F","F","F","F",0,0,0,0,0,0,0,0,0,0,F,F,"1925PHI.EVN.regular.event.csv",5118
"PHI192509290","BRO",6,1,1,0,0,"",2,10,"mitcc102","?","mitcc102","?","cantg101","?","cantg101","?","hargc101","fourj101","stocm101","tierc101","corgc101","wheaz101","browe102","cox-d101","","","","63","F","F",3,5,2,"T","T",0,"F","F",1,"F","F",0,"F","F",6,"G","F","F","",0,0,"N",0,"N",0,"N",0,0,0,0,"63","","","","F","F","F","F","F","F","F","F","F","","","","F","F","F","F","F","","","","",0,3,0,0,6,0,0,0,0,61,"PHI","PHI","BRO",1,"F","F",10,2,0,31,1,"T","F",0,0,"F","F","henlb101","hubec101","F","F",0,0,0,0,0,0,0,0,0,"","","",0,0,0,0,0,0,0,0,0,0,0,0,0,"corgc101","F","F","F","F",0,0,0,0,0,0,0,0,0,0,F,F,"1925PHI.EVN.regular.event.csv",5119
"PHI192509290","BRO",6,1,2,0,0,"",2,10,"henlb101","?","henlb101","?","cantg101","?","cantg101","?","hargc101","fourj101","stocm101","tierc101","corgc101","wheaz101","browe102","cox-d101","","","","63","F","F",2,6,2,"T","T",0,"F","F",1,"F","F",0,"F","F",6,"G","F","F","",0,0,"N",0,"N",0,"N",0,0,0,0,"63","","","","F","F","F","F","F","F","F","F","F","","","","F","F","F","F","F","","","","",0,3,0,0,6,0,0,0,0,62,"PHI","PHI","BRO",1,"F","T",10,2,0,32,2,"T","F",0,0,"T","T","hubec101","fribb101","F","F",0,0,0,0,0,0,0,0,0,"","","",0,0,0,0,0,0,0,0,0,0,0,0,0,"corgc101","F","F","F","F",0,0,0,0,0,0,0,0,0,0,F,F,"1925PHI.EVN.regular.event.csv",5120
"PHI192509290","BRO",7,0,0,0,0,"",2,10,"hargc101","?","hargc101","?","pierr101","?","pierr101","?","henlb101","mitcc102","fribb101","hubec101","sandh101","harpg101","leacf101","willc103","","","","63","T","F",2,8,2,"T","T",0,"F","F",1,"F","F",0,"F","F",6,"G","F","F","",0,0,"N",0,"N",0,"N",0,0,0,0,"63","","","","F","F","F","F","F","F","F","F","F","","","","F","F","F","F","F","","","","",0,3,0,0,6,0,0,0,0,63,"PHI","BRO","PHI",0,"T","F",2,10,0,25,0,"T","F",0,0,"F","F","cantg101","tierc101","T","T",0,0,0,0,0,0,0,0,0,"","","",0,0,0,0,0,0,0,0,0,0,0,0,0,"sandh101","F","F","F","F",0,0,0,0,1,0,0,0,0,0,F,F,"1925PHI.EVN.regular.event.csv",5121
"PHI192509290","BRO",7,0,1,0,0,"",2,10,"cantg101","?","cantg101","?","pierr101","?","pierr101","?","henlb101","mitcc102","fribb101","hubec101","sandh101","harpg101","leacf101","willc103","","","","53","F","F",1,9,2,"T","T",0,"F","F",1,"F","F",0,"F","F",5,"G","F","F","",0,0,"N",0,"N",0,"N",0,0,0,0,"53","","","","F","F","F","F","F","F","F","F","F","","","","F","F","F","F","F","","","","",0,3,0,0,5,0,0,0,0,64,"PHI","BRO","PHI",0,"F","F",2,10,0,26,1,"T","F",0,0,"F","F","tierc101","stocm101","T","T",0,0,0,0,0,0,0,0,0,"","","",0,0,0,0,0,0,0,0,0,0,0,0,0,"hubec101","F","F","F","F",0,0,0,0,1,0,0,0,0,0,F,F,"1925PHI.EVN.regular.event.csv",5122
"PHI192509290","BRO",7,0,2,0,0,"",2,10,"tierc101","?","tierc101","?","pierr101","?","pierr101","?","henlb101","mitcc102","fribb101","hubec101","sandh101","harpg101","leacf101","willc103","","","","D7","F","F",5,1,21,"T","T",2,"F","F",0,"F","F",0,"F","F",7,"","F","F","",0,0,"N",0,"N",0,"N",2,0,0,0,"","","","","F","F","F","F","F","F","F","F","F","","","","F","F","F","F","F","","","","",0,0,0,0,0,0,0,0,0,65,"PHI","BRO","PHI",0,"F","F",2,10,0,27,2,"T","F",0,2,"F","F","stocm101","wheaz101","T","T",0,0,0,0,0,0,0,0,0,"","","",0,0,0,0,0,0,0,0,0,0,0,0,0,"harpg101","F","F","F","F",4,0,0,0,1,0,0,0,0,0,F,F,"1925PHI.EVN.regular.event.csv",5123
"PHI192509290","BRO",7,0,2,0,0,"",2,10,"stocm101","?","stocm101","?","pierr101","?","pierr101","?","henlb101","mitcc102","fribb101","hubec101","sandh101","harpg101","leacf101","willc103","","tierc101","","S9.2-3","F","F",4,2,20,"T","T",1,"F","F",0,"F","F",0,"F","F",9,"","F","F","",0,0,"N",0,"N",0,"N",1,0,3,0,"","","","","F","F","F","F","F","F","F","F","F","","pierr101","","F","F","F","F","F","","","","",0,0,0,0,0,0,0,0,0,66,"PHI","BRO","PHI",0,"F","F",2,10,0,28,3,"T","F",2,5,"T","T","wheaz101","fourj101","T","T",0,0,0,5,1,65,0,0,0,"","henlb101","",0,0,0,0,0,0,0,0,0,0,0,0,0,"willc103","F","F","F","F",3,0,4,0,1,0,0,0,0,0,F,F,"1925PHI.EVN.regular.event.csv",5124
"PHI192509290","BRO",7,0,2,0,0,"",2,10,"wheaz101","?","wheaz101","?","pierr101","?","pierr101","?","henlb101","mitcc102","fribb101","hubec101","sandh101","harpg101","leacf101","willc103","stocm101","","tierc101","S/78.3-H;1-3;B-2(TH3)","F","F",7,3,20,"T","T",1,"F","F",0,"F","F",1,"F","F",0,"","F","F","78",0,0,"N",0,"N",0,"N",2,3,0,4,"","","","","F","F","F","F","F","F","F","F","F","pierr101","","pierr101","F","F","F","F","F","","","","",0,0,0,0,0,0,0,0,0,67,"PHI","BRO","PHI",0,"F","F",2,10,0,29,4,"T","F",5,6,"T","T","fourj101","browe102","T","T",4,2,66,0,0,0,5,1,65,"henlb101","","henlb101",0,0,0,0,0,0,0,0,0,0,0,0,1,"","F","F","F","F",2,3,0,4,0,0,0,0,0,0,F,F,"1925PHI.EVN.regular.event.csv",5125
"PHI192509290","BRO",7,0,2,0,0,"",3,10,"fourj101","?","fourj101","?","pierr101","?","pierr101","?","henlb101","mitcc102","fribb101","hubec101","sandh101","harpg101","leacf101","willc103","","wheaz101","stocm101","8/L","F","F",3,4,2,"T","T",0,"F","F",1,"F","F",0,"F","F",8,"L","F","F","",0,0,"N",0,"N",0,"N",0,0,2,3,"8","","","","F","F","F","F","F","F","F","F","F","","pierr101","pierr101","F","F","F","F","F","","","","",0,8,0,0,0,0,0,0,0,68,"PHI","BRO","PHI",0,"F","T",3,10,1,30,5,"T","F",6,6,"T","T","browe102","cox-d101","T","T",0,0,0,7,3,67,4,2,66,"","henlb101","henlb101",0,0,0,0,0,0,0,0,0,0,0,0,0,"leacf101","F","F","F","F",0,0,2,3,0,0,0,0,0,0,F,F,"1925PHI.EVN.regular.event.csv",5126
"PHI192509290","BRO",7,1,0,0,0,"",3,10,"hubec101","?","hubec101","?","cantg101","?","cantg101","?","hargc101","fourj101","stocm101","tierc101","corgc101","hutsr101","browe102","cox-d101","","","","W","T","F",5,7,14,"T","F",0,"F","F",0,"F","F",0,"F","F",0,"","F","F","",0,0,"N",0,"N",0,"N",1,0,0,0,"","","","","F","F","F","F","F","F","F","F","F","","","","F","F","F","F","F","","","","",0,0,0,0,0,0,0,0,0,69,"PHI","PHI","BRO",1,"T","F",10,3,0,33,0,"T","F",0,1,"T","T","fribb101","pierr101","F","F",0,0,0,0,0,0,0,0,0,"","","",0,0,0,0,0,0,0,0,0,0,0,0,0,"","F","F","F","F",0,0,0,0,0,0,0,0,0,0,F,F,"1925PHI.EVN.regular.event.csv",5127
"PHI192509290","BRO",7,1,0,0,0,"",3,10,"fribb101","?","fribb101","?","cantg101","?","cantg101","?","hargc101","fourj101","stocm101","tierc101","corgc101","hutsr101","browe102","cox-d101","hubec101","","","43.1-2","F","F",4,8,2,"T","T",0,"F","F",1,"F","F",0,"F","F",4,"G","F","F","",0,0,"N",0,"N",0,"N",0,2,0,0,"43","","","","F","F","F","F","F","F","F","F","F","cantg101","","","F","F","F","F","F","","","","",0,3,0,0,4,0,0,0,0,70,"PHI","PHI","BRO",1,"F","F",10,3,0,34,1,"T","F",1,2,"T","T","pierr101","sandh101","F","F",5,7,69,0,0,0,0,0,0,"hargc101","","",0,0,0,0,0,0,0,0,0,0,0,0,0,"stocm101","F","F","F","F",0,0,0,0,0,0,0,0,0,0,F,F,"1925PHI.EVN.regular.event.csv",5128
"PHI192509290","BRO",7,1,1,0,0,"",3,10,"pierr101","?","pierr101","?","cantg101","?","cantg101","?","hargc101","fourj101","stocm101","tierc101","corgc101","hutsr101","browe102","cox-d101","","hubec101","","K","F","F",1,9,3,"T","T",0,"F","F",1,"F","F",0,"F","F",0,"","F","F","",0,0,"N",0,"N",0,"N",0,0,2,0,"2","","","","F","F","F","F","F","F","F","F","F","","cantg101","","F","F","F","F","F","","","","",0,2,0,0,0,0,0,0,0,71,"PHI","PHI","BRO",1,"F","F",10,3,0,35,2,"T","F",2,2,"T","T","sandh101","leacf101","F","F",0,0,0,5,7,69,0,0,0,"","hargc101","",0,0,0,0,0,0,0,0,0,0,0,0,0,"","F","F","F","F",0,0,0,0,0,0,0,0,0,0,F,F,"1925PHI.EVN.regular.event.csv",5129
"PHI192509290","BRO",7,1,2,0,0,"",3,10,"sandh101","?","sandh101","?","cantg101","?","cantg101","?","hargc101","fourj101","stocm101","tierc101","corgc101","hutsr101","browe102","cox-d101","","hubec101","","W+CS3(25)","F","F",6,1,14,"T","F",0,"F","F",1,"F","F",0,"F","F",0,"","F","F","",0,0,"N",0,"N",0,"N",1,0,0,0,"","","25","","F","F","F","F","T","F","F","F","F","","cantg101","","F","F","F","F","F","","","","",0,5,0,0,2,0,0,0,0,72,"PHI","PHI","BRO",1,"F","T",10,3,0,36,3,"T","F",2,1,"T","T","leacf101","willc103","F","F",0,0,0,5,7,69,0,0,0,"","hargc101","",0,0,0,0,0,0,0,0,0,0,0,0,0,"","F","F","F","F",0,0,0,0,0,0,0,0,0,0,F,F,"1925PHI.EVN.regular.event.csv",5130
"PHI192509290","BRO",8,0,0,0,0,"",3,10,"browe102","?","browe102","?","pierr101","?","pierr101","?","henlb101","mitcc102","fribb101","hubec101","sandh101","harpg101","leacf101","willc103","","","","63","T","F",8,5,2,"T","T",0,"F","F",1,"F","F",0,"F","F",6,"G","F","F","",0,0,"N",0,"N",0,"N",0,0,0,0,"63","","","","F","F","F","F","F","F","F","F","F","","","","F","F","F","F","F","","","","",0,3,0,0,6,0,0,0,0,73,"PHI","BRO","PHI",0,"T","F",3,10,0,31,0,"T","F",0,0,"T","T","cox-d101","corgc101","T","T",0,0,0,0,0,0,0,0,0,"","","",0,0,0,0,0,0,0,0,0,0,0,0,0,"sandh101","F","F","F","F",0,0,0,0,0,0,0,0,0,0,F,F,"1925PHI.EVN.regular.event.csv",5131
"PHI192509290","BRO",8,0,1,0,0,"",3,10,"cox-d101","?","cox-d101","?","pierr101","?","pierr101","?","henlb101","mitcc102","fribb101","hubec101","sandh101","harpg101","leacf101","willc103","","","","S9","F","F",9,6,20,"T","T",1,"F","F",0,"F","F",0,"F","F",9,"","F","F","",0,0,"N",0,"N",0,"N",1,0,0,0,"","","","","F","F","F","F","F","F","F","F","F","","","","F","F","F","F","F","","","","",0,0,0,0,0,0,0,0,0,74,"PHI","BRO","PHI",0,"F","F",3,10,0,32,1,"T","F",0,1,"T","T","corgc101","hargc101","T","T",0,0,0,0,0,0,0,0,0,"","","",0,0,0,0,0,0,0,0,0,0,0,0,0,"willc103","F","F","F","F",0,0,0,0,0,0,0,0,0,0,F,F,"1925PHI.EVN.regular.event.csv",5132
"PHI192509290","BRO",8,0,1,0,0,"",3,10,"corgc101","?","corgc101","?","pierr101","?","pierr101","?","henlb101","mitcc102","fribb101","hubec101","sandh101","harpg101","leacf101","willc103","cox-d101","","","54(1)/FO","F","F",6,7,2,"T","T",0,"F","F",1,"F","F",0,"F","F",5,"G","F","F","",0,0,"N",0,"N",0,"N",1,0,0,0,"","54","","","F","F","F","F","F","F","F","F","F","pierr101","","","F","F","F","F","F","","","","",0,4,0,0,5,0,0,0,0,75,"PHI","BRO","PHI",0,"F","F",3,10,0,33,2,"T","F",1,1,"T","T","hargc101","cantg101","T","T",9,6,74,0,0,0,0,0,0,"henlb101","","",0,0,0,0,0,0,0,0,0,0,0,0,0,"hubec101","T","F","F","F",0,0,0,0,0,0,0,0,0,0,F,F,"1925PHI.EVN.regular.event.csv",5133
"PHI192509290","BRO",8,0,2,0,0,"",3,10,"hargc101","?","hargc101","?","pierr101","?","pierr101","?","henlb101","mitcc102","fribb101","hubec101","sandh101","harpg101","leacf101","willc103","corgc101","","","54(1)/FO","F","F",2,8,2,"T","T",0,"F","F",1,"F","F",0,"F","F",5,"G","F","F","",0,0,"N",0,"N",0,"N",1,0,0,0,"","54","","","F","F","F","F","F","F","F","F","F","pierr101","","","F","F","F","F","F","","","","",0,4,0,0,5,0,0,0,0,76,"PHI","BRO","PHI",0,"F","T",3,10,0,34,3,"T","F",1,1,"F","F","cantg101","tierc101","T","T",6,7,75,0,0,0,0,0,0,"henlb101","","",0,0,0,0,0,0,0,0,0,0,0,0,0,"hubec101","T","F","F","F",0,0,0,0,0,0,0,0,0,0,F,F,"1925PHI.EVN.regular.event.csv",5134
"PHI192509290","BRO",8,1,0,0,0,"",3,10,"leacf101","?","leacf101","?","cantg101","?","cantg101","?","hargc101","fourj101","stocm101","tierc101","corgc101","hutsr101","browe102","cox-d101","","","","8/F","T","F",8,2,2,"T","T",0,"F","F",1,"F","F",0,"F","F",8,"F","F","F","",0,0,"N",0,"N",0,"N",0,0,0,0,"8","","","","F","F","F","F","F","F","F","F","F","","","","F","F","F","F","F","","","","",0,8,0,0,0,0,0,0,0,77,"PHI","PHI","BRO",1,"T","F",10,3,0,37,0,"T","F",0,0,"T","T","willc103","harpg101","F","F",0,0,0,0,0,0,0,0,0,"","","",0,0,0,0,0,0,0,0,0,0,0,0,0,"browe102","F","F","F","F",0,0,0,0,0,0,0,0,0,0,F,F,"1925PHI.EVN.regular.event.csv",5135
"PHI192509290","BRO",8,1,1,0,0,"",3,10,"willc103","?","willc103","?","cantg101","?","cantg101","?","hargc101","fourj101","stocm101","tierc101","corgc101","hutsr101","browe102","cox-d101","","","","W","F","F",9,3,14,"T","F",0,"F","F",0,"F","F",0,"F","F",0,"","F","F","",0,0,"N",0,"N",0,"N",1,0,0,0,"","","","","F","F","F","F","F","F","F","F","F","","","","F","F","F","F","F","","","","",0,0,0,0,0,0,0,0,0,78,"PHI","PHI","BRO",1,"F","F",10,3,0,38,1,"T","F",0,1,"T","T","harpg101","mitcc102","F","F",0,0,0,0,0,0,0,0,0,"","","",0,0,0,0,0,0,0,0,0,0,0,0,0,"","F","F","F","F",0,0,0,0,0,0,0,0,0,0,F,F,"1925PHI.EVN.regular.event.csv",5136
"PHI192509290","BRO",8,1,1,0,0,"",3,10,"harpg101","?","harpg101","?","cantg101","?","cantg101","?","hargc101","fourj101","stocm101","tierc101","corgc101","hutsr101","browe102","cox-d101","willc103","","","16(1)3/GDP","F","F",7,4,2,"T","T",0,"F","F",2,"T","F",0,"F","F",1,"G","F","F","",0,0,"N",0,"N",0,"N",0,0,0,0,"63","16","","","F","F","F","F","F","F","F","F","F","cantg101","","","F","F","F","F","F","","","","",0,6,3,0,1,6,0,0,0,79,"PHI","PHI","BRO",1,"F","T",10,3,0,39,2,"T","F",1,0,"T","T","mitcc102","henlb101","F","F",9,3,78,0,0,0,0,0,0,"hargc101","","",0,0,0,0,0,0,0,0,0,0,0,0,0,"cantg101","T","F","F","F",0,0,0,0,0,0,0,0,0,0,F,F,"1925PHI.EVN.regular.event.csv",5137
"PHI192509290","BRO",9,0,0,0,0,"",3,10,"debeh101","?","debeh101","?","pierr101","?","pierr101","?","henlb101","mitcc102","fribb101","hubec101","sandh101","harpg101","leacf101","willc103","","","","S6/G","T","T",11,9,20,"T","T",1,"F","F",0,"F","F",0,"F","F",6,"G","F","F","",0,0,"N",0,"N",0,"N",1,0,0,0,"","","","","F","F","F","F","F","F","F","F","F","","","","F","F","F","F","F","","","","cantg101",1,0,0,0,0,0,0,0,0,80,"PHI","BRO","PHI",0,"T","F",3,10,0,35,0,"T","F",0,1,"F","F","tierc101","stocm101","T","T",0,0,0,0,0,0,0,0,0,"","","",0,0,0,0,0,0,0,0,0,0,0,0,0,"sandh101","F","F","F","F",4,0,0,0,1,0,0,0,0,0,F,F,"1925PHI.EVN.regular.event.csv",5138
"PHI192509290","BRO",9,0,0,0,0,"",3,10,"tierc101","?","tierc101","?","pierr101","?","pierr101","?","henlb101","mitcc102","fribb101","hubec101","sandh101","harpg101","leacf101","willc103","debeh101","","","7/F","F","F",5,1,2,"T","T",0,"F","F",1,"F","F",0,"F","F",7,"F","F","F","",0,0,"N",0,"N",0,"N",0,1,0,0,"7","","","","F","F","F","F","F","F","F","F","F","pierr101","","","F","F","F","F","F","","","","",0,7,0,0,0,0,0,0,0,81,"PHI","BRO","PHI",0,"F","F",3,10,0,36,1,"T","F",1,1,"F","F","stocm101","hutsr101","T","T",0,9,80,0,0,0,0,0,0,"henlb101","","",0,0,0,0,0,0,0,0,0,0,0,0,0,"harpg101","F","F","F","F",0,4,0,0,1,0,0,0,0,0,F,F,"1925PHI.EVN.regular.event.csv",5139
"PHI192509290","BRO",9,0,1,0,0,"",3,10,"stocm101","?","stocm101","?","pierr101","?","pierr101","?","henlb101","mitcc102","fribb101","hubec101","sandh101","harpg101","leacf101","willc103","debeh101","","","8/F8XD.1-2","F","F",4,2,2,"T","T",0,"F","F",1,"F","F",0,"F","F",8,"F","F","F","8XD",0,0,"N",0,"N",0,"N",0,2,0,0,"8","","","","F","F","F","F","F","F","F","F","F","pierr101","","","F","F","F","F","F","","","","",0,8,0,0,0,0,0,0,0,82,"PHI","BRO","PHI",0,"F","F",3,10,0,37,2,"T","F",1,2,"T","T","hutsr101","fourj101","T","T",0,9,80,0,0,0,0,0,0,"henlb101","","",0,0,0,0,0,0,0,0,0,0,0,0,0,"leacf101","F","F","F","F",0,4,0,0,1,0,0,0,0,0,F,F,"1925PHI.EVN.regular.event.csv",5140
"PHI192509290","BRO",9,0,2,0,0,"",3,10,"hutsr101","?","hutsr101","?","pierr101","?","pierr101","?","henlb101","mitcc102","fribb101","hubec101","sandh101","harpg101","leacf101","willc103","","debeh101","","S9.2-H","F","F",7,3,20,"T","T",1,"F","F",0,"F","F",1,"F","F",9,"","F","F","",0,0,"N",0,"N",0,"N",1,0,4,0,"","","","","F","F","F","F","F","F","F","F","F","","pierr101","","F","F","F","F","F","","","","",0,0,0,0,0,0,0,0,0,83,"PHI","BRO","PHI",0,"F","F",3,10,0,38,3,"T","F",2,1,"F","F","fourj101","browe102","T","T",0,0,0,0,9,80,0,0,0,"","henlb101","",0,0,0,0,0,0,0,0,0,0,0,0,1,"willc103","F","F","F","F",1,0,4,0,0,0,0,0,0,0,F,F,"1925PHI.EVN.regular.event.csv",5141
"PHI192509290","BRO",9,0,2,0,0,"",4,10,"fourj101","?","fourj101","?","pierr101","?","pierr101","?","henlb101","mitcc102","fribb101","hubec101","sandh101","harpg101","leacf101","willc103","hutsr101","","","9/F","F","F",3,4,2,"T","T",0,"F","F",1,"F","F",0,"F","F",9,"F","F","F","",0,0,"N",0,"N",0,"N",0,1,0,0,"9","","","","F","F","F","F","F","F","F","F","F","pierr101","","","F","T","F","F","F","","","","",0,9,0,0,0,0,0,0,0,84,"PHI","BRO","PHI",0,"F","T",4,10,1,39,4,"T","F",1,1,"T","T","browe102","cox-d101","T","T",7,3,83,0,0,0,0,0,0,"henlb101","","",0,0,0,0,0,0,0,0,0,0,0,0,0,"willc103","F","F","F","F",0,1,0,0,0,0,0,0,0,0,F,F,"1925PHI.EVN.regular.event.csv",5142
"PHI192509300","BRO",1,0,0,0,0,"",0,0,"johnj107","?","johnj107","?","willc102","?","willc102","?","wilsj105","fonsl101","fribb101","hubec101","sandh101","harpg101","leacf101","willc103","","","","W","T","F",5,1,14,"T","F",0,"F","F",0,"F","F",0,"F","F",0,"","F","F","",0,0,"N",0,"N",0,"N",1,0,0,0,"","","","","F","F","F","F","F","F","F","F","F","","","","T","F","F","F","F","","","","",0,0,0,0,0,0,0,0,0,1,"PHI","BRO","PHI",0,"T","F",0,0,0,0,0,"T","F",0,1,"T","T","stocm101","wheaz101","T","T",0,0,0,0,0,0,0,0,0,"","","",0,0,0,0,0,0,0,0,0,0,0,0,0,"","F","F","F","F",0,0,0,0,0,0,0,0,0,0,F,F,"1925PHI.EVN.regular.event.csv",5143
"PHI192509300","BRO",1,0,0,0,0,"",0,0,"stocm101","?","stocm101","?","willc102","?","willc102","?","wilsj105","fonsl101","fribb101","hubec101","sandh101","harpg101","leacf101","willc103","johnj107","","","4/P","F","F",4,2,2,"T","T",0,"F","F",1,"F","F",0,"F","F",4,"P","F","F","",0,0,"N",0,"N",0,"N",0,1,0,0,"4","","","","F","F","F","F","F","F","F","F","F","willc102","","","F","F","F","F","F","","","","",0,4,0,0,0,0,0,0,0,2,"PHI","BRO","PHI",0,"F","F",0,0,0,1,1,"T","F",1,1,"T","T","wheaz101","fourj101","T","T",5,1,1,0,0,0,0,0,0,"wilsj105","","",0,0,0,0,0,0,0,0,0,0,0,0,0,"fribb101","F","F","F","F",0,0,0,0,0,0,0,0,0,0,F,F,"1925PHI.EVN.regular.event.csv",5144
"PHI192509300","BRO",1,0,1,0,0,"",0,0,"wheaz101","?","wheaz101","?","willc102","?","willc102","?","wilsj105","fonsl101","fribb101","hubec101","sandh101","harpg101","leacf101","willc103","johnj107","","","9/F","F","F",7,3,2,"T","T",0,"F","F",1,"F","F",0,"F","F",9,"F","F","F","",0,0,"N",0,"N",0,"N",0,1,0,0,"9","","","","F","F","F","F","F","F","F","F","F","willc102","","","F","F","F","F","F","","","","",0,9,0,0,0,0,0,0,0,3,"PHI","BRO","PHI",0,"F","F",0,0,0,2,2,"T","F",1,1,"T","T","fourj101","browe102","T","T",5,1,1,0,0,0,0,0,0,"wilsj105","","",0,0,0,0,0,0,0,0,0,0,0,0,0,"willc103","F","F","F","F",0,0,0,0,0,0,0,0,0,0,F,F,"1925PHI.EVN.regular.event.csv",5145
"PHI192509300","BRO",1,0,2,0,0,"",0,0,"fourj101","?","fourj101","?","willc102","?","willc102","?","wilsj105","fonsl101","fribb101","hubec101","sandh101","harpg101","leacf101","willc103","johnj107","","","S5/G.1-2","F","F",3,4,20,"T","T",1,"F","F",0,"F","F",0,"F","F",5,"G","F","F","",0,0,"N",0,"N",0,"N",1,2,0,0,"","","","","F","F","F","F","F","F","F","F","F","willc102","","","F","F","F","F","F","","","","",0,0,0,0,0,0,0,0,0,4,"PHI","BRO","PHI",0,"F","F",0,0,0,3,3,"T","F",1,3,"T","T","browe102","cox-d101","T","T",5,1,1,0,0,0,0,0,0,"wilsj105","","",0,0,0,0,0,0,0,0,0,0,0,0,0,"hubec101","F","F","F","F",0,0,0,0,0,0,0,0,0,0,F,F,"1925PHI.EVN.regular.event.csv",5146
"PHI192509300","BRO",1,0,2,0,0,"",0,0,"browe102","?","browe102","?","willc102","?","willc102","?","wilsj105","fonsl101","fribb101","hubec101","sandh101","harpg101","leacf101","willc103","fourj101","johnj107","","K","F","F",8,5,3,"T","T",0,"F","F",1,"F","F",0,"F","F",0,"","F","F","",0,0,"N",0,"N",0,"N",0,1,2,0,"2","","","","F","F","F","F","F","F","F","F","F","willc102","willc102","","F","F","F","F","F","","","","",0,2,0,0,0,0,0,0,0,5,"PHI","BRO","PHI",0,"F","T",0,0,0,4,4,"T","F",3,3,"T","T","cox-d101","corgc101","T","T",3,4,4,5,1,1,0,0,0,"wilsj105","wilsj105","",0,0,0,0,0,0,0,0,0,0,0,0,0,"","F","F","F","F",0,0,0,0,0,0,0,0,0,0,F,F,"1925PHI.EVN.regular.event.csv",5147
"PHI192509300","BRO",1,1,0,0,0,"",0,0,"sandh101","?","sandh101","?","mcgrb101","?","mcgrb101","?","debeh101","fourj101","stocm101","johnj107","corgc101","wheaz101","browe102","cox-d101","","","","43","T","F",6,1,2,"T","T",0,"F","F",1,"F","F",0,"F","F",4,"G","F","F","",0,0,"N",0,"N",0,"N",0,0,0,0,"43","","","","F","F","F","F","F","F","F","F","F","","","","F","F","F","F","F","","","","",0,3,0,0,4,0,0,0,0,6,"PHI","PHI","BRO",1,"T","F",0,0,0,0,0,"T","F",0,0,"T","T","leacf101","willc103","T","T",0,0,0,0,0,0,0,0,0,"","","",0,0,0,0,0,0,0,0,0,0,0,0,0,"stocm101","F","F","F","F",0,0,0,0,0,0,0,0,0,0,F,F,"1925PHI.EVN.regular.event.csv",5148
"PHI192509300","BRO",1,1,1,0,0,"",0,0,"leacf101","?","leacf101","?","mcgrb101","?","mcgrb101","?","debeh101","fourj101","stocm101","johnj107","corgc101","wheaz101","browe102","cox-d101","","","","W","F","F",8,2,14,"T","F",0,"F","F",0,"F","F",0,"F","F",0,"","F","F","",0,0,"N",0,"N",0,"N",1,0,0,0,"","","","","F","F","F","F","F","F","F","F","F","","","","F","F","F","F","F","","","","",0,0,0,0,0,0,0,0,0,7,"PHI","PHI","BRO",1,"F","F",0,0,0,1,1,"T","F",0,1,"T","T","willc103","harpg101","T","T",0,0,0,0,0,0,0,0,0,"","","",0,0,0,0,0,0,0,0,0,0,0,0,0,"","F","F","F","F",0,0,0,0,0,0,0,0,0,0,F,F,"1925PHI.EVN.regular.event.csv",5149
"PHI192509300","BRO",1,1,1,0,0,"",0,0,"willc103","?","willc103","?","mcgrb101","?","mcgrb101","?","debeh101","fourj101","stocm101","johnj107","corgc101","wheaz101","browe102","cox-d101","leacf101","","","3(B)6(1)/GDP","F","F",9,3,2,"T","T",0,"F","F",2,"T","F",0,"F","F",3,"G","F","F","",0,0,"N",0,"N",0,"N",0,0,0,0,"3","36","","","F","F","F","F","F","F","F","F","F","mcgrb101","","","F","F","F","F","F","","","","",0,3,6,0,3,0,0,0,0,8,"PHI","PHI","BRO",1,"F","T",0,0,0,2,2,"T","F",1,0,"T","T","harpg101","fonsl101","T","T",8,2,7,0,0,0,0,0,0,"debeh101","","",0,0,0,0,0,0,0,0,0,0,0,0,0,"fourj101","T","F","F","F",0,0,0,0,0,0,0,0,0,0,F,F,"1925PHI.EVN.regular.event.csv",5150
"PHI192509300","BRO",2,0,0,0,0,"",0,0,"cox-d101","?","cox-d101","?","willc102","?","willc102","?","wilsj105","fonsl101","fribb101","hubec101","sandh101","harpg101","leacf101","willc103","","","","S4/G","T","F",9,6,20,"T","T",1,"F","F",0,"F","F",0,"F","F",4,"G","F","F","",0,0,"N",0,"N",0,"N",1,0,0,0,"","","","","F","F","F","F","F","F","F","F","F","","","","F","F","F","F","F","","","","",0,0,0,0,0,0,0,0,0,9,"PHI","BRO","PHI",0,"T","F",0,0,0,5,0,"T","F",0,1,"T","T","corgc101","debeh101","T","T",0,0,0,0,0,0,0,0,0,"","","",0,0,0,0,0,0,0,0,0,0,0,0,0,"fribb101","F","F","F","F",4,0,0,0,3,0,0,0,0,0,F,F,"1925PHI.EVN.regular.event.csv",5151
"PHI192509300","BRO",2,0,0,0,0,"",0,0,"corgc101","?","corgc101","?","willc102","?","willc102","?","wilsj105","fonsl101","fribb101","hubec101","sandh101","harpg101","leacf101","willc103","cox-d101","","","K","F","F",6,7,3,"T","T",0,"F","F",1,"F","F",0,"F","F",0,"","F","F","",0,0,"N",0,"N",0,"N",0,1,0,0,"2","","","","F","F","F","F","F","F","F","F","F","willc102","","","F","F","F","F","F","","","","",0,2,0,0,0,0,0,0,0,10,"PHI","BRO","PHI",0,"F","F",0,0,0,6,1,"T","F",1,1,"T","T","debeh101","mcgrb101","T","T",9,6,9,0,0,0,0,0,0,"wilsj105","","",0,0,0,0,0,0,0,0,0,0,0,0,0,"","F","F","F","F",0,4,0,0,3,0,0,0,0,0,F,F,"1925PHI.EVN.regular.event.csv",5152
"PHI192509300","BRO",2,0,1,0,0,"",0,0,"debeh101","?","debeh101","?","willc102","?","willc102","?","wilsj105","fonsl101","fribb101","hubec101","sandh101","harpg101","leacf101","willc103","cox-d101","","","7/F7S","F","F",2,8,2,"T","T",0,"F","F",1,"F","F",0,"F","F",7,"F","F","F","7S",0,0,"N",0,"N",0,"N",0,1,0,0,"7","","","","F","F","F","F","F","F","F","F","F","willc102","","","F","F","F","F","F","","","","",0,7,0,0,0,0,0,0,0,11,"PHI","BRO","PHI",0,"F","F",0,0,0,7,2,"T","F",1,1,"T","T","mcgrb101","johnj107","T","T",9,6,9,0,0,0,0,0,0,"wilsj105","","",0,0,0,0,0,0,0,0,0,0,0,0,0,"harpg101","F","F","F","F",0,4,0,0,3,0,0,0,0,0,F,F,"1925PHI.EVN.regular.event.csv",5153
"PHI192509300","BRO",2,0,2,0,0,"",0,0,"mcgrb101","?","mcgrb101","?","willc102","?","willc102","?","wilsj105","fonsl101","fribb101","hubec101","sandh101","harpg101","leacf101","willc103","cox-d101","","","S9/L.1-2","F","F",1,9,20,"T","T",1,"F","F",0,"F","F",0,"F","F",9,"L","F","F","",0,0,"N",0,"N",0,"N",1,2,0,0,"","","","","F","F","F","F","F","F","F","F","F","willc102","","","F","F","F","F","F","","","","",0,0,0,0,0,0,0,0,0,12,"PHI","BRO","PHI",0,"F","F",0,0,0,8,3,"T","F",1,3,"T","T","johnj107","stocm101","T","T",9,6,9,0,0,0,0,0,0,"wilsj105","","",0,0,0,0,0,0,0,0,0,0,0,0,0,"willc103","F","F","F","F",5,4,0,0,3,0,0,0,0,0,F,F,"1925PHI.EVN.regular.event.csv",5154
"PHI192509300","BRO",2,0,2,0,0,"",0,0,"johnj107","?","johnj107","?","willc102","?","willc102","?","wilsj105","fonsl101","fribb101","hubec101","sandh101","harpg101","leacf101","willc103","mcgrb101","cox-d101","","D9/9L.2-H;1-3","F","F",5,1,21,"T","T",2,"F","F",0,"F","F",1,"F","F",9,"","F","F","9L",0,0,"N",0,"N",0,"N",2,3,4,0,"","","","","F","F","F","F","F","F","F","F","F","willc102","willc102","","F","F","F","F","F","","","","",0,0,0,0,0,0,0,0,0,13,"PHI","BRO","PHI",0,"F","F",0,0,0,9,4,"T","F",3,6,"T","T","stocm101","wheaz101","T","T",1,9,12,9,6,9,0,0,0,"wilsj105","wilsj105","",0,0,0,0,0,0,0,0,0,0,0,0,1,"willc103","F","F","F","F",5,5,4,0,2,0,0,0,0,0,F,F,"1925PHI.EVN.regular.event.csv",5155
"PHI192509300","BRO",2,0,2,0,0,"",1,0,"stocm101","?","stocm101","?","willc102","?","willc102","?","wilsj105","fonsl101","fribb101","hubec101","sandh101","harpg101","leacf101","willc103","","johnj107","mcgrb101","E5/G.3-H(NR)(UR);2-H(NR)(UR)","F","F",4,2,18,"T","T",0,"F","F",0,"F","F",0,"F","F",5,"G","F","F","",1,5,"F",0,"N",0,"N",1,0,5,5,"","","","","F","F","F","F","F","F","F","F","F","","willc102","willc102","F","F","F","F","F","","","","",0,0,0,0,0,0,0,0,0,14,"PHI","BRO","PHI",0,"F","F",1,0,1,10,5,"T","F",6,1,"T","T","wheaz101","fourj101","T","T",0,0,0,5,1,13,1,9,12,"","wilsj105","wilsj105",0,0,0,0,0,0,0,0,0,0,0,0,2,"hubec101","F","F","F","T",0,0,5,5,0,0,0,0,0,0,F,F,"1925PHI.EVN.regular.event.csv",5156
"PHI192509300","BRO",2,0,2,0,0,"",3,0,"wheaz101","?","wheaz101","?","willc102","?","willc102","?","wilsj105","fonsl101","fribb101","hubec101","sandh101","harpg101","leacf101","willc103","stocm101","","","W.1-2","F","F",7,3,14,"T","F",0,"F","F",0,"F","F",0,"F","F",0,"","F","F","",0,0,"N",0,"N",0,"N",1,2,0,0,"","","","","F","F","F","F","F","F","F","F","F","willc102","","","F","F","F","F","F","","","","",0,0,0,0,0,0,0,0,0,15,"PHI","BRO","PHI",0,"F","F",3,0,3,11,6,"T","F",1,3,"T","T","fourj101","browe102","T","T",4,2,14,0,0,0,0,0,0,"wilsj105","","",0,0,0,0,0,0,0,0,0,0,0,0,0,"","F","F","F","F",0,0,0,0,0,0,0,0,0,0,F,F,"1925PHI.EVN.regular.event.csv",5157
"PHI192509300","BRO",2,0,2,0,0,"",3,0,"fourj101","?","fourj101","?","willc102","?","willc102","?","wilsj105","fonsl101","fribb101","hubec101","sandh101","harpg101","leacf101","willc103","wheaz101","stocm101","","8/F","F","F",3,4,2,"T","T",0,"F","F",1,"F","F",0,"F","F",8,"F","F","F","",0,0,"N",0,"N",0,"N",0,1,2,0,"8","","","","F","F","F","F","F","F","F","F","F","willc102","willc102","","F","F","F","F","F","","","","",0,8,0,0,0,0,0,0,0,16,"PHI","BRO","PHI",0,"F","T",3,0,3,12,7,"T","F",3,3,"T","T","browe102","cox-d101","T","T",7,3,15,4,2,14,0,0,0,"wilsj105","wilsj105","",0,0,0,0,0,0,0,0,0,0,0,0,0,"leacf101","F","F","F","F",0,0,0,0,0,0,0,0,0,0,F,F,"1925PHI.EVN.regular.event.csv",5158
"PHI192509300","BRO",2,1,0,0,0,"",3,0,"harpg101","?","harpg101","?","mcgrb101","?","mcgrb101","?","debeh101","fourj101","stocm101","johnj107","corgc101","wheaz101","browe102","cox-d101","","","","43","T","F",7,4,2,"T","T",0,"F","F",1,"F","F",0,"F","F",4,"G","F","F","",0,0,"N",0,"N",0,"N",0,0,0,0,"43","","","","F","F","F","F","F","F","F","F","F","","","","F","F","F","F","F","","","","",0,3,0,0,4,0,0,0,0,17,"PHI","PHI","BRO",1,"T","F",0,3,0,3,0,"T","F",0,0,"T","T","fonsl101","wilsj105","T","T",0,0,0,0,0,0,0,0,0,"","","",0,0,0,0,0,0,0,0,0,0,0,0,0,"stocm101","F","F","F","F",0,0,0,0,0,0,0,0,0,0,F,F,"1925PHI.EVN.regular.event.csv",5159
"PHI192509300","BRO",2,1,1,0,0,"",3,0,"fonsl101","?","fonsl101","?","mcgrb101","?","mcgrb101","?","debeh101","fourj101","stocm101","johnj107","corgc101","wheaz101","browe102","cox-d101","","","","53","F","F",3,5,2,"T","T",0,"F","F",1,"F","F",0,"F","F",5,"G","F","F","",0,0,"N",0,"N",0,"N",0,0,0,0,"53","","","","F","F","F","F","F","F","F","F","F","","","","F","F","F","F","F","","","","",0,3,0,0,5,0,0,0,0,18,"PHI","PHI","BRO",1,"F","F",0,3,0,4,1,"T","F",0,0,"T","T","wilsj105","hubec101","T","T",0,0,0,0,0,0,0,0,0,"","","",0,0,0,0,0,0,0,0,0,0,0,0,0,"johnj107","F","F","F","F",0,0,0,0,0,0,0,0,0,0,F,F,"1925PHI.EVN.regular.event.csv",5160
"PHI192509300","BRO",2,1,2,0,0,"",3,0,"wilsj105","?","wilsj105","?","mcgrb101","?","mcgrb101","?","debeh101","fourj101","stocm101","johnj107","corgc101","wheaz101","browe102","cox-d101","","","","8/F","F","F",2,6,2,"T","T",0,"F","F",1,"F","F",0,"F","F",8,"F","F","F","",0,0,"N",0,"N",0,"N",0,0,0,0,"8","","","","F","F","F","F","F","F","F","F","F","","","","F","F","F","F","F","","","","",0,8,0,0,0,0,0,0,0,19,"PHI","PHI","BRO",1,"F","T",0,3,0,5,2,"T","F",0,0,"T","T","hubec101","fribb101","T","T",0,0,0,0,0,0,0,0,0,"","","",0,0,0,0,0,0,0,0,0,0,0,0,0,"browe102","F","F","F","F",0,0,0,0,0,0,0,0,0,0,F,F,"1925PHI.EVN.regular.event.csv",5161
"PHI192509300","BRO",3,0,0,0,0,"",3,0,"browe102","?","browe102","?","willc102","?","willc102","?","wilsj105","fonsl101","fribb101","hubec101","sandh101","harpg101","leacf101","willc103","","","","2/P/FL","T","F",8,5,2,"T","T",0,"F","F",1,"F","F",0,"F","F",2,"P","F","T","",0,0,"N",0,"N",0,"N",0,0,0,0,"2","","","","F","F","F","F","F","F","F","F","F","","","","F","F","F","F","F","","","","",0,2,0,0,0,0,0,0,0,20,"PHI","BRO","PHI",0,"T","F",3,0,0,13,0,"T","F",0,0,"T","T","cox-d101","corgc101","T","T",0,0,0,0,0,0,0,0,0,"","","",0,0,0,0,0,0,0,0,0,0,0,0,0,"wilsj105","F","F","F","F",0,0,0,0,0,0,0,0,0,0,F,F,"1925PHI.EVN.regular.event.csv",5162
"PHI192509300","BRO",3,0,1,0,0,"",3,0,"cox-d101","?","cox-d101","?","willc102","?","willc102","?","wilsj105","fonsl101","fribb101","hubec101","sandh101","harpg101","leacf101","willc103","","","","D9","F","F",9,6,21,"T","T",2,"F","F",0,"F","F",0,"F","F",9,"","F","F","",0,0,"N",0,"N",0,"N",2,0,0,0,"","","","","F","F","F","F","F","F","F","F","F","","","","F","F","F","F","F","","","","",0,0,0,0,0,0,0,0,0,21,"PHI","BRO","PHI",0,"F","F",3,0,0,14,1,"T","F",0,2,"T","T","corgc101","debeh101","T","T",0,0,0,0,0,0,0,0,0,"","","",0,0,0,0,0,0,0,0,0,0,0,0,0,"willc103","F","F","F","F",0,0,0,0,0,0,0,0,0,0,F,F,"1925PHI.EVN.regular.event.csv",5163
"PHI192509300","BRO",3,0,1,0,0,"",3,0,"corgc101","?","corgc101","?","willc102","?","willc102","?","wilsj105","fonsl101","fribb101","hubec101","sandh101","harpg101","leacf101","willc103","","cox-d101","","K","F","F",6,7,3,"T","T",0,"F","F",1,"F","F",0,"F","F",0,"","F","F","",0,0,"N",0,"N",0,"N",0,0,2,0,"2","","","","F","F","F","F","F","F","F","F","F","","willc102","","F","F","F","F","F","","","","",0,2,0,0,0,0,0,0,0,22,"PHI","BRO","PHI",0,"F","F",3,0,0,15,2,"T","F",2,2,"T","T","debeh101","mcgrb101","T","T",0,0,0,9,6,21,0,0,0,"","wilsj105","",0,0,0,0,0,0,0,0,0,0,0,0,0,"","F","F","F","F",0,0,0,0,0,0,0,0,0,0,F,F,"1925PHI.EVN.regular.event.csv",5164
"PHI192509300","BRO",3,0,2,0,0,"",3,0,"debeh101","?","debeh101","?","willc102","?","willc102","?","wilsj105","fonsl101","fribb101","hubec101","sandh101","harpg101","leacf101","willc103","","cox-d101","","W","F","F",2,8,14,"T","F",0,"F","F",0,"F","F",0,"F","F",0,"","F","F","",0,0,"N",0,"N",0,"N",1,0,2,0,"","","","","F","F","F","F","F","F","F","F","F","","willc102","","F","F","F","F","F","","","","",0,0,0,0,0,0,0,0,0,23,"PHI","BRO","PHI",0,"F","F",3,0,0,16,3,"T","F",2,3,"T","T","mcgrb101","johnj107","T","T",0,0,0,9,6,21,0,0,0,"","wilsj105","",0,0,0,0,0,0,0,0,0,0,0,0,0,"","F","F","F","F",0,0,0,0,0,0,0,0,0,0,F,F,"1925PHI.EVN.regular.event.csv",5165
"PHI192509300","BRO",3,0,2,0,0,"",3,0,"mcgrb101","?","mcgrb101","?","willc102","?","willc102","?","wilsj105","fonsl101","fribb101","hubec101","sandh101","harpg101","leacf101","willc103","debeh101","cox-d101","","3/P/FL","F","F",1,9,2,"T","T",0,"F","F",1,"F","F",0,"F","F",3,"P","F","T","",0,0,"N",0,"N",0,"N",0,1,2,0,"3","","","","F","F","F","F","F","F","F","F","F","willc102","willc102","","F","F","F","F","F","","","","",0,3,0,0,0,0,0,0,0,24,"PHI","BRO","PHI",0,"F","T",3,0,0,17,4,"T","F",3,3,"T","T","johnj107","stocm101","T","T",2,8,23,9,6,21,0,0,0,"wilsj105","wilsj105","",0,0,0,0,0,0,0,0,0,0,0,0,0,"fonsl101","F","F","F","F",0,0,0,0,0,0,0,0,0,0,F,F,"1925PHI.EVN.regular.event.csv",5166
"PHI192509300","BRO",3,1,0,0,0,"",3,0,"hubec101","?","hubec101","?","mcgrb101","?","mcgrb101","?","debeh101","fourj101","stocm101","johnj107","corgc101","wheaz101","browe102","cox-d101","","","","6/P","T","F",5,7,2,"T","T",0,"F","F",1,"F","F",0,"F","F",6,"P","F","F","",0,0,"N",0,"N",0,"N",0,0,0,0,"6","","","","F","F","F","F","F","F","F","F","F","","","","F","F","F","F","F","","","","",0,6,0,0,0,0,0,0,0,25,"PHI","PHI","BRO",1,"T","F",0,3,0,6,0,"T","F",0,0,"T","T","fribb101","willc102","T","T",0,0,0,0,0,0,0,0,0,"","","",0,0,0,0,0,0,0,0,0,0,0,0,0,"corgc101","F","F","F","F",0,0,0,0,0,0,0,0,0,0,F,F,"1925PHI.EVN.regular.event.csv",5167
"PHI192509300","BRO",3,1,1,0,0,"",3,0,"fribb101","?","fribb101","?","mcgrb101","?","mcgrb101","?","debeh101","fourj101","stocm101","johnj107","corgc101","wheaz101","browe102","cox-d101","","","","63","F","F",4,8,2,"T","T",0,"F","F",1,"F","F",0,"F","F",6,"G","F","F","",0,0,"N",0,"N",0,"N",0,0,0,0,"63","","","","F","F","F","F","F","F","F","F","F","","","","F","F","F","F","F","","","","",0,3,0,0,6,0,0,0,0,26,"PHI","PHI","BRO",1,"F","F",0,3,0,7,1,"T","F",0,0,"T","T","willc102","sandh101","T","T",0,0,0,0,0,0,0,0,0,"","","",0,0,0,0,0,0,0,0,0,0,0,0,0,"corgc101","F","F","F","F",0,0,0,0,0,0,0,0,0,0,F,F,"1925PHI.EVN.regular.event.csv",5168
"PHI192509300","BRO",3,1,2,0,0,"",3,0,"willc102","?","willc102","?","mcgrb101","?","mcgrb101","?","debeh101","fourj101","stocm101","johnj107","corgc101","wheaz101","browe102","cox-d101","","","","K","F","F",1,9,3,"T","T",0,"F","F",1,"F","F",0,"F","F",0,"","F","F","",0,0,"N",0,"N",0,"N",0,0,0,0,"2","","","","F","F","F","F","F","F","F","F","F","","","","F","F","F","F","F","","","","",0,2,0,0,0,0,0,0,0,27,"PHI","PHI","BRO",1,"F","T",0,3,0,8,2,"T","F",0,0,"T","T","sandh101","leacf101","T","T",0,0,0,0,0,0,0,0,0,"","","",0,0,0,0,0,0,0,0,0,0,0,0,0,"","F","F","F","F",0,0,0,0,0,0,0,0,0,0,F,F,"1925PHI.EVN.regular.event.csv",5169
"PHI192509300","BRO",4,0,0,0,0,"",3,0,"johnj107","?","johnj107","?","willc102","?","willc102","?","wilsj105","fonsl101","fribb101","hubec101","sandh101","harpg101","leacf101","willc103","","","","63","T","F",5,1,2,"T","T",0,"F","F",1,"F","F",0,"F","F",6,"G","F","F","",0,0,"N",0,"N",0,"N",0,0,0,0,"63","","","","F","F","F","F","F","F","F","F","F","","","","F","F","F","F","F","","","","",0,3,0,0,6,0,0,0,0,28,"PHI","BRO","PHI",0,"T","F",3,0,0,18,0,"T","F",0,0,"T","T","stocm101","wheaz101","T","T",0,0,0,0,0,0,0,0,0,"","","",0,0,0,0,0,0,0,0,0,0,0,0,0,"sandh101","F","F","F","F",0,0,0,0,0,0,0,0,0,0,F,F,"1925PHI.EVN.regular.event.csv",5170
"PHI192509300","BRO",4,0,1,0,0,"",3,0,"stocm101","?","stocm101","?","willc102","?","willc102","?","wilsj105","fonsl101","fribb101","hubec101","sandh101","harpg101","leacf101","willc103","","","","S9","F","F",4,2,20,"T","T",1,"F","F",0,"F","F",0,"F","F",9,"","F","F","",0,0,"N",0,"N",0,"N",1,0,0,0,"","","","","F","F","F","F","F","F","F","F","F","","","","F","F","F","F","F","","","","",0,0,0,0,0,0,0,0,0,29,"PHI","BRO","PHI",0,"F","F",3,0,0,19,1,"T","F",0,1,"T","T","wheaz101","fourj101","T","T",0,0,0,0,0,0,0,0,0,"","","",0,0,0,0,0,0,0,0,0,0,0,0,0,"willc103","F","F","F","F",0,0,0,0,0,0,0,0,0,0,F,F,"1925PHI.EVN.regular.event.csv",5171
"PHI192509300","BRO",4,0,1,0,0,"",3,0,"wheaz101","?","wheaz101","?","willc102","?","willc102","?","wilsj105","fonsl101","fribb101","hubec101","sandh101","harpg101","leacf101","willc103","stocm101","","","46(1)/FO","F","F",7,3,2,"T","T",0,"F","F",1,"F","F",0,"F","F",4,"G","F","F","",0,0,"N",0,"N",0,"N",1,0,0,0,"","46","","","F","F","F","F","F","F","F","F","F","willc102","","","F","F","F","F","F","","","","",0,6,0,0,4,0,0,0,0,30,"PHI","BRO","PHI",0,"F","F",3,0,0,20,2,"T","F",1,1,"T","T","fourj101","browe102","T","T",4,2,29,0,0,0,0,0,0,"wilsj105","","",0,0,0,0,0,0,0,0,0,0,0,0,0,"fribb101","T","F","F","F",0,0,0,0,0,0,0,0,0,0,F,F,"1925PHI.EVN.regular.event.csv",5172
"PHI192509300","BRO",4,0,2,0,0,"",3,0,"fourj101","?","fourj101","?","willc102","?","willc102","?","wilsj105","fonsl101","fribb101","hubec101","sandh101","harpg101","leacf101","willc103","wheaz101","","","S3/G.1-2","F","F",3,4,20,"T","T",1,"F","F",0,"F","F",0,"F","F",3,"G","F","F","",0,0,"N",0,"N",0,"N",1,2,0,0,"","","","","F","F","F","F","F","F","F","F","F","willc102","","","F","F","F","F","F","","","","",0,0,0,0,0,0,0,0,0,31,"PHI","BRO","PHI",0,"F","F",3,0,0,21,3,"T","F",1,3,"T","T","browe102","cox-d101","T","T",7,3,30,0,0,0,0,0,0,"wilsj105","","",0,0,0,0,0,0,0,0,0,0,0,0,0,"fonsl101","F","F","F","F",0,0,0,0,0,0,0,0,0,0,F,F,"1925PHI.EVN.regular.event.csv",5173
"PHI192509300","BRO",4,0,2,0,0,"",3,0,"browe102","?","browe102","?","willc102","?","willc102","?","wilsj105","fonsl101","fribb101","hubec101","sandh101","harpg101","leacf101","willc103","fourj101","wheaz101","","6/P","F","F",8,5,2,"T","T",0,"F","F",1,"F","F",0,"F","F",6,"P","F","F","",0,0,"N",0,"N",0,"N",0,1,2,0,"6","","","","F","F","F","F","F","F","F","F","F","willc102","willc102","","F","F","F","F","F","","","","",0,6,0,0,0,0,0,0,0,32,"PHI","BRO","PHI",0,"F","T",3,0,0,22,4,"T","F",3,3,"T","T","cox-d101","corgc101","T","T",3,4,31,7,3,30,0,0,0,"wilsj105","wilsj105","",0,0,0,0,0,0,0,0,0,0,0,0,0,"sandh101","F","F","F","F",0,0,0,0,0,0,0,0,0,0,F,F,"1925PHI.EVN.regular.event.csv",5174
"PHI192509300","BRO",4,1,0,0,0,"",3,0,"sandh101","?","sandh101","?","mcgrb101","?","mcgrb101","?","debeh101","fourj101","stocm101","johnj107","corgc101","wheaz101","browe102","cox-d101","","","","W","T","F",6,1,14,"T","F",0,"F","F",0,"F","F",0,"F","F",0,"","F","F","",0,0,"N",0,"N",0,"N",1,0,0,0,"","","","","F","F","F","F","F","F","F","F","F","","","","F","F","F","F","F","","","","",0,0,0,0,0,0,0,0,0,33,"PHI","PHI","BRO",1,"T","F",0,3,0,9,0,"T","F",0,1,"T","T","leacf101","willc103","T","T",0,0,0,0,0,0,0,0,0,"","","",0,0,0,0,0,0,0,0,0,0,0,0,0,"","F","F","F","F",4,0,0,0,2,0,0,0,0,0,F,F,"1925PHI.EVN.regular.event.csv",5175
"PHI192509300","BRO",4,1,0,0,0,"",3,0,"leacf101","?","leacf101","?","mcgrb101","?","mcgrb101","?","debeh101","fourj101","stocm101","johnj107","corgc101","wheaz101","browe102","cox-d101","sandh101","","","W.1-2","F","F",8,2,14,"T","F",0,"F","F",0,"F","F",0,"F","F",0,"","F","F","",0,0,"N",0,"N",0,"N",1,2,0,0,"","","","","F","F","F","F","F","F","F","F","F","mcgrb101","","","F","F","F","F","F","","","","",0,0,0,0,0,0,0,0,0,34,"PHI","PHI","BRO",1,"F","F",0,3,0,10,1,"T","F",1,3,"T","T","willc103","harpg101","T","T",6,1,33,0,0,0,0,0,0,"debeh101","","",0,0,0,0,0,0,0,0,0,0,0,0,0,"","F","F","F","F",4,4,0,0,2,0,0,0,0,0,F,F,"1925PHI.EVN.regular.event.csv",5176
"PHI192509300","BRO",4,1,0,0,0,"",3,0,"willc103","?","willc103","?","mcgrb101","?","mcgrb101","?","debeh101","fourj101","stocm101","johnj107","corgc101","wheaz101","browe102","cox-d101","leacf101","sandh101","","S/L89.2-H;1-2","F","F",9,3,20,"T","T",1,"F","F",0,"F","F",1,"F","F",0,"L","F","F","89",0,0,"N",0,"N",0,"N",1,2,4,0,"","","","","F","F","F","F","F","F","F","F","F","mcgrb101","mcgrb101","","F","F","F","F","F","","","","",0,0,0,0,0,0,0,0,0,35,"PHI","PHI","BRO",1,"F","F",0,3,0,11,2,"T","F",3,3,"T","T","harpg101","fonsl101","T","T",8,2,34,6,1,33,0,0,0,"debeh101","debeh101","",0,0,0,0,0,0,0,0,0,0,0,0,1,"","F","F","F","F",0,4,4,0,1,0,0,0,0,0,F,F,"1925PHI.EVN.regular.event.csv",5177
"PHI192509300","BRO",4,1,0,0,0,"",3,1,"harpg101","?","harpg101","?","mcgrb101","?","mcgrb101","?","debeh101","fourj101","stocm101","johnj107","corgc101","wheaz101","browe102","cox-d101","willc103","leacf101","","7/F","F","F",7,4,2,"T","T",0,"F","F",1,"F","F",0,"F","F",7,"F","F","F","",0,0,"N",0,"N",0,"N",0,1,2,0,"7","","","","F","F","F","F","F","F","F","F","F","mcgrb101","mcgrb101","","F","F","F","F","F","","","","",0,7,0,0,0,0,0,0,0,36,"PHI","PHI","BRO",1,"F","F",1,3,1,12,3,"T","F",3,3,"T","T","fonsl101","wilsj105","T","T",9,3,35,8,2,34,0,0,0,"debeh101","debeh101","",0,0,0,0,0,0,0,0,0,0,0,0,0,"wheaz101","F","F","F","F",0,0,4,0,1,0,0,0,0,0,F,F,"1925PHI.EVN.regular.event.csv",5178
"PHI192509300","BRO",4,1,1,0,0,"",3,1,"fonsl101","?","fonsl101","?","mcgrb101","?","mcgrb101","?","debeh101","fourj101","stocm101","johnj107","corgc101","wheaz101","browe102","cox-d101","willc103","leacf101","","S7.2-H;1-2","F","F",3,5,20,"T","T",1,"F","F",0,"F","F",1,"F","F",7,"","F","F","",0,0,"N",0,"N",0,"N",1,2,4,0,"","","","","F","F","F","F","F","F","F","F","F","mcgrb101","mcgrb101","","F","F","F","F","F","","","","",0,0,0,0,0,0,0,0,0,37,"PHI","PHI","BRO",1,"F","F",1,3,1,13,4,"T","F",3,3,"T","T","wilsj105","hubec101","T","T",9,3,35,8,2,34,0,0,0,"debeh101","debeh101","",0,0,0,0,0,0,0,0,0,0,0,0,1,"wheaz101","F","F","F","F",0,0,4,0,0,0,0,0,0,0,F,F,"1925PHI.EVN.regular.event.csv",5179
"PHI192509300","BRO",4,1,1,0,0,"",3,2,"wilsj105","?","wilsj105","?","mcgrb101","?","mcgrb101","?","debeh101","fourj101","stocm101","johnj107","corgc101","wheaz101","browe102","cox-d101","fonsl101","willc103","","9/F","F","F",2,6,2,"T","T",0,"F","F",1,"F","F",0,"F","F",9,"F","F","F","",0,0,"N",0,"N",0,"N",0,1,2,0,"9","","","","F","F","F","F","F","F","F","F","F","mcgrb101","mcgrb101","","F","F","F","F","F","","","","",0,9,0,0,0,0,0,0,0,38,"PHI","PHI","BRO",1,"F","F",2,3,2,14,5,"T","F",3,3,"T","T","hubec101","fribb101","T","T",3,5,37,9,3,35,0,0,0,"debeh101","debeh101","",0,0,0,0,0,0,0,0,0,0,0,0,0,"cox-d101","F","F","F","F",0,0,0,0,0,0,0,0,0,0,F,F,"1925PHI.EVN.regular.event.csv",5180
"PHI192509300","BRO",4,1,2,0,0,"",3,2,"hubec101","?","hubec101","?","mcgrb101","?","mcgrb101","?","debeh101","fourj101","stocm101","johnj107","corgc101","wheaz101","browe102","cox-d101","fonsl101","willc103","","CS3(25)","F","F",5,7,6,"F","F",0,"F","F",1,"F","F",0,"F","F",0,"","F","F","",0,0,"N",0,"N",0,"N",0,1,0,0,"","","25","","F","F","F","F","T","F","F","F","F","mcgrb101","mcgrb101","","F","F","F","F","F","","","","",0,5,0,0,2,0,0,0,0,39,"PHI","PHI","BRO",1,"F","T",2,3,2,15,6,"T","T",3,1,"T","T","fribb101","willc102","T","T",3,5,37,9,3,35,0,0,0,"debeh101","debeh101","",0,0,0,0,0,0,0,0,0,0,0,0,0,"","F","F","F","F",0,0,0,0,0,0,0,0,0,0,F,F,"1925PHI.EVN.regular.event.csv",5181
"PHI192509300","BRO",5,0,0,0,0,"",3,2,"cox-d101","?","cox-d101","?","willc102","?","willc102","?","wilsj105","fonsl101","fribb101","hubec101","sandh101","harpg101","leacf101","willc103","","","","D8","T","F",9,6,21,"T","T",2,"F","F",0,"F","F",0,"F","F",8,"","F","F","",0,0,"N",0,"N",0,"N",2,0,0,0,"","","","","F","F","F","F","F","F","F","F","F","","","","F","F","F","F","F","","","","",0,0,0,0,0,0,0,0,0,40,"PHI","BRO","PHI",0,"T","F",3,2,0,23,0,"T","F",0,2,"T","T","corgc101","debeh101","T","T",0,0,0,0,0,0,0,0,0,"","","",0,0,0,0,0,0,0,0,0,0,0,0,0,"leacf101","F","F","F","F",0,0,0,0,0,0,0,0,0,0,F,F,"1925PHI.EVN.regular.event.csv",5182
"PHI192509300","BRO",5,0,0,0,0,"",3,2,"corgc101","?","corgc101","?","willc102","?","willc102","?","wilsj105","fonsl101","fribb101","hubec101","sandh101","harpg101","leacf101","willc103","","cox-d101","","1/P","F","F",6,7,2,"T","T",0,"F","F",1,"F","F",0,"F","F",1,"P","F","F","",0,0,"N",0,"N",0,"N",0,0,2,0,"1","","","","F","F","F","F","F","F","F","F","F","","willc102","","F","F","F","F","F","","","","",0,1,0,0,0,0,0,0,0,41,"PHI","BRO","PHI",0,"F","F",3,2,0,24,1,"T","F",2,2,"T","T","debeh101","mcgrb101","T","T",0,0,0,9,6,40,0,0,0,"","wilsj105","",0,0,0,0,0,0,0,0,0,0,0,0,0,"willc102","F","F","F","F",0,0,0,0,0,0,0,0,0,0,F,F,"1925PHI.EVN.regular.event.csv",5183
"PHI192509300","BRO",5,0,1,0,0,"",3,2,"debeh101","?","debeh101","?","willc102","?","willc102","?","wilsj105","fonsl101","fribb101","hubec101","sandh101","harpg101","leacf101","willc103","","cox-d101","","8/F","F","F",2,8,2,"T","T",0,"F","F",1,"F","F",0,"F","F",8,"F","F","F","",0,0,"N",0,"N",0,"N",0,0,2,0,"8","","","","F","F","F","F","F","F","F","F","F","","willc102","","F","F","F","F","F","","","","",0,8,0,0,0,0,0,0,0,42,"PHI","BRO","PHI",0,"F","F",3,2,0,25,2,"T","F",2,2,"T","T","mcgrb101","johnj107","T","T",0,0,0,9,6,40,0,0,0,"","wilsj105","",0,0,0,0,0,0,0,0,0,0,0,0,0,"leacf101","F","F","F","F",0,0,0,0,0,0,0,0,0,0,F,F,"1925PHI.EVN.regular.event.csv",5184
"PHI192509300","BRO",5,0,2,0,0,"",3,2,"mcgrb101","?","mcgrb101","?","willc102","?","willc102","?","wilsj105","fonsl101","fribb101","hubec101","sandh101","harpg101","leacf101","willc103","","cox-d101","","W","F","F",1,9,14,"T","F",0,"F","F",0,"F","F",0,"F","F",0,"","F","F","",0,0,"N",0,"N",0,"N",1,0,2,0,"","","","","F","F","F","F","F","F","F","F","F","","willc102","","F","F","F","F","F","","","","",0,0,0,0,0,0,0,0,0,43,"PHI","BRO","PHI",0,"F","F",3,2,0,26,3,"T","F",2,3,"T","T","johnj107","stocm101","T","T",0,0,0,9,6,40,0,0,0,"","wilsj105","",0,0,0,0,0,0,0,0,0,0,0,0,0,"","F","F","F","F",0,0,0,0,0,0,0,0,0,0,F,F,"1925PHI.EVN.regular.event.csv",5185
"PHI192509300","BRO",5,0,2,0,0,"",3,2,"johnj107","?","johnj107","?","willc102","?","willc102","?","wilsj105","fonsl101","fribb101","hubec101","sandh101","harpg101","leacf101","willc103","mcgrb101","cox-d101","","46(1)/FO","F","F",5,1,2,"T","T",0,"F","F",1,"F","F",0,"F","F",4,"G","F","F","",0,0,"N",0,"N",0,"N",1,0,2,0,"","46","","","F","F","F","F","F","F","F","F","F","willc102","willc102","","F","F","F","F","F","","","","",0,6,0,0,4,0,0,0,0,44,"PHI","BRO","PHI",0,"F","T",3,2,0,27,4,"T","F",3,3,"T","T","stocm101","wheaz101","T","T",1,9,43,9,6,40,0,0,0,"wilsj105","wilsj105","",0,0,0,0,0,0,0,0,0,0,0,0,0,"fribb101","T","F","F","F",0,0,0,0,0,0,0,0,0,0,F,F,"1925PHI.EVN.regular.event.csv",5186
"PHI192509300","BRO",5,1,0,0,0,"",3,2,"hubec101","?","hubec101","?","mcgrb101","?","mcgrb101","?","debeh101","fourj101","stocm101","johnj107","corgc101","wheaz101","browe102","cox-d101","","","","43","T","F",5,7,2,"T","T",0,"F","F",1,"F","F",0,"F","F",4,"G","F","F","",0,0,"N",0,"N",0,"N",0,0,0,0,"43","","","","F","F","F","F","F","F","F","F","F","","","","F","F","F","F","F","","","","",0,3,0,0,4,0,0,0,0,45,"PHI","PHI","BRO",1,"T","F",2,3,0,15,0,"T","F",0,0,"T","T","fribb101","willc102","T","T",0,0,0,0,0,0,0,0,0,"","","",0,0,0,0,0,0,0,0,0,0,0,0,0,"stocm101","F","F","F","F",0,0,0,0,0,0,0,0,0,0,F,F,"1925PHI.EVN.regular.event.csv",5187
"PHI192509300","BRO",5,1,1,0,0,"",3,2,"fribb101","?","fribb101","?","mcgrb101","?","mcgrb101","?","debeh101","fourj101","stocm101","johnj107","corgc101","wheaz101","browe102","cox-d101","","","","S7","F","F",4,8,20,"T","T",1,"F","F",0,"F","F",0,"F","F",7,"","F","F","",0,0,"N",0,"N",0,"N",1,0,0,0,"","","","","F","F","F","F","F","F","F","F","F","","","","F","F","F","F","F","","","","",0,0,0,0,0,0,0,0,0,46,"PHI","PHI","BRO",1,"F","F",2,3,0,16,1,"T","F",0,1,"T","T","willc102","sandh101","T","T",0,0,0,0,0,0,0,0,0,"","","",0,0,0,0,0,0,0,0,0,0,0,0,0,"wheaz101","F","F","F","F",0,0,0,0,0,0,0,0,0,0,F,F,"1925PHI.EVN.regular.event.csv",5188
"PHI192509300","BRO",5,1,1,0,0,"",3,2,"willc102","?","willc102","?","mcgrb101","?","mcgrb101","?","debeh101","fourj101","stocm101","johnj107","corgc101","wheaz101","browe102","cox-d101","fribb101","","","9/F","F","F",1,9,2,"T","T",0,"F","F",1,"F","F",0,"F","F",9,"F","F","F","",0,0,"N",0,"N",0,"N",0,1,0,0,"9","","","","F","F","F","F","F","F","F","F","F","mcgrb101","","","F","F","F","F","F","","","","",0,9,0,0,0,0,0,0,0,47,"PHI","PHI","BRO",1,"F","F",2,3,0,17,2,"T","F",1,1,"T","T","sandh101","leacf101","T","T",4,8,46,0,0,0,0,0,0,"debeh101","","",0,0,0,0,0,0,0,0,0,0,0,0,0,"cox-d101","F","F","F","F",0,0,0,0,0,0,0,0,0,0,F,F,"1925PHI.EVN.regular.event.csv",5189
"PHI192509300","BRO",5,1,2,0,0,"",3,2,"sandh101","?","sandh101","?","mcgrb101","?","mcgrb101","?","debeh101","fourj101","stocm101","johnj107","corgc101","wheaz101","browe102","cox-d101","fribb101","","","K","F","F",6,1,3,"T","T",0,"F","F",1,"F","F",0,"F","F",0,"","F","F","",0,0,"N",0,"N",0,"N",0,1,0,0,"2","","","","F","F","F","F","F","F","F","F","F","mcgrb101","","","F","F","F","F","F","","","","",0,2,0,0,0,0,0,0,0,48,"PHI","PHI","BRO",1,"F","T",2,3,0,18,3,"T","F",1,1,"T","T","leacf101","willc103","T","T",4,8,46,0,0,0,0,0,0,"debeh101","","",0,0,0,0,0,0,0,0,0,0,0,0,0,"","F","F","F","F",0,0,0,0,0,0,0,0,0,0,F,F,"1925PHI.EVN.regular.event.csv",5190
"PHI192509300","BRO",6,0,0,0,0,"",3,2,"stocm101","?","stocm101","?","willc102","?","willc102","?","wilsj105","fonsl101","fribb101","hubec101","sandh101","harpg101","leacf101","willc103","","","","S4/G","T","F",4,2,20,"T","T",1,"F","F",0,"F","F",0,"F","F",4,"G","F","F","",0,0,"N",0,"N",0,"N",1,0,0,0,"","","","","F","F","F","F","F","F","F","F","F","","","","F","F","F","F","F","","","","",0,0,0,0,0,0,0,0,0,49,"PHI","BRO","PHI",0,"T","F",3,2,0,28,0,"T","F",0,1,"T","T","wheaz101","fourj101","T","T",0,0,0,0,0,0,0,0,0,"","","",0,0,0,0,0,0,0,0,0,0,0,0,0,"fribb101","F","F","F","F",0,0,0,0,1,0,0,0,0,0,F,F,"1925PHI.EVN.regular.event.csv",5191
"PHI192509300","BRO",6,0,0,0,0,"",3,2,"wheaz101","?","wheaz101","?","willc102","?","willc102","?","wilsj105","fonsl101","fribb101","hubec101","sandh101","harpg101","leacf101","willc103","stocm101","","","7/F","F","F",7,3,2,"T","T",0,"F","F",1,"F","F",0,"F","F",7,"F","F","F","",0,0,"N",0,"N",0,"N",0,1,0,0,"7","","","","F","F","F","F","F","F","F","F","F","willc102","","","F","F","F","F","F","","","","",0,7,0,0,0,0,0,0,0,50,"PHI","BRO","PHI",0,"F","F",3,2,0,29,1,"T","F",1,1,"T","T","fourj101","browe102","T","T",4,2,49,0,0,0,0,0,0,"wilsj105","","",0,0,0,0,0,0,0,0,0,0,0,0,0,"harpg101","F","F","F","F",0,0,0,0,1,0,0,0,0,0,F,F,"1925PHI.EVN.regular.event.csv",5192
"PHI192509300","BRO",6,0,1,0,0,"",3,2,"fourj101","?","fourj101","?","willc102","?","willc102","?","wilsj105","fonsl101","fribb101","hubec101","sandh101","harpg101","leacf101","willc103","stocm101","","","46(1)/FO","F","F",3,4,2,"T","T",0,"F","F",1,"F","F",0,"F","F",4,"G","F","F","",0,0,"N",0,"N",0,"N",1,0,0,0,"","46","","","F","F","F","F","F","F","F","F","F","willc102","","","F","F","F","F","F","","","","",0,6,0,0,4,0,0,0,0,51,"PHI","BRO","PHI",0,"F","F",3,2,0,30,2,"T","F",1,1,"T","T","browe102","cox-d101","T","T",4,2,49,0,0,0,0,0,0,"wilsj105","","",0,0,0,0,0,0,0,0,0,0,0,0,0,"fribb101","T","F","F","F",4,0,0,0,1,0,0,0,0,0,F,F,"1925PHI.EVN.regular.event.csv",5193
"PHI192509300","BRO",6,0,2,0,0,"",3,2,"browe102","?","browe102","?","willc102","?","willc102","?","wilsj105","fonsl101","fribb101","hubec101","sandh101","harpg101","leacf101","willc103","fourj101","","","S9.1-3","F","F",8,5,20,"T","T",1,"F","F",0,"F","F",0,"F","F",9,"","F","F","",0,0,"N",0,"N",0,"N",1,3,0,0,"","","","","F","F","F","F","F","F","F","F","F","willc102","","","F","F","F","F","F","","","","",0,0,0,0,0,0,0,0,0,52,"PHI","BRO","PHI",0,"F","F",3,2,0,31,3,"T","F",1,5,"T","T","cox-d101","corgc101","T","T",3,4,51,0,0,0,0,0,0,"wilsj105","","",0,0,0,0,0,0,0,0,0,0,0,0,0,"willc103","F","F","F","F",0,4,0,0,1,0,0,0,0,0,F,F,"1925PHI.EVN.regular.event.csv",5194
"PHI192509300","BRO",6,0,2,0,0,"",3,2,"cox-d101","?","cox-d101","?","willc102","?","willc102","?","wilsj105","fonsl101","fribb101","hubec101","sandh101","harpg101","leacf101","willc103","browe102","","fourj101","S8.3-H;1-2","F","F",9,6,20,"T","T",1,"F","F",0,"F","F",1,"F","F",8,"","F","F","",0,0,"N",0,"N",0,"N",1,2,0,4,"","","","","F","F","F","F","F","F","F","F","F","willc102","","willc102","F","F","F","F","F","","","","",0,0,0,0,0,0,0,0,0,53,"PHI","BRO","PHI",0,"F","F",3,2,0,32,4,"T","F",5,3,"T","T","corgc101","debeh101","T","T",8,5,52,0,0,0,3,4,51,"wilsj105","","wilsj105",0,0,0,0,0,0,0,0,0,0,0,0,1,"leacf101","F","F","F","F",0,0,0,4,0,0,0,0,0,0,F,F,"1925PHI.EVN.regular.event.csv",5195
"PHI192509300","BRO",6,0,2,0,0,"",4,2,"corgc101","?","corgc101","?","willc102","?","willc102","?","wilsj105","fonsl101","fribb101","hubec101","sandh101","harpg101","leacf101","willc103","cox-d101","browe102","","8/F","F","F",6,7,2,"T","T",0,"F","F",1,"F","F",0,"F","F",8,"F","F","F","",0,0,"N",0,"N",0,"N",0,1,2,0,"8","","","","F","F","F","F","F","F","F","F","F","willc102","willc102","","F","F","F","F","F","","","","",0,8,0,0,0,0,0,0,0,54,"PHI","BRO","PHI",0,"F","T",4,2,1,33,5,"T","F",3,3,"T","T","debeh101","mcgrb101","T","T",9,6,53,8,5,52,0,0,0,"wilsj105","wilsj105","",0,0,0,0,0,0,0,0,0,0,0,0,0,"leacf101","F","F","F","F",0,0,0,0,0,0,0,0,0,0,F,F,"1925PHI.EVN.regular.event.csv",5196
"PHI192509300","BRO",6,1,0,0,0,"",4,2,"leacf101","?","leacf101","?","mcgrb101","?","mcgrb101","?","debeh101","fourj101","stocm101","johnj107","corgc101","wheaz101","browe102","cox-d101","","","","53","T","F",8,2,2,"T","T",0,"F","F",1,"F","F",0,"F","F",5,"G","F","F","",0,0,"N",0,"N",0,"N",0,0,0,0,"53","","","","F","F","F","F","F","F","F","F","F","","","","F","F","F","F","F","","","","",0,3,0,0,5,0,0,0,0,55,"PHI","PHI","BRO",1,"T","F",2,4,0,19,0,"T","F",0,0,"T","T","willc103","harpg101","T","T",0,0,0,0,0,0,0,0,0,"","","",0,0,0,0,0,0,0,0,0,0,0,0,0,"johnj107","F","F","F","F",0,0,0,0,0,0,0,0,0,0,F,F,"1925PHI.EVN.regular.event.csv",5197
"PHI192509300","BRO",6,1,1,0,0,"",4,2,"willc103","?","willc103","?","mcgrb101","?","mcgrb101","?","debeh101","fourj101","stocm101","johnj107","corgc101","wheaz101","browe102","cox-d101","","","","S9","F","F",9,3,20,"T","T",1,"F","F",0,"F","F",0,"F","F",9,"","F","F","",0,0,"N",0,"N",0,"N",1,0,0,0,"","","","","F","F","F","F","F","F","F","F","F","","","","F","F","F","F","F","","","","",0,0,0,0,0,0,0,0,0,56,"PHI","PHI","BRO",1,"F","F",2,4,0,20,1,"T","F",0,1,"T","T","harpg101","fonsl101","T","T",0,0,0,0,0,0,0,0,0,"","","",0,0,0,0,0,0,0,0,0,0,0,0,0,"cox-d101","F","F","F","F",0,0,0,0,0,0,0,0,0,0,F,F,"1925PHI.EVN.regular.event.csv",5198
"PHI192509300","BRO",6,1,1,0,0,"",4,2,"harpg101","?","harpg101","?","mcgrb101","?","mcgrb101","?","debeh101","fourj101","stocm101","johnj107","corgc101","wheaz101","browe102","cox-d101","willc103","","","9/F","F","F",7,4,2,"T","T",0,"F","F",1,"F","F",0,"F","F",9,"F","F","F","",0,0,"N",0,"N",0,"N",0,1,0,0,"9","","","","F","F","F","F","F","F","F","F","F","mcgrb101","","","F","F","F","F","F","","","","",0,9,0,0,0,0,0,0,0,57,"PHI","PHI","BRO",1,"F","F",2,4,0,21,2,"T","F",1,1,"T","T","fonsl101","wilsj105","T","T",9,3,56,0,0,0,0,0,0,"debeh101","","",0,0,0,0,0,0,0,0,0,0,0,0,0,"cox-d101","F","F","F","F",0,0,0,0,0,0,0,0,0,0,F,F,"1925PHI.EVN.regular.event.csv",5199
"PHI192509300","BRO",6,1,2,0,0,"",4,2,"fonsl101","?","fonsl101","?","mcgrb101","?","mcgrb101","?","debeh101","fourj101","stocm101","johnj107","corgc101","wheaz101","browe102","cox-d101","willc103","","","9/F","F","F",3,5,2,"T","T",0,"F","F",1,"F","F",0,"F","F",9,"F","F","F","",0,0,"N",0,"N",0,"N",0,1,0,0,"9","","","","F","F","F","F","F","F","F","F","F","mcgrb101","","","F","F","F","F","F","","","","",0,9,0,0,0,0,0,0,0,58,"PHI","PHI","BRO",1,"F","T",2,4,0,22,3,"T","F",1,1,"T","T","wilsj105","hubec101","T","T",9,3,56,0,0,0,0,0,0,"debeh101","","",0,0,0,0,0,0,0,0,0,0,0,0,0,"cox-d101","F","F","F","F",0,0,0,0,0,0,0,0,0,0,F,F,"1925PHI.EVN.regular.event.csv",5200
"PHI192509300","BRO",7,0,0,0,0,"",4,2,"debeh101","?","debeh101","?","willc102","?","willc102","?","wilsj105","fonsl101","fribb101","hubec101","sandh101","harpg101","leacf101","willc103","","","","53","T","F",2,8,2,"T","T",0,"F","F",1,"F","F",0,"F","F",5,"G","F","F","",0,0,"N",0,"N",0,"N",0,0,0,0,"53","","","","F","F","F","F","F","F","F","F","F","","","","F","F","F","F","F","","","","",0,3,0,0,5,0,0,0,0,59,"PHI","BRO","PHI",0,"T","F",4,2,0,34,0,"T","F",0,0,"T","T","mcgrb101","johnj107","T","T",0,0,0,0,0,0,0,0,0,"","","",0,0,0,0,0,0,0,0,0,0,0,0,0,"hubec101","F","F","F","F",0,0,0,0,0,0,0,0,0,0,F,F,"1925PHI.EVN.regular.event.csv",5201
"PHI192509300","BRO",7,0,1,0,0,"",4,2,"mcgrb101","?","mcgrb101","?","willc102","?","willc102","?","wilsj105","fonsl101","fribb101","hubec101","sandh101","harpg101","leacf101","willc103","","","","43","F","F",1,9,2,"T","T",0,"F","F",1,"F","F",0,"F","F",4,"G","F","F","",0,0,"N",0,"N",0,"N",0,0,0,0,"43","","","","F","F","F","F","F","F","F","F","F","","","","F","F","F","F","F","","","","",0,3,0,0,4,0,0,0,0,60,"PHI","BRO","PHI",0,"F","F",4,2,0,35,1,"T","F",0,0,"T","T","johnj107","stocm101","T","T",0,0,0,0,0,0,0,0,0,"","","",0,0,0,0,0,0,0,0,0,0,0,0,0,"fribb101","F","F","F","F",0,0,0,0,0,0,0,0,0,0,F,F,"1925PHI.EVN.regular.event.csv",5202
"PHI192509300","BRO",7,0,2,0,0,"",4,2,"johnj107","?","johnj107","?","willc102","?","willc102","?","wilsj105","fonsl101","fribb101","hubec101","sandh101","harpg101","leacf101","willc103","","","","8/F","F","F",5,1,2,"T","T",0,"F","F",1,"F","F",0,"F","F",8,"F","F","F","",0,0,"N",0,"N",0,"N",0,0,0,0,"8","","","","F","F","F","F","F","F","F","F","F","","","","F","F","F","F","F","","","","",0,8,0,0,0,0,0,0,0,61,"PHI","BRO","PHI",0,"F","T",4,2,0,36,2,"T","F",0,0,"T","T","stocm101","wheaz101","T","T",0,0,0,0,0,0,0,0,0,"","","",0,0,0,0,0,0,0,0,0,0,0,0,0,"leacf101","F","F","F","F",0,0,0,0,0,0,0,0,0,0,F,F,"1925PHI.EVN.regular.event.csv",5203
"PHI192509300","BRO",7,1,0,0,0,"",4,2,"wilsj105","?","wilsj105","?","mcgrb101","?","mcgrb101","?","debeh101","fourj101","stocm101","johnj107","corgc101","wheaz101","browe102","cox-d101","","","","43","T","F",2,6,2,"T","T",0,"F","F",1,"F","F",0,"F","F",4,"G","F","F","",0,0,"N",0,"N",0,"N",0,0,0,0,"43","","","","F","F","F","F","F","F","F","F","F","","","","F","F","F","F","F","","","","",0,3,0,0,4,0,0,0,0,62,"PHI","PHI","BRO",1,"T","F",2,4,0,23,0,"T","F",0,0,"T","T","hubec101","fribb101","T","T",0,0,0,0,0,0,0,0,0,"","","",0,0,0,0,0,0,0,0,0,0,0,0,0,"stocm101","F","F","F","F",0,0,0,0,3,0,0,0,0,0,F,F,"1925PHI.EVN.regular.event.csv",5204
"PHI192509300","BRO",7,1,1,0,0,"",4,2,"hubec101","?","hubec101","?","mcgrb101","?","mcgrb101","?","debeh101","fourj101","stocm101","johnj107","corgc101","wheaz101","browe102","cox-d101","","","","S6/G6M","F","F",5,7,20,"T","T",1,"F","F",0,"F","F",0,"F","F",6,"G","F","F","6M",0,0,"N",0,"N",0,"N",1,0,0,0,"","","","","F","F","F","F","F","F","F","F","F","","","","F","F","F","F","F","","","","",0,0,0,0,0,0,0,0,0,63,"PHI","PHI","BRO",1,"F","F",2,4,0,24,1,"T","F",0,1,"T","T","fribb101","willc102","T","T",0,0,0,0,0,0,0,0,0,"","","",0,0,0,0,0,0,0,0,0,0,0,0,0,"corgc101","F","F","F","F",4,0,0,0,3,0,0,0,0,0,F,F,"1925PHI.EVN.regular.event.csv",5205
"PHI192509300","BRO",7,1,1,0,0,"",4,2,"fribb101","?","fribb101","?","mcgrb101","?","mcgrb101","?","debeh101","fourj101","stocm101","johnj107","corgc101","wheaz101","browe102","cox-d101","hubec101","","","W.1-3(E2/TH2)","F","F",4,8,14,"T","F",0,"F","F",0,"F","F",0,"F","F",0,"","F","F","",1,2,"T",0,"N",0,"N",1,3,0,0,"","","","","F","F","F","F","F","F","F","F","F","mcgrb101","","","F","F","F","F","F","","","","",0,0,0,0,0,0,0,0,0,64,"PHI","PHI","BRO",1,"F","F",2,4,0,25,2,"T","F",1,5,"T","T","willc102","sandh101","T","T",5,7,63,0,0,0,0,0,0,"debeh101","","",0,0,0,0,0,0,0,0,0,0,0,0,0,"","F","F","F","F",4,4,0,0,3,0,0,0,0,0,F,F,"1925PHI.EVN.regular.event.csv",5206
"PHI192509300","BRO",7,1,1,0,0,"",4,2,"henlb101","?","henlb101","?","mcgrb101","?","mcgrb101","?","debeh101","fourj101","stocm101","johnj107","corgc101","wheaz101","browe102","cox-d101","fribb101","","hubec101","W.1-2","F","T",11,9,14,"T","F",0,"F","F",0,"F","F",0,"F","F",0,"","F","F","",0,0,"N",0,"N",0,"N",1,2,0,3,"","","","","F","F","F","F","F","F","F","F","F","mcgrb101","","mcgrb101","F","F","F","F","F","","","","willc102",1,0,0,0,0,0,0,0,0,65,"PHI","PHI","BRO",1,"F","F",2,4,0,26,3,"T","F",5,7,"F","F","sandh101","leacf101","T","T",4,8,64,0,0,0,5,7,63,"debeh101","","debeh101",0,0,0,0,0,0,0,0,0,0,0,0,0,"","F","F","F","F",4,4,0,4,3,0,0,0,0,0,F,F,"1925PHI.EVN.regular.event.csv",5207
"PHI192509300","BRO",7,1,1,0,0,"X",4,2,"sandh101","?","sandh101","?","mcgrb101","?","mcgrb101","?","debeh101","fourj101","stocm101","johnj107","corgc101","wheaz101","browe102","cox-d101","henlb101","fribb101","hubec101","D9/F9LS.3-H;2-H;1-3","F","F",6,1,21,"T","T",2,"F","F",0,"F","F",2,"F","F",9,"F","F","F","9LS",0,0,"N",0,"N",0,"N",2,3,4,4,"","","","","F","F","F","F","F","F","F","F","F","mcgrb101","mcgrb101","mcgrb101","F","F","F","F","F","","","","",0,0,0,0,0,0,0,0,0,66,"PHI","PHI","BRO",1,"F","F",2,4,0,27,4,"T","F",7,6,"T","T","leacf101","willc103","T","T",0,9,65,4,8,64,5,7,63,"debeh101","debeh101","debeh101",0,0,0,0,0,0,1,0,0,0,1,0,2,"cox-d101","F","F","F","F",2,4,4,4,1,0,0,0,0,0,F,F,"1925PHI.EVN.regular.event.csv",5208
"PHI192509300","BRO",7,1,1,0,0,"",4,4,"leacf101","?","leacf101","?","mcgrb101","?","mcgrb101","?","debeh101","fourj101","stocm101","johnj107","corgc101","wheaz101","browe102","cox-d101","","sandh101","henlb101","7/F7D/SF.3-H","F","F",8,2,2,"T","F",0,"F","T",1,"F","F",1,"F","F",7,"F","F","F","7D",0,0,"N",0,"N",0,"N",0,0,2,4,"7","","","","F","F","F","F","F","F","F","F","F","","mcgrb101","mcgrb101","F","F","F","F","F","","","","",0,7,0,0,0,0,0,0,0,67,"PHI","PHI","BRO",1,"F","F",4,4,2,28,5,"T","F",6,2,"T","T","willc103","harpg101","T","T",0,0,0,6,1,66,0,9,65,"","debeh101","debeh101",0,0,0,0,0,0,0,0,0,0,0,0,1,"wheaz101","F","F","F","F",0,0,2,4,0,0,0,0,0,0,F,F,"1925PHI.EVN.regular.event.csv",5209
"PHI192509300","BRO",7,1,2,0,0,"",4,5,"willc103","?","willc103","?","mcgrb101","?","mcgrb101","?","debeh101","fourj101","stocm101","johnj107","corgc101","wheaz101","browe102","cox-d101","","sandh101","","3/G","F","F",9,3,2,"T","T",0,"F","F",1,"F","F",0,"F","F",3,"G","F","F","",0,0,"N",0,"N",0,"N",0,0,2,0,"3","","","","F","F","F","F","F","F","F","F","F","","mcgrb101","","F","F","F","F","F","","","","",0,3,0,0,0,0,0,0,0,68,"PHI","PHI","BRO",1,"F","T",5,4,3,29,6,"T","F",2,2,"T","T","harpg101","fonsl101","T","T",0,0,0,6,1,66,0,0,0,"","debeh101","",0,0,0,0,0,0,0,0,0,0,0,0,0,"fourj101","F","F","F","F",0,0,2,0,0,0,0,0,0,0,F,F,"1925PHI.EVN.regular.event.csv",5210
"PHI192509300","BRO",8,0,0,0,0,"",4,5,"stocm101","?","stocm101","?","mitcc102","?","mitcc102","?","wilsj105","fonsl101","fribb101","hubec101","sandh101","harpg101","leacf101","willc103","","","","E6/G","T","F",4,2,18,"T","T",0,"F","F",0,"F","F",0,"F","F",6,"G","F","F","",1,6,"F",0,"N",0,"N",1,0,0,0,"","","","","F","F","F","F","F","F","F","F","F","","","","F","F","F","F","F","","","","",0,0,0,0,0,0,0,0,0,69,"PHI","BRO","PHI",0,"T","F",4,5,0,37,0,"T","F",0,1,"T","T","wheaz101","fourj101","F","F",0,0,0,0,0,0,0,0,0,"","","",0,0,0,0,0,0,0,0,0,0,0,0,0,"sandh101","F","F","F","T",0,0,0,0,0,0,0,0,0,0,F,F,"1925PHI.EVN.regular.event.csv",5211
"PHI192509300","BRO",8,0,0,0,0,"",4,5,"wheaz101","?","wheaz101","?","mitcc102","?","mitcc102","?","wilsj105","fonsl101","fribb101","hubec101","sandh101","harpg101","leacf101","willc103","stocm101","","","8/F","F","F",7,3,2,"T","T",0,"F","F",1,"F","F",0,"F","F",8,"F","F","F","",0,0,"N",0,"N",0,"N",0,1,0,0,"8","","","","F","F","F","F","F","F","F","F","F","mitcc102","","","F","F","F","F","F","","","","",0,8,0,0,0,0,0,0,0,70,"PHI","BRO","PHI",0,"F","F",4,5,0,38,1,"T","F",1,1,"T","T","fourj101","browe102","F","F",4,2,69,0,0,0,0,0,0,"wilsj105","","",0,0,0,0,0,0,0,0,0,0,0,0,0,"leacf101","F","F","F","F",0,0,0,0,0,0,0,0,0,0,F,F,"1925PHI.EVN.regular.event.csv",5212
"PHI192509300","BRO",8,0,1,0,0,"",4,5,"fourj101","?","fourj101","?","mitcc102","?","mitcc102","?","wilsj105","fonsl101","fribb101","hubec101","sandh101","harpg101","leacf101","willc103","stocm101","","","W.1-2","F","F",3,4,14,"T","F",0,"F","F",0,"F","F",0,"F","F",0,"","F","F","",0,0,"N",0,"N",0,"N",1,2,0,0,"","","","","F","F","F","F","F","F","F","F","F","mitcc102","","","F","F","F","F","F","","","","",0,0,0,0,0,0,0,0,0,71,"PHI","BRO","PHI",0,"F","F",4,5,0,39,2,"T","F",1,3,"T","T","browe102","cox-d101","F","F",4,2,69,0,0,0,0,0,0,"wilsj105","","",0,0,0,0,0,0,0,0,0,0,0,0,0,"","F","F","F","F",0,0,0,0,0,0,0,0,0,0,F,F,"1925PHI.EVN.regular.event.csv",5213
"PHI192509300","BRO",8,0,1,0,0,"",4,5,"browe102","?","browe102","?","mitcc102","?","mitcc102","?","wilsj105","fonsl101","fribb101","hubec101","sandh101","harpg101","leacf101","willc103","fourj101","stocm101","","9/F.2-3","F","F",8,5,2,"T","T",0,"F","F",1,"F","F",0,"F","F",9,"F","F","F","",0,0,"N",0,"N",0,"N",0,1,3,0,"9","","","","F","F","F","F","F","F","F","F","F","mitcc102","mitcc102","","F","F","F","F","F","","","","",0,9,0,0,0,0,0,0,0,72,"PHI","BRO","PHI",0,"F","F",4,5,0,40,3,"T","F",3,5,"T","T","cox-d101","corgc101","F","F",3,4,71,4,2,69,0,0,0,"wilsj105","wilsj105","",0,0,0,0,0,0,0,0,0,0,0,0,0,"willc103","F","F","F","F",0,0,0,0,0,0,0,0,0,0,F,F,"1925PHI.EVN.regular.event.csv",5214
"PHI192509300","BRO",8,0,2,0,0,"",4,5,"cox-d101","?","cox-d101","?","mitcc102","?","mitcc102","?","wilsj105","fonsl101","fribb101","hubec101","sandh101","harpg101","leacf101","willc103","fourj101","","stocm101","9/F9L","F","F",9,6,2,"T","T",0,"F","F",1,"F","F",0,"F","F",9,"F","F","F","9L",0,0,"N",0,"N",0,"N",0,1,0,3,"9","","","","F","F","F","F","F","F","F","F","F","mitcc102","","mitcc102","F","F","F","F","F","","","","",0,9,0,0,0,0,0,0,0,73,"PHI","BRO","PHI",0,"F","T",4,5,0,41,4,"T","F",5,5,"T","T","corgc101","debeh101","F","F",3,4,71,0,0,0,4,2,69,"wilsj105","","wilsj105",0,0,0,0,0,0,0,0,0,0,0,0,0,"willc103","F","F","F","F",0,0,0,0,0,0,0,0,0,0,F,F,"1925PHI.EVN.regular.event.csv",5215
"PHI192509300","BRO",8,1,0,0,0,"",4,5,"harpg101","?","harpg101","?","mcgrb101","?","mcgrb101","?","debeh101","fourj101","stocm101","johnj107","corgc101","wheaz101","browe102","cox-d101","","","","S6/G","T","F",7,4,20,"T","T",1,"F","F",0,"F","F",0,"F","F",6,"G","F","F","",0,0,"N",0,"N",0,"N",1,0,0,0,"","","","","F","F","F","F","F","F","F","F","F","","","","F","F","F","F","F","","","","",0,0,0,0,0,0,0,0,0,74,"PHI","PHI","BRO",1,"T","F",5,4,0,30,0,"T","F",0,1,"T","T","fonsl101","wilsj105","T","T",0,0,0,0,0,0,0,0,0,"","","",0,0,0,0,0,0,0,0,0,0,0,0,0,"corgc101","F","F","F","F",4,0,0,0,1,0,0,0,0,0,F,F,"1925PHI.EVN.regular.event.csv",5216
"PHI192509300","BRO",8,1,0,0,0,"",4,5,"fonsl101","?","fonsl101","?","mcgrb101","?","mcgrb101","?","debeh101","fourj101","stocm101","johnj107","corgc101","wheaz101","browe102","cox-d101","harpg101","","","14/SH.1-2","F","F",3,5,2,"T","F",0,"T","F",1,"F","F",0,"F","F",1,"G","T","F","",0,0,"N",0,"N",0,"N",0,2,0,0,"14","","","","F","F","F","F","F","F","F","F","F","mcgrb101","","","F","F","F","F","F","","","","",0,4,0,0,1,0,0,0,0,75,"PHI","PHI","BRO",1,"F","F",5,4,0,31,1,"T","F",1,2,"T","T","wilsj105","hubec101","T","T",7,4,74,0,0,0,0,0,0,"debeh101","","",0,0,0,0,0,0,0,0,0,0,0,0,0,"mcgrb101","F","F","F","F",0,4,0,0,1,0,0,0,0,0,F,F,"1925PHI.EVN.regular.event.csv",5217
"PHI192509300","BRO",8,1,1,0,0,"",4,5,"wilsj105","?","wilsj105","?","mcgrb101","?","mcgrb101","?","debeh101","fourj101","stocm101","johnj107","corgc101","wheaz101","browe102","cox-d101","","harpg101","","63.2-3","F","F",2,6,2,"T","T",0,"F","F",1,"F","F",0,"F","F",6,"G","F","F","",0,0,"N",0,"N",0,"N",0,0,3,0,"63","","","","F","F","F","F","F","F","F","F","F","","mcgrb101","","F","F","F","F","F","","","","",0,3,0,0,6,0,0,0,0,76,"PHI","PHI","BRO",1,"F","F",5,4,0,32,2,"T","F",2,4,"T","T","hubec101","fribb101","T","T",0,0,0,7,4,74,0,0,0,"","debeh101","",0,0,0,0,0,0,0,0,0,0,0,0,0,"corgc101","F","F","F","F",0,0,4,0,1,0,0,0,0,0,F,F,"1925PHI.EVN.regular.event.csv",5218
"PHI192509300","BRO",8,1,2,0,0,"",4,5,"hubec101","?","hubec101","?","mcgrb101","?","mcgrb101","?","debeh101","fourj101","stocm101","johnj107","corgc101","wheaz101","browe102","cox-d101","","","harpg101","D7/F7DW.3-H","F","F",5,7,21,"T","T",2,"F","F",0,"F","F",1,"F","F",7,"F","F","F","7DW",0,0,"N",0,"N",0,"N",2,0,0,4,"","","","","F","F","F","F","F","F","F","F","F","","","mcgrb101","F","F","F","F","F","","","","",0,0,0,0,0,0,0,0,0,77,"PHI","PHI","BRO",1,"F","F",5,4,0,33,3,"T","F",4,2,"T","T","fribb101","mitcc102","T","T",0,0,0,0,0,0,7,4,74,"","","debeh101",0,0,0,0,0,0,0,0,0,0,0,0,1,"wheaz101","F","F","F","F",0,0,0,4,0,0,0,0,0,0,F,F,"1925PHI.EVN.regular.event.csv",5219
"PHI192509300","BRO",8,1,2,0,0,"",4,6,"fribb101","?","fribb101","?","mcgrb101","?","mcgrb101","?","debeh101","fourj101","stocm101","johnj107","corgc101","wheaz101","browe102","cox-d101","","hubec101","","43","F","F",4,8,2,"T","T",0,"F","F",1,"F","F",0,"F","F",4,"G","F","F","",0,0,"N",0,"N",0,"N",0,0,2,0,"43","","","","F","F","F","F","F","F","F","F","F","","mcgrb101","","F","F","F","F","F","","","","",0,3,0,0,4,0,0,0,0,78,"PHI","PHI","BRO",1,"F","T",6,4,1,34,4,"T","F",2,2,"T","T","mitcc102","sandh101","T","T",0,0,0,5,7,77,0,0,0,"","debeh101","",0,0,0,0,0,0,0,0,0,0,0,0,0,"stocm101","F","F","F","F",0,0,0,0,0,0,0,0,0,0,F,F,"1925PHI.EVN.regular.event.csv",5220
"PHI192509300","BRO",9,0,0,0,0,"",4,6,"corgc101","?","corgc101","?","mitcc102","?","mitcc102","?","wilsj105","fonsl101","fribb101","hubec101","sandh101","harpg101","leacf101","willc103","","","","6/P/FL","T","F",6,7,2,"T","T",0,"F","F",1,"F","F",0,"F","F",6,"P","F","T","",0,0,"N",0,"N",0,"N",0,0,0,0,"6","","","","F","F","F","F","F","F","F","F","F","","","","F","F","F","F","F","","","","",0,6,0,0,0,0,0,0,0,79,"PHI","BRO","PHI",0,"T","F",4,6,0,42,0,"T","F",0,0,"T","T","debeh101","mcgrb101","F","F",0,0,0,0,0,0,0,0,0,"","","",0,0,0,0,0,0,0,0,0,0,0,0,0,"sandh101","F","F","F","F",0,0,0,0,0,0,0,0,0,0,F,F,"1925PHI.EVN.regular.event.csv",5221
"PHI192509300","BRO",9,0,1,0,0,"",4,6,"debeh101","?","debeh101","?","mitcc102","?","mitcc102","?","wilsj105","fonsl101","fribb101","hubec101","sandh101","harpg101","leacf101","willc103","","","","13","F","F",2,8,2,"T","T",0,"F","F",1,"F","F",0,"F","F",1,"G","F","F","",0,0,"N",0,"N",0,"N",0,0,0,0,"13","","","","F","F","F","F","F","F","F","F","F","","","","F","F","F","F","F","","","","",0,3,0,0,1,0,0,0,0,80,"PHI","BRO","PHI",0,"F","F",4,6,0,43,1,"T","F",0,0,"T","T","mcgrb101","johnj107","F","F",0,0,0,0,0,0,0,0,0,"","","",0,0,0,0,0,0,0,0,0,0,0,0,0,"mitcc102","F","F","F","F",0,0,0,0,0,0,0,0,0,0,F,F,"1925PHI.EVN.regular.event.csv",5222
"PHI192509300","BRO",9,0,2,0,0,"",4,6,"taylz101","?","taylz101","?","mitcc102","?","mitcc102","?","wilsj105","fonsl101","fribb101","hubec101","sandh101","harpg101","leacf101","willc103","","","","3/G","F","T",11,9,2,"T","T",0,"F","F",1,"F","F",0,"F","F",3,"G","F","F","",0,0,"N",0,"N",0,"N",0,0,0,0,"3","","","","F","F","F","F","F","F","F","F","F","","","","F","T","F","F","F","","","","mcgrb101",1,3,0,0,0,0,0,0,0,81,"PHI","BRO","PHI",0,"F","T",4,6,0,44,2,"T","F",0,0,"F","F","johnj107","stocm101","F","F",0,0,0,0,0,0,0,0,0,"","","",0,0,0,0,0,0,0,0,0,0,0,0,0,"fonsl101","F","F","F","F",0,0,0,0,0,0,0,0,0,0,F,F,"1925PHI.EVN.regular.event.csv",5223
"PHI192510010","BRO",1,0,0,0,0,"",0,0,"johnj107","?","johnj107","?","ringj101","?","ringj101","?","wilsj105","fonsl101","fribb101","hubec101","sandh101","harpg101","leacf101","willc103","","","","63","T","F",5,1,2,"T","T",0,"F","F",1,"F","F",0,"F","F",6,"G","F","F","",0,0,"N",0,"N",0,"N",0,0,0,0,"63","","","","F","F","F","F","F","F","F","F","F","","","","T","F","F","F","F","","","","",0,3,0,0,6,0,0,0,0,1,"PHI","BRO","PHI",0,"T","F",0,0,0,0,0,"T","F",0,0,"T","T","stocm101","wheaz101","T","T",0,0,0,0,0,0,0,0,0,"","","",0,0,0,0,0,0,0,0,0,0,0,0,0,"sandh101","F","F","F","F",0,0,0,0,0,0,0,0,0,0,F,F,"1925PHI.EVN.regular.event.csv",5224
"PHI192510010","BRO",1,0,1,0,0,"",0,0,"stocm101","?","stocm101","?","ringj101","?","ringj101","?","wilsj105","fonsl101","fribb101","hubec101","sandh101","harpg101","leacf101","willc103","","","","S9","F","F",4,2,20,"T","T",1,"F","F",0,"F","F",0,"F","F",9,"","F","F","",0,0,"N",0,"N",0,"N",1,0,0,0,"","","","","F","F","F","F","F","F","F","F","F","","","","F","F","F","F","F","","","","",0,0,0,0,0,0,0,0,0,2,"PHI","BRO","PHI",0,"F","F",0,0,0,1,1,"T","F",0,1,"T","T","wheaz101","fourj101","T","T",0,0,0,0,0,0,0,0,0,"","","",0,0,0,0,0,0,0,0,0,0,0,0,0,"willc103","F","F","F","F",0,0,0,0,0,0,0,0,0,0,F,F,"1925PHI.EVN.regular.event.csv",5225
"PHI192510010","BRO",1,0,1,0,0,"",0,0,"wheaz101","?","wheaz101","?","ringj101","?","ringj101","?","wilsj105","fonsl101","fribb101","hubec101","sandh101","harpg101","leacf101","willc103","stocm101","","","BK.1-2","F","F",7,3,11,"F","F",0,"F","F",0,"F","F",0,"F","F",0,"","F","F","",0,0,"N",0,"N",0,"N",0,2,0,0,"","","","","F","F","F","F","F","F","F","F","F","ringj101","","","F","F","F","F","F","","","","",0,0,0,0,0,0,0,0,0,3,"PHI","BRO","PHI",0,"F","F",0,0,0,2,2,"T","F",1,2,"T","T","fourj101","browe102","T","T",4,2,2,0,0,0,0,0,0,"wilsj105","","",0,0,0,0,0,0,0,0,0,0,0,0,0,"","F","F","F","F",0,0,0,0,0,0,0,0,0,0,F,F,"1925PHI.EVN.regular.event.csv",5226
"PHI192510010","BRO",1,0,1,0,0,"",0,0,"wheaz101","?","wheaz101","?","ringj101","?","ringj101","?","wilsj105","fonsl101","fribb101","hubec101","sandh101","harpg101","leacf101","willc103","","stocm101","","K","F","F",7,3,3,"T","T",0,"F","F",1,"F","F",0,"F","F",0,"","F","F","",0,0,"N",0,"N",0,"N",0,0,2,0,"2","","","","F","F","F","F","F","F","F","F","F","","ringj101","","F","F","F","F","F","","","","",0,2,0,0,0,0,0,0,0,4,"PHI","BRO","PHI",0,"F","F",0,0,0,2,2,"F","F",2,2,"T","T","fourj101","browe102","T","T",0,0,0,4,2,2,0,0,0,"","wilsj105","",0,0,0,0,0,0,0,0,0,0,0,0,0,"","F","F","F","F",0,0,0,0,0,0,0,0,0,0,F,F,"1925PHI.EVN.regular.event.csv",5227
"PHI192510010","BRO",1,0,2,0,0,"",0,0,"fourj101","?","fourj101","?","ringj101","?","ringj101","?","wilsj105","fonsl101","fribb101","hubec101","sandh101","harpg101","leacf101","willc103","","stocm101","","K","F","F",3,4,3,"T","T",0,"F","F",1,"F","F",0,"F","F",0,"","F","F","",0,0,"N",0,"N",0,"N",0,0,2,0,"2","","","","F","F","F","F","F","F","F","F","F","","ringj101","","F","F","F","F","F","","","","",0,2,0,0,0,0,0,0,0,5,"PHI","BRO","PHI",0,"F","T",0,0,0,3,3,"T","F",2,2,"T","T","browe102","cox-d101","T","T",0,0,0,4,2,2,0,0,0,"","wilsj105","",0,0,0,0,0,0,0,0,0,0,0,0,0,"","F","F","F","F",0,0,0,0,0,0,0,0,0,0,F,F,"1925PHI.EVN.regular.event.csv",5228
"PHI192510010","BRO",1,1,0,0,0,"",0,0,"sandh101","?","sandh101","?","ehrhr101","?","ehrhr101","?","taylz101","fourj101","stocm101","johnj107","corgc101","wheaz101","browe102","cox-d101","","","","S9","T","F",6,1,20,"T","T",1,"F","F",0,"F","F",0,"F","F",9,"","F","F","",0,0,"N",0,"N",0,"N",1,0,0,0,"","","","","F","F","F","F","F","F","F","F","F","","","","F","F","F","F","F","","","","",0,0,0,0,0,0,0,0,0,6,"PHI","PHI","BRO",1,"T","F",0,0,0,0,0,"T","F",0,1,"T","T","leacf101","willc103","T","T",0,0,0,0,0,0,0,0,0,"","","",0,0,0,0,0,0,0,0,0,0,0,0,0,"cox-d101","F","F","F","F",4,0,0,0,3,0,0,0,0,0,F,F,"1925PHI.EVN.regular.event.csv",5229
"PHI192510010","BRO",1,1,0,0,0,"",0,0,"leacf101","?","leacf101","?","ehrhr101","?","ehrhr101","?","taylz101","fourj101","stocm101","johnj107","corgc101","wheaz101","browe102","cox-d101","sandh101","","","D8/F89XDW.1-H","F","F",8,2,21,"T","T",2,"F","F",0,"F","F",1,"F","F",8,"F","F","F","89XDW",0,0,"N",0,"N",0,"N",2,4,0,0,"","","","","F","F","F","F","F","F","F","F","F","ehrhr101","","","F","F","F","F","F","","","","",0,0,0,0,0,0,0,0,0,7,"PHI","PHI","BRO",1,"F","F",0,0,0,1,1,"T","F",1,2,"T","T","willc103","harpg101","T","T",6,1,6,0,0,0,0,0,0,"taylz101","","",0,0,0,0,0,0,0,0,0,0,0,0,1,"browe102","F","F","F","F",4,4,0,0,2,0,0,0,0,0,F,F,"1925PHI.EVN.regular.event.csv",5230
"PHI192510010","BRO",1,1,0,0,0,"",0,1,"willc103","?","willc103","?","ehrhr101","?","ehrhr101","?","taylz101","fourj101","stocm101","johnj107","corgc101","wheaz101","browe102","cox-d101","","leacf101","","7/F","F","F",9,3,2,"T","T",0,"F","F",1,"F","F",0,"F","F",7,"F","F","F","",0,0,"N",0,"N",0,"N",0,0,2,0,"7","","","","F","F","F","F","F","F","F","F","F","","ehrhr101","","F","F","F","F","F","","","","",0,7,0,0,0,0,0,0,0,8,"PHI","PHI","BRO",1,"F","F",1,0,1,2,2,"T","F",2,2,"T","T","harpg101","fonsl101","T","T",0,0,0,8,2,7,0,0,0,"","taylz101","",0,0,0,0,0,0,0,0,0,0,0,0,0,"wheaz101","F","F","F","F",0,0,4,0,2,0,0,0,0,0,F,F,"1925PHI.EVN.regular.event.csv",5231
"PHI192510010","BRO",1,1,1,0,0,"",0,1,"harpg101","?","harpg101","?","ehrhr101","?","ehrhr101","?","taylz101","fourj101","stocm101","johnj107","corgc101","wheaz101","browe102","cox-d101","","leacf101","","S3/G.2-3","F","F",7,4,20,"T","T",1,"F","F",0,"F","F",0,"F","F",3,"G","F","F","",0,0,"N",0,"N",0,"N",1,0,3,0,"","","","","F","F","F","F","F","F","F","F","F","","ehrhr101","","F","F","F","F","F","","","","",0,0,0,0,0,0,0,0,0,9,"PHI","PHI","BRO",1,"F","F",1,0,1,3,3,"T","F",2,5,"T","T","fonsl101","wilsj105","T","T",0,0,0,8,2,7,0,0,0,"","taylz101","",0,0,0,0,0,0,0,0,0,0,0,0,0,"fourj101","F","F","F","F",5,0,4,0,2,0,0,0,0,0,F,F,"1925PHI.EVN.regular.event.csv",5232
"PHI192510010","BRO",1,1,1,0,0,"",0,1,"fonsl101","?","fonsl101","?","ehrhr101","?","ehrhr101","?","taylz101","fourj101","stocm101","johnj107","corgc101","wheaz101","browe102","cox-d101","harpg101","","leacf101","S7.3-H;1-H(E7)(NR)(UR);B-2","F","F",3,5,20,"T","T",1,"F","F",0,"F","F",1,"F","F",7,"","F","F","",1,7,"F",0,"N",0,"N",2,5,0,4,"","","","","F","F","F","F","F","F","F","F","F","ehrhr101","","ehrhr101","F","F","F","F","F","","","","",0,0,0,0,0,0,0,0,0,10,"PHI","PHI","BRO",1,"F","F",1,0,1,4,4,"T","F",5,2,"T","T","wilsj105","hubec101","T","T",7,4,9,0,0,0,8,2,7,"taylz101","","taylz101",0,0,0,0,0,0,0,0,0,0,0,0,2,"wheaz101","F","F","F","F",0,5,0,4,0,0,0,0,0,0,F,F,"1925PHI.EVN.regular.event.csv",5233
"PHI192510010","BRO",1,1,1,0,0,"",0,3,"wilsj105","?","wilsj105","?","ehrhr101","?","ehrhr101","?","taylz101","fourj101","stocm101","johnj107","corgc101","wheaz101","browe102","cox-d101","","fonsl101","","8/F","F","F",2,6,2,"T","T",0,"F","F",1,"F","F",0,"F","F",8,"F","F","F","",0,0,"N",0,"N",0,"N",0,0,2,0,"8","","","","F","F","F","F","F","F","F","F","F","","ehrhr101","","F","F","F","F","F","","","","",0,8,0,0,0,0,0,0,0,11,"PHI","PHI","BRO",1,"F","F",3,0,3,5,5,"T","F",2,2,"T","T","hubec101","fribb101","T","T",0,0,0,3,5,10,0,0,0,"","taylz101","",0,0,0,0,0,0,0,0,0,0,0,0,0,"browe102","F","F","F","F",0,0,0,0,0,0,0,0,0,0,F,F,"1925PHI.EVN.regular.event.csv",5234
"PHI192510010","BRO",1,1,2,0,0,"",0,3,"hubec101","?","hubec101","?","ehrhr101","?","ehrhr101","?","taylz101","fourj101","stocm101","johnj107","corgc101","wheaz101","browe102","cox-d101","","fonsl101","","8/F","F","F",5,7,2,"T","T",0,"F","F",1,"F","F",0,"F","F",8,"F","F","F","",0,0,"N",0,"N",0,"N",0,0,2,0,"8","","","","F","F","F","F","F","F","F","F","F","","ehrhr101","","F","F","F","F","F","","","","",0,8,0,0,0,0,0,0,0,12,"PHI","PHI","BRO",1,"F","T",3,0,3,6,6,"T","F",2,2,"T","T","fribb101","ringj101","T","T",0,0,0,3,5,10,0,0,0,"","taylz101","",0,0,0,0,0,0,0,0,0,0,0,0,0,"browe102","F","F","F","F",0,0,0,0,0,0,0,0,0,0,F,F,"1925PHI.EVN.regular.event.csv",5235
"PHI192510010","BRO",2,0,0,0,0,"",0,3,"browe102","?","browe102","?","ringj101","?","ringj101","?","wilsj105","fonsl101","fribb101","hubec101","sandh101","harpg101","leacf101","willc103","","","","4/P","T","F",8,5,2,"T","T",0,"F","F",1,"F","F",0,"F","F",4,"P","F","F","",0,0,"N",0,"N",0,"N",0,0,0,0,"4","","","","F","F","F","F","F","F","F","F","F","","","","F","F","F","F","F","","","","",0,4,0,0,0,0,0,0,0,13,"PHI","BRO","PHI",0,"T","F",0,3,0,4,0,"T","F",0,0,"T","T","cox-d101","corgc101","T","T",0,0,0,0,0,0,0,0,0,"","","",0,0,0,0,0,0,0,0,0,0,0,0,0,"fribb101","F","F","F","F",0,0,0,0,3,0,0,0,0,0,F,F,"1925PHI.EVN.regular.event.csv",5236
"PHI192510010","BRO",2,0,1,0,0,"",0,3,"cox-d101","?","cox-d101","?","ringj101","?","ringj101","?","wilsj105","fonsl101","fribb101","hubec101","sandh101","harpg101","leacf101","willc103","","","","S6/G","F","F",9,6,20,"T","T",1,"F","F",0,"F","F",0,"F","F",6,"G","F","F","",0,0,"N",0,"N",0,"N",1,0,0,0,"","","","","F","F","F","F","F","F","F","F","F","","","","F","F","F","F","F","","","","",0,0,0,0,0,0,0,0,0,14,"PHI","BRO","PHI",0,"F","F",0,3,0,5,1,"T","F",0,1,"T","T","corgc101","taylz101","T","T",0,0,0,0,0,0,0,0,0,"","","",0,0,0,0,0,0,0,0,0,0,0,0,0,"sandh101","F","F","F","F",4,0,0,0,3,0,0,0,0,0,F,F,"1925PHI.EVN.regular.event.csv",5237
"PHI192510010","BRO",2,0,1,0,0,"",0,3,"corgc101","?","corgc101","?","ringj101","?","ringj101","?","wilsj105","fonsl101","fribb101","hubec101","sandh101","harpg101","leacf101","willc103","cox-d101","","","D/78.1-3","F","F",6,7,21,"T","T",2,"F","F",0,"F","F",0,"F","F",0,"","F","F","78",0,0,"N",0,"N",0,"N",2,3,0,0,"","","","","F","F","F","F","F","F","F","F","F","ringj101","","","F","F","F","F","F","","","","",0,0,0,0,0,0,0,0,0,15,"PHI","BRO","PHI",0,"F","F",0,3,0,6,2,"T","F",1,6,"T","T","taylz101","ehrhr101","T","T",9,6,14,0,0,0,0,0,0,"wilsj105","","",0,0,0,0,0,0,0,0,0,0,0,0,0,"","F","F","F","F",4,4,0,0,3,0,0,0,0,0,F,F,"1925PHI.EVN.regular.event.csv",5238
"PHI192510010","BRO",2,0,1,0,0,"",0,3,"taylz101","?","taylz101","?","ringj101","?","ringj101","?","wilsj105","fonsl101","fribb101","hubec101","sandh101","harpg101","leacf101","willc103","","corgc101","cox-d101","D9.3-H;2-H","F","F",2,8,21,"T","T",2,"F","F",0,"F","F",2,"F","F",9,"","F","F","",0,0,"N",0,"N",0,"N",2,0,4,4,"","","","","F","F","F","F","F","F","F","F","F","","ringj101","ringj101","F","F","F","F","F","","","","",0,0,0,0,0,0,0,0,0,16,"PHI","BRO","PHI",0,"F","F",0,3,0,7,3,"T","F",6,2,"T","T","ehrhr101","johnj107","T","T",0,0,0,6,7,15,9,6,14,"","wilsj105","wilsj105",0,0,0,0,0,0,0,0,0,0,0,0,2,"willc103","F","F","F","F",5,0,4,4,1,0,0,0,0,0,F,F,"1925PHI.EVN.regular.event.csv",5239
"PHI192510010","BRO",2,0,1,0,0,"",2,3,"ehrhr101","?","ehrhr101","?","ringj101","?","ringj101","?","wilsj105","fonsl101","fribb101","hubec101","sandh101","harpg101","leacf101","willc103","","taylz101","","E5/G.2-H(NR)(UR)#","F","F",1,9,18,"T","T",0,"F","F",0,"F","F",0,"F","F",5,"G","F","F","",1,5,"F",0,"N",0,"N",1,0,5,0,"","","","","F","F","F","F","F","F","F","F","F","","ringj101","","F","F","F","F","F","","","","",0,0,0,0,0,0,0,0,0,17,"PHI","BRO","PHI",0,"F","F",2,3,2,8,4,"T","F",2,1,"T","T","johnj107","stocm101","T","T",0,0,0,2,8,16,0,0,0,"","wilsj105","",0,0,0,0,0,0,0,0,0,0,0,0,1,"hubec101","F","F","F","T",0,0,5,0,0,0,0,0,0,0,F,T,"1925PHI.EVN.regular.event.csv",5240
"PHI192510010","BRO",2,0,1,0,0,"",3,3,"johnj107","?","johnj107","?","ringj101","?","ringj101","?","wilsj105","fonsl101","fribb101","hubec101","sandh101","harpg101","leacf101","willc103","ehrhr101","","","9/F","F","F",5,1,2,"T","T",0,"F","F",1,"F","F",0,"F","F",9,"F","F","F","",0,0,"N",0,"N",0,"N",0,1,0,0,"9","","","","F","F","F","F","F","F","F","F","F","ringj101","","","F","F","F","F","F","","","","",0,9,0,0,0,0,0,0,0,18,"PHI","BRO","PHI",0,"F","F",3,3,3,9,5,"T","F",1,1,"T","T","stocm101","wheaz101","T","T",1,9,17,0,0,0,0,0,0,"wilsj105","","",0,0,0,0,0,0,0,0,0,0,0,0,0,"willc103","F","F","F","F",0,0,0,0,0,0,0,0,0,0,F,F,"1925PHI.EVN.regular.event.csv",5241
"PHI192510010","BRO",2,0,2,0,0,"",3,3,"stocm101","?","stocm101","?","ringj101","?","ringj101","?","wilsj105","fonsl101","fribb101","hubec101","sandh101","harpg101","leacf101","willc103","ehrhr101","","","54(1)/FO","F","F",4,2,2,"T","T",0,"F","F",1,"F","F",0,"F","F",5,"G","F","F","",0,0,"N",0,"N",0,"N",1,0,0,0,"","54","","","F","F","F","F","F","F","F","F","F","ringj101","","","F","F","F","F","F","","","","",0,4,0,0,5,0,0,0,0,19,"PHI","BRO","PHI",0,"F","T",3,3,3,10,6,"T","F",1,1,"T","T","wheaz101","fourj101","T","T",1,9,17,0,0,0,0,0,0,"wilsj105","","",0,0,0,0,0,0,0,0,0,0,0,0,0,"hubec101","T","F","F","F",0,0,0,0,0,0,0,0,0,0,F,F,"1925PHI.EVN.regular.event.csv",5242
"PHI192510010","BRO",2,1,0,0,0,"",3,3,"fribb101","?","fribb101","?","ehrhr101","?","ehrhr101","?","taylz101","fourj101","stocm101","johnj107","corgc101","wheaz101","browe102","cox-d101","","","","S6/G.B-2(E6/TH1)","T","F",4,8,20,"T","T",1,"F","F",0,"F","F",0,"F","F",6,"G","F","F","",1,6,"T",0,"N",0,"N",2,0,0,0,"","","","","F","F","F","F","F","F","F","F","F","","","","F","F","F","F","F","","","","",0,0,0,0,0,0,0,0,0,20,"PHI","PHI","BRO",1,"T","F",3,3,0,7,0,"T","F",0,2,"T","T","ringj101","sandh101","T","T",0,0,0,0,0,0,0,0,0,"","","",0,0,0,0,0,0,0,0,0,0,0,0,0,"corgc101","F","F","F","F",0,0,0,0,0,0,0,0,0,0,F,F,"1925PHI.EVN.regular.event.csv",5243
"PHI192510010","BRO",2,1,0,0,0,"",3,3,"ringj101","?","ringj101","?","ehrhr101","?","ehrhr101","?","taylz101","fourj101","stocm101","johnj107","corgc101","wheaz101","browe102","cox-d101","","fribb101","","43.2-3","F","F",1,9,2,"T","T",0,"F","F",1,"F","F",0,"F","F",4,"G","F","F","",0,0,"N",0,"N",0,"N",0,0,3,0,"43","","","","F","F","F","F","F","F","F","F","F","","ehrhr101","","F","F","F","F","F","","","","",0,3,0,0,4,0,0,0,0,21,"PHI","PHI","BRO",1,"F","F",3,3,0,8,1,"T","F",2,4,"T","T","sandh101","leacf101","T","T",0,0,0,4,8,20,0,0,0,"","taylz101","",0,0,0,0,0,0,0,0,0,0,0,0,0,"stocm101","F","F","F","F",0,0,0,0,0,0,0,0,0,0,F,F,"1925PHI.EVN.regular.event.csv",5244
"PHI192510010","BRO",2,1,1,0,0,"",3,3,"sandh101","?","sandh101","?","ehrhr101","?","ehrhr101","?","taylz101","fourj101","stocm101","johnj107","corgc101","wheaz101","browe102","cox-d101","","","fribb101","23/G2","F","F",6,1,2,"T","T",0,"F","F",1,"F","F",0,"F","F",2,"G","F","F","2",0,0,"N",0,"N",0,"N",0,0,0,3,"23","","","","F","F","F","F","F","F","F","F","F","","","ehrhr101","F","F","F","F","F","","","","",0,3,0,0,2,0,0,0,0,22,"PHI","PHI","BRO",1,"F","F",3,3,0,9,2,"T","F",4,4,"T","T","leacf101","willc103","T","T",0,0,0,0,0,0,4,8,20,"","","taylz101",0,0,0,0,0,0,0,0,0,0,0,0,0,"taylz101","F","F","F","F",0,0,0,0,0,0,0,0,0,0,F,F,"1925PHI.EVN.regular.event.csv",5245
"PHI192510010","BRO",2,1,2,0,0,"",3,3,"leacf101","?","leacf101","?","ehrhr101","?","ehrhr101","?","taylz101","fourj101","stocm101","johnj107","corgc101","wheaz101","browe102","cox-d101","","","fribb101","8/F","F","F",8,2,2,"T","T",0,"F","F",1,"F","F",0,"F","F",8,"F","F","F","",0,0,"N",0,"N",0,"N",0,0,0,3,"8","","","","F","F","F","F","F","F","F","F","F","","","ehrhr101","F","F","F","F","F","","","","",0,8,0,0,0,0,0,0,0,23,"PHI","PHI","BRO",1,"F","T",3,3,0,10,3,"T","F",4,4,"T","T","willc103","harpg101","T","T",0,0,0,0,0,0,4,8,20,"","","taylz101",0,0,0,0,0,0,0,0,0,0,0,0,0,"browe102","F","F","F","F",0,0,0,0,0,0,0,0,0,0,F,F,"1925PHI.EVN.regular.event.csv",5246
"PHI192510010","BRO",3,0,0,0,0,"",3,3,"wheaz101","?","wheaz101","?","ringj101","?","ringj101","?","wilsj105","fonsl101","fribb101","hubec101","sandh101","harpg101","leacf101","willc103","","","","S5/G","T","F",7,3,20,"T","T",1,"F","F",0,"F","F",0,"F","F",5,"G","F","F","",0,0,"N",0,"N",0,"N",1,0,0,0,"","","","","F","F","F","F","F","F","F","F","F","","","","F","F","F","F","F","","","","",0,0,0,0,0,0,0,0,0,24,"PHI","BRO","PHI",0,"T","F",3,3,0,11,0,"T","F",0,1,"T","T","fourj101","browe102","T","T",0,0,0,0,0,0,0,0,0,"","","",0,0,0,0,0,0,0,0,0,0,0,0,0,"hubec101","F","F","F","F",0,0,0,0,0,0,0,0,0,0,F,F,"1925PHI.EVN.regular.event.csv",5247
"PHI192510010","BRO",3,0,0,0,0,"",3,3,"fourj101","?","fourj101","?","ringj101","?","ringj101","?","wilsj105","fonsl101","fribb101","hubec101","sandh101","harpg101","leacf101","willc103","wheaz101","","","2/P/FL","F","F",3,4,2,"T","T",0,"F","F",1,"F","F",0,"F","F",2,"P","F","T","",0,0,"N",0,"N",0,"N",0,1,0,0,"2","","","","F","F","F","F","F","F","F","F","F","ringj101","","","F","F","F","F","F","","","","",0,2,0,0,0,0,0,0,0,25,"PHI","BRO","PHI",0,"F","F",3,3,0,12,1,"T","F",1,1,"T","T","browe102","cox-d101","T","T",7,3,24,0,0,0,0,0,0,"wilsj105","","",0,0,0,0,0,0,0,0,0,0,0,0,0,"wilsj105","F","F","F","F",0,0,0,0,0,0,0,0,0,0,F,F,"1925PHI.EVN.regular.event.csv",5248
"PHI192510010","BRO",3,0,1,0,0,"",3,3,"browe102","?","browe102","?","ringj101","?","ringj101","?","wilsj105","fonsl101","fribb101","hubec101","sandh101","harpg101","leacf101","willc103","wheaz101","","","6(1)/FO","F","F",8,5,2,"T","T",0,"F","F",1,"F","F",0,"F","F",6,"G","F","F","",0,0,"N",0,"N",0,"N",1,0,0,0,"","6","","","F","F","F","F","F","F","F","F","F","ringj101","","","F","F","F","F","F","","","","",0,6,0,0,0,0,0,0,0,26,"PHI","BRO","PHI",0,"F","F",3,3,0,13,2,"T","F",1,1,"T","T","cox-d101","corgc101","T","T",7,3,24,0,0,0,0,0,0,"wilsj105","","",0,0,0,0,0,0,0,0,0,0,0,0,0,"sandh101","T","F","F","F",0,0,0,0,0,0,0,0,0,0,F,F,"1925PHI.EVN.regular.event.csv",5249
"PHI192510010","BRO",3,0,2,0,0,"",3,3,"cox-d101","?","cox-d101","?","ringj101","?","ringj101","?","wilsj105","fonsl101","fribb101","hubec101","sandh101","harpg101","leacf101","willc103","browe102","","","S9.1-3;BX2(943)#","F","F",9,6,20,"T","T",1,"F","F",1,"F","F",0,"F","F",9,"","F","F","",0,0,"N",0,"N",0,"N",0,3,0,0,"943","","","","F","F","F","F","F","F","F","F","F","ringj101","","","F","F","F","F","F","","","","",0,3,0,0,9,4,0,0,0,27,"PHI","BRO","PHI",0,"F","T",3,3,0,14,3,"T","F",1,4,"T","T","corgc101","taylz101","T","T",8,5,26,0,0,0,0,0,0,"wilsj105","","",0,0,0,0,0,0,0,0,0,0,0,0,0,"willc103","F","F","F","F",0,0,0,0,0,0,0,0,0,0,F,T,"1925PHI.EVN.regular.event.csv",5250
"PHI192510010","BRO",3,1,0,0,0,"",3,3,"willc103","?","willc103","?","ehrhr101","?","ehrhr101","?","taylz101","fourj101","stocm101","johnj107","corgc101","wheaz101","browe102","cox-d101","","","","S9","T","F",9,3,20,"T","T",1,"F","F",0,"F","F",0,"F","F",9,"","F","F","",0,0,"N",0,"N",0,"N",1,0,0,0,"","","","","F","F","F","F","F","F","F","F","F","","","","F","F","F","F","F","","","","",0,0,0,0,0,0,0,0,0,28,"PHI","PHI","BRO",1,"T","F",3,3,0,11,0,"T","F",0,1,"T","T","harpg101","fonsl101","T","T",0,0,0,0,0,0,0,0,0,"","","",0,0,0,0,0,0,0,0,0,0,0,0,0,"cox-d101","F","F","F","F",4,0,0,0,1,0,0,0,0,0,F,F,"1925PHI.EVN.regular.event.csv",5251
"PHI192510010","BRO",3,1,0,0,0,"",3,3,"harpg101","?","harpg101","?","ehrhr101","?","ehrhr101","?","taylz101","fourj101","stocm101","johnj107","corgc101","wheaz101","browe102","cox-d101","willc103","","","S9.1-3","F","F",7,4,20,"T","T",1,"F","F",0,"F","F",0,"F","F",9,"","F","F","",0,0,"N",0,"N",0,"N",1,3,0,0,"","","","","F","F","F","F","F","F","F","F","F","ehrhr101","","","F","F","F","F","F","","","","",0,0,0,0,0,0,0,0,0,29,"PHI","PHI","BRO",1,"F","F",3,3,0,12,1,"T","F",1,5,"T","T","fonsl101","wilsj105","T","T",9,3,28,0,0,0,0,0,0,"taylz101","","",0,0,0,0,0,0,0,0,0,0,0,0,0,"cox-d101","F","F","F","F",0,4,0,0,1,0,0,0,0,0,F,F,"1925PHI.EVN.regular.event.csv",5252
"PHI192510010","BRO",3,1,0,0,0,"",3,3,"fonsl101","?","fonsl101","?","ehrhr101","?","ehrhr101","?","taylz101","fourj101","stocm101","johnj107","corgc101","wheaz101","browe102","cox-d101","harpg101","","willc103","5/P","F","F",3,5,2,"T","T",0,"F","F",1,"F","F",0,"F","F",5,"P","F","F","",0,0,"N",0,"N",0,"N",0,1,0,3,"5","","","","F","F","F","F","F","F","F","F","F","ehrhr101","","ehrhr101","F","F","F","F","F","","","","",0,5,0,0,0,0,0,0,0,30,"PHI","PHI","BRO",1,"F","F",3,3,0,13,2,"T","F",5,5,"T","T","wilsj105","hubec101","T","T",7,4,29,0,0,0,9,3,28,"taylz101","","taylz101",0,0,0,0,0,0,0,0,0,0,0,0,0,"johnj107","F","F","F","F",0,0,0,4,1,0,0,0,0,0,F,F,"1925PHI.EVN.regular.event.csv",5253
"PHI192510010","BRO",3,1,1,0,0,"",3,3,"wilsj105","?","wilsj105","?","ehrhr101","?","ehrhr101","?","taylz101","fourj101","stocm101","johnj107","corgc101","wheaz101","browe102","cox-d101","harpg101","","willc103","4/P","F","F",2,6,2,"T","T",0,"F","F",1,"F","F",0,"F","F",4,"P","F","F","",0,0,"N",0,"N",0,"N",0,1,0,3,"4","","","","F","F","F","F","F","F","F","F","F","ehrhr101","","ehrhr101","F","F","F","F","F","","","","",0,4,0,0,0,0,0,0,0,31,"PHI","PHI","BRO",1,"F","F",3,3,0,14,3,"T","F",5,5,"T","T","hubec101","fribb101","T","T",7,4,29,0,0,0,9,3,28,"taylz101","","taylz101",0,0,0,0,0,0,0,0,0,0,0,0,0,"stocm101","F","F","F","F",0,0,0,4,1,0,0,0,0,0,F,F,"1925PHI.EVN.regular.event.csv",5254
"PHI192510010","BRO",3,1,2,0,0,"",3,3,"hubec101","?","hubec101","?","ehrhr101","?","ehrhr101","?","taylz101","fourj101","stocm101","johnj107","corgc101","wheaz101","browe102","cox-d101","harpg101","","willc103","S9.3-H;1-3","F","F",5,7,20,"T","T",1,"F","F",0,"F","F",1,"F","F",9,"","F","F","",0,0,"N",0,"N",0,"N",1,3,0,4,"","","","","F","F","F","F","F","F","F","F","F","ehrhr101","","ehrhr101","F","F","F","F","F","","","","",0,0,0,0,0,0,0,0,0,32,"PHI","PHI","BRO",1,"F","F",3,3,0,15,4,"T","F",5,5,"T","T","fribb101","ringj101","T","T",7,4,29,0,0,0,9,3,28,"taylz101","","taylz101",0,0,0,0,0,0,0,0,0,0,0,0,1,"cox-d101","F","F","F","F",0,0,0,4,0,0,0,0,0,0,F,F,"1925PHI.EVN.regular.event.csv",5255
"PHI192510010","BRO",3,1,2,0,0,"",3,4,"fribb101","?","fribb101","?","ehrhr101","?","ehrhr101","?","taylz101","fourj101","stocm101","johnj107","corgc101","wheaz101","browe102","cox-d101","hubec101","","harpg101","8/F8XD","F","F",4,8,2,"T","T",0,"F","F",1,"F","F",0,"F","F",8,"F","F","F","8XD",0,0,"N",0,"N",0,"N",0,1,0,3,"8","","","","F","F","F","F","F","F","F","F","F","ehrhr101","","ehrhr101","F","F","F","F","F","","","","",0,8,0,0,0,0,0,0,0,33,"PHI","PHI","BRO",1,"F","T",4,3,1,16,5,"T","F",5,5,"T","T","ringj101","sandh101","T","T",5,7,32,0,0,0,7,4,29,"taylz101","","taylz101",0,0,0,0,0,0,0,0,0,0,0,0,0,"browe102","F","F","F","F",0,0,0,0,0,0,0,0,0,0,F,F,"1925PHI.EVN.regular.event.csv",5256
"PHI192510010","BRO",4,0,0,0,0,"",3,4,"corgc101","?","corgc101","?","ringj101","?","ringj101","?","wilsj105","fonsl101","fribb101","hubec101","sandh101","harpg101","leacf101","willc103","","","","43","T","F",6,7,2,"T","T",0,"F","F",1,"F","F",0,"F","F",4,"G","F","F","",0,0,"N",0,"N",0,"N",0,0,0,0,"43","","","","F","F","F","F","F","F","F","F","F","","","","F","F","F","F","F","","","","",0,3,0,0,4,0,0,0,0,34,"PHI","BRO","PHI",0,"T","F",3,4,0,15,0,"T","F",0,0,"T","T","taylz101","ehrhr101","T","T",0,0,0,0,0,0,0,0,0,"","","",0,0,0,0,0,0,0,0,0,0,0,0,0,"fribb101","F","F","F","F",0,0,0,0,0,0,0,0,0,0,F,F,"1925PHI.EVN.regular.event.csv",5257
"PHI192510010","BRO",4,0,1,0,0,"",3,4,"taylz101","?","taylz101","?","ringj101","?","ringj101","?","wilsj105","fonsl101","fribb101","hubec101","sandh101","harpg101","leacf101","willc103","","","","53","F","F",2,8,2,"T","T",0,"F","F",1,"F","F",0,"F","F",5,"G","F","F","",0,0,"N",0,"N",0,"N",0,0,0,0,"53","","","","F","F","F","F","F","F","F","F","F","","","","F","F","F","F","F","","","","",0,3,0,0,5,0,0,0,0,35,"PHI","BRO","PHI",0,"F","F",3,4,0,16,1,"T","F",0,0,"T","T","ehrhr101","johnj107","T","T",0,0,0,0,0,0,0,0,0,"","","",0,0,0,0,0,0,0,0,0,0,0,0,0,"hubec101","F","F","F","F",0,0,0,0,0,0,0,0,0,0,F,F,"1925PHI.EVN.regular.event.csv",5258
"PHI192510010","BRO",4,0,2,0,0,"",3,4,"ehrhr101","?","ehrhr101","?","ringj101","?","ringj101","?","wilsj105","fonsl101","fribb101","hubec101","sandh101","harpg101","leacf101","willc103","","","","63","F","F",1,9,2,"T","T",0,"F","F",1,"F","F",0,"F","F",6,"G","F","F","",0,0,"N",0,"N",0,"N",0,0,0,0,"63","","","","F","F","F","F","F","F","F","F","F","","","","F","F","F","F","F","","","","",0,3,0,0,6,0,0,0,0,36,"PHI","BRO","PHI",0,"F","T",3,4,0,17,2,"T","F",0,0,"T","T","johnj107","stocm101","T","T",0,0,0,0,0,0,0,0,0,"","","",0,0,0,0,0,0,0,0,0,0,0,0,0,"sandh101","F","F","F","F",0,0,0,0,0,0,0,0,0,0,F,F,"1925PHI.EVN.regular.event.csv",5259
"PHI192510010","BRO",4,1,0,0,0,"",3,4,"ringj101","?","ringj101","?","ehrhr101","?","ehrhr101","?","taylz101","fourj101","stocm101","johnj107","corgc101","wheaz101","browe102","cox-d101","","","","K","T","F",1,9,3,"T","T",0,"F","F",1,"F","F",0,"F","F",0,"","F","F","",0,0,"N",0,"N",0,"N",0,0,0,0,"2","","","","F","F","F","F","F","F","F","F","F","","","","F","F","F","F","F","","","","",0,2,0,0,0,0,0,0,0,37,"PHI","PHI","BRO",1,"T","F",4,3,0,17,0,"T","F",0,0,"T","T","sandh101","leacf101","T","T",0,0,0,0,0,0,0,0,0,"","","",0,0,0,0,0,0,0,0,0,0,0,0,0,"","F","F","F","F",0,0,0,0,0,0,0,0,0,0,F,F,"1925PHI.EVN.regular.event.csv",5260
"PHI192510010","BRO",4,1,1,0,0,"",3,4,"sandh101","?","sandh101","?","ehrhr101","?","ehrhr101","?","taylz101","fourj101","stocm101","johnj107","corgc101","wheaz101","browe102","cox-d101","","","","43","F","F",6,1,2,"T","T",0,"F","F",1,"F","F",0,"F","F",4,"G","F","F","",0,0,"N",0,"N",0,"N",0,0,0,0,"43","","","","F","F","F","F","F","F","F","F","F","","","","F","F","F","F","F","","","","",0,3,0,0,4,0,0,0,0,38,"PHI","PHI","BRO",1,"F","F",4,3,0,18,1,"T","F",0,0,"T","T","leacf101","willc103","T","T",0,0,0,0,0,0,0,0,0,"","","",0,0,0,0,0,0,0,0,0,0,0,0,0,"stocm101","F","F","F","F",0,0,0,0,0,0,0,0,0,0,F,F,"1925PHI.EVN.regular.event.csv",5261
"PHI192510010","BRO",4,1,2,0,0,"",3,4,"leacf101","?","leacf101","?","ehrhr101","?","ehrhr101","?","taylz101","fourj101","stocm101","johnj107","corgc101","wheaz101","browe102","cox-d101","","","","6/P","F","F",8,2,2,"T","T",0,"F","F",1,"F","F",0,"F","F",6,"P","F","F","",0,0,"N",0,"N",0,"N",0,0,0,0,"6","","","","F","F","F","F","F","F","F","F","F","","","","F","F","F","F","F","","","","",0,6,0,0,0,0,0,0,0,39,"PHI","PHI","BRO",1,"F","T",4,3,0,19,2,"T","F",0,0,"T","T","willc103","harpg101","T","T",0,0,0,0,0,0,0,0,0,"","","",0,0,0,0,0,0,0,0,0,0,0,0,0,"corgc101","F","F","F","F",0,0,0,0,0,0,0,0,0,0,F,F,"1925PHI.EVN.regular.event.csv",5262
"PHI192510010","BRO",5,0,0,0,0,"",3,4,"johnj107","?","johnj107","?","ringj101","?","ringj101","?","wilsj105","fonsl101","fribb101","hubec101","sandh101","harpg101","leacf101","willc103","","","","53","T","F",5,1,2,"T","T",0,"F","F",1,"F","F",0,"F","F",5,"G","F","F","",0,0,"N",0,"N",0,"N",0,0,0,0,"53","","","","F","F","F","F","F","F","F","F","F","","","","F","F","F","F","F","","","","",0,3,0,0,5,0,0,0,0,40,"PHI","BRO","PHI",0,"T","F",3,4,0,18,0,"T","F",0,0,"T","T","stocm101","wheaz101","T","T",0,0,0,0,0,0,0,0,0,"","","",0,0,0,0,0,0,0,0,0,0,0,0,0,"hubec101","F","F","F","F",0,0,0,0,0,0,0,0,0,0,F,F,"1925PHI.EVN.regular.event.csv",5263
"PHI192510010","BRO",5,0,1,0,0,"",3,4,"stocm101","?","stocm101","?","ringj101","?","ringj101","?","wilsj105","fonsl101","fribb101","hubec101","sandh101","harpg101","leacf101","willc103","","","","63","F","F",4,2,2,"T","T",0,"F","F",1,"F","F",0,"F","F",6,"G","F","F","",0,0,"N",0,"N",0,"N",0,0,0,0,"63","","","","F","F","F","F","F","F","F","F","F","","","","F","F","F","F","F","","","","",0,3,0,0,6,0,0,0,0,41,"PHI","BRO","PHI",0,"F","F",3,4,0,19,1,"T","F",0,0,"T","T","wheaz101","fourj101","T","T",0,0,0,0,0,0,0,0,0,"","","",0,0,0,0,0,0,0,0,0,0,0,0,0,"sandh101","F","F","F","F",0,0,0,0,0,0,0,0,0,0,F,F,"1925PHI.EVN.regular.event.csv",5264
"PHI192510010","BRO",5,0,2,0,0,"",3,4,"wheaz101","?","wheaz101","?","ringj101","?","ringj101","?","wilsj105","fonsl101","fribb101","hubec101","sandh101","harpg101","leacf101","willc103","","","","7/F/FL","F","F",7,3,2,"T","T",0,"F","F",1,"F","F",0,"F","F",7,"F","F","T","",0,0,"N",0,"N",0,"N",0,0,0,0,"7","","","","F","F","F","F","F","F","F","F","F","","","","F","F","F","F","F","","","","",0,7,0,0,0,0,0,0,0,42,"PHI","BRO","PHI",0,"F","T",3,4,0,20,2,"T","F",0,0,"T","T","fourj101","browe102","T","T",0,0,0,0,0,0,0,0,0,"","","",0,0,0,0,0,0,0,0,0,0,0,0,0,"harpg101","F","F","F","F",0,0,0,0,0,0,0,0,0,0,F,F,"1925PHI.EVN.regular.event.csv",5265
"PHI192510010","BRO",5,1,0,0,0,"",3,4,"willc103","?","willc103","?","ehrhr101","?","ehrhr101","?","taylz101","fourj101","stocm101","johnj107","corgc101","wheaz101","browe102","cox-d101","","","","63","T","F",9,3,2,"T","T",0,"F","F",1,"F","F",0,"F","F",6,"G","F","F","",0,0,"N",0,"N",0,"N",0,0,0,0,"63","","","","F","F","F","F","F","F","F","F","F","","","","F","F","F","F","F","","","","",0,3,0,0,6,0,0,0,0,43,"PHI","PHI","BRO",1,"T","F",4,3,0,20,0,"T","F",0,0,"T","T","harpg101","fonsl101","T","T",0,0,0,0,0,0,0,0,0,"","","",0,0,0,0,0,0,0,0,0,0,0,0,0,"corgc101","F","F","F","F",0,0,0,0,0,0,0,0,0,0,F,F,"1925PHI.EVN.regular.event.csv",5266
"PHI192510010","BRO",5,1,1,0,0,"",3,4,"harpg101","?","harpg101","?","ehrhr101","?","ehrhr101","?","taylz101","fourj101","stocm101","johnj107","corgc101","wheaz101","browe102","cox-d101","","","","63","F","F",7,4,2,"T","T",0,"F","F",1,"F","F",0,"F","F",6,"G","F","F","",0,0,"N",0,"N",0,"N",0,0,0,0,"63","","","","F","F","F","F","F","F","F","F","F","","","","F","F","F","F","F","","","","",0,3,0,0,6,0,0,0,0,44,"PHI","PHI","BRO",1,"F","F",4,3,0,21,1,"T","F",0,0,"T","T","fonsl101","wilsj105","T","T",0,0,0,0,0,0,0,0,0,"","","",0,0,0,0,0,0,0,0,0,0,0,0,0,"corgc101","F","F","F","F",0,0,0,0,0,0,0,0,0,0,F,F,"1925PHI.EVN.regular.event.csv",5267
"PHI192510010","BRO",5,1,2,0,0,"",3,4,"fonsl101","?","fonsl101","?","ehrhr101","?","ehrhr101","?","taylz101","fourj101","stocm101","johnj107","corgc101","wheaz101","browe102","cox-d101","","","","S16/G.BX2(64)","F","F",3,5,20,"T","T",1,"F","F",1,"F","F",0,"F","F",1,"G","F","F","",0,0,"N",0,"N",0,"N",0,0,0,0,"64","","","","F","F","F","F","F","F","F","F","F","","","","F","F","F","F","F","","","","",0,4,0,0,6,0,0,0,0,45,"PHI","PHI","BRO",1,"F","T",4,3,0,22,2,"T","F",0,0,"T","T","wilsj105","hubec101","T","T",0,0,0,0,0,0,0,0,0,"","","",0,0,0,0,0,0,0,0,0,0,0,0,0,"ehrhr101","F","F","F","F",0,0,0,0,0,0,0,0,0,0,F,F,"1925PHI.EVN.regular.event.csv",5268
"PHI192510010","BRO",6,0,0,0,0,"",3,4,"fourj101","?","fourj101","?","ringj101","?","ringj101","?","wilsj105","fonsl101","fribb101","hubec101","sandh101","harpg101","leacf101","willc103","","","","43","T","F",3,4,2,"T","T",0,"F","F",1,"F","F",0,"F","F",4,"G","F","F","",0,0,"N",0,"N",0,"N",0,0,0,0,"43","","","","F","F","F","F","F","F","F","F","F","","","","F","F","F","F","F","","","","",0,3,0,0,4,0,0,0,0,46,"PHI","BRO","PHI",0,"T","F",3,4,0,21,0,"T","F",0,0,"T","T","browe102","cox-d101","T","T",0,0,0,0,0,0,0,0,0,"","","",0,0,0,0,0,0,0,0,0,0,0,0,0,"fribb101","F","F","F","F",0,0,0,0,0,0,0,0,0,0,F,F,"1925PHI.EVN.regular.event.csv",5269
"PHI192510010","BRO",6,0,1,0,0,"",3,4,"browe102","?","browe102","?","ringj101","?","ringj101","?","wilsj105","fonsl101","fribb101","hubec101","sandh101","harpg101","leacf101","willc103","","","","S7","F","F",8,5,20,"T","T",1,"F","F",0,"F","F",0,"F","F",7,"","F","F","",0,0,"N",0,"N",0,"N",1,0,0,0,"","","","","F","F","F","F","F","F","F","F","F","","","","F","F","F","F","F","","","","",0,0,0,0,0,0,0,0,0,47,"PHI","BRO","PHI",0,"F","F",3,4,0,22,1,"T","F",0,1,"T","T","cox-d101","corgc101","T","T",0,0,0,0,0,0,0,0,0,"","","",0,0,0,0,0,0,0,0,0,0,0,0,0,"harpg101","F","F","F","F",0,0,0,0,0,0,0,0,0,0,F,F,"1925PHI.EVN.regular.event.csv",5270
"PHI192510010","BRO",6,0,1,0,0,"",3,4,"cox-d101","?","cox-d101","?","ringj101","?","ringj101","?","wilsj105","fonsl101","fribb101","hubec101","sandh101","harpg101","leacf101","willc103","browe102","","","64(1)3/GDP","F","F",9,6,2,"T","T",0,"F","F",2,"T","F",0,"F","F",6,"G","F","F","",0,0,"N",0,"N",0,"N",0,0,0,0,"43","64","","","F","F","F","F","F","F","F","F","F","ringj101","","","F","F","F","F","F","","","","",0,4,3,0,6,4,0,0,0,48,"PHI","BRO","PHI",0,"F","T",3,4,0,23,2,"T","F",1,0,"T","T","corgc101","taylz101","T","T",8,5,47,0,0,0,0,0,0,"wilsj105","","",0,0,0,0,0,0,0,0,0,0,0,0,0,"sandh101","T","F","F","F",0,0,0,0,0,0,0,0,0,0,F,F,"1925PHI.EVN.regular.event.csv",5271
"PHI192510010","BRO",6,1,0,0,0,"",3,4,"wilsj105","?","wilsj105","?","ehrhr101","?","ehrhr101","?","taylz101","fourj101","stocm101","johnj107","corgc101","wheaz101","browe102","cox-d101","","","","S8","T","F",2,6,20,"T","T",1,"F","F",0,"F","F",0,"F","F",8,"","F","F","",0,0,"N",0,"N",0,"N",1,0,0,0,"","","","","F","F","F","F","F","F","F","F","F","","","","F","F","F","F","F","","","","",0,0,0,0,0,0,0,0,0,49,"PHI","PHI","BRO",1,"T","F",4,3,0,23,0,"T","F",0,1,"T","T","hubec101","fribb101","T","T",0,0,0,0,0,0,0,0,0,"","","",0,0,0,0,0,0,0,0,0,0,0,0,0,"browe102","F","F","F","F",0,0,0,0,0,0,0,0,0,0,F,F,"1925PHI.EVN.regular.event.csv",5272
"PHI192510010","BRO",6,1,0,0,0,"",3,4,"hubec101","?","hubec101","?","ehrhr101","?","ehrhr101","?","taylz101","fourj101","stocm101","johnj107","corgc101","wheaz101","browe102","cox-d101","wilsj105","","","46(1)/FO","F","F",5,7,2,"T","T",0,"F","F",1,"F","F",0,"F","F",4,"G","F","F","",0,0,"N",0,"N",0,"N",1,0,0,0,"","46","","","F","F","F","F","F","F","F","F","F","ehrhr101","","","F","F","F","F","F","","","","",0,6,0,0,4,0,0,0,0,50,"PHI","PHI","BRO",1,"F","F",4,3,0,24,1,"T","F",1,1,"T","T","fribb101","ringj101","T","T",2,6,49,0,0,0,0,0,0,"taylz101","","",0,0,0,0,0,0,0,0,0,0,0,0,0,"stocm101","T","F","F","F",0,0,0,0,0,0,0,0,0,0,F,F,"1925PHI.EVN.regular.event.csv",5273
"PHI192510010","BRO",6,1,1,0,0,"",3,4,"fribb101","?","fribb101","?","ehrhr101","?","ehrhr101","?","taylz101","fourj101","stocm101","johnj107","corgc101","wheaz101","browe102","cox-d101","hubec101","","","63.1-2","F","F",4,8,2,"T","T",0,"F","F",1,"F","F",0,"F","F",6,"G","F","F","",0,0,"N",0,"N",0,"N",0,2,0,0,"63","","","","F","F","F","F","F","F","F","F","F","ehrhr101","","","F","F","F","F","F","","","","",0,3,0,0,6,0,0,0,0,51,"PHI","PHI","BRO",1,"F","F",4,3,0,25,2,"T","F",1,2,"T","T","ringj101","sandh101","T","T",5,7,50,0,0,0,0,0,0,"taylz101","","",0,0,0,0,0,0,0,0,0,0,0,0,0,"corgc101","F","F","F","F",0,0,0,0,0,0,0,0,0,0,F,F,"1925PHI.EVN.regular.event.csv",5274
"PHI192510010","BRO",6,1,2,0,0,"",3,4,"ringj101","?","ringj101","?","ehrhr101","?","ehrhr101","?","taylz101","fourj101","stocm101","johnj107","corgc101","wheaz101","browe102","cox-d101","","hubec101","","K+WP.2-3;B-1","F","F",1,9,3,"T","T",0,"F","F",0,"F","F",0,"T","F",0,"","F","F","",0,0,"N",0,"N",0,"N",1,0,3,0,"","","","","F","F","F","F","F","F","F","F","F","","ehrhr101","","F","F","F","F","F","","","","",0,0,0,0,0,0,0,0,0,52,"PHI","PHI","BRO",1,"F","F",4,3,0,26,3,"T","F",2,5,"T","T","sandh101","leacf101","T","T",0,0,0,5,7,50,0,0,0,"","taylz101","",0,0,0,0,0,0,0,0,0,0,0,0,0,"","F","F","F","F",0,0,0,0,0,0,0,0,0,0,F,F,"1925PHI.EVN.regular.event.csv",5275
"PHI192510010","BRO",6,1,2,0,0,"",3,4,"sandh101","?","sandh101","?","ehrhr101","?","ehrhr101","?","taylz101","fourj101","stocm101","johnj107","corgc101","wheaz101","browe102","cox-d101","ringj101","","hubec101","3/P/FL","F","F",6,1,2,"T","T",0,"F","F",1,"F","F",0,"F","F",3,"P","F","T","",0,0,"N",0,"N",0,"N",0,1,0,3,"3","","","","F","F","F","F","F","F","F","F","F","ehrhr101","","ehrhr101","F","F","F","F","F","","","","",0,3,0,0,0,0,0,0,0,53,"PHI","PHI","BRO",1,"F","T",4,3,0,27,4,"T","F",5,5,"T","T","leacf101","willc103","T","T",1,9,52,0,0,0,5,7,50,"taylz101","","taylz101",0,0,0,0,0,0,0,0,0,0,0,0,0,"fourj101","F","F","F","F",0,0,0,0,0,0,0,0,0,0,F,F,"1925PHI.EVN.regular.event.csv",5276
"PHI192510010","BRO",7,0,0,0,0,"",3,4,"corgc101","?","corgc101","?","ringj101","?","ringj101","?","wilsj105","fonsl101","fribb101","hubec101","sandh101","harpg101","leacf101","willc103","","","","53","T","F",6,7,2,"T","T",0,"F","F",1,"F","F",0,"F","F",5,"G","F","F","",0,0,"N",0,"N",0,"N",0,0,0,0,"53","","","","F","F","F","F","F","F","F","F","F","","","","F","F","F","F","F","","","","",0,3,0,0,5,0,0,0,0,54,"PHI","BRO","PHI",0,"T","F",3,4,0,24,0,"T","F",0,0,"T","T","taylz101","ehrhr101","T","T",0,0,0,0,0,0,0,0,0,"","","",0,0,0,0,0,0,0,0,0,0,0,0,0,"hubec101","F","F","F","F",0,0,0,0,1,0,0,0,0,0,F,F,"1925PHI.EVN.regular.event.csv",5277
"PHI192510010","BRO",7,0,1,0,0,"",3,4,"taylz101","?","taylz101","?","ringj101","?","ringj101","?","wilsj105","fonsl101","fribb101","hubec101","sandh101","harpg101","leacf101","willc103","","","","4/P","F","F",2,8,2,"T","T",0,"F","F",1,"F","F",0,"F","F",4,"P","F","F","",0,0,"N",0,"N",0,"N",0,0,0,0,"4","","","","F","F","F","F","F","F","F","F","F","","","","F","F","F","F","F","","","","",0,4,0,0,0,0,0,0,0,55,"PHI","BRO","PHI",0,"F","F",3,4,0,25,1,"T","F",0,0,"T","T","ehrhr101","johnj107","T","T",0,0,0,0,0,0,0,0,0,"","","",0,0,0,0,0,0,0,0,0,0,0,0,0,"fribb101","F","F","F","F",0,0,0,0,1,0,0,0,0,0,F,F,"1925PHI.EVN.regular.event.csv",5278
"PHI192510010","BRO",7,0,2,0,0,"",3,4,"ehrhr101","?","ehrhr101","?","ringj101","?","ringj101","?","wilsj105","fonsl101","fribb101","hubec101","sandh101","harpg101","leacf101","willc103","","","","HR/7","F","F",1,9,23,"T","T",4,"F","F",0,"F","F",1,"F","F",0,"","F","F","7",0,0,"N",0,"N",0,"N",4,0,0,0,"","","","","F","F","F","F","F","F","F","F","F","","","","F","F","F","F","F","","","","",0,0,0,0,0,0,0,0,0,56,"PHI","BRO","PHI",0,"F","F",3,4,0,26,2,"T","F",0,0,"T","T","johnj107","stocm101","T","T",0,0,0,0,0,0,0,0,0,"","","",0,0,0,0,0,0,0,0,0,0,0,0,1,"","F","F","F","F",4,0,0,0,0,0,0,0,0,0,F,F,"1925PHI.EVN.regular.event.csv",5279
"PHI192510010","BRO",7,0,2,0,0,"",4,4,"johnj107","?","johnj107","?","ringj101","?","ringj101","?","wilsj105","fonsl101","fribb101","hubec101","sandh101","harpg101","leacf101","willc103","","","","13","F","F",5,1,2,"T","T",0,"F","F",1,"F","F",0,"F","F",1,"G","F","F","",0,0,"N",0,"N",0,"N",0,0,0,0,"13","","","","F","F","F","F","F","F","F","F","F","","","","F","F","F","F","F","","","","",0,3,0,0,1,0,0,0,0,57,"PHI","BRO","PHI",0,"F","T",4,4,1,27,3,"T","F",0,0,"T","T","stocm101","wheaz101","T","T",0,0,0,0,0,0,0,0,0,"","","",0,0,0,0,0,0,0,0,0,0,0,0,0,"ringj101","F","F","F","F",0,0,0,0,0,0,0,0,0,0,F,F,"1925PHI.EVN.regular.event.csv",5280
"PHI192510010","BRO",7,1,0,0,0,"",4,4,"leacf101","?","leacf101","?","ehrhr101","?","ehrhr101","?","taylz101","fourj101","stocm101","johnj107","corgc101","wheaz101","browe102","cox-d101","","","","8/F","T","F",8,2,2,"T","T",0,"F","F",1,"F","F",0,"F","F",8,"F","F","F","",0,0,"N",0,"N",0,"N",0,0,0,0,"8","","","","F","F","F","F","F","F","F","F","F","","","","F","F","F","F","F","","","","",0,8,0,0,0,0,0,0,0,58,"PHI","PHI","BRO",1,"T","F",4,4,0,28,0,"T","F",0,0,"T","T","willc103","harpg101","T","T",0,0,0,0,0,0,0,0,0,"","","",0,0,0,0,0,0,0,0,0,0,0,0,0,"browe102","F","F","F","F",0,0,0,0,1,0,0,0,0,0,F,F,"1925PHI.EVN.regular.event.csv",5281
"PHI192510010","BRO",7,1,1,0,0,"",4,4,"willc103","?","willc103","?","ehrhr101","?","ehrhr101","?","taylz101","fourj101","stocm101","johnj107","corgc101","wheaz101","browe102","cox-d101","","","","W","F","F",9,3,14,"T","F",0,"F","F",0,"F","F",0,"F","F",0,"","F","F","",0,0,"N",0,"N",0,"N",1,0,0,0,"","","","","F","F","F","F","F","F","F","F","F","","","","F","F","F","F","F","","","","",0,0,0,0,0,0,0,0,0,59,"PHI","PHI","BRO",1,"F","F",4,4,0,29,1,"T","F",0,1,"T","T","harpg101","fonsl101","T","T",0,0,0,0,0,0,0,0,0,"","","",0,0,0,0,0,0,0,0,0,0,0,0,0,"","F","F","F","F",4,0,0,0,1,0,0,0,0,0,F,F,"1925PHI.EVN.regular.event.csv",5282
"PHI192510010","BRO",7,1,1,0,0,"",4,4,"harpg101","?","harpg101","?","ehrhr101","?","ehrhr101","?","taylz101","fourj101","stocm101","johnj107","corgc101","wheaz101","browe102","cox-d101","willc103","","","W.1-2","F","F",7,4,14,"T","F",0,"F","F",0,"F","F",0,"F","F",0,"","F","F","",0,0,"N",0,"N",0,"N",1,2,0,0,"","","","","F","F","F","F","F","F","F","F","F","ehrhr101","","","F","F","F","F","F","","","","",0,0,0,0,0,0,0,0,0,60,"PHI","PHI","BRO",1,"F","F",4,4,0,30,2,"T","F",1,3,"T","T","fonsl101","wilsj105","T","T",9,3,59,0,0,0,0,0,0,"taylz101","","",0,0,0,0,0,0,0,0,0,0,0,0,0,"","F","F","F","F",0,4,0,0,1,0,0,0,0,0,F,F,"1925PHI.EVN.regular.event.csv",5283
"PHI192510010","BRO",7,1,1,0,0,"",4,4,"fonsl101","?","fonsl101","?","ehrhr101","?","ehrhr101","?","taylz101","fourj101","stocm101","johnj107","corgc101","wheaz101","browe102","cox-d101","harpg101","willc103","","S5/BG25.2-3;1-2","F","F",3,5,20,"T","T",1,"F","F",0,"F","F",0,"F","F",5,"G","T","F","25",0,0,"N",0,"N",0,"N",1,2,3,0,"","","","","F","F","F","F","F","F","F","F","F","ehrhr101","ehrhr101","","F","F","F","F","F","","","","",0,0,0,0,0,0,0,0,0,61,"PHI","PHI","BRO",1,"F","F",4,4,0,31,3,"T","F",3,7,"T","T","wilsj105","hubec101","T","T",7,4,60,9,3,59,0,0,0,"taylz101","taylz101","",0,0,0,0,0,0,0,0,0,0,0,0,0,"johnj107","F","F","F","F",0,0,4,0,1,0,0,0,0,0,F,F,"1925PHI.EVN.regular.event.csv",5284
"PHI192510010","BRO",7,1,1,0,0,"",4,4,"wilsj105","?","wilsj105","?","ehrhr101","?","ehrhr101","?","taylz101","fourj101","stocm101","johnj107","corgc101","wheaz101","browe102","cox-d101","fonsl101","harpg101","willc103","8/F8XD/SF.3-H;2-3;1-2","F","F",2,6,2,"T","F",0,"F","T",1,"F","F",1,"F","F",8,"F","F","F","8XD",0,0,"N",0,"N",0,"N",0,2,3,4,"8","","","","F","F","F","F","F","F","F","F","F","ehrhr101","ehrhr101","ehrhr101","F","F","F","F","F","","","","",0,8,0,0,0,0,0,0,0,62,"PHI","PHI","BRO",1,"F","F",4,4,0,32,4,"T","F",7,6,"T","T","hubec101","fribb101","T","T",3,5,61,7,4,60,9,3,59,"taylz101","taylz101","taylz101",0,0,0,0,0,0,0,0,0,0,0,0,1,"browe102","F","F","F","F",0,0,0,4,0,0,0,0,0,0,F,F,"1925PHI.EVN.regular.event.csv",5285
"PHI192510010","BRO",7,1,2,0,0,"",4,5,"hubec101","?","hubec101","?","ehrhr101","?","ehrhr101","?","taylz101","fourj101","stocm101","johnj107","corgc101","wheaz101","browe102","cox-d101","","fonsl101","harpg101","43","F","F",5,7,2,"T","T",0,"F","F",1,"F","F",0,"F","F",4,"G","F","F","",0,0,"N",0,"N",0,"N",0,0,2,3,"43","","","","F","F","F","F","F","F","F","F","F","","ehrhr101","ehrhr101","F","F","F","F","F","","","","",0,3,0,0,4,0,0,0,0,63,"PHI","PHI","BRO",1,"F","T",5,4,1,33,5,"T","F",6,6,"T","T","fribb101","ringj101","T","T",0,0,0,3,5,61,7,4,60,"","taylz101","taylz101",0,0,0,0,0,0,0,0,0,0,0,0,0,"stocm101","F","F","F","F",0,0,0,0,0,0,0,0,0,0,F,F,"1925PHI.EVN.regular.event.csv",5286
"PHI192510010","BRO",8,0,0,0,0,"",4,5,"stocm101","?","stocm101","?","ringj101","?","ringj101","?","wilsj105","fonsl101","fribb101","hubec101","sandh101","harpg101","leacf101","willc103","","","","S8.B-2(E8)","T","F",4,2,20,"T","T",1,"F","F",0,"F","F",0,"F","F",8,"","F","F","",1,8,"F",0,"N",0,"N",2,0,0,0,"","","","","F","F","F","F","F","F","F","F","F","","","","F","F","F","F","F","","","","",0,0,0,0,0,0,0,0,0,64,"PHI","BRO","PHI",0,"T","F",4,5,0,28,0,"T","F",0,2,"T","T","wheaz101","fourj101","T","T",0,0,0,0,0,0,0,0,0,"","","",0,0,0,0,0,0,0,0,0,0,0,0,0,"leacf101","F","F","F","F",5,0,0,0,1,0,0,0,0,0,F,F,"1925PHI.EVN.regular.event.csv",5287
"PHI192510010","BRO",8,0,0,0,0,"",4,5,"wheaz101","?","wheaz101","?","ringj101","?","ringj101","?","wilsj105","fonsl101","fribb101","hubec101","sandh101","harpg101","leacf101","willc103","","stocm101","","S8.2-H(UR)","F","F",7,3,20,"T","T",1,"F","F",0,"F","F",1,"F","F",8,"","F","F","",0,0,"N",0,"N",0,"N",1,0,5,0,"","","","","F","F","F","F","F","F","F","F","F","","ringj101","","F","F","F","F","F","","","","",0,0,0,0,0,0,0,0,0,65,"PHI","BRO","PHI",0,"F","F",4,5,0,29,1,"T","F",2,1,"T","T","fourj101","browe102","T","T",0,0,0,4,2,64,0,0,0,"","wilsj105","",0,0,0,0,0,0,0,0,0,0,0,0,1,"leacf101","F","F","F","F",0,0,5,0,0,0,0,0,0,0,F,F,"1925PHI.EVN.regular.event.csv",5288
"PHI192510010","BRO",8,0,0,0,0,"",5,5,"fourj101","?","fourj101","?","ringj101","?","ringj101","?","wilsj105","fonsl101","fribb101","hubec101","sandh101","harpg101","leacf101","willc103","wheaz101","","","K","F","F",3,4,3,"T","T",0,"F","F",1,"F","F",0,"F","F",0,"","F","F","",0,0,"N",0,"N",0,"N",0,1,0,0,"2","","","","F","F","F","F","F","F","F","F","F","ringj101","","","F","F","F","F","F","","","","",0,2,0,0,0,0,0,0,0,66,"PHI","BRO","PHI",0,"F","F",5,5,1,30,2,"T","F",1,1,"T","T","browe102","cox-d101","T","T",7,3,65,0,0,0,0,0,0,"wilsj105","","",0,0,0,0,0,0,0,0,0,0,0,0,0,"","F","F","F","F",0,0,0,0,0,0,0,0,0,0,F,F,"1925PHI.EVN.regular.event.csv",5289
"PHI192510010","BRO",8,0,1,0,0,"",5,5,"browe102","?","browe102","?","ringj101","?","ringj101","?","wilsj105","fonsl101","fribb101","hubec101","sandh101","harpg101","leacf101","willc103","wheaz101","","","43/G34D.1-2","F","F",8,5,2,"T","T",0,"F","F",1,"F","F",0,"F","F",4,"G","F","F","34D",0,0,"N",0,"N",0,"N",0,2,0,0,"43","","","","F","F","F","F","F","F","F","F","F","ringj101","","","F","F","F","F","F","","","","",0,3,0,0,4,0,0,0,0,67,"PHI","BRO","PHI",0,"F","F",5,5,1,31,3,"T","F",1,2,"T","T","cox-d101","corgc101","T","T",7,3,65,0,0,0,0,0,0,"wilsj105","","",0,0,0,0,0,0,0,0,0,0,0,0,0,"fribb101","F","F","F","F",0,0,0,0,0,0,0,0,0,0,F,F,"1925PHI.EVN.regular.event.csv",5290
"PHI192510010","BRO",8,0,2,0,0,"",5,5,"cox-d101","?","cox-d101","?","ringj101","?","ringj101","?","wilsj105","fonsl101","fribb101","hubec101","sandh101","harpg101","leacf101","willc103","","wheaz101","","WP.2-3","F","F",9,6,9,"F","F",0,"F","F",0,"F","F",0,"T","F",0,"","F","F","",0,0,"N",0,"N",0,"N",0,0,3,0,"","","","","F","F","F","F","F","F","F","F","F","","ringj101","","F","F","F","F","F","","","","",0,0,0,0,0,0,0,0,0,68,"PHI","BRO","PHI",0,"F","F",5,5,1,32,4,"T","F",2,4,"T","T","corgc101","taylz101","T","T",0,0,0,7,3,65,0,0,0,"","wilsj105","",0,0,0,0,0,0,0,0,0,0,0,0,0,"","F","F","F","F",0,0,0,0,0,0,0,0,0,0,F,F,"1925PHI.EVN.regular.event.csv",5291
"PHI192510010","BRO",8,0,2,0,0,"",5,5,"cox-d101","?","cox-d101","?","ringj101","?","ringj101","?","wilsj105","fonsl101","fribb101","hubec101","sandh101","harpg101","leacf101","willc103","","","wheaz101","K","F","F",9,6,3,"T","T",0,"F","F",1,"F","F",0,"F","F",0,"","F","F","",0,0,"N",0,"N",0,"N",0,0,0,3,"2","","","","F","F","F","F","F","F","F","F","F","","","ringj101","F","F","F","F","F","","","","",0,2,0,0,0,0,0,0,0,69,"PHI","BRO","PHI",0,"F","T",5,5,1,32,4,"F","F",4,4,"T","T","corgc101","taylz101","T","T",0,0,0,0,0,0,7,3,65,"","","wilsj105",0,0,0,0,0,0,0,0,0,0,0,0,0,"","F","F","F","F",0,0,0,0,0,0,0,0,0,0,F,F,"1925PHI.EVN.regular.event.csv",5292
"PHI192510010","BRO",8,1,0,0,0,"",5,5,"fribb101","?","fribb101","?","ehrhr101","?","ehrhr101","?","taylz101","fourj101","stocm101","johnj107","corgc101","wheaz101","browe102","cox-d101","","","","W","T","F",4,8,14,"T","F",0,"F","F",0,"F","F",0,"F","F",0,"","F","F","",0,0,"N",0,"N",0,"N",1,0,0,0,"","","","","F","F","F","F","F","F","F","F","F","","","","F","F","F","F","F","","","","",0,0,0,0,0,0,0,0,0,70,"PHI","PHI","BRO",1,"T","F",5,5,0,34,0,"T","F",0,1,"T","T","ringj101","sandh101","T","T",0,0,0,0,0,0,0,0,0,"","","",0,0,0,0,0,0,0,0,0,0,0,0,0,"","F","F","F","F",4,0,0,0,1,0,0,0,0,0,F,F,"1925PHI.EVN.regular.event.csv",5293
"PHI192510010","BRO",8,1,0,0,0,"",5,5,"ringj101","?","ringj101","?","ehrhr101","?","ehrhr101","?","taylz101","fourj101","stocm101","johnj107","corgc101","wheaz101","browe102","cox-d101","fribb101","","","34/BG2/SH.1-2","F","F",1,9,2,"T","F",0,"T","F",1,"F","F",0,"F","F",3,"G","T","F","2",0,0,"N",0,"N",0,"N",0,2,0,0,"34","","","","F","F","F","F","F","F","F","F","F","ehrhr101","","","F","F","F","F","F","","","","",0,4,0,0,3,0,0,0,0,71,"PHI","PHI","BRO",1,"F","F",5,5,0,35,1,"T","F",1,2,"T","T","sandh101","leacf101","T","T",4,8,70,0,0,0,0,0,0,"taylz101","","",0,0,0,0,0,0,0,0,0,0,0,0,0,"fourj101","F","F","F","F",0,4,0,0,1,0,0,0,0,0,F,F,"1925PHI.EVN.regular.event.csv",5294
"PHI192510010","BRO",8,1,1,0,0,"X",5,5,"wrigr102","?","wrigr102","?","ehrhr101","?","ehrhr101","?","taylz101","fourj101","stocm101","johnj107","corgc101","wheaz101","browe102","cox-d101","","fribb101","","S9/F9LDW.2-H","F","T",11,1,20,"T","T",1,"F","F",0,"F","F",1,"F","F",9,"F","F","F","9LDW",0,0,"N",0,"N",0,"N",1,0,4,0,"","","","","F","F","F","F","F","F","F","F","F","","ehrhr101","","F","F","F","F","F","","","","sandh101",6,0,0,0,0,0,0,0,0,72,"PHI","PHI","BRO",1,"F","F",5,5,0,36,2,"T","F",2,1,"F","F","leacf101","willc103","T","T",0,0,0,4,8,70,0,0,0,"","taylz101","",0,0,0,0,0,0,1,0,0,0,1,0,1,"cox-d101","F","F","F","F",0,0,4,0,0,0,0,0,0,0,F,F,"1925PHI.EVN.regular.event.csv",5295
"PHI192510010","BRO",8,1,1,0,0,"",5,6,"leacf101","?","leacf101","?","ehrhr101","?","ehrhr101","?","taylz101","fourj101","stocm101","johnj107","corgc101","wheaz101","browe102","cox-d101","wrigr102","","","46(1)/FO","F","F",8,2,2,"T","T",0,"F","F",1,"F","F",0,"F","F",4,"G","F","F","",0,0,"N",0,"N",0,"N",1,0,0,0,"","46","","","F","F","F","F","F","F","F","F","F","ehrhr101","","","F","F","F","F","F","","","","",0,6,0,0,4,0,0,0,0,73,"PHI","PHI","BRO",1,"F","F",6,5,1,37,3,"T","F",1,1,"T","T","willc103","harpg101","T","T",0,1,72,0,0,0,0,0,0,"taylz101","","",0,0,0,0,0,0,0,0,0,0,0,0,0,"stocm101","T","F","F","F",1,0,0,0,0,0,0,0,0,0,F,F,"1925PHI.EVN.regular.event.csv",5296
"PHI192510010","BRO",8,1,2,0,0,"",5,6,"willc103","?","willc103","?","ehrhr101","?","ehrhr101","?","taylz101","fourj101","stocm101","johnj107","corgc101","wheaz101","browe102","cox-d101","leacf101","","","8/F8S","F","F",9,3,2,"T","T",0,"F","F",1,"F","F",0,"F","F",8,"F","F","F","8S",0,0,"N",0,"N",0,"N",0,1,0,0,"8","","","","F","F","F","F","F","F","F","F","F","ehrhr101","","","F","F","F","F","F","","","","",0,8,0,0,0,0,0,0,0,74,"PHI","PHI","BRO",1,"F","T",6,5,1,38,4,"T","F",1,1,"T","T","harpg101","fonsl101","T","T",8,2,73,0,0,0,0,0,0,"taylz101","","",0,0,0,0,0,0,0,0,0,0,0,0,0,"browe102","F","F","F","F",0,1,0,0,0,0,0,0,0,0,F,F,"1925PHI.EVN.regular.event.csv",5297
"PHI192510010","BRO",9,0,0,0,0,"",5,6,"hargc101","?","hargc101","?","ringj101","?","ringj101","?","wilsj105","fonsl101","fribb101","hubec101","wrigr102","harpg101","leacf101","willc103","","","","S6/G56","T","T",11,7,20,"T","T",1,"F","F",0,"F","F",0,"F","F",6,"G","F","F","56",0,0,"N",0,"N",0,"N",1,0,0,0,"","","","","F","F","F","F","F","F","F","F","F","","","","F","F","F","F","F","","","","corgc101",6,0,0,0,0,0,0,0,0,75,"PHI","BRO","PHI",0,"T","F",5,6,0,33,0,"T","F",0,1,"F","F","taylz101","ehrhr101","T","T",0,0,0,0,0,0,0,0,0,"","","",0,0,0,0,0,0,0,0,0,0,0,0,0,"wrigr102","F","F","F","F",3,0,0,0,0,0,0,0,0,0,F,F,"1925PHI.EVN.regular.event.csv",5298
"PHI192510010","BRO",9,0,0,0,0,"",5,6,"taylz101","?","taylz101","?","ringj101","?","ringj101","?","wilsj105","fonsl101","fribb101","hubec101","wrigr102","harpg101","leacf101","willc103","hutsr101","","","43.1-2","F","F",2,8,2,"T","T",0,"F","F",1,"F","F",0,"F","F",4,"G","F","F","",0,0,"N",0,"N",0,"N",0,2,0,0,"43","","","","F","F","F","F","F","F","F","F","F","ringj101","","","F","F","T","F","F","hargc101","","","",0,3,0,0,4,0,0,0,0,76,"PHI","BRO","PHI",0,"F","F",5,6,0,34,1,"T","F",1,2,"T","T","ehrhr101","johnj107","T","T",0,7,75,0,0,0,0,0,0,"wilsj105","","",0,0,0,0,0,0,0,0,0,0,0,0,0,"fribb101","F","F","F","F",0,3,0,0,0,0,0,0,0,0,F,F,"1925PHI.EVN.regular.event.csv",5299
"PHI192510010","BRO",9,0,1,0,0,"",5,6,"tierc101","?","tierc101","?","ringj101","?","ringj101","?","wilsj105","fonsl101","fribb101","hubec101","wrigr102","harpg101","leacf101","willc103","","hutsr101","","K","F","T",11,9,3,"T","T",0,"F","F",1,"F","F",0,"F","F",0,"","F","F","",0,0,"N",0,"N",0,"N",0,0,2,0,"2","","","","F","F","F","F","F","F","F","F","F","","ringj101","","F","F","F","F","F","","","","ehrhr101",1,2,0,0,0,0,0,0,0,77,"PHI","BRO","PHI",0,"F","F",5,6,0,35,2,"T","F",2,2,"F","F","johnj107","stocm101","T","T",0,0,0,12,7,75,0,0,0,"","wilsj105","",0,0,0,0,0,0,0,0,0,0,0,0,0,"","F","F","F","F",0,0,3,0,0,0,0,0,0,0,F,F,"1925PHI.EVN.regular.event.csv",5300
"PHI192510010","BRO",9,0,2,0,0,"",5,6,"johnj107","?","johnj107","?","ringj101","?","ringj101","?","wilsj105","fonsl101","fribb101","hubec101","wrigr102","harpg101","leacf101","willc103","","hutsr101","","WP.2-3","F","F",5,1,9,"F","F",0,"F","F",0,"F","F",0,"T","F",0,"","F","F","",0,0,"N",0,"N",0,"N",0,0,3,0,"","","","","F","F","F","F","F","F","F","F","F","","ringj101","","F","F","F","F","F","","","","",0,0,0,0,0,0,0,0,0,78,"PHI","BRO","PHI",0,"F","F",5,6,0,36,3,"T","F",2,4,"T","T","stocm101","wheaz101","T","T",0,0,0,0,7,75,0,0,0,"","wilsj105","",0,0,0,0,0,0,0,0,0,0,0,0,0,"","F","F","F","F",0,0,3,0,0,0,0,0,0,0,F,F,"1925PHI.EVN.regular.event.csv",5301
"PHI192510010","BRO",9,0,2,0,0,"",5,6,"johnj107","?","johnj107","?","ringj101","?","ringj101","?","wilsj105","fonsl101","fribb101","hubec101","wrigr102","harpg101","leacf101","willc103","","","hutsr101","7/L78D","F","F",5,1,2,"T","T",0,"F","F",1,"F","F",0,"F","F",7,"L","F","F","78D",0,0,"N",0,"N",0,"N",0,0,0,3,"7","","","","F","F","F","F","F","F","F","F","F","","","ringj101","F","T","F","F","F","","","","",0,7,0,0,0,0,0,0,0,79,"PHI","BRO","PHI",0,"F","T",5,6,0,36,3,"F","F",4,4,"T","T","stocm101","wheaz101","T","T",0,0,0,0,0,0,0,7,75,"","","wilsj105",0,0,0,0,0,0,0,0,0,0,0,0,0,"harpg101","F","F","F","F",0,0,0,3,0,0,0,0,0,0,F,F,"1925PHI.EVN.regular.event.csv",5302
"PHI192510031","NY1",1,0,0,0,0,"",0,0,"younr101","?","younr101","?","carlh101","?","carlh101","?","wilsj105","fonsl101","fribb101","hubec101","sandh101","harpg101","leacf101","willc103","","","","K","T","F",9,1,3,"T","T",0,"F","F",1,"F","F",0,"F","F",0,"","F","F","",0,0,"N",0,"N",0,"N",0,0,0,0,"2","","","","F","F","F","F","F","F","F","F","F","","","","T","F","F","F","F","","","","",0,2,0,0,0,0,0,0,0,1,"PHI","NY1","PHI",0,"T","F",0,0,0,0,0,"T","F",0,0,"T","T","moora103","frisf101","T","T",0,0,0,0,0,0,0,0,0,"","","",0,0,0,0,0,0,0,0,0,0,0,0,0,"","F","F","F","F",0,0,0,0,0,0,0,0,0,0,F,F,"1925PHI.EVN.regular.event.csv",5303
"PHI192510031","NY1",1,0,1,0,0,"",0,0,"moora103","?","moora103","?","carlh101","?","carlh101","?","wilsj105","fonsl101","fribb101","hubec101","sandh101","harpg101","leacf101","willc103","","","","K","F","F",7,2,3,"T","T",0,"F","F",1,"F","F",0,"F","F",0,"","F","F","",0,0,"N",0,"N",0,"N",0,0,0,0,"2","","","","F","F","F","F","F","F","F","F","F","","","","F","F","F","F","F","","","","",0,2,0,0,0,0,0,0,0,2,"PHI","NY1","PHI",0,"F","F",0,0,0,1,1,"T","F",0,0,"T","T","frisf101","terrb101","T","T",0,0,0,0,0,0,0,0,0,"","","",0,0,0,0,0,0,0,0,0,0,0,0,0,"","F","F","F","F",0,0,0,0,0,0,0,0,0,0,F,F,"1925PHI.EVN.regular.event.csv",5304
"PHI192510031","NY1",1,0,2,0,0,"",0,0,"frisf101","?","frisf101","?","carlh101","?","carlh101","?","wilsj105","fonsl101","fribb101","hubec101","sandh101","harpg101","leacf101","willc103","","","","S8","F","F",5,3,20,"T","T",1,"F","F",0,"F","F",0,"F","F",8,"","F","F","",0,0,"N",0,"N",0,"N",1,0,0,0,"","","","","F","F","F","F","F","F","F","F","F","","","","F","F","F","F","F","","","","",0,0,0,0,0,0,0,0,0,3,"PHI","NY1","PHI",0,"F","F",0,0,0,2,2,"T","F",0,1,"T","T","terrb101","kellg101","T","T",0,0,0,0,0,0,0,0,0,"","","",0,0,0,0,0,0,0,0,0,0,0,0,0,"leacf101","F","F","F","F",0,0,0,0,0,0,0,0,0,0,F,F,"1925PHI.EVN.regular.event.csv",5305
"PHI192510031","NY1",1,0,2,0,0,"",0,0,"terrb101","?","terrb101","?","carlh101","?","carlh101","?","wilsj105","fonsl101","fribb101","hubec101","sandh101","harpg101","leacf101","willc103","frisf101","","","7/F","F","F",3,4,2,"T","T",0,"F","F",1,"F","F",0,"F","F",7,"F","F","F","",0,0,"N",0,"N",0,"N",0,1,0,0,"7","","","","F","F","F","F","F","F","F","F","F","carlh101","","","F","F","F","F","F","","","","",0,7,0,0,0,0,0,0,0,4,"PHI","NY1","PHI",0,"F","T",0,0,0,3,3,"T","F",1,1,"T","T","kellg101","soutb101","T","T",5,3,3,0,0,0,0,0,0,"wilsj105","","",0,0,0,0,0,0,0,0,0,0,0,0,0,"harpg101","F","F","F","F",0,0,0,0,0,0,0,0,0,0,F,F,"1925PHI.EVN.regular.event.csv",5306
"PHI192510031","NY1",1,1,0,0,0,"",0,0,"sandh101","?","sandh101","?","barnv101","?","barnv101","?","snydf101","terrb101","kellg101","frisf101","jackt101","moora103","soutb101","younr101","","","","S9","T","F",6,1,20,"T","T",1,"F","F",0,"F","F",0,"F","F",9,"","F","F","",0,0,"N",0,"N",0,"N",1,0,0,0,"","","","","F","F","F","F","F","F","F","F","F","","","","F","F","F","F","F","","","","",0,0,0,0,0,0,0,0,0,5,"PHI","PHI","NY1",1,"T","F",0,0,0,0,0,"T","F",0,1,"T","T","leacf101","willc103","T","T",0,0,0,0,0,0,0,0,0,"","","",0,0,0,0,0,0,0,0,0,0,0,0,0,"younr101","F","F","F","F",4,0,0,0,3,0,0,0,0,0,F,F,"1925PHI.EVN.regular.event.csv",5307
"PHI192510031","NY1",1,1,0,0,0,"",0,0,"leacf101","?","leacf101","?","barnv101","?","barnv101","?","snydf101","terrb101","kellg101","frisf101","jackt101","moora103","soutb101","younr101","sandh101","","","S8.1-3","F","F",8,2,20,"T","T",1,"F","F",0,"F","F",0,"F","F",8,"","F","F","",0,0,"N",0,"N",0,"N",1,3,0,0,"","","","","F","F","F","F","F","F","F","F","F","barnv101","","","F","F","F","F","F","","","","",0,0,0,0,0,0,0,0,0,6,"PHI","PHI","NY1",1,"F","F",0,0,0,1,1,"T","F",1,5,"T","T","willc103","harpg101","T","T",6,1,5,0,0,0,0,0,0,"snydf101","","",0,0,0,0,0,0,0,0,0,0,0,0,0,"soutb101","F","F","F","F",4,4,0,0,3,0,0,0,0,0,F,F,"1925PHI.EVN.regular.event.csv",5308
"PHI192510031","NY1",1,1,0,0,0,"",0,0,"willc103","?","willc103","?","barnv101","?","barnv101","?","snydf101","terrb101","kellg101","frisf101","jackt101","moora103","soutb101","younr101","leacf101","","sandh101","9/FL/SF.3-H;1-2","F","F",9,3,2,"T","F",0,"F","T",1,"F","F",1,"F","F",9,"F","F","T","",0,0,"N",0,"N",0,"N",0,2,0,4,"9","","","","F","F","F","F","F","F","F","F","F","barnv101","","barnv101","F","F","F","F","F","","","","",0,9,0,0,0,0,0,0,0,7,"PHI","PHI","NY1",1,"F","F",0,0,0,2,2,"T","F",5,2,"T","T","harpg101","fonsl101","T","T",8,2,6,0,0,0,6,1,5,"snydf101","","snydf101",0,0,0,0,0,0,0,0,0,0,0,0,1,"younr101","F","F","F","F",0,4,0,4,2,0,0,0,0,0,F,F,"1925PHI.EVN.regular.event.csv",5309
"PHI192510031","NY1",1,1,1,0,0,"",0,1,"harpg101","?","harpg101","?","barnv101","?","barnv101","?","snydf101","terrb101","kellg101","frisf101","jackt101","moora103","soutb101","younr101","","leacf101","","S9.2-3","F","F",7,4,20,"T","T",1,"F","F",0,"F","F",0,"F","F",9,"","F","F","",0,0,"N",0,"N",0,"N",1,0,3,0,"","","","","F","F","F","F","F","F","F","F","F","","barnv101","","F","F","F","F","F","","","","",0,0,0,0,0,0,0,0,0,8,"PHI","PHI","NY1",1,"F","F",1,0,1,3,3,"T","F",2,5,"T","T","fonsl101","wilsj105","T","T",0,0,0,8,2,6,0,0,0,"","snydf101","",0,0,0,0,0,0,0,0,0,0,0,0,0,"younr101","F","F","F","F",0,0,4,0,2,0,0,0,0,0,F,F,"1925PHI.EVN.regular.event.csv",5310
"PHI192510031","NY1",1,1,1,0,0,"",0,1,"fonsl101","?","fonsl101","?","barnv101","?","barnv101","?","snydf101","terrb101","kellg101","frisf101","jackt101","moora103","soutb101","younr101","harpg101","","leacf101","54(1)/FO.3-H","F","F",3,5,2,"T","T",0,"F","F",1,"F","F",1,"F","F",5,"G","F","F","",0,0,"N",0,"N",0,"N",1,0,0,4,"","54","","","F","F","F","F","F","F","F","F","F","barnv101","","barnv101","F","F","F","F","F","","","","",0,4,0,0,5,0,0,0,0,9,"PHI","PHI","NY1",1,"F","F",1,0,1,4,4,"T","F",5,1,"T","T","wilsj105","hubec101","T","T",7,4,8,0,0,0,8,2,6,"snydf101","","snydf101",0,0,0,0,0,0,0,0,0,0,0,0,1,"frisf101","T","F","F","F",5,0,0,4,1,0,0,0,0,0,F,F,"1925PHI.EVN.regular.event.csv",5311
"PHI192510031","NY1",1,1,2,0,0,"",0,2,"wilsj105","?","wilsj105","?","barnv101","?","barnv101","?","snydf101","terrb101","kellg101","frisf101","jackt101","moora103","soutb101","younr101","fonsl101","","","SB2","F","F",2,6,4,"F","F",0,"F","F",0,"F","F",0,"F","F",0,"","F","F","",0,0,"N",0,"N",0,"N",0,2,0,0,"","","","","T","F","F","F","F","F","F","F","F","barnv101","","","F","F","F","F","F","","","","",0,0,0,0,0,0,0,0,0,10,"PHI","PHI","NY1",1,"F","F",2,0,2,5,5,"T","F",1,2,"T","T","hubec101","fribb101","T","T",3,5,9,0,0,0,0,0,0,"snydf101","","",0,0,0,0,0,0,0,0,0,0,0,0,0,"","F","F","F","F",0,5,0,0,1,0,0,0,0,0,F,F,"1925PHI.EVN.regular.event.csv",5312
"PHI192510031","NY1",1,1,2,0,0,"",0,2,"wilsj105","?","wilsj105","?","barnv101","?","barnv101","?","snydf101","terrb101","kellg101","frisf101","jackt101","moora103","soutb101","younr101","","fonsl101","","E6/G.2-H(UR)(NR)","F","F",2,6,18,"T","T",0,"F","F",0,"F","F",0,"F","F",6,"G","F","F","",1,6,"F",0,"N",0,"N",1,0,5,0,"","","","","F","F","F","F","F","F","F","F","F","","barnv101","","F","F","F","F","F","","","","",0,0,0,0,0,0,0,0,0,11,"PHI","PHI","NY1",1,"F","F",2,0,2,5,5,"F","F",2,1,"T","T","hubec101","fribb101","T","T",0,0,0,3,5,9,0,0,0,"","snydf101","",0,0,0,0,0,0,0,0,0,0,0,0,1,"jackt101","F","F","F","T",0,0,5,0,0,0,0,0,0,0,F,F,"1925PHI.EVN.regular.event.csv",5313
"PHI192510031","NY1",1,1,2,0,0,"",0,3,"hubec101","?","hubec101","?","barnv101","?","barnv101","?","snydf101","terrb101","kellg101","frisf101","jackt101","moora103","soutb101","younr101","wilsj105","","","46(1)/FO","F","F",5,7,2,"T","T",0,"F","F",1,"F","F",0,"F","F",4,"G","F","F","",0,0,"N",0,"N",0,"N",1,0,0,0,"","46","","","F","F","F","F","F","F","F","F","F","barnv101","","","F","F","F","F","F","","","","",0,6,0,0,4,0,0,0,0,12,"PHI","PHI","NY1",1,"F","T",3,0,3,6,6,"T","F",1,1,"T","T","fribb101","carlh101","T","T",2,6,11,0,0,0,0,0,0,"snydf101","","",0,0,0,0,0,0,0,0,0,0,0,0,0,"kellg101","T","F","F","F",0,0,0,0,0,0,0,0,0,0,F,F,"1925PHI.EVN.regular.event.csv",5314
"PHI192510031","NY1",2,0,0,0,0,"",0,3,"kellg101","?","kellg101","?","carlh101","?","carlh101","?","wilsj105","fonsl101","fribb101","hubec101","sandh101","harpg101","leacf101","willc103","","","","K","T","F",4,5,3,"T","T",0,"F","F",1,"F","F",0,"F","F",0,"","F","F","",0,0,"N",0,"N",0,"N",0,0,0,0,"2","","","","F","F","F","F","F","F","F","F","F","","","","F","F","F","F","F","","","","",0,2,0,0,0,0,0,0,0,13,"PHI","NY1","PHI",0,"T","F",0,3,0,4,0,"T","F",0,0,"T","T","soutb101","jackt101","T","T",0,0,0,0,0,0,0,0,0,"","","",0,0,0,0,0,0,0,0,0,0,0,0,0,"","F","F","F","F",0,0,0,0,0,0,0,0,0,0,F,F,"1925PHI.EVN.regular.event.csv",5315
"PHI192510031","NY1",2,0,1,0,0,"",0,3,"soutb101","?","soutb101","?","carlh101","?","carlh101","?","wilsj105","fonsl101","fribb101","hubec101","sandh101","harpg101","leacf101","willc103","","","","43","F","F",8,6,2,"T","T",0,"F","F",1,"F","F",0,"F","F",4,"G","F","F","",0,0,"N",0,"N",0,"N",0,0,0,0,"43","","","","F","F","F","F","F","F","F","F","F","","","","F","F","F","F","F","","","","",0,3,0,0,4,0,0,0,0,14,"PHI","NY1","PHI",0,"F","F",0,3,0,5,1,"T","F",0,0,"T","T","jackt101","snydf101","T","T",0,0,0,0,0,0,0,0,0,"","","",0,0,0,0,0,0,0,0,0,0,0,0,0,"fribb101","F","F","F","F",0,0,0,0,0,0,0,0,0,0,F,F,"1925PHI.EVN.regular.event.csv",5316
"PHI192510031","NY1",2,0,2,0,0,"",0,3,"jackt101","?","jackt101","?","carlh101","?","carlh101","?","wilsj105","fonsl101","fribb101","hubec101","sandh101","harpg101","leacf101","willc103","","","","S8","F","F",6,7,20,"T","T",1,"F","F",0,"F","F",0,"F","F",8,"","F","F","",0,0,"N",0,"N",0,"N",1,0,0,0,"","","","","F","F","F","F","F","F","F","F","F","","","","F","F","F","F","F","","","","",0,0,0,0,0,0,0,0,0,15,"PHI","NY1","PHI",0,"F","F",0,3,0,6,2,"T","F",0,1,"T","T","snydf101","barnv101","T","T",0,0,0,0,0,0,0,0,0,"","","",0,0,0,0,0,0,0,0,0,0,0,0,0,"leacf101","F","F","F","F",0,0,0,0,0,0,0,0,0,0,F,F,"1925PHI.EVN.regular.event.csv",5317
"PHI192510031","NY1",2,0,2,0,0,"",0,3,"snydf101","?","snydf101","?","carlh101","?","carlh101","?","wilsj105","fonsl101","fribb101","hubec101","sandh101","harpg101","leacf101","willc103","jackt101","","","54(1)/FO","F","F",2,8,2,"T","T",0,"F","F",1,"F","F",0,"F","F",5,"G","F","F","",0,0,"N",0,"N",0,"N",1,0,0,0,"","54","","","F","F","F","F","F","F","F","F","F","carlh101","","","F","F","F","F","F","","","","",0,4,0,0,5,0,0,0,0,16,"PHI","NY1","PHI",0,"F","T",0,3,0,7,3,"T","F",1,1,"T","T","barnv101","younr101","T","T",6,7,15,0,0,0,0,0,0,"wilsj105","","",0,0,0,0,0,0,0,0,0,0,0,0,0,"hubec101","T","F","F","F",0,0,0,0,0,0,0,0,0,0,F,F,"1925PHI.EVN.regular.event.csv",5318
"PHI192510031","NY1",2,1,0,0,0,"",0,3,"fribb101","?","fribb101","?","barnv101","?","barnv101","?","snydf101","terrb101","kellg101","frisf101","jackt101","moora103","soutb101","younr101","","","","8/F","T","F",4,8,2,"T","T",0,"F","F",1,"F","F",0,"F","F",8,"F","F","F","",0,0,"N",0,"N",0,"N",0,0,0,0,"8","","","","F","F","F","F","F","F","F","F","F","","","","F","F","F","F","F","","","","",0,8,0,0,0,0,0,0,0,17,"PHI","PHI","NY1",1,"T","F",3,0,0,7,0,"T","F",0,0,"T","T","carlh101","sandh101","T","T",0,0,0,0,0,0,0,0,0,"","","",0,0,0,0,0,0,0,0,0,0,0,0,0,"soutb101","F","F","F","F",0,0,0,0,0,0,0,0,0,0,F,F,"1925PHI.EVN.regular.event.csv",5319
"PHI192510031","NY1",2,1,1,0,0,"",0,3,"carlh101","?","carlh101","?","barnv101","?","barnv101","?","snydf101","terrb101","kellg101","frisf101","jackt101","moora103","soutb101","younr101","","","","53","F","F",1,9,2,"T","T",0,"F","F",1,"F","F",0,"F","F",5,"G","F","F","",0,0,"N",0,"N",0,"N",0,0,0,0,"53","","","","F","F","F","F","F","F","F","F","F","","","","F","F","F","F","F","","","","",0,3,0,0,5,0,0,0,0,18,"PHI","PHI","NY1",1,"F","F",3,0,0,8,1,"T","F",0,0,"T","T","sandh101","leacf101","T","T",0,0,0,0,0,0,0,0,0,"","","",0,0,0,0,0,0,0,0,0,0,0,0,0,"frisf101","F","F","F","F",0,0,0,0,0,0,0,0,0,0,F,F,"1925PHI.EVN.regular.event.csv",5320
"PHI192510031","NY1",2,1,2,0,0,"",0,3,"sandh101","?","sandh101","?","barnv101","?","barnv101","?","snydf101","terrb101","kellg101","frisf101","jackt101","moora103","soutb101","younr101","","","","3/P","F","F",6,1,2,"T","T",0,"F","F",1,"F","F",0,"F","F",3,"P","F","F","",0,0,"N",0,"N",0,"N",0,0,0,0,"3","","","","F","F","F","F","F","F","F","F","F","","","","F","F","F","F","F","","","","",0,3,0,0,0,0,0,0,0,19,"PHI","PHI","NY1",1,"F","T",3,0,0,9,2,"T","F",0,0,"T","T","leacf101","willc103","T","T",0,0,0,0,0,0,0,0,0,"","","",0,0,0,0,0,0,0,0,0,0,0,0,0,"terrb101","F","F","F","F",0,0,0,0,0,0,0,0,0,0,F,F,"1925PHI.EVN.regular.event.csv",5321
"PHI192510031","NY1",3,0,0,0,0,"",0,3,"barnv101","?","barnv101","?","carlh101","?","carlh101","?","wilsj105","fonsl101","fribb101","hubec101","sandh101","harpg101","leacf101","willc103","","","","63","T","F",1,9,2,"T","T",0,"F","F",1,"F","F",0,"F","F",6,"G","F","F","",0,0,"N",0,"N",0,"N",0,0,0,0,"63","","","","F","F","F","F","F","F","F","F","F","","","","F","F","F","F","F","","","","",0,3,0,0,6,0,0,0,0,20,"PHI","NY1","PHI",0,"T","F",0,3,0,8,0,"T","F",0,0,"T","T","younr101","moora103","T","T",0,0,0,0,0,0,0,0,0,"","","",0,0,0,0,0,0,0,0,0,0,0,0,0,"sandh101","F","F","F","F",0,0,0,0,0,0,0,0,0,0,F,F,"1925PHI.EVN.regular.event.csv",5322
"PHI192510031","NY1",3,0,1,0,0,"",0,3,"younr101","?","younr101","?","carlh101","?","carlh101","?","wilsj105","fonsl101","fribb101","hubec101","sandh101","harpg101","leacf101","willc103","","","","5/FL","F","F",9,1,2,"T","T",0,"F","F",1,"F","F",0,"F","F",5,"F","F","T","",0,0,"N",0,"N",0,"N",0,0,0,0,"5","","","","F","F","F","F","F","F","F","F","F","","","","F","F","F","F","F","","","","",0,5,0,0,0,0,0,0,0,21,"PHI","NY1","PHI",0,"F","F",0,3,0,9,1,"T","F",0,0,"T","T","moora103","frisf101","T","T",0,0,0,0,0,0,0,0,0,"","","",0,0,0,0,0,0,0,0,0,0,0,0,0,"hubec101","F","F","F","F",0,0,0,0,0,0,0,0,0,0,F,F,"1925PHI.EVN.regular.event.csv",5323
"PHI192510031","NY1",3,0,2,0,0,"",0,3,"moora103","?","moora103","?","carlh101","?","carlh101","?","wilsj105","fonsl101","fribb101","hubec101","sandh101","harpg101","leacf101","willc103","","","","K","F","F",7,2,3,"T","T",0,"F","F",1,"F","F",0,"F","F",0,"","F","F","",0,0,"N",0,"N",0,"N",0,0,0,0,"2","","","","F","F","F","F","F","F","F","F","F","","","","F","F","F","F","F","","","","",0,2,0,0,0,0,0,0,0,22,"PHI","NY1","PHI",0,"F","T",0,3,0,10,2,"T","F",0,0,"T","T","frisf101","terrb101","T","T",0,0,0,0,0,0,0,0,0,"","","",0,0,0,0,0,0,0,0,0,0,0,0,0,"","F","F","F","F",0,0,0,0,0,0,0,0,0,0,F,F,"1925PHI.EVN.regular.event.csv",5324
"PHI192510031","NY1",3,1,0,0,0,"",0,3,"leacf101","?","leacf101","?","barnv101","?","barnv101","?","snydf101","terrb101","kellg101","frisf101","jackt101","moora103","soutb101","younr101","","","","63","T","F",8,2,2,"T","T",0,"F","F",1,"F","F",0,"F","F",6,"G","F","F","",0,0,"N",0,"N",0,"N",0,0,0,0,"63","","","","F","F","F","F","F","F","F","F","F","","","","F","F","F","F","F","","","","",0,3,0,0,6,0,0,0,0,23,"PHI","PHI","NY1",1,"T","F",3,0,0,10,0,"T","F",0,0,"T","T","willc103","harpg101","T","T",0,0,0,0,0,0,0,0,0,"","","",0,0,0,0,0,0,0,0,0,0,0,0,0,"jackt101","F","F","F","F",0,0,0,0,0,0,0,0,0,0,F,F,"1925PHI.EVN.regular.event.csv",5325
"PHI192510031","NY1",3,1,1,0,0,"",0,3,"willc103","?","willc103","?","barnv101","?","barnv101","?","snydf101","terrb101","kellg101","frisf101","jackt101","moora103","soutb101","younr101","","","","13","F","F",9,3,2,"T","T",0,"F","F",1,"F","F",0,"F","F",1,"G","F","F","",0,0,"N",0,"N",0,"N",0,0,0,0,"13","","","","F","F","F","F","F","F","F","F","F","","","","F","F","F","F","F","","","","",0,3,0,0,1,0,0,0,0,24,"PHI","PHI","NY1",1,"F","F",3,0,0,11,1,"T","F",0,0,"T","T","harpg101","fonsl101","T","T",0,0,0,0,0,0,0,0,0,"","","",0,0,0,0,0,0,0,0,0,0,0,0,0,"barnv101","F","F","F","F",0,0,0,0,0,0,0,0,0,0,F,F,"1925PHI.EVN.regular.event.csv",5326
"PHI192510031","NY1",3,1,2,0,0,"",0,3,"harpg101","?","harpg101","?","barnv101","?","barnv101","?","snydf101","terrb101","kellg101","frisf101","jackt101","moora103","soutb101","younr101","","","","7/F","F","F",7,4,2,"T","T",0,"F","F",1,"F","F",0,"F","F",7,"F","F","F","",0,0,"N",0,"N",0,"N",0,0,0,0,"7","","","","F","F","F","F","F","F","F","F","F","","","","F","F","F","F","F","","","","",0,7,0,0,0,0,0,0,0,25,"PHI","PHI","NY1",1,"F","T",3,0,0,12,2,"T","F",0,0,"T","T","fonsl101","wilsj105","T","T",0,0,0,0,0,0,0,0,0,"","","",0,0,0,0,0,0,0,0,0,0,0,0,0,"moora103","F","F","F","F",0,0,0,0,0,0,0,0,0,0,F,F,"1925PHI.EVN.regular.event.csv",5327
"PHI192510031","NY1",4,0,0,0,0,"",0,3,"frisf101","?","frisf101","?","carlh101","?","carlh101","?","wilsj105","fonsl101","fribb101","hubec101","sandh101","harpg101","leacf101","willc103","","","","53","T","F",5,3,2,"T","T",0,"F","F",1,"F","F",0,"F","F",5,"G","F","F","",0,0,"N",0,"N",0,"N",0,0,0,0,"53","","","","F","F","F","F","F","F","F","F","F","","","","F","F","F","F","F","","","","",0,3,0,0,5,0,0,0,0,26,"PHI","NY1","PHI",0,"T","F",0,3,0,11,0,"T","F",0,0,"T","T","terrb101","kellg101","T","T",0,0,0,0,0,0,0,0,0,"","","",0,0,0,0,0,0,0,0,0,0,0,0,0,"hubec101","F","F","F","F",0,0,0,0,1,0,0,0,0,0,F,F,"1925PHI.EVN.regular.event.csv",5328
"PHI192510031","NY1",4,0,1,0,0,"",0,3,"terrb101","?","terrb101","?","carlh101","?","carlh101","?","wilsj105","fonsl101","fribb101","hubec101","sandh101","harpg101","leacf101","willc103","","","","13","F","F",3,4,2,"T","T",0,"F","F",1,"F","F",0,"F","F",1,"G","F","F","",0,0,"N",0,"N",0,"N",0,0,0,0,"13","","","","F","F","F","F","F","F","F","F","F","","","","F","F","F","F","F","","","","",0,3,0,0,1,0,0,0,0,27,"PHI","NY1","PHI",0,"F","F",0,3,0,12,1,"T","F",0,0,"T","T","kellg101","soutb101","T","T",0,0,0,0,0,0,0,0,0,"","","",0,0,0,0,0,0,0,0,0,0,0,0,0,"carlh101","F","F","F","F",0,0,0,0,1,0,0,0,0,0,F,F,"1925PHI.EVN.regular.event.csv",5329
"PHI192510031","NY1",4,0,2,0,0,"",0,3,"kellg101","?","kellg101","?","carlh101","?","carlh101","?","wilsj105","fonsl101","fribb101","hubec101","sandh101","harpg101","leacf101","willc103","","","","HR/F7D","F","F",4,5,23,"T","T",4,"F","F",0,"F","F",1,"F","F",0,"F","F","F","7D",0,0,"N",0,"N",0,"N",4,0,0,0,"","","","","F","F","F","F","F","F","F","F","F","","","","F","F","F","F","F","","","","",0,0,0,0,0,0,0,0,0,28,"PHI","NY1","PHI",0,"F","F",0,3,0,13,2,"T","F",0,0,"T","T","soutb101","jackt101","T","T",0,0,0,0,0,0,0,0,0,"","","",0,0,0,0,0,0,0,0,0,0,0,0,1,"","F","F","F","F",4,0,0,0,0,0,0,0,0,0,F,F,"1925PHI.EVN.regular.event.csv",5330
"PHI192510031","NY1",4,0,2,0,0,"",1,3,"soutb101","?","soutb101","?","carlh101","?","carlh101","?","wilsj105","fonsl101","fribb101","hubec101","sandh101","harpg101","leacf101","willc103","","","","43","F","F",8,6,2,"T","T",0,"F","F",1,"F","F",0,"F","F",4,"G","F","F","",0,0,"N",0,"N",0,"N",0,0,0,0,"43","","","","F","F","F","F","F","F","F","F","F","","","","F","F","F","F","F","","","","",0,3,0,0,4,0,0,0,0,29,"PHI","NY1","PHI",0,"F","T",1,3,1,14,3,"T","F",0,0,"T","T","jackt101","snydf101","T","T",0,0,0,0,0,0,0,0,0,"","","",0,0,0,0,0,0,0,0,0,0,0,0,0,"fribb101","F","F","F","F",0,0,0,0,0,0,0,0,0,0,F,F,"1925PHI.EVN.regular.event.csv",5331
"PHI192510031","NY1",4,1,0,0,0,"",1,3,"fonsl101","?","fonsl101","?","barnv101","?","barnv101","?","snydf101","terrb101","kellg101","frisf101","jackt101","moora103","soutb101","younr101","","","","S/G5S-","T","F",3,5,20,"T","T",1,"F","F",0,"F","F",0,"F","F",0,"G","F","F","5S",0,0,"N",0,"N",0,"N",1,0,0,0,"","","","","F","F","F","F","F","F","F","F","F","","","","F","F","F","F","F","","","","",0,0,0,0,0,0,0,0,0,30,"PHI","PHI","NY1",1,"T","F",3,1,0,13,0,"T","F",0,1,"T","T","wilsj105","hubec101","T","T",0,0,0,0,0,0,0,0,0,"","","",0,0,0,0,0,0,0,0,0,0,0,0,0,"","F","F","F","F",4,0,0,0,1,0,0,0,0,0,F,F,"1925PHI.EVN.regular.event.csv",5332
"PHI192510031","NY1",4,1,0,0,0,"",1,3,"wilsj105","?","wilsj105","?","barnv101","?","barnv101","?","snydf101","terrb101","kellg101","frisf101","jackt101","moora103","soutb101","younr101","fonsl101","","","63.1-2","F","F",2,6,2,"T","T",0,"F","F",1,"F","F",0,"F","F",6,"G","F","F","",0,0,"N",0,"N",0,"N",0,2,0,0,"63","","","","F","F","F","F","F","F","F","F","F","barnv101","","","F","F","F","F","F","","","","",0,3,0,0,6,0,0,0,0,31,"PHI","PHI","NY1",1,"F","F",3,1,0,14,1,"T","F",1,2,"T","T","hubec101","fribb101","T","T",3,5,30,0,0,0,0,0,0,"snydf101","","",0,0,0,0,0,0,0,0,0,0,0,0,0,"jackt101","F","F","F","F",0,4,0,0,1,0,0,0,0,0,F,F,"1925PHI.EVN.regular.event.csv",5333
"PHI192510031","NY1",4,1,1,0,0,"",1,3,"hubec101","?","hubec101","?","barnv101","?","barnv101","?","snydf101","terrb101","kellg101","frisf101","jackt101","moora103","soutb101","younr101","","fonsl101","","7/L","F","F",5,7,2,"T","T",0,"F","F",1,"F","F",0,"F","F",7,"L","F","F","",0,0,"N",0,"N",0,"N",0,0,2,0,"7","","","","F","F","F","F","F","F","F","F","F","","barnv101","","F","F","F","F","F","","","","",0,7,0,0,0,0,0,0,0,32,"PHI","PHI","NY1",1,"F","F",3,1,0,15,2,"T","F",2,2,"T","T","fribb101","carlh101","T","T",0,0,0,3,5,30,0,0,0,"","snydf101","",0,0,0,0,0,0,0,0,0,0,0,0,0,"moora103","F","F","F","F",0,0,4,0,1,0,0,0,0,0,F,F,"1925PHI.EVN.regular.event.csv",5334
"PHI192510031","NY1",4,1,2,0,0,"",1,3,"fribb101","?","fribb101","?","barnv101","?","barnv101","?","snydf101","terrb101","kellg101","frisf101","jackt101","moora103","soutb101","younr101","","fonsl101","","S7.2-H","F","F",4,8,20,"T","T",1,"F","F",0,"F","F",1,"F","F",7,"","F","F","",0,0,"N",0,"N",0,"N",1,0,4,0,"","","","","F","F","F","F","F","F","F","F","F","","barnv101","","F","F","F","F","F","","","","",0,0,0,0,0,0,0,0,0,33,"PHI","PHI","NY1",1,"F","F",3,1,0,16,3,"T","F",2,1,"T","T","carlh101","sandh101","T","T",0,0,0,3,5,30,0,0,0,"","snydf101","",0,0,0,0,0,0,0,0,0,0,0,0,1,"moora103","F","F","F","F",0,0,4,0,0,0,0,0,0,0,F,F,"1925PHI.EVN.regular.event.csv",5335
"PHI192510031","NY1",4,1,2,0,0,"",1,4,"carlh101","?","carlh101","?","barnv101","?","barnv101","?","snydf101","terrb101","kellg101","frisf101","jackt101","moora103","soutb101","younr101","fribb101","","","4/P","F","F",1,9,2,"T","T",0,"F","F",1,"F","F",0,"F","F",4,"P","F","F","",0,0,"N",0,"N",0,"N",0,1,0,0,"4","","","","F","F","F","F","F","F","F","F","F","barnv101","","","F","F","F","F","F","","","","",0,4,0,0,0,0,0,0,0,34,"PHI","PHI","NY1",1,"F","T",4,1,1,17,4,"T","F",1,1,"T","T","sandh101","leacf101","T","T",4,8,33,0,0,0,0,0,0,"snydf101","","",0,0,0,0,0,0,0,0,0,0,0,0,0,"kellg101","F","F","F","F",0,0,0,0,0,0,0,0,0,0,F,F,"1925PHI.EVN.regular.event.csv",5336
"PHI192510031","NY1",5,0,0,0,0,"",1,4,"jackt101","?","jackt101","?","carlh101","?","carlh101","?","wilsj105","fonsl101","fribb101","hubec101","sandh101","harpg101","leacf101","willc103","","","","3/P","T","F",6,7,2,"T","T",0,"F","F",1,"F","F",0,"F","F",3,"P","F","F","",0,0,"N",0,"N",0,"N",0,0,0,0,"3","","","","F","F","F","F","F","F","F","F","F","","","","F","F","F","F","F","","","","",0,3,0,0,0,0,0,0,0,35,"PHI","NY1","PHI",0,"T","F",1,4,0,15,0,"T","F",0,0,"T","T","snydf101","barnv101","T","T",0,0,0,0,0,0,0,0,0,"","","",0,0,0,0,0,0,0,0,0,0,0,0,0,"fonsl101","F","F","F","F",0,0,0,0,0,0,0,0,0,0,F,F,"1925PHI.EVN.regular.event.csv",5337
"PHI192510031","NY1",5,0,1,0,0,"",1,4,"snydf101","?","snydf101","?","carlh101","?","carlh101","?","wilsj105","fonsl101","fribb101","hubec101","sandh101","harpg101","leacf101","willc103","","","","63","F","F",2,8,2,"T","T",0,"F","F",1,"F","F",0,"F","F",6,"G","F","F","",0,0,"N",0,"N",0,"N",0,0,0,0,"63","","","","F","F","F","F","F","F","F","F","F","","","","F","F","F","F","F","","","","",0,3,0,0,6,0,0,0,0,36,"PHI","NY1","PHI",0,"F","F",1,4,0,16,1,"T","F",0,0,"T","T","barnv101","younr101","T","T",0,0,0,0,0,0,0,0,0,"","","",0,0,0,0,0,0,0,0,0,0,0,0,0,"sandh101","F","F","F","F",0,0,0,0,0,0,0,0,0,0,F,F,"1925PHI.EVN.regular.event.csv",5338
"PHI192510031","NY1",5,0,2,0,0,"",1,4,"barnv101","?","barnv101","?","carlh101","?","carlh101","?","wilsj105","fonsl101","fribb101","hubec101","sandh101","harpg101","leacf101","willc103","","","","K","F","F",1,9,3,"T","T",0,"F","F",1,"F","F",0,"F","F",0,"","F","F","",0,0,"N",0,"N",0,"N",0,0,0,0,"2","","","","F","F","F","F","F","F","F","F","F","","","","F","F","F","F","F","","","","",0,2,0,0,0,0,0,0,0,37,"PHI","NY1","PHI",0,"F","T",1,4,0,17,2,"T","F",0,0,"T","T","younr101","moora103","T","T",0,0,0,0,0,0,0,0,0,"","","",0,0,0,0,0,0,0,0,0,0,0,0,0,"","F","F","F","F",0,0,0,0,0,0,0,0,0,0,F,F,"1925PHI.EVN.regular.event.csv",5339
"PHI192510031","NY1",5,1,0,0,0,"",1,4,"sandh101","?","sandh101","?","barnv101","?","barnv101","?","snydf101","terrb101","kellg101","frisf101","jackt101","moora103","soutb101","younr101","","","","8/F","T","F",6,1,2,"T","T",0,"F","F",1,"F","F",0,"F","F",8,"F","F","F","",0,0,"N",0,"N",0,"N",0,0,0,0,"8","","","","F","F","F","F","F","F","F","F","F","","","","F","F","F","F","F","","","","",0,8,0,0,0,0,0,0,0,38,"PHI","PHI","NY1",1,"T","F",4,1,0,18,0,"T","F",0,0,"T","T","leacf101","willc103","T","T",0,0,0,0,0,0,0,0,0,"","","",0,0,0,0,0,0,0,0,0,0,0,0,0,"soutb101","F","F","F","F",0,0,0,0,3,0,0,0,0,0,F,F,"1925PHI.EVN.regular.event.csv",5340
"PHI192510031","NY1",5,1,1,0,0,"",1,4,"leacf101","?","leacf101","?","barnv101","?","barnv101","?","snydf101","terrb101","kellg101","frisf101","jackt101","moora103","soutb101","younr101","","","","D/F89XDW","F","F",8,2,21,"T","T",2,"F","F",0,"F","F",0,"F","F",0,"F","F","F","89XDW",0,0,"N",0,"N",0,"N",2,0,0,0,"","","","","F","F","F","F","F","F","F","F","F","","","","F","F","F","F","F","","","","",0,0,0,0,0,0,0,0,0,39,"PHI","PHI","NY1",1,"F","F",4,1,0,19,1,"T","F",0,2,"T","T","willc103","harpg101","T","T",0,0,0,0,0,0,0,0,0,"","","",0,0,0,0,0,0,0,0,0,0,0,0,0,"","F","F","F","F",5,0,0,0,3,0,0,0,0,0,F,F,"1925PHI.EVN.regular.event.csv",5341
"PHI192510031","NY1",5,1,1,0,0,"",1,4,"willc103","?","willc103","?","barnv101","?","barnv101","?","snydf101","terrb101","kellg101","frisf101","jackt101","moora103","soutb101","younr101","","leacf101","","PO2(E2).2-3","F","F",9,3,8,"F","F",0,"F","F",0,"F","F",0,"F","F",0,"","F","F","",1,2,"T",0,"N",0,"N",0,0,3,0,"","","E2","","F","F","F","F","F","F","F","T","F","","barnv101","","F","F","F","F","F","","","","",0,0,0,0,0,0,0,0,0,40,"PHI","PHI","NY1",1,"F","F",4,1,0,20,2,"T","F",2,4,"T","T","harpg101","fonsl101","T","T",0,0,0,8,2,39,0,0,0,"","snydf101","",0,0,0,0,0,0,0,0,0,0,0,0,0,"","F","F","F","F",0,0,5,0,3,0,0,0,0,0,F,F,"1925PHI.EVN.regular.event.csv",5342
"PHI192510031","NY1",5,1,1,0,0,"",1,4,"willc103","?","willc103","?","barnv101","?","barnv101","?","snydf101","terrb101","kellg101","frisf101","jackt101","moora103","soutb101","younr101","","","leacf101","W","F","F",9,3,14,"T","F",0,"F","F",0,"F","F",0,"F","F",0,"","F","F","",0,0,"N",0,"N",0,"N",1,0,0,3,"","","","","F","F","F","F","F","F","F","F","F","","","barnv101","F","F","F","F","F","","","","",0,0,0,0,0,0,0,0,0,41,"PHI","PHI","NY1",1,"F","F",4,1,0,20,2,"F","F",4,5,"T","T","harpg101","fonsl101","T","T",0,0,0,0,0,0,8,2,39,"","","snydf101",0,0,0,0,0,0,0,0,0,0,0,0,0,"","F","F","F","F",5,0,0,5,3,0,0,0,0,0,F,F,"1925PHI.EVN.regular.event.csv",5343
"PHI192510031","NY1",5,1,1,0,0,"",1,4,"harpg101","?","harpg101","?","barnv101","?","barnv101","?","snydf101","terrb101","kellg101","frisf101","jackt101","moora103","soutb101","younr101","willc103","","leacf101","E4/G.3-H(NR)(UR);1-2","F","F",7,4,18,"T","T",0,"F","F",0,"F","F",0,"F","F",4,"G","F","F","",1,4,"F",0,"N",0,"N",1,2,0,5,"","","","","F","F","F","F","F","F","F","F","F","barnv101","","barnv101","F","F","F","F","F","","","","",0,0,0,0,0,0,0,0,0,42,"PHI","PHI","NY1",1,"F","F",4,1,0,21,3,"T","F",5,3,"T","T","fonsl101","wilsj105","T","T",9,3,41,0,0,0,8,2,39,"snydf101","","snydf101",0,0,0,0,0,0,0,0,0,0,0,0,1,"kellg101","F","F","F","T",5,5,0,5,2,0,0,0,0,0,F,F,"1925PHI.EVN.regular.event.csv",5344
"PHI192510031","NY1",5,1,1,0,0,"",1,5,"fonsl101","?","fonsl101","?","barnv101","?","barnv101","?","snydf101","terrb101","kellg101","frisf101","jackt101","moora103","soutb101","younr101","harpg101","willc103","","7/F","F","F",3,5,2,"T","T",0,"F","F",1,"F","F",0,"F","F",7,"F","F","F","",0,0,"N",0,"N",0,"N",0,1,2,0,"7","","","","F","F","F","F","F","F","F","F","F","barnv101","barnv101","","F","F","F","F","F","","","","",0,7,0,0,0,0,0,0,0,43,"PHI","PHI","NY1",1,"F","F",5,1,1,22,4,"T","F",3,3,"T","T","wilsj105","hubec101","T","T",7,4,42,9,3,41,0,0,0,"snydf101","snydf101","",0,0,0,0,0,0,0,0,0,0,0,0,0,"moora103","F","F","F","F",0,5,5,0,2,0,0,0,0,0,F,F,"1925PHI.EVN.regular.event.csv",5345
"PHI192510031","NY1",5,1,2,0,0,"",1,5,"wilsj105","?","wilsj105","?","barnv101","?","barnv101","?","snydf101","terrb101","kellg101","frisf101","jackt101","moora103","soutb101","younr101","harpg101","willc103","","S7.2-H(UR);1-3","F","F",2,6,20,"T","T",1,"F","F",0,"F","F",1,"F","F",7,"","F","F","",0,0,"N",0,"N",0,"N",1,3,5,0,"","","","","F","F","F","F","F","F","F","F","F","barnv101","barnv101","","F","F","F","F","F","","","","",0,0,0,0,0,0,0,0,0,44,"PHI","PHI","NY1",1,"F","F",5,1,1,23,5,"T","F",3,5,"T","T","hubec101","fribb101","T","T",7,4,42,9,3,41,0,0,0,"snydf101","snydf101","",0,0,0,0,0,0,0,0,0,0,0,0,1,"moora103","F","F","F","F",0,5,5,0,1,0,0,0,0,0,F,F,"1925PHI.EVN.regular.event.csv",5346
"PHI192510031","NY1",5,1,2,0,0,"",1,6,"hubec101","?","hubec101","?","barnv101","?","barnv101","?","snydf101","terrb101","kellg101","frisf101","jackt101","moora103","soutb101","younr101","wilsj105","","harpg101","SBH(UR);SB2","F","F",5,7,4,"F","F",0,"F","F",0,"F","F",0,"F","F",0,"","F","F","",0,0,"N",0,"N",0,"N",0,2,0,5,"","","","","T","F","T","F","F","F","F","F","F","barnv101","","barnv101","F","F","F","F","F","","","","",0,0,0,0,0,0,0,0,0,45,"PHI","PHI","NY1",1,"F","F",6,1,2,24,6,"T","F",5,2,"T","T","fribb101","carlh101","T","T",2,6,44,0,0,0,7,4,42,"snydf101","","snydf101",0,0,0,0,0,0,0,0,0,0,0,0,1,"","F","F","F","F",0,0,0,5,0,0,0,0,0,0,F,F,"1925PHI.EVN.regular.event.csv",5347
"PHI192510031","NY1",5,1,2,0,0,"",1,7,"hubec101","?","hubec101","?","barnv101","?","barnv101","?","snydf101","terrb101","kellg101","frisf101","jackt101","moora103","soutb101","younr101","","wilsj105","","K","F","F",5,7,3,"T","T",0,"F","F",1,"F","F",0,"F","F",0,"","F","F","",0,0,"N",0,"N",0,"N",0,0,2,0,"2","","","","F","F","F","F","F","F","F","F","F","","barnv101","","F","F","F","F","F","","","","",0,2,0,0,0,0,0,0,0,46,"PHI","PHI","NY1",1,"F","T",7,1,3,24,6,"F","F",2,2,"T","T","fribb101","carlh101","T","T",0,0,0,2,6,44,0,0,0,"","snydf101","",0,0,0,0,0,0,0,0,0,0,0,0,0,"","F","F","F","F",0,0,0,0,0,0,0,0,0,0,F,F,"1925PHI.EVN.regular.event.csv",5348
"PHI192510031","NY1",6,0,0,0,0,"",1,7,"younr101","?","younr101","?","carlh101","?","carlh101","?","wilsj105","fonsl101","fribb101","hubec101","sandh101","harpg101","leacf101","willc103","","","","8/F","T","F",9,1,2,"T","T",0,"F","F",1,"F","F",0,"F","F",8,"F","F","F","",0,0,"N",0,"N",0,"N",0,0,0,0,"8","","","","F","F","F","F","F","F","F","F","F","","","","F","F","F","F","F","","","","",0,8,0,0,0,0,0,0,0,47,"PHI","NY1","PHI",0,"T","F",1,7,0,18,0,"T","F",0,0,"T","T","moora103","frisf101","T","T",0,0,0,0,0,0,0,0,0,"","","",0,0,0,0,0,0,0,0,0,0,0,0,0,"leacf101","F","F","F","F",0,0,0,0,0,0,0,0,0,0,F,F,"1925PHI.EVN.regular.event.csv",5349
"PHI192510031","NY1",6,0,1,0,0,"",1,7,"moora103","?","moora103","?","carlh101","?","carlh101","?","wilsj105","fonsl101","fribb101","hubec101","sandh101","harpg101","leacf101","willc103","","","","43","F","F",7,2,2,"T","T",0,"F","F",1,"F","F",0,"F","F",4,"G","F","F","",0,0,"N",0,"N",0,"N",0,0,0,0,"43","","","","F","F","F","F","F","F","F","F","F","","","","F","F","F","F","F","","","","",0,3,0,0,4,0,0,0,0,48,"PHI","NY1","PHI",0,"F","F",1,7,0,19,1,"T","F",0,0,"T","T","frisf101","terrb101","T","T",0,0,0,0,0,0,0,0,0,"","","",0,0,0,0,0,0,0,0,0,0,0,0,0,"fribb101","F","F","F","F",0,0,0,0,0,0,0,0,0,0,F,F,"1925PHI.EVN.regular.event.csv",5350
"PHI192510031","NY1",6,0,2,0,0,"",1,7,"frisf101","?","frisf101","?","carlh101","?","carlh101","?","wilsj105","fonsl101","fribb101","hubec101","sandh101","harpg101","leacf101","willc103","","","","S","F","F",5,3,20,"T","T",1,"F","F",0,"F","F",0,"F","F",0,"","F","F","",0,0,"N",0,"N",0,"N",1,0,0,0,"","","","","F","F","F","F","F","F","F","F","F","","","","F","F","F","F","F","","","","",0,0,0,0,0,0,0,0,0,49,"PHI","NY1","PHI",0,"F","F",1,7,0,20,2,"T","F",0,1,"T","T","terrb101","kellg101","T","T",0,0,0,0,0,0,0,0,0,"","","",0,0,0,0,0,0,0,0,0,0,0,0,0,"","F","F","F","F",0,0,0,0,0,0,0,0,0,0,F,F,"1925PHI.EVN.regular.event.csv",5351
"PHI192510031","NY1",6,0,2,0,0,"",1,7,"terrb101","?","terrb101","?","carlh101","?","carlh101","?","wilsj105","fonsl101","fribb101","hubec101","sandh101","harpg101","leacf101","willc103","frisf101","","","13","F","F",3,4,2,"T","T",0,"F","F",1,"F","F",0,"F","F",1,"G","F","F","",0,0,"N",0,"N",0,"N",0,1,0,0,"13","","","","F","F","F","F","F","F","F","F","F","carlh101","","","F","F","F","F","F","","","","",0,3,0,0,1,0,0,0,0,50,"PHI","NY1","PHI",0,"F","T",1,7,0,21,3,"T","F",1,1,"T","T","kellg101","soutb101","T","T",5,3,49,0,0,0,0,0,0,"wilsj105","","",0,0,0,0,0,0,0,0,0,0,0,0,0,"carlh101","F","F","F","F",0,0,0,0,0,0,0,0,0,0,F,F,"1925PHI.EVN.regular.event.csv",5352
"PHI192510031","NY1",6,1,0,0,0,"",1,7,"fribb101","?","fribb101","?","barnv101","?","barnv101","?","snydf101","terrb101","kellg101","frisf101","jackt101","moora103","soutb101","younr101","","","","9/F","T","F",4,8,2,"T","T",0,"F","F",1,"F","F",0,"F","F",9,"F","F","F","",0,0,"N",0,"N",0,"N",0,0,0,0,"9","","","","F","F","F","F","F","F","F","F","F","","","","F","F","F","F","F","","","","",0,9,0,0,0,0,0,0,0,51,"PHI","PHI","NY1",1,"T","F",7,1,0,25,0,"T","F",0,0,"T","T","carlh101","sandh101","T","T",0,0,0,0,0,0,0,0,0,"","","",0,0,0,0,0,0,0,0,0,0,0,0,0,"younr101","F","F","F","F",0,0,0,0,0,0,0,0,0,0,F,F,"1925PHI.EVN.regular.event.csv",5353
"PHI192510031","NY1",6,1,1,0,0,"",1,7,"carlh101","?","carlh101","?","barnv101","?","barnv101","?","snydf101","terrb101","kellg101","frisf101","jackt101","moora103","soutb101","younr101","","","","13","F","F",1,9,2,"T","T",0,"F","F",1,"F","F",0,"F","F",1,"G","F","F","",0,0,"N",0,"N",0,"N",0,0,0,0,"13","","","","F","F","F","F","F","F","F","F","F","","","","F","F","F","F","F","","","","",0,3,0,0,1,0,0,0,0,52,"PHI","PHI","NY1",1,"F","F",7,1,0,26,1,"T","F",0,0,"T","T","sandh101","leacf101","T","T",0,0,0,0,0,0,0,0,0,"","","",0,0,0,0,0,0,0,0,0,0,0,0,0,"barnv101","F","F","F","F",0,0,0,0,0,0,0,0,0,0,F,F,"1925PHI.EVN.regular.event.csv",5354
"PHI192510031","NY1",6,1,2,0,0,"",1,7,"sandh101","?","sandh101","?","barnv101","?","barnv101","?","snydf101","terrb101","kellg101","frisf101","jackt101","moora103","soutb101","younr101","","","","D9","F","F",6,1,21,"T","T",2,"F","F",0,"F","F",0,"F","F",9,"","F","F","",0,0,"N",0,"N",0,"N",2,0,0,0,"","","","","F","F","F","F","F","F","F","F","F","","","","F","F","F","F","F","","","","",0,0,0,0,0,0,0,0,0,53,"PHI","PHI","NY1",1,"F","F",7,1,0,27,2,"T","F",0,2,"T","T","leacf101","willc103","T","T",0,0,0,0,0,0,0,0,0,"","","",0,0,0,0,0,0,0,0,0,0,0,0,0,"younr101","F","F","F","F",0,0,0,0,0,0,0,0,0,0,F,F,"1925PHI.EVN.regular.event.csv",5355
"PHI192510031","NY1",6,1,2,0,0,"",1,7,"leacf101","?","leacf101","?","barnv101","?","barnv101","?","snydf101","terrb101","kellg101","frisf101","jackt101","moora103","soutb101","younr101","","sandh101","","31","F","F",8,2,2,"T","T",0,"F","F",1,"F","F",0,"F","F",3,"G","F","F","",0,0,"N",0,"N",0,"N",0,0,2,0,"31","","","","F","F","F","F","F","F","F","F","F","","barnv101","","F","F","F","F","F","","","","",0,1,0,0,3,0,0,0,0,54,"PHI","PHI","NY1",1,"F","T",7,1,0,28,3,"T","F",2,2,"T","T","willc103","harpg101","T","T",0,0,0,6,1,53,0,0,0,"","snydf101","",0,0,0,0,0,0,0,0,0,0,0,0,0,"terrb101","F","F","F","F",0,0,0,0,0,0,0,0,0,0,F,F,"1925PHI.EVN.regular.event.csv",5356
"PHI192510031","NY1",7,0,0,0,0,"",1,7,"kellg101","?","kellg101","?","carlh101","?","carlh101","?","wilsj105","fonsl101","fribb101","hubec101","sandh101","harpg101","leacf101","willc103","","","","9/F","T","F",4,5,2,"T","T",0,"F","F",1,"F","F",0,"F","F",9,"F","F","F","",0,0,"N",0,"N",0,"N",0,0,0,0,"9","","","","F","F","F","F","F","F","F","F","F","","","","F","F","F","F","F","","","","",0,9,0,0,0,0,0,0,0,55,"PHI","NY1","PHI",0,"T","F",1,7,0,22,0,"T","F",0,0,"T","T","soutb101","jackt101","T","T",0,0,0,0,0,0,0,0,0,"","","",0,0,0,0,0,0,0,0,0,0,0,0,0,"willc103","F","F","F","F",0,0,0,0,0,0,0,0,0,0,F,F,"1925PHI.EVN.regular.event.csv",5357
"PHI192510031","NY1",7,0,1,0,0,"",1,7,"soutb101","?","soutb101","?","carlh101","?","carlh101","?","wilsj105","fonsl101","fribb101","hubec101","sandh101","harpg101","leacf101","willc103","","","","43","F","F",8,6,2,"T","T",0,"F","F",1,"F","F",0,"F","F",4,"G","F","F","",0,0,"N",0,"N",0,"N",0,0,0,0,"43","","","","F","F","F","F","F","F","F","F","F","","","","F","F","F","F","F","","","","",0,3,0,0,4,0,0,0,0,56,"PHI","NY1","PHI",0,"F","F",1,7,0,23,1,"T","F",0,0,"T","T","jackt101","snydf101","T","T",0,0,0,0,0,0,0,0,0,"","","",0,0,0,0,0,0,0,0,0,0,0,0,0,"fribb101","F","F","F","F",0,0,0,0,0,0,0,0,0,0,F,F,"1925PHI.EVN.regular.event.csv",5358
"PHI192510031","NY1",7,0,2,0,0,"",1,7,"jackt101","?","jackt101","?","carlh101","?","carlh101","?","wilsj105","fonsl101","fribb101","hubec101","sandh101","harpg101","leacf101","willc103","","","","3/P","F","F",6,7,2,"T","T",0,"F","F",1,"F","F",0,"F","F",3,"P","F","F","",0,0,"N",0,"N",0,"N",0,0,0,0,"3","","","","F","F","F","F","F","F","F","F","F","","","","F","F","F","F","F","","","","",0,3,0,0,0,0,0,0,0,57,"PHI","NY1","PHI",0,"F","T",1,7,0,24,2,"T","F",0,0,"T","T","snydf101","barnv101","T","T",0,0,0,0,0,0,0,0,0,"","","",0,0,0,0,0,0,0,0,0,0,0,0,0,"fonsl101","F","F","F","F",0,0,0,0,0,0,0,0,0,0,F,F,"1925PHI.EVN.regular.event.csv",5359
"PHI192510031","NY1",7,1,0,0,0,"",1,7,"willc103","?","willc103","?","barnv101","?","barnv101","?","snydf101","terrb101","kellg101","frisf101","jackt101","moora103","soutb101","younr101","","","","HR/F9D","T","F",9,3,23,"T","T",4,"F","F",0,"F","F",1,"F","F",0,"F","F","F","9D",0,0,"N",0,"N",0,"N",4,0,0,0,"","","","","F","F","F","F","F","F","F","F","F","","","","F","F","F","F","F","","","","",0,0,0,0,0,0,0,0,0,58,"PHI","PHI","NY1",1,"T","F",7,1,0,29,0,"T","F",0,0,"T","T","harpg101","fonsl101","T","T",0,0,0,0,0,0,0,0,0,"","","",0,0,0,0,0,0,0,0,0,0,0,0,1,"","F","F","F","F",4,0,0,0,0,0,0,0,0,0,F,F,"1925PHI.EVN.regular.event.csv",5360
"PHI192510031","NY1",7,1,0,0,0,"",1,8,"harpg101","?","harpg101","?","barnv101","?","barnv101","?","snydf101","terrb101","kellg101","frisf101","jackt101","moora103","soutb101","younr101","","","","S8","F","F",7,4,20,"T","T",1,"F","F",0,"F","F",0,"F","F",8,"","F","F","",0,0,"N",0,"N",0,"N",1,0,0,0,"","","","","F","F","F","F","F","F","F","F","F","","","","F","F","F","F","F","","","","",0,0,0,0,0,0,0,0,0,59,"PHI","PHI","NY1",1,"F","F",8,1,1,30,1,"T","F",0,1,"T","T","fonsl101","wilsj105","T","T",0,0,0,0,0,0,0,0,0,"","","",0,0,0,0,0,0,0,0,0,0,0,0,0,"soutb101","F","F","F","F",0,0,0,0,0,0,0,0,0,0,F,F,"1925PHI.EVN.regular.event.csv",5361
"PHI192510031","NY1",7,1,0,0,0,"",1,8,"fonsl101","?","fonsl101","?","barnv101","?","barnv101","?","snydf101","terrb101","kellg101","frisf101","jackt101","moora103","soutb101","younr101","harpg101","","","54(1)/FO","F","F",3,5,2,"T","T",0,"F","F",1,"F","F",0,"F","F",5,"G","F","F","",0,0,"N",0,"N",0,"N",1,0,0,0,"","54","","","F","F","F","F","F","F","F","F","F","barnv101","","","F","F","F","F","F","","","","",0,4,0,0,5,0,0,0,0,60,"PHI","PHI","NY1",1,"F","F",8,1,1,31,2,"T","F",1,1,"T","T","wilsj105","hubec101","T","T",7,4,59,0,0,0,0,0,0,"snydf101","","",0,0,0,0,0,0,0,0,0,0,0,0,0,"frisf101","T","F","F","F",0,0,0,0,0,0,0,0,0,0,F,F,"1925PHI.EVN.regular.event.csv",5362
"PHI192510031","NY1",7,1,1,0,0,"",1,8,"wilsj105","?","wilsj105","?","barnv101","?","barnv101","?","snydf101","terrb101","kellg101","frisf101","jackt101","moora103","soutb101","younr101","fonsl101","","","8/F","F","F",2,6,2,"T","T",0,"F","F",1,"F","F",0,"F","F",8,"F","F","F","",0,0,"N",0,"N",0,"N",0,1,0,0,"8","","","","F","F","F","F","F","F","F","F","F","barnv101","","","F","F","F","F","F","","","","",0,8,0,0,0,0,0,0,0,61,"PHI","PHI","NY1",1,"F","F",8,1,1,32,3,"T","F",1,1,"T","T","hubec101","fribb101","T","T",3,5,60,0,0,0,0,0,0,"snydf101","","",0,0,0,0,0,0,0,0,0,0,0,0,0,"soutb101","F","F","F","F",0,0,0,0,0,0,0,0,0,0,F,F,"1925PHI.EVN.regular.event.csv",5363
"PHI192510031","NY1",7,1,2,0,0,"",1,8,"hubec101","?","hubec101","?","barnv101","?","barnv101","?","snydf101","terrb101","kellg101","frisf101","jackt101","moora103","soutb101","younr101","fonsl101","","","2/FL","F","F",5,7,2,"T","T",0,"F","F",1,"F","F",0,"F","F",2,"F","F","T","",0,0,"N",0,"N",0,"N",0,1,0,0,"2","","","","F","F","F","F","F","F","F","F","F","barnv101","","","F","F","F","F","F","","","","",0,2,0,0,0,0,0,0,0,62,"PHI","PHI","NY1",1,"F","T",8,1,1,33,4,"T","F",1,1,"T","T","fribb101","carlh101","T","T",3,5,60,0,0,0,0,0,0,"snydf101","","",0,0,0,0,0,0,0,0,0,0,0,0,0,"snydf101","F","F","F","F",0,0,0,0,0,0,0,0,0,0,F,F,"1925PHI.EVN.regular.event.csv",5364
"PHI192510031","NY1",8,0,0,0,0,"",1,8,"snydf101","?","snydf101","?","carlh101","?","carlh101","?","wilsj105","fonsl101","fribb101","hubec101","sandh101","harpg101","leacf101","willc103","","","","8/F","T","F",2,8,2,"T","T",0,"F","F",1,"F","F",0,"F","F",8,"F","F","F","",0,0,"N",0,"N",0,"N",0,0,0,0,"8","","","","F","F","F","F","F","F","F","F","F","","","","F","F","F","F","F","","","","",0,8,0,0,0,0,0,0,0,63,"PHI","NY1","PHI",0,"T","F",1,8,0,25,0,"T","F",0,0,"T","T","barnv101","younr101","T","T",0,0,0,0,0,0,0,0,0,"","","",0,0,0,0,0,0,0,0,0,0,0,0,0,"leacf101","F","F","F","F",0,0,0,0,0,0,0,0,0,0,F,F,"1925PHI.EVN.regular.event.csv",5365
"PHI192510031","NY1",8,0,1,0,0,"",1,8,"barnv101","?","barnv101","?","carlh101","?","carlh101","?","wilsj105","fonsl101","fribb101","hubec101","sandh101","harpg101","leacf101","willc103","","","","31","F","F",1,9,2,"T","T",0,"F","F",1,"F","F",0,"F","F",3,"G","F","F","",0,0,"N",0,"N",0,"N",0,0,0,0,"31","","","","F","F","F","F","F","F","F","F","F","","","","F","F","F","F","F","","","","",0,1,0,0,3,0,0,0,0,64,"PHI","NY1","PHI",0,"F","F",1,8,0,26,1,"T","F",0,0,"T","T","younr101","moora103","T","T",0,0,0,0,0,0,0,0,0,"","","",0,0,0,0,0,0,0,0,0,0,0,0,0,"fonsl101","F","F","F","F",0,0,0,0,0,0,0,0,0,0,F,F,"1925PHI.EVN.regular.event.csv",5366
"PHI192510031","NY1",8,0,2,0,0,"",1,8,"younr101","?","younr101","?","carlh101","?","carlh101","?","wilsj105","fonsl101","fribb101","hubec101","sandh101","harpg101","leacf101","willc103","","","","7/F","F","F",9,1,2,"T","T",0,"F","F",1,"F","F",0,"F","F",7,"F","F","F","",0,0,"N",0,"N",0,"N",0,0,0,0,"7","","","","F","F","F","F","F","F","F","F","F","","","","F","F","F","F","F","","","","",0,7,0,0,0,0,0,0,0,65,"PHI","NY1","PHI",0,"F","T",1,8,0,27,2,"T","F",0,0,"T","T","moora103","frisf101","T","T",0,0,0,0,0,0,0,0,0,"","","",0,0,0,0,0,0,0,0,0,0,0,0,0,"harpg101","F","F","F","F",0,0,0,0,0,0,0,0,0,0,F,F,"1925PHI.EVN.regular.event.csv",5367
"PHI192510031","NY1",8,1,0,0,0,"",1,8,"fribb101","?","fribb101","?","barnv101","?","barnv101","?","snydf101","terrb101","kellg101","frisf101","jackt101","moora103","soutb101","younr101","","","","63","T","F",4,8,2,"T","T",0,"F","F",1,"F","F",0,"F","F",6,"G","F","F","",0,0,"N",0,"N",0,"N",0,0,0,0,"63","","","","F","F","F","F","F","F","F","F","F","","","","F","F","F","F","F","","","","",0,3,0,0,6,0,0,0,0,66,"PHI","PHI","NY1",1,"T","F",8,1,0,34,0,"T","F",0,0,"T","T","carlh101","sandh101","T","T",0,0,0,0,0,0,0,0,0,"","","",0,0,0,0,0,0,0,0,0,0,0,0,0,"jackt101","F","F","F","F",0,0,0,0,0,0,0,0,0,0,F,F,"1925PHI.EVN.regular.event.csv",5368
"PHI192510031","NY1",8,1,1,0,0,"",1,8,"carlh101","?","carlh101","?","barnv101","?","barnv101","?","snydf101","terrb101","kellg101","frisf101","jackt101","moora103","soutb101","younr101","","","","4/P","F","F",1,9,2,"T","T",0,"F","F",1,"F","F",0,"F","F",4,"P","F","F","",0,0,"N",0,"N",0,"N",0,0,0,0,"4","","","","F","F","F","F","F","F","F","F","F","","","","F","F","F","F","F","","","","",0,4,0,0,0,0,0,0,0,67,"PHI","PHI","NY1",1,"F","F",8,1,0,35,1,"T","F",0,0,"T","T","sandh101","leacf101","T","T",0,0,0,0,0,0,0,0,0,"","","",0,0,0,0,0,0,0,0,0,0,0,0,0,"kellg101","F","F","F","F",0,0,0,0,0,0,0,0,0,0,F,F,"1925PHI.EVN.regular.event.csv",5369
"PHI192510031","NY1",8,1,2,0,0,"",1,8,"sandh101","?","sandh101","?","barnv101","?","barnv101","?","snydf101","terrb101","kellg101","frisf101","jackt101","moora103","soutb101","younr101","","","","43","F","F",6,1,2,"T","T",0,"F","F",1,"F","F",0,"F","F",4,"G","F","F","",0,0,"N",0,"N",0,"N",0,0,0,0,"43","","","","F","F","F","F","F","F","F","F","F","","","","F","F","F","F","F","","","","",0,3,0,0,4,0,0,0,0,68,"PHI","PHI","NY1",1,"F","T",8,1,0,36,2,"T","F",0,0,"T","T","leacf101","willc103","T","T",0,0,0,0,0,0,0,0,0,"","","",0,0,0,0,0,0,0,0,0,0,0,0,0,"kellg101","F","F","F","F",0,0,0,0,0,0,0,0,0,0,F,F,"1925PHI.EVN.regular.event.csv",5370
"PHI192510031","NY1",9,0,0,0,0,"",1,8,"moora103","?","moora103","?","carlh101","?","carlh101","?","wilsj105","fonsl101","fribb101","hubec101","sandh101","harpg101","leacf101","willc103","","","","63","T","F",7,2,2,"T","T",0,"F","F",1,"F","F",0,"F","F",6,"G","F","F","",0,0,"N",0,"N",0,"N",0,0,0,0,"63","","","","F","F","F","F","F","F","F","F","F","","","","F","F","F","F","F","","","","",0,3,0,0,6,0,0,0,0,69,"PHI","NY1","PHI",0,"T","F",1,8,0,28,0,"T","F",0,0,"T","T","frisf101","terrb101","T","T",0,0,0,0,0,0,0,0,0,"","","",0,0,0,0,0,0,0,0,0,0,0,0,0,"sandh101","F","F","F","F",0,0,0,0,0,0,0,0,0,0,F,F,"1925PHI.EVN.regular.event.csv",5371
"PHI192510031","NY1",9,0,1,0,0,"",1,8,"frisf101","?","frisf101","?","carlh101","?","carlh101","?","wilsj105","fonsl101","fribb101","hubec101","sandh101","harpg101","leacf101","willc103","","","","3/FL","F","F",5,3,2,"T","T",0,"F","F",1,"F","F",0,"F","F",3,"F","F","T","",0,0,"N",0,"N",0,"N",0,0,0,0,"3","","","","F","F","F","F","F","F","F","F","F","","","","F","F","F","F","F","","","","",0,3,0,0,0,0,0,0,0,70,"PHI","NY1","PHI",0,"F","F",1,8,0,29,1,"T","F",0,0,"T","T","terrb101","kellg101","T","T",0,0,0,0,0,0,0,0,0,"","","",0,0,0,0,0,0,0,0,0,0,0,0,0,"fonsl101","F","F","F","F",0,0,0,0,0,0,0,0,0,0,F,F,"1925PHI.EVN.regular.event.csv",5372
"PHI192510031","NY1",9,0,2,0,0,"",1,8,"terrb101","?","terrb101","?","carlh101","?","carlh101","?","wilsj105","fonsl101","fribb101","hubec101","sandh101","harpg101","leacf101","willc103","","","","8/F","F","F",3,4,2,"T","T",0,"F","F",1,"F","F",0,"F","F",8,"F","F","F","",0,0,"N",0,"N",0,"N",0,0,0,0,"8","","","","F","F","F","F","F","F","F","F","F","","","","F","T","F","F","F","","","","",0,8,0,0,0,0,0,0,0,71,"PHI","NY1","PHI",0,"F","T",1,8,0,30,2,"T","F",0,0,"T","T","kellg101","soutb101","T","T",0,0,0,0,0,0,0,0,0,"","","",0,0,0,0,0,0,0,0,0,0,0,0,0,"leacf101","F","F","F","F",0,0,0,0,0,0,0,0,0,0,F,F,"1925PHI.EVN.regular.event.csv",5373
"PHI192510032","NY1",1,0,0,0,0,"",0,0,"grohh101","?","grohh101","?","ulrid101","?","ulrid101","?","henlb101","fonsl101","fribb101","hubec101","sandh101","harpg101","leacf101","willc103","","","","3/FL","T","F",5,1,2,"T","T",0,"F","F",1,"F","F",0,"F","F",3,"F","F","T","",0,0,"N",0,"N",0,"N",0,0,0,0,"3","","","","F","F","F","F","F","F","F","F","F","","","","T","F","F","F","F","","","","",0,3,0,0,0,0,0,0,0,1,"PHI","NY1","PHI",0,"T","F",0,0,0,0,0,"T","F",0,0,"T","T","younr101","cartb101","T","T",0,0,0,0,0,0,0,0,0,"","","",0,0,0,0,0,0,0,0,0,0,0,0,0,"fonsl101","F","F","F","F",0,0,0,0,0,0,0,0,0,0,F,F,"1925PHI.EVN.regular.event.csv",5374
"PHI192510032","NY1",1,0,1,0,0,"",0,0,"younr101","?","younr101","?","ulrid101","?","ulrid101","?","henlb101","fonsl101","fribb101","hubec101","sandh101","harpg101","leacf101","willc103","","","","S7","F","F",9,2,20,"T","T",1,"F","F",0,"F","F",0,"F","F",7,"","F","F","",0,0,"N",0,"N",0,"N",1,0,0,0,"","","","","F","F","F","F","F","F","F","F","F","","","","F","F","F","F","F","","","","",0,0,0,0,0,0,0,0,0,2,"PHI","NY1","PHI",0,"F","F",0,0,0,1,1,"T","F",0,1,"T","T","cartb101","frisf101","T","T",0,0,0,0,0,0,0,0,0,"","","",0,0,0,0,0,0,0,0,0,0,0,0,0,"harpg101","F","F","F","F",0,0,0,0,0,0,0,0,0,0,F,F,"1925PHI.EVN.regular.event.csv",5375
"PHI192510032","NY1",1,0,1,0,0,"",0,0,"cartb101","?","cartb101","?","ulrid101","?","ulrid101","?","henlb101","fonsl101","fribb101","hubec101","sandh101","harpg101","leacf101","willc103","younr101","","","43.1-2","F","F",7,3,2,"T","T",0,"F","F",1,"F","F",0,"F","F",4,"G","F","F","",0,0,"N",0,"N",0,"N",0,2,0,0,"43","","","","F","F","F","F","F","F","F","F","F","ulrid101","","","F","F","F","F","F","","","","",0,3,0,0,4,0,0,0,0,3,"PHI","NY1","PHI",0,"F","F",0,0,0,2,2,"T","F",1,2,"T","T","frisf101","terrb101","T","T",9,2,2,0,0,0,0,0,0,"henlb101","","",0,0,0,0,0,0,0,0,0,0,0,0,0,"fribb101","F","F","F","F",0,0,0,0,0,0,0,0,0,0,F,F,"1925PHI.EVN.regular.event.csv",5376
"PHI192510032","NY1",1,0,2,0,0,"",0,0,"frisf101","?","frisf101","?","ulrid101","?","ulrid101","?","henlb101","fonsl101","fribb101","hubec101","sandh101","harpg101","leacf101","willc103","","younr101","","13","F","F",4,4,2,"T","T",0,"F","F",1,"F","F",0,"F","F",1,"G","F","F","",0,0,"N",0,"N",0,"N",0,0,2,0,"13","","","","F","F","F","F","F","F","F","F","F","","ulrid101","","F","F","F","F","F","","","","",0,3,0,0,1,0,0,0,0,4,"PHI","NY1","PHI",0,"F","T",0,0,0,3,3,"T","F",2,2,"T","T","terrb101","soutb101","T","T",0,0,0,9,2,2,0,0,0,"","henlb101","",0,0,0,0,0,0,0,0,0,0,0,0,0,"ulrid101","F","F","F","F",0,0,0,0,0,0,0,0,0,0,F,F,"1925PHI.EVN.regular.event.csv",5377
"PHI192510032","NY1",1,1,0,0,0,"",0,0,"sandh101","?","sandh101","?","fitzf101","?","fitzf101","?","mcmuh101","terrb101","frisf101","grohh101","jackt101","cartb101","soutb101","younr101","","","","K","T","F",6,1,3,"T","T",0,"F","F",1,"F","F",0,"F","F",0,"","F","F","",0,0,"N",0,"N",0,"N",0,0,0,0,"2","","","","F","F","F","F","F","F","F","F","F","","","","F","F","F","F","F","","","","",0,2,0,0,0,0,0,0,0,5,"PHI","PHI","NY1",1,"T","F",0,0,0,0,0,"T","F",0,0,"T","T","leacf101","willc103","T","T",0,0,0,0,0,0,0,0,0,"","","",0,0,0,0,0,0,0,0,0,0,0,0,0,"","F","F","F","F",0,0,0,0,0,0,0,0,0,0,F,F,"1925PHI.EVN.regular.event.csv",5378
"PHI192510032","NY1",1,1,1,0,0,"",0,0,"leacf101","?","leacf101","?","fitzf101","?","fitzf101","?","mcmuh101","terrb101","frisf101","grohh101","jackt101","cartb101","soutb101","younr101","","","","43","F","F",8,2,2,"T","T",0,"F","F",1,"F","F",0,"F","F",4,"G","F","F","",0,0,"N",0,"N",0,"N",0,0,0,0,"43","","","","F","F","F","F","F","F","F","F","F","","","","F","F","F","F","F","","","","",0,3,0,0,4,0,0,0,0,6,"PHI","PHI","NY1",1,"F","F",0,0,0,1,1,"T","F",0,0,"T","T","willc103","harpg101","T","T",0,0,0,0,0,0,0,0,0,"","","",0,0,0,0,0,0,0,0,0,0,0,0,0,"frisf101","F","F","F","F",0,0,0,0,0,0,0,0,0,0,F,F,"1925PHI.EVN.regular.event.csv",5379
"PHI192510032","NY1",1,1,2,0,0,"",0,0,"willc103","?","willc103","?","fitzf101","?","fitzf101","?","mcmuh101","terrb101","frisf101","grohh101","jackt101","cartb101","soutb101","younr101","","","","8/F","F","F",9,3,2,"T","T",0,"F","F",1,"F","F",0,"F","F",8,"F","F","F","",0,0,"N",0,"N",0,"N",0,0,0,0,"8","","","","F","F","F","F","F","F","F","F","F","","","","F","F","F","F","F","","","","",0,8,0,0,0,0,0,0,0,7,"PHI","PHI","NY1",1,"F","T",0,0,0,2,2,"T","F",0,0,"T","T","harpg101","fonsl101","T","T",0,0,0,0,0,0,0,0,0,"","","",0,0,0,0,0,0,0,0,0,0,0,0,0,"soutb101","F","F","F","F",0,0,0,0,0,0,0,0,0,0,F,F,"1925PHI.EVN.regular.event.csv",5380
"PHI192510032","NY1",2,0,0,0,0,"",0,0,"terrb101","?","terrb101","?","ulrid101","?","ulrid101","?","henlb101","fonsl101","fribb101","hubec101","sandh101","harpg101","leacf101","willc103","","","","E6/P","T","F",3,5,18,"T","T",0,"F","F",0,"F","F",0,"F","F",6,"P","F","F","",1,6,"F",0,"N",0,"N",1,0,0,0,"","","","","F","F","F","F","F","F","F","F","F","","","","F","F","F","F","F","","","","",0,0,0,0,0,0,0,0,0,8,"PHI","NY1","PHI",0,"T","F",0,0,0,4,0,"T","F",0,1,"T","T","soutb101","jackt101","T","T",0,0,0,0,0,0,0,0,0,"","","",0,0,0,0,0,0,0,0,0,0,0,0,0,"sandh101","F","F","F","T",0,0,0,0,0,0,0,0,0,0,F,F,"1925PHI.EVN.regular.event.csv",5381
"PHI192510032","NY1",2,0,0,0,0,"",0,0,"soutb101","?","soutb101","?","ulrid101","?","ulrid101","?","henlb101","fonsl101","fribb101","hubec101","sandh101","harpg101","leacf101","willc103","terrb101","","","S7.1-2","F","F",8,6,20,"T","T",1,"F","F",0,"F","F",0,"F","F",7,"","F","F","",0,0,"N",0,"N",0,"N",1,2,0,0,"","","","","F","F","F","F","F","F","F","F","F","ulrid101","","","F","F","F","F","F","","","","",0,0,0,0,0,0,0,0,0,9,"PHI","NY1","PHI",0,"F","F",0,0,0,5,1,"T","F",1,3,"T","T","jackt101","mcmuh101","T","T",3,5,8,0,0,0,0,0,0,"henlb101","","",0,0,0,0,0,0,0,0,0,0,0,0,0,"harpg101","F","F","F","F",0,0,0,0,0,0,0,0,0,0,F,F,"1925PHI.EVN.regular.event.csv",5382
"PHI192510032","NY1",2,0,0,0,0,"",0,0,"jackt101","?","jackt101","?","ulrid101","?","ulrid101","?","henlb101","fonsl101","fribb101","hubec101","sandh101","harpg101","leacf101","willc103","soutb101","terrb101","","S9.2-3;1-2","F","F",6,7,20,"T","T",1,"F","F",0,"F","F",0,"F","F",9,"","F","F","",0,0,"N",0,"N",0,"N",1,2,3,0,"","","","","F","F","F","F","F","F","F","F","F","ulrid101","ulrid101","","F","F","F","F","F","","","","",0,0,0,0,0,0,0,0,0,10,"PHI","NY1","PHI",0,"F","F",0,0,0,6,2,"T","F",3,7,"T","T","mcmuh101","fitzf101","T","T",8,6,9,3,5,8,0,0,0,"henlb101","henlb101","",0,0,0,0,0,0,0,0,0,0,0,0,0,"willc103","F","F","F","F",0,0,0,0,0,0,0,0,0,0,F,F,"1925PHI.EVN.regular.event.csv",5383
"PHI192510032","NY1",2,0,0,0,0,"",0,0,"mcmuh101","?","mcmuh101","?","ulrid101","?","ulrid101","?","henlb101","fonsl101","fribb101","hubec101","sandh101","harpg101","leacf101","willc103","jackt101","soutb101","terrb101","K","F","F",2,8,3,"T","T",0,"F","F",1,"F","F",0,"F","F",0,"","F","F","",0,0,"N",0,"N",0,"N",0,1,2,3,"2","","","","F","F","F","F","F","F","F","F","F","ulrid101","ulrid101","ulrid101","F","F","F","F","F","","","","",0,2,0,0,0,0,0,0,0,11,"PHI","NY1","PHI",0,"F","F",0,0,0,7,3,"T","F",7,7,"T","T","fitzf101","grohh101","T","T",6,7,10,8,6,9,3,5,8,"henlb101","henlb101","henlb101",0,0,0,0,0,0,0,0,0,0,0,0,0,"","F","F","F","F",0,0,0,0,0,0,0,0,0,0,F,F,"1925PHI.EVN.regular.event.csv",5384
"PHI192510032","NY1",2,0,1,0,0,"",0,0,"fitzf101","?","fitzf101","?","ulrid101","?","ulrid101","?","henlb101","fonsl101","fribb101","hubec101","sandh101","harpg101","leacf101","willc103","jackt101","soutb101","terrb101","K","F","F",1,9,3,"T","T",0,"F","F",1,"F","F",0,"F","F",0,"","F","F","",0,0,"N",0,"N",0,"N",0,1,2,3,"2","","","","F","F","F","F","F","F","F","F","F","ulrid101","ulrid101","ulrid101","F","F","F","F","F","","","","",0,2,0,0,0,0,0,0,0,12,"PHI","NY1","PHI",0,"F","F",0,0,0,8,4,"T","F",7,7,"T","T","grohh101","younr101","T","T",6,7,10,8,6,9,3,5,8,"henlb101","henlb101","henlb101",0,0,0,0,0,0,0,0,0,0,0,0,0,"","F","F","F","F",0,0,0,0,0,0,0,0,0,0,F,F,"1925PHI.EVN.regular.event.csv",5385
"PHI192510032","NY1",2,0,2,0,0,"",0,0,"grohh101","?","grohh101","?","ulrid101","?","ulrid101","?","henlb101","fonsl101","fribb101","hubec101","sandh101","harpg101","leacf101","willc103","jackt101","soutb101","terrb101","9/F","F","F",5,1,2,"T","T",0,"F","F",1,"F","F",0,"F","F",9,"F","F","F","",0,0,"N",0,"N",0,"N",0,1,2,3,"9","","","","F","F","F","F","F","F","F","F","F","ulrid101","ulrid101","ulrid101","F","F","F","F","F","","","","",0,9,0,0,0,0,0,0,0,13,"PHI","NY1","PHI",0,"F","T",0,0,0,9,5,"T","F",7,7,"T","T","younr101","cartb101","T","T",6,7,10,8,6,9,3,5,8,"henlb101","henlb101","henlb101",0,0,0,0,0,0,0,0,0,0,0,0,0,"willc103","F","F","F","F",0,0,0,0,0,0,0,0,0,0,F,F,"1925PHI.EVN.regular.event.csv",5386
"PHI192510032","NY1",2,1,0,0,0,"",0,0,"harpg101","?","harpg101","?","fitzf101","?","fitzf101","?","mcmuh101","terrb101","frisf101","grohh101","jackt101","cartb101","soutb101","younr101","","","","S5/G+","T","F",7,4,20,"T","T",1,"F","F",0,"F","F",0,"F","F",5,"G","F","F","",0,0,"N",0,"N",0,"N",1,0,0,0,"","","","","F","F","F","F","F","F","F","F","F","","","","F","F","F","F","F","","","","",0,0,0,0,0,0,0,0,0,14,"PHI","PHI","NY1",1,"T","F",0,0,0,3,0,"T","F",0,1,"T","T","fonsl101","henlb101","T","T",0,0,0,0,0,0,0,0,0,"","","",0,0,0,0,0,0,0,0,0,0,0,0,0,"grohh101","F","F","F","F",4,0,0,0,2,0,0,0,0,0,F,F,"1925PHI.EVN.regular.event.csv",5387
"PHI192510032","NY1",2,1,0,0,0,"",0,0,"fonsl101","?","fonsl101","?","fitzf101","?","fitzf101","?","mcmuh101","terrb101","frisf101","grohh101","jackt101","cartb101","soutb101","younr101","harpg101","","","D8.1-3","F","F",3,5,21,"T","T",2,"F","F",0,"F","F",0,"F","F",8,"","F","F","",0,0,"N",0,"N",0,"N",2,3,0,0,"","","","","F","F","F","F","F","F","F","F","F","fitzf101","","","F","F","F","F","F","","","","",0,0,0,0,0,0,0,0,0,15,"PHI","PHI","NY1",1,"F","F",0,0,0,4,1,"T","F",1,6,"T","T","henlb101","hubec101","T","T",7,4,14,0,0,0,0,0,0,"mcmuh101","","",0,0,0,0,0,0,0,0,0,0,0,0,0,"soutb101","F","F","F","F",5,4,0,0,2,0,0,0,0,0,F,F,"1925PHI.EVN.regular.event.csv",5388
"PHI192510032","NY1",2,1,0,0,0,"",0,0,"henlb101","?","henlb101","?","fitzf101","?","fitzf101","?","mcmuh101","terrb101","frisf101","grohh101","jackt101","cartb101","soutb101","younr101","","fonsl101","harpg101","6/P","F","F",2,6,2,"T","T",0,"F","F",1,"F","F",0,"F","F",6,"P","F","F","",0,0,"N",0,"N",0,"N",0,0,2,3,"6","","","","F","F","F","F","F","F","F","F","F","","fitzf101","fitzf101","F","F","F","F","F","","","","",0,6,0,0,0,0,0,0,0,16,"PHI","PHI","NY1",1,"F","F",0,0,0,5,2,"T","F",6,6,"T","T","hubec101","fribb101","T","T",0,0,0,3,5,15,7,4,14,"","mcmuh101","mcmuh101",0,0,0,0,0,0,0,0,0,0,0,0,0,"jackt101","F","F","F","F",0,0,5,4,2,0,0,0,0,0,F,F,"1925PHI.EVN.regular.event.csv",5389
"PHI192510032","NY1",2,1,1,0,0,"",0,0,"hubec101","?","hubec101","?","fitzf101","?","fitzf101","?","mcmuh101","terrb101","frisf101","grohh101","jackt101","cartb101","soutb101","younr101","","fonsl101","harpg101","9/SF.3-H","F","F",5,7,2,"T","F",0,"F","T",1,"F","F",1,"F","F",9,"F","F","F","",0,0,"N",0,"N",0,"N",0,0,2,4,"9","","","","F","F","F","F","F","F","F","F","F","","fitzf101","fitzf101","F","F","F","F","F","","","","",0,9,0,0,0,0,0,0,0,17,"PHI","PHI","NY1",1,"F","F",0,0,0,6,3,"T","F",6,2,"T","T","fribb101","ulrid101","T","T",0,0,0,3,5,15,7,4,14,"","mcmuh101","mcmuh101",0,0,0,0,0,0,0,0,0,0,0,0,1,"younr101","F","F","F","F",0,0,5,4,1,0,0,0,0,0,F,F,"1925PHI.EVN.regular.event.csv",5390
"PHI192510032","NY1",2,1,2,0,0,"",0,1,"fribb101","?","fribb101","?","fitzf101","?","fitzf101","?","mcmuh101","terrb101","frisf101","grohh101","jackt101","cartb101","soutb101","younr101","","fonsl101","","E3/P.2-H(NR)(UR)","F","F",4,8,18,"T","T",0,"F","F",0,"F","F",0,"F","F",3,"P","F","F","",1,3,"F",0,"N",0,"N",1,0,5,0,"","","","","F","F","F","F","F","F","F","F","F","","fitzf101","","F","F","F","F","F","","","","",0,0,0,0,0,0,0,0,0,18,"PHI","PHI","NY1",1,"F","F",1,0,1,7,4,"T","F",2,1,"T","T","ulrid101","sandh101","T","T",0,0,0,3,5,15,0,0,0,"","mcmuh101","",0,0,0,0,0,0,0,0,0,0,0,0,1,"terrb101","F","F","F","T",0,0,5,0,0,0,0,0,0,0,F,F,"1925PHI.EVN.regular.event.csv",5391
"PHI192510032","NY1",2,1,2,0,0,"",0,2,"ulrid101","?","ulrid101","?","fitzf101","?","fitzf101","?","mcmuh101","terrb101","frisf101","grohh101","jackt101","cartb101","soutb101","younr101","fribb101","","","13","F","F",1,9,2,"T","T",0,"F","F",1,"F","F",0,"F","F",1,"G","F","F","",0,0,"N",0,"N",0,"N",0,1,0,0,"13","","","","F","F","F","F","F","F","F","F","F","fitzf101","","","F","F","F","F","F","","","","",0,3,0,0,1,0,0,0,0,19,"PHI","PHI","NY1",1,"F","T",2,0,2,8,5,"T","F",1,1,"T","T","sandh101","leacf101","T","T",4,8,18,0,0,0,0,0,0,"mcmuh101","","",0,0,0,0,0,0,0,0,0,0,0,0,0,"fitzf101","F","F","F","F",0,0,0,0,0,0,0,0,0,0,F,F,"1925PHI.EVN.regular.event.csv",5392
"PHI192510032","NY1",3,0,0,0,0,"",0,2,"younr101","?","younr101","?","ulrid101","?","ulrid101","?","henlb101","fonsl101","fribb101","hubec101","sandh101","harpg101","leacf101","willc103","","","","53","T","F",9,2,2,"T","T",0,"F","F",1,"F","F",0,"F","F",5,"G","F","F","",0,0,"N",0,"N",0,"N",0,0,0,0,"53","","","","F","F","F","F","F","F","F","F","F","","","","F","F","F","F","F","","","","",0,3,0,0,5,0,0,0,0,20,"PHI","NY1","PHI",0,"T","F",0,2,0,10,0,"T","F",0,0,"T","T","cartb101","frisf101","T","T",0,0,0,0,0,0,0,0,0,"","","",0,0,0,0,0,0,0,0,0,0,0,0,0,"hubec101","F","F","F","F",0,0,0,0,0,0,0,0,0,0,F,F,"1925PHI.EVN.regular.event.csv",5393
"PHI192510032","NY1",3,0,1,0,0,"",0,2,"cartb101","?","cartb101","?","ulrid101","?","ulrid101","?","henlb101","fonsl101","fribb101","hubec101","sandh101","harpg101","leacf101","willc103","","","","13","F","F",7,3,2,"T","T",0,"F","F",1,"F","F",0,"F","F",1,"G","F","F","",0,0,"N",0,"N",0,"N",0,0,0,0,"13","","","","F","F","F","F","F","F","F","F","F","","","","F","F","F","F","F","","","","",0,3,0,0,1,0,0,0,0,21,"PHI","NY1","PHI",0,"F","F",0,2,0,11,1,"T","F",0,0,"T","T","frisf101","terrb101","T","T",0,0,0,0,0,0,0,0,0,"","","",0,0,0,0,0,0,0,0,0,0,0,0,0,"ulrid101","F","F","F","F",0,0,0,0,0,0,0,0,0,0,F,F,"1925PHI.EVN.regular.event.csv",5394
"PHI192510032","NY1",3,0,2,0,0,"",0,2,"frisf101","?","frisf101","?","ulrid101","?","ulrid101","?","henlb101","fonsl101","fribb101","hubec101","sandh101","harpg101","leacf101","willc103","","","","3/G","F","F",4,4,2,"T","T",0,"F","F",1,"F","F",0,"F","F",3,"G","F","F","",0,0,"N",0,"N",0,"N",0,0,0,0,"3","","","","F","F","F","F","F","F","F","F","F","","","","F","F","F","F","F","","","","",0,3,0,0,0,0,0,0,0,22,"PHI","NY1","PHI",0,"F","T",0,2,0,12,2,"T","F",0,0,"T","T","terrb101","soutb101","T","T",0,0,0,0,0,0,0,0,0,"","","",0,0,0,0,0,0,0,0,0,0,0,0,0,"fonsl101","F","F","F","F",0,0,0,0,0,0,0,0,0,0,F,F,"1925PHI.EVN.regular.event.csv",5395
"PHI192510032","NY1",3,1,0,0,0,"",0,2,"sandh101","?","sandh101","?","fitzf101","?","fitzf101","?","mcmuh101","terrb101","frisf101","grohh101","jackt101","cartb101","soutb101","younr101","","","","43","T","F",6,1,2,"T","T",0,"F","F",1,"F","F",0,"F","F",4,"G","F","F","",0,0,"N",0,"N",0,"N",0,0,0,0,"43","","","","F","F","F","F","F","F","F","F","F","","","","F","F","F","F","F","","","","",0,3,0,0,4,0,0,0,0,23,"PHI","PHI","NY1",1,"T","F",2,0,0,9,0,"T","F",0,0,"T","T","leacf101","willc103","T","T",0,0,0,0,0,0,0,0,0,"","","",0,0,0,0,0,0,0,0,0,0,0,0,0,"frisf101","F","F","F","F",0,0,0,0,1,0,0,0,0,0,F,F,"1925PHI.EVN.regular.event.csv",5396
"PHI192510032","NY1",3,1,1,0,0,"",0,2,"leacf101","?","leacf101","?","fitzf101","?","fitzf101","?","mcmuh101","terrb101","frisf101","grohh101","jackt101","cartb101","soutb101","younr101","","","","43","F","F",8,2,2,"T","T",0,"F","F",1,"F","F",0,"F","F",4,"G","F","F","",0,0,"N",0,"N",0,"N",0,0,0,0,"43","","","","F","F","F","F","F","F","F","F","F","","","","F","F","F","F","F","","","","",0,3,0,0,4,0,0,0,0,24,"PHI","PHI","NY1",1,"F","F",2,0,0,10,1,"T","F",0,0,"T","T","willc103","harpg101","T","T",0,0,0,0,0,0,0,0,0,"","","",0,0,0,0,0,0,0,0,0,0,0,0,0,"frisf101","F","F","F","F",0,0,0,0,1,0,0,0,0,0,F,F,"1925PHI.EVN.regular.event.csv",5397
"PHI192510032","NY1",3,1,2,0,0,"",0,2,"willc103","?","willc103","?","fitzf101","?","fitzf101","?","mcmuh101","terrb101","frisf101","grohh101","jackt101","cartb101","soutb101","younr101","","","","S8","F","F",9,3,20,"T","T",1,"F","F",0,"F","F",0,"F","F",8,"","F","F","",0,0,"N",0,"N",0,"N",1,0,0,0,"","","","","F","F","F","F","F","F","F","F","F","","","","F","F","F","F","F","","","","",0,0,0,0,0,0,0,0,0,25,"PHI","PHI","NY1",1,"F","F",2,0,0,11,2,"T","F",0,1,"T","T","harpg101","fonsl101","T","T",0,0,0,0,0,0,0,0,0,"","","",0,0,0,0,0,0,0,0,0,0,0,0,0,"soutb101","F","F","F","F",4,0,0,0,1,0,0,0,0,0,F,F,"1925PHI.EVN.regular.event.csv",5398
"PHI192510032","NY1",3,1,2,0,0,"",0,2,"harpg101","?","harpg101","?","fitzf101","?","fitzf101","?","mcmuh101","terrb101","frisf101","grohh101","jackt101","cartb101","soutb101","younr101","willc103","","","D7/78.1-H;BX3(7635)#","F","F",7,4,21,"T","T",2,"F","F",1,"F","F",1,"F","F",7,"","F","F","78",0,0,"N",0,"N",0,"N",0,4,0,0,"7635","","","","F","F","F","F","F","F","F","F","F","fitzf101","","","F","F","F","F","F","","","","",0,5,0,0,7,6,3,0,0,26,"PHI","PHI","NY1",1,"F","T",2,0,0,12,3,"T","F",1,0,"T","T","fonsl101","henlb101","T","T",9,3,25,0,0,0,0,0,0,"mcmuh101","","",0,0,0,0,0,0,0,0,0,0,0,0,1,"cartb101","F","F","F","F",0,4,0,0,0,0,0,0,0,0,F,T,"1925PHI.EVN.regular.event.csv",5399
"PHI192510032","NY1",4,0,0,0,0,"",0,3,"terrb101","?","terrb101","?","ulrid101","?","ulrid101","?","henlb101","fonsl101","fribb101","hubec101","sandh101","harpg101","leacf101","willc103","","","","43","T","F",3,5,2,"T","T",0,"F","F",1,"F","F",0,"F","F",4,"G","F","F","",0,0,"N",0,"N",0,"N",0,0,0,0,"43","","","","F","F","F","F","F","F","F","F","F","","","","F","F","F","F","F","","","","",0,3,0,0,4,0,0,0,0,27,"PHI","NY1","PHI",0,"T","F",0,3,0,13,0,"T","F",0,0,"T","T","soutb101","jackt101","T","T",0,0,0,0,0,0,0,0,0,"","","",0,0,0,0,0,0,0,0,0,0,0,0,0,"fribb101","F","F","F","F",0,0,0,0,0,0,0,0,0,0,F,F,"1925PHI.EVN.regular.event.csv",5400
"PHI192510032","NY1",4,0,1,0,0,"",0,3,"soutb101","?","soutb101","?","ulrid101","?","ulrid101","?","henlb101","fonsl101","fribb101","hubec101","sandh101","harpg101","leacf101","willc103","","","","7/F","F","F",8,6,2,"T","T",0,"F","F",1,"F","F",0,"F","F",7,"F","F","F","",0,0,"N",0,"N",0,"N",0,0,0,0,"7","","","","F","F","F","F","F","F","F","F","F","","","","F","F","F","F","F","","","","",0,7,0,0,0,0,0,0,0,28,"PHI","NY1","PHI",0,"F","F",0,3,0,14,1,"T","F",0,0,"T","T","jackt101","mcmuh101","T","T",0,0,0,0,0,0,0,0,0,"","","",0,0,0,0,0,0,0,0,0,0,0,0,0,"harpg101","F","F","F","F",0,0,0,0,0,0,0,0,0,0,F,F,"1925PHI.EVN.regular.event.csv",5401
"PHI192510032","NY1",4,0,2,0,0,"",0,3,"jackt101","?","jackt101","?","ulrid101","?","ulrid101","?","henlb101","fonsl101","fribb101","hubec101","sandh101","harpg101","leacf101","willc103","","","","4/P","F","F",6,7,2,"T","T",0,"F","F",1,"F","F",0,"F","F",4,"P","F","F","",0,0,"N",0,"N",0,"N",0,0,0,0,"4","","","","F","F","F","F","F","F","F","F","F","","","","F","F","F","F","F","","","","",0,4,0,0,0,0,0,0,0,29,"PHI","NY1","PHI",0,"F","T",0,3,0,15,2,"T","F",0,0,"T","T","mcmuh101","fitzf101","T","T",0,0,0,0,0,0,0,0,0,"","","",0,0,0,0,0,0,0,0,0,0,0,0,0,"fribb101","F","F","F","F",0,0,0,0,0,0,0,0,0,0,F,F,"1925PHI.EVN.regular.event.csv",5402
"PHI192510032","NY1",4,1,0,0,0,"",0,3,"fonsl101","?","fonsl101","?","fitzf101","?","fitzf101","?","mcmuh101","terrb101","frisf101","grohh101","jackt101","cartb101","soutb101","younr101","","","","9/F","T","F",3,5,2,"T","T",0,"F","F",1,"F","F",0,"F","F",9,"F","F","F","",0,0,"N",0,"N",0,"N",0,0,0,0,"9","","","","F","F","F","F","F","F","F","F","F","","","","F","F","F","F","F","","","","",0,9,0,0,0,0,0,0,0,30,"PHI","PHI","NY1",1,"T","F",3,0,0,13,0,"T","F",0,0,"T","T","henlb101","hubec101","T","T",0,0,0,0,0,0,0,0,0,"","","",0,0,0,0,0,0,0,0,0,0,0,0,0,"younr101","F","F","F","F",0,0,0,0,0,0,0,0,0,0,F,F,"1925PHI.EVN.regular.event.csv",5403
"PHI192510032","NY1",4,1,1,0,0,"",0,3,"henlb101","?","henlb101","?","fitzf101","?","fitzf101","?","mcmuh101","terrb101","frisf101","grohh101","jackt101","cartb101","soutb101","younr101","","","","2/FL","F","F",2,6,2,"T","T",0,"F","F",1,"F","F",0,"F","F",2,"F","F","T","",0,0,"N",0,"N",0,"N",0,0,0,0,"2","","","","F","F","F","F","F","F","F","F","F","","","","F","F","F","F","F","","","","",0,2,0,0,0,0,0,0,0,31,"PHI","PHI","NY1",1,"F","F",3,0,0,14,1,"T","F",0,0,"T","T","hubec101","fribb101","T","T",0,0,0,0,0,0,0,0,0,"","","",0,0,0,0,0,0,0,0,0,0,0,0,0,"mcmuh101","F","F","F","F",0,0,0,0,0,0,0,0,0,0,F,F,"1925PHI.EVN.regular.event.csv",5404
"PHI192510032","NY1",4,1,2,0,0,"",0,3,"hubec101","?","hubec101","?","fitzf101","?","fitzf101","?","mcmuh101","terrb101","frisf101","grohh101","jackt101","cartb101","soutb101","younr101","","","","63","F","F",5,7,2,"T","T",0,"F","F",1,"F","F",0,"F","F",6,"G","F","F","",0,0,"N",0,"N",0,"N",0,0,0,0,"63","","","","F","F","F","F","F","F","F","F","F","","","","F","F","F","F","F","","","","",0,3,0,0,6,0,0,0,0,32,"PHI","PHI","NY1",1,"F","T",3,0,0,15,2,"T","F",0,0,"T","T","fribb101","ulrid101","T","T",0,0,0,0,0,0,0,0,0,"","","",0,0,0,0,0,0,0,0,0,0,0,0,0,"jackt101","F","F","F","F",0,0,0,0,0,0,0,0,0,0,F,F,"1925PHI.EVN.regular.event.csv",5405
"PHI192510032","NY1",5,0,0,0,0,"",0,3,"mcmuh101","?","mcmuh101","?","ulrid101","?","ulrid101","?","henlb101","fonsl101","fribb101","hubec101","sandh101","harpg101","leacf101","willc103","","","","3/G","T","F",2,8,2,"T","T",0,"F","F",1,"F","F",0,"F","F",3,"G","F","F","",0,0,"N",0,"N",0,"N",0,0,0,0,"3","","","","F","F","F","F","F","F","F","F","F","","","","F","F","F","F","F","","","","",0,3,0,0,0,0,0,0,0,33,"PHI","NY1","PHI",0,"T","F",0,3,0,16,0,"T","F",0,0,"T","T","fitzf101","grohh101","T","T",0,0,0,0,0,0,0,0,0,"","","",0,0,0,0,0,0,0,0,0,0,0,0,0,"fonsl101","F","F","F","F",0,0,0,0,0,0,0,0,0,0,F,F,"1925PHI.EVN.regular.event.csv",5406
"PHI192510032","NY1",5,0,1,0,0,"",0,3,"fitzf101","?","fitzf101","?","ulrid101","?","ulrid101","?","henlb101","fonsl101","fribb101","hubec101","sandh101","harpg101","leacf101","willc103","","","","S8","F","F",1,9,20,"T","T",1,"F","F",0,"F","F",0,"F","F",8,"","F","F","",0,0,"N",0,"N",0,"N",1,0,0,0,"","","","","F","F","F","F","F","F","F","F","F","","","","F","F","F","F","F","","","","",0,0,0,0,0,0,0,0,0,34,"PHI","NY1","PHI",0,"F","F",0,3,0,17,1,"T","F",0,1,"T","T","grohh101","younr101","T","T",0,0,0,0,0,0,0,0,0,"","","",0,0,0,0,0,0,0,0,0,0,0,0,0,"leacf101","F","F","F","F",0,0,0,0,0,0,0,0,0,0,F,F,"1925PHI.EVN.regular.event.csv",5407
"PHI192510032","NY1",5,0,1,0,0,"",0,3,"grohh101","?","grohh101","?","ulrid101","?","ulrid101","?","henlb101","fonsl101","fribb101","hubec101","sandh101","harpg101","leacf101","willc103","fitzf101","","","S8.1-2","F","F",5,1,20,"T","T",1,"F","F",0,"F","F",0,"F","F",8,"","F","F","",0,0,"N",0,"N",0,"N",1,2,0,0,"","","","","F","F","F","F","F","F","F","F","F","ulrid101","","","F","F","F","F","F","","","","",0,0,0,0,0,0,0,0,0,35,"PHI","NY1","PHI",0,"F","F",0,3,0,18,2,"T","F",1,3,"T","T","younr101","cartb101","T","T",1,9,34,0,0,0,0,0,0,"henlb101","","",0,0,0,0,0,0,0,0,0,0,0,0,0,"leacf101","F","F","F","F",0,0,0,0,0,0,0,0,0,0,F,F,"1925PHI.EVN.regular.event.csv",5408
"PHI192510032","NY1",5,0,1,0,0,"",0,3,"younr101","?","younr101","?","ulrid101","?","ulrid101","?","henlb101","fonsl101","fribb101","hubec101","sandh101","harpg101","leacf101","willc103","grohh101","fitzf101","","7/L","F","F",9,2,2,"T","T",0,"F","F",1,"F","F",0,"F","F",7,"L","F","F","",0,0,"N",0,"N",0,"N",0,1,2,0,"7","","","","F","F","F","F","F","F","F","F","F","ulrid101","ulrid101","","F","F","F","F","F","","","","",0,7,0,0,0,0,0,0,0,36,"PHI","NY1","PHI",0,"F","F",0,3,0,19,3,"T","F",3,3,"T","T","cartb101","frisf101","T","T",5,1,35,1,9,34,0,0,0,"henlb101","henlb101","",0,0,0,0,0,0,0,0,0,0,0,0,0,"harpg101","F","F","F","F",0,0,0,0,0,0,0,0,0,0,F,F,"1925PHI.EVN.regular.event.csv",5409
"PHI192510032","NY1",5,0,2,0,0,"",0,3,"cartb101","?","cartb101","?","ulrid101","?","ulrid101","?","henlb101","fonsl101","fribb101","hubec101","sandh101","harpg101","leacf101","willc103","grohh101","fitzf101","","K","F","F",7,3,3,"T","T",0,"F","F",1,"F","F",0,"F","F",0,"","F","F","",0,0,"N",0,"N",0,"N",0,1,2,0,"2","","","","F","F","F","F","F","F","F","F","F","ulrid101","ulrid101","","F","F","F","F","F","","","","",0,2,0,0,0,0,0,0,0,37,"PHI","NY1","PHI",0,"F","T",0,3,0,20,4,"T","F",3,3,"T","T","frisf101","terrb101","T","T",5,1,35,1,9,34,0,0,0,"henlb101","henlb101","",0,0,0,0,0,0,0,0,0,0,0,0,0,"","F","F","F","F",0,0,0,0,0,0,0,0,0,0,F,F,"1925PHI.EVN.regular.event.csv",5410
"PHI192510032","NY1",5,1,0,0,0,"",0,3,"fribb101","?","fribb101","?","fitzf101","?","fitzf101","?","mcmuh101","terrb101","frisf101","grohh101","jackt101","cartb101","soutb101","younr101","","","","K","T","F",4,8,3,"T","T",0,"F","F",1,"F","F",0,"F","F",0,"","F","F","",0,0,"N",0,"N",0,"N",0,0,0,0,"2","","","","F","F","F","F","F","F","F","F","F","","","","F","F","F","F","F","","","","",0,2,0,0,0,0,0,0,0,38,"PHI","PHI","NY1",1,"T","F",3,0,0,16,0,"T","F",0,0,"T","T","ulrid101","sandh101","T","T",0,0,0,0,0,0,0,0,0,"","","",0,0,0,0,0,0,0,0,0,0,0,0,0,"","F","F","F","F",0,0,0,0,0,0,0,0,0,0,F,F,"1925PHI.EVN.regular.event.csv",5411
"PHI192510032","NY1",5,1,1,0,0,"",0,3,"ulrid101","?","ulrid101","?","fitzf101","?","fitzf101","?","mcmuh101","terrb101","frisf101","grohh101","jackt101","cartb101","soutb101","younr101","","","","13","F","F",1,9,2,"T","T",0,"F","F",1,"F","F",0,"F","F",1,"G","F","F","",0,0,"N",0,"N",0,"N",0,0,0,0,"13","","","","F","F","F","F","F","F","F","F","F","","","","F","F","F","F","F","","","","",0,3,0,0,1,0,0,0,0,39,"PHI","PHI","NY1",1,"F","F",3,0,0,17,1,"T","F",0,0,"T","T","sandh101","leacf101","T","T",0,0,0,0,0,0,0,0,0,"","","",0,0,0,0,0,0,0,0,0,0,0,0,0,"fitzf101","F","F","F","F",0,0,0,0,0,0,0,0,0,0,F,F,"1925PHI.EVN.regular.event.csv",5412
"PHI192510032","NY1",5,1,2,0,0,"",0,3,"sandh101","?","sandh101","?","fitzf101","?","fitzf101","?","mcmuh101","terrb101","frisf101","grohh101","jackt101","cartb101","soutb101","younr101","","","","K","F","F",6,1,3,"T","T",0,"F","F",1,"F","F",0,"F","F",0,"","F","F","",0,0,"N",0,"N",0,"N",0,0,0,0,"2","","","","F","F","F","F","F","F","F","F","F","","","","F","F","F","F","F","","","","",0,2,0,0,0,0,0,0,0,40,"PHI","PHI","NY1",1,"F","T",3,0,0,18,2,"T","F",0,0,"T","T","leacf101","willc103","T","T",0,0,0,0,0,0,0,0,0,"","","",0,0,0,0,0,0,0,0,0,0,0,0,0,"","F","F","F","F",0,0,0,0,0,0,0,0,0,0,F,F,"1925PHI.EVN.regular.event.csv",5413
"PHI192510032","NY1",6,0,0,0,0,"",0,3,"frisf101","?","frisf101","?","ulrid101","?","ulrid101","?","henlb101","fonsl101","fribb101","hubec101","sandh101","harpg101","leacf101","willc103","","","","S7","T","F",4,4,20,"T","T",1,"F","F",0,"F","F",0,"F","F",7,"","F","F","",0,0,"N",0,"N",0,"N",1,0,0,0,"","","","","F","F","F","F","F","F","F","F","F","","","","F","F","F","F","F","","","","",0,0,0,0,0,0,0,0,0,41,"PHI","NY1","PHI",0,"T","F",0,3,0,21,0,"T","F",0,1,"T","T","terrb101","soutb101","T","T",0,0,0,0,0,0,0,0,0,"","","",0,0,0,0,0,0,0,0,0,0,0,0,0,"harpg101","F","F","F","F",0,0,0,0,0,0,0,0,0,0,F,F,"1925PHI.EVN.regular.event.csv",5414
"PHI192510032","NY1",6,0,0,0,0,"",0,3,"terrb101","?","terrb101","?","ulrid101","?","ulrid101","?","henlb101","fonsl101","fribb101","hubec101","sandh101","harpg101","leacf101","willc103","frisf101","","","9/F","F","F",3,5,2,"T","T",0,"F","F",1,"F","F",0,"F","F",9,"F","F","F","",0,0,"N",0,"N",0,"N",0,1,0,0,"9","","","","F","F","F","F","F","F","F","F","F","ulrid101","","","F","F","F","F","F","","","","",0,9,0,0,0,0,0,0,0,42,"PHI","NY1","PHI",0,"F","F",0,3,0,22,1,"T","F",1,1,"T","T","soutb101","jackt101","T","T",4,4,41,0,0,0,0,0,0,"henlb101","","",0,0,0,0,0,0,0,0,0,0,0,0,0,"willc103","F","F","F","F",0,0,0,0,0,0,0,0,0,0,F,F,"1925PHI.EVN.regular.event.csv",5415
"PHI192510032","NY1",6,0,1,0,0,"",0,3,"soutb101","?","soutb101","?","ulrid101","?","ulrid101","?","henlb101","fonsl101","fribb101","hubec101","sandh101","harpg101","leacf101","willc103","frisf101","","","7/F","F","F",8,6,2,"T","T",0,"F","F",1,"F","F",0,"F","F",7,"F","F","F","",0,0,"N",0,"N",0,"N",0,1,0,0,"7","","","","F","F","F","F","F","F","F","F","F","ulrid101","","","F","F","F","F","F","","","","",0,7,0,0,0,0,0,0,0,43,"PHI","NY1","PHI",0,"F","F",0,3,0,23,2,"T","F",1,1,"T","T","jackt101","mcmuh101","T","T",4,4,41,0,0,0,0,0,0,"henlb101","","",0,0,0,0,0,0,0,0,0,0,0,0,0,"harpg101","F","F","F","F",0,0,0,0,0,0,0,0,0,0,F,F,"1925PHI.EVN.regular.event.csv",5416
"PHI192510032","NY1",6,0,2,0,0,"",0,3,"jackt101","?","jackt101","?","ulrid101","?","ulrid101","?","henlb101","fonsl101","fribb101","hubec101","sandh101","harpg101","leacf101","willc103","frisf101","","","43","F","F",6,7,2,"T","T",0,"F","F",1,"F","F",0,"F","F",4,"G","F","F","",0,0,"N",0,"N",0,"N",0,1,0,0,"43","","","","F","F","F","F","F","F","F","F","F","ulrid101","","","F","F","F","F","F","","","","",0,3,0,0,4,0,0,0,0,44,"PHI","NY1","PHI",0,"F","T",0,3,0,24,3,"T","F",1,1,"T","T","mcmuh101","fitzf101","T","T",4,4,41,0,0,0,0,0,0,"henlb101","","",0,0,0,0,0,0,0,0,0,0,0,0,0,"fribb101","F","F","F","F",0,0,0,0,0,0,0,0,0,0,F,F,"1925PHI.EVN.regular.event.csv",5417
"PHI192510032","NY1",6,1,0,0,0,"",0,3,"leacf101","?","leacf101","?","fitzf101","?","fitzf101","?","mcmuh101","terrb101","frisf101","grohh101","jackt101","cartb101","soutb101","younr101","","","","8/F","T","F",8,2,2,"T","T",0,"F","F",1,"F","F",0,"F","F",8,"F","F","F","",0,0,"N",0,"N",0,"N",0,0,0,0,"8","","","","F","F","F","F","F","F","F","F","F","","","","F","F","F","F","F","","","","",0,8,0,0,0,0,0,0,0,45,"PHI","PHI","NY1",1,"T","F",3,0,0,19,0,"T","F",0,0,"T","T","willc103","harpg101","T","T",0,0,0,0,0,0,0,0,0,"","","",0,0,0,0,0,0,0,0,0,0,0,0,0,"soutb101","F","F","F","F",0,0,0,0,0,0,0,0,0,0,F,F,"1925PHI.EVN.regular.event.csv",5418
"PHI192510032","NY1",6,1,1,0,0,"",0,3,"willc103","?","willc103","?","fitzf101","?","fitzf101","?","mcmuh101","terrb101","frisf101","grohh101","jackt101","cartb101","soutb101","younr101","","","","W","F","F",9,3,14,"T","F",0,"F","F",0,"F","F",0,"F","F",0,"","F","F","",0,0,"N",0,"N",0,"N",1,0,0,0,"","","","","F","F","F","F","F","F","F","F","F","","","","F","F","F","F","F","","","","",0,0,0,0,0,0,0,0,0,46,"PHI","PHI","NY1",1,"F","F",3,0,0,20,1,"T","F",0,1,"T","T","harpg101","fonsl101","T","T",0,0,0,0,0,0,0,0,0,"","","",0,0,0,0,0,0,0,0,0,0,0,0,0,"","F","F","F","F",0,0,0,0,0,0,0,0,0,0,F,F,"1925PHI.EVN.regular.event.csv",5419
"PHI192510032","NY1",6,1,1,0,0,"",0,3,"harpg101","?","harpg101","?","fitzf101","?","fitzf101","?","mcmuh101","terrb101","frisf101","grohh101","jackt101","cartb101","soutb101","younr101","willc103","","","46(1)/FO","F","F",7,4,2,"T","T",0,"F","F",1,"F","F",0,"F","F",4,"G","F","F","",0,0,"N",0,"N",0,"N",1,0,0,0,"","46","","","F","F","F","F","F","F","F","F","F","fitzf101","","","F","F","F","F","F","","","","",0,6,0,0,4,0,0,0,0,47,"PHI","PHI","NY1",1,"F","F",3,0,0,21,2,"T","F",1,1,"T","T","fonsl101","henlb101","T","T",9,3,46,0,0,0,0,0,0,"mcmuh101","","",0,0,0,0,0,0,0,0,0,0,0,0,0,"frisf101","T","F","F","F",0,0,0,0,0,0,0,0,0,0,F,F,"1925PHI.EVN.regular.event.csv",5420
"PHI192510032","NY1",6,1,2,0,0,"",0,3,"fonsl101","?","fonsl101","?","fitzf101","?","fitzf101","?","mcmuh101","terrb101","frisf101","grohh101","jackt101","cartb101","soutb101","younr101","harpg101","","","K","F","F",3,5,3,"T","T",0,"F","F",1,"F","F",0,"F","F",0,"","F","F","",0,0,"N",0,"N",0,"N",0,1,0,0,"2","","","","F","F","F","F","F","F","F","F","F","fitzf101","","","F","F","F","F","F","","","","",0,2,0,0,0,0,0,0,0,48,"PHI","PHI","NY1",1,"F","T",3,0,0,22,3,"T","F",1,1,"T","T","henlb101","hubec101","T","T",7,4,47,0,0,0,0,0,0,"mcmuh101","","",0,0,0,0,0,0,0,0,0,0,0,0,0,"","F","F","F","F",0,0,0,0,0,0,0,0,0,0,F,F,"1925PHI.EVN.regular.event.csv",5421
"PHI192510032","NY1",7,0,0,0,0,"",0,3,"mcmuh101","?","mcmuh101","?","ulrid101","?","ulrid101","?","henlb101","fonsl101","fribb101","hubec101","sandh101","harpg101","leacf101","willc103","","","","63","T","F",2,8,2,"T","T",0,"F","F",1,"F","F",0,"F","F",6,"G","F","F","",0,0,"N",0,"N",0,"N",0,0,0,0,"63","","","","F","F","F","F","F","F","F","F","F","","","","F","F","F","F","F","","","","",0,3,0,0,6,0,0,0,0,49,"PHI","NY1","PHI",0,"T","F",0,3,0,25,0,"T","F",0,0,"T","T","fitzf101","grohh101","T","T",0,0,0,0,0,0,0,0,0,"","","",0,0,0,0,0,0,0,0,0,0,0,0,0,"sandh101","F","F","F","F",0,0,0,0,0,0,0,0,0,0,F,F,"1925PHI.EVN.regular.event.csv",5422
"PHI192510032","NY1",7,0,1,0,0,"",0,3,"fitzf101","?","fitzf101","?","ulrid101","?","ulrid101","?","henlb101","fonsl101","fribb101","hubec101","sandh101","harpg101","leacf101","willc103","","","","S8","F","F",1,9,20,"T","T",1,"F","F",0,"F","F",0,"F","F",8,"","F","F","",0,0,"N",0,"N",0,"N",1,0,0,0,"","","","","F","F","F","F","F","F","F","F","F","","","","F","F","F","F","F","","","","",0,0,0,0,0,0,0,0,0,50,"PHI","NY1","PHI",0,"F","F",0,3,0,26,1,"T","F",0,1,"T","T","grohh101","younr101","T","T",0,0,0,0,0,0,0,0,0,"","","",0,0,0,0,0,0,0,0,0,0,0,0,0,"leacf101","F","F","F","F",0,0,0,0,0,0,0,0,0,0,F,F,"1925PHI.EVN.regular.event.csv",5423
"PHI192510032","NY1",7,0,1,0,0,"",0,3,"grohh101","?","grohh101","?","ulrid101","?","ulrid101","?","henlb101","fonsl101","fribb101","hubec101","sandh101","harpg101","leacf101","willc103","fitzf101","","","53.1-2","F","F",5,1,2,"T","T",0,"F","F",1,"F","F",0,"F","F",5,"G","F","F","",0,0,"N",0,"N",0,"N",0,2,0,0,"53","","","","F","F","F","F","F","F","F","F","F","ulrid101","","","F","F","F","F","F","","","","",0,3,0,0,5,0,0,0,0,51,"PHI","NY1","PHI",0,"F","F",0,3,0,27,2,"T","F",1,2,"T","T","younr101","cartb101","T","T",1,9,50,0,0,0,0,0,0,"henlb101","","",0,0,0,0,0,0,0,0,0,0,0,0,0,"hubec101","F","F","F","F",0,0,0,0,0,0,0,0,0,0,F,F,"1925PHI.EVN.regular.event.csv",5424
"PHI192510032","NY1",7,0,2,0,0,"",0,3,"younr101","?","younr101","?","ulrid101","?","ulrid101","?","henlb101","fonsl101","fribb101","hubec101","sandh101","harpg101","leacf101","willc103","","fitzf101","","43","F","F",9,2,2,"T","T",0,"F","F",1,"F","F",0,"F","F",4,"G","F","F","",0,0,"N",0,"N",0,"N",0,0,2,0,"43","","","","F","F","F","F","F","F","F","F","F","","ulrid101","","F","F","F","F","F","","","","",0,3,0,0,4,0,0,0,0,52,"PHI","NY1","PHI",0,"F","T",0,3,0,28,3,"T","F",2,2,"T","T","cartb101","frisf101","T","T",0,0,0,1,9,50,0,0,0,"","henlb101","",0,0,0,0,0,0,0,0,0,0,0,0,0,"fribb101","F","F","F","F",0,0,0,0,0,0,0,0,0,0,F,F,"1925PHI.EVN.regular.event.csv",5425
"PHI192510032","NY1",7,1,0,0,0,"",0,3,"henlb101","?","henlb101","?","fitzf101","?","fitzf101","?","mcmuh101","terrb101","frisf101","grohh101","jackt101","cartb101","soutb101","younr101","","","","53","T","F",2,6,2,"T","T",0,"F","F",1,"F","F",0,"F","F",5,"G","F","F","",0,0,"N",0,"N",0,"N",0,0,0,0,"53","","","","F","F","F","F","F","F","F","F","F","","","","F","F","F","F","F","","","","",0,3,0,0,5,0,0,0,0,53,"PHI","PHI","NY1",1,"T","F",3,0,0,23,0,"T","F",0,0,"T","T","hubec101","fribb101","T","T",0,0,0,0,0,0,0,0,0,"","","",0,0,0,0,0,0,0,0,0,0,0,0,0,"grohh101","F","F","F","F",0,0,0,0,0,0,0,0,0,0,F,F,"1925PHI.EVN.regular.event.csv",5426
"PHI192510032","NY1",7,1,1,0,0,"",0,3,"hubec101","?","hubec101","?","fitzf101","?","fitzf101","?","mcmuh101","terrb101","frisf101","grohh101","jackt101","cartb101","soutb101","younr101","","","","4/L","F","F",5,7,2,"T","T",0,"F","F",1,"F","F",0,"F","F",4,"L","F","F","",0,0,"N",0,"N",0,"N",0,0,0,0,"4","","","","F","F","F","F","F","F","F","F","F","","","","F","F","F","F","F","","","","",0,4,0,0,0,0,0,0,0,54,"PHI","PHI","NY1",1,"F","F",3,0,0,24,1,"T","F",0,0,"T","T","fribb101","ulrid101","T","T",0,0,0,0,0,0,0,0,0,"","","",0,0,0,0,0,0,0,0,0,0,0,0,0,"frisf101","F","F","F","F",0,0,0,0,0,0,0,0,0,0,F,F,"1925PHI.EVN.regular.event.csv",5427
"PHI192510032","NY1",7,1,2,0,0,"",0,3,"fribb101","?","fribb101","?","fitzf101","?","fitzf101","?","mcmuh101","terrb101","frisf101","grohh101","jackt101","cartb101","soutb101","younr101","","","","43","F","F",4,8,2,"T","T",0,"F","F",1,"F","F",0,"F","F",4,"G","F","F","",0,0,"N",0,"N",0,"N",0,0,0,0,"43","","","","F","F","F","F","F","F","F","F","F","","","","F","F","F","F","F","","","","",0,3,0,0,4,0,0,0,0,55,"PHI","PHI","NY1",1,"F","T",3,0,0,25,2,"T","F",0,0,"T","T","ulrid101","sandh101","T","T",0,0,0,0,0,0,0,0,0,"","","",0,0,0,0,0,0,0,0,0,0,0,0,0,"frisf101","F","F","F","F",0,0,0,0,0,0,0,0,0,0,F,F,"1925PHI.EVN.regular.event.csv",5428
"PHI192510032","NY1",8,0,0,0,0,"",0,3,"cartb101","?","cartb101","?","ulrid101","?","ulrid101","?","henlb101","fonsl101","fribb101","hubec101","sandh101","harpg101","leacf101","willc103","","","","63","T","F",7,3,2,"T","T",0,"F","F",1,"F","F",0,"F","F",6,"G","F","F","",0,0,"N",0,"N",0,"N",0,0,0,0,"63","","","","F","F","F","F","F","F","F","F","F","","","","F","F","F","F","F","","","","",0,3,0,0,6,0,0,0,0,56,"PHI","NY1","PHI",0,"T","F",0,3,0,29,0,"T","F",0,0,"T","T","frisf101","terrb101","T","T",0,0,0,0,0,0,0,0,0,"","","",0,0,0,0,0,0,0,0,0,0,0,0,0,"sandh101","F","F","F","F",0,0,0,0,0,0,0,0,0,0,F,F,"1925PHI.EVN.regular.event.csv",5429
"PHI192510032","NY1",8,0,1,0,0,"",0,3,"frisf101","?","frisf101","?","ulrid101","?","ulrid101","?","henlb101","fonsl101","fribb101","hubec101","sandh101","harpg101","leacf101","willc103","","","","S8","F","F",4,4,20,"T","T",1,"F","F",0,"F","F",0,"F","F",8,"","F","F","",0,0,"N",0,"N",0,"N",1,0,0,0,"","","","","F","F","F","F","F","F","F","F","F","","","","F","F","F","F","F","","","","",0,0,0,0,0,0,0,0,0,57,"PHI","NY1","PHI",0,"F","F",0,3,0,30,1,"T","F",0,1,"T","T","terrb101","soutb101","T","T",0,0,0,0,0,0,0,0,0,"","","",0,0,0,0,0,0,0,0,0,0,0,0,0,"leacf101","F","F","F","F",0,0,0,0,0,0,0,0,0,0,F,F,"1925PHI.EVN.regular.event.csv",5430
"PHI192510032","NY1",8,0,1,0,0,"",0,3,"terrb101","?","terrb101","?","ulrid101","?","ulrid101","?","henlb101","fonsl101","fribb101","hubec101","sandh101","harpg101","leacf101","willc103","frisf101","","","5/P","F","F",3,5,2,"T","T",0,"F","F",1,"F","F",0,"F","F",5,"P","F","F","",0,0,"N",0,"N",0,"N",0,1,0,0,"5","","","","F","F","F","F","F","F","F","F","F","ulrid101","","","F","F","F","F","F","","","","",0,5,0,0,0,0,0,0,0,58,"PHI","NY1","PHI",0,"F","F",0,3,0,31,2,"T","F",1,1,"T","T","soutb101","jackt101","T","T",4,4,57,0,0,0,0,0,0,"henlb101","","",0,0,0,0,0,0,0,0,0,0,0,0,0,"hubec101","F","F","F","F",0,0,0,0,0,0,0,0,0,0,F,F,"1925PHI.EVN.regular.event.csv",5431
"PHI192510032","NY1",8,0,2,0,0,"",0,3,"soutb101","?","soutb101","?","ulrid101","?","ulrid101","?","henlb101","fonsl101","fribb101","hubec101","sandh101","harpg101","leacf101","willc103","frisf101","","","64(1)/FO","F","F",8,6,2,"T","T",0,"F","F",1,"F","F",0,"F","F",6,"G","F","F","",0,0,"N",0,"N",0,"N",1,0,0,0,"","64","","","F","F","F","F","F","F","F","F","F","ulrid101","","","F","F","F","F","F","","","","",0,4,0,0,6,0,0,0,0,59,"PHI","NY1","PHI",0,"F","T",0,3,0,32,3,"T","F",1,1,"T","T","jackt101","mcmuh101","T","T",4,4,57,0,0,0,0,0,0,"henlb101","","",0,0,0,0,0,0,0,0,0,0,0,0,0,"sandh101","T","F","F","F",0,0,0,0,0,0,0,0,0,0,F,F,"1925PHI.EVN.regular.event.csv",5432
"PHI192510032","NY1",8,1,0,0,0,"",0,3,"ulrid101","?","ulrid101","?","fitzf101","?","fitzf101","?","mcmuh101","terrb101","frisf101","grohh101","jackt101","cartb101","soutb101","younr101","","","","43","T","F",1,9,2,"T","T",0,"F","F",1,"F","F",0,"F","F",4,"G","F","F","",0,0,"N",0,"N",0,"N",0,0,0,0,"43","","","","F","F","F","F","F","F","F","F","F","","","","F","F","F","F","F","","","","",0,3,0,0,4,0,0,0,0,60,"PHI","PHI","NY1",1,"T","F",3,0,0,26,0,"T","F",0,0,"T","T","sandh101","leacf101","T","T",0,0,0,0,0,0,0,0,0,"","","",0,0,0,0,0,0,0,0,0,0,0,0,0,"frisf101","F","F","F","F",0,0,0,0,0,0,0,0,0,0,F,F,"1925PHI.EVN.regular.event.csv",5433
"PHI192510032","NY1",8,1,1,0,0,"",0,3,"sandh101","?","sandh101","?","fitzf101","?","fitzf101","?","mcmuh101","terrb101","frisf101","grohh101","jackt101","cartb101","soutb101","younr101","","","","W","F","F",6,1,14,"T","F",0,"F","F",0,"F","F",0,"F","F",0,"","F","F","",0,0,"N",0,"N",0,"N",1,0,0,0,"","","","","F","F","F","F","F","F","F","F","F","","","","F","F","F","F","F","","","","",0,0,0,0,0,0,0,0,0,61,"PHI","PHI","NY1",1,"F","F",3,0,0,27,1,"T","F",0,1,"T","T","leacf101","willc103","T","T",0,0,0,0,0,0,0,0,0,"","","",0,0,0,0,0,0,0,0,0,0,0,0,0,"","F","F","F","F",0,0,0,0,0,0,0,0,0,0,F,F,"1925PHI.EVN.regular.event.csv",5434
"PHI192510032","NY1",8,1,1,0,0,"",0,3,"leacf101","?","leacf101","?","fitzf101","?","fitzf101","?","mcmuh101","terrb101","frisf101","grohh101","jackt101","cartb101","soutb101","younr101","sandh101","","","7/F","F","F",8,2,2,"T","T",0,"F","F",1,"F","F",0,"F","F",7,"F","F","F","",0,0,"N",0,"N",0,"N",0,1,0,0,"7","","","","F","F","F","F","F","F","F","F","F","fitzf101","","","F","F","F","F","F","","","","",0,7,0,0,0,0,0,0,0,62,"PHI","PHI","NY1",1,"F","F",3,0,0,28,2,"T","F",1,1,"T","T","willc103","harpg101","T","T",6,1,61,0,0,0,0,0,0,"mcmuh101","","",0,0,0,0,0,0,0,0,0,0,0,0,0,"cartb101","F","F","F","F",0,0,0,0,0,0,0,0,0,0,F,F,"1925PHI.EVN.regular.event.csv",5435
"PHI192510032","NY1",8,1,2,0,0,"",0,3,"willc103","?","willc103","?","fitzf101","?","fitzf101","?","mcmuh101","terrb101","frisf101","grohh101","jackt101","cartb101","soutb101","younr101","sandh101","","","S9.1-3","F","F",9,3,20,"T","T",1,"F","F",0,"F","F",0,"F","F",9,"","F","F","",0,0,"N",0,"N",0,"N",1,3,0,0,"","","","","F","F","F","F","F","F","F","F","F","fitzf101","","","F","F","F","F","F","","","","",0,0,0,0,0,0,0,0,0,63,"PHI","PHI","NY1",1,"F","F",3,0,0,29,3,"T","F",1,5,"T","T","harpg101","fonsl101","T","T",6,1,61,0,0,0,0,0,0,"mcmuh101","","",0,0,0,0,0,0,0,0,0,0,0,0,0,"younr101","F","F","F","F",0,0,0,0,0,0,0,0,0,0,F,F,"1925PHI.EVN.regular.event.csv",5436
"PHI192510032","NY1",8,1,2,0,0,"",0,3,"harpg101","?","harpg101","?","fitzf101","?","fitzf101","?","mcmuh101","terrb101","frisf101","grohh101","jackt101","cartb101","soutb101","younr101","willc103","","sandh101","43","F","F",7,4,2,"T","T",0,"F","F",1,"F","F",0,"F","F",4,"G","F","F","",0,0,"N",0,"N",0,"N",0,1,0,3,"43","","","","F","F","F","F","F","F","F","F","F","fitzf101","","fitzf101","F","F","F","F","F","","","","",0,3,0,0,4,0,0,0,0,64,"PHI","PHI","NY1",1,"F","T",3,0,0,30,4,"T","F",5,5,"T","T","fonsl101","henlb101","T","T",9,3,63,0,0,0,6,1,61,"mcmuh101","","mcmuh101",0,0,0,0,0,0,0,0,0,0,0,0,0,"frisf101","F","F","F","F",0,0,0,0,0,0,0,0,0,0,F,F,"1925PHI.EVN.regular.event.csv",5437
"PHI192510032","NY1",9,0,0,0,0,"",0,3,"jackt101","?","jackt101","?","ulrid101","?","ulrid101","?","henlb101","fonsl101","fribb101","hubec101","sandh101","harpg101","leacf101","willc103","","","","63","T","F",6,7,2,"T","T",0,"F","F",1,"F","F",0,"F","F",6,"G","F","F","",0,0,"N",0,"N",0,"N",0,0,0,0,"63","","","","F","F","F","F","F","F","F","F","F","","","","F","F","F","F","F","","","","",0,3,0,0,6,0,0,0,0,65,"PHI","NY1","PHI",0,"T","F",0,3,0,33,0,"T","F",0,0,"T","T","mcmuh101","fitzf101","T","T",0,0,0,0,0,0,0,0,0,"","","",0,0,0,0,0,0,0,0,0,0,0,0,0,"sandh101","F","F","F","F",0,0,0,0,0,0,0,0,0,0,F,F,"1925PHI.EVN.regular.event.csv",5438
"PHI192510032","NY1",9,0,1,0,0,"",0,3,"mcmuh101","?","mcmuh101","?","ulrid101","?","ulrid101","?","henlb101","fonsl101","fribb101","hubec101","sandh101","harpg101","leacf101","willc103","","","","6/P","F","F",2,8,2,"T","T",0,"F","F",1,"F","F",0,"F","F",6,"P","F","F","",0,0,"N",0,"N",0,"N",0,0,0,0,"6","","","","F","F","F","F","F","F","F","F","F","","","","F","F","F","F","F","","","","",0,6,0,0,0,0,0,0,0,66,"PHI","NY1","PHI",0,"F","F",0,3,0,34,1,"T","F",0,0,"T","T","fitzf101","grohh101","T","T",0,0,0,0,0,0,0,0,0,"","","",0,0,0,0,0,0,0,0,0,0,0,0,0,"sandh101","F","F","F","F",0,0,0,0,0,0,0,0,0,0,F,F,"1925PHI.EVN.regular.event.csv",5439
"PHI192510032","NY1",9,0,2,0,0,"",0,3,"lindf101","?","lindf101","?","ulrid101","?","ulrid101","?","henlb101","fonsl101","fribb101","hubec101","sandh101","harpg101","leacf101","willc103","","","","S9","F","T",11,9,20,"T","T",1,"F","F",0,"F","F",0,"F","F",9,"","F","F","",0,0,"N",0,"N",0,"N",1,0,0,0,"","","","","F","F","F","F","F","F","F","F","F","","","","F","F","F","F","F","","","","fitzf101",1,0,0,0,0,0,0,0,0,67,"PHI","NY1","PHI",0,"F","F",0,3,0,35,2,"T","F",0,1,"F","F","grohh101","younr101","T","T",0,0,0,0,0,0,0,0,0,"","","",0,0,0,0,0,0,0,0,0,0,0,0,0,"willc103","F","F","F","F",1,0,0,0,0,0,0,0,0,0,F,F,"1925PHI.EVN.regular.event.csv",5440
"PHI192510032","NY1",9,0,2,0,0,"",0,3,"grohh101","?","grohh101","?","ulrid101","?","ulrid101","?","henlb101","fonsl101","fribb101","hubec101","sandh101","harpg101","leacf101","willc103","lindf101","","","9/F","F","F",5,1,2,"T","T",0,"F","F",1,"F","F",0,"F","F",9,"F","F","F","",0,0,"N",0,"N",0,"N",0,1,0,0,"9","","","","F","F","F","F","F","F","F","F","F","ulrid101","","","F","T","F","F","F","","","","",0,9,0,0,0,0,0,0,0,68,"PHI","NY1","PHI",0,"F","T",0,3,0,36,3,"T","F",1,1,"T","T","younr101","cartb101","T","T",0,9,67,0,0,0,0,0,0,"henlb101","","",0,0,0,0,0,0,0,0,0,0,0,0,0,"willc103","F","F","F","F",0,1,0,0,0,0,0,0,0,0,F,F,"1925PHI.EVN.regular.event.csv",5441
